timestamp,TGS2611-5.65,TGS2612-5.65,TGS2610-5.65,TGS2602-5.65,TGS2611-5.00,TGS2612-5.00,TGS2610-5.00,TGS2602-5.00
0.00,40.02,20.11,22.52,8.08,73.08,44.22,59.49,8.13
0.01,40.02,20.11,22.56,8.07,72.85,44.12,59.49,8.12
0.02,40.02,20.11,22.56,8.07,73.08,44.12,59.49,8.12
0.03,40.02,20.11,22.56,8.06,73.08,44.12,59.33,8.12
0.04,40.02,20.11,22.56,8.06,73.08,44.12,59.49,8.12
0.05,40.02,20.11,22.52,8.06,73.08,44.12,59.33,8.12
0.06,40.02,20.11,22.56,8.07,73.08,44.12,59.49,8.12
0.07,40.02,20.08,22.56,8.07,73.08,44.12,59.49,8.12
0.08,40.02,20.11,22.56,8.06,73.08,44.12,59.64,8.11
0.09,40.02,20.14,22.56,8.07,73.08,44.12,59.49,8.13
0.10,40.02,20.08,22.52,8.08,73.08,44.12,59.49,8.13
0.11,40.02,20.11,22.56,8.06,73.08,44.12,59.49,8.12
0.12,40.02,20.11,22.56,8.06,73.08,44.12,59.49,8.12
0.13,40.02,20.14,22.56,8.06,72.85,44.12,59.49,8.12
0.14,40.02,20.08,22.52,8.07,73.08,44.12,59.49,8.13
0.15,40.02,20.14,22.56,8.07,73.08,44.12,59.49,8.12
0.16,40.02,20.14,22.52,8.07,72.85,44.22,59.49,8.12
0.17,40.02,20.08,22.56,8.07,73.08,44.12,59.49,8.13
0.18,40.02,20.11,22.56,8.07,73.08,44.22,59.49,8.12
0.19,40.02,20.11,22.56,8.08,73.08,44.12,59.49,8.13
0.20,40.02,20.11,22.56,8.07,73.08,44.03,59.33,8.14
0.21,40.02,20.11,22.56,8.07,73.08,44.12,59.33,8.12
0.22,40.02,20.08,22.59,8.08,73.08,44.12,59.33,8.12
0.23,40.02,20.11,22.56,8.07,73.08,44.12,59.49,8.12
0.24,40.02,20.11,22.56,8.06,73.08,44.22,59.64,8.13
0.25,40.02,20.11,22.52,8.08,72.85,44.12,59.49,8.12
0.26,40.02,20.11,22.56,8.06,73.08,44.12,59.49,8.12
0.27,40.02,20.11,22.56,8.08,73.08,44.12,59.49,8.12
0.28,40.02,20.11,22.56,8.06,73.08,44.12,59.49,8.13
0.29,40.10,20.14,22.56,8.08,72.85,44.31,59.49,8.13
0.30,39.94,20.11,22.56,8.07,73.08,44.12,59.49,8.12
0.31,40.02,20.11,22.56,8.06,72.85,44.03,59.33,8.12
0.32,40.02,20.11,22.52,8.06,73.08,44.12,59.33,8.11
0.33,40.02,20.11,22.56,8.06,73.08,44.22,59.49,8.12
0.34,40.02,20.11,22.59,8.07,73.08,44.22,59.49,8.12
0.35,40.02,20.11,22.52,8.07,73.30,44.12,59.49,8.12
0.36,40.02,20.11,22.56,8.07,73.08,44.12,59.49,8.13
0.37,40.02,20.08,22.56,8.08,73.08,44.12,59.33,8.12
0.38,40.02,20.11,22.56,8.06,73.08,44.12,59.49,8.12
0.39,40.02,20.11,22.56,8.06,73.08,44.12,59.49,8.12
0.40,40.02,20.11,22.56,8.07,73.30,44.12,59.33,8.13
0.41,40.02,20.11,22.56,8.07,73.30,44.22,59.49,8.12
0.42,40.02,20.08,22.56,8.07,73.08,44.12,59.49,8.12
0.43,40.02,20.11,22.56,8.06,72.85,44.22,59.49,8.11
0.44,40.02,20.11,22.56,8.06,73.08,44.12,59.49,8.13
0.45,40.02,20.08,22.59,8.07,73.08,44.12,59.49,8.12
0.46,40.02,20.11,22.56,8.08,73.08,44.12,59.49,8.12
0.47,40.02,20.08,22.56,8.06,73.08,44.12,59.33,8.12
0.48,40.02,20.11,22.56,8.07,73.08,44.22,59.49,8.13
0.49,40.02,20.11,22.56,8.07,72.85,44.12,59.33,8.12
0.50,40.02,20.08,22.56,8.07,73.08,44.22,59.49,8.13
0.51,40.02,20.11,22.56,8.08,72.85,44.12,59.49,8.12
0.52,40.02,20.11,22.56,8.07,73.08,44.12,59.49,8.12
0.53,40.02,20.11,22.56,8.07,73.08,44.22,59.49,8.13
0.54,40.02,20.11,22.56,8.06,73.08,44.12,59.49,8.12
0.55,40.02,20.11,22.56,8.07,73.08,44.12,59.49,8.12
0.56,40.02,20.11,22.52,8.06,73.08,44.22,59.49,8.13
0.57,40.02,20.11,22.56,8.06,73.08,44.22,59.49,8.13
0.58,40.02,20.11,22.56,8.07,73.08,44.22,59.49,8.12
0.59,40.02,20.08,22.56,8.06,73.08,44.12,59.49,8.13
0.60,40.10,20.11,22.56,8.06,73.08,44.12,59.49,8.12
0.61,40.02,20.08,22.56,8.07,73.08,44.12,59.49,8.12
0.62,39.94,20.08,22.56,8.06,73.08,44.12,59.64,8.12
0.63,40.10,20.11,22.56,8.06,73.30,44.12,59.49,8.12
0.64,40.10,20.11,22.56,8.06,73.08,44.22,59.49,8.12
0.65,40.02,20.11,22.56,8.06,73.08,44.22,59.49,8.13
0.66,40.02,20.08,22.56,8.08,73.08,44.12,59.49,8.12
0.67,40.02,20.11,22.56,8.08,73.08,44.12,59.49,8.12
0.68,40.02,20.11,22.56,8.06,73.08,44.22,59.49,8.13
0.69,40.02,20.11,22.56,8.07,72.85,44.22,59.33,8.12
0.70,40.02,20.11,22.56,8.07,73.08,44.22,59.33,8.12
0.71,40.02,20.14,22.56,8.06,73.08,44.22,59.49,8.12
0.72,40.02,20.11,22.59,8.06,73.08,44.22,59.49,8.12
0.73,40.02,20.08,22.56,8.07,73.08,44.22,59.33,8.12
0.74,40.02,20.11,22.56,8.07,73.08,44.03,59.49,8.13
0.75,40.02,20.11,22.56,8.06,73.08,44.12,59.49,8.12
0.76,40.02,20.11,22.56,8.07,73.08,44.22,59.49,8.12
0.77,40.02,20.11,22.56,8.07,73.08,44.22,59.64,8.12
0.78,40.10,20.11,22.56,8.07,73.08,44.12,59.49,8.12
0.79,40.02,20.08,22.59,8.07,73.08,44.22,59.49,8.12
0.80,40.02,20.11,22.56,8.06,73.08,44.12,59.49,8.12
0.81,40.02,20.08,22.56,8.06,73.08,44.22,59.49,8.13
0.82,40.02,20.11,22.56,8.07,73.08,44.12,59.49,8.12
0.83,40.02,20.08,22.56,8.06,73.08,44.12,59.49,8.11
0.84,40.02,20.11,22.56,8.06,73.08,44.22,59.49,8.12
0.85,40.02,20.11,22.56,8.06,73.08,44.12,59.49,8.12
0.86,40.10,20.08,22.56,8.07,73.08,44.12,59.64,8.14
0.87,40.02,20.11,22.56,8.07,73.08,44.12,59.49,8.13
0.88,40.02,20.14,22.56,8.06,73.08,44.12,59.49,8.12
0.89,40.02,20.11,22.56,8.07,73.08,44.22,59.49,8.12
0.90,40.02,20.11,22.56,8.07,73.08,44.22,59.64,8.12
0.91,40.02,20.11,22.56,8.06,73.08,44.22,59.49,8.13
0.92,40.02,20.11,22.56,8.07,73.30,44.22,59.49,8.12
0.93,40.02,20.11,22.56,8.07,73.08,44.12,59.49,8.13
0.94,40.02,20.11,22.56,8.07,73.08,44.12,59.49,8.12
0.95,40.02,20.11,22.56,8.07,73.08,44.12,59.33,8.11
0.96,40.02,20.11,22.56,8.06,73.08,44.12,59.49,8.12
0.97,40.02,20.11,22.59,8.07,73.08,44.12,59.49,8.13
0.98,40.02,20.11,22.56,8.06,73.08,44.22,59.49,8.12
0.99,39.94,20.11,22.56,8.06,73.08,44.22,59.49,8.13
1.00,40.10,20.11,22.56,8.07,73.08,44.12,59.49,8.13
1.01,40.02,20.11,22.56,8.08,73.08,44.12,59.49,8.12
1.02,40.02,20.11,22.56,8.07,73.08,44.12,59.33,8.13
1.03,40.02,20.11,22.56,8.06,72.85,44.12,59.49,8.12
1.04,40.02,20.11,22.52,8.07,73.08,44.22,59.49,8.12
1.05,40.02,20.11,22.56,8.07,73.08,44.12,59.49,8.12
1.06,40.02,20.11,22.56,8.06,73.08,44.12,59.49,8.13
1.07,40.02,20.11,22.56,8.06,73.08,44.22,59.64,8.12
1.08,40.02,20.11,22.56,8.06,73.08,44.12,59.49,8.12
1.09,40.02,20.11,22.56,8.07,73.08,44.12,59.49,8.12
1.10,40.02,20.11,22.56,8.06,73.08,44.12,59.33,8.12
1.11,40.02,20.11,22.56,8.06,73.08,44.12,59.49,8.12
1.12,39.94,20.11,22.56,8.07,73.08,44.12,59.49,8.12
1.13,40.02,20.14,22.56,8.06,73.08,44.22,59.49,8.12
1.14,40.02,20.11,22.56,8.06,73.08,44.12,59.49,8.12
1.15,40.02,20.08,22.56,8.07,73.08,44.12,59.49,8.13
1.16,40.02,20.14,22.56,8.06,73.08,44.12,59.49,8.12
1.17,40.02,20.11,22.56,8.07,73.08,44.12,59.64,8.12
1.18,40.02,20.11,22.56,8.07,72.85,44.12,59.49,8.12
1.19,40.02,20.11,22.56,8.07,73.08,44.22,59.49,8.12
1.20,40.02,20.14,22.56,8.08,73.08,44.12,59.49,8.12
1.21,40.02,20.11,22.56,8.07,73.08,44.12,59.49,8.12
1.22,40.10,20.14,22.56,8.07,73.08,44.12,59.49,8.12
1.23,40.10,20.14,22.52,8.06,73.08,44.12,59.49,8.12
1.24,40.02,20.11,22.56,8.06,73.08,44.12,59.49,8.12
1.25,40.02,20.14,22.56,8.07,73.08,44.22,59.64,8.12
1.26,40.02,20.08,22.56,8.07,73.08,44.22,59.49,8.12
1.27,40.02,20.11,22.56,8.06,73.08,44.12,59.49,8.12
1.28,40.02,20.14,22.56,8.07,73.08,44.12,59.49,8.12
1.29,40.10,20.11,22.56,8.06,73.30,44.12,59.49,8.12
1.30,40.02,20.11,22.56,8.07,73.08,44.12,59.49,8.12
1.31,40.02,20.11,22.56,8.07,73.08,44.12,59.49,8.12
1.32,40.02,20.11,22.56,8.07,73.08,44.12,59.49,8.13
1.33,40.02,20.11,22.56,8.08,73.08,44.12,59.64,8.12
1.34,40.02,20.11,22.56,8.06,73.08,44.03,59.49,8.13
1.35,40.02,20.08,22.56,8.07,73.08,44.12,59.49,8.13
1.36,40.02,20.08,22.56,8.06,73.08,44.03,59.64,8.12
1.37,40.02,20.08,22.56,8.07,73.08,44.22,59.64,8.13
1.38,40.02,20.11,22.59,8.06,73.08,44.12,59.49,8.12
1.39,40.02,20.11,22.56,8.07,73.08,44.03,59.49,8.12
1.40,40.02,20.11,22.59,8.07,73.08,44.12,59.64,8.12
1.41,40.02,20.11,22.56,8.07,72.85,44.12,59.49,8.12
1.42,40.02,20.08,22.56,8.07,73.30,44.22,59.49,8.13
1.43,40.02,20.11,22.56,8.06,73.08,44.12,59.49,8.12
1.44,40.02,20.08,22.56,8.07,73.08,44.12,59.49,8.13
1.45,40.02,20.08,22.56,8.06,72.85,44.12,59.49,8.13
1.46,40.02,20.11,22.56,8.08,72.85,44.12,59.64,8.13
1.47,40.02,20.11,22.56,8.07,73.08,44.22,59.49,8.11
1.48,40.02,20.11,22.56,8.06,73.08,44.22,59.49,8.12
1.49,39.94,20.11,22.56,8.07,73.08,44.22,59.49,8.12
1.50,40.10,20.11,22.56,8.07,73.08,44.22,59.49,8.13
1.51,40.10,20.11,22.52,8.08,73.08,44.12,59.49,8.12
1.52,40.02,20.11,22.59,8.06,73.08,44.12,59.49,8.12
1.53,40.02,20.11,22.56,8.07,73.08,44.12,59.49,8.12
1.54,40.02,20.08,22.52,8.06,73.08,44.12,59.49,8.12
1.55,40.02,20.11,22.56,8.07,73.08,44.22,59.49,8.13
1.56,40.02,20.11,22.56,8.06,73.08,44.12,59.64,8.12
1.57,40.02,20.11,22.52,8.07,72.85,44.12,59.49,8.12
1.58,40.02,20.11,22.56,8.07,73.08,44.03,59.49,8.13
1.59,40.02,20.11,22.56,8.08,73.30,44.03,59.49,8.13
1.60,40.02,20.11,22.56,8.07,73.08,44.12,59.64,8.13
1.61,40.02,20.14,22.56,8.06,73.08,44.12,59.49,8.13
1.62,40.02,20.11,22.56,8.07,73.08,44.22,59.64,8.12
1.63,40.02,20.11,22.56,8.06,73.08,44.22,59.64,8.12
1.64,40.02,20.11,22.59,8.07,73.30,44.12,59.33,8.11
1.65,40.02,20.08,22.56,8.07,73.08,44.12,59.80,8.12
1.66,40.02,20.11,22.56,8.06,73.08,44.12,59.64,8.12
1.67,40.02,20.08,22.56,8.06,73.08,44.22,59.49,8.12
1.68,40.02,20.11,22.56,8.06,73.08,44.12,59.49,8.12
1.69,40.02,20.11,22.56,8.06,73.08,44.22,59.49,8.12
1.70,40.02,20.11,22.56,8.06,73.08,44.12,59.64,8.13
1.71,40.02,20.11,22.56,8.06,73.08,44.22,59.64,8.12
1.72,40.02,20.11,22.56,8.06,73.08,44.22,59.49,8.12
1.73,40.10,20.14,22.56,8.06,73.08,44.22,59.49,8.12
1.74,40.02,20.11,22.59,8.08,73.08,44.12,59.49,8.12
1.75,40.02,20.11,22.59,8.07,73.08,44.22,59.49,8.13
1.76,40.02,20.11,22.56,8.06,73.08,44.12,59.49,8.12
1.77,40.02,20.11,22.56,8.07,73.08,44.22,59.64,8.12
1.78,40.02,20.14,22.56,8.06,73.08,44.12,59.49,8.12
1.79,40.02,20.11,22.56,8.08,73.08,44.12,59.49,8.12
1.80,40.02,20.11,22.56,8.06,73.08,44.12,59.33,8.13
1.81,40.02,20.11,22.56,8.06,73.08,44.12,59.64,8.12
1.82,40.02,20.11,22.56,8.06,73.08,44.22,59.49,8.12
1.83,40.02,20.11,22.56,8.07,73.08,44.03,59.49,8.12
1.84,40.02,20.11,22.59,8.07,73.08,44.12,59.49,8.12
1.85,40.02,20.11,22.56,8.07,73.08,44.12,59.80,8.13
1.86,40.02,20.08,22.56,8.06,73.08,44.22,59.64,8.12
1.87,40.02,20.11,22.56,8.07,73.08,44.12,59.64,8.12
1.88,40.02,20.11,22.56,8.07,73.08,44.12,59.64,8.14
1.89,40.02,20.11,22.56,8.07,73.08,44.12,59.64,8.13
1.90,40.02,20.11,22.59,8.08,73.08,44.12,59.49,8.13
1.91,40.02,20.11,22.59,8.06,73.08,44.12,59.49,8.13
1.92,40.02,20.11,22.56,8.06,73.08,44.22,59.49,8.13
1.93,40.02,20.11,22.59,8.07,73.08,44.12,59.49,8.12
1.94,40.02,20.11,22.56,8.07,73.08,44.22,59.64,8.12
1.95,40.02,20.11,22.56,8.06,73.08,44.12,59.49,8.13
1.96,40.02,20.11,22.56,8.06,73.08,44.12,59.49,8.12
1.97,40.02,20.11,22.59,8.06,73.30,44.12,59.64,8.13
1.98,40.02,20.08,22.56,8.06,73.08,44.12,59.49,8.12
1.99,40.02,20.11,22.59,8.07,73.08,44.12,59.64,8.13
2.00,40.02,20.16,22.56,8.06,73.08,44.12,59.49,8.12
2.01,40.02,20.11,22.56,8.06,73.08,44.12,59.64,8.13
2.02,40.02,20.14,22.56,8.07,73.08,44.12,59.49,8.13
2.03,40.02,20.11,22.56,8.06,73.08,44.22,59.49,8.12
2.04,40.02,20.11,22.56,8.06,73.08,44.22,59.49,8.11
2.05,40.02,20.08,22.56,8.08,73.08,44.12,59.49,8.12
2.06,40.02,20.11,22.56,8.06,73.30,44.22,59.64,8.13
2.07,40.02,20.08,22.59,8.08,73.08,44.12,59.64,8.12
2.08,40.02,20.14,22.56,8.06,73.08,44.12,59.49,8.13
2.09,40.02,20.11,22.56,8.06,73.08,44.12,59.64,8.13
2.10,40.02,20.11,22.56,8.06,73.08,44.22,59.64,8.12
2.11,40.10,20.11,22.56,8.06,73.08,44.12,59.49,8.12
2.12,40.02,20.11,22.56,8.07,73.08,44.12,59.64,8.13
2.13,40.02,20.11,22.56,8.06,73.30,44.22,59.64,8.12
2.14,40.02,20.11,22.56,8.07,73.08,44.12,59.49,8.12
2.15,40.02,20.14,22.56,8.06,73.08,44.12,59.49,8.12
2.16,40.02,20.14,22.59,8.06,73.08,44.12,59.64,8.12
2.17,40.10,20.08,22.56,8.07,73.08,44.12,59.64,8.12
2.18,40.02,20.14,22.59,8.07,73.08,44.12,59.49,8.12
2.19,39.94,20.11,22.56,8.06,73.08,44.22,59.49,8.14
2.20,40.02,20.11,22.59,8.06,73.08,44.22,59.49,8.12
2.21,40.02,20.11,22.56,8.07,73.08,44.22,59.64,8.13
2.22,40.02,20.11,22.59,8.06,73.08,44.12,59.49,8.12
2.23,40.02,20.11,22.59,8.06,73.08,44.22,59.64,8.12
2.24,40.02,20.11,22.59,8.07,73.08,44.22,59.64,8.12
2.25,40.02,20.11,22.56,8.06,73.08,44.12,59.64,8.12
2.26,40.02,20.14,22.56,8.07,73.08,44.22,59.49,8.13
2.27,40.02,20.14,22.56,8.06,73.08,44.12,59.64,8.12
2.28,40.02,20.11,22.56,8.06,73.08,44.12,59.64,8.13
2.29,40.10,20.11,22.56,8.06,73.08,44.12,59.64,8.12
2.30,40.02,20.11,22.56,8.06,73.30,44.12,59.64,8.13
2.31,40.02,20.11,22.56,8.06,73.30,44.03,59.49,8.12
2.32,40.02,20.11,22.56,8.06,73.08,44.12,59.64,8.12
2.33,40.02,20.11,22.59,8.07,73.08,44.22,59.64,8.13
2.34,40.10,20.11,22.59,8.08,72.85,44.22,59.64,8.11
2.35,40.02,20.11,22.59,8.07,73.08,44.12,59.64,8.12
2.36,40.02,20.11,22.56,8.07,73.08,44.12,59.64,8.13
2.37,40.02,20.11,22.59,8.07,73.08,44.12,59.49,8.12
2.38,40.10,20.14,22.56,8.08,73.08,44.12,59.49,8.12
2.39,40.02,20.11,22.59,8.07,73.08,44.12,59.64,8.12
2.40,40.10,20.11,22.56,8.07,73.30,44.22,59.64,8.13
2.41,40.02,20.11,22.59,8.07,73.30,44.12,59.64,8.13
2.42,40.02,20.11,22.56,8.06,73.30,44.12,59.49,8.12
2.43,40.02,20.11,22.56,8.07,73.08,44.12,59.49,8.13
2.44,40.02,20.11,22.56,8.08,73.30,44.12,59.64,8.13
2.45,40.02,20.08,22.59,8.06,73.08,44.12,59.49,8.13
2.46,40.02,20.11,22.56,8.06,73.08,44.12,59.49,8.12
2.47,40.10,20.14,22.56,8.07,73.30,44.03,59.64,8.12
2.48,40.10,20.11,22.56,8.06,73.08,44.12,59.64,8.12
2.49,40.02,20.11,22.56,8.06,73.08,44.12,59.49,8.12
2.50,40.02,20.11,22.56,8.07,73.08,44.12,59.64,8.13
2.51,40.10,20.11,22.59,8.06,73.08,44.12,59.64,8.12
2.52,40.02,20.11,22.56,8.06,73.08,44.22,59.49,8.12
2.53,40.02,20.08,22.59,8.06,73.08,44.22,59.49,8.12
2.54,40.02,20.11,22.56,8.06,73.30,44.12,59.64,8.12
2.55,40.10,20.11,22.59,8.08,73.08,44.12,59.64,8.12
2.56,40.02,20.11,22.56,8.07,73.08,44.22,59.64,8.12
2.57,40.02,20.11,22.59,8.07,73.08,44.22,59.49,8.11
2.58,40.10,20.14,22.56,8.07,73.08,44.12,59.64,8.12
2.59,40.02,20.11,22.59,8.08,73.08,44.22,59.49,8.12
2.60,40.02,20.11,22.59,8.07,73.08,44.22,59.64,8.13
2.61,40.02,20.11,22.56,8.08,73.30,44.12,59.64,8.13
2.62,40.02,20.11,22.59,8.07,73.08,44.12,59.49,8.12
2.63,40.02,20.14,22.59,8.06,73.30,44.12,59.49,8.13
2.64,40.10,20.08,22.56,8.07,73.08,44.22,59.64,8.11
2.65,40.02,20.11,22.56,8.06,73.08,44.12,59.49,8.13
2.66,40.02,20.14,22.56,8.06,73.30,44.22,59.49,8.13
2.67,40.02,20.14,22.56,8.07,73.30,44.22,59.49,8.12
2.68,40.02,20.11,22.59,8.06,73.08,44.22,59.49,8.13
2.69,40.10,20.11,22.59,8.08,73.30,44.12,59.64,8.13
2.70,40.10,20.11,22.56,8.06,73.08,44.12,59.64,8.12
2.71,40.02,20.14,22.59,8.07,73.30,44.22,59.64,8.13
2.72,40.02,20.14,22.59,8.06,73.30,44.12,59.49,8.12
2.73,40.02,20.11,22.59,8.08,73.08,44.12,59.49,8.13
2.74,40.02,20.11,22.56,8.06,73.08,44.12,59.49,8.12
2.75,40.02,20.11,22.56,8.06,73.30,44.22,59.64,8.13
2.76,40.02,20.11,22.56,8.08,73.08,44.22,59.64,8.12
2.77,40.02,20.11,22.56,8.06,73.08,44.12,59.49,8.12
2.78,40.02,20.11,22.59,8.06,73.30,44.12,59.49,8.13
2.79,40.02,20.11,22.59,8.07,72.63,44.22,59.64,8.12
2.80,40.02,20.11,22.56,8.06,73.30,44.22,59.49,8.14
2.81,40.02,20.11,22.56,8.08,73.08,44.12,59.64,8.14
2.82,40.10,20.14,22.59,8.08,73.08,44.22,59.64,8.12
2.83,40.02,20.11,22.59,8.07,73.08,44.12,59.33,8.13
2.84,40.10,20.11,22.59,8.06,73.08,44.12,59.95,8.12
2.85,40.02,20.11,22.59,8.07,73.08,44.22,59.64,8.12
2.86,40.02,20.11,22.56,8.07,73.08,44.22,59.64,8.12
2.87,40.10,20.11,22.56,8.07,73.08,44.12,59.49,8.12
2.88,40.02,20.11,22.59,8.07,73.08,44.12,59.49,8.13
2.89,40.10,20.14,22.56,8.08,73.30,44.22,59.49,8.13
2.90,40.10,20.11,22.56,8.06,73.08,44.12,59.49,8.13
2.91,40.02,20.11,22.56,8.07,73.08,44.12,59.49,8.12
2.92,40.02,20.11,22.56,8.06,73.08,44.22,59.64,8.13
2.93,40.02,20.11,22.59,8.07,73.30,44.22,59.64,8.12
2.94,40.02,20.11,22.56,8.07,73.30,44.22,59.64,8.12
2.95,40.02,20.11,22.59,8.07,73.30,44.22,59.64,8.12
2.96,40.02,20.11,22.59,8.07,73.08,44.12,59.64,8.13
2.97,40.10,20.11,22.59,8.07,73.08,44.22,59.64,8.13
2.98,40.10,20.14,22.59,8.06,73.08,44.12,59.64,8.13
2.99,40.02,20.14,22.56,8.06,73.08,44.12,59.64,8.12
3.00,40.02,20.11,22.56,8.08,73.08,44.22,59.49,8.13
3.01,40.02,20.11,22.56,8.07,73.08,44.12,59.64,8.12
3.02,40.10,20.11,22.56,8.08,73.30,44.12,59.64,8.13
3.03,40.02,20.11,22.59,8.07,73.08,44.22,59.64,8.12
3.04,40.02,20.11,22.59,8.08,73.30,44.12,59.49,8.12
3.05,40.02,20.11,22.56,8.06,73.08,44.12,59.64,8.13
3.06,40.02,20.14,22.56,8.07,73.08,44.22,59.64,8.14
3.07,40.10,20.14,22.59,8.07,73.08,44.22,59.49,8.12
3.08,40.10,20.11,22.59,8.08,73.08,44.31,59.64,8.12
3.09,40.02,20.11,22.59,8.07,73.30,44.12,59.49,8.11
3.10,40.10,20.11,22.59,8.07,73.08,44.31,59.64,8.12
3.11,40.02,20.11,22.59,8.07,73.08,44.12,59.64,8.12
3.12,40.02,20.14,22.59,8.06,73.08,44.12,59.64,8.12
3.13,40.02,20.11,22.56,8.08,73.08,44.12,59.64,8.12
3.14,40.10,20.11,22.59,8.08,73.30,44.22,59.64,8.12
3.15,40.02,20.11,22.59,8.08,73.30,44.12,59.64,8.13
3.16,40.02,20.14,22.59,8.08,73.08,44.12,59.49,8.13
3.17,40.02,20.14,22.59,8.06,73.08,44.12,59.49,8.12
3.18,40.10,20.14,22.59,8.06,73.08,44.12,59.49,8.12
3.19,40.02,20.14,22.59,8.07,73.30,44.12,59.64,8.12
3.20,40.10,20.11,22.59,8.06,73.08,44.12,59.64,8.12
3.21,40.10,20.11,22.59,8.06,73.08,44.22,59.49,8.12
3.22,40.10,20.16,22.56,8.06,73.08,44.22,59.49,8.13
3.23,40.02,20.11,22.56,8.06,73.30,44.12,59.64,8.11
3.24,40.10,20.11,22.56,8.06,72.85,44.22,59.64,8.13
3.25,40.10,20.11,22.56,8.07,73.08,44.22,59.49,8.13
3.26,40.10,20.11,22.59,8.07,73.08,44.22,59.64,8.13
3.27,40.02,20.11,22.56,8.06,73.08,44.12,59.80,8.13
3.28,40.02,20.11,22.59,8.07,73.08,44.12,59.64,8.13
3.29,40.02,20.11,22.59,8.06,73.08,44.22,59.64,8.12
3.30,40.10,20.14,22.59,8.07,73.08,44.22,59.64,8.13
3.31,40.02,20.11,22.59,8.08,73.08,44.22,59.64,8.14
3.32,40.02,20.11,22.59,8.08,73.30,44.12,59.64,8.12
3.33,40.02,20.14,22.59,8.07,73.08,44.22,59.64,8.13
3.34,40.02,20.11,22.59,8.07,73.08,44.22,59.64,8.13
3.35,40.02,20.11,22.59,8.07,73.08,44.22,59.64,8.12
3.36,40.02,20.11,22.59,8.08,73.30,44.22,59.64,8.13
3.37,40.02,20.14,22.56,8.07,73.08,44.12,59.64,8.13
3.38,40.02,20.11,22.59,8.07,73.30,44.22,59.49,8.12
3.39,40.02,20.14,22.59,8.07,73.30,44.12,59.64,8.12
3.40,40.02,20.14,22.59,8.07,73.08,44.22,59.80,8.14
3.41,40.02,20.11,22.59,8.07,73.08,44.22,59.64,8.12
3.42,40.10,20.14,22.59,8.06,73.30,44.12,59.64,8.13
3.43,40.02,20.14,22.59,8.07,73.30,44.22,59.64,8.12
3.44,40.02,20.14,22.56,8.07,73.30,44.22,59.64,8.12
3.45,40.02,20.14,22.59,8.07,73.08,44.12,59.64,8.12
3.46,40.02,20.14,22.59,8.06,73.08,44.22,59.49,8.12
3.47,40.10,20.14,22.59,8.06,73.08,44.12,59.64,8.12
3.48,40.02,20.14,22.59,8.08,73.08,44.12,59.64,8.12
3.49,40.10,20.11,22.59,8.07,73.30,44.22,59.64,8.13
3.50,40.10,20.14,22.56,8.07,73.30,44.22,59.64,8.12
3.51,40.02,20.11,22.59,8.08,73.30,44.22,59.64,8.12
3.52,40.02,20.11,22.59,8.07,73.30,44.22,59.64,8.13
3.53,40.02,20.11,22.59,8.06,73.08,44.22,59.64,8.12
3.54,40.10,20.14,22.56,8.08,73.08,44.12,59.64,8.12
3.55,40.10,20.11,22.59,8.07,73.08,44.22,59.64,8.12
3.56,40.10,20.14,22.59,8.07,73.08,44.22,59.64,8.13
3.57,40.02,20.14,22.59,8.07,73.08,44.12,59.64,8.13
3.58,40.10,20.14,22.59,8.06,73.30,44.22,59.64,8.12
3.59,40.10,20.11,22.59,8.06,73.08,44.22,59.64,8.12
3.60,40.10,20.14,22.59,8.07,73.30,44.12,59.64,8.13
3.61,40.02,20.14,22.59,8.08,73.08,44.22,59.64,8.12
3.62,40.02,20.16,22.59,8.08,73.08,44.12,59.64,8.12
3.63,40.10,20.14,22.56,8.07,73.08,44.22,59.64,8.13
3.64,40.10,20.11,22.56,8.07,73.08,44.22,59.49,8.13
3.65,40.10,20.14,22.59,8.06,73.08,44.22,59.64,8.12
3.66,40.02,20.14,22.56,8.06,73.30,44.22,59.49,8.13
3.67,40.10,20.14,22.59,8.07,73.08,44.22,59.64,8.13
3.68,40.10,20.11,22.59,8.07,73.30,44.22,59.64,8.13
3.69,40.10,20.14,22.56,8.07,73.08,44.22,59.64,8.12
3.70,40.02,20.11,22.59,8.06,73.30,44.12,59.64,8.13
3.71,40.10,20.11,22.56,8.06,73.30,44.12,59.64,8.13
3.72,40.10,20.11,22.59,8.07,73.30,44.22,59.49,8.13
3.73,40.02,20.11,22.56,8.07,73.30,44.22,59.64,8.13
3.74,40.10,20.14,22.59,8.06,73.08,44.22,59.64,8.12
3.75,40.02,20.14,22.56,8.06,73.30,44.22,59.49,8.13
3.76,40.10,20.14,22.59,8.07,73.30,44.03,59.64,8.13
3.77,40.10,20.14,22.59,8.07,73.30,44.12,59.64,8.11
3.78,40.02,20.14,22.59,8.08,73.08,44.12,59.64,8.13
3.79,40.02,20.14,22.59,8.06,73.30,44.22,59.64,8.12
3.80,40.10,20.11,22.59,8.08,73.30,44.22,59.64,8.12
3.81,40.02,20.14,22.63,8.07,73.08,44.31,59.64,8.13
3.82,40.02,20.11,22.59,8.06,73.30,44.22,59.64,8.13
3.83,40.10,20.14,22.59,8.06,73.08,44.22,59.64,8.13
3.84,40.02,20.11,22.59,8.07,73.08,44.22,59.64,8.12
3.85,40.02,20.14,22.59,8.06,73.30,44.22,59.64,8.13
3.86,40.02,20.11,22.59,8.08,73.30,44.22,59.64,8.12
3.87,40.10,20.14,22.59,8.08,73.30,44.22,59.80,8.13
3.88,40.18,20.14,22.59,8.06,73.08,44.12,59.64,8.13
3.89,40.02,20.14,22.56,8.07,73.30,44.12,59.64,8.13
3.90,40.02,20.14,22.63,8.07,73.08,44.22,59.49,8.13
3.91,40.02,20.11,22.59,8.08,73.30,44.31,59.64,8.12
3.92,40.02,20.11,22.59,8.06,73.30,44.12,59.64,8.13
3.93,40.02,20.11,22.59,8.07,73.30,44.22,59.64,8.12
3.94,40.10,20.11,22.59,8.07,73.30,44.12,59.64,8.12
3.95,40.10,20.11,22.59,8.08,73.08,44.22,59.64,8.12
3.96,40.10,20.11,22.56,8.07,73.30,44.12,59.64,8.13
3.97,40.10,20.14,22.56,8.07,73.08,44.12,59.64,8.14
3.98,40.10,20.16,22.56,8.07,73.30,44.22,59.49,8.13
3.99,40.10,20.11,22.59,8.06,73.30,44.12,59.49,8.12
4.00,40.02,20.14,22.59,8.08,73.08,44.22,59.80,8.12
4.01,40.10,20.14,22.59,8.07,73.08,44.31,59.33,8.12
4.02,40.02,20.14,22.59,8.06,73.30,44.22,59.64,8.13
4.03,40.02,20.11,22.59,8.07,73.30,44.22,59.80,8.13
4.04,40.02,20.16,22.59,8.06,73.30,44.22,59.64,8.13
4.05,40.10,20.14,22.59,8.08,73.08,44.22,59.64,8.13
4.06,40.02,20.11,22.59,8.07,73.30,44.22,59.64,8.14
4.07,40.02,20.16,22.59,8.07,73.30,44.22,59.64,8.13
4.08,40.02,20.14,22.59,8.07,73.30,44.22,59.64,8.12
4.09,40.10,20.14,22.59,8.07,73.30,44.22,59.64,8.12
4.10,40.10,20.14,22.59,8.06,73.08,44.22,59.64,8.14
4.11,40.10,20.14,22.59,8.06,73.08,44.22,59.64,8.13
4.12,40.10,20.14,22.59,8.06,73.30,44.22,59.49,8.13
4.13,40.10,20.16,22.59,8.07,73.30,44.22,59.80,8.12
4.14,40.02,20.14,22.59,8.07,73.30,44.22,59.64,8.13
4.15,40.10,20.14,22.59,8.06,73.30,44.22,59.80,8.12
4.16,40.02,20.14,22.59,8.06,73.08,44.12,59.64,8.13
4.17,40.10,20.14,22.59,8.06,73.30,44.22,59.64,8.13
4.18,40.02,20.14,22.59,8.07,73.30,44.31,59.64,8.13
4.19,40.10,20.11,22.59,8.07,73.30,44.22,59.64,8.13
4.20,40.10,20.14,22.59,8.08,73.30,44.31,59.64,8.12
4.21,40.10,20.16,22.59,8.06,73.08,44.31,59.64,8.13
4.22,40.02,20.14,22.59,8.07,73.30,44.22,59.64,8.12
4.23,40.10,20.14,22.59,8.06,73.30,44.22,59.64,8.13
4.24,40.10,20.16,22.59,8.08,73.08,44.22,59.64,8.12
4.25,40.10,20.11,22.59,8.06,73.08,44.22,59.64,8.13
4.26,40.10,20.14,22.59,8.07,73.30,44.22,59.64,8.12
4.27,40.10,20.11,22.59,8.06,73.08,44.31,59.64,8.13
4.28,40.10,20.14,22.59,8.07,73.08,44.22,59.64,8.12
4.29,40.02,20.11,22.59,8.07,73.30,44.22,59.64,8.13
4.30,40.02,20.14,22.59,8.08,73.08,44.22,59.64,8.13
4.31,40.10,20.11,22.59,8.06,73.30,44.31,59.64,8.12
4.32,40.10,20.14,22.59,8.07,73.30,44.22,59.64,8.13
4.33,40.02,20.14,22.59,8.06,73.08,44.22,59.64,8.12
4.34,40.10,20.14,22.59,8.07,73.30,44.22,59.64,8.13
4.35,40.10,20.11,22.59,8.07,73.30,44.12,59.64,8.13
4.36,40.10,20.11,22.59,8.07,73.08,44.22,59.80,8.12
4.37,40.10,20.14,22.59,8.06,73.08,44.22,59.64,8.13
4.38,40.02,20.11,22.59,8.06,73.30,44.12,59.64,8.12
4.39,40.02,20.11,22.59,8.06,73.30,44.22,59.64,8.12
4.40,40.10,20.14,22.63,8.08,73.08,44.31,59.64,8.13
4.41,40.10,20.14,22.59,8.06,73.30,44.22,59.64,8.13
4.42,40.10,20.11,22.59,8.07,73.30,44.22,59.64,8.12
4.43,40.10,20.16,22.59,8.07,73.30,44.31,59.64,8.13
4.44,40.10,20.14,22.59,8.07,73.30,44.22,59.64,8.13
4.45,40.10,20.11,22.59,8.07,73.30,44.22,59.64,8.12
4.46,40.10,20.14,22.59,8.07,73.08,44.12,59.64,8.13
4.47,40.10,20.14,22.63,8.07,73.30,44.12,59.64,8.12
4.48,40.02,20.14,22.59,8.08,73.30,44.22,59.64,8.12
4.49,40.10,20.16,22.59,8.07,73.30,44.22,59.64,8.12
4.50,40.10,20.14,22.59,8.08,73.08,44.22,59.64,8.13
4.51,40.10,20.14,22.59,8.07,73.08,44.22,59.64,8.13
4.52,40.02,20.14,22.59,8.06,73.30,44.12,59.64,8.13
4.53,40.10,20.14,22.59,8.07,73.30,44.22,59.64,8.12
4.54,40.10,20.11,22.59,8.07,73.30,44.22,59.64,8.12
4.55,40.02,20.14,22.59,8.06,73.30,44.22,59.80,8.13
4.56,40.10,20.14,22.59,8.08,73.08,44.22,59.64,8.12
4.57,40.02,20.16,22.59,8.08,73.30,44.22,59.64,8.13
4.58,40.02,20.11,22.59,8.06,73.30,44.22,59.64,8.13
4.59,40.10,20.11,22.59,8.06,73.30,44.22,59.64,8.12
4.60,40.02,20.16,22.59,8.07,73.30,44.31,59.64,8.12
4.61,40.02,20.14,22.59,8.07,73.08,44.22,59.64,8.13
4.62,40.02,20.14,22.59,8.06,73.30,44.31,59.64,8.12
4.63,40.02,20.11,22.59,8.06,73.30,44.22,59.64,8.13
4.64,40.10,20.16,22.59,8.07,73.30,44.12,59.64,8.13
4.65,40.10,20.11,22.59,8.07,73.30,44.12,59.64,8.13
4.66,40.10,20.14,22.59,8.07,73.30,44.12,59.64,8.13
4.67,40.10,20.14,22.59,8.07,73.30,44.22,59.49,8.14
4.68,40.10,20.14,22.59,8.08,73.30,44.22,59.49,8.14
4.69,40.10,20.14,22.63,8.06,73.30,44.22,59.64,8.12
4.70,40.02,20.16,22.59,8.07,73.30,44.22,59.64,8.13
4.71,40.02,20.14,22.59,8.07,73.08,44.22,59.49,8.12
4.72,40.10,20.16,22.59,8.06,73.30,44.22,59.64,8.12
4.73,40.02,20.14,22.63,8.07,73.30,44.31,59.80,8.13
4.74,40.02,20.16,22.56,8.08,73.30,44.22,59.80,8.13
4.75,40.02,20.11,22.59,8.07,73.08,44.22,59.64,8.13
4.76,40.02,20.14,22.63,8.07,73.30,44.22,59.64,8.12
4.77,40.02,20.14,22.63,8.08,73.30,44.12,59.49,8.13
4.78,40.10,20.14,22.59,8.07,73.30,44.22,59.64,8.12
4.79,40.02,20.14,22.59,8.07,73.30,44.22,59.64,8.12
4.80,40.10,20.14,22.59,8.06,73.30,44.22,59.64,8.12
4.81,40.10,20.14,22.59,8.07,73.08,44.31,59.64,8.13
4.82,40.10,20.14,22.59,8.06,73.30,44.22,59.64,8.12
4.83,40.10,20.11,22.59,8.06,73.30,44.31,59.64,8.13
4.84,40.02,20.14,22.59,8.07,73.30,44.22,59.64,8.13
4.85,40.02,20.11,22.59,8.08,73.30,44.22,59.64,8.13
4.86,40.10,20.11,22.59,8.08,73.30,44.12,59.64,8.13
4.87,40.10,20.14,22.59,8.08,73.30,44.12,59.64,8.13
4.88,40.02,20.14,22.59,8.08,73.30,44.22,59.64,8.12
4.89,40.10,20.14,22.59,8.06,73.30,44.22,59.64,8.12
4.90,40.02,20.14,22.56,8.08,73.30,44.12,59.64,8.13
4.91,40.10,20.14,22.59,8.07,73.30,44.22,59.64,8.13
4.92,40.02,20.16,22.59,8.06,73.30,44.22,59.64,8.13
4.93,40.10,20.14,22.59,8.07,73.30,44.31,59.64,8.12
4.94,40.10,20.14,22.59,8.08,73.08,44.31,59.80,8.13
4.95,40.10,20.16,22.59,8.07,73.30,44.12,59.64,8.13
4.96,40.10,20.11,22.59,8.07,73.30,44.31,59.64,8.12
4.97,40.10,20.16,22.59,8.08,73.30,44.22,59.64,8.13
4.98,40.02,20.14,22.59,8.06,73.30,44.22,59.80,8.12
4.99,40.02,20.14,22.59,8.06,73.30,44.12,59.64,8.13
5.00,40.10,20.14,22.59,8.06,73.30,44.22,59.64,8.13
5.01,40.02,20.11,22.59,8.07,73.30,44.12,59.64,8.13
5.02,40.02,20.14,22.59,8.06,73.30,44.22,59.64,8.13
5.03,40.10,20.14,22.59,8.06,73.08,44.12,59.64,8.12
5.04,40.10,20.14,22.59,8.07,73.08,44.12,59.64,8.12
5.05,40.02,20.14,22.59,8.06,73.30,44.22,59.64,8.12
5.06,39.94,20.14,22.59,8.07,73.30,44.22,59.80,8.13
5.07,40.18,20.14,22.59,8.07,73.08,44.22,59.64,8.13
5.08,40.02,20.11,22.59,8.08,73.30,44.22,59.49,8.13
5.09,40.18,20.14,22.59,8.07,73.30,44.22,59.64,8.12
5.10,40.10,20.14,22.59,8.06,73.30,44.22,59.64,8.13
5.11,40.02,20.14,22.63,8.07,73.30,44.31,59.64,8.12
5.12,40.02,20.11,22.59,8.08,73.08,44.22,59.64,8.12
5.13,40.10,20.16,22.59,8.08,73.30,44.22,59.80,8.13
5.14,40.10,20.16,22.59,8.08,73.08,44.22,59.64,8.14
5.15,40.10,20.14,22.59,8.08,73.30,44.22,59.80,8.12
5.16,40.02,20.14,22.59,8.07,73.08,44.31,59.64,8.12
5.17,40.10,20.14,22.59,8.07,72.85,44.22,59.64,8.13
5.18,40.02,20.14,22.59,8.08,73.30,44.22,59.64,8.13
5.19,40.02,20.14,22.59,8.08,73.30,44.22,59.80,8.13
5.20,40.02,20.14,22.59,8.07,73.30,44.22,59.64,8.13
5.21,40.02,20.14,22.59,8.07,73.30,44.22,59.64,8.12
5.22,40.02,20.16,22.59,8.07,73.30,44.22,59.80,8.13
5.23,40.10,20.14,22.63,8.06,73.30,44.31,59.49,8.12
5.24,40.10,20.14,22.59,8.08,73.30,44.22,59.64,8.13
5.25,39.94,20.14,22.59,8.08,73.30,44.22,59.80,8.13
5.26,40.02,20.14,22.59,8.07,73.30,44.22,59.64,8.13
5.27,40.02,20.14,22.59,8.07,73.30,44.22,59.64,8.12
5.28,40.10,20.14,22.59,8.07,73.30,44.22,59.64,8.14
5.29,40.10,20.14,22.59,8.07,73.30,44.22,59.64,8.12
5.30,40.02,20.11,22.59,8.07,73.30,44.22,59.64,8.13
5.31,40.10,20.14,22.59,8.08,73.30,44.22,59.64,8.12
5.32,40.02,20.14,22.59,8.07,73.30,44.22,59.64,8.12
5.33,40.10,20.16,22.59,8.07,73.30,44.22,59.64,8.12
5.34,40.10,20.14,22.59,8.07,73.30,44.22,59.80,8.12
5.35,40.10,20.11,22.59,8.07,73.30,44.22,59.64,8.12
5.36,40.02,20.11,22.59,8.08,73.30,44.22,59.64,8.12
5.37,40.02,20.11,22.59,8.07,73.08,44.31,59.64,8.12
5.38,40.10,20.14,22.59,8.07,73.30,44.22,59.64,8.12
5.39,40.10,20.14,22.59,8.06,73.08,44.31,59.64,8.12
5.40,40.02,20.11,22.59,8.08,73.30,44.22,59.64,8.13
5.41,40.02,20.11,22.59,8.07,73.30,44.22,59.64,8.13
5.42,40.10,20.14,22.63,8.06,73.30,44.22,59.64,8.13
5.43,40.02,20.14,22.59,8.08,73.30,44.22,59.64,8.12
5.44,40.02,20.14,22.59,8.06,73.30,44.22,59.64,8.12
5.45,40.02,20.14,22.59,8.07,73.30,44.12,59.64,8.13
5.46,40.02,20.11,22.59,8.07,73.30,44.22,59.64,8.12
5.47,40.02,20.14,22.59,8.07,73.08,44.22,59.64,8.12
5.48,40.02,20.14,22.59,8.07,73.30,44.22,59.64,8.12
5.49,40.10,20.11,22.59,8.07,73.08,44.12,59.64,8.13
5.50,40.10,20.14,22.59,8.08,73.30,44.22,59.64,8.13
5.51,40.02,20.14,22.59,8.07,73.30,44.22,59.64,8.13
5.52,40.02,20.14,22.59,8.07,73.30,44.22,59.64,8.13
5.53,40.02,20.14,22.59,8.08,73.30,44.22,59.64,8.12
5.54,40.02,20.11,22.59,8.06,73.30,44.22,59.64,8.12
5.55,40.02,20.14,22.59,8.08,73.30,44.22,59.80,8.13
5.56,40.10,20.16,22.59,8.06,73.30,44.22,59.64,8.14
5.57,40.02,20.14,22.59,8.07,73.30,44.22,59.64,8.14
5.58,40.10,20.14,22.59,8.08,73.30,44.22,59.64,8.13
5.59,40.02,20.14,22.59,8.08,73.08,44.22,59.64,8.13
5.60,40.10,20.14,22.63,8.07,73.30,44.22,59.64,8.13
5.61,40.02,20.14,22.63,8.07,73.30,44.22,59.64,8.12
5.62,40.10,20.11,22.59,8.08,73.30,44.22,59.80,8.13
5.63,40.02,20.14,22.59,8.07,73.30,44.22,59.64,8.13
5.64,40.02,20.14,22.59,8.07,73.30,44.22,59.80,8.14
5.65,40.10,20.14,22.59,8.07,73.08,44.12,59.64,8.13
5.66,40.10,20.14,22.59,8.06,73.30,44.22,59.64,8.13
5.67,40.10,20.11,22.59,8.07,73.30,44.22,59.64,8.13
5.68,40.02,20.11,22.59,8.07,73.30,44.22,59.64,8.13
5.69,40.02,20.14,22.59,8.08,73.30,44.12,59.64,8.13
5.70,40.10,20.14,22.63,8.07,73.30,44.22,59.64,8.13
5.71,40.10,20.14,22.59,8.07,73.30,44.22,59.64,8.13
5.72,40.02,20.14,22.59,8.07,73.30,44.31,59.80,8.13
5.73,40.10,20.14,22.59,8.06,73.08,44.22,59.64,8.13
5.74,40.10,20.14,22.59,8.08,73.30,44.22,59.64,8.12
5.75,40.02,20.14,22.59,8.07,73.30,44.22,59.64,8.13
5.76,40.02,20.14,22.59,8.06,73.30,44.22,59.64,8.14
5.77,40.10,20.14,22.59,8.07,73.30,44.22,59.64,8.13
5.78,40.10,20.14,22.59,8.08,73.30,44.22,59.64,8.12
5.79,40.10,20.14,22.59,8.06,73.30,44.12,59.64,8.13
5.80,40.10,20.14,22.59,8.06,73.30,44.12,59.64,8.12
5.81,40.10,20.14,22.59,8.07,73.30,44.22,59.80,8.12
5.82,40.02,20.14,22.63,8.07,73.30,44.22,59.80,8.13
5.83,40.02,20.14,22.59,8.07,73.30,44.22,59.64,8.13
5.84,40.02,20.16,22.59,8.07,73.30,44.12,59.64,8.13
5.85,40.02,20.14,22.59,8.07,73.30,44.22,59.64,8.12
5.86,40.02,20.14,22.59,8.08,73.30,44.22,59.64,8.12
5.87,40.02,20.14,22.59,8.07,73.30,44.22,59.64,8.13
5.88,40.02,20.14,22.59,8.07,73.30,44.22,59.64,8.12
5.89,40.10,20.14,22.59,8.08,73.30,44.12,59.64,8.12
5.90,40.02,20.16,22.63,8.08,73.30,44.22,59.64,8.12
5.91,40.02,20.14,22.59,8.07,73.30,44.22,59.64,8.13
5.92,40.10,20.16,22.59,8.07,73.30,44.22,59.80,8.12
5.93,40.10,20.14,22.59,8.08,73.08,44.22,59.64,8.13
5.94,40.10,20.14,22.63,8.07,73.30,44.12,59.64,8.12
5.95,40.02,20.14,22.59,8.07,73.30,44.22,59.64,8.12
5.96,40.02,20.14,22.59,8.06,73.30,44.22,59.80,8.12
5.97,40.02,20.14,22.59,8.07,73.30,44.22,59.64,8.13
5.98,40.02,20.11,22.59,8.07,73.30,44.22,59.80,8.13
5.99,40.10,20.16,22.56,8.06,73.08,44.22,59.80,8.13
6.00,40.02,20.14,22.59,8.07,73.30,44.22,59.64,8.12
6.01,40.10,20.14,22.63,8.08,73.30,44.22,59.64,8.12
6.02,40.02,20.14,22.59,8.07,73.30,44.22,59.80,8.12
6.03,40.02,20.16,22.59,8.07,73.30,44.22,59.64,8.12
6.04,40.10,20.08,22.59,8.06,73.08,44.22,59.64,8.12
6.05,40.10,20.11,22.59,8.08,73.30,44.22,59.64,8.12
6.06,40.02,20.14,22.59,8.07,73.30,44.12,59.64,8.12
6.07,40.10,20.11,22.63,8.08,73.30,44.22,59.64,8.12
6.08,40.02,20.14,22.59,8.06,73.30,44.31,59.64,8.12
6.09,40.02,20.14,22.59,8.07,73.30,44.12,59.64,8.12
6.10,40.02,20.14,22.59,8.06,73.30,44.31,59.64,8.12
6.11,40.02,20.14,22.59,8.07,73.30,44.22,59.64,8.13
6.12,40.10,20.14,22.63,8.07,73.30,44.31,59.64,8.12
6.13,40.02,20.16,22.59,8.07,73.08,44.12,59.80,8.13
6.14,39.94,20.14,22.59,8.07,73.30,44.12,59.64,8.14
6.15,40.10,20.16,22.59,8.06,73.30,44.31,59.80,8.12
6.16,40.02,20.16,22.63,8.07,73.30,44.22,59.64,8.13
6.17,40.02,20.14,22.63,8.07,73.30,44.31,59.64,8.12
6.18,40.10,20.14,22.59,8.08,73.08,44.22,59.80,8.13
6.19,40.02,20.14,22.59,8.08,73.30,44.31,59.80,8.13
6.20,40.10,20.14,22.59,8.07,73.30,44.22,59.64,8.11
6.21,40.02,20.14,22.59,8.08,73.30,44.22,59.64,8.13
6.22,40.10,20.16,22.59,8.06,73.30,44.22,59.64,8.12
6.23,40.02,20.11,22.59,8.07,73.30,44.22,59.64,8.12
6.24,40.02,20.14,22.59,8.06,73.30,44.22,59.64,8.13
6.25,40.10,20.11,22.59,8.06,73.30,44.22,59.64,8.13
6.26,40.18,20.16,22.59,8.07,73.30,44.22,59.64,8.13
6.27,39.94,20.14,22.63,8.07,73.30,44.22,59.64,8.12
6.28,40.10,20.14,22.63,8.06,73.30,44.22,59.64,8.12
6.29,40.10,20.14,22.59,8.06,73.30,44.22,59.64,8.13
6.30,40.02,20.14,22.63,8.07,73.30,44.22,59.64,8.12
6.31,40.02,20.11,22.59,8.07,73.30,44.22,59.64,8.13
6.32,40.10,20.14,22.59,8.06,73.08,44.22,59.64,8.13
6.33,40.02,20.14,22.59,8.08,73.30,44.22,59.64,8.12
6.34,40.02,20.14,22.59,8.06,73.30,44.31,59.64,8.13
6.35,40.02,20.14,22.63,8.06,73.08,44.22,59.64,8.13
6.36,40.02,20.14,22.59,8.06,73.08,44.22,59.64,8.13
6.37,40.02,20.14,22.59,8.08,73.30,44.22,59.80,8.13
6.38,40.02,20.14,22.59,8.07,73.08,44.22,59.64,8.12
6.39,40.02,20.14,22.59,8.06,73.30,44.22,59.49,8.12
6.40,40.02,20.14,22.59,8.07,73.30,44.22,59.80,8.13
6.41,40.10,20.16,22.63,8.07,73.30,44.22,59.80,8.13
6.42,40.02,20.14,22.59,8.07,73.30,44.22,59.49,8.13
6.43,40.02,20.11,22.59,8.07,73.30,44.22,59.64,8.13
6.44,40.02,20.14,22.59,8.07,73.30,44.22,59.64,8.13
6.45,40.02,20.16,22.59,8.06,73.30,44.22,59.64,8.13
6.46,40.02,20.14,22.63,8.06,73.08,44.22,59.64,8.13
6.47,40.02,20.14,22.59,8.07,73.30,44.22,59.64,8.12
6.48,40.10,20.14,22.59,8.07,73.30,44.31,59.80,8.13
6.49,40.10,20.14,22.59,8.08,73.30,44.12,59.64,8.12
6.50,40.02,20.11,22.59,8.07,73.30,44.31,59.64,8.12
6.51,39.94,20.14,22.59,8.06,73.30,44.22,59.64,8.12
6.52,40.02,20.11,22.59,8.07,73.30,44.22,59.64,8.13
6.53,40.02,20.14,22.59,8.08,73.30,44.22,59.80,8.13
6.54,40.02,20.14,22.59,8.07,73.30,44.22,59.64,8.13
6.55,40.10,20.11,22.63,8.08,73.30,44.31,59.64,8.13
6.56,40.02,20.14,22.59,8.07,73.30,44.31,59.64,8.12
6.57,40.02,20.16,22.59,8.07,73.30,44.22,59.64,8.13
6.58,40.10,20.14,22.59,8.07,73.30,44.12,59.64,8.13
6.59,40.02,20.14,22.59,8.06,73.30,44.22,59.64,8.13
6.60,40.02,20.11,22.59,8.08,73.30,44.31,59.64,8.13
6.61,40.02,20.14,22.59,8.08,73.08,44.22,59.64,8.13
6.62,40.02,20.16,22.59,8.06,73.30,44.31,59.64,8.12
6.63,40.02,20.11,22.63,8.07,73.08,44.31,59.64,8.13
6.64,40.02,20.14,22.59,8.06,73.30,44.22,59.64,8.12
6.65,40.02,20.14,22.63,8.08,73.30,44.22,59.64,8.12
6.66,40.02,20.14,22.59,8.07,73.30,44.22,59.64,8.13
6.67,40.10,20.14,22.59,8.07,73.08,44.22,59.64,8.13
6.68,40.02,20.16,22.59,8.07,73.30,44.22,59.64,8.13
6.69,40.02,20.14,22.59,8.07,73.30,44.22,59.64,8.13
6.70,40.02,20.14,22.59,8.07,73.30,44.22,59.64,8.12
6.71,40.02,20.11,22.59,8.06,73.30,44.22,59.64,8.12
6.72,40.02,20.11,22.59,8.07,73.30,44.22,59.64,8.12
6.73,40.02,20.14,22.56,8.06,73.30,44.22,59.49,8.13
6.74,40.02,20.14,22.59,8.06,73.30,44.22,59.64,8.13
6.75,40.02,20.11,22.59,8.06,73.30,44.12,59.64,8.13
6.76,40.02,20.11,22.59,8.07,73.30,44.22,59.64,8.13
6.77,40.02,20.14,22.59,8.08,73.30,44.22,59.64,8.13
6.78,40.02,20.14,22.59,8.06,73.30,44.12,59.80,8.13
6.79,40.02,20.14,22.59,8.07,73.30,44.22,59.64,8.13
6.80,39.94,20.14,22.59,8.07,73.30,44.22,59.64,8.12
6.81,40.02,20.16,22.59,8.06,73.30,44.22,59.64,8.12
6.82,40.02,20.14,22.56,8.07,73.30,44.22,59.64,8.12
6.83,40.02,20.11,22.59,8.06,73.30,44.22,59.64,8.14
6.84,40.02,20.11,22.59,8.07,73.30,44.22,59.64,8.12
6.85,40.02,20.11,22.59,8.08,73.08,44.22,59.64,8.13
6.86,40.02,20.14,22.59,8.07,73.30,44.22,59.64,8.13
6.87,40.02,20.11,22.59,8.08,73.30,44.22,59.64,8.13
6.88,40.02,20.16,22.56,8.07,73.30,44.12,59.64,8.13
6.89,40.02,20.14,22.59,8.07,73.30,44.22,59.49,8.12
6.90,40.02,20.14,22.59,8.07,73.08,44.12,59.64,8.13
6.91,40.02,20.14,22.59,8.07,73.30,44.22,59.64,8.13
6.92,40.02,20.11,22.59,8.08,73.30,44.31,59.64,8.13
6.93,40.02,20.14,22.59,8.06,73.08,44.12,59.64,8.13
6.94,40.02,20.14,22.59,8.06,73.30,44.22,59.64,8.12
6.95,40.02,20.11,22.59,8.08,73.30,44.22,59.64,8.11
6.96,40.02,20.14,22.56,8.07,73.30,44.22,59.49,8.12
6.97,40.02,20.14,22.59,8.07,73.30,44.12,59.64,8.13
6.98,40.02,20.11,22.63,8.07,73.30,44.22,59.64,8.12
6.99,40.02,20.14,22.59,8.07,73.08,44.22,59.64,8.13
7.00,40.02,20.11,22.59,8.06,73.30,44.22,59.64,8.12
7.01,40.02,20.11,22.56,8.06,73.08,44.12,59.64,8.12
7.02,40.02,20.11,22.59,8.06,73.30,44.22,59.64,8.12
7.03,40.02,20.14,22.59,8.07,73.30,44.31,59.80,8.13
7.04,40.02,20.11,22.59,8.07,73.30,44.22,59.64,8.13
7.05,40.02,20.11,22.59,8.07,73.30,44.22,59.64,8.13
7.06,40.02,20.11,22.59,8.08,73.08,44.12,59.64,8.13
7.07,40.02,20.11,22.59,8.07,73.30,44.22,59.64,8.13
7.08,40.02,20.11,22.56,8.06,73.30,44.22,59.80,8.13
7.09,40.02,20.11,22.59,8.08,73.08,44.12,59.49,8.13
7.10,40.02,20.14,22.59,8.06,73.30,44.22,59.64,8.12
7.11,40.02,20.11,22.59,8.06,73.30,44.12,59.64,8.13
7.12,40.02,20.14,22.59,8.07,73.08,44.22,59.49,8.12
7.13,40.02,20.14,22.59,8.06,73.30,44.22,59.64,8.13
7.14,40.02,20.14,22.59,8.06,73.08,44.12,59.64,8.14
7.15,40.02,20.14,22.56,8.06,73.08,44.22,59.64,8.12
7.16,40.02,20.11,22.59,8.07,73.30,44.12,59.64,8.12
7.17,40.02,20.11,22.59,8.07,73.30,44.22,59.64,8.13
7.18,40.02,20.14,22.59,8.07,73.30,44.12,59.64,8.12
7.19,40.02,20.14,22.56,8.06,73.30,44.22,59.64,8.11
7.20,40.02,20.11,22.59,8.06,73.30,44.22,59.64,8.12
7.21,40.02,20.14,22.59,8.06,73.08,44.22,59.49,8.13
7.22,40.02,20.11,22.59,8.06,73.30,44.22,59.64,8.13
7.23,40.02,20.11,22.59,8.06,73.08,44.22,59.64,8.13
7.24,40.02,20.16,22.59,8.06,73.30,44.22,59.49,8.12
7.25,40.02,20.14,22.59,8.07,73.30,44.22,59.49,8.12
7.26,40.02,20.11,22.56,8.06,73.30,44.22,59.64,8.12
7.27,40.02,20.14,22.56,8.08,73.30,44.31,59.64,8.13
7.28,40.02,20.11,22.56,8.07,73.08,44.12,59.64,8.13
7.29,40.02,20.14,22.59,8.07,73.30,44.12,59.64,8.13
7.30,40.02,20.11,22.59,8.08,73.08,44.22,59.64,8.12
7.31,40.02,20.11,22.59,8.06,73.30,44.22,59.64,8.13
7.32,40.02,20.11,22.56,8.06,73.30,44.12,59.80,8.13
7.33,40.02,20.14,22.59,8.06,73.30,44.31,59.64,8.12
7.34,40.02,20.16,22.59,8.06,73.08,44.03,59.64,8.12
7.35,40.02,20.11,22.56,8.06,73.30,44.31,59.64,8.13
7.36,40.02,20.11,22.59,8.06,73.30,44.12,59.49,8.11
7.37,40.02,20.14,22.59,8.06,73.30,44.22,59.64,8.12
7.38,40.02,20.11,22.59,8.06,73.30,44.12,59.64,8.11
7.39,40.02,20.14,22.59,8.07,73.08,44.22,59.64,8.12
7.40,40.02,20.11,22.56,8.06,73.30,44.22,59.64,8.12
7.41,40.02,20.14,22.59,8.07,73.08,44.31,59.64,8.12
7.42,40.02,20.14,22.59,8.07,73.08,44.22,59.64,8.13
7.43,40.02,20.11,22.59,8.06,73.30,44.12,59.64,8.14
7.44,40.02,20.11,22.59,8.07,73.30,44.12,59.64,8.12
7.45,39.94,20.11,22.59,8.08,73.30,44.12,59.80,8.13
7.46,40.02,20.14,22.59,8.08,73.30,44.12,59.64,8.12
7.47,40.02,20.11,22.56,8.06,73.08,44.22,59.80,8.12
7.48,40.02,20.11,22.56,8.07,73.08,44.12,59.64,8.12
7.49,40.02,20.11,22.63,8.07,73.30,44.22,59.64,8.12
7.50,40.02,20.11,22.59,8.06,73.30,44.22,59.64,8.13
7.51,40.02,20.14,22.59,8.06,73.08,44.22,59.64,8.12
7.52,40.02,20.14,22.59,8.08,73.30,44.22,59.64,8.13
7.53,40.02,20.11,22.59,8.07,73.30,44.22,59.64,8.13
7.54,40.02,20.11,22.59,8.07,73.08,44.12,59.64,8.12
7.55,40.02,20.11,22.59,8.06,73.30,44.12,59.64,8.12
7.56,40.02,20.11,22.56,8.06,73.30,44.22,59.64,8.13
7.57,40.02,20.11,22.59,8.07,73.30,44.22,59.64,8.12
7.58,40.02,20.11,22.59,8.07,73.30,44.22,59.80,8.12
7.59,40.02,20.11,22.56,8.06,73.30,44.22,59.80,8.13
7.60,40.02,20.11,22.59,8.06,73.08,44.12,59.33,8.13
7.61,40.02,20.14,22.56,8.06,73.30,44.22,59.80,8.13
7.62,40.02,20.11,22.59,8.07,73.30,44.22,59.64,8.12
7.63,40.02,20.11,22.59,8.08,73.30,44.22,59.64,8.13
7.64,39.94,20.11,22.59,8.06,73.30,44.12,59.64,8.13
7.65,40.02,20.14,22.59,8.06,73.08,44.22,59.49,8.13
7.66,40.02,20.11,22.59,8.07,73.30,44.22,59.64,8.12
7.67,40.02,20.14,22.59,8.06,73.08,44.22,59.64,8.12
7.68,40.02,20.11,22.59,8.07,73.30,44.22,59.64,8.12
7.69,40.02,20.11,22.56,8.07,73.30,44.22,59.64,8.12
7.70,39.94,20.14,22.59,8.06,73.08,44.22,59.49,8.13
7.71,40.02,20.14,22.56,8.06,73.30,44.22,59.64,8.12
7.72,40.02,20.11,22.59,8.06,73.30,44.22,59.64,8.13
7.73,40.02,20.11,22.56,8.06,73.30,44.31,59.64,8.13
7.74,40.02,20.11,22.56,8.06,73.08,44.22,59.64,8.13
7.75,40.02,20.14,22.56,8.08,73.30,44.22,59.49,8.12
7.76,40.02,20.11,22.59,8.06,73.30,44.22,59.64,8.13
7.77,40.02,20.14,22.56,8.07,73.08,44.22,59.64,8.12
7.78,40.02,20.14,22.56,8.06,73.08,44.12,59.64,8.12
7.79,39.94,20.11,22.59,8.06,73.30,44.22,59.64,8.12
7.80,40.02,20.11,22.59,8.07,73.30,44.22,59.64,8.13
7.81,40.02,20.14,22.59,8.06,73.30,44.22,59.64,8.13
7.82,40.02,20.11,22.59,8.06,73.30,44.22,59.64,8.12
7.83,40.02,20.11,22.56,8.07,73.08,44.22,59.64,8.12
7.84,40.02,20.14,22.56,8.06,73.30,44.12,59.64,8.12
7.85,40.02,20.11,22.59,8.08,73.30,44.22,59.64,8.12
7.86,40.02,20.11,22.59,8.07,73.30,44.12,59.49,8.12
7.87,40.02,20.11,22.59,8.06,73.30,44.12,59.64,8.13
7.88,40.02,20.14,22.59,8.07,73.30,44.12,59.64,8.12
7.89,40.02,20.11,22.56,8.06,73.30,44.22,59.64,8.12
7.90,40.02,20.11,22.56,8.06,73.08,44.12,59.64,8.12
7.91,40.02,20.11,22.59,8.06,73.30,44.12,59.64,8.13
7.92,40.02,20.11,22.59,8.07,73.30,44.12,59.64,8.13
7.93,40.02,20.11,22.56,8.07,73.30,44.12,59.64,8.12
7.94,40.02,20.14,22.56,8.08,73.30,44.22,59.64,8.13
7.95,40.02,20.11,22.59,8.07,73.30,44.22,59.49,8.11
7.96,40.02,20.11,22.56,8.07,73.30,44.22,59.64,8.13
7.97,39.94,20.11,22.56,8.07,73.30,44.12,59.64,8.12
7.98,40.02,20.14,22.59,8.06,73.30,44.22,59.64,8.12
7.99,40.02,20.11,22.56,8.07,73.30,44.22,59.49,8.12
8.00,40.02,20.08,22.59,8.06,73.08,44.22,59.64,8.13
8.01,40.02,20.11,22.59,8.07,73.30,44.22,59.49,8.13
8.02,40.02,20.11,22.59,8.07,73.08,44.12,59.64,8.11
8.03,40.02,20.11,22.59,8.08,73.30,44.12,59.64,8.12
8.04,40.02,20.11,22.56,8.06,73.30,44.12,59.64,8.12
8.05,40.02,20.11,22.59,8.07,73.30,44.22,59.64,8.13
8.06,39.94,20.11,22.59,8.06,73.08,44.22,59.64,8.13
8.07,40.02,20.14,22.59,8.06,73.30,44.12,59.64,8.12
8.08,40.02,20.11,22.56,8.07,73.30,44.12,59.64,8.12
8.09,40.02,20.14,22.59,8.08,73.08,44.22,59.49,8.12
8.10,40.02,20.11,22.59,8.06,73.30,44.12,59.64,8.12
8.11,40.02,20.11,22.59,8.06,73.30,44.31,59.64,8.12
8.12,40.02,20.11,22.59,8.07,73.30,44.22,59.64,8.12
8.13,40.02,20.11,22.56,8.06,73.30,44.12,59.80,8.13
8.14,40.02,20.14,22.59,8.06,73.30,44.22,59.49,8.12
8.15,40.02,20.14,22.59,8.06,73.30,44.12,59.49,8.13
8.16,40.02,20.11,22.56,8.06,73.30,44.31,59.64,8.12
8.17,40.02,20.11,22.56,8.07,73.30,44.12,59.64,8.13
8.18,40.02,20.08,22.59,8.08,73.08,44.12,59.64,8.13
8.19,39.94,20.11,22.59,8.06,73.30,44.12,59.64,8.12
8.20,39.94,20.14,22.59,8.06,73.30,44.22,59.64,8.13
8.21,40.02,20.11,22.59,8.06,73.30,44.22,59.64,8.12
8.22,40.02,20.11,22.59,8.08,73.30,44.12,59.49,8.12
8.23,39.94,20.11,22.56,8.07,73.30,44.12,59.64,8.12
8.24,40.02,20.11,22.59,8.06,73.30,44.22,59.64,8.12
8.25,40.02,20.11,22.56,8.08,73.08,44.12,59.64,8.12
8.26,40.02,20.11,22.59,8.08,73.30,44.22,59.64,8.12
8.27,40.02,20.11,22.56,8.06,73.30,44.22,59.49,8.12
8.28,40.02,20.11,22.59,8.06,73.30,44.12,59.64,8.12
8.29,39.94,20.11,22.59,8.06,73.08,44.22,59.64,8.12
8.30,40.02,20.11,22.56,8.06,73.30,44.12,59.64,8.12
8.31,40.02,20.14,22.59,8.06,73.30,44.22,59.64,8.12
8.32,39.94,20.11,22.59,8.07,73.30,44.31,59.49,8.12
8.33,40.02,20.11,22.59,8.06,73.30,44.12,59.64,8.12
8.34,39.94,20.14,22.56,8.07,73.30,44.22,59.64,8.12
8.35,40.02,20.14,22.56,8.06,73.30,44.22,59.49,8.13
8.36,40.02,20.11,22.59,8.07,73.08,44.22,59.64,8.12
8.37,40.02,20.14,22.59,8.07,73.30,44.12,59.49,8.12
8.38,40.02,20.11,22.56,8.06,73.30,44.12,59.64,8.12
8.39,40.02,20.11,22.56,8.06,73.30,44.22,59.64,8.12
8.40,40.02,20.14,22.56,8.06,73.08,44.22,59.49,8.12
8.41,40.02,20.11,22.59,8.06,73.30,44.12,59.64,8.12
8.42,40.02,20.11,22.56,8.06,73.30,44.12,59.80,8.12
8.43,40.02,20.14,22.56,8.06,73.08,44.31,59.49,8.12
8.44,39.94,20.08,22.59,8.07,73.08,44.12,59.49,8.11
8.45,40.02,20.11,22.59,8.06,73.30,44.22,59.80,8.13
8.46,40.02,20.14,22.59,8.06,73.30,44.22,59.49,8.13
8.47,40.02,20.11,22.59,8.06,73.08,44.22,59.64,8.13
8.48,39.94,20.11,22.56,8.06,73.08,44.22,59.49,8.12
8.49,39.94,20.11,22.59,8.07,73.30,44.12,59.64,8.12
8.50,39.94,20.11,22.59,8.07,73.30,44.22,59.64,8.12
8.51,40.02,20.11,22.59,8.07,73.08,44.12,59.64,8.13
8.52,40.02,20.14,22.56,8.06,73.30,44.31,59.64,8.12
8.53,40.02,20.14,22.59,8.07,73.08,44.12,59.64,8.14
8.54,39.94,20.14,22.56,8.06,73.30,44.03,59.64,8.13
8.55,40.02,20.11,22.59,8.06,73.30,44.12,59.64,8.12
8.56,40.02,20.11,22.56,8.07,73.08,44.22,59.64,8.14
8.57,40.02,20.11,22.56,8.06,73.08,44.12,59.64,8.12
8.58,40.02,20.14,22.56,8.06,73.30,44.22,59.49,8.12
8.59,40.02,20.11,22.59,8.08,73.30,44.22,59.64,8.13
8.60,40.02,20.11,22.56,8.06,73.30,44.22,59.64,8.12
8.61,40.02,20.14,22.59,8.06,73.08,44.12,59.64,8.14
8.62,40.02,20.14,22.59,8.07,73.30,44.22,59.49,8.12
8.63,40.02,20.11,22.59,8.06,73.30,44.22,59.64,8.12
8.64,39.94,20.11,22.56,8.06,73.30,44.22,59.64,8.12
8.65,40.10,20.11,22.59,8.06,73.08,44.12,59.64,8.12
8.66,40.02,20.14,22.59,8.07,73.30,44.31,59.64,8.12
8.67,40.02,20.11,22.59,8.07,73.30,44.12,59.64,8.12
8.68,40.02,20.11,22.63,8.07,73.30,44.22,59.64,8.12
8.69,40.02,20.11,22.56,8.06,73.30,44.12,59.64,8.12
8.70,40.02,20.11,22.59,8.06,73.08,44.22,59.64,8.12
8.71,39.94,20.11,22.59,8.07,73.30,44.22,59.49,8.12
8.72,40.02,20.11,22.59,8.07,73.30,44.22,59.64,8.13
8.73,40.02,20.11,22.56,8.07,73.08,44.22,59.64,8.12
8.74,40.02,20.11,22.59,8.08,73.30,44.12,59.64,8.12
8.75,40.02,20.11,22.59,8.06,73.30,44.31,59.64,8.13
8.76,40.02,20.11,22.59,8.06,73.30,44.12,59.49,8.12
8.77,40.02,20.11,22.59,8.07,73.30,44.22,59.80,8.12
8.78,39.94,20.11,22.59,8.07,73.30,44.22,59.80,8.11
8.79,40.02,20.11,22.56,8.07,73.30,44.22,59.33,8.12
8.80,40.02,20.11,22.59,8.06,73.30,44.22,59.64,8.12
8.81,40.02,20.11,22.56,8.06,73.30,44.12,59.64,8.13
8.82,39.94,20.14,22.59,8.06,73.30,44.12,59.64,8.12
8.83,40.02,20.14,22.56,8.06,73.30,44.22,59.64,8.12
8.84,40.02,20.14,22.59,8.06,73.30,44.22,59.64,8.13
8.85,39.94,20.11,22.56,8.07,73.30,44.22,59.64,8.13
8.86,40.02,20.11,22.59,8.08,73.08,44.22,59.64,8.12
8.87,40.02,20.11,22.56,8.07,73.30,44.22,59.49,8.11
8.88,40.02,20.11,22.59,8.07,73.30,44.22,59.64,8.12
8.89,40.02,20.11,22.59,8.07,73.30,44.12,59.64,8.12
8.90,40.02,20.11,22.59,8.07,73.30,44.12,59.49,8.13
8.91,40.02,20.11,22.59,8.06,73.08,44.22,59.64,8.11
8.92,40.02,20.11,22.56,8.06,73.30,44.22,59.64,8.12
8.93,40.02,20.11,22.59,8.07,73.30,44.31,59.64,8.11
8.94,40.02,20.14,22.59,8.07,73.30,44.12,59.64,8.13
8.95,39.94,20.11,22.59,8.06,73.30,44.22,59.64,8.12
8.96,40.02,20.11,22.56,8.06,73.08,44.22,59.64,8.12
8.97,40.02,20.11,22.56,8.06,73.08,44.22,59.64,8.13
8.98,39.94,20.11,22.59,8.06,73.30,44.12,59.64,8.13
8.99,39.94,20.11,22.59,8.06,73.30,44.22,59.49,8.12
9.00,40.02,20.11,22.59,8.07,73.30,44.12,59.64,8.12
9.01,39.94,20.11,22.59,8.08,73.30,44.12,59.64,8.13
9.02,40.02,20.11,22.59,8.08,73.30,44.22,59.64,8.12
9.03,40.02,20.14,22.59,8.06,73.08,44.22,59.64,8.12
9.04,40.02,20.11,22.56,8.06,73.30,44.22,59.64,8.13
9.05,40.02,20.11,22.56,8.06,73.08,44.22,59.64,8.12
9.06,40.02,20.14,22.56,8.07,73.30,44.22,59.64,8.12
9.07,40.02,20.11,22.56,8.07,73.30,44.12,59.64,8.12
9.08,40.02,20.11,22.56,8.07,73.30,44.22,59.64,8.12
9.09,39.94,20.11,22.59,8.06,73.30,44.22,59.64,8.13
9.10,39.94,20.11,22.59,8.07,73.30,44.22,59.64,8.13
9.11,40.02,20.11,22.59,8.07,73.30,44.22,59.49,8.12
9.12,40.02,20.11,22.56,8.06,73.30,44.22,59.49,8.13
9.13,40.02,20.11,22.59,8.07,73.08,44.22,59.64,8.12
9.14,40.02,20.11,22.56,8.07,73.30,44.22,59.64,8.13
9.15,40.02,20.11,22.59,8.07,73.30,44.22,59.49,8.12
9.16,40.02,20.14,22.56,8.06,73.30,44.12,59.64,8.12
9.17,40.02,20.14,22.59,8.07,73.30,44.22,59.64,8.13
9.18,39.94,20.11,22.56,8.06,73.30,44.12,59.64,8.12
9.19,40.02,20.11,22.56,8.07,73.30,44.22,59.49,8.13
9.20,39.94,20.14,22.59,8.06,73.30,44.31,59.64,8.12
9.21,39.94,20.11,22.59,8.06,73.08,44.12,59.64,8.12
9.22,40.02,20.11,22.59,8.07,73.30,44.12,59.64,8.13
9.23,40.02,20.11,22.59,8.07,73.08,44.22,59.64,8.12
9.24,40.02,20.11,22.59,8.07,73.30,44.31,59.64,8.11
9.25,40.02,20.14,22.59,8.07,73.30,44.22,59.64,8.12
9.26,40.02,20.11,22.59,8.07,73.30,44.22,59.64,8.12
9.27,40.02,20.14,22.59,8.08,73.08,44.22,59.64,8.12
9.28,40.02,20.14,22.59,8.07,73.30,44.22,59.64,8.12
9.29,40.02,20.14,22.59,8.06,73.08,44.12,59.49,8.12
9.30,40.02,20.14,22.59,8.07,73.08,44.22,59.49,8.11
9.31,40.02,20.11,22.56,8.08,73.08,44.22,59.64,8.13
9.32,39.94,20.11,22.59,8.06,73.30,44.22,59.64,8.12
9.33,40.02,20.11,22.59,8.06,73.30,44.12,59.64,8.12
9.34,39.94,20.11,22.59,8.06,73.30,44.22,59.64,8.13
9.35,40.02,20.11,22.59,8.07,73.30,44.22,59.49,8.12
9.36,40.02,20.11,22.59,8.06,73.30,44.12,59.64,8.12
9.37,40.02,20.14,22.59,8.07,73.30,44.22,59.64,8.12
9.38,40.02,20.16,22.59,8.06,73.30,44.22,59.64,8.12
9.39,40.02,20.14,22.59,8.06,73.08,44.12,59.64,8.12
9.40,39.94,20.14,22.59,8.07,73.08,44.22,59.64,8.13
9.41,39.94,20.11,22.56,8.08,73.30,44.22,59.64,8.12
9.42,40.02,20.11,22.59,8.06,73.30,44.22,59.64,8.12
9.43,40.02,20.11,22.59,8.06,73.08,44.12,59.64,8.12
9.44,39.94,20.11,22.56,8.06,73.30,44.22,59.64,8.12
9.45,39.94,20.11,22.59,8.06,73.30,44.22,59.64,8.12
9.46,40.02,20.14,22.59,8.07,73.30,44.22,59.49,8.12
9.47,40.02,20.11,22.59,8.06,73.30,44.22,59.64,8.13
9.48,39.94,20.14,22.56,8.07,73.08,44.22,59.64,8.11
9.49,39.94,20.14,22.56,8.07,73.30,44.12,59.64,8.12
9.50,40.02,20.11,22.59,8.06,73.30,44.12,59.64,8.12
9.51,40.02,20.11,22.56,8.06,73.30,44.22,59.64,8.13
9.52,40.02,20.14,22.59,8.06,73.08,44.22,59.64,8.11
9.53,39.94,20.14,22.59,8.06,73.30,44.22,59.49,8.13
9.54,40.02,20.11,22.59,8.06,73.30,44.22,59.64,8.13
9.55,40.02,20.11,22.59,8.07,73.30,44.22,59.49,8.12
9.56,39.86,20.11,22.56,8.07,73.30,44.31,59.49,8.13
9.57,40.02,20.11,22.59,8.07,73.30,44.12,59.64,8.12
9.58,39.94,20.14,22.59,8.06,73.30,44.12,59.64,8.12
9.59,39.94,20.14,22.56,8.07,73.30,44.22,59.64,8.12
9.60,39.94,20.11,22.59,8.06,73.08,44.22,59.64,8.13
9.61,39.94,20.14,22.59,8.06,73.30,44.12,59.80,8.13
9.62,40.02,20.14,22.59,8.06,73.30,44.22,59.64,8.13
9.63,40.02,20.14,22.56,8.07,73.08,44.12,59.64,8.12
9.64,40.02,20.11,22.56,8.07,73.08,44.22,59.64,8.13
9.65,39.94,20.11,22.56,8.06,73.30,44.12,59.64,8.12
9.66,40.02,20.11,22.56,8.06,73.30,44.22,59.64,8.12
9.67,40.02,20.11,22.59,8.06,73.30,44.12,59.64,8.12
9.68,39.94,20.11,22.59,8.06,73.08,44.31,59.64,8.13
9.69,40.02,20.11,22.59,8.08,73.30,44.22,59.64,8.13
9.70,40.02,20.14,22.56,8.06,73.30,44.22,59.64,8.12
9.71,40.02,20.14,22.56,8.06,73.30,44.31,59.64,8.12
9.72,40.02,20.14,22.59,8.07,73.08,44.12,59.64,8.11
9.73,39.94,20.11,22.59,8.06,73.30,44.22,59.64,8.12
9.74,39.94,20.11,22.59,8.06,73.30,44.22,59.64,8.12
9.75,40.02,20.14,22.56,8.06,73.30,44.22,59.64,8.11
9.76,39.94,20.11,22.59,8.06,73.30,44.12,59.64,8.12
9.77,40.02,20.14,22.56,8.07,73.30,44.22,59.64,8.13
9.78,39.94,20.11,22.59,8.06,73.30,44.22,59.64,8.12
9.79,39.94,20.14,22.56,8.07,73.30,44.12,59.64,8.13
9.80,39.94,20.11,22.59,8.07,73.30,44.22,59.80,8.12
9.81,40.02,20.14,22.56,8.06,73.30,44.22,59.64,8.12
9.82,39.94,20.14,22.59,8.06,73.30,44.22,59.64,8.13
9.83,39.94,20.11,22.59,8.07,73.30,44.22,59.64,8.12
9.84,40.02,20.14,22.59,8.07,73.30,44.22,59.64,8.12
9.85,40.02,20.14,22.56,8.06,73.30,44.22,59.64,8.12
9.86,40.02,20.14,22.56,8.07,73.08,44.22,59.49,8.13
9.87,40.02,20.11,22.56,8.06,73.30,44.22,59.64,8.14
9.88,40.02,20.14,22.56,8.07,73.30,44.22,59.49,8.13
9.89,40.02,20.14,22.59,8.06,73.30,44.31,59.49,8.11
9.90,39.94,20.11,22.59,8.06,73.52,44.22,59.64,8.12
9.91,40.02,20.11,22.56,8.06,73.08,44.22,59.64,8.12
9.92,39.94,20.11,22.59,8.06,73.52,44.12,59.64,8.13
9.93,40.02,20.11,22.59,8.08,73.30,44.22,59.64,8.12
9.94,40.02,20.11,22.59,8.06,73.30,44.22,59.64,8.12
9.95,40.02,20.11,22.56,8.06,73.08,44.22,59.64,8.12
9.96,40.02,20.11,22.59,8.07,73.08,44.22,59.80,8.12
9.97,40.02,20.14,22.56,8.08,73.30,44.22,59.49,8.12
9.98,40.02,20.11,22.59,8.06,73.08,44.22,59.64,8.12
9.99,39.94,20.14,22.59,8.06,73.30,44.31,59.80,8.13
10.00,40.02,20.11,22.59,8.06,73.52,44.22,59.64,8.13
10.01,40.02,20.14,22.56,8.06,73.30,44.22,59.64,8.13
10.02,40.02,20.16,22.59,8.06,73.30,44.22,59.64,8.12
10.03,40.02,20.11,22.59,8.06,73.30,44.22,59.64,8.14
10.04,40.02,20.11,22.59,8.07,73.08,44.22,59.64,8.13
10.05,40.02,20.14,22.56,8.06,73.30,44.22,59.64,8.13
10.06,40.02,20.14,22.59,8.06,73.08,44.31,59.64,8.13
10.07,39.94,20.14,22.59,8.07,73.30,44.12,59.64,8.12
10.08,40.02,20.11,22.59,8.07,73.30,44.12,59.64,8.12
10.09,40.02,20.11,22.59,8.06,73.30,44.22,59.64,8.12
10.10,40.02,20.11,22.59,8.06,73.30,44.22,59.64,8.13
10.11,40.02,20.14,22.59,8.06,73.30,44.22,59.64,8.12
10.12,40.02,20.14,22.59,8.06,73.30,44.22,59.64,8.12
10.13,39.94,20.14,22.59,8.06,73.30,44.12,59.80,8.12
10.14,39.94,20.11,22.59,8.07,73.30,44.12,59.64,8.12
10.15,40.02,20.14,22.56,8.06,73.30,44.22,59.64,8.12
10.16,39.94,20.14,22.59,8.07,73.08,44.31,59.64,8.13
10.17,40.02,20.14,22.59,8.06,73.08,44.12,59.64,8.13
10.18,39.94,20.11,22.59,8.06,73.30,44.12,59.64,8.12
10.19,40.02,20.14,22.56,8.07,73.08,44.31,59.64,8.13
10.20,40.02,20.11,22.59,8.06,73.30,44.22,59.64,8.12
10.21,40.02,20.11,22.59,8.06,73.30,44.22,59.64,8.12
10.22,40.02,20.11,22.59,8.07,73.30,44.22,59.64,8.12
10.23,40.02,20.14,22.59,8.06,73.08,44.31,59.64,8.13
10.24,40.02,20.14,22.59,8.07,73.30,44.12,59.64,8.12
10.25,39.94,20.14,22.56,8.06,73.08,44.22,59.49,8.13
10.26,39.94,20.14,22.59,8.06,73.30,44.22,59.64,8.12
10.27,40.02,20.11,22.59,8.07,73.30,44.22,59.64,8.13
10.28,40.02,20.14,22.59,8.06,73.30,44.31,59.64,8.13
10.29,40.02,20.11,22.59,8.07,73.30,44.22,59.64,8.13
10.30,40.02,20.14,22.59,8.07,73.30,44.22,59.64,8.13
10.31,39.94,20.14,22.59,8.07,73.30,44.22,59.64,8.13
10.32,40.02,20.14,22.59,8.06,73.30,44.22,59.49,8.12
10.33,40.02,20.11,22.59,8.07,73.08,44.22,59.64,8.12
10.34,39.94,20.11,22.59,8.06,73.30,44.12,59.64,8.11
10.35,40.02,20.14,22.59,8.08,73.30,44.22,59.64,8.12
10.36,40.02,20.11,22.56,8.06,73.30,44.22,59.64,8.12
10.37,40.02,20.11,22.59,8.07,73.08,44.31,59.64,8.11
10.38,40.02,20.11,22.56,8.07,73.30,44.22,59.49,8.12
10.39,39.94,20.14,22.59,8.06,73.30,44.22,59.64,8.12
10.40,40.02,20.14,22.59,8.06,73.30,44.22,59.64,8.11
10.41,39.94,20.11,22.56,8.06,73.30,44.22,59.64,8.12
10.42,39.94,20.11,22.56,8.06,73.08,44.22,59.64,8.11
10.43,40.02,20.11,22.59,8.06,73.30,44.22,59.64,8.13
10.44,40.02,20.14,22.59,8.07,73.30,44.22,59.64,8.12
10.45,40.02,20.11,22.59,8.06,73.08,44.22,59.64,8.12
10.46,40.02,20.14,22.56,8.07,73.30,44.12,59.64,8.12
10.47,40.02,20.14,22.56,8.06,73.30,44.22,59.64,8.12
10.48,40.02,20.14,22.59,8.07,73.30,44.12,59.64,8.13
10.49,40.02,20.14,22.59,8.06,73.08,44.22,59.64,8.13
10.50,39.94,20.14,22.59,8.07,73.30,44.22,59.64,8.13
10.51,39.94,20.11,22.59,8.06,73.30,44.22,59.64,8.12
10.52,40.02,20.14,22.59,8.06,73.30,44.22,59.49,8.13
10.53,39.94,20.11,22.59,8.07,73.30,44.12,59.64,8.13
10.54,40.02,20.14,22.59,8.08,73.30,44.12,59.64,8.14
10.55,40.02,20.16,22.59,8.06,73.08,44.22,59.64,8.13
10.56,40.02,20.11,22.56,8.06,73.30,44.22,59.64,8.13
10.57,40.02,20.11,22.59,8.06,73.30,44.12,59.49,8.13
10.58,39.94,20.14,22.59,8.08,73.08,44.22,59.64,8.12
10.59,40.02,20.14,22.59,8.06,73.08,44.31,59.64,8.12
10.60,39.94,20.14,22.56,8.07,73.30,44.22,59.64,8.12
10.61,39.94,20.11,22.59,8.07,73.30,44.22,59.64,8.12
10.62,40.02,20.14,22.56,8.06,73.30,44.22,59.64,8.13
10.63,39.94,20.16,22.59,8.06,73.30,44.22,59.64,8.13
10.64,39.94,20.14,22.59,8.07,73.30,44.22,59.64,8.13
10.65,40.02,20.14,22.59,8.08,73.30,44.12,59.64,8.13
10.66,40.02,20.11,22.59,8.06,73.30,44.12,59.64,8.12
10.67,40.02,20.11,22.59,8.07,73.30,44.22,59.64,8.12
10.68,40.02,20.11,22.59,8.08,73.08,44.12,59.49,8.13
10.69,40.02,20.14,22.59,8.06,73.30,44.22,59.64,8.12
10.70,39.94,20.14,22.59,8.07,73.30,44.22,59.64,8.12
10.71,40.02,20.14,22.59,8.07,73.30,44.12,59.64,8.12
10.72,39.94,20.08,22.59,8.06,73.30,44.12,59.64,8.12
10.73,39.94,20.11,22.59,8.06,73.30,44.31,59.80,8.13
10.74,39.94,20.14,22.59,8.06,73.30,44.12,59.64,8.13
10.75,40.02,20.16,22.59,8.06,73.30,44.31,59.64,8.14
10.76,39.94,20.11,22.59,8.06,73.30,44.22,59.64,8.12
10.77,39.94,20.14,22.59,8.07,73.30,44.22,59.64,8.13
10.78,39.94,20.11,22.59,8.07,73.30,44.22,59.49,8.12
10.79,39.94,20.11,22.59,8.06,73.30,44.22,59.64,8.13
10.80,39.94,20.11,22.59,8.06,73.30,44.31,59.64,8.13
10.81,40.02,20.11,22.59,8.06,73.30,44.22,59.64,8.12
10.82,40.02,20.16,22.59,8.06,73.30,44.12,59.64,8.13
10.83,40.02,20.11,22.59,8.07,73.30,44.22,59.64,8.12
10.84,40.02,20.14,22.59,8.07,73.30,44.22,59.80,8.13
10.85,39.94,20.11,22.59,8.04,73.30,44.22,59.64,8.13
10.86,40.02,20.11,22.59,8.07,73.30,44.31,59.64,8.13
10.87,39.94,20.14,22.59,8.07,73.08,44.12,59.64,8.12
10.88,40.02,20.11,22.59,8.06,73.08,44.12,59.64,8.12
10.89,40.02,20.14,22.59,8.07,73.30,44.22,59.64,8.13
10.90,39.94,20.14,22.56,8.07,73.30,44.22,59.64,8.13
10.91,40.02,20.11,22.59,8.06,73.30,44.12,59.49,8.12
10.92,39.94,20.14,22.59,8.06,73.30,44.31,59.64,8.12
10.93,40.02,20.11,22.59,8.07,73.30,44.22,59.64,8.13
10.94,40.02,20.14,22.59,8.08,73.08,44.22,59.64,8.12
10.95,40.02,20.14,22.59,8.07,73.30,44.22,59.64,8.12
10.96,40.02,20.11,22.59,8.06,73.30,44.22,59.64,8.13
10.97,40.02,20.14,22.59,8.07,73.30,44.22,59.64,8.12
10.98,39.94,20.14,22.59,8.07,73.30,44.22,59.64,8.12
10.99,40.02,20.11,22.59,8.07,73.30,44.22,59.49,8.12
11.00,40.02,20.14,22.59,8.07,73.30,44.22,59.64,8.12
11.01,39.94,20.14,22.59,8.06,73.30,44.12,59.64,8.13
11.02,40.02,20.11,22.59,8.06,73.08,44.22,59.49,8.11
11.03,39.94,20.11,22.59,8.06,73.08,44.22,59.64,8.12
11.04,40.02,20.11,22.59,8.07,73.30,44.22,59.64,8.12
11.05,40.02,20.11,22.59,8.06,73.30,44.22,59.64,8.12
11.06,40.02,20.14,22.56,8.06,73.30,44.22,59.64,8.13
11.07,40.02,20.11,22.59,8.06,73.30,44.22,59.64,8.13
11.08,40.02,20.14,22.59,8.07,73.30,44.22,59.49,8.12
11.09,39.94,20.11,22.59,8.07,73.30,44.22,59.64,8.13
11.10,39.94,20.14,22.59,8.06,73.30,44.22,59.64,8.12
11.11,39.94,20.14,22.59,8.06,73.52,44.22,59.64,8.12
11.12,40.02,20.11,22.59,8.06,73.08,44.12,59.64,8.13
11.13,39.94,20.11,22.59,8.06,73.30,44.22,59.64,8.12
11.14,39.94,20.14,22.59,8.06,73.30,44.12,59.64,8.12
11.15,39.94,20.11,22.59,8.07,73.08,44.12,59.64,8.12
11.16,40.02,20.14,22.59,8.06,73.30,44.22,59.80,8.12
11.17,39.94,20.14,22.59,8.06,73.30,44.22,59.95,8.13
11.18,40.02,20.11,22.56,8.06,73.30,44.12,59.49,8.13
11.19,40.02,20.11,22.59,8.06,73.08,44.22,59.49,8.12
11.20,40.02,20.14,22.59,8.06,73.30,44.22,59.64,8.12
11.21,39.94,20.11,22.59,8.07,73.30,44.22,59.64,8.12
11.22,40.02,20.11,22.59,8.06,73.30,44.22,59.64,8.12
11.23,39.94,20.14,22.59,8.07,73.08,44.22,59.49,8.12
11.24,40.02,20.14,22.56,8.06,73.30,44.22,59.49,8.12
11.25,39.94,20.14,22.59,8.06,73.30,44.22,59.49,8.13
11.26,40.02,20.11,22.59,8.07,73.08,44.22,59.64,8.12
11.27,40.02,20.14,22.59,8.08,73.30,44.22,59.64,8.12
11.28,40.02,20.14,22.56,8.06,73.30,44.22,59.49,8.12
11.29,40.02,20.14,22.59,8.06,73.30,44.22,59.64,8.12
11.30,39.94,20.14,22.59,8.06,73.30,44.12,59.64,8.12
11.31,40.02,20.11,22.56,8.07,73.30,44.22,59.49,8.13
11.32,39.94,20.14,22.59,8.06,73.30,44.31,59.64,8.12
11.33,39.94,20.14,22.59,8.07,73.30,44.12,59.64,8.13
11.34,40.02,20.11,22.56,8.07,73.08,44.22,59.49,8.13
11.35,40.02,20.11,22.56,8.07,73.30,44.22,59.64,8.13
11.36,39.94,20.11,22.59,8.07,73.30,44.22,59.64,8.12
11.37,40.02,20.11,22.59,8.07,73.30,44.22,59.64,8.13
11.38,39.94,20.14,22.56,8.06,73.30,44.22,59.64,8.12
11.39,39.94,20.14,22.59,8.06,73.30,44.22,59.64,8.13
11.40,40.02,20.11,22.59,8.06,73.30,44.22,59.80,8.12
11.41,39.94,20.14,22.59,8.06,73.08,44.22,59.49,8.13
11.42,39.94,20.11,22.59,8.06,73.30,44.22,59.64,8.12
11.43,40.02,20.11,22.59,8.07,73.30,44.22,59.49,8.12
11.44,40.02,20.11,22.59,8.07,73.30,44.12,59.64,8.12
11.45,40.02,20.14,22.59,8.06,73.30,44.12,59.64,8.13
11.46,39.94,20.11,22.59,8.07,73.30,44.31,59.64,8.12
11.47,40.02,20.14,22.59,8.07,73.30,44.12,59.49,8.12
11.48,39.94,20.11,22.56,8.07,73.30,44.22,59.49,8.12
11.49,40.02,20.11,22.59,8.06,73.30,44.22,59.49,8.12
11.50,40.02,20.11,22.59,8.06,73.30,44.12,59.64,8.12
11.51,40.02,20.11,22.59,8.07,73.30,44.22,59.64,8.13
11.52,40.02,20.14,22.56,8.06,73.30,44.12,59.64,8.13
11.53,39.94,20.11,22.59,8.07,73.30,44.12,59.64,8.12
11.54,39.94,20.11,22.59,8.06,73.30,44.31,59.64,8.12
11.55,40.02,20.14,22.56,8.06,73.30,44.22,59.49,8.13
11.56,39.94,20.11,22.59,8.06,73.30,44.22,59.64,8.13
11.57,40.02,20.11,22.59,8.07,73.30,44.22,59.64,8.12
11.58,40.02,20.14,22.59,8.06,73.30,44.31,59.64,8.12
11.59,39.94,20.11,22.59,8.06,73.30,44.12,59.64,8.12
11.60,40.02,20.14,22.59,8.07,73.30,44.22,59.64,8.13
11.61,40.02,20.11,22.59,8.07,73.30,44.22,59.64,8.13
11.62,39.94,20.11,22.59,8.07,73.30,44.22,59.64,8.12
11.63,39.94,20.14,22.59,8.06,73.30,44.12,59.49,8.12
11.64,39.94,20.11,22.59,8.06,73.30,44.12,59.64,8.13
11.65,40.02,20.11,22.56,8.06,73.30,44.22,59.64,8.12
11.66,39.94,20.11,22.59,8.07,73.30,44.22,59.49,8.12
11.67,39.94,20.11,22.59,8.07,73.30,44.12,59.64,8.12
11.68,40.02,20.14,22.59,8.06,73.08,44.22,59.49,8.12
11.69,40.02,20.11,22.56,8.06,73.08,44.22,59.64,8.12
11.70,39.94,20.11,22.56,8.06,73.30,44.22,59.64,8.12
11.71,39.94,20.11,22.56,8.07,73.08,44.12,59.64,8.12
11.72,40.02,20.14,22.59,8.06,73.30,44.22,59.64,8.12
11.73,39.94,20.11,22.59,8.07,73.30,44.12,59.64,8.13
11.74,39.94,20.11,22.56,8.08,73.30,44.22,59.64,8.12
11.75,39.94,20.11,22.56,8.08,73.08,44.22,59.64,8.13
11.76,40.02,20.11,22.59,8.06,73.30,44.22,59.49,8.13
11.77,40.02,20.11,22.56,8.06,73.30,44.22,59.64,8.12
11.78,39.94,20.11,22.56,8.07,73.30,44.12,59.64,8.12
11.79,39.94,20.11,22.56,8.06,73.08,44.22,59.49,8.13
11.80,39.94,20.11,22.56,8.06,73.08,44.12,59.49,8.12
11.81,40.02,20.14,22.59,8.06,73.30,44.31,59.64,8.13
11.82,39.94,20.11,22.59,8.06,73.30,44.22,59.49,8.12
11.83,39.94,20.11,22.56,8.06,73.30,44.22,59.64,8.13
11.84,39.94,20.14,22.56,8.08,73.30,44.22,59.49,8.13
11.85,40.02,20.14,22.56,8.08,73.30,44.31,59.49,8.12
11.86,39.94,20.11,22.56,8.07,73.30,44.22,59.49,8.13
11.87,40.02,20.11,22.59,8.07,73.08,44.22,59.64,8.11
11.88,40.02,20.11,22.59,8.07,73.30,44.22,59.49,8.13
11.89,40.02,20.11,22.59,8.07,73.08,44.22,59.49,8.12
11.90,39.94,20.11,22.56,8.06,73.08,44.22,59.64,8.13
11.91,39.94,20.11,22.56,8.06,73.08,44.12,59.64,8.13
11.92,40.02,20.14,22.59,8.06,73.30,44.12,59.49,8.12
11.93,39.94,20.14,22.56,8.06,73.30,44.22,59.64,8.13
11.94,39.94,20.11,22.59,8.06,73.30,44.12,59.64,8.12
11.95,40.02,20.11,22.56,8.07,73.30,44.12,59.64,8.13
11.96,40.02,20.14,22.59,8.06,73.30,44.22,59.64,8.12
11.97,40.02,20.14,22.56,8.06,73.30,44.12,59.49,8.13
11.98,40.02,20.14,22.59,8.07,73.30,44.22,59.64,8.12
11.99,39.94,20.11,22.59,8.07,73.08,44.22,59.64,8.12
12.00,40.02,20.14,22.59,8.06,73.30,44.12,59.64,8.13
12.01,39.94,20.14,22.56,8.06,73.30,44.22,59.49,8.12
12.02,39.94,20.11,22.59,8.06,73.30,44.22,59.80,8.12
12.03,40.02,20.11,22.56,8.06,73.08,44.22,59.49,8.12
12.04,39.94,20.11,22.59,8.07,73.30,44.22,59.64,8.12
12.05,39.94,20.14,22.59,8.06,73.30,44.22,59.64,8.14
12.06,39.94,20.14,22.56,8.06,73.30,44.12,59.49,8.14
12.07,40.02,20.11,22.56,8.06,73.30,44.31,59.64,8.12
12.08,40.02,20.11,22.59,8.07,73.30,44.31,59.49,8.12
12.09,40.02,20.14,22.59,8.06,73.08,44.12,59.49,8.12
12.10,39.94,20.11,22.59,8.06,73.30,44.31,59.49,8.11
12.11,39.94,20.11,22.59,8.07,73.08,44.12,59.49,8.13
12.12,40.02,20.11,22.59,8.08,73.30,44.22,59.64,8.12
12.13,39.94,20.14,22.56,8.06,73.30,44.22,59.49,8.13
12.14,39.94,20.11,22.59,8.07,73.30,44.22,59.49,8.13
12.15,39.94,20.14,22.59,8.06,73.30,44.22,59.49,8.11
12.16,39.94,20.14,22.56,8.07,73.08,44.22,59.49,8.12
12.17,40.02,20.11,22.59,8.07,73.08,44.22,59.49,8.12
12.18,39.94,20.11,22.59,8.06,73.08,44.22,59.64,8.13
12.19,39.94,20.14,22.59,8.07,73.30,44.22,59.64,8.12
12.20,40.02,20.14,22.56,8.07,73.30,44.22,59.49,8.13
12.21,39.94,20.11,22.56,8.07,73.08,44.22,59.64,8.12
12.22,39.86,20.11,22.56,8.06,73.08,44.12,59.64,8.12
12.23,40.02,20.11,22.56,8.06,73.30,44.22,59.64,8.12
12.24,39.94,20.14,22.59,8.06,73.30,44.31,59.49,8.12
12.25,40.02,20.11,22.56,8.06,73.30,44.12,59.64,8.12
12.26,40.02,20.14,22.59,8.06,73.30,44.22,59.64,8.12
12.27,39.94,20.11,22.59,8.06,73.30,44.12,59.64,8.12
12.28,40.02,20.14,22.56,8.07,73.30,44.12,59.64,8.12
12.29,40.02,20.11,22.56,8.06,73.30,44.22,59.49,8.13
12.30,39.94,20.14,22.59,8.06,73.08,44.22,59.33,8.12
12.31,40.02,20.14,22.56,8.06,72.85,44.22,59.64,8.13
12.32,39.94,20.14,22.59,8.08,73.30,44.22,59.49,8.12
12.33,39.94,20.11,22.56,8.06,73.30,44.22,59.64,8.13
12.34,40.02,20.11,22.56,8.07,73.08,44.22,59.49,8.12
12.35,39.94,20.14,22.56,8.06,73.30,44.22,59.80,8.13
12.36,40.02,20.14,22.59,8.06,73.30,44.22,59.80,8.12
12.37,39.94,20.08,22.59,8.06,73.30,44.22,59.49,8.12
12.38,39.94,20.11,22.59,8.07,73.08,44.12,59.64,8.12
12.39,39.94,20.11,22.59,8.06,73.30,44.22,59.64,8.12
12.40,39.94,20.11,22.59,8.06,73.30,44.12,59.64,8.12
12.41,39.94,20.11,22.59,8.06,73.30,44.22,59.49,8.12
12.42,40.02,20.11,22.56,8.07,73.08,44.12,59.49,8.13
12.43,40.02,20.14,22.59,8.07,73.08,44.22,59.49,8.13
12.44,39.94,20.14,22.56,8.06,73.30,44.12,59.49,8.11
12.45,40.02,20.11,22.59,8.06,73.30,44.12,59.64,8.12
12.46,40.02,20.11,22.56,8.06,73.08,44.22,59.64,8.12
12.47,40.02,20.11,22.59,8.06,73.30,44.22,59.64,8.11
12.48,40.02,20.11,22.56,8.07,73.08,44.22,59.49,8.11
12.49,39.94,20.11,22.59,8.06,73.08,44.22,59.49,8.12
12.50,39.94,20.11,22.59,8.06,73.30,44.22,59.49,8.11
12.51,40.02,20.14,22.59,8.07,73.30,44.31,59.64,8.13
12.52,39.94,20.14,22.59,8.06,73.08,44.12,59.49,8.12
12.53,39.94,20.11,22.59,8.06,73.08,44.22,59.49,8.12
12.54,39.94,20.11,22.56,8.06,73.30,44.22,59.64,8.12
12.55,39.94,20.11,22.59,8.06,73.08,44.12,59.64,8.13
12.56,40.02,20.14,22.56,8.06,73.30,44.22,59.64,8.13
12.57,39.94,20.11,22.59,8.06,73.08,44.22,59.49,8.11
12.58,40.02,20.14,22.56,8.06,73.30,44.12,59.64,8.12
12.59,40.02,20.11,22.59,8.07,73.08,44.22,59.49,8.11
12.60,39.94,20.14,22.59,8.06,73.08,44.22,59.49,8.12
12.61,39.94,20.14,22.59,8.06,73.30,44.12,59.64,8.11
12.62,40.02,20.11,22.59,8.06,73.30,44.22,59.49,8.13
12.63,40.02,20.11,22.59,8.08,73.08,44.12,59.64,8.12
12.64,40.02,20.14,22.56,8.06,73.08,44.12,59.49,8.12
12.65,39.94,20.11,22.56,8.06,73.30,44.22,59.49,8.11
12.66,39.94,20.11,22.59,8.06,73.08,44.12,59.64,8.12
12.67,39.94,20.11,22.59,8.07,73.30,44.22,59.64,8.12
12.68,40.02,20.11,22.59,8.06,73.30,44.22,59.49,8.12
12.69,40.02,20.11,22.56,8.06,73.08,44.12,59.64,8.12
12.70,40.02,20.11,22.59,8.06,73.08,44.22,59.64,8.12
12.71,39.94,20.11,22.59,8.07,73.30,44.12,59.64,8.12
12.72,39.94,20.11,22.59,8.06,73.30,44.22,59.49,8.13
12.73,40.02,20.14,22.56,8.06,73.30,44.12,59.64,8.12
12.74,40.02,20.14,22.59,8.06,73.30,44.22,59.49,8.12
12.75,39.94,20.11,22.59,8.07,73.30,44.12,59.49,8.12
12.76,40.02,20.11,22.59,8.06,73.30,44.22,59.64,8.12
12.77,40.02,20.14,22.56,8.07,73.30,44.22,59.64,8.13
12.78,40.02,20.11,22.59,8.07,73.08,44.22,59.64,8.12
12.79,39.94,20.11,22.59,8.06,73.08,44.22,59.49,8.11
12.80,40.02,20.14,22.59,8.07,73.08,44.22,59.64,8.13
12.81,39.94,20.14,22.56,8.07,73.08,44.12,59.49,8.12
12.82,40.02,20.11,22.56,8.06,73.30,44.12,59.64,8.12
12.83,39.94,20.11,22.59,8.04,73.08,44.22,59.64,8.13
12.84,40.02,20.11,22.59,8.07,73.30,44.22,59.49,8.12
12.85,39.94,20.11,22.56,8.06,73.30,44.12,59.64,8.13
12.86,40.02,20.14,22.59,8.06,73.30,44.31,59.49,8.11
12.87,40.02,20.14,22.59,8.06,73.08,44.31,59.49,8.12
12.88,40.02,20.11,22.56,8.07,73.30,44.12,59.49,8.11
12.89,39.94,20.11,22.59,8.07,73.08,44.12,59.49,8.13
12.90,40.02,20.14,22.59,8.06,73.30,44.22,59.64,8.12
12.91,40.02,20.11,22.59,8.06,73.30,44.22,59.49,8.12
12.92,40.02,20.11,22.59,8.06,73.08,44.22,59.64,8.12
12.93,39.94,20.11,22.59,8.06,73.30,44.22,59.64,8.12
12.94,39.94,20.11,22.59,8.06,73.30,44.12,59.64,8.13
12.95,40.02,20.11,22.56,8.06,73.30,44.22,59.64,8.12
12.96,40.02,20.11,22.59,8.06,73.30,44.22,59.49,8.12
12.97,40.02,20.11,22.59,8.07,73.08,44.22,59.64,8.12
12.98,40.02,20.14,22.56,8.06,73.08,44.22,59.64,8.12
12.99,40.02,20.14,22.56,8.06,73.30,44.22,59.64,8.13
13.00,39.94,20.11,22.56,8.06,73.30,44.22,59.64,8.12
13.01,40.02,20.11,22.59,8.06,73.30,44.12,59.64,8.11
13.02,39.94,20.11,22.59,8.06,73.30,44.12,59.64,8.13
13.03,40.02,20.11,22.59,8.06,73.08,44.22,59.49,8.12
13.04,39.94,20.11,22.59,8.06,73.30,44.22,59.64,8.13
13.05,40.02,20.14,22.59,8.07,73.08,44.22,59.64,8.13
13.06,39.94,20.14,22.56,8.06,73.30,44.12,59.64,8.12
13.07,40.02,20.14,22.56,8.06,73.30,44.22,59.64,8.13
13.08,40.02,20.11,22.56,8.06,73.08,44.22,59.64,8.12
13.09,39.94,20.11,22.56,8.07,73.30,44.22,59.64,8.13
13.10,39.94,20.11,22.56,8.07,73.30,44.12,59.64,8.12
13.11,39.94,20.11,22.59,8.06,73.30,44.22,59.64,8.12
13.12,39.94,20.11,22.56,8.06,73.08,44.22,59.64,8.12
13.13,40.02,20.14,22.59,8.06,73.08,44.22,59.64,8.13
13.14,40.02,20.14,22.59,8.06,73.30,44.22,59.49,8.12
13.15,40.02,20.16,22.56,8.07,73.30,44.31,59.64,8.13
13.16,40.02,20.11,22.59,8.06,73.30,44.12,59.49,8.13
13.17,39.94,20.14,22.59,8.07,73.30,44.12,59.64,8.11
13.18,40.02,20.11,22.59,8.07,73.08,44.22,59.49,8.12
13.19,40.02,20.11,22.56,8.07,73.30,44.12,59.49,8.12
13.20,39.94,20.14,22.59,8.06,73.30,44.12,59.49,8.12
13.21,39.94,20.11,22.59,8.06,73.30,44.22,59.64,8.13
13.22,40.02,20.11,22.59,8.06,73.30,44.22,59.64,8.13
13.23,39.94,20.14,22.56,8.06,73.30,44.22,59.64,8.12
13.24,40.02,20.14,22.56,8.06,73.30,44.22,59.64,8.13
13.25,40.02,20.11,22.59,8.07,73.08,44.12,59.49,8.12
13.26,39.94,20.11,22.56,8.06,73.30,44.12,59.64,8.13
13.27,39.94,20.14,22.56,8.06,73.30,44.22,59.49,8.11
13.28,40.02,20.11,22.56,8.06,73.08,44.12,59.49,8.13
13.29,39.94,20.11,22.59,8.06,73.30,44.31,59.64,8.12
13.30,40.02,20.14,22.56,8.07,73.30,44.31,59.64,8.12
13.31,40.02,20.11,22.59,8.06,73.08,44.22,59.49,8.13
13.32,39.94,20.11,22.59,8.06,73.08,44.12,59.64,8.12
13.33,40.02,20.14,22.59,8.06,73.30,44.22,59.49,8.14
13.34,40.02,20.11,22.56,8.07,73.30,44.22,59.49,8.11
13.35,39.94,20.14,22.56,8.07,73.30,44.22,59.49,8.11
13.36,39.94,20.11,22.59,8.07,73.08,44.12,59.64,8.13
13.37,39.94,20.11,22.59,8.07,73.30,44.22,59.64,8.11
13.38,39.94,20.11,22.56,8.07,73.30,44.22,59.64,8.13
13.39,40.02,20.11,22.56,8.06,73.30,44.12,59.64,8.13
13.40,40.10,20.14,22.59,8.06,73.30,44.22,59.64,8.12
13.41,39.86,20.11,22.56,8.08,73.08,44.22,59.64,8.13
13.42,40.02,20.14,22.59,8.07,73.30,44.12,59.49,8.12
13.43,40.02,20.11,22.56,8.06,73.30,44.12,59.64,8.13
13.44,40.02,20.14,22.59,8.06,73.08,44.12,59.49,8.12
13.45,39.94,20.11,22.59,8.07,73.30,44.22,59.49,8.13
13.46,39.94,20.11,22.59,8.06,73.30,44.12,59.64,8.12
13.47,39.94,20.11,22.56,8.07,73.08,44.12,59.49,8.12
13.48,40.02,20.11,22.59,8.06,73.30,44.22,59.64,8.11
13.49,40.02,20.14,22.59,8.07,73.30,44.22,59.49,8.13
13.50,39.94,20.11,22.59,8.06,72.85,44.22,59.49,8.12
13.51,40.02,20.14,22.59,8.07,73.08,44.12,59.49,8.13
13.52,39.94,20.11,22.59,8.06,73.30,44.22,59.64,8.12
13.53,40.02,20.11,22.59,8.06,73.08,44.22,59.49,8.13
13.54,39.94,20.14,22.59,8.06,73.08,44.22,59.80,8.12
13.57,40.02,20.14,22.56,8.06,73.08,44.22,59.80,8.12
13.57,40.02,20.14,22.59,8.06,73.30,44.22,59.33,8.13
13.58,40.02,20.14,22.59,8.06,73.08,44.22,59.49,8.12
13.59,40.02,20.11,22.59,8.06,73.30,44.22,59.64,8.13
13.60,40.02,20.14,22.59,8.06,73.30,44.12,59.49,8.13
13.61,40.02,20.14,22.59,8.07,73.30,44.22,59.49,8.13
13.62,40.02,20.11,22.59,8.07,73.30,44.22,59.64,8.11
13.63,40.02,20.14,22.59,8.06,73.08,44.22,59.64,8.13
13.64,39.94,20.11,22.59,8.06,73.08,44.22,59.49,8.11
13.65,39.94,20.11,22.59,8.06,73.30,44.22,59.49,8.14
13.66,40.02,20.11,22.56,8.06,73.30,44.22,59.80,8.12
13.67,40.02,20.11,22.59,8.06,73.08,44.22,59.49,8.12
13.68,39.94,20.14,22.59,8.07,73.30,44.22,59.49,8.12
13.69,39.94,20.11,22.59,8.07,73.30,44.12,59.64,8.12
13.70,40.02,20.11,22.56,8.07,73.30,44.12,59.64,8.12
13.71,40.02,20.11,22.56,8.06,73.30,44.22,59.64,8.13
13.72,40.02,20.14,22.59,8.06,73.30,44.12,59.64,8.12
13.73,40.02,20.14,22.56,8.07,73.30,44.22,59.64,8.13
13.74,39.94,20.14,22.56,8.07,73.30,44.22,59.64,8.12
13.75,40.02,20.11,22.59,8.06,73.30,44.22,59.49,8.12
13.76,39.94,20.14,22.56,8.06,73.08,44.22,59.64,8.13
13.77,40.02,20.14,22.59,8.07,73.30,44.22,59.64,8.12
13.78,39.94,20.11,22.59,8.06,73.30,44.22,59.64,8.13
13.79,40.02,20.11,22.59,8.06,73.30,44.22,59.49,8.13
13.80,40.02,20.14,22.59,8.06,73.30,44.31,59.49,8.13
13.81,40.02,20.11,22.56,8.06,73.30,44.12,59.64,8.12
13.82,39.94,20.11,22.59,8.06,73.30,44.31,59.49,8.12
13.83,40.02,20.08,22.59,8.06,73.30,44.22,59.64,8.13
13.84,40.02,20.16,22.59,8.06,73.30,44.12,59.64,8.12
13.85,40.02,20.14,22.59,8.07,73.30,44.22,59.49,8.12
13.86,39.94,20.14,22.59,8.06,73.30,44.22,59.64,8.12
13.87,40.02,20.11,22.59,8.07,73.30,44.22,59.64,8.13
13.88,39.94,20.11,22.56,8.06,73.30,44.22,59.49,8.12
13.89,40.02,20.11,22.56,8.07,73.08,44.12,59.64,8.12
13.90,40.02,20.11,22.56,8.07,73.30,44.22,59.64,8.12
13.91,40.02,20.11,22.59,8.07,73.30,44.22,59.64,8.12
13.92,40.02,20.11,22.59,8.07,73.30,44.22,59.64,8.12
13.93,40.02,20.11,22.59,8.08,73.30,44.12,59.64,8.13
13.94,40.02,20.14,22.56,8.06,73.30,44.22,59.33,8.12
13.95,40.02,20.16,22.59,8.07,73.08,44.22,59.64,8.12
13.96,40.02,20.11,22.59,8.06,73.30,44.22,59.64,8.12
13.97,39.94,20.14,22.56,8.06,73.30,44.22,59.49,8.12
13.98,40.02,20.11,22.56,8.06,73.30,44.12,59.49,8.12
13.99,39.94,20.14,22.59,8.06,73.30,44.22,59.64,8.12
14.00,39.94,20.11,22.59,8.06,73.30,44.12,59.49,8.12
14.01,40.02,20.14,22.56,8.07,73.30,44.31,59.64,8.12
14.02,40.02,20.14,22.59,8.07,73.30,44.22,59.64,8.12
14.03,40.02,20.11,22.59,8.07,73.08,44.22,59.64,8.12
14.04,40.02,20.14,22.56,8.06,73.30,44.22,59.64,8.13
14.05,39.94,20.14,22.59,8.06,73.30,44.22,59.64,8.12
14.06,40.02,20.11,22.59,8.06,73.30,44.22,59.49,8.12
14.07,40.02,20.11,22.56,8.06,73.30,44.12,59.49,8.12
14.08,39.94,20.11,22.59,8.07,73.30,44.12,59.64,8.12
14.09,40.02,20.11,22.59,8.06,73.30,44.22,59.49,8.11
14.10,40.02,20.14,22.59,8.07,73.30,44.12,59.64,8.11
14.11,39.94,20.14,22.59,8.08,73.30,44.22,59.64,8.12
14.12,40.02,20.11,22.56,8.07,73.30,44.22,59.49,8.12
14.13,39.94,20.14,22.59,8.07,73.30,44.12,59.64,8.13
14.14,40.02,20.11,22.59,8.06,73.30,44.31,59.64,8.13
14.15,40.02,20.11,22.63,8.07,73.30,44.22,59.64,8.12
14.16,40.02,20.11,22.59,8.07,73.30,44.22,59.64,8.12
14.17,39.94,20.11,22.59,8.07,73.30,44.22,59.64,8.12
14.18,40.02,20.14,22.59,8.06,73.30,44.22,59.64,8.12
14.19,40.02,20.11,22.59,8.06,73.08,44.22,59.49,8.13
14.20,39.94,20.11,22.56,8.06,73.30,44.22,59.64,8.13
14.21,39.94,20.11,22.59,8.07,73.08,44.12,59.64,8.11
14.22,39.94,20.11,22.59,8.06,73.08,44.31,59.49,8.13
14.23,40.02,20.14,22.59,8.07,73.30,44.31,59.49,8.12
14.24,40.02,20.11,22.59,8.06,73.30,44.31,59.64,8.13
14.25,40.02,20.11,22.56,8.07,73.30,44.22,59.49,8.12
14.26,40.02,20.14,22.56,8.06,73.30,44.22,59.64,8.12
14.27,39.94,20.14,22.59,8.06,73.30,44.12,59.64,8.13
14.28,40.02,20.11,22.59,8.06,73.30,44.22,59.64,8.12
14.29,39.94,20.14,22.59,8.06,73.30,44.22,59.64,8.12
14.30,40.02,20.14,22.59,8.07,73.30,44.22,59.64,8.12
14.31,40.02,20.14,22.59,8.07,73.30,44.22,59.49,8.13
14.32,39.94,20.14,22.59,8.07,73.30,44.22,59.64,8.13
14.33,39.94,20.14,22.59,8.07,73.30,44.22,59.64,8.11
14.34,40.02,20.11,22.59,8.06,73.30,44.22,59.64,8.13
14.35,39.94,20.11,22.59,8.06,73.08,44.22,59.64,8.12
14.36,39.94,20.11,22.59,8.08,73.30,44.22,59.64,8.12
14.37,40.02,20.16,22.56,8.07,73.30,44.12,59.64,8.13
14.38,40.02,20.11,22.59,8.06,73.30,44.22,59.64,8.12
14.39,40.02,20.11,22.56,8.06,73.08,44.22,59.64,8.12
14.40,40.02,20.16,22.59,8.08,73.30,44.12,59.49,8.13
14.41,39.94,20.11,22.59,8.06,73.30,44.12,59.64,8.12
14.42,40.02,20.14,22.59,8.06,73.30,44.12,59.64,8.13
14.43,40.02,20.14,22.59,8.06,73.30,44.31,59.64,8.12
14.45,40.02,20.14,22.56,8.06,73.08,44.22,59.49,8.12
14.45,39.94,20.11,22.59,8.07,73.08,44.12,59.49,8.11
14.46,40.02,20.11,22.59,8.07,73.30,44.22,59.49,8.12
14.47,40.02,20.14,22.59,8.06,73.30,44.22,59.64,8.13
14.48,40.02,20.14,22.59,8.07,73.30,44.03,59.49,8.12
14.49,39.94,20.11,22.59,8.07,73.30,44.31,59.64,8.13
14.50,40.02,20.11,22.59,8.07,73.30,44.22,59.64,8.12
14.51,40.02,20.14,22.59,8.06,73.30,44.22,59.49,8.13
14.52,40.02,20.11,22.59,8.06,73.08,44.12,59.64,8.12
14.55,40.02,20.14,22.56,8.07,73.30,44.22,59.64,8.12
14.55,40.02,20.11,22.56,8.06,73.30,44.12,59.64,8.11
14.56,40.02,20.11,22.56,8.06,73.30,44.12,59.64,8.13
14.57,39.94,20.11,22.59,8.07,73.30,44.12,59.64,8.13
14.58,40.02,20.11,22.59,8.06,73.08,44.12,59.49,8.12
14.59,39.94,20.08,22.59,8.07,73.30,44.22,59.64,8.12
14.60,40.02,20.14,22.59,8.06,73.30,44.22,59.64,8.12
14.61,40.02,20.11,22.59,8.06,73.08,44.22,59.64,8.12
14.62,39.94,20.11,22.56,8.06,73.30,44.22,59.64,8.13
14.63,39.94,20.14,22.59,8.07,73.30,44.22,59.49,8.11
14.64,39.94,20.11,22.56,8.06,73.30,44.22,59.64,8.12
14.65,40.02,20.11,22.59,8.06,73.08,44.22,59.49,8.13
14.66,40.02,20.14,22.56,8.06,73.30,44.22,59.64,8.13
14.67,39.94,20.11,22.59,8.06,73.08,44.22,59.49,8.13
14.68,40.02,20.11,22.59,8.06,73.08,44.12,59.49,8.12
14.69,40.02,20.14,22.59,8.06,73.30,44.12,59.49,8.12
14.70,40.02,20.11,22.59,8.07,73.08,44.22,59.64,8.12
14.71,40.02,20.14,22.59,8.06,73.30,44.22,59.49,8.12
14.72,39.94,20.14,22.59,8.06,73.30,44.12,59.64,8.12
14.73,39.94,20.11,22.59,8.07,73.30,44.12,59.64,8.12
14.74,40.02,20.14,22.59,8.06,73.30,44.22,59.49,8.12
14.75,40.02,20.14,22.59,8.06,73.30,44.12,59.80,8.12
14.76,39.94,20.11,22.59,8.06,73.30,44.22,59.64,8.12
14.77,40.02,20.11,22.59,8.06,73.30,44.22,59.33,8.12
14.78,40.02,20.11,22.59,8.06,73.30,44.22,59.64,8.12
14.79,39.94,20.14,22.59,8.06,73.30,44.12,59.49,8.11
14.80,40.02,20.11,22.56,8.06,73.08,44.22,59.49,8.11
14.81,40.02,20.11,22.56,8.06,73.30,44.22,59.64,8.13
14.82,40.02,20.11,22.59,8.07,73.30,44.22,59.64,8.11
14.83,40.02,20.11,22.56,8.08,73.30,44.22,59.64,8.13
14.84,39.94,20.11,22.59,8.06,73.30,44.31,59.49,8.12
14.85,40.02,20.11,22.59,8.06,73.30,44.22,59.49,8.12
14.86,39.94,20.11,22.59,8.06,73.08,44.22,59.64,8.12
14.87,40.02,20.14,22.59,8.07,73.30,44.12,59.64,8.13
14.88,39.94,20.11,22.59,8.06,73.30,44.22,59.64,8.12
14.89,40.02,20.14,22.59,8.06,73.30,44.22,59.49,8.12
14.90,39.94,20.14,22.59,8.06,73.30,44.22,59.49,8.13
14.91,39.94,20.11,22.59,8.06,73.30,44.22,59.49,8.12
14.92,40.02,20.14,22.59,8.06,73.08,44.22,59.64,8.12
14.93,40.02,20.11,22.59,8.06,73.08,44.22,59.64,8.12
14.94,39.94,20.11,22.59,8.06,73.08,44.22,59.64,8.12
14.95,40.02,20.11,22.59,8.08,73.30,44.22,59.64,8.12
14.96,40.02,20.11,22.59,8.06,73.30,44.12,59.49,8.11
14.97,40.02,20.11,22.56,8.06,73.30,44.31,59.49,8.12
14.98,40.02,20.14,22.56,8.06,73.30,44.12,59.64,8.12
14.99,40.02,20.14,22.56,8.07,73.30,44.12,59.64,8.13
15.00,40.02,20.11,22.59,8.06,73.30,44.22,59.49,8.13
15.01,40.02,20.11,22.59,8.07,73.30,44.12,59.49,8.12
15.02,40.02,20.14,22.59,8.07,73.30,44.22,59.49,8.12
15.03,40.02,20.14,22.59,8.07,73.08,44.22,59.64,8.12
15.04,40.02,20.11,22.59,8.07,73.30,44.22,59.49,8.12
15.05,40.02,20.14,22.59,8.06,73.30,44.22,59.64,8.13
15.06,40.02,20.14,22.59,8.06,73.30,44.22,59.64,8.11
15.07,40.02,20.11,22.56,8.06,73.30,44.22,59.49,8.12
15.08,40.02,20.11,22.59,8.06,73.30,44.12,59.49,8.12
15.09,40.02,20.11,22.59,8.07,73.08,44.22,59.49,8.12
15.10,40.02,20.11,22.56,8.07,73.30,44.12,59.49,8.13
15.11,40.02,20.14,22.56,8.06,73.08,44.22,59.49,8.12
15.12,39.94,20.08,22.59,8.06,73.08,44.22,59.64,8.12
15.13,40.02,20.11,22.56,8.06,73.30,44.22,59.64,8.11
15.14,39.94,20.11,22.56,8.06,73.30,44.12,59.64,8.12
15.15,39.94,20.11,22.56,8.06,73.08,44.22,59.64,8.12
15.16,40.02,20.14,22.56,8.07,73.08,44.12,59.64,8.12
15.17,40.02,20.11,22.59,8.06,73.30,44.12,59.49,8.12
15.18,39.94,20.11,22.59,8.07,73.30,44.22,59.64,8.12
15.19,40.02,20.11,22.56,8.07,73.08,44.22,59.49,8.13
15.20,39.94,20.11,22.59,8.06,73.30,44.22,59.64,8.12
15.21,39.94,20.14,22.56,8.06,73.30,44.22,59.49,8.12
15.22,39.94,20.11,22.56,8.06,73.30,44.22,59.64,8.13
15.23,39.94,20.11,22.59,8.06,73.30,44.22,59.64,8.12
15.24,39.94,20.11,22.56,8.06,73.08,44.12,59.64,8.13
15.25,39.94,20.14,22.59,8.06,73.30,44.22,59.64,8.12
15.26,40.02,20.11,22.56,8.06,73.30,44.22,59.49,8.12
15.27,39.94,20.14,22.59,8.06,73.30,44.22,59.64,8.13
15.28,39.94,20.11,22.59,8.06,73.08,44.12,59.49,8.12
15.29,39.94,20.11,22.56,8.06,73.08,44.22,59.64,8.13
15.30,39.94,20.11,22.56,8.08,73.30,44.22,59.64,8.12
15.31,40.02,20.14,22.56,8.06,73.30,44.22,59.64,8.12
15.32,40.02,20.11,22.59,8.06,73.30,44.12,59.64,8.12
15.33,40.02,20.16,22.59,8.08,73.30,44.22,59.49,8.12
15.34,39.86,20.11,22.59,8.06,73.08,44.12,59.64,8.12
15.35,40.02,20.14,22.59,8.06,73.30,44.22,59.49,8.12
15.36,39.94,20.14,22.59,8.06,73.30,44.12,59.64,8.13
15.37,39.94,20.11,22.56,8.07,73.30,44.22,59.80,8.12
15.38,39.94,20.11,22.56,8.07,73.30,44.22,59.64,8.12
15.39,39.94,20.11,22.56,8.06,73.30,44.22,59.64,8.12
15.40,39.94,20.11,22.59,8.06,73.30,44.22,59.64,8.13
15.41,39.94,20.11,22.59,8.06,73.30,44.12,59.49,8.12
15.42,40.02,20.11,22.59,8.06,73.30,44.12,59.64,8.12
15.43,39.94,20.11,22.59,8.06,73.30,44.22,59.64,8.12
15.44,39.94,20.14,22.59,8.07,73.30,44.12,59.64,8.12
15.45,39.94,20.11,22.59,8.06,73.08,44.22,59.64,8.12
15.46,40.02,20.11,22.56,8.06,73.08,44.22,59.49,8.12
15.47,40.02,20.11,22.56,8.06,73.08,44.22,59.49,8.13
15.48,40.02,20.14,22.56,8.07,73.30,44.22,59.49,8.12
15.49,39.94,20.11,22.59,8.07,73.08,44.22,59.49,8.13
15.50,40.02,20.14,22.59,8.07,73.08,44.12,59.49,8.12
15.51,39.94,20.14,22.56,8.06,73.30,44.22,59.64,8.12
15.52,39.94,20.11,22.56,8.06,73.08,44.22,59.49,8.12
15.53,40.02,20.14,22.59,8.08,73.30,44.22,59.49,8.12
15.54,39.94,20.11,22.56,8.06,73.30,44.12,59.49,8.13
15.55,40.02,20.11,22.59,8.07,73.30,44.22,59.64,8.12
15.56,39.94,20.14,22.59,8.06,73.08,44.22,59.64,8.13
15.57,39.94,20.14,22.56,8.06,73.30,44.22,59.49,8.12
15.58,39.94,20.11,22.59,8.07,73.30,44.31,59.49,8.12
15.59,40.02,20.14,22.59,8.06,73.30,44.22,59.64,8.12
15.60,40.02,20.11,22.59,8.06,73.30,44.31,59.64,8.12
15.61,40.02,20.11,22.56,8.07,73.08,44.22,59.49,8.13
15.62,39.94,20.14,22.59,8.06,73.30,44.22,59.49,8.12
15.63,40.02,20.11,22.59,8.06,73.30,44.22,59.49,8.12
15.64,40.02,20.11,22.56,8.06,73.08,44.22,59.64,8.12
15.65,40.02,20.11,22.59,8.06,73.08,44.12,59.49,8.12
15.66,39.94,20.11,22.56,8.06,73.30,44.22,59.49,8.12
15.67,40.02,20.11,22.59,8.06,73.30,44.12,59.49,8.12
15.68,39.94,20.11,22.59,8.06,73.30,44.31,59.49,8.12
15.69,39.94,20.11,22.56,8.06,73.30,44.12,59.64,8.12
15.70,39.94,20.11,22.56,8.07,73.08,44.12,59.64,8.13
15.71,39.94,20.11,22.59,8.07,73.30,44.22,59.64,8.13
15.72,39.94,20.11,22.59,8.06,73.08,44.22,59.49,8.13
15.73,39.94,20.11,22.56,8.07,73.30,44.22,59.64,8.12
15.74,39.94,20.11,22.56,8.07,73.30,44.22,59.49,8.13
15.75,40.02,20.14,22.59,8.07,73.30,44.22,59.49,8.12
15.76,40.02,20.11,22.56,8.06,73.30,44.12,59.49,8.13
15.77,39.86,20.11,22.59,8.06,73.30,44.22,59.64,8.12
15.78,40.02,20.11,22.59,8.06,73.30,44.31,59.64,8.13
15.79,39.94,20.11,22.59,8.06,73.30,44.12,59.49,8.12
15.80,40.02,20.08,22.59,8.07,73.30,44.22,59.49,8.12
15.81,39.86,20.08,22.56,8.07,73.30,44.22,59.49,8.11
15.82,40.02,20.11,22.56,8.07,73.08,44.22,59.64,8.11
15.83,40.02,20.11,22.59,8.07,73.30,44.22,59.49,8.13
15.84,40.02,20.14,22.56,8.08,73.30,44.12,59.49,8.13
15.85,39.94,20.11,22.56,8.06,73.30,44.22,59.64,8.12
15.86,40.02,20.11,22.56,8.07,73.30,44.12,59.64,8.12
15.87,39.94,20.14,22.59,8.06,73.30,44.22,59.64,8.12
15.88,39.94,20.11,22.56,8.07,72.85,44.22,59.64,8.13
15.89,40.02,20.11,22.59,8.07,73.30,44.12,59.49,8.12
15.90,40.02,20.11,22.59,8.06,73.30,44.12,59.64,8.12
15.91,40.02,20.14,22.59,8.07,73.30,44.22,59.64,8.12
15.92,39.94,20.11,22.59,8.06,73.30,44.12,59.49,8.12
15.93,40.02,20.14,22.56,8.07,73.08,44.22,59.64,8.13
15.94,40.02,20.11,22.59,8.06,73.30,44.12,59.64,8.12
15.95,39.94,20.14,22.56,8.06,73.30,44.22,59.64,8.13
15.96,40.02,20.11,22.59,8.06,73.30,44.31,59.64,8.12
15.97,39.94,20.11,22.59,8.06,73.30,44.22,59.64,8.12
15.98,40.02,20.14,22.56,8.06,73.30,44.22,59.49,8.12
15.99,39.94,20.11,22.59,8.06,73.30,44.12,59.49,8.12
16.00,39.94,20.11,22.59,8.06,73.30,44.22,59.64,8.12
16.01,40.02,20.14,22.59,8.06,73.30,44.12,59.64,8.12
16.02,40.02,20.11,22.56,8.06,73.30,44.12,59.64,8.12
16.03,39.94,20.11,22.59,8.07,73.08,44.12,59.64,8.12
16.04,40.02,20.11,22.59,8.06,73.30,44.22,59.49,8.12
16.05,39.94,20.14,22.56,8.06,73.30,44.12,59.64,8.12
16.06,40.02,20.11,22.56,8.06,73.30,44.22,59.64,8.12
16.07,39.94,20.14,22.59,8.07,73.30,44.22,59.64,8.12
16.08,39.94,20.14,22.59,8.06,73.30,44.12,59.64,8.12
16.09,39.94,20.14,22.56,8.06,73.30,44.22,59.49,8.12
16.10,40.02,20.11,22.56,8.06,73.30,44.22,59.64,8.11
16.11,39.94,20.11,22.59,8.06,73.30,44.12,59.64,8.12
16.12,40.02,20.11,22.59,8.06,73.30,44.12,59.49,8.12
16.13,40.02,20.11,22.59,8.06,73.30,44.22,59.49,8.14
16.14,39.94,20.11,22.59,8.06,73.30,44.22,59.64,8.12
16.15,39.94,20.11,22.59,8.06,73.30,44.22,59.64,8.12
16.16,40.02,20.14,22.56,8.06,73.30,44.22,59.64,8.12
16.17,39.94,20.14,22.59,8.06,73.30,44.12,59.49,8.12
16.18,39.94,20.11,22.59,8.06,73.30,44.12,59.49,8.12
16.19,40.02,20.11,22.59,8.06,73.30,44.22,59.64,8.12
16.20,40.02,20.11,22.59,8.06,73.30,44.22,59.64,8.11
16.21,39.94,20.11,22.59,8.07,73.08,44.22,59.64,8.13
16.22,40.02,20.11,22.56,8.08,73.30,44.22,59.64,8.12
16.23,40.02,20.11,22.56,8.06,73.30,44.22,59.64,8.12
16.24,39.94,20.14,22.59,8.06,73.30,44.12,59.64,8.12
16.25,40.02,20.11,22.56,8.06,73.30,44.22,59.49,8.12
16.26,39.94,20.11,22.59,8.06,73.30,44.22,59.49,8.12
16.27,40.02,20.14,22.56,8.07,73.30,44.22,59.64,8.13
16.28,39.94,20.11,22.59,8.07,73.30,44.31,59.49,8.12
16.29,39.94,20.14,22.59,8.06,73.30,44.12,59.64,8.12
16.30,39.94,20.14,22.59,8.06,73.30,44.12,59.64,8.12
16.31,39.94,20.11,22.59,8.07,73.30,44.22,59.49,8.11
16.32,39.94,20.14,22.59,8.06,73.08,44.22,59.64,8.11
16.33,39.86,20.11,22.59,8.07,73.08,44.22,59.64,8.11
16.34,39.94,20.11,22.59,8.06,73.30,44.22,59.49,8.12
16.35,39.94,20.11,22.59,8.06,73.30,44.31,59.49,8.13
16.36,39.94,20.14,22.59,8.06,73.30,44.22,59.64,8.12
16.37,39.94,20.11,22.59,8.06,73.30,44.12,59.64,8.13
16.38,40.02,20.14,22.56,8.06,73.30,44.22,59.64,8.13
16.39,39.94,20.11,22.59,8.06,73.30,44.22,59.64,8.13
16.40,39.94,20.14,22.59,8.06,73.30,44.12,59.64,8.12
16.41,39.94,20.11,22.59,8.07,73.08,44.12,59.49,8.12
16.42,39.94,20.11,22.59,8.06,73.30,44.12,59.64,8.12
16.43,39.94,20.14,22.59,8.06,73.30,44.31,59.49,8.11
16.44,40.02,20.14,22.56,8.07,73.30,44.12,59.64,8.12
16.45,40.02,20.11,22.59,8.07,73.30,44.22,59.49,8.13
16.46,39.94,20.14,22.59,8.06,73.30,44.22,59.49,8.13
16.47,40.02,20.11,22.59,8.06,73.30,44.22,59.64,8.12
16.48,40.02,20.11,22.59,8.06,73.08,44.12,59.49,8.12
16.49,39.94,20.11,22.59,8.07,73.30,44.22,59.49,8.11
16.50,40.02,20.11,22.59,8.06,73.30,44.22,59.49,8.12
16.51,39.94,20.11,22.59,8.07,73.08,44.22,59.64,8.11
16.52,39.94,20.11,22.59,8.06,73.30,44.22,59.49,8.12
16.53,40.02,20.14,22.59,8.06,73.30,44.22,59.64,8.13
16.54,39.86,20.11,22.59,8.06,73.30,44.22,59.49,8.12
16.55,39.94,20.11,22.59,8.06,73.08,44.22,59.64,8.12
16.56,39.94,20.11,22.59,8.06,73.30,44.22,59.64,8.12
16.57,39.94,20.11,22.59,8.07,73.30,44.12,59.64,8.12
16.58,39.94,20.14,22.59,8.06,73.30,44.12,59.80,8.12
16.59,40.02,20.11,22.59,8.06,73.30,44.22,59.64,8.12
16.60,39.94,20.11,22.59,8.07,73.30,44.22,59.49,8.12
16.61,39.94,20.11,22.56,8.06,73.08,44.22,59.49,8.13
16.62,39.94,20.11,22.59,8.07,73.08,44.22,59.64,8.12
16.63,40.02,20.14,22.59,8.07,73.30,44.31,59.49,8.12
16.64,40.02,20.11,22.59,8.06,73.30,44.22,59.49,8.12
16.65,40.02,20.11,22.56,8.08,73.30,44.22,59.49,8.13
16.66,40.02,20.14,22.59,8.06,73.30,44.22,59.64,8.12
16.67,40.02,20.11,22.59,8.06,73.30,44.22,59.49,8.13
16.68,39.94,20.14,22.59,8.06,73.30,44.22,59.64,8.12
16.69,39.94,20.11,22.59,8.07,73.30,44.22,59.64,8.13
16.70,39.94,20.11,22.56,8.06,73.08,44.22,59.64,8.13
16.71,40.02,20.14,22.56,8.06,73.08,44.22,59.64,8.13
16.72,39.94,20.11,22.59,8.07,73.30,44.22,59.64,8.13
16.73,39.94,20.14,22.59,8.06,73.08,44.22,59.49,8.12
16.74,39.94,20.11,22.56,8.06,73.30,44.22,59.64,8.12
16.75,40.02,20.11,22.59,8.06,73.30,44.22,59.49,8.12
16.76,39.94,20.14,22.59,8.06,73.30,44.22,59.64,8.12
16.77,40.02,20.14,22.59,8.07,73.30,44.12,59.64,8.12
16.78,39.94,20.11,22.56,8.07,73.08,44.22,59.64,8.12
16.79,39.94,20.08,22.59,8.06,73.30,44.22,59.80,8.12
16.80,39.94,20.14,22.59,8.06,73.30,44.22,59.49,8.12
16.81,39.94,20.11,22.56,8.06,73.30,44.31,59.64,8.11
16.82,39.94,20.14,22.56,8.07,73.30,44.22,59.49,8.12
16.83,40.02,20.14,22.59,8.07,73.30,44.22,59.64,8.12
16.84,39.94,20.11,22.59,8.07,73.30,44.12,59.64,8.12
16.85,40.02,20.14,22.59,8.07,73.30,44.31,59.64,8.13
16.86,40.02,20.14,22.59,8.08,73.30,44.31,59.49,8.13
16.87,39.94,20.14,22.59,8.06,73.30,44.22,59.64,8.12
16.88,40.02,20.14,22.56,8.06,73.30,44.31,59.49,8.11
16.89,40.02,20.16,22.56,8.07,73.30,44.31,59.64,8.12
16.90,40.02,20.11,22.59,8.06,73.30,44.12,59.64,8.12
16.91,39.94,20.11,22.59,8.06,73.30,44.22,59.64,8.12
16.92,39.94,20.14,22.56,8.06,73.30,44.22,59.64,8.13
16.93,39.94,20.14,22.56,8.06,73.30,44.31,59.49,8.12
16.94,39.94,20.14,22.59,8.06,73.30,44.22,59.49,8.13
16.95,40.02,20.16,22.56,8.07,73.30,44.22,59.49,8.14
16.96,40.02,20.11,22.59,8.08,73.08,44.22,59.64,8.12
16.97,39.94,20.14,22.59,8.06,73.30,44.22,59.49,8.12
16.98,39.94,20.14,22.56,8.06,73.30,44.22,59.64,8.12
16.99,40.02,20.14,22.59,8.07,73.30,44.22,59.64,8.13
17.00,39.94,20.16,22.59,8.07,73.30,44.22,59.64,8.12
17.01,40.02,20.08,22.63,8.07,73.30,44.22,59.64,8.12
17.02,39.94,20.14,22.59,8.08,73.30,44.22,59.64,8.13
17.03,40.02,20.11,22.59,8.06,73.30,44.12,59.64,8.12
17.04,40.02,20.08,22.59,8.06,73.30,44.31,59.64,8.13
17.05,40.02,20.11,22.59,8.06,73.30,44.12,59.64,8.12
17.06,40.02,20.11,22.59,8.06,73.30,44.12,59.64,8.13
17.07,39.94,20.11,22.59,8.07,73.30,44.12,59.49,8.13
17.08,39.94,20.14,22.59,8.06,73.52,44.22,59.49,8.13
17.09,39.94,20.14,22.56,8.07,73.08,44.22,59.64,8.12
17.10,40.02,20.14,22.59,8.08,73.52,44.22,59.64,8.12
17.11,40.02,20.14,22.59,8.07,73.30,44.22,59.80,8.13
17.12,40.02,20.11,22.56,8.07,73.30,44.22,59.64,8.11
17.13,40.02,20.14,22.59,8.06,73.30,44.22,59.64,8.13
17.14,40.02,20.14,22.59,8.07,73.30,44.12,59.49,8.12
17.15,40.02,20.14,22.59,8.06,73.30,44.31,59.49,8.12
17.16,40.02,20.14,22.59,8.06,73.30,44.22,59.49,8.13
17.17,40.02,20.14,22.59,8.07,73.30,44.12,59.64,8.13
17.18,40.02,20.11,22.56,8.06,73.52,44.22,59.64,8.12
17.19,40.02,20.14,22.59,8.06,73.30,44.22,59.49,8.11
17.20,39.94,20.11,22.59,8.06,73.30,44.22,59.64,8.13
17.21,40.02,20.14,22.59,8.06,73.30,44.22,59.49,8.12
17.22,40.02,20.11,22.59,8.07,73.30,44.22,59.64,8.12
17.23,39.94,20.14,22.59,8.06,73.30,44.22,59.64,8.12
17.24,40.02,20.14,22.59,8.07,73.30,44.22,59.64,8.12
17.25,39.94,20.14,22.56,8.06,73.30,44.22,59.64,8.12
17.26,40.02,20.11,22.59,8.07,73.30,44.22,59.64,8.13
17.27,39.94,20.11,22.59,8.08,73.30,44.12,59.49,8.12
17.28,40.02,20.11,22.59,8.07,73.30,44.22,59.64,8.12
17.29,39.94,20.14,22.59,8.07,73.30,44.31,59.64,8.12
17.30,40.02,20.14,22.59,8.06,73.30,44.22,59.64,8.12
17.31,40.02,20.14,22.59,8.07,73.30,44.22,59.64,8.12
17.32,40.02,20.14,22.59,8.06,73.30,44.22,59.64,8.12
17.33,40.02,20.11,22.59,8.07,73.30,44.22,59.49,8.12
17.34,40.02,20.14,22.59,8.06,73.30,44.22,59.64,8.12
17.35,39.94,20.14,22.59,8.07,73.30,44.22,59.64,8.13
17.36,39.94,20.14,22.59,8.06,73.30,44.22,59.64,8.14
17.37,40.02,20.14,22.59,8.06,73.30,44.22,59.64,8.12
17.38,40.02,20.11,22.59,8.06,73.30,44.22,59.64,8.12
17.39,40.02,20.11,22.59,8.07,73.30,44.22,59.64,8.13
17.40,39.94,20.11,22.59,8.07,73.30,44.22,59.64,8.13
17.41,40.02,20.14,22.59,8.07,73.30,44.22,59.64,8.12
17.42,40.02,20.14,22.59,8.08,73.30,44.22,59.64,8.12
17.43,39.94,20.16,22.59,8.06,73.30,44.31,59.64,8.12
17.44,40.02,20.14,22.59,8.08,73.30,44.12,59.64,8.13
17.45,40.02,20.14,22.59,8.06,73.30,44.22,59.64,8.13
17.46,40.02,20.14,22.59,8.06,73.30,44.22,59.64,8.12
17.47,39.86,20.14,22.59,8.06,73.30,44.31,59.49,8.12
17.48,40.02,20.14,22.59,8.07,73.30,44.22,59.64,8.13
17.49,40.02,20.16,22.59,8.08,73.30,44.22,59.64,8.13
17.50,40.02,20.14,22.59,8.08,73.30,44.22,59.64,8.12
17.51,39.94,20.14,22.59,8.06,73.30,44.22,59.64,8.13
17.52,40.02,20.11,22.59,8.06,73.30,44.22,59.64,8.12
17.53,40.02,20.14,22.59,8.06,73.30,44.12,59.64,8.12
17.54,39.94,20.14,22.59,8.06,73.30,44.22,59.49,8.13
17.55,39.94,20.16,22.59,8.07,73.30,44.31,59.64,8.12
17.56,40.02,20.14,22.59,8.08,73.30,44.22,59.64,8.13
17.57,40.02,20.16,22.59,8.07,73.30,44.22,59.49,8.13
17.58,39.94,20.11,22.63,8.06,73.30,44.22,59.64,8.13
17.59,40.02,20.14,22.59,8.07,73.08,44.31,59.64,8.12
17.60,40.02,20.16,22.59,8.07,73.30,44.22,59.64,8.13
17.61,40.02,20.11,22.59,8.07,73.30,44.22,59.64,8.13
17.62,40.02,20.14,22.59,8.07,73.30,44.22,59.64,8.12
17.63,40.02,20.14,22.59,8.07,73.30,44.31,59.64,8.13
17.64,40.02,20.14,22.59,8.06,73.30,44.31,59.64,8.12
17.65,40.02,20.11,22.59,8.06,73.30,44.22,59.64,8.12
17.66,40.02,20.14,22.59,8.08,73.30,44.31,59.64,8.12
17.67,40.02,20.11,22.59,8.07,73.30,44.22,59.64,8.12
17.68,40.02,20.14,22.59,8.06,73.30,44.22,59.49,8.13
17.69,40.02,20.14,22.59,8.07,73.30,44.22,59.49,8.13
17.70,40.02,20.16,22.59,8.07,73.30,44.22,59.64,8.13
17.71,40.02,20.14,22.59,8.06,73.30,44.22,59.64,8.13
17.72,40.02,20.14,22.59,8.06,73.30,44.22,59.64,8.13
17.73,40.02,20.14,22.59,8.06,73.30,44.31,59.64,8.12
17.74,40.02,20.14,22.59,8.08,73.30,44.22,59.64,8.13
17.75,40.02,20.14,22.59,8.07,73.30,44.31,59.64,8.14
17.76,39.94,20.16,22.63,8.07,73.08,44.22,59.49,8.12
17.77,39.94,20.14,22.59,8.06,73.30,44.22,59.64,8.13
17.78,40.02,20.14,22.59,8.06,73.30,44.31,59.64,8.13
17.79,40.02,20.14,22.59,8.06,73.30,44.22,59.64,8.12
17.80,40.02,20.14,22.59,8.06,73.30,44.22,59.64,8.13
17.81,40.02,20.14,22.59,8.06,73.30,44.22,59.64,8.12
17.82,40.02,20.14,22.59,8.07,73.30,44.22,59.64,8.12
17.83,40.02,20.16,22.59,8.07,73.30,44.22,59.64,8.13
17.84,40.02,20.14,22.59,8.06,73.30,44.22,59.64,8.13
17.85,40.02,20.14,22.56,8.06,73.30,44.22,59.64,8.12
17.86,39.94,20.14,22.63,8.07,73.30,44.22,59.64,8.13
17.87,40.02,20.11,22.59,8.06,73.30,44.31,59.64,8.12
17.88,40.02,20.14,22.59,8.06,73.30,44.31,59.64,8.13
17.89,40.02,20.14,22.59,8.07,73.30,44.22,59.64,8.12
17.90,40.02,20.14,22.59,8.07,73.30,44.22,59.64,8.13
17.91,40.02,20.14,22.59,8.06,73.30,44.31,59.80,8.13
17.92,40.02,20.14,22.59,8.06,73.30,44.31,59.49,8.13
17.93,40.02,20.14,22.63,8.07,73.30,44.22,59.49,8.13
17.94,40.02,20.14,22.63,8.07,73.30,44.22,59.64,8.12
17.95,40.02,20.11,22.56,8.07,73.30,44.12,59.64,8.12
17.96,40.02,20.11,22.59,8.07,73.30,44.31,59.64,8.13
17.97,40.02,20.16,22.59,8.07,73.30,44.22,59.64,8.13
17.98,40.02,20.14,22.59,8.07,73.30,44.31,59.64,8.13
17.99,40.02,20.14,22.59,8.06,73.30,44.31,59.64,8.13
18.00,40.02,20.14,22.59,8.07,73.30,44.22,59.64,8.12
18.01,40.02,20.14,22.63,8.06,73.30,44.31,59.64,8.12
18.02,40.02,20.14,22.59,8.06,73.30,44.22,59.64,8.13
18.03,40.02,20.14,22.59,8.07,73.30,44.22,59.64,8.12
18.04,40.02,20.11,22.63,8.07,73.52,44.22,59.64,8.13
18.05,40.02,20.14,22.59,8.06,73.30,44.31,59.64,8.12
18.06,39.94,20.14,22.63,8.06,73.30,44.31,59.80,8.13
18.07,40.02,20.14,22.59,8.06,73.30,44.31,59.64,8.12
18.08,40.02,20.14,22.59,8.07,73.30,44.12,59.64,8.12
18.09,40.02,20.16,22.63,8.07,73.30,44.31,59.64,8.12
18.10,40.02,20.14,22.59,8.07,73.30,44.22,59.64,8.13
18.11,39.94,20.14,22.59,8.07,73.30,44.22,59.64,8.12
18.12,40.02,20.14,22.59,8.06,73.30,44.31,59.64,8.12
18.13,40.02,20.16,22.59,8.06,73.30,44.22,59.64,8.13
18.14,40.02,20.14,22.59,8.06,73.30,44.22,59.49,8.11
18.15,40.02,20.14,22.63,8.07,73.30,44.22,59.64,8.13
18.16,40.02,20.16,22.63,8.07,73.30,44.22,59.64,8.12
18.17,40.02,20.16,22.59,8.07,73.30,44.41,59.64,8.12
18.18,39.94,20.14,22.59,8.07,73.30,44.22,59.80,8.12
18.19,40.10,20.14,22.59,8.08,73.30,44.22,59.64,8.13
18.20,39.94,20.14,22.59,8.06,73.30,44.22,59.64,8.12
18.21,39.86,20.14,22.59,8.07,73.30,44.22,59.64,8.13
18.22,40.02,20.14,22.63,8.06,73.30,44.22,59.64,8.12
18.23,40.02,20.11,22.59,8.06,73.30,44.22,59.64,8.12
18.24,40.02,20.14,22.59,8.06,73.30,44.22,59.64,8.12
18.25,40.02,20.14,22.59,8.07,73.30,44.41,59.80,8.12
18.26,40.02,20.16,22.63,8.06,73.30,44.31,59.80,8.12
18.27,40.02,20.14,22.59,8.07,73.30,44.12,59.64,8.12
18.28,40.02,20.16,22.59,8.07,73.52,44.22,59.64,8.13
18.29,40.02,20.14,22.63,8.07,73.08,44.31,59.64,8.13
18.30,40.02,20.14,22.59,8.07,73.30,44.31,59.64,8.12
18.31,40.02,20.14,22.63,8.07,73.30,44.31,59.64,8.12
18.32,40.02,20.14,22.59,8.06,73.30,44.31,59.64,8.13
18.33,40.02,20.16,22.59,8.08,73.30,44.31,59.49,8.13
18.34,40.02,20.14,22.63,8.06,73.30,44.31,59.80,8.13
18.35,40.02,20.11,22.59,8.07,73.30,44.22,59.49,8.12
18.36,40.02,20.16,22.59,8.06,73.30,44.22,59.64,8.12
18.37,40.02,20.14,22.63,8.07,73.30,44.22,59.64,8.12
18.38,39.94,20.14,22.59,8.07,73.30,44.31,59.49,8.12
18.39,40.02,20.16,22.59,8.06,73.30,44.22,59.64,8.13
18.40,40.02,20.14,22.63,8.07,73.30,44.31,59.80,8.13
18.41,40.02,20.14,22.59,8.07,73.30,44.31,59.64,8.12
18.42,40.02,20.16,22.59,8.06,73.30,44.31,59.80,8.13
18.43,40.02,20.14,22.59,8.07,73.30,44.31,59.64,8.13
18.44,40.02,20.14,22.59,8.06,73.30,44.31,59.64,8.13
18.45,40.02,20.14,22.59,8.07,73.30,44.22,59.64,8.12
18.46,39.94,20.14,22.59,8.06,73.30,44.22,59.64,8.12
18.47,40.02,20.14,22.63,8.06,73.30,44.22,59.64,8.12
18.48,40.02,20.14,22.63,8.07,73.30,44.22,59.64,8.12
18.49,40.02,20.16,22.59,8.06,73.30,44.31,59.64,8.14
18.50,40.02,20.14,22.63,8.08,73.30,44.31,59.64,8.12
18.51,40.02,20.16,22.59,8.06,73.30,44.22,59.64,8.13
18.52,40.02,20.16,22.59,8.06,73.30,44.22,59.64,8.12
18.53,40.02,20.11,22.63,8.07,73.30,44.31,59.80,8.13
18.54,40.02,20.14,22.63,8.06,73.30,44.31,59.64,8.12
18.55,40.02,20.14,22.63,8.06,73.30,44.22,59.80,8.12
18.56,40.02,20.14,22.63,8.07,73.30,44.12,59.64,8.12
18.57,40.02,20.14,22.63,8.07,73.30,44.22,59.64,8.13
18.58,40.02,20.14,22.63,8.07,73.30,44.22,59.64,8.13
18.59,40.02,20.14,22.59,8.06,73.30,44.22,59.64,8.13
18.60,40.02,20.16,22.63,8.07,73.08,44.22,59.64,8.13
18.61,40.02,20.11,22.59,8.07,73.30,44.31,59.64,8.13
18.62,39.94,20.14,22.63,8.07,73.30,44.22,59.64,8.12
18.63,40.02,20.14,22.59,8.08,73.30,44.31,59.64,8.13
18.64,40.02,20.14,22.59,8.07,73.30,44.31,59.64,8.12
18.65,40.02,20.16,22.63,8.08,73.30,44.22,59.64,8.13
18.66,40.02,20.14,22.63,8.08,73.30,44.22,59.64,8.13
18.67,40.02,20.14,22.59,8.06,73.30,44.31,59.64,8.14
18.68,40.02,20.16,22.59,8.06,73.30,44.22,59.64,8.12
18.69,40.02,20.16,22.59,8.06,73.30,44.31,59.64,8.12
18.70,40.02,20.14,22.59,8.07,73.30,44.31,59.64,8.14
18.71,40.02,20.14,22.59,8.07,73.30,44.31,59.64,8.13
18.72,40.02,20.14,22.59,8.08,73.30,44.22,59.64,8.13
18.73,40.02,20.14,22.63,8.08,73.30,44.31,59.64,8.12
18.74,40.02,20.14,22.63,8.07,73.30,44.22,59.64,8.13
18.75,40.02,20.16,22.59,8.07,73.30,44.22,59.64,8.13
18.76,39.94,20.14,22.63,8.07,73.30,44.31,59.64,8.12
18.77,40.02,20.14,22.59,8.08,73.30,44.31,59.49,8.14
18.78,40.02,20.16,22.63,8.06,73.30,44.31,59.64,8.13
18.79,40.02,20.16,22.63,8.07,73.30,44.31,59.80,8.13
18.80,40.02,20.14,22.59,8.07,73.30,44.31,59.64,8.12
18.81,40.02,20.16,22.63,8.07,73.30,44.22,59.64,8.12
18.82,40.02,20.14,22.63,8.07,73.30,44.22,59.64,8.12
18.83,40.02,20.16,22.59,8.07,73.30,44.31,59.64,8.12
18.84,40.02,20.16,22.59,8.07,73.30,44.22,59.64,8.12
18.85,40.02,20.14,22.63,8.07,73.30,44.22,59.49,8.12
18.86,40.02,20.16,22.59,8.07,73.30,44.31,59.64,8.13
18.87,40.02,20.16,22.63,8.06,73.30,44.22,59.64,8.13
18.88,40.02,20.14,22.63,8.07,73.30,44.31,59.64,8.13
18.89,40.02,20.14,22.63,8.06,73.30,44.22,59.64,8.13
18.90,40.02,20.14,22.59,8.06,73.08,44.31,59.64,8.13
18.91,40.02,20.14,22.59,8.07,73.30,44.22,59.64,8.13
18.92,40.02,20.14,22.59,8.06,73.30,44.31,59.64,8.13
18.93,40.02,20.14,22.59,8.06,73.30,44.22,59.64,8.13
18.94,40.02,20.14,22.59,8.08,73.30,44.22,59.64,8.13
18.95,40.02,20.14,22.59,8.07,73.30,44.31,59.64,8.13
18.96,40.02,20.16,22.59,8.07,73.30,44.22,59.64,8.13
18.97,40.02,20.14,22.59,8.08,73.30,44.31,59.64,8.12
18.98,40.02,20.14,22.59,8.07,73.30,44.22,59.64,8.12
18.99,40.02,20.16,22.63,8.07,73.30,44.31,59.64,8.12
19.00,40.02,20.14,22.59,8.07,73.30,44.31,59.64,8.12
19.01,40.02,20.14,22.63,8.07,73.30,44.31,59.80,8.13
19.02,40.02,20.16,22.59,8.06,73.52,44.31,59.64,8.12
19.03,40.02,20.14,22.63,8.06,73.30,44.31,59.64,8.12
19.04,40.02,20.14,22.59,8.08,73.30,44.31,59.80,8.13
19.05,40.02,20.14,22.59,8.06,73.30,44.22,59.64,8.13
19.06,40.02,20.16,22.63,8.06,73.30,44.31,59.64,8.12
19.07,40.02,20.16,22.63,8.07,73.30,44.22,59.64,8.13
19.08,40.02,20.16,22.59,8.07,73.30,44.22,59.64,8.13
19.09,40.02,20.14,22.59,8.07,73.30,44.22,59.64,8.13
19.10,40.02,20.16,22.63,8.07,73.30,44.31,59.49,8.12
19.11,40.02,20.14,22.63,8.07,73.30,44.31,59.64,8.12
19.12,40.02,20.16,22.59,8.07,73.30,44.22,59.64,8.13
19.13,40.02,20.14,22.63,8.07,73.30,44.31,59.64,8.12
19.14,40.10,20.16,22.59,8.08,73.30,44.22,59.64,8.13
19.15,40.02,20.16,22.63,8.07,73.52,44.22,59.80,8.13
19.16,40.02,20.14,22.63,8.06,73.30,44.31,59.80,8.13
19.17,40.02,20.14,22.63,8.06,73.30,44.31,59.64,8.13
19.18,40.02,20.14,22.63,8.07,73.30,44.22,59.64,8.13
19.19,40.02,20.14,22.59,8.06,73.30,44.31,59.64,8.13
19.20,40.02,20.16,22.59,8.07,73.30,44.31,59.64,8.13
19.21,40.02,20.16,22.59,8.07,73.30,44.22,59.64,8.13
19.22,40.02,20.14,22.59,8.07,73.30,44.31,59.64,8.12
19.23,40.02,20.16,22.63,8.07,73.30,44.22,59.80,8.13
19.24,40.02,20.14,22.63,8.07,73.52,44.31,59.64,8.13
19.25,40.02,20.14,22.63,8.08,73.30,44.22,59.64,8.14
19.26,40.10,20.14,22.59,8.07,73.30,44.12,59.64,8.13
19.27,40.02,20.16,22.63,8.07,73.30,44.31,59.64,8.12
19.28,40.02,20.16,22.63,8.08,73.30,44.31,59.80,8.13
19.29,40.02,20.14,22.63,8.07,73.30,44.22,59.64,8.13
19.30,40.02,20.16,22.63,8.07,73.30,44.31,59.64,8.13
19.31,40.02,20.14,22.63,8.07,73.30,44.31,59.64,8.12
19.32,40.02,20.14,22.63,8.06,73.30,44.22,59.64,8.12
19.33,39.94,20.16,22.59,8.08,73.30,44.22,59.64,8.13
19.34,40.02,20.14,22.63,8.07,73.52,44.22,59.64,8.13
19.35,40.02,20.14,22.59,8.07,73.30,44.22,59.64,8.13
19.36,40.02,20.16,22.63,8.07,73.30,44.31,59.64,8.13
19.37,40.10,20.14,22.63,8.07,73.30,44.31,59.64,8.12
19.38,40.02,20.16,22.63,8.07,73.30,44.22,59.64,8.13
19.39,39.94,20.14,22.63,8.06,73.30,44.22,59.64,8.13
19.40,39.94,20.16,22.63,8.06,73.30,44.31,59.64,8.13
19.41,40.02,20.14,22.59,8.07,73.52,44.22,59.64,8.13
19.42,40.02,20.16,22.66,8.07,73.30,44.31,59.64,8.12
19.43,40.02,20.14,22.59,8.07,73.30,44.31,59.64,8.12
19.44,40.10,20.16,22.59,8.07,73.30,44.22,59.64,8.13
19.45,40.02,20.16,22.63,8.07,73.30,44.31,59.64,8.13
19.46,40.02,20.14,22.63,8.07,73.30,44.31,59.80,8.13
19.47,40.02,20.16,22.59,8.08,73.08,44.22,59.64,8.14
19.48,39.94,20.16,22.59,8.06,73.30,44.41,59.64,8.12
19.49,40.02,20.16,22.63,8.07,73.30,44.31,59.64,8.12
19.50,40.02,20.14,22.63,8.07,73.30,44.22,59.64,8.13
19.51,40.02,20.14,22.63,8.07,73.30,44.22,59.64,8.12
19.52,40.02,20.16,22.63,8.08,73.30,44.31,59.80,8.13
19.53,40.02,20.16,22.63,8.07,73.52,44.31,59.64,8.13
19.54,40.02,20.14,22.63,8.07,73.30,44.31,59.80,8.13
19.55,40.02,20.14,22.59,8.07,73.30,44.31,59.64,8.13
19.56,40.02,20.14,22.59,8.07,73.30,44.31,59.64,8.12
19.57,40.02,20.14,22.63,8.07,73.30,44.31,59.64,8.13
19.58,40.02,20.14,22.63,8.06,73.52,44.31,59.64,8.13
19.59,40.02,20.14,22.63,8.07,73.30,44.22,59.80,8.13
19.60,40.02,20.14,22.59,8.06,73.30,44.22,59.64,8.14
19.61,40.02,20.14,22.63,8.07,73.30,44.31,59.64,8.12
19.62,40.02,20.16,22.59,8.07,73.30,44.31,59.64,8.13
19.63,40.02,20.14,22.63,8.08,73.30,44.22,59.64,8.13
19.64,40.02,20.14,22.63,8.06,73.30,44.31,59.80,8.13
19.65,40.02,20.16,22.59,8.07,73.30,44.31,59.80,8.14
19.66,40.02,20.14,22.63,8.07,73.30,44.31,59.64,8.12
19.67,40.02,20.16,22.59,8.08,73.30,44.31,59.80,8.13
19.68,40.02,20.14,22.63,8.07,73.30,44.31,59.64,8.14
19.69,40.02,20.16,22.59,8.07,73.30,44.22,59.64,8.12
19.70,40.02,20.14,22.63,8.07,73.30,44.22,59.64,8.13
19.71,40.02,20.16,22.63,8.07,73.30,44.22,59.64,8.13
19.72,40.02,20.16,22.63,8.07,73.52,44.31,59.64,8.12
19.73,40.02,20.14,22.63,8.07,73.30,44.22,59.64,8.13
19.74,40.02,20.14,22.59,8.08,73.30,44.31,59.64,8.13
19.75,40.02,20.14,22.63,8.08,73.30,44.31,59.64,8.13
19.76,40.02,20.14,22.63,8.07,73.30,44.31,59.64,8.12
19.77,40.02,20.16,22.63,8.07,73.30,44.31,59.64,8.13
19.78,40.02,20.16,22.63,8.08,73.30,44.31,59.80,8.13
19.79,40.02,20.14,22.59,8.07,73.30,44.22,59.64,8.13
19.80,40.02,20.16,22.63,8.07,73.52,44.22,59.64,8.12
19.81,40.02,20.14,22.63,8.07,73.30,44.22,59.64,8.13
19.82,40.02,20.16,22.63,8.07,73.30,44.22,59.80,8.13
19.83,40.02,20.14,22.63,8.07,73.30,44.31,59.64,8.12
19.84,40.02,20.14,22.59,8.07,73.30,44.31,59.64,8.13
19.85,40.02,20.14,22.63,8.07,73.52,44.22,59.80,8.14
19.86,40.02,20.16,22.59,8.07,73.30,44.31,59.64,8.14
19.87,40.02,20.16,22.63,8.07,73.30,44.31,59.49,8.13
19.88,39.94,20.14,22.63,8.07,73.30,44.22,59.80,8.13
19.89,40.02,20.14,22.63,8.07,73.30,44.22,59.64,8.13
19.90,40.02,20.14,22.66,8.07,73.30,44.31,59.64,8.13
19.91,39.94,20.14,22.63,8.07,73.30,44.22,59.64,8.13
19.92,40.02,20.16,22.66,8.07,73.52,44.31,59.80,8.13
19.93,40.02,20.14,22.59,8.07,73.30,44.31,59.64,8.13
19.94,40.02,20.14,22.63,8.07,73.30,44.22,59.64,8.13
19.95,40.02,20.16,22.59,8.07,73.52,44.31,59.64,8.13
19.96,40.02,20.16,22.59,8.07,73.30,44.22,59.64,8.13
19.97,40.02,20.19,22.63,8.07,73.52,44.31,59.64,8.13
19.98,40.02,20.16,22.59,8.07,73.52,44.22,59.64,8.13
19.99,40.02,20.14,22.59,8.08,73.30,44.22,59.64,8.13
20.00,40.10,20.16,22.66,8.07,73.30,44.22,59.64,8.13
20.01,40.02,20.14,22.66,8.07,73.30,44.31,59.64,8.12
20.02,40.02,20.14,22.59,8.07,73.30,44.22,59.64,8.13
20.03,40.10,20.16,22.63,8.07,73.30,44.31,59.64,8.13
20.04,40.02,20.16,22.63,8.08,73.30,44.31,59.80,8.13
20.05,40.02,20.16,22.59,8.07,73.30,44.22,59.64,8.13
20.06,40.02,20.14,22.63,8.07,73.30,44.22,59.80,8.12
20.07,40.02,20.16,22.63,8.07,73.30,44.22,59.64,8.14
20.08,40.02,20.16,22.59,8.07,73.30,44.22,59.80,8.13
20.09,40.02,20.14,22.63,8.07,73.30,44.22,59.64,8.12
20.10,40.02,20.16,22.63,8.08,73.52,44.22,59.80,8.12
20.11,40.02,20.16,22.63,8.07,73.30,44.31,59.80,8.12
20.12,40.02,20.16,22.59,8.08,73.30,44.22,59.64,8.12
20.13,40.10,20.14,22.63,8.07,73.52,44.22,59.64,8.13
20.14,40.02,20.14,22.63,8.07,73.30,44.31,59.64,8.13
20.15,40.02,20.14,22.63,8.07,73.30,44.22,59.64,8.14
20.16,40.02,20.16,22.59,8.07,73.30,44.31,59.64,8.14
20.17,40.02,20.14,22.59,8.07,73.30,44.22,59.80,8.13
20.18,40.02,20.16,22.63,8.08,73.30,44.31,59.64,8.13
20.19,40.02,20.16,22.59,8.07,73.30,44.22,59.64,8.12
20.20,40.02,20.16,22.59,8.07,73.30,44.22,59.64,8.13
20.21,40.02,20.16,22.63,8.07,73.30,44.31,59.64,8.12
20.22,40.02,20.16,22.59,8.07,73.30,44.31,59.64,8.13
20.23,40.02,20.19,22.63,8.07,73.30,44.31,59.64,8.13
20.24,40.02,20.19,22.66,8.07,73.30,44.22,59.64,8.13
20.25,40.02,20.14,22.59,8.07,73.30,44.31,59.64,8.13
20.26,40.02,20.14,22.63,8.08,73.30,44.31,59.64,8.13
20.27,40.02,20.16,22.63,8.07,73.30,44.31,59.64,8.13
20.28,40.02,20.14,22.63,8.07,73.30,44.22,59.80,8.13
20.29,40.02,20.16,22.59,8.07,73.30,44.22,59.64,8.13
20.30,40.02,20.14,22.63,8.07,73.30,44.22,59.64,8.13
20.31,40.02,20.16,22.59,8.07,73.30,44.31,59.64,8.13
20.32,40.10,20.14,22.63,8.07,73.30,44.31,59.64,8.13
20.33,40.02,20.16,22.63,8.07,73.30,44.31,59.64,8.13
20.34,40.02,20.14,22.63,8.07,73.30,44.22,59.80,8.14
20.35,40.02,20.16,22.63,8.06,73.52,44.31,59.64,8.12
20.36,40.02,20.16,22.63,8.08,73.30,44.31,59.64,8.12
20.37,40.02,20.14,22.63,8.07,73.30,44.31,59.80,8.13
20.38,40.02,20.19,22.63,8.06,73.52,44.31,59.64,8.13
20.39,40.02,20.16,22.63,8.07,73.52,44.31,59.64,8.14
20.40,40.02,20.16,22.63,8.08,73.52,44.22,59.80,8.12
20.41,40.02,20.16,22.63,8.07,73.30,44.22,59.80,8.13
20.42,40.02,20.16,22.63,8.07,73.30,44.31,59.64,8.12
20.43,40.02,20.14,22.63,8.07,73.30,44.31,59.80,8.13
20.44,40.02,20.14,22.63,8.08,73.30,44.31,59.64,8.13
20.45,40.02,20.14,22.63,8.07,73.30,44.31,59.64,8.12
20.46,40.02,20.14,22.63,8.07,73.30,44.22,59.64,8.12
20.47,40.02,20.16,22.66,8.07,73.52,44.12,59.64,8.13
20.48,40.02,20.16,22.63,8.07,73.30,44.31,59.64,8.13
20.49,40.02,20.16,22.66,8.08,73.30,44.31,59.64,8.12
20.50,40.10,20.14,22.63,8.07,73.30,44.22,59.64,8.12
20.51,40.02,20.14,22.66,8.08,73.30,44.31,59.80,8.14
20.52,40.02,20.14,22.63,8.08,73.30,44.31,59.49,8.13
20.53,40.02,20.16,22.59,8.07,73.30,44.31,59.64,8.12
20.54,40.02,20.14,22.63,8.07,73.52,44.22,59.64,8.13
20.55,40.02,20.16,22.59,8.07,73.30,44.22,59.80,8.13
20.56,40.02,20.14,22.63,8.07,73.30,44.31,59.80,8.13
20.57,40.02,20.16,22.63,8.07,73.30,44.31,59.64,8.13
20.58,39.94,20.16,22.63,8.07,73.30,44.31,59.80,8.13
20.59,40.02,20.16,22.63,8.08,73.52,44.31,59.80,8.13
20.60,40.02,20.14,22.66,8.07,73.52,44.31,59.64,8.13
20.61,40.02,20.16,22.59,8.07,73.52,44.31,59.64,8.14
20.62,40.02,20.16,22.59,8.06,73.52,44.31,59.80,8.13
20.63,40.02,20.16,22.63,8.08,73.30,44.31,59.64,8.13
20.64,40.02,20.16,22.63,8.07,73.30,44.31,59.64,8.14
20.65,40.02,20.16,22.66,8.07,73.30,44.31,59.64,8.13
20.66,40.02,20.16,22.63,8.06,73.52,44.31,59.64,8.13
20.67,40.02,20.16,22.66,8.07,73.75,44.22,59.80,8.13
20.68,40.10,20.16,22.66,8.07,73.30,44.31,59.80,8.13
20.69,40.02,20.16,22.59,8.07,73.30,44.31,59.64,8.14
20.70,40.02,20.16,22.63,8.07,73.30,44.31,59.80,8.13
20.71,40.02,20.14,22.63,8.07,73.52,44.22,59.80,8.13
20.72,40.02,20.16,22.66,8.07,73.30,44.31,59.49,8.13
20.73,40.10,20.16,22.66,8.07,73.30,44.31,59.95,8.13
20.74,40.10,20.16,22.63,8.07,73.30,44.31,59.49,8.13
20.75,40.02,20.16,22.66,8.07,73.30,44.31,59.64,8.12
20.76,40.10,20.19,22.66,8.08,73.52,44.31,59.64,8.13
20.77,40.02,20.16,22.63,8.07,73.52,44.31,59.64,8.13
20.78,40.02,20.16,22.66,8.07,73.30,44.22,59.80,8.13
20.79,40.02,20.16,22.59,8.06,73.30,44.31,59.64,8.13
20.80,40.02,20.16,22.63,8.07,73.52,44.31,59.64,8.12
20.81,40.02,20.14,22.66,8.07,73.30,44.31,59.64,8.14
20.82,40.02,20.16,22.63,8.07,73.30,44.22,59.64,8.12
20.83,40.02,20.14,22.63,8.07,73.30,44.22,59.64,8.13
20.84,40.02,20.14,22.63,8.06,73.52,44.31,59.80,8.13
20.85,40.02,20.16,22.66,8.08,73.30,44.31,59.80,8.13
20.86,40.02,20.14,22.63,8.08,73.30,44.22,59.64,8.13
20.87,40.02,20.16,22.63,8.08,73.30,44.31,59.64,8.12
20.88,40.02,20.19,22.66,8.07,73.30,44.31,59.64,8.12
20.89,40.02,20.14,22.63,8.07,73.52,44.31,59.64,8.13
20.90,40.02,20.16,22.59,8.07,73.30,44.31,59.80,8.12
20.91,40.02,20.16,22.66,8.07,73.30,44.31,59.80,8.12
20.92,40.02,20.16,22.63,8.08,73.52,44.31,59.64,8.12
20.93,40.02,20.16,22.63,8.08,73.52,44.31,59.80,8.14
20.94,40.02,20.19,22.59,8.07,73.30,44.31,59.64,8.12
20.95,40.10,20.16,22.66,8.07,73.30,44.22,59.64,8.14
20.96,40.02,20.16,22.66,8.07,73.30,44.31,59.80,8.13
20.97,40.02,20.19,22.66,8.07,73.30,44.31,59.80,8.12
20.98,40.10,20.16,22.63,8.07,73.30,44.31,59.64,8.14
20.99,40.02,20.16,22.66,8.07,73.52,44.31,59.64,8.14
21.00,40.02,20.16,22.63,8.08,73.30,44.31,59.80,8.14
21.01,40.10,20.16,22.63,8.07,73.30,44.22,59.80,8.13
21.02,40.02,20.16,22.63,8.07,73.30,44.31,59.80,8.13
21.03,39.94,20.16,22.63,8.08,73.30,44.22,59.80,8.13
21.04,40.02,20.19,22.66,8.07,73.30,44.31,59.80,8.14
21.05,40.02,20.16,22.63,8.07,73.52,44.31,59.64,8.13
21.06,40.02,20.14,22.63,8.07,73.30,44.22,59.64,8.13
21.07,40.02,20.16,22.63,8.07,73.52,44.31,59.80,8.13
21.08,40.10,20.16,22.63,8.08,73.30,44.31,59.64,8.14
21.09,40.02,20.16,22.59,8.08,73.30,44.22,59.80,8.14
21.10,40.02,20.16,22.63,8.07,73.30,44.31,59.80,8.12
21.11,40.10,20.16,22.63,8.08,73.52,44.22,59.80,8.13
21.12,40.02,20.19,22.63,8.07,73.30,44.31,59.80,8.13
21.13,40.02,20.16,22.63,8.07,73.30,44.31,59.80,8.13
21.14,40.02,20.16,22.63,8.08,73.30,44.31,59.64,8.12
21.15,40.02,20.16,22.63,8.07,73.30,44.31,59.64,8.12
21.16,40.02,20.16,22.66,8.07,73.52,44.31,59.64,8.13
21.17,40.02,20.16,22.66,8.07,73.30,44.31,59.80,8.13
21.18,40.02,20.14,22.66,8.08,73.30,44.31,59.80,8.14
21.19,40.02,20.16,22.63,8.07,73.30,44.41,59.64,8.12
21.20,40.02,20.16,22.63,8.08,73.52,44.31,59.80,8.12
21.21,40.02,20.16,22.63,8.08,73.30,44.22,59.64,8.12
21.22,40.02,20.19,22.63,8.07,73.52,44.31,59.80,8.13
21.23,40.02,20.16,22.66,8.08,73.30,44.31,59.80,8.13
21.24,40.02,20.16,22.63,8.07,73.52,44.31,59.64,8.13
21.25,40.02,20.16,22.66,8.07,73.30,44.22,59.64,8.13
21.26,40.02,20.16,22.63,8.07,73.30,44.31,59.80,8.12
21.27,40.02,20.14,22.63,8.07,73.30,44.31,59.64,8.13
21.28,40.02,20.16,22.66,8.07,73.52,44.31,59.80,8.13
21.29,40.02,20.16,22.63,8.08,73.52,44.31,59.80,8.12
21.30,40.02,20.14,22.63,8.07,73.30,44.31,59.64,8.14
21.31,40.02,20.16,22.66,8.07,73.30,44.31,59.80,8.13
21.32,40.02,20.14,22.66,8.07,73.30,44.41,59.80,8.13
21.33,40.02,20.16,22.63,8.07,73.30,44.31,59.80,8.14
21.34,40.02,20.16,22.63,8.08,73.30,44.22,59.64,8.12
21.35,40.10,20.16,22.66,8.07,73.52,44.31,59.64,8.13
21.36,40.02,20.16,22.63,8.06,73.30,44.31,59.64,8.14
21.37,40.02,20.16,22.66,8.07,73.30,44.31,59.64,8.13
21.38,40.10,20.16,22.63,8.08,73.30,44.31,59.64,8.13
21.39,40.10,20.16,22.66,8.07,73.52,44.31,59.64,8.13
21.40,40.02,20.16,22.63,8.09,73.30,44.31,59.64,8.13
21.41,40.02,20.19,22.66,8.07,73.52,44.22,59.64,8.13
21.42,40.02,20.16,22.63,8.07,73.30,44.31,59.80,8.14
21.43,40.10,20.16,22.63,8.07,73.30,44.31,59.64,8.12
21.44,40.02,20.16,22.63,8.07,73.52,44.41,59.64,8.13
21.45,40.02,20.16,22.63,8.07,73.52,44.31,59.80,8.14
21.46,40.02,20.14,22.66,8.08,73.30,44.31,59.64,8.14
21.47,40.10,20.19,22.63,8.07,73.30,44.31,59.64,8.14
21.48,40.10,20.16,22.63,8.07,73.30,44.22,59.64,8.13
21.49,40.02,20.16,22.63,8.07,73.30,44.31,59.80,8.13
21.50,40.02,20.19,22.63,8.07,73.30,44.22,59.80,8.13
21.51,40.02,20.16,22.63,8.07,73.52,44.31,59.80,8.13
21.52,40.02,20.16,22.63,8.08,73.30,44.31,59.80,8.13
21.53,40.10,20.16,22.66,8.07,73.52,44.31,59.80,8.13
21.54,40.02,20.19,22.66,8.07,73.30,44.31,59.64,8.12
21.55,40.10,20.16,22.66,8.07,73.52,44.31,59.64,8.12
21.56,40.02,20.16,22.66,8.07,73.75,44.31,59.80,8.13
21.57,39.94,20.16,22.66,8.07,73.52,44.31,59.64,8.13
21.58,40.02,20.16,22.66,8.08,73.52,44.31,59.80,8.13
21.59,40.10,20.16,22.66,8.07,73.52,44.31,59.64,8.13
21.60,40.02,20.19,22.66,8.07,73.52,44.31,59.80,8.13
21.61,40.10,20.16,22.63,8.07,73.52,44.31,59.64,8.13
21.62,40.02,20.19,22.66,8.08,73.30,44.31,59.64,8.12
21.63,40.02,20.16,22.63,8.08,73.30,44.22,59.80,8.13
21.64,40.02,20.16,22.66,8.08,73.52,44.31,59.80,8.14
21.65,40.10,20.16,22.66,8.07,73.52,44.22,59.80,8.13
21.66,40.10,20.16,22.66,8.08,73.30,44.50,59.64,8.13
21.67,40.02,20.16,22.66,8.07,73.30,44.31,59.64,8.13
21.68,40.10,20.19,22.66,8.06,73.30,44.31,59.80,8.12
21.69,40.02,20.22,22.66,8.07,73.30,44.31,59.64,8.13
21.70,40.10,20.16,22.63,8.07,73.52,44.31,59.64,8.14
21.71,40.10,20.16,22.66,8.08,73.52,44.31,59.64,8.13
21.72,40.02,20.16,22.66,8.07,73.52,44.31,59.95,8.13
21.73,40.02,20.16,22.66,8.07,73.52,44.31,59.80,8.13
21.74,40.02,20.19,22.66,8.07,73.30,44.41,59.64,8.13
21.75,40.02,20.19,22.63,8.07,73.52,44.31,59.80,8.14
21.76,40.10,20.19,22.63,8.07,73.52,44.31,59.80,8.13
21.77,40.18,20.16,22.66,8.07,73.30,44.41,59.80,8.13
21.78,39.94,20.19,22.63,8.07,73.52,44.31,59.80,8.14
21.79,40.10,20.16,22.66,8.07,73.52,44.31,59.80,8.14
21.80,40.02,20.16,22.63,8.07,73.30,44.31,59.80,8.14
21.81,40.10,20.16,22.66,8.08,73.52,44.31,59.80,8.13
21.82,40.02,20.22,22.63,8.07,73.52,44.41,59.64,8.13
21.83,40.02,20.19,22.66,8.07,73.75,44.31,59.80,8.13
21.84,40.10,20.16,22.66,8.07,73.52,44.31,59.80,8.13
21.85,40.10,20.19,22.63,8.07,73.52,44.31,59.80,8.14
21.86,40.02,20.16,22.66,8.08,73.52,44.31,59.80,8.14
21.87,40.10,20.16,22.66,8.07,73.30,44.31,59.64,8.13
21.88,40.02,20.22,22.66,8.07,73.52,44.41,59.80,8.13
21.89,40.02,20.16,22.63,8.08,73.52,44.31,59.95,8.14
21.90,40.10,20.16,22.66,8.08,73.52,44.41,59.80,8.14
21.91,40.10,20.16,22.66,8.07,73.52,44.31,59.95,8.13
21.92,40.02,20.19,22.63,8.07,73.52,44.41,59.95,8.13
21.93,40.10,20.22,22.66,8.07,73.52,44.31,59.80,8.14
21.94,40.10,20.16,22.66,8.08,73.52,44.31,59.80,8.13
21.95,40.02,20.19,22.66,8.08,73.52,44.41,59.64,8.13
21.96,40.10,20.19,22.66,8.07,73.52,44.31,59.80,8.14
21.97,40.02,20.16,22.66,8.07,73.52,44.31,59.80,8.13
21.98,40.02,20.19,22.66,8.07,73.52,44.31,59.64,8.13
21.99,40.10,20.19,22.66,8.07,73.52,44.41,59.80,8.13
22.00,40.10,20.16,22.66,8.08,73.52,44.31,59.80,8.13
22.01,40.10,20.16,22.63,8.07,73.52,44.22,59.80,8.13
22.02,40.10,20.16,22.66,8.07,73.52,44.41,59.64,8.13
22.03,40.10,20.19,22.66,8.08,73.30,44.31,59.64,8.12
22.04,40.02,20.16,22.66,8.08,73.52,44.31,59.80,8.13
22.05,40.10,20.19,22.66,8.08,73.75,44.41,59.80,8.14
22.06,40.10,20.19,22.63,8.08,73.52,44.31,59.80,8.13
22.07,40.10,20.22,22.63,8.08,73.30,44.31,59.80,8.13
22.08,40.02,20.19,22.63,8.07,73.52,44.31,59.64,8.14
22.09,40.02,20.16,22.66,8.07,73.52,44.41,59.64,8.13
22.10,40.10,20.19,22.70,8.08,73.52,44.31,59.80,8.13
22.11,40.10,20.22,22.66,8.08,73.52,44.41,59.80,8.13
22.12,40.02,20.16,22.66,8.07,73.30,44.41,59.80,8.14
22.13,40.02,20.19,22.66,8.07,73.52,44.41,59.80,8.13
22.14,40.10,20.19,22.66,8.07,73.52,44.31,59.80,8.14
22.15,40.10,20.19,22.66,8.07,73.30,44.41,59.80,8.14
22.16,40.10,20.19,22.66,8.08,73.52,44.31,59.80,8.13
22.17,40.10,20.19,22.66,8.08,73.52,44.31,59.80,8.13
22.18,40.10,20.19,22.66,8.07,73.52,44.41,59.80,8.13
22.19,40.10,20.16,22.66,8.08,73.52,44.31,59.80,8.14
22.20,40.02,20.16,22.63,8.08,73.52,44.31,59.64,8.14
22.21,40.02,20.16,22.66,8.07,73.52,44.31,59.80,8.13
22.22,40.10,20.16,22.66,8.08,73.52,44.31,59.80,8.13
22.23,40.10,20.16,22.63,8.07,73.75,44.31,59.80,8.13
22.24,40.10,20.16,22.66,8.08,73.52,44.31,59.80,8.13
22.25,40.02,20.19,22.63,8.08,73.52,44.31,59.80,8.13
22.26,40.10,20.16,22.66,8.08,73.30,44.31,59.80,8.14
22.27,40.02,20.19,22.66,8.07,73.52,44.41,59.80,8.13
22.28,40.10,20.16,22.66,8.08,73.30,44.31,59.80,8.13
22.29,40.10,20.19,22.66,8.08,73.52,44.31,59.80,8.13
22.30,40.10,20.19,22.66,8.07,73.52,44.31,59.80,8.14
22.31,40.10,20.19,22.66,8.08,73.30,44.31,59.64,8.13
22.32,40.10,20.19,22.63,8.07,73.52,44.31,59.80,8.14
22.33,40.02,20.19,22.66,8.07,73.52,44.31,59.80,8.13
22.34,40.02,20.16,22.66,8.08,73.52,44.31,59.80,8.13
22.35,40.10,20.19,22.66,8.08,73.52,44.31,59.64,8.14
22.36,40.02,20.16,22.63,8.07,73.52,44.31,59.80,8.13
22.37,40.02,20.16,22.66,8.09,73.30,44.31,59.80,8.13
22.38,40.02,20.19,22.66,8.09,73.52,44.31,59.80,8.13
22.39,40.10,20.19,22.66,8.08,73.52,44.31,59.80,8.13
22.40,40.10,20.16,22.70,8.07,73.30,44.31,59.80,8.13
22.41,40.10,20.16,22.66,8.08,73.52,44.31,59.80,8.13
22.42,40.02,20.16,22.66,8.07,73.52,44.31,59.80,8.13
22.43,40.02,20.16,22.66,8.08,73.30,44.41,59.80,8.14
22.44,40.02,20.16,22.66,8.07,73.52,44.31,59.80,8.13
22.45,40.10,20.16,22.63,8.08,73.30,44.31,59.64,8.14
22.46,40.10,20.19,22.63,8.07,73.52,44.41,59.80,8.13
22.47,40.10,20.19,22.66,8.08,73.52,44.41,59.64,8.14
22.48,40.10,20.16,22.66,8.07,73.52,44.41,59.80,8.12
22.49,40.10,20.16,22.63,8.08,73.52,44.31,59.64,8.13
22.50,40.02,20.16,22.66,8.07,73.52,44.31,59.80,8.13
22.51,40.10,20.19,22.66,8.07,73.52,44.31,59.64,8.13
22.52,40.02,20.19,22.66,8.08,73.52,44.41,59.64,8.14
22.53,40.02,20.16,22.66,8.07,73.52,44.31,59.80,8.14
22.54,40.02,20.19,22.66,8.08,73.52,44.31,59.80,8.13
22.55,40.10,20.19,22.63,8.07,73.52,44.41,59.80,8.14
22.56,40.10,20.16,22.66,8.09,73.30,44.31,59.80,8.14
22.57,40.10,20.16,22.66,8.07,73.52,44.41,59.80,8.14
22.58,40.02,20.16,22.66,8.08,73.52,44.31,59.80,8.13
22.59,40.02,20.19,22.66,8.07,73.52,44.41,59.64,8.13
22.60,40.10,20.19,22.63,8.08,73.52,44.31,59.80,8.14
22.61,40.10,20.16,22.66,8.08,73.52,44.31,59.64,8.14
22.62,40.02,20.19,22.63,8.08,73.52,44.31,59.64,8.12
22.63,40.10,20.19,22.66,8.07,73.52,44.41,59.64,8.13
22.64,40.02,20.19,22.66,8.09,73.30,44.31,59.80,8.13
22.65,40.10,20.19,22.66,8.08,73.30,44.31,59.80,8.13
22.66,40.10,20.19,22.66,8.07,73.30,44.31,59.80,8.13
22.67,40.02,20.16,22.66,8.08,73.52,44.31,59.80,8.13
22.68,40.10,20.19,22.63,8.08,73.52,44.31,59.80,8.13
22.69,40.10,20.19,22.66,8.07,73.30,44.31,59.80,8.13
22.70,40.10,20.19,22.66,8.08,73.52,44.31,59.80,8.14
22.71,40.02,20.16,22.66,8.07,73.30,44.31,59.80,8.13
22.72,40.10,20.19,22.63,8.07,73.30,44.41,59.80,8.13
22.73,40.10,20.19,22.66,8.08,73.52,44.41,59.80,8.14
22.74,40.02,20.16,22.66,8.07,73.30,44.31,59.80,8.13
22.75,40.02,20.19,22.66,8.08,73.52,44.31,59.80,8.13
22.76,40.10,20.22,22.66,8.07,73.52,44.31,59.80,8.13
22.77,40.10,20.16,22.66,8.07,73.30,44.22,59.80,8.13
22.78,40.02,20.16,22.66,8.08,73.75,44.31,59.80,8.14
22.79,40.10,20.16,22.63,8.08,73.52,44.31,59.64,8.13
22.80,40.10,20.19,22.66,8.08,73.52,44.31,59.64,8.13
22.81,40.02,20.16,22.66,8.07,73.52,44.31,59.80,8.13
22.82,40.10,20.19,22.66,8.08,73.52,44.41,59.80,8.13
22.83,40.02,20.19,22.63,8.07,73.52,44.22,59.80,8.13
22.84,40.10,20.19,22.63,8.08,73.52,44.22,59.80,8.13
22.85,40.02,20.19,22.66,8.08,73.52,44.50,59.95,8.13
22.86,40.10,20.19,22.66,8.08,73.52,44.22,59.64,8.13
22.87,40.02,20.16,22.66,8.07,73.30,44.41,59.80,8.13
22.88,40.02,20.16,22.66,8.07,73.52,44.31,59.80,8.13
22.89,40.02,20.16,22.66,8.07,73.52,44.31,59.80,8.13
22.90,40.10,20.19,22.66,8.07,73.52,44.41,59.64,8.14
22.91,40.02,20.19,22.66,8.08,73.52,44.31,59.80,8.15
22.92,40.02,20.19,22.66,8.08,73.52,44.31,59.80,8.13
22.93,40.10,20.19,22.63,8.08,73.52,44.31,59.80,8.13
22.94,40.02,20.19,22.66,8.08,73.52,44.31,59.64,8.13
22.95,40.02,20.16,22.66,8.08,73.52,44.31,59.80,8.13
22.96,40.02,20.19,22.66,8.07,73.52,44.41,59.64,8.14
22.97,40.02,20.16,22.66,8.07,73.30,44.31,59.64,8.13
22.98,40.18,20.16,22.66,8.08,73.52,44.31,59.80,8.13
22.99,40.02,20.19,22.63,8.08,73.30,44.31,59.64,8.14
23.00,40.02,20.16,22.70,8.07,73.52,44.31,59.80,8.14
23.01,40.10,20.19,22.66,8.07,73.52,44.31,59.64,8.14
23.02,40.10,20.19,22.66,8.07,73.30,44.31,59.80,8.13
23.03,40.02,20.16,22.66,8.07,73.30,44.31,59.80,8.14
23.04,40.02,20.16,22.66,8.08,73.30,44.41,59.64,8.13
23.05,40.02,20.16,22.66,8.08,73.30,44.31,59.80,8.13
23.06,40.02,20.16,22.66,8.08,73.52,44.31,59.64,8.13
23.07,40.02,20.19,22.66,8.07,73.30,44.31,59.64,8.14
23.08,39.94,20.16,22.66,8.07,73.30,44.31,59.80,8.13
23.09,40.02,20.19,22.66,8.08,73.52,44.41,59.80,8.13
23.10,40.02,20.16,22.66,8.08,73.30,44.31,59.95,8.13
23.11,40.02,20.19,22.66,8.07,73.52,44.31,59.49,8.14
23.12,40.10,20.16,22.63,8.08,73.30,44.31,59.64,8.14
23.13,40.02,20.16,22.63,8.07,73.30,44.31,59.80,8.13
23.14,40.02,20.19,22.66,8.08,73.52,44.31,59.80,8.14
23.15,40.02,20.19,22.66,8.07,73.52,44.31,59.80,8.13
23.16,40.02,20.16,22.66,8.08,73.30,44.31,59.80,8.13
23.17,40.02,20.16,22.66,8.08,73.52,44.31,59.80,8.12
23.18,40.10,20.16,22.63,8.08,73.30,44.41,59.80,8.13
23.19,40.10,20.19,22.63,8.08,73.52,44.31,59.64,8.13
23.20,40.02,20.16,22.66,8.08,73.52,44.31,59.80,8.13
23.21,40.02,20.16,22.66,8.07,73.52,44.31,59.64,8.13
23.22,40.02,20.19,22.66,8.07,73.52,44.31,59.80,8.13
23.23,40.02,20.19,22.66,8.07,73.52,44.41,59.80,8.13
23.24,40.02,20.19,22.66,8.08,73.30,44.31,59.80,8.13
23.25,40.10,20.19,22.63,8.08,73.52,44.31,59.80,8.13
23.26,40.02,20.19,22.66,8.08,73.52,44.31,59.64,8.13
23.27,40.02,20.19,22.66,8.07,73.52,44.31,59.64,8.14
23.28,40.02,20.16,22.66,8.08,73.52,44.31,59.64,8.13
23.29,40.02,20.16,22.63,8.08,73.52,44.31,59.80,8.13
23.30,40.02,20.16,22.63,8.07,73.52,44.31,59.80,8.14
23.31,40.02,20.19,22.66,8.08,73.52,44.31,59.64,8.13
23.32,40.02,20.16,22.63,8.07,73.52,44.31,59.64,8.14
23.33,40.10,20.19,22.66,8.07,73.52,44.31,59.80,8.13
23.34,40.02,20.16,22.66,8.08,73.52,44.41,59.64,8.13
23.35,40.10,20.16,22.66,8.09,73.52,44.41,59.80,8.12
23.36,40.10,20.16,22.66,8.07,73.52,44.41,59.80,8.13
23.37,40.02,20.16,22.63,8.08,73.52,44.31,59.80,8.14
23.38,40.02,20.16,22.66,8.08,73.52,44.31,59.64,8.13
23.39,40.10,20.16,22.66,8.08,73.52,44.41,59.80,8.13
23.40,40.02,20.19,22.66,8.07,73.52,44.31,59.64,8.14
23.41,40.02,20.16,22.63,8.08,73.52,44.31,59.64,8.12
23.42,40.02,20.16,22.66,8.08,73.52,44.31,59.64,8.13
23.43,40.02,20.19,22.66,8.09,73.52,44.41,59.80,8.13
23.44,40.02,20.16,22.66,8.07,73.52,44.31,59.80,8.13
23.45,40.10,20.16,22.66,8.08,73.30,44.41,59.80,8.13
23.46,40.02,20.16,22.63,8.07,73.52,44.31,59.80,8.13
23.47,40.02,20.16,22.66,8.08,73.52,44.31,59.64,8.13
23.48,40.02,20.19,22.63,8.07,73.52,44.31,59.64,8.13
23.49,40.02,20.16,22.63,8.08,73.52,44.41,59.80,8.13
23.50,40.10,20.19,22.66,8.07,73.52,44.41,59.80,8.13
23.51,40.02,20.19,22.66,8.07,73.30,44.31,59.80,8.13
23.52,40.02,20.16,22.66,8.08,73.52,44.31,59.80,8.13
23.53,40.02,20.16,22.66,8.07,73.52,44.22,59.80,8.13
23.54,40.02,20.16,22.66,8.08,73.30,44.31,59.80,8.13
23.55,40.02,20.16,22.66,8.08,73.30,44.31,59.64,8.12
23.56,40.10,20.16,22.66,8.07,73.52,44.31,59.64,8.13
23.57,40.02,20.16,22.66,8.07,73.30,44.41,59.64,8.13
23.58,40.02,20.16,22.63,8.08,73.52,44.31,59.80,8.13
23.59,40.02,20.16,22.63,8.09,73.52,44.31,59.80,8.12
23.60,40.02,20.19,22.66,8.08,73.52,44.22,59.80,8.13
23.61,40.02,20.16,22.63,8.09,73.30,44.31,59.64,8.12
23.62,40.02,20.16,22.66,8.07,73.52,44.31,59.64,8.13
23.63,40.02,20.16,22.63,8.07,73.30,44.31,59.64,8.13
23.64,40.02,20.16,22.63,8.08,73.30,44.31,59.64,8.13
23.65,40.02,20.16,22.63,8.08,73.30,44.31,59.64,8.13
23.66,40.02,20.19,22.66,8.08,73.52,44.31,59.64,8.13
23.67,40.10,20.19,22.66,8.07,73.52,44.41,59.64,8.13
23.68,40.02,20.19,22.66,8.07,73.30,44.22,59.64,8.13
23.69,40.02,20.19,22.63,8.07,73.30,44.31,59.80,8.14
23.70,40.02,20.16,22.63,8.07,73.52,44.31,59.80,8.13
23.71,40.02,20.16,22.66,8.07,73.52,44.31,59.80,8.14
23.72,40.02,20.16,22.66,8.08,73.30,44.31,59.80,8.14
23.73,40.10,20.16,22.66,8.07,73.52,44.31,59.80,8.13
23.74,40.02,20.19,22.66,8.09,73.52,44.31,59.64,8.13
23.75,40.02,20.16,22.66,8.08,73.30,44.31,59.64,8.14
23.76,40.02,20.19,22.63,8.07,73.52,44.31,59.80,8.14
23.77,40.02,20.16,22.63,8.08,73.08,44.31,59.80,8.13
23.78,40.02,20.16,22.66,8.08,73.52,44.31,59.80,8.13
23.79,40.02,20.19,22.66,8.08,73.52,44.31,59.80,8.13
23.80,40.02,20.16,22.63,8.09,73.52,44.31,59.80,8.13
23.81,40.02,20.16,22.63,8.07,73.30,44.31,59.64,8.14
23.82,40.02,20.16,22.63,8.07,73.30,44.31,59.64,8.13
23.83,40.10,20.19,22.66,8.08,73.52,44.41,59.64,8.13
23.84,40.02,20.19,22.66,8.08,73.52,44.41,59.64,8.13
23.85,40.02,20.19,22.63,8.07,73.30,44.31,59.80,8.13
23.86,40.10,20.19,22.66,8.07,73.30,44.31,59.64,8.13
23.87,40.02,20.16,22.66,8.08,73.52,44.31,59.80,8.13
23.88,40.02,20.16,22.66,8.08,73.52,44.31,59.64,8.12
23.89,40.02,20.16,22.66,8.08,73.30,44.31,59.64,8.14
23.90,40.10,20.19,22.63,8.08,73.52,44.31,59.64,8.13
23.91,40.02,20.19,22.66,8.07,73.30,44.41,59.80,8.13
23.92,40.02,20.14,22.66,8.08,73.52,44.31,59.64,8.13
23.93,40.02,20.19,22.66,8.07,73.52,44.31,59.64,8.13
23.94,40.02,20.22,22.66,8.07,73.30,44.31,59.64,8.13
23.95,40.02,20.19,22.66,8.06,73.30,44.31,59.64,8.13
23.96,40.02,20.16,22.66,8.08,73.30,44.41,59.80,8.13
23.97,40.10,20.16,22.63,8.08,73.30,44.31,59.64,8.13
23.98,40.02,20.16,22.63,8.07,73.52,44.22,59.64,8.13
23.99,40.02,20.16,22.63,8.08,73.30,44.31,59.80,8.13
24.00,40.02,20.16,22.66,8.07,73.52,44.31,59.64,8.13
24.01,40.02,20.16,22.66,8.07,73.30,44.31,59.80,8.13
24.02,40.02,20.19,22.66,8.07,73.52,44.31,59.64,8.13
24.03,40.10,20.16,22.63,8.07,73.52,44.41,59.80,8.13
24.04,40.02,20.19,22.63,8.07,73.30,44.41,59.49,8.13
24.05,40.02,20.16,22.63,8.07,73.30,44.22,59.80,8.12
24.06,40.02,20.16,22.63,8.07,73.52,44.31,59.64,8.14
24.07,40.02,20.16,22.66,8.08,73.30,44.31,59.64,8.13
24.08,40.02,20.16,22.63,8.07,73.52,44.31,59.64,8.12
24.09,40.02,20.16,22.63,8.08,73.52,44.41,59.80,8.13
24.10,40.02,20.14,22.63,8.07,73.52,44.31,59.80,8.12
24.11,40.02,20.16,22.66,8.08,73.30,44.31,59.64,8.13
24.12,40.02,20.16,22.63,8.07,73.52,44.31,59.80,8.13
24.13,40.10,20.16,22.66,8.07,73.30,44.31,59.80,8.13
24.14,40.02,20.19,22.63,8.08,73.30,44.31,59.64,8.13
24.15,40.02,20.16,22.63,8.08,73.30,44.22,59.64,8.13
24.16,40.18,20.19,22.66,8.08,73.30,44.31,59.80,8.13
24.17,39.94,20.16,22.63,8.08,73.52,44.31,59.64,8.14
24.18,40.02,20.16,22.66,8.08,73.52,44.31,59.80,8.13
24.19,40.02,20.16,22.66,8.08,73.30,44.22,59.64,8.13
24.20,40.02,20.16,22.63,8.08,73.52,44.22,59.80,8.13
24.21,39.94,20.16,22.63,8.07,73.30,44.31,59.64,8.12
24.22,40.02,20.16,22.66,8.08,73.30,44.41,59.64,8.14
24.23,40.02,20.16,22.66,8.07,73.30,44.41,59.64,8.12
24.24,40.02,20.16,22.66,8.07,73.52,44.31,59.49,8.13
24.25,40.02,20.14,22.63,8.07,73.52,44.31,59.64,8.13
24.26,40.02,20.16,22.63,8.07,73.52,44.31,59.64,8.14
24.27,40.02,20.16,22.63,8.07,73.30,44.31,59.64,8.13
24.28,40.02,20.16,22.63,8.08,73.30,44.12,59.80,8.12
24.29,40.02,20.16,22.66,8.08,73.30,44.31,59.64,8.13
24.30,40.02,20.19,22.63,8.07,73.30,44.31,59.80,8.13
24.31,40.02,20.16,22.63,8.07,73.52,44.31,59.80,8.13
24.32,39.94,20.14,22.66,8.07,73.30,44.31,59.64,8.13
24.33,40.02,20.16,22.63,8.07,73.52,44.31,59.64,8.13
24.34,40.02,20.16,22.63,8.07,73.30,44.31,59.80,8.14
24.35,40.02,20.16,22.66,8.08,73.30,44.31,59.80,8.13
24.36,40.02,20.16,22.63,8.07,73.52,44.31,59.64,8.13
24.37,40.02,20.16,22.63,8.08,73.52,44.31,59.64,8.12
24.38,40.02,20.16,22.66,8.08,73.30,44.31,59.64,8.14
24.39,40.02,20.14,22.63,8.08,73.30,44.31,59.64,8.13
24.40,40.02,20.16,22.63,8.07,73.52,44.31,59.80,8.13
24.41,40.02,20.14,22.63,8.07,73.52,44.31,59.64,8.13
24.42,40.02,20.14,22.66,8.08,73.52,44.31,59.80,8.13
24.43,40.02,20.16,22.63,8.07,73.30,44.31,59.64,8.13
24.44,40.02,20.16,22.63,8.08,73.30,44.31,59.64,8.13
24.45,40.02,20.16,22.63,8.08,73.30,44.31,59.64,8.13
24.46,40.02,20.16,22.63,8.07,73.30,44.31,59.64,8.13
24.47,39.94,20.16,22.63,8.07,73.30,44.22,59.64,8.13
24.48,40.02,20.14,22.63,8.07,73.30,44.31,59.64,8.13
24.49,40.02,20.19,22.63,8.07,73.52,44.22,59.64,8.13
24.50,40.02,20.16,22.63,8.07,73.52,44.31,59.64,8.13
24.51,40.02,20.14,22.63,8.07,73.30,44.31,59.64,8.14
24.52,40.02,20.16,22.63,8.07,73.30,44.31,59.64,8.13
24.53,40.02,20.19,22.66,8.08,73.52,44.31,59.64,8.13
24.54,40.02,20.14,22.66,8.07,73.52,44.31,59.80,8.13
24.55,40.02,20.16,22.63,8.07,73.52,44.31,59.80,8.14
24.56,40.02,20.16,22.63,8.08,73.30,44.31,59.64,8.13
24.57,40.02,20.16,22.63,8.07,73.30,44.31,59.80,8.12
24.58,40.02,20.14,22.66,8.08,73.52,44.31,59.64,8.13
24.59,40.02,20.16,22.63,8.07,73.30,44.31,59.64,8.13
24.60,40.02,20.16,22.63,8.07,73.30,44.31,59.64,8.12
24.61,40.02,20.14,22.63,8.07,73.52,44.31,59.64,8.13
24.62,40.02,20.14,22.59,8.08,73.52,44.31,59.80,8.13
24.63,40.02,20.14,22.63,8.07,73.30,44.22,59.64,8.12
24.64,40.02,20.16,22.63,8.07,73.30,44.22,59.64,8.12
24.65,40.02,20.16,22.66,8.07,73.52,44.31,59.64,8.13
24.66,40.02,20.19,22.63,8.07,73.30,44.31,59.64,8.13
24.67,40.02,20.16,22.66,8.08,73.52,44.31,59.64,8.13
24.68,39.94,20.16,22.63,8.07,73.30,44.31,59.64,8.13
24.69,40.02,20.14,22.63,8.07,73.30,44.31,59.64,8.13
24.70,40.02,20.16,22.63,8.07,73.30,44.31,59.64,8.13
24.71,40.02,20.14,22.63,8.07,73.30,44.31,59.64,8.13
24.72,40.02,20.16,22.63,8.08,73.30,44.31,59.64,8.14
24.73,40.02,20.14,22.63,8.09,73.30,44.31,59.64,8.13
24.74,39.94,20.16,22.63,8.07,73.30,44.22,59.80,8.14
24.75,40.02,20.16,22.66,8.08,73.30,44.31,59.80,8.13
24.76,40.02,20.14,22.66,8.07,73.52,44.31,59.64,8.12
24.77,39.94,20.14,22.63,8.08,73.52,44.22,59.80,8.13
24.78,40.02,20.16,22.63,8.08,73.30,44.22,59.64,8.13
24.79,40.02,20.14,22.63,8.07,73.30,44.31,59.64,8.12
24.80,40.02,20.16,22.63,8.08,73.30,44.31,59.64,8.13
24.81,40.02,20.14,22.66,8.07,73.52,44.31,59.64,8.13
24.82,40.02,20.14,22.63,8.07,73.30,44.31,59.64,8.12
24.83,40.02,20.16,22.63,8.08,73.30,44.31,59.64,8.13
24.84,40.02,20.16,22.63,8.07,73.30,44.22,59.64,8.13
24.85,40.02,20.16,22.66,8.08,73.30,44.31,59.64,8.13
24.86,40.02,20.16,22.63,8.07,73.52,44.31,59.64,8.14
24.87,40.02,20.14,22.63,8.07,73.30,44.22,59.64,8.14
24.88,40.02,20.16,22.59,8.07,73.30,44.31,59.64,8.12
24.89,40.02,20.14,22.66,8.08,73.30,44.22,59.64,8.13
24.90,40.02,20.16,22.66,8.08,73.30,44.22,59.64,8.13
24.91,40.02,20.16,22.63,8.08,73.30,44.22,59.64,8.13
24.92,40.02,20.14,22.59,8.07,73.30,44.31,59.64,8.13
24.93,40.02,20.14,22.63,8.07,73.30,44.22,59.64,8.13
24.94,40.02,20.16,22.63,8.07,73.52,44.22,59.64,8.13
24.95,40.02,20.14,22.59,8.08,73.30,44.31,59.64,8.12
24.96,40.02,20.16,22.59,8.08,73.30,44.22,59.64,8.12
24.97,40.02,20.16,22.63,8.07,73.08,44.31,59.64,8.13
24.98,40.02,20.16,22.63,8.08,73.30,44.22,59.64,8.13
24.99,40.02,20.14,22.63,8.07,73.30,44.31,59.80,8.14
25.00,40.02,20.14,22.63,8.07,73.30,44.31,59.64,8.14
25.01,40.02,20.14,22.59,8.07,73.30,44.22,59.64,8.13
25.02,39.94,20.14,22.59,8.08,73.52,44.31,59.64,8.13
25.03,40.02,20.14,22.63,8.07,73.30,44.31,59.64,8.13
25.04,40.02,20.14,22.59,8.08,73.30,44.31,59.64,8.14
25.05,40.02,20.16,22.63,8.08,73.30,44.31,59.64,8.12
25.06,40.02,20.16,22.63,8.07,73.52,44.31,59.64,8.13
25.07,40.02,20.14,22.63,8.07,73.52,44.22,59.64,8.13
25.08,40.02,20.16,22.63,8.07,73.30,44.22,59.64,8.13
25.09,40.02,20.14,22.59,8.08,73.52,44.22,59.64,8.14
25.10,40.02,20.14,22.59,8.08,73.30,44.31,59.64,8.13
25.11,39.94,20.16,22.63,8.08,73.30,44.31,59.64,8.13
25.12,40.02,20.14,22.63,8.08,73.52,44.22,59.64,8.13
25.13,40.02,20.14,22.59,8.07,73.30,44.31,59.64,8.12
25.14,40.02,20.14,22.59,8.08,73.30,44.22,59.64,8.14
25.15,39.94,20.16,22.63,8.07,73.30,44.12,59.64,8.13
25.16,40.02,20.16,22.63,8.08,73.52,44.22,59.64,8.13
25.17,40.02,20.16,22.59,8.07,73.30,44.22,59.64,8.13
25.18,40.02,20.14,22.63,8.07,73.30,44.31,59.80,8.13
25.19,40.02,20.16,22.59,8.07,73.52,44.22,59.64,8.14
25.20,40.02,20.14,22.63,8.07,73.30,44.31,59.64,8.13
25.21,40.02,20.14,22.59,8.08,73.30,44.22,59.64,8.13
25.22,40.02,20.16,22.63,8.08,73.30,44.12,59.64,8.13
25.23,40.02,20.14,22.63,8.07,73.30,44.41,59.64,8.12
25.24,40.02,20.14,22.59,8.07,73.30,44.31,59.64,8.13
25.25,40.02,20.14,22.63,8.07,73.52,44.31,59.64,8.13
25.26,40.02,20.14,22.63,8.07,73.30,44.31,59.64,8.13
25.27,40.02,20.14,22.59,8.07,73.30,44.31,59.64,8.13
25.28,40.02,20.14,22.59,8.07,73.30,44.31,59.64,8.11
25.29,39.94,20.14,22.63,8.07,73.30,44.31,59.64,8.12
25.30,40.02,20.11,22.63,8.07,73.30,44.31,59.64,8.12
25.31,40.02,20.14,22.59,8.08,73.30,44.31,59.64,8.13
25.32,39.94,20.14,22.59,8.07,73.30,44.22,59.64,8.13
25.33,40.02,20.14,22.63,8.07,73.30,44.31,59.49,8.13
25.34,39.94,20.16,22.59,8.07,73.52,44.22,59.64,8.13
25.35,39.94,20.14,22.63,8.07,73.30,44.31,59.49,8.12
25.36,40.02,20.16,22.63,8.06,73.30,44.22,59.49,8.12
25.37,40.02,20.16,22.59,8.07,73.30,44.22,59.49,8.13
25.38,39.94,20.16,22.66,8.06,73.30,44.22,59.64,8.13
25.39,40.02,20.16,22.63,8.08,73.30,44.31,59.49,8.13
25.40,40.02,20.14,22.63,8.07,73.30,44.31,59.64,8.13
25.41,40.02,20.14,22.63,8.07,73.30,44.12,59.49,8.13
25.42,39.94,20.16,22.63,8.08,73.52,44.22,59.49,8.13
25.43,40.02,20.11,22.63,8.07,73.30,44.12,59.64,8.13
25.44,40.02,20.16,22.63,8.08,73.08,44.31,59.64,8.12
25.45,40.02,20.16,22.63,8.07,73.30,44.31,59.64,8.13
25.46,40.02,20.11,22.63,8.08,73.30,44.22,59.64,8.11
25.47,40.02,20.16,22.63,8.07,73.30,44.22,59.49,8.12
25.48,40.02,20.16,22.63,8.07,73.30,44.22,59.64,8.12
25.49,40.02,20.16,22.59,8.07,73.30,44.22,59.33,8.12
25.50,39.94,20.14,22.59,8.07,73.30,44.22,59.49,8.13
25.51,39.94,20.16,22.59,8.07,73.30,44.31,59.49,8.12
25.52,39.94,20.14,22.63,8.07,73.30,44.22,59.64,8.13
25.53,40.02,20.14,22.59,8.07,73.30,44.22,59.64,8.13
25.54,40.02,20.14,22.59,8.07,73.30,44.22,59.49,8.12
25.55,40.02,20.14,22.63,8.08,73.30,44.22,59.64,8.12
25.56,39.94,20.14,22.63,8.07,73.30,44.31,59.64,8.12
25.57,40.02,20.14,22.63,8.08,73.30,44.22,59.49,8.13
25.58,40.02,20.14,22.63,8.07,73.30,44.22,59.64,8.13
25.59,39.94,20.14,22.59,8.07,73.30,44.22,59.64,8.14
25.60,40.02,20.14,22.63,8.08,73.30,44.22,59.49,8.13
25.61,40.02,20.16,22.59,8.07,73.30,44.31,59.49,8.12
25.62,40.02,20.16,22.59,8.07,73.52,44.22,59.64,8.12
25.63,40.02,20.16,22.63,8.08,73.30,44.31,59.64,8.13
25.64,40.02,20.16,22.59,8.07,73.30,44.22,59.49,8.13
25.65,39.94,20.11,22.59,8.08,73.30,44.31,59.64,8.13
25.66,39.94,20.14,22.59,8.08,73.30,44.31,59.64,8.12
25.67,40.02,20.14,22.59,8.07,73.30,44.31,59.49,8.14
25.68,40.02,20.14,22.63,8.07,73.30,44.31,59.64,8.13
25.69,40.02,20.14,22.59,8.07,73.30,44.22,59.64,8.14
25.70,40.02,20.11,22.63,8.08,73.30,44.22,59.64,8.13
25.71,40.02,20.14,22.63,8.07,73.30,44.22,59.64,8.13
25.72,40.02,20.14,22.59,8.06,73.30,44.31,59.64,8.13
25.73,40.02,20.14,22.63,8.06,73.30,44.31,59.49,8.12
25.74,39.94,20.14,22.59,8.08,73.52,44.22,59.49,8.12
25.75,40.02,20.14,22.63,8.07,73.52,44.22,59.64,8.12
25.76,39.94,20.14,22.59,8.07,73.30,44.22,59.64,8.13
25.77,40.10,20.14,22.63,8.07,73.30,44.22,59.64,8.12
25.78,40.02,20.14,22.63,8.07,73.30,44.22,59.64,8.13
25.79,40.02,20.16,22.59,8.07,73.30,44.22,59.49,8.13
25.80,40.02,20.14,22.63,8.07,73.30,44.31,59.64,8.12
25.81,40.02,20.16,22.63,8.07,73.30,44.22,59.64,8.12
25.82,39.94,20.14,22.59,8.07,73.30,44.22,59.64,8.13
25.83,39.94,20.14,22.59,8.07,73.30,44.22,59.64,8.12
25.84,40.02,20.14,22.59,8.08,73.30,44.22,59.64,8.12
25.85,40.02,20.14,22.59,8.07,73.30,44.22,59.64,8.12
25.86,40.02,20.14,22.63,8.07,73.30,44.22,59.64,8.13
25.87,40.02,20.14,22.59,8.08,73.30,44.22,59.64,8.12
25.88,39.94,20.14,22.59,8.07,73.30,44.22,59.64,8.12
25.89,40.02,20.14,22.59,8.07,73.30,44.31,59.64,8.13
25.90,40.02,20.11,22.63,8.08,73.30,44.22,59.49,8.12
25.91,39.94,20.14,22.63,8.08,73.52,44.22,59.49,8.12
25.92,39.94,20.14,22.59,8.07,73.30,44.31,59.64,8.12
25.93,40.02,20.14,22.63,8.08,73.30,44.31,59.64,8.13
25.94,40.02,20.16,22.63,8.07,73.30,44.31,59.64,8.12
25.95,40.02,20.16,22.59,8.07,73.30,44.22,59.49,8.12
25.96,39.94,20.16,22.63,8.07,73.30,44.22,59.64,8.12
25.97,40.02,20.16,22.63,8.07,73.30,44.22,59.64,8.13
25.98,40.02,20.14,22.63,8.07,73.30,44.22,59.64,8.12
25.99,40.02,20.14,22.59,8.07,73.30,44.22,59.64,8.13
26.00,40.02,20.14,22.63,8.07,73.30,44.22,59.49,8.13
26.01,40.02,20.14,22.59,8.07,73.30,44.22,59.64,8.13
26.02,39.94,20.14,22.63,8.07,73.30,44.22,59.64,8.13
26.03,40.02,20.14,22.59,8.07,73.30,44.31,59.49,8.13
26.04,40.02,20.11,22.59,8.07,73.30,44.31,59.64,8.13
26.05,40.02,20.14,22.59,8.07,73.30,44.31,59.64,8.12
26.06,40.02,20.14,22.59,8.07,73.30,44.22,59.64,8.13
26.07,40.02,20.14,22.59,8.07,73.30,44.22,59.49,8.13
26.08,40.02,20.11,22.63,8.07,73.30,44.31,59.49,8.12
26.09,39.94,20.16,22.63,8.07,73.30,44.22,59.64,8.12
26.10,40.02,20.14,22.63,8.08,73.30,44.31,59.64,8.13
26.11,40.02,20.16,22.63,8.07,73.30,44.22,59.64,8.13
26.12,40.02,20.11,22.59,8.08,73.30,44.31,59.49,8.13
26.13,40.02,20.14,22.59,8.07,73.30,44.31,59.49,8.13
26.14,40.02,20.11,22.59,8.08,73.30,44.31,59.49,8.12
26.15,39.94,20.14,22.59,8.08,73.30,44.31,59.64,8.12
26.16,40.02,20.14,22.63,8.08,73.30,44.22,59.49,8.14
26.17,39.94,20.11,22.59,8.07,73.30,44.22,59.49,8.12
26.18,40.02,20.11,22.59,8.07,73.30,44.31,59.49,8.11
26.19,40.02,20.14,22.63,8.06,73.30,44.31,59.49,8.13
26.20,40.02,20.14,22.59,8.07,73.30,44.22,59.64,8.13
26.21,39.94,20.14,22.59,8.07,73.30,44.12,59.64,8.12
26.22,40.02,20.14,22.59,8.08,73.30,44.22,59.64,8.13
26.23,40.02,20.14,22.63,8.07,73.30,44.31,59.49,8.12
26.24,40.02,20.11,22.59,8.08,73.30,44.22,59.49,8.12
26.25,40.02,20.14,22.63,8.07,73.30,44.22,59.64,8.13
26.26,40.02,20.16,22.63,8.07,73.30,44.31,59.49,8.12
26.27,40.02,20.11,22.63,8.07,73.30,44.22,59.64,8.12
26.28,40.02,20.14,22.59,8.07,73.52,44.31,59.64,8.13
26.29,40.02,20.11,22.59,8.07,73.30,44.12,59.49,8.12
26.30,40.02,20.11,22.59,8.07,73.30,44.22,59.64,8.13
26.31,40.02,20.14,22.59,8.07,73.52,44.31,59.64,8.13
26.32,40.02,20.16,22.59,8.07,73.30,44.22,59.64,8.12
26.33,40.02,20.11,22.59,8.07,73.30,44.31,59.64,8.13
26.34,40.02,20.14,22.63,8.06,73.30,44.12,59.49,8.13
26.35,40.02,20.14,22.59,8.08,73.30,44.22,59.64,8.12
26.36,40.02,20.14,22.63,8.07,73.30,44.31,59.49,8.12
26.37,40.02,20.14,22.59,8.07,73.52,44.31,59.49,8.13
26.38,40.02,20.16,22.63,8.08,73.30,44.31,59.64,8.13
26.39,40.02,20.14,22.59,8.07,73.30,44.31,59.64,8.12
26.40,39.94,20.14,22.59,8.08,73.30,44.12,59.64,8.12
26.41,40.02,20.14,22.63,8.06,73.30,44.31,59.64,8.13
26.42,40.02,20.14,22.59,8.08,73.30,44.12,59.49,8.13
26.43,39.94,20.14,22.59,8.07,73.30,44.31,59.49,8.12
26.44,40.02,20.11,22.63,8.06,73.30,44.31,59.64,8.13
26.45,40.02,20.14,22.63,8.08,73.30,44.31,59.64,8.13
26.46,40.02,20.14,22.59,8.06,73.30,44.31,59.64,8.12
26.47,40.02,20.14,22.59,8.07,73.30,44.31,59.64,8.12
26.48,39.94,20.14,22.59,8.07,73.30,44.12,59.64,8.11
26.49,40.02,20.14,22.59,8.07,73.30,44.31,59.64,8.12
26.50,39.94,20.14,22.59,8.07,73.30,44.31,59.64,8.13
26.51,40.02,20.14,22.63,8.07,73.30,44.31,59.49,8.13
26.52,40.02,20.14,22.59,8.07,73.30,44.22,59.64,8.13
26.53,39.94,20.14,22.63,8.07,73.52,44.22,59.49,8.11
26.54,40.02,20.14,22.63,8.06,73.30,44.22,59.64,8.12
26.55,39.94,20.14,22.59,8.06,73.30,44.22,59.64,8.13
26.56,39.94,20.14,22.59,8.07,73.30,44.22,59.64,8.12
26.57,40.02,20.14,22.59,8.07,73.30,44.22,59.64,8.12
26.58,39.94,20.14,22.59,8.06,73.30,44.22,59.49,8.12
26.59,40.02,20.16,22.63,8.07,73.30,44.22,59.64,8.14
26.60,39.94,20.14,22.59,8.07,73.52,44.22,59.64,8.12
26.61,40.02,20.16,22.63,8.08,73.30,44.31,59.49,8.12
26.62,39.94,20.16,22.59,8.07,73.52,44.22,59.64,8.12
26.63,40.02,20.14,22.63,8.07,73.30,44.22,59.64,8.12
26.64,40.02,20.14,22.59,8.07,73.08,44.31,59.64,8.13
26.65,40.02,20.14,22.59,8.07,73.30,44.22,59.64,8.12
26.66,40.02,20.11,22.59,8.07,73.30,44.31,59.64,8.12
26.67,40.02,20.16,22.59,8.07,73.30,44.22,59.49,8.13
26.68,40.02,20.14,22.59,8.06,73.30,44.22,59.64,8.13
26.69,40.02,20.14,22.59,8.07,73.30,44.22,59.80,8.13
26.70,39.94,20.14,22.59,8.06,73.30,44.31,59.33,8.13
26.71,40.02,20.14,22.59,8.06,73.30,44.31,59.49,8.12
26.72,40.02,20.14,22.59,8.07,73.30,44.22,59.64,8.12
26.73,40.02,20.11,22.59,8.07,73.30,44.22,59.64,8.12
26.74,39.94,20.11,22.59,8.08,73.30,44.22,59.49,8.12
26.75,40.02,20.14,22.63,8.07,73.30,44.31,59.49,8.12
26.76,40.02,20.14,22.59,8.07,73.52,44.22,59.64,8.13
26.77,40.02,20.14,22.59,8.07,73.30,44.22,59.64,8.12
26.78,39.94,20.14,22.59,8.07,73.30,44.22,59.64,8.12
26.79,40.02,20.14,22.59,8.06,73.30,44.31,59.49,8.12
26.80,40.02,20.14,22.59,8.08,73.30,44.31,59.64,8.13
26.81,40.02,20.14,22.59,8.07,73.30,44.31,59.64,8.12
26.82,40.02,20.14,22.59,8.07,73.30,44.22,59.49,8.14
26.83,39.94,20.11,22.63,8.07,73.30,44.22,59.64,8.13
26.84,39.94,20.14,22.59,8.06,73.30,44.12,59.64,8.13
26.85,40.02,20.16,22.63,8.07,73.30,44.31,59.64,8.12
26.86,40.02,20.14,22.59,8.08,73.30,44.22,59.64,8.13
26.87,40.02,20.14,22.59,8.08,73.30,44.22,59.64,8.13
26.88,39.94,20.16,22.59,8.08,73.30,44.22,59.64,8.13
26.89,40.02,20.14,22.59,8.08,73.30,44.22,59.64,8.13
26.90,40.02,20.14,22.59,8.08,73.30,44.22,59.64,8.13
26.91,39.94,20.14,22.63,8.07,73.30,44.31,59.64,8.13
26.92,39.86,20.14,22.59,8.08,73.30,44.22,59.64,8.11
26.93,39.94,20.14,22.59,8.07,73.30,44.22,59.49,8.13
26.94,40.02,20.16,22.59,8.07,73.30,44.22,59.49,8.14
26.95,40.02,20.11,22.63,8.07,73.30,44.31,59.64,8.12
26.96,40.02,20.11,22.59,8.07,73.30,44.22,59.64,8.13
26.97,40.02,20.14,22.59,8.07,73.30,44.12,59.64,8.12
26.98,40.02,20.11,22.59,8.08,73.30,44.31,59.64,8.13
26.99,39.94,20.11,22.59,8.07,73.30,44.22,59.64,8.13
27.00,40.02,20.16,22.59,8.07,73.30,44.22,59.64,8.13
27.01,39.94,20.11,22.59,8.07,73.30,44.22,59.64,8.13
27.02,40.02,20.14,22.63,8.07,73.30,44.22,59.64,8.12
27.03,40.02,20.14,22.63,8.07,73.30,44.22,59.64,8.13
27.04,40.02,20.11,22.59,8.07,73.30,44.22,59.64,8.12
27.05,40.02,20.14,22.59,8.06,73.30,44.22,59.49,8.13
27.06,39.94,20.14,22.63,8.07,73.30,44.22,59.49,8.12
27.07,40.02,20.14,22.63,8.07,73.30,44.22,59.64,8.12
27.08,39.94,20.11,22.59,8.07,73.30,44.12,59.64,8.12
27.09,40.02,20.14,22.59,8.06,73.30,44.22,59.64,8.13
27.10,40.02,20.16,22.59,8.08,73.30,44.31,59.49,8.13
27.11,40.02,20.14,22.63,8.07,73.30,44.31,59.64,8.13
27.12,40.02,20.14,22.59,8.07,73.30,44.31,59.49,8.13
27.13,40.02,20.14,22.59,8.07,73.30,44.22,59.64,8.13
27.14,40.02,20.14,22.59,8.08,73.30,44.31,59.64,8.13
27.15,40.02,20.16,22.59,8.06,73.30,44.31,59.64,8.13
27.16,40.02,20.11,22.63,8.08,73.30,44.22,59.64,8.13
27.17,39.94,20.11,22.59,8.07,73.30,44.22,59.64,8.13
27.18,40.02,20.14,22.63,8.07,73.30,44.22,59.64,8.13
27.19,40.02,20.14,22.59,8.08,73.30,44.31,59.64,8.12
27.20,40.02,20.16,22.59,8.07,73.30,44.31,59.49,8.13
27.21,40.02,20.14,22.59,8.07,73.30,44.31,59.64,8.12
27.22,40.02,20.16,22.63,8.07,73.30,44.22,59.64,8.14
27.23,40.02,20.14,22.63,8.07,73.30,44.22,59.49,8.12
27.24,40.02,20.14,22.59,8.07,73.30,44.22,59.49,8.12
27.25,40.02,20.14,22.59,8.07,73.30,44.22,59.64,8.12
27.26,40.02,20.14,22.59,8.06,73.30,44.22,59.64,8.13
27.27,40.02,20.14,22.63,8.07,73.30,44.22,59.64,8.13
27.28,39.94,20.14,22.59,8.06,73.30,44.22,59.64,8.12
27.29,40.02,20.14,22.59,8.07,73.30,44.22,59.64,8.13
27.30,40.02,20.14,22.59,8.08,73.30,44.22,59.64,8.12
27.31,40.02,20.16,22.59,8.07,73.30,44.31,59.49,8.12
27.32,39.94,20.14,22.59,8.06,73.52,44.31,59.49,8.13
27.33,40.02,20.14,22.59,8.08,73.52,44.22,59.64,8.13
27.34,40.02,20.11,22.59,8.07,73.30,44.22,59.64,8.13
27.35,39.94,20.14,22.63,8.07,73.30,44.22,59.49,8.13
27.36,40.02,20.14,22.59,8.08,73.30,44.22,59.49,8.13
27.37,40.02,20.14,22.59,8.07,73.30,44.22,59.64,8.13
27.38,40.02,20.14,22.59,8.08,73.30,44.22,59.64,8.13
27.39,40.02,20.14,22.59,8.07,73.30,44.31,59.49,8.12
27.40,40.02,20.14,22.59,8.07,73.30,44.31,59.49,8.12
27.41,40.02,20.14,22.59,8.07,73.30,44.22,59.64,8.13
27.42,40.02,20.14,22.59,8.07,73.30,44.31,59.64,8.13
27.43,39.94,20.16,22.59,8.08,73.30,44.31,59.64,8.12
27.44,39.94,20.14,22.59,8.07,73.30,44.22,59.64,8.13
27.45,40.02,20.11,22.59,8.07,73.30,44.22,59.64,8.14
27.46,40.02,20.14,22.63,8.08,73.30,44.31,59.49,8.13
27.47,40.02,20.14,22.59,8.07,73.30,44.22,59.64,8.14
27.48,40.02,20.14,22.59,8.07,73.30,44.22,59.64,8.12
27.49,39.94,20.14,22.63,8.07,73.30,44.31,59.64,8.13
27.50,40.02,20.11,22.59,8.07,73.30,44.31,59.64,8.12
27.51,39.94,20.11,22.59,8.07,73.30,44.22,59.64,8.14
27.52,40.02,20.16,22.63,8.07,73.30,44.22,59.64,8.13
27.53,40.02,20.14,22.59,8.08,73.52,44.22,59.49,8.13
27.54,39.94,20.11,22.59,8.08,73.30,44.22,59.64,8.13
27.55,40.02,20.14,22.59,8.07,73.30,44.31,59.49,8.12
27.56,39.94,20.11,22.59,8.06,73.30,44.22,59.64,8.13
27.57,40.02,20.14,22.59,8.08,73.30,44.12,59.64,8.13
27.58,39.94,20.14,22.59,8.07,73.30,44.22,59.49,8.12
27.59,40.02,20.16,22.59,8.08,73.30,44.31,59.64,8.13
27.60,40.02,20.11,22.59,8.07,73.30,44.22,59.64,8.13
27.61,40.02,20.14,22.59,8.07,73.30,44.31,59.64,8.12
27.62,40.02,20.14,22.59,8.08,73.30,44.31,59.49,8.13
27.63,40.02,20.14,22.59,8.07,73.30,44.12,59.64,8.13
27.64,40.02,20.11,22.63,8.07,73.52,44.31,59.64,8.12
27.65,40.02,20.14,22.59,8.07,73.30,44.22,59.64,8.14
27.66,40.02,20.11,22.63,8.08,73.30,44.31,59.64,8.13
27.67,39.94,20.14,22.59,8.08,73.30,44.22,59.64,8.12
27.68,39.94,20.11,22.63,8.07,73.30,44.22,59.64,8.13
27.69,40.02,20.11,22.59,8.07,73.30,44.22,59.64,8.13
27.70,39.94,20.16,22.63,8.07,73.30,44.22,59.49,8.13
27.71,40.02,20.14,22.63,8.07,73.30,44.22,59.49,8.12
27.72,40.02,20.14,22.59,8.07,73.30,44.22,59.64,8.13
27.73,39.86,20.14,22.59,8.07,73.30,44.22,59.64,8.13
27.74,39.94,20.14,22.63,8.08,73.30,44.31,59.64,8.13
27.75,40.02,20.14,22.56,8.07,73.30,44.22,59.49,8.13
27.76,39.94,20.14,22.59,8.07,73.30,44.22,59.64,8.12
27.77,40.02,20.14,22.63,8.07,73.30,44.31,59.64,8.12
27.78,40.02,20.16,22.59,8.08,73.30,44.22,59.64,8.13
27.79,40.02,20.14,22.59,8.07,73.30,44.22,59.64,8.14
27.80,39.94,20.11,22.59,8.07,73.30,44.31,59.64,8.13
27.81,40.02,20.14,22.59,8.07,73.30,44.22,59.64,8.12
27.82,40.02,20.14,22.59,8.07,73.30,44.31,59.64,8.12
27.83,39.94,20.14,22.59,8.07,73.52,44.22,59.64,8.12
27.84,40.02,20.14,22.59,8.07,73.30,44.22,59.64,8.12
27.85,40.02,20.14,22.59,8.07,73.30,44.22,59.64,8.12
27.86,40.02,20.14,22.63,8.07,73.30,44.22,59.80,8.13
27.87,40.02,20.11,22.59,8.07,73.30,44.22,59.80,8.12
27.88,40.02,20.14,22.59,8.07,73.30,44.22,59.49,8.12
27.89,40.02,20.14,22.59,8.07,73.30,44.22,59.80,8.12
27.90,40.02,20.14,22.59,8.07,73.30,44.22,59.64,8.14
27.91,39.94,20.14,22.59,8.07,73.30,44.22,59.64,8.14
27.92,40.02,20.11,22.59,8.07,73.30,44.22,59.49,8.12
27.93,40.02,20.14,22.59,8.07,73.30,44.31,59.64,8.13
27.94,40.02,20.16,22.59,8.07,73.30,44.31,59.64,8.13
27.95,40.02,20.16,22.59,8.08,73.30,44.31,59.49,8.12
27.96,40.02,20.14,22.59,8.06,73.30,44.22,59.49,8.12
27.97,40.02,20.14,22.59,8.07,73.30,44.31,59.64,8.13
27.98,39.94,20.14,22.59,8.07,73.30,44.22,59.64,8.13
27.99,40.02,20.14,22.59,8.07,73.30,44.22,59.49,8.12
28.00,40.02,20.14,22.59,8.07,73.30,44.22,59.64,8.13
28.01,40.02,20.16,22.59,8.07,73.30,44.22,59.64,8.13
28.02,39.94,20.11,22.63,8.07,73.30,44.31,59.49,8.13
28.03,40.02,20.14,22.63,8.07,73.30,44.12,59.64,8.12
28.04,40.02,20.14,22.59,8.07,73.30,44.22,59.64,8.12
28.05,40.02,20.11,22.59,8.07,73.30,44.22,59.64,8.13
28.06,40.02,20.11,22.59,8.07,73.30,44.31,59.49,8.12
28.07,40.02,20.14,22.63,8.07,73.30,44.22,59.64,8.13
28.08,40.02,20.14,22.59,8.08,73.30,44.22,59.64,8.12
28.09,40.02,20.14,22.59,8.08,73.30,44.31,59.64,8.12
28.10,40.02,20.14,22.59,8.08,73.30,44.22,59.64,8.13
28.11,40.02,20.14,22.59,8.07,73.08,44.22,59.49,8.12
28.12,39.94,20.16,22.59,8.07,73.30,44.22,59.49,8.14
28.13,40.02,20.16,22.59,8.07,73.30,44.22,59.64,8.12
28.14,39.94,20.11,22.59,8.08,73.52,44.31,59.64,8.13
28.15,40.02,20.14,22.59,8.07,73.08,44.22,59.49,8.14
28.16,40.02,20.16,22.59,8.07,73.30,44.31,59.64,8.12
28.17,40.02,20.14,22.59,8.07,73.30,44.31,59.49,8.12
28.18,40.02,20.14,22.63,8.07,73.30,44.22,59.49,8.13
28.19,39.94,20.14,22.63,8.07,73.30,44.22,59.64,8.12
28.20,40.02,20.14,22.59,8.07,73.30,44.22,59.49,8.13
28.21,40.02,20.14,22.63,8.07,73.52,44.22,59.80,8.13
28.22,40.02,20.16,22.63,8.08,73.30,44.31,59.64,8.13
28.23,40.02,20.11,22.59,8.08,73.30,44.22,59.64,8.12
28.24,40.02,20.14,22.59,8.06,73.30,44.22,59.49,8.13
28.25,40.02,20.14,22.59,8.07,73.52,44.22,59.64,8.13
28.26,39.94,20.14,22.59,8.07,73.30,44.31,59.49,8.13
28.27,40.02,20.14,22.59,8.07,73.30,44.22,59.49,8.12
28.28,40.02,20.14,22.59,8.07,73.30,44.31,59.64,8.12
28.29,40.02,20.14,22.63,8.07,73.30,44.31,59.64,8.13
28.30,40.02,20.14,22.59,8.06,73.30,44.22,59.64,8.13
28.31,40.02,20.14,22.59,8.07,73.30,44.31,59.49,8.12
28.32,40.02,20.14,22.59,8.07,73.30,44.22,59.64,8.13
28.33,40.02,20.14,22.59,8.06,73.30,44.22,59.49,8.13
28.34,40.02,20.14,22.59,8.07,73.30,44.22,59.64,8.12
28.35,40.02,20.14,22.59,8.07,73.30,44.22,59.64,8.13
28.36,40.02,20.14,22.63,8.07,73.30,44.31,59.64,8.12
28.37,40.02,20.11,22.59,8.07,73.52,44.22,59.64,8.12
28.38,40.02,20.11,22.59,8.08,73.30,44.22,59.64,8.13
28.39,40.02,20.14,22.63,8.08,73.30,44.22,59.64,8.12
28.40,39.94,20.14,22.63,8.07,73.30,44.22,59.64,8.12
28.41,40.02,20.14,22.59,8.07,73.30,44.31,59.64,8.13
28.42,40.02,20.14,22.63,8.07,73.30,44.22,59.49,8.12
28.43,40.02,20.14,22.59,8.08,73.30,44.22,59.64,8.13
28.44,40.02,20.14,22.59,8.07,73.30,44.22,59.49,8.12
28.45,40.02,20.14,22.63,8.07,73.30,44.31,59.49,8.13
28.46,40.02,20.14,22.59,8.08,73.30,44.22,59.64,8.13
28.47,40.02,20.11,22.59,8.07,73.30,44.22,59.49,8.12
28.48,39.94,20.14,22.59,8.07,73.30,44.22,59.64,8.13
28.49,40.02,20.14,22.59,8.07,73.30,44.31,59.49,8.13
28.50,39.94,20.11,22.59,8.07,73.30,44.22,59.64,8.13
28.51,39.94,20.14,22.59,8.07,73.08,44.31,59.64,8.13
28.52,40.02,20.14,22.59,8.07,73.30,44.31,59.49,8.13
28.53,40.02,20.14,22.59,8.07,73.30,44.22,59.64,8.13
28.54,40.02,20.16,22.59,8.07,73.30,44.22,59.49,8.12
28.55,40.02,20.14,22.59,8.07,73.30,44.22,59.64,8.12
28.56,40.02,20.14,22.59,8.07,73.30,44.22,59.49,8.12
28.57,39.94,20.14,22.59,8.06,73.30,44.31,59.64,8.12
28.58,39.94,20.14,22.63,8.07,73.30,44.22,59.64,8.12
28.61,40.02,20.11,22.59,8.07,73.30,44.22,59.49,8.11
28.61,40.02,20.16,22.59,8.08,73.30,44.31,59.64,8.13
28.62,40.02,20.16,22.59,8.07,73.30,44.22,59.49,8.12
28.63,40.02,20.11,22.59,8.07,73.30,44.22,59.64,8.13
28.64,39.94,20.14,22.59,8.08,73.30,44.22,59.64,8.12
28.65,39.94,20.14,22.59,8.08,73.30,44.31,59.49,8.13
28.66,40.02,20.14,22.59,8.08,73.30,44.22,59.49,8.14
28.67,40.02,20.11,22.63,8.07,73.30,44.22,59.64,8.14
28.68,40.02,20.14,22.59,8.07,73.30,44.22,59.80,8.13
28.69,39.94,20.14,22.59,8.07,73.30,44.22,59.64,8.13
28.70,40.02,20.11,22.63,8.06,73.30,44.22,59.49,8.13
28.71,40.02,20.16,22.59,8.07,73.30,44.22,59.64,8.12
28.72,39.94,20.11,22.59,8.07,73.30,44.22,59.64,8.12
28.73,39.94,20.16,22.59,8.07,73.30,44.22,59.64,8.12
28.74,40.02,20.14,22.59,8.07,73.30,44.22,59.64,8.13
28.75,39.94,20.11,22.59,8.06,73.30,44.31,59.49,8.13
28.76,40.02,20.14,22.59,8.08,73.30,44.31,59.64,8.13
28.77,40.02,20.14,22.59,8.07,73.30,44.22,59.64,8.12
28.78,40.02,20.14,22.63,8.07,73.30,44.31,59.64,8.13
28.79,39.94,20.16,22.63,8.07,73.30,44.31,59.64,8.13
28.80,40.02,20.14,22.59,8.06,73.30,44.31,59.64,8.13
28.81,40.02,20.14,22.59,8.07,73.30,44.22,59.64,8.12
28.82,40.02,20.14,22.59,8.07,73.08,44.31,59.64,8.13
28.83,40.02,20.14,22.59,8.08,73.30,44.31,59.49,8.13
28.84,40.02,20.14,22.59,8.07,73.30,44.31,59.64,8.13
28.85,40.02,20.11,22.63,8.08,73.30,44.22,59.64,8.12
28.86,40.02,20.16,22.59,8.07,73.30,44.22,59.64,8.14
28.87,40.02,20.14,22.59,8.07,73.30,44.22,59.64,8.13
28.88,40.02,20.14,22.59,8.08,73.30,44.22,59.64,8.12
28.89,40.02,20.14,22.59,8.07,73.30,44.31,59.49,8.14
28.90,40.02,20.14,22.59,8.07,73.30,44.31,59.64,8.12
28.91,40.02,20.14,22.63,8.07,73.30,44.22,59.49,8.12
28.92,39.94,20.14,22.59,8.07,73.30,44.22,59.49,8.12
28.93,40.02,20.14,22.59,8.08,73.30,44.22,59.64,8.13
28.94,40.02,20.14,22.59,8.08,73.30,44.22,59.49,8.13
28.95,39.86,20.14,22.63,8.07,73.30,44.31,59.64,8.13
28.96,40.02,20.14,22.59,8.06,73.30,44.22,59.49,8.13
28.97,40.02,20.14,22.59,8.07,73.30,44.22,59.64,8.12
28.98,40.02,20.14,22.63,8.07,73.30,44.22,59.64,8.12
28.99,40.02,20.14,22.63,8.07,73.30,44.31,59.64,8.13
29.00,40.02,20.14,22.63,8.07,73.08,44.31,59.64,8.13
29.01,40.02,20.14,22.59,8.08,73.30,44.31,59.64,8.13
29.02,40.02,20.14,22.59,8.07,73.52,44.22,59.64,8.13
29.03,40.02,20.14,22.63,8.08,73.08,44.22,59.64,8.12
29.04,40.02,20.14,22.59,8.07,73.30,44.22,59.49,8.13
29.05,40.02,20.14,22.63,8.08,73.30,44.22,59.64,8.13
29.06,40.02,20.14,22.63,8.07,73.30,44.22,59.49,8.12
29.07,40.02,20.14,22.59,8.06,73.30,44.22,59.49,8.13
29.08,40.02,20.11,22.59,8.07,73.30,44.12,59.64,8.14
29.09,40.02,20.11,22.59,8.06,73.30,44.22,59.33,8.12
29.10,40.02,20.11,22.63,8.07,73.30,44.22,59.64,8.12
29.11,40.02,20.14,22.56,8.07,73.30,44.22,59.64,8.13
29.12,40.02,20.14,22.63,8.06,73.30,44.22,59.49,8.13
29.13,39.94,20.14,22.59,8.06,73.30,44.22,59.64,8.12
29.14,40.02,20.14,22.59,8.07,73.30,44.22,59.49,8.12
29.15,40.02,20.14,22.59,8.07,73.30,44.22,59.64,8.12
29.16,40.02,20.14,22.59,8.07,73.30,44.12,59.64,8.13
29.17,39.94,20.16,22.59,8.07,73.30,44.31,59.64,8.13
29.18,40.02,20.11,22.59,8.07,73.08,44.31,59.49,8.13
29.19,40.02,20.14,22.63,8.08,73.30,44.22,59.64,8.12
29.20,40.02,20.14,22.59,8.07,73.30,44.31,59.64,8.13
29.21,40.02,20.14,22.59,8.08,73.30,44.22,59.64,8.13
29.22,39.94,20.11,22.63,8.07,73.30,44.22,59.49,8.12
29.23,40.02,20.11,22.63,8.07,73.30,44.22,59.64,8.13
29.24,40.02,20.14,22.63,8.07,73.30,44.22,59.49,8.13
29.25,39.94,20.14,22.59,8.07,73.30,44.22,59.64,8.12
29.26,40.02,20.14,22.59,8.07,73.30,44.22,59.64,8.13
29.27,39.94,20.14,22.63,8.08,73.30,44.22,59.64,8.13
29.28,40.02,20.14,22.59,8.06,73.30,44.22,59.49,8.13
29.29,39.94,20.14,22.59,8.07,73.30,44.22,59.64,8.12
29.30,40.02,20.16,22.63,8.07,73.30,44.12,59.49,8.12
29.31,40.02,20.14,22.59,8.06,73.30,44.31,59.64,8.13
29.32,39.94,20.11,22.59,8.07,73.30,44.22,59.64,8.12
29.33,40.02,20.14,22.59,8.07,73.30,44.31,59.49,8.12
29.34,40.02,20.14,22.59,8.07,73.30,44.22,59.49,8.12
29.35,40.02,20.14,22.63,8.07,73.30,44.22,59.49,8.13
29.36,40.02,20.14,22.59,8.07,73.30,44.22,59.49,8.14
29.37,40.02,20.14,22.63,8.07,73.30,44.31,59.49,8.12
29.38,40.02,20.14,22.59,8.07,73.30,44.22,59.64,8.12
29.39,39.94,20.14,22.59,8.07,73.30,44.31,59.64,8.13
29.40,40.02,20.14,22.59,8.08,73.30,44.22,59.49,8.12
29.41,40.02,20.14,22.59,8.07,73.30,44.31,59.49,8.12
29.42,40.02,20.11,22.59,8.06,73.30,44.22,59.64,8.13
29.43,40.02,20.16,22.63,8.07,73.30,44.22,59.64,8.12
29.44,40.02,20.14,22.59,8.07,73.30,44.31,59.64,8.12
29.45,40.02,20.11,22.59,8.08,73.30,44.22,59.49,8.12
29.46,40.02,20.16,22.59,8.07,73.30,44.12,59.64,8.12
29.47,40.02,20.14,22.59,8.07,73.30,44.22,59.64,8.11
29.48,40.02,20.11,22.59,8.07,73.30,44.22,59.49,8.13
29.49,40.02,20.14,22.59,8.08,73.30,44.31,59.49,8.13
29.50,40.02,20.14,22.59,8.07,73.08,44.31,59.49,8.12
29.51,39.94,20.14,22.59,8.06,73.30,44.22,59.64,8.13
29.52,39.94,20.14,22.63,8.07,73.30,44.31,59.64,8.12
29.53,39.94,20.14,22.59,8.06,73.30,44.31,59.49,8.12
29.54,40.02,20.14,22.59,8.06,73.30,44.31,59.49,8.12
29.55,40.02,20.11,22.59,8.07,73.52,44.31,59.64,8.12
29.56,39.94,20.14,22.59,8.07,73.30,44.22,59.64,8.12
29.57,40.02,20.14,22.63,8.08,73.30,44.31,59.64,8.12
29.58,39.94,20.14,22.59,8.07,73.30,44.22,59.64,8.12
29.59,40.02,20.11,22.59,8.06,73.30,44.31,59.49,8.14
29.60,40.02,20.11,22.59,8.08,73.30,44.31,59.64,8.13
29.61,40.02,20.14,22.63,8.07,73.30,44.22,59.64,8.13
29.62,40.02,20.14,22.59,8.07,73.30,44.22,59.64,8.13
29.63,39.94,20.14,22.59,8.07,73.30,44.12,59.64,8.14
29.64,40.02,20.14,22.59,8.07,73.30,44.22,59.64,8.12
29.65,40.02,20.14,22.59,8.07,73.30,44.22,59.64,8.13
29.66,40.02,20.14,22.59,8.07,73.30,44.22,59.64,8.13
29.67,40.02,20.11,22.59,8.06,73.30,44.22,59.49,8.12
29.68,40.02,20.14,22.59,8.07,73.30,44.31,59.64,8.12
29.69,40.02,20.14,22.59,8.08,73.30,44.22,59.49,8.13
29.70,40.02,20.14,22.59,8.07,73.30,44.22,59.64,8.12
29.71,40.02,20.14,22.59,8.07,73.30,44.31,59.49,8.13
29.72,40.02,20.14,22.63,8.08,73.30,44.22,59.64,8.12
29.73,39.94,20.14,22.59,8.08,73.30,44.22,59.49,8.12
29.74,40.02,20.16,22.63,8.07,73.08,44.22,59.64,8.12
29.75,40.02,20.14,22.59,8.07,73.30,44.31,59.64,8.13
29.76,40.02,20.11,22.63,8.07,73.30,44.22,59.49,8.12
29.77,40.02,20.14,22.59,8.08,73.30,44.22,59.64,8.13
29.78,40.02,20.14,22.59,8.07,73.30,44.12,59.49,8.12
29.79,40.02,20.14,22.59,8.07,73.30,44.22,59.64,8.12
29.80,40.02,20.14,22.59,8.07,73.30,44.31,59.49,8.12
29.81,40.02,20.11,22.59,8.08,73.30,44.31,59.49,8.12
29.82,40.02,20.14,22.63,8.08,73.30,44.31,59.49,8.13
29.83,40.02,20.14,22.59,8.08,73.30,44.22,59.49,8.13
29.84,40.02,20.16,22.59,8.07,73.30,44.22,59.64,8.13
29.85,40.02,20.14,22.59,8.08,73.30,44.22,59.49,8.12
29.86,39.94,20.11,22.59,8.07,73.30,44.22,59.49,8.12
29.87,40.02,20.16,22.59,8.07,73.30,44.22,59.49,8.12
29.88,40.02,20.14,22.59,8.07,73.30,44.22,59.49,8.12
29.89,40.02,20.14,22.63,8.07,73.30,44.22,59.64,8.12
29.90,40.02,20.11,22.59,8.08,73.30,44.22,59.64,8.12
29.91,40.02,20.16,22.59,8.07,73.30,44.22,59.49,8.13
29.92,40.02,20.16,22.59,8.07,73.30,44.22,59.49,8.12
29.93,40.02,20.14,22.59,8.06,73.30,44.22,59.64,8.12
29.94,39.94,20.14,22.59,8.07,73.30,44.22,59.64,8.12
29.95,40.02,20.14,22.59,8.06,73.30,44.31,59.49,8.12
29.96,39.94,20.14,22.59,8.06,73.30,44.31,59.64,8.13
29.97,40.02,20.14,22.59,8.06,73.30,44.31,59.64,8.12
29.98,40.02,20.14,22.63,8.07,73.30,44.22,59.64,8.13
29.99,40.02,20.14,22.59,8.08,73.30,44.22,59.64,8.12
30.00,40.02,20.16,22.59,8.06,73.30,44.41,59.49,8.13
30.01,40.02,20.14,22.59,8.06,73.30,44.31,59.80,8.13
30.02,40.02,20.14,22.59,8.07,73.30,44.12,59.80,8.14
30.03,39.94,20.14,22.63,8.07,73.30,44.22,59.49,8.12
30.04,40.02,20.16,22.59,8.07,73.30,44.22,59.49,8.13
30.05,40.02,20.14,22.59,8.06,73.30,44.22,59.64,8.13
30.06,40.02,20.14,22.56,8.07,73.30,44.22,59.64,8.13
30.07,39.94,20.14,22.59,8.07,73.30,44.22,59.64,8.13
30.08,40.02,20.14,22.59,8.07,73.30,44.31,59.49,8.11
30.09,40.02,20.14,22.59,8.06,73.30,44.22,59.64,8.13
30.10,40.02,20.14,22.59,8.08,73.30,44.22,59.64,8.12
30.11,40.02,20.14,22.63,8.07,73.30,44.22,59.64,8.13
30.12,39.94,20.14,22.59,8.06,73.30,44.22,59.49,8.12
30.13,40.10,20.14,22.59,8.07,73.30,44.22,59.64,8.12
30.14,39.94,20.14,22.59,8.08,73.30,44.22,59.64,8.12
30.15,40.02,20.14,22.59,8.07,73.30,44.22,59.49,8.12
30.16,39.94,20.16,22.56,8.07,73.30,44.12,59.64,8.12
30.17,40.02,20.16,22.56,8.07,73.30,44.31,59.64,8.13
30.18,40.02,20.11,22.59,8.07,73.30,44.22,59.49,8.12
30.19,40.02,20.14,22.59,8.06,73.30,44.22,59.49,8.13
30.20,40.02,20.16,22.59,8.07,73.30,44.22,59.64,8.13
30.21,40.02,20.16,22.59,8.07,73.30,44.22,59.49,8.13
30.22,40.02,20.14,22.59,8.07,73.52,44.41,59.64,8.13
30.23,39.94,20.14,22.59,8.07,73.30,44.22,59.64,8.13
30.24,40.02,20.14,22.59,8.06,73.30,44.22,59.64,8.14
30.25,40.02,20.14,22.59,8.07,73.30,44.31,59.64,8.13
30.26,40.02,20.14,22.59,8.06,73.30,44.22,59.49,8.13
30.27,40.02,20.14,22.59,8.08,73.30,44.31,59.33,8.12
30.28,40.02,20.14,22.59,8.07,73.30,44.31,59.95,8.12
30.29,40.02,20.14,22.59,8.07,73.08,44.31,59.49,8.13
30.30,40.02,20.16,22.59,8.07,73.30,44.31,59.64,8.12
30.31,40.02,20.11,22.59,8.08,73.30,44.22,59.64,8.13
30.32,39.94,20.16,22.59,8.07,73.30,44.22,59.64,8.13
30.33,40.02,20.14,22.59,8.07,73.30,44.22,59.64,8.13
30.34,40.02,20.14,22.59,8.07,73.30,44.22,59.49,8.13
30.35,40.02,20.14,22.63,8.08,73.30,44.22,59.64,8.12
30.36,40.02,20.14,22.59,8.08,73.30,44.22,59.64,8.12
30.37,40.02,20.11,22.59,8.07,73.30,44.22,59.64,8.13
30.38,40.02,20.14,22.59,8.07,73.30,44.31,59.64,8.12
30.39,40.02,20.16,22.59,8.08,73.30,44.22,59.64,8.13
30.40,40.02,20.14,22.59,8.06,73.30,44.31,59.49,8.12
30.41,40.02,20.14,22.59,8.07,73.30,44.12,59.49,8.12
30.42,40.02,20.14,22.59,8.08,73.30,44.22,59.49,8.13
30.43,39.94,20.14,22.63,8.06,73.30,44.31,59.49,8.13
30.44,40.02,20.11,22.59,8.07,73.30,44.31,59.64,8.13
30.45,40.02,20.14,22.59,8.08,73.30,44.31,59.49,8.12
30.46,40.02,20.14,22.59,8.07,73.30,44.22,59.49,8.12
30.47,40.02,20.16,22.59,8.07,73.30,44.22,59.64,8.13
30.48,40.02,20.14,22.63,8.07,73.30,44.22,59.49,8.14
30.49,40.02,20.16,22.59,8.08,73.30,44.31,59.49,8.13
30.50,40.02,20.14,22.59,8.07,73.30,44.31,59.64,8.12
30.51,40.02,20.16,22.59,8.07,73.30,44.22,59.64,8.14
30.52,40.02,20.16,22.59,8.07,73.30,44.22,59.64,8.13
30.53,40.02,20.11,22.59,8.07,73.30,44.12,59.64,8.14
30.54,40.02,20.14,22.59,8.08,73.30,44.12,59.49,8.12
30.55,40.02,20.16,22.59,8.08,73.52,44.31,59.49,8.12
30.56,40.02,20.14,22.59,8.07,73.30,44.22,59.64,8.13
30.57,40.02,20.14,22.59,8.07,73.30,44.31,59.49,8.13
30.58,40.02,20.14,22.59,8.07,73.52,44.22,59.64,8.13
30.59,40.02,20.16,22.59,8.07,73.30,44.31,59.49,8.13
30.60,40.02,20.11,22.59,8.08,73.30,44.22,59.64,8.12
30.61,40.02,20.14,22.63,8.07,73.30,44.22,59.64,8.13
30.62,40.02,20.14,22.63,8.08,73.30,44.31,59.49,8.12
30.63,40.02,20.14,22.59,8.07,73.30,44.31,59.64,8.13
30.64,40.02,20.16,22.63,8.08,73.30,44.31,59.64,8.12
30.65,40.02,20.14,22.59,8.07,73.30,44.31,59.64,8.13
30.66,40.02,20.11,22.59,8.07,73.30,44.22,59.49,8.13
30.67,40.02,20.14,22.59,8.07,73.30,44.31,59.49,8.12
30.68,40.02,20.16,22.63,8.07,73.30,44.31,59.64,8.13
30.69,40.02,20.14,22.59,8.06,73.30,44.22,59.64,8.12
30.70,40.02,20.14,22.63,8.08,73.30,44.22,59.64,8.13
30.71,40.02,20.11,22.59,8.07,73.30,44.22,59.64,8.13
30.72,40.02,20.14,22.59,8.07,73.30,44.31,59.64,8.12
30.73,39.94,20.14,22.63,8.07,73.30,44.22,59.64,8.13
30.74,40.02,20.14,22.59,8.07,73.30,44.22,59.64,8.12
30.75,40.02,20.14,22.59,8.08,73.30,44.22,59.80,8.12
30.76,40.02,20.14,22.59,8.06,73.30,44.31,59.64,8.13
30.77,40.02,20.14,22.59,8.07,73.30,44.22,59.49,8.12
30.78,40.02,20.16,22.59,8.08,73.30,44.31,59.49,8.13
30.79,40.02,20.11,22.59,8.07,73.30,44.22,59.64,8.12
30.80,40.02,20.11,22.59,8.07,73.30,44.22,59.64,8.13
30.81,40.02,20.16,22.59,8.07,73.52,44.31,59.64,8.13
30.82,40.02,20.14,22.59,8.07,73.30,44.31,59.64,8.12
30.83,40.02,20.14,22.63,8.07,73.30,44.31,59.64,8.13
30.84,40.02,20.14,22.63,8.07,73.08,44.22,59.64,8.13
30.85,40.02,20.14,22.59,8.06,73.30,44.22,59.64,8.13
30.86,40.02,20.16,22.63,8.07,73.30,44.31,59.64,8.13
30.87,40.02,20.14,22.59,8.08,73.30,44.22,59.49,8.13
30.88,40.02,20.14,22.59,8.07,73.30,44.31,59.64,8.12
30.89,40.02,20.14,22.59,8.07,73.30,44.22,59.64,8.13
30.90,40.02,20.16,22.59,8.08,73.30,44.22,59.64,8.12
30.91,40.02,20.11,22.59,8.07,73.30,44.22,59.64,8.13
30.92,40.02,20.14,22.59,8.07,73.30,44.22,59.64,8.13
30.93,39.94,20.14,22.59,8.07,73.30,44.31,59.49,8.13
30.94,40.02,20.14,22.59,8.07,73.30,44.22,59.49,8.13
30.95,40.02,20.16,22.59,8.07,73.30,44.22,59.49,8.13
30.96,40.02,20.14,22.59,8.07,73.30,44.12,59.64,8.12
30.97,39.94,20.14,22.59,8.07,73.30,44.31,59.49,8.13
30.98,40.02,20.14,22.59,8.07,73.30,44.22,59.64,8.13
30.99,40.02,20.14,22.63,8.07,73.30,44.22,59.64,8.13
31.00,40.02,20.14,22.59,8.07,73.30,44.22,59.64,8.13
31.01,40.02,20.14,22.63,8.07,73.30,44.31,59.64,8.12
31.02,40.02,20.14,22.63,8.07,73.30,44.31,59.64,8.13
31.03,40.02,20.16,22.59,8.07,73.30,44.22,59.49,8.12
31.04,40.02,20.16,22.63,8.06,73.30,44.31,59.64,8.13
31.05,40.02,20.16,22.59,8.07,73.30,44.22,59.49,8.13
31.06,40.02,20.14,22.59,8.07,73.30,44.22,59.64,8.13
31.07,40.02,20.16,22.59,8.07,73.30,44.31,59.64,8.12
31.08,40.02,20.16,22.59,8.06,73.30,44.22,59.64,8.13
31.09,40.02,20.14,22.59,8.07,73.30,44.31,59.64,8.13
31.10,40.02,20.11,22.63,8.07,73.30,44.22,59.64,8.14
31.11,40.02,20.16,22.59,8.07,73.30,44.31,59.64,8.13
31.12,40.02,20.14,22.59,8.07,73.30,44.22,59.49,8.13
31.13,40.02,20.14,22.59,8.07,73.30,44.22,59.64,8.12
31.14,39.94,20.14,22.59,8.08,73.30,44.31,59.64,8.12
31.15,40.02,20.14,22.59,8.07,73.30,44.31,59.64,8.13
31.16,40.02,20.14,22.63,8.07,73.30,44.22,59.64,8.12
31.17,40.02,20.14,22.59,8.07,73.30,44.22,59.64,8.13
31.18,39.94,20.16,22.63,8.07,73.30,44.31,59.64,8.14
31.19,40.02,20.16,22.63,8.07,73.30,44.22,59.64,8.13
31.20,40.02,20.14,22.59,8.07,73.30,44.22,59.64,8.12
31.21,40.02,20.14,22.59,8.07,73.30,44.31,59.49,8.12
31.22,40.02,20.14,22.63,8.07,73.30,44.31,59.49,8.14
31.23,40.02,20.16,22.59,8.07,73.30,44.22,59.64,8.12
31.24,39.94,20.16,22.63,8.08,73.30,44.22,59.80,8.13
31.25,40.02,20.14,22.63,8.06,73.30,44.22,59.80,8.12
31.26,40.02,20.14,22.63,8.07,73.30,44.31,59.64,8.13
31.27,40.02,20.16,22.63,8.07,73.30,44.22,59.64,8.13
31.28,40.02,20.14,22.63,8.08,73.30,44.31,59.64,8.12
31.29,40.02,20.16,22.59,8.08,73.30,44.22,59.64,8.13
31.30,40.02,20.14,22.63,8.08,73.30,44.22,59.64,8.12
31.31,40.02,20.16,22.59,8.08,73.30,44.22,59.49,8.12
31.32,40.02,20.14,22.59,8.06,73.30,44.31,59.64,8.13
31.33,40.10,20.16,22.63,8.07,73.30,44.31,59.64,8.13
31.34,40.02,20.14,22.59,8.08,73.30,44.31,59.64,8.12
31.35,40.02,20.16,22.63,8.07,73.30,44.22,59.64,8.13
31.36,40.02,20.14,22.63,8.07,73.30,44.31,59.64,8.13
31.37,40.02,20.14,22.63,8.07,73.30,44.31,59.64,8.13
31.38,40.02,20.16,22.63,8.07,73.08,44.31,59.64,8.12
31.39,40.02,20.16,22.63,8.07,73.52,44.31,59.64,8.12
31.40,39.94,20.16,22.63,8.08,73.08,44.31,59.49,8.12
31.41,40.02,20.14,22.59,8.07,73.52,44.22,59.64,8.12
31.42,40.02,20.14,22.63,8.07,73.30,44.31,59.64,8.13
31.43,40.02,20.16,22.59,8.07,73.30,44.31,59.64,8.13
31.44,40.02,20.16,22.59,8.06,73.30,44.31,59.49,8.13
31.45,40.02,20.16,22.59,8.07,73.30,44.31,59.64,8.12
31.46,40.02,20.14,22.63,8.06,73.30,44.22,59.64,8.12
31.47,40.02,20.16,22.59,8.07,73.30,44.31,59.49,8.12
31.48,40.02,20.14,22.63,8.08,73.30,44.31,59.80,8.13
31.49,40.02,20.16,22.63,8.08,73.30,44.22,59.64,8.12
31.50,40.02,20.14,22.59,8.07,73.30,44.22,59.64,8.13
31.51,40.02,20.14,22.63,8.08,73.30,44.31,59.64,8.13
31.52,40.02,20.14,22.59,8.08,73.30,44.31,59.64,8.13
31.53,40.02,20.14,22.59,8.07,73.30,44.22,59.64,8.13
31.54,40.02,20.14,22.59,8.08,73.30,44.22,59.64,8.13
31.55,40.02,20.14,22.63,8.07,73.30,44.31,59.64,8.13
31.56,40.02,20.16,22.63,8.07,73.30,44.22,59.64,8.12
31.57,40.02,20.16,22.59,8.07,73.30,44.31,59.64,8.14
31.58,40.02,20.14,22.59,8.07,73.30,44.22,59.64,8.13
31.59,40.02,20.14,22.59,8.07,73.30,44.22,59.64,8.12
31.60,40.02,20.14,22.63,8.07,73.30,44.31,59.64,8.13
31.61,40.02,20.14,22.59,8.07,73.30,44.22,59.80,8.12
31.62,40.02,20.16,22.63,8.07,73.30,44.31,59.64,8.13
31.63,40.02,20.14,22.59,8.07,73.30,44.31,59.64,8.12
31.64,40.02,20.16,22.59,8.07,73.30,44.22,59.64,8.13
31.65,40.02,20.16,22.59,8.07,73.30,44.31,59.64,8.13
31.66,40.02,20.16,22.59,8.07,73.30,44.31,59.64,8.14
31.67,40.02,20.14,22.59,8.08,73.30,44.31,59.64,8.13
31.68,40.02,20.16,22.63,8.07,73.30,44.22,59.49,8.14
31.69,40.02,20.16,22.59,8.07,73.52,44.22,59.80,8.13
31.70,40.02,20.16,22.63,8.07,73.30,44.22,59.49,8.13
31.71,40.02,20.16,22.63,8.07,73.30,44.31,59.64,8.13
31.72,40.02,20.16,22.63,8.07,73.30,44.22,59.80,8.13
31.73,40.02,20.16,22.63,8.07,73.30,44.22,59.49,8.12
31.74,40.02,20.16,22.63,8.07,73.30,44.31,59.80,8.14
31.75,40.02,20.14,22.59,8.07,73.30,44.31,59.64,8.13
31.76,40.02,20.16,22.59,8.07,73.30,44.22,59.64,8.14
31.77,40.02,20.16,22.63,8.07,73.30,44.22,59.64,8.14
31.78,40.02,20.14,22.63,8.07,73.30,44.31,59.64,8.13
31.79,40.02,20.14,22.59,8.06,73.30,44.31,59.64,8.13
31.80,40.02,20.16,22.59,8.07,73.30,44.31,59.64,8.12
31.81,40.02,20.16,22.63,8.07,73.30,44.22,59.64,8.13
31.82,40.02,20.14,22.59,8.06,73.30,44.22,59.64,8.12
31.83,40.02,20.16,22.59,8.07,73.30,44.22,59.49,8.13
31.84,40.10,20.16,22.59,8.07,73.30,44.31,59.64,8.12
31.85,40.02,20.14,22.63,8.06,73.30,44.31,59.64,8.13
31.86,40.02,20.16,22.63,8.07,73.30,44.31,59.64,8.12
31.87,40.02,20.16,22.63,8.07,73.30,44.31,59.64,8.14
31.88,40.02,20.16,22.63,8.07,73.30,44.31,59.64,8.13
31.89,39.94,20.16,22.63,8.07,73.30,44.31,59.64,8.13
31.90,40.02,20.14,22.59,8.07,73.30,44.31,59.64,8.13
31.91,40.02,20.16,22.63,8.07,73.30,44.31,59.64,8.13
31.92,40.02,20.16,22.59,8.07,73.30,44.31,59.64,8.14
31.93,40.02,20.19,22.63,8.07,73.52,44.31,59.64,8.12
31.94,40.02,20.16,22.59,8.08,73.30,44.31,59.64,8.13
31.95,40.02,20.16,22.63,8.07,73.30,44.22,59.64,8.13
31.96,40.02,20.16,22.63,8.07,73.30,44.31,59.64,8.14
31.97,40.02,20.16,22.63,8.08,73.30,44.31,59.64,8.12
31.98,40.02,20.14,22.59,8.07,73.30,44.31,59.64,8.12
31.99,40.02,20.16,22.63,8.07,73.30,44.31,59.64,8.13
32.00,40.02,20.16,22.63,8.07,73.30,44.31,59.64,8.12
32.01,40.02,20.16,22.59,8.07,73.30,44.31,59.64,8.13
32.02,40.02,20.11,22.63,8.07,73.30,44.31,59.49,8.13
32.03,40.02,20.14,22.59,8.07,73.30,44.31,59.64,8.12
32.04,40.02,20.14,22.63,8.07,73.30,44.31,59.64,8.14
32.05,40.02,20.16,22.59,8.08,73.52,44.31,59.64,8.13
32.06,40.02,20.14,22.59,8.08,73.30,44.31,59.64,8.12
32.07,40.02,20.16,22.59,8.08,73.30,44.22,59.64,8.14
32.08,40.02,20.14,22.59,8.07,73.30,44.31,59.64,8.13
32.09,40.02,20.16,22.66,8.07,73.30,44.31,59.64,8.13
32.10,40.02,20.19,22.59,8.07,73.30,44.22,59.64,8.13
32.11,40.02,20.19,22.59,8.07,73.30,44.22,59.64,8.13
32.12,40.02,20.16,22.59,8.07,73.30,44.31,59.64,8.12
32.13,40.02,20.16,22.63,8.07,73.30,44.31,59.64,8.14
32.14,40.02,20.14,22.59,8.07,73.30,44.31,59.64,8.12
32.15,40.02,20.16,22.59,8.08,73.30,44.31,59.64,8.13
32.16,40.02,20.16,22.63,8.08,73.30,44.22,59.80,8.13
32.17,40.02,20.16,22.63,8.08,73.30,44.31,59.64,8.14
32.18,40.02,20.16,22.59,8.07,73.30,44.31,59.64,8.13
32.19,40.02,20.14,22.59,8.07,73.30,44.31,59.64,8.13
32.20,40.02,20.14,22.63,8.08,73.30,44.31,59.64,8.13
32.21,40.02,20.16,22.63,8.07,73.30,44.31,59.80,8.14
32.22,40.02,20.14,22.63,8.08,73.30,44.31,59.64,8.13
32.23,40.02,20.16,22.59,8.07,73.30,44.31,59.64,8.13
32.24,40.02,20.19,22.59,8.07,73.30,44.31,59.80,8.13
32.25,40.02,20.14,22.63,8.08,73.30,44.31,59.64,8.13
32.26,40.02,20.16,22.63,8.07,73.30,44.31,59.64,8.13
32.27,40.02,20.19,22.63,8.08,73.52,44.31,59.64,8.13
32.28,40.02,20.16,22.59,8.07,73.30,44.22,59.80,8.12
32.29,40.02,20.16,22.59,8.08,73.52,44.31,59.64,8.13
32.30,40.02,20.14,22.59,8.07,73.30,44.31,59.64,8.13
32.31,40.02,20.16,22.59,8.07,73.30,44.22,59.64,8.13
32.32,40.02,20.16,22.63,8.07,73.30,44.31,59.64,8.13
32.33,40.02,20.16,22.63,8.07,73.30,44.31,59.64,8.13
32.34,40.02,20.16,22.59,8.08,73.30,44.31,59.64,8.13
32.35,40.02,20.14,22.63,8.08,73.52,44.31,59.64,8.13
32.36,40.02,20.16,22.63,8.07,73.30,44.22,59.64,8.13
32.37,40.02,20.16,22.59,8.07,73.30,44.31,59.64,8.14
32.38,40.02,20.16,22.63,8.07,73.30,44.31,59.64,8.13
32.39,40.02,20.16,22.63,8.08,73.30,44.22,59.64,8.13
32.40,40.02,20.16,22.63,8.08,73.30,44.31,59.64,8.13
32.41,40.02,20.16,22.59,8.07,73.30,44.31,59.80,8.13
32.42,39.94,20.16,22.63,8.08,73.30,44.31,59.80,8.14
32.43,40.02,20.16,22.59,8.07,73.30,44.31,59.64,8.13
32.44,40.02,20.16,22.63,8.07,73.30,44.31,59.64,8.13
32.45,40.02,20.16,22.66,8.07,73.30,44.31,59.64,8.13
32.46,40.02,20.19,22.59,8.07,73.30,44.31,59.64,8.12
32.47,40.02,20.16,22.63,8.07,73.52,44.22,59.64,8.13
32.48,40.02,20.16,22.63,8.07,73.30,44.31,59.64,8.14
32.49,40.02,20.16,22.63,8.07,73.30,44.31,59.64,8.13
32.50,40.02,20.16,22.63,8.07,73.30,44.31,59.64,8.13
32.51,40.02,20.16,22.63,8.08,73.30,44.31,59.64,8.13
32.52,40.02,20.16,22.63,8.08,73.30,44.31,59.64,8.13
32.53,40.02,20.16,22.63,8.08,73.30,44.31,59.64,8.13
32.54,40.02,20.19,22.63,8.07,73.30,44.31,59.64,8.13
32.55,40.02,20.16,22.63,8.07,73.30,44.41,59.80,8.13
32.56,40.02,20.16,22.66,8.08,73.30,44.31,59.64,8.12
32.57,40.02,20.14,22.63,8.07,73.30,44.31,59.64,8.13
32.58,40.02,20.16,22.63,8.07,73.30,44.31,59.80,8.13
32.59,40.02,20.16,22.63,8.07,73.52,44.31,59.64,8.14
32.60,40.02,20.16,22.63,8.08,73.52,44.31,59.64,8.13
32.61,40.02,20.16,22.63,8.07,73.08,44.31,59.64,8.12
32.62,40.02,20.16,22.63,8.07,73.52,44.22,59.64,8.13
32.63,40.02,20.19,22.63,8.08,73.30,44.31,59.64,8.12
32.64,40.02,20.14,22.63,8.07,73.30,44.31,59.64,8.12
32.65,40.02,20.14,22.63,8.07,73.30,44.41,59.80,8.12
32.66,40.02,20.16,22.63,8.08,73.30,44.22,59.49,8.13
32.67,40.02,20.16,22.63,8.07,73.30,44.31,59.33,8.13
32.68,40.02,20.16,22.63,8.07,73.30,44.31,59.64,8.13
32.69,40.02,20.14,22.59,8.07,73.30,44.31,59.64,8.13
32.70,40.02,20.16,22.63,8.07,73.52,44.31,59.64,8.13
32.71,40.02,20.16,22.63,8.07,73.30,44.31,59.64,8.13
32.72,40.02,20.16,22.63,8.08,73.30,44.31,59.64,8.13
32.73,40.02,20.16,22.66,8.07,73.30,44.31,59.64,8.12
32.74,40.02,20.19,22.59,8.08,73.30,44.31,59.64,8.14
32.75,40.02,20.16,22.59,8.07,73.30,44.22,59.64,8.12
32.76,40.02,20.19,22.63,8.08,73.30,44.31,59.64,8.14
32.77,40.02,20.19,22.63,8.07,73.52,44.31,59.64,8.13
32.78,40.02,20.16,22.63,8.08,73.30,44.31,59.64,8.13
32.79,40.02,20.16,22.66,8.07,73.30,44.31,59.64,8.13
32.80,40.02,20.16,22.63,8.07,73.30,44.31,59.64,8.13
32.81,40.02,20.16,22.63,8.07,73.30,44.31,59.64,8.13
32.82,40.02,20.16,22.59,8.07,73.30,44.31,59.64,8.13
32.83,40.02,20.16,22.63,8.07,73.30,44.31,59.64,8.13
32.84,39.94,20.16,22.59,8.08,73.30,44.31,59.64,8.13
32.85,40.02,20.14,22.59,8.07,73.30,44.31,59.64,8.14
32.86,40.02,20.16,22.63,8.07,73.52,44.22,59.64,8.13
32.87,40.02,20.16,22.59,8.07,73.30,44.22,59.64,8.13
32.88,40.02,20.14,22.63,8.07,73.30,44.31,59.64,8.13
32.89,40.02,20.16,22.59,8.08,73.30,44.41,59.80,8.13
32.90,40.02,20.16,22.59,8.07,73.30,44.31,59.80,8.13
32.91,40.02,20.16,22.59,8.07,73.30,44.31,59.64,8.13
32.92,40.10,20.16,22.59,8.08,73.30,44.31,59.80,8.13
32.93,40.02,20.16,22.59,8.08,73.30,44.31,59.64,8.14
32.94,40.02,20.16,22.63,8.07,73.30,44.31,59.64,8.13
32.95,39.94,20.16,22.63,8.07,73.30,44.22,59.64,8.13
32.96,40.02,20.16,22.59,8.07,73.30,44.31,59.64,8.13
32.97,40.02,20.16,22.63,8.07,73.30,44.31,59.80,8.13
32.98,40.02,20.16,22.63,8.07,73.52,44.31,59.80,8.13
32.99,40.02,20.16,22.59,8.08,73.30,44.41,59.64,8.13
33.00,40.02,20.14,22.63,8.07,73.30,44.31,59.64,8.13
33.01,40.02,20.16,22.63,8.07,73.52,44.31,59.64,8.14
33.02,40.02,20.16,22.59,8.08,73.30,44.31,59.64,8.13
33.03,40.02,20.14,22.63,8.08,73.30,44.31,59.64,8.13
33.04,40.02,20.14,22.59,8.08,73.30,44.31,59.64,8.13
33.05,40.02,20.16,22.63,8.07,73.30,44.31,59.49,8.13
33.06,40.02,20.14,22.63,8.07,73.30,44.31,59.64,8.13
33.07,40.02,20.14,22.63,8.07,73.30,44.31,59.64,8.13
33.08,40.02,20.16,22.59,8.07,73.30,44.31,59.64,8.13
33.09,40.02,20.16,22.63,8.08,73.30,44.31,59.64,8.13
33.10,40.02,20.16,22.63,8.07,73.52,44.31,59.64,8.12
33.11,40.02,20.16,22.63,8.07,73.30,44.31,59.64,8.14
33.12,40.02,20.16,22.59,8.07,73.30,44.31,59.64,8.13
33.13,40.02,20.16,22.59,8.07,73.30,44.31,59.64,8.14
33.14,40.10,20.16,22.59,8.07,73.30,44.22,59.64,8.13
33.15,40.02,20.16,22.63,8.07,73.30,44.31,59.64,8.13
33.16,40.02,20.16,22.59,8.08,73.30,44.31,59.64,8.14
33.17,40.02,20.16,22.66,8.07,73.30,44.31,59.64,8.13
33.18,40.02,20.14,22.63,8.07,73.52,44.31,59.64,8.13
33.19,40.02,20.16,22.63,8.07,73.30,44.31,59.64,8.14
33.20,40.02,20.19,22.59,8.07,73.30,44.31,59.80,8.14
33.21,40.02,20.14,22.63,8.08,73.30,44.31,59.80,8.13
33.22,40.02,20.16,22.66,8.08,73.30,44.31,59.64,8.13
33.23,40.02,20.16,22.59,8.08,73.30,44.31,59.64,8.13
33.24,40.02,20.14,22.59,8.07,73.30,44.31,59.64,8.13
33.25,40.02,20.16,22.59,8.07,73.30,44.31,59.64,8.13
33.26,40.02,20.16,22.63,8.08,73.30,44.31,59.64,8.13
33.27,40.02,20.16,22.59,8.07,73.30,44.31,59.64,8.13
33.28,40.02,20.16,22.59,8.07,73.30,44.31,59.64,8.12
33.29,40.02,20.16,22.63,8.08,73.30,44.31,59.80,8.12
33.30,40.02,20.16,22.63,8.07,73.30,44.31,59.80,8.13
33.31,40.02,20.16,22.63,8.07,73.30,44.31,59.64,8.13
33.32,40.02,20.19,22.63,8.08,73.30,44.31,59.64,8.13
33.33,40.02,20.16,22.63,8.07,73.30,44.22,59.64,8.13
33.34,40.02,20.16,22.63,8.07,73.30,44.31,59.64,8.13
33.35,40.02,20.14,22.59,8.08,73.30,44.31,59.64,8.13
33.36,40.02,20.16,22.63,8.08,73.30,44.31,59.64,8.13
33.37,40.18,20.16,22.63,8.08,73.30,44.31,59.64,8.13
33.38,40.02,20.16,22.63,8.07,73.30,44.31,59.64,8.13
33.39,40.02,20.16,22.63,8.07,73.30,44.31,59.64,8.13
33.40,39.94,20.16,22.59,8.07,73.30,44.31,59.80,8.13
33.41,40.02,20.19,22.63,8.08,73.30,44.31,59.64,8.12
33.42,40.02,20.16,22.63,8.07,73.30,44.31,59.64,8.13
33.43,40.02,20.14,22.63,8.07,73.30,44.22,59.64,8.13
33.44,40.02,20.16,22.63,8.07,73.30,44.31,59.64,8.14
33.45,40.02,20.16,22.59,8.07,73.30,44.31,59.64,8.13
33.46,40.02,20.16,22.63,8.07,73.30,44.31,59.64,8.13
33.47,40.02,20.16,22.59,8.07,73.30,44.31,59.80,8.12
33.48,40.02,20.16,22.59,8.07,73.30,44.31,59.80,8.13
33.49,40.02,20.16,22.59,8.07,73.30,44.31,59.64,8.12
33.50,40.02,20.16,22.63,8.08,73.30,44.31,59.64,8.13
33.51,40.02,20.16,22.63,8.08,73.30,44.31,59.80,8.14
33.52,40.02,20.16,22.63,8.08,73.30,44.31,59.64,8.14
33.53,40.02,20.16,22.63,8.07,73.30,44.31,59.49,8.12
33.54,40.02,20.16,22.63,8.07,73.30,44.31,59.64,8.13
33.55,40.02,20.16,22.59,8.08,73.30,44.31,59.64,8.13
33.56,40.02,20.16,22.59,8.07,73.30,44.31,59.64,8.14
33.59,40.02,20.16,22.59,8.08,73.30,44.22,59.64,8.13
33.59,40.02,20.19,22.59,8.07,73.30,44.41,59.64,8.13
33.60,40.02,20.16,22.63,8.07,73.30,44.31,59.64,8.14
33.61,40.02,20.16,22.59,8.07,73.30,44.22,59.64,8.13
33.62,39.94,20.14,22.63,8.07,73.30,44.41,59.80,8.12
33.63,40.02,20.16,22.63,8.07,73.52,44.31,59.64,8.13
33.64,40.02,20.16,22.59,8.08,73.30,44.31,59.64,8.14
33.65,40.02,20.16,22.59,8.08,73.30,44.31,59.80,8.13
33.66,40.10,20.19,22.59,8.08,73.30,44.31,59.64,8.13
33.67,40.02,20.16,22.63,8.07,73.30,44.31,59.64,8.12
33.68,40.02,20.19,22.59,8.08,73.30,44.31,59.64,8.13
33.69,40.02,20.16,22.59,8.07,73.30,44.31,59.64,8.13
33.70,40.02,20.16,22.63,8.08,73.30,44.31,59.64,8.13
33.71,40.02,20.16,22.63,8.08,73.30,44.31,59.80,8.13
33.72,40.02,20.16,22.63,8.07,73.52,44.31,59.64,8.13
33.73,40.02,20.16,22.59,8.08,73.30,44.22,59.64,8.13
33.74,40.02,20.16,22.63,8.07,73.30,44.31,59.64,8.13
33.75,40.02,20.16,22.59,8.07,73.30,44.31,59.64,8.13
33.76,40.02,20.19,22.59,8.07,73.30,44.31,59.64,8.13
33.77,40.02,20.16,22.63,8.07,73.30,44.31,59.80,8.13
33.78,40.02,20.16,22.63,8.07,73.30,44.31,59.64,8.13
33.79,40.02,20.16,22.63,8.09,73.08,44.31,59.64,8.12
33.80,40.02,20.16,22.59,8.08,73.30,44.31,59.64,8.14
33.81,40.02,20.16,22.59,8.07,73.52,44.31,59.64,8.13
33.82,40.02,20.16,22.59,8.08,73.30,44.31,59.64,8.14
33.83,40.02,20.16,22.59,8.07,73.30,44.31,59.64,8.12
33.84,40.02,20.14,22.59,8.07,73.30,44.31,59.80,8.12
33.85,40.02,20.14,22.63,8.08,73.30,44.31,59.80,8.13
33.86,40.02,20.14,22.63,8.08,73.30,44.31,59.49,8.13
33.87,40.02,20.16,22.63,8.08,73.30,44.31,59.64,8.13
33.88,40.02,20.16,22.59,8.08,73.30,44.31,59.64,8.13
33.89,40.02,20.16,22.59,8.08,73.30,44.31,59.80,8.12
33.90,40.02,20.14,22.63,8.07,73.30,44.31,59.80,8.14
33.91,39.94,20.16,22.59,8.07,73.30,44.31,59.64,8.13
33.92,40.02,20.19,22.63,8.07,73.30,44.31,59.64,8.13
33.93,40.02,20.16,22.63,8.07,73.30,44.31,59.64,8.13
33.94,40.02,20.19,22.66,8.07,73.30,44.31,59.49,8.12
33.95,40.02,20.16,22.63,8.07,73.30,44.41,59.64,8.13
33.96,40.02,20.16,22.59,8.07,73.30,44.31,59.64,8.12
33.97,40.02,20.16,22.63,8.07,73.30,44.31,59.64,8.12
33.98,39.94,20.16,22.63,8.07,73.30,44.31,59.64,8.14
33.99,40.02,20.16,22.63,8.07,73.30,44.31,59.64,8.12
34.00,40.02,20.16,22.63,8.07,73.30,44.22,59.64,8.13
34.01,40.02,20.16,22.63,8.08,73.30,44.31,59.64,8.13
34.02,40.02,20.14,22.63,8.07,73.30,44.31,59.80,8.13
34.03,40.02,20.16,22.59,8.07,73.30,44.22,59.64,8.13
34.04,40.02,20.19,22.63,8.07,73.30,44.31,59.80,8.14
34.05,40.02,20.16,22.63,8.09,73.30,44.31,59.64,8.12
34.06,40.02,20.16,22.63,8.08,73.30,44.22,59.64,8.13
34.07,40.02,20.16,22.63,8.07,73.30,44.31,59.64,8.13
34.08,40.02,20.16,22.59,8.07,73.30,44.31,59.49,8.14
34.09,40.02,20.16,22.59,8.09,73.30,44.31,59.64,8.12
34.10,40.02,20.16,22.59,8.06,73.30,44.31,59.64,8.12
34.11,40.02,20.16,22.63,8.07,73.30,44.41,59.64,8.13
34.12,40.02,20.16,22.59,8.07,73.30,44.31,59.49,8.13
34.13,40.02,20.16,22.59,8.08,73.30,44.31,59.64,8.14
34.14,40.02,20.16,22.59,8.08,73.30,44.22,59.64,8.13
34.15,40.02,20.16,22.59,8.08,73.30,44.31,59.64,8.13
34.16,40.02,20.16,22.63,8.07,73.52,44.22,59.64,8.13
34.17,40.02,20.16,22.59,8.08,73.30,44.31,59.64,8.14
34.18,40.02,20.16,22.59,8.08,73.30,44.31,59.64,8.13
34.19,40.02,20.16,22.63,8.07,73.30,44.31,59.64,8.14
34.20,40.02,20.16,22.59,8.07,73.30,44.22,59.80,8.13
34.21,39.94,20.16,22.63,8.08,73.30,44.31,59.64,8.13
34.22,40.02,20.19,22.59,8.07,73.30,44.31,59.49,8.12
34.23,40.02,20.16,22.63,8.07,73.30,44.31,59.64,8.13
34.24,40.02,20.14,22.63,8.07,73.30,44.31,59.80,8.13
34.25,39.94,20.14,22.63,8.07,73.30,44.41,59.64,8.12
34.26,40.02,20.16,22.63,8.07,73.30,44.31,59.64,8.14
34.27,40.02,20.16,22.63,8.07,73.30,44.31,59.64,8.13
34.28,40.10,20.19,22.59,8.07,73.30,44.22,59.80,8.13
34.29,40.02,20.16,22.59,8.08,73.30,44.31,59.64,8.13
34.30,39.94,20.16,22.59,8.07,73.52,44.31,59.64,8.13
34.31,40.02,20.16,22.63,8.07,73.30,44.31,59.64,8.14
34.32,40.02,20.16,22.63,8.07,73.30,44.22,59.49,8.12
34.33,40.02,20.16,22.63,8.07,73.30,44.31,59.64,8.13
34.34,40.02,20.14,22.63,8.08,73.30,44.22,59.64,8.14
34.35,40.02,20.16,22.63,8.07,73.30,44.31,59.64,8.13
34.36,40.02,20.16,22.63,8.07,73.52,44.31,59.80,8.13
34.37,40.02,20.16,22.63,8.07,73.30,44.31,59.64,8.13
34.38,40.02,20.16,22.59,8.08,73.30,44.31,59.64,8.13
34.39,40.02,20.19,22.63,8.07,73.30,44.31,59.64,8.13
34.40,40.02,20.16,22.63,8.08,73.30,44.41,59.64,8.13
34.41,40.02,20.16,22.59,8.08,73.30,44.31,59.64,8.13
34.42,40.02,20.16,22.63,8.08,73.30,44.31,59.64,8.12
34.43,40.02,20.14,22.59,8.08,73.30,44.31,59.64,8.13
34.44,40.02,20.16,22.63,8.07,73.30,44.31,59.64,8.13
34.45,40.02,20.16,22.63,8.08,73.30,44.31,59.64,8.14
34.46,40.02,20.16,22.59,8.07,73.30,44.31,59.80,8.12
34.47,40.02,20.14,22.63,8.07,73.30,44.31,59.64,8.13
34.48,40.02,20.14,22.63,8.07,73.30,44.31,59.64,8.13
34.49,39.94,20.14,22.63,8.07,73.30,44.31,59.64,8.13
34.50,40.02,20.14,22.63,8.08,73.30,44.31,59.64,8.13
34.51,40.02,20.16,22.59,8.07,73.30,44.31,59.80,8.13
34.52,40.02,20.16,22.59,8.08,73.52,44.31,59.64,8.13
34.53,40.02,20.19,22.59,8.08,73.30,44.31,59.64,8.13
34.54,40.02,20.16,22.59,8.08,73.30,44.31,59.64,8.13
34.55,40.02,20.16,22.63,8.08,73.30,44.31,59.64,8.13
34.56,40.02,20.14,22.63,8.08,73.30,44.31,59.64,8.12
34.57,40.02,20.16,22.63,8.08,73.30,44.22,59.64,8.12
34.58,40.02,20.14,22.59,8.07,73.52,44.31,59.64,8.13
34.59,40.02,20.16,22.59,8.08,73.30,44.31,59.64,8.13
34.60,40.02,20.16,22.63,8.07,73.30,44.31,59.64,8.13
34.61,40.02,20.16,22.63,8.08,73.52,44.31,59.64,8.13
34.62,40.02,20.16,22.59,8.09,73.30,44.31,59.64,8.13
34.63,40.02,20.16,22.63,8.07,73.30,44.31,59.64,8.12
34.64,40.02,20.16,22.63,8.07,73.30,44.31,59.64,8.12
34.65,39.94,20.16,22.59,8.07,73.52,44.31,59.64,8.12
34.66,40.02,20.16,22.63,8.08,73.30,44.31,59.64,8.13
34.67,40.02,20.16,22.63,8.07,73.30,44.31,59.80,8.14
34.68,40.02,20.19,22.59,8.07,73.30,44.31,59.80,8.13
34.69,40.02,20.16,22.59,8.07,73.30,44.31,59.64,8.13
34.70,40.02,20.14,22.59,8.07,73.30,44.31,59.64,8.14
34.71,40.02,20.16,22.59,8.07,73.30,44.22,59.80,8.13
34.72,40.02,20.14,22.63,8.07,73.30,44.31,59.64,8.13
34.73,39.94,20.14,22.59,8.08,73.30,44.31,59.80,8.13
34.74,40.02,20.16,22.59,8.08,73.30,44.31,59.64,8.13
34.75,40.02,20.16,22.59,8.07,73.30,44.31,59.64,8.14
34.76,40.02,20.16,22.63,8.08,73.30,44.31,59.80,8.13
34.77,40.02,20.16,22.63,8.07,73.30,44.31,59.64,8.13
34.78,40.02,20.16,22.59,8.08,73.30,44.31,59.64,8.13
34.79,40.02,20.16,22.59,8.07,73.30,44.22,59.64,8.14
34.80,40.02,20.14,22.59,8.07,73.30,44.31,59.64,8.12
34.81,40.02,20.16,22.59,8.08,73.30,44.22,59.64,8.13
34.82,40.02,20.16,22.63,8.08,73.30,44.31,59.64,8.14
34.83,40.02,20.14,22.63,8.07,73.30,44.31,59.64,8.13
34.84,40.02,20.16,22.63,8.08,73.30,44.31,59.64,8.13
34.85,40.02,20.14,22.59,8.08,73.30,44.41,59.64,8.12
34.86,40.02,20.16,22.63,8.08,73.52,44.31,59.64,8.13
34.87,39.94,20.16,22.63,8.07,73.30,44.31,59.64,8.13
34.88,40.02,20.16,22.59,8.07,73.30,44.31,59.64,8.12
34.89,40.02,20.16,22.63,8.07,73.30,44.22,59.49,8.13
34.90,40.02,20.16,22.63,8.07,73.30,44.31,59.80,8.13
34.91,40.10,20.16,22.63,8.07,73.30,44.31,59.64,8.13
34.92,39.86,20.14,22.59,8.07,73.30,44.31,59.80,8.13
34.93,40.02,20.14,22.59,8.08,73.30,44.31,59.64,8.13
34.94,40.02,20.19,22.63,8.07,73.30,44.31,59.64,8.13
34.95,40.02,20.16,22.59,8.07,73.08,44.31,59.64,8.13
34.96,40.02,20.16,22.59,8.07,73.52,44.22,59.64,8.13
34.97,40.02,20.16,22.59,8.07,73.30,44.31,59.64,8.13
34.98,40.02,20.14,22.63,8.07,73.30,44.31,59.64,8.13
34.99,40.02,20.14,22.59,8.08,73.52,44.22,59.64,8.13
35.00,39.94,20.16,22.59,8.07,73.30,44.31,59.64,8.12
35.01,40.02,20.14,22.63,8.08,73.08,44.31,59.49,8.13
35.02,40.02,20.16,22.59,8.08,73.30,44.22,59.64,8.13
35.03,40.02,20.14,22.59,8.07,73.30,44.31,59.64,8.13
35.04,39.94,20.16,22.59,8.07,73.52,44.31,59.49,8.13
35.05,39.94,20.16,22.63,8.07,73.30,44.22,59.64,8.13
35.06,40.02,20.16,22.59,8.08,73.52,44.31,59.80,8.13
35.07,40.02,20.14,22.59,8.07,73.30,44.31,59.33,8.12
35.08,40.02,20.16,22.59,8.07,73.30,44.31,59.64,8.13
35.09,40.02,20.16,22.59,8.08,73.30,44.31,59.64,8.13
35.10,40.02,20.16,22.59,8.08,73.30,44.31,59.80,8.13
35.11,40.02,20.16,22.59,8.07,73.08,44.22,59.64,8.13
35.12,40.02,20.16,22.59,8.07,73.30,44.31,59.49,8.14
35.13,40.02,20.16,22.59,8.07,73.30,44.31,59.64,8.13
35.14,40.02,20.16,22.59,8.08,73.30,44.41,59.64,8.14
35.15,40.02,20.14,22.63,8.07,73.30,44.31,59.64,8.12
35.16,40.02,20.16,22.59,8.08,73.30,44.31,59.64,8.13
35.17,40.02,20.16,22.63,8.08,73.30,44.22,59.64,8.12
35.18,40.02,20.14,22.59,8.07,73.30,44.31,59.64,8.13
35.19,40.02,20.16,22.63,8.08,73.30,44.31,59.64,8.12
35.20,40.02,20.16,22.63,8.07,73.30,44.31,59.64,8.13
35.21,40.02,20.16,22.63,8.07,73.30,44.31,59.64,8.13
35.22,40.02,20.14,22.63,8.07,73.52,44.22,59.64,8.12
35.23,40.02,20.16,22.59,8.07,73.30,44.22,59.64,8.13
35.24,40.02,20.16,22.59,8.08,73.30,44.31,59.80,8.12
35.25,40.02,20.14,22.59,8.08,73.30,44.31,59.64,8.13
35.26,40.02,20.16,22.63,8.07,73.30,44.31,59.80,8.12
35.27,40.02,20.16,22.59,8.08,73.30,44.31,59.64,8.12
35.28,40.02,20.16,22.59,8.07,73.30,44.31,59.80,8.13
35.29,40.02,20.16,22.59,8.07,73.30,44.31,59.64,8.13
35.30,40.02,20.14,22.59,8.08,73.30,44.31,59.64,8.13
35.31,40.02,20.16,22.63,8.08,73.30,44.31,59.64,8.13
35.32,40.02,20.14,22.59,8.07,73.30,44.31,59.64,8.13
35.33,40.02,20.16,22.59,8.07,73.30,44.31,59.80,8.13
35.34,40.02,20.16,22.63,8.07,73.30,44.31,59.64,8.13
35.35,40.02,20.16,22.59,8.08,73.30,44.31,59.49,8.13
35.36,40.02,20.16,22.59,8.08,73.30,44.22,59.64,8.13
35.37,40.02,20.16,22.63,8.07,73.30,44.31,59.64,8.13
35.38,40.02,20.16,22.59,8.08,73.30,44.22,59.64,8.12
35.39,40.02,20.14,22.63,8.07,73.30,44.31,59.64,8.13
35.40,40.02,20.16,22.59,8.08,73.30,44.31,59.64,8.13
35.41,40.02,20.19,22.59,8.07,73.30,44.31,59.64,8.13
35.42,40.02,20.16,22.59,8.08,73.30,44.31,59.80,8.13
35.43,40.02,20.16,22.63,8.07,73.30,44.31,59.64,8.13
35.44,40.02,20.14,22.63,8.08,73.08,44.22,59.49,8.13
35.45,40.02,20.16,22.63,8.08,73.30,44.31,59.64,8.12
35.46,40.02,20.16,22.63,8.08,73.30,44.22,59.80,8.13
35.47,39.94,20.16,22.63,8.07,73.30,44.31,59.64,8.13
35.48,40.02,20.14,22.63,8.08,73.30,44.31,59.64,8.13
35.49,40.02,20.16,22.63,8.07,73.30,44.31,59.64,8.13
35.50,40.02,20.16,22.63,8.07,73.30,44.31,59.64,8.12
35.51,40.02,20.16,22.59,8.07,73.30,44.31,59.64,8.13
35.52,40.02,20.14,22.59,8.07,73.30,44.31,59.64,8.14
35.53,40.02,20.16,22.59,8.08,73.30,44.31,59.64,8.14
35.54,40.02,20.16,22.59,8.08,73.30,44.31,59.64,8.13
35.55,40.02,20.16,22.59,8.07,73.30,44.31,59.64,8.13
35.56,40.02,20.16,22.63,8.07,73.30,44.31,59.64,8.13
35.57,40.02,20.14,22.59,8.07,73.30,44.31,59.80,8.12
35.58,40.02,20.16,22.63,8.08,73.30,44.31,59.64,8.13
35.59,40.02,20.16,22.59,8.08,73.30,44.31,59.64,8.13
35.60,40.02,20.14,22.63,8.08,73.30,44.31,59.64,8.13
35.61,40.02,20.16,22.63,8.07,73.30,44.31,59.80,8.12
35.62,40.02,20.16,22.63,8.08,73.30,44.31,59.64,8.13
35.63,40.02,20.16,22.59,8.08,73.30,44.31,59.64,8.12
35.64,40.02,20.16,22.59,8.09,73.30,44.31,59.64,8.13
35.65,40.02,20.14,22.59,8.07,73.30,44.22,59.64,8.13
35.66,40.02,20.14,22.59,8.07,73.30,44.31,59.64,8.13
35.67,40.10,20.16,22.63,8.07,73.30,44.31,59.64,8.13
35.68,40.02,20.14,22.59,8.07,73.30,44.31,59.64,8.14
35.69,39.94,20.16,22.59,8.07,73.30,44.31,59.64,8.13
35.70,40.02,20.16,22.63,8.07,73.30,44.22,59.80,8.13
35.71,40.02,20.14,22.59,8.08,73.30,44.31,59.64,8.13
35.72,39.94,20.14,22.63,8.07,73.30,44.31,59.64,8.13
35.73,40.02,20.16,22.63,8.07,73.30,44.31,59.64,8.12
35.74,40.02,20.14,22.63,8.08,73.30,44.31,59.64,8.13
35.75,40.02,20.16,22.59,8.08,73.30,44.31,59.64,8.12
35.76,40.02,20.14,22.59,8.07,73.30,44.31,59.64,8.12
35.77,40.02,20.16,22.59,8.07,73.30,44.31,59.64,8.13
35.78,40.02,20.16,22.59,8.07,73.30,44.31,59.64,8.13
35.79,39.94,20.14,22.63,8.08,73.30,44.31,59.64,8.13
35.80,40.02,20.14,22.63,8.08,73.30,44.31,59.64,8.13
35.81,40.10,20.16,22.59,8.08,73.30,44.31,59.64,8.13
35.82,40.02,20.16,22.63,8.07,73.30,44.31,59.64,8.13
35.83,40.02,20.16,22.63,8.08,73.30,44.31,59.64,8.13
35.84,40.02,20.16,22.59,8.08,73.30,44.31,59.64,8.12
35.85,40.02,20.14,22.59,8.07,73.30,44.31,59.64,8.13
35.86,40.02,20.19,22.59,8.07,73.30,44.31,59.64,8.12
35.87,40.02,20.11,22.59,8.08,73.30,44.31,59.49,8.13
35.88,40.02,20.11,22.59,8.08,73.30,44.31,59.64,8.13
35.89,40.02,20.14,22.63,8.07,73.52,44.31,59.80,8.13
35.90,40.02,20.16,22.59,8.08,73.30,44.31,59.49,8.13
35.91,40.02,20.16,22.59,8.07,73.52,44.31,59.64,8.13
35.92,40.02,20.14,22.59,8.06,73.30,44.31,59.64,8.12
35.93,40.02,20.14,22.59,8.07,73.30,44.22,59.64,8.14
35.94,40.02,20.16,22.59,8.08,73.30,44.31,59.64,8.13
35.95,40.02,20.16,22.63,8.07,73.52,44.31,59.49,8.13
35.96,40.02,20.14,22.59,8.07,73.30,44.31,59.64,8.13
35.97,40.02,20.14,22.59,8.07,73.30,44.22,59.64,8.13
35.98,40.02,20.16,22.59,8.08,73.30,44.31,59.64,8.13
35.99,40.02,20.19,22.59,8.06,73.30,44.41,59.64,8.12
36.00,40.02,20.16,22.63,8.07,73.30,44.12,59.64,8.13
36.01,40.02,20.16,22.59,8.07,73.30,44.31,59.80,8.13
36.02,40.02,20.16,22.59,8.08,73.30,44.31,59.64,8.12
36.03,40.02,20.14,22.63,8.07,73.30,44.22,59.64,8.12
36.04,40.02,20.16,22.63,8.07,73.30,44.22,59.64,8.12
36.05,40.02,20.14,22.59,8.08,73.30,44.31,59.64,8.13
36.06,40.02,20.16,22.59,8.07,73.30,44.31,59.64,8.13
36.07,40.02,20.14,22.63,8.07,73.30,44.31,59.64,8.13
36.08,39.94,20.16,22.59,8.08,73.30,44.31,59.64,8.13
36.09,39.94,20.16,22.63,8.07,73.30,44.22,59.64,8.12
36.10,39.86,20.16,22.59,8.07,73.30,44.22,59.64,8.13
36.11,40.18,20.14,22.66,8.07,73.30,44.41,59.49,8.13
36.12,40.02,20.16,22.59,8.07,73.30,44.31,59.64,8.13
36.13,40.02,20.16,22.59,8.08,73.30,44.31,59.64,8.13
36.14,40.02,20.16,22.66,8.07,73.30,44.31,59.64,8.14
36.15,40.02,20.14,22.59,8.08,73.30,44.31,59.80,8.13
36.16,40.02,20.16,22.59,8.08,73.30,44.31,59.64,8.13
36.17,40.02,20.14,22.59,8.07,73.52,44.31,59.64,8.13
36.18,40.02,20.16,22.59,8.09,73.08,44.31,59.64,8.13
36.19,40.02,20.14,22.63,8.08,73.30,44.22,59.64,8.13
36.20,40.02,20.14,22.63,8.08,73.52,44.22,59.64,8.13
36.21,40.02,20.16,22.63,8.08,73.30,44.31,59.64,8.13
36.22,40.02,20.16,22.63,8.06,73.30,44.31,59.64,8.13
36.23,39.94,20.16,22.63,8.08,73.30,44.31,59.64,8.13
36.24,40.02,20.14,22.63,8.08,73.30,44.31,59.80,8.13
36.25,39.94,20.14,22.59,8.08,73.30,44.31,59.33,8.12
36.26,40.02,20.19,22.59,8.07,73.30,44.31,59.80,8.14
36.27,40.02,20.19,22.59,8.07,73.30,44.22,59.64,8.13
36.28,40.02,20.14,22.63,8.07,73.30,44.31,59.64,8.12
36.29,39.94,20.16,22.59,8.08,73.30,44.31,59.64,8.13
36.30,40.02,20.14,22.59,8.09,73.30,44.22,59.64,8.13
36.31,39.94,20.19,22.59,8.07,73.30,44.31,59.64,8.13
36.32,40.02,20.16,22.59,8.08,73.30,44.22,59.64,8.13
36.33,40.02,20.14,22.59,8.07,73.30,44.22,59.64,8.14
36.34,40.02,20.16,22.63,8.07,73.30,44.31,59.64,8.13
36.35,40.02,20.16,22.63,8.07,73.30,44.31,59.64,8.12
36.36,40.02,20.16,22.59,8.08,73.30,44.31,59.64,8.13
36.37,40.02,20.14,22.63,8.07,73.30,44.31,59.80,8.13
36.38,40.02,20.16,22.59,8.08,73.30,44.31,59.64,8.13
36.39,40.02,20.16,22.63,8.07,73.30,44.41,59.64,8.13
36.40,39.94,20.16,22.63,8.07,73.30,44.31,59.64,8.14
36.41,40.02,20.14,22.59,8.08,73.30,44.31,59.64,8.13
36.42,40.02,20.16,22.59,8.08,73.30,44.31,59.64,8.13
36.43,40.02,20.16,22.59,8.07,73.30,44.31,59.64,8.13
36.44,40.02,20.16,22.59,8.07,73.30,44.31,59.64,8.13
36.45,40.02,20.19,22.59,8.07,73.30,44.31,59.64,8.14
36.46,40.02,20.16,22.63,8.08,73.30,44.31,59.64,8.12
36.47,40.02,20.16,22.63,8.08,73.30,44.31,59.64,8.12
36.48,40.02,20.16,22.59,8.07,73.30,44.22,59.64,8.13
36.49,40.02,20.14,22.59,8.07,73.30,44.31,59.49,8.13
36.50,40.02,20.16,22.59,8.08,73.30,44.31,59.64,8.13
36.51,39.94,20.14,22.63,8.08,73.30,44.31,59.49,8.12
36.52,40.02,20.16,22.59,8.08,73.30,44.31,59.64,8.12
36.53,40.02,20.14,22.59,8.07,73.30,44.22,59.64,8.12
36.54,40.02,20.14,22.63,8.08,73.30,44.31,59.64,8.13
36.55,40.02,20.16,22.63,8.07,73.30,44.31,59.64,8.14
36.56,40.02,20.16,22.59,8.07,73.30,44.31,59.64,8.12
36.57,40.02,20.16,22.63,8.08,73.30,44.31,59.64,8.13
36.58,40.02,20.16,22.59,8.08,73.30,44.31,59.64,8.13
36.59,40.02,20.16,22.59,8.07,73.30,44.31,59.64,8.12
36.60,40.02,20.16,22.59,8.07,73.30,44.31,59.64,8.13
36.61,40.02,20.16,22.63,8.07,73.30,44.22,59.64,8.13
36.62,40.02,20.16,22.59,8.07,73.30,44.31,59.64,8.13
36.63,40.02,20.16,22.59,8.07,73.30,44.31,59.64,8.13
36.64,40.02,20.19,22.59,8.07,73.30,44.31,59.64,8.12
36.65,40.02,20.16,22.59,8.08,73.30,44.31,59.64,8.12
36.66,40.02,20.19,22.59,8.07,73.30,44.31,59.64,8.13
36.67,40.02,20.16,22.59,8.07,73.30,44.31,59.64,8.13
36.68,40.02,20.14,22.59,8.07,73.30,44.31,59.64,8.12
36.69,40.02,20.16,22.59,8.07,73.30,44.31,59.64,8.13
36.70,40.02,20.14,22.59,8.08,73.30,44.31,59.64,8.13
36.71,40.02,20.16,22.63,8.07,73.30,44.31,59.64,8.13
36.72,40.02,20.14,22.63,8.07,73.30,44.31,59.64,8.13
36.73,40.02,20.14,22.63,8.07,73.30,44.31,59.64,8.13
36.74,40.02,20.14,22.59,8.08,73.30,44.22,59.64,8.13
36.75,40.02,20.16,22.59,8.07,73.30,44.31,59.64,8.13
36.76,40.02,20.16,22.63,8.07,73.30,44.31,59.64,8.13
36.77,39.94,20.14,22.59,8.07,73.30,44.22,59.64,8.14
36.78,39.94,20.16,22.59,8.08,73.30,44.31,59.49,8.12
36.79,40.02,20.16,22.63,8.08,73.30,44.31,59.64,8.13
36.80,40.02,20.16,22.59,8.07,73.30,44.31,59.64,8.13
36.81,40.02,20.16,22.59,8.07,73.30,44.31,59.49,8.14
36.82,40.02,20.16,22.63,8.07,73.30,44.31,59.80,8.14
36.83,40.02,20.19,22.63,8.07,73.30,44.31,59.64,8.14
36.84,40.02,20.19,22.59,8.07,73.52,44.31,59.64,8.13
36.85,40.02,20.19,22.59,8.07,73.30,44.31,59.64,8.13
36.86,40.02,20.19,22.59,8.07,73.30,44.41,59.64,8.13
36.87,40.02,20.14,22.59,8.07,73.30,44.22,59.64,8.12
36.88,40.02,20.19,22.59,8.07,73.30,44.22,59.64,8.13
36.89,40.02,20.16,22.59,8.07,73.30,44.31,59.80,8.14
36.90,40.02,20.16,22.63,8.08,73.30,44.31,59.64,8.12
36.91,40.02,20.16,22.59,8.07,73.30,44.31,59.64,8.12
36.92,39.94,20.16,22.59,8.07,73.30,44.31,59.49,8.13
36.93,40.02,20.16,22.63,8.08,73.30,44.31,59.64,8.13
36.94,40.02,20.14,22.63,8.07,73.30,44.31,59.64,8.13
36.95,39.94,20.16,22.59,8.07,73.30,44.31,59.64,8.13
36.96,40.02,20.14,22.63,8.09,73.30,44.31,59.64,8.13
36.97,40.02,20.14,22.59,8.08,73.30,44.31,59.64,8.13
36.98,40.02,20.14,22.59,8.07,73.30,44.31,59.64,8.13
36.99,40.02,20.16,22.59,8.08,73.30,44.22,59.64,8.13
37.00,40.02,20.16,22.59,8.08,73.30,44.31,59.64,8.13
37.01,40.02,20.16,22.59,8.07,73.30,44.31,59.64,8.14
37.02,40.02,20.14,22.63,8.07,73.30,44.22,59.64,8.13
37.03,40.02,20.16,22.63,8.07,73.30,44.22,59.80,8.13
37.04,40.02,20.16,22.59,8.07,73.30,44.31,59.64,8.13
37.05,40.02,20.14,22.59,8.08,73.30,44.31,59.64,8.13
37.06,39.94,20.16,22.59,8.08,73.30,44.31,59.64,8.13
37.07,39.94,20.19,22.59,8.08,73.30,44.22,59.80,8.13
37.08,40.02,20.14,22.59,8.07,73.30,44.31,59.64,8.13
37.09,40.02,20.16,22.63,8.07,73.30,44.31,59.64,8.13
37.10,40.02,20.14,22.63,8.08,73.52,44.31,59.49,8.13
37.11,40.02,20.16,22.59,8.07,73.30,44.31,59.64,8.13
37.12,39.94,20.14,22.59,8.07,73.30,44.31,59.64,8.13
37.13,40.02,20.14,22.63,8.08,73.30,44.31,59.80,8.13
37.14,40.02,20.16,22.59,8.08,73.30,44.41,59.64,8.13
37.15,40.02,20.16,22.63,8.07,73.30,44.22,59.64,8.13
37.16,40.02,20.16,22.59,8.07,73.30,44.31,59.64,8.13
37.17,40.02,20.16,22.59,8.08,73.30,44.41,59.64,8.13
37.18,40.02,20.14,22.63,8.07,73.30,44.22,59.49,8.13
37.19,40.02,20.16,22.59,8.08,73.30,44.31,59.64,8.13
37.20,40.02,20.14,22.59,8.07,73.30,44.31,59.64,8.13
37.21,39.94,20.16,22.59,8.08,73.30,44.22,59.64,8.13
37.22,40.02,20.16,22.59,8.08,73.30,44.31,59.64,8.14
37.23,40.02,20.16,22.63,8.07,73.30,44.31,59.80,8.14
37.24,40.02,20.16,22.63,8.08,73.30,44.31,59.64,8.12
37.25,39.94,20.16,22.63,8.09,73.30,44.31,59.64,8.13
37.26,40.02,20.14,22.59,8.07,73.30,44.31,59.80,8.13
37.27,40.02,20.14,22.59,8.08,73.30,44.31,59.64,8.13
37.28,39.94,20.14,22.63,8.07,73.30,44.31,59.64,8.13
37.29,40.02,20.16,22.63,8.08,73.30,44.31,59.64,8.12
37.30,40.02,20.14,22.59,8.07,73.30,44.31,59.64,8.14
37.31,40.02,20.16,22.63,8.08,73.30,44.31,59.64,8.14
37.32,39.94,20.14,22.63,8.07,73.30,44.31,59.64,8.13
37.33,40.02,20.16,22.59,8.07,73.30,44.31,59.64,8.13
37.34,40.02,20.16,22.59,8.07,73.08,44.31,59.64,8.12
37.35,39.94,20.16,22.63,8.08,73.30,44.31,59.64,8.12
37.36,40.02,20.19,22.63,8.08,73.30,44.31,59.64,8.13
37.37,40.02,20.16,22.59,8.07,73.30,44.31,59.64,8.12
37.38,40.02,20.19,22.63,8.08,73.52,44.31,59.64,8.12
37.39,40.02,20.14,22.63,8.08,73.30,44.31,59.64,8.12
37.40,40.02,20.19,22.59,8.08,73.30,44.31,59.64,8.13
37.41,40.02,20.16,22.63,8.08,73.30,44.31,59.64,8.13
37.42,40.02,20.16,22.59,8.07,73.30,44.31,59.64,8.13
37.43,40.02,20.16,22.63,8.08,73.30,44.31,59.49,8.13
37.44,40.02,20.16,22.59,8.07,73.30,44.31,59.80,8.12
37.45,40.02,20.16,22.59,8.07,73.30,44.31,59.80,8.14
37.46,40.02,20.16,22.63,8.08,73.30,44.31,59.64,8.14
37.47,40.02,20.16,22.63,8.08,73.30,44.31,59.80,8.13
37.48,40.02,20.16,22.59,8.08,73.30,44.31,59.80,8.13
37.49,40.02,20.19,22.63,8.07,73.30,44.31,59.64,8.13
37.50,40.02,20.16,22.59,8.07,73.30,44.31,59.80,8.14
37.51,40.02,20.16,22.63,8.08,73.30,44.31,59.64,8.13
37.52,40.02,20.14,22.66,8.08,73.30,44.31,59.64,8.14
37.53,39.94,20.16,22.59,8.08,73.30,44.31,59.64,8.14
37.54,40.02,20.16,22.59,8.08,73.30,44.31,59.64,8.13
37.55,40.02,20.19,22.59,8.07,73.30,44.31,59.80,8.13
37.56,39.94,20.16,22.59,8.08,73.30,44.22,59.64,8.13
37.57,40.02,20.16,22.59,8.07,73.30,44.31,59.64,8.13
37.58,40.02,20.16,22.59,8.08,73.30,44.31,59.64,8.13
37.59,40.02,20.16,22.59,8.07,73.30,44.31,59.64,8.13
37.60,40.02,20.16,22.59,8.07,73.52,44.41,59.64,8.14
37.61,40.02,20.16,22.63,8.07,73.30,44.31,59.64,8.13
37.62,39.94,20.14,22.59,8.07,73.30,44.31,59.64,8.13
37.63,40.02,20.19,22.59,8.07,73.30,44.41,59.64,8.13
37.64,39.94,20.14,22.59,8.08,73.30,44.22,59.64,8.13
37.65,40.02,20.16,22.59,8.07,73.30,44.31,59.64,8.13
37.66,40.02,20.16,22.59,8.08,73.30,44.31,59.64,8.13
37.67,40.02,20.19,22.59,8.08,73.30,44.31,59.64,8.13
37.68,40.02,20.16,22.59,8.07,73.30,44.31,59.64,8.13
37.69,40.02,20.16,22.59,8.07,73.30,44.31,59.64,8.13
37.70,40.02,20.16,22.59,8.08,73.52,44.31,59.49,8.13
37.71,40.02,20.16,22.59,8.07,73.30,44.31,59.64,8.13
37.72,40.02,20.16,22.59,8.07,73.30,44.31,59.80,8.13
37.73,40.02,20.16,22.63,8.07,73.30,44.31,59.49,8.13
37.74,40.02,20.16,22.59,8.07,73.30,44.31,59.64,8.14
37.75,40.02,20.16,22.59,8.08,73.30,44.31,59.80,8.13
37.76,40.02,20.16,22.63,8.07,73.30,44.31,59.64,8.13
37.77,40.02,20.16,22.63,8.07,73.30,44.31,59.64,8.13
37.78,40.02,20.16,22.59,8.07,73.30,44.31,59.64,8.14
37.79,40.02,20.16,22.59,8.07,73.30,44.31,59.64,8.13
37.80,40.02,20.19,22.59,8.08,73.30,44.22,59.64,8.13
37.81,40.02,20.19,22.63,8.07,73.30,44.31,59.64,8.13
37.82,40.02,20.16,22.59,8.08,73.30,44.31,59.64,8.13
37.83,39.94,20.16,22.63,8.07,73.30,44.31,59.64,8.13
37.84,40.02,20.16,22.59,8.08,73.30,44.22,59.64,8.13
37.85,40.02,20.16,22.59,8.07,73.30,44.31,59.64,8.13
37.86,40.02,20.14,22.63,8.07,73.30,44.31,59.64,8.13
37.87,40.02,20.16,22.59,8.07,73.30,44.31,59.64,8.12
37.88,40.02,20.14,22.59,8.08,73.30,44.31,59.64,8.14
37.89,40.02,20.16,22.59,8.07,73.30,44.31,59.80,8.13
37.90,40.02,20.16,22.59,8.08,73.30,44.31,59.64,8.14
37.91,40.02,20.19,22.63,8.07,73.30,44.31,59.64,8.13
37.92,40.02,20.14,22.63,8.08,73.30,44.31,59.64,8.12
37.93,40.02,20.16,22.59,8.07,73.30,44.31,59.64,8.13
37.94,40.02,20.16,22.59,8.07,73.30,44.31,59.64,8.14
37.95,40.02,20.16,22.59,8.07,73.30,44.31,59.64,8.14
37.96,40.02,20.16,22.63,8.08,73.30,44.31,59.64,8.12
37.97,40.02,20.16,22.59,8.07,73.30,44.22,59.80,8.14
37.98,40.02,20.16,22.59,8.07,73.30,44.31,59.64,8.13
37.99,40.02,20.16,22.59,8.07,73.30,44.31,59.64,8.13
38.00,40.02,20.16,22.59,8.09,73.30,44.31,59.64,8.12
38.01,40.02,20.16,22.59,8.07,73.30,44.31,59.64,8.12
38.02,40.02,20.16,22.63,8.08,73.30,44.31,59.80,8.13
38.03,40.02,20.16,22.63,8.07,73.30,44.31,59.64,8.13
38.04,40.02,20.16,22.63,8.08,73.30,44.31,59.64,8.13
38.05,39.94,20.16,22.59,8.07,73.30,44.31,59.80,8.13
38.06,40.02,20.14,22.59,8.08,73.30,44.31,59.64,8.12
38.07,40.02,20.16,22.59,8.08,73.30,44.31,59.80,8.14
38.08,40.02,20.14,22.63,8.08,73.30,44.31,59.64,8.14
38.09,40.02,20.16,22.59,8.07,73.30,44.31,59.64,8.13
38.10,40.02,20.16,22.63,8.07,73.30,44.31,59.64,8.13
38.11,39.94,20.16,22.59,8.08,73.30,44.31,59.80,8.13
38.12,40.02,20.19,22.59,8.07,73.52,44.31,59.80,8.13
38.13,40.02,20.16,22.63,8.07,73.52,44.31,59.64,8.12
38.14,40.02,20.19,22.59,8.08,73.30,44.31,59.64,8.13
38.15,40.02,20.16,22.59,8.07,73.30,44.31,59.64,8.12
38.16,39.94,20.16,22.59,8.07,73.52,44.22,59.64,8.14
38.17,40.02,20.16,22.59,8.07,73.52,44.31,59.64,8.13
38.18,40.02,20.16,22.63,8.07,73.30,44.31,59.64,8.13
38.19,40.02,20.16,22.59,8.08,73.30,44.31,59.64,8.14
38.20,40.02,20.19,22.63,8.07,73.52,44.41,59.64,8.13
38.21,40.02,20.16,22.59,8.08,73.30,44.31,59.80,8.13
38.22,40.02,20.14,22.63,8.07,73.52,44.22,59.64,8.13
38.23,40.02,20.16,22.63,8.07,73.30,44.31,59.64,8.14
38.24,40.02,20.14,22.59,8.08,73.30,44.31,59.64,8.12
38.25,40.02,20.16,22.59,8.07,73.30,44.31,59.80,8.13
38.26,40.02,20.14,22.59,8.07,73.30,44.41,59.64,8.14
38.27,40.02,20.19,22.63,8.07,73.30,44.31,59.80,8.14
38.28,40.02,20.19,22.59,8.08,73.30,44.31,59.64,8.14
38.29,40.02,20.14,22.59,8.07,73.30,44.31,59.64,8.13
38.30,40.02,20.16,22.59,8.07,73.30,44.31,59.64,8.13
38.31,40.02,20.16,22.59,8.07,73.30,44.31,59.49,8.12
38.32,40.02,20.16,22.63,8.08,73.30,44.31,59.64,8.13
38.33,39.94,20.16,22.59,8.07,73.52,44.31,59.64,8.14
38.34,40.02,20.16,22.63,8.08,73.30,44.31,59.64,8.12
38.35,40.02,20.16,22.63,8.07,73.30,44.31,59.64,8.13
38.36,40.02,20.16,22.59,8.08,73.30,44.31,59.64,8.13
38.37,40.02,20.16,22.59,8.08,73.30,44.41,59.80,8.13
38.38,40.02,20.14,22.59,8.07,73.30,44.31,59.49,8.14
38.39,40.02,20.16,22.66,8.07,73.30,44.41,59.64,8.13
38.40,40.02,20.16,22.59,8.08,73.30,44.31,59.64,8.13
38.41,39.94,20.16,22.63,8.08,73.30,44.22,59.64,8.13
38.42,40.02,20.16,22.63,8.07,73.52,44.31,59.64,8.12
38.43,40.02,20.16,22.59,8.07,73.30,44.31,59.64,8.14
38.44,40.02,20.16,22.63,8.09,73.30,44.31,59.64,8.12
38.45,40.02,20.16,22.63,8.08,73.30,44.31,59.64,8.12
38.46,40.02,20.19,22.63,8.07,73.30,44.31,59.64,8.13
38.47,40.02,20.16,22.63,8.08,73.30,44.31,59.64,8.13
38.48,39.94,20.16,22.59,8.08,73.30,44.31,59.80,8.13
38.49,39.94,20.19,22.63,8.07,73.30,44.31,59.80,8.13
38.50,40.10,20.16,22.59,8.07,73.30,44.31,59.64,8.13
38.51,39.94,20.19,22.59,8.07,73.30,44.31,59.64,8.14
38.52,40.02,20.16,22.63,8.09,73.30,44.31,59.64,8.12
38.53,40.02,20.16,22.63,8.08,73.52,44.31,59.49,8.13
38.54,40.02,20.16,22.59,8.07,73.30,44.31,59.49,8.13
38.55,40.02,20.16,22.63,8.08,73.30,44.31,59.64,8.14
38.56,40.02,20.16,22.59,8.07,73.30,44.31,59.64,8.14
38.58,40.02,20.19,22.63,8.08,73.08,44.31,59.64,8.12
38.59,40.02,20.19,22.59,8.07,73.30,44.31,59.64,8.13
38.60,39.94,20.14,22.63,8.08,73.52,44.31,59.80,8.13
38.61,40.02,20.14,22.59,8.08,73.30,44.31,59.64,8.14
38.62,40.02,20.19,22.63,8.07,73.30,44.22,59.64,8.13
38.63,40.02,20.16,22.59,8.08,73.30,44.41,59.64,8.13
38.64,40.02,20.19,22.59,8.08,73.52,44.31,59.33,8.13
38.65,40.02,20.19,22.59,8.08,73.30,44.31,59.64,8.13
38.66,40.02,20.16,22.63,8.07,73.30,44.31,59.80,8.14
38.67,40.02,20.16,22.63,8.09,73.30,44.31,59.64,8.14
38.68,39.94,20.16,22.59,8.08,73.30,44.31,59.64,8.14
38.69,40.02,20.16,22.59,8.08,73.08,44.31,59.64,8.13
38.70,40.02,20.16,22.59,8.08,73.30,44.31,59.64,8.13
38.71,40.02,20.16,22.63,8.07,73.52,44.31,59.64,8.13
38.72,40.02,20.16,22.63,8.07,73.52,44.31,59.80,8.13
38.73,40.02,20.19,22.59,8.08,73.30,44.41,59.64,8.13
38.74,40.02,20.16,22.59,8.08,73.30,44.31,59.64,8.13
38.75,40.02,20.16,22.59,8.07,73.30,44.31,59.80,8.13
38.76,40.02,20.16,22.59,8.07,73.52,44.31,59.64,8.13
38.77,40.02,20.19,22.59,8.07,73.52,44.31,59.64,8.14
38.78,40.02,20.16,22.63,8.08,73.30,44.31,59.64,8.12
38.79,40.02,20.19,22.59,8.07,73.30,44.31,59.64,8.14
38.80,40.02,20.19,22.63,8.09,73.30,44.31,59.64,8.13
38.81,40.02,20.16,22.63,8.07,73.30,44.22,59.64,8.13
38.82,40.02,20.16,22.59,8.08,73.30,44.31,59.64,8.13
38.83,40.02,20.16,22.66,8.07,73.30,44.41,59.64,8.13
38.84,40.02,20.19,22.59,8.07,73.30,44.31,59.64,8.13
38.85,40.02,20.19,22.59,8.07,73.30,44.31,59.80,8.14
38.86,40.02,20.16,22.59,8.08,73.30,44.31,59.64,8.13
38.87,39.94,20.16,22.63,8.07,73.30,44.41,59.64,8.13
38.88,40.02,20.16,22.59,8.07,73.30,44.31,59.64,8.13
38.89,40.02,20.16,22.63,8.08,73.30,44.41,59.64,8.13
38.90,40.02,20.16,22.63,8.08,73.30,44.31,59.64,8.13
38.91,40.02,20.19,22.59,8.07,73.30,44.31,59.64,8.13
38.92,39.94,20.16,22.63,8.07,73.30,44.31,59.80,8.13
38.93,40.02,20.19,22.59,8.09,73.08,44.31,59.80,8.15
38.94,40.02,20.19,22.63,8.08,73.30,44.41,59.80,8.13
38.95,40.02,20.19,22.59,8.08,73.30,44.31,59.80,8.13
38.96,40.02,20.19,22.59,8.07,73.30,44.31,59.64,8.13
38.97,40.02,20.16,22.63,8.07,73.30,44.31,59.64,8.13
38.98,40.02,20.16,22.63,8.09,73.30,44.31,59.64,8.13
38.99,40.02,20.16,22.63,8.09,73.30,44.31,59.64,8.13
39.00,40.02,20.14,22.63,8.07,73.30,44.31,59.64,8.13
39.01,40.02,20.16,22.63,8.08,73.30,44.31,59.64,8.13
39.02,39.94,20.16,22.59,8.07,73.30,44.31,59.64,8.13
39.03,40.02,20.19,22.59,8.07,73.30,44.31,59.64,8.13
39.04,40.02,20.16,22.59,8.08,73.30,44.31,59.64,8.13
39.05,40.02,20.19,22.59,8.07,73.30,44.31,59.64,8.13
39.06,40.02,20.16,22.63,8.08,73.30,44.31,59.64,8.13
39.07,40.02,20.19,22.63,8.08,73.30,44.31,59.80,8.13
39.08,40.02,20.16,22.63,8.08,73.30,44.31,59.80,8.13
39.09,39.94,20.16,22.63,8.08,73.30,44.31,59.64,8.13
39.10,40.02,20.16,22.63,8.07,73.30,44.31,59.80,8.14
39.11,40.02,20.19,22.63,8.07,73.30,44.31,59.64,8.12
39.12,39.94,20.16,22.63,8.07,73.30,44.31,59.64,8.14
39.13,40.02,20.16,22.59,8.08,73.52,44.31,59.64,8.13
39.14,40.02,20.16,22.63,8.08,73.30,44.41,59.80,8.13
39.15,40.02,20.16,22.63,8.08,73.30,44.31,59.80,8.13
39.16,40.02,20.16,22.63,8.08,73.30,44.31,59.64,8.13
39.17,40.02,20.16,22.63,8.08,73.30,44.31,59.64,8.13
39.18,40.02,20.14,22.59,8.08,73.30,44.31,59.64,8.14
39.19,40.02,20.16,22.63,8.08,73.30,44.31,59.33,8.13
39.20,40.02,20.16,22.63,8.08,73.52,44.31,59.64,8.13
39.21,40.02,20.16,22.59,8.07,73.30,44.31,59.64,8.13
39.22,40.02,20.16,22.63,8.09,73.30,44.31,59.64,8.13
39.23,40.02,20.19,22.59,8.08,73.30,44.31,59.64,8.13
39.24,40.02,20.16,22.63,8.07,73.52,44.31,59.64,8.13
39.25,40.02,20.16,22.63,8.08,73.30,44.31,59.80,8.13
39.26,40.02,20.19,22.59,8.07,73.52,44.31,59.64,8.13
39.27,39.94,20.16,22.63,8.08,73.30,44.31,59.64,8.13
39.28,40.02,20.16,22.63,8.08,73.30,44.31,59.64,8.13
39.29,40.02,20.16,22.59,8.07,73.30,44.31,59.64,8.14
39.30,40.02,20.16,22.63,8.07,73.30,44.31,59.64,8.13
39.31,40.02,20.16,22.59,8.08,73.30,44.31,59.80,8.13
39.32,40.02,20.19,22.63,8.08,73.30,44.31,59.64,8.13
39.33,40.02,20.16,22.63,8.07,73.30,44.41,59.64,8.14
39.34,40.02,20.19,22.63,8.08,73.30,44.31,59.80,8.12
39.35,39.94,20.16,22.63,8.08,73.30,44.41,59.64,8.12
39.36,40.02,20.19,22.63,8.08,73.30,44.31,59.64,8.13
39.37,40.02,20.19,22.63,8.08,73.30,44.41,59.64,8.13
39.38,40.02,20.16,22.59,8.08,73.30,44.41,59.64,8.13
39.39,40.02,20.16,22.63,8.08,73.30,44.41,59.80,8.13
39.40,40.02,20.16,22.63,8.08,73.30,44.41,59.64,8.14
39.41,40.02,20.19,22.59,8.08,73.30,44.31,59.64,8.13
39.42,40.02,20.16,22.63,8.09,73.30,44.41,59.80,8.14
39.43,40.02,20.16,22.59,8.08,73.30,44.31,59.64,8.13
39.44,40.02,20.16,22.59,8.08,73.30,44.22,59.64,8.13
39.45,40.02,20.16,22.63,8.09,73.30,44.41,59.64,8.13
39.46,40.02,20.16,22.63,8.08,73.30,44.41,59.80,8.14
39.47,40.02,20.16,22.59,8.09,73.30,44.41,59.64,8.13
39.48,40.02,20.19,22.59,8.07,73.30,44.31,59.80,8.13
39.49,40.02,20.19,22.59,8.08,73.30,44.31,59.64,8.13
39.50,40.02,20.19,22.59,8.09,73.30,44.31,59.64,8.13
39.51,40.02,20.16,22.63,8.08,73.30,44.31,59.80,8.13
39.52,40.02,20.16,22.59,8.07,73.30,44.31,59.64,8.14
39.53,40.02,20.16,22.59,8.08,73.30,44.31,59.80,8.14
39.54,40.02,20.19,22.63,8.07,73.52,44.31,59.80,8.14
39.55,40.02,20.16,22.63,8.07,73.30,44.31,59.64,8.13
39.56,40.02,20.16,22.63,8.07,73.30,44.31,59.64,8.13
39.57,40.02,20.19,22.63,8.08,73.30,44.22,59.64,8.13
39.58,40.02,20.19,22.63,8.08,73.30,44.41,59.64,8.13
39.59,40.02,20.19,22.59,8.07,73.30,44.41,59.80,8.13
39.60,40.02,20.16,22.59,8.08,73.30,44.41,59.64,8.13
39.61,40.02,20.19,22.63,8.08,73.30,44.31,59.80,8.13
39.62,40.02,20.19,22.63,8.08,73.30,44.31,59.64,8.13
39.63,40.02,20.16,22.63,8.07,73.30,44.31,59.80,8.13
39.64,40.02,20.19,22.63,8.07,73.30,44.41,59.80,8.13
39.65,40.02,20.16,22.63,8.08,73.30,44.31,59.80,8.13
39.66,40.02,20.16,22.59,8.08,73.30,44.41,59.64,8.13
39.67,39.94,20.16,22.63,8.08,73.30,44.31,59.80,8.13
39.68,40.02,20.16,22.63,8.08,73.30,44.31,59.64,8.13
39.69,40.10,20.19,22.63,8.07,73.30,44.31,59.64,8.13
39.70,40.02,20.16,22.59,8.07,73.30,44.31,59.64,8.13
39.71,40.02,20.16,22.63,8.08,73.30,44.31,59.80,8.14
39.72,40.02,20.16,22.59,8.08,73.30,44.31,59.64,8.12
39.73,40.02,20.16,22.66,8.08,73.30,44.31,59.64,8.14
39.74,40.02,20.19,22.63,8.08,73.30,44.41,59.64,8.13
39.75,40.02,20.16,22.63,8.07,73.30,44.41,59.80,8.14
39.76,40.02,20.19,22.63,8.08,73.30,44.31,59.64,8.13
39.77,40.02,20.19,22.63,8.09,73.30,44.41,59.80,8.13
39.78,40.02,20.16,22.63,8.08,73.30,44.31,59.80,8.14
39.79,40.02,20.19,22.63,8.08,73.30,44.41,59.64,8.14
39.80,40.02,20.19,22.63,8.07,73.30,44.41,59.80,8.14
39.81,40.02,20.19,22.63,8.08,73.30,44.41,59.64,8.13
39.82,40.02,20.19,22.63,8.08,73.30,44.31,59.80,8.13
39.83,39.94,20.16,22.63,8.07,73.30,44.31,59.95,8.13
39.84,40.02,20.19,22.63,8.08,73.30,44.41,59.80,8.13
39.85,40.02,20.19,22.63,8.08,73.30,44.31,59.64,8.14
39.86,40.02,20.16,22.63,8.07,73.30,44.41,59.80,8.13
39.87,40.02,20.19,22.63,8.08,73.30,44.31,59.64,8.13
39.88,40.02,20.19,22.59,8.08,73.30,44.31,59.80,8.13
39.89,39.94,20.16,22.63,8.08,73.30,44.31,59.64,8.14
39.90,40.02,20.16,22.63,8.08,73.30,44.31,59.64,8.13
39.91,40.02,20.19,22.63,8.09,73.30,44.41,59.80,8.13
39.92,40.02,20.19,22.63,8.08,73.30,44.31,59.64,8.14
39.93,40.02,20.19,22.63,8.08,73.30,44.31,59.64,8.13
39.94,40.02,20.19,22.63,8.08,73.30,44.31,59.80,8.13
39.95,40.02,20.19,22.59,8.09,73.30,44.31,59.64,8.13
39.96,40.02,20.16,22.63,8.08,73.30,44.41,59.64,8.14
39.97,40.02,20.19,22.59,8.08,73.30,44.41,59.64,8.14
39.98,40.02,20.19,22.63,8.07,73.30,44.31,59.80,8.13
39.99,40.02,20.19,22.63,8.08,73.08,44.31,59.64,8.14
40.00,40.02,20.19,22.59,8.08,73.30,44.31,59.80,8.13
40.01,40.02,20.16,22.63,8.08,73.30,44.31,59.80,8.13
40.02,40.02,20.19,22.59,8.08,73.30,44.41,59.80,8.13
40.03,40.02,20.16,22.59,8.08,73.30,44.31,59.64,8.14
40.04,40.02,20.19,22.59,8.08,73.30,44.41,59.80,8.13
40.05,40.02,20.22,22.63,8.08,73.30,44.41,59.64,8.13
40.06,40.02,20.19,22.63,8.09,73.52,44.31,59.64,8.14
40.07,40.02,20.19,22.59,8.08,73.52,44.31,59.64,8.13
40.08,40.02,20.16,22.63,8.08,73.52,44.41,59.80,8.13
40.09,40.02,20.16,22.66,8.08,73.52,44.31,59.64,8.13
40.10,40.02,20.19,22.59,8.08,73.30,44.31,59.64,8.13
40.11,40.02,20.19,22.63,8.08,73.30,44.31,59.64,8.13
40.12,40.02,20.19,22.66,8.08,73.30,44.31,59.64,8.14
40.13,40.02,20.19,22.63,8.08,73.52,44.41,59.80,8.14
40.14,40.02,20.19,22.63,8.08,73.30,44.41,59.80,8.13
40.15,40.02,20.16,22.63,8.08,73.30,44.41,59.80,8.13
40.16,40.02,20.19,22.59,8.08,73.52,44.31,59.80,8.14
40.17,40.02,20.16,22.66,8.08,73.52,44.41,59.64,8.14
40.18,40.02,20.19,22.63,8.08,73.30,44.41,59.64,8.15
40.19,40.02,20.22,22.63,8.08,73.30,44.41,59.64,8.13
40.20,40.02,20.16,22.59,8.08,73.30,44.41,59.80,8.13
40.21,40.02,20.16,22.63,8.08,73.52,44.31,59.64,8.14
40.22,40.02,20.19,22.63,8.08,73.30,44.31,59.64,8.13
40.23,40.02,20.19,22.63,8.09,73.30,44.31,59.64,8.13
40.24,40.02,20.19,22.63,8.09,73.30,44.31,59.64,8.13
40.25,40.02,20.19,22.63,8.08,73.52,44.41,59.64,8.14
40.26,40.02,20.19,22.63,8.07,73.30,44.41,59.80,8.13
40.27,40.02,20.19,22.63,8.08,73.30,44.31,59.64,8.14
40.28,39.94,20.16,22.63,8.08,73.30,44.41,59.64,8.14
40.29,40.02,20.16,22.63,8.07,73.30,44.41,59.64,8.13
40.30,40.02,20.22,22.66,8.08,73.30,44.31,59.64,8.14
40.31,40.02,20.19,22.59,8.08,73.52,44.31,59.80,8.13
40.32,40.02,20.16,22.66,8.09,73.30,44.31,59.64,8.13
40.33,40.02,20.19,22.63,8.08,73.52,44.41,59.64,8.13
40.34,40.02,20.19,22.66,8.08,73.30,44.31,59.64,8.13
40.35,40.02,20.19,22.66,8.08,73.30,44.31,59.64,8.14
40.36,39.94,20.19,22.59,8.08,73.52,44.41,59.80,8.14
40.37,40.02,20.19,22.63,8.08,73.30,44.31,59.80,8.14
40.38,40.02,20.16,22.66,8.08,73.30,44.31,59.64,8.13
40.39,40.02,20.16,22.63,8.07,73.30,44.41,59.64,8.13
40.40,40.02,20.19,22.66,8.08,73.30,44.41,59.64,8.13
40.41,40.02,20.22,22.63,8.08,73.30,44.41,59.64,8.13
40.42,40.02,20.16,22.63,8.09,73.30,44.31,59.80,8.13
40.43,40.02,20.19,22.63,8.08,73.30,44.41,59.80,8.13
40.44,40.02,20.19,22.66,8.08,73.30,44.31,59.80,8.13
40.45,40.02,20.22,22.63,8.08,73.52,44.41,59.64,8.14
40.46,40.02,20.19,22.63,8.08,73.30,44.41,59.80,8.14
40.47,40.02,20.19,22.63,8.09,73.30,44.31,59.80,8.13
40.48,40.02,20.22,22.63,8.07,73.30,44.41,59.80,8.15
40.49,40.02,20.19,22.66,8.09,73.30,44.41,59.80,8.13
40.50,40.02,20.19,22.66,8.08,73.30,44.31,59.80,8.14
40.51,40.02,20.19,22.59,8.08,73.30,44.31,59.80,8.13
40.52,40.02,20.16,22.63,8.08,73.30,44.31,59.64,8.13
40.53,40.02,20.19,22.63,8.09,73.52,44.41,59.64,8.14
40.54,40.02,20.19,22.63,8.08,73.30,44.31,59.64,8.14
40.55,40.02,20.22,22.63,8.08,73.30,44.31,59.80,8.13
40.56,40.02,20.16,22.66,8.08,73.30,44.31,59.64,8.14
40.57,39.94,20.16,22.63,8.09,73.52,44.50,59.64,8.13
40.58,40.02,20.19,22.63,8.09,73.30,44.41,59.64,8.13
40.59,40.02,20.19,22.63,8.08,73.30,44.31,59.64,8.14
40.60,40.02,20.22,22.66,8.08,73.30,44.41,59.80,8.13
40.61,40.02,20.16,22.59,8.08,73.30,44.31,59.64,8.14
40.62,40.02,20.19,22.63,8.10,73.30,44.41,59.80,8.14
40.63,40.02,20.19,22.63,8.08,73.30,44.41,59.64,8.13
40.64,40.02,20.22,22.59,8.08,73.52,44.31,59.80,8.13
40.65,40.02,20.16,22.63,8.08,73.30,44.31,59.64,8.14
40.66,40.02,20.22,22.63,8.08,73.30,44.31,59.80,8.14
40.67,40.02,20.22,22.63,8.07,73.30,44.41,59.64,8.15
40.68,40.02,20.19,22.66,8.08,73.30,44.41,59.64,8.13
40.69,40.02,20.19,22.63,8.08,73.30,44.41,59.64,8.15
40.70,40.02,20.19,22.63,8.08,73.30,44.31,59.64,8.13
40.71,40.02,20.16,22.66,8.08,73.30,44.31,59.80,8.14
40.72,40.02,20.19,22.63,8.08,73.30,44.31,59.80,8.13
40.73,40.02,20.22,22.63,8.08,73.30,44.41,59.80,8.13
40.74,40.02,20.19,22.63,8.07,73.30,44.41,59.64,8.14
40.75,40.02,20.19,22.63,8.08,73.30,44.31,59.80,8.14
40.76,40.02,20.16,22.66,8.08,73.30,44.41,59.80,8.13
40.77,40.02,20.22,22.66,8.08,73.30,44.60,59.64,8.14
40.78,40.02,20.19,22.63,8.07,73.30,44.31,59.80,8.13
40.79,40.02,20.22,22.63,8.08,73.30,44.41,59.64,8.14
40.80,39.94,20.19,22.63,8.08,73.30,44.41,59.80,8.12
40.81,40.02,20.19,22.63,8.08,73.52,44.31,59.80,8.14
40.82,40.02,20.19,22.63,8.07,73.30,44.31,59.80,8.15
40.83,40.02,20.19,22.59,8.08,73.30,44.31,59.64,8.14
40.84,40.02,20.19,22.63,8.09,73.52,44.50,59.64,8.13
40.85,40.02,20.19,22.66,8.08,73.30,44.41,59.80,8.15
40.86,40.02,20.19,22.66,8.08,73.30,44.31,59.80,8.14
40.87,40.02,20.19,22.63,8.08,73.52,44.41,59.64,8.14
40.88,40.02,20.19,22.63,8.08,73.30,44.41,59.64,8.14
40.89,40.10,20.22,22.66,8.08,73.30,44.41,59.80,8.13
40.90,39.94,20.19,22.59,8.08,73.30,44.31,59.64,8.14
40.91,40.02,20.19,22.63,8.08,73.52,44.31,59.64,8.13
40.92,40.02,20.19,22.63,8.08,73.52,44.41,59.80,8.15
40.93,40.02,20.19,22.63,8.08,73.52,44.31,59.64,8.13
40.94,40.02,20.19,22.63,8.08,73.30,44.41,59.80,8.14
40.95,40.02,20.19,22.66,8.08,73.52,44.41,59.64,8.14
40.96,40.02,20.22,22.63,8.08,73.30,44.31,59.64,8.14
40.97,40.02,20.19,22.63,8.08,73.75,44.50,59.64,8.14
40.98,40.02,20.19,22.63,8.09,73.08,44.31,59.80,8.14
40.99,40.02,20.19,22.63,8.08,73.30,44.31,59.80,8.13
41.00,40.02,20.16,22.63,8.08,73.30,44.31,59.64,8.13
41.01,40.02,20.19,22.66,8.08,73.30,44.41,59.80,8.13
41.02,40.02,20.19,22.63,8.09,73.52,44.31,59.64,8.13
41.03,40.02,20.22,22.66,8.08,73.30,44.41,59.80,8.13
41.04,40.02,20.19,22.63,8.07,73.30,44.41,59.64,8.14
41.05,40.02,20.19,22.59,8.09,73.52,44.31,59.80,8.13
41.06,40.02,20.19,22.63,8.08,73.52,44.31,59.80,8.13
41.07,39.94,20.19,22.63,8.08,73.52,44.31,59.80,8.14
41.08,40.02,20.22,22.63,8.09,73.30,44.31,59.80,8.14
41.09,40.02,20.19,22.63,8.08,73.30,44.41,59.80,8.13
41.10,40.02,20.22,22.63,8.08,73.30,44.50,59.80,8.13
41.11,40.02,20.19,22.63,8.08,73.30,44.41,59.64,8.13
41.12,39.94,20.19,22.66,8.08,73.30,44.41,59.64,8.13
41.13,40.02,20.19,22.66,8.09,73.30,44.41,59.80,8.14
41.14,40.02,20.22,22.66,8.09,73.30,44.41,59.80,8.13
41.15,40.02,20.19,22.63,8.08,73.52,44.41,59.80,8.14
41.16,40.02,20.19,22.63,8.08,73.52,44.41,59.80,8.13
41.17,40.02,20.19,22.66,8.08,73.30,44.31,59.80,8.14
41.18,40.02,20.22,22.59,8.08,73.30,44.41,59.64,8.13
41.19,40.02,20.19,22.63,8.09,73.30,44.31,59.64,8.14
41.20,40.02,20.22,22.66,8.08,73.30,44.41,59.80,8.13
41.21,40.02,20.19,22.63,8.08,73.30,44.41,59.64,8.14
41.22,40.02,20.19,22.63,8.08,73.30,44.41,59.80,8.14
41.23,40.02,20.19,22.63,8.08,73.52,44.31,59.64,8.14
41.24,40.02,20.19,22.66,8.08,73.30,44.41,59.80,8.14
41.25,40.02,20.19,22.63,8.08,73.52,44.31,59.64,8.13
41.26,40.02,20.19,22.63,8.08,73.30,44.41,59.64,8.14
41.27,40.02,20.19,22.63,8.08,73.30,44.31,59.80,8.14
41.28,40.10,20.16,22.63,8.07,73.30,44.31,59.80,8.14
41.29,40.02,20.19,22.63,8.08,73.30,44.41,59.80,8.13
41.30,40.02,20.22,22.63,8.09,73.52,44.31,59.80,8.13
41.31,40.02,20.19,22.63,8.08,73.30,44.41,59.64,8.14
41.32,40.02,20.22,22.63,8.08,73.30,44.50,59.64,8.13
41.33,40.02,20.19,22.66,8.08,73.30,44.31,59.64,8.14
41.34,40.02,20.19,22.70,8.09,73.52,44.31,59.80,8.13
41.35,40.02,20.19,22.66,8.08,73.30,44.31,59.64,8.13
41.36,40.02,20.19,22.63,8.08,73.30,44.41,59.80,8.13
41.37,40.02,20.19,22.63,8.10,73.30,44.31,59.64,8.14
41.38,40.02,20.19,22.63,8.08,73.30,44.31,59.80,8.15
41.39,40.02,20.19,22.63,8.08,73.52,44.41,59.33,8.13
41.40,40.02,20.19,22.63,8.08,73.52,44.41,59.80,8.15
41.41,40.02,20.22,22.63,8.09,73.52,44.41,59.64,8.15
41.42,40.02,20.16,22.66,8.08,73.30,44.41,59.80,8.13
41.43,40.02,20.19,22.63,8.08,73.30,44.31,59.80,8.13
41.44,40.02,20.19,22.63,8.08,73.30,44.41,59.64,8.13
41.45,40.02,20.16,22.63,8.08,73.30,44.31,59.64,8.13
41.46,40.02,20.19,22.63,8.08,73.30,44.41,59.80,8.13
41.47,40.02,20.22,22.66,8.08,73.52,44.50,59.80,8.14
41.48,40.02,20.19,22.63,8.09,73.52,44.31,59.64,8.13
41.49,40.02,20.19,22.66,8.10,73.52,44.41,59.80,8.14
41.50,40.02,20.19,22.63,8.08,73.52,44.50,59.64,8.14
41.51,40.02,20.19,22.66,8.08,73.30,44.41,59.64,8.13
41.52,40.02,20.19,22.63,8.08,73.30,44.50,59.64,8.13
41.53,40.02,20.19,22.63,8.08,73.30,44.41,59.64,8.14
41.54,40.02,20.19,22.63,8.08,73.30,44.41,59.64,8.13
41.55,40.02,20.19,22.66,8.08,73.30,44.41,59.64,8.13
41.56,40.02,20.22,22.63,8.08,73.30,44.41,59.64,8.13
41.57,40.02,20.16,22.66,8.09,73.30,44.41,59.80,8.14
41.58,40.02,20.22,22.63,8.08,73.30,44.41,59.80,8.13
41.59,40.02,20.22,22.63,8.09,73.52,44.31,59.80,8.13
41.60,40.02,20.19,22.66,8.08,73.30,44.41,59.64,8.13
41.61,40.02,20.19,22.63,8.08,73.30,44.41,59.80,8.13
41.62,40.02,20.19,22.63,8.08,73.30,44.31,59.80,8.14
41.63,40.02,20.22,22.63,8.08,73.30,44.41,59.80,8.13
41.64,40.02,20.19,22.66,8.08,73.52,44.50,59.80,8.14
41.65,40.02,20.19,22.63,8.09,73.30,44.50,59.80,8.15
41.66,40.02,20.19,22.66,8.09,73.30,44.41,59.80,8.13
41.67,39.94,20.19,22.66,8.08,73.30,44.50,59.64,8.13
41.68,40.10,20.19,22.66,8.07,73.52,44.31,59.64,8.13
41.69,40.02,20.19,22.63,8.08,73.52,44.31,59.80,8.13
41.70,40.02,20.19,22.66,8.08,73.30,44.41,59.80,8.13
41.71,40.02,20.22,22.66,8.08,73.52,44.41,59.80,8.13
41.72,40.10,20.22,22.63,8.08,73.52,44.41,59.64,8.13
41.73,40.02,20.22,22.63,8.08,73.30,44.41,59.64,8.13
41.74,40.02,20.19,22.63,8.08,73.30,44.41,59.80,8.14
41.75,40.02,20.19,22.66,8.08,73.52,44.41,59.80,8.15
41.76,40.02,20.19,22.63,8.09,73.30,44.31,59.80,8.13
41.77,40.02,20.19,22.63,8.08,73.30,44.31,59.80,8.13
41.78,40.02,20.19,22.63,8.09,73.30,44.41,59.80,8.14
41.79,40.02,20.22,22.66,8.08,73.52,44.41,59.80,8.14
41.80,40.02,20.16,22.66,8.08,73.52,44.41,59.64,8.13
41.81,40.02,20.22,22.63,8.08,73.30,44.41,59.80,8.13
41.82,40.02,20.19,22.66,8.09,73.30,44.41,59.80,8.14
41.83,40.02,20.19,22.66,8.08,73.30,44.41,59.64,8.13
41.84,40.02,20.19,22.66,8.08,73.30,44.41,59.64,8.13
41.85,40.02,20.19,22.63,8.09,73.52,44.41,59.64,8.13
41.86,40.02,20.19,22.63,8.08,73.52,44.41,59.80,8.14
41.87,40.02,20.19,22.63,8.08,73.30,44.41,59.80,8.13
41.88,39.94,20.19,22.63,8.08,73.52,44.50,59.80,8.14
41.89,40.02,20.19,22.63,8.08,73.30,44.41,59.80,8.14
41.90,40.02,20.19,22.63,8.08,73.30,44.41,59.80,8.14
41.91,40.02,20.19,22.66,8.08,73.30,44.41,59.64,8.15
41.92,40.02,20.22,22.66,8.09,73.30,44.31,59.64,8.14
41.93,40.02,20.19,22.66,8.08,73.52,44.41,59.64,8.14
41.94,40.02,20.22,22.66,8.10,73.30,44.50,59.64,8.15
41.95,40.02,20.19,22.63,8.09,73.52,44.31,59.64,8.13
41.96,40.02,20.19,22.66,8.09,73.52,44.41,59.80,8.13
41.97,40.02,20.19,22.63,8.09,73.52,44.41,59.80,8.14
41.98,40.02,20.19,22.66,8.08,73.52,44.31,59.80,8.14
41.99,40.02,20.22,22.66,8.08,73.30,44.41,59.80,8.14
42.00,40.02,20.19,22.63,8.10,73.30,44.41,59.80,8.13
42.01,40.02,20.19,22.66,8.08,73.30,44.41,59.80,8.14
42.02,40.10,20.22,22.63,8.08,73.30,44.41,59.80,8.15
42.03,40.10,20.19,22.63,8.08,73.30,44.31,59.80,8.13
42.04,40.02,20.22,22.63,8.09,73.30,44.50,59.80,8.13
42.05,40.02,20.19,22.63,8.08,73.52,44.31,59.80,8.15
42.06,40.02,20.22,22.66,8.09,73.52,44.41,59.80,8.14
42.07,40.10,20.22,22.63,8.08,73.30,44.50,59.80,8.14
42.08,40.02,20.22,22.63,8.08,73.30,44.41,59.80,8.14
42.09,40.02,20.19,22.66,8.10,73.52,44.41,59.80,8.13
42.10,40.02,20.22,22.66,8.08,73.30,44.41,59.80,8.13
42.11,40.02,20.22,22.63,8.09,73.52,44.41,59.64,8.14
42.12,40.02,20.19,22.66,8.10,73.52,44.41,59.64,8.14
42.13,40.02,20.19,22.63,8.10,73.30,44.31,59.64,8.15
42.14,40.02,20.19,22.63,8.08,73.30,44.31,59.80,8.13
42.15,40.02,20.19,22.63,8.08,73.52,44.41,59.64,8.14
42.16,40.10,20.22,22.63,8.08,73.52,44.41,59.80,8.14
42.17,40.02,20.19,22.63,8.08,73.52,44.41,59.49,8.13
42.18,40.10,20.22,22.63,8.09,73.30,44.31,59.80,8.13
42.19,40.02,20.19,22.66,8.09,73.52,44.41,59.80,8.14
42.20,40.02,20.22,22.63,8.10,73.52,44.41,59.80,8.14
42.21,40.02,20.22,22.66,8.08,73.52,44.41,59.80,8.14
42.22,40.02,20.22,22.66,8.08,73.52,44.41,59.80,8.14
42.23,40.02,20.22,22.63,8.08,73.30,44.41,59.64,8.15
42.24,40.02,20.22,22.66,8.09,73.30,44.41,59.80,8.13
42.25,40.02,20.22,22.63,8.09,73.52,44.41,59.80,8.13
42.26,40.02,20.19,22.66,8.08,73.30,44.50,59.80,8.14
42.27,40.02,20.22,22.63,8.09,73.30,44.41,59.64,8.14
42.28,40.10,20.19,22.63,8.08,73.30,44.41,59.80,8.14
42.29,40.02,20.19,22.66,8.09,73.30,44.50,59.80,8.14
42.30,40.10,20.22,22.63,8.09,73.30,44.41,59.64,8.14
42.31,40.02,20.19,22.66,8.09,73.52,44.41,59.80,8.14
42.32,40.02,20.22,22.66,8.10,73.30,44.41,59.80,8.14
42.33,40.02,20.22,22.66,8.08,73.52,44.31,59.80,8.14
42.34,40.10,20.22,22.66,8.08,73.52,44.50,59.80,8.13
42.35,40.02,20.19,22.66,8.08,73.30,44.31,59.80,8.14
42.36,40.02,20.19,22.66,8.08,73.30,44.31,59.80,8.14
42.37,40.02,20.22,22.63,8.08,73.30,44.41,59.80,8.14
42.38,40.02,20.22,22.66,8.09,73.30,44.41,59.80,8.13
42.39,40.02,20.19,22.66,8.08,73.30,44.41,59.80,8.14
42.40,40.02,20.19,22.66,8.10,73.52,44.41,59.80,8.14
42.41,40.02,20.22,22.66,8.08,73.30,44.50,59.64,8.13
42.42,40.02,20.19,22.66,8.09,73.30,44.41,59.80,8.13
42.43,40.02,20.19,22.66,8.08,73.30,44.41,59.64,8.13
42.44,40.02,20.22,22.66,8.08,73.30,44.41,59.80,8.14
42.45,40.02,20.22,22.66,8.08,73.30,44.50,59.80,8.13
42.46,40.02,20.19,22.66,8.08,73.52,44.41,59.80,8.13
42.47,40.02,20.19,22.66,8.10,73.30,44.50,59.80,8.13
42.48,40.02,20.19,22.66,8.09,73.30,44.31,59.64,8.14
42.49,40.02,20.19,22.66,8.09,73.52,44.41,59.80,8.14
42.50,40.02,20.19,22.66,8.08,73.52,44.31,59.80,8.13
42.51,40.02,20.16,22.66,8.08,73.30,44.41,59.80,8.13
42.52,40.02,20.22,22.63,8.08,73.52,44.50,59.80,8.14
42.53,40.02,20.19,22.66,8.08,73.30,44.31,59.80,8.14
42.54,40.02,20.19,22.66,8.08,73.52,44.41,59.80,8.14
42.55,40.02,20.22,22.63,8.09,73.30,44.41,59.64,8.13
42.56,40.10,20.19,22.63,8.08,73.30,44.41,59.80,8.14
42.57,40.10,20.19,22.66,8.08,73.52,44.50,59.64,8.13
42.58,40.10,20.19,22.66,8.08,73.52,44.50,59.80,8.13
42.59,40.02,20.22,22.66,8.09,73.52,44.41,59.64,8.14
42.60,40.02,20.22,22.66,8.08,73.30,44.41,59.64,8.14
42.61,40.02,20.22,22.63,8.08,73.30,44.41,59.80,8.15
42.62,40.02,20.19,22.63,8.09,73.30,44.41,59.95,8.14
42.63,40.02,20.19,22.66,8.09,73.52,44.31,59.80,8.13
42.64,40.02,20.19,22.66,8.08,73.52,44.41,59.80,8.14
42.65,40.02,20.22,22.63,8.08,73.30,44.41,59.80,8.15
42.66,40.02,20.19,22.63,8.08,73.52,44.31,59.80,8.15
42.67,40.02,20.22,22.66,8.09,73.52,44.50,59.80,8.15
42.68,40.02,20.22,22.66,8.08,73.52,44.41,59.64,8.14
42.69,40.10,20.22,22.66,8.09,73.52,44.41,59.80,8.13
42.70,40.02,20.22,22.63,8.08,73.52,44.31,59.80,8.15
42.71,40.10,20.22,22.66,8.08,73.52,44.50,59.80,8.15
42.72,40.02,20.19,22.63,8.08,73.30,44.50,59.80,8.15
42.73,40.02,20.22,22.66,8.08,73.52,44.41,59.64,8.14
42.74,40.02,20.19,22.66,8.08,73.52,44.31,59.80,8.14
42.75,40.02,20.19,22.66,8.08,73.52,44.41,59.80,8.13
42.76,40.02,20.22,22.63,8.08,73.52,44.41,59.80,8.14
42.77,40.02,20.19,22.63,8.08,73.52,44.41,59.80,8.13
42.78,40.10,20.22,22.66,8.08,73.52,44.41,59.80,8.13
42.79,40.02,20.19,22.66,8.09,73.30,44.41,59.80,8.14
42.80,40.02,20.19,22.66,8.08,73.52,44.41,59.80,8.14
42.81,40.02,20.19,22.66,8.09,73.52,44.41,59.64,8.14
42.82,40.02,20.19,22.66,8.08,73.52,44.41,59.80,8.14
42.83,40.02,20.22,22.63,8.09,73.30,44.31,59.64,8.14
42.84,40.02,20.22,22.66,8.09,73.52,44.41,59.80,8.14
42.85,40.02,20.19,22.66,8.08,73.52,44.41,59.64,8.13
42.86,40.02,20.19,22.66,8.08,73.30,44.41,59.80,8.14
42.87,40.02,20.19,22.63,8.08,73.30,44.41,59.80,8.15
42.88,40.02,20.19,22.63,8.10,73.52,44.41,59.64,8.14
42.89,40.02,20.19,22.66,8.10,73.52,44.31,59.64,8.14
42.90,40.02,20.22,22.66,8.08,73.30,44.41,59.64,8.15
42.91,40.02,20.19,22.66,8.09,73.30,44.41,59.64,8.15
42.92,40.02,20.19,22.66,8.08,73.52,44.50,59.64,8.14
42.93,40.02,20.22,22.66,8.08,73.30,44.41,59.80,8.13
42.94,40.02,20.19,22.66,8.08,73.30,44.41,59.80,8.13
42.95,40.02,20.19,22.66,8.08,73.52,44.41,59.80,8.14
42.96,40.02,20.22,22.66,8.08,73.52,44.41,59.80,8.14
42.97,40.02,20.19,22.63,8.09,73.30,44.31,59.64,8.14
42.98,40.02,20.19,22.63,8.08,73.52,44.41,59.80,8.14
42.99,40.02,20.19,22.63,8.08,73.30,44.31,59.64,8.15
43.00,40.02,20.19,22.63,8.09,73.52,44.41,59.64,8.14
43.01,40.02,20.19,22.63,8.08,73.30,44.31,59.80,8.14
43.02,40.02,20.22,22.66,8.09,73.30,44.41,59.80,8.13
43.03,40.02,20.19,22.66,8.08,73.52,44.41,59.80,8.14
43.04,40.02,20.22,22.66,8.09,73.08,44.50,59.64,8.13
43.05,40.02,20.19,22.63,8.10,73.30,44.31,59.80,8.14
43.06,40.02,20.19,22.63,8.10,73.30,44.41,59.80,8.14
43.07,40.10,20.19,22.63,8.08,73.30,44.41,59.64,8.14
43.08,40.02,20.19,22.63,8.08,73.52,44.50,59.80,8.14
43.09,40.02,20.19,22.66,8.09,73.30,44.41,59.64,8.12
43.10,40.02,20.19,22.66,8.09,73.30,44.41,59.80,8.14
43.11,40.02,20.19,22.66,8.08,73.30,44.41,59.64,8.14
43.12,40.10,20.22,22.63,8.09,73.30,44.41,59.64,8.13
43.13,40.02,20.19,22.63,8.08,73.30,44.41,59.80,8.13
43.14,40.02,20.19,22.66,8.08,73.52,44.41,59.80,8.13
43.15,40.02,20.16,22.66,8.09,73.52,44.31,59.80,8.14
43.16,40.02,20.22,22.66,8.08,73.52,44.50,59.80,8.13
43.17,40.02,20.22,22.63,8.10,73.30,44.50,59.80,8.15
43.18,40.02,20.19,22.66,8.08,73.52,44.41,59.80,8.14
43.19,40.02,20.19,22.63,8.08,73.30,44.41,59.49,8.13
43.20,40.02,20.19,22.63,8.08,73.30,44.41,59.80,8.14
43.21,40.10,20.19,22.66,8.08,73.30,44.41,59.80,8.15
43.22,40.10,20.22,22.63,8.09,73.30,44.41,59.80,8.14
43.23,39.94,20.16,22.66,8.08,73.52,44.22,59.80,8.15
43.24,40.10,20.22,22.63,8.08,73.52,44.41,59.80,8.14
43.25,40.02,20.19,22.59,8.09,73.30,44.41,59.64,8.13
43.26,40.02,20.19,22.66,8.09,73.30,44.50,59.64,8.13
43.27,40.02,20.22,22.66,8.08,73.30,44.50,59.80,8.14
43.28,40.02,20.19,22.66,8.08,73.52,44.31,59.64,8.15
43.29,40.02,20.22,22.63,8.09,73.30,44.50,59.64,8.15
43.30,40.02,20.19,22.66,8.08,73.30,44.41,59.80,8.14
43.31,40.02,20.19,22.63,8.10,73.30,44.41,59.80,8.14
43.32,40.10,20.22,22.66,8.09,73.30,44.41,59.64,8.13
43.33,40.02,20.19,22.63,8.08,73.52,44.31,59.80,8.15
43.34,40.02,20.19,22.66,8.10,73.30,44.41,59.80,8.14
43.35,40.02,20.19,22.63,8.10,73.52,44.41,59.64,8.14
43.36,40.02,20.19,22.66,8.09,73.30,44.41,59.80,8.14
43.37,40.02,20.22,22.63,8.08,73.52,44.41,59.95,8.14
43.38,40.02,20.19,22.63,8.08,73.30,44.31,59.64,8.13
43.39,40.02,20.22,22.63,8.08,73.30,44.41,59.80,8.13
43.40,40.02,20.19,22.66,8.08,73.30,44.41,59.80,8.14
43.41,39.94,20.19,22.66,8.08,73.30,44.41,59.80,8.14
43.42,40.02,20.19,22.66,8.08,73.30,44.41,59.64,8.14
43.43,40.02,20.19,22.63,8.09,73.52,44.31,59.80,8.14
43.44,40.02,20.19,22.63,8.08,73.52,44.41,59.80,8.14
43.45,40.02,20.22,22.63,8.08,73.30,44.41,59.64,8.15
43.46,40.02,20.19,22.66,8.08,73.30,44.31,59.64,8.14
43.47,40.10,20.19,22.63,8.08,73.52,44.50,59.64,8.13
43.48,40.02,20.19,22.66,8.08,73.52,44.41,59.64,8.13
43.49,40.02,20.19,22.63,8.08,73.52,44.31,59.80,8.13
43.50,40.02,20.19,22.63,8.08,73.30,44.41,59.64,8.14
43.51,40.02,20.22,22.66,8.08,73.52,44.41,59.64,8.13
43.52,40.02,20.19,22.63,8.08,73.52,44.41,59.64,8.14
43.53,40.02,20.22,22.66,8.10,73.52,44.41,59.64,8.14
43.54,40.02,20.22,22.63,8.08,73.30,44.31,59.80,8.13
43.55,40.10,20.22,22.66,8.09,73.30,44.41,59.80,8.14
43.56,40.02,20.19,22.66,8.10,73.30,44.41,59.80,8.14
43.57,40.02,20.19,22.66,8.09,73.52,44.31,59.80,8.14
43.58,40.02,20.19,22.66,8.08,73.30,44.41,59.80,8.15
43.59,40.02,20.19,22.66,8.08,73.30,44.41,59.64,8.13
43.60,40.02,20.19,22.66,8.09,73.52,44.41,59.80,8.14
43.61,40.10,20.19,22.66,8.08,73.30,44.50,59.80,8.13
43.62,40.02,20.19,22.66,8.08,73.30,44.41,59.80,8.13
43.63,40.02,20.22,22.66,8.08,73.52,44.41,59.64,8.14
43.64,40.02,20.19,22.63,8.09,73.52,44.41,59.80,8.14
43.65,40.02,20.19,22.66,8.08,73.30,44.41,59.64,8.14
43.66,40.02,20.19,22.63,8.09,73.30,44.41,59.64,8.13
43.67,40.02,20.19,22.66,8.10,73.52,44.41,59.80,8.14
43.68,40.02,20.22,22.63,8.08,73.30,44.31,59.80,8.14
43.69,40.02,20.19,22.63,8.08,73.52,44.41,59.64,8.13
43.70,40.02,20.19,22.66,8.08,73.52,44.31,59.64,8.14
43.71,40.02,20.19,22.66,8.08,73.52,44.41,59.80,8.14
43.72,40.02,20.19,22.66,8.08,73.52,44.41,59.80,8.13
43.73,40.02,20.19,22.66,8.08,73.52,44.41,59.80,8.14
43.74,40.02,20.19,22.66,8.08,73.30,44.41,59.80,8.14
43.75,40.02,20.19,22.63,8.08,73.30,44.41,59.80,8.15
43.76,40.02,20.19,22.66,8.08,73.52,44.41,59.80,8.14
43.77,40.02,20.19,22.66,8.09,73.30,44.41,59.80,8.14
43.78,40.10,20.19,22.63,8.08,73.30,44.50,59.64,8.13
43.79,40.02,20.19,22.66,8.08,73.52,44.41,59.80,8.13
43.80,40.02,20.19,22.63,8.08,73.30,44.41,59.80,8.13
43.81,40.02,20.22,22.63,8.08,73.30,44.31,59.80,8.14
43.82,40.02,20.19,22.63,8.08,73.30,44.41,59.80,8.14
43.83,40.02,20.22,22.66,8.08,73.30,44.41,59.80,8.13
43.84,40.02,20.19,22.66,8.09,73.52,44.31,59.80,8.13
43.85,40.02,20.19,22.66,8.08,73.52,44.41,59.80,8.13
43.86,40.02,20.22,22.66,8.08,73.30,44.41,59.80,8.14
43.87,40.02,20.16,22.66,8.08,73.52,44.41,59.80,8.13
43.88,40.02,20.19,22.66,8.08,73.52,44.41,59.64,8.14
43.89,40.02,20.22,22.63,8.09,73.30,44.41,59.64,8.14
43.90,40.02,20.19,22.63,8.08,73.30,44.50,59.80,8.14
43.91,40.02,20.16,22.63,8.08,73.52,44.31,59.80,8.13
43.92,40.10,20.19,22.66,8.08,73.30,44.31,59.64,8.13
43.93,40.02,20.16,22.63,8.10,73.52,44.41,59.80,8.13
43.94,40.02,20.19,22.66,8.08,73.52,44.41,59.80,8.13
43.95,40.02,20.22,22.66,8.08,73.30,44.41,59.49,8.13
43.96,40.02,20.19,22.66,8.08,73.30,44.41,59.80,8.13
43.97,40.02,20.19,22.66,8.09,73.30,44.31,59.80,8.14
43.98,40.02,20.19,22.66,8.09,73.30,44.50,59.64,8.13
43.99,40.02,20.19,22.66,8.08,73.30,44.41,59.80,8.14
44.00,40.02,20.19,22.63,8.08,73.52,44.41,59.64,8.15
44.01,40.02,20.19,22.66,8.10,73.52,44.41,59.80,8.13
44.02,40.02,20.19,22.66,8.08,73.52,44.31,59.64,8.13
44.03,40.10,20.22,22.63,8.08,73.30,44.41,59.64,8.15
44.04,40.02,20.19,22.63,8.08,73.30,44.41,59.80,8.13
44.05,40.02,20.19,22.63,8.09,73.30,44.50,59.80,8.14
44.06,40.02,20.19,22.66,8.08,73.52,44.31,59.80,8.14
44.07,40.02,20.19,22.66,8.08,73.30,44.41,59.80,8.15
44.08,40.02,20.22,22.63,8.08,73.52,44.50,59.80,8.15
44.09,40.02,20.19,22.63,8.09,73.52,44.41,59.64,8.13
44.10,40.02,20.19,22.66,8.08,73.30,44.41,59.80,8.13
44.11,40.10,20.19,22.63,8.08,73.30,44.41,59.64,8.14
44.12,40.10,20.19,22.66,8.08,73.30,44.41,59.64,8.14
44.13,40.02,20.19,22.63,8.08,73.30,44.31,59.80,8.14
44.14,40.02,20.19,22.66,8.08,73.52,44.41,59.80,8.14
44.15,40.02,20.19,22.66,8.09,73.52,44.41,59.80,8.14
44.16,40.02,20.19,22.63,8.08,73.30,44.31,59.80,8.14
44.17,40.02,20.22,22.66,8.08,73.30,44.41,59.80,8.13
44.18,40.02,20.19,22.63,8.08,73.30,44.41,59.80,8.14
44.19,40.02,20.19,22.66,8.08,73.30,44.31,59.80,8.13
44.20,40.02,20.22,22.63,8.08,73.30,44.41,59.80,8.14
44.21,40.10,20.19,22.66,8.08,73.30,44.31,59.64,8.14
44.22,40.10,20.19,22.66,8.08,73.52,44.41,59.64,8.14
44.23,40.02,20.19,22.66,8.10,73.52,44.31,59.80,8.15
44.24,40.02,20.19,22.66,8.09,73.52,44.41,59.80,8.15
44.25,40.10,20.19,22.66,8.08,73.30,44.31,59.80,8.13
44.26,40.02,20.22,22.63,8.08,73.30,44.41,59.80,8.13
44.27,40.10,20.19,22.66,8.09,73.52,44.41,59.64,8.15
44.28,40.02,20.19,22.66,8.08,73.30,44.41,59.64,8.13
44.29,40.10,20.19,22.63,8.09,73.52,44.31,59.80,8.13
44.30,40.02,20.22,22.66,8.08,73.52,44.31,59.64,8.14
44.31,40.02,20.19,22.63,8.09,73.30,44.41,59.64,8.13
44.32,40.10,20.19,22.63,8.08,73.30,44.41,59.64,8.14
44.33,40.02,20.19,22.66,8.08,73.52,44.31,59.64,8.14
44.34,40.10,20.16,22.66,8.08,73.52,44.41,59.80,8.13
44.35,40.02,20.19,22.63,8.09,73.52,44.31,59.80,8.15
44.36,40.10,20.19,22.66,8.09,73.52,44.41,59.64,8.13
44.37,40.02,20.22,22.63,8.08,73.52,44.31,59.80,8.14
44.38,40.02,20.19,22.63,8.08,73.30,44.41,59.64,8.14
44.39,40.02,20.22,22.66,8.08,73.52,44.50,59.64,8.13
44.40,40.02,20.19,22.66,8.09,73.52,44.50,59.64,8.14
44.41,39.94,20.19,22.66,8.08,73.30,44.31,59.80,8.13
44.42,40.18,20.19,22.66,8.10,73.52,44.41,59.64,8.13
44.43,40.10,20.19,22.66,8.08,73.30,44.31,59.80,8.13
44.44,40.10,20.22,22.66,8.08,73.30,44.41,59.64,8.14
44.45,40.02,20.19,22.66,8.09,73.52,44.41,59.80,8.13
44.46,40.10,20.19,22.63,8.08,73.52,44.41,59.80,8.14
44.47,40.10,20.22,22.66,8.08,73.30,44.50,59.95,8.14
44.48,40.02,20.19,22.66,8.08,73.30,44.41,59.80,8.14
44.49,40.10,20.19,22.66,8.08,73.30,44.50,59.80,8.14
44.50,40.02,20.19,22.63,8.08,73.52,44.41,59.64,8.14
44.51,40.10,20.22,22.66,8.09,73.52,44.41,59.64,8.13
44.52,40.02,20.19,22.66,8.10,73.52,44.31,59.80,8.13
44.53,40.02,20.19,22.66,8.10,73.52,44.41,59.80,8.14
44.54,40.02,20.19,22.63,8.08,73.52,44.41,59.80,8.14
44.55,40.10,20.19,22.63,8.08,73.52,44.41,59.95,8.14
44.56,40.02,20.19,22.66,8.09,73.30,44.41,59.49,8.15
44.57,40.02,20.19,22.66,8.08,73.30,44.41,59.80,8.15
44.58,40.02,20.19,22.66,8.08,73.52,44.41,59.64,8.14
44.59,40.02,20.19,22.66,8.09,73.52,44.41,59.80,8.14
44.60,40.10,20.22,22.63,8.08,73.52,44.41,59.80,8.15
44.61,40.02,20.19,22.63,8.08,73.52,44.41,59.64,8.13
44.62,40.10,20.19,22.66,8.09,73.30,44.41,59.80,8.14
44.63,40.10,20.19,22.63,8.09,73.30,44.31,59.80,8.13
44.64,40.10,20.16,22.66,8.08,73.30,44.41,59.64,8.13
44.65,40.02,20.19,22.66,8.08,73.52,44.31,59.64,8.14
44.66,40.10,20.22,22.63,8.08,73.52,44.41,59.64,8.13
44.67,40.10,20.19,22.63,8.08,73.30,44.50,59.64,8.14
44.68,40.02,20.19,22.66,8.08,73.52,44.41,59.80,8.14
44.69,40.10,20.19,22.66,8.09,73.30,44.41,59.80,8.15
44.70,40.02,20.22,22.66,8.08,73.30,44.31,59.80,8.13
44.71,40.02,20.19,22.66,8.08,73.52,44.50,59.64,8.14
44.72,40.10,20.19,22.66,8.08,73.52,44.41,59.80,8.14
44.73,40.10,20.22,22.63,8.08,73.30,44.41,59.80,8.13
44.74,40.10,20.19,22.66,8.08,73.52,44.31,59.80,8.14
44.75,40.10,20.19,22.66,8.08,73.52,44.41,59.80,8.13
44.76,40.02,20.22,22.66,8.08,73.52,44.31,59.80,8.13
44.77,40.02,20.19,22.66,8.10,73.52,44.41,59.64,8.14
44.78,40.02,20.19,22.66,8.09,73.30,44.31,59.64,8.14
44.79,40.10,20.19,22.66,8.08,73.52,44.41,59.64,8.14
44.80,40.10,20.19,22.63,8.09,73.52,44.41,59.80,8.15
44.81,40.02,20.22,22.66,8.09,73.30,44.41,59.80,8.13
44.82,40.10,20.19,22.66,8.10,73.52,44.41,59.80,8.14
44.83,40.10,20.19,22.66,8.08,73.52,44.41,59.80,8.14
44.84,40.02,20.22,22.66,8.08,73.30,44.31,59.80,8.14
44.85,40.02,20.19,22.66,8.08,73.52,44.41,59.80,8.14
44.86,40.02,20.19,22.66,8.08,73.52,44.31,59.64,8.14
44.87,40.10,20.22,22.63,8.08,73.52,44.31,59.64,8.14
44.88,40.10,20.19,22.66,8.09,73.52,44.41,59.64,8.15
44.89,40.02,20.22,22.63,8.10,73.30,44.41,59.64,8.14
44.90,40.10,20.16,22.66,8.10,73.30,44.41,59.80,8.14
44.91,40.02,20.19,22.66,8.08,73.52,44.41,59.64,8.13
44.92,40.10,20.19,22.63,8.08,73.30,44.41,59.64,8.13
44.93,40.02,20.19,22.63,8.08,73.52,44.41,59.80,8.14
44.94,40.02,20.19,22.66,8.08,73.52,44.41,59.80,8.14
44.95,40.02,20.19,22.66,8.09,73.52,44.41,59.80,8.14
44.96,40.10,20.19,22.66,8.08,73.52,44.41,59.80,8.15
44.97,40.10,20.22,22.66,8.09,73.52,44.31,59.64,8.13
44.98,40.10,20.19,22.63,8.08,73.30,44.41,59.80,8.14
44.99,40.10,20.22,22.66,8.08,73.52,44.41,59.64,8.14
45.00,40.10,20.19,22.66,8.08,73.30,44.41,59.80,8.14
45.01,40.02,20.19,22.66,8.08,73.52,44.41,59.80,8.14
45.02,40.02,20.19,22.66,8.09,73.30,44.31,59.80,8.14
45.03,40.10,20.19,22.66,8.09,73.30,44.41,59.80,8.13
45.04,40.02,20.19,22.66,8.09,73.30,44.41,59.80,8.14
45.05,40.02,20.22,22.66,8.08,73.30,44.31,59.80,8.14
45.06,40.10,20.22,22.66,8.08,73.30,44.41,59.80,8.14
45.07,40.02,20.19,22.66,8.08,73.52,44.41,59.64,8.13
45.08,40.02,20.19,22.66,8.10,73.52,44.41,59.80,8.13
45.09,40.02,20.19,22.66,8.09,73.30,44.50,59.80,8.13
45.10,40.10,20.22,22.66,8.08,73.30,44.41,59.64,8.13
45.11,40.10,20.22,22.63,8.08,73.52,44.41,59.64,8.14
45.12,40.10,20.19,22.66,8.09,73.52,44.41,59.95,8.14
45.13,40.10,20.19,22.66,8.08,73.52,44.41,59.80,8.14
45.14,40.02,20.22,22.63,8.08,73.30,44.31,59.80,8.14
45.15,40.10,20.22,22.66,8.09,73.30,44.41,59.80,8.13
45.16,40.10,20.19,22.66,8.09,73.30,44.50,59.64,8.14
45.17,40.10,20.19,22.63,8.10,73.52,44.41,59.80,8.14
45.18,40.02,20.19,22.66,8.08,73.52,44.41,59.80,8.14
45.19,40.10,20.22,22.63,8.09,73.52,44.31,59.80,8.13
45.20,40.02,20.19,22.66,8.08,73.52,44.50,59.64,8.13
45.21,40.10,20.19,22.66,8.08,73.52,44.41,59.80,8.13
45.22,40.02,20.22,22.66,8.09,73.52,44.41,59.64,8.13
45.23,40.02,20.22,22.66,8.09,73.52,44.41,59.80,8.13
45.24,40.10,20.22,22.66,8.08,73.52,44.50,59.80,8.14
45.25,40.10,20.19,22.66,8.08,73.52,44.41,59.80,8.14
45.26,40.10,20.22,22.66,8.09,73.52,44.41,59.64,8.13
45.27,40.10,20.19,22.66,8.08,73.52,44.41,59.80,8.14
45.28,40.10,20.19,22.66,8.09,73.52,44.31,59.80,8.14
45.29,40.10,20.19,22.66,8.08,73.52,44.41,59.80,8.14
45.30,40.10,20.19,22.66,8.08,73.52,44.31,59.80,8.14
45.31,40.02,20.22,22.66,8.09,73.52,44.41,59.80,8.14
45.32,40.10,20.19,22.66,8.09,73.52,44.50,59.80,8.13
45.33,40.10,20.22,22.66,8.08,73.30,44.50,59.80,8.14
45.34,40.10,20.22,22.63,8.09,73.30,44.41,59.80,8.15
45.35,40.02,20.22,22.66,8.09,73.52,44.50,59.80,8.14
45.36,40.10,20.19,22.63,8.08,73.30,44.41,59.80,8.14
45.37,40.10,20.22,22.66,8.09,73.52,44.41,59.80,8.13
45.38,40.10,20.14,22.66,8.09,73.30,44.41,59.80,8.13
45.39,40.10,20.16,22.66,8.09,73.52,44.41,59.64,8.13
45.40,40.10,20.19,22.63,8.08,73.52,44.50,59.64,8.14
45.41,40.10,20.22,22.66,8.09,73.52,44.31,59.64,8.13
45.42,40.10,20.19,22.66,8.08,73.30,44.41,59.64,8.14
45.43,40.02,20.19,22.66,8.09,73.52,44.50,59.80,8.14
45.44,40.10,20.19,22.66,8.10,73.30,44.50,59.80,8.13
45.45,40.10,20.19,22.63,8.08,73.30,44.41,59.64,8.14
45.46,40.10,20.22,22.66,8.08,73.52,44.31,59.64,8.13
45.47,40.10,20.16,22.66,8.08,73.30,44.50,59.80,8.15
45.48,40.10,20.22,22.63,8.09,73.52,44.31,59.64,8.13
45.49,40.10,20.19,22.66,8.08,73.30,44.50,59.80,8.14
45.50,40.10,20.19,22.66,8.08,73.30,44.31,59.80,8.15
45.51,40.10,20.19,22.66,8.08,73.52,44.41,59.80,8.14
45.52,40.10,20.19,22.66,8.08,73.52,44.50,59.80,8.13
45.53,40.10,20.22,22.66,8.08,73.52,44.31,59.80,8.13
45.54,40.10,20.22,22.66,8.09,73.52,44.50,59.80,8.14
45.55,40.10,20.22,22.66,8.08,73.30,44.41,59.64,8.13
45.56,40.10,20.19,22.66,8.09,73.30,44.41,59.80,8.14
45.57,40.10,20.22,22.66,8.08,73.52,44.31,59.80,8.13
45.58,40.02,20.19,22.66,8.09,73.30,44.41,59.80,8.14
45.59,40.18,20.19,22.66,8.08,73.52,44.41,59.80,8.14
45.60,40.10,20.22,22.66,8.08,73.52,44.50,59.80,8.13
45.61,40.02,20.22,22.66,8.08,73.52,44.31,59.80,8.14
45.62,40.10,20.19,22.66,8.08,73.52,44.41,59.80,8.13
45.63,40.10,20.19,22.66,8.10,73.52,44.41,59.80,8.13
45.64,40.10,20.19,22.70,8.08,73.52,44.50,59.64,8.14
45.65,40.10,20.19,22.66,8.09,73.52,44.50,59.64,8.13
45.66,40.10,20.22,22.63,8.09,73.52,44.31,59.80,8.14
45.67,40.10,20.19,22.63,8.10,73.30,44.41,59.80,8.13
45.68,40.10,20.22,22.66,8.10,73.75,44.31,59.80,8.14
45.69,40.10,20.19,22.63,8.09,73.52,44.31,59.80,8.14
45.70,40.10,20.19,22.70,8.09,73.52,44.41,59.80,8.15
45.71,40.10,20.22,22.66,8.10,73.52,44.50,59.80,8.15
45.72,40.10,20.22,22.66,8.09,73.52,44.41,59.80,8.14
45.73,40.10,20.22,22.66,8.09,73.52,44.41,59.80,8.14
45.74,40.10,20.22,22.66,8.09,73.52,44.41,59.80,8.14
45.76,40.10,20.19,22.66,8.09,73.52,44.31,59.80,8.14
45.77,40.10,20.22,22.63,8.08,73.52,44.41,59.64,8.13
45.78,40.10,20.22,22.66,8.09,73.52,44.50,59.95,8.14
45.79,40.10,20.22,22.66,8.08,73.52,44.41,59.80,8.14
45.80,40.10,20.19,22.66,8.09,73.30,44.50,59.80,8.14
45.81,40.10,20.19,22.66,8.08,73.52,44.41,59.64,8.13
45.82,40.10,20.19,22.66,8.08,73.52,44.41,59.80,8.14
45.83,40.10,20.22,22.66,8.09,73.52,44.41,59.80,8.14
45.84,40.10,20.19,22.66,8.08,73.52,44.41,59.80,8.14
45.85,40.18,20.22,22.66,8.09,73.52,44.31,59.80,8.14
45.86,40.10,20.19,22.66,8.08,73.52,44.50,59.80,8.14
45.87,40.10,20.22,22.66,8.09,73.52,44.41,59.80,8.14
45.88,40.02,20.19,22.66,8.08,73.52,44.41,59.80,8.14
45.89,40.18,20.22,22.63,8.10,73.52,44.50,59.80,8.13
45.90,40.10,20.19,22.66,8.08,73.52,44.41,59.80,8.15
45.91,40.10,20.22,22.66,8.10,73.52,44.41,59.80,8.15
45.92,40.10,20.22,22.66,8.10,73.30,44.41,59.80,8.14
45.93,40.10,20.22,22.66,8.08,73.30,44.31,59.80,8.13
45.94,40.18,20.22,22.66,8.08,73.30,44.50,59.80,8.14
45.95,40.10,20.19,22.63,8.10,73.52,44.41,59.80,8.14
45.96,40.10,20.22,22.66,8.08,73.30,44.31,59.80,8.15
45.97,40.10,20.19,22.66,8.09,73.52,44.31,59.95,8.13
45.98,40.18,20.22,22.66,8.09,73.52,44.41,59.80,8.14
45.99,40.10,20.19,22.66,8.08,73.52,44.41,59.80,8.14
46.00,40.02,20.19,22.66,8.08,73.52,44.41,59.80,8.13
46.01,40.10,20.19,22.66,8.10,73.52,44.41,59.80,8.15
46.02,40.10,20.19,22.66,8.08,73.52,44.41,59.80,8.13
46.03,40.10,20.22,22.66,8.08,73.52,44.41,59.80,8.14
46.04,40.10,20.19,22.66,8.08,73.52,44.41,59.95,8.14
46.05,40.10,20.19,22.66,8.09,73.52,44.41,59.80,8.13
46.06,40.10,20.22,22.66,8.09,73.52,44.41,59.80,8.14
46.07,40.10,20.22,22.66,8.10,73.52,44.31,59.80,8.14
46.08,40.18,20.19,22.66,8.08,73.52,44.41,59.64,8.14
46.09,40.18,20.22,22.70,8.08,73.52,44.41,59.80,8.15
46.10,40.10,20.19,22.66,8.09,73.52,44.50,59.80,8.15
46.11,40.10,20.22,22.66,8.09,73.52,44.50,59.95,8.13
46.12,40.10,20.22,22.70,8.08,73.30,44.41,59.80,8.15
46.13,40.10,20.22,22.66,8.08,73.52,44.41,59.80,8.15
46.14,40.10,20.22,22.66,8.08,73.30,44.50,59.80,8.14
46.15,40.10,20.19,22.66,8.08,73.52,44.41,59.80,8.14
46.16,40.10,20.19,22.66,8.09,73.52,44.50,59.80,8.14
46.17,40.10,20.22,22.66,8.09,73.52,44.41,59.80,8.14
46.18,40.18,20.22,22.66,8.08,73.52,44.41,59.95,8.14
46.19,40.10,20.22,22.66,8.08,73.52,44.41,59.80,8.14
46.20,40.10,20.19,22.70,8.08,73.52,44.31,59.80,8.14
46.21,40.10,20.22,22.66,8.09,73.52,44.41,59.80,8.14
46.22,40.10,20.19,22.70,8.08,73.30,44.41,59.80,8.14
46.23,40.18,20.22,22.66,8.09,73.52,44.41,59.64,8.13
46.24,40.18,20.22,22.70,8.09,73.52,44.50,59.64,8.14
46.25,40.10,20.22,22.66,8.10,73.30,44.31,59.80,8.13
46.26,40.10,20.22,22.66,8.08,73.52,44.50,59.80,8.15
46.27,40.18,20.22,22.66,8.09,73.52,44.41,59.64,8.14
46.28,40.10,20.22,22.63,8.08,73.52,44.41,59.80,8.14
46.29,40.10,20.22,22.66,8.09,73.30,44.41,59.64,8.13
46.30,40.10,20.22,22.70,8.08,73.52,44.41,59.80,8.14
46.31,40.10,20.19,22.66,8.10,73.30,44.50,59.80,8.13
46.32,40.10,20.19,22.66,8.08,73.52,44.41,59.80,8.15
46.33,40.10,20.19,22.66,8.08,73.52,44.41,59.80,8.14
46.34,40.18,20.22,22.66,8.10,73.52,44.41,59.80,8.14
46.35,40.18,20.22,22.66,8.08,73.30,44.41,59.80,8.14
46.36,40.18,20.19,22.66,8.08,73.30,44.41,59.80,8.14
46.37,40.10,20.19,22.70,8.09,73.52,44.50,59.80,8.14
46.38,40.10,20.22,22.66,8.08,73.52,44.41,59.80,8.14
46.39,40.10,20.19,22.66,8.08,73.52,44.41,59.80,8.14
46.40,40.10,20.19,22.66,8.08,73.52,44.41,59.80,8.15
46.41,40.10,20.22,22.66,8.09,73.52,44.41,59.80,8.15
46.42,40.10,20.22,22.66,8.09,73.52,44.41,59.80,8.13
46.43,40.18,20.22,22.70,8.10,73.52,44.41,59.80,8.15
46.44,40.18,20.25,22.66,8.08,73.52,44.31,59.80,8.13
46.45,40.10,20.22,22.66,8.10,73.52,44.31,59.80,8.14
46.46,40.10,20.19,22.70,8.10,73.52,44.41,59.80,8.13
46.47,40.10,20.22,22.66,8.09,73.52,44.41,59.80,8.14
46.48,40.18,20.19,22.66,8.09,73.52,44.41,59.80,8.14
46.49,40.18,20.22,22.66,8.08,73.52,44.41,59.80,8.14
46.50,40.10,20.19,22.66,8.09,73.52,44.41,59.80,8.14
46.51,40.18,20.22,22.70,8.10,73.52,44.41,59.80,8.14
46.52,40.18,20.19,22.66,8.09,73.52,44.41,59.80,8.14
46.53,40.10,20.22,22.66,8.09,73.52,44.50,59.80,8.14
46.54,40.18,20.19,22.70,8.10,73.52,44.41,59.95,8.14
46.55,40.18,20.22,22.66,8.09,73.52,44.41,59.80,8.14
46.56,40.10,20.22,22.66,8.10,73.52,44.41,59.80,8.15
46.57,40.10,20.19,22.66,8.08,73.52,44.50,59.80,8.14
46.58,40.10,20.22,22.70,8.09,73.52,44.50,59.80,8.14
46.59,40.10,20.22,22.66,8.09,73.52,44.50,59.80,8.14
46.60,40.10,20.19,22.66,8.09,73.52,44.41,59.80,8.13
46.61,40.18,20.22,22.66,8.08,73.52,44.41,59.80,8.14
46.62,40.10,20.19,22.66,8.09,73.52,44.50,59.80,8.13
46.63,40.10,20.19,22.66,8.09,73.52,44.31,59.80,8.14
46.64,40.18,20.22,22.70,8.10,73.52,44.31,59.95,8.14
46.65,40.10,20.22,22.66,8.09,73.52,44.41,59.80,8.14
46.66,40.18,20.19,22.70,8.09,73.52,44.31,59.80,8.14
46.67,40.10,20.22,22.70,8.08,73.52,44.31,59.80,8.14
46.68,40.18,20.22,22.66,8.09,73.52,44.41,59.80,8.14
46.69,40.10,20.22,22.66,8.10,73.52,44.31,59.80,8.14
46.70,40.18,20.22,22.70,8.09,73.52,44.60,59.80,8.13
46.71,40.10,20.22,22.66,8.08,73.52,44.50,59.80,8.14
46.72,40.18,20.22,22.66,8.10,73.52,44.41,59.80,8.13
46.73,40.10,20.22,22.66,8.09,73.52,44.41,59.80,8.14
46.74,40.18,20.22,22.70,8.08,73.52,44.50,59.80,8.15
46.75,40.10,20.22,22.66,8.09,73.52,44.50,59.80,8.13
46.76,40.10,20.22,22.70,8.09,73.30,44.50,59.80,8.14
46.77,40.10,20.22,22.70,8.09,73.52,44.50,59.95,8.14
46.78,40.10,20.22,22.66,8.09,73.30,44.41,59.80,8.14
46.79,40.10,20.22,22.70,8.09,73.52,44.41,59.80,8.14
46.80,40.18,20.19,22.66,8.09,73.52,44.41,59.80,8.15
46.81,40.26,20.22,22.70,8.09,73.52,44.41,59.80,8.14
46.82,40.10,20.19,22.66,8.09,73.52,44.41,59.80,8.14
46.83,40.18,20.22,22.66,8.09,73.52,44.31,59.80,8.14
46.84,40.18,20.19,22.66,8.10,73.52,44.31,59.80,8.14
46.85,40.18,20.19,22.66,8.09,73.52,44.41,59.80,8.14
46.86,40.18,20.19,22.66,8.09,73.52,44.41,59.95,8.14
46.87,40.10,20.22,22.66,8.09,73.52,44.50,59.80,8.14
46.88,40.18,20.22,22.66,8.10,73.52,44.50,59.80,8.14
46.89,40.18,20.22,22.66,8.09,73.75,44.31,59.80,8.14
46.90,40.18,20.22,22.70,8.08,73.52,44.50,59.80,8.13
46.91,40.10,20.19,22.66,8.08,73.30,44.41,59.80,8.14
46.92,40.18,20.22,22.66,8.09,73.52,44.50,59.80,8.14
46.93,40.18,20.22,22.70,8.09,73.52,44.41,59.95,8.14
46.94,40.18,20.22,22.66,8.09,73.52,44.41,59.80,8.14
46.95,40.18,20.19,22.66,8.09,73.52,44.50,59.80,8.13
46.96,40.10,20.22,22.66,8.08,73.52,44.50,59.80,8.13
46.97,40.18,20.22,22.66,8.09,73.30,44.50,59.80,8.13
46.98,40.18,20.22,22.66,8.09,73.52,44.41,59.80,8.14
46.99,40.18,20.22,22.66,8.10,73.52,44.41,59.80,8.13
47.00,40.18,20.22,22.66,8.09,73.52,44.41,59.80,8.14
47.01,40.18,20.22,22.66,8.10,73.52,44.50,59.80,8.14
47.02,40.18,20.22,22.70,8.09,73.52,44.50,59.80,8.14
47.03,40.18,20.22,22.66,8.09,73.30,44.50,59.80,8.14
47.04,40.18,20.19,22.70,8.10,73.30,44.41,59.95,8.14
47.05,40.10,20.22,22.70,8.09,73.52,44.41,59.80,8.14
47.06,40.10,20.19,22.70,8.08,73.52,44.41,59.80,8.14
47.07,40.18,20.19,22.66,8.09,73.52,44.41,59.95,8.14
47.08,40.18,20.22,22.66,8.08,73.52,44.41,59.80,8.13
47.09,40.10,20.22,22.66,8.08,73.52,44.41,59.80,8.15
47.10,40.18,20.22,22.70,8.10,73.52,44.50,59.80,8.14
47.11,40.18,20.22,22.70,8.09,73.52,44.41,59.64,8.14
47.12,40.18,20.22,22.66,8.08,73.75,44.41,59.80,8.14
47.13,40.10,20.19,22.66,8.10,73.52,44.41,59.80,8.14
47.14,40.18,20.19,22.66,8.08,73.52,44.41,59.80,8.14
47.15,40.10,20.22,22.66,8.08,73.52,44.41,59.80,8.14
47.16,40.18,20.19,22.66,8.10,73.52,44.41,59.64,8.15
47.17,40.18,20.22,22.66,8.10,73.75,44.41,59.80,8.14
47.18,40.18,20.22,22.66,8.09,73.52,44.50,59.80,8.13
47.19,40.10,20.22,22.66,8.08,73.52,44.41,59.80,8.14
47.20,40.10,20.19,22.70,8.09,73.52,44.41,59.80,8.15
47.21,40.10,20.19,22.66,8.10,73.52,44.41,59.80,8.13
47.22,40.10,20.19,22.66,8.08,73.75,44.41,59.80,8.14
47.23,40.10,20.19,22.70,8.10,73.52,44.41,59.80,8.13
47.24,40.10,20.19,22.66,8.10,73.52,44.41,59.80,8.14
47.25,40.18,20.22,22.70,8.08,73.30,44.41,59.80,8.14
47.26,40.18,20.22,22.66,8.08,73.30,44.41,59.80,8.15
47.27,40.18,20.19,22.66,8.08,73.52,44.41,59.80,8.13
47.28,40.10,20.19,22.66,8.09,73.30,44.50,59.80,8.15
47.29,40.10,20.22,22.66,8.08,73.52,44.41,59.80,8.14
47.30,40.18,20.22,22.66,8.10,73.52,44.41,59.80,8.14
47.31,40.02,20.19,22.66,8.09,73.52,44.50,59.80,8.14
47.32,40.10,20.19,22.66,8.09,73.30,44.41,59.80,8.13
47.33,40.18,20.22,22.70,8.09,73.52,44.50,59.80,8.14
47.34,40.18,20.22,22.70,8.08,73.52,44.41,59.80,8.14
47.35,40.10,20.19,22.66,8.08,73.52,44.41,59.80,8.13
47.36,40.18,20.22,22.66,8.10,73.52,44.41,59.95,8.14
47.37,40.18,20.22,22.66,8.10,73.52,44.41,59.80,8.14
47.38,40.10,20.19,22.66,8.09,73.52,44.41,59.95,8.14
47.39,40.18,20.19,22.70,8.09,73.75,44.41,59.80,8.13
47.40,40.18,20.22,22.66,8.10,73.52,44.41,59.80,8.14
47.41,40.18,20.22,22.70,8.08,73.52,44.50,59.80,8.14
47.42,40.18,20.19,22.66,8.09,73.30,44.41,59.80,8.14
47.43,40.18,20.22,22.70,8.08,73.75,44.41,59.80,8.14
47.44,40.18,20.19,22.66,8.08,73.52,44.50,59.80,8.14
47.45,40.18,20.19,22.66,8.09,73.52,44.41,59.64,8.15
47.46,40.18,20.19,22.66,8.09,73.52,44.41,59.80,8.14
47.47,40.18,20.19,22.66,8.09,73.52,44.31,59.95,8.14
47.48,40.18,20.22,22.70,8.08,73.52,44.41,59.80,8.13
47.49,40.10,20.19,22.66,8.09,73.52,44.41,59.80,8.14
47.50,40.18,20.19,22.66,8.08,73.52,44.50,59.80,8.14
47.51,40.18,20.22,22.66,8.08,73.52,44.31,59.80,8.14
47.52,40.10,20.19,22.66,8.08,73.52,44.31,59.80,8.13
47.53,40.18,20.19,22.70,8.08,73.52,44.41,59.80,8.14
47.54,40.18,20.22,22.66,8.08,73.52,44.41,59.80,8.15
47.55,40.18,20.22,22.66,8.08,73.52,44.41,59.80,8.13
47.56,40.18,20.19,22.66,8.09,73.52,44.22,59.80,8.14
47.57,40.18,20.19,22.66,8.10,73.52,44.41,59.80,8.14
47.58,40.18,20.22,22.70,8.08,73.52,44.41,59.80,8.14
47.59,40.18,20.22,22.66,8.08,73.52,44.41,59.80,8.13
47.60,40.18,20.19,22.70,8.09,73.52,44.50,59.80,8.14
47.61,40.18,20.22,22.63,8.09,73.30,44.41,59.80,8.13
47.62,40.02,20.19,22.66,8.08,73.52,44.41,59.80,8.13
47.63,40.10,20.19,22.66,8.08,73.52,44.50,59.80,8.15
47.64,40.18,20.22,22.70,8.08,73.52,44.41,59.80,8.14
47.65,40.10,20.19,22.66,8.08,73.52,44.41,59.95,8.15
47.66,40.18,20.19,22.66,8.08,73.52,44.41,59.80,8.14
47.67,40.10,20.19,22.66,8.08,73.52,44.41,59.80,8.13
47.68,40.18,20.22,22.66,8.09,73.52,44.41,59.80,8.14
47.69,40.18,20.19,22.66,8.09,73.52,44.41,59.80,8.14
47.70,40.10,20.22,22.70,8.10,73.52,44.50,59.80,8.13
47.71,40.18,20.22,22.70,8.08,73.52,44.41,59.80,8.14
47.72,40.18,20.19,22.66,8.09,73.52,44.41,59.80,8.13
47.73,40.18,20.22,22.70,8.09,73.52,44.31,59.80,8.14
47.74,40.18,20.19,22.66,8.10,73.52,44.41,59.95,8.15
47.75,40.18,20.19,22.66,8.09,73.52,44.50,59.80,8.15
47.76,40.18,20.22,22.70,8.08,73.52,44.50,59.80,8.14
47.77,40.18,20.19,22.66,8.09,73.52,44.41,59.80,8.14
47.78,40.18,20.22,22.66,8.08,73.52,44.50,59.95,8.14
47.79,40.10,20.22,22.66,8.08,73.52,44.31,59.95,8.14
47.80,40.18,20.19,22.66,8.10,73.52,44.50,59.80,8.14
47.81,40.10,20.22,22.66,8.09,73.52,44.41,59.80,8.14
47.82,40.18,20.19,22.66,8.10,73.52,44.41,59.80,8.14
47.83,40.18,20.19,22.66,8.09,73.30,44.41,59.80,8.14
47.84,40.10,20.19,22.70,8.09,73.52,44.31,59.80,8.13
47.85,40.18,20.22,22.66,8.10,73.52,44.31,59.80,8.14
47.86,40.18,20.22,22.66,8.08,73.30,44.50,59.80,8.14
47.87,40.18,20.22,22.66,8.08,73.52,44.31,59.80,8.14
47.88,40.18,20.19,22.66,8.09,73.52,44.50,59.80,8.14
47.89,40.18,20.19,22.66,8.09,73.30,44.41,59.80,8.14
47.90,40.18,20.22,22.66,8.10,73.52,44.50,59.80,8.15
47.91,40.18,20.22,22.66,8.08,73.30,44.41,59.80,8.14
47.92,40.18,20.19,22.66,8.09,73.52,44.31,59.80,8.13
47.93,40.18,20.22,22.66,8.08,73.52,44.41,59.80,8.13
47.94,40.10,20.19,22.66,8.09,73.75,44.41,59.80,8.14
47.95,40.18,20.19,22.66,8.08,73.52,44.31,59.80,8.14
47.96,40.18,20.22,22.66,8.08,73.52,44.50,59.95,8.14
47.97,40.10,20.19,22.70,8.10,73.52,44.41,59.80,8.14
47.98,40.18,20.22,22.70,8.08,73.52,44.41,59.80,8.14
47.99,40.02,20.22,22.66,8.09,73.52,44.41,59.80,8.14
48.00,40.10,20.19,22.66,8.10,73.52,44.41,59.80,8.14
48.01,40.18,20.19,22.70,8.08,73.52,44.41,59.80,8.14
48.02,40.18,20.22,22.66,8.08,73.52,44.41,59.80,8.14
48.03,40.18,20.22,22.70,8.08,73.52,44.41,59.95,8.14
48.04,40.10,20.19,22.70,8.08,73.52,44.31,59.80,8.14
48.05,40.18,20.22,22.70,8.08,73.52,44.41,59.80,8.14
48.06,40.18,20.22,22.70,8.09,73.52,44.50,59.95,8.15
48.07,40.18,20.19,22.66,8.08,73.52,44.41,59.64,8.13
48.08,40.18,20.19,22.66,8.09,73.30,44.41,59.80,8.13
48.09,40.18,20.19,22.66,8.09,73.52,44.41,59.80,8.13
48.10,40.18,20.19,22.66,8.09,73.52,44.31,59.80,8.14
48.11,40.10,20.22,22.66,8.08,73.52,44.41,59.80,8.14
48.12,40.10,20.22,22.66,8.08,73.52,44.41,59.80,8.14
48.13,40.18,20.22,22.66,8.08,73.52,44.41,59.80,8.14
48.14,40.18,20.22,22.70,8.08,73.52,44.50,59.80,8.14
48.15,40.18,20.22,22.66,8.10,73.52,44.41,59.80,8.13
48.16,40.18,20.22,22.70,8.10,73.52,44.41,59.80,8.14
48.17,40.10,20.19,22.66,8.09,73.52,44.50,59.80,8.14
48.18,40.18,20.22,22.66,8.08,73.30,44.41,59.80,8.13
48.19,40.10,20.19,22.70,8.09,73.52,44.50,59.80,8.14
48.20,40.18,20.19,22.66,8.08,73.52,44.41,59.64,8.15
48.21,40.18,20.22,22.70,8.08,73.52,44.41,59.95,8.14
48.22,40.10,20.19,22.66,8.10,73.52,44.31,59.80,8.14
48.23,40.18,20.22,22.66,8.08,73.52,44.50,59.95,8.14
48.24,40.18,20.22,22.66,8.08,73.30,44.41,59.80,8.15
48.25,40.18,20.19,22.66,8.08,73.52,44.50,59.80,8.14
48.26,40.18,20.19,22.66,8.09,73.52,44.41,59.80,8.14
48.27,40.18,20.22,22.66,8.10,73.75,44.50,59.80,8.14
48.28,40.18,20.22,22.66,8.08,73.52,44.41,59.80,8.13
48.29,40.10,20.19,22.70,8.09,73.75,44.41,59.80,8.14
48.30,40.10,20.22,22.66,8.08,73.30,44.50,59.80,8.14
48.31,40.18,20.19,22.66,8.10,73.52,44.41,59.80,8.14
48.32,40.10,20.19,22.66,8.09,73.52,44.50,59.80,8.14
48.33,40.18,20.19,22.66,8.09,73.30,44.41,59.80,8.13
48.34,40.18,20.19,22.66,8.09,73.52,44.41,59.80,8.14
48.35,40.10,20.19,22.66,8.09,73.52,44.41,59.80,8.14
48.36,40.18,20.22,22.66,8.09,73.52,44.41,59.80,8.14
48.37,40.18,20.19,22.66,8.09,73.52,44.41,59.80,8.13
48.38,40.18,20.19,22.66,8.09,73.52,44.31,59.80,8.15
48.39,40.18,20.22,22.66,8.10,73.52,44.50,59.80,8.14
48.40,40.18,20.22,22.66,8.08,73.75,44.41,59.80,8.14
48.41,40.10,20.19,22.66,8.09,73.52,44.41,59.64,8.13
48.42,40.10,20.19,22.66,8.09,73.52,44.31,59.95,8.14
48.43,40.10,20.19,22.66,8.10,73.52,44.41,59.80,8.14
48.44,40.18,20.19,22.66,8.10,73.52,44.50,59.95,8.14
48.45,40.18,20.19,22.70,8.09,73.52,44.41,59.80,8.14
48.46,40.10,20.19,22.70,8.08,73.52,44.31,59.80,8.14
48.47,40.18,20.19,22.66,8.09,73.52,44.41,59.80,8.14
48.48,40.18,20.19,22.70,8.08,73.52,44.41,59.80,8.14
48.49,40.18,20.19,22.66,8.09,73.52,44.41,59.80,8.15
48.50,40.10,20.19,22.66,8.08,73.52,44.41,59.95,8.14
48.51,40.18,20.22,22.66,8.10,73.52,44.41,59.80,8.15
48.52,40.18,20.22,22.70,8.09,73.52,44.41,59.80,8.14
48.53,40.18,20.22,22.66,8.08,73.52,44.41,59.80,8.14
48.54,40.18,20.19,22.66,8.09,73.52,44.41,59.80,8.15
48.55,40.18,20.22,22.66,8.08,73.52,44.50,59.80,8.14
48.56,40.18,20.19,22.66,8.08,73.52,44.31,59.80,8.14
48.57,40.18,20.19,22.70,8.09,73.30,44.41,59.80,8.14
48.58,40.18,20.22,22.66,8.09,73.52,44.41,59.80,8.14
48.59,40.18,20.19,22.66,8.08,73.52,44.41,59.95,8.13
48.60,40.18,20.19,22.66,8.10,73.52,44.50,59.80,8.14
48.61,40.18,20.19,22.66,8.09,73.52,44.41,59.80,8.13
48.62,40.10,20.19,22.66,8.08,73.52,44.41,59.80,8.14
48.63,40.10,20.19,22.66,8.09,73.52,44.41,59.95,8.14
48.64,40.10,20.19,22.66,8.08,73.75,44.50,59.80,8.14
48.65,40.18,20.19,22.70,8.08,73.52,44.41,59.64,8.14
48.66,40.18,20.19,22.66,8.09,73.52,44.41,59.80,8.14
48.67,40.18,20.19,22.66,8.08,73.52,44.41,59.80,8.14
48.68,40.18,20.16,22.66,8.09,73.30,44.41,59.80,8.15
48.69,40.02,20.19,22.66,8.10,73.52,44.31,59.80,8.14
48.70,40.18,20.22,22.66,8.10,73.52,44.31,59.80,8.14
48.71,40.18,20.19,22.70,8.08,73.52,44.41,59.80,8.14
48.72,40.18,20.19,22.66,8.08,73.52,44.41,59.80,8.15
48.73,40.18,20.19,22.66,8.08,73.52,44.41,59.80,8.14
48.74,40.18,20.19,22.66,8.09,73.52,44.41,59.80,8.14
48.75,40.18,20.19,22.66,8.09,73.52,44.41,59.95,8.14
48.76,40.10,20.22,22.66,8.08,73.52,44.41,59.64,8.14
48.77,40.10,20.19,22.66,8.08,73.30,44.41,59.95,8.14
48.78,40.10,20.19,22.66,8.08,73.52,44.31,59.80,8.13
48.79,40.10,20.22,22.66,8.09,73.52,44.31,59.80,8.13
48.80,40.10,20.19,22.63,8.09,73.52,44.41,59.80,8.14
48.81,40.18,20.22,22.66,8.09,73.52,44.41,59.80,8.14
48.82,40.10,20.19,22.66,8.10,73.52,44.31,59.64,8.15
48.83,40.10,20.19,22.66,8.08,73.52,44.41,59.80,8.13
48.84,40.10,20.19,22.66,8.08,73.52,44.31,59.95,8.15
48.85,40.18,20.19,22.66,8.09,73.30,44.50,59.80,8.14
48.86,40.18,20.22,22.66,8.08,73.52,44.41,59.80,8.15
48.87,40.18,20.19,22.66,8.09,73.52,44.50,59.80,8.14
48.88,40.18,20.19,22.66,8.09,73.52,44.41,59.95,8.14
48.89,40.10,20.19,22.66,8.09,73.52,44.31,59.64,8.14
48.90,40.10,20.19,22.66,8.09,73.52,44.31,59.80,8.13
48.91,40.10,20.19,22.66,8.09,73.52,44.31,59.80,8.13
48.92,40.18,20.19,22.66,8.09,73.52,44.41,59.80,8.14
48.93,40.10,20.19,22.66,8.09,73.52,44.41,59.80,8.13
48.94,40.10,20.19,22.66,8.08,73.52,44.50,59.80,8.14
48.95,40.18,20.19,22.66,8.10,73.75,44.50,59.80,8.14
48.96,40.10,20.19,22.59,8.09,73.52,44.31,59.80,8.14
48.97,40.18,20.19,22.66,8.10,73.52,44.41,59.80,8.14
48.98,40.10,20.22,22.66,8.09,73.52,44.41,59.80,8.14
48.99,40.10,20.25,22.66,8.09,73.30,44.31,59.80,8.13
49.00,40.10,20.19,22.66,8.08,73.75,44.31,59.80,8.14
49.01,40.18,20.22,22.66,8.09,73.30,44.41,59.80,8.14
49.02,40.18,20.19,22.66,8.10,73.52,44.31,59.80,8.13
49.03,40.18,20.19,22.66,8.08,73.52,44.50,59.80,8.15
49.04,40.10,20.19,22.66,8.08,73.52,44.31,59.80,8.13
49.05,40.10,20.19,22.66,8.09,73.52,44.31,59.80,8.13
49.06,40.10,20.22,22.66,8.08,73.52,44.41,59.80,8.14
49.07,40.18,20.19,22.66,8.09,73.52,44.31,59.80,8.13
49.08,40.18,20.19,22.66,8.10,73.30,44.50,59.80,8.13
49.09,40.18,20.19,22.63,8.09,73.30,44.41,59.80,8.14
49.10,40.18,20.19,22.66,8.09,73.52,44.41,59.80,8.13
49.11,40.10,20.22,22.66,8.10,73.52,44.31,59.80,8.13
49.12,40.10,20.19,22.63,8.08,73.52,44.41,59.80,8.14
49.13,40.10,20.19,22.66,8.10,73.52,44.41,59.64,8.14
49.14,40.10,20.19,22.66,8.09,73.52,44.41,59.64,8.13
49.15,40.10,20.19,22.66,8.08,73.52,44.31,59.95,8.14
49.16,40.10,20.19,22.63,8.10,73.52,44.41,59.80,8.14
49.17,40.10,20.19,22.66,8.09,73.52,44.31,59.80,8.13
49.18,40.18,20.19,22.66,8.09,73.52,44.31,59.80,8.13
49.19,40.10,20.19,22.66,8.08,73.52,44.41,59.80,8.14
49.20,40.10,20.19,22.66,8.08,73.30,44.41,59.80,8.15
49.21,40.18,20.19,22.66,8.09,73.52,44.41,59.80,8.13
49.22,40.18,20.19,22.66,8.09,73.52,44.31,59.80,8.14
49.23,40.10,20.19,22.66,8.08,73.52,44.31,59.80,8.13
49.24,40.10,20.19,22.66,8.08,73.52,44.41,59.80,8.14
49.25,40.10,20.19,22.66,8.08,73.52,44.41,59.64,8.14
49.26,40.10,20.19,22.66,8.08,73.52,44.41,59.80,8.14
49.27,40.10,20.16,22.66,8.08,73.75,44.41,59.80,8.14
49.28,40.02,20.16,22.66,8.08,73.30,44.41,59.64,8.14
49.29,40.10,20.19,22.66,8.10,73.52,44.31,59.80,8.13
49.30,40.10,20.22,22.66,8.08,73.30,44.41,59.80,8.15
49.31,40.10,20.19,22.66,8.10,73.52,44.31,59.64,8.14
49.32,40.10,20.19,22.63,8.09,73.30,44.31,59.64,8.13
49.33,40.10,20.19,22.66,8.09,73.52,44.31,59.80,8.13
49.34,40.02,20.16,22.63,8.10,73.30,44.31,59.64,8.14
49.35,40.10,20.16,22.66,8.08,73.52,44.41,59.64,8.13
49.36,40.10,20.19,22.63,8.10,73.52,44.41,59.80,8.13
49.37,40.10,20.19,22.66,8.08,73.52,44.31,59.80,8.14
49.38,40.02,20.19,22.66,8.09,73.30,44.41,59.64,8.13
49.39,40.10,20.19,22.66,8.08,73.52,44.41,59.80,8.14
49.40,40.10,20.16,22.66,8.09,73.52,44.41,59.64,8.14
49.41,40.10,20.19,22.63,8.08,73.30,44.41,59.80,8.13
49.42,40.10,20.19,22.66,8.08,73.52,44.31,59.80,8.13
49.43,40.10,20.19,22.63,8.09,73.30,44.31,59.64,8.13
49.44,40.10,20.16,22.66,8.08,73.52,44.31,59.80,8.14
49.45,40.10,20.16,22.63,8.09,73.52,44.31,59.80,8.13
49.46,40.10,20.16,22.63,8.08,73.30,44.41,59.80,8.14
49.47,40.10,20.16,22.66,8.08,73.52,44.41,59.64,8.13
49.48,40.10,20.22,22.66,8.08,73.52,44.31,59.80,8.13
49.49,40.10,20.19,22.63,8.08,73.52,44.31,59.80,8.13
49.50,40.10,20.19,22.63,8.08,73.30,44.31,59.64,8.14
49.51,40.10,20.16,22.66,8.08,73.30,44.31,59.64,8.13
49.52,40.10,20.19,22.63,8.09,73.52,44.41,59.80,8.14
49.53,40.02,20.19,22.63,8.08,73.30,44.41,59.80,8.13
49.54,40.02,20.19,22.63,8.08,73.52,44.31,59.80,8.14
49.55,40.10,20.19,22.66,8.08,73.30,44.41,59.80,8.14
49.56,40.10,20.16,22.66,8.10,73.52,44.31,59.64,8.13
49.57,40.10,20.16,22.63,8.08,73.30,44.41,59.64,8.14
49.58,40.02,20.19,22.63,8.08,73.52,44.31,59.80,8.14
49.59,40.10,20.19,22.63,8.08,73.30,44.41,59.80,8.14
49.60,40.10,20.19,22.66,8.10,73.52,44.31,59.64,8.14
49.61,40.10,20.16,22.63,8.08,73.30,44.31,59.64,8.13
49.62,40.10,20.19,22.63,8.08,73.52,44.31,59.64,8.14
49.63,40.02,20.19,22.66,8.08,73.30,44.41,59.80,8.13
49.64,40.10,20.19,22.63,8.08,73.52,44.31,59.64,8.14
49.65,40.10,20.19,22.63,8.09,73.52,44.31,59.80,8.13
49.66,40.10,20.19,22.63,8.08,73.30,44.31,59.80,8.14
49.67,40.10,20.19,22.66,8.10,73.30,44.41,59.64,8.14
49.68,40.10,20.16,22.63,8.08,73.30,44.41,59.80,8.13
49.69,40.10,20.16,22.63,8.09,73.52,44.31,59.64,8.13
49.70,40.10,20.19,22.63,8.08,73.30,44.41,59.80,8.13
49.71,40.10,20.22,22.63,8.08,73.52,44.31,59.80,8.14
49.72,40.10,20.19,22.63,8.10,73.52,44.31,59.80,8.14
49.73,40.10,20.19,22.66,8.09,73.30,44.41,59.64,8.14
49.74,40.02,20.19,22.59,8.08,73.30,44.41,59.64,8.14
49.75,40.02,20.19,22.63,8.08,73.52,44.41,59.64,8.14
49.76,40.10,20.16,22.63,8.08,73.52,44.41,59.80,8.14
49.77,40.02,20.19,22.59,8.08,73.30,44.31,59.80,8.14
49.78,40.02,20.16,22.63,8.08,73.52,44.31,59.80,8.13
49.79,40.10,20.19,22.63,8.08,73.52,44.41,59.80,8.13
49.80,40.02,20.19,22.63,8.08,73.52,44.41,59.80,8.14
49.81,40.02,20.16,22.66,8.10,73.52,44.31,59.64,8.14
49.82,40.02,20.16,22.66,8.08,73.30,44.31,59.80,8.13
49.83,40.02,20.19,22.63,8.09,73.30,44.31,59.64,8.14
49.84,40.10,20.19,22.63,8.08,73.30,44.41,59.80,8.13
49.85,40.10,20.16,22.63,8.08,73.52,44.31,59.64,8.14
49.86,40.02,20.16,22.63,8.08,73.52,44.31,59.64,8.14
49.87,40.02,20.16,22.63,8.08,73.30,44.41,59.80,8.13
49.88,40.10,20.16,22.66,8.08,73.52,44.31,59.64,8.13
49.89,40.02,20.19,22.63,8.08,73.30,44.31,59.64,8.14
49.90,40.02,20.16,22.66,8.08,73.30,44.41,59.64,8.13
49.91,40.02,20.16,22.66,8.08,73.30,44.41,59.64,8.13
49.92,40.02,20.16,22.63,8.08,73.52,44.31,59.64,8.14
49.93,40.02,20.16,22.63,8.08,73.30,44.31,59.80,8.14
49.94,40.10,20.19,22.59,8.09,73.30,44.31,59.80,8.14
49.95,40.02,20.16,22.66,8.10,73.30,44.31,59.64,8.14
49.96,40.02,20.19,22.63,8.08,73.52,44.31,59.64,8.13
49.97,40.02,20.19,22.63,8.08,73.30,44.31,59.80,8.13
49.98,40.02,20.16,22.63,8.08,73.30,44.31,59.64,8.13
49.99,40.02,20.16,22.63,8.08,73.30,44.31,59.80,8.13
50.00,39.94,20.16,22.63,8.08,73.30,44.31,59.64,8.13
50.01,40.02,20.19,22.63,8.09,73.52,44.31,59.64,8.13
50.02,40.10,20.16,22.63,8.08,73.52,44.31,59.64,8.13
50.03,40.02,20.19,22.63,8.08,73.30,44.41,59.80,8.13
50.04,40.02,20.19,22.63,8.08,73.30,44.41,59.80,8.13
50.05,40.02,20.19,22.66,8.08,73.52,44.31,59.80,8.15
50.06,40.10,20.16,22.59,8.08,73.30,44.31,59.64,8.14
50.07,40.10,20.19,22.63,8.08,73.30,44.31,59.64,8.14
50.08,39.94,20.16,22.66,8.08,73.30,44.31,59.64,8.13
50.09,40.02,20.16,22.63,8.08,73.52,44.31,59.80,8.14
50.10,40.10,20.19,22.63,8.08,73.52,44.31,59.80,8.14
50.11,40.02,20.16,22.66,8.08,73.30,44.50,59.49,8.13
50.12,40.02,20.19,22.63,8.08,73.30,44.31,59.64,8.15
50.13,40.02,20.19,22.63,8.08,73.30,44.41,59.64,8.13
50.14,40.02,20.16,22.66,8.08,73.30,44.31,59.80,8.14
50.15,40.02,20.16,22.59,8.09,73.30,44.31,59.64,8.13
50.16,40.02,20.19,22.66,8.08,73.52,44.41,59.80,8.13
50.17,40.02,20.14,22.63,8.08,73.52,44.31,59.64,8.14
50.18,40.02,20.19,22.63,8.09,73.52,44.31,59.64,8.13
50.19,40.02,20.16,22.63,8.08,73.52,44.31,59.80,8.13
50.20,40.02,20.14,22.63,8.08,73.30,44.41,59.64,8.14
50.21,40.02,20.16,22.59,8.08,73.30,44.31,59.64,8.13
50.22,40.02,20.16,22.59,8.08,73.52,44.31,59.80,8.13
50.23,40.02,20.16,22.59,8.08,73.30,44.31,59.64,8.13
50.24,40.02,20.19,22.63,8.08,73.52,44.31,59.64,8.13
50.25,40.02,20.19,22.59,8.08,73.30,44.31,59.64,8.14
50.26,40.02,20.19,22.63,8.09,73.52,44.31,59.64,8.13
50.27,40.02,20.16,22.59,8.08,73.30,44.31,59.80,8.13
50.28,40.02,20.16,22.66,8.08,73.52,44.50,59.64,8.13
50.29,40.02,20.19,22.63,8.08,73.52,44.41,59.64,8.13
50.30,40.02,20.16,22.59,8.09,73.30,44.31,59.64,8.14
50.31,40.02,20.16,22.59,8.08,73.52,44.41,59.80,8.13
50.32,40.02,20.19,22.63,8.08,73.52,44.31,59.64,8.14
50.33,40.02,20.16,22.63,8.08,73.30,44.31,59.80,8.12
50.34,40.02,20.16,22.66,8.10,73.30,44.41,59.64,8.14
50.35,40.02,20.16,22.63,8.08,73.30,44.41,59.64,8.14
50.36,40.02,20.14,22.63,8.08,73.30,44.41,59.64,8.14
50.37,40.02,20.14,22.59,8.08,73.52,44.41,59.64,8.15
50.38,40.10,20.19,22.63,8.09,73.30,44.31,59.64,8.13
50.39,40.02,20.19,22.59,8.08,73.30,44.41,59.64,8.15
50.40,39.94,20.14,22.63,8.08,73.30,44.41,59.80,8.13
50.41,40.10,20.16,22.63,8.08,73.30,44.31,59.64,8.14
50.42,40.02,20.16,22.63,8.08,73.30,44.41,59.64,8.13
50.43,40.02,20.16,22.63,8.08,73.30,44.31,59.80,8.13
50.44,40.02,20.16,22.66,8.09,73.52,44.31,59.64,8.13
50.45,40.02,20.19,22.63,8.08,73.52,44.31,59.64,8.13
50.46,40.10,20.16,22.59,8.08,73.52,44.31,59.80,8.14
50.47,40.02,20.19,22.63,8.08,73.52,44.41,59.64,8.14
50.48,40.02,20.16,22.63,8.09,73.30,44.31,59.80,8.13
50.49,40.10,20.19,22.63,8.08,73.30,44.31,59.64,8.14
50.50,40.02,20.16,22.63,8.08,73.30,44.41,59.64,8.14
50.51,40.02,20.16,22.63,8.08,73.30,44.41,59.64,8.14
50.52,40.02,20.16,22.59,8.08,73.30,44.31,59.49,8.13
50.53,40.02,20.16,22.59,8.08,73.52,44.31,59.64,8.14
50.54,40.02,20.16,22.59,8.08,73.30,44.31,59.64,8.13
50.55,40.02,20.16,22.63,8.09,73.52,44.31,59.49,8.14
50.56,40.02,20.19,22.63,8.08,73.52,44.41,59.64,8.14
50.57,40.02,20.16,22.63,8.09,73.30,44.41,59.64,8.13
50.58,40.10,20.19,22.63,8.09,73.30,44.31,59.64,8.14
50.59,40.02,20.19,22.59,8.08,73.52,44.22,59.64,8.13
50.60,40.02,20.16,22.63,8.09,73.30,44.41,59.80,8.13
50.61,40.10,20.16,22.63,8.08,73.30,44.31,59.64,8.13
50.62,40.02,20.16,22.63,8.08,73.52,44.31,59.80,8.14
50.63,40.02,20.16,22.63,8.08,73.30,44.31,59.64,8.13
50.64,40.02,20.19,22.63,8.08,73.52,44.31,59.64,8.13
50.65,40.02,20.16,22.59,8.10,73.30,44.31,59.64,8.13
50.66,40.02,20.16,22.59,8.08,73.30,44.31,59.64,8.14
50.67,40.10,20.16,22.63,8.07,73.30,44.41,59.64,8.13
50.68,40.10,20.16,22.63,8.08,73.52,44.31,59.64,8.13
50.69,40.10,20.16,22.63,8.08,73.52,44.31,59.64,8.14
50.70,40.10,20.19,22.63,8.08,73.30,44.31,59.64,8.13
50.71,40.02,20.16,22.63,8.08,73.30,44.31,59.80,8.13
50.72,40.10,20.16,22.59,8.08,73.30,44.31,59.64,8.13
50.73,40.02,20.19,22.59,8.08,73.52,44.41,59.64,8.14
50.74,40.02,20.16,22.63,8.08,73.30,44.41,59.80,8.14
50.75,39.94,20.16,22.59,8.08,73.30,44.41,59.64,8.13
50.76,40.02,20.16,22.63,8.08,73.30,44.31,59.64,8.13
50.77,40.02,20.16,22.63,8.08,73.30,44.31,59.64,8.13
50.78,40.02,20.16,22.59,8.09,73.30,44.41,59.64,8.13
50.79,40.02,20.19,22.59,8.08,73.30,44.31,59.64,8.13
50.80,40.02,20.16,22.63,8.08,73.30,44.31,59.64,8.14
50.81,40.02,20.16,22.63,8.08,73.52,44.31,59.64,8.14
50.82,40.02,20.19,22.63,8.09,73.30,44.31,59.64,8.14
50.83,40.02,20.16,22.59,8.08,73.30,44.31,59.80,8.14
50.84,40.02,20.19,22.63,8.08,73.30,44.31,59.64,8.13
50.85,40.02,20.16,22.63,8.09,73.30,44.31,59.64,8.13
50.86,40.02,20.19,22.63,8.08,73.30,44.41,59.64,8.14
50.87,40.02,20.16,22.63,8.08,73.52,44.41,59.64,8.13
50.88,40.02,20.16,22.63,8.08,73.52,44.31,59.49,8.13
50.89,40.02,20.16,22.63,8.08,73.52,44.31,59.64,8.14
50.90,40.02,20.19,22.59,8.08,73.52,44.31,59.80,8.13
50.91,40.02,20.16,22.63,8.08,73.30,44.31,59.64,8.13
50.92,40.02,20.16,22.63,8.08,73.52,44.31,59.64,8.13
50.93,40.02,20.16,22.63,8.08,73.52,44.31,59.64,8.13
50.94,40.02,20.16,22.63,8.09,73.30,44.31,59.64,8.13
50.95,40.02,20.16,22.63,8.08,73.52,44.31,59.64,8.14
50.96,40.02,20.14,22.63,8.08,73.30,44.31,59.64,8.13
50.97,40.02,20.16,22.63,8.08,73.30,44.31,59.64,8.13
50.98,40.02,20.16,22.63,8.08,73.30,44.31,59.64,8.14
50.99,40.02,20.16,22.63,8.08,73.30,44.41,59.64,8.13
51.00,40.02,20.19,22.66,8.08,73.30,44.41,59.64,8.15
51.01,40.02,20.16,22.63,8.08,73.30,44.31,59.49,8.13
51.02,40.02,20.16,22.63,8.08,73.52,44.31,59.64,8.14
51.03,40.10,20.16,22.63,8.08,73.30,44.41,59.64,8.14
51.04,40.02,20.16,22.63,8.08,73.30,44.31,59.64,8.13
51.05,40.10,20.19,22.59,8.09,73.52,44.41,59.64,8.14
51.06,39.94,20.19,22.63,8.08,73.52,44.31,59.64,8.14
51.07,40.02,20.16,22.63,8.08,73.52,44.31,59.64,8.13
51.08,40.02,20.16,22.63,8.08,73.30,44.31,59.64,8.14
51.09,40.10,20.16,22.59,8.08,73.30,44.31,59.64,8.14
51.10,40.02,20.16,22.63,8.08,73.30,44.31,59.64,8.15
51.11,40.02,20.16,22.63,8.08,73.52,44.41,59.64,8.14
51.12,40.10,20.16,22.63,8.08,73.30,44.41,59.80,8.14
51.13,40.02,20.19,22.63,8.08,73.30,44.31,59.64,8.14
51.14,40.02,20.16,22.63,8.08,73.30,44.31,59.64,8.13
51.15,40.02,20.16,22.63,8.08,73.30,44.41,59.64,8.14
51.16,40.10,20.16,22.63,8.08,73.52,44.31,59.64,8.13
51.17,40.02,20.16,22.63,8.09,73.52,44.31,59.64,8.14
51.18,40.02,20.19,22.63,8.08,73.30,44.41,59.64,8.13
51.19,40.02,20.16,22.63,8.08,73.30,44.31,59.80,8.13
51.20,40.02,20.19,22.63,8.08,73.30,44.31,59.64,8.14
51.21,40.02,20.19,22.63,8.08,73.52,44.31,59.64,8.13
51.22,40.10,20.16,22.63,8.08,73.30,44.31,59.64,8.13
51.23,40.10,20.16,22.66,8.08,73.30,44.41,59.64,8.13
51.24,40.10,20.19,22.63,8.08,73.30,44.31,59.64,8.14
51.25,40.10,20.16,22.63,8.09,73.30,44.31,59.64,8.14
51.26,40.10,20.19,22.63,8.08,73.52,44.31,59.64,8.13
51.27,40.10,20.16,22.63,8.08,73.52,44.31,59.64,8.14
51.28,40.02,20.16,22.63,8.09,73.30,44.31,59.64,8.13
51.29,40.10,20.16,22.63,8.08,73.52,44.31,59.64,8.13
51.30,40.10,20.16,22.63,8.08,73.30,44.41,59.64,8.13
51.31,40.10,20.19,22.63,8.09,73.30,44.31,59.64,8.13
51.32,40.02,20.16,22.63,8.09,73.30,44.31,59.80,8.13
51.34,40.02,20.19,22.63,8.08,73.30,44.31,59.64,8.13
51.35,40.10,20.19,22.63,8.08,73.30,44.41,59.64,8.14
51.36,40.10,20.16,22.63,8.08,73.30,44.31,59.64,8.13
51.37,40.10,20.16,22.63,8.09,73.30,44.31,59.64,8.14
51.38,40.10,20.19,22.63,8.08,73.52,44.31,59.80,8.13
51.39,40.10,20.19,22.63,8.08,73.30,44.31,59.64,8.13
51.40,40.02,20.16,22.63,8.08,73.52,44.31,59.49,8.13
51.41,40.10,20.16,22.63,8.08,73.30,44.31,59.64,8.14
51.42,40.02,20.16,22.63,8.08,73.52,44.31,59.64,8.13
51.43,40.02,20.16,22.66,8.08,73.30,44.41,59.64,8.14
51.44,40.10,20.16,22.66,8.09,73.52,44.41,59.64,8.13
51.45,40.02,20.19,22.63,8.07,73.52,44.41,59.64,8.14
51.46,40.10,20.16,22.66,8.08,73.52,44.31,59.64,8.13
51.47,40.10,20.16,22.63,8.08,73.30,44.41,59.64,8.13
51.48,40.10,20.19,22.66,8.09,73.52,44.41,59.64,8.13
51.49,40.10,20.16,22.63,8.08,73.30,44.41,59.64,8.13
51.50,40.10,20.19,22.63,8.08,73.30,44.31,59.64,8.13
51.51,40.02,20.16,22.63,8.08,73.52,44.31,59.64,8.13
51.52,40.10,20.16,22.63,8.08,73.30,44.41,59.64,8.12
51.53,40.10,20.19,22.66,8.08,73.52,44.31,59.64,8.13
51.54,40.02,20.16,22.66,8.09,73.52,44.31,59.64,8.15
51.55,40.18,20.16,22.63,8.09,73.52,44.31,59.80,8.13
51.56,40.02,20.16,22.63,8.08,73.52,44.31,59.64,8.15
51.57,40.10,20.16,22.66,8.08,73.52,44.31,59.64,8.13
51.58,40.10,20.16,22.66,8.08,73.52,44.41,59.64,8.13
51.59,40.02,20.16,22.63,8.09,73.30,44.31,59.64,8.14
51.60,40.10,20.16,22.66,8.09,73.52,44.31,59.64,8.14
51.61,40.10,20.19,22.66,8.08,73.30,44.31,59.64,8.14
51.62,40.10,20.16,22.63,8.08,73.52,44.31,59.64,8.14
51.63,40.10,20.16,22.66,8.08,73.52,44.31,59.64,8.14
51.64,40.10,20.16,22.63,8.09,73.30,44.31,59.64,8.13
51.65,40.10,20.16,22.66,8.08,73.52,44.31,59.64,8.13
51.66,40.10,20.16,22.66,8.08,73.52,44.31,59.64,8.14
51.67,40.10,20.16,22.66,8.09,73.52,44.41,59.49,8.14
51.68,40.10,20.19,22.63,8.09,73.30,44.41,59.64,8.13
51.69,40.02,20.19,22.63,8.09,73.52,44.31,59.64,8.13
51.70,40.10,20.16,22.66,8.09,73.52,44.31,59.64,8.13
51.71,40.10,20.19,22.66,8.08,73.52,44.31,59.64,8.14
51.72,40.10,20.16,22.66,8.08,73.30,44.31,59.80,8.13
51.73,40.10,20.16,22.66,8.08,73.52,44.31,59.80,8.13
51.74,40.10,20.16,22.63,8.08,73.52,44.31,59.49,8.14
51.75,40.10,20.19,22.63,8.08,73.52,44.31,59.80,8.13
51.76,40.10,20.19,22.63,8.08,73.52,44.31,59.64,8.13
51.77,40.10,20.19,22.63,8.08,73.30,44.41,59.64,8.13
51.78,40.10,20.16,22.66,8.08,73.52,44.31,59.64,8.13
51.79,40.10,20.16,22.63,8.08,73.52,44.41,59.64,8.13
51.80,40.10,20.16,22.66,8.08,73.52,44.41,59.64,8.13
51.81,40.10,20.16,22.66,8.08,73.52,44.31,59.64,8.13
51.82,40.18,20.16,22.66,8.09,73.52,44.31,59.64,8.14
51.83,40.10,20.16,22.66,8.08,73.52,44.31,59.64,8.14
51.84,40.10,20.19,22.66,8.09,73.30,44.31,59.49,8.13
51.85,40.10,20.16,22.66,8.09,73.30,44.41,59.49,8.14
51.86,40.10,20.19,22.66,8.08,73.30,44.31,59.64,8.14
51.87,40.18,20.19,22.66,8.07,73.30,44.31,59.64,8.13
51.88,40.18,20.16,22.63,8.08,73.30,44.41,59.64,8.14
51.89,40.10,20.16,22.66,8.08,73.30,44.31,59.64,8.14
51.90,40.10,20.16,22.66,8.09,73.30,44.31,59.49,8.13
51.91,40.18,20.16,22.66,8.08,73.52,44.31,59.64,8.14
51.92,40.18,20.16,22.66,8.08,73.30,44.31,59.64,8.13
51.93,40.18,20.16,22.66,8.08,73.52,44.31,59.64,8.13
51.94,40.18,20.19,22.63,8.09,73.30,44.31,59.64,8.15
51.95,40.10,20.16,22.63,8.09,73.52,44.31,59.49,8.14
51.96,40.10,20.16,22.66,8.09,73.52,44.31,59.64,8.13
51.97,40.10,20.19,22.66,8.08,73.52,44.31,59.64,8.14
51.98,40.10,20.16,22.66,8.08,73.52,44.41,59.64,8.13
51.99,40.10,20.16,22.66,8.08,73.52,44.41,59.64,8.14
52.00,40.18,20.16,22.66,8.08,73.52,44.31,59.64,8.14
52.01,40.18,20.19,22.66,8.07,73.52,44.31,59.64,8.13
52.02,40.18,20.19,22.63,8.08,73.52,44.41,59.49,8.13
52.03,40.10,20.16,22.66,8.09,73.52,44.31,59.49,8.14
52.04,40.18,20.19,22.66,8.08,73.30,44.31,59.64,8.13
52.05,40.18,20.16,22.66,8.08,73.52,44.31,59.64,8.13
52.06,40.18,20.16,22.66,8.08,73.52,44.41,59.64,8.12
52.07,40.18,20.16,22.66,8.08,73.30,44.31,59.64,8.14
52.08,40.10,20.19,22.66,8.08,73.52,44.31,59.49,8.13
52.09,40.18,20.16,22.66,8.09,73.30,44.41,59.64,8.13
52.10,40.10,20.16,22.66,8.08,73.30,44.41,59.49,8.14
52.11,40.10,20.16,22.70,8.09,73.52,44.41,59.64,8.13
52.12,40.18,20.19,22.63,8.08,73.30,44.31,59.64,8.14
52.13,40.18,20.16,22.66,8.08,73.30,44.31,59.64,8.13
52.14,40.18,20.16,22.70,8.08,73.30,44.31,59.64,8.14
52.15,40.10,20.16,22.66,8.08,73.52,44.31,59.64,8.13
52.16,40.10,20.16,22.66,8.08,73.52,44.31,59.64,8.13
52.17,40.18,20.14,22.66,8.08,73.52,44.41,59.64,8.13
52.18,40.10,20.16,22.66,8.08,73.52,44.31,59.64,8.13
52.19,40.10,20.16,22.66,8.08,73.30,44.31,59.64,8.13
52.20,40.18,20.19,22.70,8.09,73.30,44.31,59.64,8.14
52.21,40.18,20.16,22.66,8.07,73.30,44.31,59.49,8.14
52.22,40.18,20.19,22.66,8.08,73.52,44.41,59.64,8.13
52.23,40.18,20.16,22.66,8.09,73.52,44.41,59.64,8.13
52.24,40.18,20.16,22.66,8.08,73.30,44.41,59.64,8.14
52.25,40.10,20.16,22.66,8.09,73.52,44.31,59.64,8.13
52.26,40.18,20.16,22.66,8.08,73.52,44.31,59.64,8.13
52.27,40.18,20.19,22.66,8.08,73.52,44.41,59.49,8.12
52.28,40.18,20.16,22.66,8.08,73.52,44.41,59.64,8.13
52.29,40.18,20.16,22.66,8.08,73.52,44.41,59.64,8.13
52.30,40.18,20.16,22.66,8.08,73.52,44.31,59.49,8.14
52.31,40.18,20.16,22.66,8.08,73.30,44.31,59.64,8.13
52.32,40.18,20.19,22.66,8.08,73.30,44.41,59.64,8.13
52.33,40.18,20.19,22.66,8.08,73.52,44.31,59.64,8.14
52.34,40.18,20.16,22.66,8.08,73.52,44.31,59.64,8.13
52.35,40.18,20.19,22.66,8.08,73.52,44.41,59.64,8.14
52.36,40.26,20.16,22.70,8.10,73.52,44.31,59.64,8.13
52.37,40.18,20.19,22.66,8.08,73.52,44.31,59.64,8.14
52.38,40.10,20.16,22.66,8.08,73.52,44.31,59.64,8.13
52.39,40.18,20.19,22.66,8.07,73.30,44.41,59.49,8.13
52.40,40.18,20.19,22.66,8.08,73.52,44.31,59.64,8.14
52.41,40.18,20.16,22.70,8.08,73.52,44.31,59.64,8.14
52.42,40.18,20.16,22.70,8.08,73.52,44.31,59.64,8.13
52.43,40.18,20.19,22.66,8.08,73.52,44.31,59.49,8.13
52.44,40.18,20.16,22.66,8.07,73.52,44.31,59.64,8.13
52.45,40.26,20.16,22.66,8.07,73.52,44.41,59.49,8.14
52.46,40.18,20.16,22.66,8.08,73.52,44.41,59.64,8.14
52.47,40.18,20.16,22.66,8.08,73.52,44.41,59.64,8.13
52.48,40.26,20.16,22.66,8.08,73.52,44.41,59.49,8.13
52.49,40.18,20.16,22.66,8.09,73.52,44.31,59.64,8.13
52.50,40.18,20.16,22.66,8.08,73.52,44.31,59.49,8.13
52.51,40.18,20.16,22.70,8.09,73.52,44.31,59.64,8.13
52.52,40.18,20.16,22.66,8.09,73.52,44.41,59.49,8.14
52.53,40.26,20.16,22.66,8.08,73.52,44.41,59.49,8.13
52.56,40.18,20.16,22.66,8.08,73.52,44.41,59.49,8.14
52.56,40.18,20.14,22.66,8.09,73.52,44.31,59.49,8.14
52.57,40.18,20.16,22.66,8.09,73.52,44.41,59.64,8.13
52.58,40.18,20.16,22.70,8.08,73.52,44.31,59.64,8.13
52.59,40.18,20.14,22.66,8.08,73.52,44.31,59.64,8.13
52.60,40.26,20.16,22.66,8.08,73.52,44.31,59.49,8.14
52.61,40.18,20.16,22.70,8.08,73.75,44.31,59.64,8.13
52.62,40.26,20.16,22.66,8.09,73.75,44.31,59.64,8.13
52.63,40.18,20.16,22.66,8.09,73.52,44.31,59.49,8.13
52.64,40.18,20.16,22.66,8.08,73.52,44.31,59.49,8.13
52.65,40.26,20.19,22.66,8.08,73.52,44.31,59.64,8.13
52.66,40.18,20.16,22.70,8.09,73.75,44.50,59.64,8.13
52.67,40.26,20.16,22.70,8.08,73.52,44.31,59.64,8.13
52.68,40.18,20.19,22.66,8.07,73.52,44.22,59.64,8.14
52.69,40.26,20.16,22.70,8.09,73.52,44.31,59.49,8.13
52.70,40.18,20.16,22.70,8.07,73.52,44.41,59.64,8.14
52.71,40.18,20.16,22.70,8.08,73.52,44.41,59.49,8.14
52.72,40.10,20.16,22.70,8.08,73.52,44.31,59.64,8.14
52.73,40.18,20.16,22.70,8.08,73.52,44.41,59.64,8.14
52.74,40.18,20.16,22.70,8.08,73.75,44.41,59.64,8.13
52.75,40.18,20.16,22.66,8.09,73.52,44.31,59.49,8.13
52.76,40.26,20.14,22.70,8.08,73.52,44.41,59.49,8.13
52.77,40.26,20.16,22.70,8.08,73.52,44.31,59.64,8.14
52.78,40.18,20.16,22.70,8.08,73.52,44.41,59.64,8.13
52.79,40.26,20.16,22.70,8.08,73.52,44.41,59.64,8.13
52.80,40.26,20.16,22.66,8.08,73.52,44.41,59.64,8.14
52.81,40.18,20.19,22.70,8.08,73.52,44.31,59.64,8.13
52.82,40.26,20.16,22.70,8.08,73.52,44.31,59.64,8.13
52.83,40.18,20.19,22.70,8.08,73.75,44.41,59.64,8.13
52.84,40.26,20.19,22.66,8.08,73.30,44.31,59.64,8.13
52.85,40.26,20.19,22.70,8.09,73.75,44.41,59.64,8.14
52.86,40.26,20.19,22.66,8.08,73.75,44.31,59.64,8.14
52.87,40.26,20.16,22.73,8.08,73.52,44.31,59.64,8.13
52.88,40.18,20.16,22.70,8.08,73.75,44.31,59.64,8.13
52.89,40.26,20.16,22.70,8.08,73.52,44.41,59.64,8.13
52.90,40.26,20.19,22.70,8.08,73.75,44.31,59.64,8.13
52.91,40.26,20.16,22.70,8.08,73.75,44.31,59.49,8.13
52.92,40.26,20.19,22.70,8.08,73.52,44.31,59.64,8.14
52.93,40.18,20.16,22.70,8.08,73.52,44.31,59.33,8.14
52.94,40.26,20.16,22.70,8.08,73.52,44.41,59.49,8.13
52.95,40.26,20.16,22.70,8.08,73.52,44.41,59.64,8.13
52.96,40.26,20.16,22.70,8.08,73.52,44.41,59.64,8.14
52.97,40.10,20.16,22.70,8.08,73.52,44.31,59.64,8.13
52.98,40.26,20.19,22.70,8.09,73.30,44.41,59.49,8.13
52.99,40.26,20.16,22.66,8.10,73.75,44.41,59.64,8.14
53.00,40.34,20.19,22.70,8.08,73.52,44.31,59.64,8.13
53.01,40.34,20.16,22.70,8.08,73.52,44.22,59.49,8.13
53.02,40.18,20.16,22.66,8.08,73.52,44.31,59.64,8.13
53.03,40.26,20.19,22.70,8.08,73.52,44.31,59.49,8.14
53.04,40.26,20.16,22.70,8.08,73.75,44.41,59.64,8.14
53.05,40.26,20.16,22.70,8.08,73.52,44.31,59.64,8.14
53.06,40.26,20.16,22.66,8.08,73.52,44.31,59.49,8.13
53.07,40.18,20.16,22.73,8.08,73.52,44.41,59.64,8.13
53.08,40.26,20.16,22.70,8.09,73.75,44.31,59.64,8.13
53.09,40.26,20.19,22.70,8.08,73.75,44.31,59.49,8.13
53.10,40.34,20.19,22.70,8.08,73.75,44.31,59.64,8.14
53.11,40.26,20.19,22.70,8.09,73.75,44.31,59.64,8.13
53.12,40.26,20.19,22.73,8.08,73.52,44.31,59.64,8.13
53.13,40.26,20.16,22.70,8.08,73.52,44.31,59.49,8.14
53.14,40.26,20.16,22.70,8.08,73.52,44.31,59.80,8.13
53.15,40.26,20.16,22.70,8.08,73.52,44.41,59.64,8.14
53.16,40.26,20.19,22.70,8.08,73.52,44.31,59.64,8.14
53.17,40.26,20.16,22.73,8.08,73.52,44.31,59.64,8.13
53.18,40.26,20.16,22.70,8.08,73.52,44.31,59.80,8.14
53.19,40.26,20.19,22.70,8.08,73.52,44.31,59.64,8.14
53.20,40.26,20.16,22.70,8.08,73.75,44.41,59.64,8.13
53.21,40.26,20.19,22.73,8.08,73.52,44.31,59.64,8.13
53.22,40.26,20.16,22.70,8.08,73.52,44.31,59.64,8.14
53.23,40.26,20.19,22.70,8.09,73.75,44.41,59.64,8.13
53.24,40.26,20.19,22.70,8.08,73.52,44.31,59.64,8.14
53.25,40.26,20.19,22.73,8.08,73.52,44.41,59.49,8.14
53.26,40.26,20.16,22.70,8.08,73.75,44.41,59.49,8.13
53.27,40.26,20.16,22.73,8.09,73.52,44.31,59.49,8.13
53.28,40.26,20.19,22.70,8.09,73.75,44.31,59.64,8.13
53.29,40.26,20.16,22.73,8.08,73.75,44.31,59.64,8.13
53.30,40.26,20.19,22.70,8.07,73.75,44.41,59.64,8.14
53.31,40.26,20.19,22.70,8.08,73.75,44.31,59.64,8.14
53.32,40.34,20.16,22.70,8.08,73.52,44.41,59.49,8.13
53.33,40.26,20.16,22.70,8.08,73.52,44.41,59.64,8.13
53.34,40.34,20.19,22.70,8.08,73.75,44.41,59.64,8.13
53.35,40.26,20.16,22.73,8.08,73.52,44.41,59.64,8.14
53.36,40.34,20.19,22.70,8.09,73.52,44.41,59.64,8.13
53.37,40.34,20.19,22.70,8.08,73.52,44.31,59.49,8.14
53.38,40.26,20.16,22.70,8.09,73.52,44.41,59.64,8.14
53.39,40.26,20.16,22.70,8.09,73.75,44.41,59.49,8.12
53.40,40.34,20.19,22.73,8.08,73.52,44.31,59.64,8.13
53.41,40.26,20.16,22.73,8.08,73.75,44.31,59.64,8.14
53.42,40.26,20.19,22.73,8.08,73.75,44.31,59.64,8.13
53.43,40.34,20.16,22.73,8.09,73.52,44.31,59.64,8.13
53.44,40.34,20.16,22.73,8.08,73.52,44.31,59.64,8.13
53.45,40.26,20.16,22.73,8.08,73.52,44.41,59.64,8.14
53.46,40.34,20.19,22.70,8.08,73.75,44.31,59.64,8.14
53.47,40.34,20.19,22.73,8.08,73.52,44.31,59.64,8.13
53.48,40.18,20.16,22.73,8.08,73.75,44.31,59.49,8.13
53.49,40.26,20.16,22.70,8.08,73.52,44.41,59.80,8.13
53.50,40.34,20.19,22.73,8.08,73.75,44.41,59.64,8.13
53.51,40.34,20.16,22.73,8.08,73.75,44.31,59.64,8.14
53.52,40.34,20.19,22.73,8.09,73.52,44.31,59.64,8.13
53.54,40.26,20.14,22.70,8.08,73.52,44.31,59.64,8.13
53.55,40.34,20.16,22.73,8.08,73.52,44.31,59.64,8.14
53.56,40.34,20.19,22.70,8.09,73.52,44.31,59.64,8.13
53.57,40.26,20.19,22.73,8.09,73.52,44.31,59.64,8.13
53.58,40.34,20.19,22.73,8.08,73.52,44.41,59.64,8.14
53.59,40.42,20.16,22.73,8.08,73.52,44.31,59.64,8.14
53.60,40.34,20.16,22.70,8.08,73.52,44.31,59.64,8.14
53.61,40.34,20.19,22.73,8.08,73.52,44.31,59.64,8.14
53.62,40.34,20.16,22.73,8.09,73.52,44.41,59.64,8.14
53.63,40.34,20.19,22.70,8.08,73.75,44.41,59.64,8.13
53.64,40.26,20.19,22.73,8.08,73.75,44.31,59.64,8.14
53.65,40.34,20.19,22.73,8.08,73.52,44.41,59.64,8.14
53.66,40.34,20.19,22.73,8.08,73.52,44.41,59.64,8.14
53.67,40.34,20.19,22.73,8.08,73.75,44.31,59.64,8.14
53.68,40.34,20.19,22.73,8.08,73.52,44.31,59.64,8.14
53.69,40.34,20.19,22.73,8.08,73.75,44.31,59.49,8.13
53.70,40.34,20.19,22.73,8.08,73.52,44.41,59.64,8.14
53.71,40.34,20.16,22.73,8.08,73.75,44.31,59.64,8.13
53.72,40.34,20.16,22.73,8.09,73.75,44.31,59.64,8.13
53.73,40.34,20.19,22.73,8.09,73.75,44.41,59.64,8.14
53.74,40.34,20.19,22.73,8.09,73.52,44.50,59.49,8.14
53.75,40.34,20.16,22.73,8.08,73.75,44.31,59.64,8.14
53.76,40.34,20.19,22.73,8.08,73.75,44.31,59.80,8.14
53.77,40.34,20.16,22.70,8.08,73.52,44.41,59.64,8.13
53.78,40.34,20.16,22.73,8.08,73.75,44.41,59.64,8.13
53.79,40.34,20.19,22.73,8.08,73.75,44.31,59.64,8.13
53.80,40.34,20.19,22.73,8.08,73.75,44.41,59.64,8.13
53.81,40.34,20.19,22.73,8.08,73.75,44.41,59.80,8.13
53.82,40.34,20.16,22.73,8.08,73.75,44.31,59.64,8.13
53.83,40.34,20.16,22.73,8.08,73.75,44.31,59.64,8.14
53.84,40.34,20.16,22.73,8.08,73.75,44.31,59.64,8.14
53.85,40.34,20.19,22.73,8.08,73.52,44.41,59.64,8.14
53.86,40.34,20.19,22.73,8.09,73.52,44.41,59.64,8.13
53.87,40.34,20.16,22.73,8.10,73.75,44.31,59.64,8.13
53.88,40.34,20.16,22.73,8.09,73.75,44.41,59.64,8.13
53.89,40.34,20.19,22.73,8.07,73.75,44.41,59.64,8.13
53.90,40.34,20.19,22.73,8.09,73.75,44.31,59.64,8.13
53.91,40.34,20.19,22.73,8.08,73.75,44.41,59.80,8.14
53.92,40.34,20.19,22.73,8.08,73.52,44.41,59.64,8.13
53.93,40.34,20.19,22.73,8.08,73.75,44.31,59.64,8.12
53.94,40.34,20.16,22.73,8.08,73.97,44.31,59.80,8.14
53.95,40.34,20.16,22.73,8.08,73.75,44.41,59.64,8.14
53.96,40.34,20.19,22.73,8.08,73.75,44.41,59.64,8.14
53.97,40.34,20.19,22.73,8.09,73.75,44.31,59.80,8.13
53.98,40.42,20.16,22.73,8.08,73.75,44.31,59.64,8.14
53.99,40.34,20.16,22.73,8.08,73.75,44.50,59.64,8.14
54.00,40.26,20.16,22.73,8.08,73.75,44.31,59.64,8.14
54.01,40.34,20.16,22.76,8.08,73.75,44.41,59.64,8.13
54.02,40.34,20.16,22.73,8.08,73.75,44.31,59.64,8.13
54.03,40.34,20.19,22.73,8.08,73.52,44.41,59.64,8.14
54.04,40.34,20.16,22.73,8.08,73.75,44.41,59.64,8.14
54.05,40.34,20.19,22.73,8.08,73.75,44.31,59.64,8.13
54.06,40.34,20.19,22.76,8.08,73.75,44.31,59.80,8.13
54.07,40.42,20.19,22.73,8.08,73.75,44.41,59.64,8.15
54.08,40.42,20.19,22.76,8.08,73.52,44.31,59.80,8.13
54.09,40.34,20.19,22.73,8.08,73.52,44.41,59.64,8.13
54.10,40.34,20.19,22.76,8.08,73.75,44.41,59.64,8.13
54.11,40.34,20.19,22.73,8.08,73.75,44.50,59.80,8.14
54.12,40.34,20.19,22.73,8.08,73.75,44.41,59.49,8.15
54.13,40.34,20.16,22.73,8.08,73.75,44.41,59.64,8.13
54.14,40.34,20.19,22.73,8.08,73.75,44.31,59.33,8.13
54.15,40.34,20.19,22.76,8.08,73.52,44.41,59.49,8.13
54.16,40.34,20.19,22.73,8.08,73.52,44.41,59.64,8.13
54.17,40.34,20.19,22.73,8.07,73.75,44.31,59.80,8.14
54.18,40.34,20.19,22.73,8.08,73.75,44.41,59.80,8.14
54.19,40.42,20.19,22.73,8.09,73.75,44.31,59.64,8.14
54.20,40.34,20.19,22.76,8.08,73.97,44.41,59.64,8.14
54.21,40.34,20.19,22.73,8.09,73.75,44.31,59.64,8.13
54.22,40.34,20.22,22.73,8.08,73.75,44.31,59.64,8.13
54.23,40.34,20.16,22.73,8.08,73.75,44.31,59.64,8.14
54.24,40.34,20.16,22.73,8.08,73.75,44.41,59.80,8.14
54.25,40.34,20.19,22.73,8.09,73.75,44.41,59.64,8.13
54.26,40.42,20.16,22.76,8.08,73.75,44.31,59.64,8.14
54.27,40.42,20.19,22.76,8.08,73.75,44.41,59.64,8.13
54.28,40.42,20.19,22.73,8.08,73.75,44.41,59.64,8.14
54.29,40.42,20.22,22.76,8.08,73.75,44.31,59.64,8.14
54.30,40.42,20.19,22.73,8.08,73.75,44.31,59.64,8.14
54.31,40.42,20.19,22.76,8.08,73.75,44.41,59.64,8.14
54.32,40.42,20.19,22.76,8.08,73.75,44.31,59.80,8.14
54.33,40.42,20.22,22.73,8.09,73.52,44.41,59.64,8.14
54.34,40.42,20.19,22.73,8.08,73.75,44.41,59.80,8.15
54.35,40.42,20.19,22.73,8.08,73.75,44.41,59.64,8.14
54.36,40.42,20.19,22.76,8.09,73.75,44.41,59.64,8.14
54.37,40.42,20.22,22.76,8.08,73.75,44.31,59.64,8.13
54.38,40.42,20.19,22.73,8.08,73.75,44.31,59.64,8.13
54.39,40.42,20.19,22.73,8.08,73.75,44.31,59.64,8.13
54.40,40.42,20.19,22.76,8.09,73.75,44.31,59.64,8.13
54.41,40.34,20.19,22.76,8.09,73.97,44.41,59.64,8.15
54.42,40.42,20.19,22.76,8.08,73.75,44.41,59.64,8.13
54.43,40.42,20.22,22.76,8.08,73.75,44.31,59.64,8.14
54.44,40.34,20.16,22.76,8.09,73.75,44.41,59.64,8.14
54.45,40.42,20.16,22.76,8.09,73.75,44.41,59.64,8.13
54.46,40.42,20.19,22.80,8.08,73.75,44.50,59.80,8.14
54.47,40.42,20.19,22.76,8.10,73.75,44.41,59.80,8.14
54.48,40.42,20.19,22.73,8.08,73.75,44.31,59.64,8.14
54.49,40.42,20.19,22.73,8.08,73.75,44.31,59.64,8.13
54.50,40.50,20.19,22.73,8.08,73.75,44.41,59.64,8.13
54.51,40.42,20.22,22.76,8.08,73.97,44.41,59.80,8.13
54.52,40.34,20.19,22.73,8.08,73.97,44.41,59.64,8.14
54.53,40.34,20.19,22.76,8.08,73.75,44.41,59.80,8.14
54.54,40.42,20.19,22.76,8.08,73.75,44.41,59.64,8.14
54.55,40.34,20.22,22.76,8.08,73.75,44.41,59.64,8.13
54.56,40.42,20.19,22.76,8.08,73.75,44.41,59.64,8.13
54.57,40.50,20.22,22.76,8.08,73.97,44.41,59.64,8.13
54.58,40.34,20.19,22.76,8.08,73.75,44.41,59.80,8.14
54.59,40.42,20.16,22.76,8.08,73.75,44.31,59.80,8.13
54.60,40.34,20.19,22.76,8.08,73.75,44.31,59.64,8.15
54.61,40.42,20.19,22.76,8.08,73.52,44.41,59.64,8.13
54.62,40.42,20.19,22.76,8.08,73.75,44.41,59.64,8.13
54.63,40.42,20.19,22.76,8.09,73.97,44.31,59.80,8.13
54.64,40.42,20.19,22.76,8.08,73.97,44.50,59.80,8.13
54.65,40.42,20.19,22.76,8.08,73.75,44.41,59.64,8.13
54.66,40.42,20.16,22.76,8.08,73.75,44.41,59.80,8.14
54.67,40.42,20.22,22.76,8.09,73.75,44.31,59.80,8.13
54.68,40.42,20.22,22.80,8.08,73.75,44.50,59.80,8.13
54.69,40.42,20.19,22.76,8.08,73.75,44.41,59.64,8.14
54.70,40.42,20.19,22.76,8.08,73.97,44.41,59.64,8.14
54.71,40.42,20.19,22.76,8.08,73.75,44.41,59.64,8.14
54.72,40.42,20.19,22.76,8.08,73.75,44.41,59.64,8.13
54.73,40.42,20.19,22.73,8.08,73.75,44.41,59.64,8.14
54.74,40.42,20.19,22.76,8.09,73.52,44.41,59.64,8.14
54.75,40.42,20.16,22.76,8.09,73.75,44.41,59.64,8.14
54.76,40.42,20.22,22.76,8.08,73.75,44.41,59.64,8.14
54.77,40.42,20.19,22.76,8.08,73.75,44.41,59.64,8.14
54.78,40.42,20.19,22.76,8.10,73.75,44.31,59.64,8.14
54.79,40.42,20.19,22.76,8.08,73.97,44.31,59.80,8.13
54.80,40.42,20.19,22.76,8.10,73.97,44.41,59.64,8.13
54.81,40.42,20.19,22.76,8.08,73.97,44.31,59.64,8.13
54.82,40.42,20.22,22.80,8.08,73.97,44.41,59.64,8.13
54.83,40.42,20.22,22.76,8.08,73.75,44.41,59.64,8.14
54.84,40.42,20.19,22.76,8.08,73.97,44.41,59.64,8.13
54.85,40.42,20.19,22.80,8.09,73.75,44.41,59.64,8.14
54.86,40.42,20.22,22.76,8.09,73.75,44.31,59.64,8.13
54.87,40.42,20.16,22.73,8.08,73.75,44.41,59.64,8.14
54.88,40.50,20.16,22.76,8.10,73.75,44.50,59.64,8.13
54.89,40.42,20.19,22.76,8.07,73.75,44.41,59.64,8.13
54.90,40.42,20.19,22.76,8.08,73.75,44.41,59.64,8.14
54.91,40.42,20.22,22.76,8.08,73.97,44.31,59.64,8.14
54.92,40.42,20.16,22.76,8.08,73.75,44.31,59.49,8.14
54.93,40.34,20.19,22.76,8.08,73.75,44.41,59.64,8.14
54.94,40.42,20.22,22.76,8.08,73.97,44.50,59.64,8.14
54.95,40.42,20.19,22.80,8.09,73.97,44.41,59.64,8.14
54.96,40.42,20.16,22.80,8.08,73.97,44.41,59.64,8.14
54.97,40.42,20.22,22.76,8.08,73.75,44.41,59.49,8.13
54.98,40.42,20.16,22.76,8.09,73.75,44.41,59.64,8.14
54.99,40.42,20.16,22.73,8.08,73.75,44.41,59.64,8.14
55.00,40.34,20.19,22.76,8.09,73.97,44.41,59.64,8.14
55.01,40.42,20.16,22.73,8.08,73.75,44.41,59.49,8.13
55.02,40.34,20.16,22.73,8.08,73.75,44.41,59.64,8.15
55.03,40.42,20.16,22.76,8.09,73.75,44.41,59.49,8.13
55.04,40.42,20.19,22.73,8.09,73.97,44.41,59.64,8.14
55.05,40.42,20.16,22.76,8.08,73.97,44.31,59.49,8.14
55.06,40.42,20.22,22.76,8.08,73.97,44.41,59.49,8.15
55.07,40.42,20.19,22.76,8.08,73.75,44.50,59.64,8.14
55.08,40.34,20.19,22.73,8.09,73.75,44.31,59.64,8.13
55.09,40.34,20.19,22.73,8.09,73.75,44.31,59.49,8.14
55.10,40.34,20.16,22.76,8.10,73.75,44.50,59.64,8.14
55.11,40.42,20.19,22.76,8.08,73.97,44.41,59.49,8.13
55.12,40.34,20.19,22.73,8.08,73.75,44.31,59.49,8.14
55.13,40.42,20.16,22.76,8.08,73.97,44.41,59.49,8.15
55.14,40.42,20.16,22.73,8.09,73.75,44.41,59.33,8.13
55.15,40.42,20.16,22.76,8.08,73.75,44.41,59.33,8.14
55.16,40.42,20.19,22.76,8.08,73.75,44.41,59.49,8.14
55.17,40.42,20.19,22.73,8.08,73.75,44.41,59.33,8.14
55.18,40.34,20.16,22.76,8.10,73.97,44.41,59.33,8.13
55.19,40.34,20.16,22.73,8.09,73.75,44.41,59.33,8.14
55.20,40.50,20.14,22.73,8.09,73.75,44.31,59.49,8.14
55.21,40.26,20.16,22.73,8.09,73.97,44.41,59.33,8.14
55.22,40.42,20.16,22.80,8.08,73.75,44.41,59.33,8.14
55.23,40.34,20.16,22.73,8.08,73.52,44.31,59.33,8.13
55.24,40.26,20.16,22.76,8.09,73.75,44.41,59.18,8.15
55.25,40.34,20.16,22.73,8.08,73.75,44.41,59.33,8.13
55.26,40.34,20.16,22.73,8.08,73.52,44.41,59.18,8.14
55.27,40.34,20.16,22.73,8.09,73.75,44.41,59.18,8.14
55.28,40.34,20.16,22.73,8.09,74.20,44.31,59.18,8.13
55.29,40.34,20.16,22.73,8.08,73.75,44.41,59.18,8.14
55.30,40.34,20.16,22.73,8.08,73.75,44.31,59.02,8.14
55.31,40.34,20.14,22.76,8.08,73.75,44.41,59.33,8.14
55.32,40.34,20.14,22.73,8.08,73.75,44.41,59.33,8.13
55.33,40.34,20.16,22.73,8.08,73.75,44.41,58.87,8.13
55.34,40.34,20.16,22.73,8.08,73.75,44.31,59.33,8.13
55.35,40.34,20.19,22.73,8.08,73.75,44.31,58.87,8.13
55.36,40.34,20.19,22.73,8.08,73.52,44.41,59.02,8.14
55.37,40.34,20.14,22.70,8.08,73.75,44.41,59.02,8.14
55.38,40.26,20.16,22.70,8.08,73.52,44.31,59.02,8.14
55.39,40.26,20.14,22.70,8.08,73.75,44.41,58.87,8.14
55.40,40.26,20.14,22.70,8.08,73.75,44.31,58.87,8.13
55.41,40.34,20.16,22.70,8.08,73.75,44.31,58.87,8.13
55.42,40.26,20.16,22.70,8.08,73.75,44.31,58.87,8.13
55.43,40.26,20.14,22.70,8.08,73.75,44.31,58.87,8.13
55.44,40.26,20.16,22.70,8.08,73.52,44.31,58.72,8.14
55.45,40.26,20.16,22.70,8.08,73.52,44.31,58.87,8.14
55.46,40.26,20.16,22.70,8.08,73.75,44.31,58.72,8.15
55.47,40.26,20.14,22.70,8.08,73.52,44.31,58.72,8.14
55.48,40.26,20.14,22.70,8.09,73.52,44.31,58.72,8.13
55.49,40.26,20.16,22.70,8.08,73.52,44.31,58.72,8.14
55.50,40.26,20.14,22.66,8.08,73.52,44.22,58.72,8.14
55.51,40.26,20.14,22.66,8.09,73.52,44.31,58.57,8.14
55.52,40.26,20.14,22.66,8.09,73.52,44.31,58.72,8.14
55.53,40.26,20.14,22.70,8.08,73.52,44.31,58.57,8.14
55.54,40.26,20.14,22.70,8.10,73.52,44.31,58.57,8.14
55.55,40.18,20.14,22.63,8.09,73.52,44.31,58.42,8.14
55.56,40.18,20.11,22.66,8.08,73.52,44.31,58.57,8.14
55.57,40.18,20.14,22.66,8.08,73.52,44.31,58.42,8.14
55.58,40.18,20.14,22.66,8.08,73.52,44.31,58.42,8.14
55.59,40.18,20.11,22.66,8.08,73.52,44.31,58.27,8.13
55.60,40.18,20.14,22.63,8.08,73.52,44.31,58.27,8.13
55.61,40.18,20.14,22.59,8.08,73.52,44.22,58.27,8.13
55.62,40.18,20.11,22.63,8.09,73.52,44.31,58.27,8.14
55.63,40.18,20.11,22.63,8.08,73.30,44.31,58.12,8.13
55.64,40.10,20.11,22.63,8.08,73.30,44.31,58.12,8.13
55.65,40.10,20.11,22.59,8.08,73.30,44.31,57.97,8.13
55.66,40.18,20.08,22.59,8.09,73.30,44.31,57.97,8.14
55.67,40.10,20.11,22.59,8.08,73.30,44.22,57.97,8.14
55.68,40.10,20.11,22.59,8.09,73.30,44.22,57.97,8.14
55.69,40.10,20.11,22.56,8.08,73.30,44.22,57.97,8.15
55.70,40.10,20.11,22.59,8.08,73.30,44.22,57.82,8.14
55.71,40.10,20.11,22.56,8.08,73.30,44.31,57.82,8.14
55.72,40.10,20.08,22.56,8.08,73.30,44.22,57.82,8.15
55.73,40.10,20.11,22.56,8.08,73.30,44.22,57.67,8.14
55.74,40.02,20.11,22.52,8.08,73.08,44.22,57.53,8.14
55.75,40.10,20.11,22.56,8.10,73.08,44.31,57.67,8.14
55.76,40.02,20.08,22.52,8.08,73.08,44.22,57.53,8.14
55.77,40.02,20.08,22.56,8.08,73.08,44.12,57.53,8.14
55.78,40.02,20.08,22.52,8.08,73.08,44.22,57.38,8.14
55.79,40.02,20.08,22.52,8.08,73.08,44.22,57.23,8.14
55.80,39.94,20.05,22.52,8.08,73.08,44.22,57.38,8.14
55.81,39.94,20.05,22.52,8.09,73.08,44.22,57.38,8.13
55.82,39.94,20.05,22.49,8.10,72.85,44.31,57.09,8.14
55.83,39.94,20.05,22.46,8.08,72.85,44.22,57.09,8.13
55.84,39.94,20.05,22.49,8.08,72.85,44.12,57.09,8.14
55.85,39.94,20.08,22.49,8.08,72.85,44.12,56.95,8.14
55.86,39.94,20.08,22.49,8.08,72.85,44.12,56.95,8.13
55.87,39.86,20.05,22.46,8.09,72.85,44.12,56.80,8.14
55.88,39.94,20.05,22.46,8.10,73.08,44.22,56.95,8.14
55.89,39.78,20.05,22.46,8.08,72.85,44.12,56.80,8.14
55.90,39.86,20.02,22.46,8.09,72.63,44.22,56.80,8.13
55.91,39.78,20.05,22.42,8.08,72.85,44.12,56.80,8.14
55.92,39.86,19.99,22.46,8.09,72.85,44.12,56.52,8.13
55.93,39.78,20.02,22.42,8.08,72.63,44.12,56.38,8.14
55.94,39.78,20.05,22.42,8.08,72.63,44.03,56.52,8.14
55.95,39.78,20.02,22.39,8.09,72.41,44.12,56.38,8.15
55.96,39.70,19.99,22.39,8.08,72.41,44.03,56.38,8.15
55.97,39.70,20.02,22.39,8.08,72.63,44.03,56.23,8.15
55.98,39.70,20.02,22.35,8.08,72.41,44.12,56.23,8.13
55.99,39.70,19.99,22.35,8.08,72.63,44.03,56.09,8.13
56.00,39.70,19.99,22.35,8.08,72.41,44.12,56.09,8.13
56.01,39.70,19.99,22.35,8.08,72.41,44.03,55.95,8.14
56.02,39.70,19.99,22.32,8.08,72.41,43.93,55.95,8.14
56.03,39.62,19.96,22.32,8.08,72.41,44.03,55.81,8.13
56.04,39.62,19.96,22.29,8.08,72.20,44.03,55.67,8.14
56.05,39.62,19.96,22.32,8.08,72.20,44.03,55.67,8.15
56.06,39.62,19.96,22.29,8.10,72.20,44.03,55.54,8.13
56.07,39.54,19.96,22.29,8.09,72.20,43.93,55.54,8.13
56.08,39.54,19.96,22.29,8.08,72.20,43.93,55.54,8.14
56.09,39.54,19.93,22.25,8.09,72.20,44.03,55.40,8.13
56.10,39.54,19.96,22.25,8.09,72.20,43.93,55.26,8.13
56.11,39.46,19.93,22.25,8.08,71.98,43.93,55.26,8.13
56.12,39.54,19.93,22.22,8.09,71.98,43.93,55.26,8.13
56.13,39.46,19.96,22.22,8.08,72.20,43.84,54.99,8.13
56.14,39.38,19.96,22.19,8.08,71.98,43.93,54.99,8.14
56.15,39.46,19.93,22.19,8.08,71.98,43.84,54.99,8.14
56.16,39.38,19.88,22.19,8.08,71.98,43.84,54.85,8.14
56.17,39.38,19.96,22.19,8.08,71.76,43.75,54.72,8.13
56.18,39.38,19.90,22.19,8.08,71.76,43.84,54.72,8.13
56.19,39.38,19.90,22.15,8.08,71.76,43.84,54.45,8.14
56.20,39.30,19.90,22.12,8.08,71.76,43.84,54.45,8.13
56.21,39.30,19.90,22.09,8.08,71.55,43.84,54.32,8.13
56.22,39.30,19.90,22.12,8.08,71.55,43.75,54.32,8.15
56.23,39.22,19.88,22.09,8.09,71.55,43.75,54.19,8.14
56.24,39.22,19.88,22.09,8.09,71.55,43.84,54.05,8.14
56.25,39.22,19.88,22.05,8.08,71.33,43.75,54.05,8.13
56.26,39.22,19.85,22.05,8.08,71.55,43.75,53.92,8.13
56.27,39.15,19.85,22.05,8.08,71.33,43.84,53.92,8.14
56.28,39.15,19.88,22.05,8.08,71.33,43.75,53.79,8.14
56.29,39.07,19.82,22.02,8.08,71.33,43.66,53.66,8.13
56.30,39.07,19.85,21.99,8.08,71.12,43.66,53.53,8.14
56.31,39.07,19.82,21.99,8.08,71.12,43.66,53.40,8.13
56.32,39.07,19.82,21.99,8.09,71.12,43.66,53.27,8.14
56.33,39.07,19.82,21.95,8.07,71.12,43.66,53.14,8.14
56.34,39.07,19.79,21.92,8.08,71.12,43.56,53.14,8.13
56.35,38.99,19.82,21.92,8.08,70.91,43.56,53.14,8.15
56.36,38.99,19.82,21.92,8.08,71.12,43.56,53.02,8.14
56.37,38.91,19.79,21.89,8.08,70.91,43.56,53.02,8.14
56.38,38.84,19.79,21.86,8.08,70.70,43.56,52.76,8.13
56.39,38.99,19.79,21.86,8.08,70.70,43.47,52.64,8.14
56.40,38.91,19.76,21.86,8.08,70.91,43.47,52.51,8.14
56.41,38.84,19.76,21.86,8.10,70.49,43.56,52.51,8.13
56.42,38.84,19.76,21.79,8.08,70.70,43.47,52.38,8.14
56.43,38.84,19.76,21.79,8.09,70.49,43.47,52.26,8.14
56.44,38.76,19.73,21.79,8.09,70.49,43.47,52.14,8.14
56.45,38.76,19.76,21.76,8.08,70.49,43.47,52.01,8.14
56.46,38.68,19.73,21.76,8.08,70.08,43.38,51.89,8.13
56.47,38.68,19.73,21.73,8.08,70.28,43.47,51.89,8.13
56.48,38.68,19.73,21.73,8.09,70.28,43.47,51.77,8.14
56.49,38.68,19.70,21.69,8.08,70.08,43.38,51.64,8.14
56.50,38.61,19.70,21.69,8.08,70.08,43.29,51.52,8.14
56.51,38.61,19.70,21.69,8.09,70.08,43.38,51.52,8.14
56.52,38.53,19.70,21.63,8.09,69.87,43.29,51.28,8.15
56.53,38.53,19.70,21.60,8.07,69.87,43.20,51.28,8.14
56.54,38.53,19.70,21.60,8.08,69.87,43.29,51.28,8.13
56.55,38.53,19.65,21.60,8.08,69.87,43.20,50.92,8.14
56.56,38.46,19.65,21.60,8.08,69.67,43.20,50.92,8.13
56.57,38.38,19.62,21.57,8.08,69.46,43.20,50.80,8.14
56.58,38.38,19.65,21.53,8.08,69.46,43.20,50.68,8.14
56.59,38.38,19.65,21.53,8.08,69.67,43.11,50.56,8.14
56.60,38.30,19.62,21.50,8.07,69.46,43.11,50.45,8.13
56.61,38.30,19.65,21.50,8.09,69.26,43.11,50.33,8.14
56.62,38.30,19.62,21.47,8.09,69.26,43.11,50.21,8.13
56.63,38.23,19.59,21.44,8.08,69.26,43.20,50.10,8.14
56.64,38.23,19.59,21.41,8.09,69.26,43.11,49.98,8.13
56.65,38.16,19.56,21.41,8.08,69.06,43.11,49.98,8.13
56.66,38.16,19.56,21.37,8.08,68.86,43.02,49.75,8.13
56.67,38.16,19.56,21.34,8.07,69.06,43.02,49.75,8.13
56.68,38.08,19.59,21.34,8.08,68.86,43.02,49.52,8.13
56.69,38.08,19.54,21.34,8.08,68.86,43.02,49.41,8.13
56.70,38.08,19.54,21.28,8.09,68.66,42.92,49.30,8.14
56.71,38.01,19.54,21.28,8.08,68.66,42.92,49.18,8.14
56.72,37.93,19.51,21.28,8.08,68.46,42.92,49.07,8.13
56.73,37.93,19.51,21.25,8.08,68.46,43.02,48.96,8.14
56.74,37.93,19.51,21.25,8.08,68.46,42.92,48.85,8.13
56.75,37.86,19.51,21.18,8.08,68.26,42.84,48.62,8.13
56.76,37.78,19.48,21.18,8.08,68.06,42.84,48.62,8.13
56.77,37.86,19.48,21.15,8.08,68.26,42.84,48.52,8.15
56.78,37.78,19.45,21.15,8.08,67.87,42.84,48.41,8.13
56.79,37.78,19.45,21.09,8.08,67.87,42.75,48.19,8.13
56.80,37.71,19.45,21.12,8.08,67.87,42.75,48.19,8.14
56.81,37.71,19.42,21.06,8.08,67.87,42.66,47.97,8.13
56.82,37.64,19.42,21.06,8.08,67.67,42.66,47.97,8.13
56.83,37.56,19.39,21.03,8.09,67.67,42.66,47.76,8.15
56.84,37.56,19.39,21.00,8.07,67.48,42.57,47.65,8.13
56.85,37.56,19.42,20.97,8.08,67.48,42.66,47.54,8.13
56.86,37.56,19.39,20.97,8.09,67.29,42.48,47.44,8.14
56.87,37.42,19.37,20.97,8.08,67.29,42.48,47.33,8.13
56.88,37.42,19.39,20.94,8.09,67.10,42.48,47.12,8.14
56.89,37.42,19.34,20.91,8.08,67.10,42.39,47.12,8.14
56.90,37.35,19.37,20.84,8.08,67.10,42.48,46.91,8.13
56.91,37.35,19.34,20.88,8.08,66.91,42.57,46.70,8.13
56.92,37.27,19.31,20.84,8.07,66.72,42.39,46.70,8.14
56.93,37.20,19.31,20.78,8.07,66.72,42.39,46.50,8.13
56.94,37.20,19.34,20.75,8.09,66.72,42.30,46.50,8.13
56.95,37.20,19.31,20.75,8.08,66.53,42.30,46.29,8.13
56.96,37.06,19.31,20.72,8.08,66.53,42.30,46.29,8.13
56.97,37.06,19.26,20.69,8.08,66.53,42.30,46.09,8.15
56.98,37.06,19.26,20.69,8.08,66.34,42.22,45.99,8.14
56.99,36.99,19.26,20.69,8.08,66.15,42.22,45.99,8.13
57.00,36.99,19.26,20.63,8.07,66.15,42.22,45.69,8.14
57.01,36.99,19.26,20.63,8.08,65.97,42.04,45.59,8.12
57.02,36.92,19.26,20.57,8.08,65.97,42.13,45.49,8.13
57.03,36.92,19.23,20.57,8.07,65.78,42.13,45.39,8.13
57.04,36.85,19.20,20.54,8.08,65.78,42.04,45.20,8.14
57.05,36.78,19.17,20.51,8.08,65.78,42.13,45.10,8.14
57.06,36.78,19.17,20.51,8.08,65.60,42.04,45.10,8.13
57.07,36.71,19.17,20.48,8.08,65.41,41.95,44.90,8.12
57.08,36.71,19.17,20.45,8.08,65.23,41.95,44.81,8.13
57.09,36.64,19.15,20.42,8.09,65.23,41.95,44.71,8.13
57.10,36.64,19.15,20.39,8.08,65.23,41.87,44.61,8.13
57.11,36.57,19.15,20.36,8.08,65.05,41.87,44.42,8.13
57.12,36.50,19.15,20.36,8.08,65.05,41.87,44.23,8.13
57.13,36.43,19.09,20.33,8.07,64.87,41.78,44.14,8.13
57.14,36.43,19.09,20.30,8.07,64.69,41.78,44.05,8.13
57.15,36.43,19.07,20.27,8.07,64.51,41.78,43.86,8.14
57.16,36.36,19.07,20.24,8.08,64.51,41.69,43.86,8.13
57.17,36.29,19.09,20.24,8.08,64.51,41.61,43.77,8.14
57.18,36.29,19.04,20.21,8.07,64.33,41.61,43.58,8.14
57.19,36.22,19.04,20.18,8.07,64.15,41.61,43.49,8.12
57.20,36.22,19.07,20.16,8.07,64.15,41.52,43.40,8.13
57.21,36.15,19.01,20.13,8.08,63.98,41.61,43.12,8.12
57.22,36.08,19.01,20.13,8.07,63.98,41.44,43.12,8.13
57.23,36.08,19.01,20.07,8.07,63.80,41.44,42.94,8.13
57.24,36.08,18.98,20.04,8.08,63.63,41.44,42.85,8.13
57.25,36.02,18.98,20.01,8.07,63.63,41.35,42.67,8.13
57.26,35.88,18.98,20.01,8.07,63.45,41.27,42.58,8.12
57.27,35.88,18.93,19.95,8.07,63.45,41.18,42.50,8.13
57.28,35.88,18.96,19.95,8.09,63.28,41.27,42.32,8.12
57.29,35.88,18.93,19.92,8.08,63.11,41.27,42.23,8.13
57.30,35.81,18.90,19.89,8.07,63.11,41.18,42.06,8.13
57.31,35.74,18.90,19.89,8.07,62.93,41.27,42.06,8.13
57.32,35.68,18.90,19.84,8.07,62.93,41.18,41.88,8.13
57.33,35.61,18.88,19.81,8.07,62.76,41.10,41.80,8.13
57.34,35.61,18.88,19.78,8.07,62.76,41.02,41.62,8.13
57.35,35.61,18.88,19.75,8.07,62.42,41.02,41.45,8.13
57.36,35.54,18.82,19.72,8.07,62.42,40.93,41.45,8.14
57.37,35.48,18.82,19.69,8.07,62.26,40.93,41.37,8.13
57.38,35.41,18.82,19.67,8.07,62.26,40.93,41.12,8.13
57.39,35.41,18.85,19.67,8.07,62.09,40.85,41.03,8.13
57.40,35.34,18.80,19.64,8.08,62.09,40.85,40.95,8.13
57.41,35.34,18.80,19.58,8.08,61.76,40.77,40.95,8.13
57.42,35.28,18.80,19.55,8.07,61.92,40.77,40.78,8.13
57.43,35.21,18.77,19.52,8.08,61.76,40.68,40.62,8.13
57.44,35.21,18.77,19.50,8.07,61.59,40.77,40.45,8.13
57.45,35.15,18.74,19.50,8.07,61.42,40.68,40.37,8.14
57.46,35.15,18.72,19.47,8.07,61.42,40.52,40.29,8.13
57.47,35.08,18.72,19.44,8.08,61.26,40.68,40.13,8.13
57.48,35.01,18.69,19.41,8.06,61.10,40.60,40.05,8.13
57.49,34.95,18.69,19.36,8.07,61.10,40.52,40.05,8.13
57.50,34.88,18.69,19.36,8.06,60.94,40.52,39.81,8.14
57.51,34.88,18.69,19.30,8.07,60.77,40.44,39.73,8.12
57.52,34.82,18.66,19.30,8.08,60.61,40.44,39.57,8.12
57.53,34.82,18.64,19.27,8.07,60.45,40.36,39.41,8.13
57.54,34.76,18.61,19.25,8.06,60.45,40.36,39.41,8.13
57.55,34.69,18.61,19.22,8.07,60.29,40.36,39.26,8.13
57.56,34.69,18.61,19.19,8.07,60.13,40.19,39.10,8.12
57.57,34.69,18.59,19.16,8.07,60.13,40.19,39.10,8.13
57.58,34.50,18.59,19.11,8.08,59.98,40.11,38.95,8.13
57.59,34.56,18.56,19.11,8.07,59.82,40.11,38.79,8.13
57.60,34.50,18.56,19.08,8.06,59.66,40.11,38.72,8.13
57.61,34.44,18.56,19.05,8.08,59.66,40.03,38.56,8.13
57.62,34.37,18.51,19.03,8.07,59.35,40.03,38.49,8.12
57.63,34.31,18.51,19.00,8.07,59.35,39.95,38.34,8.13
57.64,34.31,18.51,18.97,8.07,59.20,39.95,38.26,8.14
57.65,34.24,18.48,18.95,8.07,59.35,39.95,38.19,8.13
57.66,34.18,18.48,18.95,8.06,59.20,39.79,38.04,8.13
57.67,34.18,18.48,18.89,8.06,58.74,39.79,37.97,8.13
57.68,34.12,18.45,18.87,8.06,58.89,39.79,37.82,8.12
57.69,34.06,18.45,18.84,8.07,58.59,39.79,37.74,8.13
57.70,34.06,18.45,18.84,8.08,58.59,39.71,37.53,8.13
57.71,33.93,18.40,18.81,8.07,58.44,39.63,37.60,8.13
57.72,33.93,18.40,18.76,8.06,58.44,39.63,37.53,8.13
57.73,33.87,18.38,18.73,8.07,58.14,39.55,37.31,8.14
57.74,33.81,18.35,18.71,8.07,58.14,39.55,37.24,8.13
57.75,33.81,18.38,18.71,8.06,57.99,39.48,37.09,8.13
57.76,33.75,18.35,18.65,8.08,57.99,39.40,37.09,8.13
57.77,33.69,18.35,18.63,8.06,57.84,39.40,37.02,8.13
57.78,33.69,18.35,18.63,8.06,57.69,39.32,36.88,8.13
57.79,33.56,18.30,18.57,8.07,57.69,39.24,36.74,8.13
57.80,33.56,18.30,18.57,8.07,57.40,39.24,36.67,8.13
57.81,33.50,18.27,18.55,8.06,57.40,39.16,36.53,8.12
57.82,33.50,18.30,18.50,8.06,57.25,39.24,36.46,8.13
57.83,33.44,18.27,18.47,8.06,57.11,39.16,36.32,8.12
57.84,33.38,18.25,18.47,8.07,56.96,39.09,36.26,8.13
57.85,33.32,18.25,18.42,8.06,56.82,39.09,36.12,8.13
57.86,33.32,18.22,18.39,8.06,56.82,39.01,36.05,8.13
57.87,33.26,18.20,18.39,8.07,56.53,38.93,35.98,8.12
57.88,33.20,18.20,18.34,8.06,56.53,38.93,35.85,8.12
57.89,33.14,18.20,18.31,8.06,56.39,38.93,35.71,8.12
57.90,33.14,18.20,18.29,8.07,56.25,38.70,35.65,8.12
57.91,33.08,18.17,18.29,8.04,56.11,38.85,35.58,8.12
57.92,33.02,18.14,18.24,8.06,56.11,38.70,35.45,8.14
57.93,32.96,18.12,18.21,8.06,55.97,38.70,35.38,8.13
57.94,32.90,18.09,18.21,8.06,55.83,38.70,35.31,8.12
57.95,32.84,18.09,18.16,8.04,55.69,38.55,35.18,8.12
57.96,32.84,18.12,18.16,8.06,55.55,38.55,35.05,8.12
57.97,32.84,18.09,18.11,8.06,55.41,38.47,34.99,8.12
57.98,32.72,18.07,18.11,8.06,55.27,38.47,34.92,8.13
57.99,32.66,18.04,18.06,8.07,55.27,38.40,34.79,8.13
58.00,32.66,18.07,18.01,8.06,55.14,38.40,34.79,8.13
58.01,32.61,18.04,18.01,8.06,55.14,38.32,34.66,8.12
58.02,32.55,17.99,18.01,8.04,54.86,38.32,34.53,8.12
58.03,32.49,17.99,17.96,8.06,54.86,38.25,34.47,8.12
58.04,32.43,17.97,17.96,8.04,54.59,38.25,34.41,8.13
58.05,32.43,17.99,17.91,8.06,54.46,38.17,34.28,8.13
58.06,32.37,17.94,17.91,8.07,54.46,38.10,34.16,8.11
58.07,32.32,17.94,17.88,8.06,54.19,38.02,34.16,8.13
58.08,32.32,17.94,17.83,8.06,54.06,37.95,34.03,8.13
58.09,32.26,17.92,17.83,8.07,54.06,37.95,33.91,8.11
58.10,32.20,17.89,17.81,8.06,53.93,37.88,33.84,8.12
58.11,32.14,17.92,17.78,8.06,53.93,37.88,33.78,8.13
58.12,32.09,17.89,17.76,8.06,53.67,37.80,33.72,8.12
58.13,32.03,17.87,17.71,8.06,53.54,37.73,33.60,8.13
58.14,31.97,17.84,17.71,8.06,53.41,37.66,33.54,8.13
58.15,31.92,17.84,17.68,8.06,53.28,37.73,33.42,8.12
58.16,31.92,17.82,17.63,8.04,53.28,37.66,33.36,8.13
58.17,31.86,17.84,17.61,8.04,53.15,37.58,33.30,8.12
58.18,31.80,17.82,17.58,8.04,53.02,37.51,33.18,8.12
58.19,31.80,17.79,17.56,8.06,52.90,37.51,33.12,8.13
58.20,31.75,17.77,17.54,8.07,52.77,37.44,33.00,8.11
58.21,31.69,17.77,17.54,8.06,52.64,37.44,32.94,8.13
58.22,31.64,17.74,17.49,8.04,52.52,37.30,32.94,8.12
58.23,31.58,17.74,17.46,8.06,52.39,37.37,32.82,8.12
58.24,31.58,17.72,17.46,8.06,52.27,37.22,32.70,8.12
58.25,31.47,17.72,17.41,8.07,52.27,37.22,32.64,8.12
58.26,31.47,17.69,17.41,8.04,52.02,37.15,32.53,8.12
58.27,31.47,17.72,17.39,8.04,52.02,37.08,32.47,8.12
58.28,31.41,17.67,17.34,8.06,51.89,37.08,32.41,8.13
58.29,31.36,17.67,17.32,8.06,51.77,37.01,32.35,8.12
58.30,31.25,17.64,17.32,8.07,51.65,36.94,32.24,8.12
58.31,31.25,17.64,17.29,8.04,51.52,36.94,32.18,8.12
58.32,31.25,17.62,17.27,8.04,51.40,36.87,32.12,8.12
58.33,31.19,17.59,17.25,8.06,51.28,36.80,32.01,8.12
58.34,31.14,17.62,17.20,8.04,51.16,36.80,31.95,8.11
58.35,31.09,17.59,17.20,8.06,51.04,36.73,31.90,8.12
58.36,31.03,17.57,17.20,8.06,50.92,36.73,31.79,8.12
58.37,30.98,17.55,17.17,8.04,50.92,36.73,31.73,8.11
58.38,30.92,17.52,17.15,8.04,50.80,36.59,31.67,8.11
58.39,30.92,17.52,17.13,8.04,50.56,36.52,31.62,8.11
58.40,30.87,17.50,17.08,8.06,50.45,36.45,31.51,8.13
58.41,30.82,17.50,17.06,8.04,50.33,36.45,31.45,8.12
58.42,30.76,17.50,17.03,8.04,50.21,36.45,31.34,8.11
58.43,30.76,17.50,17.01,8.04,50.10,36.38,31.34,8.11
58.44,30.71,17.45,16.98,8.04,50.10,36.38,31.29,8.11
58.45,30.65,17.45,16.98,8.04,49.98,36.31,31.18,8.11
58.46,30.60,17.45,16.94,8.04,49.87,36.24,31.12,8.11
58.47,30.55,17.43,16.91,8.04,49.75,36.17,31.07,8.11
58.48,30.55,17.43,16.91,8.04,49.63,36.10,31.01,8.12
58.49,30.50,17.40,16.91,8.04,49.52,36.04,30.91,8.11
58.50,30.44,17.38,16.87,8.04,49.29,36.04,30.85,8.11
58.51,30.39,17.35,16.84,8.06,49.41,35.97,30.75,8.11
58.52,30.39,17.38,16.84,8.04,49.18,35.97,30.75,8.12
58.53,30.29,17.33,16.80,8.06,49.07,35.90,30.64,8.11
58.54,30.29,17.33,16.78,8.06,48.96,35.83,30.59,8.11
58.55,30.23,17.33,16.75,8.04,48.96,35.77,30.48,8.11
58.56,30.23,17.30,16.75,8.04,48.73,35.70,30.43,8.11
58.57,30.13,17.28,16.71,8.04,48.73,35.63,30.38,8.11
58.58,30.08,17.28,16.71,8.06,48.62,35.70,30.32,8.12
58.59,30.08,17.26,16.68,8.04,48.51,35.63,30.27,8.11
58.60,30.03,17.26,16.68,8.04,48.29,35.56,30.22,8.11
58.61,29.97,17.26,16.64,8.04,48.18,35.50,30.17,8.12
58.62,29.97,17.23,16.61,8.04,48.08,35.43,30.06,8.11
58.63,29.92,17.21,16.61,8.06,48.08,35.43,30.01,8.11
58.64,29.87,17.21,16.59,8.04,47.97,35.36,29.96,8.11
58.65,29.82,17.18,16.57,8.04,47.86,35.36,29.86,8.12
58.66,29.77,17.18,16.55,8.04,47.75,35.17,29.81,8.11
58.67,29.72,17.16,16.52,8.04,47.64,35.23,29.76,8.11
58.68,29.72,17.16,16.48,8.04,47.54,35.17,29.76,8.11
58.69,29.67,17.14,16.48,8.04,47.43,35.10,29.66,8.12
58.70,29.62,17.14,16.46,8.04,47.33,35.10,29.55,8.10
58.71,29.57,17.11,16.46,8.04,47.22,35.04,29.55,8.11
58.72,29.57,17.09,16.43,8.04,47.11,35.04,29.50,8.11
58.73,29.52,17.09,16.39,8.04,47.01,34.91,29.45,8.11
58.74,29.47,17.07,16.39,8.04,47.01,34.84,29.36,8.11
58.75,29.42,17.07,16.37,8.04,46.80,34.78,29.31,8.11
58.76,29.37,17.07,16.34,8.04,46.70,34.78,29.26,8.11
58.77,29.42,17.02,16.32,8.04,46.59,34.78,29.21,8.11
58.78,29.32,17.00,16.30,8.04,46.49,34.65,29.16,8.11
58.79,29.27,17.02,16.28,8.04,46.39,34.59,29.06,8.11
58.80,29.27,17.02,16.30,8.04,46.39,34.59,29.06,8.11
58.81,29.17,17.00,16.23,8.04,46.18,34.59,28.96,8.11
58.82,29.17,16.97,16.25,8.04,46.08,34.46,28.96,8.11
58.83,29.12,16.97,16.21,8.04,46.08,34.46,28.86,8.12
58.84,29.07,16.95,16.19,8.04,45.88,34.39,28.82,8.11
58.85,29.02,16.95,16.19,8.04,45.78,34.39,28.77,8.11
58.86,28.97,16.93,16.17,8.04,45.88,34.33,28.72,8.11
58.87,28.97,16.93,16.12,8.04,45.68,34.27,28.67,8.12
58.88,28.92,16.90,16.12,8.02,45.48,34.20,28.57,8.11
58.89,28.82,16.90,16.10,8.02,45.48,34.14,28.57,8.11
58.90,28.82,16.88,16.08,8.02,45.38,34.14,28.53,8.12
58.91,28.78,16.88,16.08,8.04,45.19,34.08,28.48,8.12
58.92,28.78,16.86,16.06,8.04,45.19,34.08,28.43,8.11
58.93,28.73,16.83,16.04,8.04,44.99,33.95,28.29,8.11
58.94,28.68,16.83,16.01,8.04,44.89,33.95,28.29,8.11
58.95,28.68,16.81,15.99,8.02,44.80,33.89,28.24,8.10
58.96,28.58,16.79,15.97,8.02,44.80,33.83,28.24,8.12
58.97,28.58,16.79,15.95,8.02,44.70,33.83,28.20,8.11
58.98,28.54,16.79,15.93,8.02,44.51,33.71,28.10,8.11
58.99,28.49,16.76,15.90,8.02,44.51,33.71,28.01,8.11
59.00,28.44,16.76,15.93,8.02,44.41,33.65,28.01,8.11
59.01,28.44,16.76,15.90,8.02,44.32,33.65,27.92,8.11
59.02,28.39,16.74,15.86,8.02,44.22,33.59,27.92,8.11
59.03,28.35,16.72,15.84,8.04,44.13,33.52,27.87,8.11
59.04,28.35,16.72,15.84,8.02,44.03,33.40,27.82,8.11
59.05,28.25,16.72,15.82,8.02,43.94,33.40,27.73,8.11
59.06,28.20,16.72,15.82,8.02,43.85,33.40,27.73,8.11
59.07,28.16,16.67,15.80,8.02,43.75,33.28,27.64,8.11
59.08,28.16,16.65,15.78,8.02,43.66,33.28,27.64,8.11
59.09,28.16,16.65,15.76,8.02,43.57,33.28,27.55,8.11
59.10,28.06,16.65,15.73,8.02,43.48,33.16,27.51,8.11
59.11,28.06,16.65,15.69,8.04,43.38,33.16,27.46,8.11
59.12,28.02,16.60,15.69,8.02,43.29,33.10,27.42,8.10
59.13,27.97,16.60,15.69,8.04,43.29,33.10,27.37,8.11
59.14,27.97,16.58,15.67,8.01,43.11,32.92,27.37,8.11
59.15,27.92,16.58,15.65,8.02,43.02,32.92,27.33,8.10
59.16,27.88,16.60,15.63,8.02,42.93,32.92,27.24,8.10
59.17,27.83,16.56,15.65,8.02,42.93,32.92,27.19,8.10
59.18,27.83,16.58,15.61,8.01,42.75,32.81,27.19,8.10
59.19,27.79,16.54,15.59,8.01,42.75,32.75,27.10,8.10
59.20,27.74,16.56,15.56,8.01,42.57,32.75,27.10,8.10
59.21,27.74,16.51,15.56,8.02,42.48,32.69,27.06,8.10
59.22,27.69,16.49,15.52,8.02,42.40,32.63,27.02,8.11
59.23,27.65,16.49,15.52,8.02,42.40,32.57,26.97,8.10
59.24,27.60,16.49,15.50,8.04,42.31,32.51,26.93,8.10
59.25,27.60,16.47,15.48,8.01,42.13,32.46,26.93,8.11
59.26,27.56,16.45,15.48,8.01,42.13,32.46,26.84,8.10
59.27,27.51,16.45,15.46,8.01,42.04,32.40,26.84,8.10
59.28,27.47,16.42,15.44,8.01,41.96,32.40,26.75,8.10
59.29,27.47,16.42,15.44,8.01,41.87,32.34,26.75,8.10
59.30,27.42,16.40,15.44,8.01,41.78,32.23,26.71,8.10
59.31,27.38,16.40,15.42,8.02,41.70,32.28,26.62,8.10
59.32,27.33,16.40,15.40,8.01,41.61,32.17,26.62,8.10
59.33,27.29,16.38,15.40,8.01,41.53,32.11,26.58,8.10
59.34,27.24,16.38,15.33,8.00,41.44,32.05,26.54,8.10
59.35,27.24,16.36,15.33,8.01,41.35,32.05,26.50,8.09
59.36,27.20,16.36,15.33,8.01,41.27,32.00,26.50,8.09
59.37,27.20,16.33,15.31,8.01,41.19,31.94,26.41,8.10
59.38,27.15,16.33,15.29,8.02,41.10,31.94,26.37,8.10
59.39,27.11,16.31,15.29,8.01,41.02,31.88,26.28,8.10
59.40,27.06,16.31,15.25,8.02,41.02,31.77,26.28,8.10
59.41,27.02,16.29,15.25,8.01,40.93,31.77,26.28,8.10
59.42,27.02,16.29,15.25,8.01,40.77,31.72,26.24,8.10
59.43,26.98,16.27,15.21,8.01,40.77,31.66,26.16,8.09
59.44,26.93,16.27,15.19,8.01,40.69,31.66,26.16,8.10
59.45,26.89,16.27,15.21,8.01,40.60,31.66,26.11,8.10
59.46,26.89,16.25,15.19,8.01,40.52,31.55,26.07,8.11
59.47,26.89,16.25,15.17,8.01,40.36,31.49,26.03,8.10
59.48,26.80,16.22,15.17,8.00,40.36,31.49,26.03,8.10
59.49,26.80,16.22,15.15,8.00,40.27,31.44,25.95,8.10
59.50,26.76,16.22,15.11,8.01,40.19,31.38,25.95,8.10
59.51,26.76,16.18,15.11,8.01,40.19,31.33,25.91,8.10
59.52,26.76,16.16,15.11,8.00,40.03,31.33,25.91,8.09
59.53,26.67,16.16,15.09,8.01,40.03,31.27,25.82,8.09
59.54,26.67,16.16,15.07,8.01,39.87,31.22,25.82,8.09
59.55,26.58,16.16,15.05,8.01,39.87,31.22,25.74,8.10
59.56,26.58,16.13,15.03,8.01,39.71,31.11,25.74,8.09
59.57,26.54,16.11,15.03,8.00,39.63,31.11,25.66,8.09
59.58,26.54,16.11,15.01,8.00,39.55,31.05,25.66,8.10
59.59,26.50,16.09,15.01,8.00,39.55,31.00,25.62,8.09
59.60,26.45,16.09,14.99,8.00,39.40,30.95,25.62,8.10
59.61,26.45,16.07,14.97,8.00,39.40,30.95,25.54,8.09
59.62,26.41,16.09,14.95,7.99,39.32,30.89,25.50,8.10
59.63,26.41,16.07,14.95,8.00,39.24,30.89,25.50,8.09
59.64,26.37,16.05,14.93,8.01,39.16,30.79,25.50,8.09
59.65,26.33,16.07,14.93,8.00,39.08,30.79,25.41,8.09
59.66,26.29,16.02,14.91,8.00,39.08,30.73,25.38,8.09
59.67,26.24,16.02,14.89,8.00,38.93,30.68,25.38,8.09
59.68,26.24,15.98,14.89,8.00,38.85,30.68,25.34,8.10
59.69,26.20,15.98,14.87,8.01,38.85,30.63,25.30,8.09
59.70,26.16,16.00,14.85,7.99,38.78,30.57,25.25,8.09
59.71,26.16,15.98,14.83,7.99,38.70,30.57,25.21,8.10
59.72,26.12,15.96,14.85,7.99,38.62,30.52,25.21,8.10
59.73,26.03,15.98,14.79,8.00,38.55,30.47,25.18,8.09
59.74,26.07,15.94,14.79,7.99,38.47,30.42,25.18,8.09
59.75,26.03,15.94,14.77,7.99,38.47,30.36,25.14,8.09
59.76,25.99,15.94,14.79,7.99,38.40,30.36,25.06,8.08
59.77,25.95,15.94,14.77,7.99,38.32,30.31,25.06,8.09
59.78,25.91,15.92,14.75,7.99,38.24,30.26,25.06,8.09
59.79,25.91,15.89,14.75,8.00,38.17,30.21,25.02,8.09
59.80,25.91,15.89,14.73,7.99,38.02,30.21,24.98,8.09
59.81,25.87,15.87,14.71,7.99,38.02,30.16,24.94,8.09
59.82,25.82,15.87,14.71,7.99,37.95,30.05,24.90,8.09
59.83,25.78,15.85,14.69,7.99,37.87,30.05,24.90,8.09
59.84,25.78,15.85,14.69,8.00,37.80,29.95,24.86,8.09
59.85,25.74,15.83,14.65,7.99,37.73,29.95,24.82,8.09
59.86,25.70,15.85,14.67,8.00,37.65,29.95,24.78,8.09
59.87,25.70,15.85,14.63,7.99,37.65,29.90,24.74,8.09
59.88,25.66,15.81,14.63,7.99,37.58,29.90,24.74,8.09
59.89,25.62,15.79,14.59,7.99,37.51,29.85,24.70,8.09
59.90,25.62,15.79,14.59,8.00,37.44,29.85,24.67,8.08
59.91,25.58,15.79,14.59,7.99,37.36,29.75,24.63,8.09
59.92,25.58,15.79,14.57,7.99,37.29,29.75,24.59,8.09
59.93,25.50,15.77,14.55,7.99,37.29,29.69,24.59,8.08
59.94,25.50,15.74,14.55,7.99,37.22,29.59,24.55,8.08
59.95,25.50,15.74,14.55,7.99,37.08,29.59,24.55,8.08
59.96,25.42,15.72,14.53,7.98,37.08,29.59,24.51,8.08
59.97,25.38,15.70,14.53,7.98,37.01,29.49,24.47,8.09
59.98,25.42,15.72,14.53,8.00,36.93,29.49,24.44,8.08
59.99,25.38,15.70,14.49,7.98,36.86,29.44,24.44,8.08
60.00,25.34,15.68,14.48,7.99,36.86,29.39,24.40,8.08
60.01,25.34,15.68,14.48,7.99,36.72,29.39,24.36,8.08
60.02,25.30,15.68,14.48,7.98,36.72,29.39,24.36,8.09
60.03,25.30,15.66,14.46,7.99,36.58,29.29,24.32,8.09
60.04,25.25,15.66,14.44,7.98,36.65,29.24,24.28,8.08
60.05,25.21,15.66,14.42,7.98,36.51,29.24,24.28,8.08
60.06,25.18,15.64,14.42,7.98,36.44,29.14,24.28,8.08
60.07,25.18,15.62,14.40,7.99,36.37,29.14,24.25,8.09
60.08,25.14,15.62,14.40,7.98,36.37,29.09,24.17,8.08
60.09,25.10,15.60,14.38,7.98,36.30,29.09,24.13,8.08
60.10,25.10,15.62,14.36,7.97,36.23,29.05,24.17,8.08
60.11,25.06,15.58,14.36,7.98,36.17,29.05,24.10,8.08
60.12,25.02,15.58,14.34,7.97,36.17,28.95,24.10,8.08
60.13,25.02,15.55,14.34,7.98,36.10,28.95,24.10,8.08
60.14,24.98,15.58,14.34,7.98,35.96,28.90,24.02,8.08
60.15,24.98,15.55,14.30,7.98,35.89,28.85,24.06,8.09
60.16,24.94,15.53,14.30,7.98,35.89,28.85,23.98,8.08
60.17,24.90,15.55,14.30,7.97,35.89,28.80,23.95,8.08
60.18,24.90,15.51,14.29,7.99,35.76,28.71,23.95,8.07
60.19,24.86,15.53,14.29,7.98,35.69,28.66,23.91,8.07
60.20,24.82,15.51,14.25,7.98,35.69,28.66,23.91,8.09
60.21,24.78,15.49,14.25,7.97,35.62,28.66,23.87,8.09
60.22,24.78,15.49,14.25,7.97,35.56,28.61,23.87,8.08
60.23,24.74,15.47,14.23,7.97,35.49,28.61,23.84,8.07
60.24,24.74,15.45,14.23,7.98,35.42,28.56,23.80,8.07
60.25,24.74,15.45,14.21,7.97,35.36,28.52,23.76,8.08
60.26,24.70,15.45,14.21,7.98,35.36,28.47,23.76,8.07
60.27,24.66,15.43,14.19,7.98,35.29,28.42,23.76,8.08
60.28,24.66,15.43,14.17,7.97,35.23,28.42,23.73,8.08
60.29,24.63,15.43,14.17,7.98,35.23,28.42,23.73,8.07
60.30,24.63,15.41,14.17,7.97,35.09,28.32,23.69,8.07
60.31,24.59,15.39,14.15,7.97,35.09,28.28,23.65,8.09
60.32,24.55,15.39,14.13,7.97,35.03,28.28,23.62,8.08
60.33,24.55,15.39,14.13,7.97,34.96,28.23,23.62,8.08
60.34,24.51,15.41,14.13,7.97,34.90,28.18,23.58,8.08
60.35,24.47,15.39,14.12,7.98,34.83,28.14,23.55,8.07
60.36,24.47,15.35,14.12,7.97,34.83,28.14,23.55,8.09
60.37,24.43,15.37,14.10,7.98,34.77,28.09,23.51,8.07
60.38,24.43,15.35,14.06,7.98,34.70,28.04,23.47,8.07
60.39,24.40,15.33,14.10,7.97,34.64,28.04,23.47,8.07
60.40,24.40,15.33,14.06,7.97,34.64,28.04,23.44,8.07
60.41,24.36,15.35,14.04,7.96,34.58,28.00,23.47,8.09
60.42,24.32,15.33,14.06,7.98,34.51,27.91,23.40,8.07
60.43,24.28,15.30,14.02,7.97,34.45,27.91,23.36,8.07
60.44,24.28,15.29,14.02,7.97,34.45,27.91,23.36,8.07
60.45,24.28,15.29,14.04,7.97,34.39,27.81,23.36,8.07
60.46,24.25,15.26,14.02,7.98,34.26,27.81,23.29,8.07
60.47,24.21,15.26,13.98,7.97,34.26,27.81,23.29,8.08
60.48,24.21,15.26,13.98,7.96,34.20,27.72,23.29,8.07
60.49,24.17,15.26,13.97,7.97,34.20,27.72,23.29,8.08
60.50,24.17,15.22,13.97,7.96,34.13,27.72,23.26,8.06
60.51,24.13,15.24,13.95,7.96,34.07,27.63,23.22,8.07
60.52,24.09,15.22,13.95,7.97,34.01,27.59,23.22,8.07
60.53,24.09,15.22,13.95,7.96,33.95,27.59,23.19,8.07
60.55,24.06,15.20,13.93,7.96,33.88,27.54,23.19,8.07
60.56,24.06,15.20,13.93,7.96,33.95,27.54,23.15,8.07
60.57,24.02,15.18,13.91,7.96,33.82,27.49,23.15,8.07
60.58,23.98,15.18,13.91,7.96,33.76,27.45,23.12,8.06
60.59,23.98,15.16,13.87,7.97,33.76,27.45,23.08,8.07
60.60,23.95,15.16,13.87,7.97,33.76,27.45,23.05,8.07
60.61,23.95,15.16,13.87,7.95,33.64,27.36,23.05,8.07
60.62,23.95,15.16,13.86,7.96,33.64,27.36,23.01,8.07
60.63,23.91,15.14,13.84,7.95,33.58,27.31,23.05,8.07
60.64,23.87,15.14,13.84,7.97,33.52,27.27,22.98,8.07
60.65,23.87,15.14,13.86,7.97,33.45,27.27,22.98,8.06
60.66,23.80,15.12,13.82,7.96,33.45,27.23,22.98,8.07
60.67,23.83,15.12,13.82,7.96,33.33,27.18,22.94,8.07
60.68,23.80,15.10,13.80,7.97,33.33,27.14,22.94,8.08
60.69,23.76,15.10,13.80,7.96,33.27,27.09,22.91,8.07
60.70,23.76,15.08,13.78,7.97,33.21,27.09,22.91,8.07
60.71,23.72,15.08,13.76,7.96,33.21,27.05,22.87,8.07
60.72,23.72,15.08,13.78,7.95,33.15,27.00,22.87,8.07
60.73,23.69,15.06,13.76,7.95,33.09,27.00,22.84,8.07
60.74,23.69,15.04,13.76,7.95,33.09,26.96,22.80,8.06
60.75,23.69,15.04,13.75,7.96,33.03,26.96,22.80,8.06
60.76,23.61,15.04,13.76,7.95,32.97,26.96,22.77,8.06
60.77,23.61,15.04,13.73,7.96,32.97,26.92,22.77,8.07
60.78,23.58,15.02,13.73,7.95,32.85,26.83,22.77,8.06
60.79,23.58,15.00,13.71,7.95,32.85,26.83,22.73,8.07
60.80,23.54,15.00,13.73,7.95,32.80,26.79,22.70,8.07
60.81,23.54,15.00,13.69,7.95,32.80,26.74,22.70,8.07
60.82,23.51,15.00,13.67,7.95,32.74,26.74,22.66,8.07
60.83,23.51,14.98,13.69,7.95,32.68,26.74,22.66,8.07
60.84,23.47,14.98,13.66,7.96,32.62,26.70,22.63,8.07
60.85,23.47,14.98,13.66,7.95,32.62,26.66,22.63,8.07
60.86,23.43,14.96,13.64,7.95,32.56,26.66,22.60,8.08
60.87,23.40,14.96,13.64,7.95,32.56,26.57,22.60,8.06
60.88,23.43,14.96,13.62,7.95,32.45,26.57,22.53,8.06
60.89,23.40,14.94,13.62,7.95,32.45,26.53,22.56,8.06
60.90,23.36,14.94,13.62,7.95,32.39,26.48,22.56,8.07
60.91,23.36,14.92,13.62,7.95,32.39,26.48,22.53,8.06
60.92,23.33,14.90,13.62,7.95,32.33,26.44,22.53,8.06
60.93,23.29,14.90,13.62,7.95,32.27,26.40,22.50,8.06
60.94,23.29,14.88,13.58,7.95,32.22,26.40,22.50,8.07
60.95,23.25,14.90,13.58,7.96,32.22,26.36,22.46,8.07
60.96,23.22,14.88,13.58,7.95,32.16,26.36,22.46,8.06
60.97,23.25,14.88,13.55,7.95,32.10,26.31,22.46,8.06
60.98,23.18,14.86,13.57,7.95,32.10,26.27,22.39,8.06
60.99,23.18,14.86,13.53,7.95,32.04,26.23,22.43,8.06
61.00,23.18,14.86,13.53,7.94,31.99,26.23,22.36,8.06
61.01,23.15,14.86,13.53,7.94,31.93,26.19,22.36,8.05
61.02,23.15,14.86,13.51,7.95,31.93,26.19,22.33,8.06
61.03,23.11,14.82,13.51,7.95,31.87,26.14,22.33,8.06
61.04,23.08,14.82,13.49,7.95,31.87,26.14,22.29,8.05
61.05,23.08,14.82,13.51,7.94,31.82,26.10,22.29,8.06
61.06,23.08,14.82,13.48,7.94,31.76,26.06,22.26,8.06
61.07,23.04,14.82,13.48,7.94,31.70,26.02,22.26,8.06
61.08,23.04,14.80,13.48,7.93,31.70,25.98,22.23,8.06
61.09,23.01,14.78,13.48,7.94,31.65,26.02,22.26,8.05
61.10,23.01,14.78,13.46,7.93,31.65,25.93,22.23,8.05
61.11,22.97,14.76,13.44,7.95,31.54,25.93,22.19,8.06
61.12,22.97,14.76,13.44,7.94,31.59,25.89,22.19,8.05
61.13,22.94,14.76,13.44,7.94,31.48,25.89,22.19,8.06
61.14,22.90,14.74,13.44,7.94,31.43,25.85,22.19,8.05
61.15,22.94,14.74,13.41,7.94,31.43,25.85,22.13,8.07
61.16,22.87,14.74,13.39,7.93,31.37,25.81,22.13,8.05
61.17,22.90,14.74,13.41,7.94,31.32,25.77,22.09,8.05
61.18,22.87,14.74,13.39,7.93,31.32,25.77,22.09,8.06
61.19,22.80,14.74,13.41,7.93,31.32,25.69,22.09,8.05
61.20,22.83,14.74,13.37,7.93,31.26,25.77,22.06,8.06
61.21,22.80,14.70,13.39,7.93,31.21,25.69,22.06,8.05
61.22,22.80,14.70,13.35,7.93,31.15,25.65,22.03,8.05
61.23,22.76,14.70,13.37,7.94,31.15,25.65,22.03,8.05
61.24,22.73,14.68,13.35,7.93,31.10,25.61,21.99,8.06
61.25,22.73,14.66,13.35,7.93,31.04,25.57,21.99,8.06
61.26,22.73,14.68,13.34,7.94,31.04,25.57,21.96,8.05
61.27,22.70,14.66,13.32,7.93,30.99,25.57,21.96,8.06
61.28,22.66,14.66,13.32,7.93,30.93,25.48,21.93,8.05
61.29,22.70,14.64,13.30,7.94,30.88,25.48,21.93,8.06
61.30,22.66,14.64,13.30,7.93,30.88,25.44,21.93,8.05
61.31,22.66,14.62,13.30,7.93,30.83,25.40,21.86,8.06
61.32,22.63,14.62,13.30,7.93,30.83,25.40,21.89,8.05
61.33,22.59,14.64,13.28,7.93,30.83,25.40,21.86,8.05
61.34,22.59,14.60,13.27,7.92,30.77,25.36,21.86,8.05
61.35,22.56,14.60,13.27,7.93,30.72,25.36,21.86,8.05
61.36,22.56,14.62,13.27,7.93,30.72,25.32,21.86,8.06
61.37,22.52,14.59,13.28,7.94,30.67,25.28,21.83,8.06
61.38,22.52,14.60,13.27,7.92,30.61,25.24,21.80,8.05
61.39,22.49,14.57,13.23,7.92,30.61,25.20,21.80,8.05
61.40,22.49,14.57,13.25,7.93,30.56,25.20,21.77,8.05
61.41,22.46,14.57,13.23,7.94,30.51,25.16,21.73,8.04
61.43,22.46,14.57,13.23,7.93,30.51,25.16,21.73,8.05
61.44,22.46,14.57,13.21,7.94,30.46,25.12,21.77,8.04
61.45,22.42,14.57,13.20,7.92,30.46,25.12,21.73,8.04
61.46,22.42,14.55,13.20,7.93,30.40,25.09,21.70,8.05
61.47,22.39,14.53,13.18,7.92,30.35,25.09,21.70,8.05
61.48,22.35,14.51,13.20,7.93,30.30,25.05,21.70,8.05
61.49,22.35,14.55,13.18,7.93,30.30,25.09,21.70,8.04
61.50,22.32,14.51,13.18,7.92,30.30,25.01,21.67,8.05
61.51,22.32,14.51,13.16,7.92,30.25,24.97,21.67,8.04
61.52,22.32,14.51,13.16,7.92,30.19,24.97,21.67,8.04
61.53,22.29,14.49,13.16,7.92,30.19,24.97,21.60,8.05
61.54,22.29,14.49,13.13,7.93,30.14,24.89,21.60,8.05
61.55,22.25,14.49,13.14,7.92,30.09,24.89,21.60,8.04
61.56,22.25,14.47,13.13,7.92,30.09,24.85,21.57,8.04
61.57,22.22,14.49,13.13,7.93,30.04,24.85,21.57,8.04
61.58,22.22,14.47,13.11,7.91,30.04,24.81,21.57,8.04
61.59,22.22,14.47,13.11,7.92,29.99,24.81,21.57,8.05
61.60,22.19,14.45,13.11,7.91,29.94,24.77,21.57,8.04
61.61,22.19,14.43,13.09,7.92,29.94,24.73,21.54,8.04
61.62,22.19,14.43,13.08,7.91,29.88,24.73,21.51,8.04
61.63,22.15,14.43,13.09,7.92,29.88,24.69,21.48,8.04
61.64,22.12,14.43,13.08,7.91,29.88,24.69,21.48,8.04
61.65,22.12,14.41,13.08,7.93,29.83,24.66,21.51,8.04
61.66,22.09,14.41,13.06,7.91,29.83,24.66,21.44,8.04
61.67,22.09,14.41,13.06,7.91,29.78,24.62,21.44,8.04
61.68,22.09,14.39,13.06,7.91,29.73,24.58,21.44,8.04
61.69,22.05,14.39,13.06,7.91,29.68,24.58,21.44,8.04
61.70,22.02,14.37,13.02,7.91,29.68,24.54,21.41,8.04
61.71,22.02,14.37,13.02,7.91,29.63,24.54,21.38,8.05
61.72,22.02,14.37,13.02,7.91,29.63,24.50,21.41,8.04
61.73,21.99,14.37,13.02,7.91,29.58,24.46,21.38,8.04
61.74,21.99,14.35,13.02,7.92,29.58,24.46,21.35,8.04
61.75,21.99,14.35,13.01,7.92,29.53,24.43,21.38,8.04
61.76,21.95,14.35,13.01,7.91,29.53,24.46,21.35,8.04
61.77,21.92,14.35,12.99,7.91,29.48,24.39,21.35,8.04
61.78,21.92,14.35,12.97,7.92,29.48,24.39,21.32,8.05
61.79,21.92,14.32,12.99,7.91,29.38,24.35,21.32,8.04
61.80,21.89,14.32,12.97,7.91,29.38,24.35,21.32,8.04
61.81,21.89,14.32,12.96,7.91,29.33,24.31,21.29,8.05
61.82,21.86,14.32,12.96,7.91,29.33,24.31,21.29,8.04
61.83,21.86,14.30,12.96,7.91,29.28,24.27,21.25,8.04
61.84,21.86,14.30,12.96,7.90,29.28,24.27,21.25,8.04
61.85,21.82,14.30,12.94,7.91,29.23,24.23,21.22,8.03
61.86,21.82,14.28,12.94,7.90,29.23,24.23,21.22,8.03
61.87,21.79,14.28,12.92,7.90,29.18,24.20,21.22,8.03
61.88,21.79,14.28,12.91,7.90,29.13,24.16,21.22,8.03
61.89,21.79,14.28,12.92,7.90,29.18,24.12,21.19,8.03
61.90,21.76,14.28,12.91,7.89,29.08,24.12,21.16,8.02
61.91,21.76,14.26,12.89,7.91,29.08,24.12,21.19,8.03
61.94,21.73,14.28,12.89,7.91,29.08,24.09,21.16,8.03
61.94,21.73,14.26,12.89,7.90,29.03,24.09,21.19,8.04
61.95,21.69,14.24,12.89,7.90,28.98,24.05,21.13,8.04
61.96,21.69,14.24,12.89,7.90,28.98,24.05,21.13,8.03
61.97,21.66,14.24,12.87,7.90,28.93,24.05,21.13,8.04
61.98,21.66,14.20,12.87,7.90,28.89,23.97,21.10,8.03
61.99,21.63,14.20,12.89,7.91,28.89,23.94,21.10,8.03
62.00,21.63,14.20,12.86,7.90,28.89,23.94,21.07,8.03
62.01,21.60,14.20,12.86,7.90,28.84,23.94,21.10,8.04
62.02,21.63,14.22,12.86,7.90,28.79,23.86,21.07,8.03
62.03,21.60,14.20,12.86,7.89,28.79,23.90,21.07,8.03
62.04,21.57,14.18,12.82,7.90,28.79,23.90,21.04,8.04
62.05,21.57,14.18,12.80,7.91,28.69,23.86,21.01,8.03
62.06,21.53,14.16,12.82,7.89,28.69,23.83,21.01,8.03
62.07,21.53,14.16,12.82,7.89,28.69,23.83,21.04,8.03
62.08,21.53,14.16,12.80,7.90,28.69,23.79,21.01,8.03
62.10,21.50,14.15,12.80,7.90,28.64,23.75,21.01,8.03
62.11,21.50,14.15,12.80,7.89,28.60,23.75,21.01,8.03
62.12,21.50,14.15,12.79,7.90,28.60,23.75,20.98,8.02
62.13,21.47,14.15,12.79,7.89,28.60,23.72,20.98,8.03
62.14,21.47,14.13,12.79,7.90,28.55,23.68,20.94,8.02
62.15,21.44,14.13,12.77,7.89,28.50,23.68,20.98,8.02
62.16,21.44,14.13,12.77,7.89,28.50,23.64,20.94,8.03
62.17,21.41,14.09,12.76,7.89,28.45,23.64,20.94,8.03
62.18,21.41,14.11,12.76,7.89,28.45,23.64,20.91,8.03
62.19,21.41,14.09,12.76,7.89,28.41,23.61,20.88,8.03
62.20,21.37,14.11,12.74,7.89,28.41,23.57,20.88,8.03
62.21,21.37,14.09,12.74,7.88,28.36,23.57,20.88,8.03
62.22,21.34,14.09,12.74,7.90,28.36,23.53,20.85,8.03
62.23,21.34,14.09,12.72,7.89,28.31,23.50,20.85,8.03
62.24,21.31,14.09,12.72,7.90,28.31,23.50,20.85,8.02
62.25,21.31,14.09,12.72,7.88,28.26,23.50,20.85,8.02
62.26,21.31,14.05,12.72,7.89,28.26,23.46,20.82,8.03
62.27,21.28,14.05,12.72,7.89,28.22,23.39,20.85,8.03
62.28,21.28,14.05,12.71,7.88,28.17,23.46,20.82,8.03
62.29,21.28,14.05,12.69,7.88,28.17,23.39,20.82,8.03
62.30,21.25,14.05,12.69,7.88,28.17,23.39,20.82,8.03
62.31,21.25,14.03,12.69,7.88,28.12,23.39,20.79,8.04
62.32,21.25,14.02,12.67,7.88,28.08,23.36,20.76,8.02
62.33,21.22,14.02,12.65,7.89,28.08,23.36,20.76,8.02
62.34,21.18,14.03,12.67,7.88,28.08,23.32,20.73,8.03
62.35,21.18,14.02,12.65,7.88,28.03,23.32,20.73,8.02
62.36,21.18,14.03,12.65,7.88,28.03,23.28,20.73,8.01
62.37,21.18,14.02,12.65,7.87,27.98,23.25,20.73,8.02
62.38,21.18,14.00,12.65,7.88,27.98,23.25,20.73,8.03
62.39,21.12,14.00,12.62,7.88,27.94,23.25,20.73,8.02
62.40,21.15,14.00,12.65,7.88,27.89,23.21,20.70,8.03
62.41,21.12,13.98,12.62,7.88,27.94,23.18,20.70,8.01
62.42,21.12,13.98,12.62,7.88,27.84,23.18,20.67,8.03
62.43,21.12,13.98,12.64,7.87,27.84,23.18,20.67,8.03
62.44,21.09,13.98,12.61,7.87,27.84,23.14,20.64,8.03
62.45,21.09,13.96,12.61,7.88,27.80,23.14,20.67,8.01
62.46,21.06,13.96,12.61,7.88,27.80,23.11,20.67,8.02
62.47,21.06,13.96,12.59,7.87,27.75,23.07,20.64,8.02
62.48,21.03,13.94,12.59,7.87,27.75,23.07,20.61,8.03
62.49,21.03,13.94,12.59,7.87,27.75,23.07,20.61,8.02
62.50,21.00,13.94,12.57,7.87,27.71,23.04,20.64,8.03
62.51,21.00,13.96,12.57,7.88,27.66,23.04,20.58,8.02
62.52,21.00,13.92,12.57,7.87,27.66,23.00,20.61,8.02
62.53,21.00,13.90,12.56,7.88,27.61,23.00,20.61,8.02
62.54,20.97,13.92,12.56,7.87,27.61,22.97,20.52,8.02
62.55,20.97,13.92,12.57,7.87,27.57,22.93,20.58,8.02
62.56,20.97,13.90,12.54,7.86,27.57,22.93,20.55,8.02
62.57,20.94,13.89,12.54,7.87,27.57,22.90,20.52,8.02
62.58,20.91,13.89,12.54,7.87,27.52,22.90,20.55,8.02
62.59,20.91,13.90,12.54,7.87,27.48,22.90,20.52,8.01
62.60,20.91,13.87,12.54,7.88,27.48,22.90,20.49,8.01
62.61,20.88,13.87,12.52,7.87,27.48,22.83,20.49,8.01
62.62,20.88,13.87,12.52,7.87,27.48,22.79,20.49,8.01
62.63,20.88,13.87,12.51,7.86,27.43,22.79,20.49,8.01
62.64,20.88,13.85,12.49,7.87,27.39,22.83,20.49,8.02
62.65,20.84,13.85,12.49,7.87,27.39,22.76,20.46,8.01
62.66,20.84,13.83,12.49,7.87,27.34,22.79,20.46,8.02
62.67,20.81,13.83,12.49,7.86,27.30,22.76,20.43,8.01
62.68,20.81,13.83,12.49,7.86,27.30,22.72,20.43,8.01
62.69,20.81,13.81,12.47,7.86,27.30,22.76,20.43,8.01
62.70,20.78,13.83,12.46,7.86,27.30,22.72,20.43,8.01
62.71,20.78,13.83,12.49,7.86,27.30,22.69,20.43,8.01
62.72,20.78,13.83,12.49,7.87,27.25,22.69,20.40,8.01
62.73,20.75,13.81,12.47,7.87,27.25,22.66,20.40,8.01
62.74,20.75,13.79,12.46,7.86,27.21,22.66,20.40,8.01
62.75,20.72,13.81,12.44,7.86,27.16,22.62,20.37,8.01
62.76,20.72,13.79,12.46,7.87,27.16,22.62,20.37,8.02
62.77,20.72,13.79,12.44,7.85,27.16,22.55,20.40,8.02
62.78,20.69,13.79,12.43,7.86,27.12,22.59,20.34,8.01
62.79,20.66,13.78,12.44,7.87,27.12,22.55,20.37,8.02
62.82,20.69,13.79,12.43,7.85,27.08,22.52,20.34,8.02
62.82,20.66,13.76,12.43,7.85,27.03,22.55,20.31,8.02
62.83,20.66,13.76,12.43,7.85,27.08,22.52,20.34,8.01
62.84,20.66,13.76,12.43,7.85,26.99,22.48,20.34,8.01
62.85,20.66,13.76,12.39,7.86,27.03,22.48,20.31,8.02
62.86,20.63,13.74,12.41,7.85,26.99,22.48,20.31,8.01
62.87,20.60,13.76,12.39,7.85,26.99,22.45,20.31,8.01
62.88,20.60,13.74,12.41,7.86,26.94,22.42,20.28,8.01
62.89,20.60,13.74,12.38,7.85,26.94,22.42,20.28,8.01
62.90,20.57,13.72,12.39,7.85,26.86,22.42,20.28,8.01
62.91,20.57,13.72,12.38,7.86,26.90,22.38,20.25,8.00
62.92,20.57,13.72,12.38,7.85,26.86,22.38,20.25,8.01
62.93,20.54,13.70,12.38,7.86,26.86,22.35,20.25,8.01
62.94,20.54,13.70,12.38,7.85,26.81,22.35,20.25,8.00
62.95,20.54,13.72,12.36,7.86,26.81,22.32,20.25,8.01
62.96,20.51,13.69,12.36,7.85,26.77,22.32,20.22,8.01
62.97,20.51,13.70,12.36,7.85,26.81,22.28,20.22,8.01
62.98,20.48,13.69,12.36,7.85,26.77,22.28,20.22,8.01
62.99,20.51,13.69,12.35,7.85,26.73,22.25,20.22,8.01
63.00,20.48,13.69,12.33,7.85,26.73,22.25,20.19,8.01
63.01,20.48,13.67,12.33,7.85,26.73,22.25,20.16,8.00
63.02,20.45,13.69,12.31,7.85,26.68,22.21,20.19,8.01
63.03,20.45,13.67,12.31,7.84,26.68,22.21,20.16,8.02
63.04,20.45,13.67,12.33,7.85,26.68,22.18,20.16,8.01
63.05,20.42,13.65,12.31,7.84,26.64,22.18,20.14,8.00
63.06,20.42,13.63,12.30,7.84,26.60,22.18,20.16,8.00
63.07,20.42,13.65,12.30,7.84,26.60,22.12,20.14,8.01
63.08,20.39,13.63,12.30,7.85,26.60,22.12,20.16,8.01
63.09,20.39,13.63,12.30,7.83,26.55,22.12,20.14,8.00
63.10,20.39,13.61,12.30,7.85,26.51,22.12,20.11,8.00
63.11,20.39,13.61,12.28,7.85,26.51,22.08,20.14,8.00
63.12,20.36,13.61,12.28,7.85,26.51,22.08,20.14,7.99
63.13,20.36,13.61,12.27,7.84,26.47,22.08,20.11,8.00
63.14,20.33,13.61,12.27,7.85,26.51,22.05,20.08,8.01
63.15,20.33,13.61,12.27,7.84,26.42,22.02,20.08,7.99
63.16,20.30,13.60,12.27,7.83,26.47,22.02,20.11,8.00
63.17,20.30,13.61,12.25,7.84,26.42,21.98,20.08,8.01
63.18,20.30,13.60,12.25,7.85,26.42,21.98,20.05,7.99
63.19,20.30,13.60,12.27,7.83,26.38,21.95,20.02,8.00
63.20,20.27,13.60,12.23,7.84,26.38,21.98,20.05,8.00
63.21,20.27,13.60,12.23,7.84,26.34,21.95,20.02,7.99
63.22,20.24,13.58,12.25,7.84,26.34,21.92,20.02,7.99
63.23,20.24,13.58,12.23,7.83,26.34,21.95,20.02,7.99
63.24,20.24,13.56,12.22,7.84,26.34,21.89,20.02,7.99
63.25,20.24,13.56,12.23,7.83,26.30,21.89,20.02,8.00
63.26,20.24,13.54,12.22,7.83,26.25,21.92,20.02,8.00
63.27,20.21,13.54,12.22,7.83,26.25,21.85,19.99,8.00
63.28,20.21,13.54,12.22,7.85,26.21,21.85,19.96,7.99
63.29,20.21,13.54,12.20,7.84,26.21,21.82,19.99,7.99
63.30,20.21,13.54,12.22,7.84,26.21,21.82,19.96,7.99
63.31,20.18,13.53,12.20,7.83,26.21,21.82,19.96,7.99
63.32,20.18,13.54,12.22,7.83,26.17,21.82,19.96,7.99
63.33,20.16,13.53,12.20,7.83,26.17,21.79,19.93,7.99
63.34,20.16,13.54,12.19,7.83,26.13,21.79,19.93,7.99
63.35,20.16,13.53,12.19,7.83,26.09,21.75,19.93,7.99
63.36,20.13,13.53,12.17,7.83,26.13,21.72,19.90,7.99
63.37,20.10,13.51,12.17,7.84,26.13,21.72,19.93,7.99
63.38,20.13,13.51,12.19,7.82,26.09,21.72,19.90,7.99
63.39,20.13,13.49,12.17,7.83,26.04,21.69,19.90,7.99
63.40,20.10,13.49,12.15,7.83,26.04,21.72,19.90,7.99
63.41,20.07,13.49,12.15,7.83,26.04,21.66,19.93,8.00
63.42,20.07,13.47,12.14,7.82,26.00,21.66,19.88,7.97
63.43,20.07,13.47,12.14,7.83,26.00,21.69,19.88,7.99
63.45,20.07,13.47,12.15,7.83,25.96,21.66,19.88,7.97
63.46,20.07,13.47,12.15,7.82,26.00,21.59,19.88,7.99
63.47,20.04,13.49,12.14,7.82,25.92,21.66,19.88,7.99
63.48,20.04,13.47,12.14,7.83,25.92,21.56,19.88,7.99
63.49,20.04,13.45,12.12,7.81,25.92,21.56,19.85,7.99
63.50,20.01,13.47,12.11,7.82,25.92,21.56,19.85,7.99
63.51,20.01,13.45,12.12,7.83,25.88,21.56,19.85,7.99
63.52,19.98,13.44,12.11,7.82,25.88,21.53,19.85,7.97
63.53,20.01,13.44,12.12,7.82,25.88,21.56,19.79,7.99
63.54,19.98,13.44,12.11,7.82,25.84,21.53,19.82,7.99
63.55,19.98,13.45,12.09,7.83,25.80,21.50,19.85,7.97
63.56,19.95,13.42,12.11,7.82,25.80,21.53,19.82,7.99
63.57,19.95,13.42,12.11,7.82,25.80,21.47,19.79,7.97
63.58,19.95,13.44,12.09,7.82,25.75,21.47,19.79,7.99
63.59,19.92,13.42,12.07,7.82,25.75,21.43,19.79,7.97
63.60,19.98,13.40,12.09,7.83,25.75,21.43,19.79,7.99
63.61,19.92,13.40,12.07,7.82,25.71,21.43,19.79,7.97
63.62,19.92,13.40,12.07,7.81,25.71,21.40,19.76,7.97
63.63,19.92,13.40,12.07,7.82,25.71,21.43,19.76,7.97
63.64,19.92,13.38,12.06,7.81,25.71,21.40,19.79,7.99
63.65,19.89,13.38,12.06,7.82,25.67,21.37,19.76,7.97
63.66,19.89,13.38,12.06,7.81,25.67,21.34,19.73,7.97
63.67,19.86,13.37,12.06,7.81,25.67,21.34,19.73,7.97
63.68,19.86,13.37,12.04,7.81,25.63,21.34,19.73,7.97
63.69,19.84,13.37,12.04,7.81,25.63,21.34,19.70,7.97
63.70,19.86,13.35,12.06,7.82,25.59,21.31,19.73,7.97
63.71,19.84,13.37,12.04,7.81,25.59,21.31,19.70,7.97
63.72,19.84,13.35,12.06,7.82,25.59,21.28,19.73,7.97
63.73,19.84,13.37,12.03,7.81,25.55,21.28,19.70,7.97
63.74,19.81,13.35,12.03,7.81,25.55,21.25,19.68,7.97
63.75,19.81,13.35,12.01,7.81,25.55,21.25,19.73,7.96
63.76,19.81,13.33,12.03,7.80,25.55,21.21,19.68,7.97
63.77,19.81,13.33,12.01,7.80,25.51,21.21,19.70,7.97
63.78,19.78,13.35,12.01,7.80,25.51,21.21,19.65,7.97
63.79,19.78,13.33,12.03,7.80,25.47,21.21,19.65,7.97
63.80,19.75,13.33,12.01,7.81,25.47,21.18,19.65,7.99
63.81,19.72,13.31,12.01,7.80,25.43,21.18,19.65,7.97
63.82,19.75,13.33,12.00,7.80,25.43,21.15,19.62,7.97
63.83,19.75,13.33,12.00,7.80,25.43,21.18,19.65,7.97
63.84,19.72,13.33,11.98,7.80,25.39,21.12,19.65,7.96
63.85,19.72,13.30,11.98,7.79,25.39,21.15,19.62,7.97
63.86,19.72,13.31,11.98,7.80,25.39,21.12,19.62,7.97
63.87,19.72,13.30,11.98,7.80,25.39,21.12,19.62,7.96
63.88,19.72,13.30,11.98,7.80,25.35,21.09,19.59,7.96
63.89,19.69,13.30,11.98,7.80,25.35,21.09,19.59,7.96
63.90,19.69,13.28,11.97,7.79,25.35,21.06,19.59,7.95
63.91,19.67,13.28,11.98,7.80,25.31,21.06,19.59,7.97
63.92,19.69,13.28,11.97,7.80,25.35,21.09,19.59,7.96
63.93,19.67,13.26,11.95,7.79,25.31,21.03,19.59,7.97
63.94,19.67,13.26,11.95,7.79,25.27,21.03,19.56,7.96
63.95,19.67,13.24,11.94,7.79,25.27,21.03,19.56,7.96
63.96,19.64,13.24,11.95,7.79,25.27,21.00,19.56,7.96
63.97,19.64,13.26,11.95,7.80,25.27,20.96,19.56,7.96
63.98,19.64,13.24,11.95,7.79,25.27,21.00,19.56,7.97
63.99,19.61,13.24,11.95,7.81,25.23,20.96,19.54,7.97
64.00,19.61,13.26,11.92,7.79,25.19,20.96,19.51,7.95
64.01,19.61,13.26,11.92,7.79,25.19,20.96,19.54,7.96
64.02,19.61,13.24,11.92,7.79,25.19,20.93,19.51,7.96
64.03,19.58,13.23,11.92,7.79,25.15,20.93,19.54,7.96
64.04,19.58,13.23,11.92,7.79,25.15,20.87,19.51,7.96
64.05,19.58,13.24,11.92,7.80,25.15,20.90,19.54,7.95
64.06,19.58,13.21,11.90,7.80,25.15,20.90,19.51,7.97
64.07,19.55,13.21,11.92,7.79,25.11,20.90,19.48,7.95
64.08,19.55,13.23,11.90,7.79,25.11,20.87,19.51,7.96
64.10,19.55,13.21,11.90,7.79,25.11,20.84,19.51,7.96
64.11,19.55,13.21,11.90,7.79,25.07,20.84,19.48,7.96
64.12,19.55,13.21,11.89,7.79,25.07,20.84,19.48,7.95
64.13,19.52,13.21,11.89,7.79,25.07,20.84,19.45,7.96
64.14,19.50,13.19,11.87,7.79,25.03,20.84,19.48,7.96
64.15,19.50,13.19,11.89,7.78,25.07,20.78,19.45,7.96
64.16,19.50,13.19,11.89,7.79,25.03,20.78,19.45,7.96
64.17,19.50,13.19,11.87,7.79,25.03,20.78,19.45,7.97
64.18,19.50,13.19,11.89,7.79,24.99,20.75,19.42,7.95
64.19,19.50,13.17,11.86,7.78,24.99,20.78,19.45,7.97
64.20,19.50,13.17,11.86,7.79,24.95,20.75,19.45,7.96
64.21,19.47,13.17,11.86,7.79,24.95,20.75,19.42,7.95
64.22,19.47,13.16,11.86,7.78,24.95,20.72,19.40,7.95
64.23,19.47,13.17,11.84,7.78,24.95,20.72,19.40,7.95
64.24,19.44,13.14,11.86,7.78,24.91,20.72,19.40,7.96
64.25,19.44,13.14,11.86,7.78,24.91,20.69,19.40,7.95
64.26,19.44,13.16,11.83,7.79,24.87,20.69,19.40,7.96
64.27,19.41,13.16,11.84,7.78,24.87,20.69,19.40,7.95
64.28,19.41,13.12,11.86,7.79,24.87,20.66,19.40,7.96
64.29,19.41,13.16,11.83,7.78,24.87,20.63,19.40,7.96
64.30,19.44,13.12,11.81,7.77,24.83,20.60,19.37,7.95
64.31,19.39,13.14,11.83,7.77,24.83,20.63,19.40,7.95
64.32,19.39,13.12,11.83,7.79,24.83,20.60,19.34,7.95
64.33,19.39,13.12,11.83,7.78,24.79,20.60,19.37,7.95
64.34,19.36,13.12,11.81,7.77,24.79,20.63,19.37,7.95
64.35,19.39,13.11,11.83,7.77,24.79,20.60,19.37,7.95
64.36,19.36,13.11,11.81,7.78,24.79,20.57,19.34,7.96
64.37,19.36,13.12,11.81,7.79,24.75,20.60,19.34,7.96
64.38,19.36,13.11,11.80,7.77,24.79,20.57,19.34,7.96
64.39,19.33,13.12,11.80,7.77,24.75,20.57,19.34,7.95
64.40,19.33,13.11,11.78,7.78,24.71,20.57,19.31,7.95
64.41,19.33,13.09,11.80,7.78,24.71,20.54,19.31,7.95
64.42,19.30,13.09,11.80,7.77,24.71,20.51,19.31,7.94
64.43,19.33,13.09,11.78,7.77,24.71,20.54,19.29,7.95
64.44,19.30,13.09,11.78,7.78,24.68,20.48,19.31,7.95
64.45,19.30,13.07,11.78,7.77,24.68,20.48,19.31,7.94
64.46,19.30,13.09,11.78,7.77,24.68,20.48,19.31,7.94
64.47,19.30,13.07,11.77,7.77,24.64,20.48,19.31,7.95
64.48,19.27,13.05,11.78,7.76,24.64,20.48,19.29,7.94
64.49,19.30,13.05,11.78,7.78,24.60,20.45,19.29,7.94
64.50,19.27,13.05,11.77,7.77,24.64,20.45,19.26,7.94
64.51,19.27,13.05,11.78,7.76,24.60,20.45,19.26,7.94
64.52,19.27,13.05,11.75,7.76,24.60,20.45,19.26,7.94
64.53,19.25,13.05,11.75,7.76,24.56,20.42,19.26,7.95
64.54,19.25,13.05,11.75,7.76,24.56,20.42,19.29,7.96
64.55,19.25,13.04,11.77,7.77,24.56,20.42,19.26,7.94
64.56,19.22,13.04,11.77,7.77,24.56,20.36,19.26,7.96
64.57,19.22,13.04,11.77,7.77,24.52,20.36,19.23,7.94
64.58,19.22,13.02,11.73,7.76,24.56,20.39,19.23,7.94
64.59,19.22,13.04,11.75,7.76,24.52,20.36,19.23,7.96
64.60,19.22,13.02,11.73,7.77,24.52,20.33,19.23,7.94
64.61,19.19,13.02,11.73,7.76,24.48,20.36,19.20,7.94
64.62,19.19,13.02,11.72,7.76,24.48,20.33,19.23,7.94
64.63,19.19,13.02,11.72,7.76,24.48,20.33,19.20,7.94
64.64,19.19,13.00,11.72,7.75,24.48,20.33,19.20,7.94
64.65,19.19,13.00,11.73,7.76,24.48,20.30,19.23,7.94
64.66,19.16,13.00,11.72,7.76,24.45,20.30,19.20,7.94
64.67,19.16,13.02,11.72,7.75,24.45,20.24,19.18,7.94
64.68,19.14,13.00,11.71,7.75,24.45,20.27,19.20,7.95
64.69,19.14,13.00,11.71,7.75,24.45,20.30,19.18,7.94
64.70,19.14,12.99,11.72,7.76,24.41,20.24,19.20,7.94
64.71,19.14,12.99,11.71,7.76,24.41,20.24,19.20,7.93
64.73,19.14,12.99,11.71,7.76,24.41,20.24,19.18,7.94
64.74,19.11,12.99,11.71,7.75,24.37,20.21,19.20,7.94
64.75,19.14,12.99,11.71,7.75,24.37,20.24,19.15,7.93
64.76,19.11,12.97,11.69,7.75,24.37,20.21,19.15,7.94
64.77,19.11,12.97,11.69,7.76,24.37,20.18,19.18,7.93
64.78,19.11,12.99,11.68,7.75,24.37,20.21,19.18,7.94
64.79,19.08,12.97,11.68,7.76,24.33,20.16,19.18,7.94
64.80,19.08,12.97,11.68,7.75,24.33,20.16,19.15,7.94
64.81,19.11,12.95,11.66,7.76,24.33,20.16,19.12,7.94
64.82,19.05,12.95,11.68,7.75,24.29,20.16,19.15,7.94
64.83,19.11,12.95,11.66,7.75,24.29,20.13,19.12,7.94
64.84,19.05,12.97,11.68,7.75,24.26,20.10,19.12,7.93
64.85,19.05,12.95,11.68,7.75,24.29,20.13,19.12,7.94
64.86,19.05,12.94,11.66,7.75,24.26,20.10,19.12,7.94
64.87,19.05,12.95,11.66,7.75,24.26,20.13,19.12,7.94
64.88,19.05,12.94,11.64,7.75,24.26,20.10,19.12,7.94
64.89,19.03,12.92,11.64,7.75,24.29,20.13,19.12,7.94
64.90,19.03,12.94,11.64,7.75,24.18,20.10,19.09,7.94
64.91,19.03,12.92,11.66,7.75,24.18,20.07,19.09,7.93
64.92,19.03,12.92,11.63,7.74,24.18,20.07,19.09,7.93
64.93,19.00,12.94,11.63,7.75,24.18,20.04,19.07,7.93
64.94,19.00,12.92,11.64,7.75,24.18,20.01,19.04,7.93
64.95,19.00,12.94,11.64,7.74,24.18,20.01,19.09,7.94
64.96,19.00,12.90,11.63,7.74,24.14,20.04,19.09,7.93
64.97,18.97,12.90,11.61,7.75,24.14,20.01,19.07,7.93
64.98,18.97,12.90,11.61,7.74,24.14,20.01,19.04,7.93
64.99,18.97,12.88,11.61,7.75,24.14,20.01,19.07,7.93
65.00,18.97,12.90,11.61,7.74,24.14,19.98,19.04,7.93
65.01,18.97,12.90,11.60,7.74,24.11,20.01,19.04,7.93
65.02,18.95,12.88,11.61,7.74,24.11,19.98,19.04,7.93
65.03,18.95,12.88,11.60,7.74,24.11,19.98,19.04,7.93
65.04,18.95,12.88,11.60,7.74,24.11,19.92,19.04,7.94
65.05,18.92,12.87,11.58,7.74,24.11,19.95,19.01,7.92
65.06,18.95,12.87,11.60,7.74,24.07,19.92,19.04,7.94
65.07,18.92,12.87,11.60,7.73,24.07,19.92,19.01,7.93
65.08,18.92,12.87,11.60,7.74,24.07,19.95,19.01,7.94
65.09,18.92,12.87,11.60,7.74,24.07,19.89,19.01,7.93
65.10,18.92,12.88,11.58,7.73,24.03,19.95,19.01,7.93
65.11,18.92,12.87,11.58,7.74,24.03,19.89,18.98,7.93
65.12,18.89,12.87,11.57,7.74,24.03,19.89,18.98,7.93
65.13,18.89,12.85,11.58,7.74,23.99,19.87,19.01,7.92
65.14,18.89,12.85,11.57,7.73,23.99,19.87,18.96,7.92
65.15,18.89,12.85,11.55,7.73,24.03,19.87,18.98,7.92
65.16,18.87,12.83,11.57,7.73,23.96,19.84,18.98,7.92
65.17,18.87,12.85,11.55,7.73,23.99,19.84,18.98,7.93
65.18,18.87,12.83,11.55,7.73,23.96,19.84,18.96,7.92
65.19,18.87,12.83,11.55,7.72,23.96,19.81,18.96,7.93
65.20,18.87,12.83,11.55,7.73,23.99,19.81,18.98,7.92
65.21,18.87,12.83,11.55,7.73,23.96,19.81,18.96,7.93
65.22,18.87,12.82,11.54,7.72,23.92,19.78,18.96,7.93
65.23,18.84,12.83,11.57,7.73,23.92,19.78,18.96,7.92
65.24,18.84,12.83,11.54,7.72,23.92,19.78,18.93,7.93
65.25,18.84,12.82,11.55,7.73,23.88,19.75,18.96,7.92
65.26,18.84,12.83,11.53,7.72,23.88,19.75,18.90,7.92
65.28,18.81,12.80,11.55,7.73,23.88,19.75,18.93,7.92
65.29,18.81,12.80,11.53,7.72,23.88,19.75,18.93,7.92
65.30,18.81,12.80,11.54,7.72,23.88,19.75,18.93,7.93
65.31,18.81,12.80,11.51,7.72,23.88,19.72,18.90,7.92
65.32,18.81,12.80,11.53,7.73,23.88,19.72,18.90,7.92
65.33,18.79,12.78,11.53,7.72,23.84,19.72,18.90,7.92
65.34,18.79,12.80,11.51,7.73,23.84,19.70,18.90,7.92
65.35,18.79,12.78,11.53,7.72,23.84,19.70,18.93,7.92
65.36,18.76,12.78,11.53,7.72,23.81,19.70,18.90,7.92
65.37,18.76,12.77,11.53,7.72,23.81,19.70,18.88,7.91
65.38,18.79,12.78,11.49,7.72,23.81,19.64,18.88,7.92
65.39,18.76,12.78,11.53,7.72,23.81,19.67,18.90,7.92
65.40,18.76,12.78,11.49,7.72,23.81,19.67,18.90,7.92
65.41,18.73,12.77,11.51,7.73,23.81,19.64,18.88,7.92
65.42,18.76,12.77,11.49,7.71,23.77,19.67,18.88,7.92
65.43,18.73,12.78,11.49,7.73,23.73,19.64,18.85,7.92
65.44,18.73,12.78,11.49,7.72,23.77,19.64,18.88,7.92
65.45,18.73,12.75,11.49,7.72,23.73,19.61,18.90,7.92
65.46,18.73,12.75,11.49,7.72,23.73,19.61,18.88,7.92
65.47,18.71,12.77,11.48,7.71,23.73,19.61,18.85,7.92
65.48,18.71,12.77,11.49,7.72,23.73,19.61,18.85,7.92
65.49,18.71,12.75,11.49,7.72,23.70,19.58,18.85,7.91
65.50,18.71,12.75,11.48,7.71,23.70,19.58,18.85,7.91
65.51,18.68,12.73,11.48,7.72,23.73,19.58,18.85,7.92
65.52,18.68,12.73,11.46,7.71,23.70,19.58,18.82,7.92
65.53,18.68,12.72,11.46,7.72,23.70,19.53,18.82,7.91
65.54,18.68,12.72,11.46,7.71,23.66,19.55,18.82,7.91
65.55,18.68,12.72,11.46,7.71,23.66,19.55,18.80,7.91
65.56,18.68,12.73,11.46,7.71,23.63,19.53,18.82,7.91
65.57,18.68,12.73,11.46,7.71,23.66,19.55,18.80,7.92
65.58,18.68,12.72,11.46,7.71,23.63,19.50,18.82,7.92
65.59,18.65,12.72,11.46,7.71,23.63,19.50,18.82,7.92
65.60,18.65,12.72,11.45,7.72,23.59,19.50,18.80,7.91
65.61,18.65,12.72,11.44,7.72,23.66,19.50,18.80,7.92
65.62,18.63,12.70,11.45,7.71,23.63,19.50,18.80,7.93
65.63,18.63,12.70,11.45,7.71,23.59,19.47,18.80,7.91
65.64,18.63,12.68,11.45,7.71,23.59,19.47,18.80,7.92
65.65,18.63,12.70,11.45,7.70,23.59,19.47,18.80,7.91
65.66,18.63,12.70,11.44,7.71,23.59,19.47,18.80,7.92
65.67,18.63,12.70,11.44,7.71,23.55,19.47,18.77,7.91
65.68,18.60,12.68,11.44,7.71,23.59,19.44,18.77,7.92
65.69,18.60,12.70,11.44,7.71,23.55,19.41,18.80,7.91
65.70,18.60,12.68,11.44,7.71,23.55,19.44,18.77,7.91
65.71,18.60,12.68,11.42,7.70,23.55,19.41,18.74,7.92
65.72,18.60,12.67,11.42,7.70,23.52,19.41,18.77,7.92
65.73,18.60,12.68,11.42,7.70,23.52,19.41,18.77,7.91
65.74,18.57,12.68,11.42,7.70,23.52,19.41,18.74,7.90
65.75,18.57,12.67,11.41,7.70,23.52,19.39,18.77,7.91
65.76,18.57,12.67,11.41,7.70,23.52,19.41,18.74,7.91
65.77,18.57,12.67,11.42,7.71,23.48,19.41,18.72,7.91
65.78,18.57,12.65,11.41,7.70,23.48,19.36,18.74,7.90
65.79,18.55,12.67,11.41,7.70,23.48,19.39,18.72,7.90
65.80,18.55,12.65,11.39,7.70,23.48,19.33,18.72,7.91
65.81,18.55,12.65,11.41,7.70,23.45,19.33,18.72,7.92
65.82,18.55,12.67,11.39,7.69,23.45,19.33,18.69,7.91
65.83,18.55,12.65,11.39,7.70,23.45,19.33,18.72,7.91
65.84,18.52,12.65,11.39,7.69,23.41,19.33,18.74,7.91
65.85,18.52,12.65,11.39,7.70,23.41,19.33,18.69,7.91
65.86,18.52,12.67,11.39,7.69,23.41,19.30,18.69,7.91
65.87,18.50,12.63,11.38,7.69,23.41,19.30,18.72,7.90
65.88,18.52,12.65,11.39,7.71,23.45,19.28,18.74,7.90
65.89,18.50,12.63,11.38,7.69,23.41,19.33,18.69,7.90
65.92,18.52,12.62,11.36,7.70,23.37,19.33,18.66,7.90
65.92,18.52,12.63,11.38,7.70,23.37,19.28,18.69,7.90
65.93,18.50,12.62,11.38,7.69,23.37,19.28,18.69,7.92
65.94,18.47,12.62,11.38,7.69,23.37,19.28,18.66,7.91
65.95,18.50,12.63,11.36,7.70,23.37,19.25,18.66,7.90
65.96,18.47,12.63,11.36,7.69,23.34,19.25,18.66,7.90
65.97,18.50,12.62,11.36,7.69,23.37,19.22,18.66,7.90
65.98,18.50,12.62,11.36,7.69,23.37,19.25,18.69,7.91
65.99,18.47,12.62,11.36,7.69,23.34,19.22,18.66,7.90
66.00,18.47,12.62,11.36,7.70,23.34,19.25,18.66,7.90
66.01,18.44,12.62,11.33,7.69,23.30,19.22,18.64,7.89
66.02,18.50,12.59,11.36,7.69,23.30,19.19,18.66,7.90
66.03,18.44,12.59,11.38,7.68,23.30,19.22,18.64,7.90
66.04,18.44,12.60,11.35,7.69,23.30,19.19,18.64,7.91
66.05,18.44,12.59,11.35,7.69,23.30,19.19,18.66,7.91
66.06,18.44,12.59,11.35,7.68,23.27,19.17,18.64,7.90
66.07,18.44,12.59,11.35,7.69,23.30,19.17,18.64,7.91
66.08,18.44,12.59,11.35,7.68,23.30,19.17,18.64,7.90
66.09,18.42,12.57,11.32,7.69,23.30,19.17,18.64,7.90
66.10,18.42,12.57,11.33,7.68,23.23,19.17,18.61,7.90
66.11,18.42,12.57,11.33,7.68,23.27,19.17,18.61,7.90
66.12,18.42,12.57,11.33,7.68,23.23,19.17,18.61,7.90
66.13,18.42,12.59,11.32,7.68,23.27,19.11,18.59,7.89
66.14,18.42,12.59,11.33,7.68,23.23,19.11,18.59,7.90
66.15,18.42,12.57,11.32,7.69,23.23,19.14,18.64,7.89
66.16,18.39,12.59,11.32,7.68,23.23,19.11,18.59,7.91
66.17,18.39,12.55,11.30,7.69,23.23,19.11,18.59,7.90
66.18,18.39,12.55,11.32,7.68,23.19,19.08,18.61,7.89
66.19,18.39,12.55,11.32,7.69,23.19,19.11,18.59,7.90
66.20,18.36,12.55,11.29,7.67,23.19,19.06,18.59,7.90
66.21,18.39,12.57,11.30,7.67,23.19,19.08,18.59,7.90
66.22,18.36,12.55,11.30,7.67,23.16,19.06,18.59,7.89
66.23,18.39,12.55,11.30,7.69,23.12,19.06,18.59,7.90
66.24,18.36,12.54,11.30,7.68,23.16,19.03,18.61,7.89
66.25,18.36,12.55,11.30,7.67,23.16,19.03,18.56,7.90
66.26,18.34,12.54,11.29,7.67,23.16,19.03,18.59,7.89
66.27,18.36,12.54,11.30,7.67,23.16,19.03,18.53,7.90
66.28,18.34,12.54,11.27,7.68,23.16,19.06,18.59,7.89
66.29,18.34,12.54,11.29,7.67,23.12,19.03,18.56,7.89
66.30,18.34,12.54,11.29,7.67,23.12,19.00,18.56,7.90
66.31,18.34,12.54,11.27,7.67,23.12,19.00,18.53,7.89
66.32,18.31,12.52,11.27,7.67,23.09,19.00,18.53,7.89
66.33,18.31,12.54,11.29,7.69,23.12,19.00,18.56,7.89
66.34,18.31,12.52,11.27,7.67,23.09,18.98,18.56,7.89
66.35,18.31,12.50,11.27,7.67,23.09,18.98,18.53,7.89
66.36,18.31,12.50,11.27,7.67,23.09,18.98,18.56,7.89
66.37,18.31,12.50,11.26,7.68,23.09,18.95,18.56,7.89
66.38,18.31,12.52,11.26,7.67,23.05,18.95,18.51,7.89
66.39,18.29,12.52,11.26,7.67,23.05,18.95,18.53,7.89
66.40,18.29,12.49,11.26,7.67,23.02,18.95,18.53,7.88
66.41,18.29,12.49,11.26,7.68,23.05,18.95,18.51,7.89
66.42,18.29,12.50,11.26,7.66,23.02,18.95,18.51,7.89
66.43,18.29,12.50,11.26,7.67,23.05,18.92,18.51,7.88
66.44,18.29,12.49,11.24,7.66,23.02,18.92,18.51,7.89
66.45,18.26,12.47,11.24,7.67,23.02,18.92,18.48,7.89
66.46,18.26,12.47,11.26,7.67,23.02,18.92,18.48,7.89
66.47,18.26,12.49,11.24,7.67,23.02,18.92,18.51,7.89
66.48,18.26,12.47,11.24,7.66,22.98,18.89,18.51,7.89
66.49,18.26,12.47,11.24,7.66,23.02,18.89,18.48,7.89
66.50,18.24,12.47,11.24,7.67,22.98,18.89,18.48,7.88
66.51,18.26,12.47,11.23,7.66,22.98,18.87,18.48,7.89
66.52,18.24,12.47,11.23,7.67,23.02,18.87,18.48,7.90
66.53,18.26,12.47,11.23,7.65,22.95,18.87,18.48,7.88
66.54,18.24,12.47,11.23,7.66,22.95,18.84,18.48,7.87
66.55,18.21,12.46,11.22,7.65,22.95,18.87,18.45,7.88
66.56,18.24,12.46,11.23,7.66,22.95,18.89,18.45,7.89
66.57,18.21,12.46,11.22,7.66,22.91,18.87,18.45,7.88
66.58,18.21,12.46,11.22,7.65,22.95,18.84,18.48,7.88
66.59,18.21,12.46,11.23,7.66,22.95,18.84,18.45,7.89
66.61,18.21,12.46,11.22,7.65,22.91,18.84,18.43,7.89
66.62,18.21,12.44,11.22,7.65,22.91,18.84,18.43,7.88
66.63,18.21,12.44,11.23,7.66,22.91,18.82,18.45,7.88
66.64,18.18,12.46,11.20,7.65,22.91,18.79,18.43,7.88
66.65,18.18,12.44,11.22,7.65,22.91,18.82,18.43,7.87
66.66,18.16,12.46,11.22,7.65,22.88,18.79,18.48,7.88
66.67,18.18,12.42,11.20,7.65,22.88,18.79,18.45,7.87
66.68,18.18,12.44,11.20,7.66,22.88,18.79,18.45,7.89
66.69,18.18,12.46,11.20,7.65,22.88,18.76,18.45,7.88
66.70,18.18,12.42,11.22,7.66,22.88,18.76,18.43,7.88
66.71,18.18,12.42,11.19,7.65,22.88,18.76,18.43,7.88
66.72,18.18,12.42,11.20,7.64,22.88,18.79,18.43,7.88
66.73,18.16,12.42,11.19,7.65,22.84,18.73,18.40,7.87
66.74,18.16,12.41,11.19,7.65,22.84,18.73,18.43,7.88
66.75,18.16,12.42,11.19,7.65,22.84,18.73,18.40,7.88
66.76,18.16,12.41,11.19,7.65,22.81,18.73,18.40,7.87
66.77,18.13,12.41,11.19,7.64,22.84,18.76,18.40,7.88
66.78,18.11,12.41,11.19,7.65,22.84,18.73,18.40,7.87
66.79,18.16,12.39,11.17,7.65,22.81,18.73,18.43,7.88
66.80,18.13,12.41,11.17,7.65,22.81,18.71,18.38,7.87
66.81,18.13,12.41,11.19,7.64,22.84,18.73,18.38,7.88
66.82,18.13,12.39,11.17,7.65,22.77,18.71,18.38,7.88
66.83,18.13,12.39,11.17,7.64,22.77,18.71,18.38,7.88
66.84,18.11,12.39,11.17,7.66,22.77,18.68,18.40,7.87
66.85,18.11,12.39,11.19,7.65,22.77,18.68,18.38,7.88
66.86,18.11,12.39,11.16,7.64,22.81,18.66,18.38,7.87
66.87,18.11,12.39,11.16,7.64,22.77,18.66,18.38,7.88
66.88,18.11,12.39,11.14,7.65,22.74,18.66,18.35,7.87
66.89,18.08,12.37,11.16,7.65,22.77,18.66,18.38,7.87
66.90,18.11,12.39,11.16,7.64,22.74,18.66,18.38,7.87
66.91,18.08,12.37,11.16,7.64,22.74,18.68,18.35,7.88
66.92,18.08,12.37,11.16,7.64,22.74,18.63,18.35,7.87
66.93,18.08,12.37,11.14,7.64,22.74,18.63,18.35,7.87
66.94,18.06,12.36,11.14,7.64,22.74,18.63,18.35,7.87
66.95,18.08,12.37,11.14,7.64,22.74,18.60,18.38,7.88
66.96,18.08,12.36,11.13,7.64,22.70,18.60,18.33,7.87
66.97,18.08,12.36,11.14,7.64,22.70,18.63,18.38,7.87
66.98,18.06,12.37,11.14,7.64,22.74,18.60,18.35,7.87
66.99,18.06,12.36,11.14,7.64,22.70,18.60,18.35,7.87
67.00,18.06,12.36,11.13,7.64,22.67,18.60,18.33,7.87
67.01,18.06,12.37,11.14,7.64,22.70,18.60,18.33,7.87
67.02,18.06,12.37,11.14,7.63,22.70,18.58,18.33,7.86
67.03,18.06,12.34,11.13,7.62,22.67,18.58,18.35,7.87
67.04,18.06,12.34,11.13,7.64,22.67,18.55,18.33,7.87
67.05,18.03,12.34,11.12,7.64,22.67,18.55,18.33,7.87
67.06,18.03,12.36,11.12,7.63,22.67,18.55,18.33,7.87
67.07,18.03,12.34,11.13,7.63,22.67,18.52,18.35,7.88
67.08,18.03,12.34,11.12,7.63,22.64,18.52,18.33,7.86
67.09,18.03,12.33,11.12,7.65,22.67,18.55,18.33,7.86
67.10,18.03,12.33,11.10,7.63,22.64,18.50,18.30,7.86
67.11,18.03,12.33,11.10,7.63,22.67,18.55,18.30,7.86
67.12,18.01,12.33,11.10,7.63,22.64,18.52,18.33,7.87
67.13,18.01,12.33,11.10,7.63,22.60,18.55,18.30,7.87
67.14,18.01,12.33,11.12,7.64,22.64,18.50,18.27,7.87
67.15,18.01,12.33,11.10,7.64,22.64,18.52,18.30,7.87
67.16,18.01,12.34,11.10,7.63,22.60,18.50,18.30,7.86
67.17,18.01,12.33,11.10,7.62,22.60,18.50,18.27,7.86
67.18,18.01,12.33,11.10,7.62,22.60,18.50,18.30,7.86
67.19,18.01,12.33,11.10,7.62,22.60,18.50,18.27,7.86
67.20,17.98,12.33,11.10,7.63,22.60,18.47,18.27,7.86
67.21,18.01,12.31,11.09,7.62,22.57,18.50,18.30,7.86
67.22,17.98,12.33,11.09,7.62,22.60,18.47,18.27,7.86
67.23,17.96,12.29,11.09,7.63,22.57,18.45,18.27,7.86
67.24,18.01,12.31,11.09,7.62,22.60,18.47,18.27,7.86
67.26,17.96,12.29,11.09,7.62,22.57,18.47,18.27,7.85
67.27,17.98,12.29,11.10,7.62,22.57,18.45,18.27,7.86
67.28,17.96,12.28,11.09,7.62,22.53,18.45,18.27,7.86
67.29,17.96,12.28,11.09,7.62,22.57,18.45,18.25,7.86
67.30,17.96,12.29,11.07,7.62,22.53,18.42,18.25,7.86
67.31,17.96,12.28,11.09,7.62,22.53,18.42,18.27,7.86
67.32,17.93,12.28,11.07,7.62,22.47,18.42,18.22,7.85
67.33,17.96,12.28,11.06,7.61,22.53,18.39,18.25,7.85
67.34,17.93,12.28,11.06,7.62,22.53,18.42,18.25,7.86
67.35,17.96,12.28,11.06,7.62,22.53,18.39,18.22,7.86
67.36,17.93,12.26,11.07,7.62,22.50,18.39,18.25,7.86
67.37,17.93,12.28,11.09,7.62,22.50,18.37,18.27,7.86
67.38,17.93,12.28,11.06,7.61,22.47,18.42,18.22,7.85
67.39,17.91,12.26,11.04,7.61,22.53,18.39,18.25,7.85
67.40,17.91,12.26,11.06,7.61,22.50,18.37,18.27,7.86
67.41,17.93,12.26,11.06,7.61,22.50,18.37,18.25,7.85
67.42,17.91,12.26,11.04,7.62,22.50,18.37,18.22,7.86
67.45,17.91,12.26,11.06,7.62,22.47,18.34,18.22,7.85
67.45,17.91,12.28,11.06,7.62,22.47,18.34,18.22,7.85
67.46,17.91,12.26,11.06,7.62,22.47,18.34,18.22,7.86
67.47,17.88,12.25,11.06,7.61,22.47,18.37,18.20,7.86
67.48,17.91,12.25,11.04,7.62,22.47,18.34,18.22,7.85
67.49,17.91,12.26,11.03,7.61,22.47,18.32,18.20,7.86
67.50,17.88,12.25,11.03,7.62,22.43,18.32,18.22,7.86
67.51,17.88,12.25,11.03,7.62,22.47,18.32,18.20,7.84
67.52,17.88,12.25,11.03,7.61,22.43,18.32,18.20,7.86
67.53,17.88,12.25,11.04,7.62,22.40,18.29,18.22,7.85
67.54,17.88,12.25,11.03,7.61,22.40,18.32,18.20,7.86
67.55,17.88,12.23,11.03,7.61,22.40,18.32,18.20,7.85
67.56,17.88,12.23,11.03,7.60,22.40,18.32,18.17,7.86
67.57,17.88,12.23,11.02,7.61,22.40,18.29,18.17,7.85
67.58,17.88,12.23,11.03,7.61,22.36,18.32,18.17,7.85
67.59,17.86,12.23,11.02,7.61,22.40,18.29,18.17,7.84
67.60,17.86,12.21,11.02,7.60,22.43,18.27,18.17,7.85
67.61,17.86,12.23,11.03,7.60,22.40,18.27,18.15,7.85
67.62,17.86,12.23,11.02,7.61,22.36,18.27,18.15,7.85
67.63,17.86,12.21,11.02,7.60,22.40,18.27,18.17,7.84
67.64,17.86,12.21,11.02,7.60,22.40,18.24,18.15,7.85
67.65,17.83,12.21,11.02,7.59,22.36,18.24,18.15,7.85
67.66,17.83,12.23,11.02,7.60,22.33,18.27,18.15,7.86
67.67,17.83,12.21,11.02,7.60,22.33,18.24,18.17,7.84
67.68,17.83,12.21,11.00,7.59,22.36,18.24,18.17,7.85
67.69,17.83,12.21,11.00,7.61,22.33,18.21,18.17,7.85
67.70,17.83,12.23,11.00,7.59,22.36,18.24,18.15,7.84
67.71,17.81,12.21,11.00,7.59,22.33,18.27,18.15,7.86
67.72,17.83,12.21,10.99,7.60,22.36,18.21,18.17,7.86
67.73,17.81,12.20,10.99,7.59,22.30,18.21,18.12,7.84
67.74,17.81,12.18,11.00,7.60,22.30,18.21,18.15,7.86
67.75,17.81,12.20,11.00,7.59,22.33,18.21,18.15,7.84
67.76,17.81,12.20,10.99,7.59,22.33,18.19,18.12,7.85
67.77,17.81,12.20,10.99,7.59,22.30,18.19,18.15,7.85
67.78,17.78,12.18,10.99,7.59,22.30,18.19,18.12,7.84
67.79,17.81,12.18,10.99,7.59,22.30,18.16,18.12,7.84
67.80,17.81,12.18,10.99,7.59,22.26,18.16,18.15,7.84
67.81,17.81,12.18,11.00,7.60,22.30,18.16,18.12,7.84
67.82,17.76,12.18,10.97,7.59,22.26,18.16,18.12,7.84
67.83,17.78,12.18,10.99,7.59,22.26,18.16,18.12,7.84
67.84,17.78,12.18,10.97,7.58,22.26,18.16,18.10,7.85
67.85,17.78,12.18,10.97,7.59,22.26,18.16,18.10,7.84
67.86,17.78,12.17,10.97,7.59,22.26,18.16,18.12,7.84
67.88,17.78,12.17,10.99,7.59,22.26,18.14,18.10,7.84
67.89,17.78,12.18,10.99,7.59,22.26,18.14,18.10,7.85
67.90,17.76,12.17,10.97,7.59,22.26,18.14,18.12,7.84
67.91,17.76,12.17,10.97,7.58,22.23,18.11,18.10,7.84
67.92,17.73,12.17,10.97,7.59,22.23,18.11,18.10,7.83
67.93,17.76,12.17,10.96,7.59,22.26,18.14,18.10,7.85
67.94,17.76,12.17,10.97,7.59,22.23,18.11,18.10,7.84
67.95,17.76,12.15,10.94,7.59,22.23,18.11,18.12,7.84
67.96,17.76,12.15,10.97,7.59,22.20,18.11,18.07,7.84
67.97,17.73,12.15,10.96,7.59,22.20,18.09,18.10,7.85
67.98,17.73,12.15,10.96,7.58,22.20,18.09,18.07,7.84
67.99,17.73,12.15,10.96,7.58,22.20,18.09,18.07,7.85
68.00,17.73,12.13,10.94,7.59,22.20,18.09,18.07,7.83
68.01,17.73,12.15,10.94,7.58,22.20,18.06,18.07,7.84
68.02,17.73,12.13,10.94,7.58,22.20,18.09,18.07,7.84
68.03,17.71,12.15,10.94,7.58,22.20,18.06,18.07,7.84
68.04,17.71,12.13,10.96,7.58,22.20,18.06,18.07,7.85
68.05,17.73,12.15,10.94,7.58,22.16,18.06,18.07,7.84
68.06,17.71,12.13,10.96,7.58,22.16,18.09,18.07,7.83
68.07,17.71,12.13,10.94,7.58,22.20,18.06,18.10,7.84
68.08,17.71,12.13,10.94,7.58,22.16,18.06,18.05,7.83
68.09,17.71,12.13,10.93,7.58,22.16,18.06,18.07,7.83
68.10,17.71,12.13,10.94,7.58,22.16,18.04,18.07,7.85
68.11,17.71,12.12,10.93,7.58,22.20,18.04,18.07,7.84
68.12,17.71,12.12,10.94,7.58,22.16,18.04,18.07,7.83
68.13,17.68,12.12,10.93,7.58,22.16,18.04,18.05,7.84
68.14,17.68,12.10,10.94,7.58,22.16,18.01,18.05,7.82
68.15,17.68,12.12,10.92,7.57,22.13,18.01,18.05,7.83
68.16,17.68,12.12,10.93,7.57,22.13,18.01,18.02,7.82
68.17,17.66,12.12,10.93,7.57,22.13,18.04,18.05,7.84
68.18,17.68,12.12,10.92,7.57,22.13,17.99,18.02,7.83
68.19,17.68,12.12,10.92,7.58,22.10,18.01,18.05,7.83
68.20,17.68,12.13,10.92,7.57,22.13,18.01,18.02,7.84
68.21,17.66,12.10,10.92,7.57,22.10,17.99,18.02,7.83
68.22,17.66,12.12,10.92,7.57,22.10,17.99,18.02,7.83
68.23,17.66,12.09,10.92,7.57,22.10,17.96,18.02,7.83
68.24,17.68,12.09,10.92,7.58,22.13,17.99,18.02,7.83
68.25,17.66,12.10,10.92,7.58,22.10,17.99,18.02,7.82
68.26,17.66,12.10,10.92,7.57,22.10,17.99,18.02,7.83
68.27,17.66,12.10,10.89,7.56,22.06,17.96,18.05,7.83
68.28,17.66,12.09,10.90,7.57,22.06,17.93,18.00,7.83
68.29,17.63,12.09,10.89,7.57,22.10,17.99,18.02,7.82
68.30,17.66,12.09,10.92,7.58,22.06,17.99,18.02,7.83
68.31,17.66,12.09,10.89,7.57,22.06,17.93,18.00,7.82
68.32,17.63,12.10,10.90,7.57,22.06,17.96,18.00,7.82
68.33,17.63,12.07,10.92,7.58,22.06,17.93,18.00,7.82
68.34,17.63,12.09,10.89,7.56,22.03,17.96,18.00,7.83
68.35,17.63,12.07,10.90,7.57,22.06,17.93,18.00,7.84
68.36,17.63,12.07,10.89,7.56,22.03,17.91,17.97,7.82
68.37,17.61,12.07,10.89,7.56,22.03,17.91,18.00,7.83
68.38,17.61,12.10,10.89,7.56,22.03,17.91,17.97,7.84
68.39,17.61,12.07,10.89,7.56,22.06,17.91,17.97,7.81
68.40,17.61,12.07,10.89,7.57,22.03,17.91,18.00,7.83
68.41,17.61,12.07,10.87,7.57,22.03,17.91,18.00,7.83
68.42,17.61,12.07,10.89,7.56,22.03,17.89,17.97,7.83
68.43,17.58,12.06,10.87,7.56,22.03,17.89,17.97,7.82
68.44,17.63,12.09,10.89,7.56,22.00,17.86,17.97,7.82
68.45,17.61,12.07,10.86,7.56,22.00,17.89,17.97,7.83
68.46,17.56,12.06,10.87,7.56,22.00,17.89,17.94,7.82
68.47,17.61,12.06,10.87,7.56,22.00,17.86,17.97,7.82
68.50,17.58,12.06,10.87,7.56,22.00,17.86,17.97,7.82
68.51,17.58,12.07,10.89,7.56,22.00,17.86,18.00,7.82
68.52,17.58,12.04,10.89,7.56,22.00,17.86,17.94,7.82
68.53,17.58,12.06,10.87,7.57,22.00,17.86,17.97,7.82
68.54,17.58,12.06,10.86,7.56,22.00,17.86,17.97,7.82
68.55,17.58,12.06,10.86,7.56,22.00,17.84,17.94,7.82
68.56,17.58,12.06,10.86,7.55,21.93,17.86,17.97,7.81
68.57,17.58,12.04,10.86,7.57,21.96,17.84,17.94,7.81
68.58,17.58,12.04,10.86,7.55,21.96,17.84,17.94,7.82
68.59,17.56,12.03,10.85,7.55,21.96,17.84,17.94,7.82
68.60,17.56,12.06,10.85,7.56,21.96,17.86,17.92,7.82
68.61,17.56,12.04,10.85,7.55,21.96,17.84,17.92,7.82
68.62,17.56,12.03,10.85,7.55,21.96,17.81,17.94,7.82
68.63,17.56,12.04,10.85,7.56,21.93,17.81,17.94,7.82
68.64,17.56,12.04,10.83,7.55,21.93,17.81,17.92,7.81
68.65,17.56,12.03,10.85,7.55,21.93,17.81,17.92,7.82
68.66,17.54,12.04,10.85,7.55,21.93,17.81,17.94,7.81
68.67,17.54,12.03,10.85,7.56,21.93,17.81,17.92,7.82
68.68,17.54,12.04,10.83,7.55,21.93,17.84,17.94,7.82
68.69,17.56,12.03,10.85,7.55,21.90,17.79,17.92,7.82
68.70,17.54,12.03,10.83,7.55,21.93,17.79,17.89,7.81
68.71,17.54,12.03,10.85,7.56,21.93,17.76,17.92,7.82
68.72,17.54,12.01,10.85,7.55,21.90,17.76,17.92,7.81
68.73,17.54,12.03,10.83,7.54,21.93,17.76,17.92,7.82
68.74,17.51,12.01,10.82,7.54,21.90,17.76,17.92,7.82
68.75,17.54,12.01,10.83,7.56,21.90,17.76,17.92,7.82
68.76,17.51,12.03,10.83,7.55,21.90,17.74,17.92,7.81
68.77,17.51,12.01,10.82,7.54,21.90,17.76,17.92,7.82
68.78,17.51,12.01,10.83,7.55,21.87,17.74,17.89,7.81
68.79,17.51,12.03,10.82,7.54,21.87,17.74,17.87,7.81
68.80,17.51,12.01,10.80,7.55,21.90,17.74,17.92,7.81
68.81,17.49,11.99,10.82,7.55,21.87,17.74,17.89,7.82
68.82,17.51,12.01,10.82,7.55,21.87,17.74,17.89,7.81
68.83,17.51,12.01,10.83,7.54,21.87,17.74,17.89,7.81
68.84,17.49,12.01,10.80,7.54,21.87,17.71,17.89,7.82
68.85,17.49,11.99,10.82,7.54,21.87,17.71,17.87,7.82
68.86,17.49,12.01,10.80,7.55,21.87,17.71,17.89,7.82
68.87,17.49,11.99,10.80,7.53,21.83,17.71,17.87,7.82
68.88,17.49,11.99,10.82,7.54,21.83,17.71,17.89,7.81
68.89,17.49,11.99,10.80,7.54,21.83,17.71,17.89,7.81
68.90,17.49,11.99,10.80,7.54,21.83,17.71,17.87,7.81
68.91,17.49,11.99,10.80,7.54,21.80,17.69,17.84,7.81
68.92,17.46,11.99,10.80,7.53,21.83,17.69,17.89,7.82
68.93,17.49,11.98,10.79,7.54,21.80,17.69,17.87,7.81
68.94,17.49,11.99,10.80,7.53,21.80,17.69,17.89,7.80
68.95,17.49,11.98,10.80,7.54,21.80,17.71,17.87,7.81
68.96,17.46,11.99,10.80,7.53,21.80,17.69,17.87,7.81
68.97,17.46,11.99,10.79,7.53,21.80,17.69,17.87,7.80
68.98,17.46,11.99,10.80,7.55,21.80,17.66,17.89,7.81
68.99,17.46,11.99,10.80,7.53,21.83,17.66,17.87,7.80
69.00,17.46,11.98,10.80,7.54,21.80,17.66,17.84,7.81
69.01,17.44,11.96,10.79,7.53,21.80,17.66,17.84,7.81
69.02,17.46,11.96,10.78,7.52,21.80,17.66,17.82,7.80
69.03,17.46,11.98,10.79,7.54,21.77,17.64,17.84,7.81
69.04,17.46,11.96,10.79,7.54,21.77,17.69,17.84,7.81
69.07,17.44,11.96,10.79,7.53,21.77,17.64,17.84,7.80
69.07,17.44,11.95,10.79,7.53,21.77,17.64,17.84,7.81
69.08,17.44,11.96,10.78,7.54,21.77,17.61,17.84,7.81
69.09,17.44,11.96,10.78,7.53,21.77,17.64,17.82,7.80
69.10,17.44,11.95,10.78,7.53,21.77,17.64,17.82,7.80
69.11,17.41,11.95,10.78,7.53,21.77,17.61,17.82,7.80
69.12,17.41,11.96,10.78,7.53,21.74,17.61,17.82,7.80
69.13,17.44,11.95,10.78,7.52,21.77,17.61,17.84,7.80
69.14,17.41,11.95,10.78,7.52,21.74,17.61,17.82,7.80
69.15,17.41,11.96,10.78,7.52,21.77,17.61,17.82,7.80
69.16,17.41,11.95,10.78,7.54,21.74,17.61,17.82,7.80
69.17,17.41,11.93,10.76,7.54,21.74,17.61,17.82,7.79
69.18,17.41,11.93,10.76,7.53,21.77,17.61,17.82,7.80
69.19,17.44,11.95,10.78,7.53,21.74,17.59,17.84,7.80
69.20,17.41,11.95,10.78,7.52,21.74,17.56,17.82,7.81
69.21,17.41,11.93,10.76,7.53,21.74,17.61,17.82,7.80
69.22,17.41,11.93,10.75,7.52,21.74,17.56,17.82,7.80
69.23,17.41,11.93,10.76,7.52,21.70,17.59,17.82,7.80
69.24,17.39,11.93,10.76,7.52,21.70,17.56,17.82,7.80
69.25,17.39,11.95,10.75,7.52,21.70,17.56,17.82,7.80
69.26,17.39,11.93,10.76,7.52,21.70,17.54,17.80,7.80
69.27,17.39,11.92,10.76,7.52,21.74,17.54,17.80,7.79
69.28,17.39,11.93,10.75,7.52,21.67,17.54,17.80,7.79
69.29,17.39,11.93,10.76,7.51,21.70,17.54,17.80,7.79
69.30,17.39,11.93,10.75,7.51,21.67,17.56,17.80,7.80
69.31,17.39,11.92,10.75,7.53,21.70,17.54,17.80,7.80
69.32,17.37,11.92,10.75,7.53,21.67,17.56,17.80,7.80
69.33,17.39,11.93,10.73,7.51,21.67,17.54,17.77,7.79
69.34,17.37,11.92,10.75,7.52,21.70,17.56,17.77,7.80
69.35,17.39,11.92,10.75,7.52,21.67,17.52,17.77,7.79
69.36,17.37,11.92,10.73,7.51,21.67,17.52,17.80,7.79
69.37,17.37,11.93,10.75,7.52,21.64,17.52,17.80,7.79
69.38,17.37,11.92,10.73,7.52,21.67,17.52,17.77,7.80
69.39,17.37,11.92,10.73,7.51,21.67,17.52,17.77,7.80
69.40,17.34,11.90,10.73,7.51,21.64,17.52,17.80,7.80
69.41,17.37,11.90,10.73,7.52,21.64,17.52,17.77,7.80
69.42,17.37,11.92,10.73,7.51,21.64,17.49,17.77,7.80
69.43,17.37,11.90,10.72,7.51,21.64,17.52,17.75,7.79
69.44,17.37,11.89,10.72,7.51,21.64,17.49,17.77,7.80
69.45,17.37,11.90,10.73,7.51,21.64,17.49,17.77,7.80
69.46,17.34,11.90,10.73,7.51,21.64,17.47,17.75,7.80
69.47,17.32,11.89,10.72,7.51,21.64,17.47,17.75,7.79
69.48,17.34,11.89,10.72,7.51,21.64,17.47,17.75,7.79
69.49,17.34,11.90,10.71,7.51,21.61,17.47,17.75,7.78
69.50,17.34,11.89,10.72,7.51,21.61,17.47,17.77,7.79
69.51,17.34,11.89,10.72,7.52,21.61,17.47,17.75,7.78
69.52,17.32,11.90,10.72,7.51,21.61,17.49,17.75,7.78
69.53,17.32,11.89,10.71,7.50,21.61,17.47,17.77,7.78
69.54,17.32,11.89,10.72,7.51,21.61,17.47,17.75,7.79
69.55,17.34,11.87,10.72,7.51,21.57,17.44,17.75,7.78
69.56,17.32,11.87,10.71,7.50,21.61,17.47,17.75,7.78
69.57,17.32,11.90,10.71,7.51,21.61,17.44,17.75,7.78
69.58,17.32,11.89,10.72,7.51,21.61,17.44,17.72,7.78
69.59,17.32,11.87,10.71,7.51,21.61,17.47,17.72,7.79
69.60,17.32,11.87,10.71,7.50,21.61,17.44,17.72,7.78
69.61,17.32,11.87,10.71,7.50,21.57,17.42,17.72,7.78
69.63,17.32,11.87,10.71,7.51,21.57,17.42,17.72,7.77
69.64,17.32,11.87,10.71,7.50,21.57,17.44,17.72,7.78
69.65,17.29,11.89,10.69,7.51,21.61,17.44,17.72,7.78
69.66,17.32,11.89,10.71,7.50,21.54,17.42,17.75,7.78
69.67,17.29,11.86,10.69,7.50,21.54,17.42,17.75,7.78
69.68,17.32,11.86,10.69,7.51,21.57,17.42,17.72,7.79
69.69,17.27,11.86,10.68,7.50,21.54,17.42,17.72,7.78
69.70,17.29,11.87,10.69,7.50,21.54,17.44,17.72,7.78
69.71,17.29,11.87,10.69,7.49,21.54,17.39,17.70,7.78
69.72,17.29,11.86,10.69,7.49,21.54,17.39,17.72,7.79
69.73,17.29,11.86,10.69,7.51,21.51,17.39,17.72,7.78
69.74,17.27,11.86,10.69,7.49,21.54,17.37,17.70,7.79
69.75,17.27,11.87,10.69,7.49,21.54,17.42,17.70,7.78
69.76,17.27,11.84,10.69,7.50,21.54,17.37,17.72,7.78
69.77,17.27,11.86,10.69,7.49,21.54,17.37,17.70,7.78
69.78,17.27,11.86,10.69,7.49,21.51,17.37,17.70,7.78
69.79,17.25,11.84,10.69,7.50,21.54,17.35,17.70,7.77
69.80,17.27,11.84,10.69,7.49,21.51,17.35,17.70,7.78
69.81,17.27,11.86,10.68,7.49,21.51,17.37,17.70,7.78
69.82,17.27,11.84,10.68,7.49,21.51,17.37,17.70,7.78
69.83,17.27,11.86,10.68,7.49,21.51,17.37,17.72,7.78
69.84,17.25,11.86,10.69,7.49,21.48,17.35,17.67,7.79
69.85,17.25,11.84,10.66,7.49,21.51,17.35,17.67,7.77
69.86,17.22,11.82,10.69,7.49,21.51,17.37,17.67,7.78
69.87,17.25,11.84,10.68,7.49,21.51,17.35,17.67,7.79
69.88,17.22,11.82,10.68,7.49,21.48,17.35,17.67,7.77
69.89,17.25,11.82,10.66,7.49,21.48,17.35,17.67,7.78
69.90,17.25,11.82,10.66,7.50,21.48,17.35,17.67,7.78
69.91,17.22,11.82,10.66,7.49,21.51,17.35,17.67,7.78
69.92,17.22,11.82,10.66,7.49,21.48,17.32,17.65,7.78
69.93,17.25,11.82,10.65,7.49,21.48,17.32,17.67,7.78
69.94,17.22,11.82,10.65,7.49,21.45,17.32,17.65,7.77
69.95,17.22,11.81,10.66,7.48,21.48,17.32,17.67,7.77
69.96,17.25,11.82,10.65,7.49,21.48,17.30,17.65,7.76
69.97,17.22,11.82,10.66,7.49,21.45,17.30,17.65,7.77
69.98,17.22,11.82,10.65,7.50,21.48,17.30,17.67,7.77
69.99,17.22,11.82,10.64,7.48,21.48,17.30,17.67,7.78
70.00,17.22,11.81,10.64,7.48,21.45,17.30,17.67,7.78
70.01,17.22,11.82,10.65,7.48,21.45,17.30,17.67,7.78
70.02,17.22,11.81,10.66,7.48,21.45,17.27,17.67,7.77
70.03,17.20,11.81,10.65,7.49,21.45,17.27,17.67,7.77
70.04,17.22,11.81,10.64,7.48,21.42,17.27,17.65,7.77
70.05,17.22,11.81,10.64,7.48,21.42,17.27,17.67,7.77
70.06,17.22,11.81,10.65,7.48,21.45,17.27,17.65,7.77
70.07,17.22,11.79,10.65,7.48,21.45,17.27,17.65,7.76
70.08,17.20,11.81,10.64,7.48,21.42,17.27,17.62,7.77
70.09,17.20,11.79,10.64,7.48,21.42,17.27,17.65,7.78
70.10,17.20,11.79,10.65,7.48,21.42,17.30,17.62,7.77
70.11,17.20,11.81,10.64,7.49,21.42,17.25,17.62,7.78
70.12,17.20,11.82,10.64,7.47,21.38,17.27,17.65,7.77
70.13,17.20,11.79,10.62,7.47,21.42,17.25,17.62,7.77
70.14,17.20,11.79,10.64,7.47,21.38,17.27,17.62,7.77
70.15,17.17,11.78,10.65,7.47,21.42,17.25,17.65,7.77
70.16,17.17,11.79,10.62,7.47,21.45,17.27,17.65,7.77
70.17,17.17,11.79,10.64,7.48,21.38,17.23,17.65,7.77
70.18,17.17,11.79,10.62,7.47,21.42,17.23,17.62,7.76
70.19,17.20,11.79,10.62,7.47,21.38,17.20,17.62,7.76
70.20,17.17,11.79,10.62,7.47,21.38,17.23,17.62,7.77
70.21,17.17,11.78,10.62,7.47,21.38,17.23,17.62,7.76
70.22,17.17,11.78,10.62,7.47,21.38,17.23,17.62,7.77
70.23,17.17,11.78,10.62,7.47,21.38,17.23,17.62,7.76
70.24,17.17,11.78,10.62,7.47,21.35,17.23,17.62,7.76
70.25,17.17,11.78,10.62,7.47,21.38,17.23,17.62,7.76
70.26,17.17,11.78,10.61,7.47,21.35,17.20,17.60,7.76
70.27,17.17,11.78,10.61,7.47,21.38,17.23,17.60,7.76
70.28,17.17,11.78,10.61,7.47,21.38,17.20,17.60,7.76
70.30,17.15,11.76,10.61,7.47,21.35,17.20,17.60,7.75
70.31,17.15,11.76,10.61,7.47,21.38,17.20,17.57,7.76
70.31,17.15,11.76,10.61,7.47,21.35,17.18,17.60,7.76
70.32,17.15,11.78,10.61,7.47,21.35,17.18,17.57,7.77
70.33,17.13,11.76,10.61,7.46,21.35,17.18,17.57,7.76
70.34,17.15,11.76,10.60,7.47,21.32,17.18,17.57,7.76
70.35,17.15,11.78,10.61,7.46,21.35,17.18,17.57,7.76
70.36,17.13,11.76,10.61,7.47,21.35,17.18,17.60,7.76
70.37,17.13,11.76,10.61,7.47,21.32,17.18,17.62,7.76
70.38,17.13,11.76,10.61,7.46,21.35,17.18,17.57,7.77
70.39,17.13,11.76,10.60,7.47,21.35,17.18,17.62,7.76
70.40,17.13,11.78,10.61,7.45,21.32,17.18,17.60,7.76
70.41,17.13,11.75,10.61,7.46,21.32,17.16,17.57,7.75
70.42,17.15,11.75,10.60,7.47,21.32,17.16,17.57,7.76
70.43,17.13,11.76,10.60,7.47,21.32,17.18,17.57,7.76
70.44,17.13,11.75,10.60,7.47,21.32,17.16,17.60,7.76
70.45,17.13,11.75,10.60,7.46,21.29,17.16,17.57,7.75
70.46,17.10,11.73,10.58,7.47,21.29,17.13,17.57,7.76
70.47,17.10,11.76,10.60,7.45,21.32,17.16,17.55,7.75
70.48,17.10,11.75,10.58,7.45,21.29,17.13,17.57,7.75
70.49,17.13,11.75,10.58,7.45,21.32,17.13,17.57,7.76
70.50,17.10,11.73,10.58,7.46,21.32,17.13,17.57,7.75
70.51,17.13,11.73,10.58,7.45,21.32,17.13,17.55,7.75
70.52,17.13,11.73,10.58,7.45,21.29,17.11,17.55,7.75
70.53,17.10,11.73,10.58,7.45,21.29,17.16,17.55,7.75
70.54,17.10,11.75,10.58,7.45,21.29,17.13,17.55,7.75
70.55,17.10,11.73,10.57,7.46,21.29,17.11,17.55,7.76
70.56,17.10,11.75,10.60,7.47,21.29,17.11,17.55,7.75
70.57,17.10,11.73,10.58,7.47,21.29,17.13,17.55,7.75
70.58,17.08,11.73,10.58,7.45,21.29,17.11,17.55,7.76
70.59,17.10,11.72,10.58,7.45,21.26,17.11,17.55,7.75
70.60,17.08,11.75,10.57,7.45,21.26,17.08,17.55,7.76
70.61,17.10,11.72,10.58,7.46,21.26,17.11,17.55,7.75
70.62,17.08,11.72,10.58,7.46,21.26,17.11,17.52,7.75
70.63,17.08,11.72,10.57,7.46,21.29,17.08,17.52,7.75
70.64,17.08,11.72,10.57,7.45,21.26,17.08,17.52,7.75
70.65,17.08,11.70,10.57,7.44,21.26,17.08,17.52,7.75
70.66,17.08,11.73,10.56,7.46,21.26,17.11,17.52,7.75
70.67,17.08,11.72,10.57,7.44,21.26,17.08,17.55,7.75
70.68,17.06,11.72,10.57,7.45,21.26,17.08,17.52,7.74
70.69,17.08,11.73,10.57,7.45,21.26,17.08,17.52,7.75
70.70,17.06,11.70,10.56,7.46,21.23,17.06,17.55,7.75
70.71,17.08,11.72,10.56,7.44,21.26,17.04,17.55,7.75
70.72,17.06,11.72,10.56,7.46,21.26,17.06,17.52,7.74
70.73,17.06,11.72,10.54,7.44,21.23,17.06,17.55,7.76
70.74,17.06,11.70,10.56,7.44,21.23,17.06,17.52,7.74
70.75,17.06,11.72,10.56,7.45,21.23,17.06,17.52,7.75
70.76,17.06,11.72,10.54,7.45,21.23,17.08,17.52,7.74
70.77,17.06,11.70,10.56,7.44,21.23,17.01,17.50,7.74
70.78,17.06,11.70,10.54,7.43,21.23,17.06,17.50,7.74
70.79,17.03,11.70,10.56,7.45,21.23,17.04,17.52,7.74
70.81,17.06,11.70,10.56,7.45,21.23,17.04,17.52,7.74
70.82,17.06,11.70,10.56,7.44,21.23,17.04,17.52,7.75
70.83,17.03,11.70,10.56,7.43,21.20,17.06,17.52,7.74
70.84,17.03,11.69,10.54,7.44,21.23,17.06,17.50,7.75
70.85,17.03,11.70,10.56,7.45,21.23,17.04,17.50,7.75
70.86,17.03,11.69,10.54,7.45,21.20,17.04,17.48,7.75
70.87,17.03,11.69,10.53,7.44,21.16,17.01,17.52,7.74
70.88,17.03,11.70,10.53,7.43,21.20,17.01,17.52,7.74
70.89,17.03,11.70,10.56,7.43,21.20,17.04,17.50,7.74
70.90,17.03,11.70,10.53,7.45,21.20,16.99,17.50,7.74
70.91,17.03,11.70,10.54,7.44,21.16,17.01,17.50,7.74
70.92,17.03,11.69,10.53,7.44,21.16,17.04,17.48,7.74
70.93,17.03,11.69,10.53,7.44,21.16,17.01,17.50,7.74
70.94,17.03,11.69,10.53,7.43,21.16,16.99,17.48,7.74
70.95,17.03,11.69,10.53,7.43,21.16,17.01,17.48,7.73
70.96,17.01,11.69,10.54,7.43,21.16,17.01,17.52,7.74
70.97,17.01,11.67,10.52,7.43,21.20,16.99,17.48,7.74
70.98,17.03,11.67,10.53,7.44,21.16,16.99,17.52,7.74
70.99,17.01,11.69,10.52,7.43,21.16,16.99,17.48,7.74
71.00,17.03,11.67,10.52,7.43,21.20,17.01,17.50,7.74
71.01,17.01,11.67,10.52,7.43,21.16,16.99,17.48,7.75
71.02,17.01,11.69,10.52,7.43,21.16,16.99,17.45,7.74
71.03,17.01,11.67,10.52,7.43,21.16,16.97,17.50,7.74
71.04,17.01,11.66,10.52,7.43,21.13,16.99,17.48,7.74
71.05,17.01,11.67,10.53,7.43,21.13,16.97,17.48,7.75
71.06,17.01,11.67,10.52,7.43,21.13,16.97,17.48,7.74
71.07,17.01,11.67,10.52,7.43,21.13,16.97,17.48,7.73
71.08,17.01,11.66,10.52,7.44,21.13,16.97,17.45,7.74
71.09,16.98,11.67,10.52,7.43,21.13,16.97,17.48,7.73
71.10,16.98,11.66,10.52,7.42,21.16,16.94,17.45,7.74
71.11,16.98,11.66,10.52,7.43,21.10,16.97,17.50,7.74
71.12,17.01,11.66,10.50,7.43,21.10,16.94,17.48,7.73
71.13,16.98,11.67,10.52,7.43,21.10,16.94,17.45,7.73
71.14,16.98,11.66,10.52,7.43,21.13,16.94,17.45,7.75
71.15,16.96,11.66,10.50,7.42,21.10,16.94,17.45,7.74
71.16,16.98,11.66,10.50,7.43,21.10,16.94,17.45,7.74
71.17,16.98,11.66,10.52,7.42,21.13,16.94,17.45,7.74
71.18,16.98,11.66,10.50,7.42,21.13,16.94,17.45,7.74
71.19,16.96,11.64,10.52,7.42,21.10,16.92,17.45,7.73
71.20,16.96,11.64,10.50,7.42,21.10,16.94,17.45,7.74
71.21,16.98,11.64,10.52,7.43,21.10,16.97,17.45,7.73
71.22,16.96,11.64,10.52,7.43,21.07,16.92,17.48,7.73
71.23,16.96,11.66,10.49,7.42,21.07,16.94,17.45,7.73
71.24,16.96,11.66,10.49,7.43,21.10,16.92,17.43,7.73
71.25,16.96,11.64,10.50,7.43,21.10,16.94,17.43,7.73
71.26,16.96,11.64,10.50,7.43,21.07,16.94,17.45,7.73
71.27,16.96,11.66,10.49,7.42,21.10,16.92,17.45,7.72
71.28,16.96,11.63,10.49,7.43,21.07,16.90,17.43,7.72
71.29,16.96,11.63,10.49,7.42,21.10,16.92,17.43,7.73
71.30,16.96,11.64,10.49,7.42,21.07,16.90,17.45,7.73
71.31,16.94,11.64,10.49,7.42,21.04,16.92,17.43,7.73
71.32,16.96,11.66,10.49,7.41,21.07,16.90,17.43,7.73
71.33,16.94,11.64,10.49,7.42,21.07,16.90,17.45,7.73
71.34,16.96,11.63,10.49,7.42,21.07,16.90,17.43,7.73
71.35,16.94,11.63,10.49,7.42,21.04,16.90,17.43,7.73
71.36,16.91,11.63,10.49,7.41,21.07,16.90,17.43,7.73
71.37,16.94,11.63,10.49,7.41,21.07,16.87,17.43,7.73
71.40,16.94,11.63,10.49,7.41,21.07,16.87,17.43,7.72
71.40,16.94,11.63,10.47,7.42,21.07,16.87,17.40,7.72
71.41,16.94,11.61,10.49,7.41,21.04,16.87,17.43,7.73
71.42,16.94,11.64,10.47,7.41,21.07,16.87,17.43,7.72
71.43,16.94,11.63,10.47,7.41,21.04,16.87,17.43,7.72
71.44,16.94,11.61,10.47,7.42,21.04,16.87,17.40,7.72
71.45,16.94,11.61,10.47,7.41,21.04,16.87,17.43,7.74
71.46,16.94,11.63,10.47,7.41,21.04,16.85,17.40,7.72
71.47,16.94,11.63,10.49,7.41,21.04,16.85,17.43,7.73
71.48,16.91,11.61,10.47,7.41,21.01,16.85,17.40,7.72
71.49,16.91,11.61,10.46,7.40,21.01,16.85,17.40,7.74
71.50,16.94,11.61,10.49,7.41,21.01,16.85,17.40,7.72
71.51,16.91,11.61,10.47,7.41,21.04,16.85,17.38,7.72
71.52,16.91,11.61,10.46,7.40,21.04,16.85,17.40,7.72
71.53,16.91,11.61,10.47,7.40,21.01,16.85,17.40,7.72
71.54,16.89,11.61,10.46,7.41,21.01,16.85,17.40,7.72
71.55,16.91,11.61,10.45,7.42,21.04,16.83,17.40,7.72
71.56,16.91,11.61,10.45,7.41,21.01,16.83,17.38,7.71
71.57,16.91,11.61,10.45,7.40,21.01,16.85,17.40,7.73
71.58,16.91,11.60,10.45,7.40,21.01,16.85,17.38,7.71
71.59,16.91,11.61,10.46,7.40,20.98,16.80,17.38,7.72
71.60,16.91,11.60,10.46,7.40,21.01,16.80,17.40,7.72
71.61,16.89,11.60,10.46,7.40,21.01,16.85,17.38,7.73
71.62,16.91,11.58,10.45,7.41,21.01,16.80,17.38,7.71
71.63,16.89,11.60,10.45,7.40,21.01,16.80,17.38,7.72
71.64,16.89,11.60,10.45,7.40,20.98,16.80,17.38,7.71
71.65,16.91,11.58,10.45,7.41,20.98,16.83,17.38,7.72
71.66,16.91,11.60,10.45,7.40,20.98,16.80,17.38,7.72
71.67,16.89,11.60,10.45,7.40,21.01,16.80,17.38,7.72
71.68,16.89,11.61,10.45,7.40,21.01,16.80,17.38,7.71
71.69,16.89,11.60,10.43,7.40,21.01,16.80,17.40,7.72
71.70,16.89,11.61,10.45,7.40,21.01,16.78,17.38,7.72
71.71,16.89,11.60,10.43,7.39,20.98,16.78,17.38,7.73
71.72,16.89,11.58,10.43,7.39,20.98,16.78,17.38,7.71
71.73,16.89,11.58,10.45,7.40,20.95,16.80,17.36,7.72
71.74,16.87,11.58,10.45,7.41,20.98,16.80,17.38,7.72
71.75,16.87,11.60,10.45,7.39,20.95,16.78,17.36,7.71
71.76,16.89,11.58,10.43,7.39,21.01,16.78,17.36,7.72
71.77,16.87,11.58,10.43,7.40,20.95,16.78,17.38,7.70
71.78,16.87,11.58,10.45,7.39,20.95,16.78,17.38,7.71
71.79,16.87,11.58,10.45,7.39,20.95,16.76,17.36,7.71
71.80,16.87,11.58,10.43,7.39,20.95,16.76,17.36,7.71
71.81,16.87,11.57,10.45,7.39,20.98,16.78,17.38,7.71
71.82,16.87,11.58,10.42,7.39,20.95,16.76,17.38,7.71
71.83,16.84,11.57,10.45,7.40,20.98,16.78,17.38,7.72
71.84,16.87,11.57,10.43,7.39,20.95,16.78,17.36,7.72
71.85,16.87,11.58,10.42,7.39,20.91,16.76,17.36,7.71
71.86,16.84,11.57,10.42,7.40,20.91,16.76,17.38,7.71
71.87,16.84,11.58,10.42,7.39,20.91,16.73,17.36,7.71
71.88,16.87,11.57,10.43,7.39,20.95,16.73,17.36,7.71
71.89,16.84,11.57,10.43,7.40,20.91,16.76,17.36,7.71
71.90,16.87,11.57,10.43,7.39,20.95,16.73,17.36,7.71
71.91,16.84,11.57,10.42,7.39,20.91,16.76,17.33,7.70
71.92,16.84,11.55,10.42,7.39,20.91,16.73,17.36,7.71
71.93,16.84,11.55,10.42,7.38,20.91,16.76,17.33,7.71
71.94,16.84,11.57,10.42,7.39,20.95,16.73,17.33,7.71
71.95,16.84,11.55,10.41,7.39,20.91,16.71,17.33,7.70
71.96,16.84,11.55,10.41,7.38,20.91,16.73,17.33,7.72
71.97,16.84,11.55,10.42,7.39,20.95,16.71,17.33,7.72
71.98,16.84,11.55,10.42,7.39,20.95,16.73,17.36,7.71
71.99,16.84,11.57,10.42,7.38,20.91,16.71,17.36,7.70
72.00,16.84,11.57,10.42,7.38,20.91,16.71,17.33,7.70
72.01,16.84,11.55,10.42,7.39,20.91,16.71,17.33,7.71
72.02,16.82,11.55,10.41,7.37,20.89,16.71,17.36,7.70
72.03,16.84,11.55,10.42,7.38,20.89,16.71,17.33,7.71
72.04,16.84,11.55,10.41,7.39,20.89,16.71,17.33,7.70
72.05,16.82,11.54,10.39,7.38,20.89,16.73,17.33,7.70
72.06,16.82,11.55,10.41,7.39,20.89,16.71,17.33,7.70
72.07,16.84,11.55,10.41,7.39,20.89,16.71,17.33,7.70
72.08,16.82,11.54,10.41,7.37,20.89,16.71,17.33,7.71
72.09,16.84,11.54,10.42,7.38,20.91,16.71,17.31,7.70
72.10,16.82,11.55,10.41,7.38,20.89,16.67,17.33,7.70
72.11,16.82,11.54,10.41,7.38,20.89,16.71,17.31,7.69
72.12,16.82,11.54,10.41,7.39,20.89,16.71,17.31,7.71
72.13,16.82,11.55,10.39,7.38,20.89,16.69,17.31,7.70
72.14,16.82,11.55,10.41,7.38,20.89,16.69,17.33,7.70
72.15,16.82,11.54,10.41,7.38,20.85,16.67,17.31,7.70
72.16,16.82,11.54,10.39,7.37,20.85,16.67,17.31,7.71
72.17,16.82,11.54,10.39,7.37,20.85,16.69,17.33,7.70
72.18,16.82,11.52,10.38,7.37,20.85,16.67,17.31,7.70
72.19,16.80,11.52,10.39,7.38,20.85,16.67,17.31,7.70
72.20,16.80,11.52,10.39,7.37,20.85,16.67,17.31,7.70
72.21,16.80,11.54,10.39,7.37,20.85,16.67,17.33,7.70
72.22,16.80,11.52,10.38,7.37,20.85,16.67,17.26,7.70
72.23,16.80,11.52,10.39,7.37,20.85,16.67,17.28,7.70
72.24,16.80,11.54,10.39,7.37,20.89,16.67,17.28,7.70
72.25,16.80,11.52,10.38,7.36,20.82,16.67,17.28,7.69
72.26,16.80,11.52,10.41,7.38,20.85,16.67,17.31,7.70
72.27,16.80,11.52,10.41,7.39,20.82,16.64,17.28,7.70
72.28,16.80,11.52,10.38,7.37,20.85,16.67,17.28,7.69
72.29,16.80,11.52,10.38,7.37,20.82,16.67,17.31,7.70
72.30,16.75,11.52,10.39,7.37,20.85,16.64,17.28,7.69
72.31,16.80,11.52,10.38,7.36,20.82,16.64,17.28,7.69
72.32,16.80,11.52,10.38,7.37,20.85,16.62,17.28,7.69
72.33,16.78,11.52,10.38,7.37,20.82,16.64,17.28,7.70
72.34,16.78,11.52,10.38,7.37,20.85,16.64,17.33,7.70
72.35,16.80,11.52,10.39,7.37,20.82,16.62,17.28,7.69
72.36,16.78,11.52,10.38,7.36,20.82,16.62,17.28,7.69
72.37,16.78,11.52,10.37,7.36,20.82,16.62,17.31,7.70
72.38,16.78,11.51,10.38,7.37,20.79,16.64,17.28,7.69
72.39,16.78,11.52,10.37,7.37,20.79,16.64,17.28,7.69
72.40,16.78,11.51,10.37,7.36,20.82,16.62,17.31,7.69
72.41,16.75,11.52,10.37,7.37,20.79,16.62,17.26,7.70
72.42,16.78,11.51,10.38,7.36,20.82,16.62,17.28,7.69
72.43,16.78,11.52,10.38,7.36,20.79,16.62,17.28,7.69
72.44,16.78,11.51,10.38,7.36,20.82,16.60,17.28,7.70
72.45,16.75,11.51,10.38,7.36,20.82,16.62,17.28,7.69
72.46,16.75,11.51,10.37,7.36,20.82,16.60,17.28,7.69
72.47,16.78,11.49,10.37,7.36,20.79,16.60,17.28,7.70
72.48,16.75,11.51,10.35,7.37,20.79,16.62,17.26,7.68
72.49,16.75,11.49,10.37,7.36,20.79,16.60,17.28,7.69
72.50,16.75,11.49,10.37,7.36,20.82,16.62,17.28,7.69
72.51,16.75,11.52,10.37,7.37,20.79,16.62,17.26,7.69
72.52,16.75,11.51,10.37,7.37,20.76,16.58,17.28,7.69
72.53,16.75,11.51,10.37,7.36,20.79,16.58,17.26,7.69
72.54,16.75,11.52,10.35,7.36,20.76,16.62,17.28,7.69
72.55,16.75,11.49,10.37,7.36,20.76,16.58,17.26,7.69
72.56,16.75,11.49,10.35,7.37,20.76,16.60,17.26,7.69
72.57,16.75,11.49,10.35,7.36,20.79,16.58,17.28,7.69
72.58,16.75,11.49,10.35,7.37,20.79,16.58,17.28,7.70
72.59,16.73,11.49,10.35,7.36,20.76,16.58,17.26,7.68
72.60,16.75,11.49,10.35,7.35,20.79,16.60,17.26,7.69
72.61,16.73,11.49,10.35,7.35,20.76,16.58,17.26,7.68
72.62,16.73,11.48,10.35,7.36,20.79,16.58,17.26,7.68
72.63,16.73,11.49,10.35,7.35,20.76,16.55,17.26,7.69
72.64,16.73,11.51,10.37,7.35,20.76,16.58,17.26,7.68
72.65,16.75,11.51,10.37,7.35,20.76,16.58,17.23,7.69
72.66,16.73,11.49,10.35,7.35,20.79,16.58,17.26,7.68
72.67,16.75,11.48,10.35,7.35,20.73,16.55,17.23,7.69
72.68,16.73,11.49,10.34,7.36,20.76,16.58,17.23,7.70
72.69,16.73,11.49,10.37,7.35,20.73,16.55,17.26,7.69
72.70,16.73,11.49,10.34,7.36,20.73,16.55,17.23,7.68
72.71,16.73,11.48,10.34,7.35,20.76,16.58,17.23,7.68
72.72,16.73,11.48,10.35,7.35,20.76,16.55,17.26,7.69
72.73,16.73,11.48,10.34,7.35,20.76,16.53,17.26,7.68
72.74,16.73,11.46,10.34,7.35,20.73,16.53,17.26,7.68
72.75,16.73,11.49,10.34,7.34,20.73,16.53,17.23,7.68
72.76,16.73,11.48,10.34,7.35,20.76,16.55,17.26,7.68
72.77,16.73,11.48,10.35,7.35,20.76,16.53,17.21,7.69
72.78,16.73,11.48,10.34,7.35,20.73,16.53,17.26,7.69
72.79,16.73,11.48,10.34,7.35,20.70,16.55,17.23,7.68
72.80,16.73,11.46,10.34,7.34,20.73,16.55,17.23,7.68
72.81,16.73,11.46,10.33,7.36,20.73,16.53,17.26,7.68
72.82,16.71,11.46,10.33,7.34,20.73,16.53,17.26,7.68
72.83,16.71,11.46,10.34,7.35,20.70,16.53,17.23,7.68
72.84,16.71,11.46,10.33,7.35,20.73,16.53,17.21,7.68
72.85,16.71,11.46,10.33,7.34,20.73,16.53,17.21,7.69
72.86,16.71,11.48,10.33,7.35,20.73,16.53,17.23,7.68
72.87,16.71,11.46,10.33,7.35,20.70,16.55,17.21,7.67
72.88,16.71,11.46,10.34,7.35,20.73,16.53,17.26,7.68
72.89,16.71,11.46,10.33,7.35,20.73,16.51,17.23,7.68
72.90,16.71,11.48,10.33,7.34,20.73,16.51,17.21,7.68
72.91,16.68,11.46,10.33,7.34,20.73,16.51,17.21,7.68
72.92,16.71,11.45,10.33,7.34,20.70,16.51,17.21,7.68
72.93,16.71,11.46,10.31,7.34,20.70,16.51,17.21,7.68
72.94,16.71,11.46,10.33,7.34,20.70,16.51,17.21,7.69
72.95,16.71,11.46,10.33,7.34,20.70,16.51,17.23,7.67
72.96,16.68,11.45,10.31,7.35,20.70,16.51,17.21,7.67
72.97,16.68,11.46,10.33,7.34,20.67,16.51,17.21,7.67
72.98,16.68,11.45,10.33,7.35,20.70,16.48,17.19,7.68
72.99,16.71,11.45,10.33,7.34,20.73,16.51,17.21,7.67
73.00,16.68,11.45,10.31,7.35,20.70,16.48,17.23,7.67
73.01,16.68,11.45,10.33,7.34,20.70,16.53,17.21,7.68
73.02,16.71,11.46,10.31,7.34,20.67,16.48,17.19,7.67
73.03,16.68,11.45,10.33,7.33,20.67,16.48,17.19,7.67
73.04,16.68,11.45,10.31,7.33,20.67,16.48,17.23,7.68
73.05,16.68,11.46,10.31,7.34,20.67,16.48,17.19,7.68
73.06,16.68,11.45,10.31,7.34,20.70,16.51,17.19,7.68
73.07,16.68,11.45,10.31,7.33,20.67,16.48,17.21,7.68
73.08,16.68,11.45,10.31,7.33,20.67,16.48,17.21,7.66
73.09,16.68,11.43,10.31,7.34,20.67,16.48,17.21,7.67
73.10,16.68,11.43,10.31,7.34,20.67,16.48,17.19,7.67
73.11,16.68,11.45,10.31,7.33,20.67,16.46,17.19,7.68
73.12,16.68,11.43,10.29,7.33,20.64,16.48,17.19,7.66
73.13,16.66,11.43,10.30,7.34,20.64,16.44,17.19,7.67
73.14,16.64,11.42,10.30,7.32,20.64,16.44,17.19,7.67
73.15,16.68,11.43,10.29,7.33,20.64,16.44,17.16,7.66
73.16,16.64,11.43,10.29,7.33,20.64,16.44,17.16,7.66
73.17,16.66,11.43,10.30,7.34,20.67,16.44,17.19,7.66
73.18,16.66,11.43,10.30,7.33,20.64,16.44,17.16,7.67
73.19,16.66,11.43,10.29,7.32,20.67,16.44,17.19,7.67
73.20,16.66,11.42,10.29,7.33,20.64,16.44,17.19,7.67
73.21,16.64,11.42,10.30,7.32,20.64,16.42,17.16,7.66
73.22,16.64,11.42,10.29,7.32,20.61,16.42,17.16,7.68
73.23,16.64,11.42,10.29,7.33,20.64,16.42,17.19,7.66
73.24,16.64,11.43,10.27,7.32,20.61,16.42,17.19,7.66
73.25,16.64,11.42,10.27,7.33,20.64,16.42,17.16,7.67
73.26,16.64,11.42,10.29,7.32,20.61,16.42,17.16,7.67
73.27,16.64,11.40,10.29,7.32,20.64,16.44,17.19,7.66
73.28,16.64,11.43,10.27,7.33,20.61,16.44,17.16,7.66
73.29,16.64,11.40,10.29,7.31,20.61,16.39,17.14,7.66
73.30,16.64,11.42,10.30,7.33,20.61,16.42,17.16,7.67
73.31,16.64,11.40,10.29,7.31,20.61,16.42,17.16,7.66
73.32,16.64,11.42,10.29,7.32,20.61,16.42,17.14,7.66
73.33,16.64,11.42,10.27,7.32,20.61,16.39,17.16,7.66
73.34,16.61,11.40,10.29,7.32,20.58,16.42,17.19,7.66
73.35,16.61,11.42,10.27,7.32,20.61,16.39,17.14,7.66
73.36,16.64,11.42,10.27,7.32,20.61,16.39,17.14,7.65
73.37,16.64,11.40,10.27,7.32,20.61,16.39,17.19,7.66
73.39,16.61,11.40,10.29,7.32,20.61,16.39,17.16,7.66
73.40,16.61,11.40,10.27,7.31,20.58,16.39,17.16,7.66
73.41,16.61,11.42,10.29,7.32,20.61,16.39,17.16,7.66
73.42,16.61,11.40,10.27,7.32,20.61,16.39,17.14,7.66
73.43,16.61,11.40,10.27,7.32,20.61,16.42,17.19,7.66
73.44,16.61,11.40,10.27,7.31,20.58,16.37,17.19,7.66
73.45,16.61,11.40,10.27,7.31,20.58,16.37,17.14,7.66
73.46,16.61,11.40,10.26,7.31,20.58,16.39,17.12,7.66
73.47,16.61,11.40,10.27,7.33,20.61,16.39,17.14,7.65
73.48,16.61,11.39,10.26,7.32,20.58,16.37,17.14,7.66
73.49,16.61,11.39,10.26,7.32,20.58,16.37,17.16,7.66
73.50,16.59,11.39,10.26,7.31,20.58,16.39,17.14,7.66
73.51,16.61,11.39,10.27,7.31,20.58,16.37,17.14,7.65
73.52,16.61,11.40,10.26,7.32,20.58,16.37,17.14,7.66
73.53,16.61,11.40,10.26,7.31,20.58,16.39,17.16,7.65
73.54,16.61,11.39,10.26,7.31,20.55,16.37,17.14,7.65
73.55,16.61,11.39,10.27,7.31,20.55,16.35,17.16,7.66
73.56,16.59,11.39,10.26,7.31,20.55,16.35,17.14,7.65
73.57,16.61,11.39,10.26,7.31,20.55,16.35,17.14,7.66
73.58,16.61,11.39,10.26,7.32,20.58,16.35,17.14,7.65
73.59,16.61,11.40,10.26,7.31,20.55,16.37,17.12,7.65
73.60,16.59,11.39,10.25,7.31,20.55,16.35,17.16,7.65
73.61,16.59,11.39,10.26,7.31,20.58,16.35,17.14,7.66
73.62,16.59,11.39,10.25,7.30,20.55,16.35,17.12,7.66
73.63,16.61,11.39,10.26,7.32,20.52,16.35,17.14,7.65
73.64,16.59,11.39,10.26,7.31,20.58,16.37,17.14,7.66
73.65,16.57,11.40,10.26,7.31,20.55,16.37,17.12,7.65
73.66,16.59,11.40,10.25,7.31,20.52,16.35,17.12,7.66
73.67,16.59,11.38,10.26,7.31,20.55,16.35,17.14,7.65
73.68,16.59,11.38,10.26,7.31,20.55,16.33,17.12,7.65
73.69,16.59,11.39,10.26,7.30,20.55,16.33,17.14,7.65
73.70,16.59,11.38,10.26,7.30,20.55,16.33,17.14,7.65
73.71,16.59,11.38,10.25,7.30,20.55,16.35,17.12,7.64
73.72,16.57,11.38,10.26,7.31,20.55,16.33,17.12,7.65
73.73,16.57,11.38,10.25,7.30,20.52,16.33,17.09,7.65
73.74,16.59,11.38,10.25,7.30,20.52,16.33,17.09,7.65
73.75,16.57,11.38,10.25,7.30,20.52,16.35,17.14,7.65
73.76,16.57,11.38,10.25,7.31,20.55,16.31,17.12,7.64
73.77,16.57,11.38,10.25,7.31,20.52,16.35,17.12,7.65
73.78,16.59,11.38,10.25,7.30,20.52,16.35,17.12,7.65
73.79,16.57,11.39,10.25,7.30,20.52,16.31,17.09,7.66
73.80,16.57,11.36,10.25,7.30,20.52,16.33,17.09,7.65
73.81,16.57,11.38,10.25,7.31,20.52,16.31,17.09,7.66
73.82,16.57,11.38,10.23,7.30,20.52,16.31,17.09,7.64
73.83,16.57,11.38,10.25,7.29,20.49,16.31,17.14,7.64
73.84,16.57,11.38,10.23,7.30,20.52,16.31,17.09,7.65
73.85,16.57,11.38,10.25,7.30,20.52,16.31,17.09,7.64
73.86,16.57,11.38,10.25,7.29,20.55,16.31,17.09,7.64
73.87,16.57,11.38,10.25,7.30,20.49,16.31,17.12,7.64
73.88,16.55,11.36,10.23,7.30,20.52,16.31,17.09,7.64
73.89,16.57,11.38,10.23,7.30,20.52,16.28,17.12,7.65
73.90,16.57,11.38,10.25,7.31,20.49,16.28,17.09,7.65
73.91,16.57,11.36,10.23,7.29,20.49,16.28,17.12,7.65
73.92,16.55,11.36,10.23,7.30,20.49,16.31,17.09,7.63
73.93,16.57,11.38,10.23,7.30,20.49,16.28,17.12,7.64
73.94,16.57,11.35,10.23,7.30,20.49,16.28,17.09,7.65
73.95,16.55,11.36,10.23,7.29,20.49,16.28,17.09,7.65
73.96,16.55,11.35,10.22,7.29,20.49,16.28,17.12,7.64
73.97,16.55,11.36,10.23,7.30,20.52,16.28,17.12,7.65
73.98,16.55,11.36,10.23,7.29,20.49,16.28,17.09,7.64
73.99,16.55,11.36,10.23,7.29,20.49,16.31,17.09,7.64
74.00,16.57,11.36,10.23,7.29,20.49,16.26,17.09,7.64
74.01,16.55,11.36,10.22,7.29,20.49,16.26,17.09,7.65
74.02,16.55,11.36,10.23,7.29,20.49,16.28,17.12,7.65
74.03,16.55,11.35,10.23,7.30,20.46,16.26,17.12,7.64
74.04,16.55,11.35,10.23,7.29,20.52,16.26,17.07,7.65
74.05,16.55,11.36,10.22,7.29,20.52,16.28,17.09,7.63
74.06,16.55,11.35,10.23,7.30,20.49,16.26,17.09,7.64
74.07,16.55,11.35,10.23,7.29,20.46,16.28,17.09,7.64
74.08,16.52,11.35,10.23,7.29,20.49,16.28,17.09,7.64
74.09,16.55,11.36,10.22,7.30,20.46,16.26,17.07,7.64
74.10,16.55,11.33,10.22,7.28,20.49,16.26,17.09,7.64
74.11,16.55,11.35,10.22,7.28,20.49,16.26,17.09,7.64
74.12,16.52,11.36,10.22,7.29,20.46,16.26,17.09,7.64
74.13,16.55,11.36,10.22,7.29,20.46,16.26,17.07,7.64
74.14,16.55,11.35,10.22,7.29,20.46,16.28,17.09,7.63
74.15,16.52,11.35,10.21,7.29,20.49,16.24,17.12,7.64
74.16,16.52,11.35,10.21,7.29,20.49,16.26,17.09,7.64
74.17,16.52,11.35,10.22,7.28,20.46,16.26,17.07,7.64
74.18,16.52,11.35,10.22,7.28,20.46,16.26,17.09,7.63
74.19,16.52,11.33,10.21,7.29,20.46,16.26,17.09,7.64
74.20,16.52,11.35,10.22,7.30,20.43,16.24,17.09,7.63
74.21,16.52,11.35,10.21,7.29,20.43,16.26,17.07,7.64
74.22,16.52,11.35,10.23,7.28,20.46,16.24,17.07,7.64
74.23,16.52,11.33,10.21,7.28,20.46,16.24,17.07,7.64
74.24,16.52,11.35,10.21,7.29,20.46,16.26,17.09,7.65
74.25,16.52,11.35,10.21,7.28,20.43,16.24,17.07,7.64
74.26,16.52,11.33,10.21,7.28,20.46,16.22,17.09,7.63
74.27,16.50,11.35,10.21,7.28,20.46,16.22,17.09,7.65
74.28,16.52,11.33,10.21,7.28,20.43,16.24,17.07,7.64
74.29,16.50,11.33,10.21,7.28,20.46,16.22,17.07,7.63
74.30,16.50,11.35,10.22,7.29,20.43,16.22,17.07,7.64
74.31,16.52,11.32,10.21,7.27,20.43,16.22,17.05,7.63
74.32,16.50,11.33,10.21,7.27,20.46,16.22,17.05,7.63
74.33,16.50,11.33,10.20,7.28,20.43,16.22,17.09,7.63
74.34,16.52,11.32,10.21,7.28,20.43,16.22,17.07,7.64
74.35,16.50,11.32,10.21,7.28,20.46,16.22,17.07,7.63
74.36,16.50,11.33,10.21,7.27,20.43,16.22,17.07,7.62
74.37,16.50,11.33,10.20,7.27,20.43,16.22,17.07,7.63
74.38,16.50,11.32,10.20,7.28,20.46,16.22,17.07,7.63
74.39,16.50,11.33,10.20,7.29,20.43,16.22,17.05,7.62
74.40,16.48,11.33,10.20,7.27,20.43,16.22,17.07,7.63
74.41,16.50,11.32,10.21,7.27,20.43,16.22,17.05,7.63
74.42,16.50,11.33,10.20,7.27,20.43,16.17,17.07,7.63
74.43,16.50,11.32,10.20,7.27,20.43,16.22,17.05,7.63
74.44,16.50,11.32,10.20,7.27,20.40,16.22,17.05,7.63
74.45,16.50,11.35,10.20,7.28,20.43,16.20,17.02,7.63
74.46,16.50,11.32,10.20,7.27,20.40,16.20,17.07,7.63
74.47,16.48,11.32,10.20,7.28,20.40,16.20,17.05,7.62
74.48,16.50,11.32,10.20,7.27,20.40,16.20,17.05,7.62
74.49,16.48,11.32,10.20,7.27,20.40,16.17,17.09,7.63
74.50,16.48,11.32,10.21,7.27,20.43,16.17,17.02,7.63
74.51,16.48,11.33,10.20,7.28,20.43,16.20,17.05,7.63
74.52,16.50,11.32,10.20,7.28,20.40,16.20,17.05,7.62
74.53,16.48,11.32,10.18,7.27,20.40,16.20,17.05,7.62
74.54,16.48,11.32,10.18,7.27,20.40,16.20,17.05,7.62
74.55,16.50,11.32,10.18,7.27,20.40,16.17,17.05,7.63
74.56,16.48,11.32,10.18,7.28,20.40,16.17,17.05,7.62
74.57,16.48,11.32,10.18,7.27,20.40,16.20,17.05,7.63
74.58,16.48,11.32,10.18,7.26,20.37,16.20,17.02,7.64
74.59,16.48,11.32,10.18,7.27,20.43,16.15,17.05,7.62
74.60,16.48,11.32,10.20,7.27,20.40,16.17,17.02,7.63
74.61,16.48,11.30,10.18,7.27,20.40,16.17,17.02,7.62
74.62,16.48,11.30,10.18,7.27,20.37,16.17,17.05,7.62
74.63,16.48,11.30,10.18,7.26,20.40,16.17,17.05,7.62
74.64,16.48,11.30,10.18,7.26,20.40,16.17,17.05,7.62
74.65,16.48,11.30,10.18,7.26,20.40,16.17,17.02,7.61
74.66,16.48,11.30,10.17,7.26,20.37,16.15,17.05,7.62
74.67,16.48,11.32,10.20,7.27,20.37,16.15,17.05,7.62
74.68,16.46,11.30,10.18,7.27,20.40,16.17,17.02,7.63
74.69,16.46,11.30,10.18,7.26,20.37,16.20,17.05,7.62
74.70,16.48,11.30,10.17,7.26,20.37,16.17,17.05,7.62
74.71,16.46,11.30,10.18,7.27,20.37,16.17,17.05,7.62
74.72,16.48,11.30,10.18,7.26,20.37,16.15,17.05,7.62
74.73,16.46,11.30,10.20,7.27,20.37,16.15,17.02,7.62
74.74,16.48,11.29,10.17,7.26,20.37,16.17,17.05,7.61
74.75,16.46,11.29,10.17,7.27,20.37,16.15,17.02,7.62
74.76,16.46,11.29,10.18,7.25,20.40,16.17,17.00,7.62
74.77,16.46,11.29,10.17,7.26,20.37,16.17,17.02,7.63
74.78,16.46,11.32,10.17,7.26,20.37,16.13,17.02,7.62
74.79,16.46,11.30,10.16,7.27,20.37,16.13,17.02,7.63
74.80,16.46,11.29,10.16,7.26,20.37,16.15,17.00,7.62
74.81,16.46,11.29,10.17,7.26,20.37,16.15,17.00,7.62
74.82,16.48,11.30,10.16,7.26,20.37,16.13,17.02,7.63
74.83,16.46,11.30,10.17,7.25,20.37,16.13,17.02,7.62
74.84,16.46,11.29,10.16,7.27,20.37,16.13,17.00,7.62
74.85,16.46,11.30,10.16,7.26,20.34,16.13,17.02,7.62
74.86,16.46,11.30,10.17,7.27,20.34,16.15,17.05,7.62
74.87,16.46,11.29,10.18,7.26,20.37,16.15,17.02,7.63
74.88,16.46,11.29,10.17,7.25,20.34,16.13,17.00,7.62
74.89,16.46,11.30,10.17,7.26,20.37,16.13,17.05,7.62
74.90,16.43,11.29,10.17,7.26,20.34,16.13,17.02,7.61
74.91,16.43,11.30,10.16,7.25,20.34,16.15,17.02,7.62
74.92,16.43,11.29,10.17,7.25,20.37,16.13,17.00,7.62
74.93,16.46,11.29,10.16,7.25,20.34,16.13,17.02,7.61
74.94,16.43,11.29,10.17,7.27,20.34,16.11,17.00,7.61
74.95,16.46,11.30,10.16,7.25,20.31,16.13,17.02,7.62
74.96,16.43,11.29,10.16,7.25,20.31,16.13,17.00,7.63
74.97,16.43,11.29,10.16,7.26,20.37,16.13,17.00,7.61
74.98,16.43,11.29,10.17,7.26,20.34,16.11,17.00,7.61
74.99,16.43,11.29,10.16,7.25,20.34,16.11,17.00,7.62
75.00,16.43,11.29,10.16,7.25,20.31,16.13,16.98,7.62
75.01,16.43,11.29,10.14,7.25,20.37,16.13,17.00,7.61
75.02,16.43,11.27,10.16,7.25,20.31,16.11,17.00,7.62
75.03,16.43,11.27,10.14,7.25,20.31,16.11,17.00,7.62
75.04,16.43,11.27,10.16,7.25,20.31,16.11,17.00,7.61
75.05,16.41,11.27,10.14,7.25,20.31,16.11,17.00,7.62
75.06,16.43,11.27,10.14,7.25,20.31,16.11,17.00,7.61
75.07,16.43,11.27,10.16,7.25,20.31,16.09,17.00,7.62
75.08,16.43,11.27,10.14,7.25,20.31,16.09,17.00,7.61
75.09,16.43,11.27,10.16,7.25,20.31,16.09,16.98,7.61
75.10,16.43,11.27,10.16,7.25,20.31,16.09,17.02,7.61
75.11,16.41,11.27,10.16,7.25,20.31,16.09,17.00,7.61
75.12,16.41,11.27,10.14,7.26,20.31,16.11,16.98,7.61
75.15,16.43,11.27,10.14,7.25,20.31,16.09,17.00,7.61
75.15,16.43,11.27,10.14,7.25,20.28,16.09,17.00,7.62
75.16,16.41,11.26,10.16,7.25,20.31,16.09,16.98,7.61
75.17,16.41,11.29,10.14,7.25,20.28,16.09,17.00,7.61
75.18,16.41,11.27,10.16,7.25,20.28,16.09,16.98,7.60
75.19,16.41,11.26,10.14,7.25,20.28,16.09,16.98,7.61
75.20,16.41,11.26,10.16,7.25,20.28,16.09,16.98,7.61
75.21,16.41,11.27,10.13,7.25,20.31,16.06,16.98,7.60
75.22,16.41,11.27,10.14,7.25,20.28,16.06,16.98,7.60
75.23,16.41,11.26,10.13,7.25,20.28,16.06,16.98,7.60
75.24,16.41,11.26,10.14,7.25,20.28,16.06,17.00,7.61
75.25,16.41,11.26,10.16,7.25,20.28,16.09,16.98,7.61
75.26,16.41,11.29,10.14,7.25,20.28,16.06,16.98,7.60
75.27,16.41,11.27,10.13,7.25,20.31,16.06,17.00,7.60
75.28,16.39,11.27,10.13,7.25,20.31,16.06,16.98,7.61
75.29,16.39,11.27,10.14,7.25,20.28,16.06,16.98,7.60
75.30,16.41,11.23,10.14,7.25,20.28,16.09,16.98,7.60
75.31,16.39,11.27,10.13,7.25,20.31,16.09,16.98,7.60
75.32,16.39,11.24,10.13,7.25,20.25,16.06,17.00,7.60
75.33,16.41,11.26,10.13,7.25,20.31,16.06,16.98,7.60
75.34,16.39,11.26,10.16,7.25,20.28,16.06,16.98,7.60
75.35,16.39,11.24,10.14,7.25,20.28,16.06,16.98,7.61
75.36,16.39,11.26,10.13,7.25,20.28,16.06,16.98,7.61
75.37,16.39,11.24,10.12,7.25,20.28,16.06,16.98,7.60
75.38,16.41,11.27,10.14,7.25,20.25,16.04,16.95,7.60
75.39,16.37,11.26,10.13,7.24,20.28,16.04,16.95,7.60
75.40,16.39,11.26,10.13,7.25,20.28,16.04,16.98,7.60
75.41,16.39,11.23,10.13,7.25,20.25,16.09,16.98,7.60
75.42,16.39,11.24,10.13,7.24,20.25,16.02,16.98,7.60
75.43,16.39,11.24,10.13,7.25,20.28,16.06,16.98,7.60
75.44,16.39,11.24,10.13,7.25,20.28,16.04,16.95,7.61
75.45,16.39,11.24,10.13,7.24,20.25,16.04,16.95,7.60
75.46,16.39,11.24,10.13,7.25,20.25,16.04,16.95,7.60
75.47,16.39,11.24,10.12,7.24,20.25,16.04,16.95,7.59
75.48,16.39,11.26,10.13,7.24,20.25,16.04,16.95,7.59
75.49,16.37,11.24,10.13,7.25,20.28,16.04,16.95,7.60
75.50,16.37,11.24,10.13,7.24,20.28,16.04,17.00,7.60
75.51,16.37,11.24,10.12,7.24,20.28,16.04,16.95,7.59
75.52,16.37,11.26,10.12,7.24,20.25,16.04,16.95,7.61
75.53,16.39,11.26,10.13,7.25,20.25,16.04,16.95,7.60
75.54,16.37,11.23,10.12,7.24,20.25,16.02,16.95,7.59
75.55,16.34,11.24,10.12,7.24,20.25,16.04,16.95,7.60
75.56,16.39,11.24,10.13,7.23,20.22,16.04,16.95,7.59
75.57,16.37,11.24,10.10,7.24,20.25,16.02,16.95,7.59
75.58,16.37,11.24,10.13,7.23,20.22,16.04,16.93,7.59
75.59,16.37,11.23,10.12,7.24,20.25,16.04,16.95,7.59
75.60,16.37,11.23,10.12,7.24,20.25,16.02,16.95,7.59
75.61,16.37,11.23,10.12,7.24,20.22,16.02,16.93,7.59
75.62,16.37,11.23,10.12,7.24,20.25,16.02,16.98,7.60
75.63,16.37,11.23,10.10,7.24,20.22,16.02,16.98,7.60
75.64,16.37,11.23,10.12,7.23,20.28,16.02,16.95,7.59
75.65,16.37,11.23,10.13,7.24,20.22,16.04,16.95,7.59
75.66,16.37,11.23,10.12,7.25,20.22,16.00,16.93,7.58
75.67,16.37,11.23,10.10,7.23,20.22,16.02,16.95,7.59
75.68,16.37,11.24,10.10,7.23,20.25,16.00,16.98,7.59
75.69,16.39,11.23,10.10,7.23,20.22,16.00,16.93,7.60
75.70,16.37,11.24,10.12,7.24,20.22,16.00,16.95,7.59
75.71,16.37,11.24,10.12,7.24,20.22,16.00,16.95,7.60
75.72,16.34,11.24,10.10,7.24,20.22,16.00,16.95,7.60
75.73,16.34,11.24,10.12,7.24,20.22,16.00,16.95,7.60
75.74,16.37,11.23,10.10,7.23,20.22,16.00,16.93,7.59
75.75,16.37,11.23,10.12,7.24,20.19,16.00,16.93,7.60
75.76,16.37,11.23,10.10,7.23,20.22,16.00,16.93,7.59
75.77,16.37,11.23,10.10,7.24,20.19,16.00,16.95,7.60
75.79,16.34,11.23,10.10,7.23,20.22,16.00,16.93,7.58
75.80,16.34,11.21,10.10,7.23,20.22,16.00,16.98,7.60
75.81,16.34,11.21,10.10,7.24,20.22,16.02,16.95,7.59
75.82,16.34,11.23,10.09,7.23,20.19,15.98,16.95,7.59
75.83,16.37,11.23,10.10,7.23,20.22,16.00,16.91,7.58
75.84,16.34,11.21,10.10,7.23,20.19,15.98,16.95,7.60
75.85,16.34,11.21,10.12,7.23,20.22,16.00,16.93,7.59
75.88,16.34,11.21,10.10,7.23,20.19,15.98,16.93,7.58
75.89,16.34,11.23,10.09,7.23,20.22,16.02,16.93,7.59
75.89,16.34,11.21,10.09,7.23,20.19,16.00,16.93,7.58
75.90,16.34,11.21,10.10,7.23,20.19,15.98,16.91,7.58
75.91,16.34,11.21,10.10,7.22,20.19,15.98,16.95,7.59
75.92,16.34,11.21,10.10,7.23,20.19,15.98,16.95,7.58
75.93,16.34,11.21,10.09,7.22,20.19,16.00,16.95,7.59
75.94,16.34,11.21,10.10,7.22,20.19,15.98,16.93,7.58
75.95,16.34,11.21,10.09,7.24,20.16,15.98,16.93,7.58
75.96,16.34,11.21,10.09,7.23,20.19,15.98,16.93,7.59
75.97,16.34,11.20,10.09,7.23,20.19,15.96,16.91,7.60
75.98,16.34,11.21,10.08,7.23,20.19,15.98,16.91,7.59
75.99,16.32,11.21,10.08,7.22,20.19,15.96,16.93,7.59
76.00,16.32,11.20,10.09,7.22,20.19,15.96,16.93,7.59
76.01,16.32,11.21,10.10,7.23,20.16,15.96,16.91,7.58
76.02,16.34,11.21,10.08,7.22,20.19,15.98,16.91,7.58
76.03,16.34,11.21,10.09,7.22,20.19,15.98,16.93,7.58
76.04,16.32,11.21,10.08,7.23,20.16,15.96,16.91,7.58
76.05,16.32,11.20,10.09,7.23,20.19,15.96,16.91,7.58
76.06,16.32,11.21,10.09,7.23,20.16,15.96,16.91,7.59
76.07,16.34,11.20,10.08,7.22,20.19,15.96,16.91,7.58
76.08,16.32,11.20,10.09,7.22,20.19,15.96,16.91,7.58
76.09,16.32,11.21,10.09,7.23,20.16,15.93,16.91,7.58
76.10,16.32,11.21,10.08,7.22,20.16,15.96,16.91,7.58
76.11,16.30,11.21,10.10,7.22,20.16,15.96,16.91,7.58
76.12,16.30,11.20,10.09,7.23,20.16,15.96,16.91,7.57
76.13,16.32,11.20,10.08,7.22,20.16,15.98,16.91,7.59
76.14,16.32,11.20,10.08,7.22,20.19,15.96,16.91,7.58
76.15,16.30,11.20,10.08,7.22,20.16,15.96,16.91,7.58
76.16,16.32,11.20,10.08,7.22,20.16,15.93,16.91,7.59
76.17,16.30,11.23,10.08,7.21,20.16,15.96,16.91,7.58
76.18,16.32,11.20,10.08,7.22,20.16,15.98,16.91,7.58
76.19,16.30,11.20,10.08,7.22,20.16,15.93,16.91,7.58
76.20,16.32,11.20,10.08,7.22,20.16,15.93,16.91,7.58
76.21,16.32,11.20,10.08,7.22,20.16,15.93,16.91,7.58
76.22,16.32,11.20,10.09,7.22,20.16,15.96,16.91,7.58
76.23,16.30,11.20,10.08,7.22,20.16,15.93,16.88,7.58
76.24,16.30,11.19,10.09,7.22,20.14,15.91,16.91,7.58
76.25,16.30,11.20,10.06,7.21,20.16,15.93,16.88,7.58
76.26,16.30,11.20,10.08,7.22,20.14,15.91,16.91,7.57
76.27,16.30,11.20,10.08,7.21,20.16,15.93,16.91,7.58
76.28,16.30,11.21,10.08,7.21,20.14,15.93,16.88,7.57
76.29,16.30,11.20,10.06,7.21,20.14,15.93,16.88,7.58
76.30,16.30,11.20,10.08,7.21,20.16,15.93,16.91,7.58
76.31,16.30,11.19,10.08,7.21,20.14,15.93,16.91,7.58
76.32,16.30,11.20,10.06,7.22,20.14,15.91,16.91,7.57
76.33,16.30,11.19,10.06,7.21,20.16,15.93,16.91,7.58
76.34,16.30,11.19,10.08,7.22,20.14,15.91,16.91,7.58
76.35,16.30,11.19,10.06,7.21,20.14,15.91,16.91,7.57
76.36,16.30,11.20,10.06,7.21,20.14,15.91,16.88,7.57
76.37,16.30,11.19,10.06,7.22,20.14,15.93,16.88,7.57
76.38,16.30,11.17,10.06,7.21,20.14,15.91,16.88,7.57
76.39,16.30,11.19,10.08,7.22,20.14,15.91,16.88,7.57
76.40,16.30,11.19,10.08,7.21,20.16,15.91,16.88,7.57
76.41,16.28,11.19,10.06,7.21,20.14,15.91,16.88,7.57
76.42,16.30,11.19,10.06,7.21,20.11,15.91,16.88,7.58
76.43,16.30,11.17,10.06,7.22,20.11,15.91,16.86,7.57
76.44,16.30,11.19,10.08,7.21,20.11,15.93,16.91,7.57
76.45,16.30,11.19,10.08,7.20,20.14,15.91,16.88,7.58
76.46,16.28,11.19,10.05,7.20,20.11,15.89,16.91,7.58
76.47,16.30,11.17,10.05,7.21,20.14,15.91,16.88,7.57
76.48,16.30,11.19,10.05,7.22,20.14,15.91,16.88,7.57
76.49,16.28,11.17,10.06,7.21,20.14,15.91,16.86,7.57
76.50,16.28,11.19,10.06,7.20,20.14,15.89,16.88,7.58
76.51,16.28,11.19,10.05,7.21,20.11,15.91,16.91,7.57
76.52,16.28,11.19,10.06,7.20,20.14,15.89,16.91,7.58
76.53,16.28,11.17,10.05,7.20,20.11,15.89,16.91,7.57
76.54,16.28,11.17,10.05,7.20,20.11,15.91,16.88,7.57
76.55,16.28,11.17,10.08,7.20,20.14,15.89,16.91,7.57
76.56,16.28,11.17,10.06,7.20,20.11,15.91,16.86,7.56
76.57,16.28,11.16,10.06,7.20,20.11,15.89,16.91,7.57
76.58,16.28,11.19,10.05,7.20,20.11,15.87,16.86,7.57
76.59,16.28,11.17,10.05,7.21,20.14,15.89,16.88,7.58
76.60,16.28,11.19,10.05,7.21,20.11,15.89,16.86,7.58
76.61,16.28,11.17,10.05,7.19,20.11,15.87,16.88,7.56
76.62,16.28,11.17,10.05,7.21,20.08,15.87,16.88,7.57
76.63,16.28,11.17,10.06,7.20,20.14,15.89,16.88,7.56
76.64,16.25,11.17,10.06,7.20,20.08,15.89,16.86,7.56
76.65,16.28,11.19,10.05,7.20,20.11,15.87,16.86,7.56
76.66,16.25,11.17,10.06,7.21,20.11,15.87,16.88,7.56
76.67,16.28,11.17,10.05,7.21,20.11,15.89,16.86,7.56
76.68,16.28,11.17,10.05,7.20,20.14,15.87,16.86,7.57
76.69,16.28,11.17,10.04,7.20,20.11,15.87,16.86,7.57
76.70,16.25,11.17,10.05,7.20,20.08,15.87,16.86,7.57
76.71,16.25,11.17,10.05,7.19,20.11,15.87,16.86,7.55
76.72,16.25,11.16,10.05,7.20,20.08,15.87,16.88,7.56
76.73,16.28,11.17,10.05,7.21,20.08,15.89,16.88,7.56
76.74,16.25,11.17,10.04,7.20,20.08,15.89,16.88,7.56
76.75,16.23,11.17,10.05,7.19,20.08,15.87,16.86,7.56
76.76,16.28,11.16,10.05,7.19,20.08,15.87,16.86,7.56
76.77,16.25,11.17,10.04,7.19,20.08,15.85,16.88,7.56
76.78,16.25,11.17,10.04,7.21,20.08,15.87,16.86,7.56
76.79,16.25,11.16,10.05,7.19,20.11,15.85,16.86,7.56
76.80,16.25,11.17,10.04,7.20,20.08,15.87,16.86,7.56
76.81,16.25,11.16,10.04,7.20,20.08,15.87,16.84,7.56
76.82,16.25,11.16,10.04,7.20,20.08,15.85,16.86,7.56
76.83,16.25,11.16,10.04,7.19,20.05,15.85,16.88,7.56
76.84,16.25,11.16,10.04,7.19,20.08,15.87,16.88,7.56
76.85,16.25,11.16,10.04,7.19,20.08,15.85,16.84,7.56
76.86,16.25,11.16,10.04,7.20,20.11,15.87,16.86,7.56
76.87,16.25,11.16,10.03,7.20,20.08,15.85,16.86,7.56
76.88,16.23,11.16,10.04,7.19,20.08,15.85,16.86,7.55
76.89,16.25,11.16,10.05,7.19,20.08,15.85,16.86,7.56
76.90,16.23,11.16,10.04,7.19,20.08,15.87,16.86,7.56
76.91,16.25,11.16,10.05,7.19,20.08,15.83,16.86,7.56
76.92,16.25,11.16,10.04,7.19,20.08,15.87,16.86,7.56
76.93,16.23,11.16,10.04,7.19,20.08,15.85,16.84,7.56
76.94,16.25,11.14,10.04,7.20,20.05,15.85,16.84,7.56
76.95,16.25,11.17,10.03,7.18,20.08,15.83,16.86,7.56
76.96,16.23,11.14,10.03,7.18,20.05,15.83,16.84,7.56
76.97,16.25,11.14,10.05,7.20,20.05,15.85,16.88,7.55
76.98,16.23,11.14,10.04,7.19,20.05,15.83,16.84,7.56
76.99,16.23,11.17,10.03,7.18,20.05,15.83,16.86,7.56
77.00,16.23,11.14,10.04,7.19,20.05,15.85,16.84,7.55
77.03,16.23,11.14,10.03,7.19,20.08,15.85,16.84,7.56
77.03,16.23,11.14,10.04,7.19,20.05,15.83,16.84,7.56
77.04,16.23,11.14,10.03,7.19,20.08,15.85,16.84,7.55
77.05,16.23,11.14,10.03,7.19,20.05,15.83,16.84,7.56
77.06,16.23,11.16,10.03,7.19,20.05,15.85,16.84,7.56
77.07,16.23,11.14,10.03,7.18,20.05,15.83,16.84,7.55
77.08,16.23,11.16,10.01,7.19,20.05,15.83,16.86,7.56
77.09,16.23,11.14,10.03,7.18,20.05,15.83,16.84,7.55
77.10,16.23,11.14,10.03,7.18,20.05,15.83,16.81,7.55
77.11,16.23,11.14,10.03,7.18,20.05,15.80,16.84,7.56
77.12,16.21,11.14,10.03,7.18,20.05,15.85,16.84,7.56
77.13,16.23,11.14,10.03,7.18,20.05,15.83,16.84,7.56
77.14,16.23,11.14,10.01,7.18,20.05,15.83,16.84,7.55
77.15,16.23,11.14,10.03,7.18,20.05,15.83,16.81,7.56
77.16,16.23,11.13,10.03,7.18,20.05,15.83,16.84,7.55
77.17,16.23,11.14,10.03,7.19,20.02,15.80,16.86,7.56
77.18,16.23,11.13,10.03,7.18,20.02,15.85,16.84,7.55
77.19,16.21,11.14,10.01,7.19,20.02,15.80,16.81,7.55
77.20,16.23,11.14,10.01,7.19,20.02,15.80,16.86,7.55
77.21,16.23,11.14,10.01,7.18,20.02,15.80,16.84,7.55
77.22,16.21,11.13,10.03,7.17,20.02,15.80,16.81,7.55
77.23,16.21,11.16,10.03,7.17,20.05,15.80,16.81,7.55
77.24,16.23,11.13,10.03,7.18,20.02,15.83,16.81,7.55
77.25,16.21,11.14,10.03,7.18,20.02,15.80,16.84,7.55
77.26,16.21,11.14,10.01,7.18,20.02,15.80,16.86,7.56
77.27,16.21,11.16,10.01,7.17,20.02,15.80,16.84,7.55
77.28,16.21,11.14,10.01,7.18,20.02,15.83,16.81,7.55
77.29,16.21,11.14,10.03,7.18,20.02,15.80,16.81,7.54
77.30,16.21,11.13,10.01,7.18,20.02,15.80,16.84,7.55
77.31,16.21,11.14,10.01,7.17,20.02,15.80,16.81,7.55
77.32,16.21,11.13,10.01,7.17,20.02,15.78,16.81,7.54
77.33,16.21,11.13,10.01,7.18,20.02,15.80,16.84,7.55
77.34,16.21,11.14,10.00,7.18,20.05,15.80,16.84,7.55
77.35,16.21,11.13,10.01,7.18,19.99,15.78,16.81,7.55
77.36,16.21,11.13,10.01,7.18,20.02,15.78,16.84,7.55
77.37,16.21,11.13,10.01,7.17,20.02,15.78,16.81,7.56
77.38,16.19,11.14,10.01,7.17,20.02,15.83,16.81,7.54
77.41,16.21,11.13,10.01,7.17,20.02,15.78,16.84,7.55
77.42,16.19,11.13,10.03,7.17,20.02,15.78,16.81,7.54
77.43,16.21,11.13,10.01,7.17,20.02,15.78,16.81,7.55
77.44,16.21,11.13,10.01,7.17,20.02,15.80,16.81,7.56
77.45,16.21,11.13,10.00,7.18,20.02,15.78,16.81,7.54
77.46,16.21,11.13,10.01,7.18,20.02,15.80,16.81,7.55
77.47,16.21,11.13,10.03,7.17,20.02,15.78,16.81,7.54
77.48,16.21,11.11,10.00,7.17,19.99,15.80,16.81,7.54
77.49,16.21,11.13,10.01,7.17,20.02,15.76,16.81,7.55
77.50,16.19,11.11,10.00,7.17,20.05,15.80,16.81,7.54
77.51,16.19,11.11,10.00,7.17,19.99,15.76,16.81,7.54
77.52,16.19,11.11,10.00,7.17,19.99,15.76,16.81,7.54
77.53,16.19,11.11,10.01,7.17,20.02,15.80,16.81,7.55
77.54,16.19,11.11,10.00,7.18,20.02,15.76,16.84,7.54
77.55,16.19,11.11,10.00,7.17,19.99,15.80,16.79,7.54
77.56,16.21,11.13,10.00,7.17,19.99,15.78,16.81,7.54
77.57,16.19,11.11,10.00,7.16,19.99,15.78,16.79,7.54
77.58,16.19,11.11,10.00,7.17,19.99,15.76,16.81,7.54
77.59,16.19,11.11,10.01,7.17,19.99,15.76,16.81,7.54
77.60,16.17,11.11,9.99,7.16,19.99,15.74,16.81,7.54
77.61,16.19,11.11,9.99,7.17,20.02,15.76,16.81,7.54
77.62,16.19,11.11,10.00,7.18,19.99,15.76,16.79,7.54
77.63,16.19,11.13,10.00,7.16,19.99,15.76,16.79,7.54
77.64,16.19,11.11,10.00,7.17,19.99,15.76,16.81,7.54
77.65,16.19,11.11,10.00,7.16,19.96,15.76,16.79,7.54
77.66,16.19,11.11,9.99,7.16,19.99,15.76,16.81,7.54
77.67,16.19,11.11,10.00,7.16,19.99,15.74,16.81,7.54
77.68,16.19,11.11,9.99,7.17,20.02,15.78,16.81,7.54
77.69,16.19,11.13,9.99,7.16,19.96,15.76,16.79,7.53
77.70,16.17,11.11,9.99,7.16,19.99,15.78,16.81,7.53
77.71,16.19,11.10,9.99,7.16,19.96,15.74,16.79,7.54
77.72,16.19,11.11,9.99,7.16,19.99,15.74,16.81,7.54
77.73,16.19,11.11,9.97,7.16,19.99,15.74,16.81,7.53
77.74,16.17,11.11,9.99,7.16,19.96,15.74,16.79,7.54
77.75,16.19,11.14,9.99,7.16,19.96,15.76,16.77,7.54
77.76,16.19,11.11,9.99,7.16,19.99,15.74,16.79,7.54
77.77,16.19,11.11,9.99,7.16,19.96,15.74,16.81,7.53
77.78,16.19,11.10,9.99,7.16,19.96,15.74,16.79,7.54
77.79,16.19,11.11,9.99,7.15,19.99,15.74,16.79,7.54
77.80,16.17,11.11,9.99,7.16,19.99,15.74,16.79,7.53
77.81,16.19,11.11,10.00,7.17,19.96,15.74,16.79,7.53
77.82,16.17,11.10,10.00,7.16,19.96,15.76,16.79,7.53
77.83,16.19,11.13,9.99,7.16,19.99,15.76,16.79,7.53
77.84,16.17,11.11,10.00,7.16,19.96,15.74,16.79,7.54
77.85,16.19,11.10,9.99,7.16,19.96,15.76,16.79,7.54
77.86,16.17,11.10,9.99,7.16,19.99,15.72,16.77,7.53
77.87,16.17,11.10,9.99,7.17,19.96,15.74,16.79,7.53
77.88,16.17,11.10,9.99,7.16,19.96,15.74,16.81,7.53
77.89,16.17,11.10,9.99,7.16,19.96,15.74,16.77,7.53
77.90,16.17,11.10,10.00,7.16,19.99,15.74,16.79,7.53
77.91,16.17,11.10,9.97,7.16,19.96,15.74,16.79,7.53
77.92,16.17,11.10,9.99,7.17,19.96,15.74,16.79,7.52
77.93,16.17,11.11,9.99,7.15,19.96,15.74,16.79,7.52
77.94,16.17,11.10,9.99,7.15,19.96,15.72,16.77,7.53
77.95,16.17,11.11,9.97,7.17,19.96,15.74,16.79,7.53
77.97,16.17,11.11,9.97,7.16,19.96,15.74,16.79,7.53
77.98,16.17,11.11,9.99,7.15,19.96,15.72,16.79,7.52
77.99,16.14,11.10,9.97,7.15,19.96,15.74,16.77,7.53
78.00,16.14,11.11,9.97,7.16,19.93,15.72,16.81,7.54
78.01,16.17,11.10,9.99,7.15,19.96,15.70,16.79,7.54
78.02,16.17,11.10,9.97,7.15,19.93,15.74,16.79,7.53
78.03,16.17,11.09,9.99,7.15,19.93,15.72,16.77,7.53
78.04,16.17,11.09,10.00,7.16,19.96,15.72,16.79,7.53
78.05,16.17,11.10,9.99,7.15,19.96,15.72,16.77,7.53
78.06,16.17,11.09,9.97,7.15,19.93,15.70,16.79,7.53
78.07,16.14,11.10,9.97,7.15,19.96,15.72,16.77,7.53
78.08,16.14,11.09,9.97,7.16,19.93,15.72,16.79,7.52
78.09,16.17,11.10,9.97,7.16,19.90,15.72,16.79,7.52
78.10,16.14,11.10,9.97,7.15,19.93,15.70,16.79,7.54
78.11,16.14,11.10,9.97,7.15,19.93,15.70,16.79,7.53
78.12,16.14,11.10,9.97,7.15,19.93,15.70,16.74,7.53
78.13,16.14,11.09,9.97,7.15,19.93,15.72,16.74,7.52
78.14,16.14,11.09,9.96,7.15,19.93,15.70,16.77,7.52
78.15,16.17,11.09,9.97,7.15,19.93,15.70,16.74,7.52
78.16,16.14,11.09,9.97,7.15,19.93,15.70,16.77,7.52
78.17,16.14,11.10,9.97,7.14,19.93,15.72,16.77,7.52
78.18,16.14,11.09,9.99,7.15,19.93,15.70,16.77,7.52
78.19,16.14,11.10,9.97,7.16,19.96,15.70,16.77,7.51
78.20,16.14,11.09,9.96,7.15,19.93,15.72,16.77,7.52
78.21,16.14,11.10,9.97,7.15,19.90,15.70,16.77,7.52
78.22,16.14,11.10,9.97,7.14,19.96,15.72,16.77,7.52
78.23,16.14,11.09,9.97,7.14,19.96,15.70,16.77,7.52
78.24,16.14,11.07,9.97,7.15,19.93,15.70,16.74,7.53
78.25,16.14,11.09,9.97,7.15,19.93,15.70,16.77,7.52
78.26,16.14,11.09,9.97,7.14,19.90,15.70,16.77,7.52
78.27,16.14,11.07,9.96,7.15,19.93,15.70,16.77,7.52
78.28,16.14,11.09,9.96,7.14,19.90,15.68,16.77,7.51
78.29,16.12,11.09,9.97,7.15,19.90,15.70,16.77,7.53
78.30,16.12,11.07,9.95,7.14,19.93,15.72,16.74,7.52
78.31,16.14,11.07,9.97,7.14,19.93,15.70,16.77,7.53
78.32,16.12,11.10,9.96,7.15,19.90,15.70,16.74,7.52
78.33,16.14,11.09,9.96,7.14,19.93,15.68,16.77,7.52
78.34,16.14,11.10,9.95,7.14,19.90,15.70,16.77,7.51
78.35,16.14,11.09,9.95,7.14,19.90,15.68,16.77,7.52
78.36,16.12,11.09,9.96,7.14,19.90,15.70,16.77,7.53
78.37,16.14,11.07,9.96,7.14,19.90,15.70,16.77,7.52
78.38,16.12,11.07,9.96,7.13,19.90,15.70,16.74,7.51
78.39,16.12,11.09,9.95,7.14,19.90,15.70,16.74,7.51
78.40,16.12,11.06,9.95,7.14,19.90,15.68,16.74,7.51
78.41,16.12,11.07,9.96,7.14,19.93,15.68,16.77,7.51
78.42,16.12,11.07,9.96,7.14,19.93,15.68,16.74,7.51
78.43,16.12,11.09,9.96,7.14,19.90,15.68,16.74,7.51
78.44,16.12,11.07,9.96,7.14,19.90,15.70,16.74,7.52
78.45,16.12,11.07,9.96,7.14,19.90,15.68,16.72,7.51
78.46,16.12,11.09,9.96,7.14,19.93,15.70,16.77,7.51
78.47,16.12,11.09,9.95,7.13,19.90,15.70,16.74,7.52
78.48,16.12,11.07,9.95,7.14,19.90,15.65,16.79,7.51
78.49,16.12,11.07,9.96,7.14,19.90,15.65,16.72,7.51
78.50,16.12,11.07,9.95,7.14,19.88,15.65,16.77,7.51
78.51,16.12,11.07,9.95,7.14,19.90,15.68,16.74,7.52
78.52,16.12,11.09,9.95,7.13,19.90,15.65,16.74,7.51
78.53,16.12,11.06,9.95,7.13,19.90,15.65,16.74,7.51
78.54,16.10,11.06,9.95,7.14,19.90,15.65,16.74,7.52
78.55,16.12,11.06,9.96,7.14,19.88,15.70,16.77,7.52
78.56,16.12,11.07,9.95,7.14,19.90,15.65,16.79,7.51
78.57,16.10,11.06,9.95,7.13,19.88,15.65,16.74,7.51
78.58,16.12,11.07,9.95,7.14,19.88,15.68,16.77,7.52
78.59,16.12,11.09,9.95,7.13,19.88,15.65,16.74,7.51
78.60,16.12,11.06,9.95,7.14,19.88,15.65,16.74,7.51
78.61,16.12,11.07,9.95,7.13,19.88,15.65,16.74,7.51
78.62,16.12,11.06,9.96,7.13,19.88,15.65,16.74,7.52
78.63,16.12,11.07,9.95,7.13,19.88,15.65,16.74,7.51
78.64,16.10,11.07,9.95,7.13,19.88,15.65,16.74,7.51
78.65,16.12,11.06,9.94,7.13,19.88,15.65,16.72,7.51
78.66,16.12,11.06,9.95,7.13,19.88,15.65,16.74,7.51
78.67,16.12,11.06,9.95,7.13,19.88,15.65,16.77,7.51
78.68,16.12,11.07,9.95,7.14,19.90,15.65,16.74,7.50
78.69,16.10,11.06,9.95,7.12,19.85,15.65,16.72,7.50
78.70,16.10,11.06,9.92,7.12,19.85,15.63,16.74,7.50
78.71,16.10,11.06,9.94,7.13,19.88,15.63,16.74,7.50
78.72,16.10,11.06,9.94,7.12,19.88,15.63,16.72,7.51
78.73,16.08,11.07,9.95,7.12,19.85,15.63,16.72,7.50
78.74,16.10,11.06,9.94,7.12,19.90,15.63,16.72,7.51
78.75,16.10,11.06,9.95,7.12,19.90,15.61,16.72,7.50
78.76,16.10,11.06,9.94,7.12,19.88,15.63,16.72,7.51
78.77,16.10,11.06,9.95,7.13,19.85,15.63,16.72,7.51
78.78,16.10,11.06,9.92,7.12,19.88,15.65,16.74,7.51
78.79,16.10,11.06,9.94,7.12,19.88,15.63,16.72,7.50
78.80,16.10,11.06,9.94,7.12,19.85,15.63,16.72,7.50
78.81,16.08,11.06,9.95,7.12,19.85,15.63,16.72,7.51
78.82,16.08,11.04,9.92,7.12,19.85,15.63,16.74,7.51
78.83,16.08,11.06,9.92,7.12,19.85,15.63,16.72,7.50
78.84,16.10,11.06,9.94,7.12,19.85,15.63,16.72,7.50
78.85,16.10,11.04,9.92,7.12,19.88,15.61,16.72,7.50
78.86,16.08,11.06,9.95,7.12,19.85,15.63,16.74,7.49
78.87,16.08,11.07,9.94,7.12,19.85,15.63,16.72,7.50
78.88,16.08,11.04,9.92,7.11,19.85,15.61,16.72,7.49
78.89,16.10,11.06,9.94,7.12,19.82,15.61,16.72,7.50
78.90,16.08,11.04,9.94,7.12,19.85,15.65,16.72,7.50
78.91,16.08,11.04,9.92,7.11,19.85,15.61,16.72,7.50
78.92,16.08,11.04,9.92,7.11,19.88,15.61,16.72,7.49
78.93,16.10,11.04,9.92,7.13,19.85,15.61,16.72,7.49
78.94,16.08,11.04,9.92,7.11,19.85,15.61,16.70,7.49
78.95,16.08,11.06,9.92,7.11,19.85,15.61,16.72,7.49
78.96,16.08,11.04,9.92,7.12,19.85,15.63,16.70,7.50
78.97,16.10,11.04,9.92,7.11,19.88,15.61,16.70,7.50
78.98,16.10,11.04,9.92,7.11,19.85,15.59,16.72,7.50
78.99,16.08,11.04,9.92,7.11,19.85,15.63,16.70,7.50
79.00,16.08,11.04,9.92,7.11,19.85,15.61,16.72,7.50
79.01,16.08,11.06,9.92,7.11,19.85,15.61,16.72,7.49
79.02,16.08,11.04,9.92,7.11,19.82,15.59,16.70,7.50
79.03,16.08,11.03,9.92,7.11,19.82,15.61,16.72,7.50
79.04,16.08,11.04,9.94,7.12,19.85,15.61,16.70,7.49
79.05,16.08,11.04,9.92,7.12,19.82,15.59,16.72,7.49
79.06,16.10,11.04,9.92,7.11,19.85,15.59,16.72,7.50
79.07,16.10,11.04,9.94,7.12,19.85,15.59,16.70,7.50
79.08,16.08,11.04,9.92,7.11,19.85,15.61,16.70,7.49
79.09,16.08,11.04,9.94,7.11,19.85,15.59,16.72,7.49
79.10,16.06,11.04,9.92,7.11,19.82,15.61,16.70,7.50
79.11,16.04,11.04,9.92,7.11,19.85,15.59,16.70,7.50
79.12,16.08,11.04,9.92,7.11,19.85,15.59,16.72,7.49
79.13,16.08,11.04,9.91,7.12,19.82,15.59,16.72,7.50
79.14,16.08,11.04,9.92,7.12,19.82,15.59,16.72,7.50
79.15,16.08,11.04,9.94,7.11,19.82,15.59,16.72,7.50
79.16,16.08,11.04,9.91,7.11,19.85,15.61,16.72,7.49
79.17,16.08,11.04,9.92,7.11,19.88,15.59,16.72,7.50
79.18,16.06,11.03,9.92,7.11,19.85,15.59,16.72,7.50
79.19,16.08,11.03,9.92,7.11,19.82,15.59,16.72,7.50
79.20,16.08,11.04,9.91,7.11,19.82,15.61,16.72,7.49
79.21,16.06,11.06,9.91,7.11,19.82,15.57,16.72,7.49
79.22,16.08,11.03,9.92,7.12,19.82,15.59,16.70,7.50
79.23,16.08,11.04,9.92,7.11,19.85,15.59,16.70,7.49
79.24,16.08,11.03,9.94,7.11,19.82,15.59,16.74,7.49
79.25,16.08,11.03,9.92,7.11,19.82,15.59,16.72,7.49
79.26,16.08,11.04,9.92,7.10,19.82,15.57,16.70,7.49
79.27,16.06,11.03,9.91,7.11,19.82,15.57,16.72,7.50
79.28,16.08,11.04,9.92,7.11,19.82,15.57,16.70,7.50
79.29,16.08,11.03,9.92,7.10,19.82,15.57,16.70,7.50
79.30,16.08,11.03,9.91,7.10,19.82,15.57,16.70,7.49
79.31,16.08,11.03,9.91,7.10,19.82,15.57,16.70,7.50
79.32,16.06,11.03,9.92,7.10,19.82,15.57,16.68,7.49
79.33,16.06,11.04,9.91,7.10,19.82,15.57,16.72,7.49
79.34,16.06,11.03,9.91,7.10,19.79,15.57,16.70,7.50
79.35,16.06,11.03,9.91,7.12,19.82,15.57,16.70,7.49
79.36,16.06,11.03,9.91,7.11,19.85,15.57,16.70,7.48
79.37,16.06,11.03,9.91,7.10,19.82,15.59,16.72,7.48
79.38,16.08,11.03,9.91,7.10,19.79,15.57,16.70,7.49
79.39,16.08,11.04,9.91,7.09,19.82,15.57,16.72,7.48
79.40,16.06,11.01,9.91,7.10,19.82,15.57,16.70,7.49
79.41,16.06,11.01,9.91,7.11,19.85,15.59,16.70,7.49
79.42,16.06,11.01,9.90,7.11,19.79,15.59,16.70,7.49
79.43,16.06,11.01,9.91,7.10,19.79,15.57,16.68,7.49
79.44,16.06,11.03,9.91,7.10,19.79,15.57,16.70,7.49
79.45,16.06,11.03,9.91,7.10,19.82,15.57,16.70,7.49
79.46,16.06,11.03,9.92,7.10,19.82,15.57,16.70,7.49
79.47,16.06,11.01,9.91,7.10,19.79,15.57,16.70,7.48
79.48,16.06,11.03,9.91,7.10,19.79,15.57,16.70,7.48
79.49,16.06,11.01,9.90,7.09,19.79,15.55,16.72,7.49
79.50,16.06,11.03,9.91,7.10,19.79,15.57,16.70,7.49
79.51,16.06,11.00,9.92,7.10,19.79,15.57,16.68,7.48
79.52,16.06,11.01,9.90,7.11,19.79,15.55,16.70,7.48
79.53,16.06,11.01,9.91,7.10,19.79,15.57,16.70,7.48
79.54,16.06,11.01,9.91,7.11,19.82,15.55,16.68,7.48
79.55,16.04,11.01,9.90,7.09,19.76,15.57,16.70,7.48
79.56,16.06,11.03,9.90,7.10,19.79,15.57,16.70,7.49
79.57,16.06,11.01,9.90,7.10,19.82,15.57,16.70,7.49
79.58,16.06,11.01,9.90,7.10,19.79,15.57,16.70,7.49
79.59,16.06,11.01,9.91,7.10,19.79,15.55,16.70,7.49
79.60,16.04,11.01,9.91,7.10,19.79,15.57,16.70,7.49
79.61,16.06,11.01,9.90,7.10,19.82,15.55,16.68,7.48
79.62,16.04,11.01,9.91,7.10,19.79,15.55,16.70,7.47
79.63,16.06,11.01,9.90,7.10,19.79,15.55,16.70,7.48
79.64,16.06,11.03,9.90,7.10,19.82,15.57,16.70,7.48
79.65,16.06,11.01,9.90,7.11,19.76,15.55,16.68,7.48
79.66,16.06,11.00,9.91,7.09,19.79,15.57,16.68,7.47
79.67,16.06,11.03,9.90,7.09,19.76,15.57,16.70,7.49
79.68,16.06,11.01,9.90,7.11,19.79,15.55,16.70,7.49
79.69,16.06,11.01,9.91,7.09,19.82,15.57,16.68,7.48
79.70,16.04,11.01,9.90,7.10,19.79,15.55,16.70,7.48
79.71,16.04,11.03,9.90,7.09,19.79,15.55,16.68,7.48
79.72,16.06,11.01,9.90,7.09,19.76,15.55,16.68,7.47
79.73,16.04,11.00,9.91,7.09,19.79,15.55,16.70,7.48
79.74,16.04,11.01,9.90,7.10,19.79,15.55,16.68,7.48
79.75,16.06,11.00,9.88,7.09,19.76,15.55,16.68,7.48
79.76,16.04,11.00,9.90,7.09,19.79,15.55,16.68,7.48
79.77,16.04,11.00,9.91,7.09,19.76,15.53,16.68,7.48
79.78,16.04,11.01,9.90,7.10,19.79,15.55,16.68,7.47
79.79,16.04,11.00,9.90,7.09,19.79,15.55,16.70,7.48
79.80,16.04,11.03,9.90,7.09,19.76,15.55,16.68,7.48
79.81,16.04,11.00,9.88,7.08,19.79,15.55,16.65,7.48
79.82,16.04,11.00,9.88,7.09,19.76,15.53,16.65,7.48
79.83,16.04,11.01,9.90,7.09,19.79,15.55,16.65,7.47
79.84,16.04,11.00,9.88,7.10,19.79,15.53,16.70,7.47
79.85,16.04,11.03,9.90,7.09,19.76,15.53,16.68,7.47
79.86,16.04,11.00,9.88,7.08,19.76,15.55,16.68,7.48
79.87,16.04,11.01,9.88,7.09,19.73,15.53,16.68,7.47
79.88,16.04,11.00,9.88,7.09,19.76,15.53,16.68,7.47
79.89,16.04,11.01,9.90,7.09,19.79,15.55,16.68,7.47
79.90,16.04,11.03,9.88,7.08,19.76,15.53,16.68,7.48
79.91,16.04,11.00,9.90,7.10,19.79,15.53,16.65,7.48
79.92,16.04,11.00,9.90,7.10,19.76,15.55,16.68,7.48
79.93,16.04,11.00,9.88,7.08,19.79,15.53,16.65,7.47
79.94,16.04,11.00,9.90,7.09,19.76,15.55,16.65,7.47
79.95,16.04,11.00,9.90,7.08,19.76,15.53,16.68,7.48
79.96,16.04,11.01,9.88,7.08,19.76,15.53,16.68,7.47
79.97,16.04,11.00,9.88,7.09,19.76,15.53,16.68,7.47
79.98,16.04,11.00,9.90,7.09,19.76,15.51,16.68,7.47
79.99,16.04,11.00,9.88,7.08,19.79,15.53,16.70,7.47
80.00,16.04,11.00,9.88,7.08,19.73,15.51,16.68,7.47
80.01,16.04,11.00,9.88,7.08,19.73,15.55,16.70,7.47
80.02,16.01,11.00,9.87,7.08,19.76,15.51,16.68,7.47
80.03,16.04,11.00,9.88,7.08,19.76,15.51,16.68,7.47
80.04,16.04,10.98,9.87,7.09,19.79,15.51,16.65,7.47
80.05,16.04,11.00,9.87,7.08,19.76,15.53,16.68,7.47
80.06,16.04,11.00,9.88,7.09,19.73,15.51,16.68,7.48
80.07,16.01,11.00,9.88,7.08,19.73,15.51,16.68,7.47
80.08,16.04,11.00,9.87,7.08,19.73,15.53,16.68,7.47
80.09,16.04,11.01,9.88,7.08,19.76,15.51,16.65,7.47
80.10,16.01,11.00,9.87,7.08,19.73,15.53,16.65,7.48
80.11,16.01,10.98,9.88,7.09,19.73,15.51,16.68,7.47
80.12,16.01,11.00,9.87,7.08,19.73,15.51,16.65,7.47
80.13,16.01,11.00,9.88,7.08,19.73,15.51,16.65,7.47
80.14,16.01,11.00,9.88,7.08,19.73,15.51,16.68,7.47
80.15,16.01,11.00,9.88,7.08,19.73,15.51,16.65,7.46
80.16,16.04,11.01,9.88,7.08,19.76,15.51,16.68,7.47
80.17,16.01,10.98,9.90,7.09,19.76,15.53,16.65,7.47
80.18,16.01,10.98,9.87,7.08,19.76,15.51,16.68,7.46
80.19,16.01,11.00,9.88,7.08,19.73,15.49,16.65,7.47
80.20,16.01,10.98,9.88,7.08,19.73,15.53,16.68,7.46
80.21,16.01,11.00,9.87,7.09,19.73,15.51,16.68,7.47
80.22,16.01,11.00,9.87,7.08,19.73,15.51,16.68,7.46
80.23,16.01,11.00,9.88,7.08,19.73,15.49,16.65,7.46
80.24,16.01,10.98,9.88,7.08,19.73,15.51,16.68,7.46
80.25,16.01,10.98,9.87,7.08,19.73,15.51,16.65,7.46
80.26,16.01,10.98,9.87,7.08,19.76,15.53,16.65,7.46
80.27,16.01,10.98,9.87,7.08,19.73,15.49,16.68,7.46
80.28,16.01,10.98,9.88,7.08,19.73,15.51,16.63,7.46
80.29,16.01,10.98,9.87,7.08,19.73,15.49,16.65,7.46
80.30,16.04,11.00,9.88,7.08,19.73,15.49,16.68,7.47
80.31,16.01,11.01,9.87,7.08,19.73,15.49,16.65,7.46
80.32,16.01,11.00,9.87,7.08,19.73,15.49,16.68,7.48
80.33,16.01,11.00,9.87,7.08,19.73,15.49,16.68,7.46
80.34,16.01,10.98,9.88,7.08,19.73,15.51,16.68,7.46
80.35,16.01,10.98,9.86,7.07,19.73,15.49,16.68,7.45
80.36,16.01,10.98,9.88,7.08,19.73,15.51,16.65,7.47
80.37,16.01,11.00,9.87,7.08,19.73,15.49,16.68,7.46
80.38,16.01,10.97,9.87,7.08,19.73,15.49,16.65,7.46
80.39,16.01,10.98,9.87,7.08,19.73,15.51,16.68,7.46
80.40,16.01,10.98,9.87,7.08,19.70,15.49,16.68,7.46
80.41,16.01,10.98,9.87,7.08,19.73,15.49,16.63,7.46
80.42,16.01,11.00,9.87,7.08,19.73,15.49,16.65,7.46
80.43,16.01,10.98,9.87,7.08,19.73,15.47,16.65,7.45
80.44,16.01,10.98,9.87,7.08,19.70,15.49,16.65,7.46
80.45,16.01,10.98,9.86,7.08,19.70,15.51,16.65,7.46
80.46,16.01,10.98,9.87,7.08,19.70,15.49,16.65,7.46
80.47,16.01,10.98,9.87,7.08,19.73,15.49,16.65,7.46
80.48,15.99,10.98,9.86,7.08,19.73,15.49,16.68,7.46
80.49,16.01,10.97,9.87,7.07,19.73,15.49,16.65,7.46
80.50,15.99,10.98,9.87,7.08,19.73,15.51,16.68,7.46
80.51,16.01,11.00,9.87,7.07,19.70,15.47,16.68,7.46
80.52,16.01,11.00,9.87,7.08,19.73,15.49,16.65,7.46
80.53,16.01,10.98,9.87,7.08,19.70,15.47,16.63,7.45
80.54,16.01,10.98,9.86,7.07,19.70,15.49,16.65,7.47
80.55,16.01,10.98,9.86,7.07,19.70,15.47,16.65,7.46
80.56,15.99,10.97,9.86,7.08,19.73,15.47,16.63,7.46
80.57,15.99,10.97,9.87,7.07,19.70,15.49,16.63,7.44
80.58,16.01,10.97,9.87,7.07,19.73,15.49,16.65,7.46
80.59,16.01,10.97,9.86,7.07,19.73,15.47,16.63,7.46
80.60,16.01,10.97,9.87,7.08,19.70,15.49,16.65,7.46
80.61,16.01,10.97,9.86,7.07,19.73,15.47,16.65,7.45
80.62,15.99,10.97,9.87,7.08,19.73,15.47,16.65,7.46
80.63,15.99,10.97,9.86,7.07,19.70,15.47,16.63,7.46
80.64,16.01,10.97,9.86,7.08,19.73,15.49,16.65,7.46
80.65,16.01,10.97,9.86,7.06,19.73,15.49,16.63,7.46
80.66,16.01,10.97,9.87,7.07,19.70,15.47,16.63,7.46
80.67,16.01,10.98,9.86,7.07,19.70,15.47,16.63,7.46
80.68,16.01,10.97,9.86,7.07,19.70,15.47,16.63,7.45
80.69,15.99,10.97,9.85,7.07,19.70,15.47,16.65,7.45
80.70,15.99,10.97,9.87,7.07,19.70,15.47,16.68,7.45
80.71,15.99,10.97,9.85,7.07,19.73,15.45,16.63,7.46
80.72,15.99,10.97,9.87,7.07,19.70,15.47,16.63,7.46
80.73,15.99,10.97,9.87,7.07,19.70,15.47,16.65,7.45
80.74,15.99,10.97,9.86,7.07,19.70,15.47,16.65,7.45
80.75,15.99,10.97,9.86,7.06,19.70,15.45,16.63,7.45
80.76,15.99,10.97,9.86,7.07,19.73,15.47,16.63,7.45
80.77,15.99,10.98,9.86,7.06,19.70,15.49,16.65,7.45
80.78,15.99,10.97,9.85,7.07,19.70,15.47,16.63,7.46
80.79,16.01,10.97,9.85,7.07,19.70,15.49,16.63,7.45
80.80,15.99,10.97,9.85,7.06,19.73,15.45,16.63,7.45
80.81,15.99,10.97,9.86,7.07,19.70,15.45,16.63,7.44
80.82,16.01,10.98,9.86,7.07,19.68,15.47,16.65,7.45
80.83,15.99,10.97,9.85,7.07,19.70,15.45,16.63,7.45
80.84,15.99,10.97,9.85,7.06,19.70,15.49,16.65,7.45
80.85,15.99,10.98,9.86,7.08,19.68,15.45,16.63,7.46
80.86,15.99,10.97,9.86,7.06,19.70,15.47,16.65,7.45
80.87,15.99,10.97,9.86,7.06,19.70,15.45,16.63,7.44
80.88,15.99,10.97,9.86,7.06,19.70,15.47,16.63,7.46
80.89,15.99,10.97,9.85,7.06,19.68,15.45,16.63,7.46
80.90,15.99,10.97,9.85,7.06,19.73,15.45,16.65,7.46
80.91,15.99,10.97,9.86,7.06,19.70,15.45,16.65,7.45
80.92,15.99,10.98,9.86,7.05,19.70,15.45,16.63,7.45
80.93,15.99,10.96,9.86,7.06,19.68,15.47,16.63,7.45
80.94,15.99,10.98,9.85,7.06,19.70,15.45,16.63,7.45
80.95,15.99,10.97,9.86,7.06,19.68,15.45,16.63,7.45
80.96,15.99,10.96,9.85,7.06,19.68,15.45,16.63,7.44
80.97,15.99,10.96,9.86,7.06,19.70,15.45,16.63,7.44
80.98,15.97,10.96,9.85,7.07,19.70,15.43,16.63,7.45
80.99,15.99,10.96,9.85,7.06,19.68,15.45,16.61,7.46
81.00,15.99,10.97,9.85,7.06,19.68,15.45,16.63,7.45
81.01,15.99,10.96,9.86,7.06,19.68,15.45,16.65,7.45
81.02,15.99,10.97,9.85,7.06,19.70,15.45,16.63,7.44
81.03,15.99,10.97,9.85,7.06,19.68,15.45,16.63,7.44
81.04,15.99,10.96,9.85,7.07,19.68,15.43,16.63,7.44
81.05,15.99,10.96,9.87,7.07,19.68,15.45,16.63,7.44
81.06,15.99,10.96,9.85,7.06,19.70,15.45,16.63,7.45
81.07,15.99,10.97,9.85,7.07,19.68,15.45,16.65,7.44
81.08,15.99,10.97,9.86,7.07,19.73,15.47,16.63,7.45
81.09,15.97,10.94,9.85,7.06,19.70,15.43,16.68,7.45
81.10,15.99,10.97,9.85,7.06,19.68,15.45,16.61,7.44
81.11,15.97,10.96,9.86,7.06,19.68,15.45,16.65,7.44
81.12,15.99,10.96,9.85,7.06,19.68,15.43,16.63,7.44
81.13,15.97,10.96,9.85,7.06,19.68,15.43,16.63,7.44
81.14,15.99,10.96,9.85,7.05,19.68,15.45,16.63,7.44
81.15,15.99,10.96,9.85,7.05,19.68,15.45,16.63,7.45
81.16,15.99,10.96,9.85,7.05,19.68,15.43,16.63,7.44
81.17,15.99,10.96,9.85,7.06,19.68,15.43,16.61,7.45
81.18,15.97,10.96,9.85,7.06,19.68,15.43,16.63,7.44
81.19,15.99,10.96,9.85,7.06,19.68,15.43,16.63,7.44
81.20,15.97,10.97,9.86,7.07,19.68,15.43,16.61,7.44
81.21,15.99,10.96,9.85,7.05,19.68,15.43,16.63,7.44
81.22,15.99,10.97,9.83,7.06,19.70,15.43,16.61,7.45
81.23,15.99,10.97,9.85,7.05,19.68,15.45,16.63,7.44
81.24,15.97,10.96,9.85,7.05,19.68,15.43,16.61,7.44
81.25,15.97,10.96,9.86,7.06,19.68,15.43,16.63,7.44
81.26,15.97,10.97,9.85,7.05,19.68,15.43,16.63,7.44
81.27,15.97,10.96,9.85,7.05,19.68,15.45,16.63,7.44
81.28,15.97,10.96,9.86,7.07,19.68,15.43,16.63,7.45
81.29,15.97,10.96,9.85,7.05,19.68,15.43,16.63,7.44
81.30,15.95,10.94,9.85,7.05,19.70,15.43,16.63,7.44
81.31,15.99,10.96,9.85,7.06,19.68,15.45,16.63,7.45
81.32,15.99,10.97,9.85,7.05,19.65,15.43,16.63,7.44
81.33,15.97,10.96,9.83,7.05,19.68,15.40,16.63,7.45
81.34,15.97,10.96,9.85,7.05,19.68,15.43,16.61,7.44
81.35,15.97,10.96,9.85,7.05,19.65,15.40,16.63,7.44
81.36,15.97,10.97,9.85,7.05,19.65,15.43,16.61,7.45
81.37,15.97,10.96,9.86,7.04,19.68,15.43,16.63,7.44
81.38,15.97,10.96,9.85,7.06,19.68,15.45,16.63,7.44
81.39,15.97,10.96,9.85,7.04,19.68,15.40,16.63,7.44
81.40,15.97,10.96,9.85,7.05,19.68,15.43,16.61,7.45
81.41,15.97,10.96,9.85,7.05,19.68,15.43,16.63,7.44
81.42,15.99,10.96,9.85,7.06,19.65,15.40,16.65,7.44
81.43,15.97,10.94,9.85,7.04,19.65,15.43,16.61,7.44
81.44,15.97,10.97,9.85,7.05,19.68,15.40,16.63,7.44
81.45,15.97,10.94,9.83,7.05,19.68,15.43,16.61,7.44
81.47,15.97,10.94,9.85,7.05,19.68,15.43,16.61,7.44
81.48,15.97,10.94,9.83,7.06,19.65,15.40,16.61,7.44
81.49,15.97,10.97,9.85,7.06,19.65,15.45,16.61,7.44
81.50,15.97,10.97,9.83,7.04,19.68,15.43,16.61,7.43
81.51,15.97,10.96,9.86,7.04,19.65,15.43,16.61,7.44
81.52,15.99,10.96,9.82,7.04,19.68,15.40,16.61,7.44
81.53,15.97,10.94,9.83,7.05,19.68,15.40,16.61,7.43
81.54,15.97,10.94,9.83,7.05,19.68,15.40,16.61,7.44
81.55,15.97,10.97,9.83,7.05,19.65,15.40,16.61,7.44
81.56,15.97,10.96,9.85,7.05,19.65,15.45,16.61,7.44
81.57,15.97,10.94,9.82,7.05,19.68,15.40,16.61,7.43
81.58,15.97,10.94,9.83,7.05,19.62,15.40,16.61,7.43
81.59,15.97,10.96,9.85,7.05,19.65,15.43,16.61,7.43
81.60,15.97,10.94,9.83,7.05,19.65,15.40,16.63,7.43
81.61,15.97,10.94,9.82,7.04,19.65,15.40,16.61,7.43
81.62,15.97,10.94,9.83,7.05,19.68,15.40,16.61,7.43
81.63,15.97,10.94,9.83,7.04,19.65,15.40,16.63,7.44
81.64,15.97,10.96,9.83,7.04,19.62,15.43,16.58,7.43
81.65,15.97,10.94,9.82,7.04,19.65,15.40,16.61,7.43
81.66,15.97,10.96,9.85,7.04,19.68,15.40,16.63,7.44
81.67,15.95,10.94,9.82,7.05,19.65,15.40,16.61,7.44
81.68,15.95,10.96,9.82,7.05,19.65,15.38,16.61,7.43
81.69,15.95,10.94,9.83,7.04,19.65,15.40,16.61,7.43
81.70,15.97,10.96,9.83,7.04,19.65,15.43,16.61,7.44
81.71,15.95,10.94,9.83,7.04,19.68,15.43,16.63,7.43
81.72,15.97,10.94,9.83,7.04,19.65,15.38,16.61,7.43
81.73,15.97,10.94,9.83,7.04,19.65,15.40,16.61,7.42
81.74,15.97,10.94,9.83,7.04,19.65,15.40,16.61,7.44
81.75,15.95,10.94,9.85,7.04,19.68,15.43,16.61,7.43
81.76,15.95,10.94,9.85,7.05,19.65,15.40,16.58,7.43
81.77,15.95,10.94,9.82,7.05,19.65,15.38,16.61,7.44
81.78,15.97,10.94,9.85,7.04,19.65,15.40,16.63,7.43
81.79,15.95,10.94,9.83,7.04,19.65,15.38,16.61,7.43
81.80,15.97,10.94,9.83,7.04,19.65,15.40,16.63,7.43
81.81,15.95,10.94,9.83,7.04,19.62,15.40,16.58,7.43
81.82,15.95,10.94,9.85,7.04,19.62,15.40,16.63,7.44
81.83,15.95,10.96,9.83,7.04,19.65,15.40,16.61,7.43
81.84,15.95,10.94,9.82,7.04,19.65,15.40,16.63,7.43
81.85,15.95,10.94,9.83,7.04,19.62,15.38,16.61,7.44
81.86,15.95,10.94,9.83,7.04,19.65,15.40,16.63,7.43
81.87,15.95,10.94,9.83,7.05,19.65,15.43,16.61,7.43
81.88,15.97,10.96,9.83,7.04,19.62,15.40,16.61,7.43
81.89,15.95,10.94,9.82,7.03,19.62,15.38,16.63,7.43
81.90,15.97,10.94,9.82,7.04,19.62,15.38,16.61,7.43
81.91,15.95,10.94,9.83,7.04,19.65,15.38,16.61,7.43
81.92,15.95,10.94,9.83,7.03,19.65,15.38,16.61,7.42
81.93,15.97,10.94,9.85,7.04,19.65,15.38,16.61,7.43
81.94,15.95,10.94,9.83,7.04,19.65,15.38,16.61,7.42
81.95,15.95,10.94,9.82,7.05,19.65,15.40,16.61,7.42
81.96,15.95,10.93,9.83,7.03,19.65,15.40,16.61,7.43
81.97,15.95,10.96,9.83,7.03,19.62,15.38,16.61,7.43
81.98,15.95,10.94,9.82,7.04,19.62,15.40,16.61,7.43
81.99,15.97,10.94,9.82,7.03,19.62,15.38,16.61,7.42
82.00,15.95,10.94,9.83,7.04,19.62,15.38,16.58,7.42
82.02,15.97,10.93,9.82,7.04,19.62,15.40,16.61,7.42
82.03,15.95,10.94,9.82,7.03,19.62,15.40,16.61,7.42
82.04,15.95,10.93,9.82,7.03,19.62,15.40,16.61,7.43
82.05,15.95,10.94,9.82,7.03,19.62,15.38,16.58,7.42
82.06,15.95,10.94,9.82,7.03,19.65,15.38,16.58,7.42
82.07,15.95,10.94,9.82,7.04,19.62,15.38,16.58,7.42
82.08,15.95,10.94,9.83,7.04,19.62,15.36,16.61,7.42
82.09,15.95,10.93,9.82,7.03,19.62,15.38,16.63,7.43
82.10,15.95,10.94,9.82,7.04,19.62,15.36,16.61,7.44
82.11,15.95,10.94,9.82,7.03,19.65,15.36,16.63,7.41
82.12,15.95,10.93,9.82,7.03,19.65,15.36,16.61,7.43
82.13,15.95,10.93,9.82,7.03,19.62,15.36,16.61,7.42
82.14,15.95,10.93,9.83,7.04,19.62,15.36,16.61,7.42
82.15,15.95,10.94,9.82,7.03,19.62,15.38,16.58,7.43
82.16,15.95,10.93,9.82,7.03,19.62,15.38,16.61,7.42
82.17,15.95,10.93,9.82,7.03,19.62,15.40,16.63,7.43
82.18,15.95,10.94,9.82,7.03,19.65,15.38,16.61,7.44
82.19,15.95,10.93,9.82,7.03,19.59,15.36,16.58,7.42
82.20,15.95,10.93,9.82,7.03,19.62,15.36,16.61,7.42
82.21,15.95,10.93,9.82,7.03,19.62,15.36,16.61,7.42
82.22,15.93,10.93,9.82,7.04,19.62,15.36,16.58,7.41
82.23,15.95,10.93,9.81,7.03,19.62,15.38,16.58,7.42
82.24,15.95,10.94,9.81,7.04,19.62,15.36,16.61,7.42
82.25,15.95,10.93,9.82,7.03,19.65,15.36,16.58,7.42
82.26,15.95,10.91,9.82,7.03,19.62,15.38,16.61,7.42
82.27,15.95,10.93,9.82,7.03,19.62,15.38,16.61,7.43
82.28,15.95,10.91,9.81,7.03,19.65,15.36,16.58,7.42
82.29,15.95,10.93,9.82,7.03,19.62,15.36,16.61,7.42
82.30,15.95,10.93,9.82,7.03,19.59,15.38,16.58,7.42
82.31,15.95,10.94,9.81,7.03,19.59,15.38,16.61,7.42
82.32,15.95,10.93,9.83,7.03,19.62,15.38,16.58,7.42
82.33,15.93,10.91,9.82,7.03,19.62,15.38,16.58,7.42
82.34,15.93,10.93,9.81,7.03,19.62,15.36,16.61,7.42
82.35,15.95,10.93,9.82,7.03,19.62,15.36,16.58,7.42
82.36,15.95,10.94,9.82,7.04,19.62,15.36,16.61,7.42
82.37,15.93,10.94,9.81,7.02,19.62,15.36,16.58,7.41
82.38,15.95,10.93,9.81,7.03,19.59,15.38,16.58,7.42
82.39,15.95,10.94,9.82,7.03,19.62,15.36,16.61,7.42
82.40,15.93,10.91,9.82,7.03,19.62,15.36,16.58,7.41
82.41,15.95,10.93,9.82,7.03,19.62,15.38,16.61,7.42
82.42,15.93,10.93,9.82,7.03,19.62,15.34,16.58,7.42
82.43,15.93,10.93,9.83,7.03,19.62,15.36,16.61,7.42
82.44,15.95,10.93,9.81,7.03,19.62,15.36,16.61,7.42
82.45,15.93,10.91,9.81,7.02,19.62,15.36,16.61,7.41
82.46,15.95,10.93,9.82,7.03,19.62,15.36,16.58,7.41
82.47,15.95,10.94,9.82,7.03,19.62,15.36,16.61,7.42
82.48,15.93,10.93,9.82,7.02,19.59,15.34,16.61,7.42
82.49,15.95,10.93,9.82,7.02,19.62,15.36,16.58,7.41
82.50,15.93,10.91,9.81,7.02,19.59,15.36,16.58,7.41
82.51,15.93,10.93,9.82,7.02,19.62,15.36,16.58,7.42
82.52,15.95,10.93,9.80,7.03,19.62,15.36,16.56,7.42
82.53,15.95,10.93,9.82,7.02,19.59,15.34,16.58,7.41
82.54,15.95,10.93,9.80,7.02,19.59,15.34,16.58,7.41
82.55,15.93,10.93,9.81,7.02,19.65,15.34,16.58,7.42
82.56,15.93,10.91,9.81,7.02,19.59,15.34,16.61,7.41
82.57,15.93,10.91,9.82,7.02,19.59,15.38,16.58,7.41
82.58,15.93,10.91,9.82,7.02,19.62,15.34,16.58,7.40
82.59,15.95,10.94,9.81,7.02,19.62,15.34,16.61,7.42
82.60,15.93,10.91,9.81,7.03,19.59,15.34,16.58,7.41
82.61,15.93,10.93,9.80,7.03,19.59,15.34,16.58,7.41
82.62,15.93,10.93,9.81,7.03,19.59,15.34,16.61,7.42
82.63,15.93,10.91,9.81,7.02,19.59,15.34,16.58,7.41
82.64,15.93,10.91,9.81,7.01,19.59,15.36,16.58,7.41
82.65,15.93,10.93,9.80,7.03,19.62,15.34,16.58,7.42
82.66,15.93,10.91,9.81,7.02,19.59,15.36,16.58,7.40
82.67,15.93,10.91,9.82,7.01,19.62,15.34,16.58,7.41
82.68,15.95,10.91,9.81,7.03,19.59,15.34,16.61,7.41
82.69,15.93,10.93,9.81,7.01,19.59,15.36,16.58,7.42
82.70,15.95,10.93,9.80,7.02,19.59,15.34,16.58,7.41
82.71,15.93,10.91,9.80,7.02,19.59,15.34,16.58,7.41
82.72,15.93,10.91,9.80,7.01,19.59,15.34,16.56,7.40
82.73,15.93,10.91,9.80,7.01,19.62,15.34,16.58,7.41
82.74,15.95,10.91,9.80,7.01,19.59,15.32,16.58,7.42
82.75,15.90,10.90,9.81,7.02,19.56,15.34,16.58,7.41
82.76,15.93,10.91,9.81,7.01,19.62,15.34,16.58,7.41
82.77,15.93,10.93,9.81,7.01,19.62,15.34,16.61,7.41
82.78,15.93,10.91,9.81,7.01,19.59,15.34,16.58,7.41
82.79,15.93,10.91,9.81,7.03,19.59,15.32,16.58,7.40
82.80,15.93,10.91,9.81,7.03,19.62,15.32,16.58,7.41
82.81,15.93,10.93,9.81,7.02,19.62,15.36,16.56,7.40
82.82,15.93,10.91,9.82,7.01,19.59,15.34,16.58,7.41
82.83,15.93,10.91,9.82,7.02,19.62,15.34,16.58,7.42
82.84,15.93,10.91,9.80,7.01,19.59,15.32,16.58,7.42
82.85,15.95,10.90,9.80,7.02,19.59,15.34,16.58,7.41
82.86,15.93,10.91,9.80,7.02,19.56,15.36,16.56,7.41
82.87,15.95,10.91,9.81,7.02,19.62,15.34,16.58,7.41
82.88,15.93,10.93,9.81,7.01,19.59,15.34,16.58,7.41
82.89,15.93,10.91,9.81,7.01,19.59,15.32,16.58,7.41
82.90,15.93,10.91,9.81,7.01,19.59,15.32,16.58,7.40
82.91,15.93,10.93,9.80,7.01,19.59,15.36,16.56,7.41
82.92,15.93,10.91,9.81,7.01,19.59,15.34,16.56,7.42
82.93,15.93,10.90,9.81,7.01,19.56,15.32,16.58,7.40
82.94,15.93,10.91,9.81,7.01,19.59,15.32,16.58,7.41
82.95,15.93,10.91,9.80,7.01,19.59,15.32,16.58,7.41
82.96,15.90,10.91,9.81,7.01,19.59,15.32,16.56,7.41
82.97,15.93,10.93,9.80,7.01,19.59,15.32,16.58,7.40
82.98,15.93,10.90,9.81,7.01,19.59,15.32,16.56,7.40
82.99,15.93,10.91,9.81,7.01,19.59,15.34,16.58,7.40
83.00,15.93,10.91,9.80,7.01,19.59,15.34,16.58,7.41
83.01,15.90,10.90,9.80,7.01,19.59,15.34,16.58,7.40
83.02,15.93,10.91,9.80,7.01,19.59,15.32,16.56,7.40
83.03,15.93,10.90,9.80,7.01,19.59,15.32,16.56,7.39
83.04,15.93,10.91,9.80,7.02,19.56,15.32,16.58,7.40
83.05,15.93,10.90,9.80,7.01,19.59,15.32,16.61,7.41
83.06,15.93,10.91,9.80,7.01,19.56,15.32,16.56,7.40
83.07,15.93,10.91,9.80,7.01,19.59,15.32,16.56,7.40
83.08,15.93,10.90,9.81,7.02,19.62,15.34,16.58,7.40
83.09,15.93,10.90,9.81,7.02,19.56,15.32,16.58,7.40
83.10,15.93,10.90,9.78,7.01,19.59,15.32,16.56,7.40
83.11,15.93,10.91,9.80,7.01,19.56,15.32,16.58,7.40
83.12,15.93,10.90,9.80,7.01,19.56,15.34,16.56,7.40
83.13,15.90,10.90,9.80,7.01,19.56,15.32,16.56,7.40
83.14,15.93,10.90,9.81,7.01,19.59,15.32,16.56,7.40
83.15,15.90,10.90,9.80,7.00,19.56,15.32,16.56,7.40
83.16,15.90,10.90,9.80,7.01,19.59,15.34,16.56,7.39
83.17,15.90,10.91,9.80,7.01,19.59,15.32,16.58,7.40
83.18,15.93,10.91,9.80,7.00,19.59,15.32,16.56,7.41
83.19,15.90,10.90,9.80,7.01,19.59,15.32,16.58,7.40
83.20,15.93,10.91,9.80,7.01,19.56,15.32,16.58,7.40
83.21,15.90,10.90,9.80,7.01,19.59,15.32,16.56,7.40
83.22,15.93,10.90,9.80,7.01,19.53,15.30,16.56,7.41
83.23,15.93,10.90,9.80,7.00,19.59,15.32,16.58,7.40
83.24,15.93,10.90,9.78,7.02,19.59,15.32,16.56,7.40
83.25,15.93,10.91,9.78,7.01,19.56,15.30,16.58,7.40
83.26,15.90,10.91,9.80,7.01,19.56,15.32,16.56,7.39
83.27,15.90,10.91,9.80,7.00,19.56,15.32,16.56,7.40
83.28,15.90,10.90,9.80,7.00,19.56,15.32,16.58,7.40
83.29,15.90,10.91,9.80,7.00,19.59,15.30,16.58,7.40
83.30,15.90,10.90,9.78,7.00,19.56,15.32,16.56,7.40
83.31,15.90,10.90,9.81,7.00,19.56,15.30,16.56,7.40
83.32,15.90,10.91,9.80,7.01,19.56,15.32,16.56,7.41
83.33,15.90,10.90,9.80,7.00,19.56,15.32,16.56,7.40
83.34,15.90,10.90,9.80,7.00,19.59,15.32,16.56,7.40
83.35,15.90,10.90,9.80,7.01,19.59,15.30,16.58,7.40
83.36,15.90,10.90,9.78,7.01,19.56,15.32,16.58,7.40
83.37,15.90,10.90,9.80,7.01,19.56,15.30,16.56,7.40
83.38,15.90,10.90,9.81,7.01,19.53,15.30,16.56,7.39
83.39,15.90,10.91,9.80,7.01,19.56,15.30,16.58,7.39
83.40,15.90,10.89,9.78,7.00,19.59,15.32,16.54,7.39
83.41,15.90,10.90,9.78,7.00,19.56,15.32,16.56,7.40
83.42,15.90,10.91,9.80,7.01,19.56,15.32,16.58,7.40
83.43,15.93,10.90,9.80,7.01,19.59,15.32,16.56,7.40
83.44,15.90,10.91,9.78,6.99,19.56,15.30,16.56,7.39
83.45,15.90,10.90,9.78,7.00,19.53,15.30,16.56,7.40
83.46,15.90,10.90,9.78,7.00,19.56,15.32,16.56,7.39
83.47,15.90,10.90,9.78,7.00,19.56,15.32,16.56,7.39
83.48,15.90,10.90,9.80,7.00,19.56,15.32,16.58,7.39
83.49,15.93,10.90,9.80,7.01,19.56,15.30,16.56,7.39
83.50,15.90,10.90,9.80,7.01,19.56,15.30,16.56,7.40
83.51,15.90,10.90,9.80,7.00,19.59,15.32,16.58,7.39
83.52,15.90,10.90,9.78,6.99,19.53,15.30,16.56,7.40
83.53,15.93,10.90,9.80,7.00,19.56,15.30,16.56,7.39
83.54,15.90,10.89,9.78,7.00,19.53,15.30,16.56,7.39
83.55,15.88,10.90,9.80,7.01,19.56,15.30,16.54,7.39
83.56,15.90,10.90,9.80,7.00,19.56,15.30,16.54,7.38
83.57,15.90,10.90,9.80,6.99,19.56,15.30,16.58,7.40
83.58,15.90,10.90,9.80,7.00,19.56,15.30,16.58,7.40
83.59,15.90,10.90,9.78,7.00,19.56,15.30,16.56,7.39
83.60,15.90,10.89,9.78,6.99,19.56,15.30,16.54,7.39
83.61,15.90,10.90,9.80,7.00,19.56,15.30,16.54,7.39
83.62,15.90,10.90,9.78,7.00,19.53,15.30,16.54,7.38
83.63,15.90,10.89,9.78,6.99,19.56,15.28,16.58,7.39
83.64,15.90,10.93,9.78,7.01,19.56,15.30,16.56,7.39
83.65,15.90,10.90,9.80,7.00,19.53,15.30,16.56,7.39
83.66,15.90,10.89,9.78,7.00,19.56,15.28,16.58,7.39
83.67,15.90,10.89,9.78,6.99,19.56,15.28,16.56,7.38
83.68,15.90,10.89,9.78,7.01,19.56,15.30,16.56,7.39
83.69,15.88,10.89,9.80,6.99,19.53,15.28,16.56,7.39
83.70,15.90,10.90,9.80,7.00,19.56,15.30,16.56,7.40
83.71,15.90,10.89,9.78,7.00,19.53,15.28,16.54,7.39
83.72,15.90,10.89,9.78,6.99,19.56,15.30,16.56,7.39
83.73,15.90,10.89,9.78,6.99,19.56,15.28,16.56,7.38
83.74,15.90,10.89,9.78,6.99,19.56,15.30,16.56,7.39
83.75,15.90,10.90,9.80,6.99,19.53,15.30,16.56,7.39
83.76,15.88,10.89,9.80,7.00,19.56,15.28,16.54,7.38
83.77,15.88,10.89,9.78,7.00,19.56,15.28,16.54,7.39
83.78,15.90,10.90,9.77,6.99,19.53,15.30,16.58,7.39
83.79,15.90,10.89,9.77,7.00,19.53,15.28,16.56,7.39
83.80,15.90,10.89,9.80,6.99,19.56,15.28,16.56,7.39
83.81,15.90,10.89,9.78,6.99,19.51,15.28,16.54,7.38
83.82,15.88,10.90,9.77,6.99,19.56,15.28,16.56,7.38
83.83,15.90,10.89,9.77,6.99,19.56,15.28,16.54,7.38
83.84,15.88,10.89,9.80,6.99,19.53,15.28,16.54,7.38
83.85,15.88,10.89,9.80,7.00,19.56,15.30,16.54,7.39
83.86,15.88,10.90,9.77,6.99,19.53,15.28,16.58,7.39
83.87,15.88,10.87,9.77,6.99,19.53,15.28,16.56,7.39
83.88,15.93,10.90,9.77,7.00,19.53,15.28,16.54,7.39
83.89,15.88,10.89,9.77,6.99,19.53,15.28,16.56,7.38
83.90,15.88,10.89,9.77,6.99,19.53,15.28,16.56,7.38
83.91,15.90,10.89,9.76,6.98,19.53,15.28,16.54,7.39
83.92,15.90,10.89,9.78,6.99,19.53,15.28,16.54,7.38
83.93,15.88,10.89,9.77,6.99,19.53,15.28,16.54,7.38
83.94,15.88,10.89,9.77,6.99,19.53,15.30,16.56,7.39
83.95,15.90,10.89,9.77,7.00,19.51,15.28,16.54,7.39
83.96,15.90,10.89,9.78,6.99,19.56,15.26,16.54,7.38
83.97,15.88,10.87,9.78,6.99,19.53,15.28,16.56,7.38
83.98,15.88,10.89,9.78,6.99,19.53,15.26,16.54,7.38
83.99,15.88,10.89,9.80,6.98,19.53,15.26,16.56,7.38
84.00,15.90,10.89,9.77,6.98,19.56,15.28,16.56,7.38
84.01,15.88,10.89,9.78,6.99,19.53,15.28,16.54,7.38
84.02,15.88,10.90,9.78,6.99,19.53,15.30,16.56,7.38
84.03,15.88,10.89,9.77,6.99,19.53,15.28,16.54,7.38
84.04,15.88,10.89,9.78,7.00,19.56,15.28,16.54,7.38
84.05,15.88,10.89,9.78,6.99,19.53,15.28,16.54,7.38
84.06,15.90,10.87,9.77,6.99,19.51,15.26,16.54,7.38
84.07,15.88,10.89,9.78,6.98,19.51,15.26,16.56,7.38
84.08,15.88,10.90,9.77,6.99,19.53,15.28,16.56,7.38
84.09,15.88,10.87,9.77,6.98,19.56,15.26,16.54,7.38
84.10,15.88,10.89,9.78,6.99,19.53,15.26,16.56,7.38
84.11,15.88,10.89,9.77,6.99,19.51,15.28,16.54,7.38
84.12,15.88,10.89,9.77,6.98,19.51,15.30,16.54,7.38
84.13,15.88,10.89,9.77,6.98,19.51,15.28,16.56,7.38
84.14,15.88,10.89,9.77,6.98,19.56,15.28,16.56,7.39
84.15,15.86,10.89,9.77,6.98,19.51,15.26,16.54,7.38
84.16,15.90,10.90,9.78,6.99,19.51,15.26,16.54,7.38
84.17,15.88,10.89,9.77,6.99,19.53,15.26,16.56,7.38
84.18,15.88,10.89,9.77,6.99,19.53,15.28,16.56,7.38
84.19,15.88,10.89,9.77,6.98,19.51,15.26,16.56,7.38
84.20,15.88,10.87,9.78,6.99,19.53,15.26,16.56,7.38
84.21,15.88,10.89,9.77,6.99,19.56,15.26,16.54,7.38
84.22,15.88,10.89,9.77,6.98,19.51,15.26,16.56,7.38
84.23,15.88,10.89,9.77,6.98,19.51,15.26,16.54,7.38
84.24,15.88,10.89,9.78,6.99,19.51,15.26,16.56,7.38
84.25,15.88,10.87,9.77,6.99,19.51,15.28,16.54,7.38
84.26,15.88,10.89,9.77,6.97,19.53,15.30,16.54,7.38
84.27,15.88,10.89,9.76,6.98,19.51,15.28,16.56,7.38
84.28,15.88,10.89,9.76,6.98,19.53,15.26,16.56,7.38
84.29,15.88,10.87,9.77,6.98,19.51,15.26,16.54,7.38
84.30,15.88,10.89,9.77,6.98,19.56,15.26,16.54,7.38
84.31,15.88,10.89,9.77,6.97,19.56,15.28,16.56,7.38
84.32,15.88,10.87,9.78,6.98,19.51,15.24,16.54,7.38
84.33,15.88,10.87,9.77,6.98,19.53,15.26,16.56,7.39
84.34,15.90,10.87,9.76,6.99,19.53,15.26,16.54,7.38
84.35,15.88,10.87,9.77,6.98,19.53,15.26,16.54,7.38
84.36,15.88,10.87,9.77,6.97,19.51,15.28,16.54,7.38
84.37,15.86,10.87,9.77,6.98,19.51,15.24,16.56,7.38
84.38,15.88,10.87,9.77,6.97,19.53,15.28,16.54,7.38
84.39,15.88,10.89,9.77,6.97,19.51,15.26,16.54,7.38
84.40,15.86,10.87,9.78,6.97,19.51,15.24,16.54,7.38
84.41,15.88,10.87,9.77,6.97,19.53,15.28,16.54,7.38
84.42,15.86,10.87,9.77,6.97,19.51,15.26,16.56,7.38
84.43,15.88,10.89,9.76,6.98,19.51,15.28,16.54,7.38
84.44,15.88,10.89,9.77,6.99,19.51,15.26,16.54,7.37
84.45,15.86,10.87,9.77,6.99,19.51,15.24,16.54,7.38
84.46,15.86,10.87,9.76,6.99,19.53,15.24,16.54,7.38
84.47,15.88,10.87,9.77,6.97,19.51,15.24,16.54,7.38
84.48,15.86,10.89,9.77,6.98,19.51,15.24,16.56,7.38
84.49,15.88,10.87,9.77,6.97,19.51,15.26,16.54,7.38
84.50,15.88,10.87,9.76,6.99,19.51,15.26,16.54,7.38
84.51,15.88,10.87,9.77,6.97,19.51,15.28,16.54,7.38
84.52,15.86,10.87,9.76,6.98,19.51,15.24,16.54,7.38
84.53,15.88,10.87,9.77,6.98,19.51,15.24,16.52,7.38
84.54,15.86,10.87,9.77,6.97,19.51,15.24,16.56,7.38
84.55,15.86,10.89,9.77,6.99,19.51,15.24,16.54,7.38
84.56,15.86,10.87,9.76,6.98,19.51,15.24,16.54,7.38
84.57,15.88,10.87,9.76,6.97,19.51,15.24,16.52,7.38
84.58,15.86,10.87,9.76,6.98,19.51,15.24,16.54,7.37
84.59,15.86,10.87,9.77,6.97,19.53,15.24,16.54,7.38
84.60,15.86,10.87,9.76,6.96,19.51,15.24,16.54,7.38
84.61,15.86,10.89,9.77,6.97,19.51,15.26,16.54,7.38
84.62,15.86,10.87,9.76,6.98,19.51,15.24,16.54,7.38
84.63,15.88,10.87,9.77,6.98,19.48,15.24,16.54,7.38
84.64,15.86,10.87,9.77,6.98,19.51,15.24,16.52,7.38
84.65,15.86,10.87,9.77,6.98,19.51,15.26,16.54,7.37
84.66,15.86,10.89,9.76,6.97,19.51,15.24,16.54,7.38
84.67,15.86,10.87,9.76,6.98,19.51,15.26,16.54,7.38
84.68,15.88,10.87,9.76,6.98,19.51,15.24,16.54,7.37
84.69,15.86,10.87,9.76,6.97,19.51,15.24,16.56,7.37
84.70,15.86,10.87,9.77,6.97,19.51,15.24,16.54,7.38
84.71,15.86,10.87,9.77,6.97,19.51,15.24,16.54,7.37
84.72,15.86,10.86,9.76,6.97,19.53,15.24,16.54,7.37
84.73,15.86,10.87,9.76,6.97,19.51,15.24,16.52,7.38
84.74,15.86,10.86,9.76,6.98,19.51,15.24,16.54,7.37
84.75,15.86,10.87,9.76,6.97,19.51,15.26,16.52,7.38
84.76,15.86,10.86,9.77,6.97,19.51,15.26,16.54,7.37
84.77,15.86,10.86,9.76,6.97,19.51,15.26,16.52,7.38
84.78,15.86,10.86,9.75,6.98,19.48,15.22,16.54,7.37
84.79,15.86,10.87,9.76,6.97,19.51,15.24,16.54,7.37
84.80,15.86,10.87,9.76,6.97,19.51,15.24,16.54,7.38
84.81,15.86,10.87,9.75,6.97,19.51,15.24,16.54,7.38
84.84,15.86,10.87,9.77,6.97,19.48,15.24,16.54,7.38
84.84,15.86,10.87,9.77,6.97,19.51,15.24,16.52,7.38
84.85,15.86,10.87,9.76,6.97,19.51,15.26,16.52,7.38
84.86,15.86,10.87,9.76,6.97,19.51,15.26,16.54,7.38
84.87,15.84,10.86,9.77,6.97,19.48,15.24,16.54,7.38
84.88,15.86,10.87,9.76,6.97,19.51,15.24,16.54,7.37
84.89,15.86,10.87,9.76,6.97,19.51,15.24,16.54,7.37
84.90,15.86,10.86,9.76,6.96,19.51,15.24,16.52,7.38
84.91,15.86,10.87,9.77,6.96,19.51,15.26,16.54,7.37
84.92,15.86,10.87,9.76,6.97,19.51,15.22,16.54,7.37
84.93,15.86,10.87,9.76,6.97,19.51,15.24,16.54,7.37
84.94,15.84,10.86,9.77,6.97,19.51,15.24,16.54,7.37
84.95,15.86,10.86,9.76,6.96,19.48,15.24,16.52,7.37
84.96,15.86,10.87,9.75,6.96,19.51,15.20,16.54,7.38
84.97,15.86,10.89,9.76,6.97,19.51,15.24,16.52,7.37
84.98,15.86,10.86,9.76,6.97,19.51,15.24,16.52,7.38
84.99,15.86,10.86,9.76,6.97,19.51,15.24,16.54,7.38
85.00,15.86,10.86,9.75,6.97,19.51,15.22,16.54,7.37
85.01,15.84,10.86,9.76,6.97,19.48,15.22,16.52,7.38
85.02,15.86,10.86,9.77,6.96,19.48,15.24,16.52,7.37
85.03,15.86,10.86,9.77,6.96,19.51,15.22,16.52,7.37
85.04,15.86,10.87,9.75,6.96,19.48,15.24,16.52,7.37
85.05,15.86,10.87,9.75,6.97,19.48,15.24,16.52,7.37
85.06,15.86,10.87,9.76,6.96,19.48,15.24,16.52,7.38
85.07,15.86,10.86,9.76,6.96,19.48,15.24,16.52,7.37
85.08,15.86,10.86,9.76,6.97,19.51,15.22,16.52,7.37
85.09,15.86,10.86,9.76,6.96,19.48,15.22,16.52,7.37
85.10,15.86,10.87,9.76,6.95,19.48,15.24,16.54,7.38
85.11,15.86,10.86,9.76,6.97,19.48,15.22,16.52,7.38
85.12,15.86,10.87,9.75,6.96,19.51,15.22,16.52,7.37
85.13,15.86,10.87,9.75,6.96,19.48,15.22,16.52,7.37
85.14,15.86,10.86,9.76,6.96,19.51,15.22,16.54,7.37
85.15,15.86,10.86,9.76,6.96,19.48,15.22,16.56,7.37
85.16,15.86,10.87,9.75,6.96,19.45,15.22,16.52,7.37
85.17,15.86,10.86,9.75,6.96,19.48,15.22,16.52,7.37
85.18,15.86,10.86,9.75,6.96,19.48,15.22,16.54,7.37
85.19,15.86,10.86,9.76,6.96,19.48,15.22,16.52,7.37
85.20,15.86,10.86,9.75,6.96,19.48,15.22,16.52,7.38
85.21,15.86,10.87,9.75,6.97,19.48,15.22,16.52,7.38
85.22,15.86,10.86,9.75,6.96,19.51,15.24,16.52,7.37
85.23,15.86,10.86,9.75,6.95,19.51,15.20,16.54,7.37
85.24,15.86,10.87,9.75,6.96,19.48,15.20,16.54,7.37
85.25,15.84,10.85,9.76,6.95,19.51,15.22,16.52,7.36
85.26,15.86,10.85,9.75,6.95,19.48,15.20,16.54,7.37
85.27,15.84,10.85,9.75,6.96,19.51,15.20,16.52,7.36
85.28,15.84,10.86,9.75,6.97,19.48,15.20,16.52,7.36
85.29,15.84,10.86,9.75,6.96,19.45,15.22,16.52,7.36
85.30,15.84,10.86,9.75,6.96,19.48,15.22,16.54,7.36
85.31,15.84,10.86,9.75,6.97,19.48,15.22,16.54,7.38
85.32,15.84,10.85,9.75,6.96,19.48,15.22,16.52,7.36
85.33,15.86,10.85,9.75,6.97,19.45,15.20,16.52,7.36
85.34,15.84,10.86,9.75,6.96,19.45,15.20,16.52,7.36
85.35,15.84,10.85,9.75,6.95,19.48,15.20,16.52,7.37
85.36,15.84,10.86,9.75,6.96,19.48,15.20,16.54,7.36
85.37,15.84,10.86,9.76,6.95,19.48,15.20,16.49,7.36
85.38,15.84,10.86,9.75,6.96,19.45,15.22,16.52,7.36
85.40,15.84,10.86,9.75,6.96,19.45,15.20,16.52,7.36
85.41,15.84,10.86,9.75,6.95,19.48,15.20,16.52,7.36
85.42,15.84,10.87,9.75,6.95,19.45,15.20,16.54,7.37
85.43,15.84,10.87,9.75,6.95,19.48,15.22,16.54,7.37
85.44,15.84,10.86,9.76,6.95,19.48,15.20,16.52,7.35
85.45,15.84,10.86,9.73,6.94,19.45,15.22,16.54,7.36
85.46,15.84,10.86,9.73,6.96,19.48,15.20,16.52,7.36
85.47,15.84,10.85,9.75,6.95,19.48,15.20,16.52,7.37
85.48,15.84,10.86,9.75,6.95,19.48,15.22,16.49,7.35
85.49,15.84,10.85,9.75,6.95,19.45,15.22,16.54,7.36
85.50,15.84,10.85,9.76,6.96,19.48,15.20,16.52,7.35
85.51,15.84,10.85,9.75,6.95,19.48,15.20,16.52,7.35
85.52,15.84,10.85,9.75,6.95,19.51,15.20,16.52,7.37
85.53,15.84,10.85,9.75,6.96,19.48,15.20,16.52,7.37
85.54,15.84,10.85,9.75,6.95,19.48,15.22,16.52,7.37
85.55,15.84,10.86,9.75,6.96,19.45,15.20,16.52,7.36
85.56,15.84,10.85,9.75,6.95,19.48,15.20,16.52,7.36
85.57,15.84,10.85,9.73,6.95,19.45,15.20,16.52,7.36
85.58,15.84,10.85,9.73,6.95,19.45,15.20,16.49,7.36
85.59,15.82,10.85,9.75,6.95,19.48,15.20,16.49,7.36
85.60,15.84,10.85,9.75,6.95,19.45,15.20,16.54,7.36
85.61,15.84,10.85,9.73,6.95,19.45,15.20,16.52,7.36
85.62,15.84,10.85,9.73,6.95,19.48,15.20,16.52,7.36
85.63,15.84,10.85,9.73,6.95,19.45,15.18,16.49,7.36
85.64,15.84,10.86,9.73,6.95,19.48,15.20,16.49,7.36
85.65,15.84,10.86,9.73,6.95,19.48,15.20,16.49,7.36
85.66,15.84,10.86,9.75,6.94,19.48,15.20,16.52,7.36
85.67,15.84,10.85,9.75,6.95,19.48,15.20,16.54,7.36
85.68,15.84,10.85,9.75,6.94,19.48,15.20,16.49,7.35
85.69,15.84,10.86,9.73,6.96,19.45,15.20,16.52,7.35
85.70,15.84,10.85,9.75,6.96,19.45,15.18,16.49,7.35
85.71,15.84,10.86,9.75,6.95,19.45,15.22,16.54,7.36
85.72,15.84,10.85,9.75,6.95,19.45,15.20,16.49,7.35
85.73,15.84,10.85,9.75,6.95,19.45,15.18,16.49,7.36
85.74,15.84,10.86,9.75,6.95,19.45,15.20,16.52,7.37
85.75,15.82,10.85,9.73,6.95,19.45,15.20,16.49,7.35
85.76,15.84,10.85,9.73,6.94,19.45,15.22,16.52,7.36
85.77,15.84,10.85,9.75,6.96,19.48,15.18,16.52,7.35
85.78,15.84,10.85,9.75,6.94,19.45,15.18,16.52,7.36
85.79,15.82,10.85,9.75,6.94,19.48,15.18,16.52,7.35
85.80,15.84,10.83,9.73,6.94,19.45,15.18,16.49,7.37
85.81,15.84,10.86,9.76,6.94,19.45,15.20,16.49,7.35
85.82,15.84,10.85,9.73,6.95,19.45,15.20,16.49,7.35
85.83,15.84,10.85,9.73,6.96,19.45,15.18,16.52,7.35
85.84,15.84,10.85,9.73,6.94,19.45,15.20,16.49,7.35
85.85,15.82,10.86,9.73,6.95,19.45,15.20,16.52,7.35
85.86,15.84,10.86,9.73,6.95,19.48,15.20,16.52,7.35
85.87,15.84,10.85,9.75,6.94,19.48,15.22,16.49,7.35
85.88,15.84,10.85,9.75,6.95,19.45,15.20,16.54,7.35
85.89,15.84,10.85,9.75,6.95,19.45,15.18,16.52,7.35
85.90,15.84,10.85,9.75,6.94,19.45,15.18,16.49,7.35
85.91,15.82,10.83,9.75,6.95,19.45,15.20,16.52,7.34
85.92,15.84,10.85,9.73,6.94,19.48,15.20,16.52,7.35
85.93,15.84,10.86,9.75,6.95,19.45,15.18,16.52,7.35
85.94,15.84,10.85,9.75,6.95,19.48,15.18,16.52,7.35
85.95,15.84,10.85,9.73,6.94,19.45,15.18,16.49,7.35
85.96,15.84,10.83,9.75,6.95,19.45,15.18,16.52,7.35
85.97,15.82,10.86,9.73,6.94,19.45,15.18,16.49,7.35
85.98,15.82,10.85,9.73,6.94,19.45,15.18,16.49,7.35
85.99,15.82,10.85,9.72,6.94,19.45,15.18,16.52,7.36
86.00,15.82,10.86,9.73,6.95,19.45,15.18,16.49,7.34
86.01,15.80,10.83,9.73,6.94,19.45,15.20,16.49,7.35
86.02,15.82,10.83,9.73,6.94,19.48,15.18,16.49,7.34
86.03,15.82,10.85,9.72,6.94,19.48,15.20,16.49,7.36
86.04,15.82,10.83,9.73,6.94,19.45,15.18,16.49,7.35
86.05,15.82,10.85,9.75,6.94,19.48,15.20,16.49,7.35
86.06,15.84,10.83,9.75,6.94,19.48,15.22,16.54,7.35
86.07,15.82,10.85,9.75,6.95,19.42,15.20,16.49,7.35
86.08,15.82,10.85,9.73,6.94,19.48,15.18,16.49,7.35
86.09,15.82,10.86,9.73,6.94,19.45,15.18,16.52,7.35
86.10,15.82,10.83,9.75,6.94,19.45,15.18,16.49,7.35
86.11,15.82,10.83,9.72,6.94,19.45,15.16,16.49,7.34
86.12,15.82,10.83,9.75,6.94,19.45,15.18,16.49,7.35
86.13,15.82,10.83,9.72,6.93,19.45,15.18,16.52,7.35
86.14,15.84,10.86,9.73,6.94,19.45,15.18,16.52,7.35
86.15,15.82,10.83,9.73,6.95,19.45,15.18,16.49,7.34
86.16,15.82,10.86,9.73,6.93,19.42,15.18,16.49,7.35
86.17,15.84,10.85,9.75,6.95,19.42,15.16,16.49,7.35
86.18,15.82,10.85,9.72,6.94,19.42,15.16,16.49,7.35
86.19,15.82,10.83,9.73,6.95,19.45,15.16,16.47,7.35
86.20,15.84,10.83,9.73,6.94,19.45,15.20,16.49,7.34
86.21,15.82,10.85,9.72,6.94,19.42,15.16,16.49,7.34
86.22,15.84,10.83,9.72,6.94,19.45,15.16,16.52,7.35
86.23,15.82,10.85,9.72,6.94,19.45,15.16,16.49,7.35
86.24,15.82,10.83,9.73,6.93,19.42,15.18,16.49,7.35
86.25,15.82,10.83,9.75,6.94,19.45,15.16,16.49,7.34
86.26,15.82,10.85,9.73,6.95,19.48,15.18,16.49,7.34
86.27,15.82,10.85,9.72,6.94,19.42,15.16,16.49,7.34
86.28,15.82,10.83,9.72,6.93,19.45,15.16,16.52,7.35
86.29,15.82,10.83,9.73,6.94,19.42,15.18,16.49,7.34
86.30,15.82,10.83,9.73,6.93,19.42,15.16,16.49,7.34
86.31,15.82,10.83,9.75,6.93,19.42,15.16,16.49,7.34
86.32,15.82,10.85,9.73,6.93,19.45,15.16,16.52,7.35
86.33,15.82,10.83,9.72,6.93,19.45,15.18,16.47,7.34
86.34,15.82,10.85,9.72,6.94,19.42,15.16,16.49,7.34
86.35,15.82,10.85,9.72,6.94,19.42,15.16,16.49,7.35
86.36,15.82,10.83,9.73,6.93,19.42,15.16,16.49,7.34
86.37,15.82,10.85,9.72,6.94,19.42,15.16,16.49,7.34
86.38,15.84,10.83,9.73,6.93,19.42,15.16,16.49,7.35
86.39,15.82,10.83,9.73,6.93,19.45,15.16,16.52,7.35
86.42,15.82,10.83,9.72,6.93,19.42,15.16,16.49,7.35
86.43,15.82,10.83,9.72,6.93,19.42,15.16,16.49,7.34
86.43,15.82,10.85,9.72,6.94,19.42,15.16,16.52,7.34
86.44,15.82,10.85,9.73,6.94,19.45,15.16,16.49,7.35
86.45,15.82,10.83,9.73,6.93,19.42,15.16,16.49,7.34
86.46,15.82,10.83,9.73,6.93,19.42,15.16,16.49,7.35
86.47,15.82,10.85,9.73,6.94,19.45,15.16,16.49,7.34
86.48,15.82,10.83,9.73,6.94,19.45,15.18,16.49,7.35
86.49,15.82,10.83,9.72,6.93,19.42,15.16,16.49,7.34
86.50,15.84,10.83,9.72,6.93,19.42,15.16,16.49,7.33
86.52,15.82,10.85,9.73,6.93,19.45,15.16,16.49,7.34
86.53,15.82,10.83,9.72,6.93,19.45,15.16,16.49,7.34
86.54,15.82,10.83,9.72,6.93,19.39,15.16,16.49,7.34
86.55,15.82,10.83,9.72,6.94,19.42,15.18,16.49,7.34
86.56,15.80,10.83,9.72,6.93,19.42,15.18,16.49,7.34
86.57,15.82,10.83,9.75,6.93,19.45,15.16,16.49,7.34
86.58,15.82,10.83,9.73,6.94,19.42,15.16,16.49,7.34
86.59,15.82,10.83,9.72,6.93,19.42,15.16,16.49,7.35
86.60,15.80,10.83,9.73,6.94,19.42,15.16,16.49,7.35
86.61,15.82,10.85,9.73,6.93,19.42,15.16,16.49,7.34
86.62,15.82,10.83,9.72,6.93,19.42,15.16,16.49,7.34
86.63,15.82,10.83,9.73,6.93,19.42,15.16,16.47,7.34
86.64,15.82,10.83,9.72,6.93,19.45,15.16,16.49,7.34
86.65,15.82,10.83,9.72,6.93,19.42,15.14,16.49,7.34
86.66,15.82,10.83,9.72,6.93,19.45,15.16,16.52,7.35
86.67,15.82,10.83,9.72,6.93,19.45,15.16,16.49,7.34
86.68,15.82,10.83,9.72,6.93,19.45,15.16,16.49,7.34
86.69,15.80,10.82,9.72,6.94,19.45,15.16,16.49,7.33
86.70,15.82,10.83,9.71,6.94,19.42,15.16,16.49,7.33
86.71,15.82,10.83,9.72,6.93,19.39,15.16,16.49,7.34
86.72,15.82,10.83,9.73,6.93,19.42,15.16,16.47,7.33
86.73,15.82,10.83,9.72,6.94,19.42,15.16,16.49,7.33
86.74,15.82,10.83,9.72,6.93,19.42,15.16,16.47,7.34
86.75,15.80,10.83,9.72,6.93,19.42,15.18,16.52,7.33
86.76,15.82,10.83,9.72,6.93,19.42,15.16,16.49,7.33
86.77,15.80,10.83,9.73,6.93,19.45,15.18,16.49,7.34
86.78,15.82,10.83,9.72,6.93,19.42,15.16,16.49,7.34
86.79,15.82,10.83,9.73,6.93,19.42,15.16,16.49,7.33
86.80,15.80,10.83,9.72,6.93,19.42,15.16,16.49,7.33
86.81,15.82,10.83,9.72,6.93,19.42,15.18,16.49,7.34
86.82,15.80,10.83,9.72,6.93,19.42,15.16,16.49,7.34
86.83,15.82,10.83,9.72,6.93,19.45,15.16,16.49,7.33
86.84,15.80,10.83,9.72,6.93,19.42,15.18,16.49,7.33
86.85,15.82,10.83,9.73,6.93,19.39,15.16,16.49,7.34
86.86,15.80,10.82,9.72,6.93,19.39,15.14,16.49,7.33
86.87,15.80,10.83,9.72,6.93,19.42,15.16,16.49,7.33
86.88,15.80,10.82,9.72,6.93,19.42,15.18,16.49,7.33
86.89,15.82,10.83,9.72,6.93,19.42,15.16,16.49,7.34
86.90,15.80,10.83,9.72,6.93,19.39,15.16,16.49,7.33
86.91,15.80,10.83,9.72,6.93,19.42,15.16,16.49,7.33
86.92,15.80,10.83,9.72,6.93,19.39,15.16,16.49,7.33
86.93,15.82,10.83,9.71,6.93,19.45,15.14,16.49,7.33
86.94,15.80,10.83,9.72,6.93,19.42,15.14,16.47,7.32
86.95,15.82,10.83,9.71,6.93,19.39,15.14,16.49,7.33
86.96,15.82,10.83,9.72,6.93,19.39,15.16,16.49,7.33
86.97,15.80,10.83,9.73,6.93,19.39,15.16,16.49,7.33
86.98,15.80,10.83,9.72,6.93,19.42,15.16,16.52,7.34
86.99,15.82,10.83,9.72,6.93,19.39,15.16,16.49,7.33
87.00,15.82,10.83,9.72,6.93,19.42,15.16,16.47,7.33
87.01,15.82,10.83,9.72,6.93,19.39,15.16,16.49,7.33
87.02,15.82,10.83,9.71,6.93,19.39,15.14,16.49,7.33
87.03,15.80,10.83,9.72,6.93,19.42,15.14,16.52,7.33
87.04,15.80,10.82,9.71,6.93,19.39,15.14,16.49,7.33
87.05,15.80,10.83,9.72,6.93,19.42,15.14,16.49,7.33
87.06,15.80,10.83,9.73,6.93,19.39,15.14,16.49,7.33
87.07,15.82,10.83,9.72,6.93,19.42,15.14,16.49,7.33
87.08,15.80,10.85,9.71,6.93,19.45,15.14,16.49,7.33
87.09,15.80,10.83,9.71,6.92,19.39,15.14,16.49,7.33
87.10,15.80,10.83,9.73,6.93,19.42,15.16,16.49,7.34
87.11,15.80,10.83,9.72,6.93,19.39,15.14,16.49,7.33
87.12,15.80,10.82,9.72,6.93,19.39,15.14,16.49,7.33
87.13,15.80,10.83,9.71,6.93,19.39,15.14,16.49,7.33
87.14,15.80,10.82,9.72,6.93,19.42,15.14,16.47,7.33
87.15,15.80,10.83,9.71,6.93,19.39,15.16,16.49,7.33
87.16,15.80,10.83,9.72,6.93,19.39,15.16,16.49,7.33
87.17,15.80,10.83,9.72,6.93,19.42,15.14,16.49,7.33
87.18,15.80,10.83,9.71,6.93,19.39,15.14,16.49,7.33
87.19,15.80,10.82,9.71,6.93,19.39,15.16,16.49,7.33
87.20,15.80,10.83,9.71,6.93,19.39,15.14,16.49,7.33
87.21,15.80,10.83,9.72,6.93,19.39,15.14,16.47,7.32
87.22,15.80,10.83,9.71,6.93,19.39,15.14,16.49,7.33
87.23,15.80,10.82,9.72,6.93,19.42,15.16,16.52,7.33
87.24,15.78,10.83,9.72,6.92,19.39,15.14,16.49,7.33
87.25,15.80,10.83,9.71,6.93,19.39,15.14,16.47,7.32
87.26,15.80,10.83,9.72,6.93,19.39,15.14,16.49,7.34
87.27,15.80,10.83,9.72,6.93,19.39,15.12,16.49,7.33
87.28,15.80,10.82,9.72,6.93,19.42,15.12,16.47,7.33
87.29,15.80,10.83,9.71,6.93,19.39,15.16,16.49,7.33
87.30,15.80,10.83,9.70,6.93,19.39,15.16,16.52,7.33
87.31,15.80,10.82,9.71,6.93,19.39,15.14,16.49,7.33
87.32,15.80,10.82,9.73,6.93,19.39,15.12,16.47,7.33
87.33,15.80,10.82,9.72,6.92,19.42,15.12,16.49,7.33
87.34,15.80,10.83,9.73,6.93,19.39,15.14,16.49,7.32
87.35,15.80,10.82,9.72,6.93,19.39,15.12,16.49,7.32
87.36,15.80,10.83,9.72,6.93,19.39,15.14,16.49,7.32
87.37,15.80,10.82,9.71,6.93,19.42,15.14,16.47,7.33
87.38,15.78,10.82,9.72,6.92,19.39,15.16,16.49,7.33
87.39,15.82,10.83,9.71,6.93,19.39,15.14,16.49,7.33
87.40,15.78,10.80,9.70,6.92,19.39,15.16,16.49,7.33
87.41,15.80,10.83,9.72,6.92,19.42,15.14,16.49,7.33
87.42,15.80,10.83,9.70,6.92,19.39,15.12,16.49,7.32
87.43,15.80,10.82,9.70,6.93,19.42,15.14,16.47,7.32
87.44,15.80,10.82,9.72,6.93,19.39,15.14,16.49,7.33
87.45,15.80,10.82,9.72,6.92,19.39,15.14,16.47,7.34
87.46,15.80,10.82,9.72,6.93,19.39,15.14,16.49,7.33
87.47,15.80,10.82,9.70,6.93,19.39,15.12,16.47,7.32
87.48,15.80,10.82,9.72,6.93,19.39,15.12,16.49,7.33
87.49,15.80,10.83,9.70,6.92,19.39,15.14,16.47,7.33
87.50,15.80,10.83,9.71,6.92,19.39,15.12,16.52,7.32
87.51,15.80,10.82,9.72,6.92,19.42,15.12,16.49,7.32
87.52,15.80,10.83,9.72,6.92,19.39,15.12,16.49,7.33
87.53,15.80,10.82,9.71,6.92,19.39,15.12,16.47,7.32
87.54,15.80,10.82,9.72,6.92,19.37,15.14,16.49,7.31
87.55,15.80,10.83,9.72,6.92,19.42,15.14,16.49,7.33
87.56,15.80,10.82,9.71,6.92,19.39,15.14,16.49,7.32
87.57,15.80,10.83,9.70,6.92,19.39,15.12,16.49,7.33
87.58,15.80,10.80,9.71,6.92,19.42,15.12,16.47,7.32
87.59,15.80,10.82,9.72,6.92,19.39,15.12,16.47,7.32
87.60,15.80,10.82,9.71,6.92,19.39,15.14,16.47,7.32
87.61,15.80,10.83,9.71,6.93,19.37,15.12,16.47,7.31
87.62,15.80,10.82,9.72,6.93,19.39,15.14,16.45,7.32
87.63,15.80,10.82,9.71,6.92,19.39,15.12,16.47,7.32
87.64,15.80,10.82,9.72,6.93,19.39,15.14,16.49,7.32
87.65,15.80,10.83,9.71,6.92,19.37,15.12,16.47,7.31
87.66,15.80,10.83,9.70,6.93,19.39,15.12,16.47,7.32
87.67,15.78,10.82,9.70,6.92,19.39,15.14,16.49,7.31
87.68,15.80,10.83,9.70,6.92,19.42,15.16,16.49,7.32
87.69,15.78,10.80,9.72,6.92,19.39,15.12,16.49,7.32
87.70,15.80,10.82,9.70,6.92,19.39,15.14,16.47,7.32
87.71,15.80,10.82,9.71,6.92,19.39,15.14,16.47,7.32
87.72,15.80,10.83,9.70,6.92,19.37,15.12,16.49,7.32
87.73,15.80,10.82,9.72,6.93,19.39,15.12,16.47,7.31
87.74,15.78,10.82,9.72,6.92,19.42,15.12,16.47,7.31
87.75,15.80,10.80,9.70,6.93,19.39,15.14,16.47,7.32
87.76,15.78,10.82,9.70,6.92,19.42,15.16,16.49,7.32
87.77,15.80,10.82,9.70,6.92,19.37,15.12,16.49,7.32
87.78,15.78,10.82,9.71,6.92,19.39,15.12,16.47,7.32
87.79,15.78,10.82,9.71,6.93,19.39,15.16,16.45,7.31
87.80,15.78,10.82,9.70,6.91,19.39,15.14,16.49,7.32
87.81,15.78,10.82,9.70,6.93,19.39,15.12,16.47,7.32
87.82,15.78,10.82,9.70,6.92,19.39,15.12,16.47,7.32
87.83,15.78,10.82,9.71,6.92,19.39,15.12,16.47,7.31
87.84,15.78,10.82,9.71,6.92,19.39,15.12,16.47,7.31
87.85,15.78,10.82,9.71,6.92,19.39,15.12,16.49,7.32
87.86,15.78,10.82,9.70,6.92,19.37,15.10,16.49,7.31
87.87,15.80,10.82,9.71,6.93,19.39,15.12,16.47,7.31
87.88,15.80,10.82,9.72,6.92,19.39,15.12,16.45,7.31
87.89,15.78,10.82,9.71,6.91,19.39,15.12,16.47,7.31
87.90,15.78,10.82,9.71,6.93,19.39,15.12,16.49,7.32
87.91,15.78,10.82,9.70,6.92,19.39,15.12,16.47,7.33
87.92,15.80,10.80,9.70,6.93,19.37,15.10,16.47,7.33
87.93,15.78,10.82,9.71,6.92,19.37,15.12,16.47,7.32
87.94,15.78,10.82,9.70,6.92,19.39,15.14,16.47,7.33
87.95,15.78,10.83,9.70,6.93,19.37,15.12,16.47,7.33
87.96,15.78,10.80,9.70,6.92,19.37,15.12,16.47,7.31
87.97,15.78,10.82,9.70,6.92,19.39,15.14,16.47,7.31
87.98,15.78,10.82,9.70,6.91,19.39,15.14,16.47,7.31
87.99,15.78,10.80,9.71,6.92,19.37,15.12,16.47,7.31
88.00,15.78,10.82,9.70,6.93,19.39,15.10,16.47,7.31
88.01,15.78,10.80,9.70,6.93,19.39,15.12,16.47,7.31
88.02,15.78,10.82,9.71,6.92,19.37,15.12,16.47,7.31
88.03,15.78,10.82,9.70,6.92,19.39,15.12,16.45,7.32
88.04,15.78,10.82,9.72,6.92,19.39,15.12,16.47,7.31
88.05,15.78,10.80,9.71,6.92,19.39,15.14,16.47,7.31
88.06,15.78,10.80,9.70,6.92,19.39,15.12,16.45,7.32
88.07,15.78,10.82,9.70,6.92,19.39,15.12,16.49,7.32
88.08,15.78,10.80,9.71,6.91,19.37,15.12,16.47,7.32
88.09,15.78,10.82,9.68,6.91,19.37,15.12,16.49,7.31
88.10,15.78,10.80,9.71,6.91,19.37,15.14,16.45,7.31
88.11,15.78,10.80,9.70,6.91,19.39,15.12,16.47,7.31
88.12,15.78,10.80,9.70,6.92,19.37,15.14,16.47,7.31
88.13,15.78,10.80,9.70,6.92,19.37,15.14,16.49,7.32
88.14,15.78,10.82,9.70,6.92,19.37,15.10,16.47,7.31
88.15,15.78,10.80,9.71,6.92,19.37,15.12,16.49,7.31
88.16,15.78,10.82,9.70,6.91,19.39,15.12,16.45,7.31
88.17,15.78,10.80,9.70,6.91,19.37,15.10,16.47,7.31
88.18,15.78,10.80,9.70,6.91,19.39,15.10,16.47,7.31
88.19,15.78,10.80,9.70,6.92,19.37,15.12,16.47,7.32
88.20,15.78,10.82,9.70,6.91,19.39,15.10,16.47,7.31
88.21,15.78,10.82,9.70,6.91,19.39,15.10,16.47,7.30
88.22,15.78,10.82,9.70,6.91,19.37,15.12,16.47,7.31
88.23,15.78,10.82,9.71,6.91,19.37,15.10,16.49,7.31
88.24,15.78,10.82,9.70,6.92,19.39,15.10,16.47,7.31
88.25,15.78,10.82,9.70,6.91,19.37,15.10,16.47,7.31
88.26,15.78,10.82,9.70,6.91,19.37,15.10,16.47,7.32
88.27,15.78,10.80,9.70,6.91,19.39,15.10,16.47,7.30
88.28,15.78,10.83,9.70,6.91,19.37,15.12,16.47,7.31
88.29,15.78,10.80,9.71,6.92,19.39,15.14,16.47,7.31
88.30,15.78,10.80,9.71,6.91,19.37,15.12,16.47,7.31
88.31,15.78,10.83,9.70,6.91,19.37,15.10,16.45,7.30
88.32,15.76,10.80,9.70,6.91,19.39,15.10,16.47,7.32
88.33,15.78,10.80,9.70,6.91,19.37,15.10,16.47,7.31
88.34,15.80,10.82,9.70,6.91,19.37,15.10,16.47,7.31
88.35,15.78,10.80,9.68,6.90,19.39,15.10,16.47,7.31
88.36,15.78,10.80,9.68,6.92,19.39,15.12,16.49,7.32
88.37,15.78,10.80,9.70,6.92,19.37,15.12,16.45,7.30
88.38,15.78,10.80,9.71,6.90,19.37,15.10,16.45,7.31
88.39,15.78,10.80,9.70,6.91,19.37,15.10,16.47,7.31
88.40,15.78,10.80,9.70,6.92,19.37,15.12,16.45,7.31
88.41,15.78,10.80,9.70,6.91,19.37,15.12,16.47,7.30
88.42,15.78,10.80,9.68,6.91,19.37,15.12,16.47,7.31
88.43,15.78,10.80,9.70,6.91,19.34,15.10,16.47,7.31
88.44,15.78,10.82,9.70,6.91,19.37,15.10,16.45,7.31
88.45,15.78,10.80,9.70,6.91,19.37,15.08,16.49,7.31
88.46,15.78,10.82,9.70,6.92,19.34,15.12,16.47,7.31
88.47,15.78,10.80,9.70,6.91,19.37,15.08,16.45,7.32
88.48,15.76,10.80,9.70,6.91,19.37,15.08,16.45,7.29
88.49,15.78,10.80,9.70,6.91,19.37,15.08,16.47,7.31
88.50,15.78,10.82,9.70,6.90,19.37,15.10,16.45,7.30
88.51,15.78,10.80,9.70,6.90,19.37,15.10,16.47,7.30
88.52,15.78,10.80,9.70,6.91,19.37,15.10,16.45,7.30
88.53,15.78,10.80,9.68,6.92,19.37,15.12,16.45,7.30
88.54,15.78,10.80,9.70,6.92,19.37,15.12,16.45,7.31
88.55,15.76,10.80,9.70,6.92,19.37,15.10,16.49,7.31
88.56,15.78,10.80,9.70,6.91,19.37,15.12,16.47,7.31
88.57,15.78,10.80,9.70,6.90,19.37,15.10,16.45,7.31
88.58,15.76,10.82,9.70,6.92,19.39,15.08,16.45,7.30
88.59,15.78,10.82,9.72,6.91,19.34,15.10,16.45,7.30
88.60,15.78,10.80,9.68,6.92,19.37,15.10,16.47,7.30
88.61,15.76,10.80,9.70,6.91,19.39,15.08,16.47,7.30
88.63,15.76,10.80,9.70,6.91,19.37,15.10,16.45,7.31
88.64,15.76,10.80,9.68,6.90,19.37,15.10,16.47,7.31
88.65,15.78,10.80,9.70,6.90,19.34,15.12,16.47,7.30
88.66,15.78,10.80,9.70,6.91,19.39,15.08,16.47,7.31
88.67,15.76,10.80,9.68,6.90,19.34,15.10,16.47,7.31
88.68,15.78,10.80,9.70,6.90,19.37,15.10,16.45,7.30
88.69,15.78,10.80,9.70,6.91,19.34,15.08,16.45,7.30
88.70,15.78,10.80,9.68,6.90,19.37,15.08,16.49,7.30
88.71,15.78,10.82,9.68,6.91,19.37,15.10,16.45,7.29
88.72,15.76,10.82,9.71,6.90,19.37,15.08,16.45,7.31
88.73,15.78,10.80,9.68,6.92,19.34,15.08,16.49,7.30
88.74,15.78,10.80,9.70,6.90,19.37,15.08,16.43,7.30
88.75,15.76,10.80,9.70,6.91,19.37,15.08,16.45,7.30
88.76,15.76,10.80,9.70,6.90,19.37,15.08,16.45,7.30
88.77,15.78,10.80,9.68,6.90,19.37,15.10,16.45,7.30
88.78,15.78,10.80,9.70,6.90,19.34,15.08,16.47,7.31
88.79,15.76,10.80,9.70,6.90,19.34,15.08,16.45,7.29
88.80,15.76,10.82,9.68,6.89,19.34,15.08,16.47,7.30
88.81,15.78,10.82,9.70,6.91,19.34,15.08,16.45,7.30
88.82,15.76,10.80,9.70,6.90,19.37,15.08,16.45,7.29
88.83,15.78,10.82,9.68,6.90,19.34,15.08,16.45,7.30
88.84,15.76,10.80,9.70,6.90,19.34,15.10,16.47,7.30
88.85,15.78,10.82,9.68,6.91,19.37,15.08,16.49,7.30
88.86,15.76,10.82,9.70,6.91,19.37,15.10,16.45,7.30
88.87,15.78,10.80,9.70,6.90,19.34,15.08,16.45,7.29
88.88,15.76,10.80,9.70,6.90,19.34,15.10,16.45,7.29
88.89,15.78,10.80,9.68,6.90,19.37,15.08,16.47,7.30
88.90,15.78,10.79,9.71,6.90,19.34,15.10,16.47,7.31
88.91,15.76,10.80,9.68,6.90,19.34,15.10,16.45,7.30
88.92,15.78,10.79,9.70,6.90,19.34,15.08,16.45,7.29
88.93,15.76,10.82,9.68,6.91,19.34,15.08,16.45,7.30
88.94,15.78,10.82,9.68,6.89,19.39,15.12,16.45,7.30
88.95,15.76,10.79,9.70,6.90,19.37,15.12,16.45,7.30
88.96,15.76,10.80,9.70,6.90,19.37,15.12,16.45,7.30
88.97,15.76,10.80,9.68,6.90,19.39,15.12,16.47,7.30
88.98,15.78,10.80,9.70,6.90,19.37,15.08,16.45,7.30
88.99,15.76,10.80,9.70,6.90,19.34,15.08,16.45,7.29
89.00,15.76,10.80,9.68,6.91,19.34,15.10,16.47,7.30
89.01,15.76,10.80,9.68,6.89,19.37,15.08,16.45,7.29
89.02,15.76,10.80,9.70,6.89,19.37,15.08,16.45,7.30
89.03,15.76,10.79,9.68,6.90,19.34,15.08,16.45,7.29
89.04,15.76,10.79,9.70,6.90,19.34,15.08,16.45,7.29
89.05,15.76,10.79,9.70,6.90,19.37,15.08,16.45,7.29
89.06,15.76,10.80,9.70,6.90,19.34,15.08,16.45,7.30
89.07,15.76,10.79,9.70,6.90,19.37,15.10,16.45,7.30
89.08,15.76,10.80,9.68,6.90,19.34,15.10,16.47,7.29
89.09,15.76,10.80,9.70,6.90,19.39,15.08,16.45,7.29
89.10,15.78,10.80,9.67,6.90,19.34,15.08,16.45,7.29
89.11,15.76,10.80,9.68,6.89,19.34,15.08,16.45,7.30
89.12,15.76,10.79,9.68,6.90,19.34,15.08,16.45,7.31
89.13,15.76,10.79,9.68,6.90,19.37,15.08,16.45,7.30
89.14,15.78,10.80,9.70,6.89,19.34,15.10,16.45,7.29
89.15,15.76,10.79,9.68,6.90,19.37,15.08,16.47,7.30
89.16,15.76,10.79,9.68,6.90,19.34,15.08,16.45,7.29
89.17,15.76,10.80,9.70,6.89,19.37,15.12,16.45,7.29
89.18,15.76,10.80,9.67,6.90,19.37,15.08,16.47,7.29
89.19,15.76,10.80,9.68,6.90,19.34,15.08,16.45,7.30
89.20,15.76,10.80,9.68,6.90,19.37,15.08,16.45,7.30
89.21,15.76,10.80,9.68,6.89,19.37,15.08,16.45,7.29
89.22,15.76,10.80,9.68,6.90,19.37,15.08,16.47,7.30
89.23,15.78,10.79,9.67,6.90,19.31,15.08,16.45,7.30
89.24,15.76,10.80,9.70,6.90,19.34,15.08,16.45,7.30
89.25,15.76,10.80,9.68,6.89,19.37,15.10,16.47,7.29
89.26,15.76,10.79,9.68,6.89,19.37,15.10,16.47,7.29
89.27,15.76,10.79,9.68,6.89,19.37,15.10,16.47,7.29
89.28,15.76,10.79,9.68,6.89,19.37,15.08,16.47,7.29
89.29,15.76,10.80,9.70,6.89,19.37,15.08,16.45,7.29
89.30,15.76,10.79,9.70,6.90,19.34,15.08,16.45,7.29
89.31,15.76,10.79,9.68,6.89,19.31,15.08,16.47,7.30
89.32,15.76,10.79,9.68,6.89,19.31,15.08,16.45,7.29
89.33,15.76,10.80,9.67,6.89,19.34,15.06,16.45,7.30
89.34,15.76,10.79,9.68,6.89,19.34,15.08,16.45,7.29
89.35,15.76,10.80,9.68,6.89,19.34,15.06,16.45,7.29
89.36,15.76,10.80,9.67,6.89,19.37,15.08,16.45,7.29
89.37,15.78,10.79,9.68,6.89,19.37,15.08,16.45,7.29
89.38,15.76,10.79,9.68,6.89,19.34,15.08,16.45,7.29
89.39,15.76,10.79,9.68,6.89,19.34,15.08,16.45,7.29
89.40,15.76,10.78,9.67,6.89,19.34,15.06,16.45,7.30
89.41,15.76,10.80,9.68,6.89,19.34,15.06,16.45,7.29
89.42,15.73,10.79,9.70,6.90,19.34,15.08,16.47,7.29
89.43,15.76,10.79,9.70,6.89,19.37,15.08,16.45,7.29
89.44,15.76,10.78,9.70,6.89,19.37,15.08,16.45,7.29
89.45,15.76,10.79,9.68,6.89,19.34,15.06,16.45,7.30
89.46,15.76,10.79,9.68,6.89,19.34,15.08,16.45,7.29
89.47,15.76,10.79,9.68,6.89,19.34,15.08,16.45,7.29
89.48,15.76,10.80,9.68,6.89,19.34,15.08,16.47,7.29
89.49,15.73,10.80,9.70,6.89,19.34,15.08,16.47,7.29
89.50,15.76,10.79,9.67,6.89,19.34,15.08,16.43,7.29
89.51,15.76,10.80,9.67,6.89,19.34,15.06,16.45,7.29
89.52,15.76,10.80,9.68,6.89,19.34,15.08,16.43,7.29
89.53,15.76,10.79,9.67,6.90,19.34,15.08,16.45,7.29
89.54,15.76,10.80,9.68,6.89,19.31,15.06,16.43,7.30
89.55,15.76,10.80,9.70,6.89,19.34,15.08,16.47,7.29
89.56,15.76,10.78,9.68,6.89,19.34,15.08,16.47,7.29
89.57,15.76,10.78,9.68,6.89,19.34,15.10,16.43,7.29
89.58,15.76,10.79,9.67,6.89,19.34,15.06,16.45,7.29
89.59,15.76,10.80,9.67,6.90,19.34,15.06,16.45,7.29
89.60,15.76,10.79,9.67,6.89,19.34,15.08,16.45,7.30
89.61,15.76,10.79,9.70,6.89,19.34,15.08,16.43,7.30
89.62,15.76,10.79,9.67,6.89,19.34,15.08,16.43,7.29
89.63,15.76,10.79,9.68,6.89,19.31,15.06,16.45,7.29
89.64,15.76,10.79,9.68,6.89,19.34,15.06,16.45,7.28
89.65,15.76,10.80,9.68,6.89,19.34,15.08,16.45,7.29
89.66,15.73,10.78,9.68,6.89,19.34,15.04,16.45,7.29
89.68,15.76,10.79,9.68,6.89,19.34,15.08,16.45,7.29
89.69,15.76,10.79,9.68,6.88,19.37,15.06,16.43,7.30
89.70,15.76,10.78,9.68,6.89,19.31,15.08,16.47,7.28
89.71,15.76,10.80,9.70,6.89,19.37,15.06,16.43,7.28
89.72,15.76,10.79,9.67,6.88,19.34,15.08,16.45,7.29
89.73,15.76,10.80,9.70,6.89,19.37,15.08,16.47,7.28
89.74,15.76,10.78,9.68,6.90,19.34,15.06,16.43,7.28
89.75,15.73,10.79,9.70,6.89,19.34,15.08,16.45,7.29
89.76,15.76,10.78,9.70,6.88,19.34,15.06,16.45,7.29
89.77,15.73,10.78,9.67,6.89,19.34,15.06,16.43,7.28
89.78,15.76,10.79,9.68,6.89,19.31,15.06,16.43,7.29
89.79,15.78,10.78,9.68,6.89,19.34,15.06,16.45,7.29
89.80,15.73,10.79,9.68,6.89,19.31,15.04,16.45,7.29
89.81,15.76,10.79,9.68,6.88,19.31,15.08,16.45,7.29
89.82,15.73,10.79,9.67,6.89,19.31,15.08,16.43,7.28
89.83,15.76,10.80,9.67,6.88,19.31,15.06,16.43,7.29
89.84,15.76,10.78,9.67,6.88,19.34,15.06,16.45,7.28
89.85,15.76,10.78,9.68,6.88,19.34,15.06,16.45,7.28
89.86,15.76,10.79,9.68,6.89,19.31,15.08,16.47,7.28
89.87,15.73,10.79,9.68,6.88,19.34,15.06,16.43,7.28
89.88,15.73,10.80,9.68,6.90,19.34,15.08,16.43,7.27
89.89,15.76,10.78,9.68,6.88,19.34,15.06,16.43,7.28
89.90,15.76,10.79,9.67,6.90,19.31,15.06,16.43,7.28
89.91,15.76,10.79,9.68,6.89,19.31,15.06,16.45,7.28
89.92,15.73,10.78,9.68,6.88,19.34,15.08,16.43,7.28
89.93,15.73,10.79,9.67,6.88,19.31,15.08,16.43,7.28
89.94,15.76,10.79,9.67,6.88,19.31,15.06,16.45,7.27
89.95,15.73,10.78,9.67,6.88,19.31,15.06,16.45,7.28
89.96,15.76,10.78,9.67,6.89,19.31,15.08,16.45,7.28
89.97,15.73,10.79,9.67,6.88,19.31,15.06,16.45,7.27
89.98,15.76,10.79,9.67,6.88,19.31,15.06,16.43,7.28
89.99,15.73,10.79,9.67,6.88,19.31,15.06,16.45,7.27
90.00,15.76,10.78,9.68,6.89,19.31,15.04,16.43,7.28
90.01,15.76,10.79,9.67,6.88,19.31,15.04,16.43,7.28
90.02,15.73,10.78,9.68,6.88,19.34,15.06,16.45,7.28
90.03,15.73,10.78,9.67,6.88,19.34,15.06,16.43,7.28
90.04,15.73,10.79,9.68,6.88,19.34,15.06,16.45,7.28
90.05,15.73,10.78,9.68,6.88,19.34,15.06,16.43,7.28
90.06,15.73,10.78,9.68,6.89,19.28,15.06,16.43,7.28
90.07,15.76,10.78,9.68,6.89,19.31,15.04,16.45,7.29
90.08,15.73,10.78,9.68,6.88,19.31,15.08,16.43,7.28
90.09,15.76,10.78,9.68,6.89,19.31,15.04,16.43,7.28
90.10,15.73,10.78,9.68,6.88,19.31,15.04,16.45,7.28
90.11,15.73,10.78,9.68,6.88,19.34,15.06,16.45,7.28
90.12,15.76,10.79,9.67,6.89,19.31,15.04,16.43,7.28
90.13,15.73,10.78,9.68,6.88,19.31,15.04,16.45,7.28
90.14,15.73,10.78,9.68,6.89,19.31,15.06,16.43,7.28
90.15,15.73,10.78,9.67,6.87,19.31,15.06,16.40,7.28
90.16,15.73,10.78,9.67,6.88,19.31,15.06,16.43,7.28
90.17,15.76,10.79,9.67,6.89,19.31,15.08,16.43,7.28
90.18,15.73,10.78,9.67,6.88,19.34,15.04,16.45,7.28
90.19,15.73,10.79,9.67,6.88,19.31,15.06,16.43,7.29
90.20,15.73,10.78,9.67,6.87,19.31,15.04,16.43,7.27
90.21,15.73,10.76,9.66,6.87,19.31,15.04,16.43,7.27
90.22,15.76,10.78,9.67,6.88,19.34,15.06,16.43,7.28
90.23,15.73,10.79,9.67,6.88,19.34,15.04,16.43,7.27
90.24,15.73,10.78,9.67,6.88,19.28,15.04,16.43,7.27
90.25,15.73,10.78,9.67,6.87,19.31,15.04,16.43,7.27
90.26,15.76,10.79,9.67,6.88,19.34,15.06,16.45,7.27
90.27,15.73,10.78,9.67,6.88,19.31,15.06,16.43,7.27
90.28,15.73,10.78,9.67,6.89,19.31,15.04,16.45,7.28
90.29,15.73,10.78,9.67,6.88,19.31,15.04,16.45,7.27
90.30,15.73,10.78,9.67,6.88,19.31,15.04,16.43,7.27
90.31,15.73,10.78,9.68,6.88,19.31,15.04,16.45,7.27
90.32,15.73,10.78,9.67,6.89,19.31,15.04,16.43,7.27
90.33,15.71,10.78,9.67,6.88,19.31,15.04,16.45,7.27
90.34,15.73,10.78,9.67,6.87,19.31,15.06,16.43,7.27
90.35,15.73,10.78,9.67,6.89,19.31,15.04,16.45,7.27
90.36,15.73,10.78,9.67,6.87,19.31,15.04,16.43,7.28
90.38,15.73,10.78,9.67,6.88,19.31,15.04,16.43,7.28
90.39,15.73,10.78,9.67,6.88,19.31,15.04,16.43,7.27
90.40,15.73,10.78,9.67,6.87,19.31,15.04,16.45,7.27
90.41,15.73,10.78,9.67,6.87,19.31,15.06,16.45,7.27
90.42,15.73,10.78,9.68,6.88,19.28,15.06,16.43,7.27
90.43,15.73,10.78,9.67,6.88,19.28,15.02,16.45,7.27
90.44,15.73,10.78,9.67,6.87,19.31,15.04,16.43,7.27
90.45,15.73,10.78,9.66,6.87,19.31,15.04,16.43,7.27
90.46,15.73,10.78,9.67,6.88,19.34,15.04,16.43,7.27
90.47,15.73,10.78,9.67,6.87,19.31,15.04,16.43,7.27
90.48,15.73,10.79,9.67,6.87,19.28,15.04,16.43,7.27
90.49,15.71,10.78,9.67,6.88,19.34,15.04,16.43,7.26
90.50,15.73,10.76,9.67,6.89,19.28,15.04,16.43,7.27
90.51,15.73,10.78,9.67,6.87,19.31,15.04,16.45,7.27
90.52,15.73,10.78,9.67,6.87,19.31,15.04,16.43,7.27
90.53,15.73,10.78,9.67,6.87,19.31,15.04,16.43,7.27
90.54,15.73,10.79,9.66,6.88,19.31,15.04,16.43,7.27
90.55,15.73,10.76,9.66,6.87,19.31,15.04,16.43,7.27
90.56,15.73,10.78,9.67,6.86,19.28,15.06,16.43,7.27
90.57,15.73,10.78,9.67,6.87,19.34,15.04,16.45,7.27
90.58,15.73,10.78,9.66,6.88,19.28,15.04,16.45,7.28
90.59,15.73,10.78,9.67,6.87,19.28,15.04,16.43,7.27
90.60,15.73,10.78,9.66,6.88,19.31,15.04,16.40,7.27
90.61,15.73,10.78,9.66,6.87,19.31,15.04,16.40,7.26
90.62,15.73,10.78,9.67,6.87,19.28,15.06,16.45,7.26
90.63,15.71,10.78,9.67,6.87,19.31,15.04,16.45,7.27
90.64,15.73,10.78,9.66,6.87,19.28,15.04,16.43,7.28
90.65,15.73,10.78,9.68,6.87,19.31,15.02,16.43,7.27
90.66,15.73,10.78,9.66,6.87,19.31,15.04,16.43,7.27
90.67,15.73,10.78,9.67,6.87,19.31,15.04,16.43,7.27
90.68,15.73,10.78,9.67,6.87,19.28,15.02,16.45,7.27
90.69,15.73,10.78,9.66,6.87,19.31,15.02,16.43,7.27
90.70,15.73,10.76,9.66,6.87,19.34,15.06,16.40,7.27
90.71,15.73,10.76,9.67,6.86,19.31,15.04,16.40,7.27
90.72,15.73,10.78,9.67,6.87,19.34,15.04,16.40,7.26
90.73,15.73,10.76,9.66,6.88,19.31,15.04,16.45,7.27
90.74,15.73,10.78,9.66,6.88,19.28,15.04,16.43,7.27
90.75,15.73,10.78,9.68,6.86,19.31,15.04,16.43,7.26
90.76,15.73,10.76,9.65,6.87,19.31,15.02,16.43,7.27
90.77,15.73,10.78,9.67,6.87,19.31,15.04,16.43,7.26
90.78,15.73,10.78,9.66,6.87,19.31,15.04,16.43,7.28
90.79,15.73,10.78,9.67,6.87,19.34,15.04,16.43,7.26
90.80,15.73,10.76,9.67,6.87,19.28,15.04,16.43,7.26
90.81,15.73,10.78,9.67,6.87,19.31,15.04,16.43,7.26
90.82,15.73,10.76,9.68,6.87,19.31,15.04,16.43,7.26
90.83,15.73,10.78,9.67,6.88,19.28,15.04,16.45,7.27
90.84,15.73,10.78,9.66,6.87,19.28,15.02,16.43,7.26
90.85,15.73,10.76,9.67,6.86,19.28,15.04,16.43,7.27
90.86,15.73,10.75,9.67,6.87,19.28,15.02,16.43,7.27
90.87,15.73,10.76,9.67,6.88,19.28,15.02,16.43,7.26
90.88,15.73,10.78,9.66,6.88,19.31,15.04,16.40,7.27
90.89,15.73,10.76,9.67,6.87,19.28,15.06,16.43,7.26
90.90,15.73,10.78,9.66,6.86,19.28,15.02,16.43,7.26
90.91,15.71,10.78,9.67,6.87,19.28,15.02,16.43,7.26
90.92,15.73,10.76,9.66,6.88,19.28,15.00,16.43,7.26
90.93,15.73,10.78,9.67,6.86,19.28,15.04,16.45,7.25
90.94,15.73,10.76,9.67,6.86,19.31,15.02,16.45,7.27
90.95,15.73,10.76,9.67,6.87,19.31,15.02,16.43,7.26
90.96,15.73,10.78,9.66,6.88,19.31,15.02,16.43,7.27
90.97,15.76,10.78,9.68,6.86,19.28,15.04,16.43,7.27
90.98,15.73,10.76,9.67,6.87,19.28,15.04,16.43,7.26
90.99,15.73,10.78,9.67,6.87,19.31,15.04,16.45,7.27
91.00,15.73,10.76,9.67,6.86,19.31,15.04,16.43,7.27
91.01,15.73,10.78,9.66,6.86,19.31,15.04,16.43,7.27
91.02,15.73,10.78,9.67,6.86,19.31,15.02,16.43,7.26
91.03,15.73,10.78,9.68,6.86,19.28,15.02,16.40,7.27
91.04,15.73,10.78,9.66,6.86,19.34,15.02,16.43,7.26
91.05,15.73,10.76,9.67,6.86,19.28,15.02,16.43,7.26
91.06,15.73,10.76,9.67,6.88,19.31,15.04,16.43,7.26
91.07,15.73,10.76,9.66,6.86,19.28,15.04,16.40,7.26
91.08,15.73,10.78,9.66,6.86,19.28,15.02,16.43,7.26
91.09,15.73,10.78,9.67,6.88,19.31,15.02,16.43,7.27
91.10,15.73,10.76,9.67,6.88,19.28,15.04,16.43,7.26
91.11,15.71,10.76,9.67,6.86,19.31,15.02,16.43,7.26
91.12,15.73,10.76,9.66,6.87,19.28,15.04,16.43,7.26
91.13,15.73,10.78,9.66,6.86,19.31,15.04,16.43,7.27
91.14,15.73,10.78,9.67,6.86,19.28,15.02,16.43,7.26
91.15,15.73,10.76,9.65,6.86,19.28,15.04,16.43,7.26
91.16,15.73,10.78,9.66,6.86,19.31,15.00,16.43,7.26
91.17,15.71,10.78,9.67,6.86,19.31,15.02,16.40,7.27
91.18,15.73,10.78,9.66,6.87,19.28,15.02,16.43,7.26
91.19,15.73,10.76,9.66,6.87,19.28,15.02,16.43,7.26
91.20,15.73,10.78,9.66,6.86,19.28,15.04,16.43,7.26
91.21,15.71,10.76,9.67,6.86,19.28,15.02,16.43,7.26
91.22,15.73,10.78,9.66,6.86,19.31,15.04,16.43,7.26
91.23,15.73,10.78,9.67,6.88,19.28,15.02,16.40,7.26
91.24,15.73,10.76,9.67,6.86,19.28,15.02,16.43,7.26
91.25,15.73,10.78,9.67,6.86,19.28,15.00,16.43,7.26
91.26,15.73,10.76,9.67,6.87,19.28,15.04,16.43,7.26
91.27,15.71,10.76,9.67,6.87,19.31,15.02,16.45,7.26
91.28,15.73,10.78,9.66,6.87,19.31,15.04,16.43,7.26
91.29,15.73,10.76,9.67,6.87,19.28,15.02,16.45,7.26
91.30,15.73,10.78,9.67,6.87,19.31,15.04,16.43,7.26
91.31,15.71,10.76,9.67,6.86,19.31,15.00,16.43,7.26
91.32,15.71,10.78,9.67,6.86,19.28,15.04,16.43,7.26
91.33,15.73,10.76,9.66,6.87,19.28,15.02,16.43,7.26
91.34,15.71,10.76,9.66,6.86,19.34,15.04,16.43,7.25
91.35,15.73,10.78,9.67,6.87,19.28,15.04,16.43,7.26
91.36,15.73,10.78,9.67,6.86,19.28,15.02,16.45,7.25
91.37,15.73,10.76,9.65,6.85,19.28,15.02,16.43,7.26
91.38,15.73,10.76,9.66,6.86,19.28,15.02,16.43,7.27
91.39,15.73,10.76,9.66,6.86,19.28,15.04,16.40,7.26
91.40,15.73,10.78,9.67,6.86,19.28,15.04,16.43,7.26
91.41,15.73,10.78,9.66,6.86,19.28,15.00,16.43,7.26
91.42,15.73,10.76,9.67,6.86,19.31,15.02,16.43,7.25
91.43,15.73,10.76,9.66,6.87,19.28,15.02,16.43,7.26
91.44,15.73,10.76,9.66,6.86,19.28,15.00,16.43,7.26
91.45,15.73,10.76,9.66,6.87,19.28,15.02,16.43,7.26
91.46,15.73,10.76,9.65,6.87,19.28,15.00,16.43,7.25
91.47,15.73,10.78,9.66,6.86,19.28,15.02,16.45,7.25
91.48,15.73,10.78,9.66,6.86,19.28,15.02,16.43,7.25
91.49,15.73,10.76,9.66,6.86,19.28,15.02,16.43,7.25
91.50,15.73,10.75,9.66,6.86,19.31,15.02,16.43,7.26
91.51,15.73,10.78,9.67,6.86,19.28,15.02,16.43,7.26
91.52,15.73,10.78,9.66,6.86,19.28,15.00,16.43,7.27
91.53,15.73,10.76,9.66,6.86,19.31,15.02,16.43,7.25
91.54,15.73,10.76,9.66,6.86,19.28,15.02,16.45,7.27
91.55,15.73,10.76,9.67,6.86,19.31,15.02,16.40,7.26
91.56,15.73,10.76,9.66,6.86,19.28,15.02,16.40,7.25
91.57,15.73,10.76,9.66,6.87,19.31,15.02,16.43,7.25
91.58,15.73,10.76,9.67,6.86,19.28,15.02,16.40,7.26
91.59,15.73,10.76,9.67,6.86,19.28,15.04,16.43,7.27
91.60,15.73,10.76,9.67,6.87,19.28,15.04,16.45,7.25
91.61,15.73,10.76,9.67,6.86,19.28,15.00,16.45,7.26
91.62,15.73,10.76,9.65,6.85,19.28,15.04,16.40,7.25
91.63,15.73,10.76,9.66,6.87,19.28,15.00,16.43,7.25
91.64,15.73,10.78,9.66,6.86,19.28,15.02,16.43,7.25
91.65,15.73,10.78,9.66,6.86,19.28,15.00,16.43,7.26
91.66,15.73,10.78,9.66,6.86,19.31,15.04,16.40,7.26
91.67,15.73,10.76,9.66,6.87,19.28,15.02,16.43,7.25
91.68,15.73,10.78,9.67,6.86,19.31,15.00,16.43,7.25
91.69,15.71,10.76,9.66,6.86,19.28,15.00,16.43,7.25
91.70,15.73,10.76,9.66,6.86,19.28,15.02,16.43,7.26
91.71,15.73,10.76,9.67,6.86,19.28,15.04,16.43,7.25
91.72,15.73,10.78,9.66,6.86,19.31,15.00,16.43,7.25
91.73,15.73,10.76,9.65,6.86,19.28,15.00,16.40,7.26
91.74,15.73,10.78,9.66,6.86,19.28,15.02,16.43,7.25
91.75,15.73,10.76,9.65,6.85,19.28,15.02,16.43,7.26
91.76,15.73,10.76,9.66,6.85,19.31,15.02,16.45,7.26
91.77,15.73,10.76,9.66,6.86,19.31,15.02,16.43,7.25
91.78,15.73,10.78,9.66,6.86,19.28,15.00,16.43,7.24
91.79,15.73,10.76,9.67,6.86,19.28,15.02,16.43,7.25
91.80,15.71,10.76,9.65,6.86,19.28,15.00,16.43,7.25
91.81,15.73,10.76,9.67,6.86,19.28,15.00,16.43,7.25
91.82,15.73,10.76,9.66,6.85,19.28,15.00,16.43,7.25
91.83,15.73,10.78,9.67,6.86,19.28,15.04,16.43,7.25
91.84,15.73,10.76,9.66,6.86,19.28,15.02,16.43,7.25
91.85,15.73,10.78,9.66,6.86,19.28,15.00,16.45,7.26
91.86,15.73,10.76,9.66,6.86,19.28,15.02,16.40,7.25
91.87,15.73,10.76,9.67,6.86,19.28,15.02,16.43,7.25
91.88,15.71,10.76,9.66,6.85,19.28,15.00,16.43,7.25
91.89,15.73,10.78,9.65,6.85,19.28,15.04,16.43,7.24
91.90,15.73,10.76,9.66,6.85,19.28,15.04,16.43,7.25
91.91,15.73,10.78,9.66,6.86,19.28,15.00,16.43,7.25
91.92,15.73,10.76,9.66,6.85,19.31,15.02,16.43,7.25
91.93,15.73,10.76,9.66,6.85,19.28,15.00,16.45,7.25
91.94,15.73,10.76,9.67,6.85,19.28,15.00,16.40,7.25
91.95,15.73,10.76,9.66,6.86,19.28,15.00,16.45,7.25
91.96,15.73,10.76,9.66,6.86,19.28,15.00,16.40,7.25
91.97,15.73,10.78,9.66,6.85,19.31,15.00,16.43,7.25
91.98,15.73,10.76,9.66,6.85,19.31,15.00,16.43,7.26
91.99,15.73,10.75,9.66,6.85,19.31,15.00,16.43,7.25
92.00,15.73,10.75,9.66,6.85,19.28,15.02,16.40,7.25
92.01,15.73,10.76,9.66,6.85,19.28,15.04,16.43,7.25
92.02,15.73,10.76,9.66,6.86,19.28,15.02,16.43,7.25
92.03,15.73,10.76,9.65,6.85,19.31,15.00,16.40,7.24
92.04,15.73,10.78,9.66,6.85,19.28,15.00,16.43,7.25
92.05,15.73,10.76,9.66,6.86,19.31,15.02,16.43,7.26
92.06,15.73,10.76,9.66,6.85,19.28,15.04,16.43,7.23
92.07,15.73,10.76,9.65,6.85,19.28,15.00,16.43,7.24
92.08,15.73,10.76,9.67,6.86,19.28,15.02,16.43,7.24
92.09,15.73,10.76,9.66,6.85,19.28,15.00,16.43,7.25
92.10,15.71,10.76,9.66,6.85,19.28,15.00,16.40,7.25
92.11,15.71,10.76,9.66,6.84,19.28,15.04,16.43,7.24
92.12,15.76,10.76,9.66,6.86,19.28,14.98,16.40,7.25
92.13,15.73,10.78,9.66,6.85,19.28,15.00,16.40,7.24
92.14,15.73,10.78,9.65,6.85,19.28,15.00,16.43,7.25
92.15,15.73,10.78,9.66,6.85,19.28,15.00,16.43,7.25
92.16,15.73,10.78,9.65,6.85,19.28,15.00,16.40,7.25
92.17,15.73,10.76,9.65,6.85,19.28,15.00,16.43,7.25
92.18,15.71,10.76,9.66,6.85,19.28,15.00,16.43,7.25
92.19,15.73,10.78,9.65,6.84,19.28,15.00,16.43,7.26
92.20,15.73,10.78,9.65,6.85,19.28,15.00,16.43,7.26
92.21,15.71,10.76,9.66,6.86,19.31,15.00,16.40,7.24
92.22,15.73,10.75,9.66,6.85,19.28,15.02,16.40,7.24
92.23,15.73,10.76,9.66,6.85,19.28,15.00,16.45,7.24
92.24,15.71,10.76,9.66,6.85,19.28,15.00,16.43,7.24
92.25,15.73,10.76,9.65,6.86,19.28,15.00,16.43,7.24
92.26,15.73,10.76,9.65,6.84,19.28,15.00,16.40,7.25
92.27,15.73,10.78,9.65,6.86,19.31,15.00,16.43,7.25
92.28,15.73,10.75,9.66,6.84,19.28,15.00,16.43,7.25
92.29,15.73,10.78,9.65,6.85,19.28,15.00,16.43,7.24
92.30,15.71,10.75,9.66,6.85,19.28,15.00,16.40,7.24
92.31,15.73,10.75,9.66,6.85,19.26,15.00,16.43,7.25
92.32,15.73,10.76,9.65,6.85,19.28,14.98,16.43,7.24
92.33,15.73,10.76,9.66,6.86,19.26,15.02,16.43,7.23
92.34,15.71,10.75,9.67,6.86,19.28,15.00,16.45,7.25
92.35,15.73,10.76,9.65,6.85,19.28,14.98,16.43,7.24
92.36,15.73,10.76,9.65,6.85,19.28,15.00,16.43,7.24
92.37,15.71,10.76,9.66,6.85,19.28,15.00,16.43,7.24
92.38,15.73,10.76,9.66,6.85,19.28,15.00,16.40,7.24
92.39,15.73,10.76,9.66,6.84,19.28,15.00,16.40,7.24
92.40,15.73,10.76,9.66,6.84,19.28,15.02,16.40,7.25
92.41,15.73,10.76,9.65,6.86,19.28,15.00,16.43,7.25
92.42,15.73,10.76,9.65,6.85,19.26,15.00,16.40,7.23
92.43,15.71,10.78,9.65,6.85,19.28,15.00,16.43,7.24
92.44,15.71,10.76,9.66,6.85,19.26,15.00,16.40,7.24
92.45,15.73,10.75,9.65,6.85,19.26,15.00,16.40,7.24
92.46,15.73,10.75,9.66,6.85,19.28,15.00,16.40,7.24
92.47,15.73,10.76,9.67,6.86,19.26,15.00,16.43,7.25
92.48,15.73,10.76,9.66,6.84,19.26,15.00,16.43,7.24
92.49,15.73,10.76,9.65,6.84,19.28,15.00,16.40,7.23
92.50,15.73,10.75,9.67,6.85,19.28,15.00,16.43,7.24
92.51,15.71,10.75,9.67,6.85,19.28,15.00,16.43,7.24
92.52,15.73,10.75,9.66,6.85,19.28,15.00,16.43,7.25
92.53,15.73,10.75,9.65,6.84,19.26,14.98,16.43,7.24
92.54,15.71,10.75,9.66,6.84,19.28,15.00,16.40,7.23
92.55,15.73,10.75,9.67,6.84,19.28,14.98,16.40,7.25
92.56,15.71,10.76,9.67,6.85,19.28,15.00,16.40,7.25
92.57,15.73,10.76,9.65,6.85,19.28,15.00,16.43,7.24
92.58,15.71,10.76,9.66,6.84,19.28,15.00,16.43,7.24
92.59,15.73,10.78,9.65,6.86,19.28,14.98,16.40,7.24
92.60,15.73,10.75,9.65,6.85,19.28,15.00,16.40,7.25
92.61,15.73,10.75,9.66,6.84,19.28,15.00,16.40,7.24
92.62,15.73,10.76,9.65,6.84,19.26,14.98,16.40,7.24
92.63,15.73,10.75,9.66,6.84,19.28,15.00,16.45,7.25
92.64,15.71,10.75,9.66,6.84,19.28,15.00,16.40,7.24
92.65,15.73,10.75,9.65,6.84,19.26,15.02,16.40,7.24
92.66,15.73,10.75,9.63,6.84,19.26,15.00,16.43,7.24
92.67,15.71,10.76,9.65,6.84,19.28,15.02,16.43,7.25
92.68,15.71,10.75,9.66,6.84,19.28,14.98,16.43,7.23
92.69,15.71,10.76,9.66,6.84,19.28,15.00,16.43,7.24
92.70,15.73,10.75,9.65,6.84,19.28,14.98,16.40,7.24
92.71,15.73,10.75,9.65,6.86,19.26,15.00,16.40,7.23
92.72,15.73,10.75,9.65,6.84,19.28,15.00,16.40,7.24
92.73,15.73,10.76,9.65,6.84,19.26,15.00,16.40,7.23
92.74,15.71,10.76,9.66,6.84,19.26,15.00,16.43,7.23
92.75,15.73,10.75,9.65,6.86,19.28,14.98,16.45,7.23
92.76,15.71,10.75,9.65,6.84,19.28,14.98,16.40,7.23
92.77,15.71,10.76,9.65,6.83,19.28,15.00,16.40,7.23
92.78,15.71,10.76,9.65,6.84,19.28,14.98,16.43,7.24
92.79,15.71,10.75,9.66,6.84,19.28,14.98,16.40,7.23
92.80,15.71,10.75,9.66,6.84,19.28,15.00,16.45,7.23
92.81,15.71,10.76,9.65,6.85,19.26,15.00,16.43,7.23
92.82,15.73,10.76,9.65,6.86,19.28,14.98,16.43,7.24
92.83,15.71,10.75,9.66,6.86,19.28,15.00,16.40,7.24
92.84,15.73,10.76,9.65,6.84,19.26,14.98,16.40,7.23
92.85,15.73,10.76,9.65,6.84,19.26,14.98,16.43,7.24
92.86,15.73,10.75,9.67,6.84,19.26,15.00,16.40,7.23
92.87,15.73,10.75,9.65,6.84,19.28,15.00,16.43,7.24
92.88,15.71,10.75,9.66,6.84,19.28,15.00,16.43,7.23
92.89,15.73,10.76,9.66,6.84,19.26,14.98,16.40,7.23
92.90,15.73,10.75,9.65,6.84,19.28,15.00,16.40,7.23
92.91,15.73,10.75,9.65,6.84,19.26,14.98,16.43,7.23
92.92,15.71,10.75,9.66,6.84,19.28,15.00,16.43,7.23
92.93,15.71,10.76,9.65,6.84,19.26,14.98,16.40,7.24
92.94,15.73,10.76,9.65,6.84,19.28,14.98,16.40,7.23
92.95,15.71,10.75,9.67,6.84,19.26,14.98,16.40,7.23
92.96,15.71,10.75,9.66,6.84,19.28,14.98,16.43,7.23
92.97,15.71,10.75,9.66,6.85,19.28,14.98,16.40,7.24
92.98,15.71,10.75,9.66,6.84,19.28,15.00,16.40,7.23
92.99,15.73,10.75,9.65,6.84,19.28,14.98,16.43,7.23
93.00,15.73,10.75,9.65,6.83,19.28,14.98,16.43,7.24
93.01,15.71,10.75,9.65,6.84,19.26,14.96,16.40,7.23
93.02,15.73,10.76,9.65,6.85,19.26,15.00,16.40,7.25
93.03,15.71,10.75,9.65,6.84,19.26,14.98,16.40,7.23
93.04,15.73,10.75,9.65,6.84,19.26,14.98,16.40,7.23
93.05,15.73,10.75,9.65,6.84,19.26,14.98,16.45,7.23
93.06,15.71,10.76,9.66,6.84,19.28,14.98,16.40,7.23
93.07,15.71,10.75,9.66,6.84,19.26,14.98,16.40,7.23
93.08,15.73,10.73,9.65,6.84,19.28,14.98,16.40,7.24
93.09,15.71,10.75,9.65,6.83,19.28,14.98,16.43,7.24
93.10,15.73,10.75,9.65,6.84,19.26,14.98,16.43,7.23
93.11,15.73,10.75,9.66,6.83,19.26,15.00,16.45,7.23
93.12,15.71,10.75,9.65,6.84,19.26,14.96,16.40,7.24
93.13,15.71,10.75,9.65,6.83,19.28,14.98,16.40,7.23
93.14,15.71,10.75,9.65,6.83,19.26,14.98,16.40,7.23
93.15,15.71,10.75,9.65,6.83,19.26,14.98,16.40,7.23
93.16,15.71,10.75,9.66,6.83,19.26,14.98,16.43,7.23
93.17,15.71,10.75,9.63,6.84,19.28,14.96,16.40,7.23
93.18,15.71,10.75,9.65,6.84,19.26,14.94,16.40,7.23
93.19,15.73,10.75,9.66,6.84,19.26,15.00,16.40,7.23
93.20,15.71,10.75,9.66,6.84,19.26,14.98,16.43,7.24
93.21,15.73,10.75,9.63,6.85,19.26,14.98,16.40,7.22
93.22,15.71,10.76,9.65,6.84,19.26,15.00,16.40,7.23
93.23,15.71,10.75,9.66,6.84,19.26,14.98,16.40,7.23
93.24,15.73,10.75,9.65,6.84,19.26,14.98,16.40,7.23
93.25,15.71,10.73,9.65,6.83,19.26,14.98,16.45,7.24
93.26,15.71,10.73,9.65,6.83,19.28,14.98,16.40,7.23
93.27,15.71,10.76,9.65,6.85,19.26,15.00,16.40,7.22
93.28,15.69,10.73,9.65,6.84,19.26,14.96,16.40,7.23
93.29,15.73,10.75,9.65,6.83,19.26,14.98,16.40,7.22
93.30,15.73,10.75,9.63,6.84,19.28,14.98,16.43,7.23
93.31,15.71,10.75,9.65,6.83,19.26,14.98,16.40,7.23
93.32,15.73,10.76,9.66,6.84,19.26,14.98,16.43,7.23
93.33,15.73,10.75,9.65,6.83,19.26,14.98,16.40,7.23
93.34,15.71,10.75,9.65,6.83,19.26,15.00,16.40,7.22
93.35,15.71,10.73,9.65,6.84,19.26,15.00,16.43,7.23
93.36,15.71,10.75,9.65,6.84,19.26,15.00,16.43,7.23
93.37,15.71,10.73,9.63,6.84,19.28,14.98,16.40,7.23
93.38,15.71,10.75,9.65,6.84,19.28,14.98,16.40,7.23
93.39,15.71,10.75,9.65,6.83,19.26,14.96,16.43,7.23
93.40,15.71,10.75,9.65,6.83,19.26,14.98,16.40,7.23
93.41,15.71,10.73,9.65,6.84,19.23,14.96,16.40,7.22
93.42,15.71,10.73,9.65,6.84,19.26,14.96,16.43,7.24
93.43,15.71,10.76,9.65,6.83,19.26,15.00,16.40,7.22
93.44,15.71,10.73,9.65,6.83,19.28,14.98,16.43,7.23
93.45,15.71,10.75,9.65,6.84,19.23,14.96,16.38,7.22
93.46,15.71,10.75,9.65,6.83,19.28,15.00,16.43,7.23
93.47,15.71,10.76,9.65,6.83,19.26,14.96,16.40,7.22
93.48,15.71,10.76,9.65,6.83,19.28,14.98,16.43,7.23
93.49,15.71,10.75,9.65,6.84,19.26,14.98,16.40,7.23
93.50,15.71,10.76,9.66,6.83,19.26,14.98,16.40,7.22
93.51,15.69,10.75,9.65,6.84,19.28,14.98,16.40,7.22
93.52,15.71,10.75,9.65,6.83,19.26,14.96,16.43,7.24
93.53,15.71,10.76,9.65,6.84,19.26,14.96,16.40,7.23
93.54,15.71,10.73,9.65,6.83,19.23,15.00,16.43,7.23
93.55,15.71,10.75,9.65,6.84,19.26,14.98,16.40,7.22
93.56,15.71,10.75,9.65,6.83,19.23,14.98,16.40,7.23
93.57,15.71,10.73,9.65,6.83,19.26,14.96,16.40,7.23
93.60,15.71,10.75,9.65,6.83,19.26,14.98,16.43,7.23
93.60,15.69,10.73,9.65,6.83,19.26,14.98,16.40,7.23
93.61,15.71,10.73,9.63,6.83,19.26,14.96,16.40,7.23
93.62,15.71,10.76,9.65,6.83,19.26,14.96,16.40,7.22
93.63,15.71,10.73,9.65,6.84,19.26,14.96,16.40,7.22
93.64,15.71,10.73,9.63,6.83,19.26,14.96,16.43,7.23
93.65,15.73,10.73,9.65,6.83,19.26,14.98,16.40,7.23
93.66,15.71,10.73,9.65,6.83,19.26,14.96,16.43,7.23
93.67,15.71,10.75,9.63,6.83,19.26,14.96,16.40,7.22
93.68,15.71,10.75,9.63,6.83,19.28,14.96,16.40,7.22
93.69,15.71,10.76,9.65,6.83,19.28,15.00,16.40,7.23
93.70,15.73,10.75,9.65,6.83,19.26,14.96,16.40,7.23
93.71,15.71,10.75,9.63,6.83,19.26,14.98,16.40,7.22
93.72,15.71,10.75,9.65,6.84,19.26,14.96,16.40,7.23
93.73,15.71,10.75,9.63,6.83,19.26,14.96,16.40,7.23
93.74,15.71,10.76,9.65,6.83,19.26,14.96,16.40,7.22
93.75,15.71,10.75,9.65,6.83,19.26,14.96,16.43,7.22
93.76,15.69,10.73,9.63,6.83,19.28,14.96,16.43,7.22
93.77,15.69,10.73,9.65,6.83,19.26,14.96,16.43,7.23
93.78,15.71,10.73,9.63,6.83,19.26,14.96,16.43,7.23
93.79,15.69,10.73,9.65,6.83,19.26,14.96,16.40,7.21
93.80,15.71,10.75,9.63,6.84,19.23,14.96,16.40,7.22
93.81,15.71,10.73,9.65,6.83,19.28,14.96,16.40,7.23
93.82,15.71,10.75,9.65,6.84,19.26,14.96,16.40,7.22
93.83,15.71,10.73,9.65,6.84,19.26,14.98,16.40,7.22
93.84,15.71,10.73,9.63,6.84,19.23,14.96,16.38,7.21
93.85,15.71,10.73,9.65,6.83,19.26,14.96,16.43,7.22
93.86,15.71,10.75,9.63,6.83,19.23,14.96,16.40,7.23
93.87,15.71,10.73,9.65,6.83,19.26,14.96,16.40,7.22
93.88,15.71,10.73,9.63,6.83,19.26,14.96,16.40,7.22
93.89,15.71,10.73,9.63,6.83,19.26,14.96,16.40,7.23
93.90,15.69,10.75,9.63,6.83,19.28,15.00,16.40,7.22
93.91,15.71,10.75,9.65,6.83,19.26,14.96,16.40,7.23
93.92,15.71,10.73,9.65,6.83,19.26,14.96,16.40,7.22
93.93,15.73,10.75,9.63,6.83,19.26,14.96,16.43,7.22
93.94,15.71,10.73,9.63,6.83,19.26,14.96,16.40,7.22
93.95,15.71,10.73,9.65,6.83,19.23,14.98,16.38,7.21
93.96,15.71,10.73,9.65,6.83,19.26,14.96,16.38,7.22
93.97,15.69,10.73,9.65,6.83,19.23,15.00,16.40,7.22
93.98,15.71,10.73,9.65,6.83,19.26,14.98,16.38,7.22
93.99,15.71,10.73,9.65,6.83,19.26,14.96,16.40,7.22
94.00,15.71,10.75,9.63,6.83,19.23,14.96,16.40,7.21
94.01,15.71,10.75,9.65,6.84,19.26,14.96,16.40,7.22
94.02,15.71,10.76,9.63,6.83,19.26,14.96,16.40,7.22
94.03,15.71,10.75,9.65,6.83,19.26,14.98,16.40,7.23
94.04,15.71,10.73,9.63,6.83,19.23,14.96,16.40,7.22
94.05,15.69,10.73,9.66,6.83,19.23,14.96,16.40,7.22
94.06,15.71,10.72,9.63,6.83,19.26,14.96,16.40,7.21
94.07,15.69,10.73,9.65,6.83,19.23,14.96,16.43,7.22
94.08,15.69,10.73,9.65,6.83,19.26,14.96,16.40,7.22
94.09,15.71,10.73,9.65,6.83,19.26,14.96,16.40,7.22
94.10,15.71,10.73,9.63,6.83,19.26,14.96,16.40,7.21
94.11,15.71,10.73,9.65,6.83,19.23,14.96,16.38,7.21
94.12,15.71,10.73,9.63,6.83,19.26,14.94,16.43,7.22
94.13,15.71,10.73,9.65,6.83,19.26,14.98,16.40,7.22
94.14,15.71,10.73,9.63,6.83,19.28,14.96,16.38,7.22
94.15,15.71,10.75,9.65,6.83,19.26,14.96,16.40,7.22
94.16,15.71,10.73,9.65,6.83,19.23,14.96,16.43,7.21
94.17,15.71,10.73,9.65,6.83,19.28,14.96,16.40,7.22
94.18,15.69,10.73,9.63,6.83,19.28,14.96,16.40,7.21
94.19,15.71,10.73,9.63,6.83,19.23,14.96,16.40,7.21
94.20,15.69,10.75,9.63,6.83,19.26,14.98,16.43,7.21
94.21,15.71,10.75,9.63,6.83,19.26,14.94,16.40,7.22
94.22,15.71,10.75,9.65,6.83,19.23,14.96,16.40,7.21
94.23,15.69,10.73,9.63,6.83,19.26,14.96,16.40,7.22
94.24,15.71,10.73,9.63,6.83,19.23,14.96,16.40,7.21
94.25,15.69,10.73,9.63,6.83,19.26,14.98,16.40,7.22
94.26,15.71,10.73,9.63,6.84,19.26,14.96,16.43,7.21
94.27,15.71,10.75,9.63,6.83,19.23,14.96,16.40,7.21
94.28,15.69,10.75,9.63,6.83,19.26,14.96,16.40,7.21
94.29,15.71,10.72,9.65,6.83,19.26,14.96,16.40,7.21
94.30,15.69,10.72,9.65,6.83,19.23,14.98,16.40,7.22
94.31,15.69,10.75,9.65,6.83,19.26,14.96,16.40,7.21
94.32,15.71,10.73,9.63,6.83,19.26,14.96,16.40,7.21
94.33,15.69,10.73,9.63,6.83,19.26,14.96,16.40,7.21
94.34,15.71,10.75,9.65,6.83,19.23,14.96,16.40,7.22
94.35,15.69,10.73,9.62,6.83,19.26,14.96,16.40,7.21
94.36,15.71,10.72,9.63,6.83,19.26,14.96,16.40,7.22
94.37,15.69,10.72,9.65,6.83,19.26,14.96,16.38,7.21
94.38,15.69,10.73,9.65,6.83,19.23,14.98,16.40,7.21
94.39,15.71,10.73,9.63,6.83,19.23,14.94,16.43,7.21
94.40,15.69,10.73,9.65,6.83,19.26,14.98,16.40,7.21
94.41,15.71,10.72,9.63,6.83,19.23,14.94,16.43,7.21
94.42,15.69,10.73,9.62,6.83,19.26,14.96,16.40,7.22
94.43,15.71,10.75,9.63,6.83,19.23,14.96,16.40,7.22
94.44,15.69,10.73,9.63,6.83,19.23,14.96,16.40,7.21
94.45,15.71,10.73,9.63,6.82,19.26,14.96,16.40,7.21
94.46,15.69,10.73,9.62,6.83,19.23,14.96,16.38,7.22
94.47,15.69,10.73,9.63,6.83,19.23,14.96,16.38,7.21
94.48,15.71,10.72,9.63,6.83,19.23,14.96,16.43,7.22
94.49,15.69,10.75,9.63,6.83,19.23,14.94,16.40,7.21
94.50,15.69,10.73,9.63,6.83,19.26,14.96,16.40,7.22
94.51,15.71,10.73,9.63,6.83,19.26,14.94,16.38,7.21
94.52,15.69,10.72,9.63,6.82,19.23,14.96,16.40,7.22
94.53,15.71,10.73,9.63,6.83,19.23,14.96,16.40,7.21
94.54,15.69,10.73,9.62,6.82,19.23,14.96,16.40,7.21
94.55,15.71,10.73,9.63,6.82,19.23,14.96,16.38,7.20
94.56,15.71,10.73,9.63,6.83,19.23,14.92,16.40,7.20
94.57,15.69,10.73,9.63,6.83,19.26,14.96,16.40,7.22
94.58,15.69,10.73,9.63,6.83,19.23,14.94,16.43,7.21
94.59,15.69,10.72,9.62,6.83,19.23,14.94,16.40,7.21
94.60,15.71,10.73,9.65,6.83,19.26,14.96,16.40,7.20
94.61,15.71,10.73,9.62,6.83,19.23,14.94,16.40,7.21
94.62,15.69,10.73,9.63,6.82,19.23,14.94,16.43,7.21
94.63,15.71,10.73,9.63,6.83,19.23,14.96,16.38,7.20
94.64,15.71,10.73,9.63,6.83,19.23,14.96,16.38,7.21
94.65,15.71,10.73,9.63,6.82,19.23,14.96,16.40,7.22
94.66,15.69,10.73,9.63,6.83,19.23,14.94,16.38,7.21
94.67,15.69,10.72,9.65,6.82,19.26,14.96,16.40,7.20
94.68,15.71,10.73,9.65,6.83,19.23,14.94,16.43,7.21
94.69,15.71,10.73,9.63,6.82,19.26,14.96,16.40,7.22
94.70,15.71,10.73,9.63,6.82,19.23,14.96,16.38,7.21
94.71,15.71,10.72,9.63,6.83,19.23,14.94,16.40,7.21
94.72,15.69,10.72,9.63,6.83,19.23,14.94,16.38,7.21
94.73,15.69,10.73,9.63,6.82,19.23,14.94,16.40,7.20
94.74,15.69,10.72,9.62,6.82,19.23,14.94,16.40,7.20
94.75,15.69,10.73,9.62,6.82,19.28,14.96,16.40,7.21
94.76,15.71,10.72,9.63,6.82,19.23,14.94,16.40,7.21
94.77,15.69,10.73,9.62,6.82,19.23,14.94,16.43,7.21
94.78,15.69,10.73,9.63,6.83,19.23,14.94,16.43,7.21
94.79,15.69,10.72,9.65,6.83,19.26,14.96,16.40,7.21
94.80,15.69,10.73,9.63,6.82,19.26,14.94,16.40,7.21
94.81,15.69,10.73,9.63,6.82,19.23,14.96,16.40,7.20
94.82,15.69,10.73,9.63,6.83,19.23,14.94,16.43,7.21
94.83,15.71,10.72,9.63,6.82,19.26,14.96,16.40,7.20
94.84,15.71,10.73,9.63,6.82,19.26,14.96,16.38,7.21
94.85,15.69,10.73,9.63,6.82,19.23,14.94,16.40,7.21
94.86,15.69,10.73,9.63,6.82,19.23,14.96,16.43,7.21
94.87,15.71,10.73,9.63,6.83,19.23,14.94,16.40,7.21
94.88,15.71,10.73,9.63,6.83,19.26,14.96,16.40,7.21
94.89,15.71,10.73,9.63,6.81,19.23,14.94,16.40,7.20
94.90,15.69,10.72,9.63,6.82,19.23,14.94,16.40,7.21
94.91,15.69,10.73,9.62,6.82,19.23,14.94,16.40,7.21
94.92,15.71,10.72,9.65,6.82,19.23,14.96,16.40,7.21
94.93,15.69,10.72,9.63,6.83,19.26,14.96,16.38,7.21
94.94,15.71,10.75,9.65,6.83,19.23,14.96,16.43,7.21
94.95,15.69,10.72,9.63,6.82,19.23,14.94,16.43,7.21
94.96,15.69,10.72,9.65,6.82,19.23,14.94,16.40,7.20
94.97,15.69,10.72,9.62,6.82,19.23,14.94,16.38,7.20
94.98,15.71,10.73,9.63,6.82,19.23,14.96,16.40,7.21
94.99,15.69,10.72,9.63,6.82,19.23,14.94,16.38,7.21
95.00,15.69,10.73,9.63,6.82,19.23,14.94,16.38,7.19
95.01,15.69,10.72,9.63,6.82,19.23,14.94,16.40,7.21
95.02,15.69,10.72,9.63,6.82,19.23,14.94,16.43,7.20
95.03,15.71,10.75,9.63,6.82,19.26,14.94,16.40,7.20
95.04,15.69,10.72,9.63,6.83,19.23,14.96,16.40,7.20
95.05,15.69,10.72,9.65,6.82,19.23,14.92,16.40,7.20
95.06,15.69,10.72,9.62,6.82,19.23,14.96,16.40,7.21
95.07,15.69,10.73,9.63,6.83,19.23,14.96,16.38,7.21
95.08,15.69,10.73,9.62,6.83,19.23,14.94,16.40,7.21
95.09,15.69,10.72,9.63,6.82,19.23,14.94,16.40,7.21
95.10,15.69,10.72,9.62,6.83,19.23,14.96,16.40,7.21
95.11,15.69,10.73,9.62,6.83,19.23,14.94,16.38,7.20
95.12,15.69,10.73,9.63,6.81,19.23,14.94,16.40,7.21
95.13,15.69,10.72,9.63,6.82,19.26,14.94,16.38,7.20
95.14,15.69,10.73,9.63,6.82,19.23,14.94,16.38,7.21
95.15,15.71,10.73,9.62,6.82,19.23,14.94,16.43,7.20
95.16,15.69,10.72,9.62,6.83,19.23,14.94,16.38,7.20
95.17,15.69,10.72,9.62,6.81,19.23,14.94,16.38,7.20
95.18,15.71,10.72,9.63,6.82,19.23,14.94,16.40,7.21
95.19,15.69,10.73,9.62,6.81,19.23,14.96,16.38,7.21
95.20,15.69,10.73,9.63,6.82,19.23,14.94,16.40,7.21
95.21,15.69,10.72,9.62,6.83,19.23,14.96,16.43,7.21
95.22,15.69,10.73,9.62,6.83,19.20,14.92,16.40,7.20
95.23,15.69,10.72,9.65,6.82,19.23,14.94,16.40,7.20
95.24,15.69,10.72,9.63,6.82,19.26,14.94,16.40,7.20
95.25,15.69,10.73,9.62,6.82,19.23,14.92,16.40,7.20
95.26,15.69,10.72,9.62,6.82,19.23,14.94,16.40,7.20
95.27,15.71,10.72,9.62,6.82,19.23,14.94,16.40,7.21
95.28,15.69,10.72,9.63,6.81,19.23,14.96,16.43,7.20
95.29,15.69,10.72,9.63,6.82,19.23,14.94,16.40,7.21
95.30,15.69,10.72,9.62,6.81,19.23,14.96,16.38,7.21
95.31,15.69,10.73,9.62,6.83,19.23,14.92,16.40,7.21
95.32,15.69,10.73,9.63,6.83,19.23,14.94,16.38,7.20
95.33,15.69,10.73,9.62,6.82,19.23,14.96,16.38,7.20
95.34,15.69,10.72,9.62,6.82,19.23,14.94,16.40,7.21
95.35,15.69,10.73,9.63,6.83,19.23,14.92,16.40,7.20
95.36,15.71,10.73,9.63,6.82,19.23,14.94,16.38,7.21
95.37,15.69,10.73,9.63,6.82,19.26,14.94,16.40,7.20
95.38,15.69,10.73,9.62,6.82,19.23,14.92,16.43,7.20
95.39,15.69,10.72,9.62,6.82,19.23,14.92,16.40,7.20
95.40,15.69,10.72,9.63,6.81,19.20,14.96,16.40,7.20
95.41,15.69,10.72,9.63,6.83,19.23,14.94,16.38,7.19
95.42,15.69,10.73,9.63,6.81,19.26,14.94,16.40,7.19
95.43,15.69,10.72,9.62,6.81,19.20,14.96,16.38,7.19
95.44,15.69,10.72,9.62,6.83,19.23,14.92,16.40,7.19
95.45,15.69,10.73,9.63,6.82,19.23,14.94,16.38,7.20
95.46,15.69,10.72,9.62,6.83,19.20,14.96,16.40,7.20
95.47,15.69,10.73,9.62,6.82,19.23,14.92,16.40,7.20
95.48,15.69,10.73,9.62,6.82,19.23,14.92,16.40,7.20
95.49,15.69,10.73,9.63,6.83,19.23,14.92,16.43,7.21
95.50,15.69,10.73,9.62,6.81,19.20,14.96,16.40,7.19
95.51,15.69,10.72,9.62,6.82,19.20,14.94,16.40,7.19
95.52,15.69,10.72,9.62,6.81,19.23,14.94,16.43,7.20
95.53,15.69,10.72,9.62,6.81,19.23,14.92,16.38,7.19
95.54,15.69,10.72,9.63,6.81,19.20,14.94,16.40,7.19
95.55,15.69,10.72,9.63,6.82,19.23,14.92,16.43,7.19
95.56,15.69,10.72,9.65,6.81,19.20,14.92,16.40,7.20
95.57,15.69,10.72,9.62,6.82,19.23,14.92,16.40,7.20
95.58,15.69,10.72,9.63,6.81,19.20,14.94,16.43,7.20
95.59,15.69,10.72,9.63,6.81,19.23,14.92,16.43,7.19
95.60,15.69,10.72,9.63,6.81,19.23,14.92,16.43,7.19
95.61,15.69,10.73,9.63,6.81,19.20,14.92,16.38,7.20
95.62,15.71,10.73,9.63,6.81,19.26,14.92,16.40,7.19
95.63,15.69,10.73,9.63,6.82,19.26,14.94,16.40,7.19
95.64,15.69,10.72,9.62,6.81,19.23,14.92,16.40,7.19
95.65,15.69,10.72,9.62,6.82,19.23,14.92,16.40,7.21
95.66,15.69,10.72,9.62,6.82,19.26,14.92,16.40,7.20
95.67,15.69,10.72,9.62,6.82,19.26,14.92,16.40,7.20
95.68,15.71,10.72,9.65,6.82,19.20,14.92,16.38,7.21
95.69,15.69,10.73,9.62,6.81,19.26,14.92,16.40,7.20
95.70,15.69,10.72,9.63,6.81,19.26,14.92,16.40,7.19
95.71,15.69,10.72,9.63,6.82,19.20,14.92,16.38,7.20
95.72,15.69,10.72,9.62,6.82,19.23,14.94,16.38,7.19
95.73,15.71,10.72,9.63,6.81,19.20,14.96,16.40,7.20
95.74,15.69,10.72,9.62,6.81,19.20,14.92,16.43,7.19
95.75,15.69,10.72,9.63,6.81,19.23,14.94,16.43,7.20
95.76,15.69,10.72,9.63,6.81,19.20,14.94,16.40,7.19
95.77,15.69,10.72,9.62,6.82,19.23,14.92,16.40,7.21
95.78,15.69,10.72,9.62,6.81,19.20,14.94,16.43,7.20
95.79,15.69,10.71,9.63,6.81,19.23,14.92,16.40,7.20
95.80,15.69,10.72,9.63,6.82,19.20,14.96,16.38,7.19
95.81,15.69,10.73,9.65,6.81,19.23,14.92,16.40,7.20
95.82,15.69,10.72,9.62,6.81,19.20,14.92,16.40,7.19
95.83,15.69,10.73,9.62,6.81,19.23,14.92,16.43,7.19
95.84,15.69,10.73,9.63,6.81,19.23,14.92,16.38,7.20
95.85,15.69,10.73,9.62,6.81,19.26,14.92,16.40,7.20
95.86,15.69,10.72,9.63,6.81,19.23,14.92,16.40,7.19
95.87,15.69,10.73,9.62,6.81,19.20,14.94,16.40,7.19
95.88,15.69,10.72,9.62,6.80,19.20,14.94,16.40,7.19
95.89,15.69,10.72,9.62,6.81,19.23,14.92,16.40,7.20
95.90,15.69,10.73,9.62,6.81,19.20,14.94,16.38,7.19
95.91,15.69,10.72,9.62,6.82,19.23,14.94,16.40,7.20
95.92,15.69,10.72,9.63,6.82,19.23,14.96,16.38,7.19
95.93,15.69,10.72,9.62,6.81,19.23,14.96,16.43,7.20
95.94,15.69,10.73,9.62,6.82,19.23,14.92,16.40,7.19
95.95,15.69,10.73,9.63,6.81,19.23,14.92,16.40,7.19
95.96,15.69,10.72,9.63,6.82,19.20,14.92,16.40,7.19
95.97,15.69,10.72,9.62,6.81,19.23,14.92,16.40,7.19
95.98,15.69,10.72,9.62,6.82,19.23,14.92,16.40,7.19
95.99,15.69,10.73,9.62,6.81,19.23,14.96,16.40,7.19
96.00,15.69,10.72,9.63,6.81,19.23,14.92,16.40,7.19
96.01,15.69,10.71,9.62,6.81,19.23,14.94,16.40,7.19
96.02,15.69,10.73,9.63,6.82,19.20,14.92,16.38,7.19
96.03,15.69,10.72,9.62,6.81,19.20,14.92,16.38,7.18
96.04,15.69,10.72,9.63,6.81,19.23,14.92,16.38,7.20
96.05,15.69,10.73,9.62,6.82,19.23,14.94,16.40,7.19
96.06,15.69,10.72,9.62,6.81,19.26,14.92,16.40,7.19
96.07,15.69,10.72,9.62,6.81,19.26,14.92,16.40,7.19
96.08,15.69,10.72,9.62,6.81,19.20,14.92,16.40,7.19
96.09,15.69,10.72,9.62,6.82,19.26,14.96,16.38,7.19
96.10,15.69,10.72,9.62,6.81,19.23,14.94,16.38,7.19
96.11,15.69,10.72,9.62,6.81,19.23,14.94,16.40,7.19
96.12,15.69,10.72,9.62,6.81,19.26,14.94,16.38,7.18
96.13,15.69,10.73,9.62,6.80,19.20,14.94,16.40,7.18
96.14,15.69,10.72,9.62,6.82,19.23,14.92,16.40,7.18
96.15,15.69,10.71,9.62,6.81,19.23,14.94,16.40,7.19
96.16,15.69,10.72,9.63,6.82,19.23,14.96,16.38,7.19
96.17,15.69,10.73,9.62,6.81,19.23,14.94,16.40,7.19
96.18,15.69,10.72,9.62,6.81,19.23,14.92,16.40,7.19
96.19,15.69,10.72,9.61,6.81,19.23,14.94,16.38,7.19
96.20,15.69,10.71,9.62,6.81,19.20,14.96,16.40,7.19
96.21,15.69,10.72,9.63,6.80,19.20,14.92,16.38,7.20
96.22,15.69,10.72,9.62,6.81,19.20,14.92,16.40,7.19
96.23,15.69,10.73,9.63,6.81,19.20,14.94,16.38,7.20
96.24,15.67,10.72,9.62,6.81,19.20,14.92,16.40,7.19
96.25,15.69,10.75,9.63,6.81,19.23,14.92,16.40,7.19
96.26,15.69,10.72,9.62,6.82,19.20,14.92,16.43,7.19
96.27,15.69,10.73,9.63,6.81,19.20,14.92,16.40,7.19
96.30,15.69,10.72,9.63,6.81,19.20,14.92,16.40,7.19
96.30,15.69,10.72,9.62,6.81,19.20,14.92,16.36,7.18
96.31,15.69,10.72,9.62,6.82,19.20,14.92,16.43,7.19
96.32,15.67,10.72,9.62,6.82,19.20,14.92,16.43,7.19
96.33,15.71,10.72,9.63,6.81,19.23,14.92,16.43,7.19
96.34,15.69,10.73,9.63,6.80,19.20,14.92,16.38,7.19
96.35,15.67,10.72,9.62,6.81,19.20,14.92,16.43,7.19
96.36,15.69,10.72,9.62,6.81,19.20,14.92,16.40,7.19
96.37,15.69,10.72,9.63,6.81,19.20,14.92,16.40,7.19
96.38,15.69,10.72,9.63,6.81,19.20,14.92,16.40,7.19
96.39,15.69,10.72,9.62,6.81,19.20,14.92,16.40,7.19
96.40,15.69,10.72,9.65,6.81,19.20,14.92,16.40,7.18
96.41,15.67,10.72,9.62,6.80,19.26,14.92,16.40,7.19
96.42,15.67,10.72,9.62,6.81,19.20,14.92,16.40,7.19
96.43,15.67,10.73,9.62,6.81,19.23,14.94,16.40,7.19
96.44,15.69,10.72,9.63,6.81,19.20,14.92,16.40,7.19
96.45,15.69,10.72,9.62,6.82,19.23,14.92,16.40,7.18
96.46,15.69,10.73,9.62,6.80,19.20,14.92,16.40,7.18
96.47,15.67,10.72,9.63,6.81,19.23,14.92,16.38,7.19
96.48,15.69,10.72,9.62,6.80,19.20,14.94,16.40,7.19
96.49,15.69,10.72,9.62,6.80,19.20,14.90,16.40,7.19
96.50,15.67,10.72,9.62,6.81,19.23,14.92,16.38,7.19
96.51,15.69,10.72,9.63,6.81,19.20,14.94,16.40,7.19
96.52,15.69,10.72,9.63,6.80,19.20,14.92,16.40,7.19
96.53,15.67,10.72,9.65,6.81,19.23,14.92,16.40,7.18
96.54,15.67,10.72,9.62,6.80,19.23,14.92,16.40,7.19
96.55,15.69,10.72,9.62,6.81,19.23,14.92,16.40,7.19
96.56,15.69,10.72,9.62,6.81,19.23,14.92,16.40,7.19
96.57,15.69,10.72,9.62,6.81,19.20,14.90,16.40,7.19
96.58,15.69,10.72,9.62,6.81,19.20,14.92,16.40,7.19
96.59,15.69,10.72,9.62,6.80,19.26,14.92,16.40,7.19
96.60,15.69,10.72,9.62,6.81,19.20,14.92,16.43,7.18
96.61,15.67,10.72,9.62,6.81,19.23,14.92,16.40,7.18
96.62,15.69,10.72,9.62,6.81,19.20,14.92,16.40,7.18
96.63,15.69,10.72,9.62,6.81,19.20,14.92,16.40,7.18
96.64,15.69,10.72,9.62,6.80,19.20,14.92,16.40,7.18
96.65,15.69,10.71,9.63,6.82,19.23,14.92,16.40,7.18
96.66,15.69,10.73,9.63,6.80,19.20,14.92,16.38,7.18
96.67,15.67,10.72,9.62,6.80,19.20,14.92,16.40,7.18
96.68,15.69,10.72,9.62,6.80,19.20,14.92,16.38,7.18
96.69,15.69,10.72,9.62,6.80,19.20,14.90,16.40,7.19
96.70,15.67,10.72,9.62,6.81,19.23,14.92,16.38,7.19
96.71,15.69,10.72,9.61,6.81,19.23,14.96,16.40,7.18
96.72,15.67,10.72,9.63,6.80,19.23,14.92,16.40,7.19
96.73,15.67,10.72,9.62,6.80,19.20,14.94,16.38,7.18
96.74,15.69,10.72,9.62,6.80,19.20,14.94,16.40,7.18
96.75,15.67,10.72,9.63,6.81,19.20,14.94,16.38,7.18
96.76,15.69,10.72,9.61,6.80,19.20,14.96,16.38,7.18
96.77,15.69,10.73,9.62,6.82,19.23,14.92,16.38,7.19
96.78,15.69,10.72,9.62,6.80,19.20,14.90,16.40,7.19
96.79,15.69,10.72,9.62,6.81,19.20,14.92,16.40,7.18
96.80,15.69,10.72,9.63,6.80,19.20,14.92,16.40,7.19
96.81,15.69,10.72,9.61,6.81,19.20,14.92,16.40,7.19
96.82,15.69,10.72,9.62,6.80,19.23,14.92,16.40,7.19
96.84,15.69,10.72,9.63,6.80,19.20,14.92,16.40,7.18
96.85,15.67,10.73,9.63,6.80,19.23,14.92,16.40,7.18
96.86,15.67,10.72,9.62,6.80,19.20,14.92,16.40,7.19
96.87,15.67,10.72,9.62,6.80,19.20,14.90,16.38,7.18
96.88,15.67,10.72,9.62,6.81,19.23,14.92,16.40,7.18
96.89,15.67,10.72,9.62,6.81,19.20,14.92,16.40,7.18
96.90,15.67,10.72,9.62,6.81,19.20,14.92,16.40,7.19
96.91,15.69,10.72,9.61,6.80,19.20,14.92,16.40,7.18
96.92,15.67,10.72,9.62,6.80,19.20,14.92,16.40,7.18
96.93,15.67,10.71,9.63,6.80,19.20,14.94,16.40,7.18
96.94,15.69,10.72,9.61,6.80,19.20,14.92,16.40,7.18
96.95,15.67,10.72,9.62,6.81,19.20,14.92,16.38,7.19
96.96,15.67,10.72,9.62,6.80,19.23,14.92,16.40,7.18
96.97,15.69,10.72,9.62,6.80,19.23,14.90,16.38,7.18
96.98,15.69,10.72,9.62,6.80,19.17,14.92,16.40,7.18
96.99,15.67,10.72,9.62,6.80,19.20,14.92,16.38,7.17
97.00,15.67,10.72,9.62,6.80,19.20,14.90,16.38,7.18
97.01,15.69,10.72,9.62,6.81,19.20,14.92,16.40,7.18
97.02,15.67,10.72,9.62,6.80,19.23,14.92,16.40,7.19
97.03,15.67,10.72,9.62,6.80,19.20,14.92,16.38,7.18
97.04,15.69,10.73,9.62,6.82,19.20,14.92,16.36,7.18
97.05,15.69,10.72,9.62,6.80,19.20,14.92,16.38,7.17
97.06,15.69,10.71,9.61,6.80,19.23,14.90,16.38,7.17
97.07,15.69,10.72,9.63,6.80,19.20,14.92,16.40,7.18
97.08,15.67,10.72,9.62,6.80,19.20,14.94,16.40,7.19
97.09,15.67,10.72,9.62,6.80,19.20,14.90,16.40,7.18
97.10,15.67,10.72,9.62,6.79,19.23,14.94,16.36,7.18
97.11,15.69,10.72,9.62,6.80,19.23,14.92,16.38,7.17
97.12,15.67,10.72,9.62,6.81,19.20,14.92,16.38,7.17
97.13,15.69,10.72,9.62,6.80,19.23,14.90,16.40,7.19
97.14,15.67,10.72,9.61,6.81,19.20,14.94,16.38,7.18
97.15,15.67,10.72,9.62,6.81,19.20,14.92,16.40,7.19
97.16,15.67,10.71,9.62,6.80,19.20,14.94,16.38,7.18
97.17,15.67,10.71,9.62,6.80,19.20,14.92,16.43,7.18
97.18,15.69,10.72,9.62,6.80,19.20,14.90,16.38,7.18
97.19,15.69,10.72,9.62,6.80,19.20,14.90,16.40,7.18
97.20,15.69,10.72,9.61,6.80,19.20,14.90,16.40,7.18
97.21,15.67,10.72,9.61,6.80,19.20,14.90,16.40,7.18
97.22,15.67,10.72,9.62,6.80,19.20,14.92,16.38,7.17
97.23,15.69,10.72,9.62,6.81,19.23,14.90,16.38,7.18
97.24,15.67,10.71,9.62,6.80,19.20,14.92,16.40,7.18
97.25,15.67,10.72,9.62,6.80,19.23,14.92,16.40,7.17
97.26,15.67,10.72,9.61,6.81,19.20,14.92,16.40,7.18
97.27,15.67,10.71,9.62,6.79,19.23,14.92,16.38,7.17
97.28,15.67,10.71,9.61,6.80,19.20,14.92,16.40,7.18
97.29,15.67,10.71,9.62,6.79,19.20,14.92,16.40,7.17
97.30,15.67,10.72,9.62,6.80,19.20,14.92,16.40,7.18
97.31,15.67,10.72,9.62,6.80,19.20,14.90,16.40,7.18
97.32,15.67,10.72,9.63,6.80,19.20,14.90,16.38,7.17
97.33,15.67,10.71,9.62,6.80,19.20,14.92,16.38,7.18
97.34,15.67,10.71,9.61,6.81,19.20,14.90,16.40,7.18
97.35,15.67,10.72,9.62,6.79,19.23,14.92,16.40,7.18
97.36,15.67,10.72,9.62,6.80,19.20,14.92,16.38,7.17
97.37,15.69,10.72,9.62,6.80,19.20,14.90,16.40,7.18
97.38,15.69,10.72,9.62,6.79,19.20,14.90,16.38,7.18
97.39,15.69,10.72,9.63,6.81,19.20,14.92,16.38,7.18
97.40,15.67,10.72,9.62,6.79,19.20,14.92,16.38,7.18
97.41,15.67,10.72,9.62,6.81,19.20,14.92,16.38,7.17
97.42,15.67,10.72,9.62,6.80,19.23,14.90,16.40,7.17
97.43,15.67,10.71,9.62,6.80,19.20,14.90,16.40,7.18
97.44,15.69,10.71,9.61,6.81,19.20,14.90,16.40,7.18
97.45,15.67,10.72,9.62,6.80,19.23,14.90,16.38,7.18
97.46,15.67,10.72,9.63,6.80,19.20,14.90,16.38,7.18
97.47,15.67,10.72,9.62,6.79,19.20,14.92,16.38,7.17
97.48,15.67,10.72,9.62,6.81,19.23,14.90,16.38,7.17
97.49,15.67,10.72,9.63,6.79,19.20,14.90,16.40,7.18
97.50,15.67,10.72,9.62,6.79,19.20,14.92,16.40,7.17
97.51,15.69,10.72,9.62,6.79,19.20,14.90,16.40,7.19
97.52,15.67,10.72,9.63,6.80,19.20,14.90,16.40,7.17
97.53,15.67,10.73,9.62,6.79,19.20,14.90,16.38,7.17
97.54,15.67,10.72,9.62,6.80,19.23,14.92,16.38,7.17
97.55,15.69,10.72,9.62,6.80,19.20,14.92,16.40,7.17
97.56,15.67,10.72,9.62,6.79,19.20,14.90,16.40,7.17
97.57,15.67,10.72,9.62,6.79,19.23,14.90,16.40,7.18
97.58,15.67,10.71,9.62,6.79,19.23,14.92,16.40,7.17
97.59,15.67,10.72,9.62,6.80,19.23,14.90,16.40,7.17
97.60,15.67,10.71,9.63,6.80,19.17,14.92,16.38,7.18
97.61,15.69,10.72,9.62,6.80,19.23,14.92,16.38,7.17
97.62,15.67,10.72,9.61,6.80,19.23,14.92,16.38,7.17
97.63,15.69,10.72,9.62,6.79,19.20,14.90,16.40,7.18
97.64,15.67,10.72,9.63,6.79,19.20,14.92,16.40,7.18
97.65,15.67,10.72,9.62,6.79,19.23,14.90,16.40,7.17
97.66,15.67,10.71,9.62,6.81,19.20,14.90,16.38,7.18
97.67,15.67,10.72,9.62,6.81,19.23,14.92,16.38,7.17
97.68,15.65,10.71,9.62,6.79,19.20,14.90,16.38,7.17
97.69,15.69,10.72,9.63,6.81,19.20,14.90,16.40,7.18
97.70,15.67,10.72,9.61,6.79,19.20,14.90,16.40,7.17
97.71,15.67,10.72,9.62,6.79,19.20,14.92,16.38,7.17
97.72,15.67,10.72,9.61,6.79,19.17,14.92,16.40,7.17
97.73,15.67,10.71,9.62,6.79,19.20,14.90,16.40,7.17
97.74,15.67,10.72,9.61,6.80,19.20,14.92,16.40,7.17
97.75,15.67,10.72,9.61,6.79,19.23,14.90,16.40,7.17
97.76,15.69,10.72,9.61,6.79,19.23,14.90,16.40,7.17
97.77,15.67,10.71,9.62,6.79,19.20,14.90,16.38,7.18
97.78,15.67,10.71,9.62,6.80,19.20,14.90,16.40,7.18
97.79,15.67,10.72,9.62,6.81,19.23,14.92,16.40,7.17
97.80,15.67,10.72,9.61,6.80,19.17,14.90,16.38,7.17
97.81,15.67,10.72,9.62,6.79,19.20,14.90,16.38,7.18
97.82,15.67,10.72,9.61,6.80,19.20,14.90,16.40,7.17
97.83,15.67,10.71,9.62,6.80,19.20,14.92,16.38,7.17
97.84,15.67,10.73,9.61,6.79,19.20,14.90,16.40,7.17
97.85,15.67,10.72,9.61,6.79,19.17,14.90,16.40,7.17
97.86,15.69,10.71,9.62,6.80,19.17,14.92,16.40,7.17
97.87,15.67,10.72,9.61,6.80,19.17,14.94,16.38,7.17
97.88,15.67,10.72,9.62,6.79,19.17,14.92,16.38,7.17
97.89,15.67,10.72,9.62,6.80,19.20,14.92,16.38,7.17
97.90,15.67,10.71,9.61,6.80,19.20,14.92,16.38,7.17
97.91,15.67,10.71,9.62,6.80,19.20,14.90,16.40,7.17
97.92,15.69,10.71,9.62,6.81,19.20,14.92,16.40,7.17
97.93,15.67,10.72,9.62,6.79,19.17,14.92,16.38,7.17
97.94,15.67,10.71,9.62,6.79,19.20,14.90,16.38,7.17
97.95,15.67,10.72,9.62,6.79,19.17,14.88,16.38,7.17
97.96,15.67,10.72,9.63,6.79,19.20,14.90,16.38,7.17
97.97,15.67,10.71,9.61,6.79,19.23,14.92,16.38,7.17
97.98,15.67,10.72,9.62,6.79,19.20,14.92,16.43,7.17
97.99,15.67,10.72,9.62,6.79,19.20,14.90,16.38,7.17
98.00,15.67,10.72,9.62,6.79,19.20,14.92,16.40,7.17
98.01,15.67,10.71,9.62,6.78,19.20,14.90,16.40,7.17
98.02,15.69,10.72,9.62,6.80,19.20,14.90,16.38,7.17
98.03,15.67,10.72,9.61,6.79,19.23,14.92,16.38,7.17
98.04,15.67,10.71,9.61,6.80,19.20,14.92,16.40,7.17
98.05,15.67,10.71,9.62,6.79,19.20,14.92,16.40,7.17
98.06,15.67,10.72,9.62,6.79,19.20,14.90,16.40,7.17
98.07,15.69,10.72,9.62,6.78,19.23,14.92,16.40,7.17
98.08,15.67,10.71,9.62,6.79,19.20,14.90,16.38,7.17
98.09,15.67,10.72,9.61,6.79,19.20,14.90,16.38,7.17
98.10,15.67,10.71,9.62,6.80,19.17,14.90,16.38,7.17
98.11,15.67,10.72,9.61,6.79,19.20,14.90,16.40,7.18
98.12,15.69,10.72,9.62,6.78,19.20,14.90,16.40,7.17
98.13,15.67,10.72,9.62,6.79,19.20,14.90,16.40,7.17
98.14,15.67,10.72,9.62,6.79,19.23,14.90,16.40,7.17
98.15,15.67,10.72,9.62,6.79,19.17,14.90,16.38,7.17
98.16,15.69,10.72,9.61,6.79,19.23,14.92,16.38,7.17
98.17,15.67,10.72,9.61,6.79,19.17,14.90,16.38,7.17
98.18,15.67,10.72,9.62,6.79,19.17,14.92,16.40,7.17
98.19,15.65,10.71,9.62,6.79,19.20,14.90,16.38,7.18
98.20,15.67,10.72,9.61,6.79,19.17,14.90,16.40,7.17
98.21,15.67,10.72,9.61,6.80,19.20,14.90,16.38,7.17
98.22,15.67,10.71,9.62,6.79,19.23,14.90,16.40,7.17
98.23,15.67,10.73,9.61,6.79,19.23,14.90,16.38,7.17
98.24,15.67,10.72,9.61,6.79,19.20,14.88,16.36,7.17
98.25,15.67,10.72,9.62,6.80,19.20,14.90,16.36,7.17
98.26,15.67,10.71,9.63,6.79,19.20,14.90,16.38,7.17
98.27,15.67,10.72,9.62,6.79,19.23,14.90,16.38,7.17
98.28,15.67,10.71,9.61,6.79,19.20,14.92,16.40,7.17
98.29,15.67,10.72,9.61,6.79,19.23,14.90,16.38,7.17
98.30,15.67,10.72,9.62,6.79,19.20,14.90,16.40,7.17
98.31,15.67,10.72,9.61,6.79,19.20,14.90,16.38,7.17
98.32,15.67,10.71,9.62,6.79,19.20,14.90,16.38,7.17
98.33,15.67,10.71,9.62,6.79,19.17,14.90,16.40,7.17
98.34,15.69,10.72,9.62,6.79,19.20,14.88,16.38,7.17
98.35,15.67,10.72,9.62,6.79,19.20,14.90,16.38,7.17
98.36,15.67,10.71,9.62,6.79,19.20,14.90,16.40,7.17
98.37,15.67,10.69,9.61,6.80,19.20,14.90,16.38,7.16
98.38,15.67,10.71,9.62,6.80,19.17,14.88,16.38,7.17
98.39,15.67,10.72,9.62,6.79,19.20,14.90,16.40,7.17
98.40,15.67,10.72,9.62,6.79,19.20,14.90,16.43,7.17
98.41,15.67,10.71,9.62,6.79,19.20,14.92,16.40,7.17
98.42,15.67,10.73,9.61,6.79,19.20,14.90,16.38,7.17
98.43,15.69,10.72,9.61,6.80,19.17,14.90,16.40,7.17
98.44,15.67,10.72,9.61,6.79,19.20,14.88,16.38,7.17
98.45,15.67,10.71,9.62,6.79,19.23,14.90,16.40,7.17
98.46,15.67,10.72,9.62,6.79,19.17,14.92,16.40,7.17
98.47,15.67,10.71,9.61,6.79,19.20,14.90,16.38,7.17
98.48,15.67,10.71,9.61,6.79,19.20,14.88,16.38,7.17
98.49,15.67,10.71,9.62,6.79,19.20,14.90,16.40,7.16
98.50,15.67,10.71,9.61,6.79,19.23,14.92,16.38,7.17
98.51,15.67,10.72,9.62,6.80,19.20,14.92,16.40,7.18
98.52,15.67,10.72,9.61,6.79,19.20,14.90,16.40,7.17
98.53,15.67,10.71,9.62,6.79,19.20,14.90,16.40,7.17
98.54,15.67,10.71,9.62,6.79,19.20,14.90,16.38,7.17
98.56,15.67,10.71,9.61,6.79,19.17,14.88,16.38,7.17
98.57,15.67,10.71,9.62,6.79,19.20,14.90,16.38,7.17
98.58,15.67,10.72,9.61,6.79,19.17,14.88,16.38,7.17
98.59,15.67,10.71,9.62,6.79,19.20,14.90,16.40,7.17
98.60,15.67,10.71,9.62,6.78,19.20,14.92,16.38,7.17
98.61,15.67,10.71,9.62,6.79,19.17,14.92,16.38,7.17
98.62,15.67,10.72,9.61,6.79,19.20,14.88,16.40,7.17
98.63,15.67,10.71,9.62,6.79,19.20,14.90,16.40,7.17
98.64,15.67,10.72,9.62,6.79,19.20,14.92,16.40,7.17
98.65,15.67,10.72,9.61,6.79,19.17,14.88,16.40,7.17
98.66,15.67,10.71,9.62,6.79,19.17,14.90,16.40,7.17
98.67,15.67,10.72,9.61,6.79,19.20,14.90,16.38,7.17
98.68,15.67,10.72,9.62,6.79,19.17,14.90,16.38,7.17
98.69,15.67,10.71,9.62,6.79,19.20,14.90,16.38,7.17
98.70,15.69,10.72,9.62,6.79,19.20,14.90,16.38,7.17
98.71,15.67,10.72,9.61,6.79,19.17,14.90,16.40,7.17
98.72,15.67,10.71,9.62,6.79,19.20,14.92,16.40,7.17
98.73,15.67,10.72,9.61,6.79,19.20,14.88,16.38,7.17
98.74,15.67,10.71,9.62,6.79,19.20,14.90,16.43,7.17
98.75,15.67,10.71,9.62,6.79,19.20,14.90,16.38,7.17
98.76,15.67,10.72,9.61,6.79,19.20,14.90,16.40,7.17
98.77,15.67,10.72,9.62,6.79,19.17,14.90,16.38,7.17
98.78,15.67,10.72,9.62,6.78,19.17,14.90,16.38,7.17
98.79,15.67,10.71,9.62,6.79,19.17,14.90,16.38,7.17
98.80,15.67,10.72,9.62,6.79,19.17,14.88,16.38,7.17
98.81,15.67,10.72,9.62,6.80,19.20,14.90,16.38,7.17
98.82,15.67,10.72,9.61,6.79,19.17,14.90,16.40,7.17
98.83,15.67,10.71,9.61,6.79,19.20,14.88,16.40,7.17
98.84,15.67,10.71,9.61,6.78,19.20,14.92,16.40,7.16
98.85,15.67,10.72,9.62,6.79,19.20,14.90,16.40,7.17
98.86,15.67,10.71,9.62,6.79,19.20,14.90,16.40,7.17
98.87,15.67,10.72,9.61,6.78,19.17,14.90,16.40,7.17
98.88,15.67,10.72,9.62,6.79,19.20,14.90,16.40,7.17
98.89,15.67,10.72,9.62,6.78,19.23,14.90,16.36,7.17
98.90,15.67,10.72,9.62,6.79,19.20,14.88,16.38,7.17
98.91,15.67,10.72,9.62,6.78,19.20,14.92,16.38,7.16
98.92,15.67,10.72,9.61,6.78,19.17,14.90,16.40,7.17
98.93,15.67,10.71,9.62,6.79,19.20,14.88,16.40,7.17
98.94,15.67,10.71,9.62,6.79,19.20,14.92,16.38,7.17
98.95,15.65,10.71,9.61,6.79,19.17,14.90,16.40,7.17
98.96,15.67,10.72,9.61,6.79,19.23,14.90,16.38,7.17
98.97,15.67,10.71,9.61,6.78,19.17,14.92,16.38,7.17
98.98,15.67,10.71,9.61,6.78,19.17,14.90,16.38,7.17
98.99,15.67,10.71,9.61,6.78,19.17,14.90,16.40,7.17
99.00,15.67,10.72,9.61,6.79,19.20,14.90,16.38,7.17
99.01,15.67,10.72,9.62,6.79,19.17,14.90,16.38,7.16
99.02,15.67,10.72,9.62,6.79,19.23,14.90,16.40,7.17
99.03,15.67,10.72,9.61,6.78,19.20,14.90,16.38,7.17
99.04,15.67,10.71,9.60,6.78,19.20,14.88,16.38,7.17
99.05,15.67,10.71,9.62,6.78,19.20,14.90,16.38,7.17
99.06,15.67,10.72,9.61,6.79,19.17,14.88,16.38,7.16
99.07,15.67,10.71,9.61,6.78,19.20,14.88,16.40,7.17
99.08,15.65,10.71,9.61,6.78,19.17,14.88,16.38,7.16
99.09,15.67,10.71,9.62,6.79,19.20,14.90,16.38,7.17
99.10,15.67,10.71,9.62,6.79,19.20,14.90,16.36,7.17
99.11,15.67,10.71,9.62,6.78,19.20,14.88,16.40,7.17
99.12,15.67,10.71,9.62,6.79,19.17,14.92,16.40,7.17
99.13,15.67,10.72,9.62,6.79,19.17,14.88,16.38,7.17
99.14,15.69,10.72,9.61,6.79,19.20,14.90,16.38,7.17
99.15,15.67,10.71,9.61,6.78,19.23,14.92,16.38,7.16
99.16,15.67,10.71,9.62,6.78,19.17,14.86,16.38,7.17
99.17,15.67,10.72,9.62,6.78,19.17,14.88,16.38,7.17
99.18,15.67,10.71,9.61,6.79,19.20,14.88,16.38,7.17
99.19,15.67,10.72,9.61,6.79,19.20,14.90,16.38,7.17
99.20,15.67,10.71,9.62,6.79,19.20,14.88,16.38,7.17
99.21,15.67,10.71,9.60,6.79,19.20,14.88,16.40,7.17
99.22,15.67,10.71,9.61,6.78,19.17,14.90,16.38,7.17
99.23,15.67,10.71,9.62,6.77,19.17,14.90,16.38,7.16
99.24,15.67,10.72,9.61,6.79,19.17,14.90,16.38,7.17
99.25,15.67,10.72,9.61,6.78,19.17,14.90,16.40,7.17
99.26,15.67,10.71,9.61,6.78,19.17,14.92,16.38,7.16
99.27,15.67,10.71,9.61,6.79,19.20,14.90,16.40,7.17
99.28,15.69,10.71,9.61,6.79,19.17,14.88,16.40,7.16
99.29,15.67,10.72,9.61,6.78,19.20,14.92,16.36,7.17
99.30,15.69,10.72,9.61,6.79,19.17,14.88,16.38,7.16
99.31,15.67,10.72,9.63,6.78,19.20,14.90,16.38,7.17
99.32,15.67,10.69,9.62,6.79,19.20,14.90,16.38,7.17
99.33,15.67,10.72,9.62,6.78,19.17,14.88,16.36,7.16
99.34,15.67,10.71,9.62,6.79,19.23,14.90,16.38,7.16
99.35,15.67,10.71,9.61,6.78,19.20,14.88,16.38,7.16
99.36,15.67,10.71,9.61,6.79,19.17,14.88,16.38,7.17
99.37,15.67,10.71,9.60,6.78,19.17,14.88,16.40,7.17
99.38,15.67,10.72,9.61,6.78,19.17,14.88,16.40,7.16
99.39,15.67,10.69,9.62,6.79,19.17,14.90,16.36,7.16
99.40,15.65,10.71,9.61,6.79,19.17,14.90,16.40,7.16
99.41,15.67,10.71,9.60,6.78,19.20,14.88,16.38,7.16
99.42,15.67,10.71,9.61,6.78,19.20,14.88,16.36,7.17
99.43,15.67,10.71,9.62,6.79,19.23,14.88,16.40,7.16
99.44,15.67,10.71,9.61,6.78,19.20,14.88,16.38,7.16
99.45,15.67,10.72,9.61,6.78,19.17,14.90,16.40,7.16
99.46,15.67,10.71,9.62,6.78,19.17,14.90,16.38,7.17
99.47,15.67,10.71,9.60,6.78,19.23,14.88,16.36,7.16
99.48,15.67,10.71,9.61,6.78,19.17,14.90,16.38,7.17
99.49,15.67,10.71,9.61,6.79,19.23,14.90,16.38,7.16
99.50,15.67,10.71,9.60,6.79,19.17,14.88,16.40,7.16
99.51,15.67,10.69,9.61,6.78,19.20,14.88,16.38,7.17
99.52,15.65,10.72,9.62,6.79,19.17,14.90,16.38,7.16
99.53,15.67,10.71,9.62,6.78,19.20,14.88,16.38,7.16
99.54,15.67,10.69,9.61,6.78,19.17,14.90,16.38,7.16
99.55,15.67,10.71,9.61,6.78,19.17,14.88,16.40,7.16
99.56,15.67,10.71,9.61,6.78,19.20,14.88,16.38,7.17
99.57,15.67,10.71,9.61,6.78,19.17,14.88,16.38,7.16
99.58,15.69,10.71,9.61,6.78,19.20,14.88,16.38,7.16
99.59,15.67,10.71,9.61,6.78,19.17,14.90,16.38,7.16
99.60,15.67,10.71,9.61,6.78,19.23,14.88,16.38,7.16
99.61,15.67,10.71,9.62,6.78,19.17,14.88,16.38,7.16
99.62,15.67,10.71,9.60,6.78,19.17,14.88,16.38,7.16
99.63,15.67,10.71,9.62,6.78,19.20,14.90,16.40,7.17
99.64,15.67,10.72,9.61,6.78,19.20,14.88,16.38,7.16
99.65,15.67,10.71,9.62,6.78,19.17,14.88,16.38,7.16
99.66,15.67,10.71,9.61,6.78,19.17,14.88,16.38,7.16
99.67,15.67,10.71,9.62,6.78,19.20,14.88,16.38,7.17
99.68,15.67,10.71,9.62,6.78,19.17,14.88,16.38,7.17
99.69,15.67,10.71,9.61,6.78,19.17,14.88,16.38,7.17
99.70,15.67,10.72,9.62,6.78,19.17,14.90,16.38,7.16
99.71,15.67,10.71,9.61,6.78,19.17,14.88,16.38,7.17
99.72,15.67,10.71,9.60,6.78,19.17,14.90,16.40,7.16
99.73,15.67,10.71,9.60,6.79,19.17,14.90,16.40,7.17
99.74,15.67,10.72,9.60,6.79,19.23,14.90,16.38,7.16
99.75,15.67,10.69,9.61,6.79,19.17,14.88,16.38,7.17
99.76,15.67,10.71,9.62,6.78,19.17,14.88,16.36,7.16
99.77,15.67,10.71,9.61,6.78,19.17,14.88,16.38,7.16
99.78,15.67,10.71,9.61,6.77,19.20,14.88,16.38,7.16
99.79,15.67,10.71,9.61,6.77,19.20,14.90,16.38,7.17
99.80,15.67,10.71,9.61,6.78,19.17,14.90,16.36,7.17
99.81,15.65,10.71,9.61,6.78,19.20,14.88,16.38,7.16
99.82,15.67,10.71,9.62,6.78,19.23,14.88,16.40,7.16
99.83,15.67,10.71,9.61,6.77,19.17,14.88,16.38,7.16
99.84,15.67,10.72,9.62,6.79,19.17,14.90,16.38,7.17
99.85,15.67,10.71,9.62,6.77,19.20,14.90,16.38,7.16
99.86,15.67,10.69,9.62,6.78,19.20,14.88,16.38,7.16
99.87,15.67,10.71,9.62,6.78,19.20,14.88,16.40,7.16
99.88,15.67,10.72,9.62,6.78,19.17,14.88,16.36,7.16
99.89,15.67,10.72,9.61,6.78,19.20,14.90,16.40,7.16
99.90,15.67,10.72,9.62,6.77,19.20,14.88,16.40,7.16
99.91,15.67,10.71,9.62,6.77,19.20,14.88,16.43,7.16
99.92,15.67,10.71,9.61,6.78,19.20,14.88,16.38,7.16
99.94,15.67,10.72,9.60,6.78,19.20,14.88,16.40,7.16
99.95,15.67,10.71,9.61,6.77,19.17,14.88,16.40,7.17
99.96,15.67,10.72,9.61,6.78,19.17,14.88,16.38,7.16
99.97,15.67,10.71,9.60,6.78,19.17,14.90,16.38,7.16
99.98,15.67,10.71,9.62,6.79,19.20,14.88,16.40,7.16
99.99,15.67,10.71,9.62,6.78,19.17,14.90,16.40,7.17
100.00,15.67,10.71,9.62,6.79,19.20,14.88,16.40,7.16
100.01,15.67,10.71,9.61,6.78,19.20,14.88,16.40,7.16
100.02,15.67,10.72,9.62,6.77,19.20,14.88,16.40,7.16
100.03,15.67,10.72,9.61,6.77,19.17,14.90,16.38,7.16
100.04,15.67,10.71,9.62,6.78,19.20,14.88,16.38,7.16
100.05,15.67,10.72,9.61,6.78,19.20,14.88,16.38,7.16
100.06,15.67,10.71,9.62,6.78,19.17,14.88,16.38,7.16
100.07,15.67,10.71,9.61,6.77,19.17,14.88,16.38,7.15
100.08,15.67,10.71,9.62,6.78,19.17,14.90,16.38,7.16
100.09,15.67,10.72,9.61,6.78,19.20,14.90,16.40,7.16
100.10,15.67,10.71,9.61,6.78,19.17,14.88,16.40,7.16
100.11,15.65,10.72,9.62,6.79,19.17,14.90,16.40,7.16
100.12,15.67,10.71,9.61,6.79,19.17,14.88,16.38,7.16
100.13,15.67,10.71,9.62,6.78,19.17,14.88,16.38,7.17
100.14,15.67,10.71,9.61,6.78,19.17,14.88,16.40,7.16
100.15,15.67,10.72,9.61,6.77,19.17,14.88,16.38,7.17
100.16,15.65,10.72,9.61,6.77,19.17,14.88,16.38,7.16
100.17,15.67,10.72,9.60,6.78,19.17,14.88,16.40,7.16
100.18,15.67,10.71,9.61,6.79,19.17,14.88,16.36,7.17
100.19,15.67,10.71,9.62,6.78,19.17,14.88,16.38,7.16
100.20,15.67,10.71,9.60,6.79,19.17,14.90,16.40,7.16
100.21,15.67,10.71,9.61,6.77,19.20,14.88,16.40,7.16
100.22,15.67,10.72,9.61,6.78,19.17,14.88,16.38,7.16
100.23,15.67,10.72,9.61,6.77,19.20,14.90,16.38,7.17
100.24,15.65,10.71,9.61,6.79,19.17,14.88,16.38,7.16
100.25,15.67,10.71,9.60,6.77,19.17,14.88,16.40,7.16
100.26,15.65,10.71,9.61,6.77,19.17,14.88,16.38,7.16
100.27,15.67,10.69,9.61,6.77,19.17,14.86,16.38,7.16
100.28,15.67,10.71,9.62,6.78,19.17,14.90,16.38,7.15
100.29,15.67,10.71,9.61,6.79,19.17,14.90,16.38,7.16
100.30,15.67,10.72,9.60,6.78,19.17,14.88,16.38,7.16
100.31,15.67,10.71,9.62,6.77,19.17,14.88,16.38,7.17
100.32,15.67,10.71,9.61,6.77,19.20,14.88,16.38,7.16
100.33,15.67,10.71,9.61,6.77,19.17,14.86,16.38,7.15
100.34,15.67,10.69,9.62,6.78,19.17,14.90,16.40,7.15
100.35,15.67,10.71,9.62,6.78,19.17,14.86,16.40,7.16
100.36,15.67,10.71,9.61,6.78,19.17,14.90,16.38,7.15
100.37,15.67,10.72,9.60,6.79,19.17,14.88,16.40,7.16
100.38,15.67,10.71,9.60,6.77,19.17,14.88,16.38,7.15
100.39,15.67,10.71,9.62,6.78,19.17,14.88,16.38,7.16
100.40,15.67,10.71,9.62,6.78,19.17,14.88,16.40,7.16
100.41,15.67,10.71,9.61,6.77,19.20,14.88,16.38,7.16
100.42,15.67,10.71,9.61,6.77,19.17,14.88,16.38,7.16
100.43,15.67,10.71,9.61,6.78,19.20,14.90,16.40,7.16
100.44,15.67,10.72,9.61,6.79,19.17,14.88,16.40,7.16
100.45,15.67,10.72,9.62,6.78,19.17,14.88,16.40,7.16
100.46,15.67,10.71,9.62,6.78,19.17,14.88,16.40,7.16
100.47,15.67,10.71,9.62,6.77,19.20,14.88,16.38,7.16
100.48,15.67,10.72,9.62,6.79,19.20,14.88,16.38,7.15
100.49,15.67,10.71,9.62,6.77,19.17,14.88,16.38,7.15
100.50,15.67,10.71,9.61,6.78,19.20,14.88,16.40,7.16
100.51,15.67,10.72,9.62,6.77,19.17,14.90,16.36,7.16
100.52,15.67,10.71,9.61,6.79,19.17,14.90,16.40,7.15
100.53,15.67,10.71,9.62,6.77,19.17,14.88,16.38,7.15
100.54,15.67,10.72,9.62,6.78,19.17,14.88,16.38,7.16
100.55,15.67,10.71,9.61,6.77,19.17,14.88,16.36,7.15
100.56,15.67,10.69,9.61,6.77,19.17,14.88,16.40,7.15
100.57,15.67,10.72,9.61,6.77,19.20,14.86,16.38,7.15
100.58,15.67,10.71,9.61,6.77,19.17,14.90,16.38,7.16
100.59,15.67,10.71,9.61,6.77,19.17,14.88,16.40,7.16
100.60,15.67,10.71,9.61,6.77,19.17,14.88,16.40,7.16
100.61,15.67,10.71,9.61,6.77,19.20,14.90,16.40,7.16
100.62,15.67,10.71,9.61,6.79,19.17,14.88,16.40,7.16
100.63,15.67,10.72,9.61,6.79,19.20,14.88,16.38,7.15
100.64,15.67,10.71,9.62,6.79,19.17,14.88,16.38,7.15
100.65,15.65,10.71,9.62,6.78,19.20,14.88,16.36,7.15
100.66,15.65,10.72,9.61,6.78,19.17,14.88,16.40,7.16
100.67,15.67,10.71,9.61,6.78,19.20,14.88,16.38,7.15
100.68,15.67,10.71,9.61,6.78,19.17,14.88,16.40,7.15
100.69,15.67,10.72,9.61,6.77,19.17,14.88,16.40,7.16
100.70,15.67,10.71,9.61,6.78,19.17,14.86,16.40,7.15
100.71,15.67,10.71,9.60,6.77,19.17,14.88,16.40,7.16
100.72,15.67,10.71,9.60,6.77,19.20,14.86,16.38,7.16
100.73,15.67,10.72,9.61,6.79,19.20,14.88,16.38,7.15
100.74,15.67,10.71,9.62,6.77,19.17,14.90,16.38,7.16
100.75,15.67,10.71,9.62,6.78,19.17,14.88,16.40,7.15
100.76,15.67,10.71,9.61,6.77,19.17,14.88,16.38,7.15
100.77,15.67,10.71,9.61,6.77,19.17,14.88,16.38,7.16
100.78,15.67,10.71,9.61,6.77,19.17,14.88,16.40,7.16
100.79,15.67,10.71,9.62,6.78,19.20,14.88,16.40,7.15
100.80,15.67,10.72,9.60,6.79,19.17,14.88,16.38,7.15
100.81,15.67,10.71,9.61,6.77,19.17,14.88,16.40,7.16
100.82,15.67,10.71,9.62,6.77,19.20,14.86,16.38,7.16
100.83,15.67,10.69,9.61,6.77,19.17,14.88,16.38,7.16
100.84,15.67,10.71,9.61,6.77,19.17,14.90,16.38,7.16
100.85,15.67,10.72,9.61,6.78,19.17,14.88,16.40,7.16
100.86,15.67,10.71,9.62,6.78,19.17,14.86,16.40,7.16
100.87,15.67,10.71,9.62,6.77,19.17,14.88,16.38,7.15
100.88,15.65,10.71,9.61,6.77,19.17,14.88,16.40,7.16
100.89,15.67,10.69,9.60,6.78,19.17,14.88,16.40,7.15
100.90,15.67,10.71,9.62,6.77,19.17,14.88,16.36,7.16
100.91,15.67,10.71,9.61,6.77,19.17,14.90,16.40,7.15
100.92,15.67,10.69,9.62,6.78,19.17,14.88,16.40,7.15
100.93,15.67,10.72,9.62,6.79,19.17,14.86,16.40,7.15
100.94,15.67,10.71,9.61,6.78,19.17,14.88,16.38,7.15
100.95,15.65,10.71,9.61,6.78,19.17,14.88,16.38,7.15
100.96,15.65,10.72,9.62,6.78,19.17,14.88,16.40,7.15
100.97,15.67,10.71,9.62,6.77,19.20,14.90,16.38,7.15
100.98,15.67,10.71,9.61,6.77,19.20,14.86,16.40,7.16
100.99,15.67,10.71,9.61,6.77,19.17,14.88,16.40,7.16
101.00,15.67,10.71,9.61,6.77,19.17,14.88,16.40,7.15
101.01,15.67,10.69,9.61,6.78,19.17,14.88,16.38,7.16
101.02,15.67,10.71,9.61,6.77,19.17,14.88,16.38,7.16
101.03,15.67,10.71,9.60,6.78,19.20,14.88,16.40,7.16
101.04,15.67,10.71,9.61,6.76,19.17,14.88,16.38,7.15
101.05,15.67,10.71,9.61,6.77,19.17,14.88,16.40,7.15
101.06,15.67,10.71,9.61,6.77,19.20,14.88,16.40,7.16
101.07,15.67,10.69,9.62,6.78,19.17,14.86,16.38,7.16
101.08,15.67,10.71,9.61,6.77,19.17,14.86,16.40,7.15
101.09,15.65,10.71,9.60,6.77,19.20,14.86,16.38,7.15
101.10,15.67,10.69,9.62,6.77,19.20,14.90,16.40,7.16
101.11,15.67,10.69,9.61,6.78,19.17,14.88,16.38,7.15
101.12,15.67,10.72,9.60,6.77,19.17,14.88,16.40,7.16
101.13,15.67,10.71,9.61,6.77,19.17,14.90,16.38,7.15
101.14,15.67,10.69,9.61,6.77,19.20,14.90,16.38,7.15
101.15,15.65,10.71,9.61,6.77,19.17,14.88,16.38,7.15
101.16,15.67,10.71,9.61,6.77,19.20,14.86,16.40,7.15
101.17,15.67,10.71,9.61,6.77,19.17,14.86,16.40,7.15
101.18,15.67,10.71,9.61,6.78,19.17,14.86,16.38,7.15
101.19,15.67,10.71,9.61,6.77,19.17,14.88,16.38,7.14
101.20,15.67,10.71,9.60,6.77,19.17,14.88,16.38,7.15
101.21,15.67,10.72,9.61,6.78,19.17,14.86,16.38,7.15
101.22,15.67,10.71,9.61,6.77,19.17,14.86,16.38,7.15
101.23,15.67,10.69,9.62,6.77,19.17,14.86,16.40,7.16
101.24,15.67,10.71,9.61,6.77,19.17,14.90,16.38,7.15
101.25,15.67,10.72,9.61,6.78,19.17,14.88,16.38,7.15
101.26,15.67,10.69,9.61,6.78,19.17,14.86,16.43,7.15
101.27,15.67,10.69,9.60,6.77,19.17,14.88,16.38,7.15
101.28,15.67,10.71,9.62,6.77,19.17,14.86,16.38,7.16
101.29,15.67,10.71,9.61,6.77,19.17,14.86,16.36,7.16
101.30,15.67,10.69,9.61,6.78,19.20,14.86,16.38,7.15
101.31,15.67,10.71,9.60,6.78,19.17,14.86,16.38,7.14
101.32,15.67,10.72,9.61,6.77,19.17,14.88,16.38,7.15
101.33,15.67,10.69,9.61,6.77,19.20,14.86,16.38,7.15
101.34,15.67,10.71,9.61,6.77,19.17,14.86,16.38,7.15
101.35,15.67,10.71,9.62,6.78,19.20,14.86,16.38,7.16
101.36,15.67,10.69,9.62,6.77,19.17,14.86,16.38,7.14
101.37,15.67,10.71,9.62,6.78,19.17,14.88,16.40,7.16
101.38,15.67,10.69,9.62,6.78,19.17,14.88,16.40,7.15
101.39,15.67,10.71,9.61,6.77,19.17,14.86,16.38,7.15
101.40,15.67,10.69,9.61,6.77,19.17,14.86,16.38,7.16
101.41,15.67,10.71,9.60,6.77,19.17,14.90,16.38,7.15
101.42,15.67,10.71,9.61,6.78,19.17,14.86,16.36,7.15
101.43,15.67,10.71,9.61,6.77,19.17,14.86,16.38,7.14
101.44,15.67,10.72,9.61,6.77,19.17,14.86,16.38,7.14
101.45,15.65,10.71,9.61,6.77,19.17,14.88,16.38,7.15
101.46,15.65,10.71,9.62,6.77,19.17,14.86,16.40,7.16
101.47,15.67,10.69,9.62,6.79,19.17,14.86,16.36,7.15
101.49,15.67,10.71,9.61,6.77,19.17,14.86,16.38,7.15
101.50,15.67,10.71,9.61,6.77,19.17,14.88,16.38,7.15
101.51,15.67,10.71,9.60,6.77,19.17,14.88,16.38,7.16
101.52,15.67,10.71,9.61,6.78,19.20,14.86,16.38,7.15
101.53,15.65,10.71,9.61,6.76,19.17,14.86,16.40,7.16
101.54,15.67,10.72,9.60,6.77,19.17,14.86,16.40,7.15
101.55,15.67,10.72,9.60,6.78,19.17,14.86,16.36,7.14
101.56,15.67,10.72,9.61,6.77,19.17,14.86,16.38,7.16
101.57,15.67,10.71,9.61,6.77,19.15,14.86,16.38,7.15
101.58,15.67,10.71,9.61,6.76,19.17,14.86,16.38,7.15
101.59,15.67,10.71,9.60,6.77,19.17,14.86,16.38,7.16
101.60,15.65,10.72,9.61,6.76,19.17,14.86,16.38,7.16
101.61,15.65,10.71,9.61,6.78,19.17,14.90,16.40,7.16
101.62,15.65,10.71,9.62,6.77,19.17,14.86,16.38,7.15
101.63,15.65,10.69,9.61,6.77,19.15,14.86,16.38,7.14
101.64,15.65,10.71,9.62,6.77,19.17,14.88,16.38,7.14
101.65,15.65,10.69,9.61,6.76,19.17,14.88,16.38,7.15
101.66,15.65,10.71,9.62,6.78,19.17,14.86,16.38,7.14
101.67,15.65,10.71,9.61,6.77,19.17,14.86,16.38,7.14
101.68,15.67,10.71,9.61,6.77,19.17,14.88,16.40,7.15
101.69,15.67,10.72,9.61,6.76,19.20,14.86,16.40,7.16
101.70,15.65,10.69,9.62,6.77,19.17,14.88,16.38,7.15
101.71,15.67,10.69,9.60,6.77,19.17,14.88,16.36,7.15
101.72,15.65,10.69,9.61,6.77,19.17,14.88,16.38,7.14
101.73,15.67,10.69,9.61,6.77,19.15,14.86,16.38,7.15
101.74,15.67,10.69,9.62,6.77,19.20,14.88,16.38,7.15
101.75,15.67,10.71,9.61,6.77,19.17,14.86,16.40,7.14
101.76,15.67,10.71,9.61,6.77,19.20,14.86,16.36,7.14
101.77,15.67,10.69,9.62,6.78,19.20,14.86,16.40,7.14
101.78,15.65,10.71,9.62,6.78,19.20,14.88,16.38,7.14
101.79,15.65,10.69,9.60,6.77,19.17,14.88,16.38,7.14
101.80,15.65,10.71,9.60,6.77,19.15,14.84,16.38,7.15
101.81,15.65,10.69,9.60,6.77,19.17,14.88,16.36,7.15
101.82,15.67,10.71,9.62,6.77,19.17,14.88,16.40,7.15
101.83,15.67,10.71,9.60,6.76,19.17,14.86,16.38,7.14
101.84,15.65,10.71,9.61,6.77,19.17,14.88,16.40,7.14
101.85,15.65,10.69,9.60,6.77,19.17,14.88,16.38,7.16
101.86,15.65,10.69,9.60,6.77,19.20,14.88,16.38,7.14
101.87,15.67,10.71,9.60,6.77,19.17,14.88,16.38,7.14
101.88,15.65,10.69,9.60,6.77,19.17,14.86,16.38,7.15
101.89,15.65,10.71,9.60,6.77,19.17,14.86,16.38,7.15
101.90,15.65,10.71,9.61,6.77,19.17,14.86,16.36,7.16
101.91,15.67,10.71,9.61,6.77,19.17,14.86,16.36,7.14
101.92,15.65,10.71,9.62,6.77,19.15,14.86,16.40,7.14
101.93,15.65,10.69,9.60,6.76,19.17,14.88,16.36,7.14
101.94,15.65,10.69,9.61,6.77,19.15,14.86,16.38,7.13
101.95,15.67,10.71,9.60,6.77,19.17,14.86,16.40,7.16
101.96,15.65,10.71,9.61,6.78,19.15,14.86,16.38,7.15
101.97,15.67,10.69,9.61,6.78,19.15,14.88,16.38,7.15
101.98,15.65,10.71,9.60,6.78,19.15,14.86,16.40,7.14
101.99,15.65,10.69,9.61,6.77,19.17,14.84,16.38,7.14
102.00,15.67,10.69,9.60,6.76,19.17,14.86,16.38,7.14
102.01,15.67,10.69,9.60,6.77,19.17,14.86,16.38,7.14
102.02,15.65,10.69,9.60,6.76,19.17,14.84,16.36,7.14
102.04,15.65,10.71,9.61,6.77,19.17,14.88,16.38,7.15
102.05,15.67,10.69,9.60,6.77,19.15,14.86,16.38,7.14
102.06,15.65,10.69,9.61,6.76,19.15,14.86,16.40,7.14
102.07,15.65,10.71,9.61,6.76,19.15,14.88,16.38,7.14
102.08,15.67,10.69,9.61,6.77,19.17,14.88,16.40,7.15
102.09,15.65,10.69,9.61,6.78,19.17,14.84,16.36,7.14
102.10,15.67,10.69,9.61,6.77,19.15,14.84,16.36,7.16
102.11,15.65,10.72,9.61,6.76,19.17,14.86,16.38,7.14
102.12,15.67,10.69,9.61,6.77,19.17,14.86,16.38,7.14
102.13,15.65,10.69,9.60,6.77,19.15,14.86,16.38,7.14
102.14,15.67,10.69,9.61,6.76,19.17,14.86,16.38,7.15
102.15,15.65,10.72,9.60,6.76,19.17,14.86,16.38,7.14
102.16,15.67,10.69,9.60,6.76,19.17,14.86,16.40,7.14
102.17,15.65,10.71,9.60,6.78,19.20,14.86,16.36,7.14
102.18,15.65,10.69,9.60,6.76,19.20,14.86,16.36,7.14
102.19,15.67,10.69,9.60,6.76,19.17,14.84,16.36,7.14
102.20,15.67,10.71,9.60,6.77,19.20,14.88,16.36,7.14
102.21,15.65,10.71,9.60,6.77,19.17,14.84,16.36,7.14
102.22,15.65,10.69,9.62,6.76,19.17,14.84,16.38,7.14
102.23,15.65,10.69,9.62,6.77,19.17,14.86,16.40,7.14
102.24,15.65,10.69,9.62,6.77,19.17,14.84,16.38,7.15
102.25,15.65,10.69,9.60,6.76,19.17,14.86,16.36,7.14
102.26,15.65,10.69,9.62,6.76,19.17,14.86,16.38,7.14
102.27,15.67,10.71,9.61,6.77,19.17,14.84,16.36,7.14
102.28,15.67,10.72,9.60,6.76,19.17,14.86,16.36,7.14
102.29,15.65,10.71,9.61,6.77,19.15,14.84,16.36,7.14
102.30,15.67,10.71,9.60,6.78,19.15,14.88,16.38,7.15
102.31,15.65,10.71,9.60,6.76,19.15,14.86,16.38,7.15
102.32,15.65,10.69,9.60,6.76,19.15,14.86,16.38,7.15
102.33,15.65,10.71,9.60,6.76,19.17,14.86,16.38,7.14
102.34,15.65,10.69,9.60,6.76,19.15,14.88,16.36,7.13
102.35,15.67,10.71,9.60,6.77,19.15,14.84,16.38,7.13
102.36,15.67,10.71,9.61,6.76,19.15,14.86,16.38,7.14
102.37,15.67,10.71,9.60,6.77,19.17,14.86,16.38,7.14
102.38,15.65,10.69,9.60,6.76,19.15,14.86,16.38,7.14
102.39,15.65,10.72,9.60,6.77,19.17,14.88,16.36,7.14
102.40,15.65,10.69,9.61,6.77,19.15,14.88,16.36,7.14
102.41,15.65,10.69,9.60,6.77,19.17,14.86,16.38,7.14
102.42,15.65,10.71,9.61,6.77,19.17,14.88,16.38,7.13
102.43,15.65,10.71,9.60,6.76,19.17,14.86,16.36,7.15
102.44,15.67,10.69,9.61,6.76,19.17,14.86,16.36,7.14
102.45,15.65,10.68,9.61,6.77,19.17,14.84,16.38,7.14
102.46,15.65,10.69,9.60,6.76,19.15,14.84,16.40,7.14
102.47,15.65,10.71,9.61,6.77,19.15,14.86,16.38,7.14
102.48,15.65,10.69,9.61,6.76,19.15,14.86,16.36,7.14
102.49,15.65,10.71,9.60,6.75,19.17,14.84,16.36,7.13
102.50,15.65,10.69,9.61,6.77,19.17,14.86,16.38,7.14
102.51,15.65,10.71,9.60,6.76,19.15,14.86,16.38,7.15
102.52,15.65,10.69,9.60,6.76,19.17,14.86,16.38,7.14
102.53,15.67,10.69,9.60,6.76,19.17,14.86,16.36,7.13
102.54,15.67,10.69,9.60,6.76,19.15,14.86,16.40,7.14
102.55,15.65,10.69,9.61,6.77,19.17,14.88,16.36,7.13
102.56,15.65,10.69,9.60,6.76,19.15,14.86,16.38,7.14
102.57,15.65,10.69,9.61,6.76,19.17,14.84,16.36,7.13
102.58,15.65,10.71,9.60,6.76,19.15,14.88,16.36,7.14
102.59,15.65,10.69,9.60,6.76,19.17,14.88,16.38,7.14
102.60,15.65,10.71,9.61,6.76,19.15,14.86,16.36,7.14
102.61,15.65,10.69,9.61,6.76,19.17,14.86,16.38,7.14
102.62,15.67,10.68,9.61,6.76,19.15,14.84,16.36,7.14
102.63,15.65,10.71,9.60,6.77,19.15,14.84,16.38,7.14
102.64,15.65,10.71,9.61,6.76,19.17,14.84,16.36,7.14
102.65,15.65,10.68,9.60,6.76,19.17,14.86,16.36,7.13
102.66,15.67,10.69,9.61,6.76,19.15,14.84,16.40,7.13
102.67,15.67,10.71,9.62,6.77,19.17,14.86,16.38,7.14
102.68,15.65,10.68,9.60,6.76,19.15,14.84,16.36,7.14
102.69,15.65,10.69,9.60,6.77,19.15,14.86,16.36,7.13
102.70,15.65,10.69,9.60,6.76,19.15,14.84,16.38,7.14
102.71,15.65,10.71,9.61,6.77,19.17,14.84,16.36,7.15
102.72,15.65,10.68,9.60,6.77,19.17,14.88,16.36,7.13
102.73,15.67,10.69,9.60,6.76,19.17,14.86,16.38,7.14
102.74,15.65,10.71,9.61,6.77,19.15,14.84,16.36,7.14
102.75,15.65,10.69,9.60,6.76,19.15,14.84,16.36,7.14
102.77,15.67,10.69,9.60,6.76,19.17,14.88,16.38,7.14
102.78,15.65,10.71,9.61,6.77,19.15,14.82,16.36,7.14
102.79,15.67,10.71,9.61,6.76,19.15,14.86,16.36,7.12
102.80,15.65,10.69,9.60,6.76,19.15,14.84,16.38,7.14
102.81,15.65,10.69,9.60,6.77,19.15,14.84,16.36,7.13
102.82,15.65,10.68,9.61,6.76,19.15,14.86,16.36,7.14
102.83,15.65,10.69,9.60,6.76,19.17,14.84,16.36,7.15
102.84,15.67,10.68,9.61,6.77,19.17,14.84,16.40,7.14
102.85,15.65,10.69,9.60,6.76,19.15,14.84,16.40,7.14
102.88,15.65,10.68,9.60,6.76,19.15,14.84,16.38,7.14
102.88,15.65,10.69,9.60,6.76,19.17,14.84,16.36,7.13
102.89,15.67,10.69,9.60,6.76,19.17,14.84,16.36,7.14
102.90,15.65,10.71,9.60,6.75,19.15,14.88,16.34,7.14
102.91,15.63,10.69,9.62,6.76,19.17,14.84,16.36,7.13
102.92,15.65,10.69,9.60,6.76,19.15,14.84,16.36,7.14
102.93,15.65,10.69,9.61,6.76,19.15,14.84,16.38,7.15
102.94,15.65,10.69,9.61,6.76,19.15,14.84,16.36,7.14
102.95,15.63,10.69,9.60,6.76,19.17,14.84,16.38,7.13
102.96,15.65,10.69,9.60,6.76,19.15,14.84,16.40,7.13
102.97,15.65,10.69,9.61,6.76,19.17,14.88,16.36,7.13
102.98,15.65,10.71,9.62,6.77,19.17,14.86,16.36,7.13
102.99,15.65,10.68,9.62,6.77,19.15,14.84,16.36,7.13
103.00,15.65,10.69,9.61,6.77,19.15,14.86,16.36,7.13
103.01,15.65,10.69,9.60,6.76,19.15,14.84,16.36,7.13
103.02,15.65,10.69,9.61,6.76,19.15,14.84,16.36,7.14
103.03,15.65,10.69,9.60,6.76,19.17,14.84,16.36,7.14
103.04,15.65,10.69,9.60,6.76,19.15,14.84,16.38,7.14
103.05,15.65,10.71,9.61,6.76,19.15,14.84,16.36,7.14
103.06,15.65,10.71,9.60,6.76,19.15,14.84,16.36,7.15
103.07,15.65,10.69,9.60,6.76,19.15,14.84,16.36,7.14
103.08,15.65,10.69,9.61,6.76,19.17,14.84,16.36,7.14
103.09,15.65,10.71,9.61,6.76,19.15,14.84,16.36,7.15
103.10,15.65,10.69,9.60,6.75,19.15,14.84,16.36,7.13
103.11,15.67,10.69,9.60,6.77,19.15,14.84,16.36,7.13
103.12,15.65,10.71,9.60,6.76,19.20,14.86,16.36,7.13
103.13,15.65,10.68,9.60,6.76,19.17,14.84,16.36,7.13
103.14,15.65,10.68,9.60,6.76,19.15,14.84,16.40,7.14
103.15,15.65,10.71,9.61,6.75,19.17,14.84,16.36,7.13
103.16,15.65,10.68,9.60,6.75,19.15,14.84,16.36,7.13
103.17,15.65,10.69,9.62,6.76,19.17,14.84,16.36,7.14
103.18,15.65,10.69,9.60,6.77,19.17,14.84,16.36,7.13
103.19,15.65,10.69,9.60,6.75,19.17,14.84,16.36,7.14
103.20,15.65,10.69,9.60,6.76,19.17,14.84,16.38,7.13
103.21,15.65,10.69,9.60,6.77,19.15,14.84,16.40,7.13
103.22,15.65,10.69,9.61,6.76,19.15,14.84,16.36,7.13
103.23,15.65,10.71,9.61,6.76,19.15,14.84,16.34,7.14
103.24,15.65,10.69,9.61,6.76,19.15,14.84,16.36,7.13
103.25,15.65,10.69,9.60,6.76,19.15,14.86,16.36,7.14
103.26,15.65,10.69,9.61,6.77,19.17,14.86,16.36,7.12
103.27,15.65,10.71,9.61,6.77,19.15,14.84,16.36,7.13
103.28,15.65,10.69,9.58,6.75,19.15,14.84,16.36,7.13
103.29,15.65,10.69,9.60,6.76,19.17,14.84,16.36,7.14
103.30,15.65,10.68,9.61,6.76,19.15,14.84,16.36,7.13
103.31,15.65,10.69,9.58,6.76,19.17,14.86,16.36,7.14
103.32,15.65,10.69,9.60,6.75,19.15,14.84,16.38,7.14
103.33,15.65,10.69,9.61,6.76,19.15,14.86,16.36,7.13
103.34,15.67,10.71,9.60,6.76,19.17,14.84,16.38,7.14
103.35,15.65,10.68,9.61,6.76,19.17,14.84,16.36,7.12
103.36,15.65,10.69,9.60,6.76,19.15,14.84,16.38,7.13
103.37,15.65,10.69,9.61,6.76,19.15,14.84,16.38,7.13
103.38,15.65,10.69,9.60,6.76,19.15,14.84,16.36,7.13
103.39,15.65,10.69,9.60,6.77,19.15,14.86,16.36,7.13
103.40,15.65,10.69,9.60,6.75,19.15,14.86,16.38,7.13
103.41,15.65,10.68,9.60,6.76,19.17,14.84,16.36,7.13
103.42,15.65,10.69,9.60,6.75,19.15,14.86,16.38,7.13
103.43,15.65,10.71,9.60,6.75,19.17,14.84,16.38,7.12
103.44,15.65,10.69,9.60,6.75,19.15,14.84,16.36,7.14
103.45,15.65,10.69,9.60,6.76,19.17,14.84,16.38,7.14
103.46,15.63,10.69,9.61,6.75,19.15,14.84,16.38,7.14
103.47,15.65,10.68,9.60,6.75,19.15,14.84,16.36,7.13
103.48,15.65,10.71,9.60,6.76,19.15,14.88,16.38,7.13
103.49,15.67,10.69,9.60,6.75,19.15,14.86,16.36,7.13
103.50,15.67,10.69,9.60,6.76,19.15,14.84,16.36,7.13
103.51,15.65,10.69,9.60,6.75,19.15,14.86,16.36,7.12
103.52,15.65,10.69,9.60,6.76,19.17,14.84,16.36,7.13
103.53,15.65,10.69,9.61,6.76,19.15,14.84,16.36,7.13
103.54,15.65,10.69,9.61,6.75,19.15,14.84,16.36,7.13
103.55,15.65,10.69,9.60,6.76,19.15,14.84,16.36,7.13
103.56,15.65,10.69,9.61,6.75,19.15,14.84,16.36,7.13
103.57,15.65,10.71,9.60,6.75,19.15,14.84,16.36,7.13
103.58,15.65,10.68,9.60,6.76,19.15,14.84,16.36,7.14
103.59,15.65,10.69,9.60,6.75,19.17,14.86,16.36,7.13
103.60,15.65,10.69,9.60,6.76,19.15,14.84,16.36,7.13
103.61,15.65,10.68,9.60,6.75,19.17,14.84,16.36,7.12
103.62,15.65,10.68,9.60,6.75,19.17,14.84,16.36,7.13
103.63,15.65,10.69,9.60,6.76,19.15,14.84,16.36,7.12
103.64,15.65,10.69,9.60,6.75,19.15,14.84,16.38,7.12
103.65,15.67,10.71,9.60,6.75,19.15,14.86,16.36,7.13
103.66,15.65,10.69,9.60,6.76,19.15,14.84,16.38,7.13
103.67,15.65,10.69,9.61,6.75,19.17,14.84,16.36,7.12
103.68,15.65,10.68,9.61,6.75,19.15,14.84,16.38,7.12
103.69,15.65,10.69,9.60,6.75,19.17,14.84,16.38,7.13
103.70,15.65,10.69,9.60,6.76,19.15,14.84,16.38,7.13
103.71,15.65,10.69,9.60,6.76,19.15,14.84,16.36,7.13
103.72,15.65,10.68,9.62,6.77,19.15,14.86,16.36,7.13
103.73,15.65,10.69,9.61,6.76,19.15,14.86,16.38,7.13
103.74,15.65,10.69,9.60,6.75,19.17,14.84,16.38,7.13
103.75,15.65,10.69,9.60,6.76,19.15,14.84,16.38,7.12
103.76,15.65,10.69,9.60,6.75,19.15,14.84,16.36,7.13
103.77,15.65,10.69,9.60,6.75,19.15,14.84,16.36,7.12
103.78,15.65,10.69,9.60,6.75,19.15,14.84,16.36,7.13
103.79,15.65,10.69,9.60,6.75,19.15,14.84,16.40,7.12
103.80,15.65,10.69,9.60,6.77,19.15,14.84,16.36,7.13
103.81,15.65,10.69,9.61,6.75,19.15,14.84,16.38,7.13
103.82,15.65,10.69,9.61,6.76,19.15,14.84,16.36,7.12
103.83,15.65,10.69,9.60,6.76,19.15,14.84,16.38,7.14
103.84,15.65,10.69,9.60,6.75,19.15,14.84,16.38,7.12
103.85,15.65,10.69,9.60,6.75,19.15,14.84,16.38,7.13
103.86,15.65,10.68,9.60,6.75,19.15,14.84,16.36,7.12
103.87,15.65,10.68,9.60,6.77,19.12,14.84,16.36,7.13
103.88,15.65,10.68,9.61,6.75,19.15,14.86,16.36,7.13
103.89,15.65,10.68,9.60,6.75,19.15,14.84,16.36,7.13
103.90,15.65,10.71,9.58,6.75,19.17,14.86,16.36,7.13
103.91,15.65,10.69,9.61,6.75,19.17,14.84,16.36,7.13
103.92,15.65,10.69,9.62,6.77,19.15,14.86,16.36,7.12
103.93,15.65,10.69,9.60,6.75,19.15,14.84,16.36,7.12
103.94,15.65,10.69,9.60,6.75,19.17,14.84,16.36,7.12
103.95,15.65,10.69,9.60,6.76,19.17,14.86,16.36,7.13
103.96,15.65,10.71,9.60,6.75,19.17,14.84,16.36,7.13
103.97,15.67,10.69,9.60,6.75,19.15,14.84,16.36,7.13
103.98,15.65,10.69,9.61,6.76,19.15,14.84,16.36,7.12
103.99,15.65,10.71,9.60,6.75,19.15,14.84,16.36,7.13
104.00,15.65,10.68,9.60,6.76,19.17,14.86,16.36,7.13
104.01,15.65,10.69,9.60,6.76,19.15,14.84,16.36,7.13
104.02,15.65,10.69,9.60,6.75,19.17,14.84,16.38,7.12
104.03,15.65,10.69,9.60,6.75,19.15,14.84,16.36,7.12
104.04,15.63,10.68,9.61,6.76,19.15,14.84,16.36,7.12
104.05,15.65,10.69,9.61,6.75,19.15,14.84,16.36,7.12
104.06,15.65,10.68,9.60,6.77,19.15,14.84,16.38,7.13
104.07,15.63,10.69,9.61,6.75,19.15,14.86,16.38,7.12
104.08,15.67,10.69,9.60,6.76,19.17,14.84,16.36,7.12
104.09,15.67,10.69,9.60,6.75,19.15,14.84,16.36,7.12
104.10,15.65,10.69,9.58,6.76,19.15,14.84,16.36,7.13
104.11,15.65,10.68,9.60,6.75,19.15,14.84,16.36,7.13
104.12,15.65,10.69,9.60,6.75,19.15,14.84,16.38,7.13
104.13,15.65,10.69,9.61,6.75,19.17,14.84,16.36,7.12
104.14,15.65,10.69,9.60,6.75,19.15,14.84,16.36,7.13
104.15,15.63,10.69,9.60,6.75,19.17,14.84,16.38,7.13
104.16,15.65,10.69,9.60,6.75,19.15,14.84,16.38,7.12
104.17,15.65,10.69,9.60,6.76,19.17,14.84,16.40,7.12
104.18,15.65,10.69,9.60,6.76,19.15,14.84,16.38,7.12
104.19,15.65,10.68,9.60,6.76,19.17,14.84,16.36,7.13
104.20,15.65,10.69,9.61,6.75,19.15,14.84,16.38,7.12
104.21,15.65,10.68,9.61,6.75,19.15,14.84,16.36,7.12
104.22,15.65,10.69,9.60,6.75,19.15,14.86,16.36,7.12
104.23,15.65,10.69,9.58,6.75,19.15,14.84,16.40,7.12
104.24,15.65,10.71,9.60,6.75,19.15,14.86,16.38,7.14
104.25,15.65,10.69,9.60,6.75,19.15,14.84,16.36,7.12
104.26,15.65,10.69,9.60,6.75,19.15,14.84,16.36,7.12
104.27,15.65,10.68,9.60,6.76,19.15,14.82,16.36,7.13
104.28,15.65,10.68,9.60,6.75,19.15,14.84,16.38,7.12
104.29,15.65,10.69,9.60,6.75,19.17,14.84,16.36,7.12
104.30,15.65,10.69,9.60,6.75,19.15,14.84,16.36,7.13
104.31,15.65,10.68,9.60,6.77,19.17,14.84,16.36,7.12
104.32,15.65,10.68,9.60,6.75,19.15,14.84,16.36,7.12
104.33,15.65,10.69,9.60,6.77,19.15,14.86,16.36,7.13
104.34,15.65,10.69,9.60,6.76,19.15,14.84,16.36,7.13
104.35,15.65,10.68,9.60,6.75,19.15,14.84,16.38,7.12
104.36,15.65,10.69,9.60,6.75,19.15,14.86,16.40,7.13
104.37,15.65,10.69,9.60,6.75,19.17,14.84,16.36,7.12
104.38,15.65,10.68,9.60,6.75,19.15,14.84,16.38,7.13
104.39,15.65,10.68,9.61,6.76,19.15,14.82,16.38,7.13
104.40,15.65,10.69,9.61,6.75,19.17,14.84,16.40,7.12
104.41,15.65,10.68,9.60,6.75,19.15,14.84,16.36,7.12
104.42,15.63,10.69,9.60,6.75,19.15,14.82,16.40,7.13
104.43,15.65,10.69,9.60,6.75,19.17,14.86,16.36,7.12
104.44,15.65,10.69,9.60,6.75,19.17,14.86,16.38,7.12
104.45,15.63,10.68,9.60,6.76,19.17,14.84,16.38,7.12
104.46,15.65,10.69,9.60,6.75,19.15,14.84,16.36,7.12
104.47,15.65,10.69,9.60,6.76,19.17,14.84,16.36,7.13
104.48,15.65,10.69,9.60,6.75,19.12,14.84,16.36,7.12
104.49,15.63,10.69,9.60,6.75,19.15,14.84,16.36,7.11
104.50,15.65,10.69,9.60,6.75,19.15,14.84,16.36,7.11
104.51,15.65,10.68,9.58,6.75,19.15,14.84,16.38,7.12
104.52,15.65,10.69,9.60,6.75,19.17,14.86,16.38,7.12
104.53,15.65,10.68,9.60,6.75,19.15,14.84,16.36,7.13
104.54,15.65,10.69,9.60,6.75,19.15,14.84,16.38,7.14
104.55,15.65,10.69,9.60,6.76,19.17,14.86,16.36,7.12
104.56,15.65,10.69,9.58,6.75,19.15,14.84,16.36,7.12
104.57,15.65,10.69,9.60,6.75,19.17,14.86,16.38,7.12
104.58,15.65,10.69,9.60,6.75,19.15,14.84,16.38,7.12
104.59,15.65,10.69,9.58,6.76,19.15,14.84,16.38,7.12
104.60,15.65,10.69,9.61,6.77,19.12,14.84,16.36,7.12
104.61,15.65,10.69,9.60,6.75,19.15,14.84,16.36,7.12
104.62,15.65,10.69,9.60,6.75,19.17,14.86,16.36,7.12
104.63,15.65,10.69,9.60,6.75,19.15,14.84,16.36,7.12
104.64,15.65,10.69,9.60,6.75,19.17,14.84,16.36,7.12
104.65,15.65,10.68,9.60,6.75,19.12,14.84,16.36,7.12
104.66,15.65,10.69,9.60,6.75,19.15,14.84,16.36,7.12
104.67,15.63,10.68,9.60,6.75,19.15,14.84,16.36,7.13
104.68,15.65,10.69,9.61,6.75,19.15,14.84,16.36,7.12
104.69,15.65,10.71,9.60,6.75,19.15,14.84,16.38,7.13
104.70,15.65,10.68,9.60,6.75,19.17,14.84,16.38,7.12
104.71,15.65,10.69,9.60,6.75,19.12,14.84,16.36,7.12
104.72,15.65,10.69,9.60,6.75,19.12,14.84,16.36,7.11
104.73,15.65,10.69,9.60,6.75,19.12,14.84,16.36,7.12
104.74,15.65,10.69,9.60,6.74,19.17,14.84,16.36,7.12
104.75,15.65,10.69,9.61,6.75,19.17,14.86,16.38,7.12
104.76,15.65,10.69,9.60,6.75,19.15,14.84,16.36,7.12
104.77,15.65,10.68,9.60,6.75,19.17,14.84,16.36,7.12
104.78,15.65,10.69,9.60,6.75,19.15,14.84,16.36,7.12
104.79,15.65,10.68,9.62,6.76,19.15,14.84,16.40,7.12
104.80,15.65,10.69,9.60,6.75,19.15,14.84,16.38,7.13
104.81,15.65,10.71,9.60,6.75,19.12,14.84,16.36,7.12
104.82,15.65,10.69,9.60,6.75,19.12,14.88,16.36,7.13
104.83,15.65,10.71,9.60,6.75,19.17,14.84,16.38,7.13
104.84,15.65,10.69,9.60,6.75,19.15,14.84,16.38,7.12
104.85,15.65,10.69,9.60,6.75,19.15,14.84,16.36,7.12
104.86,15.65,10.69,9.60,6.75,19.12,14.84,16.36,7.12
104.87,15.65,10.68,9.61,6.75,19.17,14.84,16.38,7.12
104.88,15.65,10.71,9.60,6.74,19.15,14.84,16.38,7.12
104.89,15.65,10.69,9.60,6.75,19.12,14.82,16.36,7.12
104.90,15.65,10.68,9.60,6.76,19.17,14.84,16.36,7.12
104.91,15.65,10.69,9.60,6.76,19.15,14.84,16.36,7.12
104.92,15.65,10.69,9.60,6.75,19.15,14.84,16.36,7.13
104.93,15.65,10.69,9.60,6.75,19.15,14.84,16.38,7.12
104.94,15.65,10.68,9.61,6.75,19.15,14.84,16.36,7.12
104.95,15.65,10.68,9.61,6.75,19.15,14.84,16.36,7.12
104.96,15.65,10.69,9.60,6.75,19.12,14.82,16.36,7.12
104.97,15.65,10.68,9.60,6.75,19.15,14.84,16.36,7.12
104.98,15.65,10.69,9.58,6.75,19.15,14.84,16.36,7.11
104.99,15.65,10.68,9.60,6.77,19.12,14.84,16.36,7.13
105.00,15.65,10.71,9.60,6.75,19.12,14.82,16.36,7.12
105.01,15.65,10.69,9.60,6.75,19.17,14.82,16.36,7.12
105.02,15.63,10.68,9.60,6.76,19.15,14.84,16.36,7.13
105.03,15.65,10.68,9.60,6.75,19.15,14.84,16.36,7.12
105.04,15.65,10.68,9.61,6.75,19.15,14.82,16.40,7.12
105.05,15.65,10.69,9.60,6.75,19.12,14.84,16.36,7.11
105.06,15.65,10.69,9.60,6.76,19.15,14.84,16.36,7.12
105.07,15.65,10.68,9.60,6.75,19.12,14.84,16.36,7.12
105.08,15.65,10.68,9.60,6.75,19.15,14.86,16.36,7.12
105.09,15.65,10.69,9.58,6.75,19.15,14.86,16.36,7.12
105.10,15.65,10.68,9.61,6.75,19.15,14.84,16.38,7.12
105.11,15.65,10.69,9.60,6.75,19.15,14.84,16.36,7.12
105.12,15.65,10.68,9.60,6.75,19.15,14.84,16.36,7.11
105.13,15.65,10.68,9.60,6.75,19.17,14.84,16.36,7.11
105.14,15.65,10.69,9.60,6.75,19.15,14.84,16.38,7.13
105.15,15.65,10.68,9.60,6.75,19.12,14.82,16.36,7.12
105.16,15.65,10.69,9.60,6.75,19.15,14.86,16.36,7.12
105.17,15.65,10.69,9.60,6.76,19.12,14.84,16.36,7.12
105.18,15.65,10.69,9.60,6.75,19.15,14.84,16.38,7.12
105.19,15.63,10.69,9.58,6.75,19.17,14.84,16.36,7.12
105.20,15.63,10.68,9.60,6.76,19.17,14.84,16.36,7.12
105.21,15.65,10.69,9.61,6.75,19.15,14.82,16.36,7.13
105.22,15.65,10.68,9.58,6.75,19.15,14.84,16.36,7.11
105.23,15.65,10.69,9.60,6.76,19.15,14.84,16.36,7.12
105.24,15.65,10.68,9.60,6.76,19.15,14.84,16.36,7.12
105.25,15.65,10.68,9.58,6.75,19.12,14.86,16.36,7.11
105.26,15.65,10.69,9.60,6.75,19.15,14.84,16.36,7.12
105.27,15.65,10.71,9.61,6.75,19.17,14.84,16.36,7.12
105.28,15.65,10.69,9.60,6.75,19.12,14.84,16.36,7.12
105.29,15.65,10.69,9.60,6.75,19.15,14.84,16.36,7.12
105.30,15.65,10.69,9.60,6.74,19.15,14.82,16.36,7.12
105.31,15.65,10.71,9.60,6.75,19.15,14.84,16.36,7.11
105.32,15.65,10.69,9.60,6.75,19.15,14.84,16.36,7.12
105.33,15.63,10.68,9.58,6.75,19.12,14.86,16.38,7.12
105.34,15.63,10.68,9.60,6.75,19.15,14.84,16.34,7.11
105.35,15.65,10.68,9.60,6.76,19.15,14.84,16.38,7.12
105.36,15.65,10.68,9.60,6.75,19.15,14.84,16.36,7.12
105.37,15.65,10.69,9.60,6.75,19.15,14.84,16.36,7.12
105.38,15.65,10.69,9.58,6.75,19.15,14.84,16.36,7.12
105.39,15.65,10.71,9.60,6.75,19.17,14.84,16.40,7.12
105.40,15.63,10.68,9.60,6.75,19.17,14.86,16.36,7.12
105.41,15.65,10.69,9.60,6.75,19.15,14.84,16.38,7.12
105.42,15.65,10.68,9.60,6.75,19.15,14.84,16.36,7.12
105.43,15.65,10.69,9.60,6.75,19.17,14.84,16.36,7.11
105.44,15.65,10.68,9.60,6.75,19.15,14.84,16.36,7.12
105.45,15.65,10.69,9.58,6.74,19.12,14.84,16.38,7.12
105.46,15.65,10.68,9.58,6.76,19.15,14.84,16.38,7.12
105.47,15.65,10.71,9.61,6.75,19.15,14.84,16.36,7.11
105.48,15.65,10.71,9.60,6.75,19.12,14.84,16.36,7.12
105.49,15.65,10.69,9.58,6.74,19.15,14.84,16.36,7.12
105.50,15.63,10.68,9.60,6.75,19.12,14.82,16.36,7.12
105.51,15.65,10.69,9.60,6.75,19.12,14.84,16.36,7.12
105.52,15.65,10.69,9.58,6.75,19.15,14.82,16.36,7.12
105.53,15.65,10.71,9.60,6.75,19.17,14.84,16.36,7.12
105.54,15.63,10.71,9.60,6.75,19.12,14.84,16.36,7.12
105.55,15.65,10.68,9.60,6.75,19.15,14.84,16.34,7.12
105.56,15.65,10.68,9.58,6.75,19.17,14.84,16.36,7.12
105.57,15.65,10.68,9.60,6.76,19.15,14.84,16.36,7.12
105.58,15.65,10.68,9.60,6.75,19.12,14.84,16.36,7.12
105.59,15.65,10.69,9.60,6.75,19.17,14.86,16.38,7.11
105.60,15.63,10.69,9.60,6.75,19.17,14.84,16.36,7.11
105.61,15.65,10.69,9.58,6.74,19.12,14.84,16.38,7.11
105.62,15.65,10.69,9.60,6.74,19.15,14.82,16.36,7.11
105.63,15.63,10.69,9.61,6.75,19.12,14.82,16.40,7.11
105.64,15.65,10.69,9.60,6.75,19.15,14.84,16.36,7.12
105.65,15.65,10.71,9.60,6.76,19.15,14.84,16.36,7.12
105.66,15.63,10.68,9.60,6.75,19.12,14.84,16.36,7.12
105.67,15.63,10.68,9.60,6.75,19.12,14.84,16.36,7.11
105.68,15.65,10.69,9.60,6.75,19.12,14.84,16.36,7.11
105.69,15.63,10.69,9.58,6.74,19.15,14.82,16.36,7.11
105.70,15.65,10.68,9.60,6.76,19.12,14.84,16.36,7.11
105.71,15.65,10.69,9.58,6.75,19.12,14.82,16.38,7.12
105.72,15.65,10.68,9.60,6.74,19.12,14.84,16.36,7.11
105.73,15.65,10.68,9.60,6.75,19.15,14.84,16.36,7.12
105.74,15.65,10.69,9.58,6.75,19.15,14.84,16.38,7.12
105.75,15.65,10.69,9.60,6.75,19.15,14.84,16.38,7.12
105.76,15.65,10.68,9.58,6.75,19.15,14.84,16.36,7.11
105.77,15.63,10.69,9.58,6.75,19.15,14.82,16.38,7.11
105.78,15.65,10.68,9.60,6.76,19.12,14.84,16.36,7.12
105.79,15.65,10.69,9.60,6.75,19.15,14.84,16.36,7.12
105.80,15.65,10.68,9.60,6.75,19.15,14.82,16.36,7.12
105.81,15.65,10.71,9.60,6.75,19.15,14.84,16.36,7.12
105.82,15.65,10.68,9.60,6.75,19.12,14.84,16.36,7.12
105.83,15.65,10.69,9.58,6.76,19.15,14.84,16.36,7.11
105.84,15.65,10.69,9.60,6.76,19.15,14.84,16.36,7.12
105.85,15.63,10.68,9.60,6.75,19.15,14.84,16.38,7.11
105.86,15.65,10.69,9.60,6.74,19.15,14.84,16.36,7.11
105.87,15.63,10.68,9.60,6.75,19.15,14.84,16.36,7.12
105.88,15.65,10.69,9.60,6.75,19.12,14.82,16.36,7.12
105.89,15.65,10.68,9.60,6.75,19.12,14.82,16.36,7.10
105.90,15.65,10.68,9.60,6.75,19.15,14.84,16.36,7.11
105.91,15.63,10.69,9.61,6.75,19.15,14.84,16.36,7.12
105.92,15.65,10.68,9.60,6.74,19.12,14.82,16.36,7.11
105.93,15.65,10.69,9.60,6.75,19.17,14.84,16.38,7.12
105.94,15.63,10.71,9.60,6.75,19.15,14.84,16.36,7.11
105.95,15.65,10.69,9.60,6.75,19.12,14.84,16.36,7.12
105.96,15.63,10.68,9.60,6.75,19.15,14.82,16.36,7.11
105.97,15.63,10.71,9.60,6.74,19.12,14.84,16.36,7.12
105.98,15.65,10.69,9.60,6.75,19.15,14.82,16.36,7.11
105.99,15.65,10.69,9.58,6.75,19.12,14.82,16.36,7.12
106.00,15.65,10.69,9.60,6.74,19.15,14.84,16.36,7.12
106.01,15.65,10.69,9.58,6.75,19.15,14.84,16.36,7.12
106.02,15.63,10.69,9.61,6.76,19.12,14.84,16.36,7.11
106.03,15.63,10.69,9.61,6.75,19.12,14.84,16.36,7.11
106.04,15.63,10.68,9.60,6.75,19.15,14.84,16.36,7.12
106.05,15.65,10.71,9.58,6.74,19.17,14.84,16.36,7.11
106.06,15.63,10.71,9.61,6.76,19.15,14.84,16.36,7.11
106.07,15.65,10.68,9.60,6.76,19.12,14.82,16.38,7.10
106.08,15.63,10.68,9.60,6.74,19.12,14.84,16.36,7.12
106.09,15.65,10.69,9.58,6.75,19.12,14.84,16.36,7.13
106.10,15.65,10.69,9.58,6.76,19.12,14.84,16.36,7.12
106.11,15.63,10.71,9.60,6.76,19.15,14.84,16.36,7.11
106.12,15.65,10.69,9.60,6.76,19.12,14.84,16.36,7.11
106.13,15.65,10.71,9.60,6.75,19.15,14.82,16.36,7.11
106.14,15.65,10.69,9.58,6.75,19.15,14.84,16.36,7.12
106.15,15.63,10.71,9.60,6.75,19.12,14.84,16.36,7.11
106.16,15.65,10.68,9.60,6.75,19.12,14.84,16.36,7.12
106.17,15.65,10.69,9.58,6.75,19.15,14.84,16.36,7.12
106.19,15.65,10.69,9.60,6.76,19.15,14.82,16.36,7.12
106.19,15.63,10.69,9.60,6.75,19.15,14.84,16.36,7.12
106.20,15.63,10.69,9.60,6.74,19.12,14.84,16.36,7.11
106.21,15.65,10.68,9.58,6.76,19.15,14.82,16.36,7.12
106.22,15.65,10.69,9.58,6.76,19.15,14.84,16.36,7.11
106.23,15.63,10.69,9.58,6.76,19.12,14.82,16.36,7.11
106.24,15.65,10.71,9.60,6.75,19.15,14.82,16.36,7.11
106.25,15.65,10.69,9.60,6.74,19.12,14.80,16.36,7.11
106.26,15.65,10.69,9.60,6.74,19.15,14.82,16.36,7.12
106.27,15.65,10.68,9.60,6.75,19.12,14.82,16.36,7.12
106.28,15.65,10.69,9.60,6.75,19.15,14.82,16.36,7.11
106.29,15.65,10.69,9.60,6.76,19.15,14.84,16.38,7.11
106.30,15.65,10.69,9.58,6.76,19.12,14.84,16.38,7.10
106.31,15.65,10.68,9.60,6.76,19.15,14.84,16.38,7.12
106.32,15.65,10.69,9.60,6.76,19.15,14.84,16.36,7.11
106.33,15.63,10.68,9.60,6.75,19.12,14.82,16.36,7.11
106.34,15.63,10.68,9.58,6.74,19.15,14.84,16.34,7.11
106.35,15.65,10.68,9.60,6.75,19.12,14.82,16.36,7.10
106.36,15.63,10.69,9.58,6.74,19.15,14.82,16.36,7.10
106.37,15.65,10.68,9.60,6.74,19.12,14.82,16.36,7.11
106.38,15.65,10.68,9.58,6.74,19.15,14.82,16.34,7.12
106.39,15.63,10.68,9.60,6.76,19.15,14.82,16.36,7.11
106.40,15.65,10.69,9.60,6.74,19.12,14.82,16.36,7.10
106.41,15.63,10.69,9.58,6.74,19.12,14.82,16.34,7.11
106.42,15.63,10.68,9.60,6.75,19.12,14.84,16.36,7.10
106.43,15.63,10.69,9.58,6.75,19.12,14.84,16.38,7.12
106.44,15.65,10.69,9.61,6.74,19.15,14.82,16.36,7.12
106.45,15.63,10.68,9.60,6.74,19.12,14.82,16.36,7.11
106.46,15.63,10.69,9.58,6.75,19.15,14.84,16.36,7.11
106.47,15.65,10.71,9.60,6.75,19.17,14.82,16.36,7.11
106.48,15.63,10.69,9.58,6.76,19.09,14.82,16.36,7.11
106.49,15.63,10.68,9.60,6.75,19.15,14.84,16.36,7.12
106.50,15.63,10.68,9.60,6.76,19.12,14.84,16.36,7.11
106.51,15.65,10.69,9.60,6.75,19.12,14.86,16.36,7.11
106.52,15.63,10.69,9.60,6.74,19.15,14.84,16.36,7.12
106.53,15.63,10.68,9.58,6.74,19.12,14.84,16.38,7.12
106.54,15.63,10.68,9.58,6.74,19.15,14.84,16.36,7.11
106.55,15.65,10.68,9.60,6.75,19.12,14.84,16.38,7.11
106.56,15.65,10.69,9.58,6.75,19.12,14.84,16.36,7.11
106.57,15.63,10.69,9.60,6.75,19.12,14.84,16.34,7.10
106.58,15.63,10.68,9.60,6.75,19.15,14.82,16.36,7.11
106.59,15.63,10.68,9.58,6.76,19.12,14.84,16.36,7.11
106.60,15.65,10.68,9.58,6.75,19.12,14.84,16.36,7.11
106.61,15.63,10.69,9.60,6.75,19.12,14.82,16.38,7.11
106.62,15.63,10.69,9.58,6.75,19.12,14.82,16.36,7.11
106.63,15.63,10.68,9.60,6.74,19.15,14.82,16.36,7.11
106.64,15.63,10.69,9.60,6.75,19.12,14.82,16.36,7.12
106.65,15.65,10.69,9.60,6.74,19.12,14.82,16.36,7.11
106.66,15.65,10.68,9.60,6.75,19.15,14.82,16.36,7.11
106.67,15.65,10.69,9.58,6.74,19.12,14.84,16.36,7.12
106.68,15.65,10.69,9.58,6.75,19.12,14.82,16.34,7.11
106.69,15.63,10.68,9.60,6.75,19.15,14.82,16.36,7.12
106.70,15.63,10.69,9.60,6.75,19.12,14.84,16.34,7.11
106.71,15.65,10.69,9.60,6.75,19.15,14.82,16.36,7.12
106.72,15.63,10.68,9.58,6.75,19.12,14.84,16.36,7.11
106.73,15.65,10.69,9.60,6.75,19.15,14.84,16.36,7.11
106.74,15.65,10.71,9.60,6.75,19.15,14.84,16.36,7.11
106.75,15.65,10.71,9.60,6.75,19.12,14.82,16.36,7.11
106.76,15.63,10.69,9.60,6.74,19.12,14.82,16.38,7.11
106.77,15.63,10.69,9.60,6.74,19.15,14.84,16.36,7.10
106.78,15.65,10.69,9.61,6.75,19.12,14.82,16.36,7.10
106.79,15.63,10.69,9.60,6.75,19.12,14.82,16.36,7.10
106.80,15.61,10.68,9.60,6.76,19.12,14.84,16.38,7.12
106.81,15.63,10.68,9.60,6.75,19.12,14.82,16.36,7.11
106.82,15.63,10.69,9.60,6.74,19.15,14.82,16.36,7.11
106.83,15.65,10.69,9.58,6.75,19.12,14.82,16.36,7.12
106.84,15.63,10.68,9.60,6.75,19.12,14.84,16.36,7.12
106.85,15.63,10.69,9.60,6.74,19.15,14.82,16.36,7.11
106.86,15.63,10.69,9.60,6.74,19.12,14.82,16.36,7.11
106.87,15.63,10.68,9.60,6.75,19.12,14.82,16.38,7.12
106.88,15.63,10.68,9.58,6.74,19.12,14.82,16.36,7.11
106.89,15.65,10.68,9.58,6.75,19.12,14.82,16.36,7.11
106.90,15.63,10.69,9.58,6.75,19.12,14.82,16.36,7.12
106.91,15.63,10.68,9.58,6.74,19.12,14.82,16.36,7.11
106.92,15.63,10.69,9.60,6.75,19.12,14.82,16.36,7.11
106.93,15.63,10.69,9.60,6.75,19.12,14.82,16.36,7.11
106.94,15.65,10.69,9.60,6.74,19.15,14.82,16.36,7.11
106.95,15.63,10.68,9.60,6.75,19.12,14.84,16.34,7.12
106.96,15.63,10.71,9.60,6.74,19.12,14.84,16.36,7.10
106.97,15.63,10.68,9.58,6.75,19.12,14.82,16.36,7.12
106.98,15.63,10.69,9.60,6.75,19.12,14.82,16.38,7.11
106.99,15.63,10.68,9.60,6.74,19.15,14.82,16.36,7.11
107.00,15.63,10.68,9.60,6.75,19.12,14.82,16.36,7.11
107.01,15.65,10.69,9.61,6.74,19.12,14.82,16.34,7.11
107.02,15.63,10.69,9.60,6.74,19.12,14.84,16.38,7.11
107.03,15.63,10.69,9.58,6.74,19.15,14.82,16.36,7.10
107.04,15.65,10.69,9.58,6.75,19.12,14.82,16.34,7.11
107.05,15.63,10.68,9.60,6.75,19.12,14.82,16.34,7.11
107.06,15.63,10.69,9.58,6.76,19.12,14.84,16.36,7.11
107.07,15.65,10.68,9.60,6.74,19.15,14.82,16.36,7.11
107.08,15.63,10.69,9.58,6.74,19.12,14.82,16.34,7.10
107.09,15.65,10.69,9.58,6.75,19.12,14.84,16.36,7.11
107.10,15.63,10.69,9.60,6.75,19.12,14.82,16.38,7.11
107.11,15.63,10.68,9.58,6.74,19.12,14.84,16.36,7.11
107.12,15.63,10.68,9.58,6.74,19.12,14.82,16.36,7.12
107.13,15.63,10.69,9.58,6.75,19.15,14.84,16.36,7.11
107.14,15.65,10.68,9.58,6.76,19.12,14.82,16.34,7.11
107.15,15.63,10.71,9.58,6.74,19.12,14.82,16.36,7.11
107.16,15.63,10.69,9.60,6.76,19.12,14.82,16.36,7.11
107.17,15.65,10.68,9.58,6.74,19.12,14.82,16.36,7.10
107.18,15.63,10.68,9.60,6.74,19.15,14.82,16.36,7.10
107.19,15.63,10.69,9.58,6.76,19.15,14.84,16.36,7.11
107.20,15.63,10.69,9.60,6.75,19.12,14.82,16.36,7.10
107.21,15.63,10.69,9.60,6.75,19.12,14.82,16.34,7.11
107.22,15.65,10.68,9.58,6.75,19.12,14.82,16.38,7.11
107.23,15.63,10.68,9.60,6.75,19.12,14.82,16.36,7.12
107.24,15.63,10.68,9.58,6.74,19.15,14.84,16.36,7.11
107.25,15.63,10.68,9.58,6.74,19.12,14.82,16.36,7.11
107.26,15.65,10.68,9.58,6.75,19.12,14.82,16.36,7.11
107.27,15.63,10.71,9.60,6.74,19.15,14.84,16.36,7.11
107.28,15.61,10.69,9.58,6.75,19.15,14.84,16.36,7.10
107.29,15.63,10.71,9.60,6.74,19.15,14.82,16.36,7.10
107.30,15.65,10.71,9.58,6.74,19.12,14.82,16.36,7.11
107.31,15.63,10.69,9.60,6.74,19.12,14.82,16.34,7.12
107.32,15.63,10.68,9.60,6.75,19.12,14.84,16.36,7.11
107.33,15.63,10.69,9.60,6.75,19.15,14.82,16.36,7.11
107.34,15.63,10.68,9.60,6.74,19.15,14.82,16.36,7.10
107.35,15.63,10.68,9.58,6.74,19.12,14.84,16.36,7.10
107.36,15.63,10.68,9.60,6.74,19.15,14.82,16.36,7.11
107.37,15.63,10.69,9.58,6.74,19.12,14.82,16.38,7.11
107.38,15.63,10.69,9.58,6.74,19.12,14.82,16.36,7.11
107.39,15.63,10.68,9.60,6.75,19.12,14.82,16.36,7.11
107.40,15.63,10.68,9.60,6.75,19.12,14.84,16.36,7.10
107.41,15.61,10.69,9.60,6.74,19.12,14.84,16.36,7.12
107.42,15.63,10.69,9.58,6.74,19.12,14.84,16.34,7.10
107.43,15.65,10.71,9.60,6.74,19.12,14.82,16.36,7.11
107.44,15.63,10.68,9.60,6.74,19.12,14.84,16.36,7.10
107.45,15.63,10.68,9.60,6.74,19.12,14.82,16.36,7.10
107.46,15.63,10.68,9.58,6.74,19.12,14.82,16.34,7.11
107.47,15.63,10.69,9.58,6.75,19.12,14.82,16.36,7.11
107.48,15.63,10.69,9.60,6.75,19.12,14.84,16.34,7.11
107.49,15.63,10.69,9.60,6.74,19.15,14.80,16.36,7.10
107.50,15.63,10.71,9.58,6.74,19.12,14.84,16.36,7.10
107.51,15.63,10.69,9.58,6.74,19.12,14.82,16.36,7.11
107.52,15.63,10.68,9.60,6.75,19.12,14.84,16.34,7.10
107.53,15.63,10.69,9.60,6.75,19.12,14.82,16.38,7.11
107.54,15.63,10.68,9.60,6.74,19.12,14.82,16.36,7.10
107.55,15.63,10.69,9.60,6.75,19.12,14.82,16.34,7.10
107.56,15.63,10.68,9.58,6.74,19.12,14.82,16.36,7.10
107.57,15.63,10.69,9.57,6.75,19.12,14.84,16.38,7.11
107.58,15.65,10.69,9.60,6.74,19.15,14.82,16.36,7.11
107.59,15.61,10.69,9.60,6.75,19.12,14.84,16.34,7.10
107.60,15.63,10.69,9.60,6.75,19.12,14.84,16.36,7.10
107.61,15.63,10.69,9.61,6.75,19.12,14.84,16.34,7.11
107.62,15.63,10.68,9.60,6.75,19.12,14.84,16.36,7.12
107.63,15.63,10.68,9.58,6.75,19.12,14.84,16.34,7.11
107.64,15.63,10.71,9.60,6.75,19.12,14.84,16.36,7.10
107.65,15.63,10.68,9.60,6.74,19.09,14.82,16.36,7.11
107.66,15.63,10.68,9.60,6.75,19.12,14.84,16.34,7.11
107.69,15.63,10.68,9.58,6.75,19.12,14.84,16.36,7.11
107.69,15.63,10.69,9.60,6.74,19.12,14.82,16.34,7.11
107.70,15.63,10.69,9.60,6.75,19.09,14.84,16.34,7.11
107.71,15.63,10.71,9.60,6.74,19.12,14.82,16.36,7.11
107.72,15.63,10.68,9.58,6.75,19.15,14.84,16.36,7.11
107.73,15.63,10.68,9.60,6.75,19.15,14.82,16.36,7.11
107.74,15.63,10.68,9.58,6.75,19.12,14.82,16.36,7.10
107.75,15.61,10.68,9.60,6.75,19.12,14.82,16.36,7.10
107.76,15.63,10.68,9.58,6.74,19.12,14.84,16.34,7.10
107.77,15.63,10.69,9.58,6.74,19.09,14.84,16.36,7.11
107.78,15.63,10.68,9.60,6.74,19.12,14.80,16.34,7.11
107.79,15.63,10.69,9.58,6.74,19.09,14.82,16.34,7.10
107.80,15.61,10.68,9.58,6.75,19.12,14.82,16.36,7.10
107.81,15.63,10.68,9.58,6.74,19.12,14.82,16.36,7.11
107.82,15.61,10.69,9.58,6.75,19.12,14.82,16.38,7.11
107.83,15.63,10.69,9.58,6.75,19.09,14.82,16.36,7.10
107.84,15.63,10.68,9.58,6.74,19.12,14.82,16.36,7.10
107.85,15.63,10.69,9.58,6.75,19.12,14.84,16.36,7.10
107.86,15.63,10.68,9.60,6.75,19.12,14.82,16.38,7.10
107.87,15.63,10.68,9.60,6.74,19.12,14.80,16.36,7.11
107.88,15.63,10.68,9.58,6.75,19.12,14.82,16.36,7.10
107.89,15.63,10.68,9.58,6.74,19.12,14.80,16.36,7.10
107.90,15.63,10.69,9.58,6.75,19.12,14.82,16.36,7.10
107.91,15.61,10.68,9.58,6.75,19.12,14.82,16.34,7.11
107.92,15.63,10.68,9.60,6.74,19.15,14.82,16.36,7.11
107.93,15.63,10.68,9.58,6.74,19.09,14.82,16.36,7.10
107.94,15.63,10.68,9.58,6.74,19.12,14.80,16.36,7.10
107.95,15.63,10.69,9.58,6.75,19.12,14.82,16.36,7.12
107.96,15.63,10.69,9.58,6.74,19.15,14.82,16.36,7.10
107.97,15.63,10.68,9.58,6.75,19.12,14.82,16.36,7.10
107.98,15.61,10.68,9.60,6.74,19.12,14.82,16.36,7.11
107.99,15.61,10.69,9.60,6.74,19.12,14.82,16.36,7.11
108.00,15.63,10.69,9.58,6.75,19.12,14.82,16.36,7.12
108.01,15.63,10.69,9.60,6.74,19.09,14.84,16.34,7.10
108.02,15.63,10.69,9.58,6.74,19.12,14.82,16.34,7.11
108.03,15.63,10.68,9.60,6.74,19.12,14.80,16.38,7.10
108.04,15.63,10.68,9.58,6.76,19.09,14.84,16.36,7.10
108.05,15.63,10.69,9.60,6.74,19.15,14.82,16.34,7.10
108.06,15.63,10.66,9.58,6.75,19.12,14.84,16.34,7.10
108.07,15.63,10.71,9.60,6.74,19.12,14.82,16.34,7.10
108.08,15.63,10.68,9.60,6.74,19.09,14.84,16.36,7.10
108.09,15.63,10.68,9.58,6.75,19.12,14.84,16.38,7.10
108.10,15.63,10.69,9.58,6.74,19.09,14.82,16.36,7.12
108.11,15.63,10.68,9.58,6.74,19.12,14.82,16.36,7.10
108.12,15.61,10.68,9.60,6.75,19.12,14.82,16.34,7.11
108.13,15.63,10.68,9.58,6.74,19.12,14.82,16.36,7.10
108.14,15.63,10.68,9.60,6.75,19.12,14.82,16.36,7.11
108.15,15.63,10.69,9.58,6.74,19.12,14.82,16.36,7.10
108.16,15.63,10.68,9.58,6.74,19.12,14.82,16.36,7.11
108.17,15.63,10.68,9.58,6.74,19.09,14.84,16.36,7.11
108.18,15.63,10.69,9.58,6.74,19.09,14.82,16.36,7.10
108.19,15.61,10.68,9.58,6.74,19.12,14.82,16.34,7.11
108.20,15.63,10.68,9.60,6.74,19.12,14.82,16.36,7.10
108.21,15.63,10.68,9.58,6.75,19.15,14.80,16.36,7.11
108.22,15.61,10.68,9.60,6.74,19.12,14.82,16.34,7.10
108.23,15.63,10.68,9.58,6.74,19.12,14.82,16.34,7.10
108.24,15.63,10.68,9.58,6.75,19.12,14.82,16.36,7.11
108.25,15.63,10.68,9.58,6.75,19.09,14.82,16.38,7.10
108.26,15.63,10.69,9.58,6.75,19.09,14.82,16.36,7.10
108.27,15.63,10.68,9.58,6.74,19.09,14.82,16.36,7.11
108.28,15.63,10.68,9.58,6.74,19.12,14.82,16.36,7.11
108.29,15.63,10.71,9.58,6.75,19.09,14.82,16.36,7.10
108.30,15.61,10.68,9.57,6.74,19.09,14.84,16.34,7.10
108.31,15.63,10.69,9.60,6.75,19.12,14.82,16.34,7.11
108.32,15.61,10.68,9.60,6.75,19.09,14.80,16.34,7.10
108.33,15.63,10.68,9.60,6.75,19.09,14.84,16.36,7.10
108.34,15.63,10.69,9.58,6.74,19.12,14.82,16.36,7.10
108.35,15.63,10.68,9.60,6.74,19.12,14.82,16.36,7.10
108.36,15.63,10.69,9.58,6.74,19.12,14.82,16.36,7.11
108.37,15.63,10.68,9.58,6.75,19.09,14.84,16.34,7.10
108.38,15.61,10.68,9.58,6.74,19.09,14.80,16.34,7.10
108.39,15.63,10.68,9.58,6.74,19.12,14.82,16.34,7.10
108.40,15.61,10.68,9.58,6.74,19.09,14.80,16.36,7.11
108.41,15.61,10.69,9.58,6.74,19.09,14.80,16.34,7.11
108.42,15.61,10.69,9.58,6.75,19.09,14.80,16.36,7.10
108.43,15.61,10.68,9.58,6.74,19.09,14.80,16.34,7.10
108.44,15.63,10.68,9.58,6.74,19.15,14.82,16.36,7.10
108.45,15.63,10.68,9.60,6.75,19.09,14.84,16.36,7.09
108.46,15.63,10.68,9.58,6.74,19.12,14.82,16.36,7.10
108.47,15.63,10.68,9.58,6.74,19.12,14.82,16.36,7.10
108.48,15.63,10.69,9.58,6.75,19.12,14.82,16.36,7.10
108.49,15.63,10.69,9.58,6.74,19.12,14.84,16.36,7.11
108.50,15.63,10.68,9.60,6.74,19.09,14.80,16.34,7.11
108.51,15.61,10.69,9.60,6.74,19.12,14.80,16.34,7.11
108.52,15.63,10.66,9.58,6.74,19.09,14.82,16.34,7.10
108.53,15.61,10.69,9.60,6.74,19.12,14.82,16.34,7.10
108.54,15.61,10.69,9.60,6.74,19.12,14.80,16.36,7.11
108.55,15.63,10.68,9.58,6.75,19.12,14.84,16.34,7.10
108.56,15.61,10.69,9.58,6.74,19.09,14.84,16.36,7.11
108.57,15.61,10.68,9.58,6.75,19.09,14.82,16.34,7.10
108.58,15.63,10.68,9.58,6.75,19.12,14.84,16.36,7.10
108.59,15.61,10.69,9.58,6.74,19.12,14.82,16.36,7.10
108.60,15.63,10.68,9.57,6.74,19.12,14.84,16.34,7.10
108.61,15.63,10.69,9.58,6.74,19.09,14.84,16.36,7.11
108.62,15.61,10.68,9.58,6.74,19.12,14.82,16.38,7.10
108.63,15.61,10.68,9.58,6.75,19.12,14.80,16.34,7.10
108.64,15.61,10.68,9.57,6.75,19.09,14.84,16.36,7.10
108.65,15.61,10.68,9.58,6.75,19.09,14.80,16.34,7.10
108.66,15.63,10.68,9.60,6.74,19.09,14.82,16.36,7.10
108.67,15.63,10.68,9.58,6.74,19.09,14.82,16.36,7.11
108.68,15.63,10.69,9.58,6.75,19.09,14.82,16.34,7.09
108.69,15.63,10.68,9.58,6.74,19.09,14.80,16.34,7.10
108.70,15.61,10.69,9.58,6.74,19.09,14.82,16.34,7.11
108.71,15.63,10.68,9.58,6.74,19.09,14.84,16.34,7.10
108.72,15.61,10.68,9.58,6.75,19.12,14.84,16.34,7.09
108.73,15.61,10.68,9.57,6.74,19.09,14.80,16.36,7.10
108.74,15.63,10.68,9.58,6.74,19.09,14.84,16.34,7.10
108.75,15.61,10.69,9.58,6.74,19.12,14.82,16.34,7.10
108.76,15.61,10.66,9.58,6.74,19.12,14.82,16.36,7.10
108.77,15.61,10.68,9.58,6.74,19.12,14.80,16.34,7.11
108.78,15.63,10.68,9.58,6.74,19.12,14.80,16.38,7.11
108.79,15.61,10.69,9.60,6.75,19.12,14.80,16.34,7.10
108.80,15.63,10.68,9.60,6.74,19.12,14.80,16.34,7.10
108.81,15.63,10.69,9.58,6.74,19.09,14.82,16.36,7.11
108.82,15.61,10.68,9.58,6.75,19.09,14.80,16.34,7.10
108.83,15.63,10.68,9.58,6.74,19.09,14.82,16.34,7.10
108.84,15.61,10.68,9.58,6.74,19.09,14.80,16.36,7.09
108.85,15.61,10.68,9.58,6.74,19.09,14.80,16.36,7.10
108.86,15.61,10.68,9.60,6.74,19.09,14.82,16.34,7.11
108.87,15.61,10.68,9.58,6.74,19.09,14.80,16.36,7.10
108.88,15.61,10.68,9.58,6.74,19.12,14.80,16.36,7.10
108.89,15.63,10.68,9.58,6.74,19.09,14.80,16.36,7.11
108.90,15.63,10.69,9.57,6.74,19.12,14.80,16.31,7.09
108.91,15.61,10.68,9.60,6.75,19.12,14.82,16.34,7.10
108.92,15.63,10.69,9.58,6.74,19.09,14.80,16.34,7.09
108.93,15.61,10.68,9.58,6.74,19.12,14.80,16.34,7.10
108.94,15.63,10.68,9.58,6.75,19.09,14.80,16.34,7.10
108.95,15.63,10.68,9.57,6.74,19.09,14.80,16.34,7.10
108.96,15.63,10.68,9.58,6.74,19.07,14.80,16.34,7.11
108.97,15.63,10.68,9.57,6.75,19.09,14.80,16.36,7.10
108.98,15.63,10.68,9.58,6.75,19.12,14.80,16.34,7.10
108.99,15.61,10.68,9.57,6.74,19.12,14.80,16.34,7.10
109.00,15.61,10.68,9.58,6.74,19.12,14.80,16.34,7.10
109.01,15.63,10.68,9.58,6.74,19.09,14.80,16.36,7.11
109.02,15.61,10.68,9.60,6.74,19.09,14.82,16.36,7.10
109.03,15.61,10.68,9.58,6.74,19.07,14.84,16.34,7.09
109.04,15.63,10.69,9.58,6.74,19.09,14.80,16.34,7.10
109.05,15.61,10.68,9.60,6.74,19.15,14.80,16.38,7.10
109.06,15.63,10.68,9.58,6.74,19.09,14.80,16.34,7.10
109.07,15.61,10.69,9.58,6.74,19.12,14.82,16.34,7.10
109.08,15.61,10.68,9.58,6.74,19.09,14.80,16.34,7.10
109.09,15.61,10.68,9.58,6.74,19.12,14.82,16.36,7.10
109.10,15.63,10.68,9.58,6.75,19.12,14.80,16.36,7.10
109.11,15.61,10.68,9.60,6.74,19.12,14.82,16.36,7.11
109.12,15.61,10.68,9.58,6.74,19.09,14.80,16.34,7.10
109.13,15.63,10.68,9.58,6.75,19.12,14.82,16.34,7.10
109.14,15.61,10.68,9.60,6.74,19.09,14.82,16.34,7.09
109.15,15.63,10.68,9.58,6.74,19.12,14.82,16.36,7.10
109.16,15.61,10.69,9.60,6.74,19.12,14.84,16.34,7.10
109.17,15.61,10.68,9.58,6.75,19.09,14.84,16.34,7.10
109.18,15.63,10.68,9.58,6.75,19.09,14.82,16.34,7.10
109.19,15.61,10.68,9.58,6.75,19.09,14.80,16.36,7.10
109.20,15.61,10.68,9.58,6.74,19.12,14.82,16.36,7.10
109.21,15.61,10.68,9.60,6.74,19.09,14.84,16.36,7.10
109.22,15.61,10.68,9.58,6.75,19.09,14.80,16.36,7.10
109.23,15.63,10.68,9.60,6.75,19.09,14.80,16.34,7.10
109.24,15.63,10.68,9.58,6.74,19.12,14.80,16.34,7.10
109.25,15.63,10.68,9.57,6.75,19.09,14.80,16.36,7.09
109.26,15.61,10.68,9.60,6.75,19.12,14.84,16.34,7.10
109.27,15.61,10.68,9.58,6.75,19.09,14.80,16.34,7.11
109.28,15.61,10.68,9.58,6.75,19.12,14.80,16.34,7.10
109.29,15.63,10.68,9.58,6.74,19.09,14.80,16.34,7.10
109.30,15.63,10.69,9.60,6.74,19.12,14.80,16.36,7.09
109.31,15.61,10.68,9.57,6.74,19.09,14.80,16.34,7.10
109.32,15.61,10.68,9.60,6.74,19.12,14.80,16.34,7.09
109.33,15.61,10.68,9.58,6.74,19.09,14.80,16.34,7.09
109.34,15.61,10.68,9.58,6.75,19.07,14.80,16.34,7.09
109.35,15.63,10.68,9.58,6.74,19.12,14.80,16.36,7.10
109.36,15.61,10.69,9.57,6.74,19.09,14.82,16.36,7.10
109.37,15.63,10.68,9.58,6.74,19.12,14.80,16.34,7.10
109.38,15.63,10.68,9.58,6.74,19.09,14.80,16.36,7.10
109.39,15.61,10.68,9.58,6.74,19.12,14.80,16.34,7.09
109.40,15.61,10.69,9.57,6.74,19.09,14.80,16.34,7.09
109.41,15.61,10.69,9.57,6.74,19.09,14.80,16.34,7.10
109.42,15.61,10.68,9.58,6.74,19.09,14.80,16.34,7.09
109.43,15.63,10.68,9.58,6.74,19.09,14.80,16.36,7.11
109.44,15.61,10.66,9.57,6.74,19.09,14.80,16.34,7.10
109.45,15.61,10.66,9.57,6.75,19.12,14.80,16.31,7.10
109.46,15.61,10.68,9.57,6.74,19.09,14.80,16.36,7.09
109.47,15.61,10.69,9.58,6.74,19.09,14.80,16.36,7.11
109.48,15.61,10.69,9.58,6.74,19.09,14.80,16.34,7.10
109.49,15.61,10.69,9.57,6.74,19.09,14.80,16.34,7.10
109.50,15.61,10.68,9.58,6.74,19.12,14.80,16.34,7.09
109.51,15.61,10.69,9.58,6.74,19.09,14.80,16.34,7.10
109.52,15.61,10.66,9.58,6.74,19.09,14.80,16.34,7.10
109.53,15.61,10.68,9.58,6.74,19.12,14.80,16.36,7.10
109.54,15.61,10.69,9.58,6.75,19.12,14.80,16.36,7.10
109.55,15.61,10.69,9.57,6.74,19.07,14.82,16.34,7.09
109.56,15.61,10.69,9.58,6.75,19.07,14.80,16.36,7.09
109.57,15.61,10.68,9.60,6.75,19.09,14.80,16.34,7.09
109.58,15.63,10.69,9.57,6.74,19.12,14.80,16.36,7.09
109.59,15.61,10.69,9.60,6.74,19.07,14.82,16.34,7.09
109.60,15.61,10.68,9.58,6.74,19.07,14.78,16.36,7.10
109.61,15.63,10.71,9.57,6.75,19.09,14.82,16.31,7.09
109.62,15.61,10.68,9.58,6.74,19.09,14.82,16.34,7.09
109.63,15.61,10.68,9.58,6.74,19.09,14.82,16.36,7.09
109.64,15.63,10.66,9.58,6.74,19.07,14.80,16.34,7.09
109.65,15.63,10.68,9.58,6.74,19.07,14.80,16.36,7.10
109.66,15.61,10.68,9.58,6.74,19.09,14.80,16.36,7.10
109.67,15.61,10.68,9.57,6.75,19.09,14.82,16.34,7.11
109.68,15.61,10.66,9.58,6.75,19.09,14.80,16.31,7.10
109.69,15.61,10.68,9.60,6.74,19.09,14.80,16.34,7.09
109.70,15.61,10.68,9.57,6.74,19.09,14.80,16.34,7.10
109.71,15.61,10.68,9.58,6.74,19.09,14.80,16.31,7.09
109.72,15.61,10.68,9.58,6.74,19.09,14.80,16.34,7.09
109.73,15.61,10.69,9.58,6.74,19.09,14.80,16.34,7.10
109.74,15.61,10.69,9.57,6.74,19.09,14.80,16.34,7.10
109.75,15.61,10.66,9.57,6.74,19.07,14.82,16.34,7.09
109.76,15.61,10.68,9.58,6.74,19.09,14.80,16.34,7.10
109.77,15.63,10.68,9.58,6.74,19.12,14.82,16.34,7.10
109.78,15.61,10.68,9.58,6.74,19.09,14.78,16.34,7.09
109.79,15.61,10.68,9.58,6.75,19.12,14.82,16.34,7.10
109.80,15.61,10.68,9.60,6.74,19.09,14.80,16.34,7.10
109.81,15.61,10.68,9.57,6.75,19.09,14.80,16.34,7.08
109.82,15.61,10.68,9.58,6.74,19.09,14.80,16.34,7.11
109.83,15.59,10.66,9.57,6.74,19.09,14.80,16.34,7.10
109.84,15.61,10.68,9.57,6.74,19.09,14.80,16.34,7.10
109.85,15.61,10.69,9.60,6.75,19.09,14.80,16.34,7.09
109.86,15.61,10.68,9.58,6.74,19.09,14.80,16.36,7.10
109.87,15.63,10.69,9.58,6.74,19.12,14.80,16.31,7.09
109.88,15.61,10.68,9.57,6.74,19.09,14.80,16.34,7.10
109.89,15.61,10.66,9.58,6.74,19.09,14.80,16.34,7.09
109.90,15.61,10.69,9.57,6.74,19.09,14.80,16.31,7.10
109.91,15.61,10.66,9.60,6.74,19.09,14.78,16.34,7.10
109.92,15.61,10.66,9.58,6.74,19.09,14.80,16.34,7.09
109.93,15.61,10.66,9.58,6.74,19.09,14.80,16.34,7.10
109.94,15.61,10.68,9.58,6.75,19.07,14.80,16.34,7.09
109.95,15.61,10.68,9.58,6.74,19.12,14.80,16.34,7.10
109.96,15.61,10.68,9.58,6.75,19.09,14.80,16.36,7.09
109.97,15.61,10.68,9.60,6.74,19.07,14.80,16.34,7.09
109.98,15.61,10.69,9.57,6.74,19.09,14.80,16.31,7.09
109.99,15.61,10.66,9.58,6.74,19.09,14.80,16.36,7.09
110.00,15.61,10.66,9.57,6.74,19.09,14.80,16.34,7.10
110.01,15.61,10.68,9.58,6.74,19.07,14.82,16.34,7.10
110.02,15.61,10.68,9.58,6.74,19.07,14.80,16.36,7.09
110.03,15.61,10.68,9.57,6.74,19.09,14.80,16.34,7.08
110.04,15.61,10.68,9.58,6.74,19.07,14.80,16.31,7.09
110.05,15.61,10.68,9.57,6.74,19.09,14.80,16.34,7.09
110.06,15.61,10.66,9.57,6.74,19.07,14.80,16.34,7.10
110.07,15.61,10.68,9.57,6.74,19.07,14.80,16.31,7.10
110.08,15.61,10.66,9.58,6.74,19.07,14.80,16.31,7.09
110.09,15.61,10.66,9.58,6.74,19.09,14.80,16.31,7.08
110.10,15.61,10.68,9.57,6.74,19.07,14.78,16.31,7.09
110.11,15.61,10.66,9.57,6.74,19.09,14.80,16.34,7.09
110.12,15.63,10.66,9.58,6.74,19.07,14.80,16.34,7.09
110.13,15.61,10.68,9.57,6.74,19.09,14.80,16.34,7.09
110.14,15.61,10.66,9.58,6.74,19.07,14.80,16.31,7.09
110.15,15.61,10.68,9.57,6.75,19.09,14.80,16.34,7.08
110.16,15.61,10.66,9.57,6.75,19.09,14.80,16.34,7.10
110.17,15.61,10.68,9.58,6.74,19.07,14.80,16.36,7.09
110.18,15.61,10.68,9.57,6.74,19.09,14.78,16.34,7.09
110.19,15.61,10.69,9.58,6.75,19.12,14.80,16.36,7.10
110.20,15.61,10.68,9.60,6.74,19.07,14.82,16.34,7.09
110.21,15.61,10.68,9.58,6.74,19.09,14.80,16.34,7.10
110.22,15.61,10.66,9.57,6.74,19.09,14.80,16.36,7.09
110.23,15.61,10.69,9.57,6.74,19.12,14.80,16.36,7.10
110.24,15.61,10.68,9.58,6.74,19.09,14.82,16.31,7.09
110.25,15.61,10.66,9.58,6.74,19.07,14.80,16.34,7.10
110.26,15.61,10.68,9.57,6.74,19.07,14.78,16.34,7.09
110.27,15.61,10.66,9.57,6.74,19.07,14.80,16.34,7.09
110.28,15.61,10.68,9.57,6.74,19.09,14.82,16.34,7.09
110.29,15.61,10.66,9.60,6.74,19.07,14.80,16.31,7.10
110.30,15.61,10.66,9.57,6.74,19.12,14.80,16.36,7.09
110.31,15.61,10.66,9.58,6.74,19.09,14.78,16.34,7.09
110.32,15.61,10.66,9.57,6.75,19.09,14.80,16.34,7.09
110.33,15.61,10.66,9.58,6.74,19.09,14.80,16.34,7.09
110.34,15.61,10.66,9.57,6.74,19.09,14.80,16.34,7.09
110.35,15.61,10.66,9.58,6.74,19.07,14.80,16.34,7.08
110.36,15.61,10.66,9.58,6.74,19.12,14.78,16.36,7.09
110.37,15.61,10.69,9.57,6.74,19.07,14.78,16.31,7.08
110.38,15.61,10.66,9.57,6.74,19.09,14.80,16.31,7.09
110.39,15.61,10.68,9.57,6.74,19.09,14.78,16.34,7.09
110.40,15.61,10.68,9.57,6.74,19.12,14.80,16.31,7.09
110.41,15.61,10.66,9.58,6.75,19.09,14.78,16.31,7.10
110.42,15.61,10.68,9.58,6.74,19.07,14.78,16.34,7.09
110.43,15.61,10.68,9.58,6.74,19.09,14.80,16.34,7.08
110.44,15.61,10.66,9.57,6.74,19.09,14.80,16.31,7.09
110.45,15.61,10.68,9.57,6.74,19.07,14.82,16.31,7.09
110.46,15.61,10.68,9.57,6.74,19.07,14.78,16.31,7.09
110.47,15.61,10.69,9.57,6.74,19.12,14.80,16.31,7.09
110.48,15.61,10.66,9.58,6.74,19.07,14.82,16.31,7.09
110.49,15.61,10.66,9.58,6.75,19.07,14.82,16.34,7.10
110.50,15.61,10.66,9.57,6.74,19.09,14.80,16.34,7.08
110.51,15.61,10.66,9.58,6.75,19.07,14.80,16.34,7.09
110.52,15.61,10.68,9.57,6.74,19.07,14.80,16.31,7.09
110.53,15.61,10.66,9.57,6.74,19.07,14.78,16.34,7.08
110.54,15.61,10.66,9.57,6.74,19.07,14.78,16.34,7.09
110.55,15.59,10.66,9.58,6.74,19.09,14.78,16.34,7.09
110.56,15.61,10.68,9.57,6.75,19.07,14.78,16.34,7.09
110.57,15.61,10.66,9.58,6.74,19.07,14.80,16.36,7.09
110.58,15.61,10.66,9.58,6.74,19.09,14.78,16.31,7.09
110.59,15.61,10.68,9.57,6.74,19.07,14.82,16.34,7.10
110.60,15.61,10.66,9.58,6.74,19.07,14.82,16.34,7.09
110.61,15.61,10.68,9.57,6.74,19.09,14.80,16.31,7.09
110.62,15.61,10.68,9.58,6.74,19.12,14.80,16.34,7.09
110.63,15.61,10.66,9.57,6.74,19.07,14.78,16.36,7.09
110.64,15.61,10.68,9.57,6.74,19.12,14.80,16.31,7.09
110.65,15.61,10.66,9.57,6.74,19.07,14.78,16.34,7.10
110.67,15.61,10.66,9.57,6.74,19.07,14.78,16.34,7.09
110.68,15.61,10.68,9.57,6.74,19.09,14.78,16.34,7.08
110.69,15.61,10.66,9.57,6.74,19.09,14.78,16.36,7.08
110.70,15.59,10.66,9.58,6.74,19.07,14.80,16.31,7.08
110.71,15.61,10.66,9.57,6.74,19.09,14.82,16.31,7.09
110.72,15.61,10.66,9.57,6.74,19.09,14.80,16.31,7.09
110.73,15.61,10.68,9.57,6.74,19.09,14.80,16.36,7.09
110.74,15.61,10.68,9.57,6.74,19.07,14.78,16.34,7.09
110.75,15.61,10.66,9.58,6.74,19.09,14.80,16.36,7.09
110.76,15.61,10.68,9.57,6.74,19.09,14.80,16.31,7.09
110.77,15.61,10.68,9.57,6.74,19.09,14.80,16.31,7.09
110.78,15.61,10.66,9.57,6.74,19.07,14.80,16.34,7.09
110.79,15.61,10.69,9.57,6.74,19.07,14.78,16.34,7.09
110.80,15.61,10.66,9.57,6.74,19.12,14.80,16.34,7.09
110.81,15.61,10.66,9.57,6.74,19.07,14.78,16.31,7.09
110.82,15.61,10.66,9.57,6.74,19.07,14.80,16.31,7.10
110.83,15.61,10.68,9.57,6.74,19.07,14.78,16.34,7.08
110.84,15.61,10.68,9.57,6.74,19.09,14.78,16.34,7.09
110.85,15.61,10.68,9.56,6.74,19.09,14.80,16.34,7.09
110.86,15.61,10.69,9.57,6.75,19.07,14.78,16.36,7.10
110.87,15.61,10.66,9.58,6.74,19.09,14.80,16.34,7.10
110.88,15.61,10.66,9.57,6.74,19.07,14.80,16.34,7.10
110.89,15.61,10.66,9.57,6.74,19.09,14.80,16.36,7.09
110.90,15.61,10.66,9.58,6.74,19.07,14.78,16.31,7.08
110.91,15.61,10.66,9.57,6.74,19.07,14.78,16.36,7.09
110.92,15.61,10.68,9.58,6.74,19.09,14.78,16.31,7.09
110.93,15.61,10.66,9.58,6.74,19.07,14.80,16.36,7.09
110.94,15.61,10.66,9.57,6.74,19.07,14.78,16.34,7.09
110.95,15.61,10.66,9.57,6.74,19.07,14.78,16.34,7.09
110.96,15.61,10.66,9.58,6.74,19.07,14.80,16.36,7.09
110.97,15.61,10.66,9.58,6.74,19.07,14.78,16.34,7.09
110.98,15.61,10.66,9.58,6.74,19.07,14.78,16.31,7.09
110.99,15.61,10.68,9.57,6.74,19.09,14.82,16.31,7.08
111.00,15.61,10.66,9.58,6.74,19.07,14.78,16.34,7.08
111.01,15.61,10.66,9.58,6.74,19.09,14.78,16.34,7.09
111.02,15.61,10.66,9.57,6.75,19.09,14.78,16.31,7.09
111.03,15.61,10.66,9.57,6.74,19.07,14.80,16.31,7.08
111.04,15.61,10.66,9.57,6.74,19.07,14.80,16.34,7.08
111.05,15.61,10.66,9.57,6.74,19.07,14.78,16.34,7.09
111.06,15.61,10.66,9.58,6.74,19.09,14.78,16.34,7.09
111.07,15.61,10.66,9.57,6.74,19.07,14.78,16.34,7.08
111.08,15.61,10.66,9.57,6.74,19.07,14.80,16.34,7.08
111.09,15.61,10.66,9.58,6.74,19.07,14.78,16.31,7.09
111.10,15.61,10.66,9.58,6.74,19.07,14.78,16.34,7.10
111.11,15.61,10.66,9.58,6.74,19.09,14.78,16.31,7.08
111.12,15.61,10.66,9.57,6.74,19.09,14.78,16.31,7.08
111.13,15.61,10.68,9.58,6.74,19.07,14.78,16.34,7.09
111.14,15.61,10.68,9.58,6.74,19.07,14.78,16.36,7.08
111.15,15.61,10.68,9.56,6.74,19.04,14.78,16.31,7.08
111.16,15.61,10.66,9.57,6.74,19.07,14.78,16.36,7.10
111.17,15.61,10.66,9.57,6.74,19.07,14.78,16.31,7.09
111.18,15.61,10.66,9.56,6.74,19.12,14.78,16.31,7.09
111.19,15.61,10.66,9.57,6.74,19.07,14.78,16.31,7.09
111.20,15.61,10.68,9.58,6.74,19.07,14.78,16.31,7.08
111.21,15.61,10.66,9.57,6.74,19.07,14.78,16.36,7.08
111.24,15.61,10.68,9.57,6.74,19.07,14.78,16.31,7.08
111.24,15.61,10.66,9.57,6.74,19.07,14.78,16.31,7.10
111.25,15.61,10.68,9.56,6.74,19.07,14.78,16.36,7.09
111.26,15.61,10.66,9.58,6.74,19.09,14.78,16.34,7.08
111.27,15.61,10.66,9.58,6.74,19.09,14.78,16.31,7.10
111.28,15.61,10.66,9.58,6.74,19.09,14.78,16.34,7.09
111.29,15.61,10.66,9.57,6.74,19.09,14.78,16.31,7.09
111.30,15.61,10.66,9.58,6.74,19.07,14.80,16.34,7.09
111.31,15.61,10.66,9.57,6.74,19.07,14.78,16.31,7.08
111.32,15.61,10.68,9.58,6.74,19.07,14.78,16.34,7.08
111.33,15.61,10.66,9.57,6.74,19.07,14.78,16.31,7.09
111.34,15.61,10.66,9.58,6.74,19.07,14.80,16.31,7.08
111.35,15.61,10.66,9.57,6.74,19.09,14.80,16.31,7.08
111.36,15.61,10.66,9.57,6.74,19.07,14.78,16.31,7.08
111.37,15.61,10.66,9.58,6.74,19.07,14.78,16.34,7.08
111.38,15.61,10.66,9.57,6.74,19.07,14.78,16.36,7.08
111.39,15.61,10.68,9.57,6.74,19.07,14.80,16.34,7.10
111.40,15.61,10.66,9.57,6.74,19.09,14.80,16.34,7.08
111.41,15.61,10.66,9.57,6.74,19.07,14.80,16.34,7.10
111.42,15.61,10.66,9.57,6.74,19.07,14.78,16.29,7.08
111.43,15.61,10.66,9.58,6.74,19.09,14.78,16.34,7.10
111.44,15.61,10.66,9.57,6.74,19.07,14.78,16.34,7.08
111.45,15.61,10.66,9.58,6.74,19.07,14.78,16.34,7.08
111.46,15.61,10.66,9.57,6.74,19.07,14.78,16.31,7.09
111.47,15.61,10.66,9.57,6.74,19.07,14.78,16.34,7.08
111.48,15.61,10.66,9.57,6.74,19.09,14.78,16.31,7.09
111.49,15.61,10.66,9.57,6.74,19.07,14.76,16.31,7.08
111.50,15.61,10.68,9.57,6.74,19.07,14.78,16.34,7.08
111.51,15.61,10.66,9.57,6.74,19.07,14.80,16.34,7.09
111.52,15.61,10.66,9.56,6.75,19.07,14.80,16.31,7.09
111.53,15.61,10.66,9.57,6.74,19.07,14.78,16.34,7.10
111.54,15.61,10.66,9.57,6.74,19.07,14.78,16.34,7.08
111.55,15.61,10.66,9.58,6.74,19.07,14.78,16.34,7.10
111.56,15.61,10.68,9.56,6.74,19.07,14.78,16.34,7.08
111.57,15.61,10.66,9.57,6.74,19.07,14.78,16.31,7.08
111.58,15.61,10.69,9.56,6.74,19.07,14.78,16.31,7.08
111.59,15.61,10.66,9.57,6.74,19.07,14.80,16.31,7.09
111.60,15.61,10.68,9.57,6.74,19.07,14.80,16.31,7.09
111.61,15.61,10.66,9.56,6.74,19.07,14.78,16.34,7.08
111.62,15.61,10.66,9.57,6.74,19.07,14.80,16.31,7.08
111.63,15.61,10.66,9.57,6.74,19.07,14.78,16.36,7.09
111.64,15.61,10.65,9.57,6.74,19.07,14.78,16.31,7.09
111.65,15.61,10.66,9.57,6.73,19.07,14.78,16.31,7.08
111.66,15.61,10.66,9.57,6.74,19.07,14.80,16.34,7.08
111.67,15.61,10.68,9.57,6.74,19.07,14.78,16.34,7.08
111.68,15.59,10.66,9.57,6.74,19.09,14.80,16.31,7.08
111.69,15.61,10.66,9.57,6.74,19.09,14.78,16.31,7.09
111.70,15.61,10.66,9.57,6.74,19.07,14.80,16.31,7.10
111.71,15.61,10.66,9.58,6.75,19.07,14.78,16.31,7.08
111.72,15.61,10.68,9.57,6.74,19.07,14.80,16.34,7.08
111.73,15.61,10.68,9.58,6.74,19.07,14.80,16.31,7.08
111.74,15.61,10.66,9.57,6.74,19.07,14.78,16.34,7.09
111.75,15.61,10.66,9.58,6.74,19.07,14.78,16.31,7.08
111.76,15.61,10.66,9.57,6.74,19.07,14.78,16.34,7.08
111.77,15.61,10.66,9.57,6.74,19.07,14.78,16.31,7.08
111.78,15.61,10.66,9.57,6.74,19.07,14.80,16.31,7.08
111.79,15.61,10.66,9.56,6.74,19.07,14.78,16.31,7.08
111.80,15.61,10.66,9.57,6.74,19.07,14.78,16.31,7.09
111.81,15.61,10.66,9.57,6.74,19.07,14.78,16.36,7.08
111.82,15.61,10.66,9.57,6.74,19.07,14.78,16.31,7.08
111.83,15.61,10.66,9.58,6.74,19.07,14.78,16.34,7.09
111.84,15.61,10.66,9.57,6.74,19.09,14.78,16.34,7.08
111.85,15.59,10.66,9.57,6.74,19.07,14.82,16.36,7.08
111.86,15.61,10.66,9.57,6.74,19.07,14.78,16.31,7.08
111.87,15.61,10.66,9.57,6.74,19.12,14.78,16.34,7.08
111.88,15.61,10.66,9.57,6.74,19.07,14.78,16.36,7.09
111.89,15.61,10.66,9.57,6.74,19.07,14.80,16.36,7.08
111.90,15.61,10.66,9.57,6.74,19.07,14.78,16.31,7.08
111.91,15.61,10.66,9.57,6.74,19.09,14.78,16.31,7.08
111.92,15.63,10.65,9.57,6.74,19.09,14.80,16.31,7.08
111.93,15.61,10.68,9.58,6.74,19.07,14.78,16.31,7.08
111.94,15.61,10.66,9.56,6.74,19.09,14.78,16.31,7.08
111.95,15.61,10.66,9.58,6.74,19.07,14.78,16.34,7.08
111.96,15.61,10.66,9.58,6.74,19.09,14.80,16.34,7.08
111.97,15.61,10.66,9.58,6.74,19.07,14.78,16.34,7.08
111.98,15.61,10.66,9.57,6.74,19.07,14.78,16.31,7.08
111.99,15.61,10.66,9.57,6.74,19.07,14.78,16.31,7.08
112.00,15.61,10.66,9.58,6.74,19.07,14.78,16.34,7.08
112.01,15.61,10.68,9.56,6.74,19.07,14.78,16.31,7.07
112.02,15.61,10.68,9.57,6.74,19.07,14.80,16.36,7.08
112.03,15.61,10.68,9.57,6.74,19.07,14.78,16.31,7.08
112.04,15.61,10.66,9.57,6.74,19.07,14.78,16.34,7.09
112.05,15.61,10.66,9.57,6.74,19.07,14.78,16.31,7.08
112.06,15.61,10.66,9.57,6.74,19.09,14.78,16.34,7.08
112.07,15.61,10.68,9.57,6.74,19.07,14.78,16.31,7.08
112.08,15.61,10.66,9.57,6.74,19.07,14.78,16.34,7.08
112.09,15.61,10.66,9.56,6.74,19.07,14.78,16.34,7.08
112.10,15.61,10.65,9.56,6.74,19.07,14.78,16.34,7.08
112.11,15.61,10.66,9.57,6.74,19.07,14.78,16.36,7.08
112.12,15.61,10.66,9.57,6.74,19.07,14.78,16.36,7.08
112.13,15.61,10.66,9.57,6.74,19.07,14.76,16.31,7.08
112.14,15.61,10.66,9.57,6.74,19.07,14.80,16.34,7.08
112.15,15.61,10.68,9.57,6.74,19.07,14.80,16.34,7.09
112.16,15.61,10.66,9.57,6.74,19.07,14.76,16.31,7.08
112.17,15.61,10.66,9.57,6.75,19.07,14.78,16.34,7.09
112.18,15.61,10.65,9.58,6.74,19.07,14.78,16.31,7.08
112.19,15.61,10.66,9.57,6.74,19.07,14.78,16.31,7.08
112.20,15.61,10.66,9.57,6.74,19.07,14.78,16.34,7.08
112.21,15.61,10.66,9.57,6.74,19.07,14.78,16.34,7.09
112.22,15.61,10.68,9.57,6.74,19.07,14.78,16.31,7.07
112.23,15.59,10.66,9.58,6.74,19.07,14.78,16.34,7.08
112.24,15.61,10.66,9.57,6.74,19.07,14.78,16.34,7.08
112.25,15.61,10.66,9.58,6.74,19.07,14.78,16.31,7.08
112.26,15.59,10.66,9.57,6.74,19.07,14.78,16.34,7.08
112.27,15.63,10.66,9.57,6.74,19.07,14.78,16.31,7.08
112.28,15.61,10.66,9.58,6.74,19.07,14.78,16.31,7.08
112.29,15.61,10.66,9.56,6.74,19.04,14.78,16.36,7.09
112.30,15.61,10.66,9.57,6.74,19.07,14.80,16.34,7.08
112.31,15.61,10.66,9.58,6.74,19.07,14.78,16.34,7.08
112.32,15.61,10.66,9.57,6.74,19.07,14.80,16.31,7.07
112.33,15.61,10.66,9.56,6.74,19.07,14.80,16.34,7.08
112.34,15.61,10.66,9.58,6.75,19.04,14.78,16.34,7.08
112.35,15.61,10.66,9.57,6.74,19.04,14.76,16.34,7.07
112.36,15.61,10.68,9.57,6.74,19.09,14.80,16.31,7.08
112.37,15.61,10.66,9.57,6.74,19.07,14.76,16.34,7.09
112.38,15.61,10.66,9.57,6.74,19.07,14.78,16.36,7.08
112.39,15.61,10.66,9.56,6.74,19.07,14.78,16.31,7.08
112.40,15.61,10.66,9.57,6.74,19.07,14.78,16.36,7.09
112.41,15.61,10.65,9.56,6.74,19.07,14.78,16.31,7.09
112.42,15.61,10.66,9.57,6.74,19.07,14.76,16.36,7.08
112.43,15.61,10.66,9.56,6.74,19.07,14.76,16.34,7.07
112.44,15.61,10.66,9.57,6.74,19.07,14.76,16.34,7.08
112.45,15.61,10.66,9.57,6.74,19.07,14.80,16.31,7.07
112.46,15.61,10.66,9.56,6.74,19.07,14.78,16.31,7.08
112.47,15.63,10.66,9.56,6.74,19.07,14.80,16.34,7.08
112.48,15.61,10.66,9.57,6.74,19.07,14.76,16.34,7.08
112.49,15.61,10.66,9.57,6.74,19.09,14.80,16.31,7.08
112.50,15.61,10.66,9.57,6.74,19.07,14.78,16.31,7.08
112.51,15.61,10.66,9.57,6.74,19.07,14.78,16.34,7.08
112.52,15.61,10.66,9.57,6.74,19.07,14.78,16.36,7.08
112.53,15.61,10.66,9.58,6.74,19.07,14.78,16.36,7.08
112.54,15.61,10.66,9.56,6.74,19.07,14.76,16.34,7.07
112.55,15.61,10.65,9.57,6.74,19.07,14.80,16.31,7.08
112.56,15.61,10.66,9.57,6.74,19.07,14.78,16.34,7.08
112.57,15.61,10.66,9.56,6.74,19.07,14.78,16.31,7.08
112.58,15.61,10.66,9.57,6.74,19.07,14.78,16.34,7.09
112.59,15.61,10.66,9.58,6.74,19.07,14.76,16.34,7.08
112.60,15.61,10.66,9.57,6.74,19.07,14.78,16.31,7.08
112.61,15.61,10.66,9.56,6.74,19.09,14.78,16.31,7.08
112.62,15.61,10.68,9.57,6.74,19.07,14.80,16.34,7.08
112.63,15.61,10.65,9.57,6.74,19.07,14.76,16.31,7.07
112.64,15.61,10.66,9.57,6.74,19.07,14.76,16.31,7.08
112.65,15.61,10.66,9.57,6.74,19.09,14.80,16.36,7.08
112.66,15.61,10.65,9.57,6.74,19.09,14.78,16.31,7.07
112.67,15.61,10.66,9.57,6.74,19.07,14.78,16.31,7.08
112.68,15.61,10.66,9.57,6.74,19.07,14.80,16.36,7.08
112.69,15.61,10.66,9.57,6.74,19.09,14.78,16.31,7.09
112.70,15.61,10.66,9.57,6.74,19.07,14.78,16.34,7.08
112.71,15.61,10.66,9.56,6.74,19.09,14.76,16.31,7.08
112.72,15.61,10.66,9.57,6.74,19.07,14.76,16.34,7.07
112.73,15.61,10.66,9.57,6.74,19.07,14.78,16.36,7.08
112.74,15.61,10.66,9.57,6.74,19.07,14.78,16.34,7.08
112.75,15.61,10.66,9.57,6.74,19.09,14.78,16.31,7.08
112.76,15.61,10.65,9.57,6.74,19.07,14.76,16.31,7.08
112.77,15.61,10.66,9.56,6.74,19.09,14.76,16.34,7.08
112.78,15.61,10.66,9.57,6.74,19.07,14.78,16.34,7.08
112.79,15.61,10.66,9.57,6.74,19.09,14.78,16.31,7.08
112.80,15.61,10.68,9.56,6.74,19.07,14.78,16.31,7.07
112.81,15.61,10.66,9.57,6.74,19.09,14.78,16.31,7.08
112.82,15.61,10.66,9.57,6.74,19.07,14.78,16.31,7.07
112.83,15.61,10.66,9.56,6.74,19.07,14.78,16.31,7.08
112.84,15.61,10.68,9.56,6.74,19.09,14.78,16.34,7.08
112.85,15.61,10.66,9.57,6.74,19.07,14.78,16.31,7.08
112.86,15.61,10.65,9.58,6.74,19.07,14.76,16.34,7.08
112.87,15.61,10.66,9.57,6.74,19.09,14.76,16.34,7.08
112.88,15.61,10.65,9.57,6.74,19.04,14.76,16.34,7.08
112.89,15.61,10.66,9.57,6.74,19.07,14.80,16.34,7.08
112.90,15.61,10.65,9.56,6.74,19.07,14.80,16.31,7.08
112.91,15.61,10.66,9.56,6.74,19.09,14.78,16.36,7.08
112.92,15.61,10.65,9.58,6.74,19.07,14.76,16.34,7.07
112.93,15.61,10.66,9.57,6.74,19.07,14.76,16.31,7.07
112.94,15.61,10.66,9.57,6.74,19.09,14.78,16.34,7.08
112.95,15.61,10.65,9.57,6.74,19.07,14.78,16.34,7.08
112.96,15.61,10.66,9.57,6.74,19.07,14.78,16.34,7.07
112.97,15.61,10.66,9.56,6.74,19.07,14.78,16.34,7.08
112.98,15.61,10.68,9.57,6.74,19.07,14.78,16.31,7.08
112.99,15.61,10.68,9.57,6.74,19.07,14.80,16.34,7.08
113.00,15.61,10.66,9.57,6.74,19.07,14.76,16.31,7.07
113.01,15.61,10.65,9.57,6.74,19.07,14.76,16.36,7.08
113.02,15.59,10.66,9.57,6.74,19.07,14.78,16.34,7.08
113.03,15.61,10.66,9.56,6.74,19.09,14.80,16.31,7.08
113.04,15.61,10.66,9.56,6.73,19.07,14.78,16.34,7.08
113.05,15.61,10.68,9.56,6.74,19.07,14.76,16.31,7.07
113.06,15.61,10.65,9.57,6.74,19.07,14.76,16.34,7.07
113.07,15.61,10.66,9.57,6.74,19.07,14.76,16.34,7.08
113.08,15.61,10.66,9.57,6.74,19.07,14.80,16.36,7.08
113.09,15.61,10.66,9.57,6.74,19.09,14.76,16.31,7.07
113.10,15.61,10.66,9.56,6.74,19.07,14.76,16.34,7.08
113.11,15.61,10.66,9.57,6.74,19.07,14.76,16.34,7.08
113.12,15.61,10.68,9.57,6.73,19.04,14.78,16.34,7.08
113.13,15.61,10.68,9.56,6.74,19.07,14.76,16.34,7.08
113.14,15.61,10.68,9.56,6.74,19.07,14.76,16.31,7.07
113.15,15.61,10.65,9.58,6.74,19.07,14.76,16.34,7.08
113.16,15.61,10.66,9.57,6.74,19.07,14.78,16.34,7.08
113.17,15.61,10.66,9.57,6.73,19.04,14.78,16.34,7.08
113.18,15.61,10.66,9.57,6.74,19.07,14.78,16.34,7.07
113.20,15.59,10.66,9.57,6.74,19.04,14.76,16.31,7.08
113.21,15.61,10.66,9.56,6.74,19.04,14.78,16.34,7.08
113.22,15.61,10.68,9.56,6.74,19.07,14.76,16.34,7.08
113.23,15.61,10.66,9.56,6.74,19.07,14.76,16.36,7.08
113.24,15.61,10.66,9.57,6.74,19.07,14.80,16.34,7.08
113.25,15.61,10.66,9.56,6.74,19.07,14.76,16.31,7.08
113.26,15.61,10.68,9.57,6.74,19.04,14.78,16.31,7.07
113.27,15.61,10.66,9.57,6.74,19.07,14.78,16.31,7.07
113.28,15.61,10.66,9.57,6.73,19.07,14.76,16.31,7.08
113.29,15.61,10.66,9.56,6.74,19.07,14.76,16.31,7.07
113.30,15.61,10.65,9.56,6.74,19.07,14.76,16.34,7.08
113.31,15.59,10.65,9.57,6.74,19.07,14.78,16.31,7.08
113.32,15.61,10.66,9.56,6.73,19.07,14.76,16.31,7.07
113.33,15.61,10.68,9.56,6.73,19.07,14.78,16.34,7.07
113.34,15.61,10.65,9.58,6.74,19.07,14.76,16.34,7.09
113.35,15.61,10.68,9.58,6.74,19.09,14.76,16.31,7.07
113.36,15.61,10.66,9.56,6.74,19.04,14.82,16.36,7.08
113.37,15.61,10.66,9.57,6.74,19.07,14.78,16.31,7.08
113.38,15.61,10.65,9.58,6.74,19.07,14.76,16.31,7.08
113.39,15.61,10.66,9.57,6.73,19.07,14.78,16.34,7.08
113.40,15.61,10.66,9.57,6.74,19.07,14.76,16.31,7.08
113.41,15.61,10.66,9.57,6.74,19.07,14.76,16.31,7.07
113.42,15.61,10.66,9.57,6.74,19.07,14.76,16.34,7.08
113.43,15.61,10.65,9.56,6.74,19.07,14.76,16.34,7.08
113.44,15.61,10.65,9.57,6.74,19.07,14.78,16.31,7.08
113.45,15.61,10.65,9.57,6.73,19.07,14.76,16.34,7.07
113.46,15.61,10.65,9.56,6.74,19.07,14.76,16.34,7.08
113.47,15.63,10.66,9.57,6.74,19.07,14.78,16.34,7.07
113.48,15.59,10.66,9.57,6.74,19.07,14.78,16.31,7.08
113.49,15.63,10.66,9.57,6.74,19.07,14.78,16.34,7.08
113.50,15.61,10.66,9.56,6.74,19.09,14.76,16.34,7.08
113.51,15.61,10.66,9.57,6.73,19.09,14.78,16.31,7.07
113.52,15.59,10.65,9.58,6.74,19.07,14.76,16.31,7.07
113.53,15.59,10.65,9.57,6.74,19.07,14.78,16.34,7.08
113.54,15.61,10.66,9.57,6.74,19.07,14.78,16.34,7.07
113.55,15.61,10.66,9.57,6.74,19.07,14.78,16.31,7.08
113.56,15.61,10.66,9.57,6.74,19.07,14.78,16.34,7.08
113.57,15.59,10.66,9.57,6.74,19.07,14.78,16.31,7.08
113.58,15.61,10.66,9.56,6.74,19.07,14.76,16.36,7.07
113.59,15.61,10.66,9.56,6.74,19.07,14.78,16.36,7.08
113.60,15.61,10.66,9.56,6.74,19.07,14.76,16.31,7.07
113.61,15.61,10.66,9.57,6.74,19.07,14.78,16.31,7.07
113.62,15.61,10.66,9.57,6.73,19.07,14.78,16.34,7.07
113.63,15.59,10.66,9.57,6.74,19.07,14.76,16.31,7.07
113.64,15.61,10.66,9.57,6.74,19.07,14.76,16.31,7.07
113.65,15.61,10.65,9.56,6.74,19.07,14.78,16.34,7.07
113.66,15.61,10.66,9.57,6.74,19.07,14.80,16.34,7.07
113.67,15.61,10.66,9.57,6.74,19.07,14.76,16.31,7.07
113.68,15.61,10.65,9.57,6.74,19.07,14.76,16.34,7.07
113.69,15.61,10.66,9.57,6.74,19.04,14.78,16.31,7.06
113.70,15.61,10.65,9.56,6.73,19.07,14.78,16.36,7.07
113.71,15.61,10.65,9.56,6.73,19.04,14.76,16.31,7.07
113.72,15.61,10.66,9.57,6.74,19.07,14.76,16.31,7.07
113.73,15.61,10.66,9.57,6.73,19.09,14.76,16.34,7.08
113.74,15.61,10.66,9.56,6.74,19.07,14.76,16.31,7.07
113.75,15.61,10.66,9.56,6.74,19.07,14.76,16.31,7.07
113.76,15.61,10.65,9.56,6.74,19.07,14.76,16.31,7.07
113.77,15.61,10.65,9.57,6.73,19.07,14.80,16.31,7.07
113.78,15.61,10.65,9.57,6.74,19.07,14.76,16.31,7.08
113.79,15.61,10.65,9.56,6.73,19.07,14.78,16.31,7.08
113.80,15.61,10.66,9.56,6.74,19.07,14.76,16.34,7.08
113.81,15.61,10.66,9.57,6.73,19.07,14.76,16.34,7.08
113.82,15.61,10.66,9.57,6.74,19.07,14.76,16.31,7.07
113.83,15.61,10.66,9.56,6.74,19.09,14.76,16.31,7.07
113.84,15.61,10.65,9.56,6.74,19.04,14.78,16.34,7.08
113.85,15.61,10.66,9.57,6.74,19.07,14.76,16.31,7.07
113.86,15.61,10.65,9.57,6.74,19.07,14.78,16.31,7.08
113.87,15.61,10.66,9.57,6.74,19.07,14.76,16.34,7.08
113.88,15.61,10.66,9.57,6.74,19.07,14.76,16.31,7.07
113.89,15.61,10.66,9.57,6.74,19.07,14.76,16.36,7.08
113.90,15.61,10.66,9.57,6.74,19.07,14.76,16.31,7.07
113.91,15.61,10.66,9.58,6.74,19.07,14.76,16.31,7.07
113.92,15.61,10.66,9.56,6.73,19.04,14.76,16.31,7.07
113.93,15.61,10.65,9.56,6.74,19.04,14.78,16.31,7.08
113.94,15.61,10.66,9.57,6.73,19.07,14.78,16.31,7.07
113.95,15.61,10.65,9.56,6.73,19.04,14.80,16.31,7.07
113.96,15.61,10.66,9.56,6.73,19.04,14.76,16.34,7.08
113.97,15.61,10.65,9.56,6.74,19.04,14.76,16.34,7.08
113.98,15.61,10.66,9.56,6.74,19.07,14.80,16.31,7.08
113.99,15.61,10.66,9.56,6.73,19.04,14.78,16.36,7.07
114.00,15.59,10.65,9.56,6.74,19.07,14.78,16.31,7.07
114.01,15.61,10.66,9.56,6.74,19.07,14.78,16.31,7.07
114.02,15.61,10.68,9.58,6.74,19.09,14.76,16.31,7.07
114.03,15.61,10.66,9.56,6.74,19.07,14.76,16.34,7.07
114.04,15.61,10.66,9.57,6.73,19.07,14.76,16.34,7.08
114.05,15.61,10.68,9.56,6.74,19.04,14.76,16.31,7.07
114.06,15.61,10.66,9.56,6.73,19.07,14.78,16.31,7.08
114.07,15.61,10.65,9.57,6.73,19.07,14.76,16.31,7.07
114.08,15.61,10.66,9.56,6.73,19.04,14.78,16.31,7.07
114.09,15.61,10.66,9.58,6.73,19.04,14.76,16.31,7.08
114.10,15.61,10.66,9.57,6.73,19.07,14.76,16.34,7.07
114.11,15.59,10.66,9.56,6.74,19.07,14.76,16.31,7.07
114.12,15.61,10.66,9.56,6.73,19.04,14.76,16.36,7.08
114.13,15.61,10.66,9.57,6.74,19.07,14.76,16.34,7.08
114.14,15.61,10.65,9.56,6.74,19.04,14.76,16.31,7.07
114.17,15.61,10.68,9.56,6.74,19.04,14.76,16.34,7.08
114.17,15.61,10.65,9.56,6.74,19.07,14.76,16.34,7.08
114.18,15.61,10.65,9.56,6.73,19.07,14.80,16.34,7.07
114.19,15.61,10.65,9.56,6.74,19.04,14.76,16.34,7.07
114.20,15.61,10.66,9.56,6.74,19.07,14.78,16.31,7.08
114.21,15.61,10.66,9.57,6.74,19.07,14.76,16.34,7.08
114.22,15.61,10.66,9.56,6.73,19.07,14.76,16.31,7.08
114.23,15.59,10.65,9.56,6.73,19.04,14.78,16.34,7.07
114.24,15.61,10.66,9.56,6.74,19.07,14.76,16.31,7.08
114.25,15.61,10.66,9.57,6.74,19.04,14.76,16.34,7.08
114.26,15.61,10.65,9.56,6.73,19.07,14.76,16.36,7.08
114.27,15.61,10.65,9.56,6.74,19.07,14.76,16.31,7.06
114.28,15.61,10.66,9.57,6.74,19.07,14.76,16.31,7.07
114.29,15.61,10.65,9.56,6.74,19.07,14.78,16.31,7.07
114.30,15.61,10.65,9.56,6.74,19.07,14.76,16.31,7.07
114.31,15.61,10.65,9.56,6.74,19.07,14.78,16.31,7.07
114.32,15.61,10.68,9.56,6.73,19.07,14.76,16.31,7.07
114.33,15.61,10.66,9.56,6.74,19.04,14.78,16.31,7.08
114.34,15.61,10.68,9.56,6.74,19.07,14.76,16.34,7.07
114.35,15.61,10.65,9.57,6.74,19.07,14.76,16.31,7.08
114.36,15.61,10.66,9.58,6.74,19.04,14.76,16.31,7.07
114.37,15.61,10.65,9.56,6.74,19.04,14.76,16.34,7.07
114.38,15.61,10.65,9.57,6.74,19.07,14.76,16.34,7.07
114.39,15.61,10.66,9.56,6.74,19.07,14.76,16.34,7.08
114.40,15.61,10.68,9.56,6.74,19.07,14.76,16.31,7.06
114.41,15.61,10.66,9.57,6.74,19.07,14.76,16.31,7.07
114.42,15.61,10.65,9.56,6.73,19.04,14.76,16.31,7.08
114.43,15.61,10.65,9.57,6.74,19.04,14.78,16.34,7.07
114.44,15.61,10.65,9.56,6.73,19.04,14.76,16.36,7.06
114.45,15.61,10.66,9.57,6.74,19.07,14.76,16.34,7.06
114.46,15.61,10.66,9.57,6.74,19.09,14.76,16.31,7.07
114.47,15.61,10.66,9.56,6.74,19.07,14.80,16.36,7.07
114.48,15.61,10.66,9.57,6.74,19.04,14.76,16.31,7.08
114.49,15.59,10.65,9.56,6.74,19.04,14.76,16.34,7.08
114.50,15.61,10.66,9.58,6.74,19.07,14.74,16.31,7.08
114.51,15.61,10.66,9.55,6.74,19.04,14.76,16.31,7.07
114.52,15.61,10.65,9.56,6.74,19.04,14.76,16.31,7.07
114.53,15.61,10.66,9.56,6.73,19.07,14.76,16.31,7.07
114.54,15.61,10.66,9.56,6.73,19.04,14.76,16.34,7.07
114.55,15.61,10.65,9.56,6.73,19.04,14.78,16.34,7.07
114.56,15.61,10.66,9.56,6.73,19.04,14.74,16.31,7.07
114.57,15.61,10.65,9.55,6.73,19.04,14.76,16.34,7.06
114.58,15.61,10.66,9.56,6.74,19.07,14.76,16.34,7.06
114.59,15.61,10.66,9.56,6.74,19.07,14.76,16.34,7.07
114.60,15.61,10.65,9.56,6.74,19.04,14.76,16.31,7.07
114.61,15.59,10.65,9.56,6.73,19.04,14.76,16.31,7.07
114.62,15.61,10.66,9.56,6.74,19.07,14.76,16.31,7.06
114.63,15.61,10.66,9.56,6.73,19.07,14.76,16.34,7.08
114.64,15.61,10.66,9.55,6.74,19.04,14.76,16.34,7.07
114.65,15.61,10.65,9.56,6.74,19.07,14.76,16.31,7.08
114.66,15.61,10.65,9.55,6.74,19.04,14.76,16.34,7.08
114.67,15.59,10.66,9.56,6.74,19.07,14.78,16.31,7.07
114.68,15.61,10.65,9.56,6.74,19.04,14.76,16.34,7.08
114.69,15.61,10.65,9.56,6.74,19.04,14.76,16.34,7.07
114.70,15.61,10.65,9.57,6.74,19.04,14.76,16.31,7.07
114.71,15.61,10.66,9.57,6.73,19.07,14.76,16.34,7.08
114.72,15.61,10.65,9.57,6.74,19.07,14.76,16.31,7.07
114.73,15.61,10.65,9.57,6.73,19.07,14.76,16.36,7.07
114.74,15.59,10.66,9.56,6.73,19.04,14.78,16.31,7.06
114.75,15.61,10.65,9.56,6.73,19.04,14.78,16.31,7.07
114.76,15.59,10.65,9.56,6.73,19.07,14.78,16.34,7.07
114.77,15.61,10.66,9.57,6.74,19.07,14.76,16.31,7.08
114.78,15.61,10.65,9.55,6.73,19.04,14.76,16.34,7.08
114.79,15.61,10.68,9.56,6.74,19.07,14.78,16.34,7.07
114.80,15.61,10.65,9.55,6.74,19.04,14.74,16.34,7.06
114.81,15.61,10.65,9.56,6.74,19.04,14.78,16.34,7.08
114.82,15.61,10.66,9.56,6.74,19.04,14.74,16.31,7.06
114.83,15.61,10.65,9.56,6.74,19.04,14.76,16.31,7.07
114.84,15.61,10.65,9.57,6.74,19.04,14.76,16.31,7.07
114.85,15.61,10.65,9.56,6.74,19.04,14.76,16.34,7.07
114.86,15.61,10.65,9.57,6.73,19.07,14.76,16.31,7.06
114.87,15.61,10.66,9.57,6.74,19.07,14.76,16.31,7.06
114.88,15.61,10.65,9.55,6.73,19.07,14.76,16.31,7.06
114.89,15.61,10.65,9.57,6.74,19.07,14.76,16.31,7.06
114.90,15.61,10.66,9.55,6.73,19.04,14.76,16.34,7.07
114.91,15.59,10.65,9.55,6.73,19.04,14.76,16.31,7.08
114.92,15.59,10.65,9.56,6.74,19.07,14.76,16.31,7.07
114.93,15.59,10.66,9.56,6.73,19.07,14.76,16.34,7.06
114.94,15.61,10.65,9.57,6.73,19.04,14.76,16.34,7.08
114.95,15.59,10.65,9.56,6.74,19.04,14.76,16.31,7.07
114.96,15.61,10.65,9.56,6.73,19.07,14.76,16.34,7.07
114.97,15.59,10.65,9.57,6.73,19.04,14.74,16.31,7.07
114.98,15.59,10.65,9.57,6.74,19.07,14.76,16.34,7.07
114.99,15.59,10.65,9.56,6.73,19.07,14.76,16.34,7.07
115.00,15.61,10.66,9.56,6.74,19.07,14.78,16.34,7.06
115.01,15.59,10.65,9.56,6.73,19.07,14.76,16.31,7.06
115.02,15.61,10.66,9.57,6.73,19.04,14.78,16.31,7.07
115.03,15.59,10.65,9.57,6.73,19.04,14.74,16.34,7.07
115.04,15.61,10.66,9.55,6.73,19.04,14.76,16.34,7.08
115.05,15.61,10.66,9.56,6.73,19.07,14.74,16.31,7.07
115.06,15.59,10.65,9.57,6.73,19.04,14.76,16.31,7.07
115.07,15.59,10.65,9.57,6.74,19.04,14.76,16.31,7.08
115.08,15.59,10.66,9.57,6.73,19.07,14.76,16.31,7.07
115.09,15.61,10.65,9.56,6.73,19.04,14.74,16.34,7.07
115.10,15.59,10.65,9.56,6.74,19.04,14.76,16.31,7.07
115.11,15.59,10.65,9.56,6.73,19.07,14.76,16.34,7.07
115.12,15.61,10.65,9.57,6.73,19.04,14.78,16.31,7.06
115.13,15.61,10.66,9.56,6.73,19.07,14.78,16.34,7.07
115.14,15.59,10.65,9.56,6.74,19.04,14.80,16.31,7.07
115.15,15.61,10.65,9.57,6.73,19.04,14.76,16.31,7.07
115.16,15.59,10.66,9.56,6.73,19.07,14.76,16.31,7.07
115.17,15.59,10.66,9.56,6.74,19.07,14.76,16.31,7.07
115.18,15.59,10.65,9.55,6.73,19.07,14.78,16.34,7.06
115.19,15.59,10.65,9.56,6.73,19.07,14.76,16.31,7.07
115.20,15.59,10.65,9.56,6.73,19.04,14.78,16.31,7.08
115.21,15.59,10.65,9.56,6.73,19.07,14.78,16.31,7.08
115.22,15.59,10.66,9.56,6.73,19.04,14.76,16.31,7.07
115.23,15.59,10.66,9.57,6.74,19.07,14.76,16.34,7.06
115.24,15.61,10.65,9.56,6.73,19.04,14.76,16.31,7.06
115.25,15.61,10.65,9.55,6.73,19.04,14.76,16.31,7.07
115.26,15.59,10.65,9.56,6.74,19.04,14.76,16.31,7.08
115.27,15.59,10.66,9.56,6.73,19.04,14.76,16.31,7.06
115.28,15.59,10.65,9.55,6.74,19.07,14.78,16.34,7.06
115.29,15.61,10.66,9.56,6.74,19.07,14.76,16.31,7.08
115.30,15.59,10.65,9.56,6.73,19.04,14.76,16.31,7.06
115.31,15.59,10.66,9.56,6.73,19.07,14.78,16.34,7.07
115.32,15.59,10.65,9.56,6.73,19.07,14.78,16.31,7.07
115.33,15.61,10.66,9.56,6.73,19.04,14.78,16.31,7.06
115.34,15.59,10.65,9.55,6.74,19.04,14.78,16.34,7.07
115.35,15.59,10.66,9.57,6.74,19.04,14.76,16.34,7.07
115.36,15.59,10.64,9.56,6.73,19.04,14.74,16.34,7.06
115.37,15.59,10.65,9.57,6.73,19.07,14.78,16.31,7.07
115.38,15.59,10.65,9.55,6.73,19.04,14.76,16.31,7.07
115.39,15.59,10.66,9.56,6.74,19.04,14.76,16.31,7.06
115.40,15.61,10.66,9.55,6.73,19.04,14.74,16.31,7.06
115.41,15.59,10.65,9.55,6.73,19.04,14.74,16.31,7.07
115.42,15.61,10.65,9.56,6.74,19.04,14.76,16.31,7.06
115.43,15.59,10.65,9.57,6.74,19.07,14.76,16.31,7.07
115.44,15.61,10.65,9.57,6.74,19.04,14.76,16.31,7.07
115.45,15.59,10.65,9.56,6.74,19.04,14.76,16.31,7.07
115.46,15.59,10.65,9.56,6.74,19.04,14.74,16.31,7.06
115.47,15.59,10.66,9.56,6.73,19.07,14.78,16.34,7.07
115.48,15.59,10.66,9.56,6.73,19.04,14.74,16.31,7.06
115.49,15.59,10.65,9.57,6.73,19.04,14.74,16.31,7.07
115.50,15.59,10.66,9.56,6.73,19.07,14.74,16.31,7.07
115.51,15.59,10.65,9.56,6.73,19.07,14.76,16.31,7.06
115.52,15.61,10.65,9.55,6.73,19.04,14.76,16.34,7.06
115.53,15.59,10.66,9.56,6.73,19.04,14.76,16.31,7.06
115.54,15.61,10.66,9.56,6.73,19.04,14.78,16.31,7.06
115.55,15.59,10.65,9.56,6.73,19.04,14.76,16.31,7.06
115.56,15.59,10.65,9.56,6.74,19.04,14.74,16.34,7.06
115.57,15.59,10.65,9.55,6.73,19.07,14.76,16.31,7.06
115.58,15.59,10.65,9.56,6.73,19.04,14.78,16.31,7.06
115.59,15.59,10.66,9.57,6.73,19.07,14.76,16.34,7.08
115.60,15.59,10.66,9.56,6.73,19.04,14.78,16.31,7.07
115.61,15.61,10.65,9.56,6.74,19.04,14.76,16.31,7.06
115.62,15.59,10.66,9.56,6.74,19.04,14.76,16.31,7.06
115.63,15.59,10.65,9.55,6.74,19.04,14.74,16.31,7.05
115.64,15.59,10.64,9.56,6.74,19.04,14.76,16.31,7.06
115.65,15.59,10.65,9.55,6.74,19.04,14.76,16.31,7.07
115.66,15.59,10.66,9.56,6.72,19.04,14.76,16.34,7.07
115.67,15.61,10.65,9.56,6.72,19.07,14.74,16.34,7.08
115.68,15.61,10.65,9.55,6.74,19.04,14.76,16.31,7.06
115.69,15.59,10.66,9.55,6.73,19.04,14.78,16.31,7.06
115.70,15.59,10.65,9.57,6.74,19.04,14.78,16.31,7.07
115.71,15.59,10.66,9.55,6.73,19.04,14.74,16.34,7.07
115.72,15.61,10.65,9.57,6.74,19.04,14.76,16.31,7.06
115.73,15.59,10.64,9.56,6.73,19.04,14.74,16.34,7.07
115.74,15.61,10.65,9.56,6.73,19.07,14.76,16.34,7.06
115.75,15.61,10.65,9.55,6.73,19.04,14.76,16.31,7.06
115.76,15.59,10.65,9.55,6.73,19.04,14.76,16.34,7.07
115.77,15.59,10.66,9.56,6.74,19.04,14.76,16.31,7.06
115.78,15.59,10.65,9.56,6.73,19.07,14.76,16.34,7.07
115.79,15.59,10.66,9.56,6.74,19.04,14.74,16.31,7.06
115.80,15.61,10.65,9.56,6.74,19.04,14.76,16.34,7.05
115.81,15.59,10.65,9.55,6.74,19.07,14.76,16.31,7.07
115.82,15.59,10.65,9.56,6.73,19.04,14.76,16.31,7.06
115.83,15.59,10.65,9.55,6.73,19.04,14.76,16.34,7.06
115.84,15.59,10.65,9.56,6.73,19.04,14.76,16.34,7.07
115.85,15.61,10.65,9.55,6.74,19.01,14.76,16.31,7.07
115.86,15.61,10.65,9.56,6.73,19.04,14.74,16.34,7.07
115.87,15.59,10.66,9.55,6.73,19.04,14.76,16.34,7.06
115.88,15.61,10.65,9.55,6.73,19.04,14.76,16.31,7.06
115.89,15.61,10.65,9.55,6.74,19.04,14.76,16.31,7.06
115.90,15.59,10.65,9.56,6.73,19.04,14.74,16.31,7.08
115.91,15.59,10.65,9.57,6.74,19.04,14.74,16.31,7.06
115.92,15.59,10.66,9.55,6.73,19.07,14.76,16.34,7.07
115.93,15.59,10.65,9.57,6.74,19.07,14.76,16.31,7.06
115.94,15.59,10.65,9.56,6.73,19.04,14.76,16.31,7.06
115.95,15.59,10.65,9.56,6.74,19.04,14.76,16.34,7.06
115.96,15.59,10.65,9.57,6.73,19.04,14.76,16.31,7.06
115.97,15.59,10.65,9.56,6.73,19.07,14.76,16.31,7.06
115.98,15.59,10.66,9.56,6.74,19.07,14.78,16.31,7.07
115.99,15.59,10.65,9.56,6.73,19.07,14.76,16.31,7.06
116.00,15.59,10.66,9.56,6.73,19.04,14.74,16.34,7.07
116.01,15.59,10.65,9.55,6.74,19.04,14.76,16.31,7.06
116.02,15.59,10.66,9.55,6.73,19.04,14.74,16.31,7.06
116.03,15.59,10.65,9.55,6.73,19.04,14.76,16.34,7.06
116.04,15.59,10.65,9.56,6.73,19.04,14.76,16.31,7.07
116.05,15.59,10.66,9.57,6.73,19.07,14.76,16.31,7.06
116.06,15.59,10.65,9.57,6.73,19.04,14.76,16.34,7.07
116.07,15.59,10.64,9.56,6.73,19.04,14.74,16.31,7.06
116.08,15.61,10.65,9.56,6.73,19.04,14.76,16.34,7.06
116.09,15.59,10.65,9.56,6.73,19.04,14.76,16.31,7.05
116.10,15.59,10.66,9.55,6.73,19.07,14.76,16.34,7.07
116.11,15.59,10.66,9.55,6.73,19.04,14.76,16.31,7.07
116.12,15.59,10.66,9.55,6.74,19.04,14.74,16.31,7.06
116.13,15.59,10.65,9.55,6.73,19.07,14.76,16.31,7.06
116.14,15.59,10.66,9.55,6.72,19.07,14.74,16.31,7.06
116.15,15.61,10.65,9.56,6.73,19.04,14.76,16.34,7.07
116.16,15.59,10.66,9.55,6.74,19.04,14.74,16.34,7.06
116.17,15.59,10.66,9.55,6.73,19.04,14.76,16.31,7.06
116.18,15.59,10.65,9.56,6.73,19.04,14.76,16.31,7.07
116.19,15.59,10.65,9.55,6.73,19.04,14.76,16.31,7.06
116.20,15.59,10.65,9.56,6.72,19.07,14.76,16.31,7.06
116.21,15.59,10.65,9.55,6.73,19.07,14.76,16.31,7.07
116.22,15.61,10.66,9.55,6.73,19.04,14.76,16.34,7.06
116.23,15.59,10.65,9.56,6.73,19.04,14.74,16.31,7.06
116.24,15.59,10.66,9.55,6.73,19.04,14.76,16.31,7.07
116.25,15.59,10.65,9.56,6.72,19.07,14.76,16.34,7.06
116.26,15.59,10.65,9.57,6.73,19.04,14.76,16.31,7.06
116.27,15.59,10.65,9.56,6.73,19.04,14.74,16.31,7.07
116.28,15.59,10.66,9.56,6.73,19.04,14.76,16.31,7.07
116.29,15.59,10.65,9.56,6.73,19.04,14.76,16.31,7.07
116.30,15.56,10.66,9.56,6.74,19.07,14.76,16.31,7.07
116.31,15.59,10.65,9.55,6.73,19.04,14.76,16.34,7.06
116.32,15.59,10.66,9.56,6.74,19.04,14.78,16.31,7.05
116.33,15.59,10.66,9.55,6.73,19.07,14.76,16.31,7.07
116.34,15.59,10.66,9.57,6.73,19.04,14.74,16.34,7.06
116.35,15.59,10.66,9.56,6.74,19.04,14.74,16.31,7.06
116.36,15.59,10.65,9.55,6.74,19.07,14.76,16.34,7.06
116.37,15.59,10.65,9.56,6.73,19.04,14.76,16.31,7.06
116.38,15.56,10.65,9.55,6.74,19.07,14.76,16.34,7.06
116.39,15.59,10.66,9.55,6.74,19.04,14.74,16.34,7.06
116.40,15.59,10.65,9.55,6.74,19.04,14.76,16.34,7.06
116.41,15.59,10.66,9.57,6.74,19.07,14.76,16.31,7.06
116.42,15.59,10.66,9.55,6.73,19.07,14.76,16.31,7.08
116.43,15.59,10.65,9.56,6.73,19.01,14.74,16.34,7.06
116.44,15.59,10.65,9.56,6.74,19.04,14.76,16.31,7.06
116.45,15.59,10.65,9.55,6.72,19.04,14.76,16.36,7.06
116.46,15.59,10.65,9.56,6.73,19.04,14.76,16.31,7.07
116.47,15.61,10.65,9.56,6.73,19.04,14.74,16.31,7.07
116.48,15.59,10.66,9.57,6.73,19.04,14.76,16.31,7.06
116.49,15.59,10.65,9.56,6.73,19.04,14.76,16.31,7.07
116.50,15.59,10.66,9.56,6.73,19.04,14.74,16.34,7.06
116.51,15.59,10.65,9.55,6.74,19.04,14.74,16.31,7.07
116.52,15.59,10.65,9.56,6.73,19.01,14.76,16.34,7.06
116.53,15.59,10.66,9.56,6.73,19.04,14.74,16.31,7.06
116.54,15.59,10.65,9.56,6.73,19.04,14.74,16.34,7.06
116.55,15.59,10.66,9.56,6.73,19.04,14.74,16.31,7.06
116.56,15.59,10.65,9.55,6.74,19.04,14.74,16.34,7.06
116.57,15.59,10.65,9.55,6.73,19.04,14.76,16.31,7.06
116.58,15.59,10.65,9.55,6.73,19.04,14.76,16.31,7.06
116.59,15.59,10.65,9.55,6.74,19.04,14.78,16.31,7.06
116.60,15.59,10.65,9.56,6.74,19.04,14.76,16.31,7.06
116.61,15.59,10.65,9.55,6.72,19.04,14.74,16.31,7.07
116.62,15.59,10.66,9.55,6.73,19.04,14.74,16.31,7.07
116.63,15.59,10.65,9.56,6.74,19.04,14.74,16.31,7.06
116.64,15.59,10.66,9.55,6.74,19.04,14.72,16.34,7.06
116.65,15.59,10.65,9.55,6.73,19.04,14.74,16.34,7.07
116.66,15.59,10.65,9.56,6.73,19.04,14.76,16.29,7.07
116.67,15.59,10.65,9.55,6.73,19.04,14.76,16.31,7.06
116.68,15.59,10.64,9.56,6.73,19.04,14.76,16.31,7.06
116.69,15.59,10.65,9.56,6.73,19.04,14.74,16.31,7.06
116.70,15.59,10.65,9.55,6.73,19.04,14.76,16.31,7.06
116.71,15.59,10.66,9.55,6.73,19.04,14.74,16.34,7.07
116.72,15.61,10.65,9.55,6.73,19.04,14.72,16.31,7.06
116.73,15.59,10.66,9.56,6.72,19.04,14.76,16.31,7.06
116.74,15.59,10.66,9.56,6.73,19.04,14.74,16.31,7.06
116.75,15.59,10.66,9.55,6.73,19.04,14.74,16.31,7.06
116.76,15.59,10.65,9.56,6.73,19.04,14.74,16.34,7.06
116.77,15.59,10.65,9.56,6.72,19.07,14.74,16.31,7.07
116.78,15.59,10.64,9.55,6.72,19.04,14.76,16.31,7.06
116.79,15.59,10.65,9.55,6.73,19.04,14.74,16.31,7.06
116.80,15.59,10.65,9.56,6.73,19.04,14.74,16.31,7.06
116.81,15.59,10.65,9.56,6.73,19.04,14.76,16.34,7.07
116.82,15.59,10.65,9.56,6.74,19.04,14.76,16.31,7.06
116.83,15.59,10.64,9.56,6.73,19.01,14.76,16.34,7.06
116.84,15.59,10.66,9.56,6.73,19.04,14.76,16.31,7.06
116.85,15.59,10.65,9.57,6.73,19.04,14.74,16.31,7.06
116.86,15.59,10.65,9.56,6.73,19.04,14.74,16.31,7.06
116.87,15.59,10.66,9.56,6.73,19.04,14.74,16.34,7.06
116.88,15.59,10.66,9.57,6.73,19.07,14.74,16.31,7.06
116.89,15.59,10.65,9.56,6.73,19.04,14.74,16.31,7.05
116.90,15.59,10.65,9.56,6.74,19.04,14.74,16.34,7.06
116.91,15.59,10.66,9.56,6.73,19.01,14.74,16.31,7.06
116.92,15.61,10.66,9.55,6.73,19.07,14.76,16.31,7.06
116.93,15.59,10.65,9.56,6.73,19.04,14.76,16.31,7.06
116.94,15.59,10.64,9.56,6.73,19.01,14.74,16.34,7.06
116.95,15.59,10.65,9.56,6.73,19.07,14.76,16.34,7.07
116.96,15.59,10.66,9.55,6.73,19.07,14.74,16.31,7.06
116.97,15.59,10.66,9.55,6.73,19.04,14.74,16.31,7.06
116.98,15.59,10.65,9.55,6.73,19.04,14.76,16.31,7.05
116.99,15.59,10.64,9.55,6.73,19.04,14.74,16.29,7.06
117.00,15.59,10.66,9.55,6.74,19.04,14.74,16.31,7.06
117.01,15.59,10.66,9.56,6.73,19.04,14.74,16.36,7.06
117.02,15.61,10.65,9.56,6.73,19.04,14.74,16.31,7.06
117.03,15.59,10.65,9.57,6.73,19.04,14.74,16.29,7.06
117.04,15.56,10.66,9.55,6.72,19.04,14.76,16.31,7.06
117.05,15.59,10.65,9.56,6.73,19.04,14.74,16.31,7.06
117.06,15.59,10.66,9.55,6.74,19.07,14.76,16.31,7.06
117.07,15.61,10.65,9.55,6.74,19.04,14.76,16.31,7.07
117.08,15.59,10.66,9.57,6.73,19.04,14.76,16.34,7.06
117.09,15.59,10.66,9.56,6.73,19.04,14.74,16.31,7.06
117.10,15.59,10.65,9.55,6.74,19.04,14.74,16.31,7.07
117.11,15.59,10.65,9.56,6.74,19.04,14.76,16.31,7.06
117.12,15.59,10.65,9.55,6.73,19.04,14.74,16.31,7.07
117.13,15.59,10.65,9.56,6.72,19.01,14.74,16.34,7.06
117.14,15.59,10.65,9.55,6.73,19.04,14.74,16.31,7.06
117.15,15.59,10.65,9.55,6.73,19.07,14.76,16.31,7.07
117.16,15.59,10.65,9.55,6.72,19.04,14.76,16.31,7.06
117.17,15.59,10.64,9.55,6.73,19.04,14.74,16.31,7.07
117.18,15.59,10.65,9.55,6.72,19.07,14.76,16.31,7.06
117.19,15.59,10.65,9.55,6.73,19.01,14.74,16.29,7.05
117.20,15.59,10.66,9.56,6.73,19.04,14.74,16.31,7.07
117.21,15.59,10.65,9.56,6.73,19.04,14.74,16.31,7.06
117.22,15.59,10.66,9.57,6.73,19.07,14.76,16.34,7.06
117.23,15.59,10.66,9.55,6.73,19.01,14.74,16.31,7.06
117.24,15.59,10.65,9.55,6.73,19.01,14.76,16.31,7.06
117.25,15.56,10.64,9.55,6.74,19.04,14.74,16.29,7.06
117.26,15.59,10.65,9.55,6.73,19.04,14.74,16.31,7.05
117.27,15.59,10.66,9.55,6.73,19.04,14.76,16.29,7.05
117.28,15.59,10.65,9.55,6.73,19.01,14.74,16.31,7.06
117.29,15.59,10.66,9.55,6.73,19.01,14.74,16.31,7.06
117.30,15.59,10.65,9.56,6.73,19.04,14.76,16.31,7.06
117.31,15.59,10.65,9.55,6.74,19.01,14.76,16.31,7.05
117.32,15.59,10.64,9.56,6.73,19.04,14.76,16.31,7.06
117.33,15.59,10.64,9.56,6.73,19.04,14.74,16.31,7.06
117.34,15.59,10.66,9.55,6.73,19.04,14.74,16.34,7.06
117.35,15.59,10.65,9.55,6.74,19.04,14.74,16.31,7.06
117.36,15.59,10.65,9.55,6.73,19.04,14.74,16.31,7.07
117.37,15.59,10.65,9.56,6.73,19.04,14.74,16.31,7.05
117.38,15.59,10.65,9.55,6.73,19.07,14.76,16.31,7.06
117.39,15.59,10.64,9.55,6.73,19.04,14.76,16.31,7.06
117.40,15.56,10.65,9.56,6.74,19.04,14.74,16.31,7.05
117.41,15.59,10.65,9.56,6.72,19.04,14.76,16.31,7.05
117.42,15.59,10.65,9.55,6.73,19.04,14.74,16.31,7.06
117.43,15.59,10.65,9.56,6.72,19.04,14.74,16.31,7.06
117.44,15.59,10.65,9.56,6.73,19.04,14.74,16.34,7.06
117.45,15.59,10.66,9.55,6.73,19.04,14.74,16.29,7.06
117.46,15.59,10.66,9.56,6.74,19.04,14.74,16.31,7.06
117.47,15.59,10.66,9.55,6.74,19.04,14.74,16.34,7.06
117.48,15.59,10.65,9.56,6.73,19.04,14.74,16.31,7.05
117.49,15.59,10.65,9.55,6.73,19.07,14.74,16.34,7.07
117.50,15.59,10.65,9.55,6.73,19.07,14.74,16.31,7.06
117.51,15.59,10.65,9.55,6.73,19.04,14.74,16.36,7.06
117.52,15.59,10.65,9.57,6.72,19.07,14.74,16.29,7.06
117.53,15.59,10.65,9.55,6.73,19.04,14.74,16.31,7.06
117.54,15.56,10.66,9.55,6.73,19.04,14.76,16.31,7.06
117.55,15.59,10.65,9.56,6.73,19.07,14.74,16.31,7.06
117.56,15.59,10.65,9.55,6.73,19.04,14.74,16.31,7.06
117.57,15.59,10.65,9.55,6.72,19.04,14.74,16.31,7.06
117.58,15.59,10.65,9.55,6.72,19.04,14.74,16.31,7.06
117.59,15.59,10.65,9.55,6.73,19.07,14.76,16.31,7.07
117.60,15.59,10.65,9.55,6.73,19.04,14.74,16.31,7.06
117.61,15.59,10.65,9.55,6.73,19.04,14.74,16.31,7.06
117.62,15.61,10.66,9.55,6.72,19.01,14.76,16.34,7.06
117.63,15.59,10.66,9.57,6.74,19.01,14.76,16.31,7.06
117.64,15.59,10.65,9.55,6.73,19.04,14.74,16.31,7.06
117.65,15.59,10.66,9.56,6.74,19.04,14.74,16.31,7.06
117.66,15.59,10.65,9.56,6.73,19.04,14.74,16.31,7.06
117.67,15.59,10.66,9.56,6.72,19.04,14.74,16.31,7.06
117.68,15.59,10.65,9.55,6.73,19.04,14.74,16.29,7.06
117.69,15.59,10.65,9.56,6.73,19.01,14.74,16.34,7.07
117.70,15.59,10.66,9.55,6.74,19.07,14.74,16.34,7.06
117.71,15.59,10.65,9.55,6.74,19.04,14.74,16.31,7.06
117.72,15.59,10.66,9.55,6.73,19.04,14.76,16.31,7.06
117.73,15.59,10.65,9.55,6.74,19.07,14.74,16.31,7.05
117.74,15.59,10.65,9.55,6.73,19.04,14.76,16.31,7.06
117.75,15.59,10.65,9.55,6.73,19.07,14.74,16.31,7.05
117.76,15.56,10.65,9.57,6.73,19.04,14.74,16.31,7.06
117.77,15.59,10.65,9.55,6.73,19.04,14.74,16.31,7.06
117.78,15.59,10.66,9.56,6.73,19.04,14.76,16.34,7.05
117.79,15.59,10.65,9.55,6.74,19.04,14.74,16.31,7.07
117.80,15.59,10.65,9.56,6.73,19.01,14.74,16.31,7.06
117.81,15.59,10.66,9.55,6.74,19.07,14.76,16.31,7.06
117.82,15.59,10.66,9.56,6.72,19.04,14.74,16.31,7.06
117.83,15.59,10.66,9.55,6.72,19.07,14.74,16.34,7.06
117.84,15.59,10.65,9.56,6.73,19.07,14.76,16.34,7.06
117.85,15.59,10.65,9.55,6.73,19.04,14.74,16.31,7.06
117.86,15.59,10.64,9.55,6.73,19.04,14.74,16.31,7.05
117.87,15.56,10.65,9.55,6.73,19.04,14.74,16.31,7.06
117.88,15.59,10.65,9.55,6.73,19.04,14.74,16.31,7.06
117.89,15.59,10.65,9.55,6.73,19.04,14.74,16.34,7.06
117.90,15.59,10.66,9.55,6.73,19.01,14.74,16.31,7.06
117.91,15.59,10.65,9.55,6.72,19.07,14.76,16.31,7.06
117.92,15.59,10.65,9.55,6.73,19.04,14.74,16.31,7.05
117.93,15.59,10.65,9.55,6.73,19.04,14.74,16.29,7.06
117.94,15.59,10.65,9.55,6.73,19.04,14.74,16.34,7.06
117.95,15.59,10.65,9.55,6.73,19.04,14.74,16.36,7.05
117.96,15.59,10.65,9.55,6.73,19.07,14.74,16.31,7.06
117.97,15.59,10.65,9.55,6.73,19.04,14.74,16.31,7.06
117.98,15.59,10.66,9.56,6.73,19.01,14.74,16.31,7.05
117.99,15.59,10.64,9.56,6.73,19.04,14.76,16.31,7.06
118.00,15.59,10.65,9.55,6.73,19.07,14.74,16.31,7.06
118.01,15.59,10.66,9.55,6.74,19.04,14.74,16.31,7.06
118.02,15.59,10.65,9.55,6.73,19.04,14.76,16.31,7.06
118.03,15.59,10.66,9.55,6.73,19.04,14.74,16.31,7.07
118.04,15.56,10.65,9.55,6.73,19.04,14.74,16.31,7.06
118.05,15.59,10.65,9.55,6.74,19.04,14.74,16.31,7.05
118.06,15.59,10.65,9.55,6.72,19.01,14.76,16.31,7.06
118.07,15.59,10.65,9.55,6.72,19.07,14.74,16.31,7.05
118.08,15.59,10.66,9.55,6.72,19.04,14.74,16.34,7.06
118.09,15.59,10.65,9.55,6.73,19.04,14.74,16.31,7.06
118.10,15.59,10.65,9.55,6.73,19.04,14.74,16.29,7.05
118.11,15.59,10.65,9.56,6.73,19.04,14.76,16.34,7.06
118.12,15.59,10.65,9.55,6.73,19.04,14.72,16.34,7.06
118.13,15.59,10.65,9.55,6.73,19.04,14.74,16.31,7.06
118.14,15.59,10.65,9.54,6.72,19.04,14.74,16.31,7.05
118.15,15.59,10.65,9.55,6.73,19.01,14.76,16.31,7.05
118.16,15.59,10.65,9.56,6.72,19.04,14.74,16.31,7.05
118.17,15.59,10.65,9.55,6.72,19.01,14.72,16.31,7.06
118.18,15.59,10.65,9.55,6.73,19.04,14.74,16.31,7.05
118.19,15.59,10.65,9.55,6.73,19.07,14.74,16.34,7.05
118.20,15.59,10.65,9.56,6.74,19.04,14.74,16.34,7.06
118.21,15.59,10.65,9.56,6.73,19.07,14.76,16.34,7.05
118.22,15.56,10.64,9.55,6.73,19.04,14.74,16.31,7.05
118.23,15.61,10.65,9.55,6.72,19.04,14.74,16.34,7.06
118.24,15.59,10.66,9.55,6.74,19.04,14.74,16.34,7.05
118.25,15.56,10.65,9.55,6.72,19.04,14.74,16.31,7.07
118.26,15.59,10.65,9.55,6.73,19.04,14.74,16.34,7.06
118.27,15.59,10.64,9.55,6.74,19.04,14.74,16.31,7.05
118.28,15.59,10.65,9.55,6.72,19.01,14.74,16.34,7.06
118.29,15.59,10.65,9.57,6.74,19.04,14.76,16.31,7.06
118.30,15.59,10.66,9.55,6.74,19.07,14.76,16.31,7.05
118.31,15.59,10.65,9.55,6.72,19.01,14.74,16.31,7.06
118.32,15.59,10.66,9.56,6.72,19.07,14.74,16.31,7.05
118.33,15.59,10.65,9.56,6.73,19.04,14.74,16.31,7.05
118.34,15.59,10.66,9.55,6.72,19.04,14.72,16.31,7.05
118.35,15.59,10.65,9.56,6.72,19.04,14.74,16.34,7.05
118.36,15.59,10.65,9.55,6.73,19.07,14.74,16.36,7.06
118.37,15.59,10.65,9.55,6.72,19.04,14.74,16.31,7.06
118.38,15.59,10.65,9.55,6.72,19.01,14.74,16.31,7.06
118.39,15.59,10.65,9.56,6.73,19.04,14.74,16.31,7.05
118.40,15.59,10.64,9.55,6.73,19.04,14.74,16.31,7.05
118.41,15.59,10.65,9.57,6.74,19.01,14.74,16.31,7.05
118.42,15.59,10.66,9.56,6.72,19.07,14.72,16.34,7.06
118.43,15.59,10.66,9.56,6.72,19.04,14.76,16.31,7.07
118.44,15.59,10.65,9.55,6.73,19.04,14.74,16.34,7.05
118.45,15.59,10.65,9.55,6.74,19.04,14.74,16.34,7.05
118.46,15.59,10.65,9.55,6.74,19.04,14.74,16.34,7.06
118.47,15.59,10.65,9.55,6.73,19.04,14.76,16.34,7.06
118.48,15.59,10.66,9.55,6.73,19.01,14.72,16.31,7.06
118.49,15.59,10.65,9.55,6.73,19.04,14.76,16.34,7.06
118.50,15.59,10.65,9.56,6.72,19.04,14.74,16.31,7.05
118.51,15.59,10.65,9.55,6.73,19.07,14.74,16.34,7.06
118.52,15.59,10.65,9.56,6.73,19.04,14.74,16.31,7.05
118.53,15.59,10.65,9.56,6.73,19.04,14.74,16.34,7.06
118.54,15.56,10.65,9.55,6.73,19.04,14.74,16.31,7.07
118.55,15.59,10.65,9.55,6.74,19.04,14.74,16.31,7.05
118.56,15.59,10.65,9.55,6.73,19.04,14.74,16.31,7.06
118.57,15.59,10.65,9.55,6.73,19.07,14.74,16.31,7.06
118.58,15.59,10.64,9.55,6.73,19.01,14.74,16.34,7.05
118.59,15.59,10.65,9.55,6.74,19.04,14.72,16.31,7.05
118.60,15.59,10.65,9.55,6.73,19.07,14.74,16.34,7.07
118.61,15.59,10.64,9.55,6.73,19.01,14.72,16.34,7.05
118.62,15.59,10.65,9.55,6.73,19.01,14.76,16.29,7.05
118.63,15.59,10.65,9.55,6.72,19.07,14.74,16.31,7.05
118.64,15.59,10.66,9.55,6.73,19.01,14.74,16.31,7.04
118.65,15.59,10.65,9.55,6.72,19.01,14.74,16.31,7.05
118.66,15.59,10.64,9.55,6.74,19.07,14.74,16.31,7.05
118.67,15.59,10.65,9.56,6.72,19.04,14.74,16.34,7.06
118.68,15.59,10.64,9.55,6.73,19.04,14.76,16.31,7.06
118.69,15.59,10.64,9.55,6.73,19.01,14.72,16.34,7.06
118.70,15.59,10.65,9.55,6.74,19.01,14.74,16.31,7.06
118.71,15.59,10.65,9.55,6.74,19.04,14.74,16.31,7.04
118.72,15.59,10.64,9.55,6.72,19.04,14.74,16.31,7.06
118.73,15.59,10.64,9.56,6.73,19.04,14.74,16.31,7.05
118.74,15.59,10.65,9.55,6.74,19.07,14.72,16.34,7.05
118.75,15.59,10.65,9.55,6.72,19.04,14.76,16.34,7.05
118.76,15.59,10.65,9.56,6.73,19.07,14.74,16.34,7.05
118.77,15.59,10.66,9.56,6.74,19.07,14.74,16.31,7.06
118.78,15.56,10.65,9.56,6.73,19.01,14.74,16.31,7.06
118.79,15.59,10.65,9.56,6.73,19.04,14.72,16.31,7.05
118.80,15.61,10.66,9.55,6.72,19.04,14.74,16.31,7.05
118.81,15.59,10.64,9.56,6.73,19.04,14.74,16.34,7.05
118.82,15.59,10.64,9.55,6.73,19.04,14.72,16.31,7.05
118.83,15.59,10.65,9.55,6.73,19.04,14.76,16.31,7.06
118.84,15.59,10.65,9.55,6.73,19.04,14.74,16.31,7.05
118.85,15.59,10.66,9.55,6.73,19.01,14.74,16.31,7.05
118.86,15.59,10.66,9.55,6.73,19.04,14.74,16.29,7.06
118.87,15.59,10.64,9.55,6.74,19.04,14.74,16.34,7.06
118.88,15.59,10.65,9.56,6.72,19.07,14.74,16.31,7.06
118.89,15.59,10.66,9.55,6.72,19.01,14.74,16.34,7.05
118.90,15.59,10.66,9.56,6.73,19.04,14.74,16.34,7.05
118.91,15.59,10.65,9.55,6.73,19.01,14.72,16.34,7.05
118.92,15.59,10.65,9.55,6.72,19.04,14.74,16.31,7.05
118.93,15.59,10.65,9.55,6.72,19.04,14.74,16.31,7.05
118.94,15.59,10.64,9.55,6.73,19.04,14.74,16.31,7.06
118.95,15.59,10.66,9.55,6.74,19.01,14.74,16.31,7.05
118.96,15.59,10.65,9.55,6.74,19.07,14.74,16.31,7.06
118.97,15.59,10.66,9.55,6.74,19.04,14.76,16.31,7.06
118.98,15.59,10.66,9.55,6.73,19.04,14.74,16.31,7.05
118.99,15.59,10.65,9.55,6.73,19.04,14.74,16.34,7.06
119.00,15.59,10.65,9.56,6.73,19.04,14.74,16.34,7.06
119.01,15.56,10.65,9.56,6.73,19.01,14.74,16.34,7.06
119.02,15.59,10.66,9.55,6.74,19.01,14.74,16.31,7.06
119.03,15.59,10.65,9.55,6.74,19.04,14.74,16.31,7.05
119.04,15.59,10.65,9.55,6.72,19.04,14.74,16.31,7.06
119.05,15.59,10.65,9.56,6.72,19.04,14.74,16.31,7.06
119.06,15.59,10.65,9.55,6.73,19.04,14.76,16.31,7.05
119.07,15.59,10.65,9.55,6.73,19.04,14.74,16.34,7.05
119.08,15.59,10.65,9.55,6.72,19.04,14.74,16.31,7.05
119.09,15.59,10.65,9.56,6.74,19.04,14.74,16.34,7.05
119.10,15.59,10.65,9.56,6.73,19.04,14.74,16.34,7.05
119.11,15.59,10.66,9.56,6.72,19.04,14.74,16.34,7.05
119.12,15.59,10.65,9.55,6.74,19.04,14.74,16.31,7.07
119.13,15.59,10.65,9.55,6.73,19.04,14.74,16.34,7.05
119.14,15.59,10.65,9.55,6.73,19.04,14.76,16.31,7.06
119.15,15.59,10.65,9.56,6.73,19.01,14.74,16.31,7.05
119.16,15.59,10.65,9.56,6.72,19.01,14.74,16.34,7.05
119.17,15.59,10.65,9.56,6.73,19.04,14.74,16.34,7.06
119.18,15.59,10.66,9.55,6.73,19.07,14.74,16.34,7.06
119.19,15.59,10.66,9.55,6.72,19.04,14.74,16.31,7.05
119.20,15.59,10.65,9.55,6.74,19.04,14.74,16.29,7.05
119.21,15.59,10.66,9.54,6.74,19.07,14.76,16.31,7.05
119.22,15.56,10.64,9.57,6.73,19.04,14.74,16.31,7.06
119.23,15.59,10.65,9.57,6.72,19.04,14.74,16.31,7.06
119.24,15.59,10.66,9.56,6.73,19.07,14.74,16.31,7.05
119.25,15.56,10.65,9.55,6.73,19.07,14.74,16.31,7.05
119.26,15.59,10.65,9.55,6.72,19.07,14.74,16.34,7.06
119.27,15.59,10.66,9.56,6.73,19.04,14.72,16.31,7.05
119.28,15.59,10.65,9.55,6.72,19.04,14.76,16.34,7.05
119.29,15.59,10.66,9.56,6.72,19.04,14.74,16.31,7.05
119.30,15.59,10.65,9.55,6.72,19.07,14.72,16.31,7.05
119.31,15.59,10.65,9.55,6.73,19.04,14.76,16.31,7.06
119.32,15.59,10.65,9.55,6.73,19.07,14.74,16.34,7.05
119.33,15.59,10.65,9.55,6.73,19.04,14.74,16.31,7.06
119.34,15.61,10.65,9.55,6.74,19.07,14.72,16.31,7.06
119.35,15.59,10.65,9.56,6.72,19.04,14.74,16.31,7.07
119.36,15.59,10.65,9.56,6.73,19.01,14.74,16.34,7.05
119.37,15.59,10.65,9.56,6.72,19.04,14.76,16.31,7.06
119.38,15.59,10.65,9.55,6.73,19.04,14.74,16.31,7.06
119.39,15.61,10.65,9.55,6.72,19.01,14.74,16.34,7.05
119.40,15.59,10.65,9.55,6.72,19.04,14.74,16.29,7.07
119.41,15.59,10.66,9.55,6.73,19.04,14.74,16.31,7.06
119.42,15.61,10.65,9.55,6.74,19.04,14.74,16.34,7.05
119.43,15.56,10.65,9.56,6.74,19.04,14.74,16.34,7.06
119.44,15.59,10.66,9.55,6.73,19.07,14.76,16.34,7.05
119.45,15.59,10.64,9.55,6.73,19.04,14.76,16.31,7.04
119.46,15.59,10.65,9.55,6.72,19.04,14.76,16.31,7.05
119.47,15.59,10.66,9.55,6.73,19.04,14.76,16.31,7.06
119.48,15.59,10.65,9.56,6.73,19.07,14.74,16.31,7.05
119.49,15.59,10.65,9.55,6.74,19.04,14.76,16.34,7.04
119.50,15.59,10.66,9.55,6.72,19.07,14.74,16.31,7.05
119.51,15.59,10.64,9.56,6.72,19.01,14.74,16.34,7.05
119.52,15.59,10.65,9.56,6.73,19.01,14.72,16.31,7.06
119.53,15.59,10.65,9.55,6.73,19.04,14.72,16.34,7.06
119.54,15.59,10.65,9.56,6.73,19.04,14.74,16.31,7.05
119.55,15.59,10.65,9.55,6.73,19.04,14.74,16.31,7.05
119.56,15.59,10.65,9.56,6.73,19.04,14.72,16.31,7.06
119.57,15.56,10.64,9.56,6.72,19.04,14.74,16.34,7.05
119.58,15.59,10.66,9.55,6.73,19.04,14.74,16.34,7.06
119.59,15.59,10.65,9.55,6.74,19.07,14.74,16.34,7.05
119.60,15.59,10.64,9.55,6.73,19.04,14.74,16.31,7.06
119.61,15.59,10.65,9.56,6.73,19.04,14.74,16.31,7.04
119.62,15.59,10.66,9.55,6.73,19.07,14.72,16.34,7.05
119.63,15.59,10.65,9.55,6.72,19.04,14.74,16.31,7.06
119.64,15.59,10.65,9.55,6.72,19.07,14.74,16.34,7.06
119.65,15.59,10.64,9.55,6.72,19.04,14.74,16.31,7.05
119.66,15.59,10.65,9.56,6.73,19.04,14.72,16.31,7.05
119.67,15.59,10.64,9.55,6.72,19.04,14.72,16.31,7.05
119.68,15.59,10.65,9.55,6.72,19.01,14.72,16.34,7.06
119.69,15.59,10.66,9.56,6.73,19.04,14.74,16.31,7.05
119.70,15.59,10.65,9.56,6.73,19.01,14.76,16.31,7.06
119.71,15.59,10.65,9.57,6.74,19.04,14.74,16.31,7.05
119.72,15.59,10.65,9.56,6.73,19.04,14.74,16.31,7.06
119.73,15.59,10.66,9.55,6.73,19.04,14.74,16.31,7.04
119.74,15.59,10.65,9.55,6.73,19.04,14.74,16.31,7.05
119.75,15.59,10.65,9.56,6.73,19.07,14.76,16.34,7.06
119.76,15.59,10.65,9.56,6.73,19.01,14.74,16.34,7.06
119.77,15.59,10.66,9.55,6.72,19.04,14.74,16.31,7.05
119.78,15.59,10.65,9.55,6.72,19.01,14.72,16.34,7.04
119.79,15.56,10.65,9.55,6.72,19.04,14.72,16.31,7.05
119.80,15.59,10.65,9.55,6.72,19.07,14.74,16.34,7.06
119.81,15.59,10.65,9.56,6.74,19.04,14.74,16.34,7.05
119.82,15.59,10.65,9.56,6.74,19.01,14.72,16.31,7.05
119.83,15.59,10.65,9.55,6.73,19.07,14.74,16.31,7.05
119.84,15.59,10.65,9.55,6.72,19.04,14.72,16.31,7.05
119.85,15.56,10.64,9.55,6.72,19.01,14.76,16.31,7.04
119.86,15.59,10.64,9.55,6.73,19.01,14.74,16.31,7.05
119.87,15.59,10.64,9.55,6.73,19.07,14.74,16.31,7.05
119.88,15.59,10.65,9.55,6.74,19.01,14.74,16.31,7.06
119.89,15.59,10.65,9.55,6.73,19.04,14.72,16.34,7.05
119.90,15.59,10.65,9.57,6.73,19.04,14.74,16.34,7.06
119.91,15.59,10.65,9.55,6.74,19.01,14.72,16.34,7.05
119.92,15.59,10.65,9.55,6.73,19.04,14.76,16.31,7.05
119.93,15.59,10.65,9.55,6.73,19.04,14.74,16.34,7.05
119.94,15.59,10.65,9.56,6.73,19.04,14.74,16.34,7.05
119.95,15.59,10.65,9.56,6.74,19.07,14.76,16.31,7.05
119.96,15.59,10.65,9.55,6.73,19.04,14.76,16.31,7.06
119.97,15.59,10.65,9.57,6.72,19.04,14.74,16.34,7.06
119.98,15.59,10.64,9.55,6.73,19.04,14.74,16.31,7.06
119.99,15.59,10.65,9.55,6.74,19.01,14.76,16.34,7.06
120.00,15.59,10.65,9.57,6.73,19.04,14.74,16.31,7.06
120.01,15.59,10.65,9.55,6.72,19.04,14.76,16.36,7.06
120.02,15.59,10.66,9.55,6.73,19.04,14.74,16.31,7.04
120.03,15.59,10.66,9.56,6.72,19.07,14.74,16.31,7.04
120.04,15.61,10.64,9.55,6.73,19.04,14.72,16.36,7.05
120.05,15.59,10.66,9.55,6.73,19.04,14.74,16.31,7.05
120.06,15.59,10.66,9.55,6.73,19.04,14.76,16.34,7.06
120.07,15.56,10.65,9.55,6.74,19.04,14.74,16.34,7.05
120.08,15.59,10.65,9.55,6.73,19.04,14.74,16.34,7.05
120.09,15.59,10.65,9.56,6.73,19.04,14.74,16.36,7.05
120.10,15.59,10.65,9.55,6.73,19.04,14.74,16.31,7.05
120.11,15.59,10.65,9.56,6.72,19.04,14.76,16.34,7.07
120.12,15.56,10.65,9.56,6.72,19.04,14.72,16.31,7.04
120.13,15.56,10.65,9.56,6.73,19.01,14.76,16.31,7.05
120.14,15.59,10.65,9.55,6.74,19.07,14.74,16.31,7.05
120.15,15.59,10.65,9.55,6.74,19.01,14.74,16.31,7.05
120.16,15.59,10.65,9.55,6.72,19.01,14.76,16.34,7.05
120.17,15.59,10.65,9.55,6.72,19.04,14.76,16.31,7.06
120.18,15.59,10.65,9.55,6.73,19.04,14.74,16.34,7.05
120.19,15.59,10.65,9.55,6.72,19.04,14.74,16.36,7.06
120.20,15.59,10.65,9.55,6.72,19.04,14.74,16.31,7.05
120.21,15.59,10.65,9.55,6.74,19.04,14.76,16.34,7.05
120.22,15.59,10.65,9.55,6.72,19.07,14.74,16.31,7.06
120.23,15.59,10.65,9.55,6.74,19.04,14.74,16.31,7.05
120.24,15.59,10.64,9.56,6.73,19.01,14.76,16.31,7.04
120.25,15.59,10.65,9.57,6.73,19.07,14.74,16.31,7.04
120.26,15.59,10.65,9.55,6.72,19.04,14.74,16.31,7.04
120.27,15.59,10.65,9.57,6.74,19.07,14.74,16.34,7.04
120.28,15.59,10.66,9.57,6.74,19.04,14.74,16.31,7.05
120.29,15.59,10.65,9.55,6.72,19.04,14.74,16.31,7.05
120.30,15.59,10.65,9.55,6.72,19.04,14.76,16.31,7.06
120.31,15.59,10.65,9.56,6.73,19.07,14.74,16.34,7.05
120.32,15.59,10.66,9.55,6.74,19.01,14.72,16.31,7.04
120.33,15.61,10.65,9.55,6.73,19.04,14.74,16.36,7.06
120.34,15.59,10.66,9.55,6.72,19.04,14.74,16.31,7.06
120.35,15.59,10.65,9.55,6.72,19.04,14.72,16.31,7.05
120.36,15.59,10.66,9.55,6.72,19.04,14.74,16.31,7.05
120.37,15.59,10.65,9.55,6.72,19.04,14.72,16.31,7.04
120.38,15.59,10.65,9.55,6.72,19.04,14.74,16.31,7.04
120.39,15.59,10.65,9.55,6.74,19.01,14.76,16.31,7.06
120.40,15.59,10.65,9.55,6.73,19.04,14.74,16.31,7.05
120.41,15.59,10.66,9.55,6.72,19.04,14.74,16.34,7.05
120.42,15.59,10.65,9.56,6.73,19.04,14.74,16.31,7.05
120.43,15.59,10.66,9.57,6.73,19.04,14.76,16.34,7.06
120.44,15.59,10.65,9.56,6.72,19.01,14.72,16.34,7.05
120.45,15.59,10.65,9.56,6.73,19.04,14.72,16.31,7.05
120.46,15.59,10.65,9.55,6.73,19.04,14.74,16.34,7.05
120.47,15.59,10.66,9.55,6.72,19.01,14.72,16.31,7.06
120.48,15.59,10.65,9.55,6.72,19.04,14.74,16.34,7.06
120.49,15.59,10.65,9.55,6.73,19.04,14.76,16.31,7.06
120.50,15.59,10.66,9.55,6.73,19.04,14.70,16.34,7.05
120.51,15.59,10.65,9.55,6.74,19.04,14.74,16.36,7.05
120.52,15.59,10.66,9.55,6.73,19.04,14.72,16.36,7.05
120.53,15.61,10.66,9.57,6.73,19.04,14.74,16.31,7.06
120.54,15.59,10.65,9.55,6.73,19.07,14.72,16.31,7.04
120.55,15.59,10.65,9.55,6.73,19.01,14.74,16.31,7.06
120.56,15.61,10.65,9.56,6.73,19.04,14.74,16.31,7.05
120.57,15.59,10.65,9.55,6.73,19.04,14.74,16.31,7.05
120.58,15.59,10.65,9.55,6.73,19.07,14.74,16.31,7.06
120.59,15.61,10.66,9.56,6.72,19.04,14.74,16.34,7.06
120.60,15.59,10.65,9.55,6.73,19.04,14.74,16.31,7.05
120.61,15.59,10.66,9.56,6.74,19.01,14.74,16.31,7.05
120.62,15.59,10.64,9.56,6.72,19.04,14.74,16.34,7.05
120.63,15.59,10.65,9.55,6.72,19.07,14.74,16.34,7.05
120.64,15.59,10.64,9.56,6.73,19.07,14.76,16.31,7.06
120.65,15.59,10.64,9.55,6.73,19.04,14.76,16.34,7.05
120.66,15.59,10.66,9.55,6.73,19.01,14.76,16.31,7.05
120.67,15.59,10.65,9.57,6.74,19.07,14.74,16.31,7.06
120.68,15.59,10.65,9.55,6.73,19.07,14.74,16.34,7.05
120.69,15.59,10.65,9.56,6.72,19.01,14.76,16.31,7.05
120.70,15.59,10.66,9.56,6.74,19.04,14.74,16.31,7.04
120.71,15.59,10.66,9.55,6.74,19.01,14.74,16.31,7.05
120.72,15.59,10.65,9.55,6.72,19.04,14.72,16.34,7.05
120.73,15.59,10.66,9.55,6.72,19.04,14.74,16.31,7.06
120.74,15.59,10.65,9.56,6.73,19.07,14.74,16.31,7.05
120.75,15.59,10.65,9.55,6.72,19.04,14.76,16.31,7.05
120.76,15.59,10.65,9.56,6.73,19.04,14.76,16.34,7.05
120.77,15.59,10.64,9.55,6.74,19.01,14.74,16.31,7.04
120.78,15.59,10.65,9.55,6.73,19.07,14.74,16.34,7.05
120.79,15.61,10.65,9.55,6.74,19.07,14.74,16.31,7.05
120.80,15.61,10.65,9.56,6.72,19.01,14.74,16.34,7.04
120.81,15.59,10.66,9.55,6.73,19.04,14.76,16.34,7.05
120.82,15.59,10.65,9.56,6.73,19.07,14.74,16.34,7.05
120.83,15.59,10.65,9.55,6.73,19.04,14.72,16.34,7.04
120.84,15.61,10.65,9.56,6.72,19.04,14.72,16.31,7.06
120.85,15.59,10.65,9.56,6.73,19.01,14.74,16.36,7.05
120.86,15.59,10.65,9.56,6.73,19.04,14.74,16.31,7.04
120.87,15.59,10.65,9.56,6.72,19.04,14.74,16.36,7.05
120.88,15.61,10.65,9.55,6.72,19.01,14.76,16.31,7.05
120.89,15.59,10.65,9.55,6.73,19.04,14.74,16.31,7.06
120.90,15.59,10.65,9.55,6.74,19.04,14.72,16.31,7.05
120.91,15.59,10.65,9.56,6.73,19.04,14.72,16.31,7.05
120.92,15.59,10.65,9.55,6.73,19.04,14.74,16.34,7.05
120.93,15.59,10.66,9.55,6.73,19.04,14.74,16.34,7.05
120.94,15.59,10.65,9.56,6.74,19.04,14.74,16.31,7.04
120.95,15.61,10.66,9.55,6.72,19.04,14.74,16.34,7.05
120.96,15.59,10.65,9.56,6.73,19.04,14.74,16.31,7.05
120.97,15.59,10.66,9.55,6.73,19.01,14.72,16.34,7.04
120.98,15.59,10.64,9.55,6.73,19.01,14.72,16.31,7.05
120.99,15.59,10.65,9.56,6.74,19.04,14.72,16.31,7.05
121.00,15.59,10.64,9.56,6.74,19.04,14.76,16.31,7.05
121.01,15.61,10.66,9.56,6.73,19.04,14.72,16.34,7.06
121.02,15.59,10.66,9.56,6.73,19.04,14.76,16.34,7.06
121.03,15.59,10.65,9.56,6.74,19.01,14.74,16.36,7.05
121.04,15.61,10.66,9.55,6.72,19.04,14.74,16.31,7.05
121.05,15.56,10.65,9.55,6.73,19.04,14.76,16.36,7.06
121.06,15.59,10.65,9.55,6.73,19.04,14.74,16.36,7.05
121.08,15.59,10.66,9.56,6.73,19.04,14.74,16.31,7.05
121.09,15.59,10.65,9.56,6.73,19.04,14.74,16.34,7.06
121.09,15.59,10.65,9.55,6.73,19.04,14.74,16.36,7.05
121.10,15.61,10.65,9.56,6.73,19.07,14.74,16.31,7.05
121.11,15.59,10.65,9.55,6.73,19.04,14.74,16.34,7.05
121.12,15.61,10.66,9.56,6.73,19.04,14.74,16.34,7.06
121.13,15.59,10.65,9.55,6.73,19.07,14.74,16.31,7.06
121.14,15.59,10.65,9.57,6.73,19.04,14.72,16.31,7.06
121.15,15.59,10.66,9.57,6.73,19.04,14.76,16.31,7.05
121.16,15.61,10.65,9.56,6.73,19.04,14.74,16.36,7.05
121.17,15.61,10.66,9.55,6.73,19.04,14.74,16.34,7.06
121.18,15.59,10.65,9.56,6.73,19.04,14.74,16.36,7.05
121.19,15.61,10.64,9.55,6.74,19.04,14.74,16.31,7.06
121.20,15.59,10.64,9.55,6.73,19.04,14.72,16.31,7.05
121.21,15.59,10.65,9.57,6.73,19.04,14.74,16.31,7.05
121.22,15.59,10.65,9.56,6.72,19.07,14.76,16.31,7.05
121.23,15.59,10.65,9.55,6.73,19.01,14.72,16.31,7.05
121.24,15.59,10.66,9.55,6.73,19.04,14.74,16.31,7.06
121.25,15.59,10.66,9.55,6.73,19.04,14.72,16.34,7.05
121.26,15.61,10.65,9.55,6.73,19.04,14.76,16.31,7.05
121.27,15.59,10.66,9.56,6.73,19.04,14.74,16.34,7.05
121.30,15.61,10.66,9.55,6.72,19.04,14.74,16.36,7.06
121.30,15.59,10.65,9.56,6.73,19.04,14.74,16.34,7.06
121.31,15.61,10.65,9.56,6.73,19.04,14.74,16.31,7.06
121.32,15.59,10.66,9.55,6.73,19.04,14.74,16.31,7.06
121.33,15.59,10.65,9.55,6.73,19.04,14.74,16.34,7.05
121.34,15.61,10.65,9.55,6.74,19.04,14.76,16.31,7.05
121.35,15.61,10.65,9.55,6.73,19.04,14.72,16.31,7.06
121.36,15.59,10.65,9.55,6.74,19.04,14.76,16.34,7.05
121.37,15.61,10.65,9.56,6.73,19.04,14.74,16.34,7.06
121.38,15.61,10.65,9.56,6.73,19.04,14.74,16.34,7.05
121.39,15.61,10.66,9.56,6.73,19.04,14.76,16.34,7.05
121.40,15.61,10.65,9.55,6.72,19.04,14.74,16.31,7.04
121.41,15.61,10.65,9.56,6.74,19.04,14.74,16.31,7.05
121.42,15.61,10.65,9.55,6.73,19.04,14.76,16.34,7.06
121.43,15.59,10.65,9.57,6.73,19.04,14.74,16.34,7.05
121.44,15.59,10.66,9.55,6.73,19.07,14.76,16.34,7.05
121.45,15.61,10.65,9.56,6.73,19.04,14.74,16.31,7.04
121.46,15.59,10.65,9.55,6.74,19.07,14.74,16.34,7.05
121.47,15.61,10.65,9.56,6.73,19.04,14.74,16.34,7.05
121.48,15.59,10.65,9.55,6.73,19.04,14.76,16.34,7.05
121.49,15.59,10.65,9.56,6.73,19.07,14.74,16.36,7.06
121.50,15.61,10.66,9.56,6.73,19.04,14.76,16.31,7.06
121.51,15.59,10.65,9.56,6.73,19.04,14.74,16.31,7.05
121.52,15.61,10.65,9.56,6.74,19.04,14.74,16.36,7.05
121.53,15.61,10.65,9.57,6.74,19.04,14.74,16.31,7.05
121.54,15.61,10.66,9.55,6.72,19.04,14.72,16.34,7.05
121.55,15.61,10.65,9.56,6.73,19.04,14.76,16.31,7.05
121.56,15.61,10.65,9.56,6.73,19.04,14.72,16.31,7.06
121.57,15.61,10.65,9.56,6.73,19.07,14.74,16.31,7.06
121.58,15.59,10.66,9.57,6.74,19.04,14.74,16.34,7.05
121.59,15.61,10.65,9.56,6.73,19.07,14.74,16.34,7.05
121.60,15.61,10.66,9.56,6.72,19.04,14.76,16.31,7.05
121.61,15.61,10.66,9.56,6.72,19.04,14.74,16.34,7.05
121.62,15.61,10.66,9.56,6.72,19.04,14.72,16.34,7.06
121.63,15.59,10.65,9.56,6.73,19.07,14.74,16.34,7.05
121.64,15.61,10.65,9.56,6.73,19.07,14.74,16.34,7.04
121.65,15.59,10.66,9.56,6.73,19.04,14.74,16.36,7.05
121.66,15.59,10.65,9.56,6.73,19.04,14.74,16.34,7.05
121.67,15.61,10.65,9.56,6.73,19.07,14.76,16.34,7.05
121.68,15.59,10.65,9.56,6.73,19.07,14.76,16.31,7.05
121.69,15.59,10.65,9.55,6.74,19.07,14.74,16.31,7.06
121.70,15.61,10.65,9.55,6.72,19.04,14.74,16.34,7.05
121.71,15.61,10.65,9.56,6.73,19.04,14.74,16.34,7.06
121.72,15.59,10.65,9.56,6.73,19.04,14.74,16.34,7.05
121.73,15.59,10.64,9.55,6.73,19.04,14.74,16.36,7.04
121.74,15.61,10.66,9.55,6.73,19.07,14.76,16.34,7.05
121.75,15.59,10.65,9.56,6.73,19.04,14.74,16.34,7.05
121.76,15.61,10.65,9.55,6.73,19.04,14.74,16.34,7.05
121.77,15.59,10.65,9.55,6.74,19.04,14.76,16.31,7.05
121.78,15.59,10.65,9.56,6.73,19.04,14.74,16.36,7.05
121.79,15.61,10.66,9.56,6.74,19.04,14.72,16.34,7.05
121.80,15.59,10.65,9.55,6.74,19.07,14.74,16.34,7.06
121.81,15.61,10.65,9.56,6.73,19.07,14.74,16.31,7.05
121.82,15.59,10.65,9.56,6.72,19.04,14.74,16.36,7.06
121.83,15.61,10.66,9.56,6.73,19.04,14.74,16.31,7.05
121.84,15.59,10.66,9.55,6.74,19.07,14.72,16.31,7.05
121.86,15.59,10.65,9.56,6.73,19.07,14.74,16.36,7.06
121.87,15.61,10.65,9.56,6.73,19.01,14.72,16.31,7.05
121.88,15.61,10.65,9.56,6.73,19.07,14.74,16.31,7.04
121.89,15.61,10.65,9.56,6.73,19.07,14.76,16.31,7.05
121.90,15.59,10.65,9.56,6.73,19.01,14.74,16.31,7.04
121.91,15.61,10.65,9.55,6.73,19.04,14.72,16.34,7.05
121.92,15.59,10.66,9.55,6.73,19.04,14.74,16.31,7.06
121.93,15.59,10.65,9.56,6.74,19.04,14.74,16.34,7.06
121.94,15.61,10.65,9.56,6.74,19.04,14.74,16.36,7.04
121.95,15.61,10.65,9.55,6.73,19.04,14.74,16.34,7.04
121.96,15.59,10.65,9.56,6.73,19.04,14.74,16.34,7.05
121.97,15.61,10.65,9.56,6.74,19.04,14.74,16.34,7.05
121.98,15.61,10.66,9.56,6.74,19.04,14.74,16.34,7.06
121.99,15.59,10.65,9.56,6.74,19.07,14.74,16.34,7.05
122.00,15.59,10.65,9.56,6.74,19.07,14.76,16.36,7.06
122.01,15.59,10.65,9.56,6.73,19.04,14.74,16.36,7.05
122.02,15.61,10.66,9.57,6.74,19.04,14.76,16.31,7.04
122.03,15.59,10.65,9.56,6.74,19.04,14.72,16.34,7.06
122.04,15.61,10.65,9.55,6.73,19.04,14.74,16.34,7.05
122.05,15.59,10.64,9.56,6.73,19.07,14.74,16.31,7.05
122.06,15.61,10.65,9.56,6.74,19.07,14.74,16.34,7.06
122.07,15.59,10.66,9.56,6.73,19.04,14.72,16.34,7.06
122.08,15.59,10.66,9.55,6.74,19.04,14.74,16.36,7.06
122.09,15.61,10.65,9.56,6.73,19.07,14.76,16.36,7.06
122.10,15.59,10.66,9.55,6.72,19.04,14.74,16.31,7.04
122.11,15.61,10.65,9.56,6.73,19.04,14.74,16.34,7.04
122.12,15.61,10.66,9.56,6.73,19.04,14.74,16.31,7.04
122.13,15.61,10.65,9.57,6.73,19.07,14.74,16.36,7.05
122.14,15.61,10.65,9.57,6.74,19.04,14.72,16.36,7.05
122.15,15.61,10.65,9.56,6.73,19.07,14.74,16.36,7.06
122.16,15.61,10.65,9.55,6.73,19.04,14.74,16.36,7.05
122.17,15.59,10.65,9.56,6.73,19.04,14.74,16.34,7.06
122.18,15.59,10.65,9.56,6.73,19.04,14.72,16.34,7.05
122.19,15.61,10.66,9.56,6.74,19.04,14.74,16.34,7.06
122.20,15.61,10.65,9.56,6.73,19.04,14.74,16.34,7.04
122.21,15.59,10.65,9.56,6.74,19.04,14.74,16.36,7.04
122.22,15.59,10.65,9.57,6.72,19.04,14.72,16.31,7.05
122.23,15.61,10.65,9.56,6.73,19.04,14.74,16.34,7.05
122.24,15.61,10.65,9.56,6.73,19.01,14.74,16.31,7.06
122.25,15.59,10.66,9.55,6.73,19.04,14.76,16.36,7.04
122.26,15.61,10.65,9.56,6.74,19.04,14.74,16.31,7.06
122.27,15.61,10.65,9.56,6.73,19.04,14.72,16.34,7.05
122.28,15.61,10.65,9.56,6.73,19.04,14.76,16.31,7.04
122.29,15.61,10.65,9.56,6.73,19.07,14.76,16.34,7.05
122.30,15.59,10.65,9.56,6.73,19.07,14.74,16.31,7.05
122.31,15.61,10.65,9.55,6.73,19.07,14.74,16.36,7.04
122.32,15.59,10.66,9.56,6.73,19.07,14.74,16.34,7.06
122.33,15.61,10.66,9.56,6.74,19.01,14.76,16.34,7.05
122.34,15.61,10.66,9.57,6.74,19.01,14.72,16.31,7.05
122.35,15.59,10.65,9.56,6.74,19.04,14.76,16.34,7.06
122.36,15.61,10.66,9.55,6.74,19.04,14.74,16.34,7.05
122.37,15.61,10.65,9.55,6.74,19.04,14.74,16.34,7.05
122.38,15.61,10.65,9.56,6.73,19.04,14.74,16.34,7.05
122.39,15.59,10.65,9.55,6.74,19.04,14.74,16.34,7.05
122.40,15.59,10.65,9.56,6.73,19.04,14.74,16.34,7.05
122.41,15.59,10.66,9.56,6.74,19.04,14.74,16.34,7.05
122.42,15.59,10.65,9.55,6.74,19.04,14.74,16.34,7.04
122.43,15.61,10.66,9.55,6.74,19.07,14.74,16.34,7.05
122.44,15.59,10.65,9.55,6.74,19.04,14.76,16.31,7.05
122.45,15.59,10.65,9.56,6.73,19.04,14.74,16.31,7.06
122.46,15.61,10.66,9.56,6.73,19.07,14.76,16.36,7.06
122.47,15.59,10.66,9.55,6.74,19.07,14.74,16.34,7.05
122.48,15.59,10.65,9.56,6.72,19.04,14.74,16.34,7.05
122.49,15.59,10.66,9.55,6.74,19.04,14.74,16.34,7.05
122.50,15.61,10.65,9.56,6.73,19.07,14.74,16.36,7.05
122.51,15.59,10.64,9.56,6.73,19.07,14.74,16.34,7.05
122.52,15.59,10.66,9.56,6.73,19.04,14.72,16.36,7.06
122.53,15.61,10.65,9.56,6.73,19.04,14.74,16.34,7.05
122.54,15.59,10.66,9.56,6.74,19.07,14.76,16.34,7.06
122.55,15.61,10.65,9.57,6.73,19.04,14.76,16.34,7.05
122.56,15.61,10.65,9.56,6.73,19.04,14.74,16.34,7.06
122.57,15.61,10.65,9.56,6.74,19.04,14.72,16.34,7.06
122.58,15.59,10.65,9.55,6.73,19.04,14.76,16.34,7.05
122.59,15.59,10.65,9.56,6.74,19.04,14.74,16.34,7.07
122.60,15.61,10.66,9.55,6.73,19.01,14.74,16.34,7.05
122.61,15.61,10.66,9.56,6.74,19.04,14.72,16.34,7.05
122.62,15.59,10.65,9.57,6.74,19.07,14.72,16.34,7.06
122.63,15.61,10.66,9.55,6.74,19.07,14.72,16.31,7.05
122.64,15.61,10.66,9.55,6.73,19.04,14.74,16.34,7.06
122.65,15.61,10.64,9.57,6.74,19.04,14.74,16.34,7.05
122.66,15.59,10.65,9.55,6.73,19.07,14.74,16.36,7.05
122.67,15.59,10.65,9.56,6.74,19.07,14.74,16.34,7.05
122.68,15.61,10.65,9.55,6.74,19.01,14.76,16.31,7.05
122.69,15.59,10.65,9.55,6.74,19.07,14.76,16.31,7.04
122.70,15.59,10.65,9.56,6.74,19.04,14.72,16.34,7.05
122.71,15.59,10.65,9.57,6.73,19.04,14.74,16.34,7.06
122.72,15.59,10.65,9.56,6.74,19.07,14.74,16.31,7.05
122.73,15.61,10.65,9.55,6.73,19.04,14.76,16.34,7.04
122.74,15.59,10.64,9.57,6.74,19.04,14.72,16.36,7.05
122.75,15.61,10.65,9.55,6.73,19.04,14.74,16.34,7.06
122.76,15.61,10.66,9.55,6.73,19.04,14.72,16.31,7.05
122.77,15.59,10.65,9.56,6.73,19.04,14.76,16.36,7.05
122.78,15.61,10.64,9.56,6.74,19.04,14.74,16.34,7.05
122.79,15.61,10.66,9.55,6.74,19.04,14.74,16.36,7.05
122.80,15.59,10.65,9.55,6.74,19.04,14.76,16.34,7.04
122.81,15.59,10.65,9.56,6.73,19.04,14.74,16.31,7.05
122.82,15.59,10.65,9.56,6.73,19.04,14.74,16.31,7.05
122.83,15.59,10.65,9.56,6.73,19.07,14.72,16.34,7.04
122.84,15.61,10.65,9.55,6.74,19.04,14.74,16.34,7.06
122.85,15.59,10.65,9.56,6.74,19.07,14.74,16.34,7.05
122.86,15.61,10.65,9.56,6.73,19.04,14.74,16.34,7.05
122.87,15.59,10.64,9.56,6.73,19.04,14.74,16.34,7.05
122.88,15.59,10.65,9.56,6.73,19.07,14.74,16.31,7.05
122.89,15.59,10.65,9.55,6.73,19.04,14.74,16.31,7.05
122.90,15.59,10.65,9.56,6.74,19.01,14.74,16.34,7.05
122.91,15.59,10.64,9.56,6.73,19.04,14.74,16.34,7.05
122.92,15.61,10.65,9.55,6.73,19.04,14.72,16.36,7.07
122.93,15.61,10.65,9.56,6.73,19.04,14.74,16.31,7.04
122.94,15.59,10.66,9.56,6.74,19.07,14.74,16.34,7.06
122.95,15.59,10.66,9.55,6.73,19.04,14.76,16.34,7.05
122.96,15.59,10.65,9.56,6.73,19.04,14.74,16.34,7.05
122.97,15.59,10.65,9.56,6.74,19.04,14.74,16.34,7.04
122.98,15.61,10.64,9.56,6.74,19.04,14.72,16.36,7.06
122.99,15.59,10.65,9.56,6.74,19.04,14.72,16.34,7.06
123.00,15.59,10.65,9.56,6.74,19.04,14.76,16.31,7.04
123.01,15.59,10.66,9.55,6.73,19.04,14.72,16.34,7.05
123.02,15.59,10.65,9.56,6.74,19.04,14.74,16.34,7.05
123.03,15.59,10.65,9.56,6.74,19.04,14.74,16.31,7.05
123.04,15.59,10.65,9.56,6.73,19.04,14.74,16.36,7.05
123.05,15.59,10.66,9.56,6.73,19.04,14.72,16.36,7.05
123.06,15.61,10.65,9.56,6.73,19.07,14.74,16.34,7.06
123.07,15.59,10.64,9.55,6.74,19.04,14.72,16.36,7.04
123.08,15.59,10.65,9.56,6.73,19.04,14.74,16.34,7.05
123.09,15.59,10.65,9.56,6.73,19.04,14.72,16.34,7.05
123.10,15.59,10.66,9.56,6.73,19.04,14.72,16.34,7.06
123.11,15.59,10.65,9.56,6.74,19.04,14.74,16.31,7.04
123.12,15.59,10.66,9.56,6.73,19.04,14.72,16.31,7.05
123.13,15.59,10.65,9.55,6.74,19.01,14.72,16.31,7.06
123.14,15.59,10.66,9.55,6.73,19.04,14.74,16.34,7.05
123.15,15.59,10.65,9.55,6.73,19.04,14.74,16.31,7.05
123.16,15.59,10.66,9.56,6.74,19.01,14.72,16.31,7.05
123.17,15.59,10.65,9.56,6.73,19.01,14.72,16.34,7.05
123.18,15.59,10.66,9.56,6.74,19.04,14.72,16.36,7.06
123.19,15.59,10.66,9.55,6.74,19.07,14.74,16.36,7.05
123.20,15.59,10.64,9.55,6.73,19.01,14.72,16.31,7.05
123.21,15.61,10.65,9.55,6.73,19.04,14.74,16.31,7.04
123.22,15.59,10.65,9.56,6.73,19.07,14.74,16.31,7.05
123.23,15.59,10.65,9.55,6.73,19.01,14.74,16.31,7.04
123.24,15.59,10.65,9.55,6.74,19.04,14.72,16.34,7.05
123.25,15.59,10.66,9.55,6.73,19.04,14.74,16.31,7.05
123.26,15.59,10.65,9.55,6.73,19.01,14.72,16.31,7.04
123.27,15.59,10.65,9.56,6.73,19.01,14.74,16.31,7.05
123.28,15.59,10.64,9.56,6.73,19.04,14.74,16.34,7.06
123.29,15.59,10.65,9.56,6.74,19.04,14.72,16.31,7.04
123.30,15.59,10.64,9.56,6.73,19.01,14.76,16.34,7.05
123.31,15.59,10.65,9.56,6.73,19.07,14.72,16.31,7.05
123.32,15.59,10.65,9.55,6.73,19.07,14.74,16.31,7.04
123.33,15.59,10.65,9.55,6.73,19.04,14.72,16.34,7.05
123.34,15.59,10.65,9.55,6.74,19.01,14.72,16.36,7.04
123.35,15.59,10.65,9.56,6.73,19.07,14.74,16.31,7.05
123.36,15.59,10.65,9.57,6.73,19.04,14.72,16.36,7.05
123.37,15.59,10.65,9.56,6.74,19.01,14.72,16.34,7.06
123.38,15.59,10.65,9.55,6.73,19.01,14.72,16.31,7.04
123.39,15.59,10.65,9.56,6.73,19.04,14.74,16.36,7.05
123.40,15.59,10.66,9.55,6.74,19.01,14.76,16.34,7.05
123.41,15.59,10.65,9.56,6.73,19.01,14.72,16.34,7.05
123.42,15.59,10.65,9.55,6.73,19.01,14.72,16.34,7.06
123.43,15.59,10.65,9.55,6.74,19.07,14.74,16.31,7.04
123.44,15.59,10.66,9.56,6.73,19.01,14.72,16.34,7.05
123.45,15.59,10.66,9.56,6.74,19.01,14.76,16.34,7.05
123.46,15.59,10.65,9.56,6.74,19.04,14.72,16.31,7.06
123.47,15.59,10.65,9.55,6.73,19.07,14.74,16.36,7.06
123.50,15.59,10.66,9.56,6.73,19.04,14.72,16.31,7.05
123.51,15.59,10.65,9.55,6.73,19.04,14.72,16.36,7.04
123.51,15.61,10.65,9.56,6.73,19.04,14.74,16.34,7.05
123.52,15.59,10.65,9.55,6.74,19.01,14.74,16.31,7.05
123.53,15.59,10.66,9.55,6.73,19.07,14.74,16.31,7.05
123.54,15.59,10.65,9.56,6.74,19.01,14.72,16.31,7.04
123.55,15.59,10.65,9.56,6.73,19.07,14.74,16.34,7.04
123.56,15.59,10.65,9.57,6.74,19.07,14.72,16.34,7.05
123.57,15.59,10.65,9.55,6.73,19.04,14.72,16.34,7.05
123.58,15.59,10.65,9.55,6.74,19.07,14.72,16.31,7.06
123.59,15.59,10.65,9.55,6.74,19.01,14.72,16.31,7.06
123.60,15.59,10.65,9.55,6.73,19.04,14.72,16.34,7.05
123.61,15.59,10.65,9.56,6.73,19.04,14.74,16.34,7.04
123.62,15.59,10.66,9.55,6.74,19.01,14.72,16.34,7.04
123.63,15.59,10.66,9.55,6.72,19.01,14.74,16.34,7.04
123.64,15.59,10.65,9.57,6.73,19.04,14.72,16.34,7.05
123.65,15.59,10.65,9.55,6.74,19.04,14.74,16.31,7.04
123.66,15.59,10.64,9.55,6.73,19.04,14.72,16.31,7.04
123.67,15.59,10.66,9.57,6.74,19.04,14.74,16.34,7.06
123.68,15.59,10.64,9.55,6.73,19.04,14.72,16.34,7.05
123.69,15.59,10.65,9.57,6.73,19.07,14.76,16.31,7.04
123.70,15.61,10.65,9.56,6.74,19.04,14.72,16.31,7.05
123.71,15.56,10.65,9.56,6.73,19.04,14.74,16.31,7.05
123.72,15.61,10.65,9.55,6.73,19.04,14.72,16.34,7.06
123.73,15.59,10.65,9.55,6.73,19.04,14.74,16.34,7.05
123.74,15.59,10.65,9.55,6.73,19.04,14.74,16.34,7.04
123.75,15.59,10.65,9.56,6.73,19.04,14.74,16.34,7.05
123.76,15.59,10.65,9.55,6.74,19.01,14.74,16.31,7.04
123.77,15.59,10.65,9.55,6.73,19.04,14.74,16.34,7.04
123.78,15.59,10.65,9.55,6.73,19.04,14.72,16.34,7.04
123.79,15.59,10.65,9.56,6.73,19.04,14.74,16.31,7.05
123.80,15.56,10.65,9.55,6.73,19.01,14.72,16.36,7.05
123.81,15.59,10.65,9.55,6.74,19.04,14.74,16.31,7.06
123.82,15.59,10.65,9.55,6.74,19.01,14.74,16.34,7.06
123.83,15.59,10.65,9.55,6.74,19.04,14.72,16.31,7.04
123.84,15.56,10.65,9.55,6.73,19.04,14.72,16.36,7.05
123.85,15.59,10.65,9.56,6.74,19.04,14.72,16.31,7.06
123.86,15.59,10.66,9.56,6.73,19.04,14.74,16.31,7.05
123.87,15.59,10.65,9.56,6.73,19.04,14.74,16.31,7.06
123.88,15.59,10.66,9.56,6.74,19.04,14.74,16.34,7.06
123.89,15.59,10.65,9.56,6.74,19.04,14.74,16.31,7.04
123.90,15.59,10.65,9.55,6.73,19.04,14.72,16.31,7.05
123.91,15.59,10.65,9.55,6.73,19.04,14.72,16.31,7.04
123.92,15.61,10.65,9.55,6.74,19.01,14.72,16.31,7.05
123.93,15.59,10.65,9.56,6.73,19.01,14.72,16.34,7.04
123.94,15.59,10.66,9.56,6.73,19.04,14.74,16.34,7.05
123.95,15.59,10.65,9.55,6.73,19.01,14.72,16.31,7.06
123.96,15.59,10.64,9.55,6.73,19.04,14.74,16.34,7.05
123.97,15.59,10.65,9.55,6.74,19.01,14.72,16.34,7.06
123.98,15.59,10.65,9.55,6.74,19.04,14.74,16.34,7.05
123.99,15.59,10.65,9.55,6.73,19.04,14.72,16.31,7.05
124.00,15.59,10.65,9.55,6.74,19.04,14.72,16.31,7.05
124.01,15.59,10.65,9.56,6.74,19.01,14.72,16.31,7.05
124.02,15.59,10.65,9.55,6.73,19.04,14.74,16.31,7.04
124.03,15.59,10.64,9.56,6.73,19.01,14.72,16.31,7.04
124.04,15.59,10.66,9.55,6.74,19.01,14.74,16.34,7.04
124.05,15.59,10.65,9.55,6.73,19.04,14.74,16.36,7.05
124.06,15.59,10.65,9.55,6.73,19.01,14.72,16.31,7.05
124.07,15.59,10.64,9.55,6.73,19.01,14.72,16.34,7.05
124.08,15.59,10.65,9.55,6.74,19.07,14.72,16.34,7.05
124.09,15.59,10.65,9.56,6.74,19.01,14.72,16.31,7.04
124.10,15.59,10.66,9.55,6.73,19.01,14.72,16.31,7.05
124.11,15.61,10.66,9.55,6.74,19.07,14.72,16.31,7.04
124.12,15.59,10.65,9.55,6.73,19.04,14.72,16.31,7.04
124.13,15.59,10.65,9.55,6.73,19.04,14.72,16.36,7.05
124.14,15.59,10.66,9.56,6.74,19.04,14.72,16.31,7.04
124.15,15.59,10.65,9.56,6.74,19.04,14.72,16.34,7.05
124.16,15.56,10.65,9.55,6.74,19.04,14.72,16.31,7.05
124.17,15.59,10.65,9.55,6.74,19.04,14.72,16.34,7.04
124.18,15.56,10.65,9.55,6.73,19.07,14.70,16.31,7.05
124.19,15.54,10.65,9.56,6.74,19.01,14.72,16.31,7.04
124.20,15.59,10.65,9.55,6.73,19.04,14.74,16.31,7.04
124.21,15.59,10.65,9.55,6.74,19.04,14.72,16.34,7.05
124.22,15.59,10.64,9.56,6.73,19.01,14.76,16.31,7.05
124.23,15.59,10.66,9.56,6.74,19.01,14.74,16.31,7.04
124.24,15.59,10.66,9.55,6.73,19.01,14.72,16.34,7.05
124.25,15.59,10.64,9.55,6.74,19.04,14.74,16.31,7.06
124.26,15.59,10.64,9.55,6.74,19.04,14.74,16.31,7.04
124.27,15.59,10.64,9.56,6.74,19.01,14.72,16.34,7.05
124.28,15.59,10.65,9.55,6.73,19.01,14.72,16.31,7.05
124.29,15.59,10.65,9.56,6.74,19.01,14.72,16.34,7.05
124.30,15.59,10.65,9.55,6.73,19.04,14.72,16.31,7.05
124.31,15.59,10.65,9.55,6.74,19.01,14.74,16.31,7.06
124.32,15.59,10.65,9.56,6.74,19.07,14.72,16.34,7.05
124.33,15.59,10.65,9.55,6.73,19.01,14.74,16.34,7.05
124.34,15.59,10.65,9.55,6.73,19.01,14.72,16.31,7.05
124.35,15.59,10.65,9.56,6.74,19.04,14.72,16.36,7.04
124.36,15.61,10.65,9.56,6.73,19.04,14.72,16.31,7.05
124.37,15.59,10.65,9.56,6.74,19.01,14.72,16.31,7.04
124.38,15.59,10.66,9.55,6.73,19.01,14.72,16.31,7.05
124.39,15.59,10.66,9.55,6.73,19.04,14.72,16.34,7.05
124.40,15.59,10.65,9.55,6.74,19.04,14.72,16.31,7.05
124.41,15.59,10.65,9.55,6.74,19.01,14.72,16.31,7.04
124.42,15.59,10.66,9.55,6.74,19.04,14.72,16.34,7.05
124.43,15.56,10.65,9.56,6.74,19.04,14.72,16.36,7.04
124.44,15.59,10.65,9.55,6.74,19.04,14.72,16.34,7.05
124.45,15.59,10.65,9.56,6.73,19.01,14.74,16.31,7.06
124.46,15.56,10.66,9.56,6.74,19.04,14.74,16.34,7.05
124.47,15.59,10.65,9.56,6.74,19.04,14.76,16.31,7.04
124.48,15.59,10.66,9.55,6.74,19.01,14.72,16.31,7.05
124.49,15.59,10.66,9.55,6.73,19.04,14.72,16.34,7.05
124.50,15.59,10.66,9.55,6.74,19.01,14.72,16.36,7.06
124.51,15.59,10.66,9.56,6.74,19.04,14.72,16.31,7.05
124.52,15.59,10.66,9.55,6.74,19.04,14.72,16.31,7.05
124.53,15.56,10.66,9.55,6.74,19.01,14.76,16.34,7.05
124.54,15.59,10.66,9.55,6.74,19.04,14.72,16.34,7.05
124.55,15.59,10.65,9.55,6.73,19.01,14.72,16.34,7.05
124.56,15.59,10.66,9.56,6.74,19.04,14.74,16.31,7.04
124.57,15.59,10.65,9.55,6.73,19.01,14.72,16.34,7.05
124.58,15.59,10.66,9.56,6.74,19.04,14.76,16.34,7.05
124.59,15.59,10.66,9.56,6.74,19.04,14.72,16.36,7.05
124.60,15.59,10.65,9.55,6.73,19.04,14.72,16.36,7.05
124.61,15.59,10.65,9.55,6.73,19.01,14.74,16.31,7.05
124.62,15.59,10.65,9.56,6.74,19.01,14.72,16.34,7.06
124.63,15.61,10.66,9.56,6.73,19.04,14.72,16.31,7.04
124.64,15.59,10.65,9.55,6.74,19.04,14.74,16.34,7.05
124.65,15.59,10.65,9.55,6.73,19.01,14.72,16.34,7.05
124.66,15.59,10.65,9.55,6.74,19.04,14.74,16.31,7.06
124.67,15.59,10.65,9.55,6.73,19.04,14.74,16.34,7.05
124.68,15.59,10.65,9.55,6.74,19.01,14.72,16.36,7.04
124.69,15.59,10.65,9.55,6.73,19.04,14.72,16.34,7.05
124.70,15.59,10.65,9.55,6.74,19.04,14.72,16.31,7.05
124.71,15.59,10.65,9.56,6.74,19.04,14.74,16.31,7.05
124.72,15.59,10.65,9.56,6.74,19.07,14.74,16.34,7.05
124.73,15.59,10.65,9.56,6.74,19.01,14.76,16.36,7.05
124.74,15.59,10.65,9.55,6.74,19.04,14.72,16.31,7.04
124.75,15.56,10.65,9.56,6.73,19.04,14.72,16.31,7.06
124.76,15.59,10.66,9.56,6.73,19.07,14.74,16.34,7.05
124.77,15.59,10.65,9.56,6.74,19.01,14.72,16.31,7.06
124.78,15.59,10.65,9.55,6.74,19.01,14.72,16.36,7.05
124.79,15.59,10.66,9.55,6.74,19.04,14.72,16.36,7.04
124.80,15.59,10.65,9.57,6.74,19.01,14.74,16.31,7.06
124.81,15.59,10.65,9.55,6.74,19.04,14.74,16.31,7.05
124.82,15.59,10.65,9.56,6.74,19.01,14.72,16.34,7.05
124.83,15.59,10.64,9.55,6.73,19.04,14.74,16.31,7.05
124.84,15.59,10.65,9.55,6.73,19.01,14.74,16.31,7.04
124.85,15.59,10.65,9.56,6.73,19.04,14.72,16.34,7.06
124.86,15.59,10.65,9.55,6.73,19.01,14.72,16.31,7.06
124.87,15.59,10.65,9.55,6.74,19.01,14.70,16.34,7.05
124.88,15.59,10.65,9.56,6.73,19.07,14.74,16.34,7.05
124.89,15.56,10.65,9.55,6.74,19.01,14.72,16.34,7.05
124.90,15.59,10.65,9.57,6.74,19.04,14.72,16.36,7.05
124.91,15.59,10.66,9.55,6.74,19.01,14.72,16.31,7.05
124.92,15.59,10.66,9.55,6.74,19.04,14.72,16.31,7.05
124.93,15.59,10.65,9.55,6.74,19.01,14.72,16.34,7.04
124.94,15.59,10.65,9.56,6.74,19.01,14.72,16.36,7.04
124.95,15.59,10.66,9.56,6.74,19.04,14.74,16.31,7.05
124.96,15.59,10.66,9.55,6.74,19.01,14.74,16.36,7.05
124.97,15.59,10.65,9.55,6.73,19.04,14.74,16.34,7.05
124.98,15.59,10.68,9.56,6.73,19.04,14.74,16.34,7.05
124.99,15.59,10.66,9.55,6.73,19.04,14.72,16.34,7.05
125.00,15.59,10.65,9.55,6.74,19.04,14.72,16.34,7.06
125.01,15.59,10.65,9.56,6.74,19.04,14.72,16.34,7.05
125.02,15.59,10.66,9.55,6.74,19.01,14.72,16.31,7.05
125.03,15.59,10.65,9.56,6.73,19.01,14.74,16.34,7.05
125.04,15.59,10.65,9.55,6.74,19.04,14.72,16.34,7.06
125.05,15.59,10.65,9.56,6.74,19.01,14.74,16.31,7.05
125.06,15.59,10.65,9.55,6.74,19.04,14.72,16.31,7.05
125.07,15.59,10.65,9.56,6.74,19.04,14.72,16.34,7.05
125.08,15.59,10.65,9.55,6.73,19.01,14.74,16.31,7.04
125.09,15.59,10.66,9.55,6.74,19.01,14.72,16.34,7.05
125.10,15.56,10.65,9.55,6.74,19.01,14.74,16.31,7.05
125.11,15.59,10.65,9.56,6.73,19.04,14.74,16.31,7.04
125.12,15.59,10.65,9.55,6.74,19.01,14.72,16.31,7.04
125.13,15.59,10.65,9.55,6.74,19.01,14.74,16.31,7.04
125.14,15.59,10.65,9.55,6.73,19.04,14.72,16.31,7.06
125.15,15.59,10.65,9.55,6.73,19.01,14.74,16.31,7.04
125.16,15.59,10.64,9.55,6.73,19.04,14.72,16.34,7.05
125.17,15.59,10.65,9.55,6.73,19.04,14.72,16.31,7.06
125.18,15.59,10.66,9.57,6.74,19.04,14.74,16.36,7.05
125.19,15.59,10.65,9.55,6.74,19.04,14.72,16.36,7.05
125.20,15.56,10.66,9.55,6.73,19.01,14.72,16.34,7.05
125.21,15.59,10.65,9.55,6.74,19.04,14.74,16.31,7.05
125.22,15.59,10.64,9.56,6.74,19.04,14.74,16.31,7.05
125.23,15.59,10.66,9.56,6.74,19.01,14.74,16.34,7.06
125.24,15.59,10.66,9.55,6.73,19.04,14.72,16.31,7.06
125.25,15.59,10.65,9.55,6.74,19.01,14.74,16.34,7.06
125.26,15.59,10.65,9.55,6.74,19.01,14.70,16.34,7.05
125.27,15.56,10.65,9.55,6.74,19.01,14.72,16.34,7.05
125.28,15.59,10.65,9.55,6.74,19.01,14.74,16.34,7.05
125.29,15.59,10.65,9.56,6.74,19.04,14.72,16.36,7.05
125.30,15.59,10.65,9.55,6.74,19.01,14.72,16.34,7.05
125.31,15.59,10.65,9.56,6.74,19.04,14.74,16.31,7.07
125.32,15.59,10.65,9.56,6.74,19.04,14.72,16.34,7.04
125.33,15.56,10.65,9.56,6.74,19.07,14.72,16.34,7.04
125.34,15.59,10.66,9.55,6.74,19.01,14.72,16.31,7.05
125.35,15.59,10.65,9.56,6.74,19.01,14.72,16.34,7.05
125.36,15.59,10.65,9.55,6.74,19.01,14.74,16.31,7.05
125.37,15.56,10.66,9.55,6.74,19.04,14.72,16.31,7.04
125.38,15.61,10.66,9.55,6.74,19.04,14.74,16.31,7.05
125.39,15.56,10.65,9.56,6.74,19.04,14.72,16.31,7.05
125.40,15.59,10.65,9.55,6.74,19.01,14.72,16.31,7.05
125.41,15.59,10.65,9.56,6.74,19.04,14.74,16.34,7.05
125.42,15.59,10.62,9.56,6.74,19.04,14.74,16.36,7.05
125.43,15.56,10.64,9.56,6.74,19.01,14.74,16.34,7.05
125.44,15.59,10.64,9.55,6.73,19.04,14.74,16.31,7.05
125.45,15.59,10.65,9.56,6.74,19.04,14.72,16.31,7.05
125.46,15.59,10.65,9.55,6.74,19.01,14.72,16.34,7.05
125.47,15.56,10.65,9.55,6.73,19.04,14.72,16.34,7.05
125.48,15.59,10.66,9.57,6.74,19.04,14.72,16.34,7.04
125.49,15.56,10.65,9.55,6.74,19.01,14.72,16.36,7.06
125.50,15.59,10.66,9.55,6.74,19.01,14.72,16.34,7.05
125.51,15.59,10.66,9.56,6.73,19.04,14.72,16.34,7.05
125.52,15.59,10.65,9.55,6.74,19.01,14.72,16.29,7.04
125.53,15.59,10.65,9.55,6.74,19.04,14.74,16.34,7.05
125.54,15.59,10.65,9.56,6.74,19.01,14.74,16.31,7.06
125.55,15.59,10.65,9.55,6.73,19.01,14.72,16.31,7.05
125.56,15.59,10.65,9.55,6.74,19.04,14.72,16.31,7.05
125.57,15.59,10.66,9.55,6.74,19.04,14.72,16.36,7.05
125.58,15.59,10.65,9.56,6.74,19.01,14.72,16.34,7.04
125.59,15.59,10.66,9.56,6.74,19.04,14.74,16.31,7.05
125.60,15.59,10.65,9.55,6.74,19.04,14.74,16.34,7.05
125.61,15.59,10.65,9.55,6.74,19.01,14.72,16.36,7.05
125.62,15.59,10.65,9.55,6.74,19.04,14.72,16.34,7.05
125.63,15.59,10.66,9.55,6.74,19.01,14.72,16.31,7.05
125.64,15.59,10.65,9.56,6.74,19.01,14.72,16.31,7.04
125.65,15.59,10.65,9.55,6.74,19.01,14.74,16.34,7.06
125.66,15.56,10.64,9.57,6.74,19.04,14.72,16.34,7.05
125.67,15.59,10.66,9.56,6.74,19.01,14.74,16.36,7.04
125.68,15.56,10.65,9.55,6.73,19.01,14.72,16.34,7.06
125.69,15.59,10.65,9.55,6.73,19.04,14.72,16.34,7.04
125.70,15.59,10.65,9.55,6.74,19.01,14.72,16.31,7.05
125.71,15.59,10.66,9.55,6.74,19.07,14.72,16.31,7.06
125.72,15.59,10.65,9.56,6.74,19.01,14.72,16.34,7.05
125.73,15.59,10.65,9.55,6.74,19.01,14.72,16.36,7.06
125.74,15.59,10.65,9.55,6.74,19.04,14.72,16.31,7.06
125.75,15.59,10.65,9.55,6.74,19.01,14.72,16.31,7.05
125.76,15.56,10.65,9.56,6.74,19.01,14.74,16.31,7.04
125.77,15.59,10.64,9.56,6.74,19.01,14.72,16.34,7.06
125.78,15.59,10.65,9.55,6.74,19.01,14.74,16.34,7.05
125.79,15.56,10.65,9.55,6.73,19.01,14.72,16.34,7.06
125.80,15.56,10.65,9.57,6.74,19.01,14.72,16.31,7.06
125.81,15.59,10.66,9.55,6.74,19.04,14.72,16.31,7.05
125.82,15.59,10.65,9.56,6.74,19.04,14.72,16.31,7.04
125.83,15.59,10.65,9.55,6.73,19.01,14.72,16.31,7.05
125.84,15.56,10.65,9.55,6.74,19.01,14.74,16.31,7.05
125.85,15.59,10.65,9.55,6.74,19.01,14.72,16.34,7.06
125.86,15.59,10.65,9.56,6.74,19.01,14.72,16.34,7.06
125.87,15.59,10.66,9.55,6.74,19.04,14.72,16.31,7.06
125.88,15.56,10.65,9.55,6.74,19.01,14.72,16.31,7.06
125.89,15.59,10.65,9.55,6.74,19.01,14.72,16.34,7.04
125.90,15.59,10.65,9.55,6.74,19.01,14.72,16.36,7.05
125.91,15.59,10.65,9.56,6.74,19.04,14.74,16.31,7.06
125.92,15.59,10.65,9.55,6.74,19.01,14.72,16.34,7.05
125.93,15.59,10.65,9.55,6.74,19.01,14.72,16.31,7.05
125.94,15.59,10.65,9.55,6.74,19.01,14.74,16.31,7.04
125.95,15.59,10.65,9.56,6.74,19.01,14.72,16.34,7.05
125.96,15.56,10.66,9.55,6.74,19.04,14.74,16.34,7.05
125.97,15.59,10.65,9.56,6.74,19.01,14.74,16.31,7.05
125.98,15.59,10.64,9.55,6.74,19.01,14.72,16.34,7.06
125.99,15.59,10.65,9.56,6.74,19.01,14.72,16.31,7.04
126.00,15.59,10.65,9.55,6.74,19.01,14.72,16.31,7.06
126.01,15.59,10.65,9.55,6.74,19.01,14.72,16.34,7.05
126.02,15.56,10.65,9.55,6.74,19.01,14.72,16.31,7.05
126.03,15.59,10.65,9.55,6.74,19.04,14.74,16.31,7.05
126.04,15.59,10.65,9.56,6.74,19.04,14.74,16.31,7.05
126.05,15.56,10.65,9.55,6.74,19.04,14.72,16.31,7.04
126.06,15.59,10.66,9.56,6.74,19.01,14.72,16.34,7.05
126.07,15.59,10.65,9.57,6.74,19.04,14.72,16.34,7.05
126.08,15.56,10.65,9.55,6.74,19.01,14.72,16.31,7.05
126.09,15.56,10.65,9.55,6.74,19.01,14.72,16.31,7.04
126.10,15.56,10.66,9.55,6.74,19.01,14.72,16.34,7.05
126.11,15.59,10.66,9.55,6.74,19.07,14.72,16.34,7.05
126.12,15.59,10.65,9.55,6.74,19.04,14.72,16.34,7.04
126.13,15.59,10.65,9.55,6.74,19.01,14.74,16.31,7.04
126.14,15.56,10.65,9.57,6.74,19.04,14.72,16.31,7.04
126.15,15.59,10.65,9.55,6.74,19.01,14.70,16.31,7.05
126.16,15.59,10.66,9.56,6.74,19.01,14.74,16.31,7.05
126.17,15.59,10.65,9.55,6.74,19.04,14.72,16.34,7.06
126.18,15.59,10.65,9.55,6.74,19.04,14.72,16.31,7.05
126.19,15.59,10.65,9.55,6.74,19.01,14.74,16.34,7.06
126.20,15.59,10.66,9.55,6.74,19.04,14.72,16.36,7.05
126.21,15.56,10.66,9.56,6.74,19.04,14.72,16.34,7.05
126.22,15.59,10.64,9.55,6.74,19.01,14.72,16.31,7.05
126.23,15.56,10.65,9.56,6.74,19.01,14.70,16.31,7.05
126.24,15.59,10.65,9.56,6.74,19.04,14.72,16.31,7.05
126.25,15.59,10.65,9.56,6.74,19.01,14.72,16.31,7.04
126.26,15.56,10.66,9.55,6.74,19.01,14.72,16.31,7.05
126.27,15.56,10.65,9.55,6.74,19.01,14.74,16.36,7.05
126.28,15.56,10.65,9.56,6.74,19.01,14.74,16.31,7.05
126.29,15.56,10.65,9.55,6.74,19.04,14.72,16.34,7.05
126.30,15.59,10.66,9.55,6.74,19.01,14.72,16.31,7.05
126.31,15.56,10.64,9.55,6.74,19.01,14.72,16.31,7.05
126.32,15.59,10.66,9.55,6.74,19.01,14.72,16.31,7.05
126.33,15.59,10.66,9.56,6.74,19.01,14.74,16.31,7.05
126.34,15.59,10.64,9.56,6.74,19.01,14.72,16.34,7.06
126.35,15.59,10.65,9.55,6.74,19.01,14.72,16.31,7.06
126.36,15.56,10.65,9.55,6.74,19.04,14.72,16.31,7.05
126.37,15.56,10.65,9.54,6.73,19.01,14.72,16.31,7.04
126.38,15.59,10.65,9.55,6.74,19.04,14.72,16.31,7.05
126.39,15.59,10.65,9.55,6.75,19.04,14.72,16.31,7.06
126.40,15.56,10.64,9.56,6.74,19.01,14.74,16.34,7.05
126.41,15.56,10.66,9.55,6.74,19.01,14.70,16.34,7.06
126.42,15.56,10.65,9.55,6.74,19.01,14.72,16.34,7.04
126.43,15.56,10.65,9.55,6.74,19.01,14.70,16.34,7.05
126.44,15.59,10.66,9.55,6.74,19.01,14.70,16.31,7.05
126.45,15.56,10.66,9.55,6.74,19.04,14.72,16.34,7.05
126.46,15.56,10.65,9.56,6.74,19.01,14.70,16.36,7.06
126.47,15.59,10.64,9.55,6.74,19.01,14.72,16.31,7.05
126.48,15.56,10.65,9.55,6.74,19.01,14.74,16.31,7.05
126.49,15.59,10.65,9.56,6.74,19.01,14.72,16.34,7.04
126.50,15.59,10.65,9.55,6.74,19.01,14.72,16.34,7.04
126.51,15.59,10.65,9.55,6.74,19.01,14.72,16.34,7.05
126.52,15.56,10.65,9.55,6.74,19.01,14.72,16.36,7.05
126.53,15.59,10.65,9.55,6.74,19.01,14.70,16.31,7.05
126.54,15.56,10.65,9.55,6.74,19.01,14.74,16.31,7.05
126.55,15.59,10.65,9.56,6.74,19.01,14.72,16.34,7.05
126.56,15.59,10.65,9.55,6.74,19.01,14.70,16.31,7.04
126.57,15.56,10.65,9.55,6.74,19.01,14.74,16.31,7.04
126.58,15.59,10.65,9.55,6.74,19.04,14.72,16.31,7.05
126.59,15.59,10.66,9.55,6.74,19.01,14.74,16.34,7.05
126.60,15.59,10.66,9.55,6.74,19.01,14.72,16.31,7.05
126.61,15.56,10.65,9.55,6.74,19.04,14.72,16.31,7.05
126.62,15.59,10.65,9.55,6.74,19.01,14.72,16.31,7.06
126.63,15.59,10.64,9.55,6.74,19.01,14.70,16.31,7.04
126.64,15.59,10.65,9.56,6.74,19.04,14.72,16.31,7.05
126.65,15.56,10.65,9.56,6.74,19.01,14.72,16.34,7.05
126.66,15.59,10.65,9.55,6.74,19.01,14.72,16.31,7.04
126.67,15.56,10.65,9.55,6.74,19.04,14.72,16.31,7.05
126.68,15.56,10.65,9.56,6.74,19.01,14.72,16.34,7.05
126.69,15.59,10.65,9.56,6.74,19.04,14.72,16.31,7.05
126.70,15.56,10.65,9.56,6.74,19.04,14.72,16.34,7.06
126.71,15.59,10.65,9.55,6.74,19.01,14.72,16.34,7.05
126.72,15.56,10.65,9.55,6.74,19.01,14.72,16.34,7.06
126.73,15.56,10.65,9.57,6.74,19.01,14.72,16.34,7.06
126.74,15.59,10.66,9.55,6.74,19.01,14.74,16.34,7.06
126.75,15.56,10.65,9.55,6.74,19.01,14.72,16.31,7.05
126.76,15.56,10.65,9.55,6.74,19.01,14.72,16.34,7.04
126.77,15.56,10.66,9.55,6.74,19.01,14.72,16.31,7.05
126.78,15.56,10.66,9.55,6.74,19.04,14.72,16.34,7.05
126.79,15.59,10.66,9.55,6.74,19.01,14.72,16.34,7.05
126.80,15.56,10.66,9.55,6.74,19.01,14.72,16.34,7.05
126.81,15.56,10.64,9.55,6.73,19.01,14.72,16.34,7.06
126.82,15.56,10.65,9.55,6.74,19.01,14.70,16.31,7.06
126.83,15.56,10.65,9.55,6.74,19.01,14.70,16.31,7.06
126.84,15.56,10.65,9.54,6.74,19.04,14.74,16.31,7.06
126.85,15.59,10.65,9.55,6.74,19.01,14.74,16.34,7.05
126.86,15.56,10.65,9.55,6.74,19.01,14.72,16.31,7.05
126.87,15.56,10.66,9.55,6.74,19.01,14.72,16.36,7.05
126.88,15.59,10.65,9.55,6.74,19.04,14.72,16.31,7.06
126.89,15.56,10.65,9.55,6.74,19.01,14.72,16.31,7.06
126.90,15.56,10.65,9.56,6.74,19.01,14.72,16.34,7.05
126.91,15.56,10.65,9.55,6.74,19.01,14.72,16.31,7.04
126.92,15.56,10.64,9.55,6.74,19.01,14.72,16.36,7.06
126.93,15.56,10.65,9.56,6.74,19.04,14.72,16.31,7.05
126.94,15.56,10.66,9.55,6.74,19.04,14.72,16.34,7.05
126.95,15.56,10.65,9.55,6.74,19.01,14.72,16.34,7.06
126.96,15.59,10.65,9.55,6.74,19.01,14.72,16.31,7.05
126.97,15.56,10.65,9.57,6.74,19.01,14.70,16.31,7.04
126.98,15.56,10.66,9.55,6.74,19.04,14.72,16.34,7.05
126.99,15.56,10.65,9.55,6.74,19.04,14.74,16.31,7.04
127.00,15.59,10.65,9.55,6.74,19.04,14.72,16.31,7.05
127.01,15.56,10.64,9.55,6.74,19.04,14.72,16.31,7.06
127.02,15.56,10.65,9.55,6.74,19.04,14.72,16.31,7.06
127.03,15.56,10.65,9.55,6.74,19.01,14.72,16.34,7.05
127.04,15.56,10.65,9.55,6.74,19.01,14.72,16.31,7.05
127.05,15.56,10.65,9.55,6.74,19.01,14.70,16.31,7.05
127.06,15.59,10.64,9.55,6.74,19.01,14.72,16.31,7.04
127.07,15.56,10.65,9.55,6.74,19.01,14.74,16.34,7.05
127.08,15.56,10.64,9.55,6.75,19.01,14.70,16.31,7.05
127.09,15.59,10.65,9.56,6.74,19.04,14.72,16.31,7.05
127.10,15.59,10.66,9.55,6.74,19.01,14.70,16.34,7.04
127.11,15.59,10.65,9.55,6.74,19.01,14.72,16.34,7.05
127.12,15.56,10.64,9.55,6.74,19.01,14.74,16.29,7.05
127.13,15.56,10.64,9.55,6.74,19.01,14.72,16.31,7.05
127.14,15.56,10.66,9.55,6.74,19.04,14.72,16.31,7.04
127.15,15.56,10.65,9.56,6.74,19.01,14.72,16.31,7.05
127.16,15.56,10.65,9.55,6.74,19.01,14.74,16.31,7.06
127.17,15.56,10.65,9.55,6.74,19.01,14.72,16.31,7.05
127.18,15.56,10.64,9.55,6.74,19.04,14.72,16.31,7.06
127.19,15.56,10.65,9.55,6.74,19.01,14.70,16.31,7.05
127.20,15.56,10.65,9.56,6.74,19.01,14.72,16.31,7.05
127.21,15.56,10.65,9.55,6.74,19.04,14.74,16.31,7.05
127.22,15.54,10.65,9.55,6.74,19.01,14.72,16.31,7.05
127.23,15.56,10.66,9.55,6.74,19.01,14.70,16.34,7.06
127.24,15.56,10.65,9.55,6.74,19.01,14.72,16.31,7.05
127.25,15.56,10.64,9.55,6.74,19.04,14.74,16.31,7.05
127.26,15.56,10.64,9.54,6.74,19.01,14.70,16.31,7.05
127.27,15.56,10.65,9.54,6.74,18.98,14.70,16.31,7.04
127.28,15.54,10.64,9.55,6.74,19.01,14.72,16.34,7.06
127.29,15.56,10.66,9.55,6.74,19.01,14.70,16.34,7.05
127.30,15.56,10.66,9.55,6.74,19.01,14.72,16.31,7.05
127.31,15.56,10.65,9.55,6.74,19.01,14.70,16.34,7.04
127.32,15.56,10.65,9.55,6.74,19.01,14.72,16.34,7.05
127.33,15.56,10.65,9.55,6.74,18.98,14.72,16.31,7.05
127.34,15.56,10.66,9.55,6.74,18.98,14.72,16.34,7.05
127.35,15.56,10.64,9.55,6.74,19.04,14.70,16.31,7.06
127.36,15.56,10.65,9.56,6.74,19.01,14.72,16.34,7.06
127.37,15.56,10.65,9.55,6.74,19.01,14.72,16.31,7.05
127.38,15.54,10.65,9.55,6.74,19.01,14.74,16.31,7.06
127.39,15.56,10.65,9.55,6.74,19.01,14.72,16.31,7.06
127.40,15.54,10.64,9.55,6.74,19.01,14.70,16.29,7.04
127.41,15.56,10.65,9.56,6.74,19.04,14.72,16.31,7.06
127.42,15.56,10.65,9.55,6.74,19.01,14.72,16.31,7.05
127.43,15.56,10.64,9.56,6.74,19.01,14.70,16.31,7.05
127.44,15.56,10.65,9.54,6.74,18.98,14.72,16.34,7.06
127.45,15.56,10.65,9.55,6.74,19.01,14.70,16.31,7.05
127.46,15.56,10.64,9.55,6.74,19.01,14.72,16.31,7.05
127.47,15.56,10.64,9.55,6.74,18.98,14.74,16.31,7.05
127.48,15.56,10.66,9.55,6.74,19.01,14.70,16.29,7.05
127.49,15.56,10.66,9.54,6.74,19.01,14.72,16.31,7.04
127.50,15.56,10.66,9.55,6.74,19.01,14.74,16.31,7.04
127.51,15.56,10.64,9.54,6.74,19.01,14.74,16.31,7.05
127.52,15.56,10.64,9.55,6.74,19.01,14.70,16.34,7.05
127.53,15.56,10.68,9.55,6.74,19.01,14.72,16.29,7.05
127.54,15.56,10.65,9.55,6.74,19.01,14.72,16.31,7.05
127.55,15.56,10.65,9.55,6.74,19.01,14.70,16.34,7.05
127.56,15.56,10.65,9.55,6.74,18.98,14.70,16.31,7.05
127.57,15.56,10.65,9.55,6.75,18.98,14.72,16.34,7.04
127.58,15.56,10.64,9.55,6.74,19.01,14.72,16.31,7.05
127.59,15.56,10.66,9.55,6.74,18.98,14.70,16.31,7.04
127.60,15.56,10.65,9.55,6.74,18.98,14.72,16.31,7.06
127.61,15.56,10.65,9.54,6.74,19.01,14.70,16.34,7.05
127.62,15.56,10.65,9.54,6.74,19.01,14.70,16.31,7.05
127.63,15.56,10.65,9.55,6.74,18.98,14.72,16.31,7.05
127.64,15.56,10.65,9.55,6.74,19.01,14.72,16.31,7.04
127.65,15.56,10.65,9.55,6.74,19.01,14.70,16.31,7.04
127.66,15.56,10.64,9.54,6.74,19.01,14.70,16.29,7.06
127.67,15.56,10.65,9.55,6.74,19.01,14.72,16.29,7.04
127.68,15.56,10.64,9.55,6.74,19.01,14.72,16.31,7.06
127.69,15.56,10.65,9.55,6.74,19.01,14.70,16.31,7.05
127.70,15.56,10.64,9.55,6.74,19.01,14.70,16.29,7.04
127.71,15.56,10.65,9.55,6.74,19.01,14.70,16.31,7.05
127.72,15.56,10.65,9.55,6.73,19.01,14.70,16.31,7.05
127.73,15.56,10.65,9.56,6.74,19.01,14.72,16.29,7.04
127.74,15.56,10.65,9.55,6.74,19.04,14.70,16.31,7.05
127.75,15.56,10.65,9.55,6.74,19.01,14.70,16.31,7.05
127.76,15.56,10.65,9.55,6.74,19.01,14.70,16.31,7.04
127.77,15.56,10.66,9.54,6.75,19.01,14.70,16.31,7.05
127.78,15.56,10.64,9.55,6.74,18.98,14.70,16.31,7.04
127.79,15.56,10.64,9.54,6.74,19.01,14.74,16.31,7.04
127.80,15.59,10.65,9.54,6.74,19.01,14.70,16.31,7.04
127.81,15.56,10.64,9.55,6.74,19.01,14.72,16.31,7.06
127.82,15.56,10.66,9.55,6.74,19.01,14.74,16.31,7.05
127.83,15.56,10.64,9.55,6.75,19.01,14.72,16.31,7.05
127.84,15.56,10.65,9.54,6.74,18.98,14.72,16.31,7.05
127.85,15.56,10.65,9.55,6.74,19.01,14.72,16.31,7.06
127.86,15.56,10.65,9.55,6.74,19.01,14.72,16.31,7.04
127.87,15.54,10.64,9.54,6.74,18.98,14.72,16.29,7.06
127.88,15.54,10.66,9.54,6.75,18.98,14.70,16.31,7.05
127.89,15.54,10.65,9.55,6.74,19.01,14.72,16.27,7.05
127.90,15.56,10.65,9.55,6.74,19.01,14.70,16.29,7.04
127.91,15.56,10.65,9.55,6.74,19.01,14.70,16.31,7.05
127.92,15.56,10.65,9.54,6.74,19.01,14.70,16.31,7.05
127.93,15.54,10.65,9.56,6.74,19.01,14.72,16.31,7.05
127.94,15.56,10.65,9.55,6.74,18.98,14.70,16.34,7.05
127.95,15.56,10.64,9.55,6.74,18.98,14.70,16.31,7.05
127.96,15.56,10.65,9.55,6.74,18.98,14.70,16.31,7.05
127.97,15.56,10.65,9.55,6.74,18.98,14.72,16.31,7.04
127.98,15.56,10.65,9.55,6.74,19.01,14.70,16.34,7.06
127.99,15.56,10.64,9.55,6.74,19.01,14.70,16.31,7.05
128.00,15.54,10.64,9.55,6.74,19.01,14.70,16.31,7.05
128.01,15.54,10.65,9.54,6.74,18.98,14.72,16.31,7.05
128.02,15.56,10.64,9.54,6.74,18.98,14.72,16.31,7.05
128.03,15.54,10.64,9.55,6.74,19.01,14.70,16.31,7.04
128.04,15.56,10.65,9.56,6.74,18.98,14.70,16.29,7.04
128.05,15.56,10.64,9.55,6.74,18.98,14.70,16.31,7.05
128.06,15.56,10.64,9.55,6.74,18.98,14.70,16.31,7.06
128.07,15.54,10.64,9.55,6.74,19.01,14.70,16.31,7.06
128.08,15.56,10.65,9.55,6.74,18.98,14.70,16.34,7.05
128.09,15.56,10.65,9.55,6.74,19.01,14.72,16.31,7.06
128.10,15.54,10.64,9.55,6.74,18.98,14.70,16.34,7.04
128.11,15.56,10.64,9.55,6.74,18.98,14.68,16.31,7.05
128.12,15.56,10.65,9.54,6.74,19.01,14.70,16.31,7.05
128.13,15.56,10.64,9.54,6.74,19.01,14.72,16.31,7.05
128.14,15.56,10.64,9.54,6.74,18.98,14.70,16.29,7.05
128.15,15.56,10.64,9.54,6.74,18.98,14.70,16.29,7.05
128.16,15.56,10.65,9.54,6.74,18.98,14.70,16.29,7.06
128.17,15.54,10.65,9.55,6.74,18.98,14.70,16.29,7.04
128.18,15.54,10.64,9.55,6.73,19.01,14.72,16.31,7.04
128.19,15.54,10.64,9.55,6.74,19.01,14.70,16.29,7.05
128.20,15.54,10.64,9.54,6.74,19.01,14.70,16.31,7.05
128.21,15.56,10.64,9.55,6.74,18.98,14.72,16.31,7.05
128.22,15.56,10.65,9.54,6.74,18.98,14.70,16.31,7.04
128.24,15.54,10.64,9.54,6.74,19.01,14.72,16.31,7.05
128.25,15.56,10.65,9.55,6.74,19.01,14.72,16.31,7.06
128.26,15.56,10.65,9.54,6.75,18.98,14.70,16.31,7.05
128.27,15.54,10.62,9.55,6.74,19.01,14.70,16.29,7.06
128.28,15.54,10.64,9.54,6.74,19.01,14.70,16.29,7.04
128.29,15.56,10.65,9.54,6.74,19.01,14.70,16.31,7.05
128.30,15.54,10.62,9.55,6.74,19.04,14.70,16.31,7.05
128.31,15.54,10.65,9.55,6.74,19.01,14.72,16.31,7.05
128.32,15.54,10.64,9.54,6.74,19.01,14.70,16.31,7.05
128.33,15.56,10.64,9.55,6.74,18.98,14.70,16.29,7.05
128.34,15.56,10.64,9.55,6.74,19.01,14.70,16.29,7.04
128.35,15.54,10.64,9.54,6.74,19.01,14.68,16.29,7.05
128.36,15.56,10.64,9.54,6.74,18.98,14.70,16.31,7.05
128.37,15.56,10.65,9.54,6.74,18.98,14.70,16.34,7.05
128.38,15.54,10.64,9.55,6.74,19.01,14.72,16.31,7.06
128.39,15.54,10.65,9.55,6.74,18.98,14.70,16.31,7.04
128.40,15.56,10.64,9.55,6.74,18.98,14.70,16.31,7.06
128.41,15.56,10.64,9.54,6.74,18.98,14.72,16.29,7.05
128.42,15.56,10.64,9.55,6.74,18.98,14.68,16.31,7.05
128.43,15.54,10.64,9.55,6.74,18.98,14.70,16.31,7.05
128.44,15.56,10.65,9.55,6.74,19.01,14.72,16.29,7.05
128.45,15.54,10.65,9.55,6.74,19.01,14.70,16.29,7.04
128.46,15.56,10.66,9.54,6.74,18.98,14.70,16.31,7.05
128.47,15.54,10.64,9.54,6.74,18.98,14.72,16.31,7.04
128.48,15.54,10.64,9.54,6.74,18.98,14.70,16.27,7.04
128.49,15.54,10.65,9.52,6.74,19.01,14.70,16.31,7.04
128.50,15.56,10.65,9.55,6.74,18.98,14.72,16.31,7.05
128.51,15.56,10.64,9.54,6.74,19.01,14.70,16.29,7.04
128.52,15.54,10.64,9.54,6.74,18.98,14.70,16.31,7.04
128.53,15.56,10.64,9.54,6.74,18.98,14.68,16.29,7.05
128.54,15.54,10.64,9.54,6.74,18.98,14.68,16.29,7.05
128.55,15.54,10.64,9.55,6.74,19.01,14.70,16.29,7.04
128.56,15.54,10.64,9.54,6.73,18.98,14.70,16.29,7.05
128.57,15.56,10.65,9.54,6.74,19.01,14.70,16.29,7.04
128.58,15.54,10.65,9.55,6.74,18.98,14.70,16.31,7.05
128.59,15.54,10.65,9.54,6.74,19.01,14.72,16.31,7.04
128.60,15.54,10.65,9.54,6.74,19.01,14.70,16.31,7.04
128.61,15.54,10.64,9.55,6.74,19.01,14.70,16.29,7.05
128.62,15.56,10.64,9.55,6.74,18.98,14.70,16.31,7.06
128.63,15.56,10.64,9.55,6.74,18.98,14.70,16.31,7.04
128.64,15.54,10.65,9.54,6.74,19.01,14.70,16.29,7.04
128.65,15.54,10.65,9.54,6.74,18.98,14.70,16.31,7.04
128.66,15.54,10.65,9.54,6.74,18.98,14.70,16.29,7.05
128.67,15.56,10.66,9.54,6.74,19.01,14.70,16.31,7.05
128.68,15.54,10.64,9.54,6.74,19.01,14.72,16.31,7.05
128.69,15.56,10.64,9.54,6.74,18.98,14.70,16.29,7.04
128.70,15.54,10.62,9.55,6.74,19.01,14.72,16.29,7.05
128.71,15.54,10.64,9.55,6.74,18.98,14.72,16.31,7.05
128.72,15.54,10.65,9.55,6.74,18.98,14.72,16.29,7.04
128.73,15.56,10.65,9.55,6.74,18.98,14.70,16.31,7.04
128.74,15.59,10.65,9.55,6.74,19.01,14.70,16.31,7.04
128.75,15.54,10.64,9.54,6.74,18.98,14.70,16.34,7.05
128.76,15.54,10.65,9.54,6.74,18.98,14.72,16.29,7.05
128.77,15.56,10.64,9.54,6.74,18.98,14.70,16.31,7.05
128.78,15.54,10.64,9.55,6.74,18.98,14.70,16.31,7.04
128.79,15.56,10.64,9.52,6.74,18.98,14.70,16.29,7.05
128.80,15.54,10.62,9.55,6.74,18.98,14.70,16.31,7.04
128.81,15.54,10.64,9.55,6.74,18.98,14.70,16.29,7.06
128.82,15.56,10.64,9.55,6.74,18.98,14.70,16.29,7.05
128.83,15.54,10.64,9.54,6.74,18.98,14.70,16.29,7.04
128.84,15.54,10.64,9.54,6.74,18.98,14.72,16.29,7.05
128.85,15.54,10.65,9.55,6.74,18.96,14.72,16.31,7.04
128.86,15.54,10.64,9.54,6.74,18.98,14.70,16.29,7.04
128.87,15.54,10.65,9.55,6.74,18.98,14.70,16.31,7.05
128.88,15.54,10.64,9.54,6.74,18.98,14.70,16.31,7.05
128.89,15.56,10.64,9.52,6.74,18.98,14.70,16.29,7.05
128.90,15.56,10.64,9.55,6.74,18.98,14.68,16.31,7.05
128.91,15.52,10.64,9.54,6.74,18.98,14.70,16.29,7.05
128.92,15.54,10.64,9.54,6.74,18.98,14.70,16.31,7.04
128.93,15.54,10.64,9.54,6.74,19.01,14.68,16.29,7.04
128.94,15.56,10.64,9.54,6.74,18.98,14.70,16.29,7.04
128.95,15.54,10.64,9.55,6.74,18.96,14.72,16.29,7.04
128.96,15.54,10.62,9.55,6.74,18.98,14.70,16.31,7.04
128.97,15.54,10.65,9.54,6.74,18.98,14.70,16.29,7.04
128.98,15.56,10.64,9.54,6.74,18.98,14.70,16.31,7.05
128.99,15.56,10.64,9.54,6.74,18.98,14.70,16.29,7.05
129.00,15.56,10.65,9.54,6.74,19.01,14.70,16.31,7.06
129.01,15.54,10.64,9.55,6.74,18.98,14.72,16.31,7.04
129.02,15.54,10.64,9.54,6.74,18.98,14.68,16.31,7.04
129.03,15.56,10.64,9.54,6.74,18.98,14.70,16.31,7.04
129.04,15.54,10.65,9.54,6.74,18.98,14.70,16.29,7.06
129.05,15.54,10.64,9.54,6.74,18.98,14.70,16.29,7.04
129.06,15.56,10.65,9.55,6.73,18.98,14.70,16.29,7.06
129.07,15.54,10.64,9.54,6.74,18.98,14.68,16.29,7.04
129.08,15.54,10.64,9.54,6.74,18.98,14.70,16.29,7.04
129.09,15.56,10.64,9.55,6.74,18.98,14.72,16.29,7.04
129.10,15.56,10.65,9.54,6.73,18.98,14.70,16.31,7.04
129.11,15.54,10.65,9.54,6.75,18.98,14.70,16.31,7.06
129.12,15.56,10.64,9.54,6.74,18.96,14.68,16.29,7.04
129.13,15.54,10.64,9.54,6.73,18.98,14.70,16.29,7.05
129.14,15.56,10.64,9.54,6.74,18.96,14.68,16.29,7.04
129.15,15.54,10.64,9.54,6.73,18.98,14.70,16.29,7.04
129.16,15.54,10.64,9.55,6.74,18.98,14.70,16.29,7.04
129.17,15.54,10.65,9.54,6.74,19.01,14.70,16.29,7.04
129.18,15.56,10.65,9.54,6.74,18.96,14.68,16.29,7.06
129.19,15.54,10.64,9.54,6.73,19.01,14.68,16.31,7.06
129.20,15.54,10.65,9.54,6.73,19.01,14.70,16.29,7.05
129.21,15.54,10.65,9.54,6.74,18.96,14.70,16.29,7.04
129.22,15.54,10.65,9.55,6.74,18.98,14.68,16.29,7.04
129.23,15.56,10.64,9.54,6.74,19.01,14.70,16.34,7.05
129.24,15.56,10.64,9.54,6.74,18.98,14.70,16.29,7.05
129.25,15.54,10.64,9.54,6.74,18.98,14.70,16.29,7.06
129.26,15.54,10.65,9.52,6.73,18.96,14.68,16.34,7.05
129.27,15.54,10.65,9.54,6.74,18.98,14.68,16.31,7.05
129.28,15.54,10.64,9.54,6.74,18.98,14.72,16.31,7.05
129.29,15.54,10.64,9.54,6.74,18.96,14.72,16.29,7.04
129.30,15.56,10.65,9.55,6.74,18.98,14.72,16.34,7.05
129.31,15.54,10.64,9.54,6.74,19.01,14.70,16.31,7.05
129.32,15.56,10.64,9.54,6.74,18.96,14.70,16.29,7.05
129.33,15.54,10.64,9.54,6.74,18.96,14.68,16.29,7.06
129.34,15.54,10.65,9.54,6.74,18.98,14.68,16.31,7.04
129.35,15.54,10.64,9.54,6.74,18.96,14.70,16.29,7.05
129.36,15.54,10.65,9.54,6.73,18.98,14.68,16.29,7.05
129.37,15.54,10.64,9.54,6.74,18.98,14.70,16.31,7.04
129.38,15.54,10.62,9.54,6.74,18.98,14.68,16.29,7.05
129.39,15.54,10.65,9.54,6.74,18.98,14.70,16.31,7.04
129.40,15.56,10.64,9.54,6.74,18.98,14.68,16.31,7.04
129.41,15.54,10.62,9.54,6.74,18.98,14.68,16.27,7.04
129.42,15.56,10.64,9.54,6.74,18.96,14.68,16.27,7.04
129.43,15.54,10.64,9.52,6.74,18.98,14.70,16.29,7.04
129.44,15.54,10.64,9.55,6.74,18.98,14.68,16.29,7.04
129.45,15.54,10.62,9.55,6.74,18.98,14.70,16.31,7.04
129.46,15.54,10.62,9.54,6.74,18.98,14.68,16.29,7.05
129.47,15.56,10.64,9.54,6.74,18.98,14.68,16.29,7.04
129.48,15.54,10.64,9.54,6.74,18.98,14.72,16.29,7.04
129.49,15.56,10.64,9.55,6.74,18.98,14.72,16.29,7.04
129.50,15.56,10.64,9.54,6.74,18.98,14.70,16.29,7.04
129.51,15.56,10.64,9.54,6.74,18.96,14.68,16.31,7.05
129.52,15.54,10.64,9.55,6.74,19.01,14.70,16.31,7.04
129.53,15.54,10.64,9.54,6.74,18.98,14.68,16.31,7.05
129.54,15.56,10.64,9.55,6.74,19.01,14.68,16.31,7.04
129.55,15.54,10.64,9.52,6.74,18.96,14.68,16.31,7.05
129.56,15.54,10.64,9.55,6.73,18.96,14.72,16.29,7.04
129.57,15.54,10.64,9.55,6.74,19.01,14.68,16.31,7.05
129.58,15.54,10.65,9.54,6.74,18.96,14.70,16.29,7.04
129.59,15.54,10.64,9.54,6.74,18.98,14.70,16.29,7.05
129.60,15.56,10.64,9.55,6.74,18.98,14.68,16.29,7.04
129.61,15.54,10.64,9.54,6.74,18.96,14.68,16.29,7.06
129.62,15.54,10.64,9.54,6.74,19.01,14.68,16.31,7.05
129.63,15.54,10.64,9.54,6.74,18.98,14.68,16.29,7.05
129.64,15.54,10.64,9.55,6.74,18.96,14.70,16.29,7.04
129.65,15.54,10.62,9.55,6.74,18.98,14.68,16.31,7.05
129.66,15.56,10.64,9.52,6.74,19.01,14.68,16.29,7.04
129.67,15.54,10.65,9.55,6.74,18.98,14.68,16.31,7.04
129.68,15.54,10.65,9.54,6.74,19.01,14.68,16.29,7.04
129.69,15.54,10.64,9.54,6.74,19.01,14.72,16.29,7.04
129.70,15.54,10.64,9.52,6.74,18.98,14.70,16.27,7.04
129.71,15.54,10.62,9.54,6.74,19.01,14.70,16.31,7.05
129.72,15.54,10.64,9.52,6.74,18.96,14.70,16.29,7.04
129.73,15.54,10.62,9.54,6.74,19.01,14.70,16.29,7.05
129.74,15.56,10.64,9.55,6.74,18.96,14.70,16.29,7.05
129.75,15.54,10.62,9.55,6.74,18.98,14.68,16.29,7.04
129.76,15.54,10.64,9.54,6.74,18.98,14.68,16.27,7.04
129.77,15.54,10.62,9.54,6.74,18.96,14.68,16.29,7.04
129.78,15.54,10.62,9.54,6.74,18.98,14.70,16.29,7.05
129.79,15.54,10.64,9.54,6.74,18.98,14.68,16.29,7.05
129.80,15.56,10.65,9.54,6.74,18.98,14.72,16.29,7.04
129.81,15.56,10.64,9.54,6.74,18.98,14.68,16.29,7.04
129.82,15.54,10.64,9.54,6.74,18.98,14.68,16.27,7.04
129.84,15.54,10.62,9.54,6.74,19.01,14.68,16.29,7.04
129.85,15.54,10.64,9.54,6.74,18.96,14.70,16.31,7.05
129.86,15.54,10.62,9.55,6.74,18.96,14.70,16.29,7.04
129.87,15.56,10.62,9.54,6.74,18.96,14.70,16.31,7.04
129.88,15.54,10.64,9.55,6.74,18.96,14.70,16.27,7.04
129.89,15.54,10.64,9.52,6.74,18.98,14.68,16.29,7.05
129.90,15.54,10.64,9.55,6.74,18.96,14.68,16.27,7.04
129.91,15.54,10.65,9.55,6.74,18.98,14.72,16.27,7.04
129.92,15.54,10.62,9.54,6.74,19.01,14.70,16.29,7.04
129.93,15.54,10.64,9.54,6.74,18.98,14.70,16.29,7.05
129.94,15.54,10.64,9.54,6.73,18.96,14.72,16.31,7.04
129.95,15.56,10.64,9.54,6.74,18.96,14.68,16.27,7.04
129.96,15.54,10.65,9.54,6.74,19.01,14.70,16.31,7.04
129.97,15.54,10.65,9.54,6.74,19.01,14.70,16.29,7.06
129.98,15.54,10.64,9.54,6.74,18.96,14.68,16.31,7.04
129.99,15.56,10.65,9.52,6.74,18.98,14.68,16.29,7.05
130.00,15.54,10.62,9.54,6.74,18.98,14.68,16.29,7.04
130.01,15.54,10.64,9.52,6.74,18.96,14.68,16.29,7.03
130.02,15.54,10.64,9.54,6.74,18.96,14.68,16.29,7.05
130.03,15.54,10.64,9.54,6.74,18.96,14.68,16.29,7.04
130.04,15.54,10.62,9.52,6.74,18.98,14.68,16.31,7.04
130.05,15.54,10.64,9.54,6.74,18.96,14.68,16.29,7.04
130.06,15.54,10.64,9.54,6.74,18.98,14.68,16.29,7.05
130.07,15.54,10.62,9.54,6.74,18.96,14.68,16.29,7.05
130.08,15.52,10.62,9.54,6.74,18.98,14.70,16.31,7.04
130.09,15.56,10.64,9.55,6.74,18.98,14.68,16.31,7.04
130.10,15.54,10.62,9.52,6.74,18.96,14.68,16.29,7.05
130.11,15.54,10.64,9.55,6.74,18.96,14.70,16.29,7.04
130.12,15.54,10.65,9.54,6.74,18.98,14.70,16.29,7.04
130.13,15.54,10.64,9.54,6.74,18.98,14.68,16.29,7.05
130.14,15.54,10.64,9.54,6.74,18.96,14.70,16.29,7.05
130.15,15.54,10.62,9.54,6.74,18.96,14.68,16.29,7.04
130.16,15.54,10.64,9.54,6.74,19.01,14.68,16.31,7.04
130.17,15.54,10.64,9.55,6.74,18.96,14.68,16.29,7.04
130.18,15.54,10.64,9.55,6.74,18.96,14.68,16.27,7.04
130.19,15.54,10.65,9.54,6.74,18.96,14.70,16.29,7.05
130.20,15.54,10.64,9.54,6.74,18.98,14.70,16.29,7.05
130.21,15.54,10.64,9.54,6.74,18.98,14.68,16.29,7.05
130.22,15.54,10.64,9.52,6.74,18.98,14.68,16.29,7.04
130.23,15.54,10.64,9.54,6.74,18.96,14.70,16.29,7.05
130.24,15.56,10.65,9.55,6.74,18.98,14.70,16.27,7.05
130.25,15.54,10.64,9.54,6.74,18.96,14.68,16.29,7.04
130.26,15.54,10.64,9.54,6.74,18.98,14.68,16.31,7.05
130.27,15.54,10.62,9.54,6.74,18.98,14.66,16.29,7.05
130.28,15.54,10.64,9.54,6.74,18.98,14.68,16.29,7.04
130.29,15.54,10.64,9.54,6.74,18.96,14.68,16.29,7.04
130.30,15.56,10.65,9.54,6.74,18.98,14.68,16.31,7.05
130.32,15.54,10.64,9.54,6.74,18.98,14.72,16.29,7.04
130.33,15.56,10.64,9.52,6.74,18.96,14.70,16.27,7.04
130.34,15.56,10.64,9.55,6.74,18.96,14.68,16.31,7.05
130.35,15.54,10.64,9.54,6.74,18.98,14.68,16.29,7.05
130.36,15.56,10.64,9.54,6.74,18.98,14.68,16.31,7.04
130.37,15.54,10.64,9.54,6.74,18.96,14.68,16.29,7.04
130.38,15.56,10.64,9.52,6.74,18.98,14.72,16.31,7.05
130.39,15.54,10.64,9.54,6.74,18.98,14.68,16.31,7.04
130.40,15.54,10.62,9.54,6.74,18.98,14.70,16.27,7.04
130.41,15.56,10.64,9.55,6.74,18.96,14.70,16.31,7.04
130.42,15.56,10.64,9.55,6.74,19.01,14.68,16.29,7.04
130.43,15.54,10.64,9.54,6.74,19.01,14.68,16.29,7.04
130.44,15.54,10.65,9.54,6.74,18.98,14.68,16.29,7.04
130.45,15.54,10.64,9.54,6.74,18.98,14.68,16.29,7.04
130.46,15.54,10.64,9.54,6.74,19.01,14.70,16.29,7.06
130.47,15.56,10.64,9.54,6.74,18.96,14.68,16.31,7.04
130.48,15.54,10.65,9.55,6.74,19.01,14.68,16.29,7.04
130.49,15.54,10.65,9.52,6.74,18.98,14.68,16.29,7.04
130.50,15.54,10.64,9.54,6.74,18.98,14.68,16.31,7.04
130.51,15.56,10.65,9.54,6.74,18.98,14.68,16.29,7.05
130.52,15.56,10.64,9.54,6.74,18.98,14.68,16.27,7.05
130.53,15.54,10.64,9.54,6.74,18.98,14.68,16.29,7.04
130.54,15.54,10.64,9.54,6.74,18.98,14.70,16.29,7.04
130.55,15.54,10.64,9.55,6.74,18.96,14.72,16.29,7.03
130.56,15.54,10.64,9.54,6.74,18.98,14.68,16.29,7.05
130.57,15.54,10.64,9.54,6.74,19.01,14.70,16.29,7.04
130.58,15.54,10.64,9.52,6.74,18.98,14.68,16.29,7.05
130.59,15.54,10.64,9.52,6.74,19.01,14.68,16.29,7.05
130.60,15.54,10.64,9.54,6.74,18.98,14.70,16.27,7.04
130.61,15.54,10.62,9.52,6.74,18.98,14.72,16.29,7.04
130.62,15.54,10.62,9.54,6.74,18.98,14.68,16.29,7.04
130.63,15.56,10.64,9.52,6.74,18.98,14.68,16.27,7.06
130.64,15.56,10.64,9.54,6.73,19.01,14.70,16.27,7.04
130.65,15.54,10.64,9.52,6.74,19.01,14.70,16.31,7.05
130.66,15.54,10.65,9.54,6.74,18.96,14.68,16.27,7.04
130.67,15.56,10.64,9.54,6.74,18.98,14.68,16.29,7.05
130.68,15.52,10.62,9.52,6.74,19.01,14.68,16.29,7.05
130.69,15.54,10.62,9.55,6.74,18.98,14.70,16.29,7.04
130.70,15.56,10.64,9.52,6.74,18.96,14.68,16.29,7.05
130.71,15.52,10.64,9.55,6.74,18.98,14.68,16.29,7.04
130.72,15.54,10.65,9.52,6.74,19.01,14.70,16.29,7.04
130.73,15.54,10.64,9.54,6.74,18.98,14.70,16.29,7.04
130.74,15.56,10.64,9.54,6.74,18.96,14.68,16.29,7.04
130.75,15.54,10.64,9.54,6.74,18.98,14.70,16.31,7.04
130.76,15.56,10.65,9.55,6.74,18.96,14.68,16.29,7.04
130.77,15.54,10.65,9.55,6.74,18.96,14.72,16.29,7.05
130.78,15.54,10.64,9.54,6.74,19.01,14.70,16.31,7.04
130.79,15.54,10.65,9.55,6.74,19.01,14.70,16.29,7.04
130.80,15.54,10.62,9.54,6.74,18.98,14.68,16.29,7.04
130.81,15.54,10.64,9.54,6.74,18.98,14.68,16.29,7.05
130.82,15.54,10.64,9.54,6.74,18.96,14.70,16.31,7.05
130.83,15.54,10.62,9.52,6.74,18.96,14.70,16.29,7.05
130.84,15.56,10.64,9.54,6.74,18.96,14.68,16.29,7.04
130.85,15.54,10.64,9.55,6.74,18.98,14.70,16.27,7.04
130.86,15.56,10.64,9.54,6.74,18.98,14.68,16.29,7.05
130.87,15.54,10.62,9.54,6.74,18.98,14.68,16.29,7.04
130.88,15.56,10.62,9.55,6.74,18.96,14.68,16.29,7.04
130.89,15.54,10.64,9.54,6.74,18.98,14.68,16.31,7.05
130.90,15.54,10.65,9.54,6.74,18.96,14.68,16.31,7.06
130.91,15.54,10.64,9.55,6.74,18.96,14.70,16.27,7.04
130.92,15.52,10.64,9.55,6.74,18.98,14.68,16.31,7.04
130.93,15.54,10.64,9.54,6.74,18.98,14.68,16.31,7.05
130.94,15.56,10.64,9.54,6.74,18.96,14.70,16.29,7.04
130.95,15.56,10.64,9.54,6.74,18.98,14.68,16.31,7.04
130.96,15.56,10.64,9.54,6.74,18.96,14.68,16.29,7.04
130.97,15.54,10.65,9.52,6.74,18.96,14.70,16.29,7.04
130.98,15.54,10.64,9.54,6.74,19.01,14.70,16.29,7.04
130.99,15.54,10.64,9.54,6.74,18.96,14.70,16.29,7.04
131.00,15.56,10.64,9.52,6.74,18.98,14.68,16.31,7.06
131.01,15.56,10.64,9.54,6.74,18.96,14.70,16.29,7.04
131.02,15.54,10.62,9.52,6.74,18.98,14.68,16.29,7.04
131.03,15.54,10.64,9.55,6.74,18.96,14.68,16.27,7.05
131.04,15.54,10.62,9.54,6.74,18.96,14.68,16.29,7.05
131.05,15.54,10.64,9.54,6.74,18.98,14.68,16.29,7.04
131.06,15.56,10.65,9.54,6.74,18.96,14.68,16.29,7.04
131.07,15.54,10.62,9.54,6.74,18.98,14.72,16.29,7.04
131.08,15.54,10.62,9.54,6.74,18.98,14.68,16.29,7.04
131.09,15.56,10.64,9.54,6.74,18.96,14.68,16.29,7.04
131.10,15.56,10.62,9.54,6.73,19.01,14.68,16.34,7.05
131.11,15.54,10.62,9.54,6.74,18.98,14.68,16.29,7.05
131.12,15.54,10.64,9.52,6.74,18.98,14.70,16.29,7.04
131.13,15.56,10.61,9.54,6.74,18.98,14.68,16.29,7.04
131.14,15.54,10.64,9.55,6.74,18.98,14.68,16.31,7.04
131.15,15.54,10.64,9.54,6.74,18.96,14.72,16.31,7.04
131.16,15.54,10.64,9.52,6.74,18.96,14.68,16.31,7.05
131.17,15.56,10.62,9.55,6.74,18.98,14.68,16.29,7.04
131.18,15.56,10.64,9.52,6.74,18.98,14.68,16.29,7.04
131.19,15.54,10.62,9.52,6.74,18.96,14.70,16.29,7.05
131.20,15.56,10.65,9.52,6.74,18.96,14.68,16.27,7.04
131.21,15.54,10.64,9.54,6.74,18.98,14.68,16.29,7.05
131.22,15.54,10.62,9.54,6.74,19.01,14.68,16.29,7.04
131.23,15.56,10.62,9.55,6.74,18.98,14.68,16.27,7.05
131.24,15.54,10.62,9.54,6.74,18.96,14.68,16.29,7.04
131.25,15.56,10.65,9.54,6.74,18.98,14.68,16.31,7.04
131.26,15.56,10.64,9.52,6.74,18.96,14.68,16.27,7.04
131.27,15.54,10.64,9.55,6.74,18.98,14.70,16.31,7.04
131.28,15.52,10.62,9.55,6.74,18.98,14.70,16.27,7.05
131.29,15.56,10.62,9.52,6.74,18.96,14.68,16.29,7.04
131.30,15.54,10.64,9.55,6.74,18.98,14.70,16.29,7.04
131.31,15.54,10.64,9.55,6.74,18.96,14.68,16.27,7.04
131.32,15.54,10.64,9.54,6.74,18.98,14.68,16.29,7.04
131.33,15.54,10.64,9.52,6.74,18.96,14.68,16.29,7.05
131.34,15.56,10.65,9.52,6.74,19.01,14.68,16.31,7.04
131.35,15.56,10.64,9.54,6.74,18.96,14.68,16.29,7.04
131.36,15.54,10.64,9.54,6.74,18.96,14.68,16.27,7.05
131.37,15.54,10.62,9.52,6.74,18.98,14.70,16.29,7.04
131.38,15.54,10.64,9.54,6.74,18.98,14.68,16.31,7.04
131.39,15.54,10.64,9.54,6.74,18.96,14.70,16.29,7.04
131.40,15.56,10.65,9.54,6.74,18.98,14.68,16.31,7.05
131.41,15.54,10.62,9.54,6.74,18.96,14.70,16.34,7.04
131.42,15.54,10.64,9.54,6.74,18.98,14.68,16.27,7.05
131.43,15.56,10.62,9.54,6.74,18.96,14.72,16.29,7.05
131.44,15.56,10.62,9.54,6.74,18.98,14.68,16.29,7.04
131.45,15.56,10.62,9.54,6.74,18.98,14.68,16.29,7.04
131.46,15.56,10.62,9.52,6.74,18.98,14.68,16.31,7.04
131.47,15.56,10.62,9.52,6.74,18.98,14.68,16.29,7.05
131.48,15.54,10.62,9.55,6.74,18.96,14.72,16.31,7.04
131.49,15.56,10.64,9.52,6.74,18.98,14.70,16.29,7.05
131.50,15.54,10.64,9.55,6.74,19.01,14.70,16.31,7.05
131.51,15.54,10.62,9.54,6.74,18.96,14.68,16.29,7.04
131.52,15.56,10.64,9.55,6.74,18.96,14.68,16.31,7.04
131.53,15.54,10.64,9.54,6.74,18.98,14.68,16.29,7.04
131.54,15.56,10.64,9.52,6.74,18.98,14.68,16.29,7.04
131.55,15.56,10.64,9.54,6.74,18.98,14.68,16.31,7.04
131.56,15.56,10.64,9.54,6.74,18.98,14.68,16.29,7.04
131.57,15.54,10.62,9.55,6.74,18.98,14.68,16.31,7.05
131.58,15.56,10.64,9.52,6.74,18.96,14.70,16.29,7.04
131.59,15.54,10.62,9.54,6.74,18.96,14.68,16.29,7.04
131.60,15.54,10.64,9.55,6.74,18.96,14.68,16.27,7.04
131.61,15.54,10.64,9.54,6.74,18.98,14.68,16.31,7.04
131.62,15.56,10.64,9.52,6.74,18.98,14.68,16.29,7.04
131.63,15.59,10.64,9.54,6.74,18.96,14.68,16.29,7.03
131.64,15.54,10.64,9.55,6.74,18.98,14.68,16.27,7.04
131.65,15.56,10.64,9.54,6.74,18.96,14.68,16.29,7.04
131.66,15.56,10.64,9.54,6.74,18.98,14.68,16.29,7.04
131.67,15.56,10.65,9.52,6.74,18.96,14.70,16.29,7.04
131.68,15.54,10.62,9.54,6.73,18.98,14.68,16.29,7.04
131.69,15.56,10.64,9.52,6.74,18.98,14.68,16.31,7.04
131.70,15.54,10.64,9.55,6.74,18.96,14.68,16.29,7.04
131.71,15.56,10.64,9.54,6.74,18.96,14.68,16.31,7.05
131.72,15.56,10.64,9.54,6.74,18.96,14.68,16.31,7.06
131.73,15.54,10.64,9.55,6.74,18.98,14.68,16.31,7.04
131.74,15.56,10.65,9.54,6.74,18.96,14.72,16.29,7.05
131.75,15.56,10.62,9.54,6.74,18.96,14.68,16.27,7.04
131.76,15.56,10.64,9.54,6.74,18.96,14.70,16.29,7.05
131.77,15.56,10.62,9.54,6.74,18.96,14.68,16.29,7.04
131.78,15.56,10.64,9.54,6.74,18.98,14.70,16.31,7.04
131.79,15.54,10.64,9.54,6.74,18.98,14.68,16.31,7.04
131.80,15.56,10.62,9.52,6.75,18.98,14.70,16.29,7.04
131.81,15.56,10.64,9.54,6.74,18.98,14.68,16.29,7.04
131.82,15.54,10.64,9.55,6.74,18.98,14.70,16.29,7.04
131.83,15.54,10.64,9.55,6.74,18.96,14.70,16.29,7.04
131.84,15.56,10.64,9.54,6.74,18.98,14.70,16.31,7.04
131.85,15.56,10.64,9.54,6.74,18.98,14.68,16.29,7.04
131.86,15.56,10.65,9.55,6.74,18.98,14.68,16.29,7.04
131.87,15.56,10.65,9.55,6.74,19.01,14.70,16.29,7.04
131.88,15.56,10.64,9.54,6.74,18.98,14.68,16.29,7.04
131.89,15.54,10.64,9.54,6.74,18.96,14.70,16.31,7.04
131.90,15.56,10.64,9.54,6.75,18.96,14.68,16.29,7.04
131.91,15.56,10.64,9.54,6.74,18.96,14.68,16.29,7.05
131.92,15.54,10.64,9.54,6.73,19.01,14.68,16.29,7.04
131.93,15.56,10.62,9.54,6.74,18.98,14.68,16.29,7.04
131.94,15.56,10.64,9.54,6.74,18.96,14.68,16.31,7.04
131.95,15.56,10.64,9.54,6.74,18.98,14.70,16.29,7.05
131.96,15.56,10.64,9.55,6.74,18.98,14.68,16.31,7.05
131.97,15.56,10.64,9.52,6.74,18.98,14.68,16.31,7.04
131.98,15.54,10.64,9.54,6.74,18.98,14.70,16.29,7.04
131.99,15.56,10.64,9.54,6.74,18.98,14.68,16.29,7.05
132.00,15.56,10.65,9.54,6.74,18.98,14.70,16.27,7.04
132.01,15.56,10.64,9.55,6.74,19.01,14.70,16.29,7.04
132.02,15.56,10.64,9.55,6.74,18.96,14.68,16.31,7.04
132.03,15.54,10.62,9.54,6.74,18.98,14.68,16.31,7.04
132.04,15.56,10.64,9.55,6.74,18.96,14.68,16.31,7.04
132.05,15.56,10.64,9.55,6.74,18.98,14.70,16.27,7.05
132.06,15.54,10.64,9.54,6.74,18.98,14.68,16.29,7.05
132.07,15.56,10.65,9.54,6.74,18.96,14.72,16.29,7.04
132.08,15.56,10.64,9.54,6.74,18.96,14.68,16.29,7.04
132.09,15.56,10.64,9.55,6.74,18.98,14.68,16.31,7.04
132.10,15.56,10.64,9.54,6.74,18.98,14.70,16.29,7.04
132.11,15.56,10.64,9.54,6.74,19.01,14.68,16.29,7.05
132.12,15.56,10.64,9.54,6.74,18.96,14.68,16.29,7.05
132.13,15.56,10.64,9.55,6.74,18.96,14.68,16.31,7.04
132.14,15.56,10.65,9.54,6.74,18.96,14.68,16.31,7.04
132.15,15.56,10.64,9.52,6.74,18.96,14.70,16.31,7.04
132.16,15.56,10.64,9.54,6.74,18.96,14.68,16.29,7.04
132.17,15.54,10.64,9.55,6.74,18.98,14.68,16.31,7.05
132.18,15.56,10.64,9.52,6.74,18.98,14.70,16.27,7.03
132.19,15.54,10.64,9.52,6.74,18.98,14.68,16.31,7.04
132.20,15.56,10.64,9.54,6.74,19.01,14.70,16.29,7.04
132.21,15.56,10.64,9.55,6.75,18.96,14.68,16.29,7.04
132.22,15.56,10.62,9.55,6.74,18.96,14.68,16.29,7.04
132.23,15.54,10.64,9.55,6.74,18.96,14.68,16.31,7.04
132.24,15.56,10.64,9.54,6.74,18.98,14.68,16.29,7.05
132.25,15.56,10.64,9.54,6.73,18.96,14.70,16.29,7.04
132.26,15.56,10.65,9.55,6.74,18.98,14.70,16.31,7.04
132.27,15.56,10.62,9.55,6.74,19.01,14.68,16.31,7.05
132.28,15.56,10.64,9.54,6.74,18.98,14.70,16.31,7.05
132.29,15.56,10.65,9.54,6.74,18.98,14.68,16.29,7.04
132.30,15.56,10.64,9.54,6.74,18.96,14.70,16.31,7.04
132.31,15.56,10.64,9.54,6.74,18.98,14.70,16.31,7.05
132.32,15.56,10.64,9.54,6.74,18.98,14.68,16.31,7.04
132.33,15.56,10.64,9.55,6.74,19.01,14.70,16.31,7.05
132.34,15.54,10.64,9.52,6.74,18.98,14.68,16.29,7.03
132.35,15.56,10.64,9.52,6.74,19.01,14.70,16.29,7.04
132.36,15.56,10.65,9.55,6.74,18.96,14.70,16.29,7.04
132.37,15.56,10.64,9.54,6.74,18.96,14.68,16.31,7.03
132.38,15.56,10.64,9.54,6.74,18.98,14.68,16.31,7.04
132.39,15.56,10.64,9.54,6.74,18.96,14.68,16.29,7.05
132.40,15.56,10.62,9.54,6.74,18.96,14.70,16.29,7.05
132.41,15.56,10.64,9.54,6.74,18.98,14.68,16.29,7.04
132.42,15.56,10.64,9.55,6.74,18.98,14.68,16.29,7.04
132.43,15.54,10.64,9.55,6.74,18.98,14.72,16.29,7.04
132.44,15.56,10.65,9.54,6.74,18.96,14.68,16.29,7.05
132.45,15.56,10.64,9.54,6.74,18.98,14.68,16.29,7.05
132.46,15.56,10.65,9.55,6.74,18.96,14.68,16.31,7.05
132.47,15.56,10.65,9.54,6.74,18.98,14.70,16.29,7.04
132.48,15.56,10.62,9.54,6.74,18.96,14.68,16.29,7.04
132.49,15.56,10.62,9.52,6.74,18.98,14.68,16.31,7.04
132.50,15.56,10.65,9.54,6.74,18.98,14.70,16.31,7.05
132.51,15.56,10.64,9.54,6.75,18.98,14.68,16.29,7.05
132.52,15.56,10.64,9.54,6.75,18.98,14.68,16.29,7.04
132.53,15.56,10.64,9.54,6.74,18.96,14.70,16.34,7.05
132.54,15.56,10.65,9.54,6.74,18.98,14.68,16.31,7.05
132.55,15.56,10.64,9.55,6.74,18.98,14.68,16.29,7.04
132.56,15.56,10.65,9.54,6.74,18.98,14.68,16.31,7.04
132.57,15.56,10.64,9.55,6.74,18.98,14.68,16.29,7.04
132.58,15.54,10.64,9.55,6.74,19.01,14.68,16.31,7.05
132.59,15.59,10.64,9.55,6.74,19.01,14.68,16.31,7.04
132.60,15.56,10.64,9.54,6.74,18.98,14.68,16.29,7.05
132.61,15.56,10.64,9.55,6.74,19.01,14.68,16.31,7.04
132.62,15.56,10.64,9.54,6.74,18.96,14.68,16.31,7.04
132.63,15.56,10.65,9.55,6.74,19.01,14.72,16.29,7.05
132.64,15.56,10.65,9.54,6.74,18.96,14.70,16.29,7.04
132.65,15.56,10.62,9.55,6.74,18.98,14.70,16.34,7.04
132.66,15.56,10.64,9.54,6.74,18.98,14.68,16.31,7.05
132.67,15.56,10.64,9.55,6.74,19.01,14.70,16.31,7.05
132.68,15.56,10.64,9.55,6.74,18.98,14.68,16.29,7.04
132.69,15.56,10.64,9.55,6.74,18.98,14.68,16.31,7.04
132.70,15.56,10.64,9.55,6.74,18.98,14.68,16.29,7.04
132.71,15.56,10.64,9.54,6.74,18.98,14.70,16.29,7.04
132.72,15.56,10.65,9.55,6.75,18.98,14.70,16.31,7.04
132.73,15.56,10.64,9.55,6.74,18.98,14.70,16.31,7.04
132.74,15.56,10.65,9.55,6.74,19.01,14.70,16.29,7.04
132.75,15.59,10.64,9.54,6.74,18.98,14.68,16.29,7.04
132.76,15.56,10.65,9.55,6.74,19.01,14.70,16.29,7.04
132.77,15.56,10.64,9.54,6.74,18.98,14.70,16.31,7.04
132.78,15.56,10.65,9.55,6.74,18.98,14.68,16.34,7.05
132.79,15.56,10.65,9.56,6.75,18.98,14.70,16.31,7.06
132.80,15.56,10.64,9.55,6.74,19.01,14.70,16.31,7.05
132.81,15.56,10.64,9.55,6.74,18.98,14.68,16.29,7.04
132.82,15.56,10.64,9.54,6.74,18.98,14.70,16.31,7.05
132.83,15.56,10.65,9.55,6.74,19.01,14.68,16.31,7.04
132.84,15.56,10.64,9.54,6.74,18.96,14.68,16.29,7.04
132.85,15.56,10.64,9.54,6.74,19.01,14.68,16.31,7.04
132.86,15.56,10.64,9.55,6.74,18.98,14.70,16.29,7.04
132.87,15.56,10.64,9.55,6.74,18.98,14.72,16.31,7.05
132.88,15.56,10.64,9.55,6.74,19.01,14.68,16.29,7.05
132.89,15.56,10.64,9.54,6.74,18.98,14.68,16.29,7.05
132.90,15.56,10.65,9.54,6.74,18.98,14.72,16.31,7.04
132.91,15.56,10.64,9.52,6.74,18.98,14.68,16.31,7.04
132.92,15.59,10.65,9.54,6.74,18.98,14.68,16.29,7.06
132.93,15.56,10.64,9.55,6.74,18.98,14.70,16.31,7.04
132.94,15.59,10.65,9.54,6.74,18.98,14.68,16.29,7.04
132.95,15.56,10.64,9.55,6.74,18.98,14.70,16.29,7.04
132.96,15.59,10.64,9.54,6.75,18.98,14.70,16.29,7.05
132.97,15.56,10.64,9.55,6.74,19.01,14.68,16.29,7.04
132.98,15.56,10.64,9.55,6.74,18.98,14.68,16.29,7.06
132.99,15.56,10.64,9.55,6.75,18.98,14.70,16.29,7.06
133.00,15.56,10.64,9.55,6.74,18.98,14.72,16.31,7.04
133.01,15.56,10.64,9.55,6.75,18.98,14.68,16.31,7.05
133.02,15.56,10.64,9.55,6.74,18.98,14.68,16.31,7.04
133.03,15.56,10.64,9.55,6.74,18.98,14.70,16.29,7.06
133.04,15.56,10.65,9.54,6.74,19.01,14.70,16.31,7.05
133.05,15.56,10.65,9.54,6.75,19.01,14.72,16.31,7.04
133.06,15.56,10.64,9.54,6.75,18.98,14.68,16.31,7.05
133.07,15.59,10.64,9.54,6.74,18.98,14.68,16.31,7.04
133.08,15.56,10.64,9.55,6.75,18.98,14.68,16.31,7.06
133.09,15.56,10.64,9.55,6.74,18.98,14.68,16.31,7.06
133.10,15.59,10.64,9.55,6.74,19.01,14.70,16.31,7.04
133.11,15.56,10.64,9.54,6.74,19.01,14.68,16.31,7.05
133.12,15.56,10.64,9.55,6.74,19.01,14.70,16.34,7.05
133.13,15.56,10.65,9.54,6.74,18.98,14.68,16.31,7.05
133.14,15.56,10.65,9.54,6.74,18.98,14.68,16.31,7.04
133.15,15.56,10.64,9.55,6.75,19.01,14.68,16.31,7.05
133.16,15.59,10.64,9.55,6.74,18.98,14.68,16.31,7.05
133.17,15.56,10.64,9.54,6.74,18.98,14.68,16.31,7.05
133.18,15.56,10.64,9.55,6.74,18.98,14.68,16.31,7.04
133.19,15.56,10.64,9.56,6.74,18.98,14.70,16.29,7.06
133.20,15.56,10.64,9.55,6.74,18.96,14.70,16.29,7.05
133.21,15.56,10.64,9.54,6.75,19.01,14.68,16.31,7.05
133.22,15.59,10.64,9.55,6.74,18.98,14.68,16.31,7.04
133.23,15.59,10.64,9.54,6.74,18.98,14.68,16.31,7.04
133.24,15.56,10.64,9.54,6.74,19.01,14.70,16.31,7.04
133.25,15.56,10.64,9.55,6.74,18.98,14.72,16.29,7.04
133.26,15.56,10.64,9.55,6.74,19.01,14.70,16.29,7.05
133.27,15.59,10.64,9.55,6.74,18.98,14.70,16.29,7.06
133.28,15.59,10.64,9.55,6.75,18.98,14.70,16.34,7.04
133.29,15.56,10.64,9.55,6.74,18.98,14.70,16.29,7.05
133.30,15.56,10.64,9.54,6.74,18.98,14.70,16.29,7.05
133.31,15.56,10.64,9.54,6.74,18.98,14.70,16.31,7.04
133.32,15.56,10.65,9.54,6.74,18.98,14.72,16.31,7.05
133.33,15.59,10.64,9.54,6.74,18.98,14.68,16.31,7.04
133.34,15.56,10.64,9.55,6.74,18.98,14.70,16.31,7.04
133.35,15.56,10.64,9.54,6.74,18.98,14.68,16.31,7.05
133.36,15.56,10.64,9.55,6.74,18.98,14.70,16.34,7.05
133.37,15.56,10.65,9.55,6.74,18.98,14.68,16.31,7.05
133.38,15.59,10.65,9.52,6.74,18.98,14.68,16.29,7.05
133.39,15.56,10.64,9.55,6.75,18.98,14.70,16.31,7.05
133.40,15.59,10.64,9.54,6.74,18.98,14.68,16.31,7.04
133.41,15.56,10.64,9.55,6.75,18.98,14.68,16.29,7.06
133.42,15.56,10.66,9.54,6.74,18.96,14.70,16.29,7.04
133.43,15.56,10.64,9.55,6.74,18.98,14.70,16.31,7.04
133.44,15.56,10.64,9.55,6.75,18.98,14.68,16.31,7.04
133.45,15.56,10.65,9.55,6.74,18.96,14.68,16.31,7.06
133.46,15.56,10.64,9.55,6.74,18.98,14.68,16.31,7.06
133.47,15.59,10.65,9.55,6.74,18.98,14.70,16.31,7.04
133.48,15.56,10.64,9.54,6.75,18.98,14.72,16.31,7.04
133.49,15.56,10.65,9.56,6.75,18.98,14.70,16.34,7.04
133.50,15.56,10.64,9.54,6.74,18.98,14.68,16.34,7.05
133.51,15.56,10.64,9.54,6.74,18.98,14.68,16.31,7.05
133.52,15.56,10.64,9.55,6.74,18.98,14.70,16.31,7.04
133.53,15.56,10.64,9.54,6.75,18.98,14.68,16.31,7.04
133.54,15.59,10.65,9.55,6.75,18.98,14.70,16.29,7.04
133.55,15.56,10.64,9.55,6.74,18.98,14.68,16.31,7.04
133.56,15.56,10.65,9.54,6.75,18.98,14.70,16.34,7.05
133.57,15.59,10.64,9.54,6.75,18.98,14.70,16.31,7.04
133.58,15.56,10.64,9.55,6.74,18.96,14.70,16.31,7.06
133.59,15.54,10.64,9.55,6.74,18.98,14.68,16.31,7.05
133.60,15.54,10.64,9.55,6.74,18.98,14.68,16.29,7.05
133.61,15.56,10.64,9.54,6.75,19.01,14.70,16.31,7.05
133.62,15.56,10.64,9.55,6.74,18.98,14.68,16.34,7.04
133.63,15.59,10.64,9.54,6.75,18.98,14.70,16.31,7.05
133.64,15.59,10.64,9.54,6.74,18.98,14.72,16.31,7.04
133.65,15.59,10.65,9.55,6.75,18.98,14.70,16.31,7.06
133.66,15.59,10.65,9.55,6.74,18.98,14.70,16.31,7.05
133.67,15.56,10.65,9.55,6.74,18.98,14.68,16.31,7.04
133.68,15.59,10.65,9.55,6.74,18.98,14.70,16.29,7.05
133.69,15.56,10.64,9.54,6.74,19.01,14.70,16.31,7.05
133.70,15.56,10.65,9.55,6.74,19.01,14.70,16.31,7.05
133.71,15.59,10.64,9.54,6.75,19.01,14.70,16.31,7.05
133.72,15.59,10.66,9.54,6.74,18.98,14.68,16.31,7.06
133.73,15.59,10.64,9.55,6.75,18.96,14.68,16.31,7.05
133.74,15.56,10.64,9.55,6.75,18.98,14.68,16.31,7.05
133.75,15.56,10.65,9.54,6.74,18.98,14.68,16.31,7.05
133.76,15.59,10.64,9.54,6.74,18.98,14.70,16.31,7.05
133.77,15.59,10.64,9.55,6.74,19.01,14.70,16.31,7.05
133.78,15.56,10.64,9.54,6.74,19.01,14.70,16.34,7.04
133.79,15.56,10.64,9.55,6.74,19.01,14.68,16.27,7.04
133.80,15.56,10.64,9.55,6.74,19.01,14.68,16.34,7.05
133.81,15.59,10.65,9.54,6.74,18.98,14.68,16.31,7.04
133.82,15.56,10.64,9.55,6.74,18.98,14.70,16.31,7.05
133.83,15.56,10.64,9.55,6.74,19.01,14.70,16.34,7.05
133.84,15.56,10.64,9.55,6.74,18.98,14.70,16.31,7.04
133.85,15.56,10.64,9.54,6.74,19.01,14.68,16.34,7.05
133.86,15.56,10.64,9.55,6.74,18.98,14.70,16.31,7.05
133.87,15.56,10.66,9.55,6.74,19.01,14.70,16.31,7.05
133.88,15.56,10.65,9.55,6.75,19.01,14.68,16.31,7.04
133.89,15.59,10.65,9.54,6.74,19.01,14.68,16.31,7.05
133.90,15.59,10.65,9.55,6.74,19.01,14.68,16.29,7.05
133.91,15.59,10.64,9.56,6.74,19.01,14.68,16.31,7.05
133.92,15.56,10.64,9.55,6.74,18.98,14.70,16.31,7.04
133.93,15.56,10.65,9.55,6.74,18.98,14.70,16.34,7.04
133.94,15.59,10.64,9.55,6.75,18.96,14.68,16.29,7.05
133.95,15.59,10.64,9.55,6.74,19.01,14.68,16.31,7.04
133.96,15.56,10.64,9.54,6.74,18.98,14.70,16.31,7.05
133.97,15.59,10.65,9.54,6.74,18.98,14.68,16.34,7.06
133.98,15.56,10.64,9.56,6.75,18.98,14.70,16.31,7.04
133.99,15.56,10.65,9.55,6.75,19.01,14.70,16.29,7.04
134.00,15.56,10.64,9.55,6.74,18.98,14.70,16.31,7.05
134.01,15.56,10.64,9.55,6.74,19.01,14.70,16.34,7.05
134.02,15.56,10.64,9.55,6.74,18.96,14.68,16.34,7.04
134.03,15.59,10.65,9.54,6.75,19.01,14.68,16.31,7.06
134.04,15.56,10.64,9.54,6.74,19.01,14.72,16.34,7.05
134.05,15.56,10.64,9.55,6.74,19.01,14.68,16.29,7.05
134.06,15.56,10.64,9.55,6.74,19.01,14.70,16.31,7.04
134.07,15.56,10.64,9.55,6.75,18.98,14.68,16.31,7.05
134.08,15.59,10.64,9.55,6.75,18.96,14.68,16.31,7.06
134.09,15.56,10.65,9.54,6.74,18.98,14.72,16.31,7.04
134.10,15.59,10.64,9.54,6.74,18.98,14.68,16.31,7.05
134.11,15.56,10.64,9.55,6.74,19.01,14.70,16.29,7.05
134.12,15.56,10.64,9.55,6.74,19.01,14.70,16.31,7.04
134.13,15.56,10.64,9.55,6.74,18.98,14.72,16.31,7.04
134.14,15.59,10.64,9.55,6.75,18.98,14.68,16.31,7.04
134.15,15.56,10.64,9.55,6.75,18.98,14.68,16.31,7.05
134.16,15.59,10.64,9.54,6.74,19.01,14.70,16.34,7.05
134.17,15.56,10.64,9.55,6.75,18.98,14.68,16.31,7.05
134.18,15.56,10.64,9.54,6.75,18.98,14.70,16.31,7.05
134.19,15.59,10.65,9.56,6.74,18.98,14.70,16.34,7.04
134.20,15.59,10.64,9.55,6.74,18.98,14.70,16.31,7.04
134.21,15.56,10.64,9.55,6.75,18.96,14.70,16.31,7.05
134.22,15.56,10.64,9.56,6.75,18.98,14.72,16.29,7.04
134.23,15.56,10.64,9.55,6.74,18.98,14.70,16.31,7.04
134.24,15.56,10.64,9.55,6.75,19.01,14.70,16.31,7.05
134.25,15.56,10.64,9.54,6.74,18.98,14.70,16.31,7.04
134.26,15.59,10.64,9.55,6.74,18.98,14.68,16.31,7.04
134.27,15.56,10.64,9.54,6.74,18.98,14.70,16.31,7.05
134.28,15.56,10.65,9.55,6.74,18.98,14.68,16.29,7.05
134.29,15.59,10.66,9.55,6.74,18.98,14.68,16.34,7.04
134.30,15.56,10.64,9.55,6.74,18.98,14.70,16.34,7.06
134.31,15.56,10.64,9.56,6.75,18.98,14.70,16.31,7.04
134.32,15.59,10.64,9.55,6.74,19.01,14.70,16.31,7.05
134.33,15.56,10.65,9.55,6.74,18.98,14.68,16.34,7.06
134.34,15.56,10.62,9.55,6.75,18.98,14.68,16.34,7.04
134.35,15.59,10.65,9.55,6.74,19.01,14.70,16.31,7.06
134.36,15.56,10.64,9.55,6.74,18.98,14.70,16.29,7.05
134.37,15.56,10.64,9.55,6.74,18.98,14.68,16.31,7.05
134.38,15.54,10.64,9.55,6.74,18.98,14.70,16.34,7.05
134.39,15.56,10.64,9.55,6.74,19.01,14.70,16.31,7.05
134.40,15.59,10.64,9.55,6.74,19.01,14.68,16.31,7.05
134.41,15.56,10.65,9.54,6.74,18.98,14.68,16.31,7.05
134.42,15.56,10.64,9.55,6.74,18.98,14.68,16.31,7.04
134.43,15.56,10.64,9.55,6.74,18.98,14.72,16.31,7.06
134.44,15.59,10.65,9.55,6.75,19.01,14.68,16.31,7.04
134.45,15.56,10.64,9.54,6.75,18.98,14.68,16.31,7.05
134.46,15.56,10.65,9.56,6.74,19.01,14.68,16.31,7.05
134.47,15.56,10.64,9.55,6.74,19.01,14.70,16.29,7.05
134.48,15.56,10.65,9.55,6.74,19.01,14.70,16.31,7.06
134.49,15.54,10.64,9.55,6.74,18.98,14.68,16.31,7.05
134.50,15.56,10.65,9.55,6.74,19.01,14.68,16.29,7.05
134.51,15.59,10.64,9.55,6.74,18.98,14.68,16.31,7.05
134.52,15.56,10.64,9.55,6.74,18.98,14.68,16.31,7.06
134.53,15.56,10.62,9.55,6.75,18.98,14.68,16.31,7.05
134.54,15.56,10.64,9.55,6.74,18.98,14.70,16.31,7.04
134.55,15.59,10.64,9.54,6.75,18.98,14.70,16.31,7.05
134.56,15.59,10.65,9.55,6.74,18.98,14.70,16.31,7.06
134.57,15.56,10.65,9.55,6.74,18.98,14.70,16.31,7.05
134.58,15.56,10.65,9.54,6.75,18.98,14.68,16.29,7.05
134.59,15.56,10.65,9.55,6.75,18.98,14.68,16.31,7.05
134.60,15.56,10.64,9.54,6.74,19.01,14.68,16.31,7.04
134.61,15.59,10.65,9.55,6.74,18.98,14.68,16.34,7.05
134.62,15.56,10.65,9.55,6.75,19.01,14.68,16.34,7.04
134.63,15.59,10.64,9.54,6.74,18.98,14.72,16.31,7.05
134.64,15.56,10.65,9.55,6.74,19.01,14.70,16.31,7.06
134.65,15.56,10.65,9.56,6.75,18.98,14.72,16.34,7.05
134.66,15.56,10.65,9.55,6.75,18.98,14.68,16.31,7.05
134.67,15.59,10.65,9.55,6.75,18.98,14.70,16.31,7.06
134.68,15.56,10.65,9.55,6.75,18.98,14.68,16.31,7.05
134.69,15.59,10.64,9.55,6.75,18.98,14.68,16.31,7.05
134.70,15.56,10.65,9.55,6.74,18.98,14.68,16.34,7.04
134.71,15.56,10.64,9.55,6.74,18.98,14.70,16.31,7.05
134.72,15.56,10.65,9.55,6.74,18.98,14.72,16.31,7.06
134.73,15.56,10.64,9.55,6.74,18.98,14.70,16.31,7.05
134.74,15.56,10.64,9.55,6.75,19.01,14.70,16.31,7.06
134.75,15.56,10.64,9.55,6.74,18.98,14.70,16.31,7.06
134.76,15.56,10.64,9.54,6.75,19.01,14.70,16.31,7.04
134.77,15.56,10.64,9.54,6.74,19.01,14.70,16.31,7.05
134.78,15.56,10.66,9.55,6.75,18.98,14.68,16.29,7.06
134.79,15.59,10.65,9.54,6.74,19.01,14.68,16.31,7.05
134.80,15.56,10.64,9.55,6.74,18.98,14.68,16.31,7.05
134.81,15.59,10.65,9.54,6.74,18.98,14.70,16.29,7.06
134.82,15.59,10.64,9.55,6.74,19.01,14.68,16.34,7.06
134.83,15.56,10.64,9.55,6.74,18.98,14.68,16.31,7.05
134.84,15.56,10.65,9.56,6.74,19.01,14.70,16.31,7.05
134.85,15.56,10.64,9.54,6.74,18.98,14.70,16.29,7.06
134.86,15.56,10.64,9.55,6.75,18.98,14.68,16.34,7.05
134.87,15.59,10.64,9.54,6.74,19.01,14.70,16.31,7.05
134.88,15.56,10.65,9.55,6.75,18.98,14.68,16.29,7.06
134.89,15.56,10.64,9.54,6.75,18.98,14.68,16.31,7.05
134.90,15.56,10.64,9.55,6.75,19.01,14.68,16.34,7.06
134.91,15.56,10.64,9.55,6.74,18.98,14.68,16.31,7.04
134.92,15.59,10.65,9.55,6.74,18.98,14.68,16.34,7.05
134.93,15.56,10.64,9.55,6.75,18.98,14.68,16.29,7.05
134.94,15.56,10.65,9.54,6.75,19.01,14.72,16.34,7.05
134.95,15.59,10.65,9.55,6.75,18.98,14.70,16.29,7.05
134.96,15.56,10.64,9.54,6.75,18.98,14.72,16.31,7.06
134.97,15.56,10.65,9.55,6.75,18.98,14.68,16.34,7.05
134.98,15.56,10.64,9.54,6.74,18.98,14.70,16.31,7.05
134.99,15.56,10.64,9.54,6.74,19.01,14.68,16.31,7.06
135.00,15.59,10.64,9.56,6.75,18.98,14.68,16.34,7.05
135.01,15.56,10.64,9.55,6.74,19.01,14.68,16.34,7.04
135.02,15.56,10.64,9.54,6.74,18.96,14.68,16.34,7.05
135.03,15.56,10.64,9.55,6.75,18.96,14.68,16.31,7.05
135.04,15.56,10.64,9.55,6.75,18.98,14.70,16.31,7.06
135.05,15.59,10.64,9.54,6.74,18.96,14.68,16.29,7.04
135.06,15.56,10.65,9.54,6.75,18.96,14.68,16.29,7.06
135.07,15.59,10.64,9.55,6.74,18.98,14.70,16.31,7.05
135.08,15.56,10.64,9.55,6.75,18.98,14.68,16.29,7.05
135.09,15.59,10.64,9.55,6.75,19.01,14.68,16.31,7.04
135.10,15.56,10.64,9.55,6.75,18.98,14.68,16.29,7.06
135.11,15.56,10.65,9.54,6.74,18.96,14.68,16.31,7.05
135.12,15.56,10.62,9.55,6.75,18.98,14.68,16.31,7.05
135.13,15.56,10.64,9.54,6.75,18.98,14.68,16.34,7.05
135.14,15.56,10.64,9.55,6.75,18.98,14.68,16.31,7.05
135.15,15.59,10.64,9.55,6.75,18.98,14.68,16.31,7.05
135.16,15.59,10.65,9.55,6.74,18.96,14.72,16.31,7.05
135.17,15.56,10.64,9.55,6.75,18.98,14.68,16.31,7.06
135.18,15.56,10.64,9.55,6.75,18.98,14.68,16.31,7.05
135.19,15.59,10.64,9.55,6.75,18.98,14.68,16.31,7.05
135.20,15.56,10.64,9.55,6.75,18.98,14.68,16.31,7.05
135.21,15.59,10.65,9.55,6.75,18.98,14.68,16.34,7.06
135.22,15.56,10.64,9.55,6.74,18.98,14.68,16.29,7.04
135.23,15.56,10.64,9.55,6.74,18.96,14.68,16.31,7.05
135.24,15.56,10.64,9.54,6.75,19.01,14.72,16.31,7.04
135.25,15.56,10.64,9.54,6.74,18.98,14.68,16.31,7.05
135.26,15.59,10.64,9.54,6.75,18.98,14.70,16.31,7.04
135.27,15.56,10.64,9.54,6.74,18.98,14.68,16.29,7.05
135.28,15.56,10.64,9.56,6.75,19.01,14.68,16.29,7.04
135.29,15.56,10.65,9.54,6.75,19.01,14.72,16.31,7.05
135.30,15.59,10.65,9.54,6.74,19.01,14.68,16.31,7.05
135.31,15.56,10.64,9.54,6.74,18.98,14.68,16.29,7.04
135.32,15.56,10.64,9.55,6.75,18.98,14.68,16.31,7.05
135.33,15.56,10.64,9.54,6.75,18.98,14.68,16.29,7.05
135.34,15.59,10.65,9.55,6.75,19.01,14.70,16.29,7.06
135.35,15.56,10.64,9.55,6.75,18.98,14.68,16.31,7.04
135.36,15.56,10.64,9.55,6.75,18.98,14.68,16.31,7.05
135.37,15.56,10.65,9.54,6.74,18.98,14.68,16.34,7.05
135.38,15.56,10.64,9.55,6.74,18.98,14.68,16.34,7.06
135.39,15.56,10.64,9.55,6.75,18.96,14.68,16.31,7.04
135.40,15.56,10.64,9.55,6.76,18.98,14.70,16.29,7.05
135.41,15.56,10.64,9.55,6.75,19.01,14.70,16.29,7.05
135.42,15.56,10.64,9.56,6.74,18.98,14.68,16.31,7.06
135.43,15.56,10.65,9.54,6.75,18.98,14.68,16.31,7.06
135.44,15.56,10.65,9.55,6.74,18.96,14.68,16.34,7.05
135.45,15.56,10.64,9.54,6.75,18.98,14.68,16.31,7.05
135.46,15.56,10.65,9.55,6.75,18.96,14.70,16.31,7.05
135.47,15.56,10.65,9.55,6.74,18.98,14.68,16.31,7.05
135.48,15.56,10.65,9.54,6.75,19.01,14.68,16.31,7.05
135.49,15.56,10.64,9.55,6.74,18.96,14.68,16.29,7.05
135.50,15.56,10.64,9.55,6.75,18.98,14.70,16.31,7.04
135.51,15.56,10.64,9.54,6.75,18.98,14.70,16.31,7.05
135.52,15.56,10.64,9.55,6.74,19.01,14.68,16.29,7.05
135.53,15.56,10.64,9.54,6.74,18.96,14.68,16.34,7.05
135.54,15.59,10.64,9.55,6.74,18.98,14.68,16.31,7.05
135.55,15.56,10.65,9.54,6.74,18.98,14.68,16.29,7.05
135.56,15.56,10.65,9.54,6.74,18.98,14.68,16.31,7.05
135.57,15.56,10.65,9.55,6.74,18.96,14.70,16.31,7.04
135.58,15.56,10.65,9.55,6.74,18.98,14.70,16.29,7.06
135.59,15.56,10.64,9.55,6.74,18.98,14.68,16.31,7.04
135.60,15.56,10.64,9.55,6.74,18.98,14.68,16.34,7.05
135.61,15.56,10.64,9.55,6.74,18.98,14.70,16.31,7.05
135.62,15.56,10.64,9.55,6.74,19.01,14.68,16.31,7.05
135.63,15.56,10.64,9.54,6.75,18.98,14.68,16.29,7.06
135.64,15.56,10.65,9.55,6.74,18.98,14.68,16.29,7.06
135.65,15.56,10.65,9.54,6.75,18.98,14.68,16.31,7.05
135.66,15.56,10.64,9.55,6.74,18.98,14.70,16.29,7.06
135.67,15.56,10.64,9.54,6.76,19.01,14.68,16.31,7.05
135.68,15.59,10.64,9.55,6.76,18.96,14.70,16.29,7.04
135.69,15.56,10.64,9.54,6.75,18.96,14.70,16.34,7.05
135.70,15.56,10.64,9.55,6.74,18.96,14.70,16.31,7.05
135.71,15.56,10.62,9.55,6.75,18.98,14.68,16.31,7.05
135.72,15.56,10.64,9.56,6.74,18.98,14.70,16.29,7.05
135.73,15.56,10.65,9.55,6.75,18.98,14.70,16.29,7.05
135.74,15.56,10.65,9.55,6.75,18.98,14.68,16.31,7.04
135.75,15.56,10.65,9.55,6.75,18.98,14.70,16.29,7.05
135.76,15.56,10.64,9.54,6.75,18.96,14.68,16.31,7.05
135.77,15.56,10.64,9.54,6.75,18.98,14.68,16.31,7.05
135.78,15.56,10.65,9.54,6.75,19.01,14.70,16.31,7.05
135.80,15.56,10.64,9.54,6.74,18.98,14.68,16.31,7.05
135.81,15.56,10.65,9.54,6.74,19.01,14.68,16.34,7.05
135.82,15.56,10.62,9.54,6.75,18.98,14.70,16.29,7.05
135.83,15.56,10.64,9.55,6.74,18.98,14.68,16.29,7.05
135.84,15.56,10.64,9.55,6.75,18.98,14.68,16.29,7.05
135.85,15.56,10.64,9.54,6.74,18.98,14.68,16.34,7.06
135.86,15.56,10.64,9.54,6.74,19.01,14.68,16.31,7.05
135.87,15.56,10.64,9.55,6.75,18.98,14.72,16.31,7.05
135.88,15.56,10.65,9.55,6.74,18.98,14.68,16.31,7.05
135.89,15.56,10.66,9.55,6.75,18.96,14.68,16.31,7.05
135.90,15.59,10.64,9.55,6.75,19.01,14.72,16.29,7.06
135.91,15.56,10.62,9.55,6.75,18.98,14.68,16.29,7.05
135.92,15.56,10.64,9.55,6.75,18.98,14.68,16.29,7.05
135.93,15.56,10.64,9.55,6.75,18.98,14.70,16.27,7.03
135.94,15.56,10.64,9.55,6.76,18.96,14.70,16.31,7.06
135.95,15.56,10.64,9.55,6.75,18.96,14.68,16.31,7.04
135.96,15.56,10.64,9.54,6.75,18.96,14.66,16.31,7.06
135.97,15.56,10.65,9.55,6.74,18.98,14.68,16.29,7.04
135.98,15.56,10.65,9.55,6.75,18.98,14.68,16.31,7.05
135.99,15.56,10.64,9.54,6.76,18.96,14.70,16.29,7.05
136.00,15.59,10.64,9.55,6.76,18.98,14.68,16.31,7.05
136.01,15.59,10.64,9.54,6.74,18.98,14.68,16.34,7.06
136.02,15.54,10.64,9.56,6.76,18.98,14.68,16.29,7.05
136.03,15.56,10.64,9.55,6.75,19.01,14.68,16.34,7.05
136.04,15.59,10.64,9.54,6.75,18.96,14.68,16.31,7.05
136.05,15.56,10.64,9.54,6.74,18.98,14.68,16.31,7.05
136.06,15.56,10.65,9.55,6.74,18.96,14.66,16.31,7.06
136.07,15.56,10.65,9.55,6.74,18.98,14.68,16.29,7.05
136.08,15.56,10.65,9.55,6.76,19.01,14.70,16.31,7.05
136.09,15.59,10.62,9.55,6.74,18.98,14.68,16.31,7.06
136.10,15.56,10.62,9.54,6.75,18.96,14.68,16.29,7.05
136.11,15.56,10.65,9.55,6.75,18.96,14.70,16.31,7.04
136.12,15.56,10.65,9.55,6.75,18.98,14.68,16.34,7.04
136.13,15.56,10.64,9.54,6.74,18.98,14.68,16.31,7.05
136.14,15.56,10.64,9.55,6.74,18.96,14.68,16.31,7.06
136.15,15.56,10.65,9.55,6.76,18.96,14.68,16.29,7.05
136.17,15.59,10.64,9.55,6.75,18.96,14.68,16.29,7.05
136.18,15.56,10.64,9.55,6.75,18.98,14.68,16.29,7.05
136.19,15.59,10.64,9.55,6.74,18.98,14.68,16.29,7.05
136.20,15.59,10.65,9.54,6.75,18.98,14.68,16.31,7.05
136.21,15.56,10.64,9.55,6.75,18.98,14.68,16.29,7.05
136.22,15.56,10.64,9.55,6.75,18.96,14.68,16.31,7.05
136.23,15.59,10.64,9.55,6.76,19.01,14.68,16.31,7.05
136.24,15.56,10.64,9.55,6.75,18.98,14.70,16.31,7.05
136.25,15.56,10.64,9.55,6.75,18.98,14.66,16.34,7.05
136.26,15.59,10.64,9.55,6.75,18.98,14.68,16.34,7.05
136.27,15.56,10.64,9.55,6.75,18.98,14.68,16.31,7.05
136.28,15.59,10.64,9.54,6.75,18.98,14.68,16.31,7.05
136.29,15.56,10.64,9.55,6.75,18.98,14.68,16.29,7.05
136.30,15.59,10.64,9.55,6.75,18.96,14.68,16.29,7.06
136.31,15.56,10.64,9.55,6.76,18.98,14.70,16.31,7.05
136.32,15.56,10.65,9.55,6.75,18.98,14.68,16.31,7.05
136.33,15.59,10.64,9.55,6.75,18.96,14.70,16.31,7.04
136.34,15.59,10.64,9.55,6.75,18.98,14.68,16.31,7.06
136.35,15.56,10.64,9.55,6.75,18.96,14.68,16.29,7.06
136.36,15.59,10.64,9.55,6.75,18.96,14.68,16.27,7.06
136.37,15.59,10.65,9.55,6.75,18.98,14.68,16.29,7.05
136.38,15.56,10.64,9.55,6.75,18.98,14.68,16.31,7.05
136.39,15.56,10.64,9.55,6.75,18.98,14.68,16.31,7.05
136.40,15.56,10.64,9.55,6.75,18.98,14.68,16.31,7.05
136.41,15.56,10.64,9.55,6.76,18.98,14.68,16.29,7.05
136.42,15.56,10.64,9.55,6.75,18.98,14.70,16.29,7.04
136.43,15.56,10.64,9.54,6.74,18.96,14.70,16.31,7.06
136.44,15.59,10.64,9.55,6.76,18.98,14.68,16.34,7.05
136.45,15.54,10.64,9.55,6.74,18.96,14.70,16.29,7.05
136.46,15.56,10.64,9.55,6.75,18.98,14.68,16.34,7.04
136.47,15.59,10.65,9.54,6.76,18.98,14.70,16.31,7.05
136.48,15.59,10.65,9.54,6.75,18.98,14.68,16.31,7.05
136.49,15.56,10.64,9.56,6.75,18.98,14.70,16.31,7.05
136.50,15.56,10.64,9.55,6.74,18.98,14.68,16.31,7.05
136.51,15.59,10.65,9.54,6.75,18.98,14.68,16.29,7.05
136.52,15.56,10.64,9.55,6.75,18.98,14.68,16.31,7.05
136.53,15.59,10.65,9.55,6.75,18.98,14.68,16.31,7.04
136.54,15.59,10.64,9.56,6.75,18.98,14.70,16.29,7.05
136.55,15.56,10.64,9.55,6.75,18.98,14.68,16.29,7.05
136.56,15.56,10.64,9.55,6.75,18.96,14.70,16.31,7.05
136.57,15.56,10.65,9.54,6.75,18.98,14.68,16.31,7.05
136.58,15.56,10.65,9.55,6.75,18.98,14.68,16.29,7.06
136.59,15.56,10.64,9.56,6.75,18.96,14.68,16.29,7.06
136.60,15.59,10.65,9.55,6.75,18.98,14.68,16.31,7.06
136.61,15.59,10.65,9.55,6.75,18.98,14.68,16.34,7.05
136.62,15.59,10.64,9.55,6.75,18.96,14.68,16.29,7.04
136.63,15.56,10.64,9.55,6.75,18.98,14.68,16.31,7.05
136.64,15.56,10.64,9.55,6.75,18.96,14.70,16.29,7.06
136.65,15.59,10.64,9.55,6.76,19.01,14.70,16.31,7.06
136.66,15.56,10.64,9.55,6.74,18.98,14.68,16.34,7.06
136.67,15.59,10.65,9.54,6.74,18.98,14.68,16.29,7.04
136.68,15.56,10.64,9.55,6.75,18.96,14.68,16.31,7.04
136.69,15.56,10.64,9.55,6.76,18.98,14.70,16.31,7.05
136.70,15.56,10.64,9.54,6.76,18.98,14.68,16.29,7.05
136.71,15.56,10.65,9.54,6.74,18.98,14.68,16.31,7.05
136.72,15.59,10.64,9.55,6.75,18.98,14.68,16.31,7.06
136.73,15.59,10.64,9.54,6.76,18.96,14.68,16.31,7.06
136.74,15.56,10.64,9.55,6.74,18.98,14.68,16.29,7.06
136.75,15.59,10.64,9.56,6.74,19.01,14.68,16.29,7.05
136.76,15.56,10.64,9.55,6.76,18.98,14.68,16.29,7.06
136.77,15.59,10.64,9.54,6.75,18.98,14.70,16.29,7.06
136.78,15.56,10.64,9.55,6.75,18.98,14.68,16.34,7.05
136.79,15.56,10.64,9.55,6.75,18.96,14.68,16.31,7.05
136.80,15.56,10.64,9.54,6.75,18.98,14.70,16.31,7.05
136.81,15.56,10.64,9.54,6.74,18.98,14.68,16.31,7.05
136.82,15.59,10.64,9.55,6.76,18.98,14.68,16.29,7.06
136.83,15.56,10.64,9.54,6.75,19.01,14.68,16.31,7.04
136.84,15.59,10.65,9.54,6.75,18.96,14.70,16.29,7.04
136.85,15.59,10.64,9.56,6.75,18.98,14.68,16.31,7.05
136.86,15.59,10.64,9.54,6.76,18.98,14.70,16.31,7.05
136.87,15.56,10.65,9.55,6.74,18.98,14.66,16.31,7.06
136.88,15.56,10.65,9.55,6.75,18.96,14.68,16.31,7.05
136.89,15.56,10.62,9.55,6.75,18.98,14.70,16.31,7.04
136.90,15.59,10.64,9.55,6.75,19.01,14.68,16.31,7.04
136.91,15.56,10.64,9.54,6.75,18.98,14.70,16.31,7.06
136.92,15.59,10.64,9.54,6.76,18.96,14.68,16.34,7.05
136.93,15.59,10.64,9.55,6.75,19.01,14.70,16.29,7.05
136.94,15.56,10.65,9.54,6.74,19.01,14.68,16.29,7.06
136.95,15.59,10.64,9.55,6.74,18.98,14.68,16.29,7.06
136.96,15.59,10.64,9.55,6.75,18.96,14.68,16.29,7.04
136.97,15.56,10.64,9.54,6.75,19.01,14.70,16.31,7.06
136.98,15.59,10.64,9.54,6.75,18.96,14.68,16.29,7.04
136.99,15.59,10.64,9.55,6.75,18.96,14.68,16.29,7.05
137.00,15.56,10.65,9.55,6.76,18.96,14.68,16.31,7.05
137.01,15.59,10.64,9.55,6.75,19.01,14.70,16.29,7.05
137.02,15.59,10.64,9.55,6.75,18.98,14.70,16.31,7.05
137.03,15.59,10.64,9.54,6.75,18.96,14.70,16.31,7.06
137.04,15.56,10.65,9.55,6.74,19.01,14.70,16.29,7.05
137.05,15.59,10.64,9.55,6.75,18.98,14.68,16.31,7.06
137.06,15.59,10.62,9.55,6.75,18.98,14.68,16.29,7.05
137.07,15.56,10.64,9.55,6.74,18.98,14.68,16.31,7.05
137.08,15.59,10.64,9.55,6.76,18.96,14.68,16.29,7.04
137.09,15.59,10.65,9.55,6.74,18.96,14.68,16.29,7.04
137.10,15.59,10.65,9.55,6.75,18.96,14.70,16.31,7.05
137.11,15.59,10.65,9.54,6.76,18.96,14.68,16.31,7.05
137.12,15.56,10.64,9.55,6.75,18.98,14.70,16.29,7.05
137.13,15.56,10.64,9.55,6.76,18.98,14.70,16.31,7.04
137.14,15.59,10.64,9.55,6.75,18.98,14.66,16.34,7.05
137.15,15.56,10.64,9.55,6.75,18.96,14.68,16.31,7.06
137.16,15.59,10.64,9.55,6.76,18.98,14.68,16.29,7.04
137.17,15.56,10.65,9.54,6.75,18.98,14.68,16.29,7.05
137.18,15.59,10.65,9.54,6.74,18.98,14.66,16.34,7.05
137.19,15.59,10.64,9.55,6.75,18.98,14.68,16.31,7.04
137.20,15.59,10.64,9.54,6.74,18.98,14.68,16.31,7.04
137.21,15.56,10.64,9.55,6.75,18.98,14.68,16.31,7.05
137.22,15.61,10.64,9.55,6.75,18.96,14.68,16.29,7.05
137.23,15.59,10.64,9.55,6.75,19.01,14.68,16.31,7.05
137.24,15.59,10.64,9.55,6.75,18.98,14.68,16.31,7.06
137.25,15.59,10.64,9.55,6.76,18.98,14.68,16.31,7.05
137.26,15.56,10.64,9.54,6.75,18.98,14.68,16.31,7.06
137.27,15.59,10.65,9.54,6.76,18.98,14.68,16.31,7.05
137.28,15.59,10.64,9.56,6.75,18.98,14.68,16.31,7.06
137.29,15.59,10.64,9.55,6.76,18.96,14.68,16.31,7.05
137.30,15.59,10.64,9.55,6.75,18.98,14.68,16.29,7.04
137.31,15.56,10.62,9.55,6.75,18.98,14.68,16.31,7.05
137.32,15.59,10.64,9.55,6.75,18.98,14.70,16.31,7.05
137.33,15.59,10.65,9.55,6.75,18.96,14.68,16.31,7.06
137.34,15.56,10.64,9.54,6.74,18.98,14.68,16.31,7.05
137.35,15.59,10.64,9.56,6.76,18.98,14.68,16.34,7.05
137.36,15.59,10.65,9.55,6.75,18.98,14.68,16.29,7.05
137.37,15.59,10.64,9.55,6.76,18.96,14.70,16.36,7.06
137.38,15.59,10.64,9.55,6.75,19.01,14.68,16.31,7.05
137.39,15.59,10.64,9.55,6.75,18.98,14.68,16.31,7.06
137.40,15.59,10.64,9.55,6.75,18.98,14.68,16.34,7.06
137.41,15.59,10.64,9.55,6.76,19.01,14.68,16.31,7.05
137.42,15.59,10.64,9.54,6.75,19.01,14.70,16.31,7.06
137.43,15.59,10.64,9.55,6.74,18.98,14.66,16.31,7.05
137.44,15.59,10.62,9.55,6.75,19.01,14.68,16.31,7.05
137.45,15.59,10.64,9.56,6.75,19.01,14.68,16.29,7.06
137.46,15.59,10.64,9.55,6.75,18.98,14.68,16.31,7.05
137.47,15.59,10.64,9.55,6.75,19.01,14.68,16.34,7.06
137.48,15.59,10.64,9.55,6.75,18.98,14.68,16.34,7.06
137.49,15.59,10.65,9.55,6.75,18.98,14.68,16.31,7.06
137.50,15.59,10.65,9.56,6.75,18.98,14.68,16.29,7.05
137.51,15.59,10.64,9.55,6.75,18.96,14.68,16.34,7.05
137.52,15.59,10.64,9.55,6.74,18.98,14.68,16.31,7.06
137.53,15.59,10.64,9.55,6.75,18.98,14.70,16.31,7.05
137.54,15.56,10.65,9.55,6.76,18.98,14.68,16.34,7.06
137.55,15.59,10.64,9.55,6.76,18.98,14.68,16.31,7.05
137.56,15.59,10.64,9.55,6.75,18.98,14.66,16.31,7.06
137.57,15.59,10.64,9.55,6.75,19.01,14.68,16.31,7.06
137.58,15.59,10.64,9.56,6.75,18.96,14.68,16.31,7.05
137.59,15.59,10.64,9.54,6.75,18.98,14.68,16.31,7.06
137.60,15.59,10.64,9.55,6.75,18.98,14.70,16.34,7.06
137.61,15.59,10.64,9.55,6.74,19.01,14.68,16.29,7.06
137.62,15.59,10.65,9.54,6.75,18.96,14.68,16.31,7.06
137.63,15.59,10.64,9.54,6.75,18.98,14.68,16.31,7.05
137.64,15.59,10.65,9.55,6.75,19.01,14.68,16.31,7.05
137.65,15.59,10.64,9.55,6.75,18.98,14.68,16.31,7.06
137.66,15.59,10.64,9.55,6.75,19.01,14.70,16.29,7.05
137.67,15.59,10.64,9.56,6.75,18.96,14.68,16.31,7.04
137.68,15.59,10.65,9.55,6.75,18.98,14.68,16.29,7.05
137.69,15.59,10.65,9.55,6.75,18.98,14.68,16.31,7.05
137.70,15.59,10.64,9.55,6.75,18.98,14.68,16.31,7.05
137.71,15.59,10.65,9.56,6.75,18.96,14.68,16.31,7.06
137.72,15.59,10.64,9.55,6.75,18.96,14.68,16.34,7.06
137.73,15.59,10.64,9.55,6.75,18.98,14.68,16.31,7.06
137.74,15.59,10.64,9.54,6.75,18.98,14.68,16.31,7.06
137.75,15.59,10.65,9.55,6.75,18.96,14.68,16.31,7.05
137.76,15.56,10.64,9.55,6.75,18.98,14.68,16.31,7.06
137.77,15.59,10.65,9.56,6.75,18.98,14.68,16.34,7.05
137.78,15.56,10.65,9.56,6.75,18.98,14.68,16.31,7.06
137.79,15.59,10.64,9.55,6.76,18.98,14.68,16.31,7.06
137.80,15.59,10.64,9.55,6.75,18.98,14.68,16.31,7.05
137.81,15.59,10.64,9.55,6.75,18.98,14.68,16.31,7.05
137.82,15.59,10.64,9.55,6.75,19.01,14.70,16.34,7.05
137.83,15.59,10.64,9.55,6.75,19.01,14.70,16.31,7.06
137.84,15.59,10.62,9.55,6.75,18.96,14.68,16.34,7.06
137.85,15.59,10.65,9.55,6.75,19.01,14.70,16.29,7.05
137.86,15.59,10.64,9.55,6.75,18.98,14.68,16.31,7.06
137.87,15.59,10.64,9.56,6.75,18.96,14.68,16.31,7.06
137.88,15.59,10.65,9.55,6.75,18.98,14.68,16.31,7.05
137.89,15.59,10.64,9.54,6.75,19.01,14.68,16.31,7.05
137.90,15.59,10.64,9.55,6.75,18.98,14.68,16.31,7.05
137.91,15.59,10.65,9.55,6.75,18.98,14.68,16.31,7.05
137.92,15.59,10.65,9.55,6.76,19.01,14.68,16.31,7.06
137.93,15.59,10.64,9.54,6.74,18.96,14.70,16.31,7.05
137.94,15.56,10.64,9.54,6.75,18.96,14.70,16.31,7.06
137.95,15.59,10.64,9.55,6.77,18.98,14.68,16.31,7.04
137.96,15.56,10.64,9.55,6.75,18.98,14.68,16.31,7.06
137.97,15.59,10.64,9.55,6.76,18.98,14.68,16.34,7.05
137.98,15.59,10.64,9.55,6.76,18.98,14.68,16.31,7.06
137.99,15.59,10.64,9.55,6.75,18.98,14.70,16.31,7.05
138.00,15.59,10.64,9.55,6.76,18.98,14.68,16.31,7.05
138.01,15.61,10.64,9.55,6.75,18.96,14.68,16.31,7.06
138.02,15.59,10.64,9.55,6.75,18.98,14.68,16.31,7.06
138.03,15.59,10.65,9.55,6.75,19.01,14.68,16.31,7.06
138.04,15.56,10.62,9.55,6.75,18.96,14.68,16.31,7.05
138.05,15.59,10.64,9.55,6.75,18.98,14.70,16.31,7.06
138.06,15.59,10.64,9.55,6.76,18.98,14.68,16.34,7.05
138.07,15.59,10.64,9.55,6.75,18.96,14.68,16.31,7.05
138.08,15.59,10.62,9.56,6.75,18.98,14.68,16.31,7.06
138.09,15.59,10.65,9.55,6.75,18.98,14.66,16.29,7.06
138.10,15.59,10.64,9.55,6.74,18.98,14.68,16.31,7.06
138.11,15.59,10.65,9.55,6.75,18.96,14.68,16.31,7.05
138.12,15.59,10.64,9.54,6.75,18.96,14.70,16.34,7.05
138.13,15.59,10.64,9.55,6.75,19.01,14.66,16.31,7.05
138.14,15.59,10.64,9.55,6.75,18.96,14.68,16.31,7.05
138.15,15.59,10.62,9.55,6.75,19.01,14.68,16.31,7.04
138.16,15.59,10.65,9.55,6.75,19.01,14.70,16.34,7.05
138.17,15.59,10.64,9.55,6.75,18.98,14.68,16.29,7.05
138.18,15.59,10.64,9.55,6.76,18.98,14.68,16.31,7.05
138.19,15.59,10.65,9.56,6.75,18.98,14.70,16.29,7.06
138.20,15.59,10.64,9.56,6.76,18.98,14.68,16.31,7.06
138.21,15.59,10.64,9.56,6.76,18.98,14.68,16.31,7.05
138.22,15.59,10.65,9.54,6.75,18.98,14.68,16.31,7.06
138.23,15.59,10.64,9.55,6.76,18.98,14.68,16.31,7.06
138.24,15.59,10.64,9.56,6.75,18.98,14.66,16.31,7.05
138.25,15.59,10.65,9.55,6.75,18.96,14.68,16.31,7.05
138.26,15.59,10.64,9.55,6.75,18.98,14.68,16.34,7.05
138.27,15.59,10.64,9.55,6.77,18.98,14.68,16.31,7.06
138.28,15.59,10.62,9.56,6.75,18.96,14.70,16.31,7.05
138.29,15.59,10.64,9.56,6.76,18.98,14.68,16.31,7.07
138.30,15.59,10.64,9.56,6.75,19.01,14.68,16.29,7.06
138.31,15.59,10.64,9.54,6.76,18.98,14.70,16.31,7.05
138.32,15.59,10.64,9.55,6.75,18.98,14.68,16.31,7.05
138.33,15.59,10.64,9.55,6.77,18.96,14.68,16.31,7.07
138.34,15.59,10.64,9.55,6.75,18.98,14.68,16.31,7.05
138.35,15.59,10.64,9.56,6.76,19.01,14.68,16.31,7.05
138.36,15.56,10.65,9.55,6.75,18.98,14.68,16.31,7.06
138.37,15.59,10.64,9.55,6.74,18.98,14.68,16.31,7.07
138.38,15.59,10.64,9.55,6.75,18.96,14.66,16.31,7.06
138.39,15.61,10.64,9.55,6.76,18.98,14.70,16.29,7.05
138.40,15.61,10.65,9.55,6.75,18.98,14.68,16.31,7.06
138.41,15.59,10.64,9.55,6.75,18.98,14.68,16.31,7.05
138.42,15.59,10.64,9.55,6.75,18.98,14.68,16.31,7.06
138.43,15.59,10.64,9.55,6.75,18.96,14.68,16.31,7.05
138.44,15.59,10.65,9.55,6.75,19.01,14.68,16.31,7.06
138.45,15.59,10.65,9.55,6.75,18.96,14.68,16.31,7.05
138.46,15.59,10.62,9.55,6.75,18.98,14.68,16.31,7.05
138.47,15.59,10.64,9.54,6.75,18.96,14.68,16.31,7.05
138.48,15.59,10.65,9.55,6.75,18.98,14.68,16.31,7.05
138.49,15.59,10.65,9.55,6.76,18.98,14.68,16.29,7.06
138.50,15.59,10.64,9.55,6.75,18.98,14.68,16.31,7.05
138.51,15.59,10.64,9.55,6.76,18.98,14.68,16.27,7.05
138.52,15.59,10.64,9.55,6.75,18.98,14.68,16.31,7.06
138.53,15.59,10.64,9.55,6.75,18.98,14.68,16.34,7.05
138.54,15.59,10.65,9.55,6.76,18.98,14.68,16.31,7.06
138.57,15.59,10.64,9.55,6.75,18.98,14.68,16.34,7.06
138.57,15.59,10.64,9.56,6.76,19.01,14.68,16.34,7.05
138.58,15.59,10.64,9.56,6.76,19.01,14.68,16.31,7.05
138.59,15.59,10.64,9.55,6.75,19.01,14.66,16.31,7.06
138.60,15.59,10.64,9.55,6.75,18.98,14.68,16.31,7.06
138.61,15.59,10.64,9.55,6.75,18.98,14.68,16.31,7.06
138.62,15.59,10.65,9.56,6.76,18.98,14.68,16.31,7.04
138.63,15.59,10.64,9.55,6.76,18.96,14.68,16.31,7.06
138.64,15.59,10.65,9.55,6.77,18.98,14.70,16.31,7.05
138.65,15.59,10.65,9.55,6.75,19.01,14.68,16.31,7.06
138.66,15.59,10.65,9.54,6.75,18.98,14.68,16.31,7.05
138.67,15.59,10.64,9.56,6.76,18.98,14.68,16.31,7.06
138.68,15.59,10.64,9.55,6.76,18.98,14.68,16.31,7.06
138.69,15.59,10.64,9.55,6.76,18.98,14.70,16.31,7.05
138.70,15.59,10.64,9.56,6.76,19.01,14.68,16.31,7.06
138.71,15.59,10.65,9.55,6.76,18.98,14.68,16.34,7.06
138.72,15.59,10.64,9.56,6.75,18.98,14.68,16.31,7.07
138.73,15.59,10.64,9.55,6.75,18.98,14.70,16.31,7.05
138.74,15.59,10.64,9.55,6.75,18.98,14.68,16.31,7.05
138.75,15.59,10.64,9.55,6.76,18.96,14.68,16.31,7.06
138.76,15.59,10.64,9.55,6.75,18.98,14.68,16.34,7.06
138.77,15.59,10.64,9.55,6.75,18.98,14.68,16.34,7.06
138.78,15.59,10.64,9.55,6.76,18.98,14.68,16.31,7.05
138.79,15.59,10.64,9.55,6.75,18.98,14.68,16.31,7.05
138.80,15.59,10.64,9.55,6.75,18.98,14.68,16.31,7.05
138.81,15.59,10.62,9.55,6.76,18.98,14.66,16.31,7.05
138.82,15.59,10.64,9.55,6.76,18.98,14.68,16.34,7.06
138.83,15.59,10.64,9.55,6.76,18.98,14.68,16.34,7.06
138.84,15.59,10.65,9.55,6.75,18.96,14.68,16.31,7.06
138.85,15.59,10.64,9.56,6.76,18.98,14.68,16.34,7.05
138.86,15.59,10.64,9.55,6.75,18.98,14.70,16.31,7.06
138.87,15.59,10.64,9.57,6.76,18.96,14.68,16.31,7.06
138.88,15.59,10.65,9.55,6.75,18.96,14.66,16.31,7.06
138.89,15.59,10.64,9.55,6.76,18.98,14.68,16.34,7.05
138.90,15.59,10.64,9.55,6.75,18.98,14.70,16.31,7.05
138.91,15.59,10.65,9.55,6.75,18.98,14.70,16.31,7.05
138.92,15.59,10.64,9.55,6.75,18.98,14.68,16.31,7.05
138.93,15.59,10.64,9.55,6.75,19.01,14.68,16.31,7.05
138.94,15.59,10.64,9.54,6.75,19.01,14.68,16.31,7.06
138.95,15.59,10.65,9.55,6.77,18.98,14.64,16.31,7.06
138.96,15.59,10.64,9.55,6.76,18.98,14.68,16.31,7.06
138.97,15.59,10.64,9.55,6.76,19.01,14.68,16.34,7.06
138.98,15.59,10.65,9.55,6.76,18.96,14.68,16.31,7.04
138.99,15.59,10.64,9.55,6.75,18.98,14.68,16.31,7.05
139.00,15.59,10.64,9.56,6.76,18.98,14.68,16.31,7.05
139.01,15.59,10.64,9.55,6.76,18.98,14.68,16.34,7.06
139.02,15.59,10.64,9.55,6.75,18.98,14.72,16.31,7.06
139.03,15.59,10.65,9.55,6.75,18.98,14.68,16.31,7.06
139.04,15.59,10.65,9.55,6.75,18.98,14.66,16.31,7.05
139.05,15.59,10.64,9.56,6.76,18.98,14.68,16.34,7.06
139.06,15.59,10.64,9.56,6.75,18.98,14.68,16.31,7.06
139.07,15.59,10.65,9.55,6.76,18.98,14.66,16.34,7.06
139.08,15.59,10.65,9.55,6.76,18.98,14.68,16.36,7.07
139.09,15.59,10.64,9.55,6.76,18.98,14.70,16.34,7.07
139.10,15.59,10.64,9.55,6.76,18.98,14.68,16.34,7.06
139.11,15.59,10.64,9.55,6.76,18.98,14.68,16.31,7.06
139.12,15.59,10.64,9.55,6.76,18.98,14.68,16.31,7.05
139.13,15.59,10.64,9.55,6.75,18.98,14.68,16.31,7.06
139.14,15.59,10.64,9.56,6.76,19.01,14.68,16.31,7.05
139.15,15.59,10.64,9.55,6.75,19.01,14.70,16.31,7.05
139.16,15.56,10.64,9.55,6.76,18.98,14.68,16.34,7.05
139.17,15.59,10.64,9.55,6.75,19.01,14.68,16.31,7.06
139.18,15.59,10.64,9.55,6.76,18.98,14.70,16.34,7.06
139.19,15.59,10.64,9.55,6.76,19.01,14.68,16.31,7.05
139.20,15.59,10.64,9.55,6.76,19.01,14.68,16.34,7.06
139.21,15.59,10.64,9.55,6.75,19.01,14.70,16.31,7.05
139.22,15.59,10.64,9.56,6.76,19.01,14.68,16.34,7.05
139.23,15.59,10.64,9.55,6.76,18.98,14.68,16.31,7.05
139.24,15.61,10.65,9.55,6.75,18.98,14.68,16.31,7.06
139.25,15.59,10.64,9.55,6.76,19.01,14.68,16.34,7.06
139.26,15.59,10.64,9.55,6.76,18.98,14.68,16.31,7.05
139.27,15.59,10.64,9.55,6.76,18.98,14.68,16.31,7.06
139.28,15.59,10.64,9.55,6.76,18.98,14.68,16.36,7.06
139.29,15.56,10.64,9.56,6.76,19.01,14.68,16.31,7.06
139.30,15.59,10.64,9.55,6.75,18.98,14.68,16.31,7.06
139.31,15.59,10.64,9.56,6.76,18.98,14.68,16.31,7.06
139.32,15.59,10.64,9.55,6.76,18.98,14.68,16.31,7.05
139.33,15.59,10.65,9.55,6.76,18.96,14.68,16.34,7.06
139.34,15.59,10.64,9.55,6.76,19.01,14.70,16.31,7.05
139.35,15.59,10.64,9.55,6.75,18.98,14.68,16.31,7.06
139.36,15.59,10.65,9.55,6.76,18.98,14.68,16.34,7.05
139.37,15.59,10.64,9.55,6.76,19.01,14.68,16.34,7.06
139.38,15.59,10.64,9.55,6.76,18.98,14.68,16.34,7.06
139.39,15.56,10.65,9.56,6.77,19.01,14.68,16.34,7.07
139.40,15.59,10.64,9.56,6.76,19.01,14.70,16.31,7.06
139.41,15.59,10.64,9.56,6.76,18.98,14.68,16.31,7.06
139.42,15.59,10.65,9.55,6.76,18.98,14.68,16.31,7.06
139.43,15.59,10.65,9.55,6.77,19.01,14.70,16.31,7.06
139.44,15.59,10.64,9.55,6.75,19.01,14.68,16.31,7.06
139.45,15.59,10.64,9.55,6.77,18.98,14.68,16.36,7.07
139.46,15.59,10.65,9.55,6.75,18.98,14.70,16.31,7.06
139.47,15.59,10.64,9.56,6.76,18.98,14.68,16.31,7.06
139.48,15.61,10.65,9.55,6.76,18.98,14.68,16.31,7.06
139.49,15.59,10.64,9.56,6.77,18.98,14.68,16.34,7.06
139.50,15.59,10.64,9.55,6.77,18.98,14.68,16.31,7.05
139.51,15.56,10.64,9.56,6.76,18.98,14.68,16.31,7.06
139.52,15.59,10.64,9.55,6.76,18.98,14.68,16.31,7.06
139.53,15.59,10.64,9.57,6.77,18.98,14.70,16.36,7.05
139.54,15.61,10.64,9.56,6.76,18.98,14.68,16.34,7.05
139.55,15.59,10.64,9.55,6.76,18.98,14.68,16.34,7.06
139.56,15.59,10.65,9.55,6.75,18.98,14.68,16.31,7.06
139.57,15.59,10.64,9.55,6.75,18.98,14.68,16.34,7.06
139.58,15.56,10.64,9.55,6.76,18.98,14.70,16.34,7.06
139.59,15.61,10.64,9.55,6.76,18.98,14.68,16.34,7.06
139.60,15.59,10.64,9.55,6.76,18.98,14.68,16.34,7.06
139.61,15.56,10.65,9.55,6.76,19.01,14.68,16.31,7.05
139.62,15.61,10.65,9.55,6.76,18.98,14.68,16.31,7.06
139.63,15.59,10.64,9.55,6.77,19.01,14.70,16.34,7.06
139.64,15.61,10.64,9.56,6.76,18.98,14.68,16.36,7.06
139.65,15.59,10.64,9.56,6.77,18.96,14.68,16.36,7.06
139.66,15.59,10.64,9.55,6.75,19.01,14.70,16.31,7.05
139.67,15.59,10.65,9.55,6.76,19.01,14.68,16.31,7.06
139.68,15.59,10.65,9.56,6.76,19.01,14.68,16.36,7.07
139.70,15.59,10.64,9.55,6.75,18.98,14.68,16.31,7.05
139.71,15.59,10.65,9.56,6.76,18.96,14.66,16.31,7.06
139.72,15.59,10.64,9.55,6.76,18.98,14.68,16.34,7.05
139.73,15.59,10.64,9.55,6.76,19.01,14.68,16.34,7.06
139.74,15.59,10.65,9.55,6.76,18.98,14.66,16.31,7.07
139.75,15.59,10.64,9.55,6.76,18.98,14.68,16.36,7.06
139.76,15.59,10.64,9.55,6.76,18.98,14.68,16.34,7.06
139.77,15.59,10.65,9.55,6.76,18.98,14.68,16.34,7.05
139.78,15.59,10.64,9.55,6.76,18.98,14.68,16.31,7.06
139.79,15.59,10.64,9.55,6.76,18.96,14.68,16.36,7.06
139.80,15.59,10.64,9.55,6.76,18.98,14.68,16.31,7.05
139.81,15.59,10.64,9.56,6.77,18.98,14.68,16.31,7.05
139.82,15.59,10.64,9.55,6.76,18.98,14.68,16.31,7.06
139.83,15.59,10.64,9.56,6.76,18.98,14.68,16.31,7.06
139.84,15.59,10.64,9.55,6.76,18.98,14.68,16.34,7.06
139.85,15.59,10.64,9.55,6.76,18.98,14.68,16.31,7.06
139.86,15.59,10.64,9.56,6.76,18.98,14.68,16.31,7.06
139.87,15.59,10.64,9.54,6.76,18.98,14.68,16.31,7.06
139.88,15.61,10.64,9.55,6.77,18.96,14.66,16.34,7.05
139.89,15.59,10.64,9.55,6.76,18.98,14.68,16.31,7.05
139.90,15.59,10.64,9.55,6.77,18.98,14.68,16.31,7.07
139.91,15.59,10.65,9.55,6.76,19.01,14.68,16.31,7.05
139.92,15.59,10.64,9.55,6.76,19.01,14.70,16.31,7.06
139.93,15.59,10.64,9.55,6.76,18.96,14.66,16.31,7.05
139.94,15.59,10.64,9.56,6.76,18.98,14.68,16.31,7.06
139.95,15.59,10.65,9.55,6.76,18.98,14.68,16.34,7.06
139.96,15.56,10.64,9.55,6.76,18.98,14.68,16.31,7.06
139.97,15.59,10.65,9.55,6.77,18.98,14.66,16.31,7.06
139.98,15.59,10.64,9.55,6.75,18.98,14.68,16.31,7.05
139.99,15.59,10.65,9.55,6.75,19.01,14.70,16.31,7.05
140.00,15.59,10.64,9.56,6.76,19.01,14.68,16.31,7.06
140.01,15.59,10.64,9.55,6.77,18.96,14.68,16.31,7.05
140.02,15.59,10.65,9.55,6.76,18.96,14.68,16.31,7.05
140.03,15.59,10.65,9.55,6.76,18.98,14.68,16.29,7.06
140.04,15.56,10.64,9.55,6.76,19.01,14.66,16.34,7.06
140.05,15.59,10.64,9.55,6.76,18.96,14.68,16.34,7.06
140.06,15.59,10.64,9.55,6.76,18.98,14.66,16.34,7.06
140.07,15.59,10.64,9.56,6.76,18.98,14.68,16.31,7.06
140.08,15.56,10.64,9.56,6.75,19.01,14.68,16.31,7.06
140.09,15.59,10.64,9.55,6.76,18.98,14.68,16.34,7.05
140.10,15.59,10.65,9.55,6.76,19.01,14.68,16.31,7.06
140.11,15.59,10.64,9.55,6.77,18.96,14.68,16.31,7.05
140.12,15.59,10.64,9.55,6.76,18.98,14.66,16.34,7.07
140.13,15.56,10.65,9.55,6.76,18.98,14.66,16.31,7.06
140.14,15.56,10.62,9.55,6.76,18.96,14.68,16.31,7.07
140.15,15.59,10.64,9.54,6.76,18.98,14.66,16.34,7.06
140.16,15.59,10.64,9.55,6.77,18.96,14.66,16.31,7.06
140.17,15.59,10.64,9.54,6.76,18.96,14.68,16.31,7.07
140.18,15.59,10.65,9.55,6.77,18.96,14.66,16.31,7.06
140.19,15.56,10.65,9.55,6.77,18.96,14.70,16.31,7.06
140.20,15.56,10.65,9.56,6.76,18.98,14.68,16.34,7.06
140.21,15.59,10.64,9.54,6.76,18.98,14.68,16.34,7.06
140.22,15.59,10.62,9.56,6.76,18.96,14.66,16.31,7.05
140.23,15.59,10.64,9.55,6.76,18.98,14.66,16.31,7.07
140.24,15.59,10.64,9.55,6.76,19.01,14.68,16.31,7.06
140.25,15.59,10.64,9.55,6.76,18.98,14.66,16.31,7.05
140.26,15.59,10.64,9.55,6.77,18.98,14.68,16.31,7.05
140.27,15.59,10.62,9.55,6.77,18.98,14.68,16.31,7.06
140.28,15.56,10.64,9.55,6.76,18.96,14.68,16.34,7.06
140.29,15.59,10.64,9.55,6.76,18.98,14.68,16.34,7.06
140.30,15.59,10.65,9.54,6.76,18.96,14.68,16.34,7.06
140.31,15.56,10.64,9.54,6.75,18.98,14.68,16.31,7.06
140.32,15.59,10.64,9.56,6.77,18.96,14.66,16.31,7.05
140.33,15.59,10.65,9.56,6.76,18.98,14.68,16.31,7.06
140.34,15.59,10.64,9.55,6.77,18.98,14.68,16.34,7.06
140.35,15.56,10.64,9.56,6.76,18.98,14.68,16.31,7.06
140.36,15.59,10.62,9.55,6.77,18.98,14.70,16.31,7.06
140.37,15.59,10.64,9.55,6.76,18.98,14.66,16.31,7.06
140.38,15.59,10.65,9.55,6.76,18.98,14.68,16.31,7.06
140.39,15.59,10.62,9.54,6.76,18.98,14.68,16.34,7.05
140.40,15.56,10.64,9.55,6.76,18.98,14.68,16.31,7.06
140.41,15.59,10.64,9.55,6.76,18.98,14.68,16.31,7.06
140.42,15.59,10.65,9.55,6.75,18.98,14.66,16.34,7.06
140.43,15.56,10.62,9.55,6.76,18.96,14.68,16.31,7.06
140.44,15.56,10.62,9.55,6.77,19.01,14.68,16.31,7.05
140.45,15.59,10.65,9.55,6.77,18.98,14.68,16.31,7.06
140.46,15.59,10.64,9.55,6.76,18.98,14.66,16.34,7.07
140.47,15.59,10.64,9.54,6.76,19.01,14.66,16.31,7.06
140.48,15.59,10.64,9.56,6.76,18.98,14.66,16.31,7.05
140.49,15.59,10.64,9.55,6.76,18.98,14.68,16.34,7.06
140.50,15.59,10.64,9.55,6.76,18.96,14.66,16.34,7.06
140.51,15.56,10.64,9.54,6.77,19.01,14.68,16.31,7.06
140.52,15.56,10.64,9.55,6.76,18.98,14.68,16.34,7.06
140.53,15.59,10.64,9.55,6.76,18.96,14.68,16.31,7.07
140.54,15.59,10.64,9.55,6.76,18.98,14.68,16.29,7.05
140.55,15.56,10.64,9.55,6.76,18.98,14.66,16.31,7.06
140.56,15.59,10.62,9.55,6.76,18.96,14.68,16.31,7.06
140.57,15.59,10.62,9.55,6.76,18.98,14.66,16.31,7.06
140.58,15.59,10.64,9.55,6.76,19.01,14.68,16.31,7.06
140.59,15.56,10.64,9.55,6.76,18.96,14.66,16.31,7.06
140.60,15.56,10.64,9.54,6.75,18.98,14.66,16.34,7.06
140.61,15.56,10.64,9.55,6.77,18.96,14.68,16.31,7.05
140.62,15.59,10.64,9.54,6.76,18.96,14.68,16.31,7.06
140.63,15.59,10.64,9.55,6.76,18.96,14.68,16.31,7.06
140.64,15.56,10.65,9.56,6.76,18.96,14.66,16.31,7.06
140.65,15.59,10.64,9.54,6.76,18.98,14.68,16.31,7.07
140.66,15.59,10.64,9.55,6.76,18.96,14.68,16.31,7.06
140.67,15.56,10.64,9.55,6.76,19.01,14.68,16.31,7.07
140.68,15.59,10.64,9.55,6.76,18.98,14.66,16.31,7.06
140.69,15.56,10.64,9.55,6.76,18.96,14.68,16.31,7.05
140.70,15.56,10.64,9.55,6.76,18.98,14.68,16.31,7.06
140.71,15.56,10.62,9.55,6.75,18.98,14.68,16.34,7.06
140.72,15.59,10.64,9.55,6.77,18.96,14.68,16.31,7.05
140.73,15.56,10.62,9.55,6.76,19.01,14.68,16.31,7.07
140.74,15.59,10.64,9.55,6.76,18.96,14.68,16.34,7.06
140.75,15.56,10.64,9.55,6.77,19.01,14.68,16.34,7.07
140.76,15.56,10.62,9.54,6.77,18.96,14.68,16.31,7.05
140.77,15.56,10.64,9.55,6.76,18.98,14.66,16.34,7.06
140.78,15.59,10.65,9.55,6.76,18.98,14.68,16.31,7.06
140.79,15.54,10.64,9.55,6.77,18.98,14.68,16.31,7.06
140.80,15.56,10.65,9.55,6.76,18.98,14.68,16.31,7.06
140.81,15.59,10.64,9.55,6.76,18.96,14.66,16.31,7.05
140.82,15.59,10.64,9.55,6.76,19.01,14.68,16.31,7.06
140.83,15.59,10.65,9.55,6.76,18.96,14.66,16.31,7.06
140.84,15.59,10.64,9.55,6.76,18.98,14.66,16.31,7.06
140.85,15.59,10.64,9.55,6.77,18.98,14.66,16.31,7.06
140.86,15.59,10.64,9.54,6.76,18.98,14.66,16.31,7.06
140.87,15.59,10.62,9.55,6.76,19.01,14.66,16.31,7.06
140.88,15.59,10.64,9.55,6.76,18.96,14.68,16.31,7.06
140.89,15.59,10.64,9.55,6.76,18.98,14.66,16.31,7.05
140.90,15.56,10.64,9.55,6.76,18.98,14.68,16.34,7.07
140.91,15.56,10.64,9.55,6.75,19.01,14.68,16.29,7.06
140.92,15.59,10.64,9.55,6.76,18.96,14.66,16.34,7.05
140.93,15.59,10.64,9.56,6.77,18.98,14.66,16.34,7.06
140.94,15.54,10.64,9.55,6.77,18.98,14.66,16.31,7.05
140.95,15.59,10.64,9.55,6.76,18.98,14.66,16.29,7.06
140.96,15.56,10.64,9.55,6.75,19.01,14.68,16.36,7.06
140.97,15.59,10.64,9.56,6.76,19.01,14.68,16.34,7.06
140.98,15.59,10.64,9.54,6.76,18.96,14.68,16.31,7.06
140.99,15.59,10.64,9.55,6.76,18.96,14.66,16.31,7.05
141.00,15.56,10.65,9.56,6.77,18.96,14.66,16.31,7.05
141.01,15.59,10.65,9.56,6.76,18.96,14.68,16.34,7.06
141.02,15.56,10.64,9.56,6.76,18.98,14.64,16.31,7.06
141.03,15.59,10.65,9.55,6.76,18.98,14.66,16.34,7.06
141.04,15.59,10.64,9.55,6.77,18.96,14.66,16.34,7.06
141.05,15.59,10.64,9.54,6.76,18.98,14.66,16.31,7.06
141.06,15.56,10.64,9.56,6.76,18.96,14.68,16.31,7.05
141.07,15.56,10.62,9.56,6.76,18.96,14.68,16.31,7.05
141.08,15.56,10.64,9.55,6.76,19.01,14.66,16.34,7.06
141.09,15.56,10.64,9.55,6.76,18.96,14.68,16.34,7.06
141.10,15.56,10.64,9.55,6.77,18.96,14.68,16.34,7.06
141.11,15.59,10.64,9.55,6.76,18.98,14.68,16.31,7.07
141.12,15.56,10.64,9.55,6.76,19.01,14.66,16.34,7.06
141.13,15.59,10.62,9.55,6.76,18.96,14.66,16.31,7.06
141.14,15.56,10.62,9.55,6.78,18.98,14.66,16.34,7.06
141.15,15.59,10.65,9.55,6.77,18.96,14.68,16.31,7.06
141.16,15.56,10.64,9.55,6.76,18.98,14.68,16.34,7.05
141.17,15.56,10.64,9.55,6.77,18.96,14.66,16.31,7.06
141.18,15.56,10.64,9.54,6.76,18.98,14.66,16.31,7.06
141.19,15.56,10.64,9.55,6.77,18.98,14.68,16.34,7.06
141.20,15.56,10.64,9.55,6.77,18.96,14.68,16.31,7.06
141.21,15.59,10.65,9.56,6.76,19.01,14.66,16.34,7.06
141.22,15.56,10.64,9.55,6.76,18.96,14.68,16.31,7.06
141.23,15.59,10.64,9.54,6.76,18.98,14.66,16.31,7.07
141.24,15.56,10.62,9.55,6.77,18.98,14.66,16.34,7.06
141.25,15.59,10.64,9.55,6.76,18.98,14.66,16.34,7.06
141.26,15.56,10.64,9.55,6.76,18.98,14.66,16.31,7.06
141.27,15.59,10.64,9.55,6.76,18.98,14.66,16.31,7.06
141.28,15.56,10.64,9.55,6.76,18.98,14.66,16.34,7.05
141.29,15.59,10.64,9.55,6.76,18.98,14.66,16.31,7.06
141.30,15.59,10.62,9.55,6.77,18.98,14.68,16.31,7.06
141.31,15.59,10.64,9.54,6.76,18.98,14.66,16.31,7.06
141.32,15.59,10.62,9.55,6.76,18.98,14.66,16.31,7.06
141.33,15.56,10.64,9.55,6.76,18.98,14.68,16.31,7.06
141.34,15.56,10.64,9.55,6.77,18.96,14.68,16.31,7.06
141.35,15.59,10.65,9.54,6.76,18.96,14.68,16.31,7.06
141.36,15.59,10.64,9.56,6.77,18.98,14.66,16.31,7.06
141.37,15.59,10.64,9.55,6.76,18.98,14.66,16.31,7.07
141.38,15.59,10.65,9.55,6.76,18.96,14.68,16.29,7.06
141.39,15.59,10.65,9.55,6.76,18.96,14.68,16.31,7.06
141.40,15.59,10.64,9.55,6.76,18.98,14.68,16.36,7.07
141.41,15.56,10.64,9.55,6.76,18.98,14.66,16.31,7.06
141.42,15.59,10.64,9.55,6.76,18.98,14.66,16.31,7.06
141.43,15.59,10.64,9.55,6.76,18.98,14.68,16.31,7.06
141.44,15.56,10.62,9.54,6.76,18.98,14.66,16.34,7.06
141.45,15.56,10.64,9.55,6.76,18.98,14.68,16.31,7.06
141.46,15.59,10.64,9.55,6.76,18.98,14.66,16.31,7.06
141.48,15.59,10.62,9.55,6.76,18.96,14.68,16.31,7.06
141.49,15.56,10.62,9.55,6.76,18.96,14.66,16.31,7.06
141.50,15.56,10.64,9.54,6.76,18.96,14.66,16.31,7.06
141.51,15.59,10.65,9.55,6.76,19.01,14.66,16.34,7.06
141.52,15.56,10.64,9.55,6.76,19.01,14.66,16.31,7.06
141.53,15.56,10.64,9.54,6.77,18.98,14.66,16.31,7.06
141.54,15.59,10.64,9.55,6.77,19.01,14.66,16.34,7.06
141.55,15.56,10.64,9.54,6.76,18.98,14.66,16.31,7.06
141.56,15.56,10.64,9.55,6.77,19.01,14.68,16.34,7.05
141.57,15.59,10.65,9.55,6.77,18.98,14.66,16.31,7.06
141.58,15.59,10.64,9.55,6.76,18.98,14.68,16.31,7.06
141.59,15.59,10.64,9.55,6.76,18.98,14.66,16.31,7.06
141.60,15.56,10.64,9.55,6.76,18.98,14.66,16.31,7.06
141.61,15.59,10.64,9.55,6.76,19.01,14.68,16.31,7.07
141.62,15.56,10.64,9.55,6.76,18.98,14.66,16.34,7.06
141.63,15.59,10.64,9.55,6.77,19.01,14.68,16.31,7.07
141.64,15.56,10.64,9.54,6.76,18.98,14.66,16.31,7.06
141.65,15.56,10.64,9.55,6.77,18.98,14.68,16.31,7.06
141.66,15.56,10.64,9.55,6.76,18.98,14.66,16.31,7.05
141.67,15.56,10.65,9.55,6.77,18.98,14.66,16.29,7.06
141.68,15.56,10.64,9.55,6.76,19.01,14.68,16.34,7.07
141.69,15.56,10.64,9.55,6.77,18.98,14.68,16.31,7.06
141.70,15.56,10.62,9.55,6.76,18.98,14.66,16.31,7.05
141.71,15.56,10.64,9.55,6.76,19.01,14.66,16.31,7.06
141.72,15.59,10.64,9.55,6.76,18.96,14.68,16.31,7.06
141.73,15.56,10.65,9.55,6.77,18.98,14.66,16.34,7.07
141.74,15.56,10.64,9.54,6.76,18.98,14.68,16.31,7.06
141.75,15.59,10.62,9.56,6.76,18.98,14.68,16.31,7.06
141.76,15.56,10.64,9.56,6.76,18.98,14.68,16.31,7.05
141.77,15.56,10.64,9.54,6.76,18.96,14.66,16.31,7.06
141.78,15.56,10.64,9.55,6.77,18.98,14.66,16.34,7.06
141.79,15.56,10.62,9.55,6.76,19.01,14.66,16.31,7.05
141.82,15.56,10.64,9.54,6.76,18.96,14.64,16.29,7.05
141.82,15.59,10.64,9.55,6.76,18.98,14.68,16.31,7.05
141.83,15.56,10.64,9.55,6.76,18.98,14.66,16.31,7.05
141.84,15.59,10.65,9.56,6.78,18.98,14.66,16.31,7.06
141.85,15.56,10.64,9.55,6.77,18.96,14.68,16.31,7.05
141.86,15.56,10.64,9.56,6.77,18.98,14.66,16.31,7.06
141.87,15.59,10.65,9.55,6.76,18.98,14.66,16.31,7.06
141.88,15.56,10.64,9.54,6.77,18.98,14.68,16.31,7.06
141.89,15.59,10.64,9.55,6.76,18.98,14.68,16.31,7.07
141.90,15.56,10.65,9.55,6.78,19.01,14.66,16.34,7.06
141.91,15.59,10.64,9.56,6.76,18.96,14.66,16.31,7.06
141.92,15.56,10.64,9.55,6.76,19.01,14.68,16.31,7.06
141.93,15.56,10.64,9.55,6.76,18.96,14.68,16.34,7.05
141.94,15.59,10.64,9.55,6.75,19.01,14.66,16.31,7.06
141.95,15.59,10.65,9.55,6.76,18.96,14.66,16.31,7.06
141.96,15.59,10.64,9.55,6.76,18.98,14.68,16.31,7.06
141.97,15.56,10.65,9.56,6.78,18.96,14.66,16.31,7.06
141.98,15.59,10.65,9.55,6.77,18.96,14.68,16.29,7.06
141.99,15.59,10.62,9.55,6.77,18.98,14.64,16.31,7.06
142.00,15.56,10.64,9.55,6.77,18.98,14.66,16.31,7.06
142.01,15.59,10.65,9.54,6.77,18.96,14.66,16.31,7.06
142.02,15.59,10.65,9.55,6.76,18.98,14.68,16.34,7.07
142.03,15.56,10.65,9.55,6.77,18.98,14.68,16.34,7.06
142.04,15.59,10.64,9.55,6.78,18.96,14.68,16.31,7.06
142.05,15.56,10.64,9.55,6.77,18.96,14.66,16.34,7.06
142.06,15.56,10.64,9.56,6.77,18.96,14.68,16.31,7.06
142.07,15.56,10.64,9.54,6.76,18.98,14.66,16.34,7.06
142.08,15.56,10.64,9.55,6.77,18.96,14.66,16.31,7.07
142.09,15.59,10.62,9.55,6.76,18.98,14.68,16.31,7.06
142.10,15.56,10.64,9.54,6.76,19.01,14.68,16.34,7.06
142.11,15.56,10.64,9.56,6.76,18.96,14.66,16.31,7.07
142.12,15.59,10.64,9.56,6.76,18.98,14.66,16.34,7.06
142.13,15.56,10.64,9.55,6.77,18.98,14.68,16.31,7.07
142.14,15.56,10.62,9.56,6.76,18.98,14.68,16.31,7.06
142.15,15.59,10.64,9.55,6.77,19.01,14.66,16.34,7.07
142.16,15.56,10.64,9.55,6.76,18.96,14.66,16.31,7.05
142.17,15.56,10.62,9.55,6.77,18.96,14.68,16.31,7.06
142.18,15.56,10.64,9.55,6.76,18.96,14.68,16.34,7.06
142.19,15.56,10.64,9.55,6.77,19.01,14.68,16.31,7.06
142.20,15.56,10.64,9.55,6.76,18.98,14.68,16.31,7.06
142.21,15.56,10.64,9.55,6.76,18.98,14.68,16.34,7.07
142.22,15.56,10.64,9.55,6.77,18.96,14.66,16.34,7.06
142.23,15.56,10.65,9.55,6.77,19.01,14.66,16.34,7.07
142.24,15.56,10.64,9.55,6.76,18.98,14.68,16.34,7.07
142.25,15.59,10.64,9.55,6.77,18.98,14.66,16.34,7.06
142.26,15.56,10.62,9.55,6.78,18.98,14.66,16.31,7.07
142.27,15.56,10.64,9.55,6.77,18.96,14.68,16.34,7.06
142.28,15.59,10.64,9.55,6.77,19.01,14.66,16.34,7.06
142.29,15.56,10.64,9.56,6.77,18.98,14.66,16.31,7.06
142.30,15.56,10.64,9.55,6.77,18.98,14.66,16.31,7.06
142.31,15.56,10.65,9.55,6.76,18.98,14.68,16.31,7.07
142.32,15.56,10.64,9.55,6.78,18.98,14.66,16.31,7.05
142.33,15.56,10.64,9.54,6.77,18.98,14.66,16.31,7.06
142.34,15.59,10.65,9.55,6.77,18.98,14.68,16.31,7.07
142.35,15.56,10.64,9.55,6.77,18.98,14.66,16.34,7.06
142.36,15.56,10.62,9.55,6.77,18.98,14.66,16.31,7.06
142.37,15.59,10.64,9.55,6.77,18.96,14.66,16.34,7.06
142.38,15.56,10.64,9.55,6.76,18.98,14.68,16.31,7.06
142.39,15.56,10.64,9.56,6.77,18.98,14.68,16.34,7.06
142.40,15.56,10.62,9.55,6.77,18.98,14.66,16.31,7.06
142.41,15.59,10.62,9.56,6.77,18.96,14.66,16.31,7.06
142.42,15.56,10.64,9.55,6.77,19.01,14.66,16.31,7.05
142.43,15.56,10.64,9.55,6.76,18.96,14.68,16.31,7.06
142.44,15.59,10.62,9.55,6.76,18.98,14.68,16.31,7.05
142.45,15.59,10.64,9.55,6.78,18.98,14.68,16.29,7.07
142.46,15.59,10.64,9.55,6.78,18.98,14.66,16.31,7.07
142.47,15.56,10.62,9.55,6.76,18.98,14.68,16.31,7.06
142.48,15.56,10.64,9.55,6.77,18.98,14.68,16.31,7.06
142.49,15.56,10.64,9.55,6.76,18.98,14.68,16.29,7.06
142.50,15.56,10.64,9.54,6.77,18.96,14.68,16.34,7.06
142.51,15.56,10.64,9.56,6.77,18.98,14.66,16.31,7.05
142.52,15.59,10.65,9.55,6.77,18.98,14.66,16.31,7.07
142.53,15.56,10.62,9.55,6.77,18.98,14.66,16.34,7.06
142.54,15.56,10.64,9.55,6.77,19.01,14.68,16.31,7.06
142.55,15.59,10.65,9.55,6.77,18.96,14.68,16.31,7.07
142.56,15.59,10.64,9.55,6.77,18.98,14.66,16.36,7.06
142.57,15.59,10.62,9.55,6.76,18.98,14.68,16.34,7.06
142.58,15.56,10.62,9.55,6.77,18.98,14.68,16.31,7.06
142.59,15.56,10.64,9.54,6.77,18.96,14.68,16.34,7.06
142.60,15.56,10.65,9.55,6.77,18.98,14.66,16.34,7.06
142.61,15.56,10.64,9.55,6.77,18.98,14.66,16.31,7.06
142.62,15.59,10.64,9.55,6.76,19.01,14.68,16.31,7.06
142.63,15.56,10.64,9.56,6.78,18.98,14.66,16.34,7.06
142.64,15.59,10.64,9.55,6.76,18.96,14.66,16.34,7.06
142.65,15.56,10.64,9.55,6.77,18.98,14.68,16.31,7.06
142.66,15.56,10.64,9.55,6.77,18.98,14.66,16.31,7.06
142.67,15.59,10.64,9.55,6.78,19.01,14.66,16.31,7.06
142.68,15.56,10.64,9.55,6.77,19.01,14.66,16.34,7.06
142.69,15.59,10.64,9.55,6.76,18.96,14.68,16.31,7.07
142.70,15.56,10.65,9.56,6.77,18.96,14.68,16.34,7.06
142.71,15.56,10.64,9.55,6.77,18.98,14.66,16.34,7.07
142.72,15.59,10.64,9.55,6.78,19.01,14.68,16.34,7.06
142.73,15.59,10.62,9.56,6.78,18.98,14.66,16.31,7.07
142.74,15.56,10.65,9.56,6.77,18.98,14.66,16.31,7.06
142.75,15.56,10.64,9.55,6.78,18.96,14.68,16.34,7.07
142.76,15.59,10.64,9.56,6.76,19.01,14.66,16.36,7.05
142.77,15.59,10.65,9.55,6.78,18.96,14.66,16.31,7.06
142.78,15.59,10.64,9.55,6.78,19.01,14.70,16.31,7.07
142.79,15.59,10.65,9.55,6.76,18.98,14.68,16.34,7.06
142.80,15.56,10.65,9.55,6.77,19.01,14.68,16.31,7.06
142.81,15.56,10.65,9.55,6.77,18.98,14.68,16.31,7.06
142.82,15.59,10.65,9.55,6.77,18.98,14.66,16.31,7.07
142.83,15.59,10.64,9.55,6.77,19.01,14.66,16.31,7.06
142.84,15.56,10.64,9.55,6.77,19.01,14.68,16.31,7.07
142.85,15.59,10.65,9.55,6.76,18.98,14.68,16.34,7.06
142.86,15.56,10.64,9.56,6.78,18.98,14.66,16.31,7.06
142.87,15.56,10.64,9.55,6.77,18.98,14.68,16.31,7.06
142.88,15.56,10.65,9.55,6.78,18.98,14.66,16.31,7.06
142.89,15.59,10.64,9.56,6.77,18.98,14.68,16.31,7.06
142.90,15.56,10.65,9.55,6.77,18.98,14.68,16.31,7.07
142.91,15.56,10.64,9.55,6.78,18.96,14.66,16.31,7.06
142.92,15.56,10.64,9.55,6.76,18.98,14.68,16.36,7.08
142.93,15.56,10.64,9.55,6.77,18.98,14.66,16.31,7.07
142.94,15.56,10.64,9.55,6.78,18.98,14.68,16.36,7.06
142.95,15.59,10.62,9.54,6.76,18.98,14.68,16.31,7.06
142.96,15.56,10.65,9.55,6.77,18.98,14.68,16.31,7.06
142.97,15.56,10.64,9.55,6.77,18.96,14.68,16.34,7.07
142.98,15.59,10.65,9.55,6.77,18.98,14.66,16.31,7.06
142.99,15.56,10.62,9.55,6.77,18.98,14.68,16.31,7.05
143.00,15.56,10.65,9.55,6.77,18.96,14.66,16.31,7.06
143.01,15.56,10.65,9.55,6.77,18.98,14.68,16.34,7.06
143.02,15.56,10.64,9.55,6.78,18.98,14.66,16.34,7.07
143.03,15.56,10.64,9.55,6.77,18.98,14.66,16.31,7.06
143.04,15.56,10.64,9.55,6.77,18.98,14.68,16.34,7.06
143.05,15.56,10.64,9.55,6.77,18.98,14.64,16.31,7.05
143.06,15.56,10.65,9.55,6.77,18.96,14.66,16.31,7.06
143.07,15.56,10.64,9.56,6.78,18.98,14.68,16.31,7.07
143.08,15.59,10.64,9.55,6.77,18.98,14.68,16.31,7.07
143.09,15.59,10.64,9.55,6.77,18.98,14.68,16.31,7.06
143.10,15.59,10.64,9.55,6.77,18.98,14.66,16.34,7.06
143.11,15.59,10.64,9.55,6.77,19.01,14.66,16.36,7.06
143.12,15.56,10.64,9.56,6.78,19.01,14.68,16.34,7.06
143.13,15.56,10.64,9.55,6.78,18.96,14.66,16.31,7.06
143.14,15.59,10.65,9.56,6.78,18.98,14.68,16.31,7.06
143.15,15.56,10.64,9.55,6.77,18.98,14.66,16.34,7.07
143.16,15.56,10.64,9.55,6.78,18.98,14.68,16.31,7.06
143.17,15.59,10.64,9.55,6.77,18.98,14.66,16.31,7.05
143.18,15.56,10.65,9.55,6.77,19.01,14.68,16.34,7.06
143.19,15.56,10.65,9.55,6.77,18.98,14.66,16.34,7.06
143.20,15.59,10.65,9.55,6.79,18.98,14.66,16.34,7.06
143.21,15.56,10.64,9.54,6.77,18.96,14.66,16.31,7.06
143.22,15.56,10.65,9.56,6.77,18.98,14.68,16.36,7.08
143.23,15.59,10.64,9.55,6.77,18.98,14.66,16.31,7.06
143.24,15.56,10.64,9.55,6.78,19.01,14.66,16.36,7.07
143.25,15.56,10.64,9.55,6.77,18.98,14.70,16.31,7.07
143.26,15.59,10.64,9.56,6.78,19.01,14.68,16.34,7.06
143.27,15.59,10.62,9.55,6.77,19.01,14.66,16.34,7.06
143.28,15.56,10.64,9.56,6.77,18.96,14.66,16.31,7.06
143.29,15.56,10.64,9.55,6.77,19.01,14.66,16.31,7.07
143.30,15.56,10.64,9.56,6.78,18.98,14.70,16.34,7.07
143.31,15.59,10.64,9.55,6.77,19.01,14.66,16.34,7.07
143.32,15.59,10.64,9.56,6.77,18.98,14.66,16.31,7.06
143.33,15.56,10.64,9.56,6.78,18.98,14.68,16.31,7.06
143.34,15.59,10.64,9.55,6.77,18.98,14.68,16.36,7.06
143.35,15.56,10.64,9.55,6.77,18.98,14.68,16.31,7.07
143.36,15.59,10.64,9.55,6.78,18.98,14.68,16.31,7.08
143.37,15.56,10.64,9.56,6.77,18.96,14.66,16.34,7.06
143.38,15.59,10.64,9.56,6.77,18.98,14.66,16.31,7.06
143.39,15.56,10.65,9.55,6.76,18.98,14.66,16.34,7.06
143.40,15.56,10.64,9.55,6.77,18.98,14.68,16.31,7.06
143.41,15.59,10.64,9.55,6.77,18.98,14.66,16.34,7.07
143.42,15.56,10.64,9.55,6.77,18.98,14.66,16.34,7.07
143.43,15.56,10.64,9.55,6.77,18.98,14.68,16.31,7.06
143.44,15.59,10.65,9.56,6.77,18.98,14.66,16.34,7.06
143.45,15.59,10.65,9.55,6.77,18.98,14.68,16.31,7.06
143.46,15.56,10.64,9.55,6.77,18.98,14.68,16.31,7.06
143.47,15.59,10.64,9.56,6.77,18.96,14.68,16.31,7.06
143.48,15.56,10.65,9.55,6.77,18.96,14.66,16.31,7.07
143.49,15.56,10.64,9.55,6.78,18.98,14.68,16.31,7.06
143.50,15.56,10.64,9.55,6.77,19.01,14.68,16.34,7.07
143.51,15.59,10.65,9.55,6.78,18.98,14.68,16.36,7.08
143.52,15.59,10.64,9.55,6.77,18.98,14.66,16.31,7.07
143.53,15.56,10.65,9.55,6.78,19.01,14.66,16.31,7.07
143.54,15.59,10.65,9.55,6.78,18.96,14.68,16.31,7.05
143.56,15.59,10.64,9.55,6.78,18.98,14.68,16.31,7.06
143.57,15.56,10.64,9.56,6.77,19.01,14.68,16.34,7.06
143.58,15.59,10.64,9.56,6.78,18.98,14.68,16.31,7.07
143.59,15.56,10.65,9.55,6.78,18.98,14.68,16.31,7.06
143.60,15.59,10.64,9.56,6.79,18.96,14.66,16.31,7.07
143.61,15.56,10.64,9.55,6.78,19.01,14.66,16.31,7.06
143.62,15.56,10.64,9.55,6.77,18.98,14.68,16.34,7.06
143.63,15.56,10.64,9.55,6.77,18.98,14.68,16.31,7.06
143.64,15.59,10.62,9.55,6.77,18.98,14.68,16.31,7.06
143.65,15.56,10.64,9.56,6.77,18.98,14.66,16.31,7.07
143.66,15.56,10.64,9.55,6.77,19.01,14.66,16.31,7.07
143.67,15.59,10.64,9.56,6.77,19.01,14.70,16.31,7.07
143.68,15.59,10.64,9.55,6.78,18.98,14.68,16.34,7.07
143.69,15.59,10.64,9.55,6.77,18.98,14.66,16.34,7.06
143.70,15.59,10.64,9.55,6.77,18.98,14.66,16.36,7.06
143.71,15.56,10.64,9.56,6.77,18.98,14.66,16.34,7.06
143.72,15.56,10.64,9.55,6.77,18.98,14.64,16.31,7.06
143.73,15.56,10.64,9.55,6.78,18.96,14.68,16.34,7.06
143.74,15.56,10.64,9.56,6.78,19.01,14.68,16.34,7.07
143.75,15.59,10.64,9.55,6.79,18.98,14.70,16.34,7.06
143.76,15.59,10.64,9.55,6.77,18.98,14.68,16.31,7.07
143.77,15.59,10.64,9.55,6.77,18.96,14.68,16.31,7.07
143.78,15.59,10.64,9.55,6.79,18.98,14.66,16.31,7.06
143.79,15.56,10.65,9.56,6.77,18.98,14.64,16.31,7.07
143.80,15.59,10.65,9.56,6.79,18.96,14.66,16.36,7.07
143.81,15.59,10.64,9.56,6.77,18.98,14.66,16.34,7.07
143.82,15.56,10.64,9.55,6.78,19.01,14.68,16.31,7.08
143.83,15.56,10.64,9.55,6.78,19.01,14.66,16.34,7.07
143.84,15.59,10.64,9.55,6.78,18.96,14.68,16.34,7.07
143.85,15.56,10.64,9.55,6.77,19.01,14.66,16.34,7.07
143.86,15.56,10.64,9.55,6.78,18.98,14.68,16.34,7.06
143.87,15.59,10.64,9.55,6.78,18.98,14.66,16.31,7.08
143.88,15.56,10.65,9.55,6.77,19.01,14.68,16.34,7.07
143.89,15.56,10.64,9.55,6.77,18.96,14.66,16.31,7.07
143.90,15.59,10.64,9.55,6.78,18.96,14.68,16.34,7.07
143.91,15.59,10.64,9.56,6.78,18.96,14.68,16.31,7.08
143.92,15.56,10.64,9.55,6.77,18.98,14.66,16.31,7.06
143.93,15.59,10.64,9.55,6.78,18.98,14.66,16.31,7.07
143.94,15.56,10.64,9.55,6.77,18.98,14.66,16.31,7.06
143.95,15.56,10.64,9.55,6.77,18.98,14.66,16.36,7.06
143.96,15.56,10.64,9.55,6.77,19.01,14.68,16.31,7.07
143.97,15.56,10.62,9.55,6.77,18.98,14.68,16.36,7.07
143.98,15.59,10.65,9.55,6.77,18.98,14.68,16.31,7.06
143.99,15.56,10.64,9.56,6.79,18.98,14.68,16.36,7.08
144.00,15.56,10.64,9.55,6.79,18.98,14.66,16.31,7.07
144.01,15.59,10.64,9.56,6.78,18.96,14.66,16.34,7.07
144.02,15.56,10.64,9.55,6.78,18.98,14.70,16.31,7.07
144.03,15.56,10.64,9.55,6.77,19.01,14.66,16.31,7.07
144.04,15.59,10.64,9.56,6.77,19.01,14.66,16.34,7.07
144.05,15.56,10.65,9.56,6.78,18.98,14.68,16.34,7.07
144.06,15.59,10.64,9.55,6.79,18.98,14.68,16.31,7.06
144.07,15.56,10.65,9.55,6.77,18.98,14.68,16.34,7.08
144.08,15.59,10.64,9.55,6.79,18.98,14.68,16.36,7.07
144.09,15.56,10.64,9.56,6.77,19.01,14.68,16.31,7.06
144.10,15.56,10.64,9.55,6.77,18.96,14.66,16.31,7.06
144.11,15.56,10.64,9.55,6.78,18.98,14.68,16.34,7.07
144.12,15.56,10.64,9.55,6.78,19.01,14.68,16.31,7.06
144.13,15.59,10.64,9.55,6.78,18.98,14.66,16.34,7.07
144.14,15.56,10.65,9.55,6.77,18.98,14.66,16.34,7.07
144.15,15.59,10.62,9.55,6.78,18.98,14.66,16.34,7.07
144.16,15.56,10.64,9.55,6.77,19.01,14.66,16.31,7.07
144.17,15.56,10.64,9.56,6.77,19.01,14.68,16.31,7.07
144.18,15.56,10.64,9.55,6.77,18.98,14.68,16.31,7.06
144.19,15.59,10.65,9.55,6.77,18.98,14.66,16.31,7.07
144.20,15.56,10.65,9.55,6.77,18.96,14.66,16.31,7.06
144.21,15.56,10.64,9.55,6.77,18.98,14.68,16.31,7.08
144.22,15.56,10.65,9.55,6.77,18.98,14.66,16.31,7.06
144.23,15.59,10.65,9.55,6.78,18.98,14.68,16.34,7.06
144.24,15.59,10.64,9.56,6.78,18.98,14.68,16.31,7.06
144.25,15.59,10.65,9.57,6.78,18.96,14.68,16.34,7.06
144.26,15.56,10.64,9.55,6.78,18.98,14.70,16.34,7.07
144.27,15.56,10.64,9.55,6.77,18.96,14.66,16.31,7.07
144.28,15.56,10.65,9.55,6.77,18.98,14.70,16.34,7.06
144.29,15.59,10.64,9.55,6.77,19.01,14.66,16.34,7.07
144.30,15.59,10.64,9.56,6.77,18.98,14.68,16.31,7.06
144.31,15.59,10.65,9.55,6.79,18.98,14.66,16.31,7.07
144.32,15.59,10.65,9.55,6.78,18.98,14.66,16.31,7.06
144.33,15.56,10.64,9.56,6.77,18.98,14.68,16.34,7.07
144.34,15.59,10.64,9.55,6.77,18.98,14.68,16.31,7.07
144.35,15.56,10.64,9.55,6.77,18.98,14.68,16.31,7.06
144.36,15.59,10.64,9.56,6.77,18.98,14.66,16.34,7.06
144.37,15.56,10.64,9.55,6.78,18.98,14.68,16.34,7.08
144.38,15.56,10.64,9.56,6.79,18.96,14.66,16.34,7.07
144.39,15.59,10.65,9.57,6.78,19.01,14.66,16.31,7.06
144.40,15.56,10.64,9.55,6.77,18.98,14.68,16.31,7.07
144.41,15.59,10.64,9.55,6.78,19.01,14.66,16.31,7.06
144.42,15.56,10.64,9.56,6.77,19.01,14.66,16.34,7.07
144.43,15.59,10.64,9.55,6.78,18.96,14.66,16.34,7.07
144.44,15.56,10.64,9.55,6.78,18.96,14.68,16.34,7.08
144.45,15.59,10.64,9.56,6.78,18.98,14.68,16.34,7.08
144.46,15.59,10.64,9.56,6.78,18.98,14.66,16.34,7.07
144.47,15.59,10.65,9.55,6.78,18.96,14.68,16.31,7.08
144.48,15.56,10.64,9.56,6.79,18.96,14.66,16.34,7.07
144.49,15.59,10.64,9.55,6.78,18.98,14.66,16.31,7.07
144.50,15.59,10.65,9.55,6.79,18.98,14.66,16.31,7.07
144.51,15.56,10.64,9.55,6.78,18.98,14.68,16.34,7.07
144.52,15.56,10.64,9.55,6.77,18.98,14.66,16.34,7.07
144.53,15.59,10.64,9.55,6.79,18.98,14.66,16.31,7.07
144.54,15.56,10.64,9.55,6.78,18.98,14.68,16.34,7.07
144.55,15.59,10.65,9.56,6.78,18.96,14.68,16.34,7.07
144.56,15.56,10.65,9.55,6.79,18.98,14.66,16.31,7.07
144.57,15.56,10.64,9.55,6.77,18.98,14.66,16.31,7.07
144.58,15.59,10.65,9.55,6.78,18.96,14.68,16.34,7.07
144.59,15.59,10.64,9.56,6.79,18.98,14.68,16.34,7.07
144.60,15.56,10.62,9.55,6.78,18.98,14.68,16.34,7.07
144.61,15.59,10.65,9.56,6.78,18.98,14.70,16.31,7.07
144.62,15.59,10.64,9.55,6.78,18.98,14.66,16.36,7.07
144.63,15.59,10.64,9.55,6.78,18.98,14.68,16.34,7.06
144.64,15.59,10.65,9.56,6.78,18.96,14.66,16.31,7.08
144.65,15.59,10.64,9.55,6.79,19.01,14.68,16.31,7.07
144.66,15.56,10.64,9.55,6.78,18.96,14.70,16.36,7.08
144.67,15.56,10.64,9.56,6.77,18.98,14.68,16.31,7.06
144.68,15.56,10.64,9.55,6.78,18.96,14.66,16.31,7.08
144.69,15.56,10.64,9.55,6.78,19.01,14.68,16.31,7.07
144.70,15.56,10.64,9.55,6.79,18.98,14.66,16.31,7.06
144.71,15.56,10.65,9.55,6.78,19.01,14.68,16.31,7.06
144.72,15.56,10.64,9.55,6.77,18.98,14.66,16.31,7.07
144.73,15.56,10.65,9.55,6.78,18.98,14.68,16.31,7.07
144.74,15.59,10.64,9.55,6.77,18.96,14.66,16.34,7.08
144.75,15.56,10.65,9.55,6.79,18.96,14.68,16.31,7.07
144.76,15.56,10.64,9.56,6.78,18.96,14.68,16.31,7.07
144.77,15.59,10.65,9.55,6.78,18.98,14.68,16.31,7.08
144.78,15.59,10.64,9.56,6.77,18.98,14.68,16.31,7.08
144.79,15.54,10.64,9.55,6.78,19.01,14.66,16.31,7.07
144.80,15.56,10.64,9.55,6.77,18.96,14.68,16.31,7.06
144.81,15.56,10.64,9.55,6.77,19.01,14.66,16.31,7.06
144.82,15.56,10.64,9.55,6.79,18.98,14.66,16.31,7.08
144.83,15.56,10.64,9.55,6.79,19.01,14.68,16.34,7.07
144.84,15.59,10.64,9.55,6.78,18.96,14.68,16.31,7.07
144.85,15.59,10.64,9.55,6.79,18.98,14.66,16.31,7.07
144.86,15.59,10.64,9.55,6.77,18.96,14.68,16.31,7.07
144.87,15.56,10.65,9.56,6.78,18.98,14.68,16.31,7.06
144.88,15.56,10.64,9.55,6.78,18.98,14.66,16.34,7.07
144.89,15.56,10.65,9.55,6.78,18.98,14.66,16.31,7.07
144.90,15.59,10.65,9.55,6.78,18.98,14.68,16.31,7.08
144.91,15.56,10.64,9.55,6.78,18.98,14.66,16.36,7.07
144.92,15.56,10.64,9.55,6.78,18.98,14.68,16.31,7.07
144.93,15.56,10.65,9.55,6.78,18.98,14.66,16.34,7.07
144.94,15.59,10.64,9.55,6.78,19.01,14.66,16.31,7.07
144.95,15.56,10.64,9.55,6.78,18.98,14.68,16.31,7.08
144.96,15.59,10.64,9.55,6.78,19.01,14.66,16.34,7.07
144.97,15.59,10.65,9.55,6.78,18.98,14.68,16.31,7.07
144.98,15.59,10.64,9.55,6.78,18.96,14.66,16.34,7.07
144.99,15.56,10.64,9.56,6.78,18.98,14.66,16.31,7.08
145.00,15.56,10.64,9.55,6.78,19.01,14.66,16.31,7.06
145.01,15.56,10.64,9.55,6.77,18.98,14.66,16.31,7.07
145.02,15.56,10.65,9.55,6.77,19.01,14.68,16.31,7.07
145.03,15.56,10.65,9.55,6.78,19.01,14.66,16.34,7.07
145.04,15.56,10.64,9.55,6.78,18.98,14.66,16.31,7.08
145.05,15.56,10.64,9.56,6.78,18.96,14.68,16.34,7.06
145.06,15.56,10.64,9.55,6.79,18.98,14.66,16.31,7.07
145.07,15.54,10.64,9.55,6.78,18.98,14.66,16.34,7.07
145.08,15.56,10.65,9.55,6.78,18.98,14.66,16.31,7.07
145.09,15.56,10.64,9.56,6.79,18.96,14.68,16.34,7.06
145.10,15.56,10.64,9.55,6.78,18.98,14.66,16.31,7.06
145.11,15.56,10.64,9.55,6.78,18.98,14.66,16.31,7.08
145.12,15.59,10.64,9.55,6.78,18.98,14.66,16.31,7.07
145.13,15.56,10.64,9.55,6.78,19.01,14.68,16.31,7.07
145.14,15.56,10.64,9.55,6.78,18.98,14.66,16.31,7.06
145.15,15.56,10.64,9.55,6.79,19.01,14.68,16.31,7.07
145.16,15.56,10.64,9.55,6.78,18.98,14.66,16.34,7.07
145.17,15.56,10.64,9.55,6.78,18.98,14.68,16.34,7.07
145.18,15.59,10.64,9.55,6.79,18.98,14.68,16.34,7.07
145.19,15.56,10.64,9.55,6.78,18.98,14.68,16.36,7.07
145.20,15.56,10.64,9.55,6.79,18.96,14.68,16.34,7.07
145.21,15.56,10.64,9.55,6.78,18.98,14.66,16.34,7.06
145.22,15.59,10.64,9.55,6.78,18.98,14.66,16.31,7.08
145.23,15.56,10.65,9.55,6.78,18.98,14.68,16.31,7.07
145.24,15.59,10.65,9.55,6.78,18.96,14.66,16.34,7.07
145.25,15.56,10.64,9.56,6.78,18.98,14.68,16.31,7.06
145.26,15.59,10.64,9.55,6.78,18.98,14.66,16.31,7.07
145.27,15.56,10.65,9.55,6.79,18.96,14.66,16.34,7.07
145.28,15.56,10.64,9.55,6.79,19.01,14.66,16.31,7.07
145.29,15.56,10.64,9.56,6.79,19.01,14.66,16.31,7.08
145.30,15.56,10.64,9.56,6.79,18.96,14.66,16.31,7.06
145.31,15.59,10.64,9.56,6.79,18.98,14.66,16.31,7.08
145.32,15.56,10.65,9.55,6.79,18.98,14.66,16.34,7.07
145.33,15.56,10.62,9.55,6.79,18.96,14.66,16.34,7.07
145.34,15.59,10.65,9.56,6.79,18.98,14.68,16.31,7.07
145.35,15.59,10.65,9.55,6.79,18.96,14.68,16.34,7.07
145.36,15.56,10.62,9.55,6.79,18.98,14.66,16.31,7.06
145.37,15.56,10.64,9.55,6.78,18.98,14.66,16.31,7.08
145.38,15.59,10.65,9.55,6.79,18.98,14.66,16.34,7.07
145.39,15.56,10.64,9.55,6.79,18.96,14.66,16.34,7.07
145.40,15.56,10.64,9.55,6.78,19.01,14.66,16.34,7.07
145.41,15.59,10.64,9.55,6.79,18.96,14.66,16.34,7.08
145.42,15.56,10.64,9.56,6.78,18.98,14.66,16.36,7.07
145.43,15.56,10.64,9.55,6.78,18.98,14.68,16.31,7.07
145.44,15.56,10.64,9.55,6.79,18.96,14.68,16.31,7.07
145.45,15.56,10.65,9.56,6.79,18.98,14.68,16.34,7.08
145.46,15.56,10.64,9.56,6.79,19.01,14.68,16.36,7.08
145.47,15.56,10.64,9.56,6.78,18.96,14.68,16.34,7.08
145.48,15.56,10.64,9.55,6.78,18.98,14.68,16.31,7.07
145.49,15.56,10.64,9.55,6.78,18.98,14.68,16.31,7.06
145.50,15.56,10.64,9.55,6.78,18.96,14.66,16.31,7.08
145.51,15.56,10.65,9.57,6.79,18.98,14.66,16.31,7.06
145.52,15.56,10.66,9.56,6.78,18.96,14.66,16.34,7.08
145.53,15.56,10.64,9.55,6.78,18.96,14.68,16.31,7.07
145.54,15.59,10.64,9.56,6.78,18.98,14.66,16.34,7.07
145.55,15.59,10.65,9.56,6.78,18.98,14.66,16.31,7.06
145.56,15.56,10.64,9.55,6.78,18.98,14.66,16.31,7.07
145.57,15.59,10.64,9.57,6.80,18.98,14.68,16.34,7.07
145.58,15.56,10.65,9.55,6.78,18.98,14.66,16.34,7.06
145.59,15.56,10.64,9.55,6.78,18.96,14.68,16.31,7.07
145.60,15.56,10.65,9.56,6.79,18.98,14.68,16.31,7.07
145.61,15.56,10.64,9.55,6.79,18.98,14.68,16.34,7.07
145.62,15.56,10.64,9.55,6.78,18.98,14.66,16.34,7.08
145.63,15.56,10.64,9.56,6.78,18.98,14.68,16.29,7.07
145.64,15.56,10.64,9.55,6.79,19.01,14.66,16.31,7.07
145.65,15.59,10.64,9.56,6.79,18.96,14.66,16.31,7.08
145.66,15.56,10.65,9.55,6.78,19.01,14.68,16.36,7.07
145.67,15.56,10.64,9.55,6.79,18.96,14.68,16.31,7.06
145.68,15.59,10.66,9.55,6.78,18.98,14.66,16.31,7.06
145.69,15.56,10.65,9.55,6.78,18.98,14.66,16.34,7.07
145.70,15.56,10.64,9.55,6.78,18.98,14.66,16.29,7.07
145.71,15.59,10.64,9.55,6.78,18.98,14.68,16.29,7.07
145.72,15.56,10.65,9.55,6.79,18.98,14.66,16.34,7.08
145.73,15.56,10.64,9.56,6.78,18.98,14.68,16.31,7.07
145.74,15.56,10.64,9.55,6.78,18.96,14.68,16.31,7.07
145.75,15.56,10.64,9.55,6.79,18.98,14.66,16.34,7.07
145.76,15.56,10.65,9.55,6.78,18.98,14.66,16.31,7.07
145.77,15.56,10.64,9.55,6.79,19.01,14.68,16.31,7.08
145.78,15.56,10.65,9.55,6.78,18.98,14.66,16.36,7.08
145.79,15.56,10.64,9.55,6.79,18.98,14.68,16.31,7.08
145.80,15.56,10.65,9.56,6.78,18.96,14.68,16.31,7.07
145.81,15.59,10.64,9.55,6.79,18.98,14.66,16.34,7.07
145.82,15.56,10.65,9.55,6.79,18.98,14.66,16.31,7.07
145.83,15.56,10.65,9.55,6.78,18.98,14.66,16.31,7.07
145.84,15.56,10.64,9.55,6.78,18.98,14.68,16.31,7.07
145.85,15.56,10.64,9.55,6.79,19.01,14.66,16.31,7.07
145.86,15.56,10.64,9.55,6.79,18.98,14.66,16.31,7.07
145.87,15.59,10.64,9.55,6.78,18.96,14.66,16.31,7.07
145.88,15.56,10.64,9.55,6.79,18.96,14.66,16.34,7.07
145.89,15.56,10.64,9.55,6.78,18.98,14.66,16.34,7.08
145.90,15.59,10.64,9.56,6.78,18.98,14.68,16.31,7.07
145.91,15.56,10.64,9.55,6.79,19.01,14.66,16.31,7.07
145.92,15.56,10.64,9.55,6.80,18.98,14.68,16.34,7.07
145.93,15.56,10.65,9.55,6.79,18.98,14.64,16.34,7.08
145.94,15.54,10.64,9.55,6.79,19.01,14.66,16.31,7.07
145.95,15.59,10.65,9.56,6.79,18.96,14.68,16.34,7.08
145.96,15.59,10.64,9.56,6.79,18.96,14.68,16.31,7.06
145.97,15.54,10.64,9.55,6.78,18.96,14.68,16.31,7.07
145.98,15.56,10.65,9.55,6.78,18.96,14.66,16.31,7.08
145.99,15.56,10.64,9.55,6.78,18.98,14.66,16.31,7.07
146.00,15.56,10.64,9.56,6.79,18.98,14.66,16.31,7.06
146.01,15.59,10.64,9.55,6.78,19.01,14.68,16.31,7.07
146.02,15.59,10.64,9.55,6.79,18.96,14.66,16.31,7.07
146.03,15.56,10.64,9.56,6.79,18.96,14.68,16.34,7.07
146.04,15.56,10.64,9.55,6.79,19.01,14.66,16.31,7.08
146.05,15.56,10.64,9.55,6.78,18.96,14.68,16.31,7.08
146.06,15.56,10.64,9.55,6.78,18.96,14.66,16.31,7.07
146.07,15.56,10.64,9.55,6.79,18.96,14.66,16.31,7.08
146.08,15.56,10.65,9.55,6.79,18.96,14.66,16.31,7.07
146.09,15.59,10.64,9.55,6.79,18.98,14.66,16.34,7.08
146.10,15.56,10.64,9.55,6.78,18.96,14.66,16.34,7.07
146.11,15.56,10.62,9.57,6.79,18.98,14.66,16.31,7.07
146.12,15.56,10.64,9.56,6.79,18.98,14.68,16.31,7.07
146.13,15.56,10.65,9.55,6.79,18.98,14.66,16.34,7.07
146.14,15.56,10.64,9.55,6.79,18.98,14.66,16.31,7.07
146.15,15.56,10.65,9.55,6.78,18.96,14.66,16.31,7.07
146.16,15.56,10.65,9.55,6.79,18.96,14.66,16.31,7.08
146.17,15.56,10.65,9.55,6.78,18.96,14.68,16.31,7.07
146.18,15.56,10.64,9.56,6.79,18.98,14.66,16.31,7.07
146.19,15.56,10.64,9.55,6.78,18.98,14.66,16.34,7.08
146.20,15.56,10.64,9.55,6.79,18.98,14.66,16.34,7.08
146.21,15.56,10.64,9.55,6.79,18.96,14.68,16.34,7.07
146.22,15.56,10.64,9.55,6.78,18.98,14.68,16.31,7.07
146.23,15.59,10.64,9.55,6.79,18.98,14.68,16.31,7.08
146.24,15.59,10.62,9.55,6.79,18.98,14.68,16.34,7.07
146.25,15.56,10.64,9.55,6.79,18.98,14.66,16.34,7.08
146.26,15.56,10.64,9.56,6.79,18.98,14.66,16.31,7.06
146.27,15.56,10.64,9.55,6.79,18.98,14.66,16.31,7.08
146.28,15.56,10.64,9.55,6.79,18.98,14.68,16.34,7.06
146.29,15.54,10.64,9.56,6.78,18.98,14.66,16.34,7.08
146.30,15.56,10.64,9.55,6.79,18.96,14.66,16.31,7.07
146.31,15.59,10.65,9.56,6.79,18.96,14.66,16.34,7.08
146.32,15.56,10.64,9.55,6.78,18.96,14.68,16.31,7.08
146.33,15.56,10.66,9.55,6.78,18.96,14.66,16.31,7.07
146.34,15.56,10.65,9.55,6.79,18.98,14.68,16.34,7.08
146.35,15.59,10.66,9.55,6.79,18.96,14.68,16.31,7.07
146.36,15.56,10.64,9.55,6.79,18.98,14.66,16.31,7.07
146.37,15.54,10.64,9.55,6.79,18.98,14.68,16.31,7.07
146.38,15.56,10.64,9.56,6.79,18.96,14.68,16.34,7.08
146.39,15.56,10.64,9.55,6.79,18.96,14.68,16.34,7.07
146.40,15.56,10.64,9.55,6.79,18.96,14.66,16.34,7.07
146.41,15.56,10.64,9.55,6.78,18.96,14.66,16.29,7.08
146.42,15.56,10.64,9.55,6.79,18.98,14.66,16.31,7.07
146.43,15.56,10.64,9.55,6.79,18.98,14.66,16.31,7.07
146.44,15.56,10.64,9.55,6.79,18.96,14.66,16.31,7.08
146.45,15.56,10.64,9.56,6.79,19.01,14.68,16.31,7.07
146.46,15.56,10.65,9.55,6.79,18.98,14.66,16.34,7.08
146.47,15.56,10.64,9.55,6.79,18.98,14.66,16.36,7.08
146.48,15.56,10.65,9.55,6.79,18.96,14.66,16.31,7.07
146.49,15.56,10.64,9.55,6.79,18.96,14.66,16.29,7.08
146.50,15.56,10.65,9.55,6.79,18.96,14.66,16.31,7.07
146.51,15.56,10.64,9.55,6.79,18.96,14.68,16.31,7.07
146.52,15.56,10.64,9.56,6.79,18.96,14.66,16.31,7.07
146.53,15.56,10.62,9.55,6.80,18.96,14.66,16.34,7.07
146.54,15.56,10.64,9.55,6.79,18.98,14.66,16.34,7.07
146.55,15.56,10.64,9.55,6.79,18.96,14.66,16.31,7.07
146.56,15.56,10.64,9.55,6.78,18.98,14.66,16.31,7.07
146.57,15.56,10.64,9.55,6.78,18.96,14.66,16.34,7.07
146.58,15.59,10.64,9.55,6.79,18.96,14.66,16.34,7.07
146.59,15.56,10.64,9.55,6.80,18.98,14.66,16.31,7.07
146.60,15.56,10.64,9.55,6.78,18.96,14.66,16.29,7.07
146.61,15.56,10.65,9.55,6.79,18.96,14.66,16.34,7.07
146.62,15.56,10.64,9.55,6.79,18.96,14.68,16.31,7.07
146.63,15.56,10.64,9.55,6.79,18.98,14.66,16.31,7.07
146.64,15.56,10.65,9.55,6.80,18.96,14.68,16.34,7.07
146.65,15.56,10.62,9.56,6.79,18.96,14.66,16.34,7.07
146.66,15.59,10.65,9.55,6.79,18.98,14.66,16.31,7.07
146.67,15.59,10.66,9.55,6.79,19.01,14.66,16.31,7.08
146.68,15.56,10.64,9.55,6.79,18.98,14.66,16.31,7.07
146.69,15.56,10.64,9.55,6.78,18.96,14.66,16.31,7.08
146.70,15.56,10.64,9.55,6.79,18.98,14.66,16.34,7.07
146.71,15.56,10.64,9.55,6.79,19.01,14.68,16.31,7.08
146.72,15.56,10.64,9.55,6.79,18.96,14.66,16.34,7.08
146.73,15.56,10.65,9.55,6.79,18.98,14.64,16.31,7.07
146.74,15.54,10.64,9.55,6.78,18.96,14.66,16.31,7.07
146.75,15.61,10.65,9.55,6.79,19.01,14.68,16.34,7.07
146.76,15.54,10.64,9.54,6.79,18.96,14.66,16.31,7.07
146.77,15.56,10.64,9.56,6.79,18.96,14.66,16.31,7.08
146.78,15.56,10.64,9.56,6.79,18.98,14.66,16.31,7.07
146.79,15.56,10.64,9.54,6.80,18.96,14.66,16.34,7.08
146.80,15.56,10.65,9.55,6.79,18.98,14.68,16.31,7.08
146.81,15.56,10.65,9.56,6.79,18.98,14.66,16.31,7.08
146.82,15.56,10.64,9.55,6.79,18.98,14.68,16.31,7.07
146.83,15.56,10.64,9.55,6.79,18.96,14.66,16.31,7.07
146.84,15.56,10.64,9.56,6.78,19.01,14.66,16.34,7.07
146.85,15.56,10.64,9.55,6.79,18.96,14.66,16.31,7.08
146.86,15.56,10.64,9.55,6.79,18.98,14.68,16.34,7.08
146.87,15.56,10.64,9.56,6.79,18.98,14.66,16.34,7.07
146.88,15.56,10.65,9.56,6.79,18.96,14.68,16.31,7.07
146.89,15.56,10.64,9.55,6.79,18.98,14.66,16.31,7.07
146.90,15.56,10.65,9.55,6.80,18.96,14.68,16.31,7.08
146.91,15.56,10.65,9.55,6.79,18.98,14.68,16.31,7.07
146.92,15.56,10.64,9.55,6.79,18.98,14.66,16.31,7.08
146.93,15.56,10.64,9.55,6.78,18.98,14.66,16.34,7.07
146.94,15.59,10.64,9.55,6.79,18.96,14.66,16.34,7.08
146.95,15.56,10.64,9.55,6.79,18.98,14.66,16.31,7.08
146.96,15.59,10.65,9.56,6.79,18.96,14.66,16.31,7.07
146.97,15.56,10.64,9.55,6.78,18.96,14.66,16.31,7.07
146.98,15.56,10.64,9.56,6.79,18.98,14.66,16.34,7.08
146.99,15.56,10.65,9.55,6.79,18.96,14.66,16.31,7.07
147.00,15.56,10.64,9.55,6.79,18.98,14.66,16.31,7.07
147.01,15.56,10.65,9.55,6.79,19.01,14.66,16.31,7.08
147.02,15.56,10.65,9.55,6.79,18.98,14.66,16.31,7.07
147.03,15.56,10.64,9.54,6.79,18.96,14.66,16.31,7.08
147.04,15.56,10.65,9.55,6.80,18.98,14.66,16.34,7.07
147.05,15.56,10.64,9.56,6.79,18.96,14.66,16.31,7.07
147.06,15.56,10.64,9.55,6.79,18.98,14.66,16.31,7.08
147.07,15.56,10.65,9.56,6.79,18.96,14.68,16.31,7.08
147.08,15.59,10.64,9.55,6.79,18.98,14.68,16.31,7.08
147.09,15.56,10.64,9.55,6.79,18.98,14.66,16.31,7.08
147.10,15.56,10.64,9.55,6.79,18.96,14.66,16.31,7.08
147.11,15.56,10.65,9.55,6.78,18.98,14.66,16.31,7.08
147.12,15.56,10.64,9.55,6.79,18.98,14.66,16.31,7.08
147.13,15.56,10.64,9.56,6.80,18.96,14.66,16.31,7.07
147.14,15.56,10.65,9.55,6.79,18.96,14.66,16.34,7.08
147.15,15.56,10.64,9.55,6.79,18.98,14.68,16.31,7.08
147.16,15.59,10.64,9.55,6.79,18.96,14.66,16.31,7.07
147.17,15.59,10.64,9.55,6.79,18.96,14.66,16.31,7.08
147.18,15.56,10.64,9.55,6.79,18.98,14.68,16.31,7.08
147.19,15.56,10.65,9.56,6.79,18.96,14.68,16.31,7.08
147.20,15.56,10.65,9.55,6.79,18.98,14.66,16.31,7.08
147.21,15.56,10.64,9.55,6.79,18.96,14.66,16.31,7.07
147.22,15.56,10.62,9.55,6.79,18.96,14.66,16.31,7.08
147.23,15.56,10.64,9.55,6.78,18.96,14.68,16.31,7.07
147.24,15.56,10.64,9.56,6.79,18.96,14.68,16.34,7.08
147.25,15.56,10.64,9.55,6.79,18.98,14.66,16.34,7.07
147.26,15.56,10.62,9.55,6.79,18.96,14.66,16.34,7.08
147.27,15.56,10.62,9.56,6.79,18.98,14.66,16.34,7.07
147.28,15.56,10.64,9.55,6.79,18.96,14.66,16.31,7.08
147.29,15.56,10.64,9.55,6.79,18.96,14.66,16.34,7.07
147.30,15.56,10.64,9.55,6.79,18.98,14.66,16.31,7.07
147.31,15.56,10.64,9.56,6.79,18.98,14.68,16.31,7.07
147.32,15.56,10.64,9.55,6.78,18.98,14.66,16.31,7.08
147.33,15.56,10.64,9.57,6.80,18.96,14.66,16.31,7.08
147.34,15.56,10.64,9.55,6.79,18.98,14.66,16.31,7.07
147.35,15.56,10.64,9.55,6.79,18.98,14.66,16.31,7.07
147.36,15.56,10.64,9.56,6.79,18.96,14.66,16.31,7.08
147.37,15.56,10.64,9.55,6.79,18.96,14.66,16.31,7.08
147.38,15.56,10.64,9.56,6.79,18.98,14.68,16.31,7.08
147.39,15.56,10.64,9.55,6.79,18.96,14.68,16.31,7.08
147.40,15.56,10.64,9.55,6.79,18.98,14.66,16.34,7.07
147.41,15.56,10.65,9.55,6.79,18.96,14.66,16.34,7.08
147.42,15.59,10.64,9.56,6.79,18.96,14.66,16.31,7.08
147.43,15.56,10.64,9.55,6.79,19.01,14.68,16.31,7.07
147.44,15.56,10.62,9.55,6.79,18.98,14.66,16.29,7.08
147.45,15.54,10.64,9.55,6.79,18.96,14.66,16.31,7.07
147.46,15.54,10.65,9.56,6.80,18.96,14.66,16.34,7.08
147.47,15.56,10.64,9.55,6.79,18.98,14.68,16.31,7.07
147.48,15.56,10.65,9.55,6.79,18.96,14.66,16.34,7.07
147.49,15.56,10.65,9.54,6.79,18.96,14.68,16.31,7.09
147.50,15.56,10.64,9.55,6.79,18.96,14.66,16.34,7.08
147.51,15.56,10.64,9.56,6.79,18.96,14.66,16.34,7.07
147.52,15.56,10.64,9.56,6.79,18.98,14.66,16.34,7.07
147.53,15.56,10.64,9.56,6.79,19.01,14.66,16.31,7.07
147.54,15.56,10.64,9.56,6.80,18.96,14.66,16.34,7.07
147.55,15.56,10.64,9.55,6.78,18.98,14.66,16.31,7.08
147.56,15.56,10.64,9.56,6.79,18.96,14.66,16.31,7.08
147.57,15.59,10.64,9.55,6.79,18.96,14.66,16.31,7.08
147.58,15.59,10.65,9.55,6.79,18.98,14.66,16.34,7.08
147.59,15.56,10.65,9.55,6.80,18.96,14.68,16.34,7.08
147.60,15.56,10.64,9.55,6.79,18.98,14.66,16.34,7.08
147.61,15.56,10.64,9.56,6.79,18.96,14.66,16.31,7.07
147.62,15.56,10.64,9.55,6.79,18.96,14.66,16.29,7.08
147.63,15.56,10.64,9.55,6.79,18.98,14.66,16.36,7.08
147.64,15.59,10.64,9.55,6.79,18.96,14.66,16.34,7.08
147.65,15.54,10.64,9.55,6.79,18.96,14.66,16.31,7.08
147.66,15.56,10.64,9.55,6.79,18.96,14.66,16.31,7.08
147.67,15.56,10.64,9.55,6.79,18.98,14.66,16.31,7.07
147.68,15.56,10.64,9.55,6.79,18.98,14.66,16.31,7.08
147.69,15.56,10.64,9.55,6.79,18.98,14.66,16.34,7.08
147.70,15.56,10.64,9.55,6.79,18.96,14.66,16.31,7.08
147.71,15.56,10.64,9.55,6.79,18.98,14.66,16.31,7.09
147.72,15.56,10.62,9.56,6.79,18.96,14.66,16.31,7.08
147.73,15.56,10.64,9.55,6.80,19.01,14.66,16.31,7.08
147.74,15.59,10.64,9.55,6.79,18.96,14.66,16.31,7.07
147.75,15.56,10.64,9.55,6.79,18.96,14.66,16.31,7.08
147.76,15.56,10.64,9.56,6.79,18.98,14.66,16.31,7.08
147.77,15.56,10.65,9.55,6.79,18.96,14.66,16.34,7.09
147.78,15.56,10.64,9.54,6.79,18.96,14.66,16.31,7.08
147.79,15.56,10.64,9.55,6.80,18.96,14.64,16.31,7.08
147.80,15.56,10.64,9.55,6.79,18.98,14.68,16.31,7.07
147.81,15.56,10.65,9.55,6.80,18.96,14.64,16.31,7.07
147.82,15.56,10.62,9.55,6.79,18.96,14.68,16.31,7.07
147.83,15.56,10.64,9.55,6.79,18.96,14.66,16.34,7.08
147.84,15.56,10.64,9.54,6.79,18.96,14.64,16.31,7.07
147.85,15.56,10.65,9.54,6.79,18.96,14.66,16.31,7.07
147.86,15.56,10.64,9.55,6.79,18.96,14.66,16.31,7.08
147.87,15.56,10.64,9.55,6.78,18.96,14.66,16.31,7.08
147.88,15.56,10.64,9.55,6.80,18.96,14.66,16.31,7.07
147.89,15.56,10.64,9.55,6.80,18.96,14.66,16.31,7.08
147.90,15.59,10.62,9.55,6.80,18.96,14.66,16.31,7.08
147.91,15.56,10.64,9.55,6.79,18.96,14.64,16.31,7.08
147.92,15.56,10.65,9.55,6.79,18.98,14.66,16.31,7.08
147.93,15.59,10.64,9.55,6.79,18.96,14.68,16.31,7.08
147.94,15.56,10.62,9.55,6.79,18.96,14.66,16.31,7.08
147.95,15.54,10.64,9.55,6.80,18.96,14.66,16.31,7.07
147.96,15.59,10.64,9.56,6.79,18.96,14.66,16.36,7.08
147.97,15.56,10.64,9.54,6.79,18.96,14.64,16.31,7.08
147.98,15.56,10.64,9.56,6.80,18.98,14.66,16.31,7.08
147.99,15.56,10.64,9.55,6.79,18.96,14.66,16.31,7.07
148.00,15.56,10.64,9.55,6.79,18.96,14.64,16.31,7.07
148.01,15.56,10.64,9.55,6.79,18.96,14.64,16.31,7.07
148.02,15.56,10.62,9.55,6.80,18.96,14.66,16.34,7.08
148.03,15.56,10.64,9.55,6.80,18.96,14.66,16.34,7.07
148.04,15.56,10.62,9.55,6.80,18.96,14.68,16.31,7.07
148.05,15.56,10.64,9.54,6.79,18.96,14.66,16.31,7.08
148.06,15.56,10.64,9.55,6.79,18.96,14.66,16.31,7.08
148.07,15.56,10.64,9.55,6.79,18.96,14.68,16.31,7.07
148.08,15.56,10.64,9.55,6.80,18.96,14.66,16.34,7.08
148.09,15.56,10.64,9.54,6.79,18.96,14.64,16.29,7.07
148.10,15.56,10.64,9.55,6.79,18.96,14.66,16.31,7.08
148.11,15.56,10.65,9.55,6.80,18.98,14.68,16.31,7.08
148.12,15.56,10.64,9.55,6.79,18.96,14.66,16.31,7.08
148.13,15.56,10.64,9.55,6.79,18.96,14.64,16.31,7.07
148.14,15.56,10.64,9.55,6.80,18.96,14.66,16.31,7.08
148.15,15.56,10.65,9.54,6.80,18.98,14.66,16.31,7.08
148.16,15.56,10.65,9.55,6.79,18.96,14.68,16.31,7.08
148.17,15.56,10.65,9.55,6.79,18.96,14.66,16.31,7.08
148.18,15.56,10.64,9.56,6.79,18.96,14.64,16.34,7.08
148.19,15.56,10.64,9.55,6.79,18.96,14.66,16.34,7.07
148.20,15.56,10.64,9.56,6.79,18.96,14.68,16.31,7.07
148.21,15.56,10.65,9.55,6.79,18.96,14.66,16.31,7.08
148.22,15.56,10.62,9.55,6.79,18.96,14.64,16.31,7.08
148.23,15.56,10.64,9.55,6.79,18.96,14.64,16.34,7.08
148.24,15.54,10.64,9.55,6.79,18.96,14.64,16.31,7.08
148.25,15.54,10.62,9.55,6.78,18.96,14.64,16.31,7.08
148.26,15.56,10.64,9.54,6.80,18.98,14.64,16.31,7.07
148.27,15.56,10.65,9.55,6.79,18.96,14.66,16.31,7.07
148.28,15.56,10.62,9.55,6.79,18.96,14.66,16.34,7.08
148.29,15.56,10.64,9.55,6.79,18.96,14.66,16.31,7.08
148.30,15.56,10.64,9.55,6.79,18.98,14.64,16.31,7.08
148.31,15.56,10.64,9.56,6.80,18.96,14.64,16.34,7.08
148.32,15.56,10.65,9.56,6.79,18.98,14.66,16.31,7.08
148.33,15.56,10.62,9.55,6.80,18.96,14.64,16.31,7.08
148.34,15.56,10.64,9.54,6.80,18.96,14.64,16.31,7.07
148.35,15.56,10.64,9.55,6.80,19.01,14.66,16.36,7.08
148.36,15.56,10.64,9.54,6.79,18.96,14.64,16.36,7.08
148.37,15.54,10.64,9.54,6.79,18.93,14.62,16.34,7.08
148.38,15.56,10.62,9.55,6.79,18.96,14.64,16.31,7.08
148.39,15.56,10.64,9.55,6.79,18.96,14.64,16.31,7.08
148.40,15.56,10.64,9.54,6.79,18.98,14.64,16.29,7.07
148.41,15.56,10.62,9.55,6.79,18.96,14.66,16.31,7.08
148.42,15.56,10.65,9.55,6.79,18.96,14.64,16.29,7.07
148.43,15.56,10.64,9.55,6.79,18.96,14.64,16.31,7.08
148.44,15.56,10.62,9.55,6.80,18.96,14.64,16.31,7.07
148.45,15.56,10.64,9.55,6.79,18.96,14.64,16.31,7.07
148.46,15.56,10.64,9.56,6.79,18.96,14.66,16.31,7.08
148.47,15.56,10.64,9.55,6.80,18.93,14.66,16.31,7.07
148.48,15.56,10.65,9.55,6.80,18.96,14.66,16.31,7.08
148.49,15.54,10.64,9.54,6.79,18.96,14.66,16.29,7.08
148.50,15.56,10.64,9.54,6.80,18.96,14.66,16.34,7.08
148.51,15.56,10.64,9.54,6.79,18.98,14.66,16.31,7.08
148.52,15.56,10.64,9.55,6.79,18.96,14.68,16.31,7.08
148.53,15.56,10.64,9.55,6.80,18.96,14.66,16.31,7.08
148.54,15.54,10.62,9.55,6.80,18.96,14.64,16.29,7.08
148.55,15.56,10.64,9.54,6.79,18.98,14.64,16.31,7.08
148.56,15.56,10.62,9.55,6.79,18.96,14.64,16.31,7.08
148.57,15.56,10.64,9.54,6.80,18.96,14.64,16.31,7.08
148.58,15.56,10.62,9.54,6.79,18.96,14.66,16.34,7.08
148.59,15.54,10.64,9.55,6.79,18.98,14.64,16.34,7.08
148.60,15.54,10.62,9.55,6.79,18.96,14.66,16.31,7.08
148.61,15.56,10.64,9.55,6.79,18.98,14.68,16.34,7.08
148.62,15.56,10.64,9.54,6.79,18.96,14.66,16.31,7.07
148.63,15.56,10.62,9.55,6.79,18.96,14.64,16.31,7.08
148.64,15.56,10.64,9.54,6.80,18.96,14.66,16.34,7.08
148.65,15.56,10.65,9.55,6.79,18.96,14.64,16.31,7.08
148.66,15.56,10.64,9.55,6.79,18.96,14.64,16.29,7.08
148.67,15.56,10.64,9.55,6.80,18.96,14.66,16.31,7.07
148.68,15.54,10.65,9.55,6.80,18.96,14.66,16.31,7.07
148.69,15.56,10.65,9.55,6.79,18.96,14.64,16.31,7.07
148.70,15.56,10.64,9.55,6.79,18.96,14.64,16.31,7.07
148.71,15.56,10.64,9.54,6.79,18.96,14.66,16.31,7.08
148.72,15.56,10.64,9.54,6.79,18.96,14.68,16.29,7.07
148.73,15.56,10.64,9.55,6.79,18.96,14.66,16.31,7.07
148.74,15.54,10.64,9.55,6.80,18.96,14.66,16.34,7.08
148.75,15.56,10.64,9.55,6.80,18.96,14.64,16.29,7.07
148.76,15.56,10.62,9.55,6.80,18.96,14.64,16.31,7.08
148.77,15.56,10.65,9.54,6.80,18.96,14.64,16.29,7.07
148.79,15.56,10.62,9.55,6.79,18.98,14.64,16.34,7.07
148.80,15.54,10.65,9.55,6.79,18.96,14.64,16.31,7.07
148.81,15.54,10.64,9.55,6.79,18.93,14.64,16.31,7.07
148.82,15.56,10.62,9.54,6.80,18.96,14.66,16.31,7.08
148.83,15.56,10.64,9.55,6.80,18.96,14.64,16.31,7.07
148.84,15.56,10.64,9.55,6.80,18.96,14.64,16.31,7.08
148.85,15.56,10.64,9.55,6.79,18.93,14.64,16.29,7.08
148.86,15.56,10.64,9.56,6.79,18.96,14.66,16.29,7.08
148.87,15.56,10.64,9.54,6.80,18.96,14.64,16.34,7.08
148.88,15.56,10.64,9.55,6.79,18.96,14.64,16.31,7.08
148.89,15.56,10.64,9.55,6.80,18.98,14.66,16.31,7.08
148.90,15.56,10.64,9.55,6.79,18.96,14.64,16.31,7.08
148.91,15.54,10.64,9.54,6.79,18.93,14.66,16.29,7.08
148.92,15.54,10.64,9.55,6.79,18.96,14.62,16.29,7.08
148.95,15.56,10.64,9.55,6.80,18.96,14.68,16.31,7.08
148.95,15.56,10.64,9.54,6.79,18.96,14.66,16.34,7.08
148.96,15.54,10.64,9.54,6.79,18.93,14.64,16.34,7.08
148.97,15.56,10.65,9.55,6.79,18.98,14.66,16.31,7.08
148.98,15.54,10.62,9.55,6.79,18.96,14.66,16.29,7.08
148.99,15.54,10.65,9.55,6.79,18.96,14.64,16.31,7.07
149.00,15.56,10.64,9.55,6.79,18.96,14.64,16.31,7.07
149.01,15.54,10.62,9.55,6.79,18.96,14.64,16.29,7.07
149.02,15.56,10.64,9.54,6.79,18.96,14.64,16.31,7.07
149.03,15.56,10.64,9.55,6.79,18.96,14.64,16.31,7.08
149.04,15.56,10.62,9.55,6.79,18.96,14.66,16.29,7.08
149.05,15.56,10.62,9.55,6.79,18.98,14.64,16.31,7.07
149.06,15.54,10.62,9.55,6.80,18.96,14.64,16.34,7.08
149.07,15.59,10.64,9.55,6.79,18.96,14.68,16.34,7.07
149.08,15.59,10.64,9.54,6.79,18.98,14.64,16.34,7.08
149.09,15.56,10.62,9.55,6.80,18.93,14.68,16.34,7.09
149.10,15.56,10.64,9.55,6.79,18.96,14.66,16.31,7.08
149.11,15.56,10.62,9.55,6.79,18.96,14.64,16.31,7.07
149.12,15.54,10.62,9.54,6.79,18.96,14.64,16.34,7.07
149.13,15.56,10.64,9.55,6.80,18.96,14.66,16.31,7.07
149.14,15.54,10.64,9.54,6.79,18.96,14.66,16.29,7.08
149.15,15.56,10.64,9.54,6.79,18.96,14.68,16.29,7.08
149.16,15.56,10.64,9.55,6.79,18.96,14.64,16.34,7.08
149.17,15.54,10.62,9.55,6.80,18.96,14.66,16.34,7.08
149.18,15.56,10.64,9.55,6.79,18.96,14.64,16.31,7.08
149.19,15.54,10.64,9.55,6.80,18.96,14.64,16.31,7.08
149.20,15.56,10.62,9.54,6.79,18.96,14.64,16.34,7.09
149.21,15.56,10.62,9.54,6.80,18.96,14.66,16.27,7.07
149.22,15.56,10.65,9.54,6.79,18.93,14.64,16.29,7.08
149.23,15.56,10.64,9.54,6.80,18.96,14.66,16.29,7.07
149.24,15.54,10.64,9.54,6.80,18.96,14.64,16.29,7.08
149.25,15.54,10.64,9.54,6.79,18.96,14.64,16.31,7.08
149.26,15.56,10.64,9.54,6.79,18.96,14.62,16.34,7.07
149.27,15.54,10.62,9.54,6.79,18.93,14.64,16.31,7.08
149.28,15.56,10.64,9.54,6.79,18.96,14.64,16.31,7.09
149.29,15.54,10.62,9.55,6.79,18.96,14.66,16.31,7.08
149.30,15.56,10.62,9.55,6.79,18.96,14.66,16.31,7.08
149.31,15.56,10.62,9.55,6.79,18.96,14.64,16.31,7.08
149.32,15.54,10.64,9.55,6.80,18.96,14.64,16.29,7.08
149.33,15.54,10.64,9.54,6.80,18.93,14.64,16.31,7.07
149.34,15.56,10.64,9.54,6.79,18.96,14.64,16.31,7.07
149.35,15.56,10.62,9.55,6.79,18.96,14.64,16.29,7.08
149.36,15.54,10.62,9.55,6.79,18.96,14.64,16.29,7.08
149.37,15.56,10.62,9.55,6.79,18.93,14.64,16.31,7.08
149.38,15.56,10.62,9.55,6.79,18.96,14.66,16.31,7.07
149.39,15.54,10.62,9.55,6.79,18.96,14.62,16.29,7.07
149.40,15.56,10.62,9.54,6.79,18.96,14.64,16.29,7.08
149.41,15.56,10.64,9.54,6.79,18.93,14.66,16.31,7.08
149.42,15.54,10.65,9.55,6.80,18.93,14.64,16.31,7.08
149.43,15.54,10.62,9.54,6.79,18.96,14.64,16.29,7.08
149.44,15.56,10.62,9.54,6.79,18.96,14.64,16.31,7.07
149.45,15.56,10.62,9.54,6.79,18.96,14.64,16.34,7.08
149.46,15.54,10.62,9.55,6.79,18.96,14.64,16.31,7.08
149.47,15.56,10.64,9.55,6.80,18.93,14.66,16.29,7.08
149.48,15.54,10.64,9.54,6.79,18.96,14.62,16.29,7.07
149.49,15.56,10.62,9.54,6.80,18.93,14.64,16.31,7.08
149.50,15.56,10.65,9.55,6.79,18.96,14.64,16.31,7.08
149.51,15.54,10.64,9.54,6.79,18.96,14.64,16.31,7.07
149.52,15.56,10.64,9.54,6.79,18.96,14.64,16.34,7.08
149.53,15.54,10.64,9.55,6.79,18.93,14.64,16.31,7.08
149.54,15.54,10.62,9.55,6.79,18.93,14.64,16.29,7.08
149.55,15.54,10.64,9.54,6.80,18.96,14.66,16.31,7.07
149.56,15.54,10.62,9.55,6.79,18.96,14.66,16.29,7.07
149.57,15.52,10.62,9.55,6.80,18.93,14.64,16.29,7.08
149.58,15.54,10.64,9.54,6.79,18.96,14.64,16.31,7.08
149.59,15.56,10.64,9.55,6.79,18.96,14.64,16.29,7.07
149.60,15.54,10.64,9.55,6.79,18.96,14.64,16.31,7.08
149.61,15.54,10.62,9.54,6.79,18.96,14.66,16.31,7.09
149.62,15.54,10.62,9.55,6.79,18.96,14.64,16.29,7.08
149.63,15.54,10.62,9.55,6.79,18.98,14.64,16.31,7.07
149.64,15.56,10.62,9.54,6.79,18.96,14.64,16.29,7.08
149.65,15.54,10.62,9.55,6.79,18.96,14.64,16.29,7.08
149.66,15.54,10.62,9.54,6.79,18.98,14.64,16.31,7.07
149.67,15.54,10.64,9.55,6.79,18.96,14.64,16.31,7.08
149.68,15.54,10.64,9.55,6.79,18.96,14.62,16.31,7.08
149.69,15.54,10.62,9.55,6.79,18.98,14.62,16.31,7.07
149.70,15.56,10.65,9.55,6.79,18.96,14.64,16.29,7.07
149.71,15.54,10.64,9.54,6.80,18.96,14.64,16.31,7.07
149.72,15.54,10.64,9.55,6.79,18.96,14.64,16.31,7.08
149.73,15.54,10.64,9.55,6.79,18.96,14.64,16.29,7.07
149.74,15.56,10.62,9.54,6.79,18.96,14.64,16.31,7.08
149.75,15.56,10.62,9.54,6.79,18.93,14.64,16.31,7.08
149.76,15.56,10.62,9.54,6.79,18.96,14.62,16.31,7.08
149.77,15.54,10.62,9.54,6.79,18.93,14.64,16.29,7.08
149.78,15.56,10.62,9.54,6.79,18.96,14.64,16.31,7.08
149.79,15.56,10.65,9.54,6.79,18.93,14.66,16.31,7.08
149.80,15.56,10.62,9.55,6.80,18.93,14.64,16.31,7.07
149.81,15.54,10.62,9.54,6.80,18.93,14.64,16.31,7.07
149.82,15.54,10.64,9.55,6.79,18.96,14.64,16.31,7.07
149.83,15.54,10.64,9.54,6.79,18.93,14.64,16.31,7.08
149.84,15.54,10.64,9.55,6.79,18.93,14.64,16.31,7.08
149.85,15.54,10.62,9.54,6.79,18.93,14.62,16.34,7.08
149.86,15.54,10.62,9.55,6.80,18.96,14.64,16.34,7.08
149.87,15.56,10.64,9.52,6.79,18.96,14.64,16.29,7.08
149.88,15.54,10.62,9.55,6.80,18.93,14.64,16.29,7.07
149.89,15.54,10.62,9.54,6.79,18.96,14.64,16.29,7.07
149.90,15.54,10.62,9.54,6.79,18.96,14.64,16.29,7.07
149.91,15.54,10.62,9.54,6.79,18.96,14.64,16.29,7.08
149.92,15.56,10.64,9.54,6.79,18.96,14.64,16.29,7.08
149.93,15.56,10.64,9.54,6.80,18.93,14.66,16.31,7.07
149.94,15.54,10.62,9.55,6.79,18.93,14.64,16.29,7.07
149.95,15.56,10.62,9.54,6.79,18.96,14.62,16.31,7.07
149.96,15.56,10.64,9.54,6.79,18.96,14.64,16.31,7.07
149.97,15.54,10.62,9.54,6.79,18.96,14.64,16.31,7.07
149.98,15.56,10.61,9.55,6.79,18.96,14.64,16.31,7.08
149.99,15.56,10.61,9.55,6.79,18.96,14.62,16.31,7.08
150.00,15.54,10.64,9.54,6.79,18.96,14.64,16.29,7.08
150.01,15.56,10.62,9.54,6.79,18.96,14.64,16.31,7.07
150.02,15.54,10.65,9.54,6.79,18.96,14.64,16.29,7.07
150.03,15.56,10.62,9.54,6.79,18.93,14.64,16.31,7.08
150.04,15.56,10.62,9.55,6.79,18.93,14.66,16.29,7.08
150.05,15.54,10.62,9.55,6.80,18.93,14.64,16.31,7.08
150.06,15.56,10.64,9.54,6.80,18.96,14.64,16.31,7.07
150.07,15.54,10.62,9.55,6.79,18.98,14.66,16.31,7.08
150.08,15.56,10.64,9.54,6.79,18.93,14.64,16.31,7.09
150.09,15.56,10.62,9.52,6.79,18.96,14.64,16.29,7.07
150.10,15.54,10.64,9.55,6.79,18.96,14.64,16.31,7.08
150.11,15.54,10.64,9.52,6.79,18.93,14.62,16.29,7.07
150.12,15.56,10.62,9.55,6.79,18.96,14.64,16.31,7.08
150.13,15.56,10.64,9.54,6.80,18.96,14.62,16.34,7.08
150.14,15.54,10.62,9.55,6.80,18.96,14.64,16.34,7.08
150.15,15.54,10.64,9.54,6.79,18.96,14.64,16.31,7.07
150.16,15.54,10.64,9.54,6.79,18.93,14.64,16.31,7.08
150.17,15.56,10.62,9.55,6.80,18.96,14.64,16.31,7.07
150.18,15.56,10.64,9.54,6.80,18.96,14.64,16.29,7.08
150.19,15.56,10.64,9.54,6.79,18.93,14.64,16.31,7.08
150.20,15.56,10.62,9.56,6.80,18.96,14.64,16.29,7.08
150.21,15.54,10.64,9.54,6.79,18.96,14.64,16.29,7.07
150.22,15.56,10.62,9.54,6.79,18.96,14.64,16.31,7.08
150.23,15.56,10.64,9.52,6.80,18.93,14.64,16.31,7.07
150.24,15.54,10.62,9.54,6.80,18.93,14.64,16.31,7.08
150.25,15.56,10.62,9.54,6.81,18.96,14.64,16.31,7.08
150.26,15.56,10.62,9.54,6.79,18.93,14.64,16.31,7.08
150.27,15.54,10.62,9.54,6.79,18.93,14.64,16.31,7.07
150.28,15.54,10.62,9.54,6.80,18.93,14.64,16.31,7.07
150.29,15.56,10.64,9.55,6.79,18.93,14.64,16.31,7.08
150.30,15.56,10.64,9.54,6.79,18.93,14.66,16.29,7.07
150.31,15.56,10.62,9.54,6.81,18.93,14.64,16.29,7.07
150.32,15.56,10.64,9.54,6.80,18.93,14.64,16.31,7.07
150.33,15.54,10.62,9.54,6.79,18.93,14.64,16.29,7.08
150.34,15.54,10.62,9.54,6.79,18.98,14.64,16.31,7.07
150.35,15.56,10.64,9.55,6.79,18.96,14.62,16.34,7.08
150.36,15.54,10.62,9.55,6.80,18.93,14.66,16.31,7.08
150.37,15.56,10.62,9.54,6.79,18.93,14.66,16.31,7.08
150.38,15.54,10.62,9.54,6.79,18.96,14.66,16.31,7.08
150.39,15.56,10.62,9.54,6.79,18.96,14.64,16.29,7.08
150.40,15.56,10.62,9.55,6.81,18.96,14.66,16.31,7.07
150.43,15.56,10.62,9.54,6.79,18.93,14.62,16.34,7.07
150.43,15.56,10.64,9.54,6.79,18.96,14.64,16.31,7.08
150.44,15.54,10.64,9.54,6.79,18.96,14.66,16.34,7.07
150.45,15.56,10.62,9.55,6.79,18.96,14.64,16.34,7.08
150.46,15.54,10.61,9.55,6.79,18.96,14.64,16.34,7.07
150.47,15.54,10.62,9.54,6.79,18.96,14.64,16.34,7.08
150.48,15.56,10.64,9.54,6.79,18.96,14.66,16.31,7.07
150.49,15.54,10.62,9.54,6.80,18.96,14.64,16.31,7.08
150.50,15.56,10.62,9.54,6.79,18.93,14.64,16.31,7.07
150.51,15.54,10.64,9.55,6.79,18.93,14.64,16.31,7.08
150.52,15.56,10.62,9.54,6.79,18.96,14.64,16.31,7.08
150.53,15.56,10.62,9.54,6.79,18.96,14.64,16.29,7.07
150.54,15.56,10.62,9.54,6.80,18.96,14.66,16.34,7.08
150.55,15.56,10.62,9.55,6.79,18.96,14.64,16.34,7.08
150.56,15.56,10.62,9.54,6.79,18.93,14.62,16.31,7.08
150.57,15.54,10.62,9.54,6.79,18.96,14.64,16.31,7.08
150.58,15.54,10.62,9.55,6.80,18.93,14.64,16.31,7.07
150.59,15.56,10.64,9.54,6.80,18.93,14.66,16.31,7.08
150.60,15.56,10.64,9.54,6.79,18.96,14.64,16.31,7.08
150.61,15.56,10.62,9.55,6.79,18.96,14.66,16.31,7.07
150.62,15.56,10.62,9.55,6.80,18.96,14.64,16.31,7.07
150.63,15.56,10.64,9.54,6.79,18.93,14.64,16.31,7.08
150.64,15.56,10.64,9.54,6.80,18.96,14.64,16.31,7.07
150.65,15.54,10.64,9.55,6.81,18.96,14.64,16.29,7.08
150.66,15.56,10.64,9.54,6.79,18.96,14.64,16.31,7.08
150.67,15.56,10.62,9.54,6.81,18.96,14.64,16.31,7.07
150.68,15.56,10.62,9.54,6.79,18.93,14.66,16.31,7.07
150.69,15.56,10.64,9.55,6.79,18.93,14.64,16.31,7.08
150.70,15.54,10.62,9.54,6.79,18.96,14.64,16.31,7.08
150.71,15.56,10.64,9.54,6.79,18.96,14.62,16.34,7.07
150.72,15.56,10.64,9.54,6.79,18.93,14.66,16.31,7.07
150.73,15.56,10.62,9.55,6.79,18.96,14.66,16.34,7.08
150.74,15.56,10.62,9.54,6.80,18.96,14.64,16.31,7.07
150.75,15.56,10.62,9.55,6.79,18.96,14.62,16.31,7.08
150.76,15.56,10.64,9.55,6.79,18.96,14.64,16.31,7.08
150.77,15.56,10.62,9.55,6.79,18.93,14.64,16.34,7.08
150.78,15.56,10.62,9.54,6.81,18.93,14.62,16.31,7.08
150.79,15.56,10.62,9.55,6.79,18.96,14.64,16.31,7.08
150.80,15.56,10.62,9.55,6.80,18.96,14.64,16.31,7.08
150.81,15.54,10.62,9.54,6.80,18.96,14.64,16.31,7.07
150.82,15.54,10.64,9.54,6.79,18.96,14.66,16.31,7.07
150.83,15.56,10.62,9.54,6.79,18.96,14.64,16.31,7.07
150.84,15.56,10.64,9.55,6.79,18.96,14.64,16.29,7.08
150.85,15.56,10.64,9.55,6.79,18.96,14.62,16.29,7.07
150.86,15.54,10.62,9.54,6.79,18.96,14.64,16.31,7.07
150.87,15.54,10.62,9.54,6.79,18.96,14.64,16.31,7.08
150.88,15.54,10.62,9.55,6.80,18.96,14.64,16.34,7.07
150.89,15.56,10.64,9.55,6.80,18.96,14.64,16.31,7.07
150.90,15.56,10.64,9.54,6.80,18.98,14.64,16.31,7.08
150.91,15.56,10.62,9.55,6.79,18.93,14.64,16.31,7.08
150.92,15.54,10.64,9.54,6.79,18.96,14.64,16.29,7.07
150.93,15.56,10.62,9.55,6.80,18.98,14.64,16.31,7.08
150.94,15.54,10.62,9.55,6.80,18.93,14.64,16.31,7.08
150.95,15.56,10.62,9.55,6.79,18.93,14.66,16.31,7.07
150.96,15.56,10.64,9.55,6.79,18.93,14.62,16.31,7.08
150.97,15.56,10.64,9.55,6.81,18.96,14.64,16.31,7.08
150.98,15.56,10.62,9.55,6.80,18.93,14.64,16.31,7.07
150.99,15.56,10.62,9.55,6.79,18.98,14.64,16.31,7.07
151.00,15.56,10.62,9.54,6.80,18.96,14.64,16.34,7.07
151.01,15.56,10.64,9.55,6.80,18.96,14.64,16.31,7.08
151.02,15.56,10.62,9.54,6.80,18.93,14.62,16.31,7.08
151.03,15.56,10.62,9.54,6.79,18.96,14.64,16.31,7.08
151.04,15.56,10.62,9.54,6.79,18.96,14.64,16.31,7.07
151.05,15.56,10.64,9.55,6.79,18.96,14.64,16.34,7.07
151.06,15.54,10.62,9.55,6.79,18.98,14.66,16.34,7.08
151.07,15.54,10.62,9.55,6.80,18.96,14.64,16.29,7.08
151.08,15.56,10.62,9.54,6.80,18.96,14.64,16.29,7.08
151.09,15.56,10.62,9.55,6.80,18.93,14.66,16.34,7.07
151.10,15.56,10.62,9.54,6.79,18.96,14.66,16.31,7.08
151.11,15.56,10.62,9.55,6.79,18.93,14.64,16.31,7.08
151.12,15.54,10.62,9.54,6.79,18.96,14.64,16.31,7.07
151.13,15.56,10.62,9.54,6.79,18.96,14.64,16.34,7.08
151.14,15.56,10.64,9.55,6.79,18.96,14.64,16.31,7.09
151.15,15.54,10.62,9.55,6.79,18.96,14.62,16.31,7.08
151.16,15.56,10.64,9.55,6.79,18.96,14.64,16.31,7.08
151.17,15.56,10.65,9.55,6.79,18.96,14.62,16.31,7.07
151.18,15.56,10.64,9.55,6.79,18.96,14.64,16.31,7.08
151.19,15.56,10.64,9.55,6.79,18.96,14.62,16.31,7.07
151.20,15.56,10.62,9.55,6.80,18.93,14.62,16.34,7.08
151.21,15.56,10.64,9.54,6.79,18.96,14.66,16.29,7.07
151.22,15.56,10.62,9.55,6.79,18.96,14.64,16.31,7.09
151.23,15.56,10.64,9.55,6.79,18.96,14.64,16.31,7.08
151.24,15.56,10.62,9.55,6.79,18.96,14.66,16.31,7.08
151.25,15.56,10.64,9.55,6.80,18.96,14.66,16.31,7.08
151.26,15.56,10.62,9.55,6.80,18.93,14.64,16.34,7.08
151.27,15.56,10.62,9.55,6.80,18.96,14.64,16.31,7.08
151.28,15.56,10.62,9.55,6.80,18.98,14.64,16.34,7.08
151.29,15.56,10.62,9.55,6.79,18.98,14.62,16.31,7.08
151.30,15.56,10.62,9.54,6.80,18.96,14.64,16.31,7.08
151.31,15.56,10.62,9.55,6.79,18.96,14.62,16.31,7.07
151.32,15.56,10.62,9.55,6.79,18.96,14.62,16.31,7.08
151.33,15.56,10.64,9.54,6.81,18.96,14.64,16.29,7.08
151.34,15.56,10.62,9.55,6.79,18.96,14.62,16.31,7.07
151.35,15.56,10.62,9.54,6.79,18.96,14.62,16.31,7.07
151.36,15.56,10.64,9.55,6.79,18.96,14.64,16.31,7.07
151.37,15.56,10.64,9.54,6.79,18.96,14.66,16.31,7.08
151.38,15.56,10.62,9.55,6.79,18.98,14.64,16.31,7.08
151.39,15.56,10.62,9.55,6.79,18.96,14.64,16.31,7.08
151.40,15.56,10.62,9.54,6.79,18.93,14.66,16.34,7.08
151.41,15.56,10.62,9.55,6.79,18.96,14.64,16.31,7.07
151.42,15.54,10.64,9.54,6.79,18.96,14.62,16.31,7.08
151.43,15.56,10.62,9.55,6.79,18.96,14.64,16.31,7.08
151.44,15.59,10.64,9.54,6.81,18.96,14.64,16.31,7.08
151.45,15.56,10.62,9.54,6.80,18.96,14.64,16.34,7.08
151.46,15.54,10.62,9.55,6.79,18.96,14.62,16.31,7.08
151.47,15.56,10.62,9.55,6.80,18.96,14.64,16.34,7.08
151.48,15.56,10.62,9.54,6.79,18.93,14.66,16.34,7.08
151.49,15.56,10.62,9.54,6.79,18.98,14.64,16.29,7.08
151.50,15.56,10.64,9.54,6.80,18.98,14.64,16.31,7.08
151.51,15.56,10.64,9.55,6.79,18.93,14.64,16.31,7.08
151.52,15.56,10.62,9.55,6.80,18.96,14.64,16.31,7.08
151.53,15.56,10.62,9.54,6.80,18.96,14.64,16.34,7.08
151.54,15.56,10.64,9.55,6.79,18.96,14.62,16.31,7.08
151.55,15.56,10.62,9.55,6.79,18.96,14.64,16.34,7.08
151.56,15.56,10.64,9.55,6.79,18.98,14.64,16.31,7.08
151.57,15.56,10.62,9.54,6.80,18.96,14.64,16.29,7.08
151.58,15.56,10.64,9.55,6.80,18.96,14.64,16.31,7.08
151.59,15.56,10.64,9.55,6.79,18.96,14.64,16.36,7.08
151.60,15.56,10.62,9.54,6.80,18.98,14.66,16.31,7.07
151.61,15.56,10.62,9.54,6.80,18.98,14.64,16.31,7.07
151.62,15.56,10.64,9.55,6.79,18.96,14.64,16.31,7.09
151.63,15.56,10.64,9.54,6.79,18.96,14.64,16.31,7.08
151.64,15.56,10.62,9.54,6.80,18.93,14.64,16.31,7.08
151.65,15.56,10.62,9.55,6.79,18.96,14.66,16.31,7.08
151.66,15.56,10.64,9.55,6.79,18.98,14.64,16.31,7.07
151.67,15.56,10.62,9.54,6.79,18.96,14.64,16.31,7.07
151.68,15.56,10.61,9.54,6.80,18.93,14.62,16.31,7.08
151.69,15.56,10.64,9.54,6.79,18.96,14.64,16.31,7.09
151.70,15.56,10.62,9.54,6.81,18.96,14.64,16.31,7.07
151.71,15.56,10.64,9.55,6.80,18.96,14.66,16.34,7.08
151.72,15.56,10.64,9.55,6.81,18.96,14.64,16.34,7.08
151.73,15.56,10.64,9.54,6.79,18.96,14.64,16.31,7.07
151.74,15.56,10.62,9.55,6.79,18.96,14.62,16.31,7.08
151.75,15.56,10.62,9.54,6.79,18.96,14.64,16.31,7.08
151.76,15.56,10.64,9.54,6.80,18.96,14.66,16.31,7.07
151.77,15.56,10.62,9.55,6.79,18.96,14.64,16.31,7.08
151.78,15.56,10.62,9.55,6.79,18.96,14.64,16.31,7.08
151.79,15.56,10.64,9.55,6.80,18.96,14.64,16.31,7.08
151.80,15.56,10.62,9.55,6.79,18.96,14.64,16.31,7.08
151.81,15.54,10.64,9.55,6.79,18.96,14.66,16.34,7.08
151.82,15.56,10.62,9.54,6.79,18.96,14.64,16.31,7.08
151.83,15.56,10.62,9.54,6.79,18.96,14.64,16.31,7.08
151.84,15.56,10.62,9.54,6.79,18.96,14.64,16.31,7.07
151.85,15.56,10.62,9.54,6.79,18.96,14.64,16.31,7.08
151.86,15.59,10.62,9.55,6.79,18.96,14.64,16.31,7.08
151.87,15.56,10.64,9.55,6.79,18.96,14.64,16.31,7.07
151.88,15.56,10.62,9.54,6.79,18.96,14.62,16.31,7.08
151.89,15.56,10.62,9.54,6.79,18.98,14.64,16.31,7.08
151.90,15.56,10.62,9.54,6.79,18.98,14.64,16.31,7.07
151.91,15.56,10.62,9.54,6.79,18.96,14.64,16.31,7.08
151.92,15.54,10.64,9.55,6.79,18.96,14.64,16.31,7.07
151.93,15.56,10.62,9.55,6.80,18.96,14.64,16.34,7.08
151.94,15.56,10.62,9.54,6.79,18.96,14.62,16.31,7.08
151.95,15.56,10.64,9.55,6.79,18.98,14.64,16.31,7.08
151.96,15.56,10.62,9.55,6.79,18.96,14.64,16.31,7.08
151.97,15.56,10.64,9.55,6.79,18.96,14.64,16.31,7.07
151.98,15.56,10.62,9.54,6.79,18.96,14.64,16.31,7.08
151.99,15.56,10.62,9.55,6.79,18.96,14.64,16.34,7.08
152.00,15.56,10.62,9.55,6.79,18.96,14.64,16.31,7.08
152.01,15.56,10.64,9.55,6.81,18.96,14.62,16.31,7.08
152.02,15.56,10.62,9.54,6.80,18.96,14.62,16.31,7.08
152.03,15.56,10.64,9.54,6.79,18.96,14.62,16.34,7.08
152.04,15.56,10.64,9.55,6.79,18.98,14.64,16.31,7.08
152.05,15.56,10.64,9.54,6.79,18.96,14.64,16.31,7.08
152.06,15.56,10.62,9.56,6.80,18.96,14.62,16.34,7.07
152.07,15.56,10.64,9.55,6.80,18.96,14.62,16.31,7.07
152.08,15.56,10.62,9.54,6.79,18.98,14.64,16.34,7.08
152.09,15.59,10.62,9.54,6.81,18.96,14.64,16.31,7.08
152.10,15.56,10.62,9.54,6.80,18.98,14.64,16.34,7.07
152.11,15.59,10.64,9.55,6.80,18.96,14.64,16.31,7.08
152.12,15.56,10.65,9.55,6.79,18.98,14.64,16.31,7.08
152.13,15.56,10.62,9.54,6.79,18.96,14.64,16.31,7.08
152.14,15.56,10.62,9.54,6.79,18.96,14.64,16.31,7.08
152.15,15.56,10.64,9.55,6.80,18.96,14.64,16.34,7.07
152.16,15.59,10.64,9.54,6.79,18.96,14.64,16.31,7.07
152.17,15.56,10.62,9.54,6.80,18.96,14.64,16.31,7.08
152.18,15.56,10.64,9.54,6.80,18.96,14.64,16.31,7.07
152.19,15.56,10.62,9.54,6.79,18.96,14.62,16.31,7.07
152.20,15.56,10.62,9.55,6.80,18.96,14.66,16.31,7.07
152.21,15.59,10.64,9.55,6.79,18.96,14.62,16.31,7.08
152.22,15.59,10.62,9.54,6.80,18.96,14.64,16.36,7.08
152.23,15.56,10.62,9.55,6.79,18.98,14.64,16.31,7.08
152.24,15.56,10.62,9.54,6.79,18.93,14.64,16.34,7.07
152.25,15.56,10.62,9.55,6.80,18.93,14.64,16.31,7.07
152.26,15.56,10.64,9.54,6.79,18.96,14.64,16.31,7.07
152.27,15.56,10.64,9.54,6.81,18.96,14.64,16.31,7.08
152.28,15.56,10.64,9.56,6.80,18.98,14.64,16.31,7.08
152.29,15.56,10.62,9.55,6.81,18.98,14.66,16.31,7.08
152.30,15.56,10.64,9.54,6.80,18.96,14.64,16.31,7.08
152.31,15.56,10.62,9.54,6.81,18.96,14.64,16.31,7.08
152.32,15.56,10.62,9.55,6.80,18.96,14.64,16.31,7.07
152.33,15.56,10.64,9.54,6.81,18.96,14.66,16.31,7.08
152.34,15.56,10.64,9.55,6.80,18.96,14.64,16.31,7.08
152.35,15.56,10.62,9.54,6.80,18.98,14.64,16.34,7.08
152.36,15.56,10.62,9.54,6.80,18.96,14.64,16.34,7.08
152.37,15.59,10.62,9.55,6.80,18.96,14.66,16.31,7.07
152.38,15.56,10.62,9.54,6.79,18.96,14.64,16.34,7.08
152.39,15.56,10.64,9.55,6.80,18.96,14.64,16.36,7.08
152.40,15.56,10.61,9.55,6.79,18.96,14.64,16.31,7.07
152.41,15.56,10.62,9.55,6.81,18.96,14.66,16.31,7.07
152.42,15.59,10.64,9.52,6.80,18.96,14.66,16.31,7.07
152.43,15.56,10.62,9.54,6.79,18.96,14.64,16.31,7.08
152.44,15.59,10.62,9.55,6.81,18.93,14.66,16.31,7.08
152.45,15.56,10.62,9.55,6.81,18.93,14.64,16.34,7.08
152.46,15.59,10.64,9.55,6.79,18.96,14.64,16.34,7.08
152.47,15.56,10.62,9.54,6.80,18.96,14.64,16.31,7.08
152.48,15.59,10.62,9.54,6.80,18.96,14.64,16.31,7.08
152.49,15.56,10.62,9.54,6.79,18.93,14.64,16.31,7.08
152.50,15.56,10.62,9.55,6.80,18.96,14.62,16.31,7.08
152.51,15.56,10.62,9.55,6.80,18.96,14.64,16.31,7.07
152.52,15.59,10.65,9.55,6.80,18.96,14.64,16.31,7.08
152.53,15.56,10.62,9.54,6.79,18.96,14.64,16.31,7.08
152.54,15.59,10.62,9.54,6.81,18.96,14.64,16.34,7.07
152.55,15.56,10.64,9.55,6.79,18.96,14.64,16.31,7.09
152.56,15.56,10.62,9.55,6.79,18.96,14.64,16.31,7.07
152.57,15.56,10.62,9.55,6.79,18.96,14.64,16.34,7.07
152.58,15.56,10.62,9.54,6.80,18.98,14.64,16.34,7.08
152.59,15.56,10.62,9.54,6.80,18.96,14.66,16.34,7.07
152.60,15.56,10.64,9.55,6.80,18.98,14.64,16.31,7.08
152.61,15.56,10.62,9.55,6.79,18.96,14.64,16.31,7.08
152.62,15.59,10.62,9.55,6.79,18.96,14.64,16.34,7.08
152.63,15.56,10.62,9.54,6.81,18.96,14.64,16.31,7.07
152.64,15.59,10.62,9.55,6.79,18.96,14.62,16.34,7.08
152.65,15.56,10.62,9.54,6.79,18.96,14.66,16.31,7.07
152.66,15.56,10.62,9.55,6.80,18.93,14.64,16.31,7.08
152.67,15.56,10.62,9.55,6.81,18.96,14.64,16.31,7.08
152.68,15.56,10.64,9.54,6.80,18.96,14.66,16.31,7.07
152.69,15.56,10.62,9.55,6.79,18.96,14.64,16.31,7.08
152.70,15.56,10.62,9.54,6.80,18.98,14.64,16.34,7.08
152.71,15.59,10.64,9.54,6.79,18.96,14.64,16.34,7.08
152.72,15.56,10.62,9.55,6.79,18.96,14.66,16.34,7.08
152.73,15.56,10.62,9.55,6.79,18.96,14.64,16.31,7.08
152.74,15.56,10.62,9.55,6.80,18.96,14.64,16.31,7.08
152.75,15.56,10.64,9.54,6.80,18.98,14.66,16.34,7.08
152.76,15.54,10.64,9.54,6.81,18.96,14.64,16.34,7.08
152.77,15.56,10.64,9.54,6.79,18.96,14.64,16.36,7.08
152.78,15.56,10.64,9.54,6.80,18.98,14.64,16.31,7.08
152.79,15.56,10.64,9.55,6.79,18.96,14.64,16.29,7.08
152.80,15.56,10.64,9.55,6.81,18.96,14.64,16.34,7.08
152.81,15.59,10.62,9.54,6.79,18.93,14.62,16.31,7.07
152.82,15.56,10.64,9.55,6.80,18.98,14.66,16.34,7.08
152.83,15.54,10.64,9.54,6.79,18.98,14.64,16.31,7.08
152.84,15.56,10.64,9.54,6.79,18.96,14.64,16.31,7.09
152.85,15.56,10.64,9.55,6.79,18.98,14.64,16.31,7.07
152.86,15.56,10.65,9.54,6.80,18.96,14.64,16.34,7.07
152.87,15.56,10.62,9.55,6.80,18.98,14.64,16.31,7.08
152.88,15.56,10.65,9.54,6.80,18.96,14.64,16.34,7.08
152.89,15.56,10.64,9.55,6.80,18.96,14.66,16.31,7.08
152.90,15.56,10.64,9.55,6.80,18.96,14.66,16.31,7.08
152.91,15.56,10.64,9.54,6.80,18.93,14.62,16.34,7.08
152.92,15.56,10.62,9.54,6.80,18.96,14.66,16.31,7.08
152.93,15.59,10.64,9.55,6.80,18.96,14.64,16.31,7.08
152.94,15.56,10.64,9.55,6.80,18.96,14.64,16.34,7.08
152.95,15.56,10.62,9.55,6.79,18.96,14.64,16.34,7.08
152.96,15.56,10.64,9.55,6.79,18.98,14.64,16.34,7.07
152.97,15.56,10.64,9.55,6.80,18.96,14.64,16.31,7.07
152.98,15.56,10.62,9.54,6.81,18.96,14.62,16.34,7.08
152.99,15.56,10.62,9.55,6.79,18.96,14.66,16.36,7.08
153.00,15.56,10.62,9.54,6.80,18.96,14.64,16.31,7.07
153.01,15.56,10.62,9.54,6.80,18.96,14.62,16.31,7.08
153.02,15.56,10.64,9.54,6.79,18.96,14.66,16.31,7.08
153.03,15.56,10.62,9.55,6.79,18.98,14.64,16.31,7.08
153.04,15.56,10.64,9.54,6.79,18.96,14.62,16.31,7.08
153.05,15.56,10.64,9.54,6.80,18.96,14.64,16.31,7.07
153.06,15.56,10.64,9.55,6.80,18.96,14.62,16.34,7.07
153.07,15.59,10.64,9.55,6.79,18.96,14.66,16.34,7.08
153.08,15.56,10.62,9.54,6.80,18.96,14.64,16.31,7.08
153.09,15.59,10.64,9.55,6.80,18.93,14.64,16.34,7.07
153.10,15.56,10.62,9.54,6.80,18.93,14.64,16.31,7.08
153.11,15.56,10.62,9.54,6.80,18.96,14.64,16.31,7.08
153.12,15.56,10.62,9.54,6.81,18.96,14.66,16.31,7.08
153.13,15.56,10.62,9.54,6.79,18.96,14.64,16.31,7.07
153.14,15.56,10.64,9.55,6.80,18.96,14.64,16.34,7.09
153.15,15.56,10.64,9.54,6.79,18.96,14.64,16.31,7.08
153.16,15.56,10.64,9.54,6.79,18.96,14.64,16.31,7.08
153.17,15.56,10.62,9.55,6.81,18.96,14.64,16.34,7.08
153.18,15.56,10.64,9.54,6.80,18.96,14.66,16.31,7.08
153.19,15.56,10.64,9.54,6.81,18.96,14.64,16.31,7.07
153.20,15.56,10.64,9.54,6.79,18.96,14.64,16.34,7.08
153.21,15.56,10.62,9.54,6.80,18.96,14.64,16.31,7.08
153.22,15.56,10.62,9.55,6.80,18.96,14.64,16.31,7.08
153.23,15.56,10.62,9.54,6.80,18.98,14.64,16.34,7.07
153.24,15.56,10.62,9.54,6.79,18.96,14.64,16.31,7.08
153.25,15.56,10.64,9.54,6.79,18.93,14.64,16.31,7.08
153.26,15.56,10.64,9.54,6.79,18.93,14.66,16.31,7.08
153.27,15.56,10.62,9.55,6.79,18.93,14.66,16.31,7.08
153.28,15.56,10.64,9.54,6.79,18.96,14.64,16.31,7.08
153.29,15.56,10.62,9.55,6.79,18.96,14.64,16.31,7.08
153.30,15.56,10.64,9.55,6.80,18.96,14.64,16.34,7.08
153.31,15.56,10.64,9.54,6.79,18.96,14.66,16.31,7.08
153.32,15.56,10.64,9.55,6.80,18.96,14.64,16.31,7.07
153.33,15.56,10.62,9.54,6.80,18.96,14.64,16.36,7.08
153.34,15.56,10.62,9.55,6.80,18.96,14.66,16.31,7.08
153.35,15.56,10.62,9.52,6.79,18.96,14.64,16.36,7.09
153.36,15.56,10.64,9.55,6.80,18.96,14.64,16.31,7.07
153.37,15.56,10.62,9.55,6.80,18.96,14.66,16.31,7.08
153.38,15.56,10.64,9.54,6.80,18.96,14.62,16.31,7.08
153.39,15.56,10.62,9.54,6.79,18.93,14.62,16.34,7.08
153.40,15.56,10.62,9.54,6.79,18.93,14.64,16.36,7.07
153.41,15.56,10.62,9.54,6.79,18.96,14.62,16.31,7.07
153.42,15.56,10.62,9.55,6.79,18.98,14.66,16.34,7.08
153.43,15.56,10.62,9.55,6.81,18.93,14.64,16.31,7.08
153.44,15.56,10.64,9.55,6.80,18.96,14.62,16.31,7.08
153.45,15.56,10.62,9.55,6.80,18.98,14.64,16.31,7.08
153.46,15.56,10.64,9.55,6.81,18.96,14.64,16.34,7.08
153.47,15.56,10.62,9.54,6.79,18.93,14.64,16.31,7.07
153.48,15.56,10.62,9.55,6.79,18.93,14.64,16.34,7.08
153.49,15.56,10.62,9.54,6.81,18.93,14.66,16.31,7.08
153.50,15.56,10.64,9.54,6.80,18.93,14.64,16.34,7.08
153.51,15.56,10.62,9.54,6.81,18.98,14.64,16.34,7.09
153.52,15.56,10.61,9.54,6.80,18.96,14.64,16.31,7.07
153.53,15.54,10.62,9.54,6.79,18.96,14.62,16.34,7.08
153.54,15.56,10.64,9.54,6.80,18.96,14.66,16.34,7.07
153.55,15.56,10.62,9.54,6.80,18.96,14.66,16.34,7.08
153.57,15.56,10.64,9.54,6.80,18.96,14.64,16.31,7.08
153.58,15.56,10.62,9.54,6.80,18.96,14.66,16.31,7.08
153.59,15.56,10.62,9.54,6.80,18.96,14.66,16.34,7.08
153.60,15.56,10.65,9.55,6.80,18.93,14.64,16.36,7.08
153.61,15.56,10.64,9.54,6.80,18.96,14.62,16.31,7.08
153.62,15.56,10.62,9.54,6.79,18.96,14.64,16.31,7.08
153.63,15.56,10.62,9.54,6.79,18.96,14.64,16.34,7.07
153.64,15.56,10.64,9.54,6.79,18.96,14.62,16.34,7.08
153.65,15.56,10.64,9.55,6.79,18.96,14.64,16.31,7.08
153.66,15.56,10.64,9.55,6.79,18.96,14.64,16.31,7.08
153.67,15.56,10.64,9.54,6.79,18.96,14.64,16.31,7.08
153.68,15.56,10.62,9.54,6.79,18.93,14.62,16.31,7.07
153.69,15.56,10.62,9.54,6.79,18.96,14.64,16.31,7.07
153.70,15.56,10.62,9.55,6.80,18.96,14.66,16.31,7.08
153.71,15.54,10.62,9.54,6.80,18.96,14.62,16.31,7.08
153.72,15.56,10.62,9.54,6.79,18.96,14.62,16.34,7.07
153.73,15.56,10.64,9.55,6.80,18.93,14.64,16.31,7.08
153.74,15.56,10.64,9.55,6.80,18.98,14.64,16.31,7.08
153.75,15.56,10.64,9.54,6.79,18.96,14.64,16.31,7.07
153.76,15.56,10.64,9.54,6.79,18.96,14.64,16.34,7.08
153.77,15.56,10.64,9.54,6.80,18.93,14.64,16.36,7.08
153.78,15.56,10.65,9.54,6.81,18.93,14.64,16.31,7.07
153.79,15.56,10.64,9.54,6.80,18.96,14.66,16.31,7.08
153.80,15.59,10.62,9.54,6.79,18.96,14.64,16.34,7.09
153.81,15.56,10.65,9.54,6.81,18.98,14.62,16.34,7.08
153.82,15.56,10.62,9.54,6.80,18.96,14.64,16.36,7.08
153.83,15.56,10.64,9.54,6.80,18.96,14.64,16.34,7.08
153.84,15.56,10.64,9.55,6.80,18.93,14.64,16.36,7.07
153.85,15.56,10.64,9.55,6.79,18.96,14.64,16.36,7.08
153.86,15.56,10.62,9.54,6.81,18.98,14.64,16.31,7.08
153.87,15.56,10.62,9.54,6.80,18.96,14.64,16.34,7.08
153.88,15.56,10.62,9.54,6.80,18.96,14.64,16.31,7.08
153.89,15.56,10.64,9.55,6.79,18.96,14.62,16.34,7.08
153.90,15.56,10.64,9.54,6.80,18.96,14.64,16.34,7.08
153.91,15.56,10.62,9.54,6.79,18.93,14.66,16.34,7.08
153.92,15.59,10.64,9.55,6.79,18.96,14.66,16.36,7.08
153.93,15.56,10.62,9.54,6.80,18.98,14.64,16.31,7.08
153.94,15.56,10.62,9.55,6.80,18.96,14.66,16.34,7.08
153.95,15.56,10.62,9.55,6.81,18.96,14.64,16.34,7.09
153.96,15.56,10.64,9.54,6.79,18.96,14.64,16.31,7.08
153.97,15.56,10.64,9.54,6.80,18.96,14.66,16.31,7.08
153.98,15.56,10.62,9.55,6.80,18.93,14.64,16.34,7.08
153.99,15.56,10.62,9.54,6.80,18.96,14.66,16.36,7.08
154.00,15.56,10.64,9.54,6.79,18.93,14.66,16.34,7.08
154.01,15.56,10.62,9.55,6.80,18.96,14.64,16.31,7.08
154.02,15.56,10.62,9.54,6.80,18.96,14.62,16.36,7.07
154.03,15.56,10.62,9.54,6.80,18.96,14.64,16.34,7.08
154.04,15.56,10.62,9.55,6.80,18.96,14.64,16.34,7.08
154.05,15.56,10.64,9.54,6.79,18.96,14.66,16.36,7.08
154.06,15.56,10.64,9.55,6.79,18.96,14.64,16.36,7.08
154.07,15.59,10.62,9.54,6.81,18.96,14.64,16.34,7.08
154.08,15.56,10.65,9.54,6.80,18.93,14.64,16.34,7.08
154.09,15.56,10.64,9.55,6.80,18.96,14.62,16.34,7.08
154.10,15.56,10.62,9.54,6.80,18.96,14.64,16.36,7.08
154.11,15.56,10.64,9.54,6.81,18.96,14.64,16.36,7.08
154.12,15.59,10.65,9.54,6.79,18.96,14.66,16.34,7.08
154.13,15.59,10.64,9.54,6.79,18.96,14.64,16.34,7.09
154.14,15.56,10.62,9.55,6.80,18.96,14.64,16.36,7.08
154.15,15.56,10.64,9.54,6.79,18.98,14.64,16.34,7.08
154.16,15.56,10.64,9.54,6.80,18.96,14.66,16.36,7.07
154.17,15.56,10.64,9.54,6.80,18.96,14.64,16.36,7.08
154.18,15.59,10.62,9.54,6.79,18.96,14.62,16.36,7.07
154.19,15.56,10.65,9.55,6.81,18.96,14.64,16.38,7.08
154.20,15.56,10.64,9.55,6.80,18.96,14.64,16.36,7.08
154.21,15.59,10.64,9.55,6.79,18.98,14.64,16.38,7.07
154.22,15.56,10.62,9.55,6.80,18.96,14.62,16.36,7.08
154.23,15.56,10.62,9.55,6.80,18.96,14.64,16.36,7.07
154.24,15.59,10.65,9.54,6.80,18.96,14.64,16.36,7.08
154.25,15.56,10.64,9.55,6.81,18.96,14.66,16.36,7.08
154.26,15.56,10.64,9.55,6.80,18.96,14.64,16.36,7.08
154.27,15.56,10.64,9.55,6.81,18.96,14.62,16.36,7.07
154.28,15.59,10.64,9.54,6.80,18.98,14.64,16.36,7.08
154.29,15.59,10.64,9.55,6.81,18.98,14.64,16.38,7.08
154.30,15.59,10.64,9.55,6.80,18.96,14.64,16.36,7.08
154.31,15.59,10.64,9.54,6.80,18.96,14.64,16.38,7.07
154.32,15.56,10.64,9.55,6.79,18.96,14.66,16.36,7.08
154.33,15.59,10.64,9.56,6.80,18.96,14.64,16.36,7.08
154.34,15.56,10.64,9.55,6.80,18.96,14.66,16.36,7.08
154.35,15.61,10.64,9.54,6.81,18.98,14.64,16.38,7.07
154.36,15.59,10.64,9.55,6.80,19.01,14.66,16.38,7.07
154.37,15.59,10.64,9.56,6.80,18.96,14.64,16.38,7.09
154.38,15.59,10.64,9.55,6.79,18.96,14.64,16.38,7.08
154.39,15.59,10.64,9.55,6.80,19.01,14.66,16.36,7.08
154.40,15.59,10.66,9.55,6.81,18.96,14.64,16.38,7.08
154.41,15.59,10.64,9.55,6.79,18.96,14.66,16.38,7.08
154.42,15.59,10.65,9.55,6.79,18.96,14.64,16.38,7.08
154.43,15.59,10.65,9.55,6.80,18.96,14.68,16.38,7.08
154.44,15.59,10.64,9.55,6.80,18.98,14.64,16.38,7.08
154.45,15.59,10.62,9.55,6.80,18.96,14.66,16.40,7.08
154.46,15.59,10.64,9.55,6.81,18.96,14.66,16.40,7.08
154.47,15.59,10.64,9.55,6.79,18.98,14.66,16.40,7.08
154.48,15.61,10.62,9.55,6.81,18.96,14.64,16.40,7.07
154.49,15.59,10.62,9.55,6.80,18.96,14.64,16.43,7.08
154.50,15.59,10.64,9.55,6.80,19.01,14.66,16.40,7.08
154.51,15.59,10.64,9.55,6.80,18.98,14.66,16.40,7.08
154.52,15.61,10.64,9.56,6.79,19.01,14.64,16.43,7.07
154.53,15.59,10.64,9.55,6.80,18.98,14.64,16.40,7.07
154.54,15.61,10.64,9.55,6.81,19.01,14.66,16.40,7.08
154.55,15.61,10.64,9.56,6.80,18.98,14.64,16.40,7.08
154.56,15.61,10.65,9.56,6.79,18.98,14.66,16.43,7.08
154.57,15.61,10.65,9.56,6.79,19.01,14.64,16.43,7.08
154.58,15.61,10.65,9.56,6.81,19.01,14.64,16.43,7.08
154.59,15.61,10.64,9.55,6.79,18.98,14.64,16.43,7.08
154.60,15.59,10.64,9.56,6.79,18.98,14.64,16.43,7.08
154.61,15.61,10.65,9.55,6.80,18.98,14.64,16.43,7.08
154.62,15.61,10.66,9.55,6.80,19.01,14.64,16.43,7.07
154.63,15.61,10.64,9.56,6.80,19.01,14.64,16.43,7.08
154.64,15.61,10.64,9.56,6.80,19.01,14.64,16.43,7.08
154.65,15.61,10.65,9.56,6.81,18.98,14.64,16.45,7.08
154.66,15.61,10.64,9.56,6.80,19.01,14.66,16.47,7.08
154.67,15.61,10.65,9.57,6.80,19.01,14.64,16.45,7.08
154.68,15.61,10.66,9.56,6.79,19.01,14.66,16.45,7.09
154.69,15.63,10.66,9.56,6.81,19.01,14.68,16.47,7.08
154.70,15.61,10.65,9.55,6.81,19.04,14.64,16.47,7.08
154.71,15.61,10.64,9.56,6.79,19.01,14.66,16.45,7.07
154.72,15.61,10.66,9.56,6.80,19.01,14.64,16.49,7.08
154.73,15.61,10.65,9.56,6.79,19.01,14.68,16.47,7.08
154.74,15.61,10.65,9.57,6.79,19.01,14.64,16.45,7.08
154.75,15.61,10.65,9.57,6.80,19.01,14.66,16.47,7.08
154.76,15.61,10.66,9.56,6.80,19.01,14.66,16.49,7.08
154.77,15.61,10.64,9.56,6.81,19.01,14.66,16.47,7.08
154.78,15.63,10.66,9.57,6.80,19.01,14.64,16.49,7.07
154.79,15.65,10.65,9.56,6.79,19.01,14.66,16.52,7.08
154.80,15.63,10.65,9.58,6.81,19.01,14.66,16.47,7.09
154.81,15.63,10.66,9.57,6.80,19.04,14.66,16.49,7.07
154.82,15.63,10.66,9.57,6.79,19.01,14.68,16.52,7.08
154.83,15.65,10.65,9.58,6.80,19.01,14.66,16.49,7.09
154.84,15.63,10.65,9.57,6.80,19.01,14.64,16.49,7.08
154.85,15.63,10.65,9.58,6.80,19.01,14.66,16.52,7.08
154.86,15.63,10.65,9.58,6.80,19.04,14.66,16.49,7.08
154.87,15.65,10.65,9.57,6.80,19.07,14.68,16.52,7.08
154.88,15.65,10.66,9.57,6.81,19.01,14.66,16.52,7.08
154.89,15.63,10.65,9.57,6.80,19.04,14.66,16.54,7.08
154.90,15.63,10.65,9.57,6.81,19.04,14.68,16.52,7.07
154.91,15.65,10.66,9.58,6.80,19.07,14.68,16.54,7.08
154.92,15.65,10.66,9.57,6.79,19.04,14.66,16.54,7.08
154.94,15.65,10.65,9.57,6.79,19.04,14.66,16.52,7.08
154.95,15.65,10.66,9.58,6.80,19.04,14.66,16.54,7.08
154.96,15.65,10.66,9.58,6.80,19.07,14.66,16.54,7.07
154.97,15.65,10.66,9.57,6.80,19.07,14.66,16.54,7.08
154.98,15.65,10.66,9.58,6.80,19.07,14.68,16.54,7.07
154.99,15.65,10.65,9.58,6.80,19.09,14.66,16.56,7.08
155.00,15.65,10.66,9.57,6.80,19.07,14.68,16.56,7.07
155.01,15.67,10.66,9.58,6.79,19.07,14.66,16.54,7.08
155.02,15.67,10.68,9.58,6.81,19.07,14.66,16.58,7.08
155.03,15.65,10.68,9.58,6.80,19.07,14.68,16.56,7.08
155.04,15.65,10.66,9.60,6.80,19.07,14.70,16.58,7.09
155.05,15.67,10.66,9.58,6.81,19.09,14.68,16.61,7.08
155.06,15.67,10.66,9.58,6.79,19.07,14.68,16.58,7.08
155.07,15.67,10.68,9.61,6.80,19.07,14.68,16.58,7.07
155.08,15.67,10.66,9.60,6.80,19.07,14.66,16.61,7.08
155.09,15.67,10.66,9.60,6.80,19.09,14.68,16.58,7.08
155.10,15.69,10.66,9.60,6.80,19.12,14.68,16.58,7.08
155.11,15.67,10.68,9.60,6.79,19.09,14.68,16.58,7.07
155.12,15.69,10.66,9.61,6.80,19.09,14.70,16.61,7.08
155.13,15.67,10.66,9.60,6.80,19.09,14.68,16.61,7.08
155.14,15.69,10.68,9.62,6.80,19.12,14.68,16.63,7.08
155.15,15.69,10.68,9.61,6.81,19.12,14.68,16.61,7.07
155.16,15.69,10.66,9.62,6.80,19.09,14.66,16.61,7.07
155.17,15.67,10.66,9.60,6.80,19.09,14.68,16.68,7.09
155.18,15.69,10.68,9.61,6.79,19.12,14.68,16.63,7.08
155.19,15.69,10.68,9.61,6.80,19.12,14.68,16.63,7.09
155.20,15.69,10.66,9.61,6.80,19.09,14.70,16.63,7.08
155.21,15.69,10.68,9.60,6.80,19.12,14.68,16.63,7.08
155.22,15.71,10.68,9.62,6.80,19.15,14.68,16.63,7.08
155.23,15.71,10.69,9.61,6.79,19.12,14.68,16.65,7.09
155.24,15.69,10.68,9.61,6.80,19.15,14.68,16.65,7.08
155.25,15.71,10.69,9.62,6.80,19.12,14.68,16.68,7.08
155.26,15.71,10.69,9.62,6.79,19.15,14.68,16.68,7.08
155.27,15.69,10.68,9.63,6.80,19.12,14.70,16.70,7.08
155.28,15.71,10.71,9.62,6.80,19.15,14.68,16.68,7.07
155.29,15.71,10.68,9.61,6.80,19.15,14.72,16.70,7.08
155.30,15.71,10.68,9.63,6.81,19.15,14.70,16.70,7.08
155.31,15.71,10.68,9.63,6.80,19.15,14.70,16.70,7.09
155.32,15.73,10.69,9.62,6.80,19.17,14.70,16.70,7.08
155.33,15.73,10.71,9.62,6.80,19.15,14.70,16.70,7.07
155.34,15.73,10.69,9.63,6.81,19.17,14.70,16.70,7.09
155.35,15.73,10.71,9.62,6.80,19.17,14.70,16.72,7.09
155.36,15.73,10.69,9.62,6.80,19.17,14.72,16.72,7.07
155.37,15.73,10.71,9.63,6.80,19.17,14.70,16.72,7.08
155.38,15.73,10.69,9.63,6.80,19.17,14.72,16.74,7.08
155.39,15.73,10.69,9.65,6.80,19.17,14.70,16.74,7.08
155.40,15.76,10.71,9.63,6.80,19.17,14.70,16.72,7.09
155.41,15.76,10.72,9.65,6.81,19.20,14.72,16.77,7.09
155.42,15.76,10.71,9.65,6.80,19.17,14.70,16.74,7.08
155.43,15.76,10.69,9.65,6.80,19.20,14.72,16.74,7.08
155.44,15.73,10.71,9.65,6.80,19.23,14.70,16.77,7.08
155.45,15.76,10.69,9.65,6.80,19.20,14.74,16.77,7.08
155.46,15.76,10.71,9.65,6.81,19.20,14.72,16.77,7.08
155.47,15.76,10.71,9.65,6.80,19.23,14.72,16.77,7.08
155.48,15.76,10.72,9.65,6.81,19.20,14.72,16.79,7.08
155.49,15.78,10.71,9.65,6.81,19.23,14.70,16.79,7.08
155.50,15.78,10.71,9.66,6.80,19.23,14.72,16.79,7.08
155.51,15.78,10.71,9.65,6.81,19.26,14.72,16.79,7.08
155.52,15.78,10.71,9.65,6.81,19.23,14.72,16.79,7.08
155.53,15.78,10.71,9.65,6.80,19.23,14.72,16.81,7.08
155.54,15.78,10.71,9.66,6.80,19.23,14.72,16.84,7.09
155.55,15.78,10.72,9.66,6.80,19.28,14.74,16.81,7.08
155.56,15.78,10.71,9.67,6.81,19.26,14.72,16.84,7.08
155.57,15.80,10.72,9.66,6.81,19.26,14.72,16.81,7.07
155.58,15.80,10.72,9.67,6.80,19.26,14.72,16.84,7.09
155.59,15.80,10.72,9.66,6.80,19.26,14.72,16.86,7.09
155.60,15.82,10.72,9.67,6.80,19.26,14.76,16.86,7.07
155.61,15.80,10.72,9.67,6.80,19.26,14.72,16.84,7.08
155.62,15.82,10.72,9.67,6.80,19.28,14.72,16.86,7.08
155.63,15.80,10.72,9.68,6.81,19.28,14.74,16.86,7.08
155.64,15.82,10.72,9.67,6.82,19.28,14.72,16.91,7.08
155.65,15.82,10.73,9.68,6.80,19.28,14.74,16.88,7.08
155.66,15.82,10.72,9.68,6.81,19.28,14.74,16.88,7.08
155.67,15.82,10.73,9.67,6.80,19.28,14.74,16.88,7.08
155.68,15.82,10.72,9.68,6.80,19.31,14.74,16.88,7.08
155.69,15.84,10.72,9.68,6.81,19.31,14.76,16.93,7.09
155.70,15.84,10.73,9.70,6.80,19.34,14.74,16.91,7.08
155.71,15.84,10.73,9.68,6.80,19.34,14.74,16.91,7.07
155.72,15.84,10.75,9.68,6.81,19.31,14.74,16.93,7.08
155.73,15.84,10.75,9.68,6.81,19.34,14.74,16.93,7.09
155.74,15.86,10.73,9.68,6.80,19.31,14.76,16.93,7.08
155.75,15.84,10.73,9.70,6.80,19.31,14.76,16.95,7.09
155.76,15.86,10.73,9.71,6.80,19.34,14.76,16.93,7.07
155.77,15.86,10.73,9.70,6.80,19.34,14.76,16.95,7.08
155.78,15.86,10.76,9.71,6.80,19.37,14.76,16.95,7.08
155.79,15.84,10.75,9.70,6.80,19.37,14.80,16.98,7.09
155.80,15.86,10.75,9.71,6.80,19.37,14.76,17.00,7.08
155.81,15.86,10.75,9.71,6.81,19.39,14.78,16.98,7.09
155.82,15.86,10.75,9.72,6.80,19.39,14.76,17.00,7.08
155.83,15.86,10.75,9.71,6.80,19.37,14.76,17.00,7.08
155.84,15.88,10.75,9.71,6.80,19.37,14.76,17.00,7.09
155.85,15.88,10.76,9.71,6.80,19.39,14.78,17.00,7.08
155.86,15.88,10.75,9.72,6.81,19.39,14.78,17.00,7.08
155.87,15.88,10.75,9.72,6.81,19.42,14.78,17.02,7.08
155.88,15.88,10.76,9.72,6.81,19.39,14.76,17.02,7.07
155.89,15.90,10.76,9.72,6.80,19.42,14.80,17.05,7.08
155.90,15.90,10.76,9.72,6.80,19.39,14.78,17.02,7.08
155.91,15.90,10.76,9.72,6.82,19.42,14.76,17.02,7.09
155.92,15.90,10.76,9.73,6.81,19.42,14.78,17.05,7.08
155.93,15.90,10.76,9.73,6.80,19.45,14.78,17.07,7.08
155.94,15.90,10.79,9.73,6.81,19.45,14.78,17.05,7.08
155.95,15.93,10.76,9.73,6.80,19.42,14.78,17.05,7.08
155.96,15.93,10.78,9.73,6.80,19.48,14.78,17.07,7.08
155.97,15.93,10.76,9.75,6.80,19.45,14.82,17.07,7.08
155.98,15.93,10.76,9.73,6.80,19.45,14.78,17.07,7.08
155.99,15.95,10.76,9.75,6.80,19.45,14.80,17.07,7.08
156.00,15.95,10.78,9.75,6.81,19.48,14.80,17.09,7.08
156.01,15.93,10.79,9.75,6.81,19.51,14.80,17.12,7.08
156.02,15.93,10.78,9.75,6.80,19.48,14.80,17.09,7.09
156.03,15.95,10.78,9.77,6.81,19.48,14.80,17.14,7.08
156.04,15.95,10.79,9.75,6.82,19.48,14.80,17.14,7.09
156.05,15.95,10.79,9.75,6.80,19.51,14.82,17.12,7.08
156.06,15.95,10.79,9.76,6.81,19.51,14.80,17.14,7.08
156.07,15.95,10.78,9.75,6.81,19.53,14.82,17.14,7.08
156.08,15.97,10.80,9.76,6.80,19.51,14.82,17.16,7.08
156.09,15.97,10.79,9.77,6.80,19.56,14.84,17.16,7.08
156.10,15.97,10.79,9.76,6.80,19.53,14.84,17.16,7.08
156.11,15.99,10.79,9.77,6.81,19.56,14.82,17.16,7.08
156.12,15.97,10.79,9.77,6.81,19.56,14.84,17.16,7.09
156.13,15.99,10.79,9.80,6.81,19.59,14.84,17.19,7.08
156.14,16.01,10.80,9.78,6.81,19.59,14.84,17.21,7.08
156.15,15.99,10.80,9.78,6.81,19.59,14.84,17.26,7.10
156.16,16.01,10.80,9.78,6.80,19.62,14.84,17.26,7.10
156.17,16.01,10.82,9.80,6.81,19.62,14.84,17.23,7.08
156.18,16.04,10.82,9.81,6.81,19.62,14.84,17.26,7.09
156.19,16.01,10.82,9.78,6.81,19.62,14.84,17.26,7.08
156.20,16.04,10.82,9.78,6.81,19.65,14.84,17.26,7.09
156.21,16.04,10.80,9.80,6.80,19.62,14.84,17.28,7.08
156.22,16.06,10.82,9.81,6.81,19.65,14.84,17.31,7.08
156.23,16.04,10.82,9.80,6.81,19.62,14.84,17.28,7.09
156.24,16.04,10.82,9.81,6.81,19.65,14.86,17.28,7.08
156.25,16.04,10.83,9.80,6.81,19.68,14.86,17.33,7.09
156.26,16.06,10.83,9.82,6.81,19.62,14.86,17.31,7.08
156.27,16.06,10.83,9.82,6.80,19.68,14.88,17.31,7.08
156.28,16.06,10.83,9.81,6.81,19.68,14.88,17.36,7.08
156.29,16.08,10.83,9.82,6.80,19.68,14.86,17.36,7.09
156.30,16.08,10.83,9.81,6.82,19.68,14.88,17.36,7.08
156.31,16.08,10.82,9.83,6.81,19.70,14.86,17.38,7.08
156.32,16.08,10.83,9.83,6.81,19.70,14.88,17.33,7.09
156.33,16.08,10.83,9.83,6.80,19.70,14.86,17.36,7.08
156.34,16.10,10.85,9.83,6.81,19.70,14.88,17.36,7.08
156.35,16.08,10.83,9.83,6.81,19.73,14.90,17.38,7.09
156.36,16.10,10.85,9.83,6.81,19.73,14.86,17.38,7.09
156.37,16.10,10.85,9.85,6.81,19.73,14.88,17.38,7.09
156.38,16.12,10.85,9.83,6.81,19.73,14.88,17.40,7.08
156.39,16.12,10.85,9.86,6.80,19.76,14.90,17.40,7.09
156.40,16.12,10.85,9.83,6.82,19.76,14.90,17.43,7.08
156.41,16.12,10.85,9.86,6.81,19.76,14.92,17.43,7.08
156.42,16.12,10.85,9.85,6.81,19.79,14.90,17.45,7.07
156.43,16.14,10.86,9.85,6.80,19.76,14.92,17.43,7.08
156.44,16.14,10.86,9.87,6.82,19.79,14.90,17.48,7.08
156.45,16.14,10.86,9.85,6.81,19.79,14.90,17.45,7.09
156.46,16.14,10.85,9.86,6.82,19.79,14.90,17.48,7.08
156.47,16.14,10.86,9.86,6.81,19.82,14.92,17.48,7.08
156.48,16.17,10.86,9.87,6.80,19.85,14.92,17.45,7.08
156.49,16.17,10.86,9.87,6.81,19.82,14.92,17.48,7.08
156.50,16.19,10.86,9.87,6.81,19.82,14.92,17.50,7.08
156.51,16.19,10.87,9.87,6.81,19.85,14.92,17.50,7.08
156.52,16.19,10.87,9.87,6.81,19.85,14.94,17.50,7.09
156.53,16.19,10.87,9.87,6.80,19.88,14.92,17.55,7.09
156.54,16.19,10.87,9.87,6.81,19.85,14.92,17.55,7.09
156.55,16.17,10.87,9.90,6.82,19.90,14.92,17.52,7.08
156.56,16.19,10.89,9.88,6.81,19.88,14.94,17.52,7.09
156.57,16.21,10.87,9.88,6.82,19.88,14.96,17.57,7.09
156.58,16.21,10.89,9.91,6.81,19.90,14.94,17.55,7.09
156.59,16.21,10.89,9.90,6.81,19.88,14.92,17.55,7.08
156.60,16.23,10.89,9.90,6.81,19.93,14.96,17.57,7.08
156.61,16.21,10.89,9.91,6.81,19.93,14.94,17.57,7.08
156.62,16.23,10.89,9.92,6.82,19.93,14.94,17.57,7.08
156.63,16.23,10.89,9.90,6.81,19.90,14.94,17.60,7.08
156.64,16.23,10.90,9.91,6.81,19.96,14.96,17.60,7.09
156.65,16.23,10.89,9.92,6.83,19.96,14.96,17.60,7.09
156.66,16.23,10.90,9.92,6.81,19.93,14.94,17.62,7.10
156.67,16.25,10.90,9.92,6.81,19.96,14.96,17.62,7.08
156.68,16.25,10.90,9.92,6.81,19.96,14.96,17.62,7.08
156.69,16.25,10.90,9.92,6.82,19.96,14.96,17.67,7.09
156.70,16.28,10.90,9.92,6.80,19.96,14.96,17.62,7.08
156.71,16.28,10.91,9.94,6.81,20.02,14.98,17.65,7.09
156.72,16.28,10.91,9.92,6.82,19.99,14.96,17.67,7.08
156.73,16.28,10.91,9.92,6.81,19.99,14.96,17.67,7.08
156.74,16.30,10.91,9.94,6.81,20.02,14.98,17.67,7.09
156.75,16.28,10.91,9.94,6.83,20.02,15.00,17.67,7.09
156.76,16.30,10.91,9.94,6.81,20.02,14.98,17.67,7.09
156.77,16.30,10.93,9.95,6.81,20.05,14.98,17.70,7.08
156.78,16.30,10.91,9.95,6.82,20.05,14.98,17.72,7.08
156.79,16.32,10.94,9.96,6.82,20.05,14.98,17.72,7.09
156.80,16.32,10.91,9.95,6.81,20.08,15.00,17.72,7.08
156.81,16.32,10.91,9.95,6.81,20.08,15.00,17.75,7.09
156.82,16.34,10.93,9.97,6.81,20.08,15.00,17.75,7.09
156.83,16.34,10.93,9.96,6.81,20.08,15.00,17.75,7.09
156.84,16.34,10.94,9.97,6.81,20.08,15.00,17.75,7.10
156.85,16.34,10.93,9.97,6.83,20.11,15.02,17.80,7.08
156.86,16.34,10.93,9.97,6.81,20.11,15.00,17.80,7.09
156.87,16.37,10.96,9.97,6.81,20.11,15.00,17.77,7.10
156.88,16.37,10.94,9.99,6.81,20.14,15.04,17.82,7.09
156.89,16.37,10.94,9.99,6.82,20.16,15.02,17.82,7.09
156.90,16.37,10.94,9.97,6.82,20.14,15.00,17.82,7.09
156.91,16.39,10.94,10.00,6.81,20.16,15.02,17.84,7.09
156.92,16.39,10.94,9.99,6.80,20.19,15.04,17.82,7.09
156.93,16.39,10.96,10.00,6.81,20.19,15.04,17.82,7.09
156.94,16.39,10.96,10.00,6.82,20.16,15.02,17.84,7.08
156.95,16.39,10.96,10.00,6.82,20.19,15.04,17.84,7.09
156.96,16.39,10.96,10.01,6.81,20.22,15.04,17.87,7.09
156.97,16.41,10.96,10.01,6.81,20.19,15.04,17.89,7.09
156.98,16.41,10.96,10.01,6.81,20.19,15.04,17.89,7.09
156.99,16.41,10.97,10.00,6.81,20.22,15.04,17.89,7.09
157.00,16.43,10.97,10.00,6.81,20.22,15.06,17.89,7.09
157.01,16.43,10.98,10.04,6.81,20.22,15.04,17.92,7.10
157.02,16.43,10.98,10.01,6.82,20.22,15.04,17.92,7.09
157.03,16.43,10.97,10.03,6.82,20.25,15.06,17.92,7.10
157.04,16.46,10.97,10.03,6.81,20.25,15.06,17.92,7.09
157.05,16.46,10.98,10.04,6.82,20.28,15.06,17.94,7.08
157.06,16.43,10.98,10.04,6.81,20.25,15.06,17.94,7.08
157.07,16.46,10.98,10.03,6.83,20.28,15.06,17.97,7.10
157.08,16.48,10.98,10.04,6.82,20.31,15.08,17.97,7.09
157.09,16.48,10.98,10.03,6.81,20.31,15.08,17.97,7.09
157.10,16.48,11.00,10.04,6.81,20.31,15.08,17.97,7.08
157.11,16.48,11.00,10.05,6.81,20.31,15.08,17.97,7.10
157.12,16.50,10.97,10.05,6.81,20.34,15.08,18.00,7.09
157.13,16.50,10.98,10.05,6.81,20.34,15.08,18.00,7.10
157.14,16.50,11.01,10.06,6.83,20.34,15.10,18.02,7.08
157.15,16.50,11.00,10.05,6.82,20.34,15.10,18.00,7.09
157.16,16.52,11.00,10.05,6.81,20.37,15.08,18.05,7.09
157.17,16.52,11.00,10.06,6.81,20.40,15.12,18.05,7.08
157.18,16.52,11.03,10.08,6.82,20.37,15.08,18.07,7.08
157.19,16.52,11.01,10.06,6.81,20.37,15.08,18.10,7.09
157.20,16.55,11.00,10.08,6.83,20.40,15.12,18.07,7.09
157.21,16.55,11.01,10.08,6.82,20.43,15.12,18.07,7.09
157.22,16.52,11.01,10.09,6.82,20.43,15.12,18.07,7.10
157.23,16.55,11.03,10.09,6.81,20.40,15.14,18.10,7.10
157.24,16.57,11.03,10.09,6.82,20.43,15.12,18.12,7.08
157.25,16.57,11.03,10.09,6.82,20.43,15.12,18.12,7.09
157.26,16.59,11.03,10.09,6.81,20.49,15.14,18.10,7.10
157.27,16.59,11.04,10.09,6.83,20.46,15.12,18.15,7.10
157.28,16.59,11.04,10.09,6.82,20.46,15.12,18.17,7.09
157.29,16.59,11.03,10.10,6.82,20.46,15.16,18.15,7.09
157.30,16.59,11.04,10.12,6.82,20.49,15.14,18.17,7.08
157.31,16.59,11.03,10.12,6.82,20.49,15.14,18.17,7.10
157.32,16.61,11.04,10.12,6.83,20.49,15.14,18.17,7.10
157.33,16.61,11.04,10.12,6.82,20.49,15.16,18.17,7.09
157.34,16.61,11.04,10.12,6.81,20.52,15.16,18.20,7.09
157.35,16.59,11.04,10.13,6.83,20.52,15.16,18.20,7.09
157.36,16.64,11.06,10.12,6.81,20.58,15.16,18.20,7.09
157.37,16.64,11.06,10.13,6.82,20.55,15.14,18.22,7.09
157.38,16.64,11.06,10.13,6.81,20.55,15.18,18.20,7.09
157.39,16.64,11.06,10.14,6.82,20.55,15.18,18.25,7.09
157.40,16.66,11.07,10.13,6.82,20.58,15.18,18.25,7.10
157.41,16.66,11.07,10.14,6.82,20.61,15.18,18.25,7.09
157.42,16.66,11.09,10.14,6.83,20.58,15.18,18.27,7.10
157.43,16.68,11.07,10.14,6.82,20.61,15.18,18.27,7.09
157.44,16.68,11.09,10.17,6.82,20.61,15.18,18.27,7.09
157.45,16.68,11.06,10.16,6.82,20.64,15.18,18.30,7.09
157.46,16.71,11.09,10.16,6.82,20.61,15.20,18.33,7.10
157.47,16.68,11.09,10.17,6.81,20.64,15.20,18.30,7.09
157.48,16.71,11.09,10.16,6.82,20.64,15.18,18.33,7.09
157.49,16.73,11.09,10.17,6.82,20.67,15.20,18.35,7.10
157.50,16.71,11.09,10.18,6.82,20.67,15.22,18.33,7.10
157.51,16.73,11.09,10.17,6.82,20.67,15.20,18.33,7.09
157.52,16.71,11.09,10.18,6.81,20.70,15.20,18.35,7.10
157.53,16.75,11.10,10.18,6.82,20.73,15.24,18.38,7.10
157.54,16.73,11.10,10.20,6.83,20.73,15.22,18.38,7.09
157.55,16.75,11.09,10.20,6.82,20.70,15.22,18.38,7.09
157.56,16.75,11.10,10.20,6.82,20.73,15.22,18.40,7.10
157.57,16.75,11.10,10.18,6.83,20.76,15.24,18.40,7.09
157.58,16.75,11.10,10.20,6.82,20.76,15.22,18.43,7.10
157.59,16.78,11.10,10.20,6.82,20.76,15.24,18.43,7.09
157.60,16.78,11.10,10.21,6.82,20.76,15.24,18.43,7.09
157.61,16.78,11.10,10.21,6.82,20.79,15.24,18.43,7.09
157.62,16.78,11.11,10.21,6.82,20.76,15.24,18.43,7.10
157.63,16.78,11.11,10.22,6.83,20.79,15.24,18.45,7.10
157.64,16.80,11.11,10.22,6.82,20.82,15.24,18.51,7.11
157.65,16.82,11.11,10.21,6.82,20.82,15.24,18.51,7.10
157.66,16.82,11.13,10.22,6.82,20.85,15.24,18.48,7.10
157.67,16.84,11.13,10.23,6.82,20.82,15.26,18.48,7.10
157.68,16.82,11.13,10.23,6.83,20.89,15.26,18.53,7.10
157.69,16.82,11.14,10.25,6.82,20.89,15.28,18.51,7.10
157.70,16.84,11.14,10.25,6.82,20.89,15.26,18.53,7.09
157.71,16.84,11.14,10.23,6.82,20.89,15.26,18.53,7.09
157.72,16.84,11.16,10.25,6.83,20.89,15.28,18.53,7.09
157.73,16.84,11.14,10.26,6.82,20.89,15.30,18.59,7.09
157.74,16.87,11.14,10.26,6.83,20.91,15.28,18.59,7.10
157.75,16.87,11.14,10.26,6.82,20.91,15.28,18.59,7.10
157.76,16.89,11.14,10.26,6.82,20.91,15.28,18.59,7.09
157.77,16.89,11.16,10.26,6.82,20.91,15.28,18.56,7.09
157.78,16.89,11.16,10.26,6.82,20.98,15.30,18.61,7.10
157.79,16.91,11.16,10.26,6.82,20.95,15.32,18.61,7.09
157.80,16.89,11.16,10.26,6.83,20.98,15.30,18.64,7.09
157.81,16.91,11.17,10.27,6.83,20.98,15.32,18.61,7.10
157.82,16.91,11.16,10.27,6.82,20.98,15.32,18.64,7.10
157.83,16.94,11.16,10.27,6.82,20.98,15.30,18.61,7.09
157.84,16.94,11.17,10.29,6.82,21.01,15.32,18.64,7.09
157.85,16.94,11.19,10.30,6.82,21.04,15.32,18.66,7.09
157.86,16.94,11.19,10.30,6.82,21.01,15.32,18.66,7.10
157.87,16.94,11.17,10.30,6.83,21.04,15.32,18.69,7.10
157.88,16.96,11.17,10.30,6.82,21.04,15.36,18.69,7.10
157.89,16.96,11.19,10.30,6.82,21.04,15.32,18.69,7.09
157.90,16.96,11.20,10.31,6.83,21.07,15.32,18.69,7.09
157.91,16.96,11.17,10.31,6.82,21.07,15.34,18.72,7.09
157.92,16.98,11.17,10.31,6.82,21.10,15.34,18.74,7.09
157.93,16.98,11.19,10.31,6.82,21.10,15.36,18.74,7.09
157.94,16.98,11.20,10.34,6.82,21.13,15.36,18.74,7.09
157.95,17.01,11.20,10.31,6.83,21.13,15.36,18.74,7.10
157.96,17.01,11.21,10.34,6.82,21.13,15.36,18.77,7.10
157.97,17.01,11.21,10.33,6.82,21.13,15.36,18.77,7.11
157.98,17.03,11.21,10.33,6.82,21.13,15.38,18.77,7.09
157.99,17.01,11.20,10.35,6.83,21.16,15.38,18.80,7.10
158.00,17.03,11.21,10.34,6.82,21.16,15.38,18.80,7.10
158.01,17.03,11.21,10.35,6.83,21.16,15.38,18.85,7.10
158.02,17.03,11.21,10.35,6.83,21.20,15.40,18.82,7.10
158.03,17.03,11.23,10.37,6.83,21.23,15.40,18.85,7.10
158.04,17.06,11.23,10.35,6.83,21.20,15.38,18.88,7.10
158.05,17.06,11.23,10.37,6.83,21.23,15.38,18.85,7.11
158.06,17.08,11.23,10.37,6.83,21.23,15.40,18.85,7.11
158.07,17.08,11.23,10.37,6.83,21.23,15.40,18.85,7.10
158.08,17.10,11.23,10.38,6.83,21.23,15.40,18.90,7.10
158.09,17.10,11.26,10.37,6.83,21.26,15.40,18.90,7.10
158.10,17.10,11.24,10.38,6.82,21.29,15.40,18.90,7.10
158.11,17.10,11.24,10.38,6.83,21.29,15.43,18.90,7.10
158.12,17.13,11.26,10.39,6.82,21.29,15.43,18.96,7.10
158.13,17.13,11.24,10.39,6.82,21.29,15.43,18.93,7.10
158.14,17.13,11.26,10.39,6.83,21.32,15.43,18.93,7.10
158.15,17.13,11.26,10.41,6.82,21.32,15.45,18.96,7.10
158.16,17.15,11.26,10.41,6.83,21.32,15.45,18.96,7.10
158.17,17.13,11.26,10.39,6.83,21.32,15.43,19.01,7.10
158.18,17.15,11.26,10.42,6.83,21.38,15.45,18.98,7.09
158.19,17.15,11.26,10.41,6.83,21.35,15.45,18.98,7.10
158.20,17.17,11.27,10.42,6.83,21.35,15.45,18.98,7.10
158.21,17.17,11.29,10.42,6.83,21.35,15.45,19.04,7.10
158.22,17.17,11.27,10.42,6.83,21.38,15.47,19.04,7.10
158.23,17.17,11.27,10.43,6.83,21.42,15.47,19.07,7.11
158.24,17.20,11.27,10.42,6.83,21.42,15.49,19.07,7.10
158.25,17.20,11.29,10.43,6.83,21.42,15.49,19.07,7.10
158.26,17.22,11.29,10.45,6.84,21.42,15.47,19.07,7.10
158.27,17.22,11.27,10.45,6.83,21.45,15.49,19.07,7.09
158.28,17.22,11.29,10.45,6.83,21.45,15.49,19.09,7.10
158.29,17.22,11.30,10.46,6.83,21.48,15.47,19.09,7.10
158.30,17.25,11.27,10.45,6.83,21.48,15.51,19.09,7.10
158.31,17.25,11.29,10.46,6.83,21.48,15.51,19.09,7.10
158.32,17.25,11.33,10.47,6.83,21.48,15.49,19.12,7.11
158.33,17.25,11.29,10.49,6.83,21.51,15.51,19.12,7.11
158.34,17.27,11.32,10.46,6.83,21.51,15.53,19.18,7.11
158.35,17.27,11.30,10.47,6.83,21.54,15.51,19.15,7.10
158.36,17.27,11.30,10.47,6.83,21.54,15.51,19.18,7.10
158.37,17.29,11.32,10.49,6.83,21.54,15.51,19.18,7.10
158.38,17.29,11.32,10.49,6.83,21.57,15.53,19.18,7.10
158.39,17.29,11.32,10.47,6.83,21.57,15.53,19.18,7.10
158.40,17.29,11.33,10.47,6.83,21.61,15.53,19.18,7.09
158.41,17.32,11.35,10.50,6.83,21.61,15.57,19.20,7.10
158.42,17.32,11.30,10.50,6.83,21.61,15.53,19.20,7.10
158.43,17.32,11.35,10.50,6.83,21.61,15.53,19.23,7.10
158.44,17.32,11.33,10.50,6.83,21.67,15.57,19.23,7.10
158.45,17.32,11.35,10.52,6.83,21.64,15.55,19.23,7.10
158.46,17.34,11.33,10.50,6.83,21.64,15.57,19.26,7.11
158.47,17.37,11.33,10.53,6.83,21.64,15.57,19.29,7.10
158.48,17.37,11.35,10.53,6.83,21.67,15.55,19.31,7.10
158.49,17.37,11.35,10.53,6.83,21.67,15.59,19.29,7.10
158.50,17.37,11.35,10.53,6.83,21.70,15.57,19.29,7.11
158.51,17.37,11.35,10.53,6.83,21.74,15.59,19.29,7.11
158.52,17.39,11.35,10.53,6.83,21.70,15.57,19.31,7.10
158.53,17.39,11.36,10.56,6.83,21.74,15.59,19.34,7.12
158.54,17.41,11.36,10.54,6.83,21.74,15.59,19.31,7.11
158.55,17.41,11.36,10.54,6.83,21.77,15.59,19.34,7.11
158.56,17.39,11.36,10.56,6.83,21.74,15.59,19.37,7.11
158.57,17.44,11.38,10.56,6.83,21.77,15.61,19.40,7.10
158.58,17.44,11.39,10.56,6.83,21.80,15.61,19.40,7.10
158.59,17.41,11.38,10.58,6.83,21.80,15.61,19.37,7.11
158.60,17.46,11.39,10.57,6.84,21.80,15.63,19.40,7.11
158.61,17.44,11.39,10.57,6.83,21.83,15.61,19.42,7.11
158.62,17.46,11.39,10.58,6.83,21.80,15.63,19.42,7.10
158.63,17.46,11.39,10.57,6.83,21.83,15.63,19.42,7.10
158.64,17.49,11.39,10.58,6.83,21.87,15.63,19.42,7.11
158.65,17.49,11.39,10.58,6.83,21.87,15.63,19.48,7.12
158.66,17.49,11.39,10.58,6.83,21.87,15.65,19.42,7.10
158.67,17.51,11.40,10.60,6.83,21.87,15.65,19.45,7.09
158.68,17.49,11.40,10.60,6.83,21.90,15.65,19.45,7.11
158.69,17.51,11.40,10.60,6.83,21.90,15.68,19.48,7.10
158.70,17.51,11.40,10.61,6.83,21.93,15.65,19.48,7.11
158.71,17.51,11.40,10.61,6.83,21.93,15.68,19.51,7.10
158.72,17.54,11.42,10.60,6.83,21.93,15.70,19.51,7.11
158.73,17.54,11.40,10.62,6.83,21.96,15.68,19.54,7.11
158.74,17.56,11.43,10.61,6.83,22.00,15.68,19.56,7.10
158.75,17.56,11.40,10.64,6.83,21.96,15.70,19.54,7.10
158.76,17.56,11.42,10.62,6.83,21.96,15.70,19.56,7.11
158.77,17.58,11.43,10.64,6.83,22.00,15.70,19.59,7.10
158.78,17.58,11.43,10.65,6.84,22.00,15.70,19.59,7.11
158.79,17.58,11.43,10.64,6.84,22.00,15.72,19.62,7.10
158.80,17.58,11.43,10.66,6.83,22.03,15.70,19.62,7.11
158.81,17.61,11.43,10.64,6.83,22.06,15.70,19.65,7.10
158.82,17.61,11.43,10.66,6.83,22.06,15.72,19.62,7.11
158.83,17.61,11.43,10.65,6.84,22.06,15.74,19.62,7.11
158.84,17.63,11.45,10.66,6.84,22.06,15.74,19.62,7.10
158.85,17.63,11.46,10.66,6.83,22.06,15.72,19.65,7.11
158.86,17.63,11.45,10.66,6.83,22.10,15.74,19.68,7.11
158.87,17.63,11.46,10.66,6.83,22.13,15.74,19.68,7.10
158.88,17.66,11.46,10.69,6.83,22.13,15.74,19.68,7.11
158.89,17.66,11.46,10.68,6.83,22.13,15.74,19.70,7.12
158.90,17.66,11.46,10.71,6.84,22.13,15.76,19.70,7.11
158.91,17.68,11.48,10.71,6.84,22.13,15.78,19.73,7.10
158.92,17.68,11.46,10.69,6.84,22.16,15.74,19.73,7.11
158.93,17.68,11.46,10.72,6.84,22.20,15.76,19.73,7.10
158.94,17.71,11.48,10.71,6.83,22.20,15.76,19.76,7.11
158.95,17.71,11.48,10.71,6.84,22.20,15.76,19.73,7.11
158.96,17.71,11.48,10.71,6.84,22.20,15.78,19.76,7.11
158.97,17.71,11.48,10.72,6.83,22.23,15.80,19.76,7.11
158.98,17.73,11.49,10.72,6.83,22.23,15.76,19.79,7.11
158.99,17.73,11.49,10.72,6.83,22.26,15.80,19.79,7.12
159.00,17.76,11.49,10.72,6.83,22.26,15.78,19.82,7.11
159.01,17.76,11.49,10.75,6.83,22.26,15.83,19.82,7.11
159.02,17.76,11.52,10.73,6.84,22.26,15.80,19.82,7.11
159.03,17.76,11.51,10.75,6.83,22.30,15.83,19.85,7.10
159.04,17.76,11.49,10.75,6.83,22.30,15.83,19.85,7.11
159.05,17.78,11.51,10.75,6.83,22.33,15.80,19.88,7.11
159.06,17.81,11.51,10.76,6.83,22.33,15.80,19.88,7.10
159.07,17.81,11.54,10.75,6.84,22.33,15.83,19.88,7.11
159.08,17.81,11.52,10.76,6.83,22.36,15.83,19.90,7.11
159.09,17.81,11.52,10.75,6.83,22.40,15.83,19.88,7.11
159.10,17.81,11.54,10.78,6.83,22.36,15.85,19.93,7.11
159.11,17.83,11.52,10.78,6.84,22.40,15.87,19.90,7.11
159.12,17.83,11.54,10.78,6.83,22.40,15.85,19.96,7.12
159.13,17.83,11.54,10.78,6.84,22.43,15.89,19.93,7.11
159.14,17.86,11.54,10.79,6.84,22.43,15.85,19.96,7.10
159.15,17.86,11.54,10.79,6.83,22.43,15.87,19.96,7.10
159.16,17.86,11.55,10.79,6.83,22.43,15.87,19.99,7.11
159.17,17.86,11.54,10.80,6.83,22.43,15.89,19.96,7.12
159.18,17.88,11.55,10.80,6.83,22.47,15.89,19.96,7.12
159.19,17.91,11.57,10.80,6.84,22.47,15.91,19.99,7.11
159.20,17.88,11.55,10.82,6.84,22.50,15.89,19.99,7.11
159.21,17.91,11.55,10.83,6.84,22.50,15.89,19.99,7.12
159.22,17.91,11.55,10.82,6.84,22.50,15.91,20.05,7.10
159.23,17.91,11.55,10.80,6.83,22.50,15.91,20.05,7.11
159.24,17.93,11.57,10.82,6.83,22.53,15.91,20.05,7.11
159.25,17.93,11.55,10.83,6.84,22.53,15.91,20.08,7.12
159.26,17.96,11.57,10.83,6.83,22.57,15.91,20.05,7.10
159.27,17.96,11.58,10.83,6.85,22.57,15.91,20.11,7.11
159.28,17.96,11.58,10.83,6.84,22.60,15.93,20.11,7.12
159.29,17.96,11.58,10.85,6.84,22.60,15.91,20.11,7.11
159.30,17.98,11.58,10.85,6.85,22.60,15.91,20.14,7.11
159.31,17.98,11.57,10.86,6.85,22.64,15.93,20.14,7.11
159.32,17.98,11.58,10.86,6.84,22.64,15.96,20.16,7.12
159.33,17.98,11.60,10.86,6.84,22.64,15.96,20.14,7.12
159.34,18.01,11.60,10.86,6.84,22.67,15.96,20.14,7.11
159.35,18.03,11.60,10.86,6.84,22.67,15.96,20.16,7.11
159.36,18.03,11.61,10.89,6.83,22.67,15.96,20.19,7.12
159.37,18.03,11.61,10.86,6.84,22.70,15.98,20.19,7.11
159.38,18.03,11.61,10.87,6.84,22.70,15.98,20.19,7.11
159.39,18.03,11.61,10.89,6.84,22.74,15.98,20.25,7.11
159.40,18.06,11.63,10.90,6.84,22.74,15.98,20.22,7.11
159.41,18.06,11.61,10.89,6.84,22.74,16.00,20.25,7.12
159.42,18.06,11.61,10.90,6.84,22.74,16.00,20.25,7.11
159.43,18.08,11.63,10.90,6.85,22.77,16.00,20.25,7.12
159.44,18.08,11.63,10.92,6.84,22.77,16.00,20.28,7.11
159.45,18.08,11.63,10.90,6.85,22.81,16.00,20.28,7.12
159.46,18.11,11.64,10.92,6.84,22.81,16.00,20.31,7.12
159.47,18.11,11.63,10.92,6.83,22.81,16.00,20.28,7.11
159.48,18.11,11.64,10.93,6.84,22.81,16.00,20.28,7.11
159.49,18.13,11.63,10.92,6.84,22.84,16.02,20.31,7.11
159.50,18.13,11.66,10.93,6.85,22.84,16.02,20.31,7.12
159.51,18.13,11.64,10.93,6.84,22.88,16.02,20.34,7.11
159.52,18.13,11.66,10.94,6.85,22.88,16.04,20.34,7.11
159.53,18.16,11.64,10.96,6.85,22.88,16.04,20.34,7.11
159.54,18.16,11.67,10.94,6.84,22.88,16.09,20.37,7.11
159.55,18.16,11.66,10.94,6.84,22.91,16.06,20.37,7.11
159.56,18.18,11.67,10.96,6.84,22.91,16.06,20.40,7.12
159.57,18.18,11.67,10.96,6.84,22.91,16.06,20.40,7.11
159.58,18.18,11.67,10.97,6.86,22.95,16.06,20.40,7.11
159.59,18.18,11.69,10.96,6.84,22.95,16.09,20.43,7.11
159.60,18.21,11.67,10.97,6.84,22.98,16.13,20.43,7.12
159.61,18.21,11.67,10.97,6.85,22.98,16.11,20.46,7.12
159.62,18.21,11.67,10.99,6.84,23.02,16.09,20.46,7.11
159.63,18.24,11.67,10.99,6.84,23.02,16.09,20.46,7.12
159.64,18.24,11.69,11.00,6.84,23.02,16.09,20.49,7.12
159.65,18.26,11.70,11.00,6.84,23.02,16.09,20.49,7.11
159.66,18.26,11.69,10.99,6.86,23.05,16.11,20.49,7.12
159.67,18.26,11.69,11.00,6.84,23.09,16.13,20.52,7.12
159.68,18.29,11.70,11.00,6.84,23.05,16.11,20.52,7.12
159.69,18.29,11.70,11.02,6.85,23.05,16.13,20.52,7.11
159.70,18.29,11.70,11.02,6.85,23.09,16.15,20.52,7.12
159.71,18.29,11.72,11.02,6.84,23.09,16.13,20.52,7.11
159.72,18.29,11.70,11.03,6.84,23.12,16.13,20.55,7.11
159.73,18.31,11.73,11.03,6.85,23.12,16.15,20.58,7.12
159.74,18.31,11.73,11.03,6.84,23.12,16.15,20.61,7.12
159.75,18.31,11.73,11.03,6.85,23.16,16.17,20.58,7.12
159.76,18.34,11.73,11.04,6.84,23.16,16.17,20.61,7.12
159.77,18.34,11.75,11.06,6.85,23.19,16.17,20.61,7.12
159.78,18.34,11.73,11.06,6.84,23.19,16.15,20.61,7.11
159.79,18.36,11.72,11.06,6.85,23.19,16.17,20.61,7.12
159.80,18.36,11.75,11.04,6.86,23.19,16.20,20.64,7.12
159.81,18.39,11.75,11.06,6.84,23.23,16.17,20.67,7.11
159.82,18.36,11.75,11.06,6.85,23.27,16.20,20.67,7.12
159.83,18.39,11.76,11.07,6.85,23.27,16.20,20.67,7.12
159.84,18.39,11.76,11.07,6.85,23.27,16.20,20.70,7.11
159.85,18.39,11.75,11.07,6.86,23.27,16.22,20.70,7.13
159.86,18.42,11.76,11.07,6.84,23.30,16.20,20.67,7.12
159.87,18.42,11.76,11.09,6.85,23.30,16.22,20.70,7.12
159.88,18.44,11.78,11.09,6.85,23.30,16.22,20.73,7.11
159.89,18.42,11.76,11.10,6.85,23.30,16.22,20.73,7.12
159.90,18.44,11.76,11.10,6.85,23.34,16.24,20.73,7.13
159.91,18.44,11.78,11.10,6.86,23.34,16.24,20.79,7.12
159.92,18.47,11.78,11.12,6.85,23.37,16.24,20.79,7.12
159.93,18.47,11.78,11.12,6.86,23.37,16.26,20.82,7.12
159.94,18.47,11.78,11.13,6.85,23.41,16.26,20.79,7.11
159.95,18.50,11.78,11.12,6.85,23.41,16.26,20.79,7.12
159.96,18.50,11.79,11.12,6.85,23.41,16.26,20.79,7.12
159.97,18.50,11.79,11.13,6.85,23.45,16.26,20.82,7.12
159.98,18.50,11.79,11.13,6.86,23.45,16.28,20.82,7.12
159.99,18.52,11.79,11.14,6.85,23.45,16.28,20.82,7.11
160.00,18.52,11.81,11.13,6.84,23.45,16.26,20.85,7.13
160.01,18.52,11.79,11.16,6.84,23.45,16.28,20.85,7.12
160.02,18.55,11.81,11.16,6.85,23.48,16.31,20.85,7.12
160.03,18.57,11.81,11.14,6.85,23.48,16.28,20.88,7.11
160.04,18.57,11.82,11.17,6.86,23.52,16.31,20.91,7.12
160.05,18.55,11.81,11.16,6.86,23.52,16.31,20.91,7.12
160.06,18.60,11.82,11.17,6.85,23.52,16.31,20.94,7.12
160.07,18.57,11.84,11.17,6.85,23.52,16.33,20.91,7.13
160.08,18.60,11.82,11.17,6.84,23.55,16.33,20.94,7.12
160.09,18.60,11.82,11.17,6.85,23.55,16.33,20.94,7.12
160.10,18.60,11.84,11.17,6.86,23.59,16.33,20.98,7.12
160.11,18.63,11.82,11.19,6.85,23.59,16.33,20.98,7.12
160.12,18.63,11.86,11.20,6.85,23.63,16.35,21.01,7.12
160.13,18.63,11.86,11.20,6.86,23.59,16.35,21.01,7.13
160.14,18.65,11.86,11.20,6.86,23.59,16.35,21.01,7.12
160.15,18.65,11.84,11.20,6.86,23.66,16.37,21.01,7.12
160.16,18.65,11.86,11.22,6.85,23.66,16.35,21.04,7.12
160.17,18.68,11.87,11.20,6.85,23.70,16.37,21.07,7.12
160.18,18.68,11.87,11.22,6.85,23.70,16.39,21.04,7.11
160.19,18.68,11.86,11.23,6.86,23.70,16.37,21.04,7.12
160.20,18.68,11.87,11.23,6.85,23.70,16.42,21.07,7.12
160.21,18.71,11.89,11.23,6.85,23.73,16.39,21.10,7.12
160.22,18.71,11.87,11.23,6.86,23.73,16.39,21.13,7.13
160.23,18.71,11.87,11.24,6.85,23.73,16.39,21.10,7.12
160.24,18.73,11.89,11.23,6.85,23.81,16.42,21.10,7.12
160.25,18.73,11.90,11.24,6.86,23.77,16.39,21.10,7.12
160.26,18.73,11.89,11.26,6.86,23.77,16.42,21.13,7.12
160.27,18.73,11.89,11.26,6.86,23.81,16.44,21.16,7.12
160.28,18.76,11.89,11.26,6.85,23.84,16.42,21.16,7.12
160.29,18.76,11.89,11.26,6.85,23.84,16.44,21.16,7.11
160.30,18.79,11.89,11.26,6.85,23.84,16.44,21.19,7.12
160.31,18.79,11.90,11.26,6.86,23.84,16.44,21.19,7.13
160.32,18.79,11.92,11.29,6.86,23.88,16.46,21.19,7.12
160.33,18.79,11.92,11.27,6.85,23.88,16.48,21.22,7.14
160.34,18.81,11.92,11.29,6.86,23.88,16.46,21.22,7.12
160.35,18.81,11.92,11.29,6.86,23.88,16.48,21.22,7.12
160.36,18.81,11.92,11.30,6.86,23.92,16.51,21.22,7.12
160.37,18.84,11.93,11.30,6.87,23.96,16.48,21.25,7.12
160.38,18.84,11.93,11.32,6.86,23.96,16.46,21.22,7.12
160.39,18.84,11.93,11.30,6.86,23.96,16.48,21.29,7.12
160.40,18.84,11.93,11.32,6.86,23.96,16.48,21.29,7.13
160.41,18.84,11.93,11.32,6.86,23.99,16.48,21.29,7.12
160.42,18.89,11.95,11.35,6.87,23.96,16.53,21.32,7.12
160.43,18.89,11.96,11.33,6.86,24.03,16.53,21.29,7.12
160.44,18.89,11.95,11.33,6.86,23.99,16.51,21.32,7.13
160.45,18.89,11.96,11.33,6.87,24.03,16.51,21.35,7.12
160.46,18.89,11.95,11.35,6.86,24.03,16.53,21.35,7.12
160.47,18.92,11.96,11.35,6.86,24.07,16.53,21.35,7.12
160.48,18.92,11.96,11.35,6.86,24.07,16.53,21.35,7.13
160.49,18.92,11.96,11.35,6.85,24.11,16.53,21.38,7.14
160.50,18.95,11.96,11.36,6.86,24.11,16.55,21.41,7.12
160.51,18.95,11.96,11.36,6.86,24.11,16.55,21.41,7.13
160.52,18.95,11.96,11.36,6.86,24.14,16.55,21.41,7.13
160.53,18.95,11.98,11.38,6.87,24.14,16.55,21.41,7.13
160.54,18.97,11.98,11.38,6.86,24.14,16.58,21.44,7.13
160.55,18.97,11.98,11.39,6.86,24.18,16.58,21.48,7.12
160.56,19.00,11.99,11.39,6.86,24.18,16.60,21.44,7.13
160.57,19.00,11.99,11.41,6.86,24.18,16.60,21.51,7.13
160.58,19.00,12.01,11.41,6.86,24.22,16.58,21.48,7.14
160.59,19.00,11.99,11.39,6.86,24.22,16.60,21.51,7.12
160.60,19.03,12.01,11.42,6.86,24.22,16.60,21.48,7.12
160.61,19.05,12.01,11.41,6.86,24.22,16.62,21.51,7.12
160.62,19.05,12.01,11.41,6.86,24.26,16.62,21.51,7.13
160.63,19.05,12.01,11.42,6.87,24.29,16.62,21.54,7.13
160.64,19.05,12.01,11.42,6.88,24.26,16.62,21.54,7.13
160.65,19.05,12.01,11.44,6.86,24.29,16.62,21.54,7.12
160.66,19.08,12.01,11.44,6.86,24.29,16.62,21.57,7.12
160.67,19.08,12.01,11.44,6.88,24.29,16.64,21.57,7.12
160.68,19.11,12.04,11.45,6.86,24.33,16.62,21.57,7.13
160.69,19.11,12.04,11.46,6.86,24.33,16.67,21.60,7.12
160.70,19.11,12.03,11.44,6.86,24.37,16.67,21.64,7.13
160.71,19.14,12.06,11.44,6.87,24.37,16.67,21.60,7.12
160.72,19.14,12.06,11.46,6.88,24.37,16.67,21.60,7.13
160.73,19.14,12.06,11.45,6.86,24.37,16.67,21.64,7.14
160.74,19.14,12.04,11.46,6.87,24.41,16.67,21.67,7.12
160.75,19.14,12.06,11.45,6.86,24.41,16.69,21.67,7.13
160.76,19.16,12.06,11.46,6.87,24.41,16.69,21.70,7.14
160.77,19.16,12.06,11.48,6.87,24.45,16.69,21.70,7.13
160.78,19.19,12.06,11.49,6.88,24.45,16.73,21.70,7.13
160.79,19.19,12.07,11.49,6.87,24.45,16.71,21.70,7.13
160.80,19.19,12.07,11.49,6.86,24.48,16.71,21.73,7.13
160.81,19.22,12.07,11.49,6.88,24.48,16.71,21.73,7.13
160.82,19.19,12.07,11.49,6.88,24.48,16.73,21.73,7.13
160.83,19.22,12.07,11.53,6.88,24.52,16.73,21.77,7.14
160.84,19.25,12.09,11.51,6.86,24.52,16.71,21.80,7.13
160.85,19.22,12.07,11.53,6.87,24.52,16.78,21.77,7.14
160.86,19.25,12.07,11.51,6.87,24.56,16.73,21.77,7.14
160.87,19.25,12.09,11.53,6.87,24.56,16.76,21.80,7.13
160.88,19.27,12.09,11.53,6.87,24.56,16.76,21.80,7.13
160.89,19.27,12.10,11.53,6.86,24.60,16.78,21.83,7.13
160.90,19.30,12.10,11.54,6.86,24.64,16.76,21.86,7.12
160.91,19.30,12.10,11.54,6.87,24.60,16.78,21.86,7.14
160.92,19.33,12.10,11.55,6.87,24.64,16.78,21.86,7.13
160.93,19.27,12.12,11.55,6.87,24.64,16.78,21.86,7.13
160.94,19.30,12.12,11.58,6.87,24.68,16.78,21.86,7.14
160.95,19.33,12.13,11.57,6.87,24.68,16.80,21.86,7.14
160.96,19.36,12.12,11.55,6.86,24.68,16.83,21.89,7.13
160.97,19.36,12.13,11.57,6.88,24.75,16.80,21.89,7.14
160.98,19.33,12.13,11.58,6.88,24.71,16.80,21.93,7.14
160.99,19.36,12.13,11.58,6.87,24.68,16.83,21.93,7.13
161.00,19.39,12.13,11.58,6.88,24.75,16.83,21.93,7.13
161.01,19.39,12.13,11.58,6.87,24.75,16.83,21.96,7.13
161.02,19.39,12.13,11.58,6.87,24.75,16.83,21.96,7.12
161.03,19.41,12.15,11.61,6.88,24.79,16.83,21.99,7.14
161.04,19.41,12.17,11.60,6.87,24.79,16.87,21.99,7.13
161.05,19.41,12.13,11.61,6.87,24.79,16.85,21.96,7.12
161.06,19.41,12.17,11.61,6.88,24.79,16.90,21.99,7.13
161.07,19.44,12.15,11.63,6.88,24.83,16.87,22.03,7.12
161.08,19.44,12.17,11.61,6.87,24.83,16.90,22.06,7.14
161.09,19.44,12.18,11.61,6.87,24.87,16.87,21.99,7.13
161.10,19.44,12.17,11.64,6.88,24.87,16.90,22.06,7.14
161.11,19.47,12.17,11.63,6.88,24.87,16.92,22.09,7.14
161.12,19.47,12.17,11.64,6.87,24.91,16.90,22.06,7.14
161.13,19.50,12.18,11.64,6.88,24.91,16.90,22.09,7.14
161.14,19.50,12.18,11.64,6.88,24.95,16.90,22.09,7.14
161.15,19.50,12.20,11.66,6.87,24.95,16.92,22.09,7.14
161.16,19.50,12.20,11.66,6.88,24.95,16.92,22.13,7.13
161.17,19.52,12.20,11.66,6.88,24.95,16.92,22.13,7.14
161.18,19.52,12.20,11.66,6.88,25.03,16.94,22.16,7.14
161.19,19.55,12.20,11.66,6.88,24.99,16.92,22.19,7.14
161.20,19.55,12.21,11.68,6.87,24.99,16.94,22.16,7.14
161.21,19.55,12.20,11.68,6.88,25.03,16.94,22.19,7.14
161.22,19.55,12.21,11.68,6.88,25.03,16.94,22.19,7.13
161.23,19.58,12.20,11.71,6.87,25.07,16.97,22.23,7.14
161.24,19.58,12.23,11.69,6.87,25.07,16.97,22.19,7.15
161.25,19.58,12.25,11.71,6.87,25.07,16.97,22.19,7.13
161.26,19.61,12.23,11.71,6.89,25.11,16.99,22.23,7.13
161.27,19.61,12.23,11.71,6.89,25.11,16.99,22.23,7.14
161.28,19.61,12.23,11.71,6.88,25.11,16.99,22.29,7.14
161.29,19.61,12.23,11.72,6.88,25.11,16.99,22.26,7.13
161.30,19.64,12.25,11.71,6.88,25.15,16.99,22.29,7.14
161.31,19.64,12.25,11.73,6.88,25.15,16.99,22.29,7.14
161.32,19.67,12.25,11.73,6.88,25.19,17.01,22.33,7.14
161.33,19.67,12.26,11.73,6.88,25.19,17.01,22.33,7.14
161.34,19.67,12.28,11.73,6.88,25.19,17.04,22.33,7.14
161.35,19.67,12.28,11.75,6.89,25.19,17.04,22.33,7.14
161.36,19.69,12.26,11.75,6.89,25.19,17.04,22.33,7.14
161.37,19.69,12.26,11.75,6.88,25.27,17.04,22.36,7.13
161.38,19.69,12.26,11.77,6.88,25.23,17.06,22.36,7.14
161.39,19.72,12.28,11.77,6.88,25.27,17.08,22.39,7.14
161.40,19.72,12.28,11.75,6.88,25.27,17.06,22.39,7.14
161.41,19.72,12.28,11.77,6.89,25.27,17.08,22.39,7.14
161.42,19.75,12.29,11.77,6.89,25.31,17.08,22.39,7.14
161.43,19.75,12.28,11.78,6.89,25.31,17.11,22.43,7.15
161.44,19.75,12.29,11.78,6.88,25.35,17.11,22.46,7.14
161.45,19.75,12.28,11.80,6.89,25.35,17.08,22.46,7.15
161.46,19.78,12.31,11.78,6.88,25.35,17.08,22.46,7.14
161.47,19.75,12.31,11.80,6.88,25.35,17.08,22.50,7.14
161.48,19.78,12.31,11.80,6.88,25.39,17.11,22.46,7.15
161.49,19.81,12.29,11.81,6.88,25.39,17.11,22.50,7.14
161.50,19.81,12.33,11.81,6.88,25.43,17.13,22.53,7.14
161.51,19.81,12.31,11.81,6.88,25.43,17.13,22.53,7.13
161.52,19.84,12.33,11.81,6.88,25.43,17.13,22.53,7.14
161.53,19.84,12.34,11.83,6.89,25.43,17.13,22.53,7.14
161.54,19.84,12.34,11.83,6.88,25.47,17.16,22.56,7.14
161.55,19.84,12.33,11.84,6.88,25.47,17.18,22.60,7.16
161.56,19.86,12.33,11.84,6.89,25.47,17.16,22.60,7.14
161.57,19.86,12.33,11.84,6.88,25.55,17.16,22.60,7.14
161.58,19.86,12.34,11.84,6.88,25.51,17.20,22.60,7.14
161.59,19.89,12.33,11.86,6.89,25.55,17.16,22.60,7.14
161.60,19.89,12.34,11.86,6.89,25.55,17.18,22.63,7.14
161.61,19.89,12.36,11.86,6.89,25.55,17.18,22.60,7.14
161.62,19.89,12.34,11.86,6.89,25.59,17.20,22.63,7.14
161.63,19.92,12.36,11.87,6.89,25.59,17.20,22.66,7.15
161.64,19.92,12.36,11.87,6.89,25.59,17.20,22.63,7.14
161.65,19.95,12.36,11.87,6.88,25.63,17.20,22.66,7.14
161.66,19.95,12.36,11.89,6.89,25.63,17.20,22.66,7.14
161.67,19.95,12.37,11.89,6.90,25.63,17.25,22.70,7.14
161.68,19.95,12.37,11.89,6.88,25.67,17.25,22.73,7.14
161.69,19.98,12.37,11.89,6.88,25.67,17.23,22.70,7.16
161.70,19.98,12.37,11.89,6.89,25.67,17.25,22.73,7.15
161.71,19.98,12.37,11.90,6.89,25.71,17.25,22.73,7.14
161.72,20.01,12.41,11.89,6.89,25.71,17.25,22.73,7.14
161.73,20.01,12.39,11.92,6.89,25.71,17.27,22.77,7.16
161.74,20.01,12.39,11.92,6.90,25.71,17.25,22.77,7.14
161.75,20.04,12.41,11.92,6.89,25.75,17.30,22.77,7.14
161.76,20.04,12.39,11.92,6.89,25.75,17.27,22.80,7.16
161.77,20.04,12.39,11.92,6.89,25.75,17.30,22.80,7.14
161.78,20.04,12.41,11.94,6.90,25.80,17.30,22.80,7.15
161.79,20.07,12.41,11.94,6.90,25.80,17.30,22.84,7.15
161.80,20.07,12.42,11.95,6.89,25.80,17.30,22.84,7.16
161.81,20.07,12.42,11.95,6.90,25.84,17.32,22.84,7.16
161.82,20.10,12.42,11.95,6.90,25.84,17.32,22.87,7.14
161.83,20.10,12.42,11.95,6.89,25.88,17.35,22.87,7.15
161.84,20.13,12.44,11.98,6.89,25.88,17.32,22.91,7.16
161.85,20.10,12.44,11.97,6.90,25.88,17.35,22.91,7.15
161.86,20.13,12.44,11.97,6.90,25.88,17.37,22.94,7.14
161.87,20.13,12.46,11.98,6.89,25.92,17.35,22.94,7.14
161.88,20.16,12.44,11.97,6.90,25.92,17.35,22.91,7.15
161.89,20.13,12.44,12.00,6.90,25.92,17.35,22.91,7.16
161.90,20.16,12.47,11.98,6.90,25.92,17.37,22.94,7.16
161.91,20.16,12.46,12.00,6.90,25.96,17.37,22.98,7.15
161.92,20.18,12.46,12.01,6.89,25.96,17.39,22.98,7.14
161.93,20.18,12.47,12.01,6.89,26.00,17.39,22.98,7.15
161.94,20.18,12.47,12.01,6.89,26.00,17.39,23.01,7.15
161.95,20.21,12.47,12.03,6.91,26.04,17.37,23.01,7.15
161.96,20.18,12.47,12.01,6.90,26.00,17.39,23.01,7.15
161.97,20.21,12.47,12.01,6.90,26.04,17.44,23.01,7.14
161.98,20.24,12.49,12.03,6.89,26.04,17.42,23.05,7.16
161.99,20.24,12.50,12.04,6.90,26.09,17.42,23.05,7.14
162.00,20.24,12.49,12.04,6.91,26.09,17.42,23.08,7.15
162.01,20.24,12.49,12.04,6.90,26.13,17.44,23.08,7.16
162.02,20.27,12.49,12.04,6.90,26.09,17.44,23.08,7.16
162.03,20.27,12.50,12.04,6.91,26.17,17.47,23.08,7.16
162.04,20.30,12.52,12.04,6.90,26.13,17.44,23.08,7.14
162.05,20.30,12.52,12.06,6.90,26.17,17.47,23.12,7.15
162.06,20.30,12.50,12.06,6.90,26.17,17.47,23.15,7.15
162.07,20.30,12.50,12.07,6.89,26.17,17.52,23.15,7.15
162.08,20.30,12.52,12.07,6.90,26.21,17.49,23.15,7.15
162.09,20.30,12.52,12.09,6.90,26.21,17.52,23.15,7.17
162.10,20.33,12.52,12.07,6.91,26.21,17.49,23.15,7.14
162.11,20.36,12.52,12.07,6.91,26.25,17.49,23.15,7.16
162.12,20.36,12.54,12.09,6.90,26.25,17.49,23.22,7.16
162.13,20.36,12.54,12.11,6.90,26.25,17.52,23.22,7.16
162.14,20.36,12.55,12.11,6.90,26.30,17.52,23.22,7.15
162.15,20.39,12.54,12.11,6.90,26.25,17.52,23.22,7.16
162.16,20.39,12.57,12.11,6.91,26.34,17.52,23.26,7.15
162.17,20.39,12.55,12.11,6.90,26.30,17.56,23.22,7.14
162.18,20.39,12.55,12.12,6.90,26.38,17.54,23.29,7.15
162.19,20.42,12.57,12.11,6.91,26.34,17.54,23.29,7.15
162.20,20.42,12.59,12.12,6.90,26.34,17.56,23.29,7.15
162.21,20.42,12.59,12.14,6.91,26.38,17.56,23.29,7.15
162.22,20.42,12.59,12.14,6.91,26.38,17.56,23.33,7.15
162.23,20.45,12.59,12.14,6.92,26.38,17.56,23.29,7.16
162.24,20.45,12.59,12.15,6.90,26.42,17.56,23.29,7.16
162.25,20.45,12.59,12.15,6.90,26.42,17.56,23.36,7.15
162.26,20.48,12.59,12.14,6.91,26.42,17.61,23.36,7.15
162.27,20.48,12.59,12.15,6.91,26.47,17.59,23.36,7.15
162.28,20.48,12.59,12.17,6.91,26.47,17.61,23.36,7.16
162.29,20.51,12.59,12.17,6.92,26.51,17.61,23.40,7.16
162.30,20.51,12.60,12.17,6.90,26.51,17.61,23.36,7.16
162.31,20.51,12.60,12.17,6.90,26.51,17.66,23.40,7.16
162.32,20.51,12.60,12.20,6.91,26.51,17.64,23.44,7.16
162.33,20.54,12.62,12.20,6.91,26.55,17.61,23.44,7.16
162.34,20.57,12.60,12.19,6.91,26.55,17.64,23.44,7.16
162.35,20.54,12.60,12.19,6.90,26.55,17.64,23.47,7.16
162.36,20.57,12.63,12.20,6.92,26.60,17.66,23.47,7.16
162.37,20.57,12.62,12.22,6.91,26.60,17.66,23.47,7.16
162.38,20.57,12.65,12.23,6.90,26.64,17.66,23.51,7.16
162.39,20.60,12.63,12.20,6.91,26.68,17.69,23.51,7.16
162.40,20.60,12.63,12.20,6.92,26.64,17.66,23.51,7.16
162.41,20.60,12.63,12.22,6.92,26.68,17.69,23.51,7.16
162.42,20.63,12.65,12.23,6.91,26.64,17.71,23.55,7.17
162.43,20.63,12.65,12.23,6.92,26.68,17.71,23.55,7.15
162.44,20.63,12.65,12.23,6.91,26.73,17.71,23.55,7.16
162.45,20.66,12.65,12.25,6.92,26.73,17.71,23.58,7.15
162.46,20.63,12.65,12.25,6.91,26.73,17.71,23.58,7.16
162.47,20.66,12.65,12.25,6.91,26.73,17.71,23.62,7.16
162.48,20.66,12.67,12.27,6.91,26.77,17.71,23.58,7.16
162.49,20.66,12.67,12.27,6.92,26.77,17.74,23.62,7.16
162.50,20.69,12.68,12.27,6.91,26.77,17.74,23.65,7.15
162.51,20.69,12.68,12.25,6.91,26.77,17.76,23.62,7.16
162.52,20.69,12.68,12.28,6.92,26.81,17.74,23.65,7.16
162.53,20.72,12.70,12.28,6.91,26.86,17.79,23.65,7.16
162.54,20.69,12.68,12.28,6.91,26.86,17.76,23.65,7.15
162.55,20.75,12.70,12.30,6.92,26.86,17.76,23.65,7.17
162.56,20.75,12.72,12.28,6.92,26.86,17.79,23.69,7.16
162.57,20.75,12.70,12.30,6.91,26.90,17.79,23.69,7.16
162.58,20.75,12.70,12.30,6.92,26.90,17.79,23.73,7.16
162.59,20.78,12.70,12.30,6.92,26.90,17.81,23.73,7.16
162.60,20.78,12.70,12.31,6.92,26.90,17.81,23.73,7.15
162.61,20.78,12.73,12.30,6.92,26.94,17.81,23.76,7.16
162.62,20.81,12.70,12.31,6.92,26.94,17.84,23.76,7.16
162.63,20.81,12.72,12.31,6.92,26.94,17.84,23.76,7.16
162.64,20.84,12.73,12.35,6.91,26.99,17.84,23.76,7.16
162.65,20.81,12.75,12.33,6.92,26.94,17.84,23.80,7.16
162.66,20.84,12.72,12.33,6.91,26.99,17.86,23.80,7.16
162.67,20.84,12.73,12.35,6.92,26.99,17.86,23.80,7.16
162.68,20.84,12.75,12.35,6.92,27.08,17.86,23.84,7.17
162.69,20.88,12.75,12.35,6.92,27.08,17.86,23.87,7.16
162.70,20.88,12.75,12.36,6.91,27.08,17.86,23.87,7.16
162.71,20.88,12.73,12.36,6.91,27.08,17.89,23.87,7.16
162.72,20.88,12.75,12.38,6.92,27.08,17.89,23.87,7.16
162.73,20.88,12.75,12.39,6.92,27.12,17.91,23.87,7.17
162.74,20.91,12.75,12.39,6.93,27.12,17.91,23.91,7.16
162.75,20.91,12.77,12.36,6.92,27.12,17.93,23.91,7.16
162.76,20.91,12.77,12.39,6.92,27.12,17.91,23.95,7.17
162.77,20.94,12.77,12.39,6.92,27.16,17.93,23.95,7.16
162.78,20.94,12.78,12.39,6.92,27.16,17.91,23.95,7.16
162.79,20.94,12.77,12.41,6.92,27.16,17.93,23.95,7.16
162.80,20.97,12.77,12.39,6.92,27.21,17.93,23.95,7.16
162.81,20.97,12.78,12.41,6.92,27.21,17.96,23.98,7.17
162.82,20.97,12.78,12.41,6.93,27.21,17.96,23.98,7.16
162.83,21.00,12.80,12.39,6.92,27.21,17.96,23.98,7.17
162.84,20.97,12.80,12.41,6.93,27.25,17.96,23.98,7.16
162.85,21.00,12.78,12.43,6.92,27.25,17.99,24.02,7.17
162.86,21.00,12.82,12.43,6.92,27.25,17.99,24.06,7.16
162.87,21.00,12.80,12.43,6.93,27.30,17.99,24.06,7.16
162.88,21.03,12.82,12.46,6.92,27.30,17.99,24.06,7.17
162.89,21.03,12.82,12.44,6.92,27.34,18.01,24.06,7.16
162.90,21.06,12.83,12.46,6.93,27.34,18.01,24.10,7.17
162.91,21.06,12.82,12.46,6.92,27.34,18.01,24.10,7.16
162.92,21.06,12.82,12.46,6.92,27.34,18.04,24.10,7.17
162.93,21.09,12.83,12.46,6.93,27.39,18.04,24.13,7.17
162.94,21.09,12.83,12.46,6.93,27.39,18.04,24.13,7.16
162.95,21.09,12.83,12.49,6.92,27.39,18.04,24.13,7.16
162.96,21.09,12.83,12.47,6.93,27.43,18.06,24.13,7.16
162.97,21.12,12.83,12.47,6.93,27.43,18.04,24.17,7.17
162.98,21.12,12.83,12.47,6.92,27.43,18.06,24.17,7.17
162.99,21.15,12.85,12.49,6.92,27.48,18.06,24.21,7.17
163.00,21.15,12.85,12.49,6.93,27.48,18.06,24.17,7.17
163.01,21.15,12.85,12.51,6.93,27.48,18.09,24.21,7.17
163.02,21.15,12.88,12.49,6.92,27.52,18.09,24.21,7.17
163.03,21.15,12.87,12.52,6.93,27.52,18.11,24.25,7.16
163.04,21.15,12.85,12.51,6.93,27.57,18.09,24.25,7.17
163.05,21.18,12.90,12.52,6.93,27.57,18.09,24.25,7.17
163.06,21.18,12.88,12.52,6.93,27.57,18.14,24.25,7.17
163.07,21.18,12.88,12.52,6.92,27.57,18.14,24.25,7.17
163.08,21.22,12.90,12.52,6.93,27.57,18.14,24.28,7.17
163.09,21.22,12.88,12.54,6.93,27.61,18.11,24.32,7.17
163.10,21.22,12.90,12.54,6.92,27.66,18.16,24.32,7.16
163.11,21.22,12.88,12.56,6.93,27.61,18.14,24.32,7.17
163.12,21.25,12.92,12.56,6.93,27.61,18.16,24.36,7.17
163.13,21.25,12.90,12.56,6.93,27.66,18.16,24.36,7.17
163.14,21.28,12.92,12.56,6.92,27.66,18.16,24.32,7.17
163.15,21.28,12.92,12.56,6.93,27.71,18.19,24.36,7.16
163.16,21.28,12.90,12.56,6.93,27.71,18.21,24.36,7.17
163.17,21.28,12.92,12.56,6.93,27.71,18.16,24.40,7.17
163.18,21.31,12.92,12.57,6.93,27.75,18.19,24.40,7.17
163.19,21.31,12.94,12.59,6.93,27.75,18.21,24.40,7.17
163.20,21.34,12.95,12.59,6.93,27.75,18.21,24.40,7.16
163.21,21.31,12.94,12.61,6.93,27.80,18.24,24.40,7.17
163.22,21.34,12.94,12.59,6.93,27.80,18.24,24.47,7.17
163.23,21.34,12.94,12.59,6.93,27.84,18.27,24.47,7.17
163.24,21.34,12.95,12.61,6.93,27.84,18.21,24.47,7.17
163.25,21.37,12.95,12.61,6.93,27.80,18.24,24.47,7.17
163.26,21.41,12.95,12.62,6.93,27.84,18.24,24.51,7.16
163.27,21.34,12.95,12.62,6.93,27.89,18.27,24.51,7.17
163.28,21.37,12.97,12.64,6.93,27.84,18.27,24.51,7.17
163.29,21.41,12.95,12.62,6.93,27.89,18.27,24.51,7.17
163.30,21.41,12.97,12.62,6.93,27.89,18.27,24.55,7.17
163.31,21.41,12.97,12.65,6.93,27.94,18.32,24.55,7.16
163.32,21.41,12.97,12.65,6.93,27.94,18.29,24.55,7.17
163.33,21.44,12.99,12.64,6.93,27.94,18.32,24.55,7.17
163.34,21.44,12.97,12.67,6.93,28.03,18.32,24.59,7.17
163.35,21.47,13.00,12.65,6.93,27.94,18.29,24.59,7.18
163.36,21.47,13.00,12.65,6.93,27.94,18.32,24.63,7.17
163.37,21.47,13.00,12.65,6.93,27.98,18.32,24.67,7.17
163.38,21.50,13.02,12.67,6.93,28.03,18.34,24.63,7.16
163.39,21.47,13.00,12.69,6.93,28.03,18.34,24.63,7.17
163.40,21.50,13.00,12.67,6.93,28.03,18.37,24.67,7.17
163.41,21.50,13.00,12.67,6.93,28.08,18.34,24.67,7.17
163.42,21.53,13.02,12.69,6.93,28.03,18.37,24.63,7.17
163.43,21.50,13.02,12.69,6.93,28.08,18.37,24.70,7.17
163.44,21.53,13.02,12.69,6.93,28.12,18.39,24.70,7.17
163.45,21.57,13.02,12.71,6.93,28.12,18.37,24.70,7.17
163.46,21.57,13.02,12.71,6.93,28.12,18.37,24.70,7.17
163.47,21.57,13.05,12.72,6.93,28.17,18.39,24.74,7.18
163.48,21.57,13.04,12.72,6.93,28.17,18.42,24.74,7.17
163.49,21.57,13.04,12.72,6.93,28.17,18.39,24.74,7.17
163.50,21.60,13.04,12.72,6.93,28.22,18.45,24.78,7.17
163.51,21.60,13.04,12.72,6.93,28.22,18.42,24.74,7.17
163.52,21.60,13.05,12.72,6.93,28.22,18.42,24.78,7.17
163.53,21.63,13.05,12.74,6.93,28.26,18.45,24.78,7.17
163.54,21.63,13.07,12.74,6.93,28.22,18.45,24.82,7.18
163.55,21.63,13.07,12.74,6.93,28.26,18.45,24.82,7.17
163.56,21.63,13.05,12.76,6.93,28.26,18.45,24.86,7.17
163.57,21.63,13.05,12.76,6.93,28.31,18.47,24.82,7.17
163.58,21.66,13.07,12.77,6.94,28.31,18.47,24.86,7.17
163.59,21.66,13.07,12.76,6.93,28.36,18.50,24.86,7.17
163.60,21.66,13.09,12.79,6.93,28.36,18.47,24.90,7.18
163.61,21.66,13.07,12.79,6.94,28.36,18.47,24.90,7.17
163.62,21.69,13.11,12.79,6.94,28.36,18.50,24.86,7.18
163.63,21.69,13.11,12.80,6.94,28.36,18.52,24.90,7.17
163.64,21.69,13.09,12.80,6.94,28.36,18.50,24.94,7.18
163.65,21.73,13.11,12.79,6.93,28.36,18.52,24.94,7.17
163.66,21.73,13.09,12.79,6.94,28.41,18.52,24.94,7.17
163.67,21.76,13.09,12.80,6.93,28.45,18.58,24.94,7.17
163.68,21.73,13.11,12.82,6.93,28.41,18.55,24.98,7.17
163.69,21.76,13.11,12.80,6.93,28.45,18.55,24.98,7.18
163.70,21.76,13.12,12.82,6.94,28.45,18.55,24.98,7.17
163.71,21.76,13.12,12.80,6.94,28.50,18.55,25.02,7.17
163.72,21.76,13.12,12.84,6.94,28.50,18.55,25.02,7.17
163.73,21.79,13.12,12.82,6.94,28.50,18.58,25.02,7.17
163.74,21.82,13.16,12.82,6.93,28.55,18.58,25.02,7.18
163.75,21.79,13.12,12.84,6.93,28.55,18.60,25.06,7.17
163.76,21.82,13.16,12.84,6.94,28.55,18.60,25.06,7.18
163.77,21.82,13.14,12.86,6.94,28.55,18.63,25.06,7.18
163.78,21.86,13.14,12.87,6.95,28.60,18.60,25.10,7.17
163.79,21.86,13.16,12.87,6.94,28.60,18.60,25.10,7.17
163.80,21.86,13.14,12.87,6.94,28.60,18.60,25.10,7.17
163.81,21.86,13.14,12.87,6.95,28.60,18.63,25.14,7.17
163.82,21.89,13.16,12.86,6.94,28.64,18.63,25.14,7.17
163.83,21.89,13.17,12.87,6.95,28.64,18.66,25.18,7.18
163.84,21.89,13.16,12.89,6.94,28.69,18.66,25.14,7.17
163.85,21.92,13.17,12.89,6.94,28.69,18.66,25.18,7.17
163.86,21.92,13.16,12.89,6.93,28.69,18.68,25.18,7.17
163.87,21.89,13.17,12.89,6.94,28.69,18.66,25.18,7.18
163.88,21.92,13.17,12.91,6.94,28.74,18.66,25.18,7.17
163.89,21.92,13.19,12.89,6.95,28.79,18.68,25.21,7.17
163.90,21.95,13.21,12.92,6.95,28.74,18.68,25.21,7.17
163.91,21.95,13.19,12.92,6.96,28.74,18.68,25.21,7.17
163.92,21.95,13.19,12.91,6.95,28.74,18.73,25.25,7.17
163.93,21.99,13.19,12.92,6.94,28.79,18.73,25.25,7.17
163.94,21.99,13.19,12.94,6.94,28.79,18.73,25.21,7.17
163.95,21.99,13.21,12.94,6.96,28.84,18.71,25.30,7.17
163.96,21.99,13.21,12.94,6.95,28.84,18.76,25.30,7.17
163.97,22.02,13.21,12.96,6.95,28.84,18.76,25.34,7.18
163.98,22.02,13.23,12.94,6.94,28.89,18.73,25.30,7.17
163.99,22.02,13.23,12.94,6.95,28.84,18.79,25.30,7.18
164.00,22.05,13.24,12.96,6.96,28.89,18.73,25.34,7.17
164.01,22.02,13.23,12.94,6.94,28.89,18.76,25.34,7.17
164.02,22.05,13.23,12.96,6.94,28.89,18.76,25.38,7.18
164.03,22.09,13.24,12.96,6.95,28.93,18.79,25.38,7.18
164.04,22.05,13.24,12.97,6.94,28.98,18.79,25.38,7.17
164.05,22.05,13.24,12.99,6.94,28.98,18.79,25.41,7.17
164.06,22.09,13.26,12.99,6.95,28.98,18.84,25.38,7.18
164.07,22.09,13.24,12.99,6.94,28.98,18.82,25.41,7.18
164.08,22.12,13.26,12.99,6.95,28.98,18.82,25.41,7.19
164.09,22.12,13.26,12.97,6.94,29.03,18.84,25.41,7.17
164.10,22.12,13.26,12.99,6.95,29.03,18.82,25.46,7.18
164.11,22.12,13.30,12.99,6.94,29.03,18.82,25.50,7.18
164.12,22.15,13.26,13.01,6.95,29.08,18.84,25.46,7.18
164.13,22.15,13.30,13.02,6.96,29.08,18.87,25.46,7.19
164.14,22.15,13.30,13.02,6.95,29.08,18.87,25.50,7.19
164.15,22.15,13.28,13.02,6.95,29.13,18.89,25.50,7.17
164.16,22.19,13.28,13.01,6.95,29.13,18.87,25.50,7.19
164.17,22.19,13.30,13.04,6.96,29.18,18.87,25.54,7.18
164.18,22.19,13.30,13.04,6.95,29.13,18.87,25.50,7.18
164.19,22.19,13.28,13.04,6.95,29.13,18.87,25.58,7.17
164.20,22.22,13.30,13.02,6.95,29.18,18.89,25.50,7.17
164.21,22.22,13.30,13.06,6.95,29.18,18.89,25.58,7.18
164.22,22.22,13.30,13.04,6.95,29.18,18.89,25.58,7.18
164.23,22.22,13.31,13.06,6.95,29.18,18.92,25.62,7.18
164.24,22.25,13.33,13.06,6.96,29.23,18.92,25.62,7.18
164.25,22.25,13.31,13.06,6.95,29.28,18.92,25.62,7.18
164.26,22.25,13.31,13.06,6.95,29.28,18.92,25.62,7.18
164.27,22.25,13.31,13.08,6.96,29.28,18.95,25.66,7.18
164.28,22.29,13.33,13.09,6.96,29.28,18.95,25.66,7.19
164.29,22.29,13.35,13.09,6.95,29.28,18.95,25.62,7.18
164.30,22.29,13.33,13.09,6.96,29.33,18.95,25.66,7.18
164.31,22.32,13.33,13.09,6.96,29.33,18.98,25.70,7.18
164.32,22.32,13.37,13.09,6.95,29.38,18.95,25.70,7.18
164.33,22.32,13.33,13.09,6.96,29.38,19.00,25.70,7.19
164.34,22.32,13.35,13.11,6.96,29.38,19.00,25.74,7.18
164.35,22.35,13.33,13.11,6.96,29.38,19.00,25.74,7.18
164.36,22.35,13.35,13.11,6.96,29.43,19.03,25.74,7.18
164.37,22.35,13.37,13.13,6.97,29.43,19.00,25.74,7.18
164.38,22.39,13.37,13.13,6.97,29.43,19.00,25.78,7.18
164.39,22.35,13.37,13.14,6.95,29.43,19.06,25.78,7.18
164.40,22.39,13.37,13.13,6.96,29.48,19.03,25.82,7.19
164.41,22.39,13.38,13.14,6.96,29.48,19.03,25.78,7.17
164.42,22.42,13.38,13.14,6.95,29.48,19.06,25.82,7.19
164.43,22.42,13.38,13.14,6.96,29.53,19.08,25.82,7.19
164.44,22.42,13.38,13.16,6.96,29.53,19.06,25.86,7.18
164.45,22.46,13.38,13.14,6.96,29.53,19.08,25.82,7.18
164.46,22.46,13.38,13.16,6.96,29.53,19.08,25.86,7.19
164.47,22.49,13.40,13.18,6.97,29.53,19.08,25.86,7.18
164.48,22.42,13.42,13.16,6.96,29.58,19.08,25.86,7.19
164.49,22.46,13.40,13.18,6.96,29.58,19.11,25.91,7.19
164.50,22.49,13.40,13.20,6.96,29.58,19.11,25.86,7.18
164.51,22.49,13.42,13.16,6.96,29.58,19.11,25.91,7.19
164.52,22.49,13.44,13.20,6.96,29.63,19.11,25.95,7.19
164.53,22.52,13.42,13.18,6.96,29.68,19.14,25.91,7.19
164.54,22.52,13.44,13.20,6.96,29.63,19.14,25.95,7.18
164.55,22.52,13.44,13.20,6.97,29.68,19.14,25.95,7.18
164.56,22.56,13.42,13.20,6.97,29.73,19.14,25.95,7.19
164.57,22.56,13.44,13.21,6.96,29.68,19.17,25.95,7.19
164.58,22.56,13.45,13.23,6.97,29.73,19.17,25.99,7.18
164.59,22.56,13.44,13.21,6.96,29.73,19.17,26.03,7.19
164.60,22.56,13.45,13.23,6.96,29.78,19.17,25.99,7.19
164.61,22.59,13.45,13.21,6.97,29.78,19.17,25.99,7.18
164.62,22.59,13.45,13.23,6.96,29.78,19.19,26.03,7.19
164.63,22.59,13.45,13.23,6.97,29.78,19.19,26.03,7.18
164.64,22.59,13.47,13.23,6.97,29.83,19.19,26.03,7.19
164.65,22.63,13.47,13.25,6.96,29.78,19.19,26.07,7.19
164.66,22.63,13.47,13.25,6.96,29.83,19.19,26.07,7.20
164.67,22.63,13.47,13.25,6.96,29.83,19.22,26.11,7.19
164.68,22.66,13.47,13.27,6.97,29.83,19.22,26.11,7.19
164.69,22.66,13.47,13.25,6.97,29.88,19.22,26.11,7.19
164.70,22.66,13.51,13.28,6.97,29.88,19.25,26.16,7.19
164.71,22.66,13.51,13.28,6.97,29.88,19.25,26.16,7.19
164.72,22.70,13.51,13.28,6.97,29.94,19.28,26.20,7.19
164.73,22.70,13.49,13.30,6.97,29.94,19.28,26.16,7.19
164.74,22.70,13.51,13.28,6.97,29.99,19.28,26.16,7.19
164.75,22.70,13.51,13.30,6.97,29.94,19.28,26.20,7.19
164.76,22.73,13.53,13.30,6.98,29.94,19.30,26.16,7.19
164.77,22.73,13.53,13.32,6.97,29.99,19.28,26.20,7.18
164.78,22.73,13.53,13.30,6.97,29.99,19.30,26.24,7.19
164.79,22.73,13.53,13.34,6.97,29.99,19.30,26.24,7.19
164.80,22.73,13.54,13.34,6.97,30.04,19.30,26.24,7.19
164.81,22.76,13.53,13.30,6.97,30.04,19.33,26.28,7.20
164.82,22.76,13.53,13.32,6.97,30.09,19.33,26.28,7.20
164.83,22.76,13.54,13.34,6.97,30.09,19.33,26.24,7.19
164.84,22.76,13.54,13.34,6.98,30.09,19.33,26.32,7.18
164.85,22.80,13.53,13.32,6.98,30.09,19.36,26.32,7.19
164.86,22.80,13.54,13.34,6.97,30.14,19.36,26.32,7.19
164.87,22.83,13.54,13.35,6.99,30.14,19.36,26.32,7.19
164.88,22.83,13.56,13.34,6.97,30.14,19.36,26.32,7.19
164.89,22.83,13.56,13.34,6.97,30.14,19.36,26.32,7.19
164.90,22.83,13.54,13.35,6.97,30.14,19.39,26.37,7.18
164.91,22.83,13.56,13.35,6.97,30.19,19.41,26.41,7.19
164.92,22.87,13.56,13.37,6.97,30.25,19.39,26.41,7.18
164.93,22.87,13.56,13.37,6.97,30.25,19.41,26.41,7.20
164.94,22.87,13.56,13.37,6.97,30.25,19.41,26.41,7.19
164.95,22.90,13.60,13.37,6.97,30.25,19.41,26.41,7.19
164.96,22.87,13.58,13.39,6.97,30.25,19.44,26.41,7.19
164.97,22.87,13.60,13.39,6.98,30.25,19.44,26.45,7.19
164.98,22.90,13.58,13.39,6.97,30.30,19.44,26.45,7.20
164.99,22.90,13.58,13.39,6.98,30.30,19.44,26.41,7.19
165.00,22.94,13.60,13.42,6.99,30.25,19.44,26.45,7.19
165.01,22.94,13.60,13.42,6.97,30.35,19.50,26.50,7.20
165.02,22.94,13.60,13.41,6.97,30.35,19.47,26.45,7.19
165.03,22.94,13.61,13.41,6.98,30.35,19.47,26.50,7.19
165.04,22.94,13.61,13.41,6.99,30.35,19.50,26.50,7.19
165.05,22.97,13.61,13.42,6.98,30.40,19.50,26.50,7.19
165.06,22.97,13.61,13.44,6.98,30.40,19.53,26.54,7.19
165.07,23.01,13.61,13.44,6.98,30.40,19.50,26.54,7.19
165.08,23.01,13.63,13.44,6.98,30.46,19.50,26.54,7.19
165.09,23.01,13.63,13.44,6.97,30.46,19.53,26.58,7.20
165.10,23.04,13.63,13.44,6.99,30.51,19.53,26.58,7.19
165.11,23.01,13.63,13.44,6.98,30.51,19.58,26.58,7.20
165.12,23.01,13.65,13.48,6.98,30.51,19.58,26.62,7.20
165.13,23.04,13.63,13.46,6.97,30.51,19.58,26.67,7.20
165.14,23.01,13.65,13.46,6.99,30.56,19.58,26.67,7.21
165.15,23.04,13.65,13.48,6.99,30.56,19.58,26.67,7.20
165.16,23.08,13.65,13.48,6.99,30.56,19.58,26.67,7.19
165.17,23.08,13.67,13.48,6.98,30.56,19.58,26.67,7.20
165.18,23.11,13.67,13.49,6.98,30.56,19.58,26.71,7.19
165.19,23.08,13.67,13.48,6.98,30.56,19.64,26.67,7.19
165.20,23.11,13.69,13.51,6.98,30.61,19.61,26.75,7.21
165.21,23.11,13.67,13.49,6.98,30.61,19.64,26.71,7.20
165.22,23.15,13.67,13.49,6.98,30.61,19.61,26.71,7.21
165.23,23.15,13.69,13.49,7.00,30.67,19.64,26.75,7.19
165.24,23.15,13.69,13.51,6.98,30.67,19.64,26.75,7.20
165.25,23.15,13.69,13.51,6.98,30.67,19.64,26.75,7.21
165.26,23.15,13.69,13.51,6.99,30.67,19.64,26.75,7.19
165.27,23.18,13.69,13.51,6.98,30.72,19.70,26.80,7.21
165.28,23.18,13.70,13.55,6.99,30.72,19.67,26.80,7.20
165.29,23.18,13.72,13.51,6.98,30.72,19.67,26.80,7.20
165.30,23.22,13.70,13.55,6.99,30.72,19.67,26.80,7.21
165.31,23.22,13.72,13.55,6.99,30.77,19.70,26.84,7.20
165.32,23.22,13.70,13.55,6.99,30.77,19.70,26.84,7.21
165.33,23.22,13.72,13.55,7.00,30.77,19.70,26.88,7.20
165.34,23.22,13.70,13.57,6.99,30.83,19.72,26.88,7.21
165.35,23.22,13.72,13.58,6.99,30.83,19.75,26.88,7.20
165.36,23.25,13.72,13.58,6.99,30.83,19.75,26.93,7.20
165.37,23.25,13.72,13.58,6.99,30.88,19.72,26.88,7.20
165.38,23.25,13.74,13.57,6.98,30.88,19.72,26.93,7.20
165.39,23.25,13.74,13.57,6.99,30.88,19.75,26.93,7.20
165.40,23.29,13.72,13.58,7.00,30.88,19.75,26.93,7.21
165.41,23.29,13.74,13.57,6.99,30.88,19.75,26.93,7.20
165.42,23.29,13.76,13.58,7.00,30.93,19.75,26.97,7.21
165.43,23.33,13.74,13.60,6.99,30.93,19.78,26.97,7.20
165.44,23.33,13.76,13.62,7.00,30.93,19.78,26.97,7.20
165.45,23.33,13.76,13.62,7.00,30.93,19.78,27.02,7.21
165.46,23.33,13.76,13.62,7.00,30.99,19.81,27.02,7.20
165.47,23.33,13.78,13.62,6.99,30.99,19.81,27.02,7.20
165.48,23.36,13.76,13.64,7.00,30.99,19.81,27.02,7.21
165.49,23.36,13.78,13.62,6.99,31.04,19.84,27.06,7.19
165.50,23.33,13.78,13.64,6.99,31.04,19.81,27.02,7.20
165.51,23.40,13.79,13.64,6.99,31.04,19.81,27.06,7.20
165.52,23.40,13.79,13.64,6.99,31.10,19.84,27.06,7.20
165.53,23.40,13.81,13.64,7.00,31.10,19.84,27.10,7.21
165.54,23.40,13.79,13.64,6.99,31.10,19.89,27.10,7.21
165.55,23.43,13.79,13.66,6.99,31.10,19.87,27.10,7.22
165.56,23.43,13.79,13.66,6.99,31.15,19.87,27.15,7.20
165.57,23.43,13.83,13.66,6.99,31.15,19.89,27.10,7.21
165.58,23.47,13.81,13.66,6.99,31.21,19.89,27.15,7.20
165.59,23.47,13.81,13.66,7.00,31.15,19.89,27.15,7.20
165.60,23.47,13.83,13.69,7.01,31.15,19.89,27.19,7.21
165.61,23.47,13.81,13.71,7.00,31.21,19.89,27.19,7.21
165.62,23.47,13.83,13.69,7.00,31.21,19.92,27.15,7.21
165.63,23.47,13.83,13.69,7.00,31.21,19.92,27.19,7.21
165.64,23.51,13.85,13.71,7.00,31.26,19.92,27.19,7.21
165.65,23.51,13.87,13.71,7.00,31.26,19.95,27.19,7.21
165.66,23.47,13.85,13.71,7.00,31.26,19.95,27.24,7.21
165.67,23.54,13.85,13.73,7.01,31.32,19.98,27.24,7.21
165.68,23.54,13.85,13.71,7.00,31.37,19.95,27.24,7.21
165.69,23.54,13.85,13.71,7.01,31.26,19.98,27.24,7.21
165.70,23.54,13.87,13.71,7.00,31.37,19.98,27.24,7.21
165.71,23.54,13.87,13.73,7.00,31.37,19.98,27.28,7.21
165.72,23.58,13.87,13.73,7.01,31.32,20.01,27.33,7.21
165.73,23.58,13.87,13.73,7.00,31.43,20.01,27.33,7.21
165.74,23.61,13.87,13.75,7.00,31.43,20.01,27.37,7.21
165.75,23.61,13.89,13.76,7.00,31.43,20.01,27.33,7.22
165.76,23.61,13.87,13.76,7.00,31.43,20.04,27.33,7.21
165.77,23.61,13.89,13.75,7.01,31.43,20.01,27.37,7.22
165.78,23.65,13.89,13.76,7.01,31.48,20.04,27.33,7.22
165.79,23.65,13.89,13.75,7.00,31.48,20.04,27.42,7.21
165.80,23.65,13.90,13.78,7.01,31.48,20.07,27.42,7.21
165.81,23.65,13.90,13.76,7.01,31.48,20.04,27.42,7.22
165.82,23.65,13.89,13.78,7.00,31.48,20.07,27.42,7.22
165.83,23.69,13.90,13.76,7.01,31.48,20.07,27.42,7.22
165.84,23.69,13.90,13.78,7.01,31.54,20.07,27.46,7.21
165.85,23.69,13.90,13.80,7.01,31.54,20.10,27.51,7.22
165.86,23.69,13.92,13.80,7.01,31.59,20.13,27.46,7.21
165.87,23.69,13.92,13.78,7.01,31.59,20.13,27.51,7.21
165.88,23.72,13.92,13.80,7.02,31.59,20.13,27.46,7.21
165.89,23.72,13.92,13.82,7.01,31.59,20.13,27.51,7.21
165.90,23.72,13.94,13.80,7.01,31.59,20.13,27.51,7.22
165.91,23.72,13.94,13.80,7.01,31.65,20.13,27.55,7.22
165.92,23.76,13.94,13.82,7.01,31.65,20.13,27.55,7.21
165.93,23.76,13.96,13.80,7.01,31.65,20.13,27.51,7.22
165.94,23.76,13.94,13.84,7.01,31.65,20.16,27.60,7.21
165.95,23.76,13.96,13.84,7.02,31.70,20.16,27.60,7.23
165.96,23.76,13.96,13.84,7.01,31.70,20.16,27.55,7.21
165.97,23.80,13.98,13.84,7.01,31.70,20.18,27.55,7.21
165.98,23.80,13.96,13.84,7.01,31.70,20.18,27.60,7.22
165.99,23.83,13.98,13.84,7.01,31.76,20.18,27.64,7.22
166.00,23.83,13.98,13.86,7.01,31.82,20.18,27.64,7.21
166.01,23.83,13.98,13.84,7.01,31.76,20.24,27.64,7.21
166.02,23.83,13.98,13.86,7.01,31.82,20.21,27.64,7.21
166.03,23.87,13.98,13.87,7.02,31.82,20.21,27.64,7.22
166.04,23.87,13.98,13.87,7.01,31.82,20.24,27.64,7.23
166.05,23.87,14.00,13.87,7.02,31.87,20.24,27.64,7.22
166.06,23.87,13.98,13.87,7.02,31.82,20.27,27.69,7.21
166.07,23.87,14.00,13.87,7.01,31.93,20.24,27.73,7.21
166.08,23.91,14.00,13.89,7.01,31.87,20.27,27.73,7.21
166.09,23.91,14.00,13.89,7.01,31.93,20.27,27.73,7.22
166.10,23.91,14.00,13.89,7.01,31.93,20.27,27.73,7.22
166.11,23.91,14.02,13.91,7.02,31.93,20.30,27.73,7.22
166.12,23.95,14.02,13.91,7.01,31.93,20.27,27.78,7.21
166.13,23.91,14.02,13.91,7.01,31.93,20.30,27.78,7.22
166.14,23.95,14.03,13.93,7.01,31.99,20.33,27.82,7.22
166.15,23.95,14.02,13.91,7.01,31.99,20.33,27.78,7.22
166.16,23.98,14.03,13.91,7.01,31.99,20.30,27.82,7.23
166.17,23.98,14.03,13.93,7.02,32.04,20.33,27.82,7.22
166.18,23.98,14.03,13.93,7.03,31.99,20.36,27.82,7.22
166.19,23.98,14.05,13.95,7.01,32.04,20.33,27.82,7.23
166.20,23.98,14.05,13.95,7.01,32.10,20.36,27.87,7.22
166.21,24.02,14.05,13.95,7.02,32.10,20.36,27.87,7.23
166.22,24.02,14.05,13.95,7.01,32.10,20.36,27.87,7.21
166.23,24.02,14.05,13.97,7.02,32.16,20.36,27.92,7.23
166.24,24.02,14.07,13.95,7.02,32.16,20.39,27.92,7.22
166.25,24.02,14.07,13.97,7.02,32.16,20.36,27.92,7.22
166.26,24.02,14.05,13.98,7.03,32.16,20.39,27.92,7.22
166.27,24.06,14.07,13.98,7.02,32.16,20.39,27.92,7.21
166.28,24.06,14.07,13.98,7.03,32.16,20.42,27.92,7.23
166.29,24.06,14.07,13.98,7.03,32.22,20.42,27.96,7.22
166.30,24.09,14.07,13.98,7.02,32.22,20.42,27.96,7.22
166.31,24.09,14.07,13.98,7.02,32.22,20.45,27.96,7.23
166.32,24.13,14.09,13.98,7.02,32.22,20.45,28.01,7.22
166.33,24.13,14.09,13.98,7.01,32.22,20.45,28.01,7.21
166.34,24.13,14.09,14.00,7.03,32.33,20.45,28.01,7.22
166.35,24.13,14.11,14.02,7.03,32.33,20.45,28.06,7.23
166.36,24.13,14.11,14.02,7.02,32.27,20.48,28.06,7.22
166.37,24.13,14.09,14.02,7.02,32.27,20.51,28.06,7.23
166.38,24.17,14.09,14.02,7.02,32.33,20.48,28.06,7.22
166.39,24.17,14.11,14.02,7.03,32.33,20.48,28.06,7.22
166.40,24.17,14.13,14.02,7.01,32.39,20.54,28.10,7.22
166.41,24.17,14.13,14.02,7.03,32.39,20.54,28.06,7.22
166.42,24.17,14.13,14.04,7.02,32.39,20.51,28.10,7.23
166.43,24.21,14.13,14.04,7.03,32.45,20.51,28.10,7.22
166.44,24.21,14.13,14.06,7.03,32.45,20.57,28.15,7.24
166.45,24.25,14.13,14.04,7.03,32.45,20.54,28.15,7.22
166.46,24.21,14.13,14.06,7.03,32.50,20.54,28.15,7.23
166.47,24.25,14.13,14.08,7.03,32.45,20.57,28.20,7.23
166.48,24.25,14.15,14.06,7.02,32.45,20.57,28.15,7.23
166.49,24.28,14.16,14.06,7.03,32.45,20.60,28.15,7.22
166.50,24.28,14.15,14.06,7.03,32.50,20.57,28.24,7.23
166.51,24.28,14.16,14.08,7.03,32.50,20.57,28.20,7.23
166.52,24.28,14.16,14.10,7.04,32.56,20.60,28.24,7.23
166.53,24.28,14.16,14.10,7.04,32.50,20.63,28.20,7.24
166.54,24.28,14.16,14.10,7.02,32.56,20.60,28.24,7.24
166.55,24.28,14.16,14.10,7.04,32.56,20.60,28.24,7.24
166.56,24.32,14.16,14.10,7.03,32.56,20.60,28.24,7.24
166.57,24.32,14.18,14.10,7.03,32.62,20.63,28.29,7.23
166.58,24.36,14.18,14.12,7.04,32.62,20.63,28.24,7.23
166.59,24.32,14.18,14.10,7.03,32.62,20.66,28.29,7.23
166.60,24.36,14.20,14.12,7.03,32.68,20.66,28.29,7.23
166.61,24.32,14.16,14.12,7.03,32.68,20.66,28.29,7.23
166.62,24.36,14.20,14.12,7.03,32.62,20.66,28.34,7.22
166.63,24.36,14.20,14.12,7.03,32.68,20.66,28.39,7.23
166.64,24.40,14.22,14.13,7.02,32.62,20.69,28.34,7.23
166.65,24.40,14.20,14.13,7.04,32.74,20.69,28.39,7.22
166.66,24.40,14.20,14.15,7.03,32.74,20.69,28.34,7.23
166.67,24.43,14.24,14.15,7.03,32.74,20.75,28.39,7.23
166.68,24.43,14.22,14.15,7.04,32.74,20.72,28.43,7.23
166.69,24.43,14.24,14.17,7.03,32.80,20.72,28.43,7.23
166.70,24.43,14.22,14.15,7.04,32.80,20.75,28.43,7.23
166.71,24.43,14.24,14.17,7.03,32.80,20.72,28.43,7.23
166.72,24.47,14.22,14.15,7.03,32.85,20.78,28.48,7.23
166.73,24.47,14.24,14.19,7.03,32.85,20.75,28.48,7.23
166.74,24.47,14.24,14.17,7.05,32.85,20.75,28.43,7.23
166.75,24.47,14.26,14.17,7.03,32.85,20.78,28.43,7.24
166.76,24.47,14.26,14.19,7.04,32.85,20.78,28.48,7.23
166.77,24.51,14.26,14.19,7.04,32.85,20.81,28.53,7.22
166.78,24.51,14.28,14.19,7.03,32.85,20.78,28.53,7.23
166.79,24.51,14.26,14.21,7.05,32.91,20.78,28.53,7.23
166.80,24.51,14.24,14.21,7.03,32.91,20.81,28.53,7.23
166.81,24.51,14.28,14.19,7.04,32.91,20.81,28.53,7.23
166.82,24.55,14.28,14.21,7.03,32.97,20.81,28.53,7.23
166.83,24.59,14.28,14.21,7.04,32.97,20.84,28.57,7.23
166.84,24.55,14.28,14.23,7.04,32.97,20.84,28.57,7.23
166.85,24.55,14.28,14.23,7.04,32.97,20.84,28.57,7.23
166.86,24.59,14.28,14.23,7.03,33.03,20.84,28.62,7.24
166.87,24.59,14.28,14.23,7.04,33.03,20.84,28.62,7.24
166.88,24.59,14.28,14.25,7.04,33.03,20.84,28.62,7.23
166.89,24.59,14.30,14.25,7.04,33.09,20.87,28.67,7.24
166.90,24.63,14.28,14.25,7.04,33.03,20.87,28.62,7.23
166.91,24.63,14.32,14.25,7.03,33.09,20.90,28.67,7.23
166.92,24.63,14.30,14.27,7.04,33.09,20.90,28.67,7.24
166.93,24.63,14.32,14.27,7.04,33.09,20.90,28.67,7.23
166.94,24.63,14.30,14.29,7.05,33.09,20.93,28.67,7.23
166.95,24.66,14.34,14.25,7.05,33.15,20.93,28.77,7.23
166.96,24.66,14.32,14.29,7.05,33.15,20.93,28.67,7.24
166.97,24.63,14.32,14.27,7.04,33.21,20.93,28.67,7.23
166.98,24.66,14.34,14.29,7.04,33.15,20.96,28.77,7.24
166.99,24.70,14.34,14.29,7.05,33.21,20.96,28.72,7.24
167.00,24.70,14.34,14.29,7.04,33.21,20.93,28.77,7.23
167.01,24.70,14.34,14.30,7.04,33.21,21.00,28.77,7.24
167.02,24.70,14.34,14.30,7.05,33.27,20.96,28.77,7.24
167.03,24.70,14.35,14.29,7.05,33.27,21.00,28.77,7.24
167.04,24.74,14.35,14.30,7.04,33.27,21.00,28.82,7.23
167.05,24.74,14.35,14.32,7.06,33.27,21.03,28.82,7.23
167.06,24.74,14.35,14.30,7.04,33.33,21.00,28.82,7.23
167.07,24.78,14.35,14.30,7.06,33.33,21.03,28.86,7.24
167.08,24.74,14.37,14.32,7.05,33.33,21.03,28.86,7.23
167.09,24.74,14.37,14.34,7.04,33.33,21.03,28.86,7.23
167.10,24.78,14.37,14.36,7.05,33.27,21.03,28.86,7.24
167.11,24.78,14.35,14.32,7.05,33.39,21.03,28.86,7.24
167.12,24.78,14.37,14.32,7.05,33.45,21.03,28.96,7.24
167.13,24.82,14.37,14.34,7.05,33.39,21.03,28.91,7.23
167.14,24.82,14.39,14.36,7.06,33.39,21.06,28.96,7.24
167.15,24.82,14.39,14.36,7.05,33.45,21.09,28.91,7.24
167.16,24.82,14.41,14.36,7.05,33.45,21.09,28.96,7.23
167.17,24.86,14.41,14.36,7.05,33.52,21.09,28.96,7.23
167.18,24.82,14.39,14.36,7.04,33.52,21.09,28.96,7.24
167.19,24.86,14.41,14.36,7.05,33.52,21.06,29.01,7.23
167.20,24.86,14.39,14.38,7.05,33.52,21.12,28.96,7.23
167.21,24.86,14.41,14.40,7.05,33.52,21.12,29.01,7.24
167.22,24.90,14.41,14.38,7.05,33.58,21.15,29.01,7.24
167.23,24.90,14.41,14.38,7.05,33.52,21.15,29.06,7.24
167.24,24.90,14.43,14.40,7.05,33.58,21.18,29.06,7.24
167.25,24.90,14.41,14.38,7.06,33.58,21.18,29.06,7.24
167.26,24.94,14.41,14.40,7.06,33.58,21.15,29.06,7.24
167.27,24.94,14.45,14.40,7.05,33.70,21.18,29.11,7.25
167.28,24.94,14.45,14.42,7.05,33.64,21.18,29.11,7.25
167.29,24.94,14.43,14.42,7.05,33.64,21.15,29.11,7.24
167.30,24.94,14.43,14.42,7.07,33.64,21.18,29.06,7.25
167.31,24.98,14.43,14.42,7.05,33.64,21.21,29.11,7.24
167.32,24.98,14.45,14.44,7.05,33.70,21.21,29.16,7.24
167.33,24.94,14.45,14.44,7.05,33.70,21.25,29.16,7.25
167.34,24.98,14.49,14.42,7.05,33.70,21.21,29.16,7.25
167.35,24.98,14.45,14.44,7.05,33.70,21.21,29.16,7.25
167.36,24.98,14.45,14.46,7.05,33.76,21.25,29.16,7.23
167.37,25.02,14.47,14.46,7.06,33.76,21.25,29.21,7.24
167.38,25.02,14.47,14.46,7.06,33.76,21.25,29.21,7.25
167.39,25.02,14.49,14.46,7.05,33.82,21.25,29.16,7.25
167.40,25.06,14.49,14.48,7.06,33.82,21.28,29.21,7.24
167.41,25.02,14.47,14.46,7.07,33.82,21.25,29.21,7.25
167.42,25.06,14.49,14.49,7.05,33.82,21.31,29.26,7.24
167.43,25.06,14.49,14.49,7.07,33.82,21.31,29.26,7.23
167.44,25.10,14.49,14.48,7.07,33.88,21.31,29.26,7.25
167.45,25.06,14.49,14.49,7.05,33.95,21.31,29.31,7.26
167.46,25.10,14.51,14.48,7.06,33.88,21.31,29.31,7.25
167.47,25.10,14.51,14.49,7.06,33.88,21.34,29.31,7.24
167.48,25.10,14.53,14.48,7.05,33.95,21.34,29.31,7.24
167.49,25.14,14.51,14.52,7.06,33.88,21.37,29.36,7.24
167.50,25.14,14.51,14.49,7.07,33.95,21.34,29.36,7.25
167.51,25.14,14.51,14.52,7.06,33.95,21.37,29.36,7.24
167.52,25.14,14.51,14.52,7.06,34.01,21.37,29.31,7.25
167.53,25.14,14.53,14.53,7.06,34.01,21.37,29.36,7.25
167.54,25.18,14.53,14.52,7.06,34.01,21.37,29.41,7.25
167.55,25.18,14.53,14.52,7.06,34.01,21.40,29.41,7.25
167.56,25.18,14.55,14.53,7.07,34.01,21.40,29.41,7.25
167.57,25.21,14.55,14.53,7.07,34.07,21.43,29.41,7.24
167.58,25.18,14.55,14.53,7.06,34.07,21.40,29.41,7.25
167.59,25.21,14.55,14.55,7.07,34.07,21.40,29.45,7.25
167.60,25.21,14.55,14.53,7.07,34.13,21.43,29.45,7.26
167.61,25.21,14.55,14.57,7.06,34.07,21.43,29.45,7.25
167.62,25.21,14.55,14.57,7.06,34.13,21.43,29.50,7.25
167.63,25.21,14.55,14.57,7.07,34.13,21.47,29.45,7.24
167.64,25.25,14.57,14.55,7.07,34.13,21.47,29.50,7.25
167.65,25.25,14.57,14.57,7.07,34.20,21.47,29.50,7.26
167.66,25.25,14.57,14.57,7.07,34.20,21.47,29.50,7.25
167.67,25.30,14.59,14.61,7.07,34.20,21.50,29.50,7.25
167.68,25.25,14.57,14.57,7.07,34.20,21.50,29.55,7.25
167.69,25.30,14.59,14.59,7.07,34.20,21.53,29.55,7.25
167.70,25.30,14.59,14.59,7.07,34.26,21.47,29.55,7.25
167.71,25.30,14.59,14.59,7.07,34.26,21.53,29.55,7.25
167.72,25.30,14.59,14.59,7.07,34.26,21.53,29.61,7.25
167.73,25.34,14.59,14.61,7.07,34.32,21.53,29.61,7.25
167.74,25.34,14.60,14.61,7.07,34.32,21.53,29.61,7.25
167.75,25.34,14.59,14.61,7.07,34.32,21.59,29.66,7.24
167.76,25.34,14.60,14.63,7.07,34.32,21.56,29.66,7.26
167.77,25.38,14.62,14.61,7.07,34.39,21.56,29.66,7.26
167.78,25.38,14.60,14.63,7.08,34.39,21.59,29.66,7.25
167.79,25.38,14.64,14.63,7.07,34.32,21.59,29.66,7.25
167.80,25.38,14.64,14.65,7.07,34.32,21.56,29.71,7.26
167.81,25.42,14.64,14.63,7.07,34.45,21.59,29.71,7.25
167.82,25.42,14.64,14.63,7.07,34.39,21.59,29.66,7.25
167.83,25.42,14.62,14.65,7.07,34.45,21.59,29.71,7.24
167.84,25.42,14.66,14.65,7.07,34.45,21.59,29.71,7.25
167.85,25.42,14.66,14.65,7.08,34.45,21.63,29.71,7.25
167.86,25.42,14.64,14.67,7.07,34.45,21.63,29.76,7.26
167.87,25.42,14.64,14.67,7.07,34.51,21.63,29.76,7.25
167.88,25.46,14.64,14.67,7.07,34.51,21.63,29.81,7.26
167.89,25.46,14.66,14.69,7.08,34.51,21.66,29.81,7.26
167.90,25.46,14.66,14.69,7.08,34.51,21.66,29.76,7.25
167.91,25.46,14.66,14.67,7.08,34.58,21.69,29.86,7.26
167.92,25.50,14.68,14.69,7.08,34.58,21.69,29.81,7.26
167.93,25.50,14.66,14.69,7.08,34.58,21.69,29.86,7.25
167.94,25.50,14.66,14.69,7.08,34.58,21.69,29.86,7.26
167.95,25.50,14.66,14.69,7.08,34.58,21.69,29.86,7.25
167.96,25.54,14.68,14.73,7.07,34.64,21.69,29.86,7.25
167.97,25.50,14.68,14.73,7.08,34.64,21.72,29.91,7.26
167.98,25.54,14.70,14.71,7.08,34.70,21.69,29.86,7.26
167.99,25.54,14.70,14.71,7.07,34.70,21.75,29.86,7.26
168.00,25.54,14.70,14.71,7.08,34.64,21.75,29.86,7.26
168.01,25.58,14.70,14.75,7.08,34.70,21.75,29.91,7.25
168.02,25.54,14.68,14.73,7.08,34.70,21.75,29.91,7.25
168.03,25.54,14.70,14.73,7.08,34.77,21.75,29.91,7.26
168.04,25.58,14.72,14.75,7.08,34.77,21.79,29.96,7.26
168.05,25.58,14.70,14.75,7.08,34.77,21.79,29.96,7.26
168.06,25.62,14.70,14.77,7.08,34.77,21.75,29.96,7.25
168.07,25.62,14.72,14.75,7.08,34.77,21.75,29.96,7.26
168.08,25.62,14.74,14.75,7.08,34.83,21.82,30.01,7.26
168.09,25.62,14.74,14.77,7.08,34.77,21.82,30.01,7.26
168.10,25.66,14.72,14.77,7.08,34.83,21.79,30.01,7.26
168.11,25.62,14.72,14.77,7.08,34.90,21.82,30.06,7.27
168.12,25.66,14.74,14.79,7.08,34.83,21.85,30.06,7.27
168.13,25.66,14.74,14.77,7.08,34.83,21.85,30.06,7.26
168.14,25.66,14.72,14.79,7.08,34.90,21.85,30.06,7.26
168.15,25.66,14.74,14.79,7.08,34.83,21.89,30.06,7.25
168.16,25.70,14.74,14.79,7.08,34.90,21.85,30.06,7.27
168.17,25.70,14.76,14.79,7.08,34.90,21.85,30.17,7.27
168.18,25.70,14.76,14.81,7.08,34.96,21.85,30.12,7.26
168.19,25.70,14.76,14.79,7.08,34.96,21.89,30.06,7.26
168.20,25.74,14.76,14.81,7.08,34.96,21.89,30.12,7.25
168.21,25.74,14.76,14.81,7.08,34.96,21.89,30.12,7.26
168.22,25.74,14.78,14.81,7.08,34.96,21.92,30.12,7.26
168.23,25.74,14.78,14.83,7.08,35.03,21.89,30.12,7.26
168.24,25.74,14.78,14.83,7.08,35.03,21.95,30.17,7.27
168.25,25.78,14.80,14.81,7.08,35.03,21.92,30.22,7.26
168.26,25.74,14.78,14.83,7.08,35.03,21.95,30.22,7.26
168.27,25.78,14.78,14.83,7.08,35.09,21.95,30.22,7.26
168.28,25.78,14.78,14.83,7.08,35.09,21.98,30.27,7.27
168.29,25.78,14.78,14.85,7.08,35.09,21.98,30.22,7.27
168.30,25.82,14.80,14.85,7.08,35.16,21.98,30.22,7.27
168.31,25.82,14.80,14.85,7.09,35.09,21.98,30.27,7.26
168.32,25.82,14.80,14.85,7.08,35.16,21.98,30.27,7.27
168.33,25.82,14.82,14.87,7.08,35.16,22.02,30.27,7.27
168.34,25.82,14.82,14.87,7.08,35.16,22.02,30.27,7.26
168.35,25.82,14.82,14.87,7.08,35.23,22.02,30.32,7.27
168.36,25.87,14.80,14.87,7.08,35.23,22.05,30.27,7.26
168.37,25.87,14.82,14.87,7.08,35.23,22.05,30.32,7.26
168.38,25.87,14.82,14.91,7.09,35.23,22.05,30.32,7.26
168.39,25.87,14.82,14.89,7.08,35.23,22.05,30.32,7.27
168.40,25.91,14.84,14.89,7.08,35.23,22.08,30.32,7.28
168.41,25.91,14.82,14.89,7.09,35.36,22.05,30.43,7.27
168.42,25.91,14.84,14.89,7.09,35.36,22.05,30.38,7.26
168.43,25.91,14.84,14.91,7.08,35.29,22.08,30.38,7.26
168.44,25.91,14.86,14.91,7.08,35.29,22.05,30.43,7.26
168.45,25.91,14.84,14.91,7.09,35.36,22.08,30.43,7.27
168.46,25.91,14.84,14.91,7.08,35.36,22.12,30.43,7.27
168.47,25.95,14.88,14.91,7.10,35.36,22.12,30.43,7.28
168.48,25.99,14.86,14.93,7.09,35.36,22.12,30.43,7.28
168.49,25.95,14.86,14.93,7.09,35.36,22.15,30.43,7.28
168.50,25.91,14.88,14.93,7.09,35.36,22.15,30.43,7.27
168.51,25.99,14.86,14.93,7.09,35.36,22.15,30.43,7.27
168.52,25.99,14.86,14.95,7.09,35.42,22.15,30.48,7.27
168.53,25.99,14.90,14.95,7.08,35.42,22.18,30.53,7.28
168.54,25.99,14.88,14.97,7.10,35.49,22.15,30.48,7.27
168.55,26.03,14.88,14.95,7.08,35.49,22.15,30.53,7.28
168.56,26.03,14.90,14.95,7.08,35.49,22.18,30.53,7.27
168.57,26.03,14.88,14.95,7.09,35.56,22.18,30.53,7.27
168.58,26.03,14.90,14.95,7.09,35.49,22.21,30.53,7.26
168.59,26.07,14.90,14.99,7.09,35.49,22.21,30.59,7.27
168.60,26.03,14.90,14.99,7.09,35.49,22.21,30.59,7.27
168.61,26.07,14.90,14.99,7.09,35.56,22.21,30.59,7.27
168.62,26.07,14.92,14.97,7.09,35.56,22.25,30.59,7.27
168.63,26.07,14.90,14.99,7.08,35.62,22.25,30.64,7.27
168.64,26.12,14.92,14.99,7.09,35.62,22.25,30.64,7.27
168.65,26.12,14.92,15.01,7.09,35.62,22.25,30.64,7.27
168.66,26.12,14.92,15.01,7.10,35.62,22.25,30.64,7.27
168.67,26.12,14.92,15.01,7.09,35.62,22.28,30.64,7.27
168.68,26.12,14.92,14.99,7.11,35.69,22.25,30.69,7.27
168.69,26.12,14.92,15.01,7.09,35.62,22.28,30.64,7.27
168.70,26.12,14.94,15.01,7.09,35.62,22.28,30.69,7.27
168.71,26.16,14.94,15.01,7.09,35.76,22.32,30.69,7.27
168.72,26.16,14.94,15.03,7.09,35.76,22.28,30.69,7.26
168.73,26.16,14.94,15.03,7.10,35.76,22.32,30.69,7.27
168.74,26.20,14.94,15.03,7.09,35.76,22.32,30.75,7.27
168.75,26.20,14.94,15.03,7.10,35.76,22.28,30.75,7.27
168.76,26.20,14.98,15.03,7.10,35.76,22.35,30.75,7.27
168.77,26.20,14.98,15.07,7.10,35.83,22.35,30.75,7.27
168.78,26.20,14.96,15.05,7.09,35.83,22.32,30.80,7.29
168.79,26.20,14.96,15.07,7.10,35.76,22.35,30.75,7.27
168.80,26.20,14.98,15.05,7.09,35.83,22.35,30.91,7.28
168.81,26.24,14.98,15.09,7.10,35.83,22.35,30.80,7.28
168.82,26.20,15.00,15.07,7.10,35.89,22.38,30.85,7.28
168.83,26.24,14.98,15.07,7.10,35.89,22.38,30.80,7.27
168.84,26.24,14.98,15.09,7.11,35.89,22.42,30.85,7.28
168.85,26.24,15.00,15.07,7.10,35.96,22.38,30.85,7.27
168.86,26.24,14.98,15.07,7.09,35.96,22.38,30.85,7.28
168.87,26.29,15.00,15.11,7.09,35.96,22.38,30.85,7.28
168.88,26.29,15.00,15.09,7.10,35.96,22.42,30.91,7.28
168.89,26.33,15.00,15.11,7.10,35.96,22.48,30.91,7.28
168.90,26.33,15.00,15.11,7.10,35.96,22.45,30.91,7.28
168.91,26.33,15.00,15.11,7.09,36.03,22.45,30.91,7.27
168.92,26.33,15.04,15.13,7.10,36.03,22.45,30.91,7.28
168.93,26.33,15.02,15.11,7.10,36.03,22.48,30.96,7.27
168.94,26.37,15.04,15.11,7.11,36.03,22.48,30.91,7.27
168.95,26.33,15.02,15.13,7.12,36.03,22.45,30.96,7.27
168.96,26.37,15.04,15.11,7.11,36.10,22.48,30.91,7.27
168.97,26.37,15.06,15.13,7.11,36.03,22.52,31.01,7.28
168.98,26.37,15.02,15.11,7.10,36.17,22.52,31.01,7.28
168.99,26.37,15.04,15.13,7.11,36.17,22.52,31.01,7.27
169.00,26.41,15.06,15.15,7.11,36.10,22.52,31.01,7.28
169.01,26.41,15.04,15.15,7.10,36.10,22.52,31.01,7.28
169.02,26.41,15.06,15.13,7.10,36.17,22.52,31.01,7.27
169.03,26.41,15.04,15.15,7.12,36.10,22.55,31.01,7.28
169.04,26.37,15.06,15.15,7.10,36.23,22.55,31.07,7.28
169.05,26.41,15.06,15.15,7.10,36.17,22.55,31.07,7.28
169.06,26.41,15.04,15.19,7.10,36.17,22.59,31.07,7.27
169.07,26.45,15.06,15.15,7.11,36.30,22.59,31.12,7.28
169.08,26.45,15.06,15.15,7.12,36.23,22.55,31.12,7.28
169.09,26.45,15.08,15.17,7.10,36.23,22.62,31.12,7.27
169.10,26.45,15.08,15.19,7.10,36.30,22.62,31.12,7.29
169.11,26.50,15.08,15.19,7.11,36.30,22.62,31.12,7.27
169.12,26.50,15.08,15.17,7.11,36.30,22.59,31.12,7.27
169.13,26.50,15.08,15.21,7.10,36.37,22.62,31.18,7.28
169.14,26.50,15.08,15.19,7.11,36.30,22.66,31.18,7.29
169.15,26.50,15.10,15.21,7.10,36.30,22.66,31.18,7.28
169.16,26.50,15.10,15.21,7.11,36.37,22.62,31.18,7.28
169.17,26.54,15.12,15.19,7.11,36.37,22.66,31.23,7.28
169.18,26.50,15.10,15.19,7.11,36.44,22.66,31.23,7.28
169.19,26.50,15.10,15.21,7.12,36.37,22.69,31.23,7.29
169.20,26.58,15.10,15.21,7.11,36.37,22.72,31.23,7.28
169.21,26.50,15.12,15.19,7.11,36.44,22.69,31.23,7.28
169.22,26.58,15.14,15.23,7.12,36.44,22.69,31.29,7.28
169.23,26.58,15.12,15.21,7.11,36.44,22.72,31.29,7.28
169.24,26.58,15.10,15.21,7.11,36.44,22.72,31.29,7.29
169.25,26.58,15.14,15.23,7.11,36.44,22.72,31.29,7.28
169.26,26.58,15.14,15.25,7.11,36.51,22.76,31.29,7.29
169.27,26.63,15.14,15.23,7.11,36.51,22.76,31.34,7.29
169.28,26.63,15.14,15.25,7.11,36.65,22.76,31.34,7.29
169.29,26.63,15.14,15.27,7.11,36.58,22.76,31.34,7.28
169.30,26.63,15.16,15.25,7.12,36.58,22.76,31.34,7.29
169.31,26.67,15.14,15.27,7.12,36.58,22.76,31.34,7.28
169.32,26.67,15.16,15.25,7.11,36.58,22.76,31.40,7.30
169.33,26.67,15.16,15.29,7.11,36.58,22.79,31.40,7.28
169.34,26.67,15.14,15.27,7.11,36.58,22.76,31.34,7.29
169.35,26.67,15.14,15.27,7.12,36.65,22.79,31.45,7.29
169.36,26.67,15.16,15.31,7.12,36.65,22.79,31.40,7.28
169.37,26.67,15.16,15.27,7.13,36.65,22.79,31.40,7.29
169.38,26.71,15.16,15.29,7.11,36.72,22.79,31.45,7.30
169.39,26.71,15.18,15.27,7.11,36.72,22.83,31.45,7.28
169.40,26.71,15.18,15.29,7.11,36.65,22.83,31.40,7.29
169.41,26.71,15.20,15.29,7.12,36.72,22.86,31.45,7.29
169.42,26.71,15.18,15.31,7.12,36.72,22.83,31.51,7.29
169.43,26.76,15.18,15.31,7.12,36.72,22.83,31.51,7.29
169.44,26.71,15.20,15.29,7.11,36.72,22.90,31.51,7.29
169.45,26.76,15.20,15.31,7.12,36.72,22.86,31.51,7.30
169.46,26.76,15.20,15.33,7.12,36.79,22.90,31.56,7.29
169.47,26.76,15.22,15.33,7.12,36.79,22.90,31.51,7.29
169.48,26.76,15.20,15.31,7.12,36.86,22.90,31.56,7.29
169.49,26.80,15.22,15.33,7.12,36.86,22.90,31.56,7.29
169.50,26.80,15.20,15.33,7.12,36.86,22.90,31.56,7.29
169.51,26.80,15.22,15.36,7.13,36.86,22.93,31.56,7.30
169.52,26.80,15.22,15.36,7.12,36.86,22.93,31.62,7.29
169.53,26.84,15.20,15.36,7.12,36.86,22.93,31.62,7.30
169.54,26.84,15.24,15.36,7.12,36.93,22.97,31.67,7.29
169.55,26.89,15.22,15.38,7.12,36.93,23.00,31.62,7.28
169.56,26.84,15.22,15.36,7.12,36.93,22.93,31.67,7.29
169.57,26.84,15.22,15.36,7.12,36.93,22.97,31.67,7.29
169.58,26.89,15.22,15.36,7.13,37.01,23.00,31.67,7.29
169.59,26.89,15.26,15.40,7.13,36.93,23.00,31.62,7.29
169.60,26.89,15.24,15.40,7.12,37.01,23.00,31.67,7.30
169.61,26.89,15.22,15.38,7.12,37.01,23.04,31.73,7.29
169.62,26.89,15.24,15.40,7.14,37.01,23.00,31.73,7.28
169.63,26.89,15.26,15.40,7.12,37.01,23.00,31.73,7.30
169.64,26.89,15.26,15.40,7.12,37.08,23.04,31.79,7.29
169.65,26.89,15.26,15.40,7.12,37.08,23.00,31.73,7.29
169.66,26.89,15.26,15.42,7.12,37.08,23.04,31.79,7.29
169.67,26.93,15.26,15.42,7.14,37.08,23.07,31.79,7.29
169.68,26.93,15.26,15.42,7.13,37.08,23.04,31.79,7.29
169.69,26.93,15.26,15.42,7.13,37.15,23.07,31.79,7.30
169.70,26.93,15.26,15.44,7.13,37.15,23.07,31.79,7.29
169.71,26.98,15.29,15.42,7.14,37.15,23.07,31.79,7.29
169.72,26.98,15.26,15.44,7.13,37.22,23.07,31.79,7.29
169.73,26.98,15.29,15.44,7.12,37.22,23.07,31.79,7.29
169.74,26.98,15.26,15.44,7.14,37.22,23.14,31.84,7.29
169.75,26.98,15.30,15.44,7.12,37.22,23.11,31.84,7.30
169.76,27.02,15.30,15.46,7.13,37.22,23.11,31.84,7.29
169.77,27.02,15.30,15.46,7.13,37.22,23.11,31.90,7.29
169.78,27.02,15.30,15.44,7.13,37.22,23.14,31.90,7.29
169.79,27.02,15.30,15.46,7.14,37.29,23.14,31.90,7.29
169.80,27.02,15.30,15.44,7.12,37.29,23.18,31.90,7.29
169.81,27.02,15.30,15.48,7.14,37.29,23.18,31.90,7.30
169.82,27.06,15.30,15.48,7.14,37.29,23.18,31.95,7.30
169.83,27.06,15.30,15.46,7.14,37.29,23.21,31.95,7.31
169.84,27.06,15.30,15.46,7.14,37.29,23.18,31.90,7.31
169.85,27.06,15.35,15.48,7.12,37.36,23.21,31.95,7.29
169.86,27.11,15.33,15.48,7.14,37.36,23.21,31.95,7.29
169.87,27.11,15.33,15.48,7.13,37.44,23.25,32.01,7.30
169.88,27.11,15.37,15.50,7.13,37.44,23.21,32.01,7.29
169.89,27.11,15.35,15.50,7.14,37.44,23.25,32.01,7.30
169.90,27.11,15.37,15.52,7.13,37.44,23.25,32.07,7.30
169.91,27.11,15.37,15.50,7.14,37.51,23.25,32.01,7.29
169.92,27.15,15.37,15.50,7.13,37.44,23.28,32.01,7.30
169.93,27.15,15.37,15.50,7.14,37.44,23.25,32.01,7.29
169.94,27.15,15.35,15.52,7.15,37.44,23.25,32.07,7.31
169.95,27.15,15.37,15.52,7.14,37.44,23.28,32.07,7.31
169.96,27.15,15.37,15.50,7.14,37.51,23.28,32.07,7.29
169.97,27.20,15.39,15.54,7.13,37.51,23.28,32.12,7.30
169.98,27.15,15.37,15.54,7.13,37.58,23.28,32.12,7.30
169.99,27.20,15.39,15.52,7.14,37.58,23.28,32.12,7.29
170.00,27.20,15.39,15.54,7.15,37.58,23.36,32.18,7.30
170.01,27.20,15.37,15.52,7.14,37.58,23.32,32.12,7.31
170.02,27.24,15.39,15.56,7.13,37.65,23.36,32.18,7.30
170.03,27.24,15.39,15.56,7.14,37.58,23.36,32.18,7.31
170.04,27.24,15.39,15.54,7.14,37.65,23.36,32.18,7.30
170.05,27.24,15.37,15.59,7.15,37.65,23.36,32.18,7.30
170.06,27.24,15.39,15.56,7.14,37.65,23.36,32.24,7.30
170.07,27.24,15.39,15.56,7.14,37.65,23.36,32.18,7.31
170.08,27.29,15.41,15.56,7.16,37.73,23.39,32.18,7.30
170.09,27.29,15.39,15.59,7.14,37.73,23.39,32.24,7.30
170.10,27.24,15.41,15.59,7.13,37.73,23.39,32.24,7.30
170.11,27.29,15.41,15.61,7.14,37.73,23.43,32.24,7.30
170.12,27.29,15.41,15.59,7.16,37.73,23.43,32.24,7.30
170.13,27.33,15.43,15.61,7.14,37.80,23.43,32.30,7.30
170.14,27.29,15.41,15.61,7.14,37.80,23.43,32.30,7.31
170.15,27.33,15.43,15.59,7.15,37.80,23.43,32.30,7.31
170.16,27.29,15.45,15.61,7.16,37.80,23.46,32.30,7.30
170.17,27.33,15.43,15.61,7.15,37.80,23.46,32.35,7.31
170.18,27.33,15.41,15.61,7.14,37.87,23.46,32.35,7.31
170.19,27.33,15.45,15.61,7.16,37.80,23.46,32.35,7.30
170.20,27.38,15.43,15.63,7.14,37.80,23.46,32.35,7.31
170.21,27.38,15.43,15.63,7.14,37.87,23.46,32.35,7.30
170.22,27.38,15.45,15.61,7.15,37.87,23.50,32.41,7.31
170.23,27.38,15.47,15.65,7.14,37.87,23.50,32.41,7.31
170.24,27.42,15.47,15.65,7.14,37.87,23.50,32.41,7.30
170.25,27.38,15.45,15.65,7.14,37.95,23.53,32.41,7.31
170.26,27.42,15.47,15.65,7.16,37.95,23.53,32.41,7.30
170.27,27.42,15.45,15.65,7.15,37.95,23.53,32.41,7.31
170.28,27.42,15.49,15.67,7.16,38.02,23.57,32.41,7.30
170.29,27.42,15.47,15.65,7.15,38.02,23.53,32.47,7.31
170.30,27.42,15.47,15.67,7.15,38.02,23.53,32.47,7.31
170.31,27.47,15.47,15.67,7.15,38.02,23.57,32.47,7.31
170.32,27.47,15.51,15.67,7.15,38.02,23.57,32.47,7.30
170.33,27.47,15.47,15.69,7.15,38.02,23.57,32.47,7.31
170.34,27.47,15.47,15.67,7.15,38.10,23.61,32.53,7.30
170.35,27.47,15.49,15.69,7.16,38.10,23.61,32.53,7.31
170.36,27.47,15.49,15.69,7.15,38.10,23.64,32.59,7.31
170.37,27.47,15.51,15.69,7.15,38.10,23.61,32.59,7.31
170.38,27.56,15.49,15.69,7.15,38.17,23.64,32.53,7.32
170.39,27.56,15.51,15.69,7.16,38.10,23.64,32.59,7.31
170.40,27.47,15.51,15.69,7.15,38.17,23.64,32.59,7.31
170.41,27.47,15.53,15.71,7.15,38.17,23.64,32.59,7.31
170.42,27.56,15.55,15.71,7.15,38.17,23.64,32.59,7.30
170.43,27.51,15.51,15.69,7.16,38.17,23.64,32.64,7.31
170.44,27.51,15.51,15.73,7.15,38.17,23.64,32.64,7.31
170.45,27.56,15.51,15.73,7.16,38.32,23.68,32.64,7.32
170.46,27.56,15.53,15.71,7.15,38.17,23.72,32.64,7.31
170.47,27.56,15.53,15.76,7.16,38.17,23.72,32.70,7.33
170.48,27.60,15.55,15.73,7.15,38.32,23.72,32.64,7.31
170.49,27.60,15.53,15.73,7.16,38.32,23.68,32.70,7.31
170.50,27.60,15.53,15.78,7.15,38.32,23.75,32.64,7.31
170.51,27.60,15.55,15.76,7.16,38.32,23.72,32.76,7.31
170.52,27.60,15.55,15.76,7.15,38.40,23.75,32.76,7.31
170.53,27.60,15.55,15.76,7.16,38.32,23.72,32.70,7.31
170.54,27.60,15.55,15.76,7.17,38.32,23.75,32.82,7.31
170.55,27.65,15.55,15.78,7.16,38.40,23.75,32.82,7.31
170.56,27.60,15.55,15.78,7.17,38.32,23.79,32.76,7.31
170.57,27.65,15.58,15.76,7.15,38.47,23.79,32.76,7.31
170.58,27.69,15.58,15.78,7.16,38.47,23.79,32.76,7.31
170.59,27.69,15.55,15.78,7.16,38.40,23.79,32.82,7.31
170.60,27.65,15.58,15.78,7.16,38.47,23.83,32.82,7.31
170.61,27.69,15.60,15.80,7.16,38.40,23.83,32.82,7.31
170.62,27.69,15.58,15.80,7.16,38.47,23.83,32.82,7.31
170.63,27.69,15.60,15.80,7.15,38.55,23.83,32.88,7.31
170.64,27.69,15.60,15.82,7.17,38.47,23.83,32.88,7.31
170.65,27.74,15.60,15.78,7.16,38.55,23.83,32.88,7.31
170.66,27.74,15.60,15.82,7.16,38.55,23.83,32.88,7.32
170.67,27.74,15.60,15.80,7.16,38.47,23.86,32.94,7.31
170.68,27.74,15.62,15.82,7.17,38.55,23.83,32.94,7.33
170.69,27.74,15.60,15.80,7.16,38.55,23.86,32.88,7.31
170.70,27.74,15.62,15.82,7.17,38.55,23.90,32.94,7.31
170.71,27.79,15.60,15.84,7.16,38.55,23.86,32.94,7.32
170.72,27.79,15.62,15.82,7.17,38.55,23.90,32.94,7.33
170.73,27.79,15.60,15.86,7.17,38.62,23.90,32.94,7.32
170.74,27.79,15.62,15.84,7.16,38.62,23.90,33.00,7.33
170.75,27.83,15.62,15.84,7.16,38.62,23.94,32.94,7.31
170.76,27.83,15.64,15.84,7.17,38.62,23.94,32.94,7.32
170.77,27.79,15.62,15.86,7.16,38.70,23.94,33.00,7.31
170.78,27.83,15.64,15.86,7.16,38.70,23.94,33.00,7.31
170.79,27.83,15.64,15.86,7.16,38.70,23.94,33.06,7.33
170.80,27.83,15.64,15.86,7.16,38.70,23.97,33.00,7.33
170.81,27.83,15.64,15.86,7.16,38.78,23.97,33.06,7.33
170.82,27.83,15.66,15.86,7.17,38.78,23.97,33.06,7.31
170.83,27.88,15.64,15.86,7.17,38.78,24.01,33.12,7.32
170.84,27.88,15.64,15.86,7.16,38.78,23.97,33.06,7.33
170.85,27.88,15.66,15.88,7.16,38.85,24.01,33.12,7.32
170.86,27.88,15.64,15.86,7.16,38.85,24.01,33.06,7.32
170.87,27.88,15.64,15.88,7.18,38.78,24.01,33.12,7.32
170.88,27.88,15.66,15.88,7.16,38.85,24.01,33.12,7.32
170.89,27.92,15.68,15.90,7.17,38.85,24.05,33.18,7.31
170.90,27.92,15.66,15.88,7.17,38.85,24.05,33.12,7.31
170.91,27.92,15.66,15.90,7.17,38.85,24.05,33.18,7.32
170.92,27.92,15.68,15.88,7.17,38.93,24.09,33.18,7.32
170.93,27.92,15.68,15.90,7.18,38.85,24.09,33.18,7.32
170.94,27.97,15.70,15.90,7.17,38.93,24.09,33.18,7.32
170.95,27.97,15.68,15.90,7.18,38.93,24.09,33.24,7.33
170.96,27.97,15.68,15.93,7.18,38.93,24.09,33.24,7.33
170.97,27.97,15.70,15.93,7.18,38.93,24.09,33.18,7.32
170.98,27.97,15.72,15.93,7.17,38.93,24.09,33.24,7.31
170.99,27.97,15.70,15.93,7.17,39.01,24.12,33.24,7.32
171.00,27.97,15.68,15.95,7.17,39.08,24.09,33.24,7.32
171.01,27.97,15.70,15.95,7.18,39.01,24.09,33.24,7.33
171.02,27.97,15.70,15.95,7.17,39.01,24.12,33.30,7.33
171.03,28.02,15.70,15.97,7.18,39.08,24.16,33.30,7.33
171.04,28.02,15.74,15.95,7.17,39.08,24.12,33.30,7.32
171.05,28.02,15.72,15.95,7.17,39.08,24.20,33.30,7.32
171.06,28.02,15.70,15.97,7.19,39.01,24.12,33.30,7.32
171.07,28.06,15.72,15.95,7.17,39.08,24.16,33.30,7.33
171.08,28.06,15.72,15.97,7.18,39.08,24.20,33.36,7.32
171.09,28.02,15.72,15.97,7.18,39.08,24.16,33.36,7.31
171.10,28.06,15.72,15.99,7.18,39.16,24.23,33.36,7.32
171.11,28.11,15.72,15.97,7.17,39.16,24.20,33.36,7.32
171.12,28.11,15.74,15.97,7.18,39.24,24.20,33.36,7.32
171.13,28.06,15.74,15.99,7.17,39.16,24.23,33.36,7.32
171.14,28.11,15.77,15.99,7.18,39.24,24.20,33.42,7.33
171.15,28.11,15.77,15.97,7.17,39.24,24.23,33.36,7.32
171.16,28.11,15.74,16.01,7.18,39.24,24.20,33.42,7.33
171.17,28.11,15.74,16.01,7.18,39.24,24.27,33.42,7.33
171.18,28.11,15.74,15.99,7.18,39.24,24.27,33.42,7.33
171.19,28.16,15.74,15.99,7.18,39.32,24.23,33.48,7.33
171.20,28.11,15.77,16.01,7.18,39.24,24.27,33.48,7.33
171.21,28.16,15.77,16.01,7.18,39.24,24.27,33.42,7.33
171.22,28.16,15.77,16.01,7.18,39.32,24.27,33.54,7.33
171.23,28.16,15.77,16.01,7.18,39.32,24.31,33.54,7.33
171.24,28.11,15.77,16.04,7.18,39.32,24.31,33.54,7.33
171.25,28.16,15.81,16.01,7.18,39.32,24.31,33.48,7.32
171.26,28.16,15.79,16.01,7.18,39.40,24.35,33.48,7.33
171.27,28.20,15.79,16.04,7.20,39.40,24.31,33.54,7.33
171.28,28.20,15.81,16.04,7.19,39.40,24.31,33.60,7.33
171.29,28.20,15.79,16.04,7.19,39.40,24.35,33.54,7.32
171.30,28.20,15.77,16.04,7.18,39.40,24.35,33.54,7.32
171.31,28.20,15.81,16.08,7.19,39.48,24.39,33.60,7.33
171.32,28.20,15.81,16.06,7.18,39.48,24.39,33.60,7.33
171.33,28.20,15.79,16.08,7.18,39.48,24.39,33.60,7.32
171.34,28.25,15.81,16.06,7.18,39.48,24.39,33.60,7.33
171.35,28.25,15.83,16.06,7.18,39.48,24.39,33.66,7.34
171.36,28.25,15.81,16.08,7.18,39.48,24.39,33.66,7.33
171.37,28.30,15.81,16.06,7.19,39.48,24.39,33.60,7.34
171.38,28.30,15.81,16.08,7.18,39.55,24.43,33.66,7.34
171.39,28.30,15.81,16.08,7.18,39.55,24.39,33.66,7.33
171.40,28.30,15.85,16.10,7.18,39.55,24.43,33.66,7.33
171.41,28.30,15.81,16.08,7.20,39.63,24.43,33.72,7.33
171.42,28.30,15.85,16.10,7.18,39.63,24.46,33.66,7.33
171.43,28.30,15.85,16.10,7.19,39.55,24.43,33.72,7.33
171.44,28.35,15.83,16.12,7.20,39.63,24.50,33.72,7.33
171.45,28.30,15.85,16.10,7.19,39.63,24.50,33.72,7.33
171.46,28.30,15.85,16.12,7.19,39.63,24.43,33.78,7.33
171.47,28.35,15.83,16.12,7.19,39.63,24.46,33.78,7.33
171.48,28.35,15.87,16.12,7.19,39.71,24.46,33.78,7.33
171.49,28.30,15.85,16.12,7.19,39.63,24.50,33.72,7.33
171.50,28.35,15.85,16.12,7.19,39.71,24.54,33.78,7.33
171.51,28.39,15.87,16.12,7.19,39.71,24.54,33.78,7.35
171.52,28.39,15.85,16.12,7.19,39.71,24.54,33.78,7.33
171.53,28.39,15.87,16.14,7.19,39.71,24.50,33.84,7.34
171.54,28.39,15.85,16.14,7.19,39.71,24.54,33.84,7.33
171.55,28.39,15.87,16.12,7.20,39.79,24.54,33.91,7.34
171.56,28.35,15.87,16.14,7.19,39.79,24.58,33.91,7.34
171.57,28.49,15.85,16.14,7.19,39.87,24.58,33.84,7.34
171.58,28.44,15.89,16.19,7.19,39.87,24.58,33.84,7.33
171.59,28.44,15.87,16.12,7.19,39.79,24.58,33.91,7.34
171.60,28.44,15.89,16.21,7.20,39.87,24.58,33.91,7.34
171.61,28.44,15.89,16.17,7.20,39.87,24.58,33.91,7.33
171.62,28.44,15.89,16.17,7.19,39.87,24.62,33.91,7.34
171.63,28.44,15.89,16.19,7.20,39.95,24.62,33.97,7.33
171.64,28.49,15.92,16.19,7.19,39.95,24.62,33.91,7.34
171.65,28.49,15.92,16.21,7.19,39.87,24.66,33.97,7.34
171.66,28.49,15.89,16.19,7.20,39.87,24.66,33.97,7.33
171.67,28.49,15.92,16.19,7.19,40.03,24.66,33.97,7.34
171.68,28.54,15.92,16.17,7.19,39.95,24.66,33.97,7.33
171.69,28.49,15.92,16.19,7.20,39.95,24.66,33.97,7.34
171.70,28.49,15.94,16.21,7.19,40.03,24.66,34.09,7.34
171.71,28.54,15.94,16.23,7.20,40.03,24.66,33.97,7.33
171.72,28.54,15.92,16.21,7.20,40.03,24.69,34.03,7.34
171.73,28.54,15.94,16.21,7.20,40.03,24.69,34.03,7.33
171.74,28.54,15.94,16.21,7.20,40.03,24.69,34.09,7.34
171.75,28.54,15.94,16.23,7.20,40.03,24.69,34.03,7.33
171.76,28.58,15.94,16.23,7.20,40.03,24.69,34.03,7.33
171.77,28.58,15.94,16.25,7.20,40.03,24.69,34.09,7.35
171.78,28.58,15.94,16.25,7.20,40.03,24.73,34.09,7.34
171.79,28.58,15.94,16.23,7.20,40.11,24.73,34.09,7.34
171.80,28.58,15.94,16.25,7.20,40.19,24.77,34.09,7.35
171.81,28.58,15.96,16.25,7.19,40.11,24.73,34.16,7.34
171.82,28.58,15.94,16.25,7.20,40.11,24.77,34.16,7.35
171.83,28.58,15.96,16.28,7.20,40.19,24.77,34.09,7.34
171.84,28.63,15.98,16.25,7.20,40.11,24.77,34.16,7.34
171.85,28.58,15.98,16.25,7.20,40.19,24.81,34.16,7.33
171.86,28.63,15.96,16.25,7.20,40.19,24.81,34.16,7.35
171.87,28.63,15.98,16.28,7.20,40.27,24.81,34.16,7.34
171.88,28.63,15.98,16.28,7.21,40.27,24.85,34.16,7.35
171.89,28.68,15.98,16.28,7.20,40.19,24.81,34.22,7.35
171.90,28.68,16.00,16.28,7.19,40.27,24.85,34.22,7.34
171.91,28.68,15.98,16.28,7.20,40.27,24.85,34.22,7.34
171.92,28.68,16.00,16.30,7.20,40.27,24.85,34.22,7.34
171.93,28.68,15.98,16.30,7.20,40.36,24.85,34.22,7.35
171.94,28.68,15.98,16.30,7.20,40.27,24.89,34.28,7.34
171.95,28.68,15.98,16.28,7.20,40.36,24.89,34.28,7.35
171.96,28.73,16.02,16.30,7.21,40.36,24.89,34.22,7.34
171.97,28.68,16.02,16.30,7.20,40.36,24.89,34.28,7.33
171.98,28.73,16.00,16.30,7.20,40.44,24.89,34.28,7.34
171.99,28.73,16.00,16.32,7.21,40.36,24.89,34.28,7.34
172.00,28.73,16.00,16.30,7.22,40.44,24.89,34.28,7.34
172.01,28.73,16.00,16.30,7.20,40.44,24.93,34.34,7.34
172.02,28.73,16.00,16.32,7.21,40.44,24.89,34.34,7.34
172.03,28.73,16.02,16.32,7.20,40.36,24.89,34.34,7.34
172.04,28.78,16.02,16.34,7.22,40.44,24.97,34.34,7.34
172.05,28.78,16.02,16.32,7.22,40.52,24.97,34.34,7.35
172.06,28.78,16.02,16.32,7.20,40.44,24.97,34.41,7.33
172.07,28.78,16.02,16.34,7.22,40.52,24.93,34.41,7.34
172.08,28.78,16.02,16.34,7.21,40.52,24.97,34.41,7.35
172.09,28.78,16.05,16.34,7.21,40.52,24.97,34.41,7.35
172.10,28.78,16.05,16.34,7.22,40.52,25.01,34.41,7.34
172.11,28.82,16.05,16.34,7.21,40.52,24.97,34.47,7.35
172.12,28.78,16.05,16.34,7.20,40.60,25.01,34.47,7.35
172.13,28.78,16.05,16.37,7.21,40.60,25.01,34.47,7.34
172.14,28.82,16.05,16.37,7.21,40.60,25.01,34.47,7.35
172.15,28.82,16.05,16.37,7.22,40.60,25.01,34.47,7.34
172.16,28.82,16.07,16.37,7.21,40.69,25.01,34.47,7.34
172.17,28.87,16.07,16.37,7.21,40.60,25.01,34.47,7.35
172.18,28.87,16.07,16.39,7.21,40.69,25.05,34.47,7.35
172.19,28.87,16.07,16.37,7.21,40.69,25.01,34.53,7.35
172.20,28.87,16.07,16.39,7.21,40.69,25.05,34.53,7.34
172.21,28.87,16.07,16.39,7.22,40.69,25.05,34.53,7.34
172.22,28.87,16.07,16.39,7.21,40.77,25.09,34.53,7.34
172.23,28.92,16.09,16.39,7.22,40.77,25.12,34.53,7.35
172.24,28.87,16.07,16.41,7.21,40.69,25.09,34.60,7.35
172.25,28.92,16.09,16.41,7.22,40.77,25.09,34.53,7.35
172.26,28.92,16.09,16.39,7.22,40.69,25.12,34.53,7.35
172.27,28.92,16.09,16.39,7.21,40.77,25.12,34.60,7.36
172.28,28.97,16.11,16.41,7.23,40.85,25.12,34.60,7.35
172.29,28.97,16.09,16.41,7.22,40.77,25.09,34.60,7.35
172.30,28.92,16.09,16.43,7.22,40.85,25.12,34.60,7.35
172.31,28.97,16.09,16.43,7.22,40.85,25.12,34.66,7.35
172.32,28.97,16.11,16.41,7.21,40.85,25.20,34.66,7.35
172.33,28.97,16.09,16.46,7.22,40.85,25.16,34.66,7.35
172.34,28.97,16.11,16.43,7.22,40.85,25.20,34.66,7.35
172.35,28.97,16.11,16.46,7.22,40.85,25.16,34.66,7.34
172.36,29.02,16.11,16.43,7.22,40.85,25.20,34.73,7.35
172.37,28.97,16.11,16.43,7.22,40.93,25.20,34.73,7.34
172.38,28.97,16.11,16.46,7.23,40.93,25.20,34.73,7.35
172.39,29.02,16.11,16.46,7.22,41.02,25.20,34.73,7.35
172.40,29.02,16.11,16.46,7.22,40.93,25.24,34.73,7.36
172.41,29.02,16.11,16.46,7.21,40.93,25.24,34.73,7.35
172.42,29.02,16.13,16.46,7.22,41.02,25.24,34.73,7.35
172.43,29.07,16.16,16.48,7.21,41.02,25.24,34.79,7.35
172.44,29.07,16.16,16.48,7.22,41.02,25.24,34.79,7.36
172.45,29.07,16.13,16.48,7.22,41.02,25.24,34.79,7.35
172.46,29.07,16.13,16.48,7.23,41.02,25.28,34.79,7.35
172.47,29.12,16.16,16.48,7.23,41.10,25.28,34.79,7.35
172.48,29.07,16.11,16.48,7.22,41.10,25.28,34.79,7.35
172.49,29.07,16.13,16.48,7.23,41.02,25.28,34.86,7.37
172.50,29.07,16.16,16.48,7.22,41.10,25.28,34.86,7.36
172.51,29.12,16.18,16.50,7.23,41.10,25.32,34.86,7.36
172.52,29.12,16.13,16.50,7.22,41.10,25.32,34.86,7.35
172.53,29.12,16.20,16.50,7.22,41.10,25.32,34.79,7.35
172.54,29.12,16.16,16.52,7.22,41.10,25.32,34.86,7.35
172.55,29.12,16.18,16.50,7.23,41.19,25.36,34.92,7.35
172.56,29.17,16.18,16.50,7.23,41.19,25.36,34.92,7.35
172.57,29.17,16.16,16.52,7.23,41.19,25.36,34.92,7.36
172.58,29.12,16.16,16.50,7.23,41.19,25.36,34.92,7.36
172.59,29.17,16.20,16.52,7.22,41.27,25.36,34.92,7.36
172.60,29.17,16.18,16.52,7.23,41.27,25.44,34.99,7.35
172.61,29.17,16.18,16.52,7.24,41.27,25.36,34.99,7.36
172.62,29.22,16.20,16.55,7.24,41.27,25.40,34.92,7.36
172.63,29.17,16.18,16.55,7.23,41.27,25.44,34.99,7.35
172.64,29.12,16.18,16.55,7.22,41.27,25.40,34.99,7.36
172.65,29.22,16.16,16.57,7.22,41.35,25.40,34.99,7.35
172.66,29.22,16.20,16.55,7.23,41.35,25.40,35.05,7.36
172.67,29.22,16.22,16.57,7.24,41.35,25.44,35.05,7.36
172.68,29.22,16.22,16.57,7.24,41.35,25.48,35.05,7.36
172.69,29.22,16.22,16.55,7.24,41.35,25.44,35.12,7.37
172.70,29.27,16.20,16.59,7.24,41.44,25.48,35.05,7.36
172.71,29.27,16.22,16.57,7.23,41.35,25.48,35.05,7.35
172.72,29.27,16.25,16.57,7.23,41.44,25.48,35.05,7.35
172.73,29.27,16.22,16.57,7.23,41.44,25.48,35.12,7.35
172.74,29.27,16.22,16.59,7.23,41.44,25.48,35.12,7.36
172.75,29.27,16.22,16.57,7.24,41.44,25.48,35.05,7.36
172.76,29.32,16.25,16.61,7.24,41.44,25.52,35.12,7.36
172.77,29.27,16.22,16.57,7.23,41.44,25.48,35.12,7.35
172.78,29.27,16.22,16.59,7.24,41.53,25.57,35.18,7.36
172.79,29.32,16.25,16.61,7.23,41.53,25.52,35.18,7.36
172.80,29.32,16.25,16.59,7.23,41.53,25.52,35.18,7.37
172.81,29.32,16.25,16.59,7.23,41.61,25.57,35.18,7.36
172.82,29.32,16.25,16.61,7.24,41.61,25.57,35.18,7.36
172.83,29.27,16.25,16.61,7.23,41.61,25.57,35.25,7.36
172.84,29.37,16.25,16.64,7.24,41.53,25.57,35.18,7.36
172.85,29.32,16.27,16.61,7.23,41.61,25.57,35.18,7.36
172.86,29.37,16.25,16.64,7.24,41.61,25.61,35.25,7.36
172.87,29.37,16.27,16.66,7.23,41.61,25.61,35.18,7.36
172.88,29.37,16.27,16.61,7.23,41.61,25.61,35.25,7.37
172.89,29.37,16.27,16.64,7.24,41.70,25.61,35.31,7.37
172.90,29.37,16.27,16.64,7.24,41.61,25.61,35.18,7.36
172.91,29.37,16.27,16.64,7.24,41.61,25.65,35.31,7.36
172.92,29.37,16.27,16.64,7.24,41.70,25.61,35.31,7.36
172.93,29.37,16.29,16.66,7.24,41.70,25.65,35.31,7.37
172.94,29.37,16.29,16.64,7.24,41.70,25.65,35.25,7.37
172.95,29.47,16.29,16.66,7.23,41.78,25.69,35.31,7.37
172.96,29.42,16.29,16.66,7.24,41.70,25.65,35.38,7.36
172.97,29.42,16.29,16.66,7.23,41.78,25.69,35.31,7.35
172.98,29.42,16.29,16.66,7.24,41.70,25.69,35.38,7.36
172.99,29.47,16.29,16.66,7.24,41.78,25.73,35.38,7.37
173.00,29.47,16.31,16.66,7.24,41.78,25.69,35.38,7.37
173.01,29.47,16.29,16.66,7.24,41.78,25.73,35.38,7.37
173.02,29.47,16.31,16.68,7.24,41.87,25.73,35.45,7.37
173.03,29.47,16.33,16.68,7.24,41.78,25.73,35.45,7.37
173.04,29.42,16.31,16.68,7.24,41.87,25.73,35.45,7.36
173.05,29.47,16.33,16.68,7.24,41.87,25.77,35.45,7.35
173.06,29.52,16.31,16.71,7.25,41.87,25.73,35.45,7.37
173.07,29.52,16.31,16.68,7.24,41.87,25.81,35.45,7.36
173.08,29.52,16.31,16.71,7.24,41.96,25.77,35.51,7.37
173.09,29.52,16.31,16.71,7.25,41.96,25.77,35.45,7.36
173.10,29.52,16.33,16.71,7.25,41.96,25.81,35.45,7.37
173.11,29.52,16.33,16.71,7.24,41.87,25.81,35.45,7.36
173.12,29.57,16.33,16.71,7.25,41.96,25.81,35.51,7.36
173.13,29.52,16.33,16.71,7.24,41.96,25.81,35.51,7.37
173.14,29.57,16.36,16.71,7.24,41.96,25.81,35.51,7.36
173.15,29.57,16.33,16.73,7.25,41.96,25.81,35.51,7.36
173.16,29.57,16.33,16.73,7.24,42.04,25.85,35.51,7.38
173.17,29.57,16.36,16.75,7.25,41.96,25.81,35.58,7.37
173.18,29.57,16.36,16.73,7.25,42.04,25.81,35.58,7.37
173.19,29.57,16.38,16.73,7.25,42.04,25.85,35.58,7.37
173.20,29.57,16.36,16.75,7.25,42.04,25.85,35.58,7.36
173.21,29.62,16.33,16.75,7.24,42.04,25.85,35.65,7.36
173.22,29.57,16.36,16.73,7.24,42.04,25.85,35.58,7.36
173.23,29.62,16.38,16.78,7.24,42.04,25.89,35.65,7.37
173.24,29.62,16.36,16.78,7.25,42.04,25.89,35.65,7.36
173.25,29.62,16.36,16.75,7.24,42.13,25.89,35.65,7.37
173.26,29.62,16.38,16.75,7.25,42.13,25.89,35.65,7.36
173.27,29.67,16.38,16.78,7.25,42.22,25.89,35.65,7.38
173.28,29.67,16.40,16.78,7.24,42.22,25.93,35.71,7.37
173.29,29.67,16.38,16.75,7.24,42.22,25.93,35.65,7.37
173.30,29.67,16.38,16.75,7.25,42.22,25.89,35.71,7.38
173.31,29.67,16.38,16.78,7.25,42.31,25.98,35.65,7.38
173.32,29.67,16.38,16.78,7.25,42.22,25.93,35.71,7.37
173.33,29.67,16.40,16.80,7.25,42.31,25.98,35.71,7.37
173.34,29.72,16.40,16.78,7.25,42.22,25.98,35.71,7.38
173.35,29.72,16.40,16.78,7.25,42.22,25.98,35.78,7.37
173.36,29.67,16.40,16.78,7.25,42.22,25.98,35.78,7.37
173.37,29.67,16.40,16.80,7.25,42.31,26.02,35.78,7.37
173.38,29.72,16.40,16.80,7.25,42.31,26.02,35.71,7.37
173.39,29.72,16.42,16.80,7.25,42.31,26.02,35.85,7.38
173.40,29.72,16.42,16.82,7.25,42.31,26.02,35.85,7.37
173.41,29.72,16.42,16.80,7.25,42.31,26.02,35.78,7.37
173.42,29.72,16.42,16.82,7.25,42.40,26.02,35.78,7.37
173.43,29.77,16.42,16.82,7.25,42.40,26.06,35.85,7.38
173.44,29.77,16.40,16.84,7.25,42.31,26.06,35.85,7.38
173.45,29.77,16.40,16.84,7.25,42.40,26.06,35.85,7.38
173.46,29.77,16.42,16.84,7.25,42.40,26.10,35.85,7.37
173.47,29.77,16.45,16.82,7.25,42.40,26.10,35.85,7.38
173.48,29.77,16.45,16.84,7.25,42.48,26.10,35.85,7.38
173.49,29.77,16.42,16.84,7.25,42.48,26.06,35.85,7.37
173.50,29.82,16.45,16.82,7.26,42.48,26.10,35.91,7.37
173.51,29.77,16.42,16.84,7.25,42.40,26.14,35.91,7.37
173.52,29.77,16.45,16.87,7.25,42.48,26.14,35.91,7.38
173.53,29.82,16.45,16.84,7.25,42.57,26.14,35.98,7.38
173.54,29.82,16.47,16.84,7.25,42.48,26.14,35.98,7.37
173.55,29.82,16.47,16.87,7.25,42.48,26.14,35.98,7.37
173.56,29.82,16.47,16.84,7.25,42.57,26.10,35.98,7.37
173.57,29.82,16.47,16.89,7.25,42.57,26.14,35.98,7.38
173.58,29.87,16.47,16.87,7.25,42.57,26.14,35.98,7.37
173.59,29.87,16.47,16.89,7.25,42.57,26.14,35.98,7.37
173.60,29.87,16.49,16.89,7.25,42.66,26.19,35.98,7.37
173.61,29.87,16.47,16.89,7.25,42.57,26.19,36.05,7.38
173.62,29.82,16.47,16.89,7.25,42.66,26.14,35.98,7.38
173.63,29.87,16.49,16.87,7.25,42.66,26.19,36.05,7.38
173.64,29.87,16.49,16.89,7.25,42.66,26.23,36.05,7.38
173.65,29.87,16.49,16.91,7.26,42.66,26.23,36.05,7.38
173.66,29.92,16.51,16.89,7.26,42.66,26.19,36.05,7.38
173.67,29.92,16.49,16.91,7.25,42.66,26.23,36.05,7.38
173.68,29.92,16.49,16.89,7.25,42.66,26.23,36.12,7.38
173.69,29.92,16.49,16.91,7.25,42.75,26.27,36.12,7.37
173.70,29.92,16.49,16.91,7.25,42.75,26.23,36.12,7.38
173.71,29.92,16.51,16.91,7.26,42.75,26.23,36.19,7.38
173.72,29.97,16.49,16.91,7.25,42.75,26.27,36.12,7.37
173.73,29.92,16.51,16.91,7.25,42.75,26.27,36.12,7.37
173.74,29.97,16.51,16.91,7.25,42.75,26.31,36.12,7.38
173.75,29.92,16.51,16.91,7.26,42.84,26.31,36.19,7.38
173.76,29.97,16.51,16.94,7.26,42.84,26.31,36.12,7.37
173.77,29.97,16.49,16.94,7.26,42.84,26.31,36.19,7.38
173.78,29.97,16.51,16.94,7.26,42.84,26.31,36.19,7.38
173.79,29.97,16.54,16.96,7.26,42.84,26.36,36.19,7.38
173.80,30.03,16.51,16.98,7.25,42.84,26.36,36.26,7.38
173.81,29.97,16.51,16.94,7.25,42.93,26.36,36.19,7.38
173.82,30.03,16.54,16.94,7.27,42.93,26.31,36.26,7.38
173.83,29.97,16.54,16.94,7.26,42.93,26.31,36.26,7.38
173.84,30.03,16.54,16.94,7.25,42.93,26.36,36.26,7.38
173.85,29.97,16.51,16.96,7.25,42.93,26.40,36.26,7.38
173.86,30.03,16.51,16.96,7.27,42.93,26.40,36.26,7.38
173.87,30.03,16.54,16.96,7.25,42.93,26.40,36.32,7.38
173.88,30.08,16.56,16.98,7.26,43.02,26.44,36.26,7.38
173.89,30.08,16.56,16.98,7.26,43.02,26.40,36.32,7.38
173.90,30.03,16.56,16.98,7.27,43.02,26.40,36.26,7.38
173.91,30.03,16.56,16.98,7.26,43.02,26.40,36.32,7.38
173.92,30.03,16.56,16.98,7.26,43.02,26.40,36.32,7.38
173.93,30.03,16.56,16.96,7.26,43.11,26.44,36.39,7.38
173.94,30.03,16.56,17.01,7.27,43.11,26.44,36.39,7.38
173.95,30.03,16.58,16.98,7.26,43.02,26.44,36.32,7.38
173.96,30.08,16.58,17.01,7.27,43.11,26.48,36.39,7.38
173.97,30.08,16.58,17.03,7.27,43.11,26.48,36.39,7.38
173.98,30.13,16.58,16.98,7.26,43.11,26.48,36.39,7.38
173.99,30.13,16.58,16.98,7.26,43.11,26.48,36.39,7.38
174.00,30.13,16.56,17.03,7.27,43.11,26.48,36.46,7.38
174.01,30.13,16.58,17.03,7.26,43.11,26.48,36.39,7.38
174.02,30.13,16.58,17.03,7.26,43.20,26.53,36.46,7.38
174.03,30.13,16.58,17.03,7.27,43.29,26.48,36.46,7.38
174.04,30.18,16.60,17.03,7.26,43.20,26.53,36.46,7.38
174.05,30.13,16.60,17.03,7.26,43.20,26.48,36.46,7.38
174.06,30.18,16.60,17.03,7.27,43.20,26.53,36.46,7.38
174.07,30.13,16.60,17.03,7.27,43.29,26.53,36.53,7.38
174.08,30.18,16.60,17.03,7.27,43.29,26.57,36.32,7.38
174.09,30.13,16.60,17.03,7.26,43.29,26.57,36.60,7.38
174.10,30.18,16.60,17.06,7.26,43.29,26.57,36.53,7.38
174.11,30.18,16.60,17.08,7.27,43.29,26.57,36.53,7.38
174.12,30.23,16.63,17.06,7.27,43.29,26.61,36.53,7.38
174.13,30.23,16.60,17.08,7.27,43.29,26.61,36.53,7.38
174.14,30.23,16.60,17.03,7.27,43.38,26.57,36.53,7.38
174.15,30.23,16.60,17.06,7.28,43.38,26.61,36.53,7.38
174.16,30.23,16.63,17.08,7.28,43.29,26.61,36.53,7.38
174.17,30.23,16.63,17.06,7.27,43.38,26.61,36.60,7.38
174.18,30.23,16.63,17.06,7.27,43.48,26.66,36.60,7.38
174.19,30.23,16.63,17.08,7.27,43.38,26.66,36.60,7.38
174.20,30.23,16.63,17.08,7.27,43.38,26.70,36.60,7.38
174.21,30.29,16.65,17.06,7.26,43.48,26.66,36.60,7.38
174.22,30.29,16.65,17.06,7.27,43.38,26.66,36.67,7.38
174.23,30.29,16.65,17.10,7.27,43.48,26.66,36.60,7.38
174.24,30.29,16.65,17.10,7.27,43.48,26.66,36.67,7.38
174.25,30.29,16.63,17.10,7.28,43.48,26.70,36.74,7.39
174.26,30.29,16.65,17.10,7.27,43.48,26.66,36.74,7.38
174.27,30.29,16.65,17.10,7.27,43.48,26.74,36.67,7.38
174.28,30.34,16.65,17.10,7.27,43.48,26.74,36.67,7.38
174.29,30.34,16.65,17.10,7.27,43.48,26.70,36.67,7.39
174.30,30.34,16.65,17.13,7.27,43.48,26.74,36.74,7.38
174.31,30.34,16.65,17.10,7.27,43.57,26.74,36.67,7.38
174.32,30.34,16.65,17.13,7.29,43.48,26.74,36.74,7.38
174.33,30.34,16.67,17.10,7.27,43.57,26.74,36.81,7.38
174.34,30.34,16.67,17.13,7.27,43.57,26.74,36.74,7.38
174.35,30.34,16.67,17.13,7.27,43.57,26.79,36.74,7.39
174.36,30.34,16.67,17.13,7.27,43.57,26.79,36.74,7.38
174.37,30.34,16.67,17.15,7.28,43.66,26.79,36.81,7.38
174.38,30.39,16.67,17.13,7.28,43.57,26.79,36.81,7.38
174.39,30.39,16.70,17.15,7.27,43.66,26.79,36.81,7.38
174.40,30.39,16.67,17.13,7.29,43.66,26.83,36.81,7.38
174.41,30.39,16.70,17.15,7.29,43.66,26.79,36.81,7.38
174.42,30.39,16.70,17.13,7.27,43.75,26.83,36.81,7.38
174.43,30.39,16.70,17.15,7.28,43.66,26.83,36.81,7.38
174.44,30.39,16.70,17.13,7.29,43.75,26.83,36.81,7.39
174.45,30.39,16.70,17.15,7.27,43.75,26.83,36.88,7.38
174.46,30.44,16.70,17.15,7.29,43.75,26.83,36.81,7.38
174.47,30.44,16.72,17.17,7.29,43.75,26.83,36.88,7.39
174.48,30.39,16.70,17.17,7.28,43.75,26.87,36.88,7.39
174.49,30.44,16.72,17.17,7.28,43.75,26.87,36.88,7.39
174.50,30.50,16.72,17.17,7.27,43.75,26.87,36.88,7.39
174.51,30.44,16.74,17.17,7.28,43.85,26.83,36.95,7.39
174.52,30.44,16.70,17.17,7.28,43.85,26.92,36.88,7.38
174.53,30.44,16.72,17.20,7.28,43.85,26.92,36.95,7.39
174.54,30.44,16.72,17.22,7.28,43.85,26.92,36.88,7.38
174.55,30.50,16.74,17.22,7.28,43.85,26.92,36.95,7.39
174.56,30.44,16.72,17.22,7.29,43.85,26.92,36.95,7.38
174.57,30.50,16.72,17.20,7.29,43.85,26.92,36.95,7.39
174.58,30.50,16.74,17.17,7.28,43.94,26.92,37.02,7.40
174.59,30.50,16.72,17.20,7.28,43.94,26.92,37.02,7.39
174.60,30.50,16.74,17.20,7.28,43.94,26.96,36.95,7.38
174.61,30.50,16.74,17.20,7.28,43.94,27.00,37.02,7.38
174.62,30.50,16.74,17.22,7.29,44.03,27.00,37.02,7.39
174.63,30.50,16.74,17.22,7.28,43.94,27.00,37.09,7.39
174.64,30.55,16.74,17.20,7.29,44.03,27.00,37.09,7.39
174.65,30.55,16.74,17.25,7.28,44.03,27.00,37.09,7.40
174.66,30.55,16.76,17.22,7.28,43.94,27.00,37.09,7.39
174.67,30.55,16.76,17.22,7.29,44.03,27.00,37.09,7.40
174.68,30.55,16.76,17.25,7.30,44.03,27.00,37.09,7.38
174.69,30.55,16.74,17.25,7.28,44.03,27.00,37.09,7.39
174.70,30.55,16.76,17.25,7.29,44.13,27.05,37.17,7.39
174.71,30.55,16.76,17.27,7.29,44.13,27.05,37.17,7.40
174.72,30.60,16.76,17.25,7.29,44.03,27.05,37.09,7.39
174.73,30.55,16.76,17.22,7.29,44.13,27.05,37.09,7.39
174.74,30.60,16.76,17.25,7.29,44.13,27.09,37.17,7.39
174.75,30.60,16.79,17.25,7.29,44.13,27.14,37.17,7.40
174.76,30.60,16.79,17.25,7.29,44.13,27.05,37.17,7.40
174.77,30.60,16.76,17.29,7.29,44.13,27.09,37.24,7.40
174.78,30.60,16.79,17.27,7.29,44.03,27.09,37.17,7.39
174.79,30.60,16.79,17.27,7.29,44.13,27.09,37.17,7.40
174.80,30.60,16.79,17.27,7.29,44.22,27.09,37.17,7.40
174.81,30.60,16.79,17.27,7.29,44.22,27.14,37.24,7.40
174.82,30.65,16.79,17.27,7.29,44.22,27.14,37.24,7.39
174.83,30.60,16.79,17.27,7.29,44.22,27.18,37.24,7.39
174.84,30.65,16.79,17.27,7.31,44.22,27.14,37.24,7.39
174.85,30.65,16.79,17.29,7.30,44.22,27.18,37.24,7.39
174.86,30.65,16.79,17.29,7.29,44.22,27.18,37.31,7.38
174.87,30.65,16.81,17.29,7.29,44.22,27.14,37.31,7.40
174.88,30.65,16.79,17.29,7.29,44.32,27.18,37.24,7.40
174.89,30.65,16.81,17.32,7.29,44.32,27.18,37.31,7.39
174.90,30.71,16.83,17.29,7.29,44.32,27.18,37.24,7.40
174.91,30.65,16.81,17.32,7.29,44.32,27.18,37.24,7.39
174.92,30.65,16.83,17.32,7.29,44.41,27.18,37.31,7.39
174.93,30.71,16.83,17.29,7.30,44.41,27.23,37.38,7.39
174.94,30.71,16.81,17.29,7.28,44.32,27.23,37.31,7.40
174.95,30.71,16.83,17.32,7.29,44.41,27.23,37.38,7.40
174.96,30.71,16.83,17.32,7.29,44.41,27.23,37.38,7.40
174.97,30.71,16.86,17.34,7.30,44.41,27.23,37.38,7.39
174.98,30.76,16.83,17.32,7.30,44.41,27.23,37.38,7.39
174.99,30.76,16.83,17.34,7.29,44.41,27.27,37.38,7.40
175.00,30.76,16.83,17.32,7.29,44.41,27.31,37.38,7.40
175.01,30.76,16.83,17.34,7.30,44.51,27.27,37.45,7.40
175.02,30.76,16.83,17.32,7.30,44.51,27.31,37.38,7.41
175.03,30.76,16.83,17.34,7.31,44.41,27.31,37.38,7.39
175.04,30.76,16.86,17.34,7.30,44.60,27.27,37.45,7.40
175.05,30.76,16.86,17.34,7.30,44.51,27.27,37.45,7.40
175.06,30.76,16.86,17.34,7.30,44.60,27.31,37.45,7.41
175.07,30.76,16.86,17.37,7.29,44.60,27.31,37.45,7.40
175.08,30.82,16.86,17.37,7.29,44.60,27.31,37.45,7.39
175.09,30.82,16.86,17.37,7.30,44.60,27.31,37.45,7.39
175.10,30.76,16.88,17.37,7.30,44.51,27.27,37.60,7.40
175.11,30.82,16.86,17.37,7.30,44.60,27.31,37.53,7.40
175.12,30.82,16.88,17.37,7.30,44.60,27.36,37.45,7.40
175.13,30.82,16.86,17.37,7.30,44.60,27.36,37.53,7.40
175.14,30.82,16.88,17.37,7.30,44.60,27.36,37.53,7.40
175.15,30.82,16.86,17.39,7.29,44.60,27.40,37.53,7.40
175.16,30.82,16.86,17.37,7.30,44.60,27.40,37.53,7.40
175.17,30.87,16.88,17.39,7.31,44.70,27.40,37.53,7.40
175.18,30.82,16.88,17.39,7.30,44.70,27.40,37.60,7.40
175.19,30.87,16.88,17.39,7.31,44.70,27.45,37.60,7.40
175.20,30.82,16.88,17.39,7.30,44.60,27.40,37.60,7.41
175.21,30.87,16.88,17.39,7.30,44.80,27.40,37.67,7.41
175.22,30.87,16.88,17.39,7.31,44.70,27.40,37.60,7.40
175.23,30.87,16.88,17.41,7.30,44.80,27.45,37.60,7.40
175.24,30.87,16.90,17.41,7.31,44.80,27.45,37.60,7.40
175.25,30.87,16.88,17.41,7.31,44.80,27.45,37.67,7.41
175.26,30.92,16.90,17.39,7.31,44.80,27.49,37.60,7.40
175.27,30.92,16.93,17.41,7.30,44.80,27.49,37.60,7.40
175.28,30.92,16.90,17.44,7.31,44.80,27.49,37.67,7.40
175.29,30.87,16.93,17.41,7.31,44.89,27.49,37.67,7.40
175.30,30.92,16.90,17.41,7.31,44.80,27.49,37.67,7.40
175.31,30.92,16.93,17.44,7.31,44.89,27.49,37.74,7.41
175.32,30.92,16.95,17.44,7.31,44.89,27.54,37.74,7.41
175.33,30.92,16.93,17.46,7.30,44.89,27.54,37.67,7.40
175.34,30.92,16.90,17.44,7.31,44.89,27.49,37.74,7.41
175.35,30.98,16.93,17.46,7.31,44.99,27.54,37.82,7.40
175.36,30.98,16.93,17.46,7.32,44.89,27.54,37.74,7.39
175.37,30.98,16.95,17.46,7.30,44.99,27.54,37.74,7.40
175.38,30.98,16.93,17.46,7.31,44.89,27.59,37.82,7.41
175.39,30.98,16.93,17.44,7.32,44.89,27.54,37.74,7.40
175.40,31.03,16.93,17.44,7.31,44.99,27.59,37.74,7.40
175.41,30.98,16.93,17.44,7.31,44.99,27.54,37.82,7.42
175.42,31.03,16.95,17.46,7.31,44.99,27.59,37.82,7.40
175.43,31.03,16.95,17.44,7.31,44.99,27.59,37.82,7.40
175.44,31.03,16.97,17.46,7.31,44.99,27.59,37.89,7.41
175.45,31.03,16.95,17.49,7.32,44.99,27.63,37.89,7.41
175.46,30.98,16.95,17.49,7.31,45.09,27.63,37.82,7.41
175.47,31.03,16.95,17.49,7.31,44.99,27.63,37.89,7.40
175.48,31.03,16.95,17.46,7.31,45.09,27.63,37.89,7.41
175.49,31.03,16.95,17.49,7.31,45.09,27.68,37.89,7.40
175.50,31.03,16.95,17.49,7.31,45.09,27.63,37.89,7.41
175.51,31.03,16.95,17.49,7.31,45.19,27.63,37.89,7.41
175.52,31.09,16.97,17.49,7.31,45.09,27.68,37.89,7.42
175.53,31.03,16.97,17.49,7.31,45.09,27.63,37.89,7.41
175.54,31.03,16.97,17.51,7.31,45.09,27.68,37.89,7.42
175.55,31.09,17.00,17.49,7.31,45.19,27.68,37.97,7.42
175.56,31.09,16.97,17.49,7.31,45.19,27.72,37.97,7.40
175.57,31.09,17.00,17.51,7.31,45.19,27.68,37.97,7.42
175.58,31.09,17.00,17.51,7.31,45.28,27.72,37.97,7.42
175.59,31.09,16.97,17.51,7.32,45.09,27.72,37.97,7.41
175.60,31.09,16.97,17.51,7.32,45.19,27.72,37.97,7.40
175.61,31.09,16.97,17.51,7.32,45.28,27.72,37.97,7.41
175.62,31.09,17.00,17.51,7.31,45.19,27.72,37.97,7.41
175.63,31.14,17.00,17.51,7.33,45.28,27.77,38.04,7.41
175.64,31.09,16.97,17.54,7.31,45.28,27.77,37.97,7.42
175.65,31.09,16.97,17.54,7.31,45.28,27.77,38.04,7.41
175.66,31.14,17.02,17.54,7.31,45.28,27.81,38.04,7.41
175.67,31.14,17.00,17.54,7.32,45.28,27.77,38.04,7.41
175.68,31.14,17.00,17.54,7.33,45.28,27.77,38.11,7.41
175.69,31.14,17.00,17.56,7.32,45.28,27.77,38.04,7.41
175.70,31.19,17.00,17.54,7.31,45.38,27.81,38.11,7.41
175.71,31.14,17.00,17.54,7.31,45.38,27.81,38.11,7.41
175.72,31.14,17.02,17.56,7.31,45.38,27.81,38.04,7.41
175.73,31.19,17.02,17.54,7.32,45.38,27.81,38.11,7.41
175.74,31.19,17.00,17.56,7.32,45.38,27.81,38.11,7.42
175.75,31.14,17.02,17.56,7.32,45.38,27.86,38.11,7.41
175.76,31.19,17.02,17.56,7.32,45.38,27.86,38.11,7.41
175.77,31.19,17.02,17.58,7.32,45.38,27.91,38.19,7.41
175.78,31.19,17.02,17.58,7.31,45.38,27.91,38.19,7.42
175.79,31.19,17.02,17.56,7.32,45.48,27.86,38.19,7.41
175.80,31.19,17.04,17.58,7.31,45.58,27.91,38.26,7.42
175.81,31.19,17.02,17.58,7.32,45.48,27.91,38.19,7.41
175.82,31.19,17.02,17.58,7.32,45.48,27.91,38.19,7.42
175.83,31.25,17.02,17.56,7.32,45.58,27.91,38.26,7.42
175.84,31.25,17.02,17.61,7.33,45.48,27.91,38.19,7.41
175.85,31.25,17.04,17.58,7.32,45.48,27.91,38.19,7.42
175.86,31.25,17.04,17.58,7.32,45.48,27.91,38.26,7.42
175.87,31.25,17.04,17.58,7.33,45.58,27.91,38.19,7.41
175.88,31.25,17.04,17.61,7.32,45.58,27.95,38.26,7.42
175.89,31.25,17.04,17.58,7.33,45.58,27.95,38.26,7.42
175.90,31.25,17.04,17.61,7.32,45.58,27.95,38.26,7.42
175.91,31.25,17.07,17.61,7.33,45.58,27.95,38.34,7.42
175.92,31.25,17.07,17.61,7.34,45.58,28.00,38.26,7.42
175.93,31.30,17.04,17.61,7.33,45.68,27.95,38.26,7.42
175.94,31.30,17.07,17.61,7.32,45.68,28.00,38.26,7.41
175.95,31.30,17.07,17.61,7.33,45.68,28.00,38.34,7.42
175.96,31.36,17.07,17.63,7.33,45.68,28.00,38.34,7.41
175.97,31.36,17.07,17.63,7.32,45.68,28.00,38.34,7.42
175.98,31.30,17.07,17.63,7.32,45.78,28.00,38.34,7.42
175.99,31.36,17.09,17.63,7.33,45.68,28.00,38.41,7.42
176.00,31.25,17.07,17.66,7.33,45.68,28.04,38.41,7.42
176.01,31.30,17.07,17.63,7.32,45.78,28.00,38.34,7.42
176.02,31.36,17.07,17.66,7.33,45.78,28.04,38.41,7.41
176.03,31.36,17.07,17.66,7.33,45.78,28.09,38.41,7.42
176.04,31.36,17.09,17.63,7.33,45.78,28.09,38.34,7.42
176.05,31.36,17.09,17.66,7.34,45.78,28.04,38.41,7.42
176.06,31.41,17.09,17.66,7.33,45.78,28.09,38.41,7.43
176.07,31.36,17.07,17.66,7.33,45.78,28.09,38.41,7.42
176.08,31.36,17.09,17.66,7.34,45.78,28.09,38.41,7.41
176.09,31.36,17.11,17.66,7.33,45.78,28.04,38.41,7.43
176.10,31.36,17.09,17.66,7.33,45.88,28.09,38.49,7.42
176.11,31.36,17.11,17.66,7.34,45.88,28.14,38.49,7.43
176.12,31.41,17.09,17.66,7.33,45.88,28.14,38.49,7.43
176.13,31.36,17.09,17.68,7.33,45.78,28.14,38.49,7.42
176.14,31.41,17.11,17.66,7.33,45.88,28.09,38.49,7.42
176.15,31.41,17.11,17.71,7.33,45.88,28.18,38.49,7.43
176.16,31.41,17.11,17.68,7.34,45.88,28.14,38.49,7.42
176.17,31.41,17.09,17.71,7.33,45.88,28.14,38.56,7.42
176.18,31.41,17.11,17.68,7.34,45.88,28.14,38.56,7.42
176.19,31.47,17.11,17.68,7.34,45.98,28.18,38.56,7.43
176.20,31.41,17.14,17.71,7.33,45.98,28.28,38.56,7.42
176.21,31.47,17.14,17.68,7.34,45.98,28.23,38.56,7.43
176.22,31.47,17.11,17.71,7.35,45.98,28.18,38.56,7.42
176.23,31.47,17.11,17.71,7.35,45.88,28.14,38.56,7.42
176.24,31.47,17.11,17.71,7.33,45.98,28.18,38.56,7.42
176.25,31.47,17.14,17.71,7.34,46.08,28.23,38.56,7.42
176.26,31.47,17.14,17.71,7.33,46.08,28.18,38.64,7.43
176.27,31.47,17.14,17.71,7.34,46.08,28.23,38.56,7.41
176.28,31.47,17.14,17.71,7.34,45.98,28.23,38.56,7.42
176.29,31.47,17.14,17.73,7.33,46.08,28.23,38.64,7.42
176.30,31.47,17.16,17.73,7.34,46.08,28.23,38.64,7.42
176.31,31.47,17.14,17.73,7.34,46.18,28.28,38.64,7.42
176.32,31.47,17.16,17.73,7.35,46.08,28.28,38.64,7.42
176.33,31.47,17.16,17.73,7.34,46.18,28.23,38.72,7.42
176.34,31.52,17.16,17.76,7.34,46.18,28.28,38.64,7.43
176.35,31.52,17.16,17.73,7.34,46.08,28.28,38.72,7.42
176.36,31.52,17.16,17.76,7.34,46.18,28.28,38.72,7.43
176.37,31.52,17.14,17.76,7.34,46.18,28.28,38.72,7.43
176.38,31.52,17.16,17.71,7.34,46.18,28.32,38.72,7.43
176.39,31.47,17.16,17.76,7.33,46.18,28.28,38.64,7.42
176.40,31.52,17.16,17.76,7.34,46.18,28.32,38.72,7.42
176.41,31.58,17.16,17.73,7.34,46.18,28.37,38.72,7.43
176.42,31.58,17.18,17.78,7.34,46.18,28.37,38.72,7.43
176.43,31.52,17.16,17.76,7.33,46.29,28.32,38.87,7.44
176.44,31.58,17.16,17.76,7.35,46.18,28.32,38.72,7.43
176.45,31.58,17.16,17.76,7.34,46.29,28.37,38.72,7.44
176.46,31.58,17.18,17.78,7.33,46.39,28.32,38.95,7.43
176.47,31.58,17.16,17.78,7.35,46.29,28.37,38.87,7.43
176.48,31.58,17.16,17.78,7.34,46.29,28.37,38.79,7.42
176.49,31.58,17.18,17.81,7.35,46.29,28.37,38.79,7.43
176.50,31.58,17.18,17.78,7.34,46.39,28.42,38.87,7.44
176.51,31.64,17.18,17.81,7.34,46.39,28.37,38.87,7.43
176.52,31.64,17.18,17.78,7.35,46.39,28.42,38.79,7.42
176.53,31.64,17.21,17.78,7.34,46.39,28.42,38.87,7.43
176.54,31.64,17.21,17.81,7.35,46.29,28.42,38.87,7.42
176.55,31.64,17.18,17.81,7.35,46.39,28.42,38.87,7.44
176.56,31.64,17.18,17.78,7.34,46.39,28.42,38.87,7.43
176.57,31.64,17.21,17.78,7.34,46.39,28.47,38.87,7.42
176.58,31.64,17.21,17.81,7.34,46.39,28.47,38.87,7.43
176.59,31.69,17.21,17.81,7.36,46.39,28.47,38.87,7.42
176.60,31.64,17.18,17.81,7.34,46.49,28.47,38.87,7.44
176.61,31.69,17.18,17.81,7.36,46.49,28.47,38.95,7.43
176.62,31.69,17.21,17.83,7.34,46.49,28.47,38.95,7.43
176.63,31.69,17.21,17.81,7.34,46.49,28.47,38.95,7.43
176.64,31.69,17.21,17.81,7.35,46.49,28.47,38.95,7.44
176.65,31.69,17.21,17.83,7.34,46.49,28.47,38.95,7.42
176.66,31.69,17.23,17.83,7.35,46.49,28.47,38.95,7.43
176.67,31.69,17.23,17.81,7.35,46.59,28.52,38.95,7.44
176.68,31.69,17.21,17.86,7.35,46.59,28.56,38.95,7.43
176.69,31.69,17.23,17.86,7.35,46.59,28.52,39.02,7.42
176.70,31.69,17.23,17.86,7.35,46.59,28.52,39.02,7.43
176.71,31.69,17.26,17.86,7.34,46.59,28.61,39.02,7.43
176.72,31.69,17.23,17.86,7.35,46.59,28.56,39.02,7.43
176.73,31.69,17.23,17.83,7.35,46.59,28.56,39.02,7.43
176.74,31.75,17.26,17.86,7.35,46.59,28.56,39.02,7.43
176.75,31.75,17.26,17.86,7.35,46.70,28.56,39.02,7.43
176.76,31.75,17.26,17.88,7.35,46.70,28.56,39.10,7.43
176.77,31.75,17.23,17.83,7.36,46.70,28.56,39.10,7.43
176.78,31.80,17.26,17.86,7.35,46.70,28.61,39.10,7.43
176.79,31.75,17.26,17.86,7.37,46.70,28.61,39.10,7.44
176.80,31.80,17.23,17.88,7.35,46.70,28.61,39.10,7.43
176.81,31.80,17.26,17.88,7.37,46.70,28.61,39.10,7.43
176.82,31.80,17.23,17.88,7.37,46.70,28.66,39.10,7.44
176.83,31.80,17.28,17.88,7.35,46.70,28.61,39.10,7.44
176.84,31.80,17.26,17.88,7.35,46.70,28.66,39.18,7.44
176.85,31.80,17.26,17.88,7.35,46.70,28.66,39.10,7.43
176.86,31.80,17.26,17.88,7.35,46.70,28.66,39.10,7.43
176.87,31.80,17.30,17.91,7.35,46.80,28.66,39.18,7.44
176.88,31.75,17.26,17.88,7.35,46.80,28.66,39.18,7.45
176.89,31.80,17.28,17.91,7.36,46.80,28.66,39.18,7.44
176.90,31.80,17.28,17.91,7.35,46.80,28.66,39.18,7.43
176.91,31.80,17.26,17.88,7.35,46.80,28.71,39.26,7.44
176.92,31.80,17.28,17.88,7.37,46.91,28.71,39.18,7.43
176.93,31.86,17.30,17.91,7.36,46.91,28.71,39.26,7.43
176.94,31.86,17.28,17.91,7.36,46.91,28.71,39.26,7.44
176.95,31.86,17.30,17.91,7.35,46.91,28.66,39.26,7.43
176.96,31.80,17.30,17.88,7.35,46.91,28.71,39.18,7.44
176.97,31.86,17.30,17.91,7.36,46.80,28.75,39.26,7.44
176.98,31.86,17.30,17.93,7.35,46.91,28.75,39.26,7.43
176.99,31.92,17.28,17.93,7.36,47.01,28.75,39.18,7.44
177.00,31.86,17.28,17.91,7.36,46.91,28.75,39.26,7.44
177.01,31.86,17.28,17.93,7.36,46.91,28.75,39.26,7.43
177.02,31.92,17.28,17.91,7.35,47.01,28.80,39.33,7.44
177.03,31.92,17.30,17.93,7.37,46.91,28.75,39.33,7.44
177.04,31.92,17.30,17.91,7.35,47.01,28.80,39.33,7.44
177.05,31.92,17.30,17.93,7.35,47.01,28.80,39.33,7.45
177.06,31.92,17.30,17.93,7.36,47.01,28.80,39.33,7.44
177.07,31.92,17.33,17.96,7.37,47.01,28.80,39.33,7.43
177.08,31.92,17.33,17.96,7.37,47.01,28.85,39.33,7.44
177.09,31.92,17.30,17.96,7.36,47.01,28.85,39.33,7.44
177.10,31.92,17.33,17.96,7.36,47.01,28.85,39.33,7.45
177.11,31.92,17.33,17.96,7.35,47.01,28.80,39.33,7.44
177.12,31.97,17.30,17.93,7.36,47.01,28.85,39.33,7.44
177.13,31.92,17.30,17.96,7.37,47.11,28.85,39.41,7.44
177.14,31.92,17.33,17.98,7.36,47.11,28.90,39.41,7.44
177.15,31.97,17.33,17.96,7.36,47.11,28.90,39.41,7.43
177.16,31.92,17.30,17.96,7.37,47.11,28.85,39.49,7.44
177.17,31.97,17.30,17.96,7.37,47.11,28.90,39.41,7.44
177.18,31.97,17.33,17.98,7.37,47.11,28.90,39.41,7.44
177.19,31.97,17.35,17.98,7.36,47.22,28.90,39.41,7.44
177.20,31.97,17.35,17.98,7.35,47.22,28.95,39.49,7.44
177.21,31.97,17.35,17.98,7.36,47.22,28.90,39.49,7.44
177.22,31.97,17.33,17.98,7.36,47.22,28.95,39.49,7.45
177.23,31.97,17.33,17.98,7.37,47.22,28.95,39.49,7.45
177.24,31.97,17.35,17.98,7.36,47.22,28.90,39.49,7.43
177.25,32.03,17.38,18.01,7.36,47.33,28.95,39.49,7.44
177.26,32.03,17.35,18.01,7.38,47.22,29.00,39.49,7.45
177.27,32.03,17.35,17.98,7.37,47.22,29.00,39.49,7.44
177.28,31.97,17.35,18.01,7.37,47.33,29.00,39.49,7.45
177.29,32.03,17.38,18.01,7.36,47.22,29.00,39.57,7.44
177.30,32.03,17.35,18.01,7.36,47.22,28.95,39.49,7.46
177.31,32.03,17.35,18.01,7.36,47.33,29.00,39.57,7.44
177.32,32.09,17.35,18.01,7.38,47.33,28.95,39.57,7.46
177.33,32.03,17.35,18.01,7.36,47.43,29.05,39.57,7.44
177.34,32.09,17.38,18.03,7.37,47.33,29.00,39.65,7.45
177.35,32.03,17.35,18.01,7.37,47.33,29.05,39.57,7.45
177.36,32.03,17.35,18.06,7.37,47.43,29.09,39.65,7.45
177.37,32.03,17.35,18.03,7.37,47.43,29.00,39.57,7.45
177.38,32.09,17.38,18.01,7.37,47.43,29.05,39.65,7.45
177.39,32.09,17.38,18.03,7.36,47.43,29.05,39.65,7.44
177.40,32.09,17.38,18.03,7.37,47.43,29.05,39.65,7.44
177.41,32.09,17.40,18.03,7.36,47.43,29.05,39.65,7.45
177.42,32.09,17.38,18.03,7.36,47.43,29.09,39.73,7.45
177.43,32.09,17.40,18.06,7.37,47.43,29.05,39.65,7.44
177.44,32.14,17.43,18.06,7.37,47.43,29.09,39.65,7.45
177.45,32.09,17.40,18.06,7.37,47.43,29.09,39.73,7.45
177.46,32.14,17.38,18.06,7.38,47.54,29.05,39.73,7.44
177.47,32.14,17.40,18.06,7.37,47.43,29.05,39.65,7.44
177.48,32.03,17.40,18.03,7.37,47.43,29.09,39.73,7.44
177.49,32.20,17.40,18.06,7.37,47.54,29.14,39.73,7.44
177.50,32.14,17.40,18.08,7.37,47.54,29.09,39.73,7.45
177.51,32.14,17.43,18.08,7.37,47.64,29.14,39.81,7.45
177.52,32.14,17.43,18.08,7.37,47.64,29.14,39.73,7.45
177.53,32.14,17.40,18.06,7.37,47.64,29.14,39.73,7.45
177.54,32.14,17.40,18.08,7.38,47.64,29.19,39.81,7.45
177.55,32.14,17.43,18.06,7.37,47.64,29.14,39.81,7.44
177.56,32.14,17.40,18.06,7.37,47.54,29.14,39.73,7.44
177.57,32.20,17.43,18.08,7.38,47.54,29.19,39.81,7.45
177.58,32.20,17.40,18.08,7.37,47.75,29.19,39.81,7.45
177.59,32.20,17.43,18.08,7.38,47.64,29.19,39.81,7.45
177.60,32.14,17.45,18.08,7.37,47.64,29.19,39.81,7.46
177.61,32.20,17.45,18.06,7.38,47.64,29.19,39.81,7.45
177.62,32.20,17.45,18.11,7.38,47.75,29.19,39.89,7.46
177.63,32.20,17.43,18.08,7.37,47.64,29.19,39.81,7.45
177.64,32.20,17.43,18.11,7.37,47.64,29.24,39.89,7.44
177.65,32.20,17.45,18.11,7.38,47.75,29.24,39.89,7.44
177.66,32.20,17.43,18.11,7.37,47.75,29.24,39.89,7.45
177.67,32.26,17.45,18.11,7.37,47.75,29.24,39.89,7.45
177.68,32.20,17.43,18.11,7.39,47.86,29.24,39.89,7.45
177.69,32.26,17.43,18.11,7.38,47.75,29.24,39.97,7.45
177.70,32.26,17.45,18.11,7.39,47.75,29.24,39.89,7.45
177.71,32.26,17.47,18.13,7.39,47.75,29.29,39.97,7.45
177.72,32.26,17.45,18.11,7.38,47.75,29.29,39.89,7.44
177.73,32.26,17.45,18.13,7.37,47.86,29.34,39.89,7.44
177.74,32.26,17.45,18.13,7.39,47.86,29.29,39.97,7.45
177.75,32.26,17.45,18.13,7.37,47.86,29.29,39.89,7.46
177.76,32.26,17.45,18.11,7.37,47.86,29.29,39.89,7.46
177.77,32.26,17.45,18.13,7.38,47.86,29.29,39.97,7.46
177.78,32.32,17.45,18.16,7.38,47.86,29.34,39.97,7.45
177.79,32.32,17.47,18.16,7.38,47.97,29.34,39.97,7.45
177.80,32.26,17.45,18.16,7.37,47.86,29.34,39.97,7.45
177.81,32.32,17.47,18.16,7.38,47.86,29.34,39.97,7.45
177.82,32.32,17.47,18.16,7.38,47.86,29.39,39.97,7.45
177.83,32.26,17.47,18.16,7.37,47.97,29.39,40.05,7.45
177.84,32.32,17.47,18.16,7.38,47.97,29.39,40.05,7.45
177.85,32.32,17.47,18.16,7.37,47.97,29.44,40.05,7.45
177.86,32.32,17.45,18.13,7.37,47.97,29.39,40.05,7.45
177.87,32.32,17.47,18.16,7.38,47.97,29.39,40.05,7.46
177.88,32.32,17.50,18.16,7.39,48.08,29.34,40.05,7.46
177.89,32.32,17.45,18.16,7.38,48.08,29.39,40.13,7.46
177.90,32.32,17.47,18.16,7.38,48.08,29.39,40.13,7.46
177.91,32.32,17.50,18.18,7.39,47.97,29.44,40.13,7.46
177.92,32.37,17.50,18.18,7.38,48.08,29.44,40.13,7.46
177.93,32.37,17.50,18.18,7.38,47.97,29.39,40.13,7.46
177.94,32.37,17.50,18.18,7.38,48.08,29.44,40.13,7.46
177.95,32.37,17.50,18.18,7.38,48.08,29.44,40.13,7.46
177.96,32.37,17.52,18.16,7.38,48.08,29.49,40.13,7.45
177.97,32.37,17.52,18.21,7.38,48.08,29.44,40.21,7.46
177.98,32.43,17.50,18.21,7.39,48.18,29.44,40.13,7.46
177.99,32.37,17.50,18.18,7.38,48.08,29.49,40.13,7.46
178.00,32.37,17.50,18.18,7.39,48.08,29.49,40.21,7.46
178.01,32.43,17.50,18.21,7.39,48.08,29.49,40.13,7.46
178.02,32.43,17.52,18.18,7.38,48.18,29.49,40.13,7.46
178.03,32.37,17.50,18.21,7.39,48.18,29.49,40.21,7.46
178.04,32.37,17.52,18.18,7.39,48.18,29.49,40.21,7.46
178.05,32.43,17.52,18.21,7.39,48.18,29.54,40.21,7.46
178.06,32.43,17.52,18.21,7.39,48.18,29.54,40.29,7.45
178.07,32.43,17.52,18.21,7.39,48.18,29.49,40.21,7.46
178.08,32.43,17.55,18.24,7.39,48.18,29.54,40.29,7.46
178.09,32.43,17.52,18.21,7.39,48.29,29.54,40.21,7.47
178.10,32.43,17.55,18.21,7.39,48.29,29.59,40.29,7.46
178.11,32.49,17.55,18.24,7.39,48.29,29.59,40.29,7.46
178.12,32.49,17.55,18.21,7.39,48.29,29.49,40.29,7.46
178.13,32.43,17.55,18.24,7.39,48.29,29.64,40.29,7.45
178.14,32.43,17.55,18.21,7.39,48.29,29.54,40.21,7.47
178.15,32.49,17.55,18.21,7.39,48.40,29.59,40.29,7.46
178.16,32.49,17.55,18.26,7.39,48.29,29.64,40.29,7.45
178.17,32.43,17.55,18.26,7.40,48.29,29.59,40.37,7.47
178.18,32.49,17.52,18.24,7.40,48.29,29.59,40.37,7.46
178.19,32.49,17.55,18.24,7.40,48.40,29.59,40.29,7.46
178.20,32.49,17.55,18.26,7.39,48.29,29.59,40.29,7.46
178.21,32.49,17.55,18.24,7.40,48.40,29.64,40.37,7.46
178.22,32.49,17.55,18.24,7.40,48.40,29.64,40.37,7.46
178.23,32.55,17.55,18.26,7.39,48.40,29.59,40.37,7.46
178.24,32.55,17.57,18.29,7.39,48.40,29.64,40.37,7.46
178.25,32.55,17.55,18.24,7.39,48.51,29.69,40.37,7.46
178.26,32.49,17.55,18.26,7.39,48.51,29.64,40.37,7.46
178.27,32.49,17.55,18.26,7.39,48.40,29.69,40.37,7.46
178.28,32.55,17.57,18.29,7.39,48.40,29.75,40.37,7.46
178.29,32.55,17.55,18.29,7.40,48.40,29.69,40.37,7.46
178.30,32.55,17.57,18.26,7.40,48.51,29.69,40.37,7.46
178.31,32.55,17.55,18.29,7.39,48.40,29.69,40.45,7.47
178.32,32.55,17.57,18.26,7.39,48.51,29.69,40.45,7.46
178.33,32.55,17.57,18.29,7.39,48.51,29.69,40.45,7.46
178.34,32.55,17.59,18.29,7.39,48.51,29.69,40.54,7.47
178.35,32.61,17.57,18.31,7.40,48.51,29.75,40.45,7.47
178.36,32.61,17.57,18.29,7.39,48.51,29.80,40.54,7.46
178.37,32.55,17.57,18.29,7.39,48.62,29.80,40.54,7.47
178.38,32.55,17.57,18.29,7.39,48.51,29.80,40.54,7.47
178.39,32.55,17.57,18.31,7.40,48.62,29.75,40.45,7.46
178.40,32.61,17.57,18.31,7.39,48.51,29.80,40.54,7.46
178.41,32.61,17.59,18.31,7.39,48.62,29.75,40.54,7.47
178.42,32.61,17.59,18.31,7.40,48.62,29.80,40.54,7.46
178.43,32.61,17.57,18.34,7.40,48.62,29.75,40.54,7.47
178.44,32.61,17.59,18.34,7.40,48.62,29.80,40.62,7.46
178.45,32.61,17.62,18.31,7.41,48.73,29.85,40.54,7.47
178.46,32.61,17.59,18.29,7.39,48.62,29.85,40.54,7.47
178.47,32.61,17.59,18.34,7.40,48.73,29.85,40.54,7.46
178.48,32.61,17.59,18.31,7.40,48.62,29.85,40.54,7.46
178.49,32.61,17.62,18.31,7.40,48.73,29.80,40.62,7.47
178.50,32.61,17.62,18.31,7.40,48.73,29.85,40.62,7.47
178.51,32.66,17.62,18.34,7.41,48.73,29.90,40.54,7.47
178.52,32.61,17.62,18.34,7.39,48.73,29.85,40.62,7.47
178.53,32.66,17.59,18.34,7.40,48.73,29.85,40.62,7.46
178.54,32.66,17.62,18.31,7.41,48.73,29.90,40.62,7.47
178.55,32.61,17.62,18.34,7.39,48.73,29.95,40.70,7.46
178.56,32.66,17.59,18.31,7.40,48.73,29.85,40.62,7.46
178.57,32.66,17.62,18.36,7.40,48.84,29.95,40.62,7.47
178.58,32.72,17.62,18.36,7.40,48.73,29.95,40.62,7.46
178.59,32.72,17.62,18.34,7.42,48.84,29.90,40.62,7.46
178.60,32.66,17.64,18.36,7.40,48.73,29.95,40.70,7.46
178.61,32.72,17.62,18.34,7.40,48.84,29.95,40.70,7.48
178.62,32.72,17.64,18.36,7.40,48.84,29.95,40.70,7.46
178.63,32.72,17.62,18.36,7.40,48.84,29.95,40.78,7.47
178.64,32.72,17.62,18.36,7.42,48.84,29.95,40.70,7.47
178.65,32.72,17.64,18.39,7.40,48.96,29.95,40.78,7.46
178.66,32.66,17.62,18.36,7.40,48.96,30.00,40.78,7.47
178.67,32.72,17.64,18.36,7.40,48.84,29.95,40.78,7.47
178.68,32.72,17.67,18.36,7.40,48.96,30.00,40.78,7.47
178.69,32.66,17.64,18.36,7.40,48.96,30.00,40.78,7.47
178.70,32.66,17.64,18.39,7.41,48.96,30.00,40.78,7.47
178.71,32.78,17.64,18.39,7.40,48.96,29.95,40.78,7.47
178.72,32.78,17.64,18.42,7.40,48.96,30.00,40.78,7.48
178.73,32.72,17.64,18.42,7.41,48.96,30.00,40.78,7.47
178.74,32.72,17.67,18.39,7.41,48.96,30.00,40.78,7.47
178.75,32.72,17.64,18.39,7.41,48.84,30.05,40.78,7.47
178.76,32.78,17.64,18.39,7.42,49.07,30.00,40.78,7.47
178.77,32.72,17.64,18.42,7.40,49.07,30.05,40.78,7.47
178.78,32.78,17.64,18.39,7.41,48.96,30.05,40.78,7.48
178.79,32.78,17.64,18.42,7.41,48.96,30.05,40.87,7.47
178.80,32.78,17.69,18.42,7.41,49.07,30.05,40.87,7.47
178.81,32.78,17.67,18.42,7.41,49.07,30.05,40.78,7.47
178.82,32.84,17.67,18.42,7.40,49.07,30.10,40.87,7.47
178.83,32.78,17.64,18.42,7.42,49.07,30.05,41.03,7.47
178.84,32.84,17.67,18.42,7.42,49.07,30.05,40.78,7.48
178.85,32.78,17.67,18.42,7.41,49.07,30.10,40.95,7.47
178.86,32.84,17.67,18.42,7.40,49.18,30.10,40.87,7.49
178.87,32.84,17.69,18.42,7.41,49.18,30.10,40.95,7.47
178.88,32.84,17.69,18.42,7.41,49.07,30.10,40.95,7.47
178.89,32.84,17.69,18.42,7.42,49.18,30.10,40.95,7.47
178.90,32.84,17.67,18.42,7.41,49.07,30.16,40.87,7.47
178.91,32.84,17.67,18.44,7.42,49.18,30.16,40.95,7.48
178.92,32.84,17.67,18.44,7.41,49.18,30.16,40.95,7.49
178.93,32.84,17.67,18.44,7.41,49.18,30.16,40.95,7.47
178.94,32.84,17.69,18.42,7.42,49.18,30.16,40.95,7.48
178.95,32.84,17.69,18.44,7.42,49.18,30.16,40.95,7.47
178.96,32.84,17.67,18.44,7.41,49.18,30.16,41.03,7.47
178.97,32.84,17.72,18.44,7.41,49.29,30.16,40.95,7.48
178.98,32.84,17.72,18.44,7.42,49.29,30.21,41.03,7.48
178.99,32.84,17.72,18.47,7.42,49.18,30.21,41.03,7.48
179.00,32.90,17.72,18.47,7.41,49.18,30.16,41.03,7.49
179.01,32.90,17.69,18.50,7.41,49.29,30.21,41.03,7.47
179.02,32.84,17.72,18.47,7.41,49.29,30.16,41.03,7.48
179.03,32.90,17.69,18.47,7.41,49.18,30.26,41.03,7.47
179.04,32.84,17.72,18.50,7.43,49.29,30.21,41.03,7.48
179.05,32.90,17.69,18.47,7.42,49.29,30.21,41.03,7.48
179.06,32.90,17.72,18.47,7.43,49.29,30.26,41.12,7.49
179.07,32.90,17.69,18.44,7.42,49.41,30.26,41.12,7.48
179.08,32.90,17.72,18.47,7.41,49.41,30.26,41.03,7.47
179.09,32.90,17.72,18.50,7.41,49.41,30.26,41.12,7.48
179.10,32.90,17.69,18.52,7.41,49.41,30.26,41.12,7.48
179.11,32.96,17.69,18.47,7.41,49.41,30.26,41.12,7.48
179.12,32.90,17.72,18.47,7.42,49.41,30.31,41.12,7.47
179.13,32.96,17.74,18.50,7.42,49.41,30.26,41.12,7.48
179.14,32.96,17.74,18.50,7.42,49.52,30.31,41.12,7.48
179.15,32.96,17.72,18.52,7.41,49.41,30.31,41.12,7.48
179.16,32.90,17.72,18.50,7.42,49.41,30.31,41.12,7.48
179.17,33.02,17.74,18.50,7.41,49.52,30.36,41.20,7.48
179.18,32.90,17.72,18.52,7.42,49.41,30.31,41.20,7.48
179.19,32.96,17.74,18.50,7.42,49.52,30.31,41.12,7.48
179.20,32.96,17.74,18.50,7.42,49.52,30.31,41.20,7.48
179.21,32.96,17.72,18.52,7.43,49.52,30.36,41.20,7.48
179.22,32.96,17.74,18.52,7.43,49.52,30.31,41.20,7.48
179.23,33.02,17.74,18.55,7.42,49.52,30.36,41.28,7.48
179.24,32.96,17.74,18.52,7.42,49.52,30.42,41.20,7.48
179.25,32.96,17.74,18.55,7.43,49.52,30.36,41.28,7.48
179.26,32.96,17.77,18.52,7.42,49.52,30.42,41.20,7.48
179.27,33.02,17.74,18.52,7.42,49.52,30.36,41.28,7.48
179.28,33.02,17.74,18.52,7.43,49.63,30.42,41.37,7.50
179.29,33.02,17.74,18.52,7.42,49.63,30.42,41.28,7.48
179.30,33.02,17.74,18.55,7.42,49.63,30.42,41.28,7.48
179.31,33.02,17.74,18.52,7.43,49.63,30.47,41.28,7.49
179.32,33.02,17.77,18.55,7.43,49.63,30.42,41.28,7.48
179.33,33.02,17.77,18.55,7.42,49.63,30.42,41.37,7.49
179.34,33.08,17.74,18.55,7.43,49.75,30.42,41.28,7.49
179.35,33.08,17.77,18.55,7.42,49.63,30.42,41.37,7.49
179.36,33.02,17.77,18.55,7.42,49.75,30.42,41.37,7.49
179.37,33.02,17.77,18.55,7.42,49.63,30.47,41.37,7.49
179.38,33.02,17.74,18.55,7.43,49.63,30.47,41.28,7.49
179.39,33.08,17.77,18.57,7.43,49.75,30.47,41.37,7.49
179.40,33.08,17.77,18.55,7.43,49.75,30.47,41.37,7.49
179.41,33.08,17.79,18.57,7.43,49.63,30.52,41.37,7.49
179.42,33.08,17.79,18.57,7.43,49.75,30.47,41.37,7.49
179.43,33.08,17.79,18.57,7.43,49.75,30.52,41.37,7.48
179.44,33.08,17.79,18.57,7.43,49.75,30.47,41.37,7.48
179.45,33.08,17.79,18.55,7.42,49.75,30.57,41.45,7.48
179.46,33.08,17.79,18.57,7.43,49.75,30.52,41.45,7.50
179.47,33.08,17.79,18.57,7.43,49.87,30.52,41.45,7.49
179.48,33.14,17.82,18.57,7.42,49.75,30.52,41.37,7.49
179.49,33.14,17.82,18.60,7.43,49.87,30.52,41.45,7.48
179.50,33.08,17.82,18.57,7.42,49.87,30.52,41.45,7.49
179.51,33.08,17.79,18.57,7.43,49.87,30.57,41.45,7.48
179.52,33.14,17.79,18.60,7.43,49.87,30.57,41.45,7.49
179.53,33.14,17.82,18.60,7.43,49.87,30.52,41.45,7.49
179.54,33.14,17.79,18.60,7.43,49.87,30.57,41.45,7.50
179.55,33.14,17.82,18.60,7.44,49.87,30.63,41.54,7.50
179.56,33.14,17.79,18.60,7.43,49.87,30.57,41.54,7.50
179.57,33.14,17.82,18.60,7.44,49.98,30.57,41.45,7.49
179.58,33.14,17.82,18.60,7.43,49.87,30.57,41.45,7.49
179.59,33.14,17.82,18.63,7.43,49.87,30.57,41.45,7.48
179.60,33.14,17.84,18.60,7.44,49.98,30.63,41.54,7.49
179.61,33.20,17.82,18.63,7.43,49.87,30.63,41.62,7.49
179.62,33.20,17.84,18.60,7.44,49.98,30.63,41.54,7.49
179.63,33.20,17.82,18.63,7.44,50.10,30.68,41.62,7.49
179.64,33.20,17.82,18.63,7.43,49.98,30.63,41.54,7.49
179.65,33.20,17.82,18.60,7.43,49.98,30.68,41.62,7.49
179.66,33.20,17.87,18.60,7.44,49.98,30.63,41.54,7.49
179.67,33.20,17.84,18.63,7.45,50.10,30.63,41.62,7.49
179.68,33.20,17.84,18.65,7.43,49.98,30.68,41.54,7.49
179.69,33.20,17.84,18.63,7.44,49.98,30.63,41.62,7.49
179.70,33.20,17.84,18.63,7.44,50.10,30.63,41.62,7.50
179.71,33.20,17.84,18.63,7.43,50.10,30.68,41.71,7.50
179.72,33.20,17.84,18.63,7.44,50.10,30.68,41.62,7.50
179.73,33.20,17.84,18.65,7.43,50.10,30.73,41.62,7.49
179.74,33.26,17.84,18.65,7.43,50.10,30.68,41.62,7.49
179.75,33.26,17.82,18.65,7.44,50.10,30.73,41.62,7.49
179.76,33.20,17.84,18.65,7.44,50.10,30.73,41.62,7.49
179.77,33.20,17.87,18.65,7.44,50.10,30.68,41.71,7.50
179.78,33.26,17.84,18.68,7.44,50.10,30.73,41.71,7.49
179.79,33.26,17.82,18.68,7.44,50.10,30.79,41.62,7.50
179.80,33.26,17.84,18.65,7.45,50.10,30.73,41.71,7.50
179.81,33.26,17.84,18.68,7.43,50.10,30.73,41.71,7.50
179.82,33.20,17.84,18.68,7.44,50.10,30.79,41.71,7.50
179.83,33.26,17.87,18.65,7.44,50.21,30.79,41.71,7.49
179.84,33.26,17.84,18.68,7.44,50.21,30.79,41.80,7.49
179.85,33.32,17.87,18.68,7.44,50.33,30.79,41.80,7.50
179.86,33.32,17.87,18.68,7.44,50.21,30.79,41.71,7.49
179.87,33.14,17.87,18.68,7.44,50.21,30.84,41.80,7.50
179.88,33.20,17.87,18.68,7.44,50.21,30.79,41.80,7.49
179.89,33.32,17.87,18.68,7.45,50.21,30.79,41.80,7.50
179.90,33.26,17.87,18.68,7.44,50.33,30.84,41.80,7.50
179.91,33.32,17.87,18.68,7.44,50.21,30.79,41.80,7.49
179.92,33.26,17.87,18.68,7.43,50.33,30.84,41.80,7.50
179.93,33.26,17.87,18.71,7.44,50.33,30.79,41.88,7.50
179.94,33.32,17.89,18.71,7.43,50.33,30.84,41.80,7.49
179.95,33.26,17.87,18.71,7.44,50.45,30.89,41.80,7.50
179.96,33.32,17.89,18.71,7.44,50.33,30.84,41.80,7.49
179.97,33.26,17.87,18.71,7.45,50.33,30.84,41.80,7.51
179.98,33.32,17.89,18.68,7.44,50.45,30.89,41.88,7.50
179.99,33.32,17.87,18.68,7.44,50.33,30.89,41.88,7.50
180.00,33.32,17.89,18.71,7.44,50.33,30.89,41.80,7.50
180.01,33.32,17.87,18.71,7.44,50.33,30.89,41.97,7.49
180.02,33.32,17.87,18.71,7.44,50.45,30.89,41.88,7.50
180.03,33.32,17.92,18.71,7.44,50.45,30.89,41.80,7.50
180.04,33.32,17.87,18.71,7.45,50.45,30.89,41.88,7.50
180.05,33.32,17.87,18.71,7.45,50.45,30.89,41.88,7.50
180.06,33.38,17.89,18.71,7.44,50.45,30.95,41.88,7.50
180.07,33.32,17.89,18.73,7.44,50.45,30.89,41.97,7.49
180.08,33.38,17.89,18.71,7.45,50.45,30.95,41.97,7.50
180.09,33.38,17.89,18.73,7.45,50.45,30.89,41.97,7.50
180.10,33.38,17.92,18.73,7.45,50.56,30.95,41.88,7.51
180.11,33.44,17.89,18.73,7.45,50.45,30.89,41.97,7.51
180.12,33.38,17.89,18.73,7.44,50.45,30.95,41.97,7.50
180.13,33.38,17.89,18.73,7.45,50.45,30.95,41.97,7.50
180.14,33.44,17.89,18.71,7.44,50.45,31.00,41.97,7.50
180.15,33.38,17.92,18.73,7.45,50.56,31.00,41.97,7.50
180.16,33.44,17.92,18.73,7.44,50.68,30.95,41.97,7.49
180.17,33.38,17.92,18.76,7.45,50.56,30.89,41.97,7.51
180.18,33.38,17.89,18.76,7.45,50.56,31.00,41.97,7.51
180.19,33.44,17.89,18.73,7.44,50.56,31.00,41.97,7.51
180.20,33.44,17.92,18.73,7.45,50.56,31.00,41.97,7.50
180.21,33.44,17.94,18.76,7.44,50.56,31.05,42.06,7.51
180.22,33.44,17.92,18.73,7.45,50.56,31.05,41.97,7.50
180.23,33.44,17.92,18.79,7.45,50.56,31.05,42.06,7.50
180.24,33.44,17.92,18.79,7.46,50.68,31.05,42.06,7.50
180.25,33.44,17.94,18.76,7.45,50.68,31.00,42.06,7.50
180.26,33.44,17.92,18.76,7.45,50.68,31.00,42.14,7.50
180.27,33.44,17.92,18.76,7.45,50.68,31.11,42.14,7.50
180.28,33.44,17.94,18.79,7.45,50.80,31.11,42.14,7.50
180.29,33.44,17.94,18.79,7.45,50.68,31.05,42.06,7.50
180.30,33.50,17.92,18.79,7.45,50.68,31.11,42.06,7.51
180.31,33.44,17.94,18.79,7.45,50.68,31.05,42.06,7.50
180.32,33.50,17.94,18.79,7.45,50.68,31.05,42.14,7.51
180.33,33.50,17.94,18.79,7.45,50.68,31.11,42.14,7.51
180.34,33.50,17.92,18.79,7.45,50.80,31.11,42.14,7.50
180.35,33.44,17.94,18.79,7.45,50.68,31.11,42.14,7.50
180.36,33.50,17.94,18.81,7.45,50.80,31.11,42.14,7.51
180.37,33.50,17.94,18.79,7.45,50.68,31.11,42.14,7.50
180.38,33.56,17.97,18.79,7.45,50.80,31.11,42.14,7.51
180.39,33.50,17.94,18.79,7.45,50.68,31.11,42.14,7.50
180.40,33.50,17.94,18.79,7.45,50.80,31.11,42.14,7.51
180.41,33.50,17.94,18.81,7.46,50.80,31.16,42.14,7.51
180.42,33.56,17.97,18.79,7.46,50.80,31.16,42.14,7.52
180.43,33.50,17.94,18.81,7.46,50.92,31.16,42.32,7.51
180.44,33.50,17.94,18.79,7.46,50.92,31.16,42.14,7.50
180.45,33.50,17.97,18.84,7.47,50.80,31.22,42.14,7.51
180.46,33.50,17.97,18.79,7.46,50.80,31.16,42.14,7.52
180.47,33.56,17.94,18.81,7.45,50.92,31.22,42.23,7.50
180.48,33.56,17.94,18.79,7.46,50.80,31.22,42.23,7.51
180.49,33.56,17.97,18.81,7.45,50.92,31.16,42.23,7.51
180.50,33.56,17.97,18.81,7.45,50.92,31.22,42.23,7.50
180.51,33.50,17.97,18.81,7.45,50.92,31.22,42.23,7.50
180.52,33.56,17.97,18.81,7.47,50.80,31.22,42.23,7.50
180.53,33.62,17.97,18.84,7.46,50.92,31.22,42.23,7.51
180.54,33.56,17.97,18.81,7.47,50.92,31.22,42.32,7.51
180.55,33.56,17.94,18.81,7.46,50.92,31.22,42.32,7.51
180.56,33.56,17.97,18.84,7.46,50.92,31.22,42.32,7.51
180.57,33.56,18.02,18.81,7.46,50.92,31.27,42.32,7.51
180.58,33.56,17.97,18.84,7.46,50.92,31.22,42.32,7.51
180.59,33.56,17.97,18.84,7.46,51.04,31.27,42.32,7.52
180.60,33.56,17.97,18.81,7.46,51.04,31.22,42.41,7.51
180.61,33.56,17.99,18.84,7.46,51.04,31.27,42.32,7.51
180.62,33.56,17.99,18.84,7.46,51.04,31.27,42.32,7.51
180.63,33.56,17.99,18.87,7.47,51.04,31.33,42.32,7.52
180.64,33.62,17.99,18.84,7.46,51.04,31.27,42.32,7.50
180.65,33.56,17.97,18.87,7.46,51.04,31.33,42.41,7.52
180.66,33.62,17.99,18.87,7.47,51.04,31.27,42.32,7.51
180.67,33.56,17.99,18.87,7.46,51.04,31.33,42.41,7.52
180.68,33.62,17.99,18.84,7.46,51.16,31.33,42.41,7.51
180.69,33.62,17.99,18.84,7.46,51.16,31.33,42.32,7.52
180.70,33.62,18.02,18.87,7.46,51.16,31.33,42.41,7.51
180.71,33.56,17.99,18.87,7.46,51.16,31.33,42.41,7.51
180.72,33.62,18.02,18.89,7.47,51.04,31.33,42.41,7.51
180.73,33.62,17.99,18.87,7.47,51.16,31.33,42.41,7.51
180.74,33.62,18.02,18.87,7.47,51.16,31.33,42.41,7.51
180.75,33.62,17.99,18.87,7.46,51.16,31.38,42.50,7.52
180.76,33.69,17.99,18.87,7.46,51.16,31.44,42.50,7.52
180.77,33.69,18.02,18.87,7.46,51.28,31.38,42.41,7.51
180.78,33.69,18.04,18.89,7.47,51.16,31.38,42.41,7.52
180.79,33.69,18.02,18.87,7.47,51.28,31.38,42.50,7.52
180.80,33.69,18.02,18.89,7.47,51.28,31.38,42.50,7.51
180.81,33.69,18.02,18.92,7.47,51.28,31.44,42.50,7.52
180.82,33.69,18.02,18.89,7.46,51.28,31.38,42.41,7.51
180.83,33.62,18.04,18.89,7.46,51.16,31.44,42.50,7.51
180.84,33.69,18.04,18.92,7.47,51.28,31.44,42.50,7.51
180.85,33.69,18.02,18.89,7.47,51.28,31.44,42.50,7.52
180.86,33.69,18.02,18.87,7.47,51.28,31.38,42.50,7.51
180.87,33.69,18.02,18.89,7.47,51.28,31.44,42.58,7.52
180.88,33.69,18.04,18.89,7.47,51.28,31.44,42.58,7.51
180.89,33.75,18.02,18.92,7.47,51.40,31.44,42.50,7.51
180.90,33.75,18.04,18.89,7.47,51.40,31.49,42.58,7.52
180.91,33.75,18.04,18.92,7.47,51.28,31.55,42.58,7.53
180.92,33.75,18.04,18.89,7.46,51.40,31.49,42.58,7.52
180.93,33.75,18.02,18.89,7.47,51.28,31.49,42.58,7.51
180.94,33.75,18.04,18.92,7.47,51.28,31.49,42.58,7.52
180.95,33.75,18.04,18.92,7.47,51.28,31.49,42.58,7.51
180.96,33.75,18.04,18.92,7.47,51.40,31.49,42.58,7.51
180.97,33.75,18.07,18.92,7.47,51.40,31.49,42.58,7.53
180.98,33.75,18.07,18.92,7.47,51.40,31.55,42.58,7.52
180.99,33.75,18.07,18.92,7.47,51.40,31.55,42.58,7.52
181.00,33.75,18.04,18.92,7.47,51.40,31.49,42.67,7.51
181.01,33.75,18.07,18.92,7.47,51.52,31.60,42.67,7.52
181.02,33.81,18.07,18.92,7.47,51.40,31.55,42.67,7.52
181.03,33.75,18.04,18.92,7.47,51.52,31.55,42.67,7.53
181.04,33.87,18.04,18.95,7.47,51.40,31.55,42.67,7.51
181.05,33.81,18.04,18.95,7.47,51.52,31.55,42.67,7.52
181.06,33.81,18.07,18.95,7.47,51.40,31.55,42.67,7.52
181.07,33.75,18.04,18.95,7.47,51.52,31.55,42.67,7.52
181.08,33.75,18.04,18.92,7.48,51.28,31.60,42.67,7.52
181.09,33.81,18.04,18.95,7.48,51.52,31.60,42.76,7.52
181.10,33.81,18.04,18.97,7.48,51.65,31.55,42.67,7.52
181.11,33.81,18.04,18.95,7.47,51.52,31.60,42.67,7.51
181.12,33.81,18.04,18.95,7.47,51.52,31.60,42.76,7.53
181.13,33.81,18.07,18.95,7.48,51.52,31.66,42.76,7.53
181.14,33.75,18.07,18.97,7.47,51.52,31.66,42.67,7.52
181.15,33.81,18.07,18.97,7.49,51.52,31.66,42.76,7.52
181.16,33.81,18.04,18.95,7.47,51.52,31.66,42.85,7.52
181.17,33.81,18.09,18.95,7.47,51.52,31.66,42.67,7.54
181.18,33.81,18.07,18.95,7.47,51.65,31.66,42.76,7.52
181.19,33.81,18.09,18.97,7.47,51.52,31.66,42.76,7.53
181.20,33.81,18.07,18.95,7.47,51.65,31.66,42.76,7.52
181.21,33.81,18.07,18.97,7.48,51.65,31.66,42.76,7.52
181.22,33.87,18.09,19.00,7.47,51.65,31.66,42.76,7.51
181.23,33.87,18.09,18.97,7.47,51.65,31.72,42.76,7.52
181.24,33.87,18.09,18.97,7.47,51.65,31.72,42.85,7.52
181.25,33.81,18.07,19.00,7.48,51.65,31.72,42.85,7.52
181.26,33.87,18.09,18.97,7.47,51.65,31.72,42.94,7.52
181.27,33.87,18.09,19.00,7.48,51.77,31.72,42.85,7.52
181.28,33.87,18.07,19.00,7.48,51.77,31.72,42.85,7.53
181.29,33.87,18.09,18.97,7.48,51.77,31.72,42.85,7.52
181.30,33.93,18.09,18.97,7.47,51.77,31.72,42.85,7.52
181.31,33.87,18.09,19.00,7.47,51.77,31.72,42.85,7.52
181.32,33.87,18.07,19.00,7.48,51.77,31.77,42.85,7.53
181.33,33.87,18.09,19.00,7.48,51.77,31.72,42.94,7.52
181.34,33.93,18.12,19.00,7.48,51.77,31.77,42.85,7.53
181.35,33.87,18.09,19.00,7.48,51.77,31.77,42.94,7.52
181.36,33.93,18.09,19.00,7.49,51.77,31.77,42.94,7.53
181.37,33.93,18.09,19.00,7.48,51.77,31.72,42.85,7.52
181.38,33.87,18.09,19.00,7.48,51.89,31.83,42.94,7.53
181.39,33.87,18.09,19.00,7.48,51.77,31.77,43.03,7.53
181.40,33.93,18.12,19.05,7.48,51.89,31.77,43.03,7.52
181.41,33.87,18.09,19.03,7.49,51.89,31.77,42.94,7.53
181.42,33.99,18.12,19.03,7.48,51.89,31.77,42.94,7.53
181.43,33.93,18.14,19.03,7.49,51.89,31.77,42.85,7.53
181.44,33.93,18.12,19.03,7.48,51.89,31.83,42.94,7.53
181.45,33.93,18.14,19.03,7.48,52.02,31.83,42.94,7.52
181.46,33.93,18.12,19.03,7.49,52.02,31.83,43.03,7.53
181.47,33.93,18.09,19.03,7.47,51.89,31.83,43.03,7.52
181.48,33.93,18.14,19.03,7.48,51.89,31.83,43.03,7.53
181.49,33.99,18.12,19.03,7.48,51.89,31.83,43.03,7.53
181.50,33.99,18.09,19.03,7.48,51.89,31.77,42.94,7.51
181.51,33.93,18.12,19.05,7.48,51.89,31.88,42.94,7.53
181.52,33.93,18.12,19.05,7.48,52.02,31.88,43.03,7.54
181.53,33.99,18.14,19.03,7.49,52.02,31.83,43.03,7.52
181.54,33.93,18.12,19.05,7.49,52.02,31.88,43.12,7.53
181.55,33.99,18.14,19.03,7.48,52.02,31.88,43.03,7.53
181.56,33.93,18.12,19.05,7.49,52.02,31.88,43.12,7.53
181.57,33.99,18.12,19.08,7.49,52.02,31.88,43.03,7.52
181.58,33.93,18.12,19.05,7.48,52.02,31.83,43.12,7.53
181.59,33.99,18.14,19.05,7.48,52.02,31.83,43.03,7.53
181.60,33.99,18.14,19.03,7.49,52.02,31.94,43.12,7.52
181.61,33.93,18.14,19.05,7.48,52.02,31.88,43.03,7.54
181.62,33.99,18.12,19.05,7.48,52.14,31.88,43.12,7.53
181.63,33.99,18.12,19.05,7.49,52.02,31.88,43.03,7.52
181.64,33.99,18.14,19.05,7.49,52.02,31.94,43.03,7.54
181.65,33.99,18.12,19.08,7.49,52.02,31.94,43.21,7.53
181.66,33.99,18.17,19.08,7.48,52.14,31.94,43.12,7.52
181.67,33.99,18.17,19.05,7.48,52.02,31.94,43.12,7.53
181.68,34.06,18.14,19.05,7.49,52.14,31.94,43.21,7.53
181.69,33.99,18.14,19.08,7.49,52.14,31.94,43.12,7.53
181.70,34.06,18.14,19.05,7.49,52.14,31.94,43.12,7.53
181.71,34.06,18.14,19.05,7.49,52.14,31.94,43.12,7.53
181.72,34.06,18.14,19.08,7.49,52.02,31.94,43.12,7.54
181.73,34.06,18.17,19.05,7.48,52.27,32.00,43.21,7.54
181.74,34.06,18.14,19.08,7.49,52.14,32.00,43.21,7.53
181.75,34.06,18.17,19.08,7.49,52.27,31.94,43.21,7.53
181.76,34.06,18.14,19.11,7.50,52.14,32.00,43.21,7.52
181.77,34.06,18.12,19.11,7.50,52.14,32.00,43.21,7.54
181.78,34.06,18.14,19.11,7.50,52.14,32.00,43.21,7.54
181.79,34.06,18.14,19.11,7.49,52.27,32.00,43.21,7.53
181.80,33.99,18.14,19.11,7.49,52.14,32.00,43.21,7.53
181.81,34.12,18.17,19.11,7.49,52.14,32.11,43.21,7.54
181.82,34.06,18.17,19.11,7.50,52.14,32.05,43.21,7.53
181.83,34.06,18.14,19.11,7.50,52.14,32.05,43.21,7.53
181.84,34.06,18.14,19.11,7.49,52.27,32.11,43.21,7.53
181.85,34.06,18.20,19.08,7.49,52.14,32.05,43.21,7.53
181.86,34.12,18.17,19.11,7.49,52.27,32.05,43.21,7.54
181.87,34.06,18.17,19.11,7.49,52.27,32.05,43.30,7.53
181.88,34.06,18.17,19.11,7.50,52.27,32.05,43.30,7.53
181.89,34.12,18.17,19.11,7.49,52.27,32.05,43.30,7.54
181.90,34.12,18.20,19.11,7.50,52.27,32.05,43.30,7.54
181.91,34.12,18.17,19.11,7.50,52.39,32.11,43.30,7.53
181.92,34.12,18.17,19.14,7.49,52.39,32.05,43.30,7.53
181.93,34.12,18.20,19.14,7.49,52.39,32.11,43.30,7.53
181.94,34.12,18.14,19.14,7.50,52.27,32.11,43.21,7.53
181.95,34.06,18.17,19.14,7.51,52.39,32.11,43.30,7.54
181.96,34.12,18.20,19.14,7.50,52.39,32.11,43.40,7.54
181.97,34.12,18.20,19.14,7.49,52.27,32.11,43.40,7.54
181.98,34.12,18.17,19.14,7.49,52.39,32.17,43.40,7.53
181.99,34.12,18.20,19.14,7.49,52.39,32.05,43.40,7.53
182.00,34.06,18.20,19.14,7.50,52.39,32.11,43.40,7.54
182.01,34.18,18.20,19.14,7.50,52.39,32.11,43.40,7.53
182.02,34.12,18.22,19.11,7.50,52.52,32.17,43.40,7.53
182.03,34.18,18.20,19.14,7.49,52.52,32.17,43.49,7.54
182.04,34.12,18.20,19.16,7.51,52.39,32.17,43.40,7.53
182.05,34.18,18.20,19.14,7.49,52.52,32.17,43.40,7.54
182.06,34.18,18.20,19.14,7.49,52.52,32.17,43.40,7.54
182.07,34.12,18.22,19.14,7.49,52.39,32.17,43.40,7.55
182.08,34.18,18.20,19.16,7.49,52.52,32.23,43.40,7.54
182.09,34.18,18.20,19.16,7.50,52.52,32.28,43.40,7.54
182.10,34.18,18.22,19.14,7.51,52.39,32.17,43.40,7.53
182.11,34.18,18.22,19.16,7.49,52.52,32.23,43.49,7.54
182.12,34.18,18.22,19.16,7.50,52.52,32.23,43.40,7.54
182.13,34.18,18.22,19.16,7.50,52.52,32.23,43.49,7.53
182.14,34.18,18.20,19.16,7.50,52.64,32.23,43.58,7.53
182.15,34.18,18.22,19.14,7.49,52.52,32.23,43.49,7.56
182.16,34.18,18.22,19.16,7.50,52.52,32.23,43.58,7.54
182.17,34.18,18.20,19.16,7.49,52.52,32.23,43.49,7.54
182.18,34.18,18.22,19.16,7.51,52.52,32.23,43.58,7.54
182.19,34.24,18.22,19.16,7.49,52.52,32.28,43.49,7.54
182.20,34.18,18.20,19.16,7.51,52.64,32.28,43.49,7.53
182.21,34.24,18.22,19.16,7.50,52.52,32.28,43.58,7.54
182.22,34.24,18.25,19.16,7.50,52.64,32.23,43.58,7.54
182.23,34.18,18.22,19.16,7.51,52.52,32.28,43.49,7.53
182.24,34.24,18.25,19.19,7.51,52.64,32.34,43.58,7.54
182.25,34.24,18.22,19.16,7.50,52.77,32.28,43.58,7.54
182.26,34.24,18.20,19.19,7.49,52.64,32.28,43.58,7.55
182.27,34.24,18.20,19.19,7.50,52.64,32.28,43.49,7.54
182.28,34.24,18.20,19.19,7.51,52.77,32.34,43.58,7.54
182.29,34.31,18.25,19.16,7.50,52.52,32.34,43.49,7.54
182.30,34.24,18.22,19.19,7.51,52.77,32.28,43.58,7.54
182.31,34.24,18.22,19.19,7.50,52.77,32.34,43.58,7.54
182.32,34.31,18.22,19.19,7.51,52.64,32.34,43.58,7.54
182.33,34.31,18.25,19.22,7.50,52.64,32.34,43.58,7.54
182.34,34.24,18.25,19.19,7.50,52.77,32.40,43.67,7.54
182.35,34.24,18.25,19.19,7.50,52.77,32.34,43.58,7.54
182.36,34.24,18.25,19.22,7.51,52.77,32.34,43.58,7.55
182.37,34.24,18.25,19.22,7.50,52.77,32.34,43.67,7.53
182.38,34.24,18.22,19.22,7.50,52.77,32.40,43.67,7.54
182.39,34.31,18.25,19.22,7.50,52.77,32.34,43.58,7.54
182.40,34.31,18.25,19.22,7.50,52.77,32.40,43.77,7.54
182.41,34.31,18.25,19.22,7.51,52.77,32.34,43.67,7.55
182.42,34.31,18.22,19.22,7.50,52.90,32.40,43.67,7.54
182.43,34.31,18.22,19.22,7.51,52.77,32.40,43.67,7.55
182.44,34.24,18.25,19.22,7.50,52.90,32.40,43.58,7.55
182.45,34.31,18.25,19.25,7.51,52.77,32.46,43.67,7.54
182.46,34.31,18.25,19.22,7.51,52.77,32.40,43.67,7.55
182.47,34.31,18.22,19.22,7.50,52.77,32.46,43.67,7.54
182.48,34.31,18.25,19.22,7.51,52.77,32.46,43.77,7.55
182.49,34.31,18.25,19.25,7.51,52.77,32.46,43.67,7.54
182.50,34.31,18.25,19.25,7.51,52.90,32.46,43.77,7.54
182.51,34.31,18.27,19.22,7.51,52.90,32.46,43.77,7.54
182.52,34.31,18.27,19.25,7.51,52.90,32.46,43.77,7.54
182.53,34.31,18.25,19.25,7.52,52.77,32.46,43.77,7.54
182.54,34.37,18.27,19.25,7.51,52.90,32.51,43.77,7.54
182.55,34.37,18.27,19.25,7.50,53.02,32.46,43.77,7.55
182.56,34.37,18.27,19.25,7.50,53.02,32.46,43.77,7.54
182.57,34.31,18.27,19.27,7.51,52.90,32.51,43.77,7.54
182.58,34.37,18.30,19.27,7.51,53.02,32.46,43.77,7.55
182.59,34.37,18.30,19.25,7.51,53.02,32.51,43.77,7.56
182.60,34.31,18.27,19.27,7.51,53.02,32.51,43.86,7.54
182.61,34.37,18.27,19.25,7.50,52.90,32.51,43.86,7.55
182.62,34.31,18.27,19.25,7.52,53.02,32.51,43.77,7.54
182.63,34.37,18.27,19.27,7.51,53.02,32.51,43.86,7.54
182.64,34.31,18.27,19.27,7.51,53.02,32.57,43.77,7.54
182.65,34.37,18.25,19.27,7.52,53.02,32.51,43.86,7.55
182.66,34.37,18.27,19.27,7.51,53.02,32.57,43.77,7.54
182.67,34.37,18.27,19.25,7.51,53.02,32.51,43.86,7.55
182.68,34.37,18.30,19.27,7.50,53.02,32.51,43.86,7.55
182.69,34.44,18.30,19.27,7.51,53.02,32.57,43.86,7.55
182.70,34.37,18.30,19.27,7.51,53.15,32.57,43.86,7.55
182.71,34.37,18.30,19.30,7.52,53.15,32.63,43.86,7.55
182.72,34.37,18.27,19.27,7.51,53.02,32.63,43.86,7.55
182.73,34.44,18.30,19.30,7.51,53.02,32.57,43.86,7.54
182.74,34.44,18.30,19.27,7.52,53.15,32.57,43.95,7.55
182.75,34.44,18.27,19.27,7.51,53.02,32.57,43.86,7.56
182.76,34.37,18.30,19.27,7.51,53.15,32.63,43.86,7.56
182.77,34.37,18.30,19.30,7.52,53.02,32.63,43.95,7.55
182.78,34.44,18.32,19.27,7.51,53.15,32.57,43.95,7.55
182.79,34.44,18.30,19.30,7.50,53.15,32.63,43.95,7.55
182.80,34.44,18.30,19.27,7.51,53.15,32.63,43.86,7.55
182.81,34.44,18.30,19.27,7.51,53.15,32.63,43.95,7.55
182.82,34.44,18.30,19.30,7.52,53.28,32.69,43.95,7.55
182.83,34.44,18.30,19.30,7.52,53.15,32.69,43.95,7.55
182.84,34.37,18.30,19.30,7.52,53.28,32.63,43.95,7.54
182.85,34.44,18.30,19.30,7.51,53.28,32.63,43.95,7.56
182.86,34.44,18.30,19.30,7.51,53.28,32.63,43.95,7.55
182.87,34.44,18.30,19.30,7.52,53.28,32.69,43.95,7.55
182.88,34.44,18.32,19.30,7.53,53.28,32.63,43.95,7.54
182.89,34.44,18.30,19.33,7.51,53.28,32.63,43.95,7.56
182.90,34.50,18.30,19.30,7.51,53.28,32.63,43.95,7.55
182.91,34.50,18.30,19.36,7.52,53.28,32.69,43.95,7.55
182.92,34.50,18.32,19.33,7.52,53.28,32.69,44.05,7.55
182.93,34.44,18.30,19.30,7.52,53.28,32.75,43.95,7.56
182.94,34.50,18.35,19.33,7.51,53.28,32.75,44.05,7.55
182.95,34.44,18.30,19.33,7.52,53.41,32.69,44.05,7.55
182.96,34.50,18.32,19.36,7.51,53.41,32.69,44.05,7.56
182.97,34.50,18.32,19.33,7.52,53.28,32.75,44.05,7.55
182.98,34.50,18.32,19.33,7.51,53.41,32.69,44.05,7.56
182.99,34.50,18.32,19.33,7.52,53.41,32.69,44.05,7.55
183.00,34.50,18.32,19.33,7.52,53.41,32.75,44.05,7.55
183.01,34.50,18.32,19.33,7.52,53.28,32.75,44.14,7.56
183.02,34.50,18.32,19.36,7.51,53.41,32.75,44.14,7.55
183.03,34.50,18.32,19.33,7.52,53.41,32.81,44.14,7.55
183.04,34.50,18.35,19.33,7.53,53.41,32.75,44.14,7.56
183.05,34.50,18.32,19.33,7.52,53.41,32.75,44.05,7.55
183.06,34.50,18.30,19.33,7.51,53.41,32.75,44.14,7.55
183.07,34.50,18.32,19.33,7.52,53.41,32.81,44.14,7.56
183.08,34.50,18.32,19.33,7.52,53.41,32.75,44.14,7.55
183.09,34.56,18.32,19.36,7.52,53.54,32.81,44.14,7.56
183.10,34.50,18.35,19.36,7.53,53.41,32.81,44.14,7.55
183.11,34.56,18.35,19.36,7.52,53.54,32.75,44.23,7.56
183.12,34.56,18.35,19.33,7.52,53.41,32.81,44.23,7.56
183.13,34.50,18.35,19.39,7.53,53.41,32.87,44.23,7.56
183.14,34.56,18.32,19.36,7.52,53.54,32.87,44.23,7.56
183.15,34.56,18.35,19.39,7.52,53.41,32.81,44.14,7.56
183.16,34.50,18.32,19.36,7.52,53.54,32.87,44.14,7.56
183.17,34.56,18.35,19.36,7.53,53.54,32.87,44.23,7.56
183.18,34.56,18.35,19.36,7.53,53.54,32.92,44.23,7.55
183.19,34.56,18.35,19.36,7.52,53.41,32.87,44.23,7.56
183.20,34.56,18.38,19.36,7.52,53.54,32.87,44.23,7.57
183.21,34.56,18.38,19.39,7.53,53.54,32.87,44.23,7.55
183.22,34.56,18.35,19.39,7.53,53.54,32.87,44.23,7.55
183.23,34.56,18.35,19.39,7.52,53.54,32.87,44.23,7.56
183.24,34.56,18.35,19.39,7.52,53.67,32.92,44.33,7.55
183.25,34.56,18.35,19.36,7.53,53.54,32.87,44.23,7.56
183.26,34.63,18.38,19.36,7.52,53.54,32.87,44.23,7.55
183.27,34.56,18.35,19.39,7.52,53.67,32.92,44.23,7.56
183.28,34.63,18.35,19.39,7.52,53.54,32.87,44.23,7.55
183.29,34.56,18.35,19.36,7.52,53.67,32.92,44.33,7.55
183.30,34.56,18.35,19.39,7.52,53.54,32.98,44.33,7.56
183.31,34.56,18.35,19.39,7.52,53.67,32.92,44.33,7.55
183.32,34.63,18.35,19.39,7.52,53.67,32.92,44.33,7.55
183.33,34.63,18.38,19.41,7.52,53.67,33.04,44.33,7.56
183.34,34.56,18.38,19.39,7.52,53.67,32.92,44.33,7.55
183.35,34.56,18.35,19.39,7.53,53.67,32.92,44.33,7.55
183.36,34.63,18.35,19.41,7.52,53.67,32.92,44.23,7.57
183.37,34.63,18.38,19.39,7.53,53.67,32.92,44.33,7.56
183.38,34.63,18.38,19.41,7.53,53.67,32.98,44.33,7.56
183.39,34.56,18.38,19.41,7.52,53.67,32.92,44.33,7.56
183.40,34.63,18.35,19.41,7.53,53.67,32.98,44.33,7.56
183.41,34.63,18.38,19.39,7.53,53.80,32.92,44.33,7.56
183.42,34.69,18.38,19.41,7.53,53.67,33.04,44.33,7.56
183.43,34.69,18.40,19.44,7.54,53.80,32.98,44.33,7.56
183.44,34.63,18.38,19.41,7.53,53.67,32.98,44.33,7.56
183.45,34.69,18.40,19.39,7.52,53.80,33.04,44.33,7.57
183.46,34.69,18.38,19.41,7.53,53.80,33.04,44.42,7.56
183.47,34.69,18.38,19.44,7.54,53.67,33.10,44.42,7.56
183.48,34.63,18.38,19.44,7.53,53.93,32.98,44.33,7.55
183.49,34.63,18.38,19.44,7.54,53.93,33.04,44.42,7.56
183.50,34.69,18.38,19.44,7.53,53.80,32.98,44.42,7.56
183.51,34.69,18.38,19.44,7.53,53.80,33.04,44.33,7.57
183.52,34.69,18.38,19.44,7.54,53.93,32.98,44.52,7.56
183.53,34.69,18.38,19.44,7.53,53.80,33.04,44.33,7.56
183.54,34.69,18.38,19.44,7.53,53.93,33.04,44.33,7.55
183.55,34.69,18.40,19.44,7.53,53.80,33.10,44.52,7.56
183.56,34.69,18.38,19.44,7.53,53.80,33.04,44.52,7.56
183.57,34.69,18.40,19.44,7.53,53.93,33.04,44.42,7.56
183.58,34.69,18.40,19.47,7.53,53.93,33.10,44.52,7.56
183.59,34.63,18.38,19.47,7.54,53.93,33.04,44.52,7.55
183.60,34.63,18.40,19.47,7.54,53.93,33.10,44.52,7.57
183.61,34.69,18.40,19.44,7.53,53.93,33.10,44.52,7.56
183.62,34.69,18.40,19.44,7.53,53.93,33.04,44.52,7.57
183.63,34.76,18.43,19.44,7.54,53.93,33.10,44.52,7.57
183.64,34.69,18.40,19.47,7.53,53.93,33.10,44.52,7.56
183.65,34.76,18.40,19.44,7.54,53.93,33.10,44.52,7.56
183.66,34.69,18.40,19.47,7.54,53.93,33.10,44.52,7.57
183.67,34.76,18.43,19.47,7.55,53.93,33.16,44.52,7.57
183.68,34.69,18.40,19.47,7.53,53.93,33.16,44.52,7.56
183.69,34.69,18.43,19.47,7.53,54.06,33.10,44.61,7.57
183.70,34.76,18.43,19.47,7.55,54.06,33.10,44.52,7.58
183.71,34.69,18.40,19.47,7.53,54.06,33.22,44.52,7.57
183.72,34.76,18.40,19.47,7.53,54.06,33.16,44.61,7.56
183.73,34.76,18.40,19.50,7.53,54.06,33.16,44.61,7.56
183.74,34.76,18.40,19.47,7.53,54.06,33.16,44.52,7.56
183.75,34.76,18.43,19.50,7.55,54.06,33.16,44.52,7.57
183.76,34.76,18.43,19.47,7.52,54.06,33.16,44.61,7.56
183.77,34.76,18.40,19.50,7.54,54.06,33.16,44.52,7.57
183.78,34.76,18.43,19.50,7.53,54.06,33.16,44.61,7.56
183.79,34.76,18.43,19.47,7.53,54.06,33.16,44.61,7.57
183.80,34.76,18.43,19.47,7.54,54.06,33.22,44.61,7.57
183.81,34.76,18.40,19.50,7.53,54.06,33.28,44.61,7.56
183.82,34.76,18.43,19.50,7.53,54.06,33.22,44.61,7.57
183.83,34.82,18.43,19.47,7.53,54.06,33.22,44.61,7.58
183.84,34.82,18.43,19.50,7.54,54.06,33.28,44.61,7.57
183.85,34.76,18.43,19.50,7.53,54.06,33.22,44.71,7.57
183.86,34.82,18.45,19.50,7.53,54.06,33.16,44.61,7.57
183.87,34.76,18.45,19.50,7.53,54.06,33.28,44.71,7.57
183.88,34.82,18.43,19.50,7.54,54.06,33.22,44.71,7.56
183.89,34.82,18.45,19.50,7.53,54.19,33.28,44.61,7.56
183.90,34.76,18.43,19.50,7.55,54.19,33.28,44.71,7.56
183.91,34.82,18.43,19.50,7.54,54.19,33.28,44.71,7.58
183.92,34.82,18.43,19.52,7.54,54.19,33.28,44.71,7.57
183.93,34.82,18.43,19.50,7.54,54.19,33.22,44.71,7.57
183.94,34.82,18.43,19.52,7.55,54.19,33.28,44.71,7.58
183.95,34.82,18.43,19.50,7.54,54.33,33.28,44.71,7.57
183.96,34.82,18.48,19.50,7.54,54.19,33.28,44.71,7.57
183.97,34.82,18.43,19.50,7.54,54.19,33.28,44.71,7.57
183.98,34.82,18.45,19.50,7.54,54.19,33.34,44.71,7.58
183.99,34.82,18.45,19.52,7.54,54.19,33.34,44.71,7.58
184.00,34.88,18.45,19.50,7.54,54.33,33.28,44.71,7.56
184.01,34.88,18.45,19.52,7.54,54.33,33.34,44.71,7.57
184.02,34.88,18.45,19.50,7.54,54.33,33.28,44.81,7.57
184.03,34.88,18.45,19.52,7.54,54.33,33.28,44.71,7.57
184.04,34.88,18.45,19.52,7.54,54.33,33.34,44.81,7.57
184.05,34.88,18.45,19.52,7.55,54.33,33.34,44.81,7.58
184.06,34.88,18.45,19.52,7.54,54.33,33.34,44.71,7.57
184.07,34.82,18.45,19.55,7.56,54.33,33.28,44.81,7.57
184.08,34.88,18.45,19.55,7.55,54.33,33.34,44.81,7.58
184.09,34.88,18.45,19.52,7.54,54.33,33.34,44.81,7.58
184.10,34.88,18.48,19.52,7.54,54.33,33.40,44.81,7.57
184.11,34.88,18.45,19.52,7.54,54.46,33.34,44.81,7.57
184.12,34.88,18.48,19.55,7.55,54.33,33.34,44.71,7.57
184.13,34.88,18.45,19.55,7.55,54.33,33.34,44.90,7.57
184.14,34.88,18.51,19.55,7.55,54.46,33.40,44.90,7.57
184.15,34.88,18.48,19.55,7.55,54.46,33.40,44.81,7.58
184.16,34.88,18.48,19.55,7.54,54.46,33.34,44.81,7.58
184.17,34.95,18.45,19.55,7.55,54.46,33.40,44.90,7.57
184.18,34.95,18.45,19.55,7.56,54.46,33.40,44.90,7.57
184.19,34.88,18.51,19.55,7.55,54.33,33.40,44.81,7.57
184.20,34.88,18.45,19.55,7.54,54.46,33.40,44.81,7.56
184.21,34.88,18.48,19.55,7.54,54.33,33.40,44.81,7.57
184.22,34.95,18.45,19.55,7.55,54.46,33.40,44.90,7.57
184.23,34.88,18.45,19.55,7.55,54.59,33.40,44.90,7.58
184.24,34.95,18.51,19.55,7.54,54.59,33.46,44.90,7.57
184.25,34.95,18.48,19.58,7.55,54.46,33.46,45.00,7.57
184.26,34.95,18.45,19.55,7.55,54.46,33.40,44.90,7.58
184.27,34.88,18.51,19.55,7.54,54.46,33.40,45.00,7.57
184.28,34.95,18.45,19.58,7.55,54.46,33.46,45.00,7.57
184.29,34.95,18.51,19.58,7.55,54.59,33.46,45.00,7.58
184.30,34.95,18.48,19.58,7.55,54.46,33.46,44.90,7.57
184.31,34.95,18.51,19.55,7.55,54.59,33.46,45.00,7.57
184.32,34.95,18.48,19.61,7.55,54.59,33.52,44.90,7.59
184.33,34.95,18.48,19.58,7.55,54.59,33.52,44.90,7.57
184.34,34.95,18.51,19.55,7.55,54.59,33.46,45.00,7.58
184.35,34.95,18.51,19.61,7.55,54.59,33.52,44.90,7.58
184.36,34.95,18.51,19.58,7.55,54.59,33.52,45.00,7.58
184.37,34.95,18.48,19.58,7.55,54.59,33.46,45.00,7.58
184.38,34.95,18.51,19.58,7.55,54.59,33.52,45.00,7.58
184.39,35.01,18.48,19.58,7.54,54.59,33.52,45.00,7.58
184.40,35.01,18.45,19.58,7.55,54.73,33.52,45.00,7.58
184.41,35.01,18.51,19.58,7.55,54.59,33.52,45.00,7.58
184.42,35.01,18.48,19.61,7.55,54.59,33.52,45.10,7.58
184.43,34.95,18.51,19.58,7.56,54.59,33.52,45.10,7.58
184.44,34.95,18.51,19.58,7.55,54.59,33.59,45.10,7.59
184.45,35.01,18.51,19.61,7.55,54.73,33.59,45.10,7.58
184.46,35.01,18.53,19.58,7.56,54.73,33.52,45.00,7.58
184.47,35.01,18.48,19.61,7.55,54.73,33.52,45.10,7.57
184.48,34.95,18.51,19.61,7.55,54.73,33.65,45.10,7.59
184.49,35.01,18.48,19.61,7.55,54.73,33.59,45.00,7.58
184.50,35.01,18.51,19.61,7.56,54.73,33.59,45.10,7.58
184.51,35.01,18.51,19.61,7.55,54.73,33.59,45.10,7.58
184.52,35.01,18.51,19.61,7.55,54.73,33.59,45.20,7.58
184.53,35.01,18.53,19.64,7.55,54.73,33.59,45.10,7.58
184.54,35.01,18.53,19.61,7.56,54.73,33.59,45.10,7.58
184.55,35.01,18.53,19.64,7.55,54.73,33.59,45.10,7.59
184.56,35.01,18.53,19.61,7.55,54.73,33.59,45.10,7.58
184.57,35.01,18.53,19.61,7.55,54.73,33.59,45.10,7.58
184.58,35.08,18.51,19.64,7.55,54.86,33.65,45.10,7.58
184.59,34.95,18.51,19.61,7.56,54.86,33.65,45.10,7.58
184.60,35.08,18.53,19.67,7.55,54.73,33.65,45.10,7.58
184.61,35.08,18.51,19.64,7.55,54.73,33.65,45.10,7.58
184.62,35.08,18.53,19.67,7.55,54.86,33.65,45.10,7.59
184.63,35.01,18.53,19.64,7.57,54.86,33.65,45.20,7.59
184.64,35.08,18.53,19.61,7.55,54.86,33.65,45.20,7.57
184.65,35.01,18.53,19.64,7.56,54.86,33.71,45.10,7.58
184.66,35.08,18.51,19.64,7.57,54.86,33.71,45.20,7.58
184.67,35.08,18.53,19.64,7.55,54.73,33.59,45.20,7.58
184.68,35.08,18.53,19.61,7.57,54.86,33.71,45.20,7.58
184.69,35.08,18.51,19.64,7.55,54.86,33.65,45.20,7.58
184.70,35.08,18.56,19.64,7.57,54.86,33.65,45.29,7.58
184.71,35.08,18.53,19.64,7.55,55.00,33.71,45.20,7.58
184.72,35.08,18.53,19.67,7.55,55.00,33.71,45.29,7.59
184.73,35.08,18.53,19.61,7.57,54.86,33.71,45.29,7.57
184.74,35.08,18.56,19.67,7.56,54.86,33.71,45.29,7.58
184.75,35.08,18.53,19.67,7.57,54.86,33.71,45.29,7.58
184.76,35.08,18.53,19.67,7.55,55.00,33.71,45.20,7.58
184.77,35.08,18.56,19.67,7.56,54.86,33.71,45.20,7.59
184.78,35.08,18.56,19.67,7.56,55.00,33.77,45.29,7.58
184.79,35.08,18.53,19.64,7.56,54.86,33.65,45.29,7.58
184.80,35.08,18.53,19.64,7.56,55.00,33.71,45.29,7.58
184.81,35.08,18.53,19.67,7.56,55.00,33.77,45.29,7.58
184.82,35.08,18.56,19.67,7.56,55.14,33.77,45.29,7.58
184.83,35.15,18.56,19.69,7.57,55.00,33.77,45.20,7.58
184.84,35.08,18.56,19.67,7.56,55.14,33.77,45.29,7.58
184.85,35.08,18.56,19.67,7.55,55.00,33.77,45.29,7.58
184.86,35.08,18.53,19.69,7.55,55.00,33.77,45.29,7.60
184.87,35.08,18.56,19.67,7.56,55.00,33.77,45.29,7.58
184.88,35.08,18.56,19.69,7.56,55.00,33.83,45.29,7.58
184.89,35.08,18.56,19.67,7.56,55.14,33.83,45.29,7.59
184.90,35.15,18.53,19.69,7.57,55.00,33.83,45.29,7.58
184.91,35.15,18.56,19.69,7.56,55.14,33.77,45.39,7.59
184.92,35.15,18.56,19.69,7.56,55.14,33.83,45.39,7.58
184.93,35.15,18.56,19.67,7.56,55.14,33.83,45.39,7.58
184.94,35.15,18.56,19.69,7.56,55.00,33.83,45.39,7.58
184.95,35.15,18.56,19.69,7.56,55.14,33.83,45.39,7.59
184.96,35.15,18.56,19.69,7.57,55.14,33.89,45.39,7.58
184.97,35.15,18.56,19.69,7.56,55.14,33.83,45.39,7.58
184.98,35.21,18.53,19.69,7.56,55.14,33.83,45.39,7.59
184.99,35.15,18.56,19.69,7.56,55.14,33.83,45.39,7.58
185.00,35.21,18.56,19.69,7.57,55.14,33.83,45.39,7.59
185.02,35.21,18.59,19.67,7.57,55.14,33.83,45.39,7.58
185.03,35.15,18.59,19.72,7.56,55.14,33.89,45.39,7.60
185.04,35.21,18.59,19.69,7.57,55.27,33.89,45.39,7.59
185.05,35.21,18.56,19.72,7.56,55.14,33.89,45.39,7.59
185.06,35.15,18.56,19.72,7.56,55.27,33.89,45.39,7.59
185.07,35.15,18.56,19.72,7.58,55.14,33.89,45.49,7.58
185.08,35.21,18.56,19.72,7.57,55.14,33.89,45.49,7.59
185.09,35.15,18.59,19.72,7.57,55.27,33.89,45.39,7.59
185.10,35.15,18.59,19.69,7.58,55.14,33.89,45.49,7.59
185.11,35.15,18.56,19.72,7.56,55.14,33.89,45.49,7.59
185.12,35.21,18.56,19.75,7.57,55.14,33.89,45.39,7.59
185.13,35.21,18.59,19.72,7.57,55.27,33.89,45.49,7.60
185.14,35.21,18.59,19.72,7.58,55.27,33.95,45.49,7.58
185.15,35.21,18.56,19.72,7.58,55.27,33.89,45.49,7.59
185.16,35.21,18.56,19.72,7.57,55.27,33.89,45.49,7.58
185.17,35.21,18.56,19.72,7.56,55.27,33.95,45.49,7.59
185.18,35.21,18.56,19.75,7.57,55.27,33.95,45.49,7.59
185.19,35.28,18.59,19.72,7.57,55.27,33.95,45.49,7.59
185.20,35.21,18.59,19.72,7.57,55.27,33.95,45.59,7.59
185.21,35.15,18.61,19.75,7.57,55.27,33.95,45.49,7.58
185.22,35.21,18.56,19.72,7.57,55.27,33.95,45.49,7.60
185.23,35.21,18.56,19.72,7.56,55.27,33.95,45.49,7.59
185.24,35.21,18.59,19.72,7.58,55.41,34.02,45.49,7.60
185.25,35.28,18.59,19.75,7.57,55.41,34.02,45.59,7.59
185.26,35.28,18.59,19.72,7.57,55.27,33.95,45.59,7.59
185.27,35.21,18.59,19.72,7.57,55.41,34.02,45.59,7.58
185.28,35.28,18.59,19.72,7.57,55.41,34.02,45.49,7.59
185.29,35.28,18.61,19.75,7.57,55.41,34.02,45.59,7.59
185.30,35.28,18.64,19.75,7.57,55.41,33.95,45.69,7.60
185.31,35.28,18.61,19.78,7.57,55.41,34.02,45.49,7.60
185.32,35.28,18.61,19.75,7.58,55.41,34.02,45.59,7.59
185.33,35.28,18.61,19.75,7.57,55.55,33.95,45.69,7.60
185.34,35.28,18.61,19.72,7.57,55.41,34.08,45.59,7.60
185.35,35.28,18.61,19.78,7.57,55.55,34.08,45.59,7.60
185.36,35.28,18.61,19.75,7.57,55.55,34.02,45.69,7.59
185.37,35.28,18.61,19.78,7.57,55.41,34.02,45.69,7.59
185.38,35.28,18.61,19.78,7.58,55.55,34.02,45.69,7.59
185.39,35.28,18.61,19.75,7.57,55.55,34.02,45.69,7.59
185.40,35.28,18.61,19.75,7.57,55.41,34.02,45.69,7.59
185.41,35.28,18.61,19.75,7.57,55.55,34.02,45.69,7.60
185.42,35.28,18.59,19.75,7.57,55.55,34.08,45.69,7.59
185.43,35.34,18.61,19.78,7.57,55.55,34.02,45.69,7.59
185.44,35.28,18.61,19.78,7.58,55.41,34.08,45.59,7.59
185.45,35.28,18.61,19.78,7.58,55.55,34.14,45.69,7.60
185.46,35.34,18.61,19.78,7.58,55.55,34.08,45.69,7.59
185.47,35.28,18.61,19.75,7.57,55.55,34.08,45.69,7.59
185.48,35.34,18.64,19.78,7.57,55.55,34.08,45.69,7.60
185.49,35.34,18.61,19.78,7.58,55.55,34.08,45.79,7.60
185.50,35.28,18.61,19.78,7.57,55.55,34.14,45.69,7.59
185.51,35.34,18.64,19.75,7.58,55.69,34.08,45.69,7.60
185.52,35.34,18.64,19.78,7.59,55.55,34.14,45.79,7.60
185.53,35.34,18.61,19.81,7.57,55.55,34.14,45.69,7.61
185.54,35.28,18.64,19.78,7.59,55.69,34.08,45.69,7.60
185.55,35.34,18.61,19.81,7.58,55.69,34.14,45.79,7.59
185.56,35.34,18.66,19.81,7.58,55.69,34.14,45.79,7.60
185.57,35.34,18.64,19.81,7.58,55.55,34.14,45.79,7.59
185.58,35.34,18.64,19.78,7.57,55.69,34.14,45.79,7.60
185.59,35.34,18.64,19.81,7.58,55.69,34.14,45.79,7.60
185.60,35.34,18.64,19.81,7.58,55.55,34.08,45.79,7.60
185.61,35.34,18.64,19.81,7.57,55.69,34.14,45.79,7.60
185.62,35.34,18.64,19.81,7.58,55.69,34.14,45.79,7.60
185.63,35.34,18.64,19.81,7.59,55.83,34.14,45.79,7.59
185.64,35.34,18.64,19.81,7.59,55.69,34.20,45.79,7.59
185.65,35.34,18.66,19.81,7.58,55.69,34.14,45.79,7.59
185.66,35.34,18.66,19.81,7.58,55.69,34.20,45.79,7.60
185.67,35.34,18.66,19.84,7.59,55.69,34.20,45.79,7.60
185.68,35.34,18.66,19.81,7.59,55.83,34.20,45.79,7.60
185.69,35.34,18.66,19.84,7.57,55.69,34.20,45.89,7.61
185.70,35.34,18.61,19.84,7.58,55.69,34.27,45.79,7.61
185.71,35.34,18.66,19.81,7.58,55.83,34.20,45.89,7.59
185.72,35.34,18.64,19.84,7.58,55.69,34.27,45.79,7.62
185.73,35.34,18.66,19.84,7.59,55.69,34.20,45.89,7.60
185.74,35.41,18.66,19.81,7.58,55.69,34.27,45.89,7.60
185.75,35.34,18.64,19.84,7.58,55.69,34.20,45.79,7.59
185.76,35.48,18.64,19.81,7.58,55.69,34.27,45.89,7.60
185.77,35.48,18.66,19.81,7.57,55.83,34.20,45.89,7.60
185.78,35.34,18.66,19.84,7.58,55.83,34.27,45.89,7.60
185.79,35.48,18.66,19.84,7.58,55.83,34.27,45.89,7.60
185.80,35.41,18.66,19.81,7.58,55.83,34.27,45.89,7.59
185.81,35.41,18.66,19.84,7.58,55.83,34.27,45.89,7.61
185.82,35.41,18.66,19.84,7.59,55.83,34.33,45.89,7.60
185.83,35.41,18.66,19.84,7.58,55.83,34.27,45.89,7.60
185.84,35.41,18.69,19.84,7.58,55.97,34.33,45.89,7.60
185.85,35.41,18.66,19.84,7.58,55.83,34.33,45.89,7.60
185.86,35.41,18.64,19.86,7.59,55.83,34.33,45.99,7.60
185.87,35.41,18.69,19.86,7.59,55.83,34.33,45.89,7.60
185.88,35.41,18.66,19.84,7.59,55.97,34.27,45.89,7.60
185.89,35.41,18.66,19.84,7.59,55.97,34.33,46.09,7.61
185.90,35.48,18.64,19.84,7.58,55.97,34.39,45.89,7.60
185.91,35.48,18.66,19.84,7.58,55.97,34.33,45.99,7.60
185.92,35.41,18.66,19.86,7.60,55.97,34.33,46.19,7.59
185.93,35.48,18.66,19.84,7.58,55.97,34.33,45.89,7.60
185.94,35.48,18.66,19.84,7.60,55.97,34.33,45.99,7.61
185.95,35.48,18.66,19.86,7.59,55.83,34.33,45.99,7.61
185.96,35.48,18.69,19.84,7.58,55.97,34.39,45.99,7.61
185.97,35.48,18.69,19.86,7.60,55.97,34.39,45.99,7.62
185.98,35.48,18.66,19.86,7.59,55.97,34.39,45.99,7.60
185.99,35.48,18.66,19.86,7.59,55.97,34.39,45.99,7.61
186.00,35.48,18.66,19.86,7.59,55.97,34.39,45.99,7.60
186.01,35.48,18.69,19.89,7.59,56.11,34.39,46.09,7.60
186.02,35.48,18.69,19.89,7.59,55.97,34.39,45.99,7.61
186.03,35.48,18.66,19.89,7.58,56.11,34.39,46.09,7.61
186.04,35.48,18.69,19.89,7.58,55.83,34.39,46.09,7.60
186.05,35.48,18.69,19.89,7.59,55.97,34.39,46.09,7.60
186.06,35.48,18.66,19.86,7.60,56.11,34.39,46.09,7.60
186.07,35.48,18.69,19.86,7.59,56.11,34.39,46.09,7.60
186.08,35.48,18.69,19.89,7.59,56.11,34.39,46.09,7.61
186.09,35.54,18.69,19.86,7.59,55.97,34.46,46.09,7.61
186.10,35.48,18.66,19.89,7.60,56.11,34.46,46.09,7.61
186.11,35.48,18.69,19.89,7.59,56.11,34.39,46.09,7.60
186.12,35.48,18.69,19.89,7.59,56.11,34.39,46.09,7.61
186.13,35.48,18.72,19.89,7.58,56.11,34.46,46.09,7.60
186.14,35.48,18.69,19.86,7.60,56.11,34.39,46.09,7.60
186.15,35.54,18.69,19.89,7.59,56.11,34.39,46.09,7.60
186.16,35.48,18.69,19.89,7.59,56.11,34.46,46.09,7.61
186.17,35.54,18.72,19.86,7.59,56.11,34.46,46.09,7.61
186.18,35.54,18.69,19.89,7.59,56.11,34.46,46.19,7.61
186.19,35.54,18.69,19.89,7.60,56.11,34.46,46.19,7.61
186.20,35.54,18.69,19.89,7.59,56.11,34.39,46.19,7.61
186.21,35.54,18.72,19.92,7.59,56.11,34.46,46.19,7.62
186.22,35.54,18.69,19.89,7.59,56.11,34.52,46.19,7.61
186.23,35.54,18.72,19.92,7.60,56.11,34.52,46.09,7.62
186.24,35.54,18.69,19.92,7.59,56.25,34.46,46.09,7.60
186.25,35.54,18.72,19.89,7.59,56.25,34.52,46.09,7.61
186.26,35.61,18.72,19.92,7.59,56.25,34.52,46.19,7.61
186.27,35.54,18.69,19.89,7.59,56.25,34.46,46.19,7.61
186.28,35.54,18.72,19.89,7.59,56.25,34.52,46.19,7.61
186.29,35.54,18.72,19.89,7.60,56.25,34.46,46.29,7.60
186.30,35.54,18.72,19.92,7.59,56.25,34.52,46.19,7.61
186.31,35.54,18.72,19.92,7.59,56.25,34.52,46.19,7.61
186.32,35.54,18.72,19.92,7.60,56.25,34.52,46.29,7.62
186.33,35.54,18.72,19.95,7.59,56.25,34.52,46.29,7.62
186.34,35.54,18.72,19.92,7.59,56.25,34.52,46.19,7.61
186.35,35.54,18.72,19.92,7.60,56.25,34.59,46.29,7.62
186.36,35.54,18.72,19.92,7.59,56.25,34.52,46.29,7.62
186.37,35.61,18.69,19.92,7.59,56.25,34.52,46.29,7.61
186.38,35.61,18.72,19.95,7.59,56.25,34.59,46.19,7.61
186.39,35.54,18.74,19.95,7.59,56.25,34.59,46.19,7.61
186.40,35.61,18.72,19.92,7.60,56.25,34.52,46.29,7.61
186.41,35.54,18.72,19.92,7.59,56.25,34.59,46.19,7.62
186.42,35.54,18.74,19.95,7.59,56.39,34.59,46.40,7.62
186.43,35.61,18.74,19.92,7.60,56.39,34.52,46.29,7.61
186.44,35.61,18.72,19.92,7.61,56.25,34.59,46.29,7.61
186.45,35.61,18.74,19.92,7.59,56.39,34.59,46.29,7.61
186.46,35.61,18.72,19.95,7.61,56.39,34.59,46.29,7.61
186.47,35.61,18.72,19.95,7.59,56.39,34.59,46.29,7.61
186.48,35.54,18.74,19.95,7.59,56.39,34.65,46.29,7.61
186.49,35.61,18.72,19.95,7.59,56.25,34.65,46.29,7.61
186.50,35.61,18.72,19.95,7.60,56.25,34.59,46.29,7.61
186.51,35.61,18.72,19.92,7.60,56.39,34.65,46.29,7.62
186.52,35.61,18.72,19.95,7.60,56.39,34.65,46.40,7.61
186.53,35.61,18.72,19.95,7.61,56.39,34.59,46.29,7.61
186.54,35.61,18.74,19.95,7.60,56.39,34.65,46.29,7.61
186.55,35.61,18.74,19.95,7.61,56.39,34.59,46.29,7.61
186.56,35.61,18.72,19.95,7.60,56.53,34.65,46.40,7.62
186.57,35.61,18.77,19.98,7.60,56.39,34.59,46.29,7.61
186.58,35.61,18.74,19.95,7.60,56.53,34.65,46.40,7.62
186.59,35.61,18.74,19.98,7.60,56.39,34.65,46.29,7.61
186.60,35.68,18.74,19.95,7.60,56.53,34.65,46.40,7.61
186.61,35.68,18.74,19.95,7.61,56.53,34.65,46.40,7.62
186.62,35.61,18.74,19.95,7.60,56.39,34.65,46.40,7.62
186.63,35.68,18.77,19.95,7.61,56.53,34.71,46.40,7.62
186.64,35.61,18.74,19.98,7.60,56.53,34.71,46.40,7.61
186.65,35.61,18.77,19.95,7.60,56.53,34.65,46.40,7.62
186.66,35.61,18.74,19.98,7.60,56.53,34.65,46.29,7.62
186.67,35.61,18.74,19.98,7.60,56.53,34.65,46.50,7.62
186.68,35.68,18.77,20.01,7.61,56.53,34.71,46.40,7.62
186.69,35.68,18.74,19.95,7.60,56.53,34.65,46.40,7.62
186.70,35.68,18.74,19.98,7.60,56.53,34.71,46.40,7.62
186.71,35.68,18.74,19.98,7.60,56.53,34.78,46.50,7.61
186.72,35.68,18.74,19.98,7.60,56.53,34.71,46.50,7.62
186.73,35.68,18.74,19.98,7.60,56.53,34.71,46.50,7.62
186.74,35.68,18.74,19.98,7.61,56.53,34.71,46.40,7.62
186.75,35.68,18.77,20.01,7.61,56.67,34.78,46.50,7.61
186.76,35.68,18.74,19.98,7.60,56.67,34.71,46.50,7.61
186.77,35.68,18.77,20.01,7.61,56.67,34.78,46.50,7.62
186.78,35.74,18.74,19.98,7.61,56.67,34.78,46.50,7.62
186.79,35.74,18.74,19.98,7.59,56.53,34.78,46.50,7.61
186.80,35.68,18.77,20.01,7.61,56.53,34.78,46.50,7.63
186.81,35.68,18.74,19.98,7.60,56.67,34.78,46.60,7.62
186.82,35.74,18.77,20.01,7.61,56.67,34.71,46.50,7.62
186.83,35.74,18.77,20.01,7.61,56.67,34.78,46.50,7.62
186.84,35.68,18.74,20.01,7.61,56.67,34.78,46.50,7.61
186.85,35.68,18.77,20.01,7.62,56.67,34.71,46.50,7.61
186.86,35.74,18.77,19.98,7.61,56.67,34.78,46.50,7.62
186.87,35.74,18.77,20.01,7.60,56.67,34.78,46.50,7.62
186.88,35.68,18.77,19.98,7.61,56.67,34.84,46.50,7.62
186.89,35.68,18.77,20.01,7.62,56.67,34.78,46.50,7.62
186.90,35.74,18.77,20.01,7.61,56.82,34.84,46.60,7.62
186.91,35.68,18.77,20.01,7.61,56.67,34.78,46.50,7.62
186.92,35.74,18.77,20.01,7.61,56.67,34.84,46.60,7.62
186.93,35.74,18.77,20.01,7.60,56.67,34.78,46.70,7.63
186.94,35.74,18.77,20.01,7.60,56.82,34.84,46.60,7.62
186.95,35.74,18.77,20.01,7.61,56.82,34.78,46.60,7.62
186.96,35.74,18.77,20.01,7.62,56.82,34.84,46.60,7.63
186.97,35.74,18.74,20.04,7.61,56.67,34.91,46.50,7.62
186.98,35.88,18.77,20.04,7.62,56.82,34.84,46.60,7.62
186.99,35.81,18.77,20.04,7.61,56.82,34.84,46.70,7.63
187.00,35.74,18.77,20.04,7.62,56.67,34.91,46.60,7.62
187.01,35.74,18.77,20.04,7.60,56.82,34.84,46.60,7.63
187.02,35.74,18.77,20.01,7.61,56.67,34.84,46.70,7.62
187.03,35.74,18.80,20.01,7.61,56.82,34.84,46.70,7.63
187.04,35.81,18.80,20.04,7.61,56.82,34.84,46.70,7.62
187.05,35.74,18.77,20.01,7.61,56.82,34.91,46.70,7.61
187.06,35.81,18.77,20.04,7.61,56.82,34.91,46.70,7.62
187.07,35.74,18.77,20.04,7.62,56.82,34.91,46.70,7.62
187.08,35.74,18.77,20.04,7.61,56.82,34.91,46.81,7.63
187.09,35.81,18.80,20.04,7.61,56.82,34.91,46.70,7.62
187.10,35.74,18.80,20.07,7.62,56.96,34.91,46.70,7.62
187.11,35.74,18.77,20.04,7.61,56.82,34.91,46.70,7.62
187.12,35.74,18.77,20.01,7.61,56.82,34.91,46.60,7.63
187.13,35.81,18.80,20.04,7.62,56.82,34.91,46.70,7.62
187.14,35.81,18.77,20.04,7.61,56.82,34.91,46.70,7.62
187.15,35.81,18.77,20.04,7.61,56.82,34.91,46.70,7.62
187.16,35.74,18.77,20.04,7.62,56.82,34.97,46.70,7.63
187.17,35.81,18.77,20.04,7.61,56.96,34.91,46.81,7.62
187.18,35.81,18.82,20.07,7.61,56.82,34.91,46.70,7.62
187.19,35.81,18.80,20.04,7.62,56.96,34.91,46.70,7.63
187.20,35.81,18.80,20.07,7.61,56.96,34.97,46.70,7.62
187.21,35.81,18.80,20.04,7.62,56.82,34.91,46.81,7.62
187.22,35.81,18.82,20.07,7.62,56.96,34.97,46.70,7.62
187.23,35.74,18.80,20.04,7.61,56.96,34.97,46.70,7.63
187.24,35.81,18.77,20.07,7.61,56.96,34.97,46.81,7.63
187.25,35.81,18.80,20.07,7.62,56.96,34.97,46.70,7.62
187.26,35.81,18.80,20.10,7.62,56.96,35.04,46.70,7.64
187.27,35.81,18.80,20.07,7.62,56.96,34.97,46.70,7.62
187.28,35.81,18.82,20.04,7.61,57.11,35.04,46.81,7.63
187.29,35.81,18.82,20.07,7.62,57.11,34.97,46.81,7.63
187.30,35.88,18.82,20.10,7.63,56.96,34.97,46.81,7.62
187.31,35.81,18.82,20.07,7.61,57.11,35.04,46.81,7.63
187.32,35.88,18.82,20.10,7.62,57.11,35.04,46.70,7.63
187.33,35.81,18.80,20.10,7.61,56.96,35.04,46.81,7.63
187.34,35.88,18.82,20.10,7.61,56.96,35.04,46.81,7.62
187.35,35.81,18.82,20.10,7.61,57.11,35.04,46.81,7.63
187.36,35.81,18.82,20.07,7.62,56.96,35.04,46.91,7.63
187.37,35.88,18.80,20.07,7.62,56.96,35.10,46.81,7.63
187.38,35.88,18.82,20.10,7.61,56.96,35.04,46.81,7.62
187.39,35.88,18.82,20.10,7.61,57.11,35.04,46.81,7.63
187.40,35.88,18.82,20.07,7.61,57.11,35.04,46.81,7.63
187.41,35.88,18.82,20.10,7.61,57.11,35.04,46.81,7.63
187.42,35.88,18.82,20.07,7.63,56.96,35.10,46.81,7.62
187.43,35.88,18.80,20.13,7.62,57.11,35.04,46.81,7.63
187.44,35.88,18.82,20.10,7.63,57.11,35.04,46.91,7.62
187.45,35.88,18.82,20.10,7.62,57.11,35.10,46.91,7.62
187.46,35.88,18.82,20.13,7.62,57.25,35.04,46.91,7.63
187.47,35.88,18.82,20.07,7.62,57.11,35.10,46.91,7.63
187.48,35.88,18.82,20.10,7.63,57.11,35.10,46.91,7.64
187.49,35.88,18.82,20.10,7.62,57.11,35.10,46.91,7.63
187.50,35.88,18.82,20.10,7.62,57.11,35.10,46.91,7.63
187.51,35.88,18.82,20.13,7.62,57.11,35.04,46.81,7.63
187.52,35.88,18.82,20.10,7.61,57.11,35.04,46.91,7.63
187.53,35.88,18.82,20.13,7.62,57.25,35.10,46.91,7.63
187.54,35.95,18.82,20.13,7.62,57.25,35.10,46.91,7.62
187.55,35.95,18.82,20.10,7.63,57.25,35.10,46.91,7.63
187.56,35.88,18.82,20.13,7.62,57.25,35.10,47.02,7.64
187.57,35.88,18.82,20.13,7.61,57.25,35.17,47.02,7.63
187.58,35.95,18.82,20.13,7.62,57.11,35.17,46.91,7.63
187.59,35.88,18.82,20.13,7.63,57.25,35.17,47.02,7.64
187.60,35.88,18.82,20.13,7.62,57.25,35.17,46.91,7.63
187.61,35.95,18.85,20.13,7.62,57.25,35.17,47.02,7.63
187.62,35.95,18.82,20.13,7.63,57.25,35.10,46.91,7.63
187.63,35.88,18.85,20.16,7.63,57.25,35.10,47.02,7.63
187.64,35.88,18.82,20.13,7.62,57.11,35.17,47.02,7.63
187.65,35.95,18.85,20.13,7.62,57.25,35.17,47.02,7.63
187.66,35.95,18.85,20.16,7.63,57.25,35.10,47.02,7.63
187.67,35.95,18.88,20.13,7.62,57.25,35.10,47.02,7.63
187.68,35.95,18.85,20.13,7.62,57.40,35.17,47.02,7.63
187.69,35.95,18.85,20.13,7.62,57.40,35.17,47.02,7.64
187.70,35.95,18.85,20.13,7.62,57.40,35.17,47.02,7.63
187.71,35.95,18.85,20.13,7.62,57.40,35.23,47.02,7.63
187.72,35.95,18.88,20.13,7.62,57.40,35.17,47.12,7.64
187.73,35.95,18.85,20.13,7.63,57.40,35.17,47.12,7.63
187.74,35.88,18.85,20.13,7.63,57.25,35.23,47.02,7.63
187.75,35.95,18.88,20.13,7.62,57.40,35.17,47.02,7.62
187.76,35.95,18.88,20.16,7.63,57.40,35.23,47.12,7.63
187.77,35.95,18.85,20.16,7.63,57.40,35.23,47.02,7.63
187.78,35.95,18.85,20.16,7.62,57.40,35.17,47.12,7.63
187.79,35.95,18.88,20.16,7.63,57.40,35.23,47.02,7.63
187.80,35.95,18.85,20.16,7.63,57.40,35.23,47.12,7.64
187.81,35.95,18.85,20.16,7.63,57.40,35.23,47.12,7.63
187.82,36.02,18.88,20.16,7.62,57.54,35.23,47.02,7.65
187.83,35.95,18.85,20.16,7.63,57.40,35.23,47.02,7.63
187.84,35.95,18.85,20.16,7.63,57.40,35.23,47.02,7.63
187.85,35.95,18.85,20.13,7.63,57.40,35.23,47.12,7.63
187.86,36.02,18.88,20.16,7.63,57.40,35.23,47.12,7.63
187.87,36.02,18.85,20.16,7.63,57.40,35.30,47.12,7.64
187.88,35.95,18.85,20.18,7.63,57.40,35.23,47.12,7.63
187.89,36.02,18.85,20.18,7.64,57.40,35.30,47.12,7.64
187.90,36.02,18.88,20.16,7.64,57.54,35.30,47.12,7.64
187.91,36.02,18.88,20.18,7.63,57.54,35.36,47.12,7.63
187.92,36.02,18.82,20.18,7.64,57.54,35.30,47.22,7.63
187.93,36.02,18.93,20.18,7.64,57.40,35.23,47.12,7.64
187.94,36.02,18.88,20.18,7.65,57.40,35.30,47.12,7.64
187.95,36.02,18.88,20.18,7.63,57.40,35.30,47.12,7.63
187.96,36.02,18.85,20.16,7.63,57.40,35.36,47.12,7.63
187.97,36.02,18.88,20.16,7.63,57.54,35.36,47.22,7.64
187.98,36.02,18.88,20.18,7.63,57.54,35.30,47.12,7.64
187.99,36.02,18.85,20.18,7.63,57.54,35.30,47.22,7.64
188.00,36.02,18.85,20.18,7.63,57.69,35.36,47.12,7.63
188.01,35.95,18.85,20.18,7.63,57.69,35.30,47.12,7.63
188.02,36.02,18.88,20.18,7.63,57.54,35.36,47.33,7.65
188.03,36.02,18.88,20.18,7.63,57.54,35.43,47.12,7.64
188.04,36.02,18.88,20.18,7.63,57.54,35.36,47.22,7.64
188.05,36.02,18.88,20.18,7.63,57.54,35.43,47.22,7.64
188.06,36.02,18.88,20.18,7.63,57.54,35.36,47.12,7.66
188.07,36.02,18.88,20.18,7.63,57.54,35.30,47.22,7.64
188.08,35.95,18.90,20.18,7.63,57.69,35.30,47.22,7.63
188.09,36.02,18.88,20.18,7.63,57.54,35.36,47.33,7.65
188.10,35.95,18.88,20.18,7.63,57.69,35.36,47.22,7.65
188.11,36.02,18.88,20.18,7.63,57.54,35.36,47.22,7.64
188.12,36.02,18.88,20.18,7.64,57.54,35.43,47.22,7.64
188.13,36.08,18.88,20.18,7.63,57.54,35.36,47.22,7.64
188.14,36.02,18.88,20.18,7.63,57.69,35.36,47.22,7.64
188.15,35.95,18.88,20.18,7.63,57.69,35.30,47.33,7.64
188.16,36.08,18.88,20.18,7.63,57.54,35.43,47.12,7.65
188.17,36.02,18.88,20.18,7.63,57.84,35.36,47.33,7.64
188.18,36.02,18.88,20.21,7.63,57.69,35.36,47.22,7.65
188.19,36.08,18.90,20.18,7.64,57.69,35.43,47.22,7.64
188.20,36.02,18.88,20.21,7.64,57.69,35.36,47.33,7.65
188.21,36.08,18.88,20.21,7.63,57.84,35.43,47.33,7.64
188.22,36.08,18.88,20.21,7.64,57.84,35.43,47.33,7.63
188.23,36.08,18.88,20.18,7.63,57.69,35.43,47.33,7.63
188.24,36.08,18.90,20.21,7.64,57.69,35.43,47.22,7.64
188.25,36.02,18.88,20.21,7.65,57.84,35.43,47.33,7.64
188.26,36.08,18.90,20.21,7.65,57.84,35.43,47.33,7.64
188.27,36.02,18.88,20.21,7.63,57.69,35.43,47.33,7.65
188.28,36.02,18.88,20.21,7.64,57.84,35.43,47.33,7.64
188.29,36.08,18.88,20.24,7.63,57.69,35.43,47.22,7.64
188.30,36.08,18.90,20.21,7.63,57.69,35.43,47.22,7.64
188.31,36.08,18.90,20.24,7.64,57.69,35.43,47.44,7.65
188.32,36.08,18.93,20.21,7.63,57.84,35.50,47.33,7.64
188.33,36.08,18.90,20.21,7.65,57.84,35.43,47.33,7.64
188.34,36.15,18.90,20.21,7.64,57.69,35.43,47.33,7.64
188.35,36.08,18.93,20.21,7.63,57.84,35.50,47.33,7.64
188.36,36.08,18.88,20.21,7.64,57.84,35.43,47.33,7.65
188.37,36.08,18.88,20.21,7.63,57.84,35.56,47.33,7.64
188.38,36.08,18.90,20.21,7.64,57.84,35.43,47.33,7.65
188.39,36.08,18.93,20.24,7.64,57.84,35.50,47.44,7.64
188.40,36.15,18.93,20.21,7.63,57.84,35.50,47.33,7.64
188.41,36.08,18.90,20.24,7.63,57.84,35.43,47.44,7.65
188.42,36.08,18.88,20.24,7.65,57.84,35.56,47.44,7.65
188.43,36.15,18.93,20.24,7.63,57.84,35.50,47.33,7.65
188.44,36.08,18.90,20.24,7.63,57.84,35.56,47.33,7.64
188.45,36.15,18.88,20.24,7.64,57.99,35.50,47.44,7.65
188.46,36.08,18.88,20.24,7.63,57.84,35.50,47.44,7.64
188.47,36.15,18.90,20.21,7.63,57.84,35.50,47.44,7.64
188.48,36.15,18.90,20.24,7.63,57.84,35.50,47.44,7.65
188.49,36.15,18.93,20.24,7.63,57.99,35.56,47.44,7.64
188.50,36.08,18.90,20.21,7.64,57.84,35.56,47.44,7.64
188.51,36.08,18.90,20.24,7.63,57.99,35.56,47.44,7.64
188.52,36.08,18.90,20.24,7.64,57.99,35.56,47.44,7.64
188.53,36.15,18.90,20.27,7.64,57.84,35.56,47.44,7.65
188.54,36.15,18.90,20.27,7.64,57.84,35.50,47.44,7.64
188.55,36.15,18.90,20.24,7.64,57.84,35.56,47.44,7.64
188.56,36.15,18.90,20.24,7.64,57.99,35.56,47.44,7.65
188.57,36.15,18.90,20.24,7.64,57.99,35.56,47.44,7.64
188.58,36.15,18.90,20.24,7.64,57.99,35.56,47.54,7.65
188.59,36.15,18.96,20.24,7.65,57.84,35.56,47.44,7.65
188.60,36.15,18.90,20.24,7.65,57.99,35.50,47.44,7.65
188.61,36.15,18.90,20.24,7.65,57.99,35.56,47.54,7.65
188.62,36.15,18.93,20.27,7.64,57.99,35.63,47.54,7.64
188.63,36.15,18.90,20.24,7.64,57.99,35.56,47.44,7.65
188.64,36.15,18.90,20.27,7.65,57.99,35.56,47.44,7.64
188.65,36.15,18.93,20.24,7.65,57.99,35.56,47.44,7.65
188.66,36.15,18.90,20.24,7.64,57.99,35.63,47.44,7.65
188.67,36.15,18.96,20.24,7.63,57.99,35.63,47.44,7.66
188.68,36.15,18.93,20.27,7.64,57.99,35.63,47.54,7.65
188.69,36.15,18.90,20.27,7.64,57.99,35.56,47.54,7.65
188.70,36.22,18.93,20.27,7.64,57.99,35.56,47.54,7.65
188.71,36.22,18.93,20.24,7.64,58.14,35.56,47.54,7.65
188.72,36.15,18.90,20.27,7.64,57.99,35.63,47.54,7.65
188.73,36.22,18.93,20.30,7.64,57.99,35.63,47.54,7.65
188.74,36.15,18.93,20.30,7.65,57.99,35.63,47.54,7.66
188.75,36.22,18.93,20.30,7.64,58.14,35.63,47.54,7.64
188.76,36.15,18.93,20.30,7.64,57.99,35.63,47.54,7.64
188.77,36.15,18.93,20.27,7.64,57.99,35.63,47.44,7.64
188.78,36.15,18.93,20.30,7.64,57.99,35.70,47.65,7.66
188.79,36.22,18.93,20.27,7.64,58.14,35.63,47.54,7.65
188.80,36.22,18.93,20.27,7.64,57.99,35.70,47.54,7.65
188.81,36.15,18.93,20.27,7.64,58.14,35.63,47.54,7.65
188.82,36.22,18.93,20.27,7.65,58.14,35.70,47.54,7.65
188.83,36.22,18.93,20.30,7.65,57.99,35.70,47.54,7.65
188.84,36.15,18.93,20.30,7.65,58.14,35.63,47.54,7.65
188.85,36.22,18.96,20.27,7.65,58.14,35.70,47.65,7.65
188.86,36.22,18.93,20.27,7.64,58.14,35.70,47.54,7.65
188.87,36.22,18.93,20.27,7.65,58.14,35.70,47.65,7.66
188.88,36.22,18.96,20.30,7.65,58.14,35.70,47.65,7.65
188.89,36.22,18.96,20.27,7.64,58.14,35.70,47.54,7.65
188.90,36.22,18.90,20.27,7.64,58.14,35.77,47.54,7.65
188.91,36.22,18.96,20.33,7.66,58.14,35.63,47.54,7.66
188.92,36.22,18.93,20.30,7.65,58.14,35.70,47.65,7.65
188.93,36.22,18.96,20.33,7.66,58.14,35.77,47.54,7.66
188.94,36.22,18.96,20.30,7.65,58.29,35.70,47.65,7.66
188.95,36.22,18.96,20.27,7.65,58.29,35.70,47.65,7.65
188.96,36.22,18.93,20.30,7.65,58.14,35.70,47.65,7.65
188.97,36.22,18.96,20.30,7.64,58.29,35.70,47.65,7.64
188.98,36.29,18.96,20.33,7.65,58.14,35.70,47.65,7.65
188.99,36.22,18.96,20.30,7.65,58.14,35.70,47.65,7.65
189.00,36.29,18.96,20.30,7.65,58.14,35.77,47.76,7.66
189.01,36.22,18.93,20.30,7.65,58.29,35.70,47.76,7.65
189.02,36.22,18.96,20.30,7.65,58.29,35.70,47.65,7.65
189.03,36.22,18.96,20.30,7.64,58.29,35.77,47.76,7.65
189.04,36.22,18.93,20.30,7.65,58.29,35.77,47.76,7.65
189.05,36.29,18.96,20.30,7.65,58.29,35.70,47.65,7.65
189.06,36.29,18.96,20.33,7.64,58.14,35.77,47.65,7.66
189.07,36.29,18.96,20.30,7.65,58.29,35.77,47.76,7.67
189.08,36.29,18.98,20.33,7.65,58.14,35.70,47.65,7.66
189.09,36.22,18.90,20.33,7.65,58.29,35.77,47.76,7.66
189.10,36.29,18.96,20.33,7.65,58.29,35.83,47.65,7.65
189.11,36.29,18.98,20.30,7.66,58.29,35.77,47.76,7.65
189.12,36.22,18.93,20.33,7.65,58.29,35.83,47.86,7.66
189.13,36.29,18.96,20.30,7.66,58.29,35.83,47.76,7.65
189.14,36.29,18.96,20.30,7.65,58.29,35.77,47.76,7.66
189.15,36.29,18.96,20.30,7.65,58.44,35.83,47.76,7.66
189.16,36.29,18.98,20.33,7.65,58.29,35.77,47.86,7.66
189.17,36.29,18.98,20.30,7.65,58.44,35.77,47.76,7.65
189.18,36.29,18.96,20.33,7.65,58.44,35.83,47.86,7.66
189.19,36.29,18.98,20.33,7.65,58.44,35.77,47.76,7.65
189.20,36.29,18.96,20.36,7.65,58.29,35.83,47.76,7.65
189.21,36.29,18.98,20.33,7.65,58.29,35.83,47.76,7.66
189.22,36.29,18.96,20.33,7.65,58.44,35.77,47.86,7.66
189.23,36.36,18.98,20.33,7.65,58.44,35.90,47.76,7.65
189.24,36.29,18.98,20.36,7.65,58.44,35.83,47.76,7.66
189.25,36.29,18.98,20.36,7.66,58.44,35.83,47.76,7.66
189.26,36.22,18.96,20.33,7.65,58.44,35.83,47.86,7.66
189.27,36.29,18.93,20.36,7.66,58.59,35.90,47.86,7.66
189.28,36.36,18.96,20.36,7.65,58.44,35.90,47.86,7.66
189.29,36.29,18.96,20.36,7.65,58.44,35.83,47.86,7.66
189.30,36.29,18.98,20.36,7.66,58.44,35.90,47.76,7.66
189.31,36.36,18.98,20.36,7.65,58.44,35.83,47.86,7.67
189.32,36.22,18.98,20.36,7.65,58.44,35.83,47.97,7.65
189.33,36.43,18.98,20.36,7.65,58.59,35.90,47.86,7.66
189.34,36.36,18.96,20.39,7.67,58.44,35.97,47.86,7.66
189.35,36.36,18.98,20.33,7.65,58.44,35.83,47.86,7.65
189.36,36.36,18.98,20.36,7.65,58.44,35.90,47.86,7.66
189.37,36.36,18.96,20.39,7.65,58.44,35.90,47.86,7.65
189.38,36.29,18.98,20.36,7.65,58.44,35.90,47.97,7.66
189.39,36.36,18.96,20.39,7.65,58.59,35.90,47.86,7.66
189.40,36.29,18.96,20.36,7.66,58.59,35.90,47.86,7.65
189.41,36.36,18.96,20.36,7.65,58.59,35.90,47.86,7.66
189.42,36.36,18.98,20.36,7.65,58.59,35.97,47.97,7.66
189.43,36.36,18.98,20.39,7.65,58.59,35.97,47.86,7.66
189.44,36.36,18.98,20.36,7.67,58.59,35.90,47.86,7.67
189.45,36.36,18.98,20.36,7.65,58.59,35.90,47.97,7.66
189.46,36.29,18.96,20.36,7.66,58.59,35.97,47.86,7.66
189.47,36.29,18.98,20.36,7.66,58.59,35.97,47.86,7.65
189.48,36.36,19.01,20.36,7.65,58.59,35.97,47.86,7.66
189.49,36.29,18.98,20.39,7.66,58.59,35.90,47.97,7.66
189.50,36.36,18.98,20.39,7.66,58.59,35.97,47.86,7.67
189.51,36.36,19.01,20.36,7.66,58.59,35.90,47.86,7.67
189.52,36.36,19.01,20.36,7.65,58.59,35.97,47.97,7.67
189.53,36.36,18.96,20.36,7.66,58.59,36.04,47.86,7.67
189.54,36.36,18.98,20.36,7.66,58.59,35.97,47.97,7.66
189.55,36.36,18.98,20.39,7.65,58.59,35.90,47.97,7.66
189.56,36.36,18.98,20.39,7.66,58.59,35.97,47.97,7.66
189.57,36.36,18.98,20.39,7.67,58.59,35.97,47.97,7.66
189.58,36.36,18.96,20.39,7.67,58.59,35.97,47.97,7.65
189.59,36.36,19.01,20.39,7.66,58.59,36.04,47.97,7.66
189.60,36.36,18.98,20.36,7.65,58.59,36.04,47.97,7.67
189.61,36.36,19.01,20.39,7.66,58.59,35.97,47.97,7.66
189.62,36.36,18.96,20.39,7.66,58.59,35.97,47.97,7.66
189.63,36.36,18.98,20.39,7.66,58.74,36.04,47.86,7.66
189.64,36.43,18.98,20.36,7.65,58.74,36.04,47.97,7.66
189.65,36.36,18.98,20.39,7.66,58.59,36.04,47.97,7.67
189.66,36.36,19.01,20.36,7.67,58.74,35.97,48.08,7.67
189.67,36.43,19.01,20.39,7.67,58.74,35.97,48.08,7.65
189.68,36.43,18.98,20.42,7.66,58.74,36.04,47.97,7.66
189.69,36.43,18.98,20.39,7.66,58.59,35.97,48.08,7.66
189.70,36.36,19.01,20.39,7.66,58.74,35.97,48.08,7.66
189.71,36.43,19.01,20.39,7.67,58.74,36.04,48.08,7.66
189.72,36.36,18.98,20.42,7.67,58.74,36.04,47.97,7.67
189.73,36.43,18.98,20.42,7.66,58.74,36.04,47.97,7.67
189.74,36.36,19.01,20.39,7.66,58.74,35.97,47.97,7.67
189.75,36.43,18.98,20.39,7.66,58.74,35.97,47.97,7.66
189.76,36.36,18.98,20.42,7.66,58.74,36.04,48.08,7.67
189.77,36.43,18.98,20.39,7.66,58.74,36.04,48.08,7.66
189.78,36.43,18.98,20.42,7.67,58.74,36.04,48.08,7.66
189.79,36.36,18.98,20.39,7.66,58.74,36.04,48.08,7.66
189.80,36.43,18.98,20.42,7.66,58.74,36.04,47.97,7.66
189.81,36.36,19.01,20.42,7.66,58.74,36.10,48.08,7.66
189.82,36.43,19.01,20.42,7.66,58.74,36.04,48.08,7.66
189.83,36.43,19.01,20.42,7.66,58.74,36.04,48.08,7.66
189.84,36.43,19.01,20.42,7.67,58.74,36.10,48.08,7.66
189.85,36.43,18.98,20.42,7.67,58.74,36.04,48.08,7.66
189.86,36.36,18.98,20.42,7.67,58.74,36.04,48.08,7.67
189.87,36.43,19.01,20.42,7.66,58.89,36.10,48.19,7.66
189.88,36.43,18.98,20.42,7.67,58.74,36.10,48.08,7.66
189.89,36.43,19.01,20.42,7.66,58.74,36.04,48.08,7.66
189.90,36.43,18.98,20.42,7.67,58.89,36.10,48.19,7.66
189.91,36.43,19.01,20.42,7.67,58.89,36.10,48.08,7.66
189.92,36.43,18.98,20.39,7.66,58.74,36.10,48.19,7.67
189.93,36.36,18.98,20.42,7.66,58.89,36.10,48.19,7.66
189.94,36.43,18.98,20.42,7.67,58.89,36.10,48.08,7.66
189.95,36.50,19.01,20.42,7.66,58.89,36.10,48.19,7.67
189.96,36.50,19.01,20.42,7.67,58.74,36.10,48.19,7.67
189.97,36.43,19.01,20.42,7.67,58.89,36.10,48.19,7.66
189.98,36.43,18.98,20.45,7.67,58.89,36.10,48.19,7.67
189.99,36.43,19.01,20.42,7.67,58.89,36.17,48.19,7.67
190.00,36.43,19.04,20.42,7.67,58.89,36.10,48.19,7.67
190.01,36.50,18.98,20.45,7.66,58.89,36.17,48.08,7.67
190.02,36.43,18.98,20.42,7.67,58.89,36.17,48.08,7.66
190.03,36.43,19.01,20.42,7.67,58.89,36.24,48.19,7.66
190.04,36.43,19.01,20.42,7.66,58.89,36.17,48.19,7.67
190.05,36.50,19.04,20.42,7.66,58.89,36.17,48.08,7.66
190.06,36.50,19.01,20.42,7.67,58.89,36.17,48.19,7.67
190.07,36.50,19.01,20.45,7.66,58.89,36.17,48.08,7.67
190.08,36.50,19.04,20.42,7.66,58.89,36.17,48.30,7.68
190.09,36.50,19.01,20.45,7.67,58.89,36.17,48.19,7.67
190.10,36.50,19.01,20.42,7.67,58.89,36.17,48.19,7.67
190.11,36.50,19.01,20.45,7.66,58.89,36.17,48.19,7.66
190.12,36.43,18.98,20.45,7.67,58.89,36.17,48.19,7.68
190.13,36.43,19.01,20.48,7.67,58.89,36.17,48.19,7.67
190.14,36.50,19.01,20.42,7.67,59.04,36.17,48.19,7.67
190.15,36.50,19.04,20.42,7.67,58.89,36.10,48.19,7.67
190.16,36.50,19.04,20.45,7.67,58.89,36.24,48.30,7.68
190.17,36.50,19.01,20.45,7.67,58.89,36.24,48.19,7.68
190.18,36.50,19.01,20.45,7.68,59.04,36.17,48.19,7.66
190.19,36.50,19.04,20.45,7.67,58.89,36.24,48.30,7.67
190.20,36.50,19.04,20.48,7.68,59.04,36.24,48.19,7.67
190.21,36.50,19.01,20.45,7.67,59.04,36.24,48.30,7.67
190.22,36.50,19.01,20.45,7.67,59.04,36.24,48.30,7.66
190.23,36.50,19.01,20.45,7.66,59.04,36.24,48.30,7.67
190.24,36.50,19.04,20.45,7.66,59.04,36.24,48.30,7.66
190.25,36.50,19.01,20.45,7.67,59.04,36.24,48.19,7.67
190.26,36.50,19.01,20.45,7.68,59.04,36.24,48.30,7.68
190.27,36.50,19.01,20.45,7.68,58.89,36.24,48.30,7.67
190.28,36.50,19.04,20.45,7.67,59.04,36.24,48.19,7.68
190.29,36.50,19.04,20.48,7.67,59.04,36.24,48.30,7.67
190.30,36.50,19.01,20.45,7.67,59.04,36.24,48.41,7.67
190.31,36.50,19.07,20.45,7.67,59.04,36.17,48.30,7.67
190.32,36.50,19.01,20.48,7.67,59.04,36.24,48.30,7.67
190.33,36.50,19.04,20.48,7.67,59.04,36.24,48.30,7.67
190.34,36.50,19.04,20.45,7.68,59.04,36.24,48.30,7.67
190.35,36.57,19.04,20.48,7.67,59.20,36.24,48.41,7.66
190.36,36.50,19.04,20.48,7.67,59.04,36.24,48.41,7.68
190.37,36.57,19.04,20.45,7.68,59.04,36.24,48.30,7.68
190.38,36.50,19.07,20.45,7.67,59.04,36.31,48.30,7.67
190.39,36.57,19.07,20.45,7.68,59.20,36.24,48.30,7.67
190.40,36.50,19.04,20.45,7.67,59.20,36.24,48.30,7.68
190.41,36.50,19.04,20.48,7.67,59.20,36.31,48.41,7.68
190.42,36.50,19.01,20.45,7.68,59.04,36.31,48.30,7.67
190.43,36.57,19.07,20.45,7.68,59.20,36.31,48.30,7.67
190.44,36.50,19.04,20.45,7.67,59.20,36.31,48.30,7.67
190.45,36.57,19.04,20.48,7.67,59.20,36.31,48.30,7.66
190.46,36.50,19.04,20.48,7.67,59.04,36.24,48.30,7.68
190.47,36.50,19.07,20.48,7.66,59.20,36.38,48.41,7.67
190.48,36.50,19.07,20.48,7.68,59.20,36.31,48.30,7.67
190.49,36.57,19.07,20.48,7.67,59.04,36.31,48.41,7.67
190.50,36.50,19.04,20.48,7.68,59.20,36.31,48.41,7.68
190.51,36.57,19.04,20.48,7.68,59.20,36.31,48.41,7.66
190.52,36.57,19.04,20.51,7.67,59.20,36.31,48.41,7.67
190.53,36.43,19.04,20.45,7.68,59.20,36.31,48.41,7.68
190.54,36.64,19.07,20.48,7.68,59.20,36.38,48.30,7.66
190.55,36.57,19.04,20.45,7.67,59.20,36.31,48.41,7.68
190.56,36.57,19.04,20.51,7.67,59.20,36.38,48.41,7.67
190.57,36.57,19.04,20.51,7.68,59.20,36.38,48.41,7.67
190.58,36.57,19.04,20.48,7.69,59.20,36.38,48.41,7.67
190.59,36.57,19.07,20.51,7.67,59.20,36.38,48.41,7.68
190.60,36.57,19.07,20.51,7.67,59.35,36.38,48.41,7.68
190.61,36.57,19.07,20.51,7.67,59.20,36.38,48.41,7.67
190.62,36.57,19.04,20.51,7.67,58.89,36.31,48.41,7.67
190.63,36.57,19.07,20.48,7.67,59.20,36.38,48.41,7.68
190.64,36.57,19.04,20.51,7.67,59.35,36.38,48.41,7.67
190.65,36.57,19.04,20.51,7.69,59.20,36.31,48.41,7.68
190.66,36.57,19.07,20.48,7.67,59.20,36.38,48.41,7.68
190.67,36.57,19.07,20.51,7.67,59.20,36.38,48.41,7.67
190.68,36.57,19.04,20.48,7.67,59.20,36.38,48.41,7.67
190.69,36.64,19.04,20.51,7.67,59.20,36.45,48.41,7.69
190.70,36.57,19.07,20.51,7.67,59.20,36.38,48.52,7.68
190.71,36.57,19.07,20.48,7.68,59.35,36.38,48.52,7.67
190.72,36.57,19.07,20.51,7.67,59.20,36.38,48.52,7.69
190.73,36.57,19.04,20.51,7.68,59.35,36.38,48.52,7.67
190.74,36.64,19.04,20.51,7.67,59.35,36.31,48.52,7.68
190.75,36.57,19.07,20.51,7.68,59.35,36.45,48.52,7.68
190.76,36.64,19.07,20.51,7.68,59.35,36.38,48.52,7.68
190.77,36.57,19.07,20.51,7.68,59.35,36.45,48.52,7.67
190.78,36.57,19.04,20.51,7.68,59.35,36.45,48.52,7.68
190.79,36.64,19.07,20.51,7.68,59.20,36.45,48.52,7.67
190.80,36.64,19.07,20.54,7.67,59.35,36.45,48.52,7.68
190.81,36.57,19.07,20.51,7.68,59.35,36.38,48.52,7.68
190.82,36.57,19.09,20.51,7.67,59.35,36.45,48.52,7.68
190.83,36.64,19.07,20.51,7.69,59.35,36.52,48.52,7.68
190.84,36.57,19.04,20.51,7.69,59.35,36.45,48.52,7.67
190.85,36.64,19.07,20.54,7.68,59.35,36.45,48.52,7.67
190.86,36.57,19.04,20.54,7.68,59.35,36.45,48.52,7.68
190.87,36.57,19.07,20.54,7.68,59.35,36.45,48.62,7.68
190.88,36.64,19.07,20.54,7.67,59.35,36.45,48.52,7.68
190.89,36.64,19.07,20.51,7.68,59.35,36.52,48.62,7.67
190.90,36.64,19.09,20.54,7.69,59.35,36.45,48.62,7.68
190.91,36.64,19.07,20.51,7.67,59.35,36.45,48.52,7.68
190.92,36.57,19.07,20.51,7.68,59.20,36.38,48.62,7.68
190.93,36.64,19.07,20.51,7.68,59.51,36.45,48.52,7.68
190.94,36.64,19.04,20.51,7.68,59.51,36.45,48.62,7.68
190.95,36.64,19.07,20.54,7.69,59.35,36.45,48.52,7.68
190.96,36.64,19.07,20.54,7.68,59.51,36.45,48.62,7.68
190.97,36.64,19.04,20.54,7.69,59.51,36.38,48.62,7.68
190.98,36.64,19.09,20.54,7.68,59.51,36.52,48.52,7.68
190.99,36.57,19.07,20.54,7.67,59.51,36.52,48.62,7.68
191.00,36.64,19.07,20.54,7.69,59.51,36.45,48.62,7.68
191.01,36.64,19.09,20.54,7.68,59.51,36.52,48.62,7.68
191.02,36.64,19.07,20.54,7.69,59.51,36.52,48.62,7.67
191.03,36.64,19.07,20.51,7.68,59.51,36.52,48.62,7.68
191.04,36.64,19.07,20.54,7.68,59.51,36.52,48.62,7.69
191.05,36.57,19.09,20.54,7.69,59.51,36.52,48.62,7.68
191.06,36.71,19.04,20.54,7.68,59.51,36.59,48.62,7.67
191.07,36.71,19.07,20.54,7.69,59.51,36.45,48.62,7.67
191.08,36.64,19.09,20.54,7.68,59.51,36.52,48.62,7.68
191.09,36.64,19.07,20.54,7.68,59.51,36.52,48.62,7.68
191.10,36.64,19.07,20.54,7.69,59.51,36.52,48.62,7.68
191.11,36.64,19.09,20.57,7.68,59.51,36.52,48.62,7.68
191.12,36.64,19.07,20.54,7.68,59.51,36.52,48.62,7.68
191.13,36.64,19.09,20.54,7.69,59.51,36.52,48.62,7.68
191.14,36.64,19.07,20.57,7.68,59.51,36.59,48.62,7.68
191.15,36.64,19.09,20.57,7.68,59.51,36.52,48.62,7.68
191.16,36.64,19.09,20.57,7.68,59.51,36.52,48.74,7.68
191.17,36.64,19.07,20.54,7.68,59.51,36.59,48.74,7.68
191.18,36.64,19.09,20.57,7.68,59.66,36.59,48.62,7.68
191.19,36.64,19.09,20.54,7.68,59.51,36.52,48.74,7.68
191.20,36.71,19.07,20.54,7.68,59.51,36.52,48.62,7.68
191.21,36.71,19.09,20.54,7.68,59.66,36.52,48.74,7.69
191.22,36.71,19.07,20.57,7.69,59.51,36.52,48.62,7.68
191.23,36.71,19.09,20.54,7.68,59.66,36.52,48.74,7.68
191.24,36.71,19.12,20.54,7.69,59.66,36.59,48.62,7.69
191.25,36.64,19.07,20.57,7.68,59.66,36.59,48.74,7.69
191.26,36.71,19.09,20.54,7.68,59.66,36.59,48.62,7.68
191.27,36.71,19.07,20.57,7.69,59.66,36.59,48.62,7.69
191.28,36.71,19.09,20.57,7.68,59.66,36.59,48.85,7.68
191.29,36.71,19.09,20.57,7.68,59.66,36.59,48.62,7.68
191.30,36.71,19.07,20.54,7.68,59.66,36.59,48.74,7.69
191.31,36.71,19.07,20.57,7.69,59.66,36.66,48.85,7.68
191.32,36.71,19.09,20.57,7.69,59.66,36.52,48.74,7.68
191.33,36.71,19.09,20.57,7.68,59.66,36.59,48.62,7.68
191.34,36.71,19.09,20.57,7.68,59.66,36.59,48.74,7.68
191.35,36.71,19.09,20.57,7.69,59.66,36.66,48.74,7.68
191.36,36.71,19.09,20.57,7.69,59.66,36.66,48.74,7.69
191.37,36.71,19.09,20.54,7.70,59.66,36.66,48.74,7.68
191.38,36.71,19.09,20.57,7.68,59.66,36.66,48.74,7.70
191.39,36.71,19.09,20.57,7.69,59.66,36.59,48.85,7.68
191.40,36.71,19.09,20.57,7.69,59.82,36.59,48.74,7.69
191.41,36.71,19.09,20.60,7.69,59.82,36.66,48.74,7.68
191.42,36.71,19.09,20.57,7.68,59.66,36.66,48.74,7.70
191.43,36.71,19.09,20.60,7.68,59.66,36.66,48.85,7.68
191.44,36.71,19.07,20.57,7.69,59.66,36.66,48.74,7.68
191.45,36.71,19.09,20.57,7.69,59.66,36.59,48.74,7.68
191.46,36.71,19.12,20.57,7.68,59.82,36.73,48.85,7.69
191.47,36.78,19.09,20.60,7.70,59.66,36.66,48.85,7.69
191.48,36.71,19.07,20.60,7.69,59.82,36.73,48.85,7.70
191.49,36.71,19.15,20.60,7.69,59.66,36.73,48.85,7.70
191.50,36.64,19.12,20.60,7.69,59.82,36.66,48.74,7.69
191.51,36.71,19.09,20.60,7.69,59.82,36.73,48.74,7.68
191.52,36.71,19.09,20.60,7.69,59.82,36.66,48.85,7.69
191.53,36.71,19.09,20.60,7.69,59.66,36.73,48.85,7.68
191.54,36.71,19.09,20.60,7.68,59.82,36.73,48.74,7.70
191.55,36.71,19.09,20.60,7.69,59.82,36.66,48.85,7.69
191.56,36.78,19.09,20.57,7.69,59.82,36.73,48.85,7.68
191.57,36.71,19.09,20.60,7.69,59.82,36.73,48.85,7.69
191.58,36.71,19.09,20.60,7.69,59.82,36.73,48.85,7.69
191.59,36.71,19.09,20.60,7.69,59.82,36.80,48.85,7.69
191.60,36.71,19.09,20.60,7.69,59.82,36.66,48.85,7.68
191.61,36.71,19.09,20.60,7.70,59.82,36.66,48.85,7.68
191.62,36.78,19.12,20.63,7.69,59.66,36.73,48.85,7.70
191.63,36.78,19.09,20.60,7.69,59.82,36.73,48.85,7.69
191.64,36.78,19.12,20.60,7.68,59.82,36.73,48.85,7.69
191.65,36.78,19.09,20.60,7.69,59.82,36.73,48.85,7.69
191.66,36.78,19.09,20.60,7.68,59.82,36.73,48.85,7.68
191.67,36.78,19.12,20.63,7.70,59.98,36.73,48.96,7.68
191.68,36.71,19.09,20.60,7.69,59.82,36.73,48.85,7.68
191.69,36.78,19.09,20.63,7.70,59.82,36.73,48.85,7.69
191.70,36.71,19.09,20.60,7.68,59.82,36.66,48.85,7.69
191.71,36.64,19.09,20.60,7.69,59.82,36.73,48.96,7.70
191.72,36.78,19.09,20.63,7.69,59.82,36.73,48.96,7.69
191.73,36.78,19.15,20.60,7.69,59.82,36.73,48.85,7.69
191.74,36.78,19.09,20.63,7.70,59.82,36.66,48.85,7.69
191.75,36.78,19.12,20.60,7.69,59.98,36.73,48.85,7.70
191.76,36.78,19.09,20.63,7.69,59.82,36.80,48.85,7.69
191.77,36.78,19.12,20.60,7.70,59.82,36.66,48.85,7.68
191.78,36.78,19.12,20.60,7.70,59.98,36.80,48.85,7.70
191.79,36.78,19.12,20.60,7.71,59.66,36.80,48.85,7.69
191.80,36.78,19.09,20.60,7.69,59.82,36.80,48.96,7.69
191.81,36.78,19.12,20.63,7.69,59.98,36.80,48.96,7.68
191.82,36.78,19.12,20.63,7.69,59.98,36.80,48.96,7.69
191.83,36.78,19.12,20.63,7.69,59.98,36.80,48.96,7.69
191.84,36.78,19.12,20.63,7.69,59.98,36.80,49.07,7.70
191.85,36.78,19.09,20.63,7.69,59.98,36.80,48.96,7.69
191.86,36.78,19.12,20.63,7.69,59.82,36.80,48.85,7.70
191.87,36.78,19.12,20.60,7.69,59.98,36.80,48.96,7.68
191.88,36.78,19.12,20.63,7.70,59.98,36.80,48.96,7.68
191.89,36.78,19.12,20.60,7.70,59.98,36.80,48.96,7.68
191.90,36.78,19.09,20.63,7.70,59.98,36.80,48.96,7.69
191.91,36.78,19.15,20.63,7.69,59.98,36.73,48.96,7.69
191.92,36.85,19.12,20.63,7.69,60.13,36.80,48.96,7.69
191.93,36.78,19.09,20.63,7.69,59.98,36.87,48.96,7.69
191.94,36.78,19.12,20.63,7.70,59.98,36.80,49.07,7.69
191.95,36.78,19.12,20.63,7.69,59.98,36.87,48.96,7.69
191.96,36.85,19.12,20.63,7.70,60.13,36.80,48.96,7.69
191.97,36.85,19.15,20.60,7.69,60.13,36.87,49.07,7.70
191.98,36.78,19.12,20.63,7.69,59.98,36.80,49.07,7.69
191.99,36.85,19.09,20.66,7.71,59.98,36.87,49.07,7.70
192.00,36.85,19.12,20.66,7.70,59.98,36.80,49.07,7.70
192.01,36.85,19.15,20.63,7.70,59.98,36.87,49.07,7.69
192.02,36.85,19.12,20.66,7.69,60.13,36.80,49.07,7.69
192.03,36.78,19.12,20.66,7.70,59.98,36.80,48.96,7.69
192.04,36.85,19.15,20.66,7.70,60.13,36.87,49.07,7.69
192.05,36.78,19.15,20.63,7.69,60.13,36.87,49.07,7.69
192.06,36.85,19.15,20.63,7.69,60.13,36.87,48.96,7.69
192.07,36.85,19.15,20.63,7.70,60.13,36.87,49.07,7.69
192.08,36.85,19.15,20.66,7.70,60.13,36.87,48.96,7.69
192.09,36.85,19.12,20.63,7.71,60.13,36.80,48.96,7.69
192.10,36.85,19.12,20.66,7.70,60.13,36.87,49.07,7.70
192.11,36.85,19.12,20.63,7.69,60.13,36.87,49.07,7.70
192.12,36.85,19.12,20.63,7.71,59.98,36.87,48.96,7.70
192.13,36.85,19.15,20.66,7.71,60.13,36.94,49.18,7.70
192.14,36.78,19.15,20.66,7.69,60.13,36.94,49.07,7.69
192.15,36.85,19.12,20.63,7.71,60.13,36.87,49.07,7.69
192.16,36.85,19.15,20.66,7.70,60.13,36.87,49.07,7.69
192.17,36.85,19.12,20.66,7.69,60.13,36.87,49.07,7.70
192.18,36.78,19.12,20.66,7.70,59.98,36.94,49.07,7.69
192.19,36.85,19.15,20.66,7.71,60.13,36.94,49.07,7.69
192.20,36.85,19.15,20.66,7.71,60.13,36.94,49.07,7.69
192.21,36.85,19.12,20.66,7.71,60.13,36.94,49.07,7.70
192.22,36.85,19.12,20.69,7.71,60.29,36.94,49.07,7.70
192.23,36.85,19.15,20.66,7.70,60.13,36.94,49.07,7.69
192.24,36.85,19.15,20.66,7.71,60.13,36.94,49.18,7.70
192.25,36.85,19.15,20.69,7.71,60.13,36.94,49.18,7.70
192.26,36.85,19.15,20.66,7.69,60.13,36.87,49.18,7.70
192.27,36.85,19.12,20.66,7.70,60.13,36.94,49.07,7.70
192.28,36.92,19.15,20.66,7.71,60.13,36.94,49.18,7.70
192.29,36.85,19.15,20.69,7.70,60.13,36.94,49.18,7.70
192.30,36.85,19.12,20.69,7.71,60.29,36.94,49.07,7.70
192.31,36.85,19.15,20.66,7.70,60.13,36.94,49.07,7.69
192.32,36.85,19.15,20.69,7.70,60.29,36.94,49.18,7.70
192.33,36.85,19.15,20.66,7.69,60.13,37.08,49.18,7.70
192.34,36.85,19.15,20.69,7.70,60.13,37.01,49.07,7.70
192.35,36.85,19.15,20.66,7.70,60.29,37.01,49.18,7.70
192.36,36.92,19.15,20.66,7.70,60.13,36.94,49.18,7.70
192.37,36.78,19.15,20.69,7.70,60.29,37.01,49.18,7.71
192.38,36.85,19.15,20.69,7.70,60.29,37.01,49.07,7.70
192.39,36.85,19.15,20.66,7.70,60.29,36.94,49.18,7.69
192.40,36.85,19.17,20.66,7.71,60.29,36.94,49.18,7.70
192.41,36.92,19.12,20.69,7.70,60.29,37.01,49.18,7.70
192.42,36.99,19.15,20.69,7.70,60.29,37.01,49.30,7.70
192.43,36.92,19.15,20.66,7.71,60.29,37.01,49.18,7.70
192.44,36.85,19.15,20.69,7.71,60.29,37.01,49.18,7.69
192.45,36.85,19.15,20.69,7.70,60.29,36.94,49.18,7.69
192.46,36.85,19.15,20.69,7.71,60.29,37.01,49.18,7.70
192.47,36.85,19.15,20.69,7.72,60.29,36.94,49.18,7.70
192.48,36.92,19.17,20.66,7.70,60.29,37.01,49.18,7.70
192.49,36.92,19.12,20.72,7.70,60.29,37.01,49.18,7.70
192.50,36.85,19.15,20.69,7.71,60.29,36.94,49.18,7.70
192.51,36.92,19.15,20.72,7.71,60.29,37.01,49.18,7.70
192.52,36.92,19.17,20.69,7.71,60.45,37.01,49.18,7.70
192.53,36.92,19.15,20.69,7.70,60.45,37.01,49.18,7.71
192.54,36.85,19.15,20.69,7.71,60.45,37.01,49.18,7.70
192.55,36.92,19.15,20.69,7.70,60.45,36.94,49.18,7.70
192.56,36.92,19.17,20.69,7.71,60.29,37.01,49.18,7.70
192.57,36.92,19.15,20.69,7.70,60.29,36.94,49.18,7.69
192.58,36.92,19.15,20.69,7.71,60.29,36.94,49.30,7.70
192.59,36.92,19.15,20.69,7.71,60.29,36.94,49.18,7.70
192.60,36.92,19.17,20.69,7.71,60.29,37.01,49.18,7.71
192.61,36.92,19.17,20.69,7.70,60.29,37.01,49.18,7.70
192.62,36.92,19.17,20.72,7.71,60.29,37.08,49.30,7.70
192.63,36.92,19.12,20.69,7.71,60.45,37.01,49.30,7.70
192.64,36.92,19.15,20.69,7.72,60.29,37.01,49.30,7.70
192.65,36.92,19.15,20.72,7.72,60.29,37.08,49.30,7.70
192.66,36.92,19.15,20.72,7.70,60.45,37.01,49.30,7.71
192.67,36.92,19.17,20.69,7.71,60.29,37.01,49.30,7.70
192.68,36.92,19.12,20.72,7.70,60.29,37.08,49.30,7.70
192.69,36.92,19.15,20.69,7.70,60.29,37.01,49.30,7.70
192.70,36.92,19.20,20.69,7.71,60.29,37.08,49.30,7.70
192.71,36.92,19.15,20.72,7.71,60.45,37.01,49.30,7.70
192.72,36.92,19.12,20.72,7.70,60.45,37.08,49.30,7.70
192.73,36.99,19.17,20.69,7.72,60.45,37.08,49.18,7.71
192.74,36.99,19.15,20.72,7.71,60.29,37.08,49.30,7.71
192.75,36.92,19.15,20.72,7.71,60.45,37.08,49.30,7.70
192.76,36.92,19.17,20.69,7.72,60.45,37.08,49.30,7.69
192.77,36.92,19.17,20.69,7.71,60.45,37.15,49.30,7.70
192.78,36.92,19.17,20.72,7.71,60.45,37.01,49.30,7.70
192.79,36.92,19.17,20.69,7.70,60.45,37.22,49.30,7.70
192.80,36.99,19.15,20.72,7.71,60.29,37.15,49.30,7.71
192.81,36.92,19.17,20.72,7.71,60.45,37.08,49.30,7.69
192.82,36.92,19.17,20.72,7.71,60.45,37.15,49.30,7.70
192.83,36.92,19.15,20.72,7.71,60.29,37.08,49.30,7.70
192.84,36.92,19.15,20.72,7.71,60.45,37.08,49.30,7.70
192.85,36.99,19.20,20.72,7.71,60.45,37.22,49.30,7.70
192.86,36.92,19.17,20.75,7.71,60.45,37.08,49.30,7.70
192.87,36.99,19.15,20.72,7.71,60.45,37.08,49.41,7.70
192.88,36.92,19.15,20.69,7.71,60.45,37.08,49.41,7.71
192.89,36.99,19.20,20.72,7.70,60.45,37.08,49.30,7.70
192.90,37.06,19.17,20.72,7.71,60.45,37.08,49.30,7.71
192.91,36.85,19.15,20.69,7.71,60.29,37.08,49.30,7.71
192.92,36.99,19.15,20.75,7.71,60.45,37.15,49.30,7.70
192.93,36.99,19.15,20.69,7.71,60.45,37.08,49.41,7.71
192.94,36.99,19.17,20.72,7.71,60.45,37.22,49.41,7.70
192.95,36.99,19.17,20.72,7.71,60.45,37.08,49.41,7.70
192.96,36.99,19.17,20.72,7.71,60.77,37.15,49.41,7.70
192.97,36.99,19.17,20.75,7.71,60.45,37.15,49.30,7.70
192.98,36.99,19.17,20.72,7.70,60.61,37.15,49.41,7.70
192.99,36.99,19.15,20.75,7.71,60.61,37.15,49.41,7.70
193.00,36.99,19.17,20.75,7.71,60.61,37.15,49.41,7.70
193.01,36.99,19.17,20.72,7.72,60.45,37.15,49.30,7.70
193.02,36.99,19.17,20.72,7.72,60.45,37.15,49.41,7.71
193.03,36.92,19.17,20.75,7.71,60.45,37.22,49.52,7.70
193.04,36.99,19.17,20.72,7.71,60.45,37.15,49.52,7.70
193.05,36.99,19.17,20.75,7.71,60.61,37.15,49.52,7.70
193.06,36.99,19.15,20.72,7.72,60.61,37.15,49.41,7.70
193.07,36.99,19.20,20.75,7.71,60.61,37.15,49.41,7.71
193.08,36.99,19.17,20.72,7.71,60.61,37.15,49.41,7.70
193.09,36.99,19.17,20.72,7.71,60.61,37.15,49.41,7.71
193.10,36.99,19.17,20.75,7.71,60.61,37.15,49.41,7.71
193.11,36.99,19.17,20.72,7.71,60.77,37.15,49.41,7.70
193.12,36.99,19.20,20.75,7.71,60.61,37.15,49.41,7.71
193.13,36.99,19.17,20.75,7.72,60.61,37.15,49.41,7.70
193.14,36.99,19.17,20.72,7.72,60.61,37.22,49.41,7.71
193.15,36.99,19.17,20.72,7.71,60.61,37.15,49.52,7.71
193.16,36.99,19.17,20.75,7.71,60.61,37.15,49.52,7.70
193.17,36.99,19.17,20.75,7.71,60.61,37.15,49.41,7.70
193.18,36.99,19.20,20.75,7.71,60.77,37.22,49.52,7.71
193.19,36.99,19.17,20.75,7.71,60.77,37.22,49.52,7.70
193.20,36.99,19.20,20.75,7.71,60.61,37.22,49.52,7.72
193.21,36.99,19.17,20.75,7.71,60.61,37.22,49.41,7.70
193.22,36.99,19.17,20.75,7.71,60.61,37.22,49.52,7.71
193.23,36.99,19.17,20.75,7.72,60.77,37.22,49.52,7.70
193.24,36.99,19.17,20.75,7.71,60.61,37.30,49.52,7.70
193.25,36.99,19.17,20.72,7.71,60.77,37.22,49.52,7.70
193.26,36.99,19.20,20.75,7.71,60.61,37.30,49.52,7.71
193.27,36.99,19.17,20.75,7.71,60.61,37.22,49.52,7.71
193.28,37.06,19.17,20.75,7.71,60.61,37.22,49.52,7.71
193.29,36.99,19.20,20.75,7.71,60.61,37.30,49.52,7.70
193.30,36.99,19.17,20.75,7.72,60.77,37.22,49.52,7.72
193.31,36.99,19.17,20.78,7.71,60.77,37.30,49.52,7.71
193.32,36.99,19.17,20.75,7.71,60.61,37.22,49.52,7.72
193.33,37.06,19.20,20.75,7.71,60.61,37.30,49.52,7.70
193.34,36.99,19.17,20.75,7.71,60.77,37.30,49.52,7.72
193.35,36.99,19.17,20.78,7.71,60.61,37.30,49.52,7.72
193.36,36.99,19.17,20.75,7.73,60.77,37.30,49.52,7.71
193.37,37.06,19.17,20.78,7.71,60.77,37.30,49.52,7.70
193.38,36.99,19.17,20.78,7.72,60.61,37.22,49.52,7.71
193.39,36.99,19.17,20.75,7.71,60.77,37.30,49.52,7.70
193.40,37.06,19.20,20.75,7.73,60.77,37.30,49.52,7.71
193.41,37.06,19.20,20.78,7.72,60.77,37.30,49.52,7.71
193.42,36.99,19.17,20.78,7.72,60.77,37.30,49.52,7.71
193.43,37.06,19.20,20.75,7.73,60.77,37.30,49.41,7.71
193.44,36.99,19.17,20.75,7.71,60.77,37.30,49.64,7.72
193.45,37.06,19.20,20.75,7.71,60.77,37.22,49.52,7.71
193.46,36.99,19.17,20.75,7.71,60.94,37.30,49.52,7.71
193.47,36.99,19.17,20.75,7.71,60.77,37.30,49.52,7.71
193.48,36.99,19.17,20.78,7.72,60.77,37.30,49.52,7.70
193.49,37.06,19.23,20.78,7.72,60.94,37.30,49.64,7.71
193.50,37.06,19.20,20.78,7.72,60.77,37.30,49.52,7.71
193.51,37.06,19.20,20.78,7.71,60.94,37.30,49.64,7.71
193.52,37.06,19.17,20.78,7.71,60.77,37.30,49.52,7.70
193.53,37.06,19.20,20.78,7.72,60.77,37.30,49.52,7.71
193.54,37.06,19.20,20.78,7.72,60.77,37.30,49.64,7.71
193.55,37.06,19.20,20.78,7.72,60.94,37.30,49.64,7.71
193.56,37.06,19.23,20.81,7.72,60.77,37.30,49.64,7.71
193.57,36.99,19.20,20.78,7.71,60.77,37.30,49.52,7.71
193.58,37.06,19.20,20.78,7.72,60.94,37.37,49.64,7.72
193.59,37.06,19.20,20.78,7.72,60.77,37.30,49.52,7.72
193.60,37.06,19.17,20.78,7.73,60.77,37.37,49.64,7.71
193.61,37.13,19.20,20.78,7.72,60.77,37.37,49.64,7.71
193.62,37.06,19.20,20.78,7.71,60.94,37.37,49.64,7.71
193.63,37.06,19.17,20.78,7.72,60.77,37.30,49.64,7.71
193.64,37.06,19.20,20.78,7.72,60.77,37.30,49.64,7.72
193.65,37.06,19.20,20.78,7.73,60.94,37.37,49.64,7.72
193.66,37.06,19.17,20.78,7.72,60.94,37.37,49.64,7.71
193.67,37.06,19.23,20.81,7.71,60.94,37.37,49.64,7.71
193.68,37.06,19.20,20.78,7.73,60.94,37.37,49.64,7.71
193.69,37.06,19.20,20.78,7.72,60.94,37.37,49.64,7.71
193.70,37.06,19.20,20.78,7.73,60.94,37.44,49.64,7.72
193.71,37.06,19.20,20.81,7.73,60.94,37.37,49.64,7.71
193.72,37.06,19.20,20.81,7.72,60.94,37.37,49.64,7.72
193.73,37.06,19.20,20.78,7.72,60.94,37.30,49.64,7.71
193.74,37.06,19.20,20.81,7.72,60.94,37.37,49.75,7.71
193.75,37.06,19.20,20.81,7.72,60.94,37.37,49.64,7.71
193.76,37.06,19.23,20.78,7.73,60.94,37.37,49.64,7.70
193.77,37.06,19.20,20.81,7.72,60.94,37.37,49.64,7.72
193.78,37.06,19.20,20.78,7.72,60.94,37.37,49.75,7.71
193.79,37.06,19.20,20.81,7.72,60.94,37.37,49.64,7.71
193.80,37.13,19.20,20.78,7.72,60.94,37.37,49.75,7.71
193.81,37.13,19.20,20.81,7.72,60.94,37.44,49.64,7.72
193.82,37.06,19.20,20.84,7.73,60.94,37.37,49.75,7.72
193.83,37.13,19.20,20.81,7.73,60.94,37.37,49.75,7.73
193.84,37.13,19.20,20.81,7.72,60.94,37.37,49.75,7.71
193.85,37.06,19.15,20.81,7.72,61.10,37.44,49.64,7.72
193.86,37.13,19.20,20.81,7.73,61.10,37.44,49.75,7.71
193.87,37.06,19.23,20.84,7.73,60.94,37.37,49.64,7.71
193.88,37.06,19.20,20.81,7.72,60.94,37.37,49.75,7.72
193.89,37.13,19.20,20.78,7.73,60.94,37.44,49.75,7.71
193.90,37.13,19.20,20.81,7.72,61.10,37.44,49.75,7.72
193.91,37.13,19.23,20.81,7.72,61.10,37.44,49.64,7.72
193.92,37.13,19.23,20.81,7.72,60.94,37.37,49.75,7.73
193.93,37.13,19.23,20.81,7.74,60.94,37.37,49.75,7.71
193.94,37.13,19.20,20.84,7.72,60.94,37.44,49.75,7.72
193.95,37.13,19.23,20.78,7.72,60.94,37.37,49.75,7.71
193.96,37.13,19.26,20.81,7.73,61.10,37.51,49.75,7.71
193.97,37.13,19.23,20.81,7.72,61.10,37.51,49.75,7.71
193.98,37.13,19.23,20.81,7.72,61.10,37.37,49.75,7.72
193.99,37.06,19.20,20.81,7.73,61.10,37.37,49.75,7.71
194.00,37.13,19.20,20.84,7.73,61.10,37.44,49.75,7.72
194.01,37.13,19.23,20.84,7.73,61.10,37.51,49.75,7.72
194.02,37.13,19.20,20.81,7.73,61.10,37.37,49.75,7.70
194.03,37.13,19.20,20.81,7.72,61.10,37.51,49.75,7.72
194.04,37.13,19.23,20.81,7.72,61.10,37.51,49.87,7.72
194.05,37.13,19.23,20.84,7.72,61.10,37.44,49.75,7.72
194.06,37.13,19.20,20.81,7.72,61.10,37.51,49.75,7.72
194.07,37.20,19.23,20.81,7.73,61.10,37.51,49.64,7.72
194.08,37.06,19.23,20.84,7.73,61.10,37.37,49.87,7.72
194.09,37.13,19.20,20.84,7.73,61.10,37.51,49.87,7.72
194.10,37.13,19.23,20.84,7.73,61.10,37.51,49.75,7.72
194.11,37.13,19.23,20.81,7.73,61.10,37.51,49.75,7.71
194.12,37.13,19.23,20.84,7.72,61.10,37.44,49.75,7.72
194.13,37.13,19.23,20.81,7.72,61.10,37.44,49.87,7.72
194.14,37.13,19.23,20.84,7.73,61.10,37.51,49.87,7.71
194.15,37.13,19.23,20.84,7.72,61.10,37.51,49.87,7.72
194.16,37.13,19.23,20.84,7.72,61.26,37.51,49.75,7.71
194.17,37.20,19.23,20.84,7.72,60.94,37.58,49.87,7.72
194.18,37.13,19.23,20.84,7.72,61.26,37.51,49.75,7.72
194.19,37.13,19.20,20.88,7.73,61.10,37.51,49.87,7.71
194.20,37.20,19.23,20.84,7.73,61.10,37.51,49.75,7.72
194.21,37.13,19.20,20.84,7.72,61.10,37.58,49.75,7.72
194.22,37.13,19.23,20.84,7.73,61.10,37.51,49.98,7.73
194.23,37.20,19.23,20.84,7.73,61.10,37.44,49.64,7.72
194.24,37.13,19.23,20.84,7.74,61.10,37.51,49.87,7.73
194.25,37.20,19.23,20.84,7.72,61.10,37.51,49.75,7.72
194.26,37.20,19.23,20.84,7.72,61.26,37.51,49.87,7.73
194.27,37.20,19.23,20.84,7.73,61.10,37.51,49.87,7.73
194.28,37.20,19.23,20.84,7.73,61.10,37.51,49.75,7.72
194.29,37.20,19.23,20.84,7.73,61.10,37.58,49.87,7.73
194.30,37.20,19.23,20.84,7.73,61.26,37.51,49.75,7.71
194.31,37.13,19.26,20.84,7.74,61.26,37.51,49.87,7.72
194.32,37.13,19.20,20.84,7.74,61.10,37.58,49.87,7.72
194.33,37.20,19.26,20.84,7.74,61.26,37.58,49.87,7.72
194.34,37.13,19.23,20.84,7.72,61.26,37.58,49.87,7.72
194.35,37.13,19.23,20.84,7.73,61.26,37.58,49.87,7.72
194.36,37.20,19.23,20.84,7.73,61.26,37.58,49.87,7.72
194.37,37.20,19.26,20.84,7.73,61.26,37.51,49.87,7.72
194.38,37.20,19.26,20.88,7.74,61.10,37.58,49.87,7.72
194.39,37.13,19.26,20.88,7.73,61.10,37.66,49.98,7.73
194.40,37.20,19.26,20.88,7.73,61.42,37.66,49.98,7.72
194.41,37.20,19.26,20.84,7.73,61.26,37.58,49.87,7.72
194.42,37.20,19.23,20.84,7.73,61.26,37.51,49.98,7.72
194.43,37.20,19.23,20.88,7.75,61.26,37.58,49.98,7.74
194.44,37.20,19.26,20.84,7.74,61.26,37.58,49.98,7.72
194.45,37.20,19.23,20.84,7.73,61.26,37.58,49.87,7.72
194.46,37.20,19.26,20.84,7.74,61.26,37.58,49.87,7.72
194.47,37.20,19.26,20.88,7.73,61.26,37.58,49.98,7.73
194.48,37.20,19.23,20.91,7.74,61.26,37.58,49.98,7.72
194.49,37.13,19.26,20.84,7.73,61.42,37.66,49.87,7.72
194.50,37.20,19.26,20.88,7.73,61.26,37.58,49.87,7.72
194.51,37.20,19.23,20.88,7.73,61.26,37.58,49.98,7.72
194.52,37.20,19.23,20.88,7.73,61.26,37.58,49.98,7.72
194.53,37.20,19.26,20.84,7.73,61.42,37.58,49.98,7.72
194.54,37.20,19.23,20.88,7.73,61.42,37.66,49.98,7.73
194.55,37.20,19.26,20.88,7.73,61.42,37.66,49.98,7.72
194.56,37.20,19.23,20.84,7.74,61.42,37.58,49.98,7.72
194.57,37.20,19.26,20.88,7.73,61.26,37.66,49.87,7.73
194.58,37.27,19.23,20.91,7.73,61.26,37.66,49.98,7.72
194.59,37.20,19.26,20.88,7.73,61.42,37.58,50.10,7.73
194.60,37.20,19.26,20.88,7.73,61.42,37.66,49.87,7.72
194.61,37.20,19.26,20.88,7.73,61.26,37.58,49.98,7.72
194.62,37.27,19.26,20.84,7.73,61.42,37.66,49.98,7.72
194.63,37.20,19.26,20.88,7.73,61.42,37.66,50.10,7.72
194.64,37.20,19.26,20.91,7.74,61.26,37.66,49.98,7.73
194.65,37.20,19.23,20.88,7.74,61.42,37.66,49.98,7.73
194.66,37.20,19.23,20.91,7.73,61.42,37.66,49.98,7.73
194.67,37.20,19.23,20.91,7.73,61.42,37.66,50.10,7.73
194.68,37.27,19.26,20.88,7.73,61.26,37.66,50.10,7.73
194.69,37.20,19.26,20.88,7.74,61.42,37.66,49.98,7.72
194.70,37.20,19.23,20.91,7.73,61.42,37.66,49.98,7.73
194.71,37.20,19.26,20.88,7.73,61.42,37.66,50.10,7.73
194.72,37.20,19.26,20.91,7.73,61.42,37.66,49.98,7.72
194.73,37.27,19.28,20.91,7.74,61.42,37.66,50.10,7.73
194.74,37.20,19.26,20.88,7.74,61.42,37.66,50.10,7.72
194.75,37.20,19.28,20.91,7.73,61.42,37.66,49.98,7.73
194.76,37.20,19.26,20.91,7.73,61.42,37.66,50.10,7.72
194.77,37.27,19.26,20.88,7.73,61.42,37.66,49.98,7.72
194.78,37.20,19.26,20.91,7.73,61.42,37.66,49.98,7.73
194.79,37.20,19.26,20.88,7.74,61.42,37.66,50.10,7.72
194.80,37.20,19.23,20.91,7.75,61.59,37.66,49.98,7.73
194.81,37.27,19.26,20.91,7.73,61.42,37.66,50.10,7.73
194.82,37.20,19.28,20.91,7.73,61.42,37.66,50.10,7.74
194.83,37.27,19.26,20.91,7.74,61.42,37.66,49.98,7.73
194.84,37.27,19.26,20.88,7.73,61.42,37.73,50.10,7.72
194.85,37.20,19.26,20.88,7.73,61.59,37.73,50.10,7.73
194.86,37.20,19.28,20.91,7.74,61.42,37.73,50.10,7.73
194.87,37.27,19.28,20.91,7.74,61.59,37.73,50.10,7.74
194.88,37.20,19.26,20.88,7.73,61.42,37.66,49.98,7.73
194.89,37.27,19.28,20.91,7.74,61.42,37.73,50.10,7.73
194.90,37.27,19.26,20.94,7.74,61.42,37.66,50.10,7.73
194.91,37.27,19.28,20.91,7.75,61.42,37.66,50.21,7.72
194.92,37.27,19.28,20.88,7.73,61.59,37.73,49.98,7.73
194.93,37.27,19.28,20.91,7.73,61.59,37.66,50.10,7.73
194.94,37.27,19.28,20.91,7.74,61.42,37.73,50.10,7.72
194.95,37.27,19.26,20.91,7.74,61.59,37.80,50.10,7.74
194.96,37.27,19.28,20.91,7.74,61.42,37.73,50.10,7.74
194.97,37.27,19.26,20.91,7.74,61.59,37.80,50.10,7.73
194.98,37.27,19.26,20.91,7.74,61.59,37.66,50.10,7.74
194.99,37.27,19.28,20.91,7.73,61.59,37.80,50.10,7.73
195.00,37.27,19.28,20.91,7.74,61.59,37.73,50.21,7.73
195.01,37.27,19.26,20.91,7.73,61.59,37.58,50.10,7.73
195.02,37.27,19.28,20.91,7.75,61.59,37.80,50.10,7.72
195.03,37.27,19.23,20.91,7.74,61.42,37.73,50.10,7.72
195.04,37.27,19.28,20.94,7.74,61.59,37.73,50.10,7.73
195.05,37.27,19.26,20.91,7.73,61.59,37.73,50.10,7.74
195.06,37.27,19.28,20.94,7.73,61.42,37.80,50.21,7.73
195.07,37.27,19.26,20.91,7.75,61.59,37.80,50.10,7.73
195.08,37.27,19.28,20.91,7.74,61.59,37.73,50.10,7.72
195.09,37.27,19.26,20.91,7.74,61.42,37.73,50.10,7.73
195.10,37.27,19.26,20.91,7.74,61.59,37.73,50.21,7.73
195.11,37.27,19.26,20.91,7.74,61.59,37.80,50.10,7.73
195.12,37.27,19.26,20.91,7.75,61.59,37.80,50.21,7.73
195.13,37.27,19.28,20.94,7.74,61.59,37.80,50.21,7.73
195.14,37.27,19.26,20.91,7.73,61.59,37.80,50.10,7.73
195.15,37.27,19.26,20.97,7.75,61.59,37.66,50.10,7.73
195.16,37.27,19.28,20.94,7.74,61.59,37.88,50.21,7.73
195.17,37.27,19.28,20.91,7.74,61.59,37.80,50.21,7.73
195.18,37.27,19.26,20.91,7.75,61.59,37.80,50.21,7.72
195.19,37.27,19.26,20.91,7.74,61.59,37.80,50.10,7.73
195.20,37.27,19.26,20.94,7.75,61.76,37.80,50.21,7.74
195.21,37.27,19.28,20.91,7.75,61.59,37.73,50.21,7.73
195.22,37.27,19.26,20.94,7.74,61.59,37.88,50.21,7.74
195.23,37.27,19.28,20.94,7.75,61.59,37.88,50.21,7.72
195.24,37.27,19.26,20.91,7.74,61.59,37.80,50.21,7.73
195.25,37.27,19.28,20.94,7.74,61.59,37.88,50.21,7.74
195.26,37.27,19.26,20.94,7.75,61.59,37.80,50.10,7.74
195.27,37.35,19.28,20.91,7.74,61.76,37.80,50.21,7.73
195.28,37.20,19.26,20.91,7.74,61.59,37.80,50.33,7.73
195.29,37.27,19.28,20.94,7.74,61.59,37.88,50.21,7.73
195.30,37.27,19.28,20.91,7.74,61.59,37.80,50.21,7.73
195.31,37.27,19.28,20.94,7.74,61.76,37.73,50.21,7.73
195.32,37.35,19.26,20.94,7.74,61.59,37.80,50.21,7.73
195.33,37.35,19.28,20.94,7.74,61.59,37.80,50.21,7.73
195.34,37.35,19.28,20.94,7.74,61.76,37.80,50.21,7.73
195.35,37.35,19.28,20.94,7.74,61.76,37.80,50.33,7.73
195.36,37.35,19.31,20.91,7.74,61.59,37.88,50.21,7.72
195.37,37.27,19.26,20.94,7.74,61.59,37.88,50.21,7.73
195.38,37.27,19.28,20.91,7.74,61.76,37.88,50.33,7.73
195.39,37.35,19.26,20.94,7.75,61.76,37.88,50.33,7.73
195.40,37.27,19.28,20.94,7.74,61.76,37.80,50.10,7.73
195.41,37.35,19.31,20.97,7.74,61.76,37.80,50.33,7.73
195.42,37.27,19.28,20.94,7.74,61.59,37.88,50.33,7.73
195.43,37.35,19.28,20.94,7.74,61.76,37.88,50.21,7.73
195.44,37.27,19.28,20.94,7.74,61.59,37.88,50.21,7.73
195.45,37.35,19.28,20.94,7.74,61.76,37.88,50.21,7.73
195.46,37.27,19.28,20.94,7.74,61.76,37.88,50.21,7.74
195.47,37.35,19.28,20.94,7.74,61.76,37.88,50.33,7.73
195.48,37.27,19.26,20.97,7.74,61.76,37.88,50.33,7.74
195.49,37.35,19.28,20.97,7.74,61.76,37.88,50.21,7.73
195.50,37.35,19.28,20.94,7.74,61.76,37.95,50.33,7.74
195.51,37.35,19.28,20.94,7.74,61.92,37.80,50.21,7.73
195.52,37.35,19.31,20.94,7.74,61.76,37.88,50.21,7.73
195.53,37.35,19.28,20.94,7.74,61.76,37.88,50.21,7.74
195.54,37.35,19.28,20.97,7.76,61.76,37.88,50.33,7.73
195.55,37.35,19.31,20.94,7.75,61.76,37.88,50.33,7.75
195.56,37.35,19.28,20.94,7.75,61.76,37.88,50.33,7.73
195.57,37.27,19.28,20.97,7.74,61.76,37.88,50.21,7.73
195.58,37.35,19.28,20.94,7.75,61.76,37.88,50.33,7.74
195.59,37.35,19.28,20.97,7.75,61.76,37.88,50.33,7.73
195.60,37.27,19.28,20.94,7.74,61.76,37.88,50.21,7.74
195.61,37.42,19.31,20.94,7.75,61.76,37.88,50.33,7.74
195.62,37.27,19.31,20.97,7.74,61.76,37.95,50.33,7.74
195.63,37.35,19.28,20.94,7.75,61.76,37.88,50.33,7.74
195.64,37.35,19.28,20.97,7.75,61.92,37.95,50.33,7.74
195.65,37.35,19.28,20.97,7.75,61.92,37.95,50.33,7.73
195.66,37.35,19.31,20.94,7.74,61.92,37.88,50.21,7.73
195.67,37.35,19.28,20.97,7.74,61.76,37.88,50.33,7.73
195.68,37.35,19.28,21.00,7.75,61.76,37.95,50.21,7.73
195.69,37.35,19.28,20.97,7.75,61.92,37.88,50.21,7.74
195.70,37.35,19.31,20.97,7.75,61.76,37.88,50.45,7.73
195.71,37.35,19.28,20.94,7.75,61.92,37.95,50.45,7.74
195.72,37.35,19.26,20.97,7.76,61.92,37.95,50.33,7.74
195.73,37.35,19.28,20.97,7.76,61.92,37.95,50.33,7.73
195.74,37.42,19.28,20.97,7.75,61.92,37.88,50.33,7.74
195.75,37.35,19.31,20.97,7.74,61.76,37.88,50.33,7.73
195.76,37.35,19.28,20.94,7.74,61.92,37.95,50.33,7.74
195.77,37.35,19.28,20.97,7.75,61.76,37.95,50.33,7.74
195.78,37.35,19.31,20.97,7.76,61.92,37.88,50.33,7.73
195.79,37.35,19.31,20.97,7.75,61.92,37.88,50.21,7.74
195.80,37.35,19.28,20.97,7.75,61.92,37.88,50.33,7.73
195.81,37.42,19.28,20.97,7.75,61.92,37.88,50.45,7.73
195.82,37.42,19.31,20.97,7.75,61.92,37.95,50.33,7.74
195.83,37.42,19.28,20.97,7.75,62.09,37.95,50.33,7.73
195.84,37.35,19.28,20.97,7.75,61.92,38.02,50.45,7.74
195.85,37.35,19.31,20.97,7.75,61.92,37.95,50.45,7.74
195.86,37.35,19.31,21.00,7.76,61.92,37.95,50.33,7.74
195.87,37.42,19.28,20.97,7.75,61.92,37.95,50.33,7.74
195.88,37.35,19.31,20.97,7.75,61.92,37.95,50.45,7.74
195.89,37.35,19.31,20.97,7.76,61.92,37.95,50.45,7.74
195.90,37.42,19.28,21.00,7.75,61.92,37.95,50.45,7.74
195.91,37.42,19.31,20.97,7.75,61.76,37.95,50.33,7.73
195.92,37.35,19.31,20.97,7.76,61.92,38.02,50.45,7.75
195.93,37.35,19.28,20.97,7.75,61.92,37.95,50.33,7.73
195.94,37.35,19.31,20.97,7.75,61.92,38.02,50.45,7.74
195.95,37.35,19.31,20.97,7.75,61.92,37.95,50.45,7.74
195.96,37.42,19.31,20.97,7.74,61.92,38.02,50.45,7.75
195.97,37.35,19.31,20.97,7.75,61.92,38.02,50.45,7.74
195.98,37.35,19.31,21.00,7.75,62.09,37.95,50.45,7.74
195.99,37.42,19.31,21.00,7.75,61.92,38.02,50.33,7.74
196.00,37.42,19.31,21.00,7.75,61.92,38.02,50.45,7.74
196.01,37.35,19.34,21.00,7.75,61.92,37.95,50.45,7.74
196.02,37.35,19.31,21.00,7.75,61.92,38.10,50.45,7.74
196.03,37.42,19.31,20.97,7.75,61.92,37.95,50.45,7.75
196.04,37.35,19.28,21.00,7.75,61.92,38.02,50.56,7.74
196.05,37.42,19.31,20.97,7.75,61.92,37.95,50.45,7.73
196.06,37.42,19.31,21.00,7.75,61.92,38.02,50.56,7.74
196.07,37.42,19.31,20.97,7.76,62.09,37.95,50.45,7.74
196.08,37.42,19.31,21.00,7.75,61.92,38.02,50.45,7.73
196.09,37.42,19.31,21.00,7.76,61.92,38.02,50.56,7.74
196.10,37.35,19.31,21.00,7.75,62.09,38.02,50.56,7.74
196.11,37.35,19.28,21.00,7.75,62.09,38.02,50.45,7.74
196.12,37.42,19.31,21.03,7.76,61.92,38.02,50.45,7.73
196.13,37.42,19.31,21.00,7.75,61.92,38.02,50.56,7.74
196.14,37.42,19.31,21.00,7.75,62.09,38.02,50.45,7.74
196.15,37.35,19.31,21.00,7.75,62.09,38.02,50.56,7.74
196.16,37.42,19.31,21.00,7.76,62.09,38.10,50.68,7.74
196.17,37.42,19.31,21.00,7.76,62.09,38.02,50.45,7.74
196.18,37.42,19.31,21.00,7.75,62.09,38.10,50.56,7.74
196.19,37.42,19.31,21.03,7.75,62.09,38.02,50.56,7.75
196.20,37.42,19.31,21.00,7.76,62.09,38.02,50.56,7.74
196.21,37.42,19.31,21.00,7.75,62.09,38.02,50.33,7.74
196.22,37.42,19.31,21.00,7.75,62.09,38.10,50.56,7.75
196.23,37.42,19.31,21.00,7.75,62.09,38.10,50.56,7.74
196.24,37.42,19.34,21.00,7.75,62.09,38.10,50.56,7.74
196.25,37.42,19.28,21.00,7.75,62.09,38.02,50.45,7.74
196.26,37.42,19.28,21.00,7.75,62.09,38.02,50.56,7.75
196.27,37.42,19.31,20.97,7.75,62.09,38.10,50.56,7.75
196.28,37.42,19.31,21.00,7.75,62.09,38.10,50.56,7.74
196.29,37.42,19.31,21.00,7.76,62.09,38.10,50.56,7.73
196.30,37.42,19.31,21.00,7.75,62.09,38.02,50.56,7.74
196.31,37.42,19.31,21.00,7.75,62.09,38.02,50.56,7.74
196.32,37.42,19.34,21.00,7.76,62.09,38.10,50.56,7.73
196.33,37.42,19.31,21.00,7.75,62.09,38.17,50.68,7.74
196.34,37.42,19.34,21.00,7.76,62.09,38.10,50.56,7.74
196.35,37.42,19.31,21.00,7.76,62.09,38.02,50.56,7.74
196.36,37.42,19.31,21.00,7.75,62.09,38.17,50.56,7.74
196.37,37.42,19.31,21.00,7.76,62.09,38.10,50.56,7.75
196.38,37.42,19.34,21.00,7.76,62.09,38.02,50.56,7.74
196.39,37.42,19.31,21.00,7.76,62.26,38.02,50.56,7.75
196.40,37.49,19.31,21.03,7.76,62.09,38.10,50.56,7.74
196.41,37.49,19.31,21.03,7.77,62.09,38.10,50.56,7.74
196.42,37.42,19.34,21.03,7.75,62.09,38.10,50.56,7.74
196.43,37.42,19.31,21.03,7.75,62.26,38.17,50.56,7.74
196.44,37.42,19.31,21.00,7.75,62.09,38.10,50.56,7.74
196.45,37.42,19.34,21.03,7.76,62.09,38.10,50.68,7.75
196.46,37.49,19.31,21.06,7.75,62.26,38.10,50.56,7.75
196.47,37.42,19.31,21.00,7.76,62.26,38.10,50.56,7.74
196.48,37.35,19.34,21.03,7.76,62.26,38.10,50.56,7.75
196.49,37.49,19.34,21.03,7.75,62.09,38.17,50.56,7.74
196.50,37.42,19.31,21.03,7.75,62.26,38.10,50.56,7.74
196.51,37.49,19.34,21.03,7.76,62.26,38.10,50.56,7.75
196.52,37.42,19.31,21.00,7.76,62.26,38.10,50.56,7.76
196.53,37.49,19.31,21.00,7.75,62.26,38.17,50.56,7.76
196.54,37.49,19.34,21.03,7.76,62.09,38.10,50.68,7.74
196.55,37.49,19.31,21.03,7.75,62.42,38.17,50.68,7.74
196.56,37.49,19.34,21.03,7.75,62.26,38.17,50.68,7.74
196.57,37.49,19.31,21.03,7.75,62.26,38.10,50.56,7.74
196.58,37.49,19.31,21.03,7.75,62.26,38.17,50.68,7.74
196.59,37.49,19.31,21.00,7.76,62.26,38.17,50.56,7.74
196.60,37.49,19.37,21.03,7.76,62.26,38.10,50.56,7.75
196.61,37.49,19.34,21.03,7.77,62.26,38.17,50.80,7.76
196.62,37.42,19.31,21.03,7.77,62.26,38.17,50.56,7.74
196.63,37.49,19.31,21.03,7.75,62.26,38.17,50.68,7.76
196.64,37.42,19.34,21.03,7.75,62.26,38.10,50.56,7.74
196.65,37.49,19.34,21.03,7.76,62.26,38.17,50.68,7.75
196.66,37.49,19.31,21.00,7.76,62.26,38.17,50.68,7.74
196.67,37.49,19.31,21.03,7.76,62.09,38.17,50.68,7.75
196.68,37.49,19.31,21.03,7.76,62.26,38.17,50.68,7.75
196.69,37.49,19.31,21.03,7.76,62.26,38.25,50.68,7.74
196.70,37.49,19.34,21.06,7.76,62.26,38.10,50.68,7.75
196.71,37.49,19.37,21.03,7.76,62.26,38.17,50.68,7.74
196.72,37.42,19.34,21.03,7.76,62.42,38.25,50.68,7.75
196.73,37.49,19.34,21.03,7.76,62.42,38.17,50.68,7.76
196.74,37.49,19.34,21.03,7.77,62.42,38.17,50.68,7.74
196.75,37.49,19.31,21.03,7.76,62.26,38.17,50.56,7.76
196.76,37.42,19.34,21.03,7.76,62.26,38.17,50.68,7.75
196.77,37.42,19.37,21.06,7.77,62.26,38.17,50.68,7.75
196.78,37.49,19.31,21.06,7.76,62.26,38.17,50.68,7.75
196.79,37.49,19.31,21.06,7.76,62.26,38.17,50.80,7.76
196.80,37.49,19.34,21.06,7.76,62.26,38.17,50.68,7.75
196.81,37.49,19.31,21.03,7.76,62.26,38.25,50.68,7.75
196.82,37.49,19.34,21.06,7.77,62.42,38.17,50.68,7.75
196.83,37.42,19.31,21.06,7.76,62.42,38.25,50.68,7.75
196.84,37.49,19.34,21.06,7.76,62.26,38.25,50.68,7.75
196.85,37.49,19.34,21.03,7.77,62.42,38.17,50.68,7.75
196.86,37.49,19.34,21.03,7.77,62.42,38.25,50.68,7.75
196.87,37.49,19.31,21.03,7.77,62.26,38.17,50.68,7.75
196.88,37.49,19.34,21.06,7.76,62.42,38.17,50.68,7.75
196.89,37.49,19.34,21.03,7.76,62.42,38.25,50.68,7.74
196.90,37.49,19.34,21.06,7.76,62.26,38.25,50.80,7.75
196.91,37.49,19.37,21.06,7.76,62.42,38.25,50.68,7.74
196.92,37.49,19.34,21.06,7.77,62.42,38.25,50.68,7.75
196.93,37.49,19.34,21.06,7.76,62.42,38.17,50.68,7.75
196.94,37.49,19.37,21.06,7.77,62.42,38.17,50.68,7.75
196.95,37.49,19.34,21.03,7.77,62.26,38.25,50.80,7.75
196.96,37.49,19.34,21.06,7.76,62.26,38.25,50.68,7.75
196.97,37.49,19.34,21.06,7.76,62.42,38.25,50.80,7.74
196.98,37.56,19.34,21.06,7.77,62.42,38.25,50.68,7.75
196.99,37.49,19.37,21.06,7.76,62.42,38.25,50.80,7.75
197.00,37.56,19.34,21.03,7.76,62.42,38.25,50.68,7.75
197.01,37.56,19.34,21.06,7.77,62.42,38.25,50.80,7.75
197.02,37.56,19.37,21.06,7.77,62.42,38.25,50.80,7.76
197.03,37.49,19.34,21.03,7.77,62.42,38.25,50.68,7.75
197.04,37.49,19.37,21.09,7.76,62.42,38.17,50.80,7.75
197.05,37.49,19.34,21.06,7.76,62.42,38.25,50.92,7.75
197.06,37.56,19.37,21.06,7.78,62.42,38.32,50.68,7.75
197.07,37.56,19.34,21.06,7.76,62.42,38.25,50.80,7.76
197.08,37.49,19.34,21.03,7.76,62.42,38.25,50.80,7.75
197.09,37.49,19.34,21.06,7.76,62.26,38.25,50.92,7.74
197.10,37.49,19.34,21.06,7.77,62.42,38.32,50.68,7.74
197.11,37.49,19.37,21.06,7.78,62.42,38.25,50.68,7.76
197.12,37.64,19.34,21.06,7.77,62.42,38.32,50.80,7.76
197.13,37.49,19.34,21.06,7.76,62.59,38.25,50.92,7.75
197.14,37.56,19.37,21.06,7.76,62.42,38.25,50.80,7.75
197.15,37.49,19.34,21.06,7.77,62.42,38.25,50.80,7.75
197.16,37.56,19.37,21.06,7.76,62.42,38.32,50.92,7.76
197.17,37.56,19.34,21.06,7.76,62.42,38.32,50.80,7.75
197.18,37.49,19.37,21.06,7.77,62.42,38.25,50.80,7.76
197.19,37.56,19.34,21.09,7.77,62.42,38.25,50.80,7.75
197.20,37.56,19.34,21.09,7.77,62.42,38.32,50.80,7.76
197.21,37.56,19.34,21.06,7.77,62.42,38.32,50.80,7.75
197.22,37.49,19.37,21.09,7.76,62.42,38.32,50.80,7.76
197.23,37.56,19.34,21.06,7.76,62.42,38.25,50.80,7.75
197.24,37.56,19.37,21.09,7.77,62.42,38.32,50.80,7.75
197.25,37.56,19.34,21.03,7.76,62.42,38.25,50.80,7.76
197.26,37.56,19.37,21.06,7.76,62.42,38.32,50.80,7.75
197.27,37.56,19.34,21.06,7.77,62.42,38.32,50.80,7.75
197.28,37.56,19.37,21.06,7.78,62.42,38.40,50.80,7.75
197.29,37.56,19.37,21.09,7.77,62.59,38.25,50.80,7.76
197.30,37.56,19.34,21.06,7.77,62.42,38.40,50.92,7.76
197.31,37.56,19.37,21.06,7.76,62.42,38.32,50.80,7.76
197.32,37.56,19.34,21.06,7.77,62.42,38.40,50.80,7.75
197.33,37.56,19.37,21.09,7.76,62.42,38.32,50.80,7.76
197.34,37.56,19.34,21.09,7.78,62.42,38.32,50.80,7.75
197.35,37.49,19.37,21.06,7.78,62.42,38.32,50.80,7.75
197.36,37.56,19.34,21.09,7.76,62.42,38.32,50.80,7.76
197.37,37.56,19.37,21.06,7.78,62.42,38.32,50.80,7.75
197.38,37.56,19.34,21.09,7.78,62.42,38.25,50.80,7.75
197.39,37.56,19.34,21.09,7.77,62.59,38.32,50.80,7.75
197.40,37.56,19.37,21.09,7.77,62.42,38.32,50.80,7.75
197.41,37.49,19.34,21.09,7.77,62.59,38.32,50.92,7.75
197.42,37.56,19.34,21.09,7.77,62.59,38.32,50.92,7.75
197.43,37.56,19.34,21.09,7.78,62.76,38.32,50.80,7.76
197.44,37.56,19.39,21.09,7.77,62.59,38.32,50.80,7.76
197.45,37.56,19.34,21.09,7.77,62.59,38.32,50.80,7.76
197.46,37.56,19.37,21.09,7.77,62.42,38.40,50.80,7.75
197.47,37.56,19.37,21.09,7.76,62.76,38.40,50.92,7.76
197.48,37.56,19.34,21.09,7.76,62.59,38.32,50.92,7.76
197.49,37.56,19.37,21.06,7.77,62.59,38.40,50.92,7.75
197.50,37.56,19.34,21.09,7.77,62.59,38.40,50.92,7.76
197.51,37.56,19.37,21.09,7.77,62.42,38.40,50.92,7.76
197.52,37.56,19.37,21.12,7.77,62.42,38.40,50.92,7.75
197.53,37.56,19.37,21.09,7.78,62.59,38.47,50.92,7.76
197.54,37.56,19.37,21.12,7.78,62.42,38.32,50.92,7.76
197.55,37.56,19.37,21.09,7.77,62.59,38.40,50.92,7.75
197.56,37.56,19.37,21.09,7.77,62.59,38.40,50.92,7.77
197.57,37.56,19.34,21.09,7.77,62.42,38.32,50.92,7.74
197.58,37.56,19.37,21.09,7.77,62.59,38.40,50.92,7.76
197.59,37.49,19.34,21.12,7.77,62.59,38.40,50.92,7.77
197.60,37.56,19.37,21.09,7.77,62.59,38.40,50.92,7.75
197.61,37.56,19.37,21.09,7.77,62.59,38.40,51.04,7.75
197.62,37.56,19.37,21.12,7.78,62.59,38.32,50.92,7.76
197.63,37.56,19.37,21.09,7.77,62.59,38.40,50.92,7.76
197.64,37.56,19.37,21.12,7.77,62.76,38.40,50.92,7.76
197.65,37.64,19.37,21.12,7.77,62.42,38.47,50.92,7.76
197.66,37.64,19.39,21.09,7.77,62.76,38.40,50.92,7.76
197.67,37.56,19.37,21.09,7.77,62.59,38.40,50.92,7.75
197.68,37.56,19.37,21.15,7.77,62.76,38.47,50.92,7.77
197.69,37.56,19.37,21.12,7.77,62.76,38.47,50.92,7.75
197.70,37.56,19.37,21.09,7.77,62.59,38.47,50.92,7.75
197.71,37.56,19.37,21.09,7.77,62.76,38.40,51.04,7.76
197.72,37.56,19.37,21.09,7.77,62.76,38.40,51.04,7.77
197.73,37.56,19.37,21.12,7.77,62.59,38.40,50.92,7.76
197.74,37.56,19.34,21.09,7.77,62.76,38.47,50.92,7.76
197.75,37.56,19.39,21.09,7.77,62.59,38.40,51.04,7.76
197.76,37.56,19.39,21.12,7.77,62.76,38.47,50.92,7.76
197.77,37.56,19.34,21.12,7.77,62.59,38.47,50.80,7.76
197.78,37.56,19.37,21.09,7.77,62.76,38.40,50.92,7.77
197.79,37.56,19.37,21.12,7.79,62.59,38.47,50.80,7.77
197.80,37.56,19.37,21.12,7.79,62.76,38.47,50.92,7.76
197.81,37.64,19.37,21.12,7.77,62.76,38.40,50.92,7.75
197.82,37.56,19.39,21.12,7.78,62.59,38.40,51.04,7.75
197.83,37.56,19.37,21.15,7.77,62.76,38.40,51.04,7.76
197.84,37.64,19.37,21.09,7.77,62.76,38.40,50.92,7.76
197.85,37.56,19.37,21.12,7.77,62.76,38.47,50.92,7.75
197.86,37.56,19.37,21.09,7.78,62.76,38.40,51.04,7.76
197.87,37.64,19.37,21.12,7.77,62.76,38.47,50.92,7.76
197.88,37.56,19.37,21.12,7.78,62.76,38.40,50.92,7.76
197.89,37.56,19.39,21.12,7.77,62.76,38.47,50.92,7.76
197.90,37.64,19.37,21.09,7.77,62.76,38.47,51.04,7.76
197.91,37.56,19.37,21.12,7.77,62.76,38.47,50.92,7.75
197.92,37.56,19.37,21.12,7.76,62.76,38.40,50.92,7.76
197.93,37.64,19.37,21.12,7.78,62.76,38.47,51.04,7.77
197.94,37.64,19.37,21.09,7.78,62.76,38.47,51.04,7.76
197.95,37.64,19.39,21.12,7.77,62.76,38.47,51.04,7.76
197.96,37.64,19.37,21.12,7.77,62.76,38.47,51.16,7.76
197.97,37.64,19.37,21.09,7.77,62.76,38.40,50.92,7.76
197.98,37.64,19.39,21.12,7.77,62.76,38.47,51.04,7.76
197.99,37.64,19.37,21.12,7.78,62.76,38.47,51.04,7.76
198.00,37.64,19.39,21.12,7.77,62.76,38.47,50.92,7.76
198.01,37.64,19.39,21.12,7.77,63.11,38.47,51.04,7.76
198.02,37.64,19.39,21.12,7.77,62.76,38.55,51.04,7.76
198.03,37.56,19.37,21.12,7.77,62.76,38.47,51.04,7.76
198.04,37.64,19.39,21.15,7.79,62.93,38.55,51.04,7.76
198.05,37.56,19.37,21.12,7.78,62.76,38.47,51.04,7.77
198.06,37.64,19.39,21.12,7.78,62.76,38.47,51.04,7.76
198.07,37.64,19.39,21.12,7.78,62.93,38.55,51.04,7.75
198.08,37.64,19.37,21.12,7.78,62.76,38.55,51.04,7.76
198.09,37.64,19.37,21.12,7.78,62.76,38.47,51.16,7.76
198.10,37.64,19.39,21.12,7.78,62.76,38.55,51.04,7.76
198.11,37.64,19.39,21.15,7.77,62.76,38.55,50.92,7.77
198.12,37.64,19.39,21.12,7.78,62.93,38.55,51.04,7.77
198.13,37.64,19.39,21.12,7.77,62.76,38.47,51.04,7.75
198.14,37.64,19.37,21.15,7.78,62.76,38.47,51.04,7.76
198.15,37.64,19.37,21.12,7.78,62.76,38.47,51.04,7.77
198.16,37.64,19.39,21.15,7.78,62.76,38.47,51.04,7.76
198.17,37.56,19.37,21.12,7.78,62.76,38.47,51.04,7.76
198.18,37.64,19.37,21.12,7.79,62.93,38.47,51.04,7.76
198.19,37.64,19.39,21.12,7.79,62.76,38.55,51.16,7.77
198.20,37.64,19.37,21.15,7.78,62.76,38.47,51.16,7.76
198.21,37.71,19.39,21.15,7.78,62.93,38.55,51.04,7.77
198.22,37.64,19.39,21.15,7.78,62.76,38.55,51.16,7.76
198.23,37.64,19.39,21.15,7.78,62.76,38.55,51.16,7.77
198.24,37.64,19.39,21.15,7.78,62.93,38.47,51.16,7.77
198.25,37.56,19.39,21.15,7.78,62.93,38.47,51.04,7.76
198.26,37.64,19.37,21.15,7.78,62.93,38.55,51.16,7.76
198.27,37.64,19.39,21.15,7.78,62.76,38.55,51.16,7.77
198.28,37.64,19.39,21.15,7.78,62.93,38.55,51.04,7.77
198.29,37.56,19.37,21.15,7.78,62.93,38.55,51.16,7.77
198.30,37.64,19.39,21.15,7.78,62.93,38.55,51.16,7.76
198.31,37.64,19.39,21.15,7.79,62.93,38.55,51.16,7.76
198.32,37.64,19.37,21.15,7.78,62.93,38.55,51.16,7.77
198.33,37.64,19.37,21.15,7.78,62.93,38.55,51.16,7.76
198.34,37.64,19.37,21.15,7.78,62.93,38.55,51.16,7.76
198.35,37.64,19.37,21.15,7.78,62.93,38.55,51.16,7.77
198.36,37.64,19.39,21.15,7.78,62.93,38.55,51.16,7.77
198.37,37.64,19.37,21.15,7.79,62.93,38.55,51.16,7.77
198.38,37.64,19.39,21.15,7.78,62.93,38.55,51.16,7.77
198.39,37.64,19.37,21.15,7.78,62.93,38.55,51.16,7.78
198.40,37.64,19.37,21.15,7.78,62.93,38.55,51.16,7.78
198.41,37.71,19.42,21.12,7.78,62.93,38.55,51.16,7.77
198.42,37.64,19.39,21.15,7.79,62.93,38.55,51.16,7.76
198.43,37.71,19.39,21.15,7.78,62.93,38.55,51.16,7.76
198.44,37.64,19.39,21.15,7.78,62.93,38.55,51.16,7.77
198.45,37.64,19.39,21.15,7.78,62.93,38.62,51.16,7.78
198.46,37.71,19.39,21.15,7.78,62.93,38.55,51.16,7.76
198.47,37.71,19.39,21.18,7.78,62.93,38.47,51.16,7.76
198.48,37.64,19.42,21.15,7.78,62.93,38.55,51.16,7.77
198.49,37.64,19.39,21.18,7.78,62.93,38.62,51.16,7.77
198.50,37.64,19.39,21.15,7.78,63.11,38.55,51.16,7.77
198.51,37.71,19.39,21.15,7.78,62.93,38.55,51.16,7.76
198.52,37.71,19.39,21.15,7.78,62.93,38.55,51.16,7.77
198.53,37.64,19.39,21.15,7.79,63.11,38.55,51.16,7.77
198.54,37.71,19.42,21.15,7.78,62.93,38.55,51.16,7.76
198.55,37.71,19.39,21.15,7.80,62.93,38.70,51.16,7.76
198.56,37.71,19.37,21.18,7.78,63.11,38.62,51.16,7.78
198.57,37.71,19.39,21.15,7.79,63.11,38.62,51.04,7.77
198.58,37.71,19.37,21.15,7.78,62.93,38.62,51.16,7.78
198.59,37.71,19.39,21.15,7.78,63.11,38.55,51.28,7.76
198.60,37.64,19.42,21.15,7.78,62.93,38.62,51.16,7.77
198.61,37.64,19.37,21.15,7.78,62.93,38.62,51.16,7.77
198.62,37.71,19.39,21.15,7.78,62.93,38.62,51.16,7.77
198.63,37.71,19.39,21.15,7.79,63.11,38.55,51.28,7.78
198.64,37.71,19.39,21.15,7.78,63.11,38.62,51.16,7.77
198.65,37.71,19.39,21.15,7.79,63.11,38.55,51.16,7.78
198.66,37.71,19.37,21.15,7.78,63.11,38.55,51.28,7.77
198.67,37.71,19.39,21.15,7.78,63.11,38.62,51.28,7.77
198.68,37.64,19.42,21.15,7.79,62.93,38.62,51.16,7.78
198.69,37.71,19.39,21.18,7.79,63.11,38.70,51.28,7.77
198.70,37.71,19.39,21.15,7.78,63.11,38.62,51.28,7.76
198.71,37.71,19.39,21.15,7.79,62.93,38.55,51.16,7.77
198.72,37.64,19.39,21.18,7.79,63.11,38.70,51.28,7.77
198.73,37.71,19.39,21.15,7.78,62.93,38.70,51.16,7.77
198.74,37.64,19.39,21.15,7.79,63.11,38.62,51.40,7.76
198.75,37.71,19.39,21.15,7.79,63.11,38.62,51.16,7.77
198.76,37.71,19.42,21.15,7.78,63.11,38.62,51.16,7.78
198.77,37.64,19.39,21.18,7.79,63.11,38.70,51.16,7.77
198.78,37.71,19.39,21.15,7.78,63.11,38.62,51.28,7.78
198.79,37.71,19.39,21.15,7.78,63.11,38.62,51.28,7.77
198.80,37.71,19.39,21.18,7.78,63.11,38.62,51.28,7.77
198.81,37.71,19.39,21.15,7.80,62.76,38.70,51.28,7.78
198.82,37.71,19.42,21.15,7.79,63.11,38.62,51.28,7.76
198.83,37.71,19.42,21.18,7.79,63.11,38.62,51.28,7.78
198.84,37.64,19.37,21.15,7.78,63.11,38.70,51.28,7.77
198.85,37.78,19.42,21.18,7.78,63.11,38.70,51.16,7.77
198.86,37.71,19.39,21.15,7.79,63.11,38.62,51.28,7.77
198.87,37.71,19.42,21.18,7.79,63.11,38.62,51.28,7.77
198.88,37.71,19.42,21.18,7.78,63.28,38.70,51.28,7.77
198.89,37.71,19.39,21.18,7.79,63.11,38.70,51.28,7.78
198.90,37.71,19.42,21.18,7.79,63.11,38.70,51.28,7.77
198.91,37.71,19.39,21.15,7.79,63.28,38.62,51.28,7.77
198.92,37.71,19.39,21.18,7.78,62.93,38.70,51.28,7.77
198.93,37.71,19.39,21.18,7.79,63.11,38.70,51.16,7.77
198.94,37.71,19.42,21.18,7.79,63.28,38.70,51.40,7.77
198.95,37.71,19.42,21.18,7.79,63.11,38.62,51.28,7.77
198.96,37.71,19.42,21.18,7.79,63.11,38.70,51.16,7.77
198.97,37.71,19.39,21.18,7.78,63.11,38.78,51.28,7.77
198.98,37.71,19.42,21.18,7.79,63.28,38.70,51.40,7.78
198.99,37.71,19.42,21.18,7.79,63.11,38.70,51.28,7.77
199.00,37.71,19.42,21.22,7.78,63.11,38.70,51.40,7.78
199.01,37.71,19.42,21.18,7.79,63.11,38.70,51.28,7.77
199.02,37.78,19.45,21.18,7.79,63.11,38.70,51.28,7.77
199.03,37.71,19.39,21.22,7.78,63.11,38.70,51.40,7.77
199.04,37.78,19.42,21.18,7.79,63.28,38.70,51.28,7.78
199.05,37.78,19.42,21.18,7.79,63.11,38.70,51.28,7.78
199.06,37.78,19.39,21.18,7.79,63.11,38.78,51.28,7.78
199.07,37.71,19.39,21.22,7.79,63.28,38.78,51.28,7.77
199.08,37.78,19.42,21.18,7.79,63.11,38.78,51.28,7.78
199.09,37.78,19.39,21.22,7.79,63.11,38.70,51.40,7.78
199.10,37.71,19.42,21.18,7.79,63.11,38.70,51.40,7.77
199.11,37.71,19.39,21.18,7.80,63.11,38.78,51.28,7.77
199.12,37.71,19.39,21.22,7.79,63.28,38.78,51.40,7.77
199.13,37.71,19.42,21.18,7.79,63.28,38.70,51.40,7.78
199.14,37.71,19.42,21.18,7.80,63.28,38.70,51.28,7.77
199.15,37.78,19.42,21.18,7.79,63.11,38.70,51.40,7.78
199.16,37.71,19.39,21.18,7.80,63.28,38.78,51.40,7.79
199.17,37.71,19.42,21.22,7.79,63.28,38.70,51.28,7.78
199.18,37.78,19.42,21.18,7.80,63.28,38.70,51.40,7.78
199.19,37.71,19.39,21.18,7.79,63.28,38.70,51.40,7.78
199.20,37.71,19.42,21.22,7.79,63.28,38.70,51.40,7.78
199.21,37.71,19.42,21.22,7.79,63.11,38.78,51.28,7.78
199.22,37.78,19.42,21.22,7.79,63.28,38.70,51.40,7.77
199.23,37.71,19.39,21.22,7.79,63.28,38.70,51.40,7.78
199.24,37.71,19.42,21.18,7.80,63.11,38.78,51.40,7.78
199.25,37.71,19.39,21.18,7.79,63.28,38.70,51.40,7.78
199.26,37.71,19.39,21.22,7.79,63.11,38.78,51.28,7.77
199.27,37.78,19.39,21.18,7.79,63.45,38.70,51.40,7.78
199.28,37.71,19.39,21.22,7.79,63.28,38.78,51.40,7.78
199.29,37.71,19.45,21.18,7.79,63.28,38.78,51.40,7.77
199.30,37.78,19.42,21.22,7.80,63.11,38.78,51.28,7.77
199.31,37.71,19.42,21.22,7.79,63.28,38.78,51.40,7.78
199.32,37.78,19.42,21.22,7.78,63.28,38.70,51.40,7.78
199.33,37.78,19.42,21.22,7.79,63.11,38.78,51.40,7.78
199.34,37.78,19.45,21.22,7.80,63.45,38.78,51.40,7.78
199.35,37.78,19.45,21.22,7.78,63.28,38.78,51.52,7.78
199.36,37.71,19.42,21.22,7.80,63.28,38.70,51.40,7.78
199.37,37.78,19.42,21.22,7.79,63.28,38.78,51.40,7.77
199.38,37.78,19.42,21.22,7.80,63.11,38.78,51.40,7.78
199.39,37.71,19.42,21.22,7.79,63.28,38.78,51.40,7.78
199.40,37.78,19.42,21.18,7.79,63.28,38.85,51.40,7.78
199.41,37.71,19.42,21.22,7.80,63.28,38.78,51.40,7.79
199.42,37.78,19.42,21.22,7.79,63.28,38.78,51.40,7.78
199.43,37.78,19.42,21.22,7.79,63.28,38.78,51.52,7.78
199.44,37.78,19.45,21.25,7.79,63.28,38.78,51.40,7.79
199.45,37.71,19.42,21.22,7.80,63.28,38.78,51.52,7.77
199.46,37.78,19.42,21.25,7.79,63.28,38.85,51.40,7.78
199.47,37.78,19.45,21.22,7.79,63.28,38.78,51.40,7.78
199.48,37.78,19.42,21.22,7.81,63.28,38.78,51.52,7.78
199.49,37.78,19.42,21.22,7.81,63.28,38.85,51.40,7.78
199.50,37.78,19.42,21.22,7.79,63.28,38.78,51.40,7.78
199.51,37.78,19.42,21.25,7.80,63.28,38.78,51.52,7.78
199.52,37.78,19.42,21.22,7.79,63.28,38.85,51.40,7.78
199.53,37.78,19.42,21.22,7.79,63.28,38.78,51.40,7.78
199.54,37.78,19.42,21.22,7.79,63.28,38.85,51.40,7.77
199.55,37.78,19.45,21.22,7.79,63.28,38.85,51.52,7.78
199.56,37.78,19.42,21.22,7.80,63.28,38.85,51.40,7.78
199.57,37.78,19.42,21.22,7.80,63.28,38.78,51.52,7.78
199.58,37.78,19.42,21.25,7.81,63.28,38.78,51.40,7.78
199.59,37.78,19.42,21.25,7.80,63.45,38.85,51.40,7.78
199.60,37.78,19.45,21.22,7.79,63.45,38.78,51.52,7.78
199.61,37.86,19.42,21.25,7.79,63.45,38.85,51.52,7.78
199.62,37.78,19.42,21.25,7.79,63.45,38.78,51.52,7.78
199.63,37.78,19.42,21.22,7.79,63.28,38.85,51.52,7.78
199.64,37.78,19.45,21.25,7.81,63.45,38.78,51.52,7.78
199.65,37.78,19.45,21.22,7.79,63.28,38.85,51.40,7.78
199.66,37.86,19.42,21.22,7.79,63.28,38.78,51.52,7.79
199.67,37.78,19.42,21.25,7.79,63.45,38.85,51.40,7.79
199.68,37.78,19.42,21.25,7.79,63.45,38.85,51.40,7.78
199.69,37.78,19.42,21.25,7.79,63.45,38.85,51.40,7.78
199.70,37.78,19.45,21.25,7.79,63.45,38.85,51.52,7.77
199.71,37.78,19.42,21.22,7.80,63.28,38.85,51.52,7.78
199.72,37.78,19.42,21.25,7.79,63.45,38.85,51.52,7.78
199.73,37.78,19.42,21.25,7.80,63.45,38.85,51.64,7.78
199.74,37.78,19.45,21.22,7.79,63.28,38.85,51.40,7.79
199.75,37.78,19.45,21.22,7.79,63.45,38.85,51.52,7.78
199.76,37.71,19.45,21.25,7.79,63.45,38.85,51.52,7.78
199.77,37.86,19.48,21.25,7.80,63.28,38.85,51.52,7.77
199.78,37.78,19.42,21.25,7.79,63.45,38.85,51.52,7.78
199.79,37.86,19.45,21.22,7.80,63.45,38.85,51.52,7.78
199.80,37.78,19.45,21.25,7.81,63.45,38.85,51.52,7.78
199.81,37.78,19.45,21.25,7.80,63.45,38.85,51.52,7.78
199.82,37.78,19.48,21.25,7.79,63.45,38.85,51.52,7.78
199.83,37.86,19.42,21.25,7.80,63.45,38.85,51.52,7.78
199.84,37.86,19.45,21.25,7.80,63.28,38.85,51.52,7.78
199.85,37.78,19.45,21.22,7.81,63.45,38.85,51.52,7.79
199.86,37.78,19.42,21.28,7.80,63.45,38.93,51.52,7.78
199.87,37.78,19.45,21.25,7.80,63.45,38.78,51.52,7.79
199.88,37.86,19.42,21.25,7.81,63.45,38.85,51.52,7.78
199.89,37.86,19.42,21.25,7.79,63.63,38.93,51.52,7.78
199.90,37.78,19.42,21.25,7.79,63.45,38.85,51.52,7.78
199.91,37.86,19.45,21.25,7.79,63.45,38.85,51.52,7.78
199.92,37.78,19.45,21.25,7.80,63.45,39.01,51.52,7.78
199.93,37.86,19.45,21.25,7.80,63.45,38.85,51.64,7.78
199.94,37.78,19.42,21.25,7.80,63.45,38.93,51.52,7.78
199.95,37.78,19.45,21.28,7.80,63.45,38.85,51.52,7.78
199.96,37.86,19.42,21.25,7.79,63.63,38.85,51.52,7.79
199.97,37.78,19.42,21.25,7.80,63.45,38.93,51.52,7.78
199.98,37.78,19.48,21.28,7.80,63.45,38.93,51.64,7.79
199.99,37.86,19.42,21.28,7.80,63.45,38.93,51.52,7.78
200.00,37.86,19.42,21.25,7.80,63.63,38.85,51.64,7.79
200.01,37.78,19.45,21.25,7.80,63.45,38.85,51.64,7.78
200.02,37.86,19.45,21.25,7.79,63.45,38.85,51.64,7.78
200.03,37.78,19.45,21.25,7.80,63.63,38.85,51.64,7.80
200.04,37.71,19.42,21.25,7.79,63.45,38.93,51.52,7.79
200.05,37.78,19.48,21.28,7.80,63.63,38.93,51.52,7.79
200.06,37.86,19.45,21.25,7.81,63.63,38.85,51.64,7.78
200.07,37.86,19.45,21.25,7.80,63.63,38.85,51.52,7.79
200.08,37.78,19.45,21.25,7.79,63.80,38.93,51.64,7.80
200.09,37.78,19.45,21.25,7.80,63.63,38.93,51.64,7.78
200.10,37.86,19.45,21.28,7.80,63.45,38.93,51.64,7.78
200.11,37.78,19.42,21.25,7.80,63.80,38.93,51.64,7.79
200.12,37.86,19.45,21.25,7.80,63.80,38.93,51.64,7.79
200.13,37.78,19.45,21.25,7.81,63.45,38.85,51.52,7.78
200.14,37.86,19.45,21.28,7.80,63.63,38.93,51.64,7.78
200.15,37.78,19.45,21.28,7.80,63.63,38.93,51.64,7.78
200.16,37.78,19.45,21.25,7.80,63.63,38.93,51.52,7.78
200.17,37.86,19.48,21.28,7.81,63.63,38.93,51.64,7.78
200.18,37.86,19.48,21.28,7.81,63.63,39.01,51.52,7.79
200.19,37.86,19.45,21.28,7.81,63.63,38.93,51.64,7.78
200.20,37.86,19.45,21.28,7.80,63.63,38.93,51.64,7.78
200.21,37.86,19.45,21.28,7.80,63.63,38.93,51.64,7.78
200.22,37.86,19.48,21.28,7.81,63.63,38.93,51.64,7.79
200.23,37.86,19.48,21.28,7.82,63.63,38.93,51.64,7.79
200.24,37.86,19.48,21.25,7.80,63.63,38.93,51.64,7.79
200.25,37.86,19.42,21.25,7.80,63.63,39.01,51.64,7.78
200.26,37.86,19.45,21.28,7.80,63.63,38.93,51.64,7.78
200.27,37.86,19.45,21.25,7.79,63.63,38.93,51.64,7.78
200.28,37.86,19.45,21.31,7.80,63.80,38.93,51.52,7.79
200.29,37.86,19.45,21.28,7.81,63.63,38.93,51.64,7.78
200.30,37.86,19.42,21.28,7.80,63.80,38.93,51.64,7.79
200.31,37.86,19.48,21.28,7.80,63.63,39.01,51.64,7.79
200.32,37.86,19.45,21.28,7.81,63.63,38.93,51.64,7.78
200.33,37.86,19.48,21.28,7.79,63.63,38.93,51.64,7.79
200.34,37.86,19.45,21.25,7.80,63.63,38.93,51.64,7.79
200.35,37.86,19.45,21.25,7.80,63.63,38.93,51.64,7.78
200.36,37.86,19.48,21.28,7.81,63.63,39.01,51.64,7.78
200.37,37.93,19.45,21.28,7.80,63.63,39.01,51.64,7.79
200.38,37.86,19.48,21.28,7.81,63.63,38.85,51.64,7.78
200.39,37.86,19.42,21.28,7.81,63.63,38.93,51.64,7.78
200.40,37.86,19.45,21.28,7.81,63.63,38.93,51.64,7.78
200.41,37.86,19.45,21.25,7.80,63.80,39.01,51.64,7.80
200.42,37.86,19.48,21.28,7.80,63.63,39.01,51.64,7.79
200.43,37.78,19.45,21.28,7.80,63.80,38.93,51.64,7.79
200.44,37.93,19.45,21.25,7.81,63.63,39.01,51.64,7.79
200.45,37.86,19.48,21.28,7.80,63.63,38.93,51.77,7.78
200.46,37.86,19.45,21.31,7.80,63.80,38.93,51.77,7.79
200.47,37.86,19.45,21.28,7.80,63.63,39.01,51.77,7.78
200.48,37.86,19.45,21.28,7.80,63.63,39.01,51.64,7.78
200.49,37.86,19.48,21.28,7.82,63.63,39.01,51.77,7.79
200.50,37.93,19.45,21.31,7.80,63.63,39.01,51.64,7.78
200.51,37.93,19.45,21.28,7.81,63.80,38.93,51.77,7.78
200.52,37.86,19.48,21.31,7.81,63.63,39.01,51.64,7.78
200.53,37.86,19.45,21.28,7.80,63.63,39.01,51.77,7.79
200.54,37.86,19.45,21.28,7.81,63.80,39.09,51.64,7.79
200.55,37.86,19.45,21.28,7.80,63.63,39.01,51.77,7.80
200.56,37.86,19.48,21.28,7.81,63.80,39.01,51.64,7.79
200.57,37.93,19.48,21.28,7.80,63.80,39.09,51.64,7.78
200.58,37.86,19.45,21.28,7.81,63.80,39.01,51.64,7.79
200.59,37.86,19.48,21.28,7.81,63.63,39.01,51.77,7.79
200.60,37.93,19.48,21.28,7.81,63.80,39.01,51.77,7.78
200.61,37.86,19.48,21.28,7.80,63.80,39.01,51.64,7.80
200.62,37.86,19.48,21.28,7.82,63.63,39.01,51.77,7.79
200.63,37.86,19.45,21.31,7.80,63.80,39.01,51.77,7.79
200.64,37.93,19.45,21.28,7.81,63.80,39.01,51.77,7.80
200.65,37.86,19.48,21.28,7.80,63.80,39.01,51.64,7.78
200.66,37.93,19.45,21.28,7.80,63.80,39.01,51.77,7.79
200.67,37.93,19.45,21.31,7.81,63.80,39.01,51.77,7.79
200.68,37.86,19.48,21.28,7.81,63.80,39.01,51.77,7.79
200.69,37.93,19.45,21.28,7.81,63.80,39.01,51.77,7.80
200.70,37.86,19.48,21.31,7.80,63.80,39.01,51.77,7.79
200.71,37.86,19.48,21.31,7.81,63.80,39.09,51.77,7.79
200.72,37.86,19.51,21.28,7.80,63.80,39.09,51.77,7.78
200.73,37.86,19.48,21.28,7.80,63.80,39.01,51.77,7.79
200.74,37.93,19.45,21.31,7.81,63.80,39.01,51.77,7.79
200.75,37.86,19.48,21.28,7.81,63.80,39.01,51.64,7.81
200.76,37.86,19.48,21.31,7.81,63.80,39.09,51.77,7.79
200.77,37.93,19.45,21.31,7.80,63.80,39.01,51.77,7.78
200.78,37.93,19.48,21.28,7.81,63.80,39.01,51.77,7.79
200.79,37.86,19.48,21.31,7.81,63.80,39.01,51.89,7.80
200.80,37.93,19.48,21.28,7.82,63.80,39.01,51.77,7.79
200.81,37.93,19.48,21.28,7.82,63.80,39.01,51.89,7.79
200.82,37.93,19.51,21.31,7.80,63.80,39.09,51.77,7.79
200.83,37.93,19.45,21.31,7.80,63.80,39.01,51.89,7.79
200.84,37.86,19.45,21.31,7.81,63.80,39.09,51.77,7.79
200.85,37.86,19.48,21.31,7.82,63.80,39.09,51.77,7.79
200.86,37.93,19.48,21.28,7.81,63.80,39.01,51.64,7.79
200.87,37.93,19.48,21.31,7.80,63.80,39.09,51.77,7.80
200.88,37.86,19.48,21.31,7.81,63.80,39.09,51.89,7.80
200.89,38.01,19.45,21.31,7.80,63.80,39.09,51.77,7.79
200.90,37.93,19.51,21.31,7.81,63.80,39.09,51.77,7.79
200.91,37.86,19.45,21.34,7.81,63.80,39.16,51.77,7.79
200.92,37.93,19.45,21.28,7.80,63.80,39.01,51.89,7.79
200.93,37.93,19.48,21.31,7.81,63.80,39.09,51.89,7.80
200.94,37.93,19.48,21.28,7.81,63.80,39.01,51.77,7.79
200.95,37.93,19.48,21.34,7.81,63.80,39.09,51.89,7.80
200.96,37.86,19.48,21.31,7.81,63.80,39.09,51.89,7.79
200.97,37.93,19.45,21.31,7.83,63.80,39.09,51.89,7.79
200.98,37.93,19.45,21.31,7.82,63.80,39.09,51.89,7.80
200.99,37.93,19.51,21.31,7.81,63.80,39.09,51.77,7.80
201.00,37.93,19.48,21.34,7.82,63.80,39.09,51.77,7.79
201.01,37.93,19.48,21.31,7.81,63.80,39.09,51.89,7.80
201.02,37.93,19.48,21.34,7.82,63.80,39.01,51.77,7.80
201.03,37.93,19.51,21.31,7.81,63.80,39.09,51.89,7.79
201.04,37.93,19.51,21.34,7.80,63.80,39.09,51.77,7.79
201.05,37.93,19.45,21.34,7.82,63.80,39.16,51.89,7.79
201.06,37.86,19.48,21.28,7.81,63.80,39.16,51.89,7.79
201.07,37.93,19.51,21.31,7.82,63.80,39.09,51.89,7.79
201.08,37.93,19.45,21.31,7.82,63.80,39.16,51.89,7.79
201.09,37.93,19.48,21.34,7.81,63.80,39.09,51.89,7.81
201.10,37.93,19.48,21.34,7.81,63.98,39.09,51.89,7.80
201.11,37.93,19.48,21.34,7.81,63.98,39.09,51.89,7.79
201.12,37.93,19.48,21.31,7.82,63.80,39.16,51.89,7.79
201.13,37.93,19.48,21.34,7.81,63.80,39.16,51.89,7.79
201.14,37.93,19.48,21.31,7.81,63.80,39.09,51.77,7.79
201.15,37.93,19.48,21.34,7.81,64.15,39.09,51.89,7.80
201.16,37.93,19.48,21.31,7.81,63.98,39.09,51.89,7.79
201.17,37.93,19.51,21.31,7.81,63.98,39.16,51.89,7.79
201.18,37.93,19.51,21.34,7.80,63.98,39.09,51.89,7.80
201.19,38.01,19.51,21.34,7.82,63.98,39.16,51.89,7.79
201.20,37.86,19.48,21.31,7.81,63.98,39.09,51.89,7.79
201.21,37.86,19.45,21.34,7.81,63.80,39.16,51.89,7.80
201.22,38.01,19.48,21.34,7.81,63.80,39.16,52.01,7.80
201.23,37.93,19.51,21.31,7.81,63.80,39.09,51.89,7.79
201.24,37.93,19.48,21.34,7.81,63.98,39.09,51.89,7.80
201.25,37.93,19.48,21.31,7.81,63.98,39.16,51.89,7.79
201.26,37.93,19.51,21.34,7.81,63.98,39.16,51.89,7.79
201.27,38.01,19.51,21.34,7.81,63.80,39.09,51.89,7.80
201.28,37.93,19.48,21.31,7.81,64.15,39.16,51.89,7.81
201.29,37.93,19.48,21.34,7.81,63.80,39.09,51.89,7.80
201.30,37.93,19.51,21.31,7.82,63.80,39.16,51.89,7.80
201.31,37.93,19.51,21.34,7.81,63.98,39.01,51.89,7.79
201.32,38.01,19.48,21.34,7.81,63.98,39.16,51.89,7.79
201.33,38.01,19.48,21.34,7.82,63.98,39.16,51.89,7.80
201.34,37.93,19.51,21.34,7.81,63.98,39.16,52.01,7.79
201.35,37.93,19.51,21.34,7.81,63.98,39.16,52.01,7.79
201.36,38.01,19.48,21.34,7.82,63.98,39.09,51.89,7.80
201.37,37.93,19.48,21.34,7.83,63.98,39.16,52.14,7.81
201.38,37.93,19.51,21.34,7.81,63.98,39.16,51.89,7.80
201.39,37.93,19.48,21.34,7.81,64.15,39.16,51.89,7.80
201.40,38.01,19.48,21.34,7.81,63.98,39.16,51.89,7.80
201.41,37.93,19.48,21.31,7.81,63.98,39.16,51.89,7.80
201.42,37.93,19.51,21.34,7.81,63.98,39.16,52.01,7.80
201.43,38.01,19.48,21.34,7.82,63.98,39.16,51.89,7.80
201.44,37.93,19.48,21.34,7.82,63.98,39.16,51.89,7.80
201.45,38.01,19.48,21.34,7.82,63.98,39.24,51.89,7.81
201.46,38.01,19.54,21.34,7.83,63.98,39.09,51.89,7.80
201.47,38.01,19.48,21.34,7.83,63.98,39.16,51.89,7.80
201.48,37.93,19.48,21.34,7.81,63.98,39.24,52.01,7.81
201.49,37.93,19.48,21.34,7.81,63.98,39.24,52.01,7.80
201.50,38.01,19.54,21.34,7.82,63.98,39.16,52.01,7.80
201.51,37.93,19.48,21.34,7.81,63.98,39.16,51.89,7.80
201.52,37.93,19.51,21.34,7.81,63.98,39.16,52.01,7.80
201.53,38.01,19.51,21.34,7.83,63.98,39.24,52.01,7.80
201.54,38.01,19.48,21.34,7.81,64.15,39.16,51.89,7.81
201.55,37.93,19.48,21.34,7.82,64.15,39.16,52.01,7.80
201.56,38.01,19.48,21.34,7.82,64.15,39.16,51.89,7.80
201.57,37.93,19.51,21.34,7.81,64.15,39.16,52.01,7.80
201.58,38.01,19.51,21.34,7.82,63.98,39.16,52.01,7.80
201.59,37.93,19.48,21.37,7.83,63.98,39.16,51.89,7.80
201.60,37.93,19.51,21.37,7.82,63.98,39.24,51.89,7.81
201.61,37.93,19.48,21.37,7.82,63.98,39.16,52.01,7.80
201.62,37.93,19.51,21.37,7.83,64.15,39.16,52.01,7.80
201.63,38.01,19.51,21.37,7.82,64.15,39.24,52.01,7.80
201.64,38.01,19.51,21.34,7.82,64.15,39.16,51.89,7.80
201.65,38.01,19.51,21.37,7.82,64.15,39.24,52.01,7.80
201.66,38.01,19.51,21.34,7.83,64.15,39.24,51.89,7.80
201.67,38.01,19.51,21.37,7.82,64.15,39.16,52.14,7.80
201.68,37.93,19.51,21.34,7.82,64.15,39.16,52.01,7.80
201.69,38.01,19.51,21.34,7.82,63.98,39.24,51.89,7.81
201.70,38.01,19.51,21.34,7.81,64.15,39.16,52.01,7.80
201.71,38.01,19.48,21.34,7.82,63.98,39.16,52.01,7.79
201.72,37.93,19.48,21.37,7.82,64.15,39.16,52.01,7.80
201.73,38.01,19.48,21.37,7.82,63.98,39.24,52.01,7.81
201.74,38.01,19.51,21.37,7.82,64.15,39.24,52.01,7.80
201.75,38.01,19.51,21.37,7.81,64.15,39.24,52.01,7.81
201.76,38.01,19.51,21.34,7.82,64.15,39.16,52.14,7.81
201.77,38.01,19.51,21.34,7.83,64.15,39.24,52.01,7.80
201.78,37.93,19.51,21.34,7.81,63.98,39.24,52.01,7.81
201.79,38.01,19.51,21.37,7.81,64.15,39.16,52.01,7.80
201.80,38.01,19.51,21.37,7.82,64.15,39.24,52.01,7.80
201.81,37.93,19.51,21.37,7.82,64.15,39.24,52.14,7.81
201.82,38.01,19.51,21.37,7.83,64.15,39.16,52.01,7.80
201.83,38.01,19.51,21.34,7.82,64.15,39.16,52.01,7.80
201.84,38.01,19.51,21.37,7.82,64.15,39.16,52.01,7.81
201.85,38.01,19.48,21.37,7.82,64.15,39.24,52.01,7.80
201.86,38.01,19.48,21.34,7.82,64.15,39.24,52.01,7.80
201.87,38.01,19.51,21.37,7.82,64.15,39.32,52.01,7.80
201.88,38.08,19.54,21.34,7.83,63.98,39.24,52.01,7.80
201.89,38.01,19.48,21.37,7.82,64.15,39.32,52.01,7.80
201.90,38.01,19.51,21.37,7.82,64.15,39.24,52.01,7.80
201.91,38.01,19.51,21.37,7.81,64.15,39.24,52.01,7.80
201.92,38.01,19.54,21.37,7.81,64.15,39.24,52.01,7.80
201.93,38.01,19.51,21.37,7.81,64.15,39.16,52.01,7.81
201.94,38.01,19.54,21.37,7.82,63.98,39.24,52.01,7.81
201.95,38.01,19.51,21.41,7.82,64.15,39.24,52.01,7.79
201.96,38.01,19.51,21.34,7.83,64.15,39.24,52.14,7.80
201.97,38.01,19.51,21.37,7.82,64.15,39.24,52.01,7.80
201.98,38.01,19.51,21.37,7.82,64.15,39.24,52.14,7.80
201.99,38.01,19.51,21.37,7.83,64.15,39.32,52.01,7.81
202.00,38.01,19.48,21.37,7.82,64.15,39.24,52.01,7.80
202.01,38.01,19.51,21.37,7.82,64.15,39.24,52.14,7.81
202.02,38.01,19.51,21.37,7.81,64.15,39.32,52.01,7.81
202.03,38.01,19.51,21.37,7.82,64.15,39.24,52.14,7.80
202.04,38.01,19.51,21.37,7.82,64.15,39.32,52.14,7.81
202.05,38.01,19.51,21.34,7.82,64.15,39.32,52.14,7.81
202.06,38.01,19.51,21.41,7.83,64.15,39.32,52.01,7.81
202.07,38.01,19.54,21.37,7.82,64.15,39.24,52.14,7.80
202.08,38.01,19.51,21.37,7.83,64.15,39.32,52.14,7.80
202.09,38.01,19.51,21.37,7.83,64.15,39.32,52.14,7.80
202.10,37.93,19.51,21.37,7.82,64.15,39.32,52.14,7.80
202.11,38.01,19.51,21.37,7.83,64.15,39.32,52.14,7.80
202.12,38.01,19.51,21.37,7.83,64.15,39.32,52.14,7.80
202.13,38.01,19.51,21.37,7.83,64.15,39.32,52.14,7.80
202.14,38.01,19.54,21.41,7.82,64.15,39.24,52.14,7.80
202.15,38.01,19.51,21.37,7.82,64.15,39.32,52.14,7.80
202.16,38.01,19.51,21.37,7.82,64.15,39.32,52.14,7.80
202.17,38.01,19.48,21.37,7.82,64.15,39.32,52.14,7.82
202.18,38.01,19.51,21.37,7.82,64.15,39.24,52.14,7.81
202.19,38.01,19.54,21.41,7.82,64.15,39.24,52.14,7.81
202.20,38.01,19.54,21.37,7.83,64.33,39.32,52.14,7.81
202.21,38.01,19.51,21.37,7.82,64.15,39.32,52.14,7.81
202.22,38.01,19.51,21.41,7.82,64.33,39.32,52.14,7.81
202.23,38.01,19.54,21.37,7.84,64.15,39.32,52.14,7.81
202.24,38.01,19.54,21.41,7.82,64.15,39.32,52.14,7.81
202.25,38.01,19.54,21.41,7.82,64.15,39.24,52.14,7.82
202.26,38.01,19.51,21.41,7.82,64.33,39.32,52.01,7.81
202.27,38.08,19.51,21.37,7.83,64.33,39.32,52.14,7.82
202.28,38.01,19.51,21.37,7.82,64.33,39.32,52.14,7.81
202.29,38.01,19.54,21.37,7.82,64.33,39.48,52.14,7.80
202.30,38.01,19.54,21.37,7.82,64.33,39.24,52.14,7.80
202.31,38.08,19.51,21.37,7.81,64.15,39.24,52.14,7.80
202.32,38.08,19.54,21.37,7.83,64.33,39.32,52.14,7.81
202.33,38.01,19.54,21.41,7.83,64.33,39.24,52.14,7.80
202.34,38.08,19.54,21.37,7.82,64.33,39.32,52.01,7.79
202.35,38.01,19.51,21.37,7.82,64.15,39.24,52.14,7.81
202.36,38.01,19.51,21.37,7.83,64.33,39.32,52.26,7.81
202.37,38.01,19.54,21.41,7.83,64.33,39.32,52.14,7.80
202.38,38.01,19.51,21.41,7.83,64.33,39.40,52.14,7.80
202.39,38.08,19.54,21.41,7.82,64.33,39.40,52.14,7.81
202.40,38.08,19.54,21.41,7.83,64.33,39.32,51.89,7.82
202.41,37.93,19.51,21.41,7.83,64.33,39.32,52.14,7.82
202.42,38.01,19.54,21.37,7.83,64.15,39.40,52.14,7.82
202.43,38.08,19.51,21.37,7.82,64.33,39.32,52.14,7.81
202.44,38.08,19.54,21.37,7.82,64.33,39.32,52.14,7.82
202.45,38.01,19.51,21.41,7.82,64.15,39.32,52.14,7.81
202.46,38.01,19.51,21.37,7.83,64.33,39.40,52.14,7.81
202.47,38.01,19.51,21.41,7.83,64.15,39.40,52.14,7.81
202.48,38.08,19.54,21.37,7.82,64.33,39.24,52.14,7.80
202.49,38.01,19.54,21.41,7.82,64.15,39.40,52.14,7.81
202.50,38.08,19.51,21.41,7.83,64.15,39.48,52.14,7.81
202.51,38.08,19.54,21.41,7.82,64.33,39.32,52.14,7.81
202.52,38.08,19.54,21.41,7.82,64.33,39.40,52.01,7.81
202.53,38.08,19.54,21.41,7.82,64.33,39.40,52.14,7.80
202.54,38.08,19.54,21.37,7.83,64.33,39.40,52.14,7.82
202.55,38.08,19.51,21.41,7.82,64.33,39.32,52.14,7.81
202.56,38.08,19.54,21.41,7.82,64.33,39.32,52.01,7.82
202.57,38.08,19.51,21.41,7.82,64.33,39.32,52.14,7.82
202.58,38.01,19.51,21.41,7.82,64.33,39.32,52.14,7.80
202.59,38.01,19.51,21.41,7.83,64.33,39.40,52.14,7.81
202.60,38.08,19.51,21.44,7.83,64.33,39.40,52.26,7.81
202.61,38.08,19.54,21.41,7.83,64.33,39.32,52.14,7.81
202.62,38.08,19.54,21.37,7.83,64.33,39.32,52.14,7.81
202.63,38.08,19.54,21.41,7.82,64.33,39.40,52.14,7.82
202.64,38.01,19.54,21.41,7.82,64.33,39.40,52.14,7.80
202.65,38.08,19.51,21.41,7.82,64.33,39.40,52.26,7.80
202.66,38.08,19.54,21.41,7.84,64.33,39.32,52.14,7.81
202.67,38.08,19.51,21.41,7.83,64.33,39.40,52.26,7.80
202.68,38.08,19.54,21.41,7.83,64.33,39.40,52.26,7.81
202.69,38.08,19.54,21.41,7.84,64.33,39.40,52.14,7.82
202.70,38.08,19.56,21.41,7.83,64.33,39.40,52.14,7.82
202.71,38.08,19.54,21.41,7.83,64.33,39.48,52.14,7.80
202.72,38.08,19.54,21.44,7.83,64.33,39.32,52.26,7.81
202.73,38.08,19.54,21.41,7.83,64.33,39.48,52.14,7.82
202.74,38.01,19.54,21.41,7.83,64.33,39.40,52.14,7.81
202.75,38.08,19.51,21.41,7.83,64.33,39.40,52.14,7.82
202.76,38.08,19.51,21.44,7.84,64.33,39.40,52.26,7.82
202.77,38.08,19.54,21.41,7.84,64.33,39.40,52.26,7.81
202.78,38.08,19.54,21.41,7.82,64.51,39.40,52.26,7.81
202.79,38.08,19.54,21.41,7.83,64.33,39.40,52.26,7.82
202.80,38.08,19.51,21.44,7.84,64.33,39.48,52.14,7.82
202.81,38.08,19.54,21.41,7.83,64.51,39.40,52.26,7.81
202.82,38.08,19.51,21.41,7.82,64.51,39.40,52.14,7.80
202.83,38.08,19.54,21.41,7.83,64.33,39.40,52.14,7.82
202.84,38.08,19.54,21.41,7.83,64.51,39.40,52.26,7.82
202.85,38.08,19.54,21.41,7.83,64.33,39.40,52.26,7.81
202.86,38.08,19.54,21.41,7.83,64.33,39.48,52.14,7.81
202.87,38.08,19.54,21.41,7.83,64.33,39.40,52.26,7.81
202.88,38.08,19.51,21.44,7.83,64.33,39.40,52.14,7.81
202.89,38.08,19.54,21.41,7.83,64.33,39.40,52.26,7.82
202.90,38.08,19.54,21.41,7.83,64.51,39.40,52.38,7.81
202.91,38.08,19.54,21.41,7.83,64.33,39.40,52.26,7.82
202.92,38.08,19.54,21.41,7.83,64.51,39.48,52.26,7.82
202.93,38.16,19.54,21.44,7.84,64.33,39.48,52.14,7.81
202.94,38.08,19.54,21.44,7.83,64.33,39.40,52.26,7.81
202.95,38.08,19.54,21.44,7.83,64.51,39.48,52.14,7.82
202.96,38.08,19.54,21.41,7.83,64.51,39.48,52.26,7.82
202.97,38.08,19.54,21.41,7.82,64.51,39.40,52.26,7.82
202.98,38.08,19.54,21.44,7.83,64.51,39.48,52.26,7.81
202.99,38.16,19.54,21.41,7.83,64.51,39.48,52.14,7.81
203.00,38.08,19.54,21.41,7.83,64.51,39.40,52.14,7.81
203.01,38.16,19.54,21.41,7.83,64.51,39.40,52.26,7.81
203.02,38.08,19.54,21.44,7.83,64.33,39.48,52.38,7.82
203.03,38.08,19.54,21.41,7.83,64.33,39.48,52.26,7.81
203.04,38.08,19.54,21.44,7.83,64.33,39.40,52.38,7.81
203.05,38.08,19.56,21.41,7.83,64.51,39.40,52.26,7.81
203.06,38.08,19.54,21.41,7.83,64.51,39.48,52.26,7.82
203.07,38.08,19.54,21.41,7.83,64.51,39.48,52.38,7.82
203.08,38.08,19.56,21.44,7.83,64.51,39.48,52.26,7.82
203.09,38.08,19.54,21.41,7.83,64.51,39.48,52.26,7.82
203.10,38.08,19.54,21.44,7.84,64.51,39.40,52.26,7.81
203.11,38.08,19.54,21.41,7.84,64.51,39.48,52.38,7.82
203.12,38.08,19.56,21.44,7.85,64.51,39.48,52.38,7.81
203.13,38.08,19.54,21.41,7.84,64.51,39.48,52.26,7.81
203.14,38.16,19.54,21.41,7.83,64.51,39.48,52.26,7.81
203.15,38.08,19.54,21.41,7.83,64.51,39.48,52.26,7.82
203.16,38.08,19.54,21.41,7.83,64.51,39.48,52.26,7.82
203.17,38.16,19.54,21.41,7.83,64.51,39.48,52.38,7.82
203.18,38.16,19.51,21.44,7.84,64.51,39.48,52.26,7.81
203.19,38.16,19.54,21.44,7.84,64.51,39.55,52.38,7.82
203.20,38.16,19.54,21.41,7.83,64.51,39.48,52.26,7.81
203.21,38.16,19.54,21.44,7.83,64.51,39.40,52.26,7.81
203.22,38.16,19.54,21.44,7.83,64.33,39.48,52.38,7.81
203.23,38.08,19.54,21.44,7.84,64.51,39.48,52.26,7.82
203.24,38.16,19.54,21.44,7.83,64.51,39.55,52.26,7.81
203.25,38.08,19.56,21.44,7.83,64.51,39.48,52.38,7.82
203.26,38.08,19.54,21.44,7.83,64.51,39.48,52.26,7.82
203.27,38.08,19.54,21.41,7.83,64.51,39.48,52.26,7.82
203.28,38.16,19.56,21.44,7.84,64.51,39.48,52.26,7.81
203.29,38.08,19.54,21.44,7.83,64.51,39.48,52.38,7.82
203.30,38.08,19.54,21.41,7.83,64.51,39.55,52.38,7.82
203.31,38.08,19.54,21.44,7.83,64.51,39.48,52.38,7.82
203.32,38.08,19.54,21.44,7.83,64.51,39.48,52.38,7.81
203.33,38.16,19.54,21.44,7.84,64.51,39.48,52.26,7.81
203.34,38.08,19.51,21.44,7.83,64.51,39.55,52.26,7.82
203.35,38.16,19.54,21.44,7.83,64.69,39.55,52.38,7.82
203.36,38.16,19.59,21.44,7.83,64.69,39.48,52.26,7.82
203.37,38.08,19.56,21.44,7.83,64.51,39.55,52.38,7.82
203.38,38.16,19.51,21.44,7.83,64.51,39.48,52.26,7.82
203.39,38.08,19.54,21.44,7.85,64.51,39.48,52.38,7.81
203.40,38.08,19.56,21.44,7.83,64.51,39.55,52.38,7.81
203.41,38.16,19.54,21.41,7.83,64.51,39.48,52.38,7.81
203.42,38.16,19.54,21.41,7.84,64.51,39.48,52.38,7.81
203.43,38.16,19.54,21.44,7.83,64.69,39.48,52.38,7.82
203.44,38.16,19.54,21.41,7.85,64.51,39.55,52.38,7.81
203.45,38.16,19.51,21.44,7.83,64.51,39.48,52.38,7.82
203.46,38.16,19.56,21.44,7.83,64.51,39.55,52.38,7.83
203.47,38.16,19.54,21.44,7.84,64.51,39.48,52.26,7.82
203.48,38.16,19.54,21.44,7.83,64.51,39.40,52.38,7.82
203.49,38.16,19.54,21.44,7.83,64.51,39.48,52.38,7.82
203.50,38.08,19.54,21.47,7.83,64.69,39.55,52.38,7.83
203.51,38.08,19.54,21.41,7.85,64.51,39.48,52.38,7.82
203.52,38.08,19.54,21.44,7.83,64.51,39.48,52.38,7.82
203.53,38.16,19.54,21.44,7.83,64.51,39.48,52.38,7.82
203.54,38.16,19.56,21.44,7.84,64.51,39.48,52.26,7.82
203.55,38.16,19.56,21.44,7.84,64.51,39.55,52.38,7.82
203.56,38.16,19.54,21.44,7.83,64.69,39.48,52.38,7.82
203.57,38.16,19.54,21.47,7.83,64.51,39.55,52.38,7.82
203.58,38.08,19.54,21.47,7.83,64.51,39.48,52.51,7.82
203.59,38.16,19.56,21.44,7.84,64.51,39.55,52.26,7.81
203.60,38.08,19.54,21.44,7.83,64.51,39.48,52.38,7.82
203.61,38.16,19.54,21.44,7.83,64.69,39.55,52.38,7.82
203.62,38.16,19.54,21.44,7.83,64.51,39.55,52.38,7.82
203.63,38.16,19.54,21.41,7.83,64.51,39.55,52.38,7.81
203.64,38.16,19.54,21.44,7.85,64.51,39.55,52.51,7.82
203.65,38.16,19.54,21.44,7.83,64.69,39.48,52.38,7.82
203.66,38.16,19.56,21.44,7.83,64.33,39.63,52.26,7.83
203.67,38.16,19.54,21.47,7.83,64.87,39.48,52.38,7.82
203.68,38.08,19.54,21.47,7.83,64.69,39.55,52.38,7.82
203.69,38.16,19.56,21.44,7.83,64.51,39.55,52.38,7.81
203.70,38.16,19.54,21.44,7.84,64.69,39.48,52.38,7.81
203.71,38.16,19.54,21.47,7.83,64.69,39.48,52.38,7.83
203.72,38.16,19.54,21.44,7.85,64.69,39.48,52.38,7.83
203.73,38.16,19.54,21.44,7.84,64.51,39.55,52.38,7.83
203.74,38.16,19.51,21.44,7.83,64.51,39.48,52.51,7.82
203.75,38.16,19.54,21.44,7.83,64.69,39.63,52.38,7.82
203.76,38.16,19.54,21.44,7.83,64.51,39.48,52.38,7.82
203.77,38.16,19.54,21.47,7.83,64.51,39.55,52.38,7.82
203.78,38.16,19.54,21.44,7.85,64.69,39.48,52.38,7.82
203.79,38.08,19.54,21.44,7.84,64.69,39.55,52.38,7.82
203.80,38.16,19.54,21.44,7.83,64.69,39.63,52.38,7.82
203.81,38.16,19.54,21.44,7.84,64.69,39.48,52.38,7.82
203.82,38.16,19.54,21.47,7.85,64.69,39.48,52.38,7.82
203.83,38.16,19.54,21.47,7.85,64.69,39.55,52.38,7.82
203.84,38.16,19.54,21.47,7.84,64.51,39.55,52.51,7.82
203.85,38.16,19.54,21.44,7.83,64.51,39.55,52.38,7.82
203.86,38.16,19.54,21.44,7.84,64.69,39.55,52.51,7.82
203.87,38.16,19.54,21.47,7.84,64.69,39.48,52.51,7.82
203.88,38.16,19.54,21.47,7.83,64.69,39.55,52.38,7.82
203.89,38.16,19.54,21.47,7.83,64.69,39.63,52.38,7.82
203.90,38.16,19.54,21.44,7.84,64.69,39.55,52.38,7.82
203.91,38.16,19.54,21.47,7.85,64.69,39.55,52.38,7.83
203.92,38.16,19.54,21.47,7.84,64.69,39.55,52.38,7.82
203.93,38.16,19.54,21.47,7.84,64.69,39.55,52.51,7.82
203.94,38.16,19.56,21.44,7.85,64.69,39.63,52.51,7.82
203.95,38.16,19.56,21.47,7.83,64.69,39.63,52.38,7.82
203.96,38.16,19.56,21.47,7.84,64.69,39.48,52.51,7.83
203.97,38.16,19.54,21.47,7.85,64.69,39.48,52.38,7.82
203.98,38.16,19.54,21.47,7.84,64.69,39.63,52.38,7.82
203.99,38.16,19.56,21.44,7.84,64.69,39.55,52.51,7.83
204.00,38.16,19.54,21.44,7.84,64.69,39.63,52.51,7.82
204.01,38.16,19.54,21.47,7.84,64.69,39.63,52.51,7.82
204.02,38.16,19.54,21.44,7.83,64.69,39.55,52.51,7.82
204.03,38.08,19.54,21.47,7.85,64.69,39.55,52.51,7.83
204.04,38.16,19.54,21.47,7.84,64.69,39.55,52.51,7.82
204.05,38.16,19.59,21.44,7.85,64.69,39.63,52.38,7.82
204.06,38.16,19.54,21.44,7.85,64.69,39.55,52.51,7.83
204.07,38.16,19.54,21.47,7.84,64.69,39.55,52.38,7.82
204.08,38.08,19.54,21.47,7.84,64.87,39.55,52.51,7.83
204.09,38.16,19.54,21.47,7.84,64.69,39.55,52.51,7.82
204.10,38.16,19.54,21.47,7.84,64.87,39.63,52.51,7.82
204.11,38.16,19.56,21.50,7.84,64.69,39.63,52.51,7.82
204.12,38.16,19.54,21.50,7.84,64.69,39.48,52.38,7.84
204.13,38.16,19.56,21.47,7.83,64.51,39.63,52.38,7.82
204.14,38.16,19.54,21.44,7.84,64.51,39.63,52.51,7.83
204.15,38.16,19.56,21.47,7.85,64.69,39.63,52.51,7.82
204.16,38.16,19.56,21.47,7.84,64.69,39.55,52.38,7.82
204.17,38.16,19.54,21.47,7.84,64.69,39.55,52.51,7.82
204.18,38.16,19.54,21.44,7.84,64.69,39.55,52.51,7.82
204.19,38.16,19.56,21.47,7.84,64.69,39.55,52.51,7.81
204.20,38.16,19.56,21.44,7.83,64.69,39.55,52.51,7.82
204.21,38.16,19.56,21.47,7.84,64.69,39.55,52.51,7.82
204.22,38.16,19.54,21.44,7.84,64.87,39.63,52.51,7.82
204.23,38.16,19.54,21.47,7.84,64.87,39.63,52.51,7.82
204.24,38.16,19.54,21.47,7.85,64.87,39.55,52.51,7.82
204.25,38.16,19.54,21.44,7.84,64.69,39.63,52.51,7.82
204.26,38.16,19.54,21.47,7.85,64.87,39.55,52.51,7.83
204.27,38.16,19.54,21.47,7.84,64.87,39.63,52.51,7.83
204.28,38.16,19.54,21.47,7.84,64.69,39.63,52.51,7.82
204.29,38.16,19.56,21.47,7.84,64.69,39.63,52.51,7.83
204.30,38.16,19.56,21.47,7.85,64.69,39.71,52.51,7.83
204.31,38.16,19.56,21.47,7.85,64.69,39.63,52.51,7.82
204.32,38.16,19.54,21.47,7.84,64.87,39.63,52.38,7.82
204.33,38.16,19.54,21.47,7.84,64.69,39.55,52.51,7.82
204.34,38.16,19.54,21.47,7.84,64.69,39.63,52.51,7.82
204.35,38.16,19.54,21.47,7.84,64.69,39.55,52.51,7.82
204.36,38.16,19.54,21.47,7.84,64.69,39.55,52.51,7.82
204.37,38.16,19.54,21.47,7.83,64.69,39.71,52.51,7.82
204.38,38.16,19.56,21.44,7.85,64.69,39.71,52.51,7.82
204.39,38.16,19.54,21.47,7.84,64.69,39.71,52.51,7.82
204.40,38.16,19.54,21.47,7.84,64.87,39.63,52.64,7.83
204.41,38.16,19.54,21.47,7.85,64.69,39.63,52.51,7.82
204.42,38.16,19.54,21.47,7.84,64.87,39.55,52.51,7.82
204.43,38.16,19.56,21.47,7.84,64.87,39.63,52.51,7.82
204.44,38.16,19.56,21.47,7.84,64.69,39.63,52.51,7.84
204.45,38.16,19.56,21.47,7.84,64.69,39.63,52.64,7.83
204.46,38.30,19.56,21.50,7.85,64.87,39.55,52.51,7.82
204.47,38.16,19.54,21.47,7.84,64.87,39.63,52.51,7.82
204.48,38.16,19.56,21.47,7.84,64.87,39.63,52.51,7.84
204.49,38.16,19.56,21.47,7.84,64.87,39.71,52.51,7.82
204.50,38.16,19.56,21.47,7.85,64.87,39.63,52.51,7.84
204.51,38.23,19.56,21.47,7.84,64.87,39.71,52.51,7.82
204.52,38.16,19.54,21.44,7.84,64.87,39.71,52.51,7.83
204.53,38.16,19.56,21.50,7.85,64.87,39.63,52.64,7.82
204.54,38.16,19.54,21.47,7.84,64.87,39.63,52.51,7.83
204.55,38.16,19.54,21.47,7.85,64.69,39.63,52.51,7.83
204.56,38.16,19.56,21.50,7.85,64.87,39.63,52.51,7.82
204.57,38.16,19.56,21.47,7.85,64.69,39.63,52.51,7.82
204.58,38.16,19.56,21.47,7.84,64.87,39.63,52.51,7.82
204.59,38.16,19.54,21.47,7.85,64.87,39.63,52.51,7.82
204.60,38.16,19.56,21.50,7.84,64.87,39.71,52.64,7.84
204.61,38.16,19.54,21.47,7.84,64.87,39.71,52.51,7.83
204.62,38.16,19.54,21.50,7.84,64.87,39.71,52.51,7.83
204.63,38.16,19.54,21.47,7.84,64.87,39.63,52.51,7.82
204.64,38.16,19.56,21.47,7.84,64.87,39.55,52.64,7.83
204.65,38.16,19.54,21.50,7.84,64.87,39.71,52.64,7.82
204.66,38.16,19.56,21.47,7.84,64.87,39.48,52.51,7.82
204.67,38.16,19.54,21.50,7.85,64.87,39.55,52.51,7.82
204.68,38.16,19.56,21.47,7.86,64.87,39.71,52.64,7.84
204.69,38.16,19.54,21.47,7.84,64.87,39.63,52.51,7.83
204.70,38.16,19.54,21.50,7.84,65.05,39.63,52.64,7.82
204.71,38.16,19.59,21.47,7.85,64.87,39.63,52.51,7.83
204.72,38.16,19.56,21.50,7.85,64.87,39.71,52.51,7.82
204.73,38.16,19.56,21.50,7.84,64.87,39.63,52.64,7.83
204.74,38.16,19.56,21.50,7.84,64.87,39.63,52.64,7.82
204.75,38.16,19.54,21.47,7.84,64.87,39.71,52.51,7.82
204.76,38.16,19.56,21.50,7.84,64.87,39.63,52.51,7.82
204.77,38.16,19.59,21.50,7.85,64.87,39.63,52.51,7.83
204.78,38.23,19.54,21.47,7.84,64.87,39.71,52.51,7.83
204.79,38.23,19.56,21.47,7.84,64.87,39.63,52.51,7.82
204.80,38.08,19.54,21.47,7.84,64.87,39.71,52.51,7.82
204.81,38.16,19.54,21.50,7.85,64.87,39.63,52.51,7.82
204.82,38.23,19.59,21.47,7.85,64.87,39.71,52.64,7.83
204.83,38.16,19.56,21.47,7.84,65.05,39.63,52.76,7.82
204.84,38.16,19.59,21.47,7.84,65.05,39.71,52.51,7.83
204.85,38.16,19.56,21.47,7.84,64.87,39.71,52.51,7.82
204.86,38.16,19.54,21.50,7.84,64.69,39.63,52.51,7.83
204.87,38.16,19.56,21.47,7.84,65.05,39.71,52.51,7.84
204.88,38.23,19.54,21.50,7.85,65.05,39.63,52.64,7.83
204.89,38.23,19.56,21.47,7.85,64.87,39.71,52.51,7.83
204.90,38.16,19.54,21.47,7.85,64.87,39.71,52.51,7.84
204.91,38.23,19.59,21.47,7.84,64.87,39.63,52.38,7.83
204.92,38.16,19.56,21.47,7.84,64.87,39.71,52.51,7.83
204.93,38.08,19.59,21.50,7.85,64.87,39.71,52.64,7.82
204.94,38.16,19.56,21.50,7.85,64.87,39.63,52.76,7.83
204.95,38.23,19.56,21.47,7.84,64.87,39.71,52.64,7.83
204.96,38.16,19.56,21.50,7.85,64.87,39.71,52.51,7.82
204.97,38.16,19.59,21.47,7.84,64.87,39.71,52.64,7.83
204.98,38.23,19.56,21.47,7.85,64.87,39.71,52.64,7.82
204.99,38.16,19.54,21.47,7.85,64.87,39.71,52.64,7.84
205.00,38.16,19.54,21.47,7.85,65.05,39.71,52.51,7.83
205.01,38.23,19.54,21.47,7.85,64.87,39.71,52.51,7.83
205.02,38.16,19.56,21.47,7.84,64.87,39.71,52.51,7.82
205.03,38.23,19.56,21.50,7.85,64.87,39.79,52.64,7.82
205.04,38.23,19.56,21.47,7.84,64.87,39.71,52.64,7.83
205.05,38.23,19.56,21.47,7.86,65.05,39.79,52.64,7.83
205.06,38.16,19.56,21.50,7.85,64.87,39.79,52.64,7.84
205.07,38.16,19.56,21.50,7.84,64.87,39.71,52.64,7.83
205.08,38.16,19.54,21.50,7.84,64.87,39.71,52.64,7.84
205.09,38.16,19.56,21.50,7.85,64.87,39.71,52.64,7.83
205.10,38.16,19.56,21.50,7.84,64.87,39.71,52.64,7.83
205.11,38.23,19.56,21.47,7.85,65.05,39.71,52.51,7.83
205.12,38.16,19.56,21.50,7.85,65.05,39.71,52.64,7.83
205.13,38.23,19.54,21.47,7.85,64.87,39.71,52.64,7.83
205.14,38.16,19.54,21.47,7.84,65.05,39.71,52.64,7.82
205.15,38.23,19.56,21.50,7.85,64.87,39.71,52.64,7.83
205.16,38.16,19.56,21.47,7.85,64.87,39.79,52.64,7.83
205.17,38.23,19.56,21.50,7.84,65.05,39.71,52.64,7.82
205.18,38.16,19.54,21.47,7.84,64.87,39.71,52.64,7.82
205.19,38.16,19.59,21.47,7.85,65.05,39.71,52.64,7.83
205.20,38.16,19.59,21.47,7.85,64.87,39.71,52.64,7.83
205.21,38.23,19.54,21.50,7.85,64.87,39.71,52.64,7.84
205.22,38.16,19.56,21.50,7.85,65.05,39.71,52.64,7.84
205.23,38.23,19.56,21.50,7.85,65.05,39.71,52.64,7.83
205.24,38.16,19.54,21.47,7.84,65.05,39.71,52.64,7.83
205.25,38.23,19.54,21.47,7.84,65.05,39.79,52.64,7.84
205.26,38.23,19.56,21.50,7.85,64.87,39.71,52.64,7.82
205.27,38.16,19.56,21.47,7.85,65.05,39.63,52.64,7.83
205.28,38.23,19.56,21.50,7.84,65.05,39.71,52.64,7.84
205.29,38.23,19.54,21.50,7.85,65.23,39.71,52.64,7.83
205.30,38.23,19.54,21.50,7.84,65.05,39.79,52.64,7.83
205.31,38.23,19.54,21.50,7.85,64.87,39.71,52.64,7.83
205.32,38.16,19.56,21.50,7.84,65.05,39.79,52.64,7.83
205.33,38.23,19.56,21.50,7.85,65.05,39.71,52.64,7.83
205.34,38.16,19.59,21.50,7.85,65.05,39.71,52.76,7.84
205.35,38.23,19.56,21.50,7.85,65.05,39.79,52.64,7.82
205.36,38.23,19.59,21.50,7.85,65.05,39.71,52.64,7.83
205.37,38.23,19.56,21.50,7.85,65.05,39.79,52.64,7.84
205.38,38.23,19.56,21.50,7.85,65.05,39.71,52.76,7.83
205.39,38.23,19.56,21.50,7.85,65.05,39.63,52.64,7.83
205.40,38.23,19.56,21.50,7.85,65.05,39.71,52.64,7.82
205.41,38.23,19.56,21.50,7.84,65.05,39.79,52.64,7.84
205.42,38.23,19.54,21.47,7.85,65.05,39.71,52.64,7.82
205.43,38.23,19.56,21.50,7.84,65.05,39.71,52.64,7.84
205.44,38.16,19.56,21.50,7.85,65.05,39.71,52.64,7.83
205.45,38.23,19.56,21.50,7.85,65.05,39.79,52.76,7.84
205.46,38.23,19.56,21.50,7.85,65.05,39.71,52.76,7.83
205.47,38.16,19.56,21.50,7.85,65.05,39.79,52.64,7.83
205.48,38.23,19.56,21.50,7.85,65.05,39.79,52.64,7.83
205.49,38.23,19.56,21.47,7.84,65.23,39.79,52.64,7.83
205.50,38.16,19.54,21.50,7.85,65.05,39.71,52.64,7.83
205.51,38.16,19.56,21.50,7.85,64.87,39.71,52.76,7.83
205.52,38.23,19.56,21.50,7.86,65.05,39.71,52.76,7.83
205.53,38.23,19.59,21.50,7.85,65.05,39.79,52.76,7.83
205.54,38.23,19.56,21.50,7.84,65.05,39.71,52.76,7.83
205.55,38.23,19.56,21.50,7.85,65.05,39.79,52.64,7.83
205.56,38.23,19.56,21.50,7.85,65.05,39.79,52.64,7.84
205.57,38.16,19.56,21.50,7.85,65.05,39.79,52.64,7.83
205.58,38.23,19.56,21.50,7.85,65.05,39.79,52.64,7.83
205.59,38.23,19.59,21.50,7.84,65.05,39.79,52.76,7.82
205.60,38.23,19.56,21.47,7.85,65.05,39.79,52.64,7.83
205.61,38.23,19.56,21.50,7.85,65.05,39.79,52.64,7.84
205.62,38.23,19.56,21.50,7.85,65.05,39.79,52.76,7.83
205.63,38.16,19.56,21.50,7.85,65.05,39.79,52.76,7.84
205.64,38.23,19.56,21.50,7.85,65.05,39.79,52.76,7.83
205.65,38.23,19.56,21.50,7.85,65.23,39.79,52.64,7.83
205.66,38.23,19.56,21.50,7.86,65.05,39.71,52.64,7.83
205.67,38.23,19.56,21.50,7.85,65.05,39.71,52.64,7.83
205.68,38.23,19.56,21.50,7.85,65.05,39.79,52.64,7.83
205.69,38.16,19.54,21.50,7.86,65.05,39.79,52.76,7.84
205.70,38.23,19.59,21.53,7.86,65.05,39.71,52.76,7.84
205.71,38.23,19.56,21.50,7.84,65.05,39.79,52.76,7.83
205.72,38.23,19.59,21.50,7.85,65.05,39.71,52.76,7.84
205.73,38.23,19.59,21.50,7.87,65.05,39.79,52.64,7.83
205.74,38.23,19.54,21.50,7.85,65.23,39.87,52.76,7.83
205.75,38.23,19.56,21.53,7.86,65.05,39.79,52.64,7.85
205.76,38.23,19.59,21.50,7.85,65.05,39.79,52.64,7.84
205.77,38.23,19.56,21.50,7.86,65.23,39.79,52.64,7.83
205.78,38.23,19.56,21.53,7.85,65.05,39.71,52.89,7.84
205.79,38.23,19.59,21.50,7.86,65.05,39.79,52.76,7.83
205.80,38.23,19.56,21.50,7.85,65.23,39.79,52.76,7.84
205.81,38.23,19.59,21.50,7.85,65.23,39.79,52.64,7.83
205.82,38.23,19.56,21.50,7.85,65.05,39.87,52.64,7.84
205.83,38.23,19.56,21.50,7.85,65.23,39.79,52.64,7.83
205.84,38.23,19.56,21.50,7.84,65.23,39.79,52.76,7.84
205.85,38.23,19.56,21.50,7.85,65.05,39.87,52.64,7.83
205.86,38.23,19.56,21.53,7.85,65.23,39.79,52.76,7.84
205.87,38.23,19.56,21.50,7.85,65.23,39.71,52.76,7.83
205.88,38.16,19.56,21.50,7.86,65.05,39.79,52.76,7.83
205.89,38.16,19.56,21.50,7.86,65.05,39.79,52.76,7.84
205.90,38.23,19.56,21.53,7.85,65.05,39.79,52.76,7.84
205.91,38.23,19.56,21.53,7.86,65.05,39.79,52.76,7.84
205.92,38.23,19.56,21.50,7.85,65.23,39.79,52.76,7.83
205.93,38.23,19.59,21.50,7.85,65.05,39.79,52.76,7.83
205.94,38.23,19.54,21.50,7.85,65.05,39.79,52.76,7.83
205.95,38.23,19.56,21.53,7.85,65.05,39.79,52.76,7.84
205.96,38.30,19.56,21.53,7.85,65.05,39.79,52.76,7.85
205.97,38.16,19.59,21.53,7.85,65.23,39.79,52.76,7.83
205.98,38.30,19.54,21.53,7.85,65.05,39.79,52.76,7.83
205.99,38.23,19.56,21.50,7.85,65.23,39.79,52.89,7.84
206.00,38.23,19.56,21.50,7.86,65.05,39.79,52.76,7.83
206.01,38.30,19.56,21.53,7.86,65.23,39.87,52.76,7.83
206.02,38.23,19.56,21.53,7.85,65.23,39.79,52.76,7.85
206.03,38.23,19.56,21.50,7.85,65.05,39.87,52.89,7.84
206.04,38.23,19.56,21.53,7.85,65.23,39.79,52.76,7.84
206.05,38.23,19.56,21.50,7.85,65.41,39.79,52.76,7.84
206.06,38.23,19.56,21.53,7.86,65.05,39.79,52.76,7.84
206.07,38.23,19.56,21.50,7.85,65.23,39.87,52.76,7.83
206.08,38.23,19.59,21.50,7.86,65.05,39.87,52.76,7.83
206.09,38.23,19.59,21.53,7.85,65.05,39.87,52.76,7.84
206.10,38.23,19.56,21.50,7.85,65.05,39.79,52.76,7.84
206.11,38.23,19.56,21.50,7.85,65.05,39.87,53.02,7.83
206.12,38.30,19.56,21.53,7.85,65.23,39.79,52.51,7.83
206.13,38.23,19.56,21.50,7.86,65.23,39.79,52.76,7.84
206.14,38.23,19.56,21.53,7.85,65.23,39.79,52.76,7.84
206.15,38.23,19.59,21.53,7.86,65.23,39.87,52.76,7.85
206.16,38.23,19.56,21.50,7.85,65.23,39.87,52.76,7.83
206.17,38.30,19.59,21.53,7.85,65.05,39.87,52.89,7.85
206.18,38.23,19.56,21.53,7.85,65.23,39.79,52.76,7.84
206.19,38.23,19.56,21.53,7.86,65.23,39.79,52.76,7.84
206.20,38.23,19.56,21.50,7.85,65.05,39.79,52.76,7.84
206.21,38.23,19.56,21.50,7.85,65.23,39.79,52.76,7.84
206.22,38.23,19.59,21.50,7.85,65.23,39.79,52.89,7.84
206.23,38.30,19.59,21.50,7.86,65.05,39.79,52.89,7.84
206.24,38.23,19.59,21.50,7.85,65.23,39.87,52.76,7.83
206.25,38.23,19.62,21.53,7.85,65.23,39.79,52.76,7.83
206.26,38.30,19.56,21.53,7.85,65.23,39.87,52.89,7.84
206.27,38.23,19.56,21.53,7.85,65.23,39.87,52.89,7.83
206.28,38.30,19.59,21.53,7.85,65.23,39.79,52.89,7.85
206.29,38.23,19.59,21.50,7.86,65.41,39.79,52.76,7.84
206.30,38.30,19.56,21.53,7.86,65.23,39.79,52.76,7.83
206.31,38.23,19.59,21.53,7.86,65.23,39.79,52.89,7.85
206.32,38.30,19.59,21.53,7.85,65.23,39.87,52.89,7.84
206.33,38.23,19.59,21.53,7.86,65.23,39.87,52.89,7.83
206.34,38.23,19.59,21.53,7.85,65.05,39.95,52.76,7.83
206.35,38.23,19.56,21.53,7.85,65.23,39.79,52.89,7.84
206.36,38.23,19.56,21.53,7.87,65.23,39.87,52.89,7.84
206.37,38.30,19.59,21.50,7.86,65.23,39.79,52.89,7.84
206.38,38.23,19.56,21.53,7.85,65.23,39.87,52.89,7.83
206.39,38.23,19.56,21.53,7.85,65.05,39.87,52.76,7.83
206.40,38.23,19.56,21.50,7.86,65.23,39.87,52.89,7.84
206.41,38.23,19.56,21.50,7.85,65.23,39.87,52.76,7.84
206.42,38.30,19.56,21.50,7.86,65.23,39.87,52.89,7.85
206.43,38.30,19.59,21.53,7.85,65.23,39.87,52.89,7.84
206.44,38.30,19.59,21.53,7.87,65.23,39.87,52.89,7.84
206.45,38.23,19.56,21.53,7.85,65.23,39.87,52.76,7.84
206.46,38.23,19.56,21.57,7.86,65.23,39.95,52.89,7.85
206.47,38.30,19.56,21.53,7.85,65.23,39.79,52.89,7.85
206.48,38.30,19.59,21.53,7.86,65.23,39.87,52.76,7.85
206.49,38.23,19.56,21.53,7.85,65.23,39.87,52.89,7.83
206.50,38.23,19.56,21.53,7.86,65.23,39.87,52.89,7.84
206.51,38.23,19.56,21.53,7.85,65.23,39.87,52.89,7.84
206.52,38.23,19.56,21.53,7.85,65.23,39.95,52.89,7.84
206.53,38.30,19.62,21.53,7.85,65.23,39.87,52.76,7.83
206.54,38.30,19.59,21.53,7.87,65.23,39.87,52.76,7.83
206.55,38.30,19.56,21.53,7.85,65.23,39.95,52.89,7.84
206.56,38.30,19.56,21.57,7.86,65.23,39.87,52.89,7.83
206.57,38.23,19.59,21.53,7.86,65.23,39.87,52.89,7.84
206.58,38.23,19.59,21.53,7.85,65.23,39.87,52.89,7.84
206.59,38.30,19.59,21.53,7.86,65.23,39.87,52.76,7.84
206.60,38.30,19.59,21.57,7.86,65.23,39.87,52.89,7.84
206.61,38.30,19.59,21.53,7.85,65.41,39.87,52.76,7.84
206.62,38.30,19.56,21.53,7.85,65.23,39.95,52.76,7.85
206.63,38.30,19.62,21.57,7.85,65.23,39.87,52.89,7.85
206.64,38.30,19.56,21.53,7.86,65.23,39.95,52.89,7.84
206.65,38.23,19.56,21.53,7.85,65.41,39.87,52.89,7.83
206.66,38.30,19.56,21.53,7.86,65.23,39.79,52.89,7.83
206.67,38.30,19.62,21.53,7.86,65.23,39.95,52.89,7.83
206.68,38.30,19.56,21.53,7.85,65.23,39.95,52.89,7.84
206.69,38.30,19.56,21.53,7.86,65.23,39.79,52.89,7.84
206.70,38.23,19.56,21.53,7.85,65.23,39.87,52.89,7.84
206.71,38.30,19.59,21.53,7.85,65.41,39.87,52.89,7.85
206.72,38.30,19.56,21.53,7.85,65.23,39.95,52.89,7.84
206.73,38.30,19.59,21.53,7.86,65.23,39.79,52.89,7.84
206.74,38.30,19.59,21.53,7.86,65.41,39.95,52.89,7.84
206.75,38.30,19.59,21.53,7.85,65.41,39.87,52.89,7.84
206.76,38.30,19.56,21.53,7.86,65.41,39.95,52.89,7.85
206.77,38.30,19.59,21.57,7.86,65.23,39.95,52.89,7.84
206.78,38.30,19.56,21.57,7.87,65.23,39.87,53.02,7.84
206.79,38.30,19.59,21.53,7.86,65.23,39.87,52.89,7.83
206.80,38.23,19.54,21.53,7.85,65.23,39.95,52.89,7.84
206.81,38.30,19.59,21.57,7.86,65.23,39.95,52.89,7.84
206.82,38.30,19.56,21.53,7.85,65.23,39.95,52.89,7.85
206.83,38.30,19.59,21.53,7.85,65.41,39.95,52.89,7.85
206.84,38.30,19.59,21.53,7.85,65.23,39.95,53.02,7.84
206.85,38.30,19.56,21.53,7.87,65.23,39.95,53.02,7.83
206.86,38.30,19.59,21.53,7.85,65.23,39.87,52.76,7.84
206.87,38.38,19.59,21.53,7.85,65.23,39.95,53.02,7.85
206.88,38.30,19.56,21.57,7.86,65.23,39.95,52.89,7.84
206.89,38.30,19.59,21.53,7.86,65.23,39.95,52.89,7.84
206.90,38.30,19.59,21.53,7.86,65.23,39.95,53.02,7.85
206.91,38.38,19.56,21.53,7.85,65.23,39.95,52.89,7.84
206.92,38.30,19.59,21.53,7.86,65.23,39.87,52.89,7.84
206.93,38.30,19.56,21.53,7.87,65.23,39.95,52.89,7.84
206.94,38.30,19.54,21.53,7.86,65.23,39.87,52.89,7.85
206.95,38.30,19.56,21.57,7.86,65.41,39.87,52.89,7.85
206.96,38.30,19.59,21.53,7.85,65.41,39.95,52.89,7.84
206.97,38.30,19.56,21.53,7.86,65.23,39.95,52.89,7.84
206.98,38.30,19.56,21.53,7.86,65.41,39.95,52.89,7.84
206.99,38.23,19.59,21.53,7.87,65.23,39.95,53.02,7.84
207.00,38.30,19.59,21.53,7.85,65.23,39.95,53.02,7.84
207.01,38.30,19.62,21.53,7.86,65.41,39.95,52.89,7.83
207.02,38.30,19.59,21.57,7.86,65.23,40.03,52.89,7.84
207.03,38.30,19.59,21.57,7.86,65.41,39.95,52.89,7.84
207.04,38.30,19.62,21.53,7.87,65.23,40.03,52.89,7.84
207.05,38.30,19.59,21.57,7.87,65.23,39.95,52.89,7.84
207.06,38.30,19.59,21.53,7.85,65.23,39.95,52.89,7.84
207.07,38.30,19.62,21.57,7.86,65.23,39.95,53.02,7.84
207.08,38.30,19.59,21.53,7.86,65.23,39.95,52.89,7.85
207.09,38.30,19.59,21.57,7.86,65.23,39.95,53.02,7.83
207.10,38.38,19.59,21.53,7.87,65.23,39.95,52.89,7.84
207.11,38.30,19.56,21.53,7.86,65.41,39.95,52.89,7.84
207.12,38.38,19.56,21.57,7.86,65.23,39.95,53.02,7.85
207.13,38.30,19.56,21.57,7.87,65.41,39.95,52.89,7.85
207.14,38.23,19.59,21.53,7.87,65.23,39.95,53.02,7.85
207.15,38.38,19.59,21.57,7.87,65.41,39.95,52.89,7.84
207.16,38.38,19.59,21.57,7.87,65.41,39.95,53.02,7.84
207.17,38.30,19.59,21.57,7.86,65.41,39.95,52.89,7.84
207.18,38.30,19.59,21.57,7.87,65.23,40.03,52.89,7.85
207.19,38.38,19.62,21.57,7.86,65.23,40.03,52.89,7.85
207.20,38.38,19.59,21.57,7.87,65.23,39.95,53.02,7.84
207.21,38.38,19.56,21.60,7.86,65.41,39.95,53.02,7.85
207.22,38.38,19.59,21.57,7.86,65.23,39.95,53.02,7.84
207.23,38.38,19.59,21.57,7.85,65.60,40.03,52.89,7.84
207.24,38.30,19.59,21.57,7.86,65.41,40.03,52.89,7.85
207.25,38.30,19.59,21.53,7.85,65.41,40.03,52.89,7.84
207.26,38.38,19.59,21.57,7.87,65.41,40.03,52.89,7.85
207.27,38.23,19.59,21.57,7.86,65.41,39.95,53.02,7.84
207.28,38.38,19.59,21.57,7.87,65.23,40.03,52.89,7.84
207.29,38.38,19.62,21.57,7.86,65.41,39.95,52.89,7.85
207.30,38.30,19.59,21.57,7.86,65.41,39.95,53.14,7.86
207.31,38.30,19.56,21.53,7.86,65.41,39.95,52.89,7.84
207.32,38.30,19.59,21.53,7.86,65.41,39.95,52.89,7.85
207.33,38.30,19.59,21.57,7.86,65.41,39.95,52.89,7.86
207.34,38.30,19.56,21.57,7.85,65.41,39.95,52.89,7.85
207.35,38.30,19.59,21.53,7.86,65.41,39.95,52.89,7.84
207.36,38.30,19.59,21.53,7.87,65.41,39.95,53.02,7.85
207.37,38.30,19.59,21.53,7.86,65.41,40.03,52.89,7.85
207.38,38.30,19.56,21.60,7.86,65.41,39.95,53.02,7.85
207.39,38.30,19.56,21.57,7.87,65.41,39.95,53.02,7.84
207.40,38.38,19.62,21.57,7.86,65.41,40.03,53.14,7.84
207.41,38.30,19.59,21.60,7.86,65.41,40.03,53.14,7.86
207.42,38.38,19.59,21.57,7.86,65.41,39.95,53.02,7.86
207.43,38.30,19.59,21.60,7.86,65.41,39.95,53.02,7.85
207.44,38.30,19.59,21.57,7.86,65.41,39.95,53.02,7.85
207.45,38.38,19.59,21.53,7.86,65.41,39.95,53.02,7.84
207.46,38.30,19.59,21.57,7.85,65.41,40.03,53.02,7.84
207.47,38.38,19.59,21.57,7.86,65.41,39.87,53.02,7.84
207.48,38.30,19.59,21.60,7.86,65.41,40.03,53.02,7.84
207.49,38.30,19.59,21.57,7.86,65.41,40.03,53.02,7.84
207.50,38.30,19.59,21.57,7.86,65.41,39.95,53.02,7.84
207.51,38.38,19.59,21.53,7.87,65.60,40.03,53.02,7.84
207.52,38.38,19.56,21.60,7.86,65.41,40.03,53.02,7.86
207.53,38.38,19.59,21.60,7.87,65.41,40.03,53.02,7.85
207.54,38.38,19.56,21.57,7.87,65.60,39.95,53.02,7.85
207.55,38.38,19.59,21.57,7.86,65.41,39.95,53.02,7.84
207.56,38.30,19.59,21.60,7.87,65.41,40.03,53.02,7.84
207.57,38.38,19.59,21.60,7.86,65.41,40.03,53.02,7.85
207.58,38.38,19.59,21.57,7.86,65.41,39.95,53.02,7.84
207.59,38.38,19.59,21.60,7.87,65.41,40.03,53.02,7.85
207.60,38.30,19.62,21.57,7.86,65.41,40.03,53.02,7.84
207.61,38.38,19.59,21.60,7.87,65.41,39.95,53.02,7.84
207.62,38.38,19.59,21.57,7.86,65.41,40.03,53.02,7.84
207.63,38.30,19.59,21.57,7.86,65.41,40.03,53.02,7.84
207.64,38.38,19.59,21.57,7.87,65.60,40.03,52.89,7.85
207.65,38.30,19.62,21.57,7.87,65.41,39.95,53.02,7.85
207.66,38.38,19.62,21.57,7.87,65.41,40.03,53.02,7.85
207.67,38.30,19.56,21.57,7.86,65.41,40.03,53.14,7.85
207.68,38.38,19.59,21.57,7.86,65.41,40.03,53.02,7.84
207.69,38.38,19.59,21.57,7.86,65.41,40.03,53.02,7.84
207.70,38.30,19.59,21.60,7.87,65.60,40.03,53.14,7.84
207.71,38.30,19.59,21.57,7.86,65.60,40.03,53.02,7.85
207.72,38.38,19.59,21.57,7.86,65.41,40.03,53.02,7.85
207.73,38.38,19.59,21.60,7.86,65.41,40.03,53.02,7.85
207.74,38.38,19.59,21.57,7.87,65.41,40.03,53.14,7.85
207.75,38.38,19.59,21.57,7.87,65.60,40.03,53.14,7.85
207.76,38.38,19.59,21.60,7.87,65.41,40.03,53.14,7.85
207.77,38.38,19.59,21.60,7.87,65.60,40.03,53.02,7.85
207.78,38.30,19.59,21.60,7.86,65.41,39.95,53.02,7.85
207.79,38.38,19.59,21.57,7.87,65.60,40.03,53.02,7.86
207.80,38.38,19.62,21.57,7.86,65.60,40.03,53.14,7.85
207.81,38.38,19.62,21.57,7.86,65.60,40.03,53.14,7.84
207.82,38.38,19.59,21.60,7.86,65.60,40.11,53.14,7.85
207.83,38.38,19.62,21.57,7.87,65.60,40.11,53.14,7.85
207.84,38.30,19.59,21.57,7.86,65.60,40.11,53.14,7.85
207.85,38.38,19.59,21.60,7.86,65.60,40.03,53.02,7.85
207.86,38.38,19.62,21.60,7.87,65.60,40.03,52.89,7.85
207.87,38.38,19.59,21.60,7.88,65.41,40.03,53.14,7.84
207.88,38.38,19.59,21.57,7.86,65.60,40.03,53.14,7.85
207.89,38.38,19.59,21.60,7.87,65.60,40.03,53.14,7.85
207.90,38.38,19.59,21.57,7.86,65.60,40.03,53.14,7.86
207.91,38.38,19.59,21.60,7.87,65.60,40.03,53.14,7.86
207.92,38.38,19.59,21.60,7.86,65.60,40.03,53.14,7.85
207.93,38.38,19.62,21.57,7.86,65.60,39.95,53.14,7.86
207.94,38.38,19.62,21.60,7.86,65.41,40.03,53.14,7.85
207.95,38.38,19.59,21.57,7.86,65.41,40.11,53.14,7.85
207.96,38.38,19.62,21.57,7.87,65.60,40.03,53.14,7.85
207.97,38.38,19.62,21.60,7.88,65.60,40.11,53.02,7.86
207.98,38.38,19.59,21.60,7.86,65.41,40.11,53.14,7.85
207.99,38.38,19.59,21.60,7.87,65.60,40.03,53.14,7.85
208.00,38.38,19.59,21.60,7.87,65.60,40.11,53.14,7.86
208.01,38.38,19.62,21.60,7.86,65.60,40.11,53.14,7.85
208.02,38.38,19.59,21.57,7.86,65.60,40.11,53.14,7.86
208.03,38.38,19.62,21.60,7.87,65.60,40.11,53.02,7.85
208.04,38.38,19.59,21.60,7.86,65.60,40.03,53.14,7.86
208.05,38.38,19.62,21.60,7.87,65.60,40.03,53.14,7.85
208.06,38.38,19.62,21.60,7.87,65.60,40.11,53.14,7.85
208.07,38.38,19.62,21.60,7.87,65.60,40.03,53.14,7.86
208.08,38.30,19.59,21.63,7.87,65.60,40.11,53.14,7.85
208.09,38.38,19.62,21.60,7.86,65.60,40.03,53.14,7.85
208.10,38.38,19.59,21.60,7.86,65.60,40.03,53.14,7.85
208.11,38.38,19.56,21.60,7.87,65.60,40.11,53.14,7.84
208.12,38.38,19.62,21.60,7.87,65.78,40.11,53.14,7.86
208.13,38.38,19.62,21.60,7.87,65.41,40.11,53.14,7.85
208.14,38.30,19.59,21.60,7.87,65.60,40.11,53.02,7.85
208.15,38.38,19.62,21.60,7.87,65.60,40.11,53.14,7.85
208.16,38.38,19.59,21.60,7.87,65.60,40.03,53.14,7.85
208.17,38.46,19.62,21.60,7.86,65.60,40.11,53.14,7.85
208.18,38.38,19.62,21.60,7.87,65.78,40.03,53.14,7.85
208.19,38.38,19.59,21.60,7.87,65.60,40.11,53.14,7.84
208.20,38.38,19.59,21.60,7.87,65.78,40.11,53.14,7.86
208.21,38.38,19.62,21.60,7.87,65.60,40.03,53.14,7.86
208.22,38.46,19.65,21.60,7.88,65.60,40.11,53.14,7.86
208.23,38.38,19.65,21.60,7.87,65.60,40.11,53.14,7.86
208.24,38.38,19.62,21.60,7.87,65.60,40.11,53.14,7.85
208.25,38.38,19.62,21.60,7.87,65.60,40.11,53.14,7.85
208.26,38.38,19.62,21.63,7.88,65.60,40.11,53.14,7.86
208.27,38.38,19.59,21.60,7.88,65.60,40.11,53.14,7.86
208.28,38.38,19.62,21.60,7.87,65.60,40.11,53.14,7.87
208.29,38.38,19.62,21.60,7.87,65.60,40.11,53.14,7.86
208.30,38.46,19.62,21.60,7.87,65.60,40.11,53.14,7.86
208.31,38.38,19.59,21.60,7.87,65.60,40.11,53.27,7.85
208.32,38.46,19.62,21.60,7.87,65.60,40.11,53.14,7.85
208.33,38.46,19.59,21.60,7.87,65.78,40.11,53.27,7.85
208.34,38.30,19.62,21.63,7.88,65.60,40.19,53.14,7.85
208.35,38.53,19.62,21.60,7.87,65.60,40.11,53.14,7.86
208.36,38.30,19.62,21.60,7.87,65.60,40.19,53.14,7.85
208.37,38.30,19.62,21.63,7.87,65.60,40.11,53.14,7.85
208.38,38.38,19.62,21.63,7.87,65.78,40.11,53.14,7.86
208.39,38.46,19.62,21.60,7.87,65.60,40.11,53.27,7.87
208.40,38.38,19.62,21.63,7.87,65.60,40.11,53.14,7.85
208.41,38.38,19.65,21.60,7.87,65.78,40.03,53.27,7.86
208.42,38.38,19.62,21.63,7.88,65.78,40.11,53.14,7.86
208.43,38.38,19.62,21.63,7.87,65.41,40.19,53.14,7.85
208.44,38.38,19.59,21.60,7.87,65.78,40.11,53.14,7.86
208.45,38.38,19.62,21.60,7.88,65.78,40.11,53.27,7.86
208.46,38.38,19.62,21.63,7.87,65.60,40.11,53.14,7.86
208.47,38.38,19.62,21.60,7.87,65.60,40.11,53.27,7.85
208.48,38.46,19.62,21.63,7.87,65.60,40.11,53.27,7.85
208.49,38.38,19.62,21.60,7.87,65.60,40.11,53.02,7.85
208.50,38.46,19.59,21.60,7.88,65.78,40.11,53.14,7.86
208.51,38.38,19.62,21.60,7.88,65.78,40.11,53.27,7.85
208.52,38.38,19.62,21.60,7.87,65.60,40.11,53.27,7.86
208.53,38.46,19.62,21.63,7.88,65.60,40.11,53.14,7.86
208.54,38.46,19.62,21.60,7.87,65.60,40.11,53.27,7.86
208.55,38.46,19.59,21.63,7.87,65.60,40.11,53.14,7.85
208.56,38.46,19.62,21.63,7.87,65.60,40.19,53.27,7.86
208.57,38.46,19.65,21.63,7.87,65.78,40.11,53.27,7.86
208.58,38.46,19.62,21.60,7.87,65.78,40.11,53.27,7.85
208.59,38.46,19.62,21.63,7.87,65.78,40.11,53.14,7.86
208.60,38.46,19.62,21.63,7.87,65.60,40.11,53.14,7.86
208.61,38.46,19.62,21.60,7.87,65.60,40.11,53.14,7.85
208.62,38.46,19.62,21.60,7.87,65.78,40.11,53.27,7.86
208.63,38.46,19.62,21.60,7.87,65.60,40.11,53.27,7.85
208.64,38.38,19.62,21.63,7.87,65.78,40.11,53.27,7.86
208.65,38.46,19.62,21.63,7.87,65.78,40.19,53.27,7.85
208.66,38.46,19.62,21.60,7.88,65.78,40.11,53.27,7.85
208.67,38.46,19.62,21.63,7.88,65.60,40.11,53.27,7.87
208.68,38.46,19.62,21.60,7.87,65.78,40.11,53.40,7.86
208.69,38.46,19.62,21.63,7.87,65.78,40.11,53.27,7.85
208.70,38.46,19.65,21.63,7.87,65.78,40.19,53.14,7.85
208.71,38.46,19.62,21.63,7.87,65.78,40.11,53.14,7.85
208.72,38.46,19.62,21.63,7.88,65.78,40.19,53.27,7.86
208.73,38.46,19.65,21.63,7.87,65.78,40.19,53.27,7.85
208.74,38.46,19.62,21.63,7.87,65.78,40.11,53.27,7.85
208.75,38.46,19.62,21.63,7.87,65.78,40.11,53.40,7.87
208.76,38.46,19.65,21.63,7.87,65.78,40.11,53.27,7.86
208.77,38.46,19.62,21.63,7.87,65.60,40.11,53.27,7.85
208.78,38.46,19.62,21.63,7.87,65.78,40.11,53.14,7.85
208.79,38.46,19.59,21.63,7.87,65.78,40.19,53.27,7.85
208.80,38.46,19.62,21.63,7.87,65.78,40.11,53.27,7.86
208.81,38.46,19.62,21.63,7.87,65.78,40.11,53.14,7.86
208.82,38.46,19.62,21.63,7.87,65.78,40.11,53.27,7.86
208.83,38.46,19.62,21.63,7.88,65.78,40.19,53.27,7.86
208.84,38.46,19.65,21.63,7.88,65.78,40.11,53.27,7.86
208.85,38.46,19.59,21.63,7.87,65.78,40.19,53.27,7.86
208.86,38.46,19.65,21.66,7.87,65.78,40.19,53.27,7.86
208.87,38.46,19.62,21.60,7.88,65.78,40.19,53.27,7.86
208.88,38.46,19.62,21.63,7.88,65.78,40.19,53.40,7.86
208.89,38.46,19.62,21.63,7.87,65.78,40.11,53.14,7.85
208.90,38.46,19.65,21.63,7.87,65.78,40.19,53.27,7.86
208.91,38.46,19.62,21.63,7.87,65.78,40.19,53.27,7.85
208.92,38.46,19.62,21.63,7.87,65.78,40.11,53.27,7.87
208.93,38.46,19.65,21.63,7.88,65.60,40.27,53.27,7.86
208.94,38.46,19.59,21.60,7.87,65.78,40.11,53.27,7.86
208.95,38.46,19.62,21.66,7.87,65.78,40.19,53.27,7.86
208.96,38.46,19.62,21.63,7.87,65.78,40.19,53.27,7.86
208.97,38.46,19.62,21.66,7.87,65.78,40.27,53.27,7.85
208.98,38.46,19.65,21.63,7.87,65.78,40.19,53.40,7.87
208.99,38.38,19.62,21.63,7.87,65.78,40.27,53.27,7.86
209.00,38.46,19.65,21.66,7.87,65.78,40.19,53.40,7.86
209.01,38.46,19.62,21.63,7.87,65.97,40.19,53.27,7.86
209.02,38.46,19.62,21.63,7.87,65.78,40.19,53.27,7.86
209.03,38.46,19.65,21.63,7.89,65.78,40.19,53.27,7.86
209.04,38.46,19.65,21.63,7.87,65.78,40.19,53.14,7.87
209.05,38.46,19.62,21.63,7.87,65.78,40.19,53.40,7.86
209.06,38.46,19.62,21.66,7.87,65.78,40.19,53.40,7.86
209.07,38.46,19.65,21.63,7.87,65.78,40.27,53.40,7.86
209.08,38.46,19.62,21.66,7.87,65.97,40.19,53.40,7.86
209.09,38.46,19.62,21.66,7.87,65.78,40.19,53.40,7.86
209.10,38.53,19.62,21.66,7.88,65.97,40.27,53.40,7.86
209.11,38.38,19.62,21.63,7.87,65.60,40.19,53.27,7.87
209.12,38.46,19.62,21.63,7.87,65.78,40.27,53.27,7.86
209.13,38.46,19.65,21.63,7.88,65.78,40.19,53.27,7.86
209.14,38.46,19.65,21.66,7.88,65.97,40.11,53.27,7.86
209.15,38.53,19.65,21.66,7.87,65.78,40.19,53.27,7.86
209.16,38.46,19.65,21.66,7.87,65.78,40.27,53.27,7.86
209.17,38.46,19.62,21.66,7.87,65.78,40.19,53.40,7.86
209.18,38.46,19.62,21.63,7.87,65.78,40.27,53.40,7.86
209.19,38.46,19.65,21.63,7.87,65.78,40.19,53.27,7.86
209.20,38.46,19.62,21.63,7.88,65.97,40.27,53.27,7.86
209.21,38.46,19.65,21.63,7.88,65.78,40.19,53.40,7.85
209.22,38.46,19.62,21.63,7.88,65.78,40.19,53.40,7.86
209.23,38.46,19.65,21.66,7.88,65.97,40.19,53.40,7.86
209.24,38.46,19.65,21.63,7.88,65.97,40.27,53.27,7.86
209.25,38.46,19.65,21.66,7.88,65.78,40.19,53.40,7.86
209.26,38.46,19.62,21.66,7.87,65.97,40.19,53.27,7.86
209.27,38.46,19.65,21.66,7.89,65.78,40.19,53.40,7.86
209.28,38.46,19.62,21.66,7.87,65.78,40.27,53.27,7.87
209.29,38.46,19.65,21.63,7.87,65.78,40.19,53.40,7.86
209.30,38.46,19.65,21.63,7.87,65.97,40.27,53.27,7.86
209.31,38.46,19.62,21.63,7.88,65.97,40.27,53.40,7.86
209.32,38.53,19.65,21.66,7.87,65.78,40.27,53.27,7.86
209.33,38.46,19.62,21.66,7.88,65.97,40.27,53.27,7.86
209.34,38.53,19.65,21.66,7.87,65.60,40.36,53.40,7.86
209.35,38.46,19.62,21.63,7.88,65.78,40.27,53.40,7.86
209.36,38.46,19.65,21.66,7.89,65.97,40.27,53.27,7.87
209.37,38.46,19.65,21.66,7.88,65.97,40.27,53.40,7.86
209.38,38.46,19.62,21.66,7.88,65.78,40.19,53.40,7.87
209.39,38.46,19.62,21.66,7.87,65.78,40.36,53.40,7.87
209.40,38.53,19.62,21.66,7.88,65.78,40.27,53.40,7.87
209.41,38.46,19.68,21.66,7.89,65.97,40.11,53.40,7.86
209.42,38.53,19.65,21.66,7.88,65.97,40.27,53.40,7.86
209.43,38.46,19.68,21.66,7.87,65.97,40.27,53.40,7.86
209.44,38.53,19.65,21.66,7.88,65.97,40.19,53.40,7.85
209.45,38.46,19.65,21.66,7.87,65.97,40.27,53.40,7.87
209.46,38.46,19.62,21.66,7.89,65.97,40.27,53.40,7.87
209.47,38.46,19.65,21.66,7.88,65.78,40.27,53.40,7.86
209.48,38.53,19.62,21.66,7.89,65.78,40.27,53.40,7.87
209.49,38.46,19.62,21.66,7.88,65.78,40.27,53.40,7.86
209.50,38.53,19.65,21.66,7.88,65.97,40.27,53.40,7.86
209.51,38.46,19.65,21.69,7.88,65.97,40.27,53.40,7.86
209.52,38.53,19.62,21.66,7.87,65.97,40.27,53.40,7.86
209.53,38.53,19.65,21.66,7.87,65.97,40.27,53.53,7.86
209.54,38.46,19.65,21.66,7.89,65.97,40.27,53.53,7.86
209.55,38.61,19.65,21.66,7.88,65.97,40.27,53.40,7.86
209.56,38.53,19.62,21.66,7.88,65.97,40.27,53.53,7.87
209.57,38.46,19.65,21.69,7.88,65.97,40.27,53.40,7.86
209.58,38.46,19.65,21.69,7.89,65.97,40.27,53.40,7.86
209.59,38.53,19.65,21.66,7.89,65.97,40.27,53.40,7.86
209.60,38.46,19.65,21.63,7.89,65.78,40.19,53.40,7.88
209.61,38.53,19.65,21.66,7.89,65.97,40.27,53.40,7.87
209.62,38.53,19.65,21.66,7.87,65.97,40.27,53.40,7.86
209.63,38.53,19.68,21.66,7.87,65.78,40.27,53.40,7.86
209.64,38.46,19.62,21.66,7.88,65.97,40.27,53.40,7.86
209.65,38.46,19.65,21.66,7.87,65.97,40.27,53.53,7.86
209.66,38.53,19.65,21.66,7.88,65.97,40.19,53.27,7.86
209.67,38.53,19.65,21.66,7.88,65.97,40.27,53.53,7.88
209.68,38.46,19.65,21.69,7.88,65.97,40.36,53.27,7.86
209.69,38.53,19.62,21.66,7.88,65.97,40.27,53.40,7.86
209.70,38.53,19.65,21.66,7.87,65.97,40.27,53.40,7.87
209.71,38.46,19.65,21.66,7.88,65.97,40.27,53.53,7.87
209.72,38.53,19.68,21.66,7.88,65.97,40.27,53.40,7.87
209.73,38.53,19.68,21.66,7.89,65.97,40.27,53.40,7.86
209.74,38.53,19.65,21.66,7.88,65.97,40.27,53.40,7.87
209.75,38.53,19.65,21.69,7.89,65.97,40.27,53.40,7.87
209.76,38.53,19.65,21.66,7.89,65.97,40.27,53.40,7.86
209.77,38.46,19.65,21.66,7.88,65.97,40.27,53.53,7.86
209.78,38.53,19.65,21.66,7.89,65.97,40.27,53.53,7.87
209.79,38.53,19.68,21.66,7.88,65.97,40.27,53.40,7.86
209.80,38.53,19.65,21.66,7.88,65.97,40.36,53.40,7.88
209.81,38.53,19.62,21.63,7.88,65.97,40.36,53.53,7.86
209.82,38.53,19.62,21.66,7.88,65.97,40.27,53.40,7.87
209.83,38.53,19.62,21.66,7.88,65.97,40.27,53.53,7.88
209.84,38.53,19.68,21.66,7.88,65.97,40.36,53.40,7.86
209.85,38.53,19.65,21.66,7.88,65.97,40.27,53.40,7.87
209.86,38.53,19.65,21.66,7.88,65.97,40.36,53.40,7.87
209.87,38.53,19.65,21.69,7.88,65.97,40.27,53.53,7.87
209.88,38.53,19.68,21.66,7.88,65.97,40.36,53.53,7.86
209.89,38.53,19.65,21.69,7.88,65.97,40.27,53.53,7.87
209.90,38.53,19.68,21.69,7.88,65.97,40.27,53.40,7.86
209.91,38.53,19.65,21.69,7.88,65.97,40.36,53.40,7.87
209.92,38.53,19.65,21.66,7.88,65.97,40.27,53.40,7.86
209.93,38.53,19.65,21.66,7.88,65.97,40.27,53.53,7.86
209.94,38.53,19.65,21.69,7.88,65.97,40.36,53.53,7.86
209.95,38.53,19.65,21.69,7.88,66.15,40.27,53.53,7.86
209.96,38.53,19.65,21.66,7.87,66.15,40.27,53.53,7.86
209.97,38.53,19.65,21.66,7.88,65.97,40.27,53.53,7.86
209.98,38.53,19.65,21.69,7.88,65.97,40.36,53.40,7.87
209.99,38.53,19.65,21.66,7.88,65.97,40.27,53.53,7.88
210.00,38.53,19.65,21.66,7.88,65.97,40.27,53.53,7.86
210.01,38.53,19.65,21.66,7.88,65.97,40.27,53.53,7.87
210.02,38.53,19.65,21.69,7.88,65.97,40.27,53.53,7.87
210.03,38.53,19.65,21.66,7.88,65.97,40.36,53.53,7.88
210.04,38.53,19.65,21.66,7.88,65.97,40.36,53.53,7.87
210.05,38.53,19.68,21.69,7.89,65.97,40.27,53.66,7.87
210.06,38.61,19.65,21.66,7.88,65.97,40.27,53.53,7.87
210.07,38.53,19.65,21.69,7.88,65.97,40.44,53.53,7.86
210.08,38.53,19.65,21.66,7.88,65.97,40.36,53.40,7.87
210.09,38.53,19.62,21.66,7.89,66.15,40.36,53.53,7.86
210.10,38.53,19.65,21.69,7.89,65.97,40.36,53.66,7.87
210.11,38.53,19.65,21.69,7.88,66.15,40.36,53.66,7.87
210.12,38.53,19.65,21.66,7.89,65.97,40.27,53.53,7.88
210.13,38.53,19.70,21.69,7.90,66.15,40.36,53.53,7.87
210.14,38.53,19.65,21.66,7.88,65.97,40.44,53.53,7.86
210.15,38.53,19.68,21.69,7.88,65.97,40.36,53.53,7.88
210.16,38.53,19.68,21.69,7.88,65.97,40.36,53.53,7.87
210.17,38.53,19.65,21.66,7.89,66.15,40.27,53.53,7.87
210.18,38.53,19.65,21.69,7.88,65.97,40.36,53.53,7.87
210.19,38.61,19.65,21.69,7.89,65.97,40.36,53.53,7.87
210.20,38.53,19.68,21.66,7.89,65.97,40.36,53.53,7.87
210.21,38.61,19.65,21.69,7.88,65.97,40.36,53.40,7.87
210.22,38.53,19.65,21.69,7.90,65.97,40.27,53.53,7.88
210.23,38.53,19.65,21.69,7.88,66.15,40.36,53.53,7.87
210.24,38.61,19.68,21.69,7.89,65.97,40.36,53.53,7.87
210.25,38.61,19.70,21.69,7.89,65.97,40.36,53.53,7.87
210.26,38.53,19.68,21.66,7.88,65.97,40.27,53.53,7.87
210.27,38.53,19.68,21.69,7.89,66.15,40.44,53.53,7.87
210.28,38.53,19.65,21.69,7.88,66.15,40.36,53.53,7.88
210.29,38.53,19.65,21.69,7.90,65.97,40.27,53.53,7.87
210.30,38.61,19.65,21.69,7.88,66.15,40.44,53.53,7.88
210.31,38.53,19.65,21.69,7.89,66.15,40.36,53.40,7.87
210.32,38.61,19.68,21.69,7.90,65.97,40.44,53.53,7.87
210.33,38.61,19.68,21.69,7.88,66.15,40.36,53.53,7.88
210.34,38.53,19.68,21.69,7.88,66.15,40.36,53.53,7.86
210.35,38.53,19.65,21.69,7.90,65.97,40.36,53.66,7.87
210.36,38.61,19.65,21.69,7.89,65.97,40.36,53.53,7.88
210.37,38.53,19.68,21.69,7.89,66.15,40.36,53.53,7.87
210.38,38.61,19.68,21.69,7.88,66.15,40.36,53.53,7.86
210.39,38.61,19.65,21.69,7.89,66.15,40.27,53.66,7.88
210.40,38.53,19.65,21.69,7.89,65.97,40.44,53.53,7.87
210.41,38.61,19.68,21.73,7.90,66.15,40.36,53.53,7.87
210.42,38.53,19.68,21.73,7.89,65.97,40.36,53.53,7.87
210.43,38.53,19.68,21.69,7.89,66.15,40.36,53.66,7.87
210.44,38.53,19.68,21.69,7.90,66.15,40.36,53.53,7.87
210.45,38.61,19.68,21.69,7.89,66.15,40.44,53.53,7.88
210.46,38.53,19.65,21.69,7.89,66.15,40.44,53.66,7.89
210.47,38.53,19.68,21.69,7.89,66.15,40.36,53.66,7.88
210.48,38.53,19.68,21.69,7.88,66.15,40.36,53.66,7.88
210.49,38.53,19.65,21.69,7.88,66.15,40.44,53.66,7.87
210.50,38.61,19.70,21.69,7.89,66.15,40.36,53.53,7.86
210.51,38.53,19.65,21.69,7.89,66.15,40.44,53.53,7.87
210.52,38.61,19.65,21.69,7.88,66.15,40.36,53.53,7.87
210.53,38.61,19.70,21.69,7.90,65.97,40.44,53.53,7.88
210.54,38.61,19.68,21.69,7.88,66.15,40.36,53.66,7.87
210.55,38.61,19.68,21.69,7.90,66.15,40.36,53.53,7.87
210.56,38.61,19.68,21.73,7.89,66.15,40.36,53.53,7.87
210.57,38.53,19.68,21.69,7.89,66.15,40.44,53.66,7.87
210.58,38.61,19.65,21.73,7.89,66.15,40.36,53.66,7.87
210.59,38.61,19.65,21.69,7.88,66.15,40.44,53.66,7.87
210.60,38.53,19.65,21.69,7.88,66.15,40.36,53.53,7.88
210.61,38.61,19.70,21.69,7.88,65.97,40.27,53.66,7.87
210.62,38.61,19.65,21.69,7.89,66.15,40.36,53.53,7.88
210.63,38.61,19.68,21.73,7.90,66.15,40.36,53.66,7.88
210.64,38.61,19.65,21.69,7.89,66.15,40.44,53.66,7.87
210.65,38.61,19.65,21.69,7.89,66.15,40.44,53.66,7.87
210.66,38.53,19.65,21.69,7.89,66.34,40.36,53.53,7.89
210.67,38.53,19.70,21.73,7.89,66.15,40.27,53.66,7.88
210.68,38.61,19.68,21.69,7.89,66.15,40.44,53.66,7.87
210.69,38.53,19.65,21.73,7.88,66.34,40.44,53.53,7.88
210.70,38.61,19.65,21.69,7.88,66.15,40.36,53.66,7.87
210.71,38.53,19.68,21.69,7.89,66.15,40.36,53.66,7.88
210.72,38.53,19.70,21.73,7.89,66.15,40.36,53.66,7.88
210.73,38.68,19.65,21.73,7.89,66.15,40.36,53.66,7.88
210.74,38.61,19.70,21.69,7.89,66.15,40.44,53.53,7.87
210.75,38.61,19.68,21.73,7.89,66.15,40.36,53.66,7.87
210.76,38.53,19.65,21.73,7.89,66.15,40.36,53.53,7.88
210.77,38.61,19.65,21.66,7.88,66.15,40.44,53.66,7.86
210.78,38.61,19.68,21.69,7.88,66.15,40.36,53.66,7.87
210.79,38.68,19.68,21.73,7.89,66.34,40.44,53.66,7.87
210.80,38.61,19.68,21.69,7.89,65.97,40.36,53.66,7.88
210.81,38.53,19.68,21.73,7.89,66.53,40.36,53.66,7.88
210.82,38.53,19.68,21.73,7.90,66.15,40.44,53.66,7.87
210.83,38.61,19.65,21.73,7.89,66.15,40.44,53.53,7.87
210.84,38.61,19.68,21.69,7.89,66.34,40.36,53.53,7.88
210.85,38.61,19.68,21.69,7.90,66.15,40.44,53.66,7.87
210.86,38.61,19.65,21.73,7.89,66.15,40.44,53.40,7.88
210.87,38.53,19.68,21.73,7.89,66.15,40.44,53.53,7.88
210.88,38.61,19.68,21.73,7.88,66.15,40.44,53.66,7.87
210.89,38.61,19.68,21.73,7.90,66.34,40.44,53.53,7.87
210.90,38.61,19.68,21.69,7.89,66.15,40.44,53.66,7.87
210.91,38.61,19.65,21.73,7.90,66.15,40.44,53.66,7.87
210.92,38.61,19.68,21.69,7.88,66.15,40.44,53.66,7.88
210.93,38.61,19.68,21.73,7.89,66.34,40.44,53.66,7.87
210.94,38.61,19.65,21.69,7.89,66.34,40.44,53.66,7.88
210.95,38.53,19.70,21.73,7.89,66.34,40.44,53.66,7.87
210.96,38.61,19.68,21.69,7.89,66.15,40.36,53.66,7.87
210.97,38.61,19.68,21.69,7.89,66.15,40.44,53.66,7.87
210.98,38.61,19.68,21.69,7.89,66.15,40.44,53.66,7.89
210.99,38.61,19.68,21.73,7.89,66.15,40.52,53.66,7.87
211.00,38.61,19.68,21.69,7.89,66.34,40.44,53.66,7.88
211.01,38.61,19.68,21.73,7.89,66.34,40.44,53.66,7.88
211.02,38.61,19.68,21.69,7.89,66.34,40.36,53.66,7.88
211.03,38.61,19.68,21.73,7.89,66.15,40.36,53.79,7.88
211.04,38.61,19.68,21.69,7.90,66.15,40.44,53.66,7.89
211.05,38.61,19.68,21.73,7.90,66.15,40.44,53.66,7.88
211.06,38.53,19.68,21.73,7.90,66.34,40.44,53.66,7.87
211.07,38.61,19.68,21.73,7.89,66.34,40.36,53.66,7.88
211.08,38.61,19.70,21.69,7.89,66.34,40.44,53.66,7.87
211.09,38.61,19.68,21.73,7.89,66.34,40.36,53.66,7.88
211.10,38.61,19.68,21.73,7.89,66.15,40.44,53.66,7.88
211.11,38.61,19.65,21.73,7.89,66.15,40.44,53.66,7.87
211.12,38.61,19.70,21.73,7.90,66.34,40.44,53.66,7.88
211.13,38.61,19.68,21.69,7.89,66.34,40.44,53.66,7.88
211.14,38.61,19.68,21.73,7.89,66.15,40.44,53.66,7.87
211.15,38.61,19.68,21.69,7.89,66.15,40.44,53.53,7.87
211.16,38.61,19.68,21.69,7.89,66.15,40.44,53.66,7.88
211.17,38.53,19.68,21.73,7.90,66.15,40.44,53.66,7.88
211.18,38.61,19.68,21.73,7.90,66.15,40.44,53.66,7.89
211.19,38.61,19.70,21.73,7.88,66.34,40.44,53.66,7.88
211.20,38.61,19.70,21.73,7.89,66.15,40.44,53.66,7.88
211.21,38.61,19.68,21.73,7.89,66.34,40.44,53.66,7.88
211.22,38.61,19.68,21.69,7.89,66.15,40.44,53.66,7.88
211.23,38.61,19.68,21.69,7.89,66.15,40.36,53.79,7.88
211.24,38.61,19.68,21.73,7.89,66.34,40.44,53.79,7.87
211.25,38.61,19.68,21.73,7.90,66.34,40.44,53.66,7.87
211.26,38.61,19.68,21.73,7.89,66.34,40.44,53.66,7.87
211.27,38.61,19.70,21.73,7.89,66.34,40.44,53.66,7.88
211.28,38.61,19.68,21.73,7.90,66.34,40.44,53.66,7.87
211.29,38.61,19.70,21.73,7.89,66.34,40.44,53.66,7.88
211.30,38.61,19.70,21.73,7.90,66.34,40.36,53.66,7.87
211.31,38.61,19.65,21.73,7.89,66.34,40.44,53.66,7.88
211.32,38.53,19.70,21.73,7.89,66.34,40.44,53.66,7.88
211.33,38.61,19.68,21.69,7.90,66.34,40.44,53.66,7.87
211.34,38.61,19.68,21.73,7.89,66.34,40.44,53.66,7.89
211.35,38.61,19.68,21.73,7.89,66.34,40.44,53.66,7.88
211.36,38.61,19.68,21.73,7.90,66.15,40.44,53.66,7.88
211.37,38.61,19.68,21.73,7.88,66.34,40.44,53.66,7.88
211.38,38.61,19.68,21.73,7.89,66.34,40.44,53.66,7.88
211.39,38.61,19.68,21.76,7.89,66.34,40.44,53.66,7.89
211.40,38.61,19.68,21.73,7.89,66.15,40.44,53.79,7.88
211.41,38.61,19.68,21.73,7.90,66.34,40.52,53.79,7.88
211.42,38.61,19.68,21.73,7.90,66.34,40.44,53.66,7.88
211.43,38.61,19.68,21.73,7.90,66.34,40.44,53.79,7.88
211.44,38.61,19.68,21.73,7.89,66.34,40.44,53.79,7.89
211.45,38.61,19.68,21.73,7.90,66.15,40.44,53.66,7.88
211.46,38.53,19.68,21.76,7.90,66.34,40.52,53.79,7.88
211.47,38.61,19.68,21.76,7.89,66.15,40.52,53.66,7.87
211.48,38.61,19.68,21.73,7.90,66.34,40.44,53.66,7.87
211.49,38.61,19.68,21.73,7.89,66.34,40.52,53.66,7.88
211.50,38.61,19.70,21.73,7.89,66.34,40.44,53.79,7.89
211.51,38.61,19.68,21.73,7.90,66.34,40.52,53.66,7.88
211.52,38.61,19.70,21.73,7.89,66.34,40.44,53.66,7.87
211.53,38.61,19.68,21.73,7.90,66.34,40.52,53.66,7.88
211.54,38.61,19.70,21.73,7.89,66.15,40.44,53.66,7.89
211.55,38.61,19.68,21.73,7.90,66.34,40.52,53.79,7.87
211.56,38.61,19.70,21.73,7.89,66.34,40.52,53.66,7.89
211.57,38.61,19.70,21.73,7.89,66.34,40.44,53.66,7.87
211.58,38.61,19.68,21.73,7.89,66.34,40.52,53.79,7.87
211.59,38.53,19.68,21.73,7.89,66.53,40.44,53.66,7.88
211.60,38.61,19.68,21.73,7.90,66.34,40.44,53.66,7.88
211.61,38.61,19.68,21.73,7.89,66.34,40.60,53.79,7.88
211.62,38.61,19.65,21.73,7.89,66.34,40.52,53.66,7.89
211.63,38.61,19.68,21.73,7.89,66.53,40.52,53.79,7.88
211.64,38.61,19.68,21.73,7.89,66.34,40.52,53.79,7.88
211.65,38.53,19.68,21.73,7.90,66.34,40.44,53.79,7.88
211.66,38.61,19.65,21.76,7.90,66.34,40.52,53.79,7.88
211.67,38.61,19.65,21.73,7.90,66.34,40.52,53.79,7.89
211.68,38.61,19.70,21.73,7.89,66.34,40.44,53.79,7.87
211.69,38.61,19.65,21.69,7.89,66.34,40.44,53.66,7.88
211.70,38.61,19.70,21.73,7.88,66.34,40.36,53.66,7.87
211.71,38.61,19.68,21.73,7.89,66.34,40.44,53.66,7.88
211.72,38.68,19.70,21.76,7.89,66.15,40.44,53.79,7.88
211.73,38.61,19.68,21.73,7.90,66.15,40.44,53.66,7.88
211.74,38.61,19.68,21.76,7.91,66.34,40.44,53.66,7.88
211.75,38.61,19.70,21.73,7.89,66.34,40.44,53.66,7.89
211.76,38.61,19.70,21.73,7.89,66.53,40.44,53.79,7.87
211.77,38.61,19.70,21.73,7.89,66.34,40.44,53.79,7.87
211.78,38.68,19.70,21.76,7.89,66.53,40.52,53.79,7.88
211.79,38.61,19.70,21.73,7.89,66.34,40.52,53.79,7.87
211.80,38.61,19.65,21.73,7.90,66.34,40.60,53.79,7.88
211.81,38.61,19.70,21.73,7.90,66.34,40.52,53.79,7.88
211.82,38.61,19.68,21.76,7.89,66.34,40.44,53.66,7.87
211.83,38.61,19.70,21.73,7.90,66.34,40.52,53.79,7.88
211.84,38.61,19.68,21.76,7.90,66.34,40.52,53.79,7.89
211.85,38.61,19.65,21.73,7.89,66.34,40.52,53.79,7.88
211.86,38.61,19.68,21.73,7.90,66.34,40.52,53.79,7.88
211.87,38.61,19.68,21.73,7.89,66.34,40.44,53.66,7.87
211.88,38.61,19.68,21.76,7.89,66.53,40.44,53.79,7.88
211.89,38.53,19.68,21.76,7.89,66.34,40.44,53.66,7.89
211.90,38.68,19.70,21.73,7.90,66.34,40.44,53.79,7.89
211.91,38.53,19.70,21.73,7.91,66.34,40.52,53.66,7.88
211.92,38.53,19.68,21.73,7.89,66.34,40.44,53.79,7.88
211.93,38.61,19.65,21.73,7.90,66.34,40.52,53.79,7.88
211.94,38.61,19.68,21.73,7.91,66.34,40.44,53.79,7.88
211.95,38.61,19.68,21.73,7.89,66.34,40.52,53.79,7.88
211.96,38.61,19.68,21.73,7.90,66.34,40.52,53.66,7.88
211.97,38.53,19.68,21.73,7.90,66.34,40.52,53.79,7.88
211.98,38.61,19.68,21.73,7.90,66.34,40.44,53.66,7.88
211.99,38.61,19.70,21.73,7.89,66.53,40.52,53.66,7.88
212.00,38.61,19.70,21.76,7.89,66.15,40.44,53.79,7.88
212.01,38.61,19.68,21.73,7.91,66.34,40.52,53.79,7.88
212.02,38.61,19.68,21.76,7.90,66.34,40.52,53.79,7.88
212.03,38.68,19.70,21.73,7.89,66.34,40.60,53.66,7.88
212.04,38.61,19.70,21.73,7.89,66.34,40.44,53.79,7.88
212.05,38.61,19.70,21.73,7.88,66.53,40.52,53.92,7.88
212.06,38.61,19.65,21.73,7.89,66.34,40.52,53.66,7.88
212.07,38.68,19.68,21.73,7.91,66.34,40.60,53.79,7.88
212.08,38.61,19.65,21.73,7.91,66.34,40.52,53.79,7.89
212.09,38.61,19.68,21.73,7.89,66.34,40.60,53.79,7.88
212.10,38.61,19.70,21.76,7.89,66.34,40.52,53.79,7.88
212.11,38.61,19.68,21.73,7.90,66.34,40.60,53.79,7.88
212.12,38.68,19.70,21.76,7.90,66.53,40.52,53.79,7.88
212.13,38.61,19.68,21.73,7.89,66.34,40.52,53.79,7.88
212.14,38.61,19.68,21.73,7.89,66.53,40.60,53.79,7.88
212.15,38.61,19.68,21.76,7.89,66.53,40.52,53.79,7.88
212.16,38.61,19.70,21.76,7.89,66.53,40.52,53.79,7.89
212.17,38.61,19.68,21.73,7.90,66.53,40.52,53.79,7.89
212.18,38.61,19.70,21.76,7.91,66.34,40.60,53.79,7.88
212.19,38.61,19.68,21.76,7.90,66.34,40.52,53.92,7.89
212.20,38.61,19.68,21.76,7.90,66.53,40.52,53.79,7.88
212.21,38.61,19.68,21.76,7.90,66.34,40.60,53.79,7.89
212.22,38.61,19.68,21.73,7.89,66.53,40.52,53.79,7.88
212.23,38.61,19.68,21.73,7.89,66.53,40.52,53.79,7.88
212.24,38.68,19.68,21.76,7.89,66.53,40.52,53.79,7.89
212.25,38.68,19.70,21.76,7.89,66.53,40.52,53.79,7.89
212.26,38.68,19.70,21.76,7.90,66.53,40.52,53.92,7.88
212.27,38.61,19.70,21.76,7.90,66.53,40.52,53.79,7.89
212.28,38.61,19.70,21.76,7.89,66.34,40.52,53.79,7.88
212.29,38.61,19.68,21.76,7.91,66.53,40.52,53.79,7.89
212.30,38.61,19.68,21.73,7.90,66.53,40.52,53.79,7.90
212.31,38.61,19.68,21.76,7.90,66.34,40.52,53.79,7.88
212.32,38.61,19.68,21.73,7.89,66.53,40.60,53.92,7.88
212.33,38.61,19.70,21.73,7.91,66.53,40.52,53.79,7.88
212.34,38.61,19.70,21.73,7.89,66.53,40.60,53.79,7.89
212.35,38.68,19.68,21.76,7.89,66.53,40.60,53.79,7.87
212.36,38.61,19.68,21.73,7.89,66.53,40.60,53.79,7.89
212.37,38.61,19.70,21.73,7.91,66.53,40.52,53.79,7.88
212.38,38.61,19.70,21.76,7.89,66.53,40.52,53.79,7.88
212.39,38.61,19.68,21.76,7.89,66.34,40.60,53.66,7.88
212.40,38.61,19.70,21.76,7.90,66.53,40.52,53.92,7.88
212.41,38.61,19.68,21.76,7.90,66.53,40.52,53.79,7.89
212.42,38.61,19.68,21.76,7.89,66.53,40.52,53.92,7.88
212.43,38.68,19.70,21.76,7.90,66.53,40.60,53.79,7.89
212.44,38.61,19.68,21.76,7.91,66.53,40.60,53.79,7.88
212.45,38.61,19.68,21.73,7.90,66.34,40.60,53.92,7.89
212.46,38.61,19.68,21.76,7.91,66.34,40.60,53.92,7.90
212.47,38.61,19.68,21.76,7.90,66.34,40.52,53.79,7.87
212.48,38.61,19.68,21.76,7.90,66.53,40.60,53.79,7.88
212.49,38.68,19.68,21.76,7.90,66.53,40.60,53.79,7.88
212.50,38.68,19.70,21.76,7.90,66.34,40.60,53.79,7.88
212.51,38.61,19.68,21.73,7.91,66.34,40.52,53.79,7.89
212.52,38.61,19.70,21.76,7.90,66.53,40.52,53.92,7.88
212.53,38.68,19.70,21.76,7.90,66.72,40.52,53.79,7.89
212.54,38.61,19.70,21.79,7.90,66.72,40.60,53.79,7.89
212.55,38.61,19.68,21.76,7.91,66.53,40.52,53.79,7.89
212.56,38.68,19.70,21.76,7.90,66.53,40.60,53.92,7.88
212.57,38.61,19.70,21.76,7.90,66.53,40.60,53.92,7.89
212.58,38.61,19.68,21.76,7.90,66.34,40.60,53.92,7.89
212.59,38.61,19.70,21.76,7.91,66.53,40.60,53.79,7.88
212.60,38.68,19.70,21.73,7.90,66.53,40.52,53.79,7.89
212.61,38.61,19.68,21.76,7.90,66.53,40.60,53.79,7.88
212.62,38.61,19.70,21.73,7.90,66.53,40.52,53.92,7.89
212.63,38.68,19.70,21.76,7.90,66.53,40.52,53.79,7.88
212.64,38.68,19.68,21.76,7.90,66.53,40.52,53.79,7.89
212.65,38.61,19.70,21.76,7.90,66.53,40.60,53.92,7.89
212.66,38.61,19.68,21.76,7.91,66.53,40.60,53.92,7.89
212.67,38.68,19.70,21.76,7.90,66.53,40.52,53.92,7.89
212.68,38.61,19.70,21.73,7.90,66.53,40.68,53.92,7.88
212.69,38.68,19.70,21.76,7.91,66.72,40.52,53.79,7.88
212.70,38.61,19.70,21.76,7.90,66.53,40.52,53.79,7.90
212.71,38.61,19.68,21.79,7.90,66.53,40.60,53.92,7.89
212.72,38.61,19.70,21.79,7.90,66.53,40.60,53.79,7.89
212.73,38.61,19.68,21.76,7.91,66.53,40.52,53.92,7.89
212.74,38.61,19.68,21.76,7.90,66.53,40.52,53.92,7.89
212.75,38.68,19.70,21.76,7.89,66.53,40.60,53.79,7.89
212.76,38.68,19.70,21.76,7.91,66.34,40.60,53.92,7.89
212.77,38.53,19.70,21.79,7.90,66.53,40.52,53.92,7.88
212.78,38.61,19.68,21.76,7.90,66.53,40.60,54.05,7.89
212.79,38.68,19.68,21.76,7.90,66.53,40.60,53.92,7.89
212.80,38.61,19.70,21.76,7.90,66.53,40.60,53.79,7.89
212.81,38.68,19.73,21.76,7.90,66.72,40.60,53.92,7.89
212.82,38.61,19.70,21.76,7.91,66.53,40.60,53.92,7.89
212.83,38.61,19.68,21.76,7.90,66.53,40.60,53.92,7.89
212.84,38.61,19.70,21.76,7.91,66.53,40.60,53.92,7.88
212.85,38.61,19.68,21.79,7.90,66.53,40.52,53.92,7.89
212.86,38.61,19.68,21.76,7.90,66.53,40.60,53.92,7.90
212.87,38.68,19.76,21.79,7.91,66.53,40.60,53.92,7.89
212.88,38.61,19.68,21.76,7.90,66.53,40.60,53.92,7.89
212.89,38.68,19.68,21.79,7.90,66.53,40.60,53.92,7.88
212.90,38.68,19.70,21.79,7.91,66.72,40.68,53.92,7.88
212.91,38.61,19.70,21.76,7.91,66.53,40.68,53.92,7.89
212.92,38.61,19.68,21.76,7.90,66.53,40.60,53.92,7.89
212.93,38.61,19.68,21.76,7.91,66.53,40.68,53.79,7.89
212.94,38.68,19.70,21.76,7.90,66.53,40.60,53.92,7.90
212.95,38.61,19.70,21.76,7.90,66.53,40.52,53.92,7.89
212.96,38.61,19.70,21.76,7.90,66.53,40.68,53.79,7.88
212.97,38.61,19.68,21.76,7.90,66.53,40.77,53.92,7.88
212.98,38.68,19.68,21.79,7.90,66.72,40.60,53.92,7.89
212.99,38.61,19.68,21.76,7.90,66.53,40.60,53.92,7.88
213.00,38.68,19.68,21.76,7.90,66.72,40.52,53.92,7.89
213.01,38.68,19.70,21.76,7.91,66.72,40.60,53.92,7.89
213.02,38.68,19.70,21.79,7.90,66.53,40.60,53.92,7.89
213.03,38.61,19.70,21.76,7.90,66.53,40.68,53.92,7.90
213.04,38.68,19.70,21.76,7.91,66.53,40.60,53.92,7.88
213.05,38.76,19.70,21.79,7.91,66.53,40.60,53.92,7.89
213.06,38.68,19.70,21.79,7.90,66.53,40.60,53.92,7.90
213.07,38.68,19.70,21.76,7.90,66.72,40.52,53.92,7.89
213.08,38.61,19.70,21.76,7.90,66.72,40.60,54.05,7.88
213.09,38.68,19.70,21.76,7.90,66.53,40.60,53.92,7.90
213.10,38.76,19.70,21.76,7.90,66.53,40.60,53.92,7.89
213.11,38.68,19.70,21.76,7.90,66.53,40.60,53.92,7.88
213.12,38.68,19.70,21.76,7.91,66.53,40.60,54.05,7.89
213.13,38.68,19.73,21.79,7.90,66.72,40.60,53.92,7.88
213.14,38.61,19.68,21.76,7.90,66.72,40.60,53.92,7.90
213.15,38.61,19.70,21.76,7.91,66.53,40.60,53.92,7.89
213.16,38.68,19.68,21.79,7.90,66.53,40.60,53.92,7.89
213.17,38.68,19.70,21.79,7.91,66.53,40.60,53.92,7.89
213.18,38.68,19.70,21.76,7.90,66.72,40.68,53.92,7.90
213.19,38.68,19.70,21.76,7.90,66.72,40.68,54.05,7.90
213.20,38.68,19.70,21.79,7.90,66.53,40.68,54.05,7.90
213.21,38.68,19.70,21.76,7.91,66.72,40.68,53.92,7.89
213.22,38.68,19.70,21.79,7.91,66.72,40.60,54.05,7.89
213.23,38.68,19.70,21.79,7.90,66.72,40.60,53.79,7.89
213.24,38.68,19.68,21.76,7.91,66.53,40.60,53.79,7.89
213.25,38.68,19.70,21.79,7.90,66.72,40.60,53.92,7.89
213.26,38.61,19.70,21.76,7.90,66.72,40.60,53.92,7.90
213.27,38.68,19.70,21.79,7.91,66.53,40.60,53.92,7.89
213.28,38.68,19.70,21.76,7.90,66.53,40.60,53.92,7.89
213.29,38.68,19.70,21.79,7.90,66.53,40.60,53.92,7.90
213.30,38.61,19.70,21.79,7.92,66.53,40.60,53.92,7.89
213.31,38.76,19.68,21.76,7.90,66.72,40.68,53.92,7.90
213.32,38.68,19.70,21.79,7.91,66.72,40.60,53.92,7.89
213.33,38.68,19.70,21.79,7.90,66.53,40.60,53.92,7.89
213.34,38.68,19.70,21.79,7.91,66.53,40.60,53.92,7.89
213.35,38.68,19.70,21.79,7.91,66.53,40.68,53.92,7.88
213.36,38.68,19.70,21.76,7.90,66.72,40.68,53.92,7.89
213.37,38.61,19.68,21.79,7.91,66.53,40.60,53.92,7.89
213.38,38.68,19.70,21.76,7.91,66.72,40.60,53.92,7.89
213.39,38.68,19.68,21.76,7.91,66.53,40.60,53.92,7.90
213.40,38.68,19.70,21.76,7.91,66.72,40.68,54.05,7.89
213.41,38.68,19.70,21.79,7.90,66.72,40.68,54.05,7.88
213.42,38.68,19.70,21.79,7.91,66.72,40.60,54.05,7.89
213.43,38.68,19.70,21.76,7.90,66.53,40.60,53.92,7.89
213.44,38.68,19.70,21.76,7.91,66.72,40.68,53.92,7.90
213.45,38.68,19.73,21.79,7.91,66.72,40.68,54.05,7.90
213.46,38.61,19.70,21.79,7.91,66.53,40.68,53.92,7.90
213.47,38.68,19.70,21.79,7.91,66.53,40.68,53.92,7.89
213.48,38.68,19.70,21.79,7.90,66.72,40.60,53.92,7.88
213.49,38.68,19.73,21.79,7.90,66.72,40.60,54.05,7.90
213.50,38.68,19.70,21.79,7.91,66.72,40.68,54.05,7.89
213.51,38.61,19.70,21.79,7.91,66.53,40.60,54.05,7.89
213.52,38.68,19.70,21.76,7.92,66.53,40.68,53.92,7.89
213.53,38.68,19.73,21.79,7.91,66.72,40.60,53.92,7.89
213.55,38.68,19.73,21.79,7.90,66.72,40.60,53.92,7.89
213.56,38.68,19.70,21.79,7.91,66.53,40.60,53.92,7.89
213.57,38.68,19.70,21.79,7.90,66.91,40.60,53.92,7.89
213.58,38.61,19.70,21.79,7.91,66.72,40.68,53.92,7.89
213.59,38.68,19.70,21.79,7.90,66.72,40.60,54.05,7.90
213.60,38.68,19.73,21.79,7.90,66.72,40.68,54.05,7.90
213.61,38.68,19.70,21.76,7.90,66.72,40.68,53.92,7.90
213.62,38.68,19.70,21.76,7.90,66.53,40.60,53.92,7.88
213.63,38.68,19.70,21.79,7.90,66.72,40.68,54.05,7.90
213.64,38.68,19.70,21.79,7.90,66.72,40.68,53.92,7.88
213.65,38.68,19.70,21.79,7.91,66.72,40.68,53.92,7.91
213.66,38.68,19.70,21.76,7.90,66.53,40.60,53.92,7.89
213.67,38.68,19.70,21.76,7.91,66.72,40.60,54.05,7.89
213.68,38.68,19.70,21.79,7.91,66.72,40.68,54.05,7.89
213.69,38.68,19.70,21.76,7.91,66.72,40.68,54.05,7.89
213.70,38.68,19.73,21.79,7.90,66.72,40.68,54.05,7.89
213.71,38.68,19.70,21.79,7.91,66.72,40.68,54.05,7.89
213.72,38.68,19.70,21.79,7.91,66.72,40.68,54.05,7.89
213.73,38.68,19.70,21.76,7.90,66.72,40.68,53.92,7.88
213.74,38.68,19.70,21.79,7.90,66.53,40.68,53.92,7.89
213.75,38.68,19.70,21.79,7.90,66.72,40.68,53.92,7.90
213.76,38.68,19.70,21.76,7.91,66.72,40.68,53.92,7.89
213.77,38.76,19.70,21.79,7.91,66.72,40.77,54.05,7.89
213.78,38.68,19.70,21.76,7.90,66.72,40.68,54.05,7.89
213.79,38.68,19.70,21.79,7.91,66.72,40.68,53.92,7.89
213.80,38.68,19.68,21.76,7.92,66.72,40.68,53.92,7.89
213.81,38.68,19.70,21.79,7.91,66.72,40.68,54.05,7.89
213.82,38.68,19.70,21.76,7.90,66.72,40.60,53.92,7.89
213.83,38.68,19.70,21.76,7.90,66.72,40.68,54.05,7.89
213.84,38.61,19.70,21.79,7.90,66.72,40.77,54.05,7.90
213.85,38.68,19.70,21.79,7.91,66.72,40.68,54.05,7.89
213.86,38.68,19.70,21.79,7.91,66.72,40.60,53.92,7.90
213.87,38.68,19.68,21.82,7.91,66.72,40.68,54.05,7.90
213.88,38.68,19.70,21.76,7.91,66.72,40.77,54.05,7.90
213.89,38.68,19.70,21.79,7.90,66.53,40.68,53.92,7.89
213.90,38.68,19.70,21.79,7.90,66.72,40.60,53.92,7.89
213.91,38.68,19.70,21.79,7.91,66.72,40.77,54.05,7.90
213.92,38.68,19.68,21.79,7.91,66.72,40.68,54.05,7.89
213.93,38.68,19.70,21.79,7.91,66.72,40.77,54.05,7.89
213.94,38.68,19.68,21.79,7.92,66.72,40.68,54.05,7.90
213.95,38.61,19.70,21.79,7.91,66.72,40.60,54.05,7.89
213.96,38.68,19.73,21.79,7.91,66.72,40.68,54.05,7.89
213.97,38.68,19.73,21.79,7.91,66.72,40.77,54.05,7.89
213.98,38.68,19.68,21.79,7.90,66.72,40.68,54.05,7.89
213.99,38.68,19.70,21.79,7.91,66.72,40.68,54.05,7.89
214.00,38.68,19.73,21.79,7.91,66.72,40.68,54.05,7.89
214.01,38.68,19.70,21.79,7.92,66.72,40.60,54.05,7.89
214.02,38.76,19.70,21.79,7.91,66.72,40.77,54.05,7.89
214.03,38.68,19.70,21.79,7.91,66.72,40.68,53.92,7.89
214.04,38.68,19.70,21.79,7.91,66.72,40.60,53.92,7.90
214.05,38.68,19.70,21.79,7.91,66.72,40.68,54.05,7.90
214.06,38.68,19.68,21.79,7.92,66.53,40.68,54.05,7.90
214.07,38.68,19.70,21.79,7.92,66.72,40.68,54.05,7.89
214.08,38.68,19.70,21.79,7.91,66.72,40.68,54.05,7.90
214.09,38.68,19.68,21.76,7.91,66.72,40.60,54.05,7.90
214.10,38.68,19.70,21.76,7.90,66.72,40.68,54.05,7.89
214.11,38.76,19.70,21.82,7.93,66.72,40.60,54.05,7.90
214.12,38.68,19.70,21.76,7.91,66.72,40.68,54.05,7.89
214.13,38.68,19.70,21.79,7.90,66.72,40.68,54.05,7.90
214.14,38.68,19.70,21.79,7.91,66.72,40.68,54.05,7.89
214.15,38.68,19.70,21.76,7.91,66.72,40.77,54.05,7.90
214.16,38.68,19.70,21.79,7.91,66.91,40.68,53.92,7.89
214.17,38.68,19.70,21.79,7.91,66.72,40.77,54.19,7.90
214.18,38.68,19.70,21.79,7.91,66.72,40.60,54.05,7.90
214.19,38.68,19.70,21.82,7.92,66.72,40.68,54.05,7.89
214.20,38.68,19.70,21.79,7.91,66.72,40.68,54.05,7.89
214.21,38.68,19.70,21.79,7.91,66.72,40.68,54.05,7.90
214.22,38.76,19.73,21.79,7.92,66.72,40.68,54.05,7.90
214.23,38.68,19.73,21.79,7.90,66.72,40.68,54.05,7.91
214.24,38.76,19.70,21.79,7.92,66.72,40.68,54.05,7.90
214.25,38.68,19.70,21.79,7.91,66.72,40.68,54.05,7.90
214.26,38.68,19.70,21.79,7.92,66.72,40.60,54.05,7.90
214.27,38.68,19.70,21.79,7.91,66.72,40.60,54.05,7.89
214.28,38.68,19.73,21.79,7.91,66.72,40.68,54.05,7.90
214.29,38.61,19.70,21.79,7.91,66.72,40.68,54.05,7.89
214.30,38.76,19.70,21.79,7.91,66.72,40.60,54.19,7.90
214.31,38.61,19.68,21.76,7.91,66.72,40.68,54.05,7.90
214.32,38.61,19.70,21.79,7.90,66.72,40.77,54.05,7.90
214.33,38.68,19.70,21.76,7.91,66.72,40.77,54.05,7.89
214.34,38.68,19.70,21.79,7.91,66.72,40.68,54.05,7.90
214.35,38.68,19.70,21.79,7.91,66.72,40.68,54.05,7.89
214.36,38.68,19.70,21.82,7.91,66.91,40.77,54.05,7.90
214.37,38.68,19.70,21.79,7.90,66.53,40.60,54.05,7.90
214.38,38.68,19.70,21.79,7.91,66.91,40.77,54.05,7.89
214.39,38.68,19.73,21.79,7.91,66.91,40.68,54.05,7.90
214.40,38.68,19.73,21.79,7.92,66.72,40.77,54.05,7.90
214.41,38.68,19.70,21.79,7.91,66.72,40.77,54.05,7.90
214.42,38.76,19.73,21.79,7.91,66.72,40.60,54.05,7.90
214.43,38.68,19.70,21.79,7.91,66.91,40.68,54.19,7.90
214.44,38.68,19.70,21.79,7.91,66.72,40.68,53.92,7.90
214.45,38.68,19.73,21.79,7.91,66.72,40.68,54.19,7.90
214.46,38.68,19.73,21.79,7.91,66.91,40.68,54.05,7.89
214.47,38.68,19.70,21.82,7.91,66.72,40.68,54.19,7.90
214.48,38.68,19.70,21.79,7.91,66.72,40.68,54.05,7.90
214.49,38.68,19.70,21.79,7.91,66.72,40.68,54.19,7.90
214.50,38.76,19.73,21.79,7.92,66.91,40.77,54.05,7.90
214.51,38.68,19.70,21.82,7.91,66.72,40.77,54.05,7.90
214.52,38.68,19.73,21.79,7.91,66.72,40.77,54.05,7.90
214.53,38.68,19.68,21.79,7.91,66.72,40.68,53.92,7.89
214.54,38.68,19.70,21.79,7.92,66.91,40.68,54.05,7.91
214.55,38.76,19.70,21.82,7.91,66.72,40.77,54.05,7.90
214.56,38.68,19.70,21.79,7.91,66.72,40.68,54.05,7.89
214.57,38.76,19.70,21.79,7.91,66.91,40.77,54.05,7.90
214.58,38.68,19.70,21.79,7.91,66.72,40.77,54.19,7.91
214.59,38.68,19.73,21.79,7.91,66.72,40.77,54.05,7.90
214.60,38.76,19.73,21.79,7.92,66.91,40.77,54.05,7.90
214.61,38.76,19.70,21.82,7.91,66.72,40.68,54.05,7.90
214.62,38.68,19.70,21.79,7.92,66.72,40.77,54.19,7.90
214.63,38.68,19.73,21.79,7.91,66.72,40.77,54.05,7.91
214.64,38.68,19.68,21.79,7.91,66.91,40.77,54.05,7.91
214.65,38.68,19.70,21.79,7.91,66.72,40.68,54.19,7.90
214.66,38.68,19.73,21.79,7.90,66.72,40.68,54.05,7.90
214.67,38.68,19.70,21.79,7.92,66.91,40.77,54.05,7.90
214.68,38.68,19.70,21.79,7.92,66.91,40.77,54.05,7.91
214.69,38.76,19.73,21.82,7.92,66.72,40.77,54.05,7.90
214.70,38.68,19.70,21.79,7.91,66.72,40.77,54.05,7.90
214.71,38.68,19.73,21.79,7.92,66.72,40.68,54.05,7.90
214.72,38.68,19.73,21.79,7.91,66.72,40.77,54.05,7.90
214.73,38.76,19.70,21.79,7.91,66.72,40.77,54.19,7.89
214.74,38.68,19.73,21.82,7.92,66.91,40.68,54.19,7.91
214.75,38.76,19.70,21.82,7.90,66.72,40.77,54.19,7.91
214.76,38.76,19.70,21.79,7.91,66.91,40.77,54.05,7.90
214.77,38.68,19.73,21.82,7.91,66.91,40.77,54.19,7.90
214.78,38.68,19.70,21.79,7.91,66.72,40.77,54.05,7.90
214.79,38.68,19.70,21.79,7.91,66.72,40.68,54.19,7.90
214.80,38.76,19.70,21.79,7.91,66.91,40.77,54.19,7.90
214.81,38.68,19.70,21.79,7.92,66.72,40.68,54.05,7.90
214.82,38.76,19.70,21.82,7.90,66.91,40.68,54.05,7.90
214.83,38.68,19.73,21.82,7.91,66.72,40.68,54.05,7.91
214.84,38.76,19.70,21.82,7.91,66.91,40.77,54.19,7.90
214.85,38.76,19.73,21.82,7.91,66.91,40.60,54.19,7.90
214.86,38.68,19.73,21.79,7.91,66.72,40.77,54.19,7.91
214.87,38.68,19.73,21.82,7.91,66.72,40.77,54.19,7.90
214.88,38.68,19.70,21.79,7.91,66.91,40.77,54.19,7.89
214.89,38.68,19.70,21.82,7.91,66.91,40.68,54.05,7.90
214.90,38.68,19.70,21.79,7.91,66.91,40.77,54.19,7.90
214.91,38.68,19.73,21.79,7.92,66.72,40.77,54.05,7.90
214.92,38.76,19.70,21.82,7.91,66.91,40.77,54.05,7.90
214.93,38.76,19.70,21.82,7.92,66.91,40.77,54.19,7.90
214.94,38.76,19.73,21.79,7.92,67.10,40.77,54.19,7.90
214.95,38.76,19.70,21.79,7.91,66.72,40.77,54.19,7.90
214.96,38.76,19.76,21.79,7.91,66.91,40.77,54.05,7.91
214.97,38.68,19.73,21.82,7.91,66.72,40.77,54.05,7.90
214.98,38.76,19.70,21.79,7.91,66.91,40.77,54.19,7.91
214.99,38.76,19.73,21.82,7.91,66.72,40.77,54.19,7.90
215.00,38.68,19.70,21.79,7.92,66.91,40.77,54.19,7.90
215.01,38.68,19.73,21.82,7.92,66.72,40.77,54.19,7.89
215.02,38.68,19.70,21.79,7.92,66.72,40.77,54.19,7.90
215.03,38.76,19.73,21.79,7.91,66.91,40.77,54.19,7.89
215.04,38.76,19.73,21.82,7.91,66.91,40.85,54.05,7.90
215.05,38.76,19.73,21.82,7.91,66.91,40.77,54.19,7.91
215.06,38.76,19.73,21.82,7.91,66.72,40.77,54.19,7.91
215.07,38.68,19.73,21.82,7.91,66.72,40.77,54.19,7.90
215.08,38.68,19.73,21.82,7.91,66.72,40.85,54.05,7.90
215.09,38.76,19.70,21.79,7.92,66.91,40.77,54.05,7.91
215.10,38.76,19.76,21.82,7.91,66.91,40.77,54.19,7.89
215.11,38.68,19.70,21.82,7.93,66.91,40.85,54.19,7.90
215.12,38.68,19.70,21.82,7.91,66.91,40.77,54.19,7.90
215.13,38.76,19.73,21.79,7.91,66.91,40.77,54.19,7.89
215.14,38.68,19.73,21.86,7.91,66.72,40.77,54.19,7.90
215.15,38.76,19.70,21.82,7.92,67.10,40.85,54.05,7.90
215.16,38.76,19.73,21.82,7.91,67.10,40.77,54.19,7.90
215.17,38.76,19.70,21.82,7.91,66.91,40.85,54.19,7.90
215.18,38.68,19.73,21.82,7.91,66.91,40.77,54.19,7.90
215.19,38.68,19.73,21.82,7.91,66.91,40.77,54.19,7.90
215.20,38.76,19.70,21.79,7.91,66.91,40.77,54.19,7.90
215.21,38.68,19.73,21.79,7.92,66.91,40.77,54.19,7.90
215.22,38.76,19.73,21.79,7.91,66.91,40.77,54.19,7.90
215.23,38.76,19.70,21.79,7.91,66.72,40.77,54.19,7.89
215.24,38.68,19.73,21.79,7.91,66.91,40.77,54.19,7.90
215.25,38.76,19.70,21.82,7.92,66.91,40.77,54.19,7.90
215.26,38.76,19.73,21.79,7.91,66.91,40.77,54.19,7.90
215.27,38.76,19.73,21.86,7.93,66.91,40.77,54.19,7.90
215.28,38.68,19.73,21.79,7.91,66.91,40.77,54.19,7.90
215.29,38.68,19.73,21.82,7.91,66.91,40.85,54.19,7.90
215.30,38.76,19.73,21.82,7.91,66.91,40.77,54.19,7.90
215.31,38.68,19.73,21.82,7.91,66.91,40.77,54.19,7.90
215.32,38.76,19.73,21.82,7.91,67.10,40.77,54.19,7.91
215.33,38.76,19.76,21.82,7.91,66.72,40.77,54.19,7.90
215.34,38.76,19.73,21.79,7.92,66.91,40.77,54.19,7.90
215.35,38.76,19.73,21.82,7.91,66.91,40.77,54.19,7.90
215.36,38.76,19.73,21.79,7.91,66.91,40.85,54.19,7.90
215.37,38.68,19.73,21.82,7.92,66.91,40.68,54.19,7.90
215.38,38.76,19.70,21.82,7.91,66.72,40.68,54.19,7.90
215.39,38.76,19.70,21.82,7.91,66.91,40.85,54.19,7.91
215.40,38.76,19.73,21.82,7.92,66.91,40.77,54.19,7.91
215.41,38.76,19.73,21.82,7.92,67.10,40.77,54.19,7.90
215.42,38.68,19.73,21.82,7.91,66.91,40.77,54.19,7.91
215.43,38.68,19.73,21.82,7.91,66.91,40.77,54.19,7.91
215.44,38.76,19.73,21.82,7.92,67.10,40.77,54.19,7.90
215.45,38.68,19.73,21.82,7.91,66.91,40.77,54.19,7.90
215.46,38.76,19.73,21.82,7.92,66.91,40.77,54.19,7.91
215.47,38.76,19.73,21.82,7.92,66.91,40.77,54.19,7.90
215.48,38.68,19.73,21.82,7.92,66.91,40.77,54.19,7.90
215.49,38.84,19.76,21.82,7.92,67.10,40.77,54.19,7.89
215.50,38.76,19.73,21.82,7.91,66.91,40.77,54.19,7.90
215.51,38.76,19.70,21.82,7.93,66.91,40.85,54.19,7.89
215.52,38.76,19.73,21.79,7.91,66.91,40.77,54.19,7.90
215.53,38.76,19.73,21.82,7.92,66.91,40.77,54.19,7.90
215.54,38.76,19.73,21.82,7.93,67.10,40.85,54.19,7.90
215.55,38.76,19.73,21.82,7.91,67.10,40.85,54.19,7.90
215.56,38.76,19.73,21.86,7.92,67.10,40.77,54.19,7.91
215.57,38.76,19.73,21.82,7.92,66.72,40.85,54.19,7.90
215.58,38.76,19.76,21.86,7.92,67.10,40.77,54.19,7.90
215.59,38.76,19.73,21.82,7.93,66.91,40.77,54.19,7.90
215.60,38.76,19.70,21.82,7.91,67.10,40.77,54.19,7.90
215.61,38.76,19.73,21.82,7.92,66.91,40.85,54.19,7.91
215.62,38.76,19.73,21.82,7.92,66.91,40.85,54.19,7.91
215.63,38.76,19.73,21.82,7.92,66.91,40.77,54.19,7.91
215.64,38.76,19.73,21.82,7.93,67.10,40.77,54.32,7.91
215.65,38.76,19.73,21.86,7.93,66.91,40.85,54.32,7.91
215.66,38.76,19.73,21.82,7.91,66.91,40.85,54.19,7.90
215.67,38.76,19.70,21.82,7.92,66.91,40.85,54.32,7.90
215.68,38.76,19.73,21.82,7.92,66.91,40.77,54.19,7.91
215.69,38.76,19.70,21.86,7.91,66.91,40.85,54.19,7.90
215.70,38.76,19.73,21.82,7.91,67.10,40.85,54.32,7.91
215.71,38.76,19.73,21.82,7.93,67.10,40.77,54.19,7.91
215.72,38.76,19.76,21.82,7.92,66.91,40.93,54.19,7.90
215.73,38.76,19.76,21.82,7.91,67.10,40.85,54.32,7.90
215.74,38.76,19.73,21.82,7.91,66.91,40.93,54.19,7.90
215.75,38.76,19.73,21.82,7.92,67.10,40.85,54.19,7.91
215.76,38.76,19.76,21.82,7.92,67.10,40.77,54.32,7.91
215.77,38.76,19.70,21.82,7.92,66.91,40.77,54.19,7.90
215.78,38.68,19.73,21.86,7.92,67.10,40.85,54.19,7.92
215.79,38.68,19.73,21.86,7.92,66.91,40.77,54.19,7.91
215.80,38.76,19.73,21.82,7.92,67.10,40.85,54.19,7.90
215.81,38.76,19.73,21.86,7.93,66.91,40.85,54.19,7.90
215.82,38.76,19.73,21.82,7.92,67.10,40.85,54.32,7.91
215.83,38.76,19.73,21.86,7.92,66.91,40.93,54.19,7.91
215.84,38.76,19.73,21.86,7.92,66.91,40.85,54.32,7.90
215.85,38.76,19.76,21.86,7.92,66.91,40.85,54.19,7.92
215.86,38.76,19.73,21.86,7.93,67.10,40.85,54.19,7.90
215.87,38.76,19.73,21.86,7.92,67.10,40.85,54.19,7.91
215.88,38.76,19.76,21.82,7.93,66.91,40.85,54.32,7.90
215.89,38.76,19.73,21.82,7.91,66.91,40.85,54.19,7.92
215.90,38.76,19.73,21.82,7.92,67.10,40.77,54.32,7.92
215.91,38.76,19.76,21.82,7.92,67.29,40.85,54.19,7.90
215.92,38.76,19.76,21.86,7.93,66.91,40.93,54.19,7.91
215.93,38.76,19.73,21.82,7.92,66.91,40.85,54.19,7.91
215.94,38.76,19.73,21.86,7.91,67.10,40.85,54.32,7.91
215.95,38.68,19.73,21.82,7.92,67.10,40.85,54.19,7.91
215.96,38.76,19.76,21.82,7.93,67.10,40.85,54.19,7.90
215.97,38.76,19.76,21.82,7.92,67.10,40.93,54.19,7.90
215.98,38.76,19.73,21.86,7.92,67.10,40.85,54.19,7.90
215.99,38.76,19.76,21.86,7.93,67.10,40.85,54.19,7.90
216.00,38.76,19.73,21.82,7.92,67.10,40.77,54.19,7.90
216.01,38.76,19.73,21.86,7.93,67.10,40.85,54.19,7.91
216.02,38.76,19.73,21.82,7.93,67.10,40.93,54.19,7.91
216.03,38.68,19.73,21.82,7.92,66.91,40.85,54.32,7.90
216.04,38.76,19.73,21.86,7.92,67.10,40.85,54.32,7.92
216.05,38.76,19.73,21.86,7.92,67.10,40.85,54.32,7.90
216.06,38.76,19.76,21.82,7.93,66.91,40.85,54.32,7.91
216.07,38.76,19.73,21.86,7.93,67.10,40.85,54.32,7.90
216.08,38.76,19.73,21.86,7.91,67.10,40.77,54.32,7.91
216.09,38.76,19.73,21.86,7.92,67.10,40.85,54.19,7.91
216.10,38.76,19.73,21.82,7.92,67.10,40.93,54.32,7.92
216.11,38.76,19.73,21.82,7.92,67.10,40.85,54.32,7.91
216.12,38.76,19.73,21.82,7.92,66.91,40.85,54.19,7.91
216.13,38.76,19.76,21.82,7.92,67.10,40.85,54.32,7.90
216.14,38.76,19.73,21.86,7.93,67.10,40.77,54.32,7.91
216.15,38.76,19.73,21.86,7.93,67.10,40.85,54.32,7.91
216.16,38.76,19.76,21.86,7.92,67.10,40.85,54.32,7.91
216.17,38.76,19.73,21.82,7.92,67.10,40.93,54.32,7.91
216.18,38.76,19.73,21.82,7.91,66.91,40.93,54.32,7.91
216.19,38.76,19.76,21.86,7.93,66.91,40.77,54.19,7.90
216.20,38.76,19.76,21.86,7.92,67.10,40.93,54.32,7.92
216.21,38.76,19.73,21.86,7.92,67.10,40.93,54.32,7.91
216.22,38.76,19.73,21.86,7.92,67.10,40.77,54.32,7.91
216.23,38.76,19.76,21.82,7.92,67.10,40.85,54.32,7.91
216.24,38.76,19.70,21.86,7.93,67.10,40.93,54.32,7.91
216.25,38.68,19.73,21.86,7.92,67.10,40.93,54.32,7.92
216.26,38.76,19.73,21.86,7.92,67.10,40.85,54.19,7.91
216.27,38.76,19.76,21.86,7.92,67.10,40.85,54.32,7.91
216.28,38.76,19.73,21.82,7.93,67.10,40.85,54.32,7.90
216.29,38.76,19.73,21.86,7.93,67.10,40.85,54.32,7.90
216.30,38.76,19.76,21.86,7.92,67.10,40.85,54.32,7.92
216.31,38.76,19.73,21.86,7.92,67.10,40.85,54.19,7.91
216.32,38.76,19.73,21.86,7.93,67.10,40.93,54.32,7.91
216.33,38.76,19.73,21.82,7.93,67.10,40.93,54.32,7.90
216.34,38.76,19.76,21.89,7.92,67.10,40.85,54.32,7.91
216.35,38.76,19.76,21.86,7.93,67.10,40.93,54.32,7.90
216.36,38.76,19.76,21.86,7.92,67.10,40.93,54.32,7.91
216.37,38.76,19.76,21.82,7.93,67.10,40.77,54.32,7.92
216.38,38.76,19.70,21.86,7.93,67.10,40.85,54.32,7.91
216.39,38.84,19.76,21.86,7.92,67.10,40.93,54.32,7.91
216.40,38.76,19.76,21.82,7.92,67.10,40.93,54.32,7.92
216.41,38.76,19.73,21.86,7.93,67.29,40.93,54.32,7.91
216.42,38.76,19.73,21.86,7.92,67.10,40.85,54.32,7.92
216.43,38.76,19.76,21.86,7.92,67.10,40.93,54.32,7.92
216.44,38.76,19.73,21.86,7.93,67.10,40.85,54.19,7.91
216.45,38.76,19.73,21.86,7.92,67.10,40.85,54.32,7.90
216.46,38.76,19.76,21.86,7.93,67.10,40.93,54.32,7.91
216.47,38.76,19.76,21.86,7.93,67.10,40.85,54.32,7.90
216.48,38.76,19.76,21.89,7.91,67.10,40.93,54.32,7.91
216.49,38.76,19.73,21.86,7.92,67.10,40.85,54.32,7.92
216.50,38.76,19.73,21.86,7.93,67.29,40.93,54.32,7.91
216.51,38.76,19.73,21.86,7.92,67.10,40.85,54.32,7.92
216.52,38.76,19.76,21.82,7.93,67.10,40.93,54.32,7.92
216.53,38.76,19.76,21.86,7.93,67.29,40.93,54.19,7.92
216.54,38.76,19.76,21.86,7.93,67.10,40.77,54.32,7.91
216.55,38.76,19.76,21.86,7.93,67.29,41.02,54.32,7.91
216.56,38.76,19.76,21.86,7.93,67.10,40.93,54.32,7.91
216.57,38.76,19.76,21.86,7.92,67.10,40.93,54.32,7.92
216.58,38.76,19.76,21.86,7.92,67.10,40.93,54.32,7.92
216.59,38.76,19.76,21.86,7.93,67.10,40.85,54.32,7.92
216.60,38.76,19.76,21.86,7.92,67.10,40.93,54.32,7.90
216.61,38.76,19.76,21.86,7.93,67.10,40.85,54.45,7.90
216.62,38.84,19.76,21.86,7.92,67.10,40.93,54.32,7.91
216.63,38.76,19.73,21.82,7.92,67.10,40.93,54.32,7.91
216.64,38.76,19.76,21.89,7.94,67.10,40.85,54.45,7.91
216.65,38.76,19.73,21.86,7.92,67.10,40.93,54.32,7.91
216.66,38.84,19.76,21.86,7.92,67.10,40.93,54.32,7.92
216.67,38.76,19.76,21.86,7.93,67.10,40.93,54.45,7.90
216.68,38.84,19.73,21.89,7.92,67.10,40.93,54.32,7.92
216.69,38.68,19.76,21.82,7.93,66.91,40.93,54.32,7.92
216.70,38.76,19.73,21.82,7.92,67.10,40.93,54.32,7.91
216.71,38.76,19.76,21.89,7.94,67.10,40.85,54.32,7.91
216.72,38.68,19.76,21.86,7.93,67.10,40.93,54.32,7.91
216.73,38.76,19.73,21.86,7.92,67.10,40.85,54.32,7.91
216.74,38.84,19.76,21.86,7.92,67.10,40.93,54.32,7.92
216.75,38.76,19.76,21.86,7.93,67.29,40.93,54.32,7.92
216.76,38.76,19.76,21.86,7.92,66.91,40.93,54.32,7.92
216.77,38.76,19.79,21.86,7.92,67.10,40.93,54.32,7.91
216.78,38.76,19.76,21.86,7.93,67.10,40.93,54.45,7.91
216.79,38.76,19.76,21.86,7.94,67.10,41.02,54.32,7.90
216.80,38.76,19.76,21.89,7.92,67.10,40.93,54.45,7.92
216.81,38.76,19.73,21.86,7.92,67.10,40.93,54.45,7.92
216.82,38.76,19.76,21.86,7.93,67.10,40.93,54.19,7.92
216.83,38.76,19.76,21.86,7.94,67.29,40.93,54.32,7.92
216.84,38.76,19.73,21.86,7.93,67.29,40.93,54.45,7.92
216.85,38.76,19.76,21.89,7.93,67.10,40.93,54.32,7.91
216.86,38.76,19.76,21.86,7.92,67.10,40.93,54.32,7.91
216.87,38.76,19.73,21.86,7.92,67.29,40.93,54.32,7.91
216.88,38.76,19.76,21.89,7.93,67.10,40.93,54.45,7.92
216.89,38.76,19.79,21.86,7.93,67.10,41.02,54.32,7.91
216.90,38.84,19.76,21.86,7.93,67.10,41.02,54.32,7.91
216.91,38.84,19.79,21.89,7.93,67.10,41.02,54.32,7.91
216.92,38.76,19.76,21.89,7.94,67.10,40.93,54.32,7.92
216.93,38.84,19.76,21.86,7.92,67.29,41.02,54.32,7.91
216.94,38.76,19.76,21.89,7.93,67.10,40.85,54.45,7.92
216.95,38.76,19.76,21.86,7.93,67.10,40.93,54.32,7.91
216.96,38.76,19.76,21.89,7.93,67.29,40.93,54.45,7.92
216.97,38.76,19.73,21.89,7.93,67.10,41.02,54.45,7.92
216.98,38.76,19.76,21.86,7.94,67.10,40.93,54.32,7.91
216.99,38.76,19.79,21.86,7.93,67.10,40.93,54.32,7.90
217.00,38.76,19.76,21.86,7.92,67.29,40.93,54.45,7.92
217.01,38.76,19.76,21.86,7.93,67.29,40.93,54.45,7.91
217.02,38.76,19.76,21.89,7.93,67.29,40.93,54.45,7.92
217.03,38.76,19.76,21.89,7.93,67.29,40.93,54.32,7.91
217.04,38.76,19.73,21.86,7.93,67.10,41.02,54.45,7.92
217.05,38.76,19.76,21.86,7.92,67.29,40.85,54.32,7.91
217.06,38.84,19.73,21.89,7.94,67.10,41.02,54.32,7.91
217.07,38.76,19.73,21.86,7.93,67.10,40.93,54.32,7.91
217.08,38.76,19.73,21.86,7.94,67.10,40.93,54.45,7.92
217.09,38.76,19.73,21.86,7.92,67.10,40.93,54.45,7.91
217.10,38.76,19.76,21.86,7.92,67.10,40.93,54.32,7.91
217.11,38.76,19.79,21.89,7.93,67.10,40.93,54.45,7.93
217.12,38.76,19.76,21.86,7.93,67.29,41.02,54.32,7.92
217.13,38.68,19.76,21.89,7.93,67.29,41.02,54.32,7.92
217.14,38.84,19.76,21.89,7.93,67.10,41.02,54.45,7.92
217.15,38.84,19.76,21.86,7.93,67.10,41.02,54.59,7.91
217.16,38.84,19.76,21.89,7.93,67.29,41.02,54.32,7.91
217.17,38.76,19.76,21.89,7.93,67.29,41.02,54.45,7.92
217.18,38.84,19.76,21.89,7.93,67.29,40.93,54.32,7.93
217.19,38.84,19.79,21.89,7.93,67.10,41.02,54.32,7.91
217.20,38.76,19.76,21.86,7.93,67.10,40.93,54.45,7.92
217.21,38.84,19.79,21.89,7.93,67.29,40.93,54.45,7.92
217.22,38.76,19.76,21.89,7.94,67.10,41.02,54.45,7.92
217.23,38.84,19.76,21.86,7.93,67.29,40.93,54.32,7.92
217.24,38.84,19.76,21.89,7.94,67.10,40.93,54.45,7.92
217.25,38.84,19.76,21.86,7.93,67.29,40.93,54.45,7.91
217.26,38.76,19.76,21.89,7.93,67.10,40.93,54.45,7.92
217.27,38.84,19.76,21.86,7.93,67.10,40.93,54.45,7.92
217.28,38.84,19.76,21.89,7.93,67.29,40.93,54.45,7.92
217.29,38.84,19.76,21.86,7.93,67.29,40.93,54.45,7.92
217.30,38.76,19.76,21.89,7.93,67.10,40.93,54.45,7.92
217.31,38.76,19.76,21.89,7.93,67.29,40.93,54.32,7.92
217.32,38.84,19.76,21.86,7.93,67.10,41.02,54.45,7.92
217.33,38.76,19.76,21.86,7.93,67.29,41.02,54.45,7.92
217.34,38.84,19.79,21.89,7.93,67.29,40.93,54.32,7.92
217.35,38.76,19.76,21.89,7.94,67.29,40.93,54.45,7.91
217.36,38.76,19.76,21.89,7.93,67.29,41.02,54.45,7.92
217.37,38.84,19.76,21.86,7.94,67.29,40.93,54.45,7.92
217.38,38.76,19.76,21.86,7.93,67.10,40.93,54.45,7.92
217.39,38.76,19.76,21.89,7.93,67.29,40.93,54.45,7.93
217.40,38.84,19.79,21.86,7.94,67.29,41.02,54.45,7.92
217.41,38.84,19.79,21.86,7.93,67.29,40.93,54.32,7.92
217.42,38.84,19.76,21.89,7.93,67.29,40.93,54.45,7.92
217.43,38.76,19.76,21.86,7.93,67.29,40.93,54.45,7.92
217.44,38.76,19.76,21.89,7.94,67.29,41.02,54.45,7.91
217.45,38.76,19.76,21.89,7.93,67.29,41.02,54.45,7.92
217.46,38.84,19.76,21.89,7.93,67.29,40.93,54.45,7.92
217.47,38.84,19.76,21.89,7.93,67.29,41.02,54.45,7.92
217.48,38.84,19.76,21.89,7.93,67.29,40.93,54.45,7.92
217.49,38.84,19.76,21.89,7.93,67.29,41.02,54.45,7.92
217.50,38.84,19.79,21.89,7.93,67.29,41.02,54.45,7.91
217.51,38.76,19.76,21.89,7.93,67.10,40.93,54.45,7.92
217.52,38.76,19.76,21.89,7.92,67.29,40.93,54.45,7.91
217.53,38.84,19.76,21.89,7.93,67.29,41.02,54.45,7.92
217.54,38.76,19.76,21.89,7.93,67.29,41.02,54.45,7.92
217.55,38.84,19.76,21.89,7.93,67.29,40.93,54.45,7.92
217.56,38.84,19.76,21.89,7.93,67.29,41.02,54.45,7.92
217.57,38.84,19.79,21.89,7.93,67.29,41.02,54.45,7.92
217.58,38.76,19.76,21.86,7.93,67.29,41.02,54.45,7.92
217.59,38.84,19.79,21.89,7.93,67.29,41.02,54.45,7.92
217.60,38.76,19.76,21.89,7.95,67.29,41.02,54.45,7.91
217.61,38.84,19.79,21.89,7.93,67.29,41.02,54.45,7.92
217.62,38.84,19.76,21.89,7.93,67.29,41.02,54.45,7.93
217.63,38.84,19.76,21.89,7.93,67.29,40.93,54.45,7.92
217.64,38.84,19.76,21.86,7.94,67.29,41.02,54.45,7.92
217.65,38.84,19.79,21.86,7.93,67.29,40.93,54.45,7.91
217.66,38.84,19.76,21.89,7.93,67.29,41.02,54.45,7.92
217.67,38.84,19.76,21.89,7.93,67.29,41.02,54.45,7.92
217.68,38.76,19.76,21.92,7.93,67.29,41.02,54.45,7.92
217.69,38.84,19.76,21.89,7.93,67.29,41.10,54.45,7.91
217.70,38.84,19.76,21.89,7.93,67.29,40.93,54.45,7.92
217.71,38.84,19.79,21.89,7.95,67.29,40.93,54.45,7.92
217.72,38.76,19.76,21.89,7.94,67.29,41.02,54.45,7.91
217.73,38.84,19.76,21.89,7.93,67.29,41.02,54.45,7.92
217.74,38.76,19.76,21.89,7.93,67.29,41.02,54.45,7.91
217.75,38.76,19.76,21.89,7.93,67.29,41.10,54.59,7.92
217.76,38.84,19.76,21.89,7.93,67.29,40.93,54.45,7.92
217.77,38.84,19.79,21.89,7.93,67.29,41.02,54.45,7.92
217.78,38.84,19.76,21.89,7.93,67.29,41.02,54.45,7.92
217.79,38.84,19.76,21.92,7.93,67.29,41.02,54.45,7.92
217.80,38.84,19.76,21.89,7.93,67.29,41.02,54.45,7.92
217.81,38.76,19.76,21.89,7.93,67.29,41.02,54.45,7.91
217.82,38.84,19.76,21.89,7.93,67.29,40.93,54.45,7.92
217.83,38.76,19.76,21.89,7.93,67.29,41.02,54.45,7.92
217.84,38.76,19.79,21.89,7.93,67.29,41.10,54.45,7.92
217.85,38.84,19.76,21.89,7.93,67.29,41.02,54.45,7.92
217.86,38.76,19.76,21.89,7.93,67.29,41.02,54.45,7.92
217.87,38.84,19.76,21.92,7.93,67.29,41.02,54.45,7.91
217.88,38.84,19.76,21.86,7.93,67.29,41.02,54.45,7.93
217.89,38.76,19.73,21.89,7.94,67.29,41.02,54.45,7.92
217.90,38.84,19.73,21.92,7.94,67.29,41.02,54.45,7.91
217.91,38.76,19.76,21.86,7.94,67.48,41.02,54.59,7.93
217.92,38.84,19.76,21.89,7.93,67.10,41.10,54.45,7.93
217.93,38.76,19.76,21.89,7.93,67.48,41.10,54.45,7.92
217.94,38.76,19.76,21.89,7.93,67.10,41.02,54.45,7.92
217.95,38.84,19.79,21.89,7.93,67.48,40.93,54.45,7.92
217.96,38.84,19.76,21.89,7.93,67.29,41.02,54.45,7.91
217.97,38.76,19.76,21.89,7.93,67.48,41.02,54.45,7.93
217.98,38.84,19.79,21.86,7.93,67.29,40.93,54.45,7.93
217.99,38.84,19.76,21.86,7.93,67.29,41.10,54.72,7.93
218.00,38.91,19.76,21.89,7.94,67.29,41.02,54.59,7.92
218.01,38.76,19.76,21.89,7.93,67.29,41.02,54.32,7.92
218.02,38.84,19.76,21.89,7.94,67.29,41.02,54.45,7.92
218.03,38.84,19.76,21.89,7.95,67.29,41.02,54.45,7.93
218.04,38.76,19.76,21.89,7.93,67.29,41.02,54.45,7.92
218.05,38.84,19.76,21.89,7.95,67.48,41.10,54.59,7.92
218.06,38.76,19.76,21.89,7.93,67.29,41.02,54.45,7.92
218.07,38.84,19.76,21.92,7.93,67.29,41.02,54.59,7.92
218.08,38.84,19.76,21.92,7.93,67.29,41.02,54.45,7.93
218.09,38.84,19.76,21.92,7.93,67.29,41.02,54.45,7.92
218.10,38.84,19.76,21.89,7.94,67.29,41.10,54.45,7.92
218.11,38.84,19.79,21.92,7.93,67.29,41.02,54.45,7.93
218.12,38.84,19.76,21.89,7.93,67.29,41.10,54.45,7.92
218.13,38.84,19.79,21.92,7.93,67.29,41.10,54.59,7.92
218.14,38.84,19.76,21.89,7.95,67.48,41.10,54.45,7.92
218.15,38.84,19.79,21.89,7.93,67.48,41.02,54.45,7.92
218.16,38.84,19.79,21.89,7.93,67.48,41.02,54.45,7.92
218.17,38.84,19.76,21.89,7.93,67.48,41.02,54.59,7.92
218.18,38.84,19.76,21.89,7.95,67.29,41.10,54.59,7.93
218.19,38.84,19.79,21.89,7.95,67.48,41.02,54.45,7.92
218.20,38.84,19.76,21.92,7.93,67.29,41.02,54.45,7.92
218.21,38.84,19.76,21.86,7.95,67.48,41.02,54.59,7.93
218.22,38.84,19.79,21.89,7.94,67.29,41.10,54.45,7.92
218.23,38.84,19.76,21.92,7.93,67.29,41.10,54.45,7.92
218.24,38.84,19.79,21.89,7.94,67.29,41.10,54.59,7.92
218.25,38.84,19.79,21.92,7.94,67.48,41.10,54.59,7.93
218.26,38.84,19.76,21.92,7.93,67.29,41.02,54.45,7.92
218.27,38.84,19.76,21.89,7.93,67.29,41.02,54.59,7.93
218.28,38.84,19.76,21.92,7.93,67.29,41.02,54.45,7.93
218.29,38.84,19.76,21.89,7.94,67.29,41.02,54.59,7.92
218.30,38.84,19.79,21.92,7.93,67.29,41.02,54.45,7.92
218.31,38.76,19.76,21.89,7.94,67.29,40.93,54.45,7.92
218.32,38.84,19.76,21.92,7.94,67.29,41.10,54.59,7.92
218.33,38.84,19.76,21.92,7.95,67.29,41.02,54.45,7.92
218.34,38.84,19.79,21.89,7.93,67.48,41.10,54.45,7.93
218.35,38.84,19.76,21.89,7.94,67.48,41.10,54.59,7.93
218.36,38.84,19.82,21.89,7.93,67.48,41.10,54.59,7.92
218.37,38.84,19.76,21.92,7.93,67.48,41.10,54.45,7.93
218.38,38.84,19.79,21.92,7.93,67.48,41.02,54.45,7.92
218.39,38.84,19.79,21.92,7.93,67.29,41.02,54.45,7.92
218.40,38.76,19.79,21.92,7.94,67.48,41.02,54.59,7.93
218.41,38.76,19.79,21.92,7.93,67.29,41.10,54.59,7.92
218.42,38.84,19.79,21.89,7.94,67.29,41.02,54.59,7.92
218.43,38.84,19.79,21.89,7.95,67.29,41.02,54.59,7.92
218.44,38.76,19.76,21.92,7.93,67.29,41.10,54.59,7.94
218.45,38.84,19.76,21.89,7.94,67.29,41.10,54.59,7.93
218.46,38.84,19.76,21.89,7.94,67.29,40.93,54.59,7.93
218.47,38.84,19.79,21.92,7.93,67.48,41.02,54.45,7.92
218.48,38.84,19.82,21.92,7.93,67.48,41.02,54.59,7.93
218.49,38.76,19.76,21.92,7.94,67.48,41.02,54.59,7.92
218.50,38.84,19.76,21.92,7.94,67.29,41.10,54.45,7.92
218.51,38.76,19.76,21.89,7.94,67.48,41.02,54.59,7.94
218.52,38.91,19.79,21.89,7.94,67.48,41.02,54.45,7.92
218.53,38.84,19.76,21.89,7.94,67.29,41.10,54.59,7.94
218.54,38.84,19.79,21.89,7.95,67.48,41.10,54.59,7.92
218.55,38.84,19.76,21.89,7.93,67.29,41.10,54.59,7.93
218.56,38.84,19.79,21.92,7.95,67.29,41.10,54.45,7.93
218.57,38.84,19.76,21.92,7.93,67.29,41.02,54.59,7.92
218.58,38.76,19.76,21.92,7.94,67.48,41.10,54.45,7.92
218.59,38.84,19.79,21.92,7.93,67.48,41.02,54.59,7.92
218.60,38.84,19.76,21.89,7.93,67.48,41.10,54.59,7.92
218.61,38.84,19.76,21.92,7.94,67.48,41.10,54.45,7.92
218.62,38.84,19.79,21.89,7.94,67.48,41.02,54.59,7.92
218.63,38.84,19.76,21.89,7.93,67.29,41.10,54.45,7.93
218.64,38.84,19.79,21.89,7.93,67.29,41.10,54.59,7.92
218.65,38.84,19.79,21.89,7.94,67.48,41.02,54.59,7.93
218.66,38.84,19.79,21.92,7.95,67.29,41.10,54.59,7.94
218.67,38.84,19.79,21.92,7.94,67.48,41.02,54.59,7.93
218.68,38.84,19.79,21.92,7.93,67.29,41.10,54.45,7.92
218.69,38.84,19.76,21.92,7.93,67.29,41.10,54.59,7.93
218.70,38.84,19.79,21.89,7.94,67.48,41.10,54.59,7.92
218.71,38.84,19.79,21.92,7.93,67.48,41.02,54.45,7.93
218.72,38.84,19.79,21.89,7.94,67.48,41.10,54.45,7.94
218.73,38.84,19.79,21.92,7.93,67.48,41.10,54.59,7.93
218.74,38.91,19.79,21.92,7.94,67.29,41.10,54.45,7.94
218.75,38.84,19.79,21.92,7.94,67.48,41.10,54.59,7.92
218.76,38.84,19.79,21.92,7.93,67.48,41.10,54.59,7.93
218.77,38.84,19.79,21.89,7.94,67.48,41.10,54.59,7.92
218.78,38.84,19.79,21.92,7.93,67.48,41.02,54.59,7.93
218.79,38.84,19.76,21.92,7.94,67.48,41.18,54.59,7.93
218.80,38.84,19.79,21.92,7.94,67.48,41.10,54.45,7.93
218.81,38.84,19.76,21.92,7.94,67.48,41.10,54.45,7.92
218.82,38.84,19.73,21.92,7.94,67.48,41.10,54.45,7.93
218.83,38.84,19.82,21.89,7.94,67.48,41.10,54.59,7.93
218.84,38.84,19.76,21.92,7.95,67.29,41.10,54.59,7.92
218.85,38.84,19.79,21.89,7.94,67.48,41.02,54.59,7.92
218.86,38.84,19.79,21.92,7.94,67.48,41.10,54.72,7.93
218.87,38.84,19.76,21.92,7.93,67.48,41.18,54.59,7.93
218.88,38.84,19.79,21.92,7.94,67.29,41.02,54.59,7.93
218.89,38.84,19.79,21.92,7.94,67.48,41.10,54.59,7.92
218.90,38.84,19.82,21.92,7.95,67.48,41.10,54.59,7.92
218.91,38.84,19.76,21.92,7.94,67.48,41.10,54.59,7.93
218.92,38.84,19.76,21.92,7.94,67.48,41.10,54.59,7.93
218.93,38.84,19.76,21.92,7.95,67.29,41.18,54.59,7.93
218.94,38.84,19.79,21.92,7.94,67.48,41.10,54.59,7.93
218.95,38.84,19.79,21.92,7.95,67.48,41.10,54.59,7.92
218.96,38.84,19.79,21.92,7.95,67.48,41.10,54.59,7.92
218.97,38.84,19.79,21.89,7.93,67.48,41.10,54.59,7.93
218.98,38.84,19.79,21.92,7.95,67.48,41.10,54.59,7.92
218.99,38.84,19.79,21.92,7.93,67.29,41.10,54.59,7.93
219.00,38.84,19.76,21.92,7.94,67.48,41.10,54.72,7.93
219.01,38.84,19.79,21.89,7.95,67.48,41.02,54.59,7.92
219.02,38.84,19.82,21.92,7.94,67.48,41.10,54.59,7.94
219.03,38.91,19.79,21.92,7.94,67.48,41.10,54.45,7.92
219.04,38.76,19.76,21.92,7.94,67.48,41.10,54.59,7.93
219.05,38.91,19.79,21.92,7.93,67.48,41.10,54.59,7.93
219.06,38.91,19.79,21.92,7.94,67.48,41.10,54.59,7.92
219.07,38.84,19.76,21.89,7.94,67.29,41.10,54.59,7.92
219.08,38.84,19.82,21.92,7.95,67.48,41.10,54.59,7.94
219.09,38.84,19.79,21.92,7.95,67.48,41.10,54.59,7.93
219.10,38.84,19.79,21.92,7.95,67.29,41.02,54.59,7.93
219.11,38.84,19.76,21.92,7.94,67.48,41.10,54.59,7.93
219.12,38.91,19.79,21.89,7.95,67.29,41.10,54.59,7.93
219.13,38.84,19.79,21.92,7.95,67.29,41.10,54.59,7.92
219.14,38.84,19.76,21.89,7.95,67.67,41.18,54.59,7.93
219.15,38.84,19.79,21.92,7.94,67.48,41.10,54.59,7.93
219.16,38.84,19.79,21.92,7.95,67.48,41.02,54.59,7.93
219.17,38.84,19.79,21.95,7.94,67.48,41.10,54.59,7.92
219.18,38.91,19.79,21.92,7.94,67.48,41.10,54.72,7.93
219.19,38.84,19.76,21.89,7.94,67.48,41.10,54.45,7.94
219.20,38.84,19.79,21.92,7.95,67.29,41.02,54.72,7.92
219.21,38.84,19.79,21.92,7.94,67.48,41.10,54.59,7.92
219.22,38.84,19.79,21.92,7.94,67.48,41.10,54.59,7.92
219.23,38.84,19.79,21.92,7.95,67.48,41.10,54.59,7.92
219.24,38.84,19.76,21.92,7.93,67.67,41.18,54.59,7.93
219.25,38.84,19.79,21.92,7.94,67.48,41.10,54.59,7.94
219.26,38.84,19.79,21.92,7.95,67.48,41.10,54.59,7.93
219.27,38.84,19.76,21.95,7.95,67.48,41.10,54.59,7.93
219.28,38.84,19.76,21.92,7.94,67.48,41.10,54.59,7.94
219.29,38.84,19.79,21.92,7.93,67.48,41.10,54.59,7.92
219.30,38.91,19.79,21.92,7.94,67.48,41.18,54.59,7.92
219.31,38.84,19.82,21.92,7.94,67.48,41.10,54.59,7.93
219.32,38.84,19.76,21.92,7.94,67.48,41.10,54.45,7.93
219.33,38.84,19.79,21.92,7.94,67.48,41.18,54.59,7.93
219.34,38.84,19.79,21.92,7.95,67.48,41.10,54.59,7.93
219.35,38.84,19.79,21.92,7.94,67.48,41.10,54.59,7.94
219.36,38.84,19.79,21.92,7.94,67.48,41.10,54.59,7.94
219.37,38.91,19.76,21.92,7.94,67.48,41.10,54.59,7.93
219.38,38.84,19.76,21.92,7.95,67.48,41.18,54.59,7.93
219.39,38.84,19.79,21.92,7.94,67.48,41.18,54.59,7.93
219.40,38.84,19.79,21.92,7.94,67.48,41.10,54.59,7.92
219.41,38.91,19.76,21.92,7.95,67.48,41.10,54.59,7.93
219.42,38.84,19.76,21.92,7.94,67.48,41.10,54.59,7.94
219.43,38.91,19.82,21.92,7.94,67.48,41.10,54.59,7.93
219.44,38.91,19.82,21.92,7.94,67.48,41.18,54.72,7.93
219.45,38.84,19.79,21.92,7.94,67.48,41.10,54.72,7.94
219.46,38.84,19.82,21.92,7.94,67.48,41.18,54.72,7.93
219.47,38.84,19.79,21.92,7.94,67.48,41.18,54.72,7.94
219.48,38.84,19.79,21.92,7.94,67.48,41.10,54.72,7.93
219.49,38.84,19.79,21.92,7.95,67.48,41.18,54.59,7.94
219.50,38.84,19.82,21.92,7.94,67.48,41.18,54.59,7.93
219.51,38.91,19.76,21.92,7.94,67.48,41.10,54.59,7.94
219.52,38.84,19.79,21.92,7.94,67.48,41.02,54.59,7.93
219.53,38.91,19.79,21.92,7.94,67.48,41.10,54.59,7.93
219.54,38.84,19.79,21.92,7.94,67.48,41.10,54.59,7.94
219.55,38.84,19.82,21.92,7.94,67.67,41.10,54.59,7.94
219.56,38.84,19.79,21.92,7.95,67.48,41.10,54.59,7.94
219.57,38.84,19.79,21.92,7.94,67.48,41.10,54.59,7.92
219.58,38.84,19.76,21.92,7.95,67.48,41.10,54.72,7.93
219.59,38.91,19.79,21.92,7.94,67.48,41.18,54.72,7.93
219.60,38.84,19.79,21.92,7.94,67.48,41.10,54.59,7.94
219.61,38.84,19.76,21.92,7.94,67.67,41.18,54.59,7.93
219.62,38.91,19.79,21.92,7.95,67.48,41.18,54.59,7.93
219.63,38.84,19.79,21.92,7.94,67.48,41.18,54.59,7.93
219.64,38.91,19.79,21.95,7.94,67.48,41.10,54.59,7.94
219.65,38.84,19.76,21.92,7.94,67.48,41.18,54.72,7.94
219.66,38.91,19.79,21.92,7.95,67.48,41.10,54.72,7.92
219.67,38.84,19.76,21.92,7.94,67.48,41.18,54.59,7.93
219.68,38.84,19.79,21.92,7.95,67.48,41.10,54.59,7.93
219.69,38.84,19.79,21.92,7.95,67.67,41.10,54.59,7.93
219.70,38.84,19.79,21.92,7.94,67.48,41.10,54.59,7.93
219.71,38.84,19.79,21.92,7.95,67.67,41.10,54.72,7.93
219.72,38.91,19.76,21.92,7.94,67.48,41.18,54.59,7.93
219.73,38.84,19.79,21.92,7.94,67.48,41.10,54.72,7.93
219.74,38.84,19.76,21.92,7.95,67.67,41.10,54.72,7.94
219.75,38.84,19.82,21.92,7.95,67.48,41.10,54.59,7.93
219.76,38.84,19.79,21.92,7.94,67.48,41.18,54.72,7.93
219.77,38.84,19.79,21.92,7.95,67.48,41.10,54.72,7.93
219.78,38.91,19.82,21.92,7.94,67.48,41.10,54.59,7.93
219.79,38.91,19.82,21.92,7.94,67.48,41.10,54.59,7.93
219.80,38.91,19.79,21.92,7.94,67.48,41.18,54.72,7.94
219.81,38.91,19.79,21.92,7.95,67.48,41.10,54.72,7.92
219.82,38.91,19.76,21.92,7.94,67.48,41.18,54.72,7.93
219.83,38.84,19.79,21.92,7.95,67.29,41.10,54.59,7.94
219.84,38.84,19.79,21.92,7.94,67.67,41.10,54.72,7.93
219.85,38.91,19.79,21.95,7.94,67.48,41.18,54.72,7.94
219.86,38.84,19.79,21.92,7.95,67.67,41.18,54.72,7.93
219.87,38.84,19.79,21.92,7.94,67.67,41.10,54.59,7.93
219.88,38.91,19.79,21.95,7.95,67.48,41.18,54.59,7.93
219.89,38.91,19.79,21.92,7.95,67.48,41.18,54.59,7.94
219.90,38.84,19.79,21.92,7.95,67.48,41.10,54.59,7.94
219.91,38.91,19.76,21.92,7.94,67.48,41.10,54.59,7.92
219.92,38.91,19.82,21.92,7.95,67.48,41.10,54.72,7.93
219.93,38.84,19.79,21.92,7.94,67.48,41.18,54.72,7.94
219.94,38.84,19.79,21.95,7.95,67.48,41.10,54.59,7.93
219.95,38.84,19.82,21.95,7.94,67.48,41.18,54.59,7.93
219.96,38.84,19.82,21.92,7.95,67.48,41.18,54.59,7.93
219.97,38.84,19.76,21.92,7.95,67.48,41.18,54.59,7.93
219.98,38.91,19.79,21.92,7.95,67.48,41.18,54.59,7.93
219.99,38.84,19.79,21.92,7.95,67.48,41.18,54.72,7.94
220.00,38.91,19.76,21.92,7.95,67.48,41.18,54.72,7.93
220.01,38.91,19.82,21.92,7.95,67.48,41.10,54.72,7.94
220.02,38.91,19.82,21.92,7.94,67.67,41.10,54.59,7.92
220.03,38.91,19.76,21.92,7.94,67.48,41.18,54.72,7.94
220.04,38.84,19.82,21.92,7.94,67.48,41.18,54.72,7.94
220.06,38.91,19.82,21.92,7.94,67.48,41.18,54.59,7.93
220.07,38.91,19.79,21.92,7.94,67.48,41.10,54.59,7.94
220.08,38.91,19.79,21.95,7.95,67.67,41.18,54.72,7.94
220.09,38.84,19.79,21.95,7.95,67.48,41.18,54.72,7.93
220.10,38.84,19.79,21.92,7.94,67.48,41.18,54.59,7.94
220.11,38.91,19.79,21.92,7.96,67.48,41.10,54.59,7.93
220.12,38.91,19.79,21.92,7.94,67.48,41.27,54.59,7.93
220.13,38.84,19.82,21.95,7.94,67.67,41.18,54.59,7.94
220.14,38.84,19.79,21.92,7.94,67.48,41.02,54.72,7.93
220.15,38.91,19.79,21.92,7.94,67.67,41.35,54.72,7.94
220.16,38.91,19.79,21.92,7.95,67.48,41.18,54.59,7.93
220.17,38.91,19.79,21.95,7.94,67.48,41.18,54.59,7.94
220.18,38.84,19.82,21.92,7.95,67.48,41.18,54.72,7.94
220.19,38.91,19.79,21.92,7.95,67.48,41.18,54.72,7.93
220.20,38.84,19.79,21.95,7.95,67.48,41.18,54.72,7.92
220.21,38.91,19.79,21.92,7.95,67.48,41.18,54.72,7.93
220.22,38.84,19.76,21.92,7.95,67.48,41.27,54.59,7.93
220.23,38.84,19.79,21.95,7.94,67.48,41.18,54.72,7.93
220.24,38.84,19.82,21.95,7.94,67.48,41.10,54.72,7.93
220.25,38.91,19.82,21.92,7.94,67.48,41.18,54.72,7.94
220.26,38.91,19.79,21.92,7.95,67.67,41.27,54.72,7.94
220.27,38.84,19.79,21.92,7.95,67.48,41.18,54.72,7.94
220.28,38.84,19.82,21.95,7.95,67.67,41.18,54.72,7.93
220.29,38.91,19.79,21.92,7.95,67.67,41.10,54.59,7.93
220.30,38.91,19.79,21.95,7.96,67.48,41.18,54.59,7.93
220.31,38.91,19.79,21.92,7.95,67.67,41.18,54.72,7.93
220.32,38.84,19.79,21.92,7.95,67.48,41.18,54.72,7.94
220.33,38.91,19.76,21.92,7.95,67.48,41.18,54.72,7.94
220.34,38.84,19.79,21.95,7.95,67.87,41.18,54.59,7.94
220.35,38.84,19.79,21.92,7.96,67.67,41.18,54.72,7.94
220.36,38.91,19.79,21.92,7.94,67.67,41.18,54.85,7.94
220.37,38.91,19.82,21.92,7.94,67.67,41.18,54.72,7.94
220.38,38.91,19.79,21.95,7.95,67.48,41.10,54.72,7.94
220.39,38.84,19.79,21.95,7.95,67.67,41.18,54.59,7.93
220.40,38.84,19.79,21.92,7.95,67.48,41.27,54.85,7.94
220.41,38.91,19.79,21.92,7.94,67.48,41.27,54.59,7.94
220.42,38.91,19.79,21.95,7.95,67.67,41.10,54.72,7.93
220.43,38.91,19.82,21.92,7.94,67.67,41.18,54.72,7.94
220.44,38.84,19.79,21.92,7.96,67.67,41.18,54.72,7.94
220.45,38.84,19.82,21.92,7.95,67.67,41.18,54.72,7.93
220.46,38.91,19.79,21.92,7.95,67.48,41.18,54.72,7.94
220.47,38.91,19.79,21.95,7.95,67.48,41.18,54.72,7.93
220.48,38.84,19.79,21.92,7.95,67.48,41.27,54.72,7.93
220.49,38.91,19.79,21.92,7.95,67.67,41.18,54.72,7.93
220.50,38.84,19.79,21.95,7.95,67.48,41.27,54.72,7.94
220.51,38.91,19.79,21.95,7.95,67.48,41.18,54.72,7.94
220.52,38.91,19.82,21.92,7.95,67.48,41.18,54.59,7.93
220.53,38.84,19.79,21.95,7.96,67.67,41.18,54.72,7.94
220.54,38.84,19.76,21.92,7.96,67.48,41.18,54.72,7.94
220.55,38.91,19.79,21.95,7.94,67.48,41.18,54.72,7.93
220.56,38.91,19.79,21.95,7.94,67.67,41.18,54.72,7.94
220.57,38.91,19.82,21.95,7.94,67.67,41.18,54.72,7.93
220.58,38.91,19.79,21.95,7.96,67.48,41.18,54.72,7.93
220.59,38.91,19.79,21.92,7.95,67.67,41.18,54.72,7.94
220.60,38.91,19.82,21.95,7.95,67.48,41.27,54.85,7.93
220.61,38.91,19.79,21.95,7.95,67.67,41.27,54.72,7.93
220.62,38.84,19.79,21.92,7.95,67.67,41.18,54.59,7.93
220.63,38.91,19.79,21.95,7.95,67.67,41.27,54.72,7.94
220.64,38.91,19.79,21.95,7.95,67.67,41.18,54.72,7.93
220.65,38.84,19.82,21.95,7.95,67.67,41.27,54.72,7.94
220.66,38.91,19.82,21.95,7.95,67.48,41.27,54.72,7.94
220.67,38.91,19.79,21.95,7.95,67.67,41.18,54.72,7.94
220.68,38.91,19.79,21.92,7.95,67.67,41.18,54.72,7.93
220.69,38.91,19.82,21.95,7.95,67.67,41.18,54.72,7.94
220.70,38.91,19.79,21.92,7.95,67.48,41.10,54.72,7.93
220.71,38.91,19.79,21.92,7.94,67.67,41.18,54.72,7.94
220.72,38.91,19.82,21.95,7.96,67.67,41.27,54.59,7.94
220.73,38.91,19.79,21.95,7.94,67.67,41.27,54.72,7.93
220.74,38.99,19.79,21.95,7.95,67.67,41.18,54.72,7.93
220.75,38.91,19.79,21.92,7.95,67.48,41.18,54.72,7.94
220.76,38.91,19.79,21.99,7.95,67.67,41.18,54.72,7.94
220.77,38.91,19.79,21.95,7.95,67.67,41.18,54.72,7.94
220.78,38.91,19.82,21.92,7.96,67.67,41.27,54.72,7.94
220.79,38.91,19.82,21.92,7.95,67.67,41.27,54.72,7.93
220.80,38.91,19.79,21.95,7.95,67.67,41.18,54.72,7.94
220.81,38.91,19.76,21.95,7.95,67.67,41.27,54.72,7.93
220.82,38.91,19.79,21.92,7.95,67.67,41.27,54.72,7.94
220.83,38.91,19.79,21.95,7.95,67.48,41.27,54.72,7.93
220.84,38.91,19.79,21.95,7.95,67.67,41.18,54.72,7.93
220.85,38.91,19.79,21.95,7.95,67.67,41.18,54.72,7.94
220.86,38.91,19.79,21.95,7.96,67.67,41.18,54.72,7.94
220.87,38.91,19.82,21.95,7.94,67.67,41.27,54.72,7.94
220.88,38.91,19.79,21.95,7.95,67.87,41.18,54.72,7.94
220.89,38.91,19.82,21.92,7.95,67.48,41.27,54.59,7.93
220.90,38.91,19.82,21.95,7.96,67.67,41.18,54.72,7.93
220.91,38.91,19.82,21.95,7.95,67.67,41.18,54.72,7.94
220.92,38.91,19.79,21.95,7.95,67.67,41.18,54.72,7.94
220.93,38.91,19.82,21.95,7.95,67.67,41.27,54.72,7.94
220.94,38.91,19.79,21.92,7.95,67.67,41.27,54.72,7.94
220.95,38.84,19.79,21.95,7.96,67.67,41.27,54.85,7.94
220.96,38.91,19.82,21.95,7.95,67.67,41.27,54.72,7.94
220.97,38.91,19.82,21.92,7.95,67.48,41.27,54.72,7.93
220.98,38.91,19.82,21.95,7.95,67.67,41.27,54.72,7.94
220.99,38.91,19.82,21.95,7.96,67.67,41.18,54.72,7.94
221.00,38.91,19.82,21.92,7.96,67.67,41.18,54.72,7.94
221.01,38.91,19.82,21.95,7.95,67.67,41.18,54.72,7.94
221.02,38.99,19.82,21.95,7.95,67.67,41.27,54.72,7.94
221.03,38.91,19.79,21.95,7.96,67.67,41.27,54.72,7.94
221.04,38.91,19.82,21.95,7.96,67.67,41.27,54.72,7.94
221.05,38.91,19.82,21.95,7.96,67.67,41.27,54.72,7.94
221.06,38.91,19.82,21.95,7.95,67.87,41.27,54.72,7.94
221.07,38.91,19.79,21.99,7.95,67.67,41.27,54.72,7.95
221.08,38.91,19.82,21.99,7.96,67.67,41.18,54.85,7.94
221.09,38.91,19.79,21.95,7.97,67.48,41.27,54.72,7.94
221.10,38.91,19.79,21.95,7.95,67.67,41.27,54.85,7.94
221.11,38.91,19.82,21.95,7.95,67.67,41.27,54.72,7.94
221.12,38.91,19.82,21.95,7.95,67.67,41.18,54.72,7.94
221.13,38.99,19.82,21.95,7.94,67.67,41.18,54.72,7.94
221.14,38.99,19.82,21.99,7.95,67.67,41.27,54.72,7.94
221.15,38.99,19.82,21.95,7.95,67.67,41.27,54.85,7.93
221.16,38.91,19.79,21.95,7.95,67.67,41.27,54.72,7.94
221.17,38.91,19.82,21.95,7.95,67.67,41.27,54.72,7.94
221.18,38.91,19.82,21.95,7.95,67.67,41.10,54.72,7.94
221.19,38.91,19.85,21.95,7.96,67.67,41.27,54.72,7.94
221.20,38.91,19.82,21.95,7.95,67.67,41.27,54.72,7.94
221.21,38.91,19.82,21.95,7.95,67.67,41.18,54.72,7.94
221.22,38.91,19.85,21.95,7.95,67.87,41.27,54.72,7.94
221.23,38.91,19.76,21.95,7.95,67.67,41.27,54.72,7.94
221.24,38.91,19.82,21.95,7.95,67.67,41.27,54.72,7.95
221.25,38.91,19.82,21.99,7.96,67.67,41.27,54.72,7.94
221.26,38.91,19.82,21.95,7.95,67.67,41.27,54.85,7.93
221.27,38.91,19.85,21.99,7.95,67.87,41.27,54.72,7.94
221.28,38.91,19.82,21.99,7.95,67.67,41.18,54.72,7.94
221.29,38.91,19.85,21.99,7.95,67.87,41.27,54.72,7.94
221.30,38.91,19.82,21.95,7.95,67.67,41.27,54.72,7.94
221.31,38.91,19.82,21.95,7.95,67.67,41.27,54.85,7.94
221.32,38.91,19.79,21.99,7.95,67.67,41.27,54.72,7.94
221.33,38.91,19.79,21.99,7.96,67.67,41.27,54.72,7.94
221.34,38.91,19.82,21.95,7.95,67.67,41.27,54.85,7.94
221.35,38.91,19.82,21.95,7.96,67.67,41.27,54.72,7.94
221.36,38.91,19.82,21.95,7.95,67.67,41.27,54.85,7.94
221.37,38.91,19.82,21.99,7.95,67.67,41.27,54.85,7.95
221.38,38.91,19.82,21.95,7.95,67.67,41.27,54.85,7.94
221.39,38.91,19.82,21.95,7.95,67.48,41.27,54.72,7.93
221.40,38.91,19.82,21.92,7.96,67.67,41.35,54.85,7.94
221.41,38.91,19.85,21.95,7.95,67.67,41.27,54.72,7.94
221.42,38.99,19.82,21.95,7.95,67.67,41.27,54.85,7.94
221.43,38.99,19.82,21.95,7.95,67.87,41.18,54.85,7.94
221.44,38.99,19.82,21.99,7.95,67.67,41.27,54.72,7.94
221.45,38.91,19.85,21.95,7.97,67.67,41.27,54.72,7.95
221.46,38.99,19.82,21.95,7.95,67.67,41.27,54.72,7.94
221.47,38.99,19.82,21.99,7.95,67.87,41.27,54.85,7.94
221.48,38.99,19.82,21.95,7.96,67.67,41.27,54.85,7.94
221.49,38.91,19.82,21.95,7.96,67.67,41.27,54.72,7.94
221.50,38.91,19.82,21.95,7.95,67.87,41.27,54.72,7.94
221.51,38.91,19.82,21.99,7.95,67.67,41.18,54.85,7.94
221.52,38.91,19.82,21.99,7.95,67.48,41.35,54.85,7.94
221.53,38.91,19.82,21.95,7.95,68.06,41.27,54.72,7.94
221.54,38.91,19.85,21.99,7.96,67.67,41.27,54.72,7.94
221.55,38.99,19.82,21.99,7.95,67.87,41.35,54.72,7.94
221.56,38.91,19.82,21.95,7.96,67.67,41.27,54.85,7.94
221.57,38.99,19.82,21.99,7.95,67.67,41.27,54.85,7.94
221.58,38.91,19.82,21.99,7.95,67.67,41.35,54.72,7.94
221.59,38.91,19.82,21.99,7.95,67.67,41.27,54.99,7.95
221.60,38.99,19.82,21.99,7.96,67.87,41.27,54.59,7.94
221.61,38.99,19.82,21.99,7.95,67.67,41.27,54.72,7.95
221.62,38.91,19.79,21.95,7.96,67.87,41.27,54.72,7.94
221.63,38.91,19.82,21.99,7.95,67.87,41.35,54.85,7.94
221.64,38.91,19.82,21.95,7.95,67.87,41.27,54.72,7.94
221.65,38.99,19.85,21.99,7.96,67.87,41.27,54.72,7.94
221.66,38.91,19.79,21.99,7.95,67.87,41.27,54.85,7.94
221.67,38.91,19.85,21.99,7.95,67.67,41.27,54.72,7.95
221.68,38.99,19.82,21.99,7.95,67.87,41.27,54.85,7.95
221.69,38.91,19.85,21.95,7.95,67.87,41.27,54.99,7.95
221.70,38.91,19.82,21.95,7.95,67.87,41.35,54.72,7.94
221.71,38.99,19.85,21.99,7.95,67.87,41.27,54.72,7.94
221.72,38.99,19.82,21.99,7.95,67.87,41.27,54.85,7.94
221.73,38.91,19.82,21.95,7.96,67.67,41.27,54.72,7.94
221.74,38.99,19.85,21.95,7.95,67.67,41.27,54.85,7.94
221.75,38.91,19.82,21.99,7.95,67.87,41.18,54.85,7.94
221.76,38.91,19.82,21.99,7.96,67.87,41.27,54.72,7.94
221.77,38.99,19.85,21.95,7.95,67.87,41.27,54.85,7.94
221.78,38.91,19.85,21.99,7.95,67.67,41.27,54.85,7.94
221.79,38.91,19.82,21.95,7.97,67.67,41.35,54.72,7.95
221.80,38.99,19.82,21.99,7.95,67.87,41.27,54.85,7.94
221.81,38.99,19.82,21.99,7.95,67.87,41.27,54.85,7.94
221.82,38.99,19.82,21.95,7.95,67.67,41.35,54.72,7.94
221.83,38.91,19.82,21.99,7.96,67.67,41.27,54.72,7.94
221.84,38.91,19.82,21.99,7.96,67.67,41.35,54.85,7.95
221.85,38.99,19.82,21.99,7.95,67.67,41.27,54.85,7.94
221.86,38.91,19.82,21.95,7.97,67.87,41.27,54.72,7.94
221.87,38.99,19.82,21.99,7.96,67.87,41.27,54.72,7.94
221.88,38.91,19.82,21.99,7.95,67.67,41.35,54.99,7.94
221.89,38.91,19.82,21.95,7.95,67.87,41.35,54.72,7.94
221.90,38.91,19.82,21.95,7.96,67.67,41.27,54.85,7.94
221.91,38.91,19.85,21.99,7.95,67.87,41.35,54.85,7.95
221.92,38.99,19.85,21.95,7.95,67.87,41.27,54.85,7.94
221.93,38.99,19.82,21.95,7.97,67.87,41.27,54.72,7.95
221.94,38.99,19.85,21.99,7.96,67.87,41.35,54.85,7.94
221.95,38.99,19.82,21.99,7.96,67.67,41.27,54.99,7.95
221.96,38.91,19.82,21.95,7.96,67.87,41.27,54.99,7.94
221.97,38.91,19.82,21.99,7.95,67.67,41.27,54.85,7.94
221.98,38.99,19.85,21.99,7.95,67.87,41.27,54.85,7.95
221.99,38.99,19.82,21.95,7.96,67.87,41.27,54.85,7.94
222.00,38.99,19.82,21.99,7.96,67.87,41.35,54.85,7.94
222.01,38.91,19.85,21.99,7.95,67.67,41.35,54.99,7.94
222.02,38.99,19.82,21.99,7.95,67.67,41.27,54.85,7.94
222.03,38.91,19.82,21.95,7.96,67.87,41.27,54.85,7.95
222.04,38.91,19.82,21.99,7.97,67.87,41.27,54.85,7.94
222.05,38.99,19.79,21.99,7.97,67.67,41.35,54.72,7.94
222.06,38.91,19.85,21.99,7.95,67.67,41.27,54.85,7.94
222.07,38.91,19.79,21.95,7.96,67.67,41.27,54.85,7.95
222.08,38.91,19.82,21.99,7.95,67.87,41.35,54.85,7.94
222.09,38.99,19.85,21.99,7.95,67.87,41.27,54.85,7.94
222.10,38.99,19.82,21.99,7.96,67.87,41.27,54.85,7.94
222.11,38.99,19.82,21.99,7.95,67.87,41.27,54.99,7.95
222.12,38.99,19.82,21.99,7.96,67.67,41.27,54.85,7.95
222.13,38.91,19.85,21.95,7.95,67.87,41.27,54.85,7.94
222.14,38.91,19.82,21.99,7.97,67.87,41.35,54.85,7.95
222.15,38.91,19.82,21.99,7.95,67.87,41.44,54.85,7.94
222.16,38.99,19.82,21.99,7.95,67.87,41.27,54.85,7.94
222.17,38.99,19.85,21.95,7.96,67.87,41.35,54.85,7.94
222.18,38.99,19.82,21.99,7.96,67.87,41.35,54.85,7.94
222.19,38.99,19.82,21.99,7.95,67.67,41.35,54.85,7.94
222.20,38.99,19.82,21.99,7.97,67.67,41.35,54.72,7.95
222.21,38.99,19.82,21.99,7.95,67.87,41.27,54.85,7.95
222.22,38.99,19.82,21.95,7.95,67.87,41.27,54.85,7.95
222.23,38.99,19.85,21.95,7.95,67.87,41.35,54.85,7.94
222.24,38.99,19.82,21.99,7.97,67.87,41.35,54.72,7.94
222.25,39.07,19.82,21.99,7.96,67.87,41.44,54.85,7.95
222.26,38.99,19.82,21.99,7.95,67.87,41.35,54.99,7.95
222.27,38.99,19.82,21.99,7.96,67.87,41.27,54.99,7.95
222.28,38.99,19.85,21.99,7.95,67.87,41.27,54.85,7.94
222.29,38.99,19.85,21.99,7.96,67.87,41.35,54.85,7.95
222.30,39.07,19.82,21.99,7.96,67.87,41.27,54.85,7.95
222.31,38.91,19.85,21.99,7.95,67.87,41.35,54.99,7.95
222.32,38.91,19.82,21.99,7.95,67.87,41.35,54.85,7.94
222.33,38.99,19.82,21.99,7.96,67.87,41.35,54.85,7.94
222.34,38.99,19.82,21.99,7.95,67.87,41.35,54.85,7.95
222.35,38.99,19.85,21.99,7.95,67.67,41.35,54.85,7.96
222.36,38.91,19.85,21.95,7.96,67.67,41.35,54.85,7.95
222.37,38.91,19.85,22.02,7.96,67.87,41.35,54.85,7.95
222.38,38.99,19.82,21.99,7.97,67.87,41.35,54.99,7.94
222.39,38.91,19.82,21.99,7.96,68.06,41.27,54.85,7.94
222.40,38.99,19.79,21.99,7.95,67.87,41.35,54.99,7.94
222.41,38.91,19.88,21.99,7.96,67.87,41.27,54.99,7.95
222.42,38.99,19.82,21.99,7.97,67.87,41.27,54.99,7.94
222.43,38.91,19.82,21.99,7.95,67.87,41.27,54.85,7.95
222.44,38.99,19.85,21.95,7.96,67.87,41.44,54.85,7.96
222.45,38.91,19.85,21.99,7.95,67.87,41.35,54.99,7.95
222.46,38.99,19.85,21.99,7.95,67.87,41.35,54.85,7.94
222.47,38.99,19.85,21.99,7.96,67.87,41.35,54.85,7.94
222.48,38.99,19.82,21.95,7.96,67.87,41.35,54.85,7.95
222.49,38.91,19.82,21.99,7.96,67.87,41.27,54.85,7.94
222.50,38.99,19.82,22.02,7.97,67.87,41.35,54.85,7.94
222.51,38.99,19.85,21.99,7.96,67.87,41.44,54.85,7.96
222.52,38.99,19.82,21.99,7.96,67.87,41.27,54.85,7.94
222.53,38.91,19.82,21.99,7.96,67.87,41.44,54.99,7.94
222.54,38.99,19.85,21.99,7.96,67.87,41.35,54.85,7.95
222.55,38.99,19.85,21.99,7.96,67.87,41.35,54.85,7.95
222.56,38.99,19.85,21.99,7.95,67.87,41.35,54.85,7.94
222.57,38.84,19.82,21.99,7.95,67.87,41.35,54.99,7.95
222.58,38.99,19.85,21.99,7.97,67.87,41.35,54.85,7.94
222.59,38.99,19.85,21.99,7.96,67.87,41.35,54.85,7.94
222.60,38.99,19.85,21.99,7.96,67.87,41.35,54.85,7.95
222.61,38.99,19.82,21.99,7.97,67.87,41.35,54.85,7.95
222.62,38.99,19.85,21.99,7.96,67.87,41.35,54.85,7.94
222.63,38.99,19.82,21.99,7.95,67.87,41.35,54.99,7.95
222.64,38.99,19.85,21.99,7.97,67.87,41.35,54.85,7.95
222.65,38.91,19.82,21.99,7.97,67.87,41.35,54.99,7.95
222.66,38.91,19.82,22.02,7.96,67.87,41.44,54.85,7.96
222.67,38.99,19.82,21.95,7.96,67.87,41.27,54.99,7.96
222.68,38.99,19.85,21.99,7.97,67.87,41.35,54.99,7.95
222.69,38.99,19.85,21.99,7.96,67.87,41.44,54.85,7.95
222.70,38.99,19.82,21.99,7.96,67.87,41.35,54.85,7.95
222.71,38.99,19.85,22.02,7.97,67.67,41.35,54.99,7.95
222.72,38.91,19.82,22.02,7.96,68.26,41.44,54.85,7.96
222.73,38.99,19.85,21.99,7.96,67.67,41.35,54.85,7.94
222.74,38.99,19.85,21.99,7.96,67.87,41.35,54.85,7.95
222.75,38.99,19.85,21.99,7.96,67.87,41.44,54.85,7.94
222.76,38.99,19.82,21.99,7.96,68.06,41.27,54.99,7.94
222.77,38.99,19.82,21.99,7.97,67.87,41.27,54.85,7.94
222.78,38.99,19.82,21.99,7.96,67.87,41.44,54.85,7.96
222.79,38.99,19.82,21.99,7.96,67.87,41.44,55.13,7.95
222.80,38.99,19.85,21.99,7.95,67.87,41.35,54.85,7.96
222.81,38.99,19.85,21.99,7.97,67.87,41.35,54.99,7.94
222.82,38.99,19.82,22.02,7.96,67.87,41.44,54.85,7.95
222.83,38.99,19.85,21.99,7.96,67.87,41.35,54.85,7.95
222.84,38.99,19.82,22.02,7.96,67.87,41.35,54.99,7.94
222.85,38.99,19.85,21.99,7.96,67.87,41.35,54.85,7.95
222.86,38.99,19.82,21.99,7.96,67.87,41.35,54.85,7.94
222.87,38.99,19.85,21.99,7.96,67.87,41.35,54.85,7.95
222.88,38.99,19.85,21.99,7.97,67.87,41.44,54.85,7.95
222.89,38.91,19.85,21.99,7.96,67.87,41.44,54.85,7.95
222.90,38.99,19.85,21.99,7.96,68.06,41.35,54.85,7.94
222.91,38.91,19.82,21.99,7.96,67.87,41.44,54.85,7.94
222.92,38.99,19.82,21.99,7.96,67.87,41.35,54.85,7.96
222.93,38.91,19.85,22.02,7.96,67.87,41.35,54.99,7.95
222.94,38.99,19.82,21.99,7.96,67.87,41.35,54.85,7.95
222.95,38.99,19.82,22.02,7.96,67.87,41.35,54.85,7.94
222.96,38.99,19.85,21.99,7.96,67.87,41.44,54.85,7.94
222.97,38.99,19.82,21.99,7.97,67.87,41.35,54.85,7.95
222.98,38.99,19.82,21.99,7.96,67.87,41.44,54.85,7.95
222.99,38.99,19.82,21.99,7.97,67.87,41.35,54.99,7.95
223.00,38.99,19.85,21.99,7.96,68.06,41.35,54.99,7.94
223.01,38.99,19.85,22.02,7.96,67.87,41.44,54.99,7.95
223.02,38.99,19.85,21.99,7.96,67.87,41.44,54.99,7.94
223.03,38.99,19.85,21.99,7.96,68.06,41.35,54.99,7.94
223.04,38.99,19.85,21.99,7.96,67.87,41.35,54.85,7.95
223.05,38.99,19.82,21.99,7.96,67.87,41.35,54.99,7.95
223.06,38.99,19.85,21.99,7.96,67.87,41.35,54.99,7.96
223.07,38.91,19.85,21.99,7.97,67.87,41.35,54.99,7.95
223.08,38.99,19.85,21.99,7.96,68.06,41.35,54.99,7.96
223.09,38.99,19.85,21.99,7.97,67.87,41.44,54.99,7.95
223.10,38.99,19.85,22.02,7.96,68.06,41.35,54.85,7.94
223.11,38.99,19.82,21.99,7.96,67.87,41.35,54.99,7.96
223.12,38.99,19.85,21.99,7.96,67.87,41.35,54.85,7.95
223.13,38.99,19.85,21.99,7.96,67.87,41.44,54.99,7.95
223.14,38.99,19.82,21.99,7.96,67.87,41.35,54.99,7.94
223.15,38.99,19.85,21.99,7.96,67.87,41.44,54.85,7.95
223.16,38.99,19.85,21.99,7.96,67.87,41.35,54.99,7.95
223.17,38.99,19.85,21.99,7.97,67.87,41.35,54.99,7.96
223.18,38.99,19.85,21.99,7.97,67.87,41.35,54.99,7.95
223.19,38.99,19.85,21.99,7.97,67.87,41.35,54.99,7.94
223.20,38.91,19.82,21.99,7.96,67.87,41.35,54.99,7.96
223.21,38.99,19.85,21.99,7.97,67.87,41.44,54.99,7.95
223.22,38.99,19.85,22.02,7.96,67.87,41.44,54.85,7.95
223.23,38.99,19.85,21.99,7.97,67.87,41.44,54.85,7.94
223.24,38.99,19.85,21.99,7.97,67.87,41.44,54.99,7.95
223.25,38.99,19.85,21.99,7.96,67.87,41.44,54.99,7.95
223.26,38.99,19.85,21.99,7.97,67.87,41.44,54.85,7.95
223.27,38.99,19.85,22.02,7.97,68.06,41.35,54.99,7.95
223.28,38.99,19.82,21.99,7.96,68.06,41.35,54.99,7.95
223.29,38.99,19.88,22.02,7.98,67.87,41.35,54.99,7.94
223.30,38.99,19.82,21.99,7.96,68.06,41.35,54.85,7.95
223.31,38.99,19.85,21.99,7.96,68.06,41.44,54.99,7.94
223.32,38.99,19.85,22.02,7.96,68.06,41.35,54.99,7.95
223.33,38.91,19.82,22.02,7.96,67.87,41.35,54.99,7.95
223.34,38.91,19.85,21.99,7.97,67.87,41.44,55.13,7.95
223.35,38.99,19.85,22.02,7.97,68.06,41.35,54.85,7.95
223.36,38.99,19.85,21.99,7.98,67.87,41.35,54.99,7.95
223.37,38.99,19.82,21.99,7.97,67.87,41.44,54.85,7.94
223.38,38.91,19.85,21.99,7.96,67.87,41.44,54.99,7.95
223.39,38.99,19.85,21.99,7.96,68.06,41.35,55.13,7.95
223.40,38.99,19.85,22.02,7.96,67.87,41.35,54.99,7.96
223.41,38.99,19.85,22.02,7.96,67.87,41.44,54.99,7.96
223.42,38.99,19.88,22.02,7.97,67.87,41.44,54.99,7.96
223.43,38.99,19.85,21.99,7.96,68.06,41.35,54.85,7.95
223.44,38.99,19.85,22.02,7.96,68.06,41.44,54.99,7.95
223.45,38.91,19.85,21.99,7.96,68.06,41.44,54.85,7.95
223.46,38.99,19.85,21.99,7.98,68.06,41.44,54.99,7.95
223.47,38.99,19.82,21.99,7.96,68.06,41.35,55.13,7.96
223.48,38.91,19.85,21.99,7.96,68.06,41.27,54.99,7.95
223.49,38.99,19.85,22.02,7.97,68.06,41.44,54.99,7.96
223.50,38.99,19.85,22.02,7.96,68.06,41.44,54.99,7.95
223.51,38.99,19.85,22.02,7.96,67.87,41.35,54.99,7.95
223.52,38.99,19.85,21.99,7.96,67.87,41.44,54.99,7.95
223.53,38.91,19.85,21.99,7.97,68.06,41.35,54.99,7.95
223.54,38.99,19.85,22.02,7.96,68.06,41.35,54.99,7.95
223.55,38.99,19.85,21.99,7.96,67.87,41.44,54.99,7.95
223.56,38.91,19.85,22.02,7.96,67.87,41.44,54.99,7.95
223.57,38.99,19.85,22.02,7.96,68.06,41.35,54.99,7.96
223.58,38.99,19.85,21.99,7.96,67.87,41.44,54.99,7.95
223.59,38.99,19.85,22.02,7.96,68.06,41.35,54.99,7.95
223.61,38.99,19.85,21.99,7.97,67.87,41.44,54.99,7.95
223.62,38.99,19.82,22.02,7.97,67.87,41.44,54.99,7.95
223.63,38.99,19.85,21.99,7.97,67.87,41.44,54.99,7.95
223.64,38.99,19.85,22.02,7.97,68.06,41.35,54.99,7.95
223.65,38.99,19.85,21.99,7.97,68.06,41.35,54.99,7.96
223.66,38.99,19.88,22.02,7.96,68.06,41.44,54.99,7.95
223.67,38.99,19.85,22.02,7.97,68.06,41.35,54.99,7.95
223.68,38.99,19.85,21.99,7.96,67.87,41.35,54.99,7.95
223.69,38.99,19.88,21.99,7.97,68.06,41.35,54.85,7.95
223.70,38.91,19.85,22.02,7.98,67.87,41.35,54.99,7.95
223.71,38.99,19.85,22.02,7.98,67.87,41.52,54.85,7.95
223.72,38.99,19.88,21.99,7.96,68.06,41.35,55.13,7.96
223.73,38.99,19.88,22.02,7.96,68.06,41.35,54.99,7.96
223.74,38.99,19.85,22.02,7.97,67.87,41.44,54.99,7.95
223.75,38.99,19.82,21.99,7.97,68.06,41.44,54.99,7.96
223.76,38.99,19.85,22.02,7.97,68.06,41.44,54.99,7.95
223.77,38.91,19.82,21.99,7.97,68.06,41.44,54.99,7.96
223.78,38.99,19.82,21.99,7.98,67.87,41.44,54.99,7.94
223.79,38.99,19.85,22.02,7.96,68.06,41.44,54.99,7.94
223.80,38.91,19.85,22.02,7.97,68.06,41.44,54.99,7.96
223.81,38.99,19.85,22.02,7.96,67.87,41.44,54.99,7.95
223.82,38.99,19.85,21.99,7.97,68.06,41.44,54.99,7.95
223.83,38.99,19.85,22.02,7.97,68.06,41.35,54.99,7.95
223.84,38.91,19.85,22.02,7.97,68.06,41.44,54.99,7.95
223.85,38.99,19.88,21.99,7.97,68.06,41.44,55.13,7.96
223.86,38.91,19.85,22.02,7.98,67.87,41.44,54.99,7.97
223.87,38.99,19.88,21.99,7.97,67.87,41.44,54.99,7.96
223.88,38.99,19.85,21.95,7.97,67.87,41.44,54.99,7.95
223.89,38.99,19.88,21.99,7.97,68.06,41.35,54.99,7.95
223.90,38.99,19.85,22.02,7.96,67.87,41.44,55.13,7.96
223.91,38.99,19.88,22.05,7.97,67.87,41.44,55.13,7.95
223.92,38.99,19.88,22.02,7.96,68.06,41.35,54.99,7.95
223.93,38.99,19.82,21.99,7.97,67.87,41.44,55.26,7.96
223.94,38.91,19.88,22.02,7.97,68.06,41.44,54.99,7.95
223.95,38.99,19.85,21.99,7.96,67.87,41.44,54.99,7.95
223.96,38.99,19.85,22.02,7.97,67.87,41.35,55.13,7.95
223.97,38.99,19.88,21.99,7.97,68.06,41.44,54.99,7.95
223.98,38.99,19.85,21.99,7.96,68.06,41.44,55.13,7.96
223.99,38.99,19.85,21.99,7.97,68.06,41.44,55.26,7.95
224.00,38.91,19.85,21.99,7.96,68.06,41.44,54.99,7.95
224.01,38.99,19.85,22.02,7.96,68.06,41.44,54.99,7.95
224.02,38.91,19.85,22.02,7.97,68.06,41.44,54.99,7.97
224.03,38.99,19.82,22.02,7.97,68.06,41.44,55.13,7.95
224.04,38.99,19.85,21.99,7.96,68.06,41.44,54.99,7.95
224.05,38.99,19.82,22.02,7.97,68.06,41.44,54.99,7.95
224.06,38.99,19.85,21.99,7.97,67.87,41.44,54.99,7.95
224.07,39.07,19.85,21.99,7.97,68.06,41.44,54.85,7.95
224.08,38.99,19.85,21.99,7.97,68.06,41.52,54.99,7.96
224.09,38.99,19.85,22.02,7.97,68.06,41.44,55.13,7.95
224.10,38.99,19.85,21.99,7.97,68.06,41.44,54.99,7.96
224.11,38.99,19.85,22.02,7.97,68.06,41.44,54.99,7.94
224.12,38.99,19.85,22.02,7.97,68.06,41.44,54.99,7.95
224.13,38.99,19.85,22.02,7.98,68.06,41.44,54.99,7.95
224.14,38.99,19.85,21.99,7.97,68.06,41.44,55.13,7.95
224.15,38.99,19.85,22.02,7.97,68.06,41.52,54.99,7.96
224.16,38.99,19.88,22.02,7.97,68.06,41.44,54.85,7.96
224.17,38.99,19.82,21.99,7.97,68.06,41.44,55.13,7.96
224.18,38.91,19.88,22.02,7.97,67.87,41.44,54.99,7.96
224.19,38.99,19.85,22.05,7.97,68.06,41.52,55.13,7.95
224.20,38.99,19.88,22.02,7.98,68.06,41.44,54.99,7.95
224.21,38.99,19.85,22.02,7.96,68.06,41.44,54.99,7.95
224.22,38.99,19.85,21.99,7.97,68.06,41.35,55.13,7.96
224.23,38.99,19.85,22.02,7.97,68.06,41.44,55.13,7.96
224.24,38.99,19.85,22.02,7.98,68.06,41.44,54.99,7.96
224.25,38.99,19.88,21.99,7.97,68.06,41.44,55.13,7.95
224.26,38.99,19.88,22.02,7.97,68.06,41.44,54.99,7.96
224.27,38.99,19.85,21.99,7.97,68.06,41.44,55.13,7.96
224.28,38.99,19.85,21.99,7.97,68.06,41.44,54.99,7.95
224.29,38.99,19.85,22.02,7.98,68.06,41.44,54.99,7.96
224.30,38.99,19.85,21.99,7.96,68.06,41.44,54.99,7.96
224.31,38.99,19.85,22.02,7.97,68.06,41.35,54.99,7.96
224.32,38.91,19.85,22.02,7.97,68.06,41.44,54.99,7.95
224.33,38.99,19.88,22.02,7.97,68.06,41.44,54.99,7.96
224.34,38.99,19.85,22.02,7.97,68.06,41.44,55.13,7.96
224.35,38.99,19.85,22.02,7.98,68.06,41.44,54.99,7.96
224.36,38.99,19.85,22.02,7.97,68.06,41.44,54.99,7.95
224.37,38.99,19.88,22.02,7.97,68.06,41.35,54.99,7.96
224.38,38.91,19.85,22.05,7.98,68.06,41.44,55.13,7.96
224.39,38.99,19.85,22.02,7.97,68.06,41.44,55.13,7.96
224.40,38.91,19.88,22.02,7.97,68.06,41.44,55.13,7.96
224.41,38.91,19.85,21.99,7.96,68.06,41.52,54.99,7.96
224.42,38.99,19.88,22.02,7.98,68.06,41.44,54.99,7.95
224.43,38.99,19.85,21.99,7.97,68.06,41.44,54.99,7.95
224.44,38.99,19.88,22.02,7.96,68.06,41.44,54.99,7.97
224.45,38.99,19.88,22.02,7.97,68.06,41.44,54.99,7.96
224.46,38.99,19.85,22.02,7.97,68.06,41.44,55.13,7.96
224.47,38.99,19.88,22.02,7.97,68.06,41.44,54.99,7.95
224.48,38.91,19.85,21.99,7.97,68.06,41.44,55.13,7.95
224.49,38.99,19.85,22.02,7.96,68.06,41.44,54.99,7.95
224.50,38.99,19.85,21.99,7.97,68.06,41.44,54.99,7.96
224.51,38.99,19.88,22.02,7.98,68.06,41.44,54.99,7.96
224.52,38.99,19.85,21.99,7.97,67.87,41.44,54.99,7.95
224.53,38.99,19.85,22.02,7.98,68.06,41.44,55.13,7.96
224.54,38.91,19.85,22.02,7.97,68.06,41.52,55.13,7.96
224.55,38.99,19.85,22.02,7.98,68.06,41.44,54.99,7.96
224.56,38.99,19.88,22.02,7.96,68.06,41.52,54.99,7.96
224.57,38.91,19.85,21.99,7.97,68.26,41.44,55.13,7.95
224.58,38.99,19.85,21.99,7.98,68.06,41.44,54.99,7.96
224.59,38.99,19.85,22.02,7.97,68.06,41.44,54.99,7.95
224.60,38.99,19.85,22.02,7.97,68.06,41.44,54.99,7.96
224.61,38.91,19.85,22.02,7.97,68.06,41.44,54.99,7.96
224.62,38.99,19.85,22.02,7.97,68.06,41.44,54.99,7.96
224.63,38.91,19.85,22.02,7.97,68.06,41.44,54.99,7.96
224.64,38.99,19.85,22.02,7.97,68.06,41.44,54.99,7.96
224.65,38.99,19.85,22.02,7.97,68.26,41.44,55.13,7.97
224.66,38.99,19.85,21.99,7.98,68.26,41.44,55.13,7.96
224.67,38.91,19.85,22.05,7.96,68.06,41.44,54.99,7.95
224.68,38.99,19.85,22.02,7.97,68.06,41.44,55.13,7.96
224.69,38.99,19.85,21.99,7.97,68.06,41.44,55.13,7.96
224.70,38.99,19.85,22.02,7.97,68.06,41.44,54.99,7.95
224.71,38.91,19.85,22.02,7.97,68.06,41.44,55.13,7.96
224.72,38.99,19.85,22.02,7.97,68.06,41.52,54.99,7.96
224.73,38.99,19.85,21.99,7.97,68.06,41.44,54.99,7.95
224.74,38.99,19.88,21.99,7.97,68.06,41.44,54.99,7.95
224.75,38.99,19.88,22.02,7.98,68.26,41.44,54.99,7.96
224.76,38.91,19.88,22.02,7.98,68.26,41.44,54.99,7.96
224.77,38.91,19.85,22.02,7.98,68.26,41.44,54.99,7.96
224.78,38.99,19.85,22.02,7.97,68.06,41.44,54.99,7.95
224.79,38.99,19.85,22.02,7.97,68.06,41.44,54.99,7.96
224.80,38.91,19.85,22.02,7.97,68.06,41.44,55.13,7.95
224.81,38.99,19.85,21.99,7.97,68.06,41.44,54.85,7.96
224.82,38.99,19.88,22.02,7.97,68.06,41.44,54.99,7.96
224.83,38.91,19.85,22.02,7.97,68.26,41.44,55.13,7.96
224.84,38.91,19.85,22.02,7.97,68.06,41.44,55.13,7.97
224.85,38.99,19.85,22.05,7.98,68.06,41.44,55.13,7.96
224.86,38.99,19.88,22.02,7.97,68.06,41.52,54.99,7.96
224.87,38.99,19.85,22.02,7.97,68.26,41.44,55.13,7.96
224.88,38.99,19.85,22.02,7.97,68.06,41.44,55.13,7.96
224.89,38.99,19.88,22.02,7.97,68.06,41.44,55.13,7.96
224.90,38.99,19.85,22.02,7.97,68.06,41.44,54.99,7.96
224.91,38.99,19.88,22.02,7.97,68.06,41.44,55.13,7.96
224.92,38.99,19.88,21.99,7.97,68.06,41.61,54.99,7.96
224.93,38.99,19.85,22.02,7.97,68.06,41.44,55.13,7.97
224.94,38.91,19.85,22.02,7.97,68.06,41.52,54.99,7.96
224.95,38.99,19.85,22.02,7.98,68.06,41.52,54.99,7.96
224.96,38.99,19.85,22.02,7.97,68.26,41.44,55.13,7.97
224.97,38.99,19.85,22.02,7.97,68.06,41.52,55.13,7.96
224.98,38.99,19.85,22.02,7.97,68.06,41.44,54.99,7.97
224.99,38.99,19.85,21.99,7.97,68.06,41.52,54.99,7.96
225.00,38.99,19.85,22.02,7.97,68.26,41.52,55.13,7.96
225.01,38.91,19.88,22.02,7.96,68.26,41.44,55.13,7.96
225.02,39.07,19.85,22.02,7.98,68.06,41.44,55.13,7.96
225.03,38.91,19.88,21.99,7.98,68.26,41.44,54.99,7.95
225.04,38.99,19.85,22.02,7.98,68.06,41.44,54.99,7.96
225.05,38.91,19.88,22.02,7.97,68.06,41.44,55.13,7.96
225.06,38.99,19.88,21.99,7.98,68.26,41.52,54.99,7.96
225.07,38.99,19.82,22.02,7.98,68.06,41.52,55.13,7.96
225.08,38.99,19.85,22.02,7.97,68.06,41.44,54.99,7.97
225.09,38.99,19.85,22.02,7.97,68.06,41.44,55.13,7.96
225.10,38.99,19.85,22.02,7.97,68.06,41.44,55.13,7.96
225.11,38.99,19.85,22.02,7.98,68.26,41.52,54.99,7.96
225.12,38.99,19.85,21.99,7.97,68.06,41.52,55.13,7.97
225.13,38.99,19.85,22.02,7.98,68.06,41.44,54.99,7.96
225.14,38.99,19.85,21.99,7.99,68.26,41.44,55.13,7.96
225.15,38.99,19.88,22.02,7.98,68.06,41.44,55.13,7.96
225.16,38.99,19.85,22.02,7.99,68.26,41.52,54.99,7.97
225.17,38.99,19.85,22.02,7.98,68.06,41.44,55.26,7.96
225.18,38.99,19.85,22.02,7.97,68.26,41.52,54.99,7.96
225.19,38.91,19.85,22.02,7.97,68.06,41.52,55.13,7.96
225.20,38.99,19.85,22.02,7.97,68.26,41.44,55.13,7.96
225.21,38.91,19.85,22.02,7.97,68.26,41.44,55.13,7.96
225.22,38.91,19.88,22.02,7.97,68.26,41.44,55.13,7.96
225.23,38.91,19.85,22.02,7.97,68.06,41.44,54.99,7.97
225.24,38.99,19.85,22.02,7.97,68.26,41.52,55.13,7.96
225.25,38.99,19.85,22.02,7.97,68.26,41.44,54.99,7.97
225.26,38.99,19.85,22.02,7.97,68.06,41.44,55.13,7.96
225.27,38.99,19.85,22.02,7.97,68.06,41.44,55.13,7.96
225.28,38.99,19.88,22.02,7.97,68.06,41.52,55.13,7.95
225.29,38.99,19.85,22.02,7.97,68.06,41.52,55.13,7.96
225.30,38.91,19.85,22.02,7.97,68.26,41.52,55.13,7.96
225.31,38.99,19.85,22.02,7.97,68.06,41.52,55.13,7.96
225.32,38.99,19.88,21.99,7.97,68.06,41.52,55.13,7.97
225.33,38.91,19.85,22.02,7.97,68.26,41.44,54.99,7.96
225.34,38.99,19.85,21.99,7.98,68.06,41.44,55.13,7.96
225.35,38.99,19.85,22.02,7.97,68.06,41.52,55.13,7.96
225.36,38.99,19.88,22.02,7.97,68.06,41.52,55.13,7.96
225.37,38.99,19.85,22.02,7.98,68.26,41.44,55.13,7.96
225.38,38.99,19.88,22.02,7.98,68.26,41.44,54.99,7.96
225.39,38.99,19.85,22.02,7.97,68.06,41.52,55.13,7.96
225.40,38.99,19.88,22.05,7.97,68.06,41.52,55.13,7.96
225.41,38.91,19.85,22.02,7.97,68.26,41.44,55.13,7.95
225.42,38.91,19.85,22.02,7.97,68.06,41.52,55.13,7.96
225.43,38.91,19.85,22.02,7.97,68.06,41.52,55.13,7.97
225.44,38.99,19.85,22.02,7.97,68.06,41.44,55.26,7.96
225.45,38.99,19.85,22.02,7.97,68.26,41.44,54.99,7.96
225.46,38.99,19.85,22.02,7.98,68.06,41.44,55.13,7.97
225.47,38.99,19.88,22.02,7.97,68.06,41.52,54.99,7.97
225.48,38.99,19.85,22.02,7.98,68.26,41.44,55.13,7.97
225.49,38.99,19.85,22.02,7.97,68.06,41.61,55.13,7.96
225.50,38.99,19.85,22.02,7.98,68.06,41.52,55.13,7.97
225.51,38.99,19.85,22.02,7.97,68.06,41.52,55.13,7.96
225.52,38.99,19.85,22.02,7.97,68.06,41.44,55.13,7.96
225.53,38.99,19.85,22.02,7.97,68.06,41.52,54.99,7.96
225.54,38.91,19.85,22.02,7.98,68.06,41.52,55.13,7.97
225.55,38.99,19.88,22.05,7.97,68.26,41.52,55.13,7.97
225.56,38.99,19.82,22.02,7.97,68.26,41.52,55.13,7.96
225.57,38.99,19.85,22.02,7.98,68.06,41.52,54.99,7.96
225.58,38.99,19.88,22.02,7.97,68.26,41.52,55.13,7.97
225.59,38.99,19.88,22.02,7.97,68.26,41.52,55.13,7.96
225.60,38.99,19.85,22.02,7.97,68.06,41.52,55.26,7.97
225.61,38.91,19.85,22.02,7.97,68.26,41.52,55.13,7.97
225.62,38.91,19.85,22.02,7.97,68.26,41.52,54.99,7.96
225.63,38.99,19.85,22.02,7.98,68.06,41.61,55.13,7.96
225.64,38.99,19.85,22.02,7.98,68.26,41.44,55.13,7.97
225.65,38.99,19.85,22.02,7.97,68.06,41.44,55.13,7.97
225.66,38.99,19.88,22.02,7.97,68.26,41.52,55.13,7.96
225.67,38.99,19.85,22.02,7.97,68.26,41.52,55.13,7.96
225.68,38.99,19.85,22.02,7.96,68.06,41.52,55.13,7.97
225.69,38.99,19.88,22.02,7.97,68.26,41.52,55.13,7.97
225.70,38.99,19.85,22.02,7.97,68.26,41.52,55.13,7.96
225.71,38.99,19.88,22.02,7.98,68.06,41.52,55.13,7.95
225.72,38.99,19.85,22.05,7.98,68.06,41.52,55.13,7.96
225.73,38.99,19.85,22.02,7.97,68.06,41.52,55.13,7.96
225.74,38.99,19.88,22.02,7.97,68.26,41.52,55.13,7.97
225.75,38.99,19.85,22.02,7.97,68.26,41.61,55.13,7.97
225.76,38.99,19.85,22.02,7.97,68.06,41.52,54.99,7.96
225.77,38.91,19.85,22.05,7.97,68.06,41.44,55.13,7.96
225.78,38.91,19.85,22.02,7.97,68.26,41.52,55.13,7.97
225.79,38.99,19.85,22.02,7.97,68.26,41.52,54.99,7.96
225.80,38.99,19.85,22.02,7.97,68.26,41.44,55.13,7.97
225.81,38.99,19.85,22.02,7.97,68.26,41.44,55.13,7.96
225.82,38.99,19.85,22.02,7.98,68.26,41.44,55.13,7.96
225.83,38.99,19.85,22.02,7.98,68.26,41.52,55.13,7.97
225.84,38.99,19.88,22.02,7.97,68.26,41.52,55.26,7.96
225.85,38.91,19.88,22.02,7.97,68.26,41.44,55.13,7.96
225.86,38.99,19.85,22.02,7.97,68.26,41.52,55.13,7.96
225.87,38.99,19.88,22.02,7.97,68.26,41.52,55.13,7.96
225.88,38.91,19.85,22.02,7.97,68.26,41.44,55.13,7.97
225.89,38.99,19.88,22.02,7.97,68.06,41.61,55.13,7.96
225.90,38.99,19.85,22.02,7.97,68.26,41.44,55.13,7.96
225.91,38.99,19.85,22.05,7.98,68.06,41.52,55.13,7.96
225.92,38.91,19.88,22.02,7.97,68.06,41.52,55.13,7.97
225.93,38.99,19.88,22.02,7.97,68.26,41.52,55.13,7.96
225.94,38.99,19.85,22.02,7.97,68.06,41.61,55.13,7.96
225.95,38.99,19.85,22.02,7.97,68.06,41.44,55.13,7.96
225.96,38.99,19.88,22.02,7.97,68.26,41.61,54.99,7.96
225.97,38.99,19.85,22.02,7.98,68.06,41.52,55.26,7.97
225.98,38.99,19.88,22.02,7.98,68.26,41.52,55.13,7.95
225.99,38.99,19.85,22.02,7.98,68.26,41.52,55.13,7.96
226.00,38.99,19.82,22.02,7.97,68.26,41.52,55.13,7.96
226.01,38.99,19.88,22.02,7.97,68.26,41.52,55.13,7.97
226.02,38.99,19.85,22.02,7.99,68.26,41.52,55.13,7.96
226.03,38.99,19.85,22.02,7.97,68.26,41.52,55.13,7.96
226.04,38.99,19.88,22.02,7.99,68.26,41.52,54.99,7.96
226.05,38.99,19.85,22.02,7.99,68.06,41.52,55.13,7.96
226.06,38.99,19.85,22.05,7.97,68.06,41.52,55.13,7.99
226.07,38.99,19.85,22.02,7.97,68.26,41.44,55.13,7.96
226.08,38.99,19.88,22.02,7.97,68.26,41.61,55.13,7.96
226.09,38.99,19.88,22.02,7.97,68.26,41.44,55.13,7.96
226.10,38.91,19.85,22.05,7.97,68.26,41.44,55.26,7.96
226.11,38.99,19.88,22.02,7.98,68.06,41.61,54.99,7.97
226.12,38.99,19.85,22.02,7.98,68.06,41.52,55.13,7.96
226.13,38.99,19.88,22.02,7.97,68.26,41.52,54.99,7.96
226.14,38.99,19.85,22.02,7.97,68.06,41.52,55.13,7.97
226.15,38.99,19.85,22.02,7.97,68.26,41.52,55.13,7.97
226.16,38.91,19.85,22.05,7.98,68.26,41.52,55.13,7.96
226.17,38.91,19.85,22.02,7.98,68.26,41.52,55.13,7.96
226.18,38.99,19.88,22.02,7.98,68.26,41.61,55.13,7.97
226.19,38.91,19.85,22.02,7.97,68.26,41.52,55.26,7.97
226.20,38.99,19.88,22.02,7.98,68.06,41.52,55.13,7.96
226.21,38.99,19.85,22.05,7.98,68.26,41.52,55.13,7.97
226.22,38.91,19.88,21.99,7.98,68.26,41.61,55.13,7.96
226.23,38.99,19.88,22.05,7.98,68.06,41.61,55.13,7.96
226.24,39.07,19.88,22.02,7.97,68.26,41.52,55.13,7.96
226.25,38.99,19.88,22.02,7.99,68.26,41.52,55.13,7.97
226.26,38.99,19.88,22.05,7.98,68.06,41.52,55.13,7.99
226.27,38.99,19.85,22.02,7.98,68.26,41.52,55.13,7.96
226.28,38.99,19.88,22.02,7.97,68.06,41.52,55.13,7.97
226.29,38.99,19.85,22.02,7.97,68.26,41.52,55.13,7.96
226.30,38.99,19.88,22.02,7.97,68.26,41.52,55.13,7.96
226.31,38.99,19.85,22.02,7.97,68.26,41.52,55.26,7.96
226.32,38.99,19.85,22.02,7.98,68.26,41.44,55.13,7.97
226.33,38.99,19.85,22.05,7.98,68.26,41.61,55.13,7.97
226.34,38.99,19.85,22.05,7.97,68.06,41.44,55.13,7.97
226.35,38.99,19.88,22.02,7.97,68.26,41.52,54.99,7.96
226.36,38.91,19.88,22.02,7.98,68.26,41.52,55.40,7.96
226.37,38.99,19.85,22.05,7.98,68.06,41.52,55.26,7.96
226.38,38.99,19.85,22.02,7.98,68.26,41.61,55.13,7.96
226.39,38.99,19.88,22.05,7.98,68.06,41.52,55.13,7.97
226.40,38.99,19.85,22.05,7.97,68.26,41.52,55.13,7.97
226.41,38.99,19.88,22.02,7.97,68.26,41.61,55.13,7.97
226.42,38.99,19.85,22.05,7.98,68.06,41.61,55.13,7.97
226.43,38.99,19.85,22.05,7.98,68.26,41.52,55.13,7.97
226.44,38.91,19.85,22.05,7.98,68.26,41.52,55.13,7.97
226.45,38.99,19.85,22.05,7.97,68.26,41.52,55.13,7.96
226.46,38.99,19.88,22.02,7.98,68.26,41.61,55.26,7.99
226.47,38.99,19.85,22.02,7.98,68.06,41.52,55.13,7.97
226.48,38.99,19.85,22.05,7.98,68.26,41.61,55.13,7.97
226.49,38.99,19.85,22.02,7.97,68.26,41.52,55.13,7.96
226.50,38.99,19.88,22.05,7.98,68.26,41.52,55.26,7.96
226.51,38.99,19.88,22.02,7.99,68.26,41.61,55.13,7.97
226.52,38.91,19.82,22.02,7.98,68.26,41.61,55.13,7.97
226.53,38.99,19.85,22.05,7.97,68.26,41.52,55.13,7.97
226.54,38.99,19.85,22.05,7.98,68.26,41.52,55.13,7.97
226.55,38.99,19.85,22.02,7.97,68.06,41.61,55.13,7.96
226.56,38.91,19.85,22.02,7.98,68.26,41.52,55.13,7.96
226.57,38.99,19.88,22.02,7.97,68.26,41.61,55.13,7.96
226.58,38.99,19.88,22.05,7.98,68.26,41.44,55.13,7.97
226.59,38.99,19.88,22.05,7.97,68.26,41.52,55.26,7.96
226.60,38.99,19.85,22.05,7.99,68.26,41.61,55.13,7.97
226.61,38.99,19.88,22.02,7.97,68.26,41.61,55.26,7.97
226.62,38.99,19.88,22.02,7.99,68.26,41.52,55.26,7.97
226.63,38.99,19.85,22.02,7.99,68.26,41.52,55.13,7.96
226.64,38.99,19.88,22.05,7.99,68.26,41.52,55.13,7.96
226.65,38.99,19.88,22.05,7.97,68.26,41.61,55.13,7.97
226.66,38.99,19.88,22.02,7.98,68.26,41.61,55.13,7.96
226.67,38.99,19.88,22.02,7.97,68.26,41.61,55.13,7.97
226.68,38.99,19.88,22.05,7.99,68.26,41.52,55.13,7.96
226.69,38.99,19.88,22.02,7.98,68.26,41.52,55.13,7.96
226.70,38.99,19.88,22.02,7.99,68.26,41.52,55.26,7.97
226.71,39.07,19.85,22.02,7.98,68.26,41.52,55.26,7.96
226.72,38.99,19.88,22.02,7.98,68.26,41.52,55.13,7.96
226.73,38.99,19.88,22.02,7.97,68.06,41.61,55.26,7.97
226.74,38.99,19.88,22.02,7.99,68.26,41.61,55.13,7.96
226.75,38.99,19.88,22.02,7.98,68.26,41.61,55.13,7.96
226.76,38.99,19.85,22.02,7.99,68.26,41.61,55.26,7.99
226.77,38.99,19.85,22.02,7.98,68.26,41.61,55.13,7.99
226.78,38.91,19.88,22.05,7.98,68.26,41.61,55.26,7.97
226.79,38.99,19.85,22.05,7.98,68.26,41.61,55.13,7.97
226.80,38.91,19.85,22.02,7.98,68.26,41.52,55.13,7.96
226.81,38.99,19.88,22.05,7.98,68.26,41.61,55.26,7.97
226.82,38.99,19.88,22.02,7.99,68.26,41.61,55.26,7.99
226.83,38.99,19.90,22.02,7.98,68.26,41.52,55.13,7.97
226.84,38.99,19.88,22.05,7.99,68.26,41.52,55.13,7.97
226.85,38.99,19.88,22.05,7.98,68.26,41.52,55.13,7.97
226.86,38.99,19.88,22.02,7.99,68.26,41.52,55.13,7.96
226.87,38.91,19.88,22.05,7.98,68.26,41.61,55.26,7.97
226.88,38.99,19.88,22.05,7.98,68.26,41.61,55.13,7.97
226.89,38.99,19.88,22.05,7.98,68.26,41.61,55.13,7.97
226.90,38.99,19.88,22.05,7.98,68.06,41.61,55.13,7.96
226.91,38.99,19.88,22.02,7.98,68.26,41.52,55.13,7.96
226.92,38.99,19.85,22.02,7.98,68.26,41.52,55.13,7.99
226.93,38.99,19.88,22.02,7.98,68.26,41.52,55.13,7.97
226.94,38.99,19.88,22.05,7.98,68.26,41.52,55.13,7.99
226.95,38.99,19.88,22.02,7.99,68.26,41.61,55.26,7.97
226.96,38.99,19.88,22.05,7.98,68.26,41.61,55.26,7.97
226.97,38.99,19.88,22.05,7.99,68.26,41.52,55.13,7.97
226.98,38.99,19.85,22.05,7.98,68.26,41.61,55.26,7.97
226.99,38.99,19.88,22.05,7.99,68.26,41.61,54.99,7.97
227.00,38.99,19.88,22.02,7.98,68.26,41.61,55.13,7.97
227.01,38.99,19.88,22.05,7.98,68.26,41.61,55.13,7.97
227.02,38.99,19.88,22.05,7.97,68.26,41.61,55.26,7.97
227.03,38.99,19.88,22.02,7.98,68.26,41.69,55.13,7.96
227.04,38.99,19.88,22.05,7.98,68.26,41.52,55.13,7.97
227.05,38.99,19.85,22.05,7.98,68.26,41.61,55.13,7.96
227.06,38.99,19.88,22.05,7.98,68.26,41.44,55.26,7.97
227.07,38.99,19.85,22.05,7.98,68.26,41.61,55.26,7.97
227.08,38.99,19.88,22.05,7.98,68.26,41.61,55.26,7.97
227.09,38.99,19.85,22.02,7.98,68.26,41.52,55.26,7.96
227.10,38.99,19.88,22.02,7.98,68.26,41.69,55.13,7.97
227.11,38.99,19.88,22.05,7.98,68.26,41.61,55.13,7.99
227.12,38.99,19.88,22.02,7.99,68.26,41.52,55.26,7.99
227.13,38.99,19.88,22.02,7.98,68.26,41.61,55.13,7.97
227.14,38.99,19.88,22.05,7.98,68.26,41.61,55.13,7.97
227.15,38.99,19.88,22.05,7.99,68.26,41.61,55.13,7.96
227.16,38.99,19.88,22.05,7.98,68.46,41.52,55.26,7.97
227.17,38.99,19.90,22.05,7.99,68.26,41.61,55.13,7.99
227.18,38.99,19.88,22.02,7.98,68.26,41.61,55.13,7.97
227.19,38.99,19.85,22.05,7.99,68.26,41.52,55.13,7.97
227.20,38.99,19.88,22.05,7.98,68.26,41.61,55.26,7.96
227.21,38.99,19.88,22.02,7.97,68.26,41.61,55.13,7.96
227.22,38.99,19.85,22.05,7.98,68.46,41.61,55.13,7.97
227.23,38.91,19.88,22.05,7.99,68.26,41.61,55.26,7.99
227.24,38.99,19.88,22.05,7.98,68.26,41.61,55.26,7.97
227.25,38.91,19.85,22.05,7.98,68.26,41.61,55.26,7.99
227.26,38.99,19.85,22.05,7.98,68.26,41.61,55.26,7.97
227.27,39.07,19.88,22.05,7.99,68.26,41.61,55.13,7.99
227.28,38.99,19.88,22.02,7.98,68.26,41.52,55.26,7.96
227.29,39.07,19.88,22.05,7.98,68.26,41.69,55.13,7.97
227.30,38.99,19.88,22.05,7.98,68.26,41.61,55.26,7.99
227.31,38.99,19.88,22.05,7.99,68.26,41.61,55.26,7.97
227.32,38.99,19.88,22.05,7.98,68.26,41.61,55.26,7.97
227.33,38.99,19.88,22.05,7.99,68.26,41.61,55.13,7.97
227.34,38.99,19.90,22.05,7.98,68.26,41.61,55.13,7.97
227.35,38.99,19.88,22.05,7.98,68.26,41.61,55.26,7.97
227.36,38.99,19.88,22.02,7.99,68.26,41.61,55.26,7.97
227.37,39.07,19.88,22.02,7.98,68.26,41.61,55.26,7.99
227.38,38.99,19.88,22.05,7.98,68.26,41.61,55.26,7.99
227.39,38.99,19.88,22.05,7.98,68.26,41.61,55.26,7.97
227.40,38.99,19.88,22.05,7.98,68.26,41.61,55.26,7.99
227.41,38.91,19.88,22.05,7.98,68.26,41.52,55.26,7.97
227.42,38.91,19.88,22.05,7.98,68.26,41.61,55.13,7.99
227.43,38.99,19.88,22.05,7.98,68.26,41.61,55.26,7.97
227.44,38.99,19.90,22.02,7.99,68.26,41.61,55.13,7.97
227.45,38.99,19.88,22.05,7.98,68.26,41.61,55.26,7.97
227.46,38.99,19.88,22.05,7.98,68.26,41.61,55.26,7.97
227.47,38.99,19.88,22.05,7.97,68.06,41.61,55.26,7.97
227.48,38.99,19.88,22.05,7.99,68.46,41.52,55.13,7.97
227.49,38.99,19.88,22.02,7.98,68.26,41.61,55.13,7.96
227.50,38.99,19.88,22.05,7.98,68.26,41.61,55.13,7.97
227.51,38.99,19.88,22.05,7.98,68.46,41.69,55.26,7.97
227.52,38.99,19.88,22.05,7.98,68.26,41.61,55.13,7.97
227.53,38.99,19.88,22.05,7.98,68.26,41.61,55.13,7.97
227.54,38.99,19.88,22.05,7.99,68.26,41.52,55.26,7.97
227.55,38.99,19.88,22.05,7.98,68.46,41.61,55.26,7.97
227.56,38.99,19.88,22.05,7.98,68.26,41.61,55.13,7.99
227.57,38.99,19.88,22.02,7.98,68.26,41.69,55.26,7.97
227.58,38.99,19.88,22.05,7.99,68.26,41.61,55.13,7.97
227.59,38.99,19.88,22.05,7.98,68.26,41.61,55.26,7.97
227.60,38.99,19.88,22.05,7.98,68.26,41.61,55.13,7.99
227.61,38.99,19.88,22.05,7.98,68.26,41.61,55.26,7.96
227.62,38.99,19.88,22.02,7.99,68.26,41.61,55.26,7.97
227.63,38.99,19.90,22.05,7.98,68.26,41.69,55.26,7.97
227.64,38.99,19.88,22.05,7.98,68.26,41.61,55.26,7.97
227.65,38.99,19.90,22.05,7.98,68.26,41.52,55.26,7.97
227.66,38.99,19.90,22.05,7.98,68.26,41.61,55.13,7.97
227.67,38.99,19.90,22.05,7.98,68.26,41.61,55.26,7.97
227.68,39.07,19.88,22.05,7.98,68.26,41.61,55.26,7.97
227.69,39.07,19.88,22.05,7.99,68.26,41.61,55.13,7.97
227.70,38.99,19.88,22.05,7.98,68.26,41.61,55.26,7.97
227.71,38.99,19.88,22.02,7.98,68.26,41.61,55.26,7.97
227.72,38.99,19.88,22.05,7.98,68.26,41.61,55.26,7.99
227.73,39.07,19.88,22.05,7.98,68.26,41.61,55.26,7.99
227.74,38.99,19.88,22.05,7.99,68.26,41.61,55.26,7.97
227.75,38.99,19.88,22.09,7.99,68.26,41.61,55.13,7.99
227.76,38.99,19.88,22.05,7.98,68.26,41.61,55.26,7.97
227.77,38.99,19.88,22.05,7.98,68.46,41.61,55.26,7.99
227.78,38.99,19.88,22.05,7.99,68.26,41.61,55.26,7.96
227.79,39.07,19.88,22.05,7.98,68.26,41.61,55.26,7.97
227.80,39.07,19.88,22.05,7.99,68.26,41.61,55.13,7.99
227.81,38.99,19.88,22.02,7.98,68.26,41.69,55.26,7.97
227.82,38.99,19.88,22.05,7.98,68.26,41.61,55.26,7.97
227.83,38.99,19.88,22.05,7.99,68.26,41.69,55.26,7.96
227.84,38.99,19.88,22.02,7.98,68.26,41.61,55.26,7.97
227.85,38.99,19.88,22.05,7.99,68.46,41.61,55.26,7.97
227.86,38.99,19.88,22.05,7.98,68.26,41.61,55.26,7.97
227.87,39.07,19.90,22.05,7.98,68.26,41.61,55.26,7.97
227.88,38.99,19.88,22.05,7.99,68.26,41.61,55.13,7.99
227.89,38.99,19.88,22.05,7.99,68.46,41.69,55.26,7.97
227.90,38.99,19.88,22.05,7.98,68.26,41.61,55.26,7.97
227.91,39.07,19.88,22.02,7.98,68.46,41.52,55.26,7.97
227.92,38.99,19.88,22.05,7.99,68.46,41.61,55.13,7.97
227.93,39.07,19.88,22.05,7.99,68.26,41.69,55.26,7.99
227.94,39.07,19.88,22.05,7.98,68.46,41.61,55.13,7.97
227.95,38.99,19.88,22.05,7.98,68.26,41.69,55.13,7.99
227.96,38.99,19.90,22.05,7.99,68.46,41.69,55.26,7.97
227.97,38.99,19.88,22.05,7.99,68.46,41.61,55.26,7.97
227.98,39.07,19.88,22.05,7.99,68.26,41.61,55.26,7.97
227.99,39.07,19.88,22.05,7.98,68.46,41.61,55.13,7.97
228.00,39.07,19.90,22.05,7.98,68.26,41.69,55.26,7.97
228.01,38.99,19.88,22.05,7.98,68.46,41.61,55.26,7.99
228.02,38.99,19.85,22.05,7.99,68.26,41.61,55.26,7.97
228.03,38.99,19.88,22.05,7.99,68.26,41.61,55.26,7.97
228.04,39.07,19.88,22.05,7.99,68.46,41.61,55.26,7.97
228.05,38.99,19.88,22.05,7.98,68.26,41.61,55.26,7.97
228.06,38.99,19.88,22.05,7.98,68.26,41.61,55.26,7.99
228.07,38.99,19.90,22.05,7.98,68.26,41.61,55.26,7.97
228.08,38.99,19.88,22.05,7.99,68.26,41.61,55.26,7.99
228.09,38.99,19.88,22.05,7.99,68.46,41.61,55.26,7.99
228.10,38.99,19.88,22.05,7.99,68.26,41.69,55.26,7.99
228.11,38.99,19.88,22.05,7.98,68.26,41.61,55.26,7.97
228.12,38.99,19.88,22.05,7.99,68.26,41.61,55.26,7.97
228.13,38.99,19.88,22.05,7.98,68.46,41.61,55.13,7.97
228.14,38.99,19.88,22.05,7.98,68.26,41.69,55.13,7.97
228.15,38.99,19.88,22.05,7.99,68.26,41.61,55.26,7.97
228.16,39.07,19.90,22.05,7.98,68.26,41.61,55.26,7.97
228.17,39.07,19.90,22.05,7.98,68.26,41.61,55.13,7.97
228.18,38.91,19.88,22.05,7.98,68.26,41.61,55.26,7.97
228.19,38.99,19.88,22.05,7.99,68.46,41.61,55.26,7.99
228.20,39.07,19.85,22.05,7.99,68.26,41.61,55.26,7.99
228.21,38.99,19.85,22.05,7.99,68.26,41.69,55.13,7.97
228.22,38.99,19.90,22.05,7.99,68.26,41.52,55.13,7.99
228.23,39.07,19.88,22.05,7.98,68.26,41.69,55.26,7.97
228.24,38.99,19.88,22.05,7.98,68.26,41.69,55.26,7.99
228.25,38.99,19.88,22.05,7.99,68.46,41.61,55.26,7.99
228.26,38.99,19.88,22.05,7.98,68.26,41.61,55.26,7.97
228.27,39.07,19.90,22.05,7.98,68.26,41.61,55.26,7.99
228.28,39.07,19.88,22.05,7.99,68.26,41.69,55.26,7.97
228.29,38.99,19.90,22.05,7.98,68.26,41.61,55.26,7.97
228.30,38.99,19.88,22.02,7.99,68.46,41.61,55.26,7.97
228.31,39.07,19.88,22.05,7.98,68.46,41.61,55.26,7.97
228.32,38.99,19.88,22.05,7.98,68.26,41.61,55.26,7.99
228.33,39.07,19.85,22.05,7.98,68.26,41.69,55.26,7.97
228.34,38.99,19.90,22.05,7.99,68.46,41.61,55.26,7.97
228.35,38.99,19.90,22.05,7.99,68.26,41.61,55.26,7.97
228.36,38.99,19.88,22.05,7.98,68.46,41.69,55.26,7.97
228.37,38.99,19.88,22.05,7.99,68.26,41.69,55.26,7.99
228.38,38.99,19.90,22.05,7.99,68.26,41.61,55.26,7.97
228.39,39.07,19.90,22.05,7.98,68.46,41.61,55.26,7.99
228.40,39.07,19.90,22.05,7.98,68.46,41.69,55.26,7.97
228.41,39.07,19.90,22.05,7.99,68.46,41.69,55.26,7.97
228.42,39.07,19.88,22.05,7.98,68.26,41.69,55.26,7.97
228.43,39.07,19.88,22.05,7.98,68.46,41.61,55.26,7.97
228.44,38.99,19.88,22.05,7.99,68.26,41.61,55.26,7.97
228.45,38.99,19.88,22.05,7.99,68.46,41.69,55.26,7.99
228.46,38.99,19.88,22.09,7.99,68.46,41.61,55.26,7.99
228.47,39.07,19.88,22.09,7.99,68.46,41.52,55.26,7.96
228.48,39.07,19.88,22.05,7.99,68.46,41.78,55.26,7.99
228.49,38.99,19.88,22.05,7.99,68.26,41.61,55.26,7.97
228.50,39.07,19.88,22.05,7.98,68.46,41.69,55.26,7.97
228.51,39.07,19.88,22.02,7.98,68.26,41.61,55.26,7.99
228.52,38.99,19.88,22.05,7.98,68.46,41.61,55.26,7.99
228.53,39.07,19.88,22.05,7.98,68.26,41.61,55.26,7.99
228.54,39.07,19.88,22.05,7.99,68.46,41.61,55.26,7.99
228.55,39.07,19.88,22.05,7.99,68.46,41.69,55.26,7.99
228.56,39.07,19.88,22.05,7.98,68.46,41.69,55.26,7.99
228.57,39.07,19.90,22.05,7.99,68.26,41.61,55.26,7.97
228.58,39.07,19.88,22.05,7.99,68.26,41.69,55.40,7.99
228.59,38.99,19.90,22.05,7.99,68.46,41.61,55.13,7.99
228.61,38.99,19.88,22.05,7.99,68.26,41.69,55.26,7.99
228.62,39.07,19.88,22.05,7.98,68.46,41.69,55.26,7.97
228.63,39.07,19.88,22.09,7.99,68.26,41.61,55.26,7.99
228.64,38.99,19.88,22.09,7.99,68.46,41.61,55.26,7.97
228.65,39.07,19.88,22.09,8.00,68.46,41.61,55.26,7.97
228.66,38.91,19.88,22.05,7.99,68.26,41.69,55.26,7.97
228.67,39.07,19.90,22.05,7.98,68.46,41.61,55.26,7.97
228.68,38.99,19.88,22.05,7.98,68.26,41.69,55.26,7.99
228.69,39.07,19.88,22.05,7.99,68.26,41.69,55.26,7.99
228.70,39.07,19.90,22.05,7.99,68.66,41.69,55.26,7.97
228.71,39.07,19.90,22.09,8.00,68.66,41.69,55.26,8.00
228.72,39.07,19.90,22.05,7.99,68.26,41.69,55.26,7.97
228.73,39.07,19.90,22.09,7.99,68.26,41.78,55.26,7.99
228.74,39.07,19.88,22.05,7.99,68.46,41.69,55.26,7.99
228.75,38.99,19.90,22.05,7.99,68.46,41.69,55.26,7.97
228.76,38.99,19.88,22.05,7.99,68.46,41.69,55.13,7.99
228.77,39.07,19.88,22.09,7.99,68.26,41.69,55.26,7.99
228.78,38.99,19.88,22.09,7.99,68.26,41.69,55.26,7.97
228.79,39.07,19.90,22.05,7.99,68.26,41.61,55.26,7.97
228.80,39.07,19.88,22.05,7.99,68.26,41.69,55.40,7.97
228.81,38.99,19.90,22.05,7.98,68.46,41.69,55.40,7.99
228.82,39.07,19.88,22.05,7.98,68.26,41.61,55.26,7.97
228.83,39.07,19.90,22.09,7.99,68.46,41.61,55.26,7.97
228.84,39.07,19.88,22.09,8.00,68.46,41.78,55.26,7.97
228.85,39.07,19.90,22.05,7.99,68.26,41.69,55.26,7.99
228.86,39.07,19.90,22.05,8.00,68.26,41.69,55.26,7.97
228.87,39.07,19.88,22.09,7.99,68.46,41.61,55.26,7.99
228.88,39.07,19.90,22.09,7.99,68.46,41.69,55.26,7.97
228.89,39.07,19.88,22.05,7.98,68.46,41.61,55.26,7.99
228.90,39.07,19.90,22.05,7.98,68.46,41.69,55.26,7.99
228.91,39.07,19.88,22.05,7.99,68.26,41.69,55.40,7.99
228.92,39.07,19.88,22.09,7.99,68.26,41.69,55.26,7.97
228.93,39.07,19.90,22.09,8.00,68.46,41.61,55.26,7.97
228.94,38.99,19.88,22.05,7.99,68.46,41.69,55.26,7.97
228.95,39.07,19.90,22.05,7.98,68.46,41.69,55.26,7.99
228.96,39.07,19.88,22.05,7.99,68.46,41.69,55.26,7.99
228.97,38.99,19.88,22.09,7.99,68.46,41.61,55.26,7.99
228.98,39.07,19.88,22.05,7.99,68.66,41.69,55.26,7.97
228.99,39.07,19.90,22.05,7.98,68.46,41.69,55.26,7.99
229.00,39.07,19.88,22.09,7.99,68.26,41.69,55.40,7.99
229.01,39.07,19.90,22.09,7.99,68.46,41.69,55.40,7.97
229.02,39.07,19.88,22.09,7.98,68.46,41.69,55.26,7.97
229.03,39.07,19.88,22.05,7.99,68.46,41.61,55.40,7.99
229.04,39.07,19.90,22.05,8.00,68.46,41.69,55.26,7.97
229.05,39.07,19.90,22.05,7.98,68.26,41.69,55.40,7.99
229.06,39.07,19.90,22.09,7.99,68.26,41.78,55.26,7.99
229.07,39.07,19.88,22.05,7.98,68.26,41.69,55.26,7.97
229.08,39.07,19.90,22.05,7.98,68.46,41.69,55.13,7.97
229.09,39.07,19.88,22.05,7.99,68.46,41.78,55.26,7.97
229.10,39.07,19.88,22.09,7.99,68.46,41.69,55.40,7.97
229.11,39.07,19.88,22.05,7.98,68.26,41.69,55.40,7.99
229.12,39.07,19.88,22.09,7.99,68.46,41.69,55.26,7.99
229.13,39.07,19.88,22.09,7.99,68.46,41.78,55.26,7.99
229.14,39.07,19.90,22.05,7.99,68.46,41.69,55.26,7.97
229.15,39.07,19.88,22.05,7.99,68.46,41.78,55.40,7.99
229.16,39.07,19.90,22.05,7.99,68.46,41.69,55.26,7.99
229.17,39.07,19.90,22.05,7.99,68.46,41.78,55.40,7.97
229.18,39.07,19.88,22.09,7.99,68.46,41.78,55.26,7.97
229.19,39.07,19.90,22.09,7.99,68.46,41.78,55.26,7.99
229.20,39.07,19.88,22.05,7.99,68.46,41.69,55.40,7.99
229.21,39.07,19.90,22.09,7.99,68.46,41.69,55.40,7.99
229.22,39.07,19.88,22.05,7.99,68.46,41.69,55.40,7.99
229.23,39.07,19.90,22.05,7.98,68.46,41.69,55.26,7.97
229.24,39.07,19.90,22.05,7.98,68.46,41.69,55.26,7.99
229.25,39.07,19.88,22.09,7.99,68.46,41.61,55.26,7.99
229.26,39.07,19.90,22.05,7.99,68.26,41.61,55.26,7.99
229.27,39.07,19.88,22.09,7.99,68.46,41.69,55.26,7.99
229.28,39.07,19.88,22.05,7.99,68.66,41.78,55.26,7.99
229.29,39.07,19.88,22.05,8.00,68.46,41.69,55.26,7.99
229.30,39.07,19.88,22.09,7.99,68.46,41.69,55.40,7.99
229.31,38.99,19.88,22.09,7.99,68.46,41.69,55.26,7.97
229.32,39.07,19.88,22.05,7.99,68.46,41.69,55.26,8.00
229.33,39.07,19.88,22.09,7.99,68.46,41.69,55.26,7.99
229.34,39.07,19.88,22.05,7.98,68.46,41.69,55.26,7.97
229.35,39.07,19.90,22.09,8.00,68.66,41.69,55.26,7.99
229.36,38.99,19.88,22.05,7.99,68.46,41.69,55.26,7.97
229.37,39.07,19.88,22.05,7.99,68.46,41.69,55.40,7.99
229.38,39.07,19.90,22.09,7.99,68.46,41.69,55.26,7.99
229.39,39.07,19.93,22.09,8.00,68.46,41.78,55.26,7.97
229.40,39.07,19.90,22.09,7.99,68.46,41.69,55.26,7.99
229.41,39.07,19.90,22.09,7.99,68.46,41.69,55.26,7.99
229.42,39.07,19.88,22.05,7.99,68.46,41.69,55.26,7.99
229.43,38.99,19.88,22.09,7.99,68.46,41.69,55.40,7.99
229.44,39.07,19.90,22.09,7.99,68.46,41.69,55.40,7.99
229.45,39.07,19.90,22.09,7.99,68.46,41.78,55.40,7.99
229.46,39.07,19.90,22.05,7.99,68.66,41.69,55.40,7.99
229.47,39.07,19.90,22.05,7.99,68.66,41.69,55.26,7.99
229.48,39.07,19.90,22.09,7.99,68.46,41.69,55.26,7.97
229.49,39.07,19.90,22.09,7.99,68.46,41.78,55.40,7.99
229.50,39.07,19.90,22.09,7.99,68.46,41.69,55.40,7.99
229.51,39.07,19.90,22.09,7.99,68.46,41.69,55.26,7.99
229.52,38.99,19.90,22.09,7.99,68.46,41.69,55.26,7.97
229.53,39.07,19.88,22.09,8.00,68.46,41.69,55.40,7.99
229.54,39.07,19.88,22.09,8.00,68.66,41.69,55.40,7.99
229.55,39.07,19.88,22.09,7.99,68.26,41.78,55.40,7.97
229.56,39.07,19.90,22.12,8.00,68.46,41.69,55.26,7.99
229.57,39.07,19.90,22.09,7.99,68.26,41.69,55.40,7.99
229.58,39.07,19.90,22.05,8.00,68.46,41.78,55.26,7.99
229.59,39.07,19.88,22.09,7.99,68.46,41.69,55.26,7.99
229.60,39.15,19.88,22.09,7.99,68.46,41.78,55.40,7.99
229.61,39.07,19.90,22.09,8.00,68.46,41.78,55.40,7.99
229.62,39.07,19.90,22.09,8.00,68.46,41.69,55.26,7.99
229.63,39.07,19.88,22.05,8.00,68.46,41.69,55.40,7.97
229.64,38.99,19.88,22.09,8.00,68.46,41.69,55.40,7.99
229.65,39.07,19.93,22.09,7.99,68.66,41.69,55.26,7.99
229.66,39.07,19.93,22.09,7.99,68.46,41.61,55.26,7.99
229.67,39.07,19.90,22.09,7.99,68.66,41.69,55.40,7.99
229.68,39.07,19.88,22.09,7.99,68.66,41.61,55.40,7.99
229.69,39.07,19.90,22.05,7.98,68.46,41.78,55.26,7.99
229.70,39.15,19.88,22.09,7.99,68.46,41.78,55.26,7.99
229.71,39.07,19.90,22.05,7.99,68.66,41.69,55.40,7.99
229.72,39.07,19.88,22.09,7.99,68.46,41.78,55.40,7.99
229.73,39.07,19.90,22.09,7.99,68.46,41.69,55.40,7.99
229.74,39.07,19.90,22.05,7.99,68.46,41.69,55.26,8.01
229.75,39.15,19.90,22.09,7.99,68.46,41.69,55.26,7.97
229.76,39.07,19.90,22.09,7.99,68.46,41.69,55.40,7.99
229.77,39.07,19.88,22.09,7.99,68.46,41.78,55.26,7.99
229.78,39.15,19.90,22.05,7.99,68.66,41.69,55.26,7.99
229.79,39.07,19.88,22.09,7.99,68.46,41.69,55.26,7.99
229.80,39.22,19.93,22.09,7.99,68.46,41.78,55.26,8.00
229.81,39.07,19.93,22.09,8.00,68.46,41.69,55.54,7.99
229.82,39.07,19.93,22.09,7.99,68.46,41.78,55.40,7.99
229.83,39.07,19.90,22.09,7.99,68.46,41.69,55.26,7.99
229.84,39.07,19.88,22.09,7.99,68.46,41.78,55.40,7.99
229.85,39.07,19.90,22.09,7.99,68.46,41.78,55.40,7.99
229.86,39.07,19.90,22.05,7.99,68.46,41.69,55.26,7.99
229.87,39.07,19.90,22.12,7.99,68.46,41.69,55.40,8.00
229.88,39.07,19.90,22.09,7.99,68.46,41.69,55.40,7.99
229.89,39.15,19.90,22.09,7.99,68.66,41.78,55.40,7.99
229.90,39.07,19.88,22.05,7.99,68.66,41.78,55.40,7.99
229.91,39.15,19.90,22.05,8.00,68.46,41.69,55.26,7.99
229.92,39.07,19.88,22.12,7.99,68.46,41.69,55.40,7.99
229.93,39.07,19.90,22.12,7.99,68.46,41.69,55.26,8.00
229.94,39.07,19.88,22.09,7.99,68.46,41.69,55.26,7.99
229.95,39.07,19.90,22.09,7.99,68.66,41.78,55.67,8.00
229.96,39.07,19.88,22.12,7.99,68.66,41.78,55.40,7.99
229.97,39.07,19.90,22.09,8.00,68.66,41.69,55.40,7.97
229.98,39.07,19.90,22.09,7.99,68.46,41.69,55.40,7.99
229.99,39.07,19.88,22.09,7.99,68.46,41.78,55.40,8.00
230.00,39.07,19.88,22.09,7.99,68.46,41.69,55.26,7.99
230.01,39.07,19.93,22.05,7.99,68.46,41.78,55.40,8.00
230.02,39.07,19.93,22.09,7.99,68.46,41.78,55.40,8.00
230.03,39.07,19.88,22.09,8.00,68.46,41.69,55.54,7.99
230.04,39.07,19.88,22.09,7.99,68.46,41.69,55.40,7.99
230.05,39.07,19.88,22.09,8.01,68.66,41.78,55.40,7.99
230.06,39.07,19.88,22.09,8.00,68.46,41.78,55.40,8.00
230.07,38.99,19.90,22.09,7.99,68.46,41.78,55.40,7.99
230.08,39.07,19.90,22.12,8.00,68.66,41.69,55.40,7.99
230.09,39.07,19.88,22.12,7.98,68.66,41.78,55.40,8.00
230.10,39.15,19.90,22.05,8.00,68.46,41.69,55.40,7.99
230.11,39.15,19.90,22.09,7.99,68.46,41.69,55.40,7.99
230.12,39.07,19.90,22.09,7.99,68.66,41.69,55.40,8.00
230.13,39.07,19.90,22.09,7.99,68.46,41.78,55.26,7.99
230.14,39.07,19.90,22.12,7.99,68.66,41.69,55.40,7.99
230.15,39.07,19.90,22.09,7.99,68.66,41.78,55.40,7.99
230.16,39.07,19.90,22.09,7.99,68.46,41.78,55.54,7.99
230.17,39.07,19.93,22.09,7.99,68.66,41.78,55.26,8.00
230.18,39.07,19.90,22.12,7.99,68.66,41.69,55.40,7.99
230.19,39.07,19.90,22.09,7.99,68.46,41.78,55.40,7.99
230.20,39.07,19.93,22.09,7.99,68.66,41.78,55.40,7.99
230.21,39.15,19.90,22.12,7.99,68.46,41.78,55.40,7.99
230.22,39.07,19.90,22.09,8.01,68.46,41.69,55.40,7.99
230.23,39.07,19.90,22.09,7.99,68.66,41.78,55.40,7.99
230.24,39.07,19.88,22.12,7.99,68.46,41.69,55.40,7.99
230.25,39.07,19.90,22.12,7.99,68.66,41.69,55.40,7.99
230.26,39.15,19.88,22.12,8.01,68.66,41.78,55.40,7.99
230.27,39.15,19.93,22.09,7.99,68.46,41.78,55.40,7.99
230.28,39.07,19.90,22.09,7.99,68.46,41.78,55.54,8.00
230.29,39.07,19.90,22.12,7.99,68.66,41.78,55.40,8.00
230.30,39.07,19.90,22.12,7.99,68.46,41.69,55.26,7.99
230.31,39.15,19.93,22.09,7.99,68.46,41.78,55.26,8.00
230.32,39.07,19.90,22.09,8.00,68.66,41.78,55.40,8.00
230.33,39.07,19.90,22.12,7.99,68.66,41.69,55.54,7.99
230.34,39.15,19.90,22.09,8.00,68.46,41.69,55.40,7.99
230.35,39.15,19.90,22.09,7.99,68.66,41.78,55.54,7.99
230.36,39.07,19.90,22.12,7.99,68.66,41.78,55.40,7.99
230.37,39.15,19.90,22.09,7.99,68.66,41.78,55.40,7.99
230.38,39.15,19.93,22.09,8.01,68.46,41.69,55.26,7.99
230.39,39.15,19.90,22.09,7.99,68.46,41.78,55.40,7.99
230.40,39.07,19.90,22.09,7.99,68.66,41.78,55.54,8.00
230.41,39.07,19.90,22.12,7.99,68.66,41.69,55.40,7.99
230.42,39.15,19.90,22.12,7.99,68.66,41.78,55.40,7.99
230.43,39.07,19.93,22.05,7.99,68.46,41.69,55.40,7.99
230.44,39.15,19.90,22.09,8.00,68.46,41.78,55.40,7.99
230.45,39.15,19.90,22.09,7.99,68.46,41.87,55.40,7.99
230.46,39.07,19.90,22.09,7.99,68.66,41.78,55.40,7.99
230.47,39.15,19.90,22.09,7.99,68.66,41.78,55.40,8.00
230.48,39.07,19.90,22.09,7.99,68.66,41.69,55.40,7.97
230.49,39.15,19.90,22.09,8.00,68.66,41.78,55.40,7.99
230.50,39.07,19.90,22.12,8.00,68.66,41.78,55.40,7.99
230.51,39.15,19.93,22.12,7.99,68.66,41.69,55.40,7.99
230.52,39.15,19.93,22.12,7.99,68.46,41.78,55.40,7.99
230.53,39.07,19.90,22.12,8.00,68.66,41.78,55.40,7.99
230.54,39.15,19.93,22.09,8.00,68.46,41.78,55.40,7.99
230.55,39.07,19.90,22.12,7.99,68.66,41.69,55.40,8.00
230.56,39.07,19.90,22.09,8.01,68.66,41.78,55.54,7.99
230.57,39.15,19.90,22.09,7.99,68.46,41.78,55.40,7.99
230.58,39.15,19.90,22.12,8.00,68.66,41.78,55.40,8.00
230.59,39.07,19.93,22.09,8.00,68.66,41.69,55.40,7.99
230.60,39.15,19.90,22.09,7.99,68.66,41.78,55.40,7.99
230.61,39.15,19.90,22.12,7.99,68.66,41.78,55.40,7.99
230.62,39.15,19.90,22.09,8.00,68.66,41.78,55.40,7.99
230.63,39.15,19.88,22.12,7.99,68.66,41.78,55.40,7.99
230.64,39.15,19.90,22.12,8.00,68.66,41.78,55.40,7.99
230.65,39.15,19.93,22.12,7.99,68.66,41.69,55.40,7.99
230.66,39.15,19.90,22.09,7.99,68.66,41.78,55.40,7.99
230.67,39.07,19.90,22.12,7.99,68.66,41.78,55.54,8.00
230.68,39.15,19.88,22.09,8.00,68.46,41.87,55.40,8.00
230.69,39.15,19.88,22.09,8.01,68.66,41.78,55.40,7.99
230.70,39.07,19.93,22.05,8.00,68.66,41.78,55.40,7.99
230.71,39.15,19.90,22.09,7.99,68.66,41.78,55.40,7.99
230.72,39.15,19.90,22.09,7.99,68.46,41.78,55.54,8.00
230.73,39.07,19.90,22.12,7.99,68.66,41.78,55.26,8.00
230.74,39.07,19.93,22.12,7.99,68.66,41.78,55.40,7.99
230.75,39.07,19.90,22.12,7.99,68.66,41.78,55.40,8.00
230.76,39.15,19.93,22.09,7.99,68.66,41.78,55.40,7.99
230.77,39.15,19.90,22.12,8.00,68.66,41.69,55.40,7.99
230.78,39.15,19.93,22.12,7.99,68.66,41.78,55.54,8.00
230.79,39.15,19.88,22.09,8.00,68.66,41.78,55.40,7.99
230.80,39.15,19.93,22.09,8.00,68.66,41.78,55.40,8.00
230.81,39.15,19.90,22.12,7.99,68.46,41.78,55.40,7.99
230.82,39.07,19.90,22.12,7.99,68.66,41.78,55.40,8.00
230.83,39.15,19.93,22.05,8.00,68.66,41.78,55.54,7.99
230.84,39.15,19.90,22.12,7.99,68.66,41.78,55.54,7.99
230.85,39.15,19.93,22.12,8.00,68.66,41.78,55.26,7.99
230.86,39.15,19.93,22.09,7.99,68.46,41.69,55.40,7.99
230.87,39.15,19.90,22.12,8.00,68.46,41.69,55.40,7.99
230.88,39.15,19.93,22.12,7.99,68.66,41.69,55.40,8.00
230.89,39.15,19.93,22.09,7.99,68.66,41.78,55.26,8.00
230.90,39.15,19.90,22.12,7.99,68.66,41.78,55.40,7.99
230.91,39.15,19.90,22.09,8.00,68.86,41.78,55.40,7.99
230.92,39.15,19.90,22.12,8.00,68.66,41.78,55.40,8.00
230.93,39.15,19.90,22.12,7.99,68.66,41.78,55.54,7.99
230.94,39.15,19.90,22.12,8.00,68.66,41.78,55.54,7.99
230.95,39.15,19.93,22.12,8.00,68.46,41.69,55.54,7.99
230.96,39.22,19.90,22.09,7.99,68.66,41.78,55.54,8.01
230.97,39.07,19.93,22.12,8.00,68.66,41.78,55.40,7.99
230.98,39.15,19.90,22.12,8.01,68.66,41.78,55.54,7.99
230.99,39.15,19.90,22.09,7.99,68.66,41.78,55.54,8.00
231.00,39.07,19.93,22.12,7.99,68.66,41.78,55.54,8.00
231.01,39.07,19.90,22.12,7.99,68.46,41.87,55.40,7.99
231.02,39.15,19.90,22.05,7.99,68.66,41.78,55.54,8.01
231.03,39.15,19.90,22.12,8.01,68.66,41.78,55.54,8.00
231.04,39.15,19.90,22.12,7.99,68.66,41.78,55.40,7.99
231.05,39.15,19.90,22.09,8.00,68.66,41.87,55.54,8.00
231.06,39.15,19.90,22.12,8.00,68.46,41.78,55.54,7.99
231.07,39.07,19.90,22.12,8.00,68.46,41.78,55.40,7.99
231.08,39.15,19.93,22.09,8.00,68.86,41.78,55.54,8.00
231.09,39.15,19.90,22.09,8.01,68.26,41.78,55.40,7.99
231.10,39.15,19.90,22.09,8.00,68.66,41.78,55.40,8.00
231.11,39.15,19.90,22.12,8.00,68.66,41.78,55.54,8.00
231.12,39.15,19.90,22.12,7.99,68.66,41.78,55.26,7.99
231.13,39.07,19.90,22.12,7.99,68.66,41.78,55.40,8.00
231.14,39.07,19.90,22.12,8.00,68.66,41.78,55.54,8.00
231.15,39.15,19.90,22.12,8.00,68.66,41.78,55.40,8.00
231.16,39.15,19.90,22.09,7.99,68.66,41.78,55.54,7.99
231.17,39.07,19.90,22.12,8.00,68.66,41.78,55.54,8.00
231.18,39.15,19.90,22.09,8.00,68.46,41.78,55.54,7.99
231.19,39.15,19.93,22.12,8.00,68.66,41.78,55.54,8.00
231.20,39.07,19.93,22.12,8.00,68.66,41.78,55.54,8.01
231.21,39.07,19.90,22.09,8.01,68.66,41.78,55.54,8.00
231.22,39.15,19.90,22.09,7.99,68.66,41.78,55.54,8.00
231.23,39.15,19.90,22.12,8.01,68.66,41.87,55.40,8.00
231.24,39.15,19.93,22.12,8.00,68.66,41.78,55.40,8.01
231.25,39.15,19.96,22.12,7.99,68.66,41.78,55.40,8.00
231.26,39.15,19.90,22.12,8.00,68.66,41.78,55.54,8.00
231.27,39.15,19.93,22.12,7.99,68.46,41.78,55.40,7.99
231.28,39.07,19.90,22.12,7.99,68.66,41.78,55.40,8.01
231.29,39.15,19.90,22.12,8.00,68.66,41.78,55.67,8.00
231.30,39.15,19.90,22.12,8.00,68.66,41.87,55.54,8.00
231.31,39.15,19.90,22.12,8.01,68.66,41.78,55.40,7.99
231.32,39.07,19.90,22.12,8.00,68.66,41.78,55.40,7.99
231.33,39.15,19.90,22.12,8.00,68.66,41.78,55.54,8.00
231.34,39.15,19.93,22.12,7.99,68.66,41.78,55.54,7.99
231.35,39.15,19.90,22.12,8.01,68.66,41.78,55.54,8.00
231.36,39.15,19.90,22.09,8.01,68.46,41.78,55.54,7.99
231.37,39.15,19.93,22.12,7.99,68.66,41.78,55.40,7.99
231.38,39.15,19.93,22.12,8.00,68.66,41.78,55.40,7.99
231.39,39.15,19.90,22.12,8.00,68.66,41.78,55.54,7.99
231.40,39.07,19.90,22.12,8.00,68.66,41.78,55.54,7.99
231.41,39.15,19.90,22.09,8.00,68.26,41.87,55.54,7.99
231.42,39.15,19.93,22.12,8.01,68.66,41.78,55.54,7.99
231.43,39.15,19.90,22.12,7.99,68.66,41.78,55.40,8.00
231.44,39.15,19.93,22.12,8.01,68.66,41.87,55.54,8.01
231.45,39.15,19.90,22.12,7.99,68.66,41.78,55.40,8.00
231.46,39.15,19.90,22.12,8.00,68.66,41.78,55.40,7.99
231.47,39.15,19.90,22.12,8.00,68.66,41.78,55.54,7.99
231.48,39.15,19.90,22.09,8.00,68.66,41.87,55.40,7.99
231.49,39.15,19.90,22.12,7.99,68.66,41.78,55.54,8.01
231.50,39.15,19.93,22.09,7.99,68.66,41.78,55.40,8.00
231.51,39.15,19.90,22.12,7.99,68.66,41.87,55.40,7.99
231.52,39.15,19.90,22.12,8.00,68.66,41.78,55.54,7.99
231.53,39.07,19.90,22.09,8.00,68.66,41.78,55.54,7.99
231.54,39.22,19.90,22.12,7.99,68.66,41.78,55.40,8.00
231.55,39.15,19.90,22.12,8.00,68.66,41.87,55.54,7.99
231.56,39.15,19.93,22.12,8.00,68.66,41.78,55.40,8.00
231.57,39.15,19.90,22.09,8.00,68.66,41.78,55.40,7.99
231.58,39.15,19.93,22.12,7.99,68.66,41.87,55.40,7.99
231.59,39.15,19.93,22.09,8.00,68.66,41.78,55.54,7.97
231.60,39.15,19.90,22.12,8.01,68.66,41.78,55.54,7.99
231.61,39.15,19.90,22.12,8.00,68.66,41.69,55.54,7.99
231.62,39.22,19.93,22.09,7.99,68.66,41.78,55.40,7.99
231.63,39.15,19.90,22.12,8.00,68.66,41.78,55.54,8.01
231.64,39.15,19.90,22.12,8.00,68.66,41.78,55.54,8.00
231.65,39.15,19.90,22.12,8.00,68.66,41.78,55.54,8.00
231.66,39.15,19.90,22.12,8.00,68.66,41.87,55.54,7.99
231.67,39.15,19.90,22.12,7.99,68.86,41.78,55.40,8.00
231.68,39.07,19.90,22.09,7.99,68.66,41.87,55.54,8.01
231.69,39.15,19.90,22.12,8.00,68.66,41.78,55.54,8.00
231.70,39.15,19.93,22.12,7.99,68.66,41.78,55.54,8.00
231.71,39.15,19.90,22.12,8.00,68.66,41.87,55.54,7.99
231.72,39.15,19.90,22.12,7.99,68.66,41.69,55.40,8.01
231.73,39.22,19.93,22.12,8.00,68.66,41.87,55.54,8.00
231.74,39.15,19.93,22.12,8.01,68.66,41.78,55.40,8.00
231.75,39.15,19.90,22.12,8.00,68.86,41.78,55.54,8.00
231.76,39.07,19.93,22.12,8.00,68.66,41.87,55.54,7.99
231.77,39.15,19.90,22.12,8.01,68.66,41.87,55.40,8.00
231.78,39.15,19.93,22.12,8.00,68.66,41.87,55.40,8.00
231.79,39.15,19.90,22.12,8.00,68.66,41.78,55.54,8.01
231.80,39.15,19.90,22.12,8.00,68.66,41.78,55.54,8.01
231.81,39.15,19.90,22.12,8.00,68.86,41.87,55.54,8.00
231.82,39.15,19.90,22.12,8.00,68.66,41.78,55.40,7.99
231.83,39.15,19.90,22.12,8.00,68.66,41.87,55.54,8.00
231.84,39.22,19.90,22.12,8.00,68.66,41.78,55.54,7.99
231.85,39.15,19.90,22.12,8.00,68.66,41.87,55.54,8.00
231.86,39.15,19.90,22.12,8.00,68.66,41.78,55.54,8.01
231.87,39.15,19.93,22.12,8.00,68.66,41.78,55.54,8.00
231.88,39.15,19.93,22.12,8.01,68.66,41.78,55.54,8.01
231.89,39.07,19.90,22.12,8.00,68.66,41.78,55.54,8.00
231.90,39.15,19.90,22.09,8.00,68.66,41.78,55.54,7.99
231.91,39.15,19.90,22.12,7.99,68.66,41.78,55.54,8.00
231.92,39.15,19.90,22.12,8.00,68.66,41.78,55.54,8.00
231.93,39.07,19.90,22.15,8.00,68.66,41.78,55.54,8.00
231.94,39.15,19.93,22.12,8.00,68.66,41.87,55.54,7.99
231.95,39.15,19.93,22.12,8.00,68.66,41.87,55.54,8.00
231.96,39.15,19.90,22.12,8.01,68.66,41.78,55.54,8.00
231.97,39.15,19.93,22.15,8.01,68.66,41.87,55.54,8.00
231.98,39.22,19.93,22.09,8.00,68.66,41.87,55.54,8.00
231.99,39.15,19.93,22.12,8.00,68.66,41.87,55.54,8.00
232.00,39.15,19.93,22.09,8.00,68.66,41.87,55.54,8.00
232.01,39.15,19.93,22.12,8.00,68.66,41.78,55.40,8.00
232.02,39.15,19.90,22.12,8.00,68.86,41.78,55.54,7.99
232.03,39.15,19.93,22.12,8.00,68.66,41.78,55.54,8.01
232.04,39.15,19.90,22.12,8.00,68.66,41.87,55.54,7.99
232.05,39.15,19.90,22.12,8.00,68.66,41.78,55.54,8.00
232.06,39.15,19.90,22.09,8.00,68.66,41.87,55.54,8.00
232.07,39.22,19.96,22.12,8.01,68.66,41.69,55.54,8.00
232.08,39.15,19.93,22.12,8.00,68.66,41.78,55.54,8.01
232.09,39.15,19.93,22.09,8.01,68.66,41.78,55.54,8.00
232.10,39.15,19.90,22.15,8.00,68.66,41.78,55.54,8.01
232.11,39.15,19.93,22.12,8.00,68.66,41.78,55.54,8.00
232.12,39.15,19.90,22.12,8.00,68.66,41.78,55.54,8.01
232.13,39.15,19.93,22.15,8.00,68.66,41.87,55.54,8.01
232.14,39.22,19.90,22.09,8.00,68.66,41.87,55.54,8.00
232.15,39.15,19.90,22.12,8.00,68.66,41.87,55.54,8.00
232.16,39.15,19.90,22.15,8.00,68.66,41.78,55.40,8.00
232.17,39.22,19.88,22.12,8.01,68.66,41.78,55.54,7.99
232.18,39.15,19.90,22.12,8.01,68.66,41.78,55.54,8.00
232.19,39.15,19.90,22.15,8.00,68.66,41.87,55.54,7.99
232.20,39.30,19.93,22.12,7.99,68.66,41.78,55.54,8.00
232.21,39.15,19.90,22.12,8.00,68.86,41.78,55.54,8.00
232.22,39.15,19.90,22.15,8.02,68.66,41.78,55.54,8.00
232.23,39.15,19.90,22.15,8.00,68.86,41.87,55.54,8.00
232.24,39.15,19.90,22.12,8.00,68.66,41.87,55.54,7.99
232.25,39.15,19.93,22.12,8.00,68.66,41.87,55.54,7.99
232.26,39.15,19.90,22.12,8.00,68.86,41.87,55.54,7.99
232.27,39.15,19.93,22.12,8.00,68.66,41.87,55.54,8.00
232.28,39.15,19.93,22.09,8.00,68.66,41.78,55.54,8.00
232.29,39.15,19.90,22.12,8.00,68.66,41.87,55.67,8.00
232.30,39.15,19.90,22.12,8.01,68.86,41.78,55.54,8.01
232.31,39.15,19.90,22.09,8.01,68.66,41.69,55.54,8.00
232.32,39.15,19.93,22.12,8.00,68.66,41.87,55.67,8.00
232.33,39.15,19.90,22.09,7.99,68.66,41.78,55.40,8.00
232.34,39.22,19.93,22.12,8.00,68.66,41.78,55.54,8.00
232.35,39.15,19.90,22.12,8.00,68.66,41.78,55.54,7.99
232.36,39.15,19.90,22.15,8.01,68.66,41.78,55.54,8.00
232.37,39.15,19.93,22.12,8.01,68.66,41.78,55.54,8.01
232.38,39.07,19.90,22.12,8.00,68.66,41.78,55.54,7.99
232.39,39.22,19.90,22.12,8.00,68.66,41.87,55.54,8.00
232.40,39.15,19.93,22.12,8.00,68.86,41.78,55.54,8.00
232.41,39.15,19.90,22.12,8.00,68.66,41.78,55.54,8.00
232.42,39.15,19.90,22.12,8.01,68.66,41.78,55.54,8.00
232.43,39.15,19.90,22.12,8.00,68.66,41.87,55.54,8.00
232.44,39.22,19.90,22.12,8.00,68.66,41.78,55.54,8.01
232.45,39.15,19.93,22.12,8.01,68.66,41.87,55.67,8.00
232.46,39.15,19.90,22.12,8.00,68.66,41.78,55.54,8.00
232.47,39.15,19.90,22.12,8.00,68.86,41.87,55.54,8.00
232.48,39.15,19.93,22.12,8.00,68.66,41.87,55.54,8.01
232.49,39.15,19.93,22.12,7.99,68.86,41.78,55.54,8.01
232.50,39.15,19.90,22.15,8.01,68.86,41.87,55.54,8.00
232.51,39.15,19.90,22.12,7.99,68.66,41.87,55.54,8.01
232.52,39.15,19.90,22.12,7.99,68.86,41.87,55.54,8.00
232.53,39.15,19.90,22.12,8.00,68.86,41.78,55.54,8.00
232.54,39.22,19.90,22.12,8.00,68.66,41.78,55.54,8.00
232.55,39.15,19.93,22.12,8.00,68.66,41.78,55.54,8.00
232.56,39.15,19.90,22.12,7.99,68.66,41.87,55.54,8.00
232.57,39.15,19.88,22.12,8.00,68.66,41.78,55.54,8.00
232.58,39.15,19.90,22.12,8.00,68.66,41.78,55.40,8.01
232.59,39.15,19.90,22.12,8.01,68.66,41.87,55.54,8.01
232.60,39.15,19.90,22.12,8.01,68.66,41.87,55.54,7.99
232.61,39.07,19.90,22.12,8.00,68.66,41.78,55.54,8.00
232.62,39.22,19.90,22.12,8.00,68.66,41.78,55.54,8.00
232.63,39.22,19.90,22.09,8.00,68.86,41.87,55.54,8.00
232.64,39.15,19.90,22.12,8.00,68.66,41.78,55.54,7.99
232.65,39.22,19.90,22.12,8.00,68.66,41.78,55.54,8.01
232.66,39.22,19.88,22.12,8.01,68.66,41.78,55.54,7.99
232.67,39.15,19.90,22.12,8.01,68.66,41.78,55.54,8.01
232.68,39.15,19.93,22.12,8.00,68.86,41.87,55.54,8.01
232.69,39.15,19.90,22.12,8.01,68.66,41.78,55.54,8.00
232.70,39.15,19.93,22.15,8.00,68.66,41.87,55.54,8.01
232.71,39.15,19.93,22.12,8.00,68.66,41.87,55.54,8.00
232.72,39.15,19.93,22.12,8.01,68.66,41.87,55.54,8.00
232.73,39.22,19.93,22.15,8.01,68.66,41.78,55.54,8.00
232.74,39.22,19.93,22.09,8.00,68.66,41.87,55.40,7.99
232.75,39.15,19.88,22.12,8.00,68.66,41.87,55.54,8.00
232.76,39.22,19.93,22.12,8.00,68.66,41.87,55.54,8.00
232.77,39.15,19.93,22.12,8.00,68.66,41.87,55.67,8.00
232.78,39.22,19.93,22.12,8.00,68.86,41.87,55.54,8.01
232.79,39.15,19.90,22.15,8.00,68.86,41.78,55.54,8.00
232.80,39.15,19.88,22.12,8.01,68.66,41.87,55.54,8.00
232.81,39.15,19.93,22.12,8.00,68.66,41.78,55.54,8.01
232.82,39.15,19.90,22.12,8.00,68.66,41.87,55.54,7.99
232.83,39.15,19.90,22.12,8.00,68.66,41.87,55.40,8.00
232.84,39.07,19.88,22.09,8.00,68.86,41.87,55.54,8.00
232.85,39.15,19.90,22.09,8.00,68.66,41.78,55.54,8.00
232.86,39.15,19.93,22.12,8.00,68.66,41.87,55.54,7.99
232.87,39.22,19.90,22.09,8.00,68.66,41.78,55.67,8.00
232.88,39.15,19.93,22.12,8.00,68.86,41.95,55.67,8.00
232.89,39.22,19.90,22.12,8.00,68.66,41.87,55.54,8.00
232.90,39.22,19.90,22.12,8.00,68.86,41.87,55.54,8.01
232.91,39.22,19.90,22.12,8.00,68.66,41.87,55.54,8.01
232.92,39.15,19.90,22.12,8.00,68.86,41.87,55.67,8.00
232.93,39.15,19.90,22.12,8.00,68.66,41.78,55.54,8.00
232.94,39.15,19.90,22.12,8.01,68.86,41.87,55.54,8.00
232.95,39.15,19.93,22.12,8.00,68.66,41.78,55.54,7.99
232.96,39.15,19.93,22.12,8.02,68.66,41.87,55.54,8.00
232.97,39.15,19.90,22.12,8.00,68.66,41.95,55.54,8.00
232.98,39.22,19.93,22.12,8.01,68.86,41.87,55.54,8.00
232.99,39.15,19.90,22.15,8.00,68.66,41.87,55.54,8.01
233.00,39.15,19.90,22.12,8.00,68.66,41.87,55.54,7.99
233.01,39.15,19.90,22.12,8.00,68.86,41.87,55.54,8.00
233.02,39.15,19.90,22.09,8.00,68.86,41.87,55.54,8.00
233.03,39.15,19.90,22.12,8.01,68.66,41.87,55.54,8.00
233.04,39.15,19.90,22.12,8.01,68.86,41.87,55.54,8.00
233.05,39.15,19.93,22.12,8.00,68.86,41.87,55.54,8.00
233.06,39.22,19.90,22.12,8.00,68.66,41.78,55.54,8.00
233.07,39.22,19.90,22.12,8.00,68.66,41.87,55.54,8.00
233.08,39.22,19.90,22.12,8.00,68.86,41.87,55.54,8.00
233.09,39.15,19.90,22.12,8.00,68.86,41.78,55.54,8.00
233.10,39.15,19.90,22.12,8.00,68.86,41.78,55.54,8.00
233.11,39.15,19.90,22.15,8.00,68.86,41.78,55.54,8.00
233.12,39.15,19.93,22.12,8.00,68.86,41.87,55.54,8.00
233.13,39.15,19.93,22.12,8.00,68.66,41.78,55.54,7.99
233.14,39.15,19.90,22.12,8.01,68.66,41.87,55.54,8.01
233.15,39.22,19.88,22.09,7.99,68.86,41.78,55.54,8.01
233.16,39.15,19.93,22.12,8.00,68.86,41.78,55.54,8.00
233.17,39.22,19.93,22.12,8.00,68.86,41.87,55.54,8.00
233.18,39.15,19.93,22.12,8.00,68.66,41.87,55.54,8.00
233.19,39.15,19.90,22.12,8.00,68.86,41.87,55.54,8.00
233.20,39.15,19.90,22.12,8.00,68.66,41.87,55.54,8.00
233.21,39.15,19.90,22.12,8.00,68.86,41.78,55.54,8.00
233.22,39.15,19.90,22.12,8.00,68.66,41.87,55.54,7.99
233.23,39.22,19.90,22.12,8.01,68.66,41.87,55.54,8.00
233.24,39.15,19.90,22.12,8.00,68.66,41.87,55.40,8.00
233.25,39.15,19.90,22.12,8.00,68.86,41.87,55.54,8.00
233.26,39.15,19.93,22.12,8.01,68.66,41.87,55.40,8.00
233.27,39.15,19.90,22.12,8.00,68.66,41.78,55.54,7.99
233.28,39.15,19.90,22.12,8.01,68.86,41.87,55.54,8.00
233.29,39.22,19.90,22.12,8.01,68.66,41.78,55.54,8.00
233.30,39.15,19.90,22.15,8.01,68.66,41.87,55.54,7.99
233.31,39.15,19.93,22.12,8.00,68.86,41.87,55.40,8.01
233.32,39.15,19.93,22.12,8.01,68.86,41.95,55.54,8.01
233.33,39.22,19.93,22.12,8.00,68.86,41.87,55.54,8.01
233.34,39.15,19.90,22.12,8.00,68.66,41.87,55.54,8.00
233.35,39.22,19.88,22.12,8.00,68.66,41.87,55.54,8.00
233.36,39.22,19.90,22.12,8.01,68.86,41.87,55.54,8.00
233.37,39.07,19.88,22.15,8.00,68.66,41.87,55.54,8.01
233.38,39.22,19.90,22.12,8.00,68.66,41.87,55.54,7.99
233.39,39.22,19.93,22.12,8.00,68.86,41.87,55.54,8.00
233.40,39.15,19.90,22.12,8.00,68.66,41.87,55.54,8.00
233.41,39.22,19.90,22.15,8.00,68.66,41.87,55.67,8.00
233.42,39.15,19.93,22.09,8.00,68.86,41.87,55.54,8.00
233.43,39.15,19.90,22.12,8.00,68.86,41.87,55.54,8.02
233.44,39.15,19.90,22.12,8.01,68.86,41.87,55.54,8.02
233.45,39.15,19.90,22.15,8.00,68.86,41.78,55.54,8.00
233.46,39.15,19.90,22.12,8.00,68.66,41.87,55.54,8.00
233.47,39.15,19.96,22.12,8.00,68.86,41.87,55.54,7.99
233.48,39.22,19.93,22.12,8.00,68.86,41.87,55.54,8.00
233.49,39.15,19.90,22.15,8.00,68.66,41.87,55.67,8.00
233.50,39.22,19.90,22.12,8.00,68.86,41.87,55.67,8.00
233.51,39.15,19.93,22.12,8.00,68.86,41.87,55.54,8.01
233.52,39.22,19.93,22.12,8.00,68.86,41.87,55.26,8.00
233.53,39.22,19.90,22.12,8.01,68.86,41.78,55.67,8.01
233.54,39.15,19.90,22.12,8.01,68.86,41.95,55.54,8.00
233.55,39.15,19.90,22.12,8.01,68.86,41.87,55.54,8.00
233.56,39.15,19.93,22.12,8.00,68.66,41.78,55.67,8.00
233.57,39.15,19.88,22.15,8.00,68.66,41.87,55.54,8.01
233.58,39.15,19.88,22.12,8.00,68.66,41.95,55.54,8.00
233.59,39.15,19.90,22.15,8.00,68.66,41.87,55.67,8.00
233.60,39.22,19.93,22.15,8.00,68.86,41.78,55.54,8.01
233.61,39.15,19.90,22.12,8.00,68.86,41.87,55.54,8.00
233.62,39.15,19.93,22.12,8.00,68.66,41.87,55.54,8.01
233.63,39.15,19.90,22.12,8.00,68.86,41.87,55.54,8.01
233.64,39.15,19.90,22.12,8.02,68.66,41.87,55.54,8.01
233.65,39.15,19.90,22.12,8.00,68.86,41.87,55.54,8.00
233.66,39.22,19.90,22.12,8.00,68.86,41.78,55.54,8.01
233.67,39.15,19.90,22.12,8.01,68.86,41.87,55.54,8.00
233.68,39.15,19.88,22.12,8.01,68.86,41.95,55.54,7.99
233.69,39.15,19.93,22.12,8.00,68.86,41.87,55.54,8.00
233.70,39.07,19.90,22.12,8.00,68.66,41.87,55.54,7.99
233.71,39.15,19.90,22.12,8.00,68.66,41.87,55.54,8.00
233.72,39.15,19.90,22.12,8.00,68.86,41.87,55.54,8.00
233.73,39.15,19.90,22.12,8.01,68.66,41.87,55.54,8.00
233.74,39.15,19.90,22.12,8.00,68.66,41.78,55.54,8.01
233.75,39.15,19.90,22.12,8.02,68.66,41.87,55.54,8.00
233.76,39.15,19.90,22.12,8.00,68.66,41.87,55.54,8.00
233.77,39.15,19.90,22.12,8.01,68.66,41.87,55.54,8.00
233.78,39.15,19.90,22.12,8.00,68.86,41.87,55.67,8.01
233.79,39.22,19.93,22.12,8.01,68.66,41.87,55.54,8.00
233.80,39.07,19.93,22.12,8.01,68.66,41.87,55.54,8.02
233.81,39.22,19.90,22.12,8.00,68.86,41.95,55.54,8.01
233.82,39.15,19.90,22.12,8.00,68.66,41.87,55.54,8.00
233.83,39.22,19.93,22.12,8.00,68.66,41.87,55.67,8.01
233.84,39.15,19.90,22.12,8.00,68.86,41.78,55.54,8.01
233.85,39.15,19.93,22.12,8.00,68.66,41.87,55.54,8.00
233.86,39.15,19.93,22.12,8.00,68.86,41.87,55.54,8.01
233.87,39.22,19.93,22.12,8.00,68.66,41.87,55.54,8.01
233.88,39.15,19.90,22.15,8.01,68.66,41.87,55.54,8.01
233.89,39.15,19.90,22.12,8.01,68.66,41.87,55.54,8.01
233.90,39.15,19.90,22.12,8.01,68.66,41.87,55.54,8.00
233.91,39.22,19.88,22.12,8.01,68.66,41.87,55.54,8.00
233.92,39.15,19.90,22.12,8.00,68.86,41.87,55.54,8.00
233.93,39.22,19.88,22.12,8.00,68.66,41.95,55.54,8.00
233.94,39.15,19.88,22.12,8.00,68.66,41.87,55.54,7.99
233.95,39.22,19.93,22.12,8.00,68.66,41.87,55.54,8.00
233.96,39.22,19.90,22.12,8.00,68.86,41.95,55.54,8.00
233.97,39.15,19.90,22.12,8.01,68.86,41.87,55.54,8.00
233.98,39.15,19.90,22.12,8.01,68.66,41.95,55.54,8.00
233.99,39.15,19.93,22.12,8.01,68.66,41.87,55.54,8.01
234.00,39.15,19.88,22.12,8.00,68.86,41.87,55.54,8.00
234.01,39.15,19.90,22.12,8.00,68.66,41.87,55.54,8.00
234.02,39.15,19.90,22.12,8.01,68.86,41.87,55.54,8.00
234.03,39.15,19.90,22.12,8.01,68.86,41.87,55.54,8.00
234.04,39.15,19.90,22.12,8.00,68.66,41.87,55.54,8.01
234.05,39.15,19.90,22.12,8.00,68.86,41.87,55.54,8.00
234.06,39.22,19.90,22.12,8.00,68.66,41.95,55.54,8.01
234.07,39.15,19.90,22.12,7.99,68.66,41.87,55.54,8.00
234.08,39.15,19.90,22.12,8.00,68.86,41.87,55.54,8.00
234.09,39.15,19.90,22.12,8.00,68.66,41.87,55.54,8.00
234.10,39.15,19.90,22.12,8.00,68.86,41.87,55.54,8.01
234.11,39.15,19.93,22.12,8.01,68.66,41.95,55.54,8.00
234.12,39.22,19.90,22.15,8.00,68.86,41.87,55.54,8.01
234.13,39.15,19.93,22.12,8.00,68.86,41.87,55.54,8.01
234.14,39.15,19.90,22.12,8.00,68.86,41.87,55.54,8.00
234.15,39.15,19.90,22.15,8.00,68.66,41.87,55.67,8.01
234.16,39.22,19.90,22.12,8.00,68.86,41.87,55.54,8.00
234.17,39.22,19.90,22.12,8.00,68.66,41.95,55.54,8.00
234.18,39.15,19.93,22.12,8.01,68.66,41.95,55.67,8.00
234.19,39.15,19.90,22.12,8.01,68.66,41.87,55.54,8.01
234.20,39.15,19.90,22.12,8.00,68.86,41.87,55.67,7.99
234.21,39.15,19.93,22.12,8.00,68.66,41.78,55.54,8.00
234.22,39.22,19.90,22.12,8.00,68.86,41.78,55.54,8.01
234.23,39.15,19.88,22.12,8.00,68.86,41.87,55.54,8.00
234.24,39.15,19.93,22.12,8.01,68.86,41.87,55.54,8.01
234.25,39.15,19.90,22.09,8.01,68.86,41.78,55.67,8.01
234.26,39.22,19.90,22.12,8.00,68.66,41.87,55.54,8.00
234.27,39.15,19.90,22.12,8.01,68.86,41.87,55.54,8.00
234.28,39.15,19.90,22.12,8.00,68.86,41.87,55.67,8.00
234.29,39.15,19.90,22.12,8.00,68.86,41.78,55.54,8.00
234.30,39.15,19.90,22.12,8.00,68.86,41.87,55.67,8.00
234.31,39.15,19.93,22.12,8.00,68.66,41.87,55.54,8.00
234.32,39.15,19.88,22.12,8.01,68.66,41.87,55.54,8.00
234.33,39.15,19.93,22.12,8.00,68.66,41.87,55.54,8.00
234.34,39.15,19.93,22.12,8.00,68.86,41.87,55.54,8.00
234.35,39.15,19.88,22.12,8.00,68.66,41.87,55.67,8.01
234.36,39.15,19.90,22.12,8.00,68.86,41.87,55.67,8.00
234.37,39.15,19.90,22.12,8.01,68.86,41.95,55.54,8.01
234.38,39.15,19.88,22.09,8.00,68.66,41.87,55.67,8.02
234.39,39.22,19.90,22.12,8.01,68.66,41.78,55.54,8.01
234.40,39.15,19.90,22.15,7.99,68.66,41.87,55.67,8.00
234.41,39.15,19.88,22.12,8.00,68.86,41.78,55.54,8.00
234.42,39.15,19.90,22.12,8.00,68.86,41.87,55.54,8.00
234.43,39.15,19.90,22.15,8.00,68.86,41.87,55.54,8.00
234.44,39.15,19.90,22.12,8.00,68.66,41.87,55.54,8.00
234.45,39.15,19.90,22.09,8.00,68.86,41.95,55.54,8.00
234.46,39.15,19.90,22.15,8.00,68.86,41.95,55.54,8.00
234.47,39.15,19.90,22.12,8.01,68.86,41.87,55.54,8.01
234.48,39.07,19.88,22.12,8.00,68.66,41.87,55.67,8.01
234.49,39.15,19.88,22.12,8.00,68.86,41.95,55.54,8.00
234.50,39.15,19.90,22.12,8.00,68.66,41.78,55.54,8.01
234.51,39.15,19.90,22.12,8.00,68.86,41.87,55.67,8.00
234.52,39.15,19.90,22.09,8.01,68.66,41.95,55.54,8.02
234.53,39.15,19.88,22.09,8.00,68.66,41.87,55.54,8.00
234.54,39.15,19.90,22.12,8.00,68.86,41.87,55.67,8.00
234.55,39.15,19.90,22.12,8.00,68.66,41.87,55.54,8.00
234.56,39.30,19.93,22.15,8.00,68.86,41.95,55.54,8.00
234.57,39.07,19.90,22.12,8.01,68.86,41.87,55.54,8.00
234.58,39.15,19.88,22.12,8.00,68.86,41.95,55.54,7.99
234.59,39.07,19.90,22.09,8.00,68.86,41.87,55.67,8.00
234.60,39.15,19.88,22.12,8.01,68.66,41.87,55.54,8.01
234.61,39.15,19.90,22.12,8.00,68.66,41.78,55.54,8.01
234.62,39.15,19.88,22.12,8.00,68.86,41.95,55.54,8.00
234.63,39.22,19.88,22.09,8.02,68.66,41.87,55.54,8.00
234.64,39.15,19.93,22.12,8.00,68.86,41.87,55.67,8.01
234.65,39.15,19.90,22.12,8.00,68.66,41.87,55.54,8.00
234.66,39.15,19.90,22.12,8.01,68.46,41.87,55.67,8.01
234.67,39.22,19.90,22.12,8.00,68.66,41.87,55.54,8.00
234.68,39.15,19.90,22.12,8.00,68.86,41.87,55.67,8.00
234.69,39.15,19.90,22.12,8.01,68.66,41.87,55.54,8.01
234.70,39.22,19.90,22.12,8.00,68.86,41.87,55.40,8.00
234.71,39.15,19.93,22.09,8.00,68.86,41.87,55.81,8.02
234.72,39.15,19.90,22.12,8.00,68.66,41.87,55.26,8.01
234.73,39.15,19.88,22.12,8.00,68.66,41.87,55.67,8.00
234.74,39.15,19.93,22.12,8.00,68.86,41.87,55.67,8.00
234.75,39.22,19.90,22.09,8.00,68.86,41.87,55.54,8.01
234.76,39.15,19.93,22.09,8.00,68.66,41.87,55.67,8.00
234.77,39.15,19.90,22.12,8.01,68.86,41.87,55.54,8.00
234.78,39.15,19.93,22.12,8.01,68.86,41.95,55.54,8.00
234.79,39.22,19.90,22.12,8.01,68.86,41.87,55.54,8.00
234.80,39.07,19.88,22.12,8.01,68.66,41.87,55.54,8.00
234.81,39.15,19.90,22.12,8.00,68.86,41.78,55.54,8.00
234.82,39.15,19.90,22.12,8.00,68.86,41.87,55.54,8.00
234.83,39.15,19.90,22.12,8.01,68.86,41.87,55.54,8.01
234.84,39.15,19.90,22.12,8.02,68.66,41.87,55.54,8.00
234.85,39.15,19.90,22.12,8.00,68.86,41.87,55.54,8.00
234.86,39.15,19.90,22.12,8.00,68.86,41.78,55.54,8.00
234.87,39.15,19.93,22.09,8.00,68.86,41.87,55.54,8.00
234.88,39.15,19.88,22.12,8.00,68.66,41.87,55.54,8.01
234.89,39.15,19.90,22.12,8.01,68.86,41.87,55.67,8.00
234.90,39.15,19.90,22.12,8.01,68.86,41.87,55.54,8.01
234.91,39.15,19.93,22.12,8.00,68.86,41.87,55.67,8.01
234.92,39.15,19.88,22.12,8.00,68.66,41.78,55.67,7.99
234.93,39.15,19.93,22.09,8.00,68.66,41.87,55.67,8.01
234.94,39.15,19.90,22.12,8.00,68.86,41.87,55.54,8.01
234.95,39.22,19.90,22.12,8.01,68.66,41.87,55.54,8.01
234.96,39.15,19.93,22.09,8.00,68.66,41.87,55.54,8.00
234.97,39.15,19.90,22.09,8.01,68.86,41.87,55.54,8.00
234.98,39.15,19.90,22.09,8.00,68.66,41.95,55.54,8.01
234.99,39.15,19.90,22.12,8.00,68.86,41.95,55.54,8.00
235.00,39.15,19.88,22.12,7.99,68.66,41.87,55.54,8.01
235.01,39.15,19.88,22.12,8.00,68.86,41.87,55.54,8.00
235.02,39.15,19.88,22.09,8.00,68.86,41.87,55.67,8.01
235.03,39.15,19.88,22.12,8.01,68.66,41.87,55.54,8.00
235.04,39.15,19.90,22.12,8.00,68.86,41.87,55.54,8.00
235.05,39.15,19.90,22.09,8.00,68.86,41.78,55.54,8.01
235.06,39.15,19.90,22.12,8.00,68.86,41.95,55.54,8.01
235.07,39.15,19.90,22.12,8.00,68.86,41.87,55.54,8.00
235.08,39.15,19.88,22.09,8.00,68.86,41.87,55.67,8.00
235.09,39.15,19.90,22.12,8.01,68.86,41.95,55.54,8.01
235.10,39.07,19.90,22.12,8.00,68.86,41.95,55.67,8.01
235.11,39.15,19.88,22.12,8.00,68.86,41.78,55.54,8.00
235.12,39.15,19.90,22.09,8.00,68.86,41.87,55.54,8.01
235.13,39.07,19.88,22.09,8.01,68.66,41.87,55.54,8.00
235.14,39.15,19.90,22.09,8.00,68.86,41.87,55.54,8.00
235.15,39.15,19.90,22.12,8.01,68.86,41.87,55.54,7.99
235.16,39.15,19.90,22.09,8.00,68.66,41.95,55.54,8.00
235.17,39.15,19.90,22.12,8.00,68.86,41.95,55.54,8.01
235.18,39.15,19.88,22.09,8.00,68.86,41.87,55.54,8.00
235.19,39.15,19.88,22.12,8.00,68.86,41.87,55.54,8.00
235.20,39.07,19.88,22.09,8.00,68.66,41.87,55.67,8.00
235.21,39.15,19.90,22.09,8.01,68.86,41.95,55.54,8.01
235.22,39.15,19.90,22.09,8.00,68.86,41.87,55.54,8.01
235.23,39.22,19.88,22.12,8.00,68.86,41.78,55.67,8.01
235.24,39.15,19.90,22.12,8.00,68.86,41.87,55.54,8.00
235.25,39.15,19.88,22.12,8.00,68.86,41.87,55.54,8.00
235.26,39.15,19.90,22.09,8.00,68.86,41.87,55.54,8.00
235.27,39.15,19.90,22.12,8.01,68.86,41.95,55.54,8.00
235.28,39.15,19.88,22.12,8.00,68.66,41.95,55.54,8.00
235.29,39.15,19.88,22.12,8.00,68.66,41.87,55.67,8.00
235.30,39.15,19.90,22.12,8.01,68.86,41.87,55.54,8.00
235.31,39.15,19.88,22.12,8.00,68.66,41.95,55.54,8.00
235.32,39.15,19.93,22.12,8.01,68.66,41.87,55.54,8.00
235.33,39.07,19.90,22.12,8.01,68.86,41.95,55.67,8.01
235.34,39.15,19.93,22.12,8.00,68.86,41.78,55.54,8.00
235.35,39.15,19.88,22.09,8.00,68.66,41.95,55.54,8.00
235.36,39.15,19.88,22.09,8.01,68.86,41.87,55.54,8.01
235.37,39.15,19.88,22.09,8.01,68.86,41.87,55.67,8.00
235.38,39.15,19.93,22.12,8.00,68.66,41.87,55.54,8.00
235.39,39.15,19.90,22.09,8.00,68.86,41.87,55.54,8.00
235.40,39.15,19.90,22.12,8.01,68.86,41.87,55.67,8.00
235.41,39.15,19.88,22.09,8.00,68.86,41.87,55.54,7.99
235.42,39.07,19.88,22.12,8.01,68.86,41.87,55.54,8.01
235.43,39.15,19.88,22.09,8.01,68.66,41.95,55.54,8.00
235.44,39.07,19.90,22.12,8.01,68.66,41.87,55.54,8.00
235.45,39.15,19.93,22.12,8.01,68.66,41.95,55.54,8.01
235.46,39.07,19.88,22.09,8.00,68.86,41.95,55.54,8.01
235.47,39.15,19.90,22.12,8.00,68.86,41.87,55.67,8.00
235.48,39.15,19.90,22.09,8.00,68.86,41.87,55.54,8.01
235.49,39.15,19.90,22.12,8.01,68.66,41.95,55.54,8.00
235.50,39.15,19.90,22.09,8.00,68.86,41.87,55.54,8.00
235.51,39.15,19.90,22.09,8.00,68.86,41.87,55.67,8.00
235.52,39.15,19.90,22.12,8.00,68.86,41.87,55.54,8.01
235.53,39.07,19.88,22.12,8.00,68.86,41.95,55.54,8.00
235.54,39.15,19.90,22.12,8.00,68.66,41.78,55.54,8.00
235.55,39.15,19.90,22.12,8.01,68.66,41.95,55.54,8.01
235.56,39.15,19.90,22.09,8.01,68.86,41.87,55.67,8.00
235.57,39.15,19.90,22.12,8.01,68.66,41.78,55.67,8.01
235.58,39.15,19.88,22.09,8.01,68.86,41.78,55.54,8.00
235.59,39.15,19.88,22.12,8.01,68.86,41.87,55.67,8.01
235.60,39.15,19.88,22.09,8.00,68.86,41.95,55.67,8.01
235.61,39.07,19.88,22.12,8.00,68.86,41.95,55.54,8.00
235.62,39.15,19.88,22.09,8.00,68.86,41.78,55.54,8.01
235.63,39.15,19.88,22.09,8.00,68.66,41.95,55.54,8.01
235.64,39.15,19.90,22.12,8.00,68.86,42.04,55.54,8.00
235.65,39.15,19.88,22.09,8.01,68.86,41.78,55.54,8.00
235.66,39.15,19.88,22.09,8.00,68.86,41.87,55.67,8.00
235.67,39.15,19.88,22.09,8.00,68.86,41.87,55.54,8.00
235.68,39.07,19.88,22.12,8.00,68.86,41.87,55.67,8.00
235.69,39.15,19.88,22.12,8.00,68.86,41.87,55.54,8.00
235.70,39.07,19.88,22.12,8.00,68.86,41.87,55.54,8.01
235.71,39.15,19.93,22.09,8.00,68.66,41.95,55.54,8.00
235.72,39.07,19.90,22.09,8.00,68.86,41.95,55.54,8.00
235.73,39.15,19.88,22.12,8.00,68.86,41.87,55.67,8.00
235.74,39.22,19.88,22.12,8.01,68.86,41.87,55.54,8.01
235.75,39.07,19.90,22.09,8.00,68.66,41.87,55.54,8.00
235.76,39.22,19.90,22.12,8.00,68.86,41.87,55.54,8.00
235.77,39.22,19.90,22.05,8.01,68.66,41.87,55.54,8.01
235.78,39.15,19.88,22.09,8.00,68.86,41.87,55.54,8.00
235.79,39.07,19.90,22.15,8.00,68.86,41.95,55.54,8.01
235.80,39.15,19.88,22.09,8.00,68.86,41.87,55.67,8.01
235.81,39.15,19.88,22.12,8.00,68.66,41.95,55.54,8.00
235.82,39.15,19.90,22.12,8.00,68.86,41.95,55.54,8.01
235.83,39.07,19.88,22.12,8.00,68.86,41.87,55.67,7.99
235.84,39.07,19.88,22.09,8.01,68.66,41.78,55.67,8.01
235.85,39.07,19.88,22.09,8.01,69.06,41.87,55.67,7.99
235.86,39.15,19.88,22.12,8.01,68.66,41.95,55.54,8.00
235.87,39.15,19.90,22.09,8.00,68.66,41.78,55.54,8.00
235.88,39.15,19.90,22.12,8.01,68.86,41.78,55.67,8.00
235.89,39.15,19.90,22.09,8.01,68.66,41.95,55.67,8.01
235.90,39.15,19.88,22.12,8.00,68.66,41.87,55.40,8.01
235.91,39.07,19.88,22.12,8.01,68.86,41.87,55.67,8.01
235.92,39.07,19.88,22.09,8.00,68.86,41.95,55.54,7.99
235.93,39.07,19.88,22.12,8.00,68.86,41.87,55.54,8.01
235.94,39.15,19.90,22.12,8.01,68.86,41.95,55.67,8.00
235.95,39.15,19.88,22.12,8.01,68.66,41.87,55.54,8.00
235.96,39.07,19.90,22.09,8.00,68.86,41.87,55.54,7.99
235.97,39.15,19.90,22.12,8.01,68.66,41.87,55.67,8.01
235.98,39.15,19.88,22.09,8.00,68.86,41.87,55.67,8.01
235.99,39.15,19.88,22.09,8.01,68.66,41.87,55.54,8.00
236.00,39.15,19.90,22.09,8.00,68.66,41.78,55.54,8.01
236.01,39.15,19.90,22.09,8.00,68.66,41.87,55.54,8.00
236.02,39.15,19.88,22.12,8.01,68.66,41.87,55.67,8.00
236.03,39.15,19.88,22.09,8.00,68.86,41.78,55.67,8.01
236.04,39.07,19.88,22.12,8.01,68.86,41.87,55.54,8.00
236.05,39.07,19.88,22.12,8.00,68.66,41.87,55.54,8.00
236.06,39.07,19.88,22.09,8.00,68.66,41.78,55.54,8.00
236.07,39.15,19.90,22.09,8.01,68.66,41.95,55.54,8.00
236.08,39.15,19.93,22.09,8.00,68.66,41.87,55.67,8.00
236.09,39.15,19.90,22.09,8.00,68.66,41.87,55.67,8.00
236.10,39.15,19.90,22.09,8.00,68.86,41.87,55.54,8.00
236.11,39.15,19.88,22.12,8.00,68.86,41.87,55.67,8.01
236.12,39.07,19.88,22.12,8.01,68.86,41.87,55.67,8.00
236.13,39.07,19.90,22.09,8.01,68.86,41.87,55.54,7.99
236.14,39.15,19.90,22.09,8.01,68.66,41.95,55.54,8.00
236.15,39.15,19.88,22.12,8.00,68.66,41.95,55.54,8.00
236.16,39.07,19.88,22.12,8.00,68.86,41.87,55.67,8.00
236.17,39.07,19.88,22.12,8.01,68.86,41.95,55.54,8.01
236.18,39.15,19.90,22.09,8.00,68.86,41.87,55.54,8.00
236.19,39.15,19.88,22.12,8.01,68.66,41.87,55.67,8.01
236.20,39.15,19.90,22.09,8.01,68.86,41.95,55.54,8.01
236.21,39.07,19.90,22.09,8.00,68.86,41.87,55.54,8.01
236.22,39.07,19.90,22.12,8.00,68.86,41.87,55.54,8.01
236.23,39.15,19.88,22.09,8.01,68.66,41.95,55.67,8.00
236.24,39.07,19.90,22.09,8.00,68.86,41.87,55.67,8.01
236.25,39.15,19.88,22.09,8.00,68.86,41.87,55.54,8.01
236.26,39.07,19.90,22.09,8.00,68.66,41.87,55.81,8.00
236.27,39.07,19.88,22.12,8.00,68.86,41.87,55.67,8.00
236.28,39.07,19.88,22.12,8.00,68.86,41.95,55.54,8.01
236.29,39.07,19.90,22.12,8.00,68.86,41.87,55.54,8.01
236.30,39.15,19.88,22.09,8.00,68.86,41.78,55.54,8.00
236.31,39.07,19.88,22.12,8.01,68.86,41.87,55.67,8.01
236.32,39.15,19.88,22.09,8.00,68.66,41.95,55.54,8.01
236.33,39.15,19.88,22.09,8.01,68.86,41.95,55.54,8.00
236.34,39.07,19.90,22.09,8.00,68.86,41.87,55.54,8.00
236.35,39.15,19.88,22.09,8.00,68.66,41.95,55.54,8.01
236.36,39.07,19.88,22.05,8.00,68.86,41.95,55.67,8.00
236.37,39.07,19.88,22.09,8.00,68.86,41.95,55.54,8.00
236.38,39.15,19.88,22.09,8.00,68.86,41.87,55.67,8.01
236.39,39.07,19.88,22.12,8.01,68.86,41.87,55.67,8.01
236.40,39.07,19.88,22.09,8.00,68.86,41.87,55.54,8.01
236.41,39.15,19.90,22.09,8.00,68.86,41.87,55.54,8.00
236.42,39.15,19.90,22.09,8.00,68.86,41.87,55.67,8.01
236.43,39.07,19.88,22.12,8.00,68.86,41.95,55.54,8.01
236.44,39.15,19.88,22.12,8.00,68.86,41.87,55.54,8.01
236.45,39.07,19.90,22.09,8.00,68.66,41.87,55.54,8.00
236.46,39.07,19.88,22.09,8.00,68.86,41.95,55.67,8.01
236.47,39.07,19.88,22.09,8.00,68.86,41.95,55.54,8.00
236.48,39.07,19.88,22.12,8.02,68.66,41.87,55.67,8.00
236.49,39.15,19.88,22.12,8.01,68.86,41.95,55.67,8.00
236.50,39.15,19.88,22.12,8.00,68.86,41.87,55.54,8.01
236.51,38.99,19.90,22.09,8.00,68.86,41.95,55.54,8.01
236.52,39.07,19.90,22.12,8.00,68.66,41.87,55.54,8.02
236.53,39.15,19.90,22.12,8.00,68.66,41.87,55.67,8.01
236.54,39.07,19.88,22.12,8.00,68.86,41.95,55.54,8.01
236.55,39.15,19.90,22.09,8.00,68.86,41.87,55.67,8.00
236.56,39.15,19.88,22.09,8.01,68.66,41.95,55.67,8.01
236.57,39.15,19.90,22.09,8.00,68.86,41.87,55.54,8.00
236.58,39.07,19.90,22.09,8.00,68.86,41.87,55.67,8.01
236.59,39.07,19.88,22.09,8.01,68.86,41.87,55.54,8.01
236.60,39.07,19.90,22.09,8.00,68.86,41.95,55.67,8.01
236.61,39.15,19.90,22.09,8.01,68.86,41.87,55.67,8.00
236.62,39.07,19.88,22.12,8.00,68.86,41.87,55.67,8.00
236.63,39.15,19.90,22.12,8.00,68.86,41.87,55.54,8.00
236.64,39.07,19.88,22.12,8.01,68.86,41.87,55.67,8.01
236.65,39.15,19.90,22.12,8.01,68.86,41.95,55.67,8.01
236.66,39.15,19.90,22.12,8.00,68.86,41.95,55.54,8.01
236.67,39.15,19.88,22.09,8.00,68.66,41.87,55.67,8.01
236.68,39.15,19.90,22.12,8.00,68.86,41.87,55.67,8.01
236.69,39.15,19.88,22.09,8.00,68.86,41.95,55.54,8.01
236.70,39.15,19.90,22.12,8.00,68.86,41.87,55.54,8.00
236.71,39.15,19.88,22.09,8.00,68.86,41.87,55.67,8.00
236.72,39.15,19.88,22.09,8.00,68.86,41.95,55.67,8.00
236.73,39.15,19.90,22.12,8.02,68.86,41.87,55.67,8.00
236.74,39.15,19.90,22.09,8.00,68.66,41.87,55.54,8.00
236.75,39.15,19.90,22.09,8.00,68.86,41.87,55.54,8.00
236.76,39.15,19.88,22.12,8.01,68.86,41.87,55.54,8.01
236.77,39.15,19.88,22.09,7.99,68.86,41.95,55.67,8.00
236.78,39.15,19.88,22.12,8.00,68.86,41.87,55.54,8.01
236.79,39.15,19.88,22.12,8.02,68.86,41.95,55.67,8.01
236.80,39.07,19.88,22.12,8.01,68.86,41.95,55.67,8.01
236.81,39.15,19.88,22.09,8.00,68.86,41.78,55.67,8.01
236.82,39.15,19.90,22.09,8.00,68.86,41.95,55.54,8.02
236.83,39.07,19.90,22.09,8.01,68.86,41.87,55.54,8.01
236.84,39.07,19.90,22.12,8.00,68.86,41.78,55.67,8.00
236.85,39.15,19.90,22.09,8.01,68.86,41.95,55.67,8.00
236.86,39.07,19.90,22.12,8.01,68.86,41.87,55.67,8.01
236.87,39.15,19.90,22.12,8.01,68.86,41.95,55.67,8.01
236.88,39.07,19.85,22.09,8.01,68.86,41.87,55.54,8.01
236.89,39.15,19.93,22.09,8.01,68.86,41.95,55.67,8.00
236.90,39.15,19.88,22.09,8.00,68.86,41.95,55.67,8.00
236.91,38.99,19.90,22.09,8.00,68.86,42.04,55.54,8.02
236.92,39.15,19.88,22.09,8.00,68.86,41.95,55.54,8.00
236.93,39.15,19.88,22.12,8.01,68.86,41.95,55.67,8.01
236.94,39.15,19.90,22.09,8.00,68.86,41.87,55.67,8.00
236.95,39.15,19.88,22.12,8.00,68.86,41.95,55.67,8.01
236.96,39.15,19.88,22.09,8.00,68.66,41.95,55.54,8.00
236.97,39.15,19.90,22.12,8.02,68.86,41.87,55.67,8.01
236.98,39.15,19.90,22.09,8.01,68.86,41.87,55.67,8.01
236.99,39.07,19.88,22.09,8.00,68.86,41.95,55.54,8.01
237.00,39.07,19.88,22.09,8.00,68.86,41.87,55.54,8.02
237.01,39.15,19.88,22.12,8.01,69.06,41.95,55.54,8.01
237.02,39.15,19.88,22.12,8.01,68.66,41.87,55.67,8.01
237.03,39.15,19.88,22.12,8.01,68.86,41.95,55.54,8.01
237.04,39.07,19.90,22.12,8.00,68.86,41.87,55.67,8.00
237.05,39.15,19.90,22.12,8.01,68.86,41.87,55.67,8.00
237.06,39.15,19.88,22.12,8.00,68.86,41.87,55.67,8.02
237.07,39.15,19.88,22.09,8.00,68.86,41.87,55.67,8.01
237.08,39.07,19.88,22.09,8.01,68.86,41.87,55.67,8.01
237.09,39.15,19.90,22.12,8.01,68.86,41.95,55.54,8.01
237.10,39.15,19.88,22.12,8.01,68.86,41.87,55.67,8.01
237.11,39.07,19.88,22.09,8.01,68.86,41.95,55.67,8.01
237.12,39.07,19.90,22.09,8.00,68.86,41.87,55.54,8.01
237.13,39.15,19.88,22.12,8.00,68.86,41.95,55.67,8.01
237.14,39.15,19.93,22.09,8.00,68.86,41.87,55.54,8.00
237.15,39.07,19.85,22.09,8.00,68.86,41.95,55.67,8.01
237.16,39.15,19.88,22.12,8.01,68.86,41.87,55.67,8.01
237.17,39.07,19.88,22.09,8.00,68.86,41.95,55.67,8.00
237.18,39.15,19.90,22.12,8.00,68.86,41.87,55.67,8.01
237.19,39.15,19.90,22.12,8.00,68.86,41.95,55.54,8.01
237.20,39.15,19.90,22.09,8.01,68.86,41.95,55.67,8.00
237.21,39.15,19.90,22.12,8.00,68.86,41.87,55.67,8.01
237.22,39.15,19.90,22.12,8.00,68.86,41.95,55.67,8.01
237.23,39.07,19.90,22.09,8.00,68.86,41.87,55.67,8.01
237.24,39.07,19.90,22.09,8.00,68.86,41.87,55.67,8.01
237.25,39.15,19.88,22.12,8.01,68.86,41.87,55.54,8.01
237.26,39.07,19.88,22.12,8.01,68.86,41.95,55.67,8.01
237.27,39.07,19.90,22.12,8.01,68.86,41.87,55.67,8.01
237.28,39.07,19.88,22.12,8.00,68.86,41.95,55.67,8.01
237.29,39.15,19.93,22.09,8.01,68.86,41.95,55.67,8.01
237.30,39.15,19.90,22.12,8.00,68.66,41.87,55.67,8.02
237.31,39.07,19.90,22.09,8.00,69.06,41.95,55.67,8.01
237.32,39.15,19.90,22.09,8.00,68.86,41.95,55.67,8.01
237.33,39.07,19.90,22.12,8.00,69.06,41.95,55.54,8.00
237.34,39.15,19.88,22.12,8.01,68.86,41.87,55.54,8.01
237.35,39.07,19.90,22.15,8.00,68.86,41.95,55.67,8.00
237.36,39.07,19.88,22.09,8.00,68.86,41.87,55.67,8.00
237.37,39.07,19.88,22.09,8.00,68.86,41.87,55.67,8.00
237.38,39.15,19.90,22.09,8.01,68.86,41.87,55.67,8.01
237.39,39.15,19.88,22.12,8.00,68.86,41.87,55.67,8.01
237.40,39.15,19.90,22.12,8.00,68.86,41.95,55.67,8.01
237.41,39.15,19.90,22.09,8.01,68.86,41.87,55.67,8.01
237.42,39.15,19.90,22.12,8.00,68.86,41.95,55.67,8.02
237.43,39.15,19.88,22.12,8.00,68.86,41.87,55.67,8.01
237.44,39.15,19.90,22.12,8.01,68.86,41.95,55.67,8.01
237.45,39.07,19.90,22.09,8.00,68.86,41.87,55.67,8.01
237.46,39.07,19.88,22.09,8.00,68.86,41.87,55.54,8.01
237.47,39.15,19.90,22.09,8.01,68.86,41.87,55.67,8.01
237.48,39.07,19.88,22.12,8.00,68.86,41.95,55.67,8.01
237.49,39.15,19.90,22.09,8.00,68.86,41.95,55.81,8.00
237.50,39.07,19.88,22.12,8.01,68.86,41.95,55.54,8.01
237.51,39.15,19.88,22.09,8.01,68.86,41.95,55.67,8.01
237.52,39.07,19.90,22.09,8.00,68.86,41.95,55.67,8.01
237.53,39.15,19.90,22.12,8.00,68.86,41.95,55.67,8.01
237.54,39.07,19.90,22.12,8.00,68.86,41.87,55.67,8.01
237.55,39.15,19.93,22.12,8.00,68.86,41.95,55.67,8.01
237.56,39.15,19.88,22.09,8.00,68.86,41.95,55.67,8.02
237.57,39.07,19.90,22.09,8.01,68.86,41.95,55.67,8.01
237.58,39.15,19.90,22.09,8.00,68.86,41.95,55.67,8.01
237.59,39.07,19.90,22.12,8.00,68.86,41.95,55.67,8.01
237.60,39.15,19.90,22.12,8.00,68.86,41.87,55.67,8.01
237.61,39.07,19.90,22.09,8.01,68.86,41.95,55.67,8.01
237.62,39.15,19.90,22.12,8.00,68.86,41.95,55.67,8.01
237.63,39.15,19.90,22.12,8.01,68.86,41.95,55.67,8.00
237.64,39.07,19.90,22.09,8.00,68.86,41.87,55.67,8.01
237.65,39.15,19.90,22.12,8.02,68.86,41.87,55.67,8.01
237.66,39.15,19.88,22.12,8.00,68.86,41.95,55.67,8.00
237.67,39.15,19.88,22.12,8.01,68.86,41.95,55.67,8.01
237.68,39.15,19.90,22.12,8.00,68.86,41.95,55.54,8.01
237.69,39.15,19.90,22.12,8.01,68.86,41.87,55.67,8.02
237.70,39.15,19.90,22.09,8.00,68.86,41.95,55.67,8.01
237.71,39.15,19.93,22.12,8.00,68.86,41.95,55.67,8.01
237.72,39.15,19.90,22.09,8.00,68.86,41.95,55.67,8.01
237.73,39.15,19.90,22.09,8.02,68.86,41.95,55.67,8.00
237.74,39.15,19.90,22.12,8.01,68.86,41.95,55.67,8.00
237.75,39.15,19.90,22.12,8.00,68.86,41.95,55.67,8.01
237.76,39.15,19.88,22.09,8.00,68.86,41.95,55.67,8.01
237.77,39.15,19.88,22.09,8.00,68.86,41.95,55.67,8.00
237.78,39.07,19.88,22.12,8.01,68.86,41.95,55.67,8.00
237.79,39.07,19.88,22.12,8.01,68.86,41.95,55.67,8.01
237.80,39.15,19.90,22.09,8.00,68.86,41.95,55.67,8.01
237.81,39.15,19.93,22.09,8.00,68.86,41.95,55.67,8.01
237.82,39.15,19.88,22.12,8.01,68.86,41.95,55.67,8.01
237.83,39.07,19.88,22.12,8.01,68.86,42.04,55.67,8.01
237.84,39.15,19.93,22.12,8.00,68.86,41.95,55.67,8.01
237.85,39.07,19.90,22.09,8.01,68.86,41.95,55.67,8.01
237.86,39.15,19.90,22.09,8.01,68.86,41.95,55.67,8.01
237.87,39.15,19.88,22.12,8.00,68.86,41.95,55.67,8.01
237.88,39.15,19.90,22.12,8.00,68.86,41.95,55.67,8.01
237.89,39.15,19.90,22.09,8.00,68.86,41.95,55.67,8.01
237.90,39.15,19.90,22.09,8.01,69.06,41.95,55.67,8.00
237.91,39.15,19.90,22.12,8.01,68.86,41.87,55.67,8.02
237.92,39.15,19.88,22.12,8.00,68.86,41.95,55.67,8.01
237.93,39.15,19.90,22.12,8.00,68.66,41.95,55.67,8.01
237.94,39.15,19.93,22.09,8.00,68.86,42.04,55.67,8.00
237.95,39.15,19.90,22.12,8.00,68.86,41.95,55.67,8.01
237.96,39.15,19.90,22.09,8.01,68.86,41.95,55.54,8.01
237.97,39.15,19.90,22.12,8.01,68.86,41.95,55.67,8.01
237.98,39.15,19.93,22.09,8.02,68.86,41.87,55.67,8.01
237.99,39.15,19.90,22.12,8.00,68.86,41.95,55.67,8.00
238.00,39.07,19.93,22.12,8.01,69.06,41.95,55.67,8.01
238.01,39.15,19.90,22.09,8.00,68.86,41.95,55.67,8.01
238.02,39.15,19.93,22.09,8.02,68.86,42.04,55.67,8.01
238.03,39.15,19.88,22.12,8.00,68.86,42.13,55.54,8.01
238.04,39.15,19.90,22.09,8.02,68.86,41.95,55.67,8.01
238.05,39.07,19.90,22.12,8.01,68.86,41.95,55.67,8.01
238.06,39.15,19.88,22.12,8.01,68.86,41.95,55.67,8.01
238.07,39.15,19.88,22.12,8.01,68.86,41.95,55.67,8.02
238.08,39.07,19.88,22.12,8.01,68.86,41.95,55.67,8.00
238.09,39.15,19.90,22.09,8.01,68.86,41.95,55.67,8.01
238.10,39.15,19.90,22.12,8.02,68.66,41.95,55.54,8.01
238.11,39.15,19.90,22.12,8.00,68.86,41.95,55.67,8.02
238.12,39.15,19.88,22.12,8.01,68.86,41.95,55.81,8.01
238.13,39.07,19.90,22.12,8.02,68.86,42.04,55.67,8.02
238.14,39.07,19.88,22.09,8.01,69.06,41.87,55.67,8.02
238.15,39.15,19.90,22.12,8.00,68.86,41.95,55.81,8.01
238.16,39.15,19.88,22.12,8.00,68.86,41.95,55.67,8.02
238.17,39.15,19.90,22.12,8.00,68.86,42.04,55.81,8.01
238.18,39.15,19.88,22.09,8.00,68.86,41.78,55.67,8.01
238.19,39.15,19.90,22.09,8.01,68.86,41.95,55.81,8.01
238.20,39.07,19.90,22.12,8.01,69.06,41.95,55.67,8.01
238.21,39.15,19.90,22.12,8.01,68.86,41.95,55.67,8.01
238.22,39.07,19.90,22.12,8.00,69.06,41.95,55.67,8.00
238.23,39.15,19.90,22.09,8.01,68.86,41.95,55.67,8.01
238.24,39.07,19.90,22.12,8.01,68.86,42.04,55.81,8.01
238.25,39.15,19.90,22.12,8.01,68.86,42.04,55.67,8.02
238.26,39.15,19.88,22.12,8.00,68.86,41.95,55.67,8.01
238.27,39.15,19.90,22.12,8.01,69.06,41.95,55.67,8.01
238.28,39.15,19.90,22.09,8.01,68.86,41.95,55.67,8.01
238.29,39.07,19.90,22.12,8.02,68.86,41.87,55.67,8.01
238.30,39.15,19.85,22.12,8.00,68.86,41.95,55.67,8.01
238.31,39.15,19.90,22.12,8.01,68.86,41.95,55.67,8.01
238.32,39.15,19.93,22.12,8.01,68.86,41.95,55.67,8.01
238.33,39.15,19.93,22.12,8.01,68.86,41.87,55.81,8.01
238.34,39.15,19.90,22.12,8.01,68.86,41.95,55.81,8.01
238.35,39.15,19.90,22.12,8.01,68.86,41.95,55.81,8.01
238.36,39.15,19.90,22.12,8.01,68.86,41.95,55.81,8.01
238.37,39.15,19.90,22.12,8.01,69.06,41.95,55.67,8.01
238.38,39.15,19.88,22.12,8.00,68.86,41.95,55.81,8.02
238.39,39.07,19.88,22.12,8.02,68.86,41.95,55.67,8.01
238.40,39.15,19.90,22.12,8.01,68.86,41.95,55.67,8.01
238.41,39.15,19.90,22.09,8.01,68.86,41.95,55.67,8.01
238.42,39.15,19.93,22.12,8.02,68.86,42.04,55.67,8.01
238.43,39.15,19.93,22.09,8.00,68.86,41.87,55.67,8.01
238.44,39.15,19.93,22.12,8.02,68.86,41.95,55.67,8.02
238.45,39.07,19.90,22.09,8.01,68.86,41.95,55.67,8.02
238.46,39.15,19.88,22.12,8.02,68.86,41.95,55.67,8.01
238.47,39.07,19.90,22.12,8.01,68.86,41.95,55.67,8.01
238.48,39.15,19.90,22.12,8.00,68.86,41.95,55.81,8.00
238.49,39.15,19.90,22.09,8.01,68.86,42.04,55.67,8.01
238.50,39.15,19.93,22.12,8.02,68.86,41.95,55.67,8.01
238.51,39.15,19.90,22.09,8.01,69.06,41.95,55.81,8.01
238.52,39.15,19.90,22.12,8.00,69.06,41.95,55.67,8.01
238.53,39.15,19.90,22.12,8.01,68.86,41.95,55.81,8.01
238.54,39.15,19.90,22.12,8.00,68.86,41.95,55.67,8.01
238.55,39.15,19.90,22.09,8.01,68.86,42.04,55.81,8.01
238.56,39.07,19.88,22.09,8.01,68.86,42.04,55.67,8.01
238.57,39.15,19.90,22.12,8.01,68.86,41.95,55.81,8.01
238.58,39.15,19.90,22.12,8.02,69.06,42.04,55.67,8.01
238.59,39.15,19.93,22.12,8.00,68.86,41.95,55.67,8.01
238.60,39.15,19.90,22.12,8.02,68.86,41.95,55.81,8.01
238.61,39.15,19.90,22.15,8.02,68.86,41.95,55.67,8.01
238.62,39.15,19.90,22.12,8.00,68.86,41.95,55.67,8.01
238.63,39.15,19.88,22.12,8.01,68.86,41.95,55.81,8.01
238.64,39.15,19.90,22.12,8.02,68.86,41.95,55.67,8.00
238.65,39.15,19.88,22.12,8.01,69.06,42.04,55.67,8.01
238.66,39.07,19.93,22.12,8.01,69.06,41.95,55.67,8.01
238.67,39.15,19.93,22.09,8.01,69.06,41.95,55.67,8.01
238.68,39.07,19.90,22.12,8.00,68.86,41.95,55.67,8.02
238.69,39.15,19.90,22.12,8.00,69.06,41.95,55.67,8.01
238.70,39.15,19.90,22.12,8.01,68.86,41.95,55.67,8.01
238.71,39.15,19.90,22.12,8.00,68.86,41.95,55.67,8.01
238.72,39.15,19.90,22.12,8.01,68.86,41.95,55.67,8.01
238.73,39.15,19.90,22.12,8.01,68.86,41.95,55.67,8.01
238.74,39.15,19.93,22.12,8.01,68.86,42.04,55.81,8.01
238.75,39.07,19.90,22.12,8.01,69.06,41.95,55.67,8.02
238.76,39.15,19.90,22.09,8.00,68.86,41.95,55.67,8.02
238.77,39.07,19.93,22.12,8.00,68.86,42.04,55.67,8.01
238.78,39.15,19.90,22.12,8.00,69.06,41.95,55.67,8.01
238.79,39.15,19.90,22.12,8.02,69.06,41.95,55.67,8.01
238.80,39.15,19.90,22.12,8.00,68.66,41.95,55.67,8.01
238.81,39.15,19.93,22.15,8.01,68.86,41.95,55.67,8.01
238.82,39.15,19.90,22.12,8.00,68.86,42.04,55.67,8.01
238.83,39.15,19.90,22.12,8.02,69.06,41.95,55.81,8.01
238.84,39.07,19.90,22.12,8.00,68.86,41.95,55.67,8.01
238.85,39.15,19.90,22.09,8.01,68.86,41.95,55.67,8.02
238.86,39.15,19.90,22.12,8.01,68.86,41.95,55.67,8.02
238.87,39.15,19.88,22.09,8.02,68.86,41.95,55.81,8.00
238.88,39.15,19.90,22.09,8.01,68.86,41.95,55.81,8.01
238.89,39.15,19.93,22.12,8.01,68.86,41.95,55.81,8.01
238.90,39.22,19.93,22.12,8.00,68.86,41.95,55.67,8.01
238.91,39.15,19.90,22.12,8.01,68.86,42.04,55.67,8.02
238.92,39.15,19.90,22.12,8.01,69.06,41.95,55.67,8.01
238.93,39.15,19.90,22.12,8.00,68.86,42.04,55.67,8.01
238.94,39.15,19.88,22.12,8.00,68.86,42.04,55.67,8.01
238.95,39.15,19.90,22.12,8.02,68.86,41.95,55.67,8.01
238.96,39.15,19.88,22.12,8.01,69.06,41.95,55.81,8.01
238.97,39.15,19.90,22.09,8.00,68.86,41.95,55.81,8.02
238.98,39.15,19.90,22.12,8.01,68.86,41.95,55.67,8.01
238.99,39.15,19.90,22.15,8.01,68.86,41.95,55.81,8.01
239.00,39.15,19.90,22.12,8.01,69.06,42.04,55.81,8.01
239.01,39.15,19.90,22.12,8.01,68.86,41.95,55.67,8.01
239.02,39.15,19.93,22.12,8.00,69.06,42.04,55.67,8.01
239.03,39.15,19.90,22.12,8.01,69.06,41.95,55.81,8.01
239.04,39.15,19.90,22.09,8.01,68.86,41.95,55.67,8.02
239.05,39.15,19.88,22.12,8.01,68.86,41.95,55.67,8.01
239.06,39.15,19.96,22.12,8.00,69.06,41.95,55.81,8.01
239.07,39.15,19.93,22.12,8.01,68.86,41.95,55.81,8.02
239.08,39.15,19.90,22.15,8.01,68.86,41.95,55.67,8.02
239.09,39.15,19.90,22.12,8.01,69.06,41.95,55.81,8.02
239.10,39.15,19.93,22.12,8.01,68.86,42.04,55.67,8.01
239.11,39.15,19.93,22.12,8.00,69.06,41.95,55.81,8.02
239.12,39.15,19.90,22.12,8.02,68.86,42.04,55.67,8.02
239.13,39.15,19.90,22.12,8.00,69.06,41.95,55.67,8.01
239.14,39.15,19.90,22.12,8.01,69.06,42.04,55.67,8.02
239.15,39.15,19.93,22.12,8.01,68.86,42.04,55.81,8.01
239.16,39.15,19.90,22.12,8.01,68.86,42.13,55.67,8.01
239.17,39.15,19.93,22.12,8.01,69.06,41.95,55.67,8.01
239.18,39.15,19.90,22.09,8.01,69.06,42.04,55.67,8.01
239.19,39.22,19.90,22.12,8.01,69.06,42.04,55.81,8.01
239.20,39.15,19.90,22.12,8.01,68.86,42.04,55.81,8.02
239.21,39.15,19.90,22.12,8.01,68.86,42.04,55.67,8.02
239.22,39.15,19.93,22.12,8.01,68.86,42.04,55.81,8.01
239.23,39.22,19.90,22.12,8.01,68.86,41.95,55.81,8.01
239.24,39.15,19.93,22.12,8.02,69.06,42.04,55.81,8.01
239.25,39.15,19.90,22.15,8.01,68.86,42.04,55.81,8.02
239.26,39.22,19.93,22.12,8.01,69.06,41.95,55.67,8.01
239.27,39.07,19.90,22.12,8.02,68.86,41.95,55.81,8.01
239.28,39.22,19.90,22.12,8.00,68.86,41.95,55.81,8.01
239.29,39.07,19.90,22.12,8.01,68.86,41.95,55.81,8.01
239.30,39.15,19.90,22.09,8.01,69.06,41.95,55.81,8.03
239.31,39.15,19.93,22.12,8.01,68.86,41.87,55.67,8.01
239.32,39.22,19.90,22.09,8.01,69.06,41.95,55.81,8.01
239.33,39.15,19.90,22.12,8.01,68.86,42.04,55.67,8.02
239.34,39.15,19.90,22.15,8.01,69.06,41.95,55.81,8.01
239.35,39.15,19.90,22.12,8.01,68.86,41.95,55.81,8.01
239.36,39.22,19.93,22.12,8.01,68.86,42.04,55.67,8.00
239.37,39.07,19.90,22.12,8.01,69.26,42.04,55.67,8.02
239.38,39.15,19.90,22.12,8.02,69.06,41.95,55.67,8.01
239.39,39.07,19.90,22.12,8.00,68.86,41.95,55.67,8.02
239.40,39.15,19.90,22.12,8.02,69.06,41.95,55.81,8.01
239.41,39.15,19.93,22.12,8.01,69.06,41.95,55.81,8.01
239.42,39.15,19.90,22.12,8.01,68.86,42.04,55.67,8.02
239.43,39.15,19.90,22.12,8.01,69.06,41.95,55.81,8.01
239.44,39.15,19.90,22.12,8.01,69.06,42.04,55.54,8.01
239.45,39.15,19.88,22.12,8.01,69.06,42.04,55.81,8.01
239.46,39.22,19.93,22.12,8.02,68.86,42.04,55.81,8.02
239.47,39.15,19.90,22.12,8.01,69.06,42.04,55.81,8.01
239.48,39.15,19.93,22.15,8.02,68.86,42.04,55.81,8.01
239.49,39.22,19.93,22.12,8.02,69.06,42.04,55.67,8.01
239.50,39.15,19.93,22.12,8.01,69.06,42.04,55.81,8.01
239.51,39.22,19.90,22.12,8.01,68.86,42.04,55.81,8.01
239.52,39.15,19.90,22.12,8.02,68.86,41.95,55.81,8.01
239.53,39.15,19.90,22.12,8.01,69.06,42.04,55.81,8.01
239.54,39.15,19.90,22.12,8.01,69.06,42.13,55.81,8.01
239.55,39.22,19.96,22.12,8.01,69.06,41.95,55.81,8.02
239.56,39.15,19.90,22.12,8.02,69.06,41.95,55.81,8.02
239.57,39.15,19.93,22.12,8.01,69.06,42.04,55.67,8.01
239.58,39.15,19.93,22.12,8.02,69.06,42.04,55.81,8.02
239.59,39.22,19.90,22.12,8.01,69.06,42.04,55.81,8.02
239.60,39.22,19.93,22.12,8.01,68.86,42.04,55.81,8.01
239.61,39.15,19.90,22.12,8.02,69.06,41.95,55.81,8.01
239.62,39.15,19.90,22.12,8.01,69.06,42.04,55.81,8.01
239.63,39.22,19.93,22.12,8.01,69.06,42.04,55.67,8.01
239.64,39.22,19.90,22.12,8.01,69.06,41.95,55.81,8.01
239.65,39.07,19.90,22.12,8.01,69.06,42.04,55.95,8.01
239.66,39.22,19.90,22.15,8.02,68.86,42.04,55.67,8.02
239.67,39.15,19.90,22.15,8.01,68.86,42.04,55.81,8.02
239.68,39.15,19.93,22.12,8.02,69.06,41.95,55.81,8.01
239.69,39.22,19.90,22.15,8.01,68.86,42.04,55.81,8.02
239.70,39.22,19.93,22.15,8.02,69.06,42.04,55.81,8.02
239.71,39.22,19.93,22.12,8.01,69.06,42.04,55.81,8.01
239.72,39.15,19.93,22.12,8.02,69.06,41.95,55.81,8.02
239.73,39.22,19.90,22.12,8.01,68.86,42.04,55.81,8.02
239.74,39.15,19.90,22.12,8.01,69.06,41.95,55.81,8.03
239.75,39.15,19.90,22.15,8.01,69.06,42.04,55.81,8.02
239.76,39.15,19.90,22.12,8.01,69.06,42.04,55.67,8.01
239.77,39.15,19.90,22.15,8.01,69.06,42.04,55.81,8.02
239.78,39.22,19.93,22.12,8.01,69.06,42.04,55.81,8.02
239.79,39.15,19.90,22.15,8.00,69.06,42.04,55.67,8.01
239.80,39.15,19.93,22.15,8.01,69.26,42.04,55.81,8.03
239.81,39.15,19.93,22.12,8.01,68.86,42.04,55.81,8.01
239.82,39.15,19.96,22.12,8.01,69.06,42.04,55.81,8.01
239.83,39.22,19.93,22.12,8.01,69.06,41.95,55.81,8.01
239.84,39.15,19.90,22.12,8.00,69.06,42.04,55.81,8.01
239.85,39.15,19.90,22.12,8.01,68.86,42.04,55.81,8.02
239.86,39.22,19.93,22.12,8.01,69.06,42.04,55.81,8.01
239.87,39.22,19.90,22.12,8.01,69.06,42.13,55.81,8.01
239.88,39.15,19.93,22.12,8.01,69.06,41.95,55.81,8.01
239.89,39.15,19.93,22.12,8.01,68.86,42.04,55.81,8.02
239.90,39.15,19.90,22.15,8.02,69.06,42.13,55.81,8.01
239.91,39.22,19.93,22.12,8.01,68.86,42.04,55.81,8.01
239.92,39.15,19.90,22.12,8.01,68.86,42.04,55.81,8.03
239.93,39.15,19.90,22.12,8.01,69.06,41.95,55.81,8.01
239.94,39.22,19.93,22.12,8.01,69.06,42.04,55.81,8.01
239.95,39.22,19.93,22.12,8.01,69.06,42.04,55.81,8.02
239.96,39.22,19.93,22.12,8.01,69.06,42.04,55.81,8.02
239.97,39.15,19.90,22.12,8.00,69.06,41.95,55.81,8.03
239.98,39.22,19.90,22.12,8.01,69.06,42.13,55.81,8.02
239.99,39.15,19.90,22.12,8.01,69.06,42.04,55.81,8.01
240.00,39.15,19.90,22.15,8.01,69.06,41.95,55.81,8.02
240.01,39.22,19.90,22.09,8.01,69.06,42.04,55.81,8.01
240.02,39.15,19.90,22.15,8.01,69.06,42.04,55.81,8.02
240.03,39.22,19.93,22.12,8.01,69.06,42.13,55.81,8.03
240.04,39.22,19.93,22.12,8.02,68.86,41.95,55.81,8.02
240.05,39.22,19.93,22.12,8.02,68.86,42.04,55.81,8.01
240.06,39.22,19.90,22.12,8.01,68.86,42.04,55.81,8.01
240.07,39.22,19.93,22.12,8.01,68.86,42.04,55.81,8.02
240.08,39.15,19.93,22.15,8.01,68.86,42.13,55.81,8.01
240.09,39.22,19.90,22.12,8.01,69.06,41.95,55.81,8.02
240.10,39.22,19.93,22.12,8.02,68.86,42.04,55.81,8.02
240.11,39.15,19.93,22.12,8.01,68.66,42.04,55.81,8.01
240.12,39.15,19.90,22.12,8.01,69.06,41.95,55.81,8.02
240.13,39.22,19.90,22.12,8.01,69.06,42.04,55.81,8.02
240.14,39.22,19.90,22.12,8.01,69.06,41.95,55.81,8.02
240.15,39.22,19.93,22.12,8.01,69.06,42.04,55.81,8.02
240.16,39.22,19.93,22.12,8.01,69.06,42.04,55.81,8.02
240.17,39.15,19.93,22.12,8.01,69.06,42.04,55.81,8.01
240.18,39.22,19.90,22.12,8.01,68.86,42.04,55.67,8.03
240.19,39.15,19.93,22.12,8.01,68.86,42.13,55.81,8.02
240.20,39.22,19.90,22.12,8.01,69.06,42.04,55.81,8.01
240.21,39.22,19.90,22.15,8.01,69.06,42.04,55.81,8.02
240.22,39.15,19.93,22.15,8.01,69.06,42.04,55.81,8.01
240.23,39.22,19.93,22.12,8.01,69.06,42.04,55.81,8.02
240.24,39.07,19.90,22.12,8.02,68.86,42.04,55.67,8.01
240.25,39.22,19.90,22.12,8.01,69.06,42.04,55.67,8.02
240.26,39.15,19.93,22.12,8.01,69.06,42.04,55.81,8.01
240.27,39.22,19.93,22.12,8.01,69.06,42.04,55.81,8.01
240.28,39.22,19.88,22.15,8.01,68.86,42.04,55.81,8.01
240.29,39.22,19.90,22.15,8.01,68.86,42.04,55.67,8.01
240.30,39.15,19.93,22.12,8.04,69.06,42.04,55.81,8.01
240.31,39.15,19.90,22.15,8.01,69.06,42.04,55.81,8.01
240.32,39.22,19.93,22.15,8.02,69.06,42.04,55.81,8.02
240.33,39.22,19.90,22.12,8.02,69.06,42.13,55.81,8.02
240.34,39.22,19.93,22.12,8.01,68.86,42.04,55.81,8.01
240.35,39.22,19.93,22.15,8.02,69.06,41.95,55.67,8.01
240.36,39.15,19.93,22.12,8.02,69.06,42.22,55.81,8.02
240.37,39.22,19.93,22.12,8.01,69.06,41.95,55.81,8.03
240.38,39.22,19.90,22.12,8.00,69.06,42.04,55.81,8.01
240.39,39.15,19.93,22.12,8.02,69.06,42.04,55.81,8.02
240.40,39.22,19.90,22.15,8.02,68.86,42.04,55.81,8.02
240.41,39.22,19.93,22.12,8.01,69.06,42.04,55.81,8.01
240.42,39.22,19.93,22.12,8.02,68.86,42.04,55.67,8.03
240.43,39.22,19.93,22.15,8.01,69.06,42.04,55.81,8.02
240.44,39.22,19.93,22.12,8.01,68.86,42.04,55.81,8.02
240.45,39.22,19.90,22.09,8.02,69.06,42.04,55.81,8.01
240.46,39.22,19.93,22.12,8.01,69.06,42.04,55.67,8.02
240.47,39.22,19.93,22.12,8.02,68.86,41.95,55.81,8.01
240.48,39.22,19.93,22.15,8.02,69.06,42.04,55.81,8.03
240.49,39.22,19.93,22.12,8.01,69.06,42.04,55.81,8.02
240.50,39.22,19.93,22.12,8.02,69.06,42.04,55.81,8.01
240.51,39.22,19.88,22.15,8.01,69.06,42.13,55.81,8.02
240.52,39.22,19.90,22.15,8.01,69.06,42.04,55.81,8.02
240.53,39.22,19.90,22.12,8.01,69.06,41.95,55.81,8.02
240.54,39.22,19.93,22.15,8.01,69.06,42.04,55.81,8.02
240.55,39.22,19.93,22.12,8.01,69.06,42.04,55.81,8.01
240.56,39.15,19.90,22.12,8.01,68.86,42.04,55.81,8.01
240.57,39.15,19.90,22.12,8.01,69.06,42.04,55.81,8.02
240.58,39.22,19.93,22.12,8.01,69.06,42.04,55.95,8.02
240.59,39.22,19.90,22.12,8.01,69.06,42.04,55.81,8.03
240.60,39.22,19.93,22.12,8.02,69.06,42.04,55.81,8.01
240.61,39.15,19.93,22.12,8.01,69.06,42.04,55.95,8.02
240.62,39.22,19.90,22.12,8.01,69.06,42.04,55.67,8.01
240.63,39.15,19.93,22.12,8.02,69.06,41.95,55.81,8.02
240.64,39.22,19.90,22.15,8.01,69.06,42.04,55.81,8.02
240.65,39.22,19.93,22.12,8.01,69.06,42.04,55.81,8.01
240.66,39.15,19.93,22.15,8.02,69.06,42.04,55.81,8.01
240.67,39.22,19.93,22.12,8.01,69.06,42.13,55.81,8.02
240.68,39.22,19.93,22.12,8.02,69.06,42.04,55.81,8.02
240.69,39.22,19.90,22.12,8.01,69.06,42.04,55.81,8.02
240.70,39.22,19.93,22.12,8.01,69.06,42.13,55.67,8.01
240.71,39.15,19.90,22.15,8.01,69.06,42.04,55.95,8.03
240.72,39.22,19.93,22.15,8.01,69.06,41.95,55.67,8.02
240.73,39.22,19.93,22.15,8.01,69.06,42.13,55.81,8.01
240.74,39.22,19.90,22.15,8.01,68.86,42.13,55.81,8.02
240.75,39.22,19.90,22.15,8.01,69.06,42.04,55.81,8.02
240.76,39.22,19.90,22.15,8.01,69.06,42.04,55.81,8.02
240.77,39.22,19.93,22.12,8.01,69.06,42.04,55.81,8.02
240.78,39.22,19.93,22.12,8.01,69.06,42.04,55.81,8.02
240.79,39.22,19.90,22.12,8.01,69.06,41.95,55.81,8.02
240.80,39.15,19.93,22.15,8.01,69.06,42.04,55.81,8.01
240.81,39.15,19.93,22.12,8.01,69.06,42.13,55.81,8.01
240.82,39.15,19.90,22.15,8.01,69.06,42.13,55.81,8.03
240.83,39.22,19.93,22.12,8.01,69.06,42.04,55.81,8.02
240.84,39.22,19.90,22.12,8.01,69.06,42.04,55.95,8.02
240.85,39.22,19.90,22.12,8.02,69.06,42.04,55.81,8.01
240.86,39.15,19.90,22.12,8.02,69.06,42.04,55.81,8.02
240.87,39.22,19.93,22.12,8.01,68.86,42.04,55.95,8.01
240.88,39.22,19.93,22.15,8.01,69.06,42.04,55.67,8.02
240.89,39.22,19.90,22.12,8.01,69.06,42.13,55.81,8.01
240.90,39.22,19.93,22.15,8.02,69.06,42.04,55.81,8.02
240.91,39.22,19.93,22.15,8.01,69.06,42.13,55.81,8.01
240.92,39.15,19.90,22.15,8.02,69.06,42.04,55.81,8.02
240.93,39.15,19.93,22.15,8.02,69.06,42.13,55.81,8.02
240.94,39.22,19.90,22.15,8.01,68.86,42.04,55.81,8.01
240.95,39.15,19.93,22.09,8.01,69.06,42.13,55.67,8.01
240.96,39.22,19.90,22.15,8.01,69.06,42.04,55.81,8.02
240.97,39.22,19.90,22.15,8.01,69.06,42.04,55.81,8.02
240.98,39.15,19.93,22.12,8.02,69.06,42.04,55.81,8.02
240.99,39.22,19.93,22.12,8.01,69.06,42.04,55.81,8.01
241.00,39.15,19.93,22.12,8.01,69.06,42.13,55.81,8.02
241.01,39.22,19.90,22.15,8.01,69.06,42.13,55.81,8.02
241.02,39.22,19.90,22.12,8.01,69.06,42.04,55.81,8.02
241.03,39.15,19.93,22.12,8.01,69.06,42.04,55.95,8.02
241.04,39.22,19.90,22.15,8.01,69.06,42.04,55.81,8.01
241.05,39.22,19.93,22.12,8.01,68.86,42.04,55.81,8.02
241.06,39.22,19.90,22.12,8.01,69.06,42.04,55.81,8.02
241.07,39.22,19.93,22.12,8.01,69.06,42.04,55.81,8.02
241.08,39.22,19.93,22.12,8.02,69.06,42.13,55.81,8.02
241.09,39.22,19.93,22.12,8.00,69.06,42.04,55.95,8.02
241.10,39.22,19.90,22.12,8.01,69.06,42.04,55.81,8.01
241.11,39.22,19.90,22.12,8.01,69.06,42.04,55.81,8.03
241.12,39.22,19.93,22.12,8.02,69.06,42.04,55.81,8.01
241.13,39.22,19.90,22.12,8.01,69.06,42.04,55.81,8.01
241.14,39.22,19.90,22.15,8.01,69.06,42.13,55.81,8.01
241.15,39.22,19.93,22.12,8.02,69.06,42.04,55.81,8.01
241.16,39.22,19.90,22.12,8.01,68.86,42.04,55.81,8.02
241.17,39.15,19.90,22.15,8.01,69.06,42.13,55.95,8.02
241.18,39.15,19.90,22.12,8.01,69.26,42.04,55.95,8.02
241.19,39.22,19.90,22.15,8.01,69.06,42.13,55.81,8.01
241.20,39.22,19.93,22.12,8.02,69.06,42.04,55.81,8.03
241.21,39.15,19.90,22.15,8.02,69.06,42.04,55.81,8.01
241.22,39.22,19.93,22.12,8.01,69.06,42.04,55.81,8.02
241.23,39.15,19.93,22.15,8.01,69.06,42.13,55.81,8.01
241.24,39.22,19.90,22.15,8.01,68.86,42.13,55.81,8.01
241.25,39.22,19.93,22.12,8.01,69.06,42.13,55.81,8.02
241.26,39.22,19.90,22.12,8.01,69.06,42.04,55.81,8.02
241.27,39.22,19.93,22.12,8.01,69.06,42.13,55.81,8.02
241.28,39.22,19.93,22.12,8.01,69.06,41.95,55.81,8.02
241.29,39.22,19.93,22.12,8.01,69.06,42.13,55.81,8.01
241.30,39.22,19.93,22.12,8.02,69.06,42.13,55.81,8.03
241.31,39.22,19.90,22.12,8.02,69.06,42.13,55.81,8.02
241.32,39.22,19.93,22.15,8.01,69.06,42.04,55.81,8.02
241.33,39.22,19.90,22.12,8.01,69.06,42.13,55.81,8.02
241.34,39.22,19.90,22.12,8.01,69.06,42.04,55.81,8.01
241.35,39.22,19.93,22.15,8.02,69.06,42.04,55.81,8.02
241.36,39.22,19.90,22.12,8.01,69.06,42.13,55.81,8.02
241.37,39.22,19.90,22.12,8.01,69.06,42.13,55.95,8.02
241.38,39.22,19.93,22.12,8.01,69.26,42.04,55.81,8.02
241.39,39.22,19.90,22.12,8.04,69.06,42.04,55.95,8.01
241.40,39.22,19.93,22.12,8.01,69.06,42.13,55.95,8.02
241.41,39.22,19.93,22.15,8.01,69.06,42.13,55.81,8.02
241.42,39.22,19.90,22.12,8.01,69.06,41.95,55.81,8.02
241.43,39.22,19.90,22.12,8.01,69.06,42.04,55.81,8.02
241.44,39.22,19.96,22.15,8.01,69.06,42.13,55.81,8.01
241.45,39.22,19.96,22.15,8.02,69.06,41.95,55.81,8.02
241.46,39.22,19.90,22.15,8.02,69.06,42.13,55.81,8.02
241.47,39.22,19.93,22.12,8.01,69.06,42.04,55.81,8.02
241.48,39.22,19.96,22.15,8.02,69.06,42.13,55.81,8.02
241.49,39.22,19.93,22.15,8.02,69.06,42.13,55.81,8.03
241.50,39.22,19.93,22.15,8.01,69.06,42.13,55.81,8.02
241.51,39.22,19.93,22.15,8.01,69.06,42.04,55.81,8.02
241.52,39.22,19.93,22.12,8.01,69.06,42.13,55.81,8.01
241.53,39.22,19.93,22.15,8.01,69.06,42.04,55.81,8.03
241.54,39.22,19.93,22.12,8.01,69.06,42.13,55.81,8.02
241.55,39.22,19.90,22.12,8.01,69.06,42.04,55.81,8.01
241.56,39.22,19.93,22.15,8.01,69.06,42.22,55.81,8.01
241.57,39.22,19.93,22.12,8.01,69.06,42.13,55.81,8.01
241.58,39.22,19.90,22.15,8.01,69.06,42.13,55.81,8.02
241.59,39.22,19.90,22.15,8.02,69.06,42.04,55.81,8.02
241.60,39.22,19.93,22.12,8.02,69.06,42.04,55.67,8.03
241.61,39.22,19.90,22.12,8.01,69.06,42.13,55.81,8.01
241.62,39.15,19.93,22.12,8.01,69.06,42.13,55.81,8.01
241.63,39.22,19.93,22.12,8.02,69.06,42.13,55.81,8.02
241.64,39.22,19.90,22.15,8.01,69.06,42.13,55.81,8.02
241.65,39.15,19.93,22.12,8.02,69.06,42.04,55.81,8.02
241.66,39.22,19.93,22.12,8.01,69.06,42.04,55.95,8.02
241.67,39.22,19.90,22.12,8.01,68.86,42.13,55.81,8.02
241.68,39.15,19.93,22.12,8.01,69.06,42.04,55.95,8.01
241.69,39.22,19.93,22.15,8.02,69.06,42.13,55.81,8.02
241.70,39.22,19.93,22.12,8.01,69.06,42.13,55.81,8.02
241.71,39.22,19.90,22.12,8.01,69.06,42.13,55.81,8.03
241.72,39.22,19.93,22.12,8.02,69.06,42.13,55.81,8.01
241.73,39.22,19.93,22.12,8.00,69.06,42.13,55.95,8.02
241.74,39.22,19.93,22.12,8.02,68.86,42.04,55.81,8.01
241.75,39.15,19.90,22.15,8.02,69.46,42.13,55.81,8.01
241.76,39.22,19.90,22.12,8.02,68.86,42.13,55.81,8.03
241.77,39.22,19.90,22.12,8.01,69.06,42.04,55.81,8.02
241.78,39.22,19.90,22.15,8.00,69.06,42.13,55.81,8.02
241.79,39.22,19.93,22.15,8.02,69.06,42.13,55.95,8.02
241.80,39.22,19.90,22.12,8.01,69.06,42.04,55.81,8.02
241.81,39.15,19.93,22.15,8.02,69.06,42.04,56.09,8.02
241.82,39.22,19.90,22.15,8.04,69.06,42.04,55.95,8.02
241.83,39.22,19.90,22.12,8.01,69.06,42.04,55.81,8.02
241.84,39.22,19.93,22.15,8.01,69.06,42.13,55.81,8.02
241.85,39.22,19.93,22.15,8.01,69.06,42.04,55.81,8.02
241.86,39.22,19.93,22.15,8.02,69.06,42.04,55.81,8.03
241.87,39.22,19.90,22.15,8.01,69.06,42.13,55.81,8.02
241.88,39.22,19.93,22.12,8.01,69.06,42.13,55.81,8.01
241.89,39.22,19.90,22.15,8.02,69.06,42.13,55.81,8.02
241.90,39.22,19.93,22.15,8.01,69.06,42.04,55.81,8.02
241.91,39.22,19.90,22.12,8.01,69.06,42.04,55.95,8.02
241.92,39.22,19.93,22.12,8.01,69.06,42.13,55.81,8.02
241.93,39.22,19.90,22.12,8.01,69.06,42.04,55.81,8.02
241.94,39.22,19.93,22.12,8.02,69.06,42.04,55.81,8.03
241.95,39.22,19.93,22.12,8.04,69.06,42.04,55.81,8.02
241.96,39.22,19.90,22.15,8.01,69.06,42.04,55.81,8.03
241.97,39.15,19.90,22.15,8.01,69.06,42.13,55.95,8.02
241.98,39.22,19.90,22.15,8.02,69.06,42.04,55.81,8.02
241.99,39.22,19.90,22.12,8.02,69.06,42.04,55.81,8.02
242.00,39.22,19.93,22.12,8.01,69.06,42.04,55.95,8.03
242.01,39.30,19.93,22.12,8.01,69.06,42.04,55.81,8.02
242.02,39.22,19.93,22.15,8.01,69.06,42.04,55.81,8.02
242.03,39.22,19.93,22.12,8.01,69.06,42.13,55.95,8.03
242.04,39.22,19.90,22.12,8.01,69.06,42.13,55.81,8.02
242.05,39.22,19.88,22.12,8.01,69.06,42.13,55.81,8.02
242.06,39.22,19.93,22.12,8.01,69.06,42.13,55.81,8.02
242.07,39.22,19.93,22.12,8.01,69.06,42.13,55.81,8.02
242.08,39.22,19.90,22.15,8.01,69.06,42.04,55.81,8.02
242.09,39.15,19.90,22.15,8.04,69.06,42.04,55.81,8.02
242.10,39.22,19.90,22.15,8.02,69.06,42.13,55.81,8.02
242.11,39.22,19.90,22.12,8.01,69.26,42.13,55.81,8.02
242.12,39.22,19.93,22.15,8.01,69.06,42.13,55.95,8.02
242.13,39.22,19.90,22.15,8.01,69.06,42.13,55.95,8.03
242.14,39.22,19.93,22.12,8.01,69.06,42.13,55.81,8.03
242.15,39.22,19.93,22.12,8.02,69.06,42.04,55.81,8.01
242.16,39.22,19.93,22.15,8.02,69.06,42.13,55.95,8.02
242.17,39.15,19.90,22.12,8.02,69.06,42.13,55.95,8.03
242.18,39.22,19.93,22.12,8.02,69.26,42.13,55.81,8.03
242.19,39.22,19.93,22.12,8.01,68.86,42.13,55.81,8.02
242.20,39.22,19.93,22.15,8.01,69.06,42.04,55.95,8.02
242.21,39.22,19.90,22.12,8.02,69.06,42.13,55.95,8.02
242.22,39.22,19.90,22.15,8.02,69.06,42.13,55.81,8.01
242.23,39.22,19.93,22.15,8.01,69.06,42.13,55.95,8.02
242.24,39.22,19.90,22.15,8.01,69.06,42.13,55.95,8.02
242.25,39.22,19.93,22.15,8.02,69.06,42.04,55.81,8.01
242.26,39.22,19.93,22.15,8.02,69.06,42.13,55.81,8.03
242.27,39.22,19.90,22.15,8.01,69.06,42.13,55.81,8.03
242.28,39.22,19.96,22.15,8.01,69.06,42.04,55.81,8.02
242.29,39.22,19.93,22.15,8.01,69.06,42.13,55.81,8.02
242.30,39.22,19.93,22.15,8.02,69.06,42.13,55.81,8.02
242.31,39.30,19.93,22.15,8.02,69.06,42.13,55.81,8.02
242.32,39.22,19.93,22.15,8.01,69.06,42.04,55.81,8.01
242.33,39.22,19.93,22.15,8.01,69.06,42.13,55.95,8.02
242.34,39.22,19.93,22.15,8.01,69.06,42.04,55.81,8.01
242.35,39.22,19.93,22.15,8.02,69.06,42.04,55.81,8.03
242.36,39.15,19.90,22.15,8.01,69.26,42.13,55.81,8.01
242.37,39.22,19.93,22.12,8.01,69.06,42.04,55.81,8.03
242.38,39.15,19.93,22.12,8.01,69.06,42.04,55.95,8.03
242.39,39.22,19.90,22.15,8.01,69.06,42.04,55.95,8.02
242.40,39.22,19.90,22.12,8.02,69.06,42.04,55.95,8.02
242.41,39.22,19.93,22.12,8.01,69.06,42.13,55.81,8.03
242.42,39.22,19.93,22.15,8.01,69.06,42.13,55.95,8.03
242.43,39.22,19.93,22.15,8.02,69.26,42.13,55.81,8.02
242.44,39.22,19.93,22.15,8.02,69.06,42.13,55.95,8.02
242.45,39.15,19.90,22.15,8.01,69.06,42.13,55.81,8.02
242.46,39.22,19.90,22.12,8.01,69.06,42.13,55.81,8.02
242.47,39.22,19.90,22.15,8.02,69.06,42.04,55.81,8.02
242.48,39.22,19.93,22.15,8.01,69.06,42.04,55.95,8.02
242.49,39.22,19.93,22.15,8.01,69.06,42.04,55.81,8.02
242.50,39.30,19.93,22.12,8.02,69.06,42.13,55.95,8.02
242.51,39.22,19.93,22.15,8.01,69.06,42.13,55.81,8.02
242.52,39.22,19.93,22.12,8.01,69.06,42.04,55.81,8.03
242.53,39.22,19.93,22.15,8.01,69.06,42.13,55.81,8.02
242.54,39.22,19.90,22.12,8.02,69.06,42.04,55.95,8.02
242.55,39.22,19.93,22.15,8.02,69.06,42.13,55.81,8.02
242.56,39.22,19.90,22.15,8.01,69.06,42.13,55.95,8.02
242.57,39.22,19.93,22.15,8.01,69.26,42.04,55.95,8.02
242.58,39.22,19.90,22.15,8.01,69.06,42.13,55.95,8.02
242.59,39.22,19.93,22.15,8.01,69.06,42.04,55.81,8.02
242.60,39.22,19.93,22.15,8.01,69.06,42.13,55.81,8.03
242.61,39.22,19.96,22.15,8.02,69.06,42.13,55.81,8.03
242.62,39.22,19.93,22.15,8.02,69.26,42.04,55.95,8.02
242.63,39.22,19.90,22.15,8.04,69.06,42.13,55.81,8.02
242.64,39.22,19.88,22.15,8.02,69.06,42.13,55.95,8.02
242.65,39.22,19.96,22.15,8.04,69.06,42.04,55.95,8.02
242.66,39.22,19.93,22.15,8.01,69.06,42.13,55.81,8.02
242.67,39.22,19.93,22.15,8.01,69.06,42.04,55.81,8.03
242.68,39.22,19.90,22.15,8.02,69.06,42.04,55.95,8.02
242.69,39.22,19.90,22.15,8.01,69.06,42.13,55.95,8.02
242.70,39.22,19.93,22.15,8.02,69.26,42.04,55.95,8.02
242.71,39.22,19.93,22.15,8.01,69.06,42.04,55.95,8.03
242.72,39.22,19.90,22.12,8.02,69.06,42.13,55.81,8.01
242.73,39.22,19.90,22.12,8.04,69.06,42.04,55.95,8.03
242.74,39.30,19.90,22.15,8.02,69.06,42.22,55.95,8.02
242.75,39.22,19.90,22.12,8.01,69.06,42.04,55.95,8.03
242.76,39.22,19.93,22.12,8.04,69.06,42.13,55.95,8.02
242.77,39.30,19.93,22.12,8.01,69.06,42.13,55.81,8.03
242.78,39.22,19.90,22.15,8.01,69.06,42.13,55.95,8.02
242.79,39.22,19.90,22.12,8.04,69.06,42.04,55.95,8.01
242.80,39.22,19.93,22.15,8.01,69.06,42.04,55.95,8.04
242.81,39.22,19.90,22.15,8.02,69.06,42.13,55.95,8.02
242.82,39.22,19.90,22.15,8.02,69.26,42.13,55.95,8.02
242.83,39.30,19.90,22.12,8.01,69.06,42.13,55.81,8.03
242.84,39.22,19.93,22.12,8.02,69.06,42.04,55.81,8.01
242.85,39.22,19.93,22.15,8.01,69.06,42.13,55.95,8.02
242.86,39.15,19.93,22.19,8.01,69.06,42.04,55.81,8.02
242.87,39.30,19.90,22.15,8.01,69.06,42.13,55.95,8.03
242.88,39.15,19.90,22.12,8.01,69.06,42.04,55.95,8.02
242.89,39.15,19.93,22.15,8.02,69.06,42.13,55.95,8.02
242.90,39.22,19.93,22.15,8.01,69.06,42.13,55.81,8.02
242.91,39.22,19.93,22.12,8.02,69.26,42.13,55.95,8.03
242.92,39.22,19.90,22.19,8.01,69.06,42.04,56.09,8.02
242.93,39.22,19.90,22.15,8.02,69.06,42.04,55.95,8.02
242.94,39.22,19.93,22.12,8.01,69.06,42.13,55.81,8.01
242.95,39.22,19.93,22.15,8.01,68.86,42.13,55.81,8.02
242.96,39.22,19.90,22.15,8.01,69.26,42.13,55.95,8.03
242.97,39.22,19.93,22.15,8.01,69.06,42.22,55.81,8.02
242.98,39.30,19.93,22.15,8.02,69.26,42.13,55.95,8.02
242.99,39.30,19.93,22.15,8.01,69.06,42.13,55.95,8.03
243.00,39.22,19.93,22.19,8.04,69.06,42.13,55.95,8.02
243.01,39.22,19.93,22.15,8.01,69.06,42.04,55.81,8.02
243.02,39.22,19.90,22.15,8.01,69.06,42.13,55.95,8.02
243.03,39.22,19.93,22.15,8.04,69.06,42.13,55.81,8.02
243.04,39.30,19.93,22.12,8.02,69.26,42.13,55.95,8.02
243.05,39.22,19.93,22.15,8.01,69.06,42.04,55.95,8.02
243.06,39.22,19.93,22.15,8.02,69.06,42.13,55.95,8.03
243.07,39.22,19.93,22.15,8.01,69.06,42.13,55.95,8.02
243.08,39.22,19.93,22.15,8.02,69.06,42.04,55.81,8.02
243.09,39.22,19.96,22.15,8.04,69.06,42.04,55.81,8.02
243.10,39.22,19.93,22.15,8.01,69.26,42.13,55.81,8.02
243.11,39.22,19.93,22.12,8.01,69.06,42.13,55.81,8.01
243.12,39.22,19.90,22.12,8.04,69.06,42.13,55.95,8.03
243.13,39.22,19.93,22.15,8.02,69.26,42.04,55.95,8.02
243.14,39.22,19.90,22.19,8.01,69.06,42.13,55.81,8.01
243.15,39.22,19.93,22.15,8.04,69.26,42.13,55.95,8.02
243.16,39.22,19.96,22.15,8.01,69.06,42.13,55.95,8.02
243.17,39.22,19.93,22.15,8.01,69.26,42.22,55.95,8.02
243.18,39.22,19.90,22.15,8.02,69.06,42.13,55.81,8.03
243.19,39.22,19.93,22.15,8.04,69.26,42.13,55.95,8.02
243.20,39.22,19.93,22.12,8.02,69.06,42.13,55.95,8.03
243.21,39.22,19.93,22.15,8.01,69.06,42.13,55.95,8.02
243.22,39.22,19.93,22.12,8.02,69.26,42.13,55.95,8.02
243.23,39.22,19.93,22.15,8.01,69.26,42.13,55.95,8.02
243.24,39.22,19.93,22.12,8.02,69.06,42.04,55.95,8.02
243.25,39.22,19.93,22.15,8.01,69.26,42.13,55.95,8.03
243.26,39.30,19.90,22.15,8.01,69.06,42.13,55.81,8.02
243.27,39.22,19.93,22.15,8.02,69.26,42.13,55.95,8.02
243.28,39.22,19.93,22.15,8.01,69.06,42.13,55.95,8.02
243.29,39.30,19.96,22.19,8.04,69.06,42.13,55.95,8.02
243.30,39.22,19.93,22.12,8.02,69.06,42.13,55.95,8.02
243.31,39.22,19.93,22.15,8.04,69.06,42.13,55.95,8.03
243.32,39.22,19.93,22.15,8.01,69.26,42.13,55.95,8.02
243.33,39.22,19.93,22.15,8.01,69.06,42.13,55.95,8.03
243.34,39.22,19.93,22.15,8.04,69.26,42.04,55.81,8.02
243.35,39.30,19.90,22.15,8.01,69.06,42.13,55.95,8.02
243.36,39.22,19.93,22.15,8.04,69.06,42.13,55.95,8.03
243.37,39.22,19.93,22.15,8.02,69.06,42.04,55.95,8.01
243.38,39.22,19.93,22.15,8.02,69.26,42.13,55.95,8.01
243.39,39.30,19.93,22.15,8.02,69.06,42.13,55.95,8.02
243.40,39.22,19.93,22.15,8.01,69.06,42.13,55.81,8.02
243.41,39.22,19.90,22.15,8.02,69.26,42.04,55.95,8.02
243.42,39.22,19.93,22.15,8.01,69.06,42.13,55.81,8.02
243.43,39.22,19.93,22.15,8.04,69.26,42.13,55.95,8.03
243.44,39.22,19.93,22.15,8.01,69.06,42.13,55.95,8.02
243.45,39.22,19.93,22.12,8.01,69.26,42.13,55.95,8.03
243.46,39.22,19.90,22.15,8.01,69.26,42.13,55.95,8.03
243.47,39.22,19.93,22.15,8.01,69.06,42.04,55.95,8.02
243.48,39.30,19.96,22.15,8.01,69.06,42.13,55.81,8.02
243.49,39.30,19.93,22.12,8.01,69.06,42.13,55.95,8.01
243.50,39.22,19.96,22.15,8.01,69.06,42.04,55.81,8.02
243.51,39.22,19.93,22.15,8.02,69.06,42.13,55.95,8.02
243.52,39.30,19.96,22.15,8.02,69.06,42.13,55.95,8.02
243.53,39.22,19.93,22.15,8.02,69.06,42.04,55.95,8.03
243.54,39.22,19.93,22.15,8.02,69.06,42.13,55.95,8.03
243.55,39.22,19.93,22.12,8.01,69.26,42.13,55.81,8.03
243.56,39.30,19.93,22.15,8.02,69.06,42.13,55.95,8.02
243.57,39.22,19.93,22.15,8.04,69.06,42.13,55.95,8.02
243.58,39.22,19.93,22.15,8.01,69.26,42.13,55.95,8.02
243.59,39.22,19.93,22.15,8.01,69.26,42.13,55.95,8.03
243.60,39.22,19.90,22.15,8.02,69.26,42.13,55.95,8.02
243.61,39.22,19.90,22.15,8.02,69.06,42.13,55.95,8.03
243.62,39.30,19.93,22.19,8.01,69.06,42.13,55.95,8.02
243.63,39.22,19.93,22.12,8.01,69.06,42.13,55.95,8.02
243.64,39.22,19.93,22.15,8.04,69.26,42.13,55.95,8.03
243.65,39.22,19.93,22.15,8.01,69.26,42.22,55.95,8.01
243.66,39.30,19.93,22.15,8.01,69.26,42.13,55.95,8.02
243.67,39.22,19.96,22.15,8.02,69.26,42.22,55.95,8.03
243.68,39.22,19.93,22.15,8.02,69.26,42.13,55.95,8.03
243.69,39.30,19.93,22.15,8.04,69.26,42.13,55.95,8.01
243.70,39.30,19.90,22.15,8.01,69.06,42.13,55.95,8.03
243.71,39.22,19.93,22.15,8.01,69.06,42.13,56.09,8.02
243.72,39.22,19.90,22.15,8.02,69.06,42.13,55.81,8.02
243.73,39.22,19.93,22.15,8.01,69.06,42.22,55.81,8.02
243.74,39.22,19.93,22.15,8.01,69.26,42.13,55.95,8.02
243.75,39.22,19.90,22.19,8.01,69.06,42.22,55.95,8.02
243.76,39.30,19.90,22.12,8.04,69.06,42.13,55.95,8.02
243.77,39.30,19.93,22.15,8.02,69.26,42.13,55.95,8.02
243.78,39.22,19.93,22.15,8.01,69.26,42.13,55.95,8.02
243.79,39.22,19.93,22.15,8.01,69.26,42.13,55.95,8.02
243.80,39.22,19.96,22.15,8.01,69.06,42.13,55.95,8.03
243.81,39.22,19.90,22.12,8.04,69.06,42.22,55.95,8.02
243.82,39.30,19.93,22.12,8.01,69.06,42.13,55.95,8.03
243.83,39.22,19.99,22.15,8.02,69.26,42.13,55.95,8.01
243.84,39.22,19.93,22.15,8.01,69.06,42.13,56.09,8.03
243.85,39.22,19.93,22.15,8.01,69.06,42.13,55.95,8.02
243.86,39.22,19.93,22.15,8.02,69.06,42.13,55.95,8.02
243.87,39.22,19.93,22.15,8.02,69.06,42.13,55.81,8.03
243.88,39.22,19.90,22.15,8.01,69.26,42.13,55.95,8.02
243.89,39.30,19.90,22.12,8.01,69.26,42.13,55.95,8.02
243.90,39.30,19.93,22.12,8.02,69.06,42.13,55.95,8.02
243.91,39.22,19.96,22.15,8.01,69.06,42.13,55.95,8.02
243.92,39.22,19.93,22.15,8.02,69.26,42.13,55.95,8.02
243.93,39.22,19.93,22.15,8.02,69.06,42.13,55.95,8.03
243.94,39.22,19.93,22.15,8.04,69.06,41.95,55.95,8.02
243.95,39.30,19.96,22.12,8.02,69.26,42.13,55.95,8.03
243.96,39.30,19.93,22.15,8.01,69.26,42.13,55.95,8.03
243.97,39.30,19.93,22.19,8.04,69.26,42.13,55.81,8.01
243.98,39.22,19.93,22.12,8.04,69.06,42.13,55.95,8.02
243.99,39.30,19.93,22.15,8.01,69.26,42.13,55.95,8.03
244.00,39.30,19.93,22.19,8.01,69.26,42.13,55.95,8.03
244.01,39.22,19.96,22.15,8.02,69.06,42.22,55.95,8.03
244.02,39.30,19.93,22.12,8.04,69.06,42.13,55.95,8.01
244.03,39.22,19.93,22.15,8.02,69.26,42.13,55.95,8.02
244.04,39.15,19.93,22.19,8.02,69.06,42.13,55.95,8.02
244.05,39.30,19.93,22.15,8.01,69.26,42.13,55.95,8.02
244.06,39.15,19.93,22.19,8.02,69.06,42.22,55.95,8.02
244.07,39.15,19.93,22.15,8.01,69.06,42.13,55.95,8.03
244.08,39.30,19.93,22.19,8.02,69.26,42.13,55.95,8.03
244.09,39.22,19.93,22.15,8.04,69.06,42.13,55.95,8.02
244.10,39.22,19.93,22.15,8.04,69.26,42.13,55.95,8.03
244.11,39.22,19.93,22.15,8.01,69.26,42.13,55.95,8.02
244.12,39.22,19.93,22.15,8.04,69.26,42.13,56.09,8.02
244.13,39.30,19.93,22.15,8.02,69.06,42.22,55.95,8.02
244.14,39.30,19.93,22.19,8.04,69.26,42.13,55.95,8.02
244.15,39.30,19.93,22.15,8.02,69.06,42.13,55.95,8.03
244.16,39.30,19.93,22.19,8.01,69.26,42.13,55.95,8.02
244.17,39.22,19.93,22.15,8.04,69.06,42.13,55.95,8.02
244.18,39.22,19.93,22.15,8.01,69.06,42.13,55.95,8.01
244.19,39.22,19.96,22.19,8.01,69.26,42.13,55.81,8.03
244.20,39.30,19.93,22.15,8.02,69.26,42.13,56.09,8.03
244.21,39.30,19.93,22.19,8.02,69.26,42.13,55.95,8.02
244.22,39.22,19.93,22.15,8.02,69.06,42.22,55.95,8.01
244.23,39.30,19.93,22.15,8.02,69.06,42.22,56.09,8.02
244.24,39.30,19.93,22.15,8.01,69.26,42.13,56.09,8.02
244.25,39.22,19.93,22.15,8.01,69.26,42.13,55.81,8.02
244.26,39.22,19.93,22.15,8.01,69.06,42.22,55.95,8.02
244.27,39.30,19.93,22.15,8.01,69.26,42.13,55.95,8.02
244.28,39.30,19.93,22.19,8.02,69.26,42.13,55.95,8.03
244.29,39.30,19.93,22.15,8.02,69.26,42.13,55.81,8.02
244.30,39.22,19.90,22.19,8.01,69.06,42.13,55.95,8.02
244.31,39.22,19.93,22.15,8.02,69.26,42.22,55.95,8.02
244.32,39.22,19.93,22.15,8.01,69.26,42.13,55.95,8.03
244.33,39.22,19.93,22.15,8.02,69.26,42.13,56.09,8.02
244.34,39.22,19.90,22.15,8.02,69.26,42.13,55.95,8.02
244.35,39.22,19.93,22.15,8.02,69.26,42.13,55.95,8.03
244.36,39.22,19.93,22.15,8.01,69.26,42.13,56.09,8.02
244.37,39.30,19.93,22.15,8.01,69.26,42.13,55.95,8.03
244.38,39.22,19.93,22.19,8.02,69.06,42.13,56.09,8.03
244.39,39.22,19.93,22.19,8.04,69.26,42.22,55.95,8.03
244.40,39.30,19.93,22.19,8.02,69.26,42.04,55.95,8.03
244.41,39.22,19.93,22.19,8.02,69.26,42.13,56.09,8.03
244.42,39.30,19.93,22.15,8.01,69.26,42.13,56.09,8.03
244.43,39.30,19.93,22.15,8.02,69.26,42.13,55.95,8.03
244.44,39.22,19.93,22.15,8.04,69.26,42.13,55.95,8.02
244.45,39.30,19.96,22.15,8.01,69.26,42.13,55.95,8.03
244.46,39.22,19.93,22.19,8.02,69.06,42.04,56.09,8.02
244.47,39.30,19.93,22.15,8.01,69.26,42.13,55.95,8.02
244.48,39.22,19.93,22.15,8.02,69.06,42.13,56.09,8.03
244.49,39.30,19.93,22.15,8.02,69.26,42.13,55.95,8.02
244.50,39.30,19.93,22.19,8.02,69.26,42.13,55.95,8.02
244.51,39.22,19.93,22.15,8.01,69.26,42.22,56.09,8.03
244.52,39.30,19.93,22.15,8.02,69.26,42.13,55.95,8.03
244.53,39.22,19.93,22.15,8.01,69.06,42.13,55.95,8.02
244.54,39.22,19.93,22.19,8.02,69.26,42.13,55.95,8.02
244.55,39.22,19.93,22.15,8.02,69.06,42.13,55.95,8.03
244.56,39.22,19.93,22.15,8.02,69.26,42.13,55.95,8.03
244.57,39.22,19.93,22.15,8.02,69.26,42.13,55.95,8.02
244.58,39.22,19.90,22.15,8.01,69.26,42.13,56.09,8.02
244.59,39.22,19.96,22.15,8.04,69.26,42.13,56.09,8.02
244.60,39.22,19.93,22.15,8.01,69.26,42.13,56.09,8.02
244.61,39.30,19.93,22.15,8.02,69.06,42.22,55.95,8.02
244.62,39.30,19.93,22.19,8.02,69.26,42.13,55.95,8.03
244.63,39.22,19.93,22.15,8.02,69.26,42.13,55.95,8.02
244.64,39.30,19.96,22.19,8.02,69.26,42.13,55.95,8.02
244.65,39.30,19.93,22.15,8.02,69.26,41.95,56.09,8.02
244.66,39.22,19.93,22.19,8.02,69.06,42.13,55.95,8.03
244.67,39.30,19.93,22.15,8.02,69.26,42.13,55.95,8.03
244.68,39.22,19.93,22.15,8.02,69.06,42.13,55.95,8.02
244.69,39.30,19.96,22.12,8.01,69.26,42.13,55.95,8.02
244.70,39.15,19.93,22.12,8.01,69.26,42.04,55.95,8.02
244.71,39.30,19.93,22.15,8.01,69.26,42.13,55.95,8.02
244.72,39.22,19.93,22.15,8.02,69.26,42.13,56.09,8.02
244.73,39.30,19.93,22.15,8.01,69.26,42.13,55.95,8.02
244.74,39.22,19.93,22.12,8.04,69.26,42.13,55.81,8.03
244.75,39.22,19.93,22.15,8.04,69.26,42.30,56.09,8.02
244.76,39.30,19.93,22.15,8.02,69.26,42.13,56.09,8.03
244.77,39.30,19.96,22.15,8.02,69.06,42.13,56.09,8.02
244.78,39.22,19.96,22.15,8.02,69.06,42.13,55.95,8.03
244.79,39.22,19.93,22.15,8.01,69.26,42.13,56.09,8.03
244.80,39.22,19.93,22.15,8.02,69.26,42.13,55.95,8.02
244.81,39.30,19.93,22.15,8.01,69.26,42.13,55.95,8.03
244.82,39.22,19.93,22.15,8.04,69.06,42.13,56.09,8.03
244.83,39.30,19.96,22.15,8.02,69.26,42.04,56.09,8.04
244.84,39.30,19.93,22.15,8.02,69.46,42.13,55.95,8.02
244.85,39.22,19.93,22.19,8.02,69.26,42.13,55.95,8.03
244.86,39.30,19.93,22.19,8.04,69.26,42.13,55.95,8.03
244.87,39.22,19.93,22.15,8.01,69.26,42.13,55.95,8.02
244.88,39.22,19.93,22.15,8.02,69.06,42.13,55.95,8.03
244.89,39.22,19.96,22.15,8.02,69.26,42.13,55.95,8.03
244.90,39.30,19.93,22.15,8.01,69.06,42.13,55.95,8.02
244.91,39.22,19.93,22.15,8.04,69.26,42.13,56.09,8.03
244.92,39.22,19.93,22.15,8.01,69.26,42.13,55.95,8.02
244.93,39.30,19.93,22.19,8.04,69.26,42.13,55.95,8.02
244.94,39.30,19.90,22.15,8.01,69.06,42.13,55.95,8.03
244.95,39.22,19.93,22.15,8.01,69.26,42.13,56.09,8.02
244.96,39.30,19.93,22.15,8.02,69.26,42.13,55.95,8.04
244.97,39.22,19.90,22.15,8.04,69.26,42.13,55.95,8.03
244.98,39.30,19.96,22.15,8.01,69.26,42.13,55.95,8.03
244.99,39.22,19.93,22.19,8.02,69.26,42.22,55.95,8.03
245.00,39.22,19.90,22.15,8.04,69.26,42.13,55.95,8.03
245.01,39.22,19.93,22.15,8.02,69.26,42.13,55.95,8.02
245.02,39.22,19.88,22.15,8.02,69.46,42.13,56.09,8.03
245.03,39.22,19.93,22.12,8.01,69.26,42.13,55.95,8.02
245.04,39.30,19.96,22.15,8.02,69.06,42.13,56.09,8.03
245.05,39.22,19.90,22.15,8.02,69.26,42.13,56.09,8.03
245.06,39.30,19.96,22.15,8.02,69.06,42.13,55.95,8.01
245.07,39.22,19.93,22.15,8.04,69.06,42.13,55.95,8.03
245.08,39.22,19.93,22.19,8.04,69.26,42.13,55.81,8.03
245.09,39.22,19.93,22.15,8.01,69.26,42.13,55.95,8.03
245.10,39.22,19.93,22.19,8.04,69.26,42.22,56.09,8.02
245.11,39.22,19.93,22.15,8.02,69.06,42.22,55.95,8.03
245.12,39.30,19.93,22.19,8.02,69.26,42.13,55.95,8.02
245.13,39.22,19.93,22.19,8.02,69.26,42.13,56.09,8.03
245.14,39.30,19.93,22.19,8.01,69.06,42.13,55.95,8.02
245.15,39.30,19.90,22.15,8.01,69.26,42.13,56.09,8.03
245.16,39.22,19.90,22.15,8.02,69.26,42.13,55.95,8.03
245.17,39.22,19.90,22.15,8.01,69.26,42.13,55.95,8.03
245.18,39.22,19.93,22.15,8.02,69.26,42.13,55.95,8.01
245.19,39.22,19.93,22.15,8.04,69.06,42.22,55.95,8.02
245.20,39.30,19.93,22.15,8.02,69.26,42.13,55.95,8.02
245.21,39.30,19.90,22.15,8.01,69.26,42.13,56.09,8.02
245.22,39.22,19.90,22.15,8.02,69.26,42.22,55.95,8.02
245.23,39.38,19.88,22.15,8.01,69.26,42.13,55.95,8.03
245.24,39.15,19.93,22.15,8.02,69.26,42.13,55.95,8.02
245.25,39.22,19.90,22.15,8.01,69.06,42.04,55.95,8.02
245.26,39.22,19.93,22.19,8.04,69.26,42.13,55.95,8.02
245.27,39.22,19.93,22.12,8.02,69.06,42.13,55.95,8.02
245.28,39.22,19.93,22.12,8.02,69.26,42.22,55.95,8.02
245.29,39.30,19.90,22.19,8.02,69.26,42.13,55.95,8.03
245.30,39.22,19.93,22.15,8.02,69.06,42.13,56.09,8.02
245.31,39.30,19.90,22.15,8.01,69.06,42.13,55.95,8.02
245.32,39.30,19.93,22.15,8.01,69.46,42.13,56.09,8.02
245.33,39.22,19.90,22.15,8.01,69.06,42.13,56.09,8.02
245.34,39.30,19.93,22.15,8.02,69.26,42.13,55.95,8.02
245.35,39.22,19.90,22.15,8.02,69.26,42.13,56.09,8.01
245.36,39.30,19.90,22.15,8.01,69.26,42.04,56.09,8.03
245.37,39.22,19.93,22.15,8.01,69.26,42.13,55.81,8.02
245.38,39.30,19.93,22.15,8.04,69.26,42.22,56.09,8.02
245.39,39.22,19.90,22.15,8.01,69.26,42.13,55.95,8.03
245.40,39.22,19.90,22.15,8.02,69.26,42.13,55.81,8.03
245.41,39.22,19.88,22.12,8.01,69.06,42.13,55.95,8.03
245.42,39.22,19.90,22.15,8.02,69.26,42.13,56.09,8.02
245.43,39.30,19.90,22.15,8.04,69.06,42.13,55.95,8.03
245.44,39.22,19.93,22.15,8.01,69.26,42.13,56.09,8.02
245.45,39.22,19.90,22.15,8.02,69.26,42.13,56.09,8.02
245.46,39.30,19.90,22.15,8.01,69.06,42.13,55.95,8.02
245.47,39.22,19.93,22.12,8.01,69.06,42.13,55.95,8.03
245.48,39.30,19.90,22.15,8.02,69.26,42.04,55.95,8.03
245.49,39.22,19.90,22.15,8.01,69.06,42.22,56.09,8.03
245.50,39.30,19.93,22.15,8.01,69.26,42.13,56.09,8.03
245.51,39.22,19.93,22.12,8.01,69.06,42.22,56.09,8.01
245.52,39.22,19.93,22.12,8.02,69.06,42.13,55.95,8.02
245.53,39.22,19.93,22.15,8.01,69.26,42.13,55.95,8.02
245.54,39.30,19.88,22.12,8.02,69.06,42.13,55.95,8.01
245.55,39.30,19.90,22.15,8.01,69.06,42.13,55.95,8.02
245.56,39.22,19.93,22.15,8.01,69.26,42.13,56.09,8.03
245.57,39.22,19.93,22.15,8.04,69.26,42.13,55.95,8.03
245.58,39.22,19.90,22.15,8.02,69.26,42.13,56.09,8.03
245.59,39.30,19.90,22.15,8.02,69.06,42.22,55.81,8.02
245.60,39.22,19.93,22.15,8.01,69.26,42.13,55.95,8.02
245.61,39.22,19.90,22.15,8.02,69.06,42.13,55.95,8.01
245.62,39.22,19.90,22.12,8.01,69.06,42.13,55.95,8.03
245.63,39.30,19.90,22.15,8.04,69.06,42.13,55.95,8.02
245.64,39.22,19.90,22.15,8.01,69.26,42.13,56.09,8.02
245.65,39.22,19.90,22.15,8.02,69.06,42.13,56.09,8.01
245.66,39.22,19.93,22.15,8.01,69.26,42.13,55.95,8.02
245.67,39.22,19.90,22.12,8.02,69.26,42.22,56.09,8.03
245.68,39.22,19.93,22.15,8.02,69.26,42.13,55.95,8.03
245.69,39.22,19.90,22.15,8.02,69.06,42.13,55.95,8.03
245.70,39.22,19.90,22.12,8.02,69.06,42.22,55.95,8.02
245.71,39.22,19.93,22.15,8.01,69.26,42.13,55.95,8.02
245.72,39.22,19.90,22.12,8.02,69.26,42.13,55.95,8.02
245.73,39.22,19.90,22.15,8.01,69.06,42.22,55.95,8.02
245.74,39.30,19.90,22.15,8.02,69.06,42.13,56.09,8.02
245.75,39.22,19.90,22.15,8.01,69.26,42.13,56.09,8.02
245.76,39.22,19.90,22.15,8.02,69.26,42.13,55.95,8.02
245.77,39.22,19.90,22.12,8.01,69.26,42.13,55.95,8.03
245.78,39.22,19.93,22.15,8.01,69.06,42.13,56.09,8.02
245.79,39.30,19.93,22.19,8.01,69.26,42.13,56.09,8.03
245.80,39.30,19.93,22.15,8.04,69.26,42.13,55.95,8.02
245.81,39.22,19.90,22.15,8.01,69.26,42.13,55.95,8.03
245.82,39.22,19.90,22.15,8.01,69.26,42.13,55.95,8.03
245.83,39.30,19.90,22.15,8.04,69.06,42.13,55.95,8.02
245.84,39.22,19.90,22.15,8.02,69.26,42.13,56.09,8.03
245.85,39.22,19.90,22.15,8.02,69.26,42.13,56.09,8.03
245.86,39.22,19.90,22.12,8.01,69.06,42.13,55.95,8.03
245.87,39.22,19.90,22.15,8.02,69.06,42.13,55.95,8.02
245.88,39.22,19.93,22.12,8.02,69.06,42.13,55.95,8.02
245.89,39.30,19.90,22.15,8.01,69.06,42.13,55.95,8.02
245.90,39.30,19.90,22.15,8.01,69.06,42.22,56.09,8.02
245.91,39.22,19.90,22.15,8.04,69.06,42.13,55.95,8.03
245.92,39.22,19.90,22.15,8.01,69.26,42.22,55.95,8.02
245.93,39.22,19.90,22.12,8.02,69.26,42.13,55.95,8.03
245.94,39.22,19.90,22.12,8.01,69.26,42.13,56.09,8.03
245.95,39.22,19.90,22.12,8.01,69.26,42.13,56.09,8.02
245.96,39.22,19.90,22.12,8.02,69.06,42.13,55.95,8.02
245.97,39.22,19.88,22.15,8.01,69.26,42.22,55.95,8.02
245.98,39.22,19.88,22.15,8.01,69.26,42.13,55.95,8.01
245.99,39.22,19.90,22.15,8.01,69.26,42.13,55.95,8.03
246.00,39.22,19.93,22.12,8.01,69.06,42.13,55.95,8.02
246.01,39.22,19.88,22.12,8.01,69.26,42.13,55.95,8.03
246.02,39.22,19.93,22.15,8.04,69.06,42.13,55.81,8.03
246.03,39.22,19.90,22.12,8.01,69.26,42.13,56.09,8.02
246.04,39.22,19.93,22.15,8.04,69.26,42.13,55.95,8.03
246.05,39.22,19.93,22.12,8.02,69.06,42.13,56.09,8.02
246.06,39.22,19.93,22.15,8.01,69.26,42.13,55.95,8.03
246.07,39.15,19.90,22.15,8.02,69.26,42.13,56.09,8.02
246.08,39.22,19.93,22.15,8.01,69.06,42.13,55.95,8.02
246.09,39.22,19.93,22.12,8.01,69.06,42.13,56.09,8.02
246.10,39.22,19.93,22.12,8.01,69.26,42.13,55.95,8.03
246.11,39.30,19.90,22.15,8.02,69.06,42.04,56.09,8.03
246.12,39.22,19.90,22.15,8.01,69.26,42.13,55.95,8.03
246.13,39.22,19.90,22.12,8.04,69.06,42.13,55.95,8.02
246.14,39.22,19.90,22.15,8.02,69.06,42.13,55.95,8.02
246.15,39.22,19.90,22.15,8.01,69.26,42.13,55.95,8.02
246.16,39.22,19.90,22.12,8.01,69.26,42.13,56.09,8.02
246.17,39.22,19.90,22.12,8.01,69.06,42.13,55.95,8.02
246.18,39.22,19.93,22.12,8.02,69.26,42.13,56.09,8.02
246.19,39.22,19.90,22.15,8.01,69.26,42.13,55.95,8.03
246.20,39.22,19.88,22.15,8.01,69.26,42.04,56.09,8.02
246.21,39.22,19.90,22.12,8.01,69.06,42.04,55.95,8.03
246.22,39.22,19.88,22.15,8.02,69.26,42.13,56.09,8.03
246.23,39.15,19.88,22.15,8.01,69.06,42.13,55.95,8.03
246.24,39.22,19.90,22.15,8.01,69.26,42.13,56.09,8.03
246.25,39.30,19.93,22.12,8.02,69.06,42.13,55.95,8.02
246.26,39.22,19.90,22.15,8.01,69.26,42.13,55.95,8.02
246.27,39.30,19.90,22.15,8.01,69.06,42.13,55.81,8.03
246.28,39.22,19.90,22.12,8.01,69.26,42.13,55.95,8.02
246.29,39.22,19.90,22.15,8.02,69.06,42.22,55.95,8.02
246.30,39.30,19.90,22.15,8.04,69.46,42.04,55.95,8.02
246.31,39.22,19.90,22.15,8.02,69.26,42.22,55.95,8.03
246.32,39.22,19.90,22.12,8.01,69.26,42.13,55.95,8.03
246.35,39.22,19.90,22.15,8.01,69.06,42.04,55.95,8.02
246.35,39.22,19.90,22.15,8.04,69.06,42.13,55.95,8.02
246.36,39.30,19.90,22.15,8.02,69.06,42.13,55.95,8.03
246.37,39.22,19.90,22.15,8.02,69.26,42.13,56.09,8.02
246.38,39.30,19.90,22.12,8.01,69.26,42.22,56.09,8.03
246.39,39.22,19.88,22.12,8.02,69.46,42.13,55.95,8.02
246.40,39.22,19.93,22.15,8.02,69.26,42.30,55.95,8.02
246.41,39.22,19.90,22.15,8.01,69.06,42.13,55.95,8.02
246.42,39.22,19.90,22.15,8.01,69.06,42.13,55.95,8.02
246.43,39.22,19.88,22.12,8.04,69.26,42.13,55.95,8.03
246.44,39.22,19.88,22.12,8.01,69.26,42.13,55.81,8.03
246.45,39.30,19.90,22.15,8.01,69.06,42.13,55.95,8.02
246.46,39.22,19.88,22.12,8.01,69.26,42.13,55.95,8.02
246.47,39.15,19.90,22.12,8.01,69.06,42.22,55.95,8.02
246.48,39.30,19.90,22.19,8.01,69.26,42.13,55.95,8.02
246.49,39.30,19.93,22.12,8.01,69.06,42.13,55.95,8.03
246.50,39.30,19.90,22.15,8.02,69.06,42.13,56.09,8.02
246.51,39.22,19.88,22.15,8.02,69.46,42.13,55.95,8.02
246.52,39.22,19.93,22.15,8.01,69.06,42.13,55.95,8.01
246.53,39.22,19.88,22.15,8.02,69.06,42.13,56.09,8.02
246.54,39.30,19.93,22.19,8.01,69.46,42.13,56.09,8.02
246.55,39.30,19.90,22.15,8.01,69.26,42.13,56.09,8.03
246.56,39.22,19.93,22.15,8.01,69.06,42.13,55.95,8.03
246.57,39.22,19.88,22.12,8.01,69.26,42.13,56.09,8.02
246.58,39.22,19.90,22.15,8.01,69.26,42.22,55.95,8.02
246.59,39.30,19.88,22.12,8.01,69.06,42.13,56.09,8.02
246.60,39.22,19.88,22.12,8.01,69.26,42.13,56.09,8.02
246.61,39.22,19.88,22.15,8.02,69.06,42.13,56.09,8.03
246.62,39.22,19.90,22.12,8.01,69.26,42.04,55.95,8.02
246.63,39.30,19.93,22.15,8.01,69.26,42.13,55.95,8.02
246.64,39.30,19.90,22.12,8.01,69.06,42.13,56.09,8.02
246.65,39.22,19.88,22.15,8.04,69.06,42.13,56.09,8.03
246.66,39.30,19.90,22.15,8.02,69.26,42.13,55.95,8.02
246.67,39.22,19.88,22.12,8.02,69.26,42.22,56.09,8.02
246.68,39.22,19.90,22.19,8.02,69.06,42.13,56.09,8.02
246.69,39.22,19.90,22.15,8.02,69.06,42.13,55.95,8.01
246.70,39.22,19.88,22.12,8.00,69.26,42.13,55.95,8.03
246.71,39.30,19.90,22.15,8.01,69.06,42.13,56.09,8.02
246.72,39.30,19.90,22.15,8.01,69.26,42.13,56.09,8.03
246.73,39.22,19.90,22.15,8.02,69.06,42.13,56.09,8.03
246.74,39.22,19.90,22.15,8.01,69.06,42.13,56.09,8.02
246.75,39.30,19.90,22.15,8.01,69.26,42.13,56.09,8.02
246.76,39.22,19.90,22.12,8.01,69.26,42.04,55.95,8.03
246.77,39.30,19.90,22.15,8.01,69.26,42.13,55.95,8.02
246.78,39.30,19.90,22.12,8.02,69.26,42.13,56.09,8.02
246.79,39.30,19.90,22.15,8.01,69.26,42.13,55.95,8.03
246.80,39.30,19.90,22.15,8.01,69.26,42.13,55.95,8.01
246.81,39.22,19.90,22.15,8.01,69.26,42.13,55.95,8.03
246.82,39.30,19.90,22.15,8.01,69.26,42.13,56.09,8.02
246.83,39.22,19.90,22.15,8.02,69.26,42.13,56.09,8.03
246.84,39.22,19.88,22.12,8.01,69.26,42.22,55.95,8.02
246.85,39.22,19.90,22.15,8.01,69.26,42.13,55.95,8.02
246.86,39.30,19.90,22.15,8.01,69.26,42.13,56.09,8.02
246.87,39.30,19.90,22.15,8.01,69.26,42.13,56.09,8.02
246.88,39.30,19.90,22.15,8.01,69.26,42.13,56.09,8.03
246.89,39.22,19.93,22.15,8.01,69.26,42.13,55.95,8.03
246.90,39.22,19.90,22.15,8.01,69.26,42.13,56.09,8.02
246.91,39.22,19.90,22.12,8.01,69.26,42.13,55.95,8.01
246.92,39.30,19.90,22.12,8.02,69.26,42.13,55.95,8.01
246.93,39.22,19.90,22.15,8.01,69.26,42.13,56.09,8.03
246.94,39.30,19.88,22.12,8.01,69.06,42.13,55.95,8.02
246.95,39.30,19.90,22.15,8.01,69.26,42.13,56.09,8.03
246.96,39.22,19.90,22.15,8.02,69.26,42.22,56.09,8.02
246.97,39.30,19.90,22.15,8.01,69.26,42.13,56.09,8.03
246.98,39.22,19.88,22.12,8.01,69.06,42.22,56.09,8.03
246.99,39.30,19.90,22.12,8.02,69.26,42.13,56.09,8.02
247.00,39.22,19.90,22.15,8.01,69.26,42.13,55.95,8.03
247.01,39.30,19.90,22.12,8.02,69.06,42.13,55.95,8.02
247.02,39.22,19.90,22.12,8.02,69.26,42.13,56.09,8.02
247.03,39.22,19.93,22.12,8.01,69.26,42.13,56.09,8.03
247.04,39.30,19.90,22.12,8.01,69.06,42.22,55.95,8.02
247.05,39.30,19.93,22.19,8.01,69.26,42.13,56.09,8.01
247.06,39.22,19.90,22.15,8.01,69.06,42.13,55.95,8.02
247.07,39.30,19.90,22.12,8.01,69.26,42.22,56.09,8.03
247.08,39.22,19.90,22.15,8.01,69.26,42.13,56.09,8.02
247.09,39.30,19.90,22.12,8.02,69.26,42.13,56.09,8.03
247.10,39.22,19.90,22.15,8.01,69.26,42.13,55.95,8.02
247.11,39.22,19.90,22.12,8.01,69.26,42.04,56.09,8.03
247.12,39.30,19.88,22.12,8.02,69.26,42.22,56.09,8.03
247.13,39.30,19.90,22.15,8.02,69.26,42.13,56.09,8.02
247.14,39.30,19.90,22.15,8.01,69.26,42.22,55.95,8.02
247.15,39.30,19.93,22.15,8.02,69.26,42.13,55.95,8.02
247.16,39.30,19.93,22.15,8.02,69.06,42.13,55.95,8.03
247.17,39.30,19.90,22.15,8.01,69.26,42.13,56.09,8.03
247.18,39.30,19.90,22.15,8.02,69.26,42.22,56.09,8.02
247.19,39.22,19.93,22.15,8.04,69.26,42.13,56.09,8.02
247.20,39.22,19.93,22.15,8.01,69.26,42.13,56.23,8.02
247.21,39.22,19.88,22.15,8.02,69.26,42.13,56.09,8.03
247.22,39.22,19.90,22.15,8.02,69.26,42.13,56.09,8.02
247.23,39.30,19.90,22.12,8.01,69.26,42.22,55.95,8.02
247.24,39.30,19.90,22.15,8.01,69.26,42.22,55.95,8.03
247.25,39.30,19.90,22.12,8.01,69.26,42.13,55.95,8.02
247.26,39.30,19.90,22.15,8.04,69.26,42.13,56.09,8.02
247.27,39.30,19.90,22.15,8.02,69.26,42.13,56.09,8.02
247.28,39.22,19.90,22.15,8.02,69.26,42.13,56.09,8.02
247.29,39.30,19.90,22.15,8.01,69.26,42.22,56.09,8.03
247.30,39.30,19.93,22.15,8.02,69.26,42.22,55.95,8.03
247.31,39.30,19.93,22.15,8.01,69.26,42.13,55.95,8.03
247.32,39.30,19.93,22.15,8.00,69.06,42.13,56.09,8.02
247.33,39.30,19.90,22.12,8.02,69.26,42.13,56.09,8.02
247.34,39.22,19.93,22.15,8.01,69.26,42.13,55.95,8.02
247.35,39.22,19.88,22.15,8.04,69.26,42.13,56.09,8.02
247.36,39.30,19.90,22.15,8.01,69.26,42.13,55.95,8.02
247.37,39.30,19.90,22.12,8.02,69.26,42.22,55.95,8.02
247.38,39.22,19.90,22.15,8.01,69.26,42.22,56.09,8.02
247.39,39.22,19.88,22.15,8.01,69.06,42.13,55.95,8.02
247.40,39.30,19.88,22.15,8.02,69.26,42.13,56.09,8.02
247.41,39.30,19.93,22.12,8.01,69.26,42.13,55.95,8.02
247.42,39.30,19.88,22.15,8.02,69.26,42.13,55.95,8.02
247.43,39.30,19.88,22.12,8.02,69.26,42.13,56.09,8.03
247.44,39.30,19.90,22.15,8.02,69.26,42.13,55.95,8.02
247.45,39.30,19.88,22.12,8.01,69.26,42.13,55.95,8.03
247.46,39.30,19.88,22.15,8.01,69.06,42.22,56.09,8.03
247.47,39.30,19.90,22.15,8.01,69.26,42.04,55.95,8.02
247.48,39.30,19.88,22.12,8.00,69.26,42.13,55.95,8.02
247.49,39.30,19.88,22.15,8.02,69.26,42.13,56.09,8.02
247.50,39.30,19.88,22.15,8.01,69.26,42.13,56.09,8.02
247.51,39.30,19.90,22.19,8.02,69.26,42.30,56.09,8.02
247.52,39.30,19.88,22.15,8.01,69.06,42.13,55.95,8.02
247.53,39.30,19.90,22.15,8.01,69.26,42.30,56.09,8.03
247.54,39.22,19.90,22.19,8.01,69.26,42.13,55.95,8.02
247.55,39.30,19.88,22.12,8.01,69.26,42.13,56.09,8.02
247.56,39.30,19.88,22.15,8.01,69.26,42.13,56.09,8.03
247.57,39.30,19.90,22.12,8.02,69.26,42.13,56.09,8.02
247.58,39.22,19.90,22.12,8.01,69.26,42.13,56.09,8.01
247.59,39.30,19.90,22.15,8.04,69.26,42.22,55.95,8.02
247.60,39.22,19.93,22.15,8.01,69.26,42.13,56.09,8.01
247.61,39.30,19.90,22.15,8.01,69.26,42.13,55.95,8.02
247.62,39.22,19.90,22.15,8.01,69.26,42.22,56.09,8.01
247.63,39.30,19.90,22.15,8.01,69.06,42.13,56.09,8.02
247.64,39.22,19.93,22.12,8.00,69.26,42.13,56.09,8.03
247.65,39.15,19.90,22.12,8.01,69.26,42.13,55.95,8.03
247.66,39.30,19.93,22.15,8.01,69.26,42.22,56.09,8.02
247.67,39.30,19.90,22.12,8.02,69.46,42.22,56.09,8.03
247.68,39.30,19.93,22.19,8.01,69.26,42.13,56.09,8.02
247.69,39.30,19.90,22.15,8.01,69.26,42.04,56.09,8.02
247.70,39.30,19.93,22.15,8.02,69.26,42.22,55.95,8.02
247.71,39.30,19.90,22.15,8.01,69.06,42.13,56.09,8.02
247.72,39.30,19.90,22.15,8.02,69.46,42.22,55.95,8.02
247.73,39.30,19.90,22.15,8.01,69.26,42.13,56.09,8.02
247.74,39.30,19.93,22.12,8.01,69.26,42.13,56.09,8.03
247.75,39.30,19.88,22.12,8.01,69.06,42.13,56.09,8.03
247.76,39.30,19.90,22.12,8.01,69.26,42.22,56.23,8.02
247.77,39.30,19.88,22.15,8.01,69.26,42.22,56.09,8.02
247.78,39.30,19.90,22.15,8.02,69.26,42.13,56.23,8.02
247.79,39.30,19.90,22.15,8.02,69.26,42.04,55.95,8.02
247.80,39.30,19.88,22.15,8.02,69.26,42.13,56.09,8.03
247.81,39.30,19.90,22.15,8.01,69.26,42.13,55.95,8.02
247.82,39.22,19.90,22.12,8.02,69.26,42.13,55.95,8.03
247.83,39.22,19.90,22.15,8.01,69.26,42.13,56.09,8.02
247.84,39.30,19.93,22.15,8.02,69.26,42.13,56.09,8.03
247.85,39.30,19.93,22.15,8.01,69.26,42.04,55.95,8.02
247.86,39.30,19.88,22.15,8.01,69.26,42.13,56.09,8.02
247.87,39.30,19.88,22.19,8.01,69.26,42.13,55.95,8.02
247.88,39.30,19.88,22.15,8.01,69.46,42.13,56.09,8.02
247.89,39.30,19.88,22.15,8.01,69.26,42.22,56.09,8.02
247.90,39.30,19.93,22.12,8.02,69.26,42.13,55.95,8.02
247.91,39.30,19.90,22.15,8.01,69.26,42.22,56.09,8.02
247.92,39.30,19.90,22.15,8.01,69.26,42.13,56.23,8.03
247.93,39.30,19.93,22.12,8.02,69.06,42.13,56.09,8.02
247.94,39.30,19.90,22.15,8.01,69.26,42.22,55.81,8.03
247.95,39.22,19.90,22.15,8.02,69.46,42.13,56.09,8.02
247.96,39.30,19.88,22.15,8.02,69.26,42.22,55.95,8.01
247.97,39.30,19.88,22.15,8.02,69.26,42.22,56.09,8.03
247.98,39.30,19.88,22.15,8.01,69.26,42.13,56.09,8.03
247.99,39.30,19.90,22.15,8.01,69.06,42.13,56.09,8.02
248.00,39.30,19.93,22.15,8.02,69.26,42.13,56.09,8.03
248.01,39.30,19.93,22.12,8.01,69.26,42.13,55.95,8.03
248.02,39.30,19.90,22.15,8.02,69.46,42.13,55.95,8.03
248.03,39.30,19.90,22.15,8.01,69.46,42.13,56.09,8.03
248.04,39.30,19.90,22.15,8.02,69.26,42.13,56.09,8.02
248.05,39.30,19.93,22.15,8.01,69.26,42.13,56.09,8.03
248.06,39.30,19.90,22.15,8.01,69.26,42.22,55.95,8.02
248.07,39.30,19.90,22.15,8.01,69.06,42.22,56.09,8.03
248.08,39.30,19.90,22.15,8.01,69.26,42.13,55.95,8.02
248.09,39.30,19.90,22.15,8.01,69.26,42.13,56.09,8.02
248.10,39.30,19.90,22.15,8.02,69.26,42.13,56.09,8.02
248.11,39.30,19.88,22.15,8.02,69.26,42.13,56.09,8.02
248.12,39.30,19.90,22.15,8.02,69.26,42.13,56.09,8.03
248.13,39.30,19.88,22.15,8.01,69.26,42.22,56.09,8.02
248.14,39.30,19.90,22.19,8.02,69.26,42.13,56.23,8.02
248.15,39.22,19.90,22.15,8.01,69.26,42.22,56.09,8.01
248.16,39.30,19.90,22.15,8.01,69.46,42.13,56.09,8.03
248.17,39.30,19.90,22.15,8.01,69.26,42.13,56.09,8.02
248.18,39.30,19.93,22.15,8.01,69.46,42.13,56.09,8.03
248.19,39.30,19.90,22.15,8.02,69.26,42.13,56.09,8.02
248.20,39.30,19.90,22.15,8.02,69.26,42.13,56.09,8.02
248.21,39.30,19.88,22.15,8.01,69.46,42.13,56.09,8.02
248.22,39.30,19.90,22.19,8.02,69.26,42.22,56.09,8.02
248.25,39.30,19.93,22.15,8.01,69.26,42.13,56.09,8.02
248.25,39.30,19.90,22.15,8.01,69.26,42.22,56.09,8.02
248.26,39.30,19.90,22.15,8.01,69.26,42.13,56.09,8.02
248.27,39.30,19.88,22.15,8.01,69.26,42.13,56.09,8.03
248.28,39.30,19.93,22.15,8.01,69.26,42.22,56.09,8.02
248.29,39.22,19.90,22.19,8.02,69.26,42.22,56.09,8.03
248.30,39.30,19.90,22.15,8.01,69.46,42.13,56.09,8.03
248.31,39.30,19.90,22.12,8.01,69.26,42.13,55.95,8.01
248.32,39.30,19.93,22.12,8.01,69.26,42.13,56.09,8.03
248.33,39.30,19.93,22.15,8.02,69.26,42.22,56.09,8.03
248.34,39.30,19.90,22.15,8.01,69.26,42.22,56.23,8.02
248.35,39.30,19.90,22.15,8.02,69.26,42.13,56.09,8.02
248.36,39.30,19.93,22.15,8.01,69.26,42.04,56.09,8.02
248.37,39.30,19.90,22.15,8.01,69.46,42.13,56.09,8.03
248.38,39.30,19.93,22.15,8.01,69.26,42.22,56.09,8.03
248.39,39.30,19.90,22.12,8.02,69.26,42.22,56.09,8.03
248.40,39.30,19.93,22.15,8.01,69.46,42.13,55.95,8.03
248.41,39.30,19.90,22.19,8.01,69.26,42.13,56.09,8.03
248.42,39.30,19.90,22.15,8.01,69.26,42.13,56.09,8.03
248.43,39.30,19.90,22.12,8.01,69.26,42.13,55.95,8.02
248.44,39.30,19.90,22.12,8.01,69.26,42.22,56.09,8.02
248.45,39.22,19.88,22.12,8.01,69.26,42.13,56.09,8.02
248.46,39.30,19.90,22.15,8.01,69.26,42.13,56.09,8.02
248.47,39.30,19.90,22.15,8.01,69.26,42.13,56.09,8.02
248.48,39.30,19.90,22.15,8.01,69.46,42.13,56.09,8.02
248.49,39.30,19.90,22.15,8.02,69.26,42.13,56.09,8.02
248.50,39.30,19.93,22.15,8.04,69.26,42.22,56.09,8.01
248.51,39.30,19.90,22.15,8.01,69.26,42.13,56.09,8.03
248.52,39.30,19.90,22.15,8.01,69.26,42.13,56.09,8.03
248.53,39.22,19.90,22.15,8.01,69.06,42.13,56.09,8.03
248.54,39.30,19.90,22.15,8.01,69.26,42.13,56.09,8.03
248.55,39.30,19.90,22.15,8.02,69.26,42.13,56.09,8.02
248.56,39.30,19.90,22.12,8.01,69.26,42.13,55.95,8.02
248.57,39.30,19.88,22.19,8.01,69.46,42.13,56.09,8.03
248.58,39.30,19.88,22.12,8.01,69.26,42.13,56.09,8.03
248.59,39.30,19.90,22.19,8.01,69.26,42.13,56.09,8.02
248.60,39.30,19.93,22.12,8.02,69.46,42.13,56.09,8.02
248.61,39.30,19.88,22.19,8.01,69.26,42.13,56.09,8.03
248.62,39.30,19.90,22.15,8.01,69.26,42.22,56.23,8.02
248.63,39.30,19.93,22.15,8.02,69.46,42.22,56.09,8.02
248.64,39.22,19.93,22.15,8.01,69.26,42.22,56.09,8.03
248.65,39.30,19.90,22.15,8.02,69.46,42.13,56.09,8.02
248.66,39.30,19.90,22.15,8.04,69.26,42.13,56.23,8.02
248.67,39.30,19.90,22.15,8.01,69.26,42.22,56.23,8.03
248.68,39.30,19.90,22.15,8.02,69.26,42.22,56.09,8.03
248.69,39.30,19.90,22.19,8.04,69.26,42.22,56.09,8.02
248.70,39.30,19.90,22.15,8.01,69.26,42.13,56.09,8.03
248.71,39.30,19.90,22.12,8.01,69.26,42.13,56.09,8.03
248.72,39.30,19.93,22.15,8.01,69.26,42.22,56.09,8.02
248.73,39.30,19.90,22.19,8.01,69.26,42.13,56.09,8.02
248.74,39.30,19.90,22.15,8.01,69.26,42.04,56.09,8.02
248.75,39.30,19.90,22.15,8.02,69.26,42.13,56.09,8.03
248.76,39.22,19.88,22.19,8.02,69.46,42.22,56.09,8.03
248.77,39.30,19.90,22.15,8.00,69.26,42.22,56.09,8.03
248.78,39.30,19.90,22.19,8.04,69.46,42.22,56.09,8.03
248.79,39.30,19.90,22.15,8.01,69.26,42.13,56.09,8.03
248.80,39.30,19.90,22.15,8.01,69.26,42.13,56.23,8.03
248.81,39.22,19.90,22.19,8.01,69.26,42.13,56.09,8.03
248.82,39.30,19.90,22.15,8.01,69.46,42.13,56.23,8.03
248.83,39.30,19.93,22.15,8.01,69.46,42.13,56.09,8.02
248.84,39.22,19.90,22.15,8.02,69.26,42.22,56.09,8.03
248.85,39.38,19.90,22.12,8.01,69.26,42.22,56.09,8.02
248.86,39.38,19.90,22.15,8.02,69.26,42.13,56.09,8.03
248.87,39.22,19.90,22.15,8.01,69.06,42.22,56.09,8.03
248.88,39.30,19.90,22.15,8.02,69.26,42.13,56.09,8.03
248.89,39.38,19.90,22.12,8.01,69.26,42.22,55.95,8.02
248.90,39.30,19.90,22.19,8.02,69.46,42.13,56.09,8.02
248.91,39.30,19.90,22.15,8.04,69.46,42.22,56.09,8.02
248.92,39.30,19.93,22.15,8.01,69.06,42.22,56.09,8.02
248.93,39.30,19.90,22.15,8.01,69.26,42.22,56.23,8.02
248.94,39.30,19.90,22.19,8.02,69.67,42.13,56.09,8.03
248.95,39.30,19.90,22.15,8.02,69.26,42.13,56.09,8.02
248.96,39.22,19.90,22.15,8.02,69.46,42.13,56.09,8.03
248.97,39.30,19.88,22.15,8.02,69.26,42.22,56.09,8.02
248.98,39.30,19.90,22.15,8.01,69.26,42.13,55.95,8.03
248.99,39.30,19.90,22.15,8.01,69.26,42.22,56.23,8.02
249.00,39.30,19.90,22.15,8.01,69.26,42.22,56.38,8.02
249.01,39.38,19.90,22.15,8.01,69.46,42.22,56.09,8.02
249.02,39.30,19.93,22.15,8.02,69.26,42.13,56.09,8.02
249.03,39.30,19.90,22.15,8.01,69.46,42.22,56.23,8.02
249.04,39.30,19.90,22.15,8.01,69.26,42.13,56.23,8.03
249.05,39.30,19.93,22.15,8.01,69.26,42.13,56.09,8.03
249.06,39.30,19.90,22.15,8.01,69.46,42.13,56.23,8.03
249.07,39.30,19.90,22.15,8.01,69.46,42.22,56.09,8.02
249.08,39.30,19.90,22.15,8.01,69.46,42.22,56.09,8.03
249.09,39.30,19.90,22.19,8.01,69.46,42.13,56.09,8.02
249.10,39.22,19.90,22.15,8.04,69.46,42.13,56.09,8.02
249.11,39.30,19.90,22.15,8.01,69.26,42.13,56.23,8.03
249.12,39.30,19.88,22.15,8.02,69.26,42.22,56.09,8.03
249.13,39.38,19.90,22.15,8.01,69.26,42.22,56.23,8.02
249.14,39.30,19.93,22.15,8.02,69.26,42.22,56.23,8.03
249.15,39.30,19.93,22.15,8.02,69.26,42.13,56.09,8.03
249.16,39.30,19.90,22.15,8.02,69.46,42.22,56.09,8.02
249.17,39.30,19.90,22.15,8.01,69.26,42.13,56.23,8.03
249.18,39.30,19.90,22.19,8.01,69.46,42.22,56.09,8.03
249.19,39.30,19.90,22.15,8.02,69.26,42.22,56.09,8.02
249.20,39.22,19.88,22.15,8.02,69.26,42.22,56.09,8.03
249.21,39.30,19.90,22.15,8.01,69.26,42.13,56.09,8.02
249.22,39.30,19.90,22.15,8.01,69.46,42.22,56.23,8.03
249.23,39.30,19.90,22.19,8.01,69.26,42.13,56.09,8.01
249.24,39.30,19.90,22.19,8.01,69.26,42.13,56.09,8.03
249.25,39.30,19.88,22.15,8.01,69.26,42.22,56.23,8.03
249.26,39.22,19.88,22.15,8.01,69.46,42.13,56.09,8.02
249.27,39.30,19.90,22.15,8.01,69.26,42.13,56.09,8.02
249.28,39.30,19.88,22.15,8.02,69.46,42.22,56.09,8.02
249.29,39.38,19.93,22.15,8.01,69.46,42.22,56.23,8.02
249.30,39.30,19.90,22.19,8.02,69.26,42.22,56.23,8.02
249.31,39.30,19.90,22.19,8.01,69.46,42.13,56.09,8.03
249.32,39.30,19.90,22.15,8.01,69.46,42.13,56.23,8.03
249.33,39.30,19.90,22.15,8.01,69.26,42.22,56.09,8.03
249.34,39.38,19.90,22.15,8.01,69.46,42.22,56.23,8.03
249.35,39.30,19.90,22.15,8.01,69.26,42.22,56.23,8.02
249.36,39.30,19.90,22.15,8.01,69.26,42.22,56.09,8.03
249.37,39.30,19.90,22.19,8.01,69.26,42.13,56.23,8.03
249.38,39.30,19.90,22.15,8.01,69.46,42.22,56.23,8.03
249.39,39.30,19.93,22.15,8.02,69.46,42.13,56.23,8.02
249.40,39.38,19.90,22.19,8.01,69.46,42.22,56.09,8.02
249.41,39.30,19.90,22.19,8.01,69.46,42.22,56.09,8.02
249.42,39.30,19.93,22.19,8.01,69.26,42.22,56.09,8.02
249.43,39.30,19.90,22.15,8.01,69.26,42.22,56.09,8.03
249.44,39.30,19.90,22.15,8.02,69.26,42.13,56.09,8.02
249.45,39.38,19.93,22.15,8.01,69.26,42.22,56.09,8.02
249.46,39.30,19.90,22.15,8.01,69.46,42.22,56.09,8.03
249.47,39.30,19.90,22.15,8.01,69.46,42.22,56.09,8.02
249.48,39.30,19.90,22.15,8.01,69.26,42.22,56.23,8.03
249.49,39.30,19.93,22.15,8.01,69.46,42.13,56.23,8.02
249.50,39.30,19.90,22.15,8.02,69.26,42.13,56.09,8.02
249.51,39.30,19.90,22.12,8.01,69.46,42.13,56.09,8.02
249.52,39.30,19.93,22.15,8.01,69.26,42.22,56.23,8.02
249.53,39.30,19.90,22.15,8.02,69.26,42.13,56.09,8.03
249.54,39.30,19.93,22.15,8.01,69.46,42.13,56.23,8.03
249.55,39.30,19.90,22.15,8.02,69.26,42.22,56.09,8.02
249.56,39.38,19.90,22.15,8.01,69.26,42.22,56.23,8.03
249.57,39.30,19.90,22.19,8.01,69.26,42.22,56.23,8.03
249.58,39.30,19.90,22.15,8.01,69.46,42.22,56.09,8.02
249.59,39.30,19.90,22.15,8.01,69.46,42.22,56.23,8.02
249.60,39.38,19.90,22.15,8.02,69.26,42.22,56.09,8.02
249.61,39.30,19.90,22.19,8.01,69.26,42.13,56.09,8.02
249.62,39.30,19.90,22.19,8.01,69.46,42.22,56.23,8.03
249.63,39.30,19.93,22.15,8.01,69.26,42.13,56.09,8.03
249.64,39.30,19.90,22.15,8.01,69.46,42.22,56.09,8.02
249.65,39.30,19.90,22.15,8.02,69.26,42.13,56.09,8.02
249.66,39.22,19.90,22.15,8.02,69.46,42.22,56.23,8.02
249.67,39.30,19.90,22.15,8.02,69.26,42.22,56.23,8.02
249.68,39.30,19.93,22.15,8.01,69.26,42.13,56.09,8.02
249.69,39.30,19.90,22.15,8.01,69.26,42.22,56.09,8.03
249.70,39.38,19.93,22.15,8.01,69.26,42.22,56.23,8.03
249.71,39.30,19.90,22.15,8.02,69.46,42.22,56.23,8.03
249.72,39.30,19.90,22.15,8.02,69.26,42.22,56.23,8.02
249.73,39.30,19.90,22.19,8.02,69.26,42.22,56.09,8.03
249.74,39.30,19.90,22.15,8.01,69.46,42.13,56.09,8.02
249.75,39.30,19.93,22.15,8.01,69.46,42.22,56.09,8.02
249.76,39.30,19.88,22.15,8.01,69.26,42.22,56.09,8.03
249.77,39.30,19.93,22.15,8.01,69.26,42.22,56.09,8.03
249.78,39.30,19.93,22.15,8.01,69.46,42.22,56.09,8.03
249.79,39.38,19.90,22.19,8.02,69.46,42.22,56.23,8.03
249.80,39.30,19.90,22.15,8.01,69.46,42.22,56.23,8.03
249.81,39.38,19.96,22.15,8.01,69.46,42.22,56.09,8.03
249.82,39.30,19.90,22.19,8.01,69.06,42.13,56.09,8.03
249.83,39.30,19.90,22.15,8.02,69.46,42.13,56.09,8.03
249.84,39.30,19.90,22.19,8.02,69.26,42.22,56.23,8.03
249.85,39.22,19.90,22.15,8.01,69.26,42.22,56.09,8.03
249.86,39.30,19.90,22.19,8.01,69.26,42.13,56.23,8.02
249.87,39.22,19.88,22.15,8.01,69.26,42.13,56.09,8.03
249.88,39.30,19.88,22.19,8.01,69.46,42.22,56.09,8.03
249.89,39.30,19.90,22.19,8.01,69.26,42.22,56.09,8.03
249.90,39.30,19.90,22.19,8.01,69.46,42.22,56.09,8.04
249.91,39.30,19.90,22.19,8.01,69.46,42.13,56.23,8.03
249.92,39.38,19.90,22.15,8.01,69.26,42.04,56.09,8.02
249.93,39.30,19.90,22.19,8.02,69.46,42.22,56.09,8.04
249.94,39.30,19.90,22.15,8.01,69.26,42.22,56.23,8.02
249.95,39.30,19.90,22.19,8.01,69.46,42.22,56.23,8.02
249.96,39.30,19.90,22.15,8.04,69.46,42.13,56.09,8.03
249.97,39.30,19.90,22.19,8.01,69.26,42.13,56.23,8.03
249.98,39.30,19.90,22.19,8.01,69.26,42.13,56.09,8.02
249.99,39.30,19.90,22.15,8.01,69.26,42.22,56.09,8.03
250.00,39.38,19.93,22.15,8.02,69.26,42.22,56.23,8.03
250.01,39.30,19.90,22.15,8.01,69.46,42.13,56.23,8.03
250.02,39.22,19.90,22.12,8.01,69.26,42.30,56.09,8.02
250.03,39.38,19.90,22.19,8.02,69.46,42.13,56.09,8.02
250.04,39.38,19.90,22.15,8.01,69.46,42.22,56.09,8.02
250.05,39.22,19.93,22.15,8.02,69.46,42.22,56.23,8.02
250.06,39.30,19.88,22.19,8.02,69.26,42.22,56.09,8.02
250.07,39.30,19.93,22.12,8.01,69.26,42.22,56.23,8.02
250.08,39.38,19.90,22.15,8.02,69.46,42.22,56.23,8.02
250.09,39.30,19.90,22.15,8.02,69.26,42.13,56.09,8.03
250.10,39.30,19.93,22.15,8.01,69.26,42.22,56.09,8.02
250.11,39.30,19.90,22.15,8.01,69.26,42.22,56.23,8.03
250.12,39.38,19.88,22.15,8.01,69.46,42.22,56.23,8.02
250.13,39.38,19.90,22.15,8.02,69.06,42.13,56.23,8.02
250.14,39.30,19.90,22.15,8.01,69.26,42.13,56.09,8.03
250.15,39.30,19.90,22.19,8.01,69.46,42.22,56.23,8.03
250.16,39.30,19.93,22.15,8.01,69.46,42.22,56.38,8.02
250.17,39.30,19.88,22.19,8.01,69.26,42.30,56.09,8.02
250.18,39.30,19.90,22.15,8.01,69.46,42.22,56.38,8.03
250.19,39.30,19.93,22.15,8.01,69.26,42.22,56.23,8.03
250.20,39.30,19.90,22.15,8.01,69.26,42.13,56.23,8.02
250.21,39.30,19.93,22.19,8.01,69.46,42.13,56.09,8.02
250.22,39.30,19.93,22.19,8.01,69.26,42.22,56.23,8.03
250.23,39.30,19.90,22.15,8.02,69.46,42.13,56.09,8.03
250.24,39.30,19.90,22.15,8.01,69.46,42.22,56.09,8.03
250.25,39.30,19.90,22.15,8.01,69.26,42.22,56.09,8.02
250.26,39.30,19.90,22.19,8.02,69.46,42.22,56.23,8.03
250.27,39.30,19.90,22.15,8.01,69.46,42.22,56.09,8.02
250.28,39.30,19.90,22.19,8.01,69.46,42.13,56.38,8.03
250.29,39.30,19.93,22.19,8.01,69.46,42.22,56.23,8.03
250.30,39.30,19.90,22.15,8.01,69.26,42.22,56.09,8.03
250.31,39.30,19.90,22.15,8.01,69.26,42.22,56.23,8.03
250.32,39.30,19.90,22.19,8.02,69.46,42.13,56.09,8.02
250.33,39.30,19.90,22.15,8.01,69.46,42.22,56.23,8.03
250.34,39.38,19.90,22.19,8.01,69.46,42.22,56.09,8.02
250.35,39.30,19.90,22.15,8.01,69.26,42.13,56.23,8.03
250.36,39.38,19.90,22.19,8.01,69.26,42.22,56.23,8.03
250.37,39.30,19.90,22.19,8.01,69.46,42.22,56.23,8.03
250.38,39.22,19.88,22.15,8.01,69.46,42.13,56.23,8.02
250.39,39.30,19.88,22.19,8.01,69.46,42.22,56.23,8.02
250.40,39.30,19.90,22.12,8.01,69.46,42.22,56.23,8.03
250.41,39.30,19.93,22.15,8.01,69.46,42.22,56.23,8.03
250.42,39.38,19.90,22.15,8.01,69.46,42.22,56.09,8.02
250.43,39.30,19.90,22.19,8.02,69.46,42.22,56.23,8.02
250.44,39.30,19.90,22.19,8.02,69.46,42.22,56.09,8.02
250.45,39.30,19.90,22.19,8.02,69.26,42.22,56.23,8.01
250.46,39.30,19.88,22.19,8.01,69.46,42.22,56.09,8.03
250.47,39.30,19.90,22.19,8.01,69.46,42.22,56.23,8.02
250.48,39.30,19.90,22.15,8.01,69.46,42.13,56.23,8.02
250.49,39.30,19.90,22.19,8.01,69.46,42.13,56.23,8.03
250.50,39.30,19.90,22.19,8.02,69.46,42.30,56.23,8.02
250.51,39.30,19.90,22.19,8.01,69.46,42.13,56.23,8.02
250.52,39.30,19.88,22.15,8.01,69.26,42.22,56.23,8.03
250.53,39.30,19.90,22.19,8.01,69.26,42.13,56.09,8.03
250.54,39.30,19.90,22.15,8.01,69.46,42.22,56.23,8.03
250.55,39.30,19.88,22.15,8.02,69.46,42.13,56.09,8.02
250.56,39.30,19.90,22.15,8.02,69.26,42.13,56.23,8.02
250.57,39.38,19.90,22.19,8.01,69.26,42.22,56.23,8.03
250.58,39.30,19.90,22.15,8.01,69.46,42.22,56.09,8.03
250.59,39.30,19.90,22.15,8.02,69.46,42.22,56.23,8.03
250.60,39.30,19.90,22.19,8.01,69.46,42.13,56.23,8.03
250.61,39.30,19.90,22.19,8.01,69.46,42.13,56.23,8.03
250.62,39.30,19.88,22.15,8.01,69.46,42.13,56.23,8.04
250.63,39.30,19.88,22.19,8.02,69.46,42.13,56.09,8.03
250.64,39.22,19.90,22.12,8.01,69.26,42.22,56.09,8.02
250.65,39.38,19.90,22.19,8.02,69.46,42.13,56.23,8.03
250.66,39.30,19.90,22.19,8.01,69.26,42.13,56.23,8.03
250.67,39.30,19.90,22.19,8.01,69.46,42.13,56.23,8.03
250.68,39.30,19.90,22.19,8.01,69.26,42.13,56.23,8.03
250.69,39.30,19.90,22.19,8.01,69.26,42.22,56.23,8.03
250.70,39.30,19.90,22.15,8.01,69.46,42.22,56.09,8.02
250.71,39.30,19.88,22.15,8.01,69.46,42.13,56.23,8.03
250.72,39.30,19.90,22.19,8.02,69.46,42.22,56.23,8.03
250.73,39.30,19.90,22.19,8.01,69.46,42.22,56.09,8.03
250.74,39.30,19.93,22.15,8.02,69.46,42.13,56.23,8.03
250.75,39.30,19.90,22.15,8.01,69.26,42.22,56.09,8.03
250.76,39.30,19.88,22.15,8.02,69.26,42.13,56.23,8.02
250.77,39.38,19.90,22.15,8.01,69.26,42.22,56.09,8.03
250.78,39.30,19.88,22.15,8.01,69.46,42.22,56.23,8.03
250.79,39.30,19.90,22.15,8.01,69.46,42.22,56.23,8.02
250.80,39.30,19.90,22.19,8.01,69.46,42.22,56.23,8.02
250.81,39.30,19.88,22.15,8.01,69.26,42.13,56.09,8.03
250.82,39.30,19.90,22.15,8.01,69.26,42.22,56.09,8.02
250.83,39.30,19.90,22.19,8.02,69.26,42.30,56.09,8.03
250.84,39.30,19.90,22.19,8.01,69.46,42.22,56.23,8.03
250.85,39.30,19.90,22.15,8.01,69.46,42.13,56.23,8.03
250.86,39.38,19.90,22.19,8.02,69.46,42.22,56.23,8.02
250.87,39.30,19.90,22.19,8.01,69.46,42.22,56.09,8.03
250.88,39.30,19.93,22.15,8.01,69.46,42.13,56.23,8.02
250.89,39.30,19.90,22.15,8.01,69.46,42.22,56.23,8.03
250.90,39.38,19.90,22.15,8.01,69.46,42.22,56.09,8.02
250.91,39.30,19.88,22.15,8.01,69.26,42.22,56.09,8.03
250.92,39.30,19.90,22.15,8.02,69.46,42.22,56.23,8.03
250.93,39.30,19.90,22.19,8.02,69.46,42.13,56.09,8.02
250.94,39.30,19.88,22.19,8.01,69.46,42.22,56.23,8.02
250.95,39.30,19.90,22.15,8.01,69.46,42.22,56.09,8.02
250.96,39.38,19.90,22.15,8.01,69.46,42.13,56.23,8.02
250.97,39.30,19.90,22.15,8.01,69.46,42.22,56.09,8.02
250.98,39.30,19.90,22.15,8.01,69.46,42.22,56.09,8.02
250.99,39.30,19.90,22.15,8.01,69.46,42.13,56.23,8.03
251.00,39.30,19.88,22.19,8.01,69.46,42.13,56.09,8.03
251.01,39.30,19.88,22.15,8.00,69.46,42.13,56.09,8.02
251.02,39.30,19.90,22.15,8.02,69.26,42.13,56.23,8.03
251.03,39.30,19.90,22.15,8.01,69.46,42.22,56.23,8.03
251.04,39.22,19.88,22.19,8.02,69.46,42.22,56.23,8.02
251.05,39.30,19.88,22.19,8.02,69.46,42.22,56.09,8.01
251.06,39.22,19.88,22.19,8.01,69.46,42.22,56.23,8.03
251.07,39.22,19.90,22.19,8.01,69.26,42.22,56.09,8.02
251.08,39.30,19.88,22.15,8.02,69.46,42.22,56.09,8.03
251.09,39.30,19.90,22.15,8.02,69.46,42.22,56.23,8.02
251.10,39.30,19.90,22.15,8.02,69.26,42.13,56.09,8.03
251.11,39.30,19.90,22.15,8.01,69.46,42.13,56.09,8.02
251.12,39.30,19.90,22.15,8.01,69.26,42.13,56.23,8.03
251.13,39.30,19.88,22.15,8.02,69.26,42.22,56.23,8.03
251.14,39.30,19.90,22.15,8.01,69.46,42.22,56.09,8.02
251.15,39.30,19.88,22.19,8.01,69.26,42.13,56.23,8.02
251.16,39.30,19.88,22.15,8.01,69.46,42.22,56.23,8.02
251.17,39.30,19.93,22.15,8.01,69.26,42.22,56.23,8.02
251.18,39.30,19.90,22.15,8.01,69.26,42.13,56.09,8.02
251.19,39.30,19.90,22.15,8.01,69.26,42.22,56.23,8.02
251.20,39.22,19.88,22.12,8.01,69.46,42.13,56.23,8.02
251.21,39.15,19.88,22.19,8.01,69.26,42.22,56.09,8.02
251.22,39.38,19.90,22.15,8.01,69.46,42.22,56.23,8.02
251.23,39.22,19.90,22.12,8.01,69.26,42.22,56.23,8.02
251.24,39.30,19.90,22.15,8.01,69.26,42.13,56.23,8.02
251.25,39.22,19.88,22.19,8.02,69.46,42.22,56.09,8.02
251.26,39.30,19.90,22.15,8.02,69.46,42.22,56.09,8.02
251.27,39.30,19.90,22.15,8.02,69.46,42.13,56.23,8.02
251.28,39.30,19.88,22.15,8.01,69.46,42.22,56.09,8.02
251.29,39.30,19.88,22.12,8.01,69.26,42.22,56.23,8.02
251.30,39.30,19.90,22.12,8.01,69.46,42.22,56.09,8.01
251.31,39.30,19.90,22.15,8.02,69.26,42.22,56.23,8.03
251.32,39.22,19.88,22.15,8.01,69.26,42.13,56.23,8.03
251.33,39.30,19.88,22.15,8.01,69.26,42.22,56.09,8.02
251.34,39.30,19.90,22.15,8.01,69.46,42.22,56.23,8.02
251.35,39.30,19.88,22.12,8.00,69.26,42.22,56.09,8.02
251.36,39.30,19.88,22.15,8.00,69.26,42.13,56.09,8.02
251.37,39.30,19.88,22.15,8.01,69.26,42.13,56.09,8.02
251.38,39.30,19.88,22.15,8.01,69.26,42.13,55.95,8.02
251.39,39.30,19.88,22.15,8.01,69.46,42.13,56.09,8.03
251.40,39.30,19.88,22.15,8.00,69.26,42.22,56.23,8.03
251.41,39.30,19.88,22.15,8.01,69.26,42.13,56.23,8.03
251.42,39.30,19.88,22.15,8.01,69.26,42.22,56.09,8.01
251.43,39.30,19.88,22.15,8.01,69.46,42.13,56.23,8.02
251.44,39.30,19.90,22.15,8.01,69.46,42.13,56.09,8.03
251.45,39.30,19.90,22.12,8.01,69.26,42.22,56.09,8.02
251.46,39.30,19.90,22.19,8.00,69.46,42.22,56.09,8.02
251.47,39.30,19.88,22.15,8.01,69.26,42.22,56.09,8.02
251.48,39.30,19.88,22.15,8.02,69.46,42.13,56.09,8.02
251.49,39.30,19.88,22.15,8.01,69.46,42.13,56.23,8.02
251.50,39.22,19.88,22.15,8.01,69.26,42.22,56.09,8.02
251.51,39.22,19.88,22.15,8.01,69.46,42.13,56.23,8.02
251.52,39.30,19.88,22.15,8.01,69.46,42.13,56.09,8.02
251.53,39.30,19.90,22.15,8.01,69.26,42.13,56.23,8.03
251.54,39.22,19.88,22.12,8.00,69.46,42.13,56.09,8.02
251.55,39.30,19.88,22.15,8.01,69.26,42.13,56.09,8.02
251.56,39.30,19.88,22.15,8.01,69.46,42.13,56.09,8.03
251.57,39.30,19.88,22.15,8.00,69.46,42.22,56.23,8.02
251.58,39.22,19.88,22.15,8.02,69.26,42.13,56.23,8.03
251.59,39.30,19.88,22.15,8.01,69.26,42.13,56.09,8.02
251.60,39.30,19.88,22.15,8.01,69.26,42.22,56.23,8.02
251.61,39.30,19.88,22.15,8.01,69.26,42.13,56.23,8.03
251.62,39.30,19.90,22.15,8.01,69.26,42.22,56.09,8.03
251.63,39.30,19.90,22.12,8.01,69.46,42.13,56.23,8.03
251.64,39.30,19.88,22.15,8.01,69.46,42.22,56.23,8.03
251.65,39.30,19.88,22.15,8.00,69.26,42.22,56.09,8.02
251.66,39.30,19.90,22.15,8.00,69.26,42.13,56.09,8.03
251.67,39.22,19.90,22.15,8.00,69.46,42.22,56.23,8.02
251.68,39.30,19.90,22.15,8.01,69.26,42.13,56.23,8.02
251.69,39.30,19.88,22.12,8.01,69.46,42.22,56.23,8.03
251.70,39.30,19.88,22.15,8.00,69.06,42.22,56.09,8.02
251.71,39.30,19.88,22.15,8.01,69.46,42.13,56.23,8.02
251.72,39.30,19.90,22.15,8.02,69.26,42.13,56.09,8.02
251.73,39.22,19.88,22.15,8.01,69.26,42.13,56.09,8.03
251.74,39.30,19.88,22.15,8.00,69.46,42.22,56.09,8.03
251.75,39.30,19.88,22.12,8.00,69.46,42.22,56.09,8.02
251.76,39.30,19.88,22.15,8.02,69.26,42.13,56.23,8.02
251.77,39.22,19.88,22.15,8.02,69.26,42.13,56.23,8.02
251.78,39.22,19.88,22.15,8.00,69.26,42.13,56.09,8.02
251.79,39.30,19.88,22.12,8.00,69.46,42.22,56.09,8.01
251.80,39.30,19.88,22.15,8.00,69.26,42.13,56.09,8.03
251.81,39.30,19.90,22.12,8.00,69.26,42.22,56.09,8.02
251.82,39.30,19.88,22.15,8.01,69.46,42.13,56.09,8.03
251.83,39.22,19.88,22.15,8.00,69.46,42.13,56.23,8.03
251.84,39.30,19.90,22.12,8.00,69.26,42.22,56.23,8.03
251.85,39.30,19.88,22.15,8.00,69.46,42.13,56.09,8.02
251.86,39.22,19.90,22.12,8.00,69.26,42.04,56.09,8.02
251.87,39.30,19.85,22.12,8.01,69.26,42.13,56.09,8.03
251.88,39.22,19.90,22.15,8.00,69.26,42.22,56.09,8.02
251.89,39.30,19.90,22.15,8.01,69.46,42.13,56.23,8.02
251.90,39.30,19.88,22.15,8.01,69.46,42.13,56.09,8.03
251.91,39.30,19.88,22.15,8.01,69.46,42.13,56.23,8.03
251.92,39.30,19.88,22.12,8.01,69.26,42.13,56.09,8.03
251.93,39.30,19.88,22.15,8.00,69.26,42.13,56.09,8.02
251.94,39.30,19.88,22.12,8.00,69.26,42.13,56.09,8.02
251.95,39.22,19.88,22.12,8.01,69.46,42.13,56.09,8.02
251.96,39.30,19.88,22.12,8.01,69.46,42.13,56.09,8.01
251.97,39.30,19.88,22.12,8.00,69.26,42.13,56.09,8.02
251.98,39.30,19.88,22.15,8.01,69.26,42.13,56.23,8.02
251.99,39.22,19.88,22.15,8.01,69.46,42.13,56.09,8.03
252.00,39.22,19.85,22.12,8.01,69.46,42.22,56.09,8.02
252.01,39.30,19.85,22.12,8.01,69.26,42.22,56.09,8.03
252.02,39.30,19.88,22.12,8.02,69.46,42.13,56.23,8.02
252.03,39.30,19.88,22.12,8.00,69.46,42.22,56.09,8.02
252.04,39.22,19.88,22.12,8.02,69.26,42.22,56.23,8.02
252.05,39.22,19.88,22.15,8.00,69.46,42.13,56.09,8.03
252.06,39.22,19.88,22.12,8.02,69.26,42.22,56.23,8.02
252.07,39.30,19.88,22.15,8.00,69.46,42.13,56.23,8.02
252.08,39.30,19.88,22.15,8.01,69.26,42.13,56.09,8.03
252.09,39.30,19.85,22.15,8.01,69.46,42.13,56.09,8.03
252.10,39.22,19.85,22.15,8.01,69.26,42.22,56.09,8.02
252.11,39.30,19.88,22.12,8.01,69.46,42.13,56.09,8.03
252.12,39.22,19.88,22.15,8.00,69.26,42.22,56.23,8.03
252.13,39.30,19.88,22.12,8.00,69.46,42.13,56.23,8.03
252.14,39.30,19.88,22.15,8.00,69.26,42.13,56.09,8.01
252.15,39.22,19.85,22.12,8.02,69.26,42.04,56.09,8.02
252.16,39.22,19.90,22.12,8.01,69.46,42.13,56.09,8.02
252.17,39.30,19.88,22.15,8.01,69.26,42.13,56.23,8.02
252.18,39.22,19.90,22.12,8.01,69.46,42.13,56.23,8.02
252.19,39.30,19.85,22.12,8.02,69.26,42.13,56.09,8.02
252.20,39.30,19.85,22.12,8.02,69.46,42.13,56.23,8.02
252.21,39.30,19.90,22.15,8.01,69.26,42.13,56.09,8.02
252.22,39.22,19.88,22.15,8.00,69.46,42.22,56.23,8.03
252.23,39.30,19.88,22.12,8.00,69.26,42.22,56.09,8.02
252.24,39.22,19.88,22.12,8.00,69.46,42.13,56.23,8.02
252.25,39.22,19.88,22.15,8.01,69.26,42.13,56.23,8.02
252.26,39.22,19.85,22.15,8.00,69.26,42.13,56.09,8.01
252.27,39.22,19.88,22.12,8.00,69.26,42.13,56.09,8.01
252.28,39.15,19.85,22.15,8.00,69.46,42.22,56.23,8.02
252.29,39.30,19.88,22.12,8.00,69.46,42.04,56.23,8.03
252.30,39.30,19.90,22.12,8.00,69.46,42.13,56.23,8.02
252.31,39.30,19.88,22.15,8.01,69.46,42.13,56.09,8.02
252.32,39.30,19.88,22.12,8.00,69.26,42.22,56.09,8.03
252.33,39.22,19.88,22.12,8.00,69.26,42.13,56.23,8.02
252.34,39.22,19.88,22.12,8.00,69.46,42.13,56.23,8.03
252.35,39.22,19.85,22.15,8.00,69.46,42.13,56.09,8.03
252.36,39.30,19.88,22.12,8.01,69.26,42.22,56.23,8.03
252.37,39.22,19.85,22.12,8.00,69.46,42.13,56.23,8.01
252.38,39.22,19.85,22.12,8.00,69.46,42.13,56.23,8.03
252.39,39.22,19.88,22.12,8.01,69.46,42.13,56.23,8.02
252.40,39.22,19.85,22.15,8.00,69.26,42.13,56.23,8.03
252.41,39.22,19.85,22.12,8.01,69.46,42.13,56.09,8.02
252.42,39.15,19.88,22.12,8.00,69.46,42.13,56.23,8.02
252.43,39.30,19.88,22.15,8.01,69.26,42.22,56.09,8.02
252.44,39.30,19.85,22.09,8.00,69.46,42.22,56.23,8.02
252.45,39.22,19.85,22.12,8.00,69.26,42.22,56.23,8.01
252.46,39.30,19.85,22.15,8.00,69.26,42.30,56.23,8.02
252.47,39.22,19.88,22.15,8.01,69.46,42.13,56.23,8.02
252.48,39.30,19.85,22.12,8.01,69.26,42.22,56.09,8.02
252.49,39.22,19.88,22.12,8.00,69.46,42.13,56.09,8.03
252.50,39.22,19.85,22.12,8.00,69.46,42.13,56.23,8.02
252.51,39.22,19.85,22.15,8.01,69.26,42.13,56.09,8.01
252.52,39.22,19.85,22.12,8.00,69.26,42.22,56.09,8.02
252.53,39.30,19.88,22.12,8.01,69.26,42.13,56.09,8.01
252.54,39.22,19.88,22.12,8.01,69.26,42.22,56.09,8.02
252.55,39.22,19.88,22.12,8.00,69.26,42.13,56.23,8.02
252.56,39.30,19.85,22.12,8.01,69.26,42.13,56.23,8.02
252.57,39.22,19.88,22.12,8.00,69.26,42.13,55.95,8.03
252.58,39.22,19.85,22.12,8.00,69.26,42.22,56.23,8.03
252.59,39.22,19.88,22.15,8.00,69.26,42.13,56.23,8.02
252.60,39.22,19.85,22.12,8.01,69.46,42.13,56.09,8.02
252.61,39.30,19.88,22.12,8.01,69.46,42.13,56.09,8.01
252.62,39.22,19.88,22.12,8.02,69.26,42.22,56.23,8.03
252.63,39.22,19.85,22.12,8.00,69.26,42.04,56.09,8.01
252.64,39.22,19.85,22.15,8.01,69.26,42.22,56.23,8.02
252.65,39.22,19.88,22.15,8.00,69.26,42.13,56.23,8.02
252.66,39.22,19.88,22.15,8.00,69.26,42.13,56.23,8.01
252.67,39.22,19.88,22.12,8.00,69.46,42.13,56.23,8.02
252.68,39.22,19.88,22.12,8.00,69.46,42.13,56.09,8.02
252.69,39.22,19.85,22.12,8.00,69.26,42.13,56.09,8.02
252.70,39.30,19.85,22.12,8.00,69.46,42.13,56.09,8.02
252.71,39.22,19.85,22.12,8.00,69.26,42.13,56.23,8.02
252.72,39.30,19.88,22.12,8.00,69.46,42.22,56.09,8.02
252.73,39.22,19.88,22.12,8.01,69.46,42.13,56.09,8.02
252.74,39.22,19.85,22.15,8.00,69.46,42.13,56.09,8.01
252.75,39.22,19.85,22.12,8.01,69.26,42.13,56.09,8.01
252.76,39.22,19.88,22.12,8.02,69.46,42.13,56.23,8.03
252.77,39.22,19.85,22.12,8.00,69.26,42.13,56.09,8.02
252.78,39.15,19.85,22.12,8.00,69.46,42.13,56.09,8.02
252.79,39.22,19.88,22.12,8.01,69.26,42.13,56.09,8.01
252.80,39.22,19.85,22.12,8.00,69.46,42.22,56.09,8.02
252.81,39.30,19.85,22.12,8.01,69.26,42.22,56.23,8.02
252.82,39.22,19.88,22.15,8.00,69.26,42.13,56.23,8.03
252.83,39.22,19.85,22.12,8.00,69.26,42.22,56.09,8.02
252.84,39.30,19.85,22.12,8.00,69.26,42.13,56.09,8.01
252.85,39.30,19.88,22.12,8.00,69.46,42.13,56.09,8.02
252.86,39.30,19.88,22.12,8.00,69.46,42.13,56.23,8.02
252.87,39.22,19.88,22.12,8.01,69.46,42.22,56.23,8.02
252.88,39.22,19.85,22.15,8.01,69.26,42.22,56.23,8.02
252.89,39.22,19.88,22.12,8.00,69.46,42.13,56.09,8.01
252.90,39.22,19.88,22.12,8.00,69.26,42.22,56.09,8.03
252.91,39.22,19.85,22.12,8.00,69.26,42.22,56.23,8.01
252.92,39.22,19.85,22.12,8.01,69.46,42.13,56.23,8.02
252.93,39.22,19.85,22.12,8.01,69.26,42.22,56.23,8.02
252.94,39.22,19.88,22.12,8.00,69.26,42.13,56.23,8.02
252.95,39.22,19.85,22.12,8.00,69.46,42.13,56.23,8.02
252.96,39.22,19.90,22.12,8.00,69.46,42.13,56.09,8.02
252.97,39.22,19.88,22.12,8.01,69.46,42.13,56.23,8.03
252.98,39.22,19.85,22.12,8.00,69.26,42.22,56.23,8.02
252.99,39.22,19.88,22.12,8.00,69.26,42.13,56.23,8.01
253.00,39.30,19.88,22.15,8.01,69.46,42.13,56.09,8.03
253.01,39.22,19.88,22.15,8.00,69.26,42.13,56.23,8.02
253.02,39.30,19.85,22.12,8.01,69.46,42.13,56.23,8.03
253.03,39.22,19.85,22.15,8.01,69.46,42.13,56.23,8.03
253.04,39.30,19.88,22.12,8.00,69.46,42.13,56.23,8.02
253.05,39.22,19.88,22.12,8.00,69.06,42.13,56.23,8.02
253.06,39.30,19.88,22.12,8.01,69.46,42.13,56.09,8.01
253.07,39.30,19.88,22.12,8.02,69.26,42.13,56.09,8.02
253.08,39.22,19.88,22.15,8.00,69.26,42.13,56.23,8.03
253.09,39.30,19.88,22.15,8.00,69.46,42.13,56.09,8.03
253.10,39.30,19.88,22.12,8.01,69.46,42.22,56.09,8.03
253.11,39.22,19.88,22.15,8.01,69.46,42.13,56.09,8.02
253.12,39.30,19.90,22.12,8.00,69.46,42.13,56.23,8.02
253.13,39.22,19.85,22.15,8.01,69.26,42.22,56.23,8.02
253.14,39.30,19.88,22.12,8.01,69.26,42.22,56.23,8.02
253.15,39.22,19.88,22.12,8.00,69.46,42.13,56.23,8.02
253.16,39.30,19.88,22.12,8.00,69.46,42.13,56.09,8.03
253.17,39.22,19.85,22.15,8.00,69.46,42.22,56.09,8.02
253.18,39.22,19.88,22.12,8.00,69.26,42.22,56.09,8.02
253.19,39.30,19.88,22.12,8.00,69.26,42.13,56.23,8.02
253.20,39.22,19.85,22.12,8.00,69.46,42.13,56.23,8.01
253.21,39.30,19.88,22.12,8.00,69.46,42.13,56.09,8.02
253.22,39.22,19.88,22.15,8.00,69.46,42.13,56.23,8.02
253.23,39.30,19.88,22.12,8.00,69.46,42.13,56.09,8.02
253.24,39.22,19.88,22.12,8.00,69.46,42.22,56.23,8.02
253.25,39.30,19.88,22.15,8.00,69.46,42.22,56.23,8.02
253.26,39.22,19.88,22.12,8.00,69.26,42.22,56.09,8.03
253.27,39.22,19.88,22.12,8.00,69.46,42.13,56.23,8.02
253.28,39.30,19.85,22.15,8.00,69.46,42.13,56.09,8.02
253.29,39.22,19.88,22.15,8.02,69.26,42.22,56.23,8.03
253.30,39.22,19.88,22.15,8.01,69.46,42.13,56.09,8.02
253.31,39.22,19.88,22.12,8.00,69.46,42.13,56.09,8.01
253.32,39.22,19.88,22.15,8.00,69.46,42.13,56.23,8.02
253.33,39.22,19.88,22.12,8.00,69.26,42.13,56.09,8.03
253.34,39.22,19.85,22.12,8.00,69.46,42.13,56.23,8.02
253.35,39.22,19.85,22.15,8.01,69.46,42.13,56.23,8.02
253.36,39.22,19.88,22.12,8.00,69.26,42.22,56.23,8.03
253.37,39.22,19.88,22.12,8.00,69.46,42.13,56.23,8.02
253.38,39.30,19.88,22.12,8.01,69.26,42.13,56.09,8.01
253.39,39.30,19.88,22.15,8.00,69.46,42.13,56.23,8.02
253.40,39.30,19.82,22.15,8.01,69.46,42.13,56.23,8.02
253.41,39.22,19.85,22.12,8.00,69.46,42.13,56.23,8.02
253.42,39.22,19.85,22.15,8.01,69.46,42.13,56.23,8.02
253.43,39.22,19.85,22.12,8.00,69.46,42.22,56.23,8.02
253.44,39.22,19.88,22.15,8.00,69.46,42.22,56.23,8.02
253.45,39.22,19.88,22.12,8.01,69.46,42.13,56.23,8.02
253.46,39.30,19.85,22.12,8.00,69.26,42.22,56.23,8.02
253.47,39.30,19.88,22.12,8.00,69.46,42.13,56.09,8.02
253.48,39.22,19.85,22.12,8.00,69.46,42.30,56.09,8.02
253.49,39.30,19.88,22.12,8.00,69.46,42.13,56.23,8.01
253.50,39.22,19.85,22.15,8.01,69.46,42.13,56.09,8.01
253.51,39.30,19.88,22.15,8.00,69.46,42.22,56.23,8.01
253.52,39.22,19.88,22.15,8.01,69.46,42.13,56.09,8.01
253.53,39.30,19.88,22.12,8.02,69.46,42.13,56.23,8.01
253.54,39.22,19.88,22.12,8.00,69.26,42.13,56.23,8.03
253.55,39.22,19.88,22.12,8.00,69.46,42.13,56.23,8.02
253.56,39.30,19.88,22.15,8.01,69.46,42.22,56.23,8.02
253.57,39.22,19.90,22.12,8.00,69.46,42.13,56.23,8.03
253.58,39.30,19.88,22.12,8.00,69.46,42.22,56.23,8.02
253.59,39.22,19.88,22.12,8.01,69.46,42.13,56.23,8.03
253.60,39.15,19.88,22.12,8.00,69.26,42.13,56.23,8.02
253.61,39.30,19.88,22.15,8.01,69.26,42.22,56.23,8.02
253.62,39.22,19.88,22.12,8.00,69.46,42.04,56.23,8.02
253.63,39.30,19.85,22.12,8.00,69.46,42.13,56.23,8.02
253.64,39.22,19.85,22.15,8.00,69.26,42.13,56.38,8.03
253.65,39.22,19.85,22.12,8.01,69.46,42.13,56.23,8.02
253.66,39.22,19.88,22.12,8.00,69.46,42.13,56.23,8.02
253.67,39.30,19.88,22.12,8.00,69.46,42.13,56.23,8.02
253.68,39.22,19.88,22.15,8.00,69.46,42.13,56.09,8.01
253.69,39.22,19.88,22.15,8.02,69.46,42.22,56.23,8.02
253.70,39.22,19.88,22.12,8.01,69.46,42.13,56.23,8.02
253.71,39.30,19.88,22.12,8.00,69.26,42.13,56.09,8.02
253.72,39.30,19.88,22.12,8.00,69.46,42.13,56.09,8.02
253.73,39.22,19.85,22.12,8.01,69.46,42.13,56.23,8.01
253.74,39.30,19.85,22.12,8.00,69.46,42.13,56.23,8.02
253.75,39.22,19.85,22.15,8.02,69.26,42.13,56.09,8.02
253.76,39.22,19.88,22.12,8.00,69.26,42.13,56.38,8.02
253.77,39.22,19.88,22.15,8.00,69.46,42.13,56.23,8.02
253.78,39.22,19.88,22.12,8.01,69.26,42.22,56.09,8.02
253.79,39.22,19.85,22.12,8.00,69.46,42.13,56.23,8.03
253.80,39.30,19.85,22.12,8.01,69.26,42.13,56.23,8.03
253.81,39.22,19.85,22.15,8.01,69.46,42.13,56.23,8.03
253.82,39.22,19.88,22.15,8.00,69.46,42.13,56.23,8.02
253.83,39.22,19.88,22.15,8.00,69.46,42.22,56.23,8.03
253.84,39.22,19.85,22.12,8.01,69.46,42.13,56.23,8.02
253.85,39.22,19.85,22.12,8.00,69.46,42.13,56.23,8.02
253.86,39.22,19.85,22.09,8.00,69.46,42.13,56.23,8.03
253.87,39.22,19.85,22.15,8.01,69.46,42.13,56.23,8.02
253.88,39.22,19.85,22.12,8.00,69.46,42.13,56.23,8.02
253.89,39.22,19.88,22.12,8.01,69.46,42.13,56.09,8.01
253.90,39.22,19.85,22.15,8.00,69.46,42.13,56.23,8.03
253.91,39.22,19.85,22.12,8.00,69.26,42.13,56.23,8.02
253.92,39.22,19.85,22.12,8.00,69.46,42.13,56.09,8.01
253.93,39.22,19.85,22.12,8.00,69.46,42.22,56.23,8.01
253.94,39.30,19.88,22.12,8.00,69.46,42.13,56.23,8.03
253.95,39.22,19.85,22.12,8.00,69.46,42.13,56.23,8.02
253.96,39.22,19.85,22.12,8.00,69.26,42.22,56.23,8.02
253.97,39.22,19.85,22.12,8.00,69.46,42.13,56.23,8.01
253.98,39.22,19.88,22.12,8.00,69.46,42.22,56.23,8.02
253.99,39.22,19.88,22.12,8.01,69.46,42.13,56.23,8.02
254.00,39.30,19.88,22.09,8.00,69.26,42.22,56.23,8.02
254.01,39.30,19.85,22.12,8.01,69.46,42.13,56.23,8.02
254.02,39.22,19.88,22.12,7.99,69.46,42.13,56.23,8.02
254.03,39.22,19.85,22.12,8.00,69.46,42.13,56.09,8.03
254.04,39.22,19.88,22.12,8.01,69.46,42.22,56.09,8.01
254.05,39.22,19.88,22.12,8.00,69.46,42.22,56.09,8.02
254.06,39.22,19.88,22.12,8.00,69.46,42.13,56.23,8.02
254.07,39.22,19.88,22.15,8.00,69.46,42.13,56.09,8.01
254.08,39.22,19.88,22.12,8.00,69.46,42.13,56.23,8.02
254.09,39.22,19.88,22.12,8.00,69.46,42.13,56.23,8.02
254.10,39.22,19.85,22.12,8.01,69.46,42.22,56.09,8.03
254.11,39.22,19.88,22.12,8.00,69.26,42.13,56.23,8.02
254.12,39.30,19.88,22.12,8.00,69.46,42.13,56.23,8.03
254.13,39.22,19.88,22.12,7.99,69.46,42.13,56.23,8.02
254.14,39.22,19.88,22.12,8.00,69.46,42.13,56.23,8.02
254.15,39.22,19.88,22.12,8.00,69.46,42.22,56.09,8.01
254.16,39.22,19.88,22.12,8.01,69.46,42.13,56.23,8.02
254.17,39.22,19.85,22.12,8.00,69.46,42.22,56.23,8.02
254.18,39.22,19.85,22.12,8.00,69.26,42.13,56.23,8.02
254.19,39.22,19.88,22.12,8.00,69.46,42.13,56.23,8.02
254.20,39.30,19.85,22.15,8.01,69.26,42.13,56.23,8.01
254.21,39.22,19.85,22.12,8.01,69.26,42.13,56.23,8.02
254.22,39.22,19.85,22.12,8.00,69.46,42.13,56.23,8.01
254.23,39.22,19.85,22.12,8.00,69.46,42.13,56.23,8.02
254.24,39.22,19.85,22.12,8.00,69.46,42.22,56.23,8.02
254.25,39.22,19.88,22.12,7.99,69.46,42.13,56.23,8.02
254.26,39.22,19.85,22.12,8.00,69.46,42.13,56.23,8.02
254.27,39.22,19.85,22.12,8.01,69.46,42.22,56.23,8.02
254.28,39.22,19.88,22.15,8.00,69.46,42.13,56.23,8.02
254.29,39.22,19.85,22.15,8.01,69.46,42.13,56.09,8.02
254.30,39.22,19.88,22.12,8.00,69.26,42.22,56.23,8.02
254.31,39.22,19.85,22.12,7.99,69.46,42.13,56.23,8.02
254.32,39.15,19.85,22.15,8.00,69.46,42.13,56.23,8.02
254.33,39.30,19.88,22.12,8.00,69.26,42.13,56.09,8.02
254.34,39.22,19.85,22.12,8.01,69.46,42.13,56.23,8.02
254.35,39.22,19.88,22.12,8.00,69.46,42.22,56.23,8.02
254.36,39.22,19.88,22.12,8.00,69.46,42.13,56.23,8.02
254.37,39.22,19.85,22.12,8.01,69.26,42.22,56.23,8.01
254.38,39.22,19.85,22.12,8.00,69.46,42.22,56.09,8.01
254.39,39.22,19.85,22.12,8.01,69.46,42.13,56.23,8.03
254.40,39.22,19.85,22.09,8.00,69.26,42.13,56.23,8.03
254.41,39.22,19.85,22.12,8.00,69.26,42.22,56.09,8.02
254.42,39.22,19.85,22.15,8.01,69.46,42.13,56.23,8.02
254.43,39.22,19.88,22.12,8.00,69.46,42.22,56.23,8.02
254.44,39.22,19.85,22.12,8.00,69.46,42.22,56.23,8.02
254.45,39.22,19.85,22.09,8.00,69.26,42.22,56.23,8.03
254.46,39.22,19.85,22.12,8.00,69.46,42.22,56.23,8.02
254.47,39.22,19.85,22.12,8.01,69.46,42.13,56.09,8.01
254.48,39.22,19.85,22.12,8.00,69.46,42.13,56.23,8.03
254.49,39.22,19.88,22.12,8.00,69.46,42.13,56.09,8.02
254.50,39.22,19.85,22.12,8.01,69.46,42.13,56.23,8.02
254.51,39.22,19.88,22.12,8.00,69.46,42.22,56.23,8.02
254.52,39.30,19.88,22.12,8.00,69.46,42.13,56.23,8.02
254.53,39.22,19.85,22.12,8.00,69.46,42.13,56.23,8.02
254.54,39.22,19.88,22.12,8.00,69.46,42.13,56.09,8.02
254.55,39.15,19.85,22.12,8.00,69.46,42.22,56.23,8.01
254.56,39.30,19.88,22.12,8.00,69.46,42.13,56.09,8.02
254.57,39.22,19.88,22.12,8.01,69.46,42.13,56.23,8.02
254.58,39.22,19.82,22.12,8.00,69.26,42.22,56.23,8.02
254.59,39.22,19.85,22.12,8.00,69.46,42.13,56.23,8.02
254.60,39.22,19.85,22.12,8.00,69.46,42.22,56.38,8.02
254.61,39.30,19.88,22.09,7.99,69.46,42.13,56.23,8.02
254.62,39.22,19.88,22.12,8.00,69.46,42.22,56.09,8.02
254.63,39.30,19.85,22.12,8.00,69.46,42.13,56.23,8.03
254.64,39.22,19.85,22.12,8.00,69.46,42.13,56.23,8.03
254.65,39.22,19.85,22.15,8.00,69.26,42.13,56.09,8.01
254.66,39.22,19.85,22.12,8.01,69.46,42.22,56.23,8.02
254.67,39.22,19.88,22.12,8.00,69.26,42.13,56.23,8.03
254.68,39.22,19.85,22.12,8.00,69.26,42.13,56.23,8.03
254.69,39.22,19.85,22.12,8.00,69.46,42.30,56.23,8.02
254.70,39.22,19.88,22.12,8.00,69.46,42.22,56.09,8.01
254.71,39.22,19.88,22.12,8.00,69.46,42.22,56.23,8.02
254.72,39.22,19.88,22.12,7.99,69.46,42.13,56.23,8.02
254.73,39.22,19.85,22.12,8.00,69.46,42.22,56.09,8.02
254.74,39.22,19.85,22.12,8.01,69.26,42.22,56.09,8.01
254.75,39.22,19.88,22.12,8.01,69.46,42.22,56.23,8.03
254.76,39.22,19.85,22.12,8.01,69.46,42.13,56.23,8.01
254.77,39.22,19.88,22.15,8.00,69.26,42.13,56.23,8.02
254.78,39.22,19.88,22.12,8.00,69.46,42.22,56.23,8.02
254.79,39.30,19.85,22.15,7.99,69.46,42.13,56.23,8.03
254.80,39.22,19.85,22.12,7.99,69.46,42.13,56.09,8.02
254.81,39.15,19.85,22.15,8.00,69.46,42.04,56.23,8.02
254.82,39.30,19.85,22.12,8.00,69.46,42.22,56.23,8.02
254.83,39.22,19.85,22.12,8.00,69.46,42.13,56.23,8.01
254.84,39.22,19.88,22.12,8.00,69.26,42.22,56.23,8.02
254.85,39.22,19.88,22.12,7.99,69.46,42.13,56.38,8.03
254.86,39.22,19.85,22.15,8.01,69.46,42.22,56.38,8.02
254.87,39.30,19.88,22.12,7.99,69.46,42.22,56.09,8.02
254.88,39.22,19.85,22.12,8.00,69.67,42.13,56.23,8.02
254.89,39.22,19.85,22.12,8.01,69.06,42.22,56.23,8.03
254.90,39.22,19.88,22.09,8.00,69.46,42.13,56.23,8.03
254.91,39.22,19.88,22.12,8.01,69.26,42.13,56.23,8.02
254.92,39.22,19.88,22.12,8.00,69.46,42.13,56.09,8.02
254.93,39.22,19.85,22.09,8.01,69.26,42.13,56.23,8.02
254.94,39.22,19.85,22.15,8.01,69.46,42.13,56.38,8.03
254.95,39.22,19.85,22.12,8.00,69.26,42.22,56.09,8.03
254.96,39.22,19.85,22.12,8.02,69.46,42.22,56.09,8.02
254.97,39.22,19.85,22.15,8.00,69.26,42.22,56.38,8.02
254.98,39.22,19.85,22.12,8.00,69.46,42.22,56.23,8.03
254.99,39.22,19.85,22.12,8.00,69.46,42.22,56.23,8.01
255.00,39.22,19.88,22.12,8.00,69.46,42.13,56.23,8.02
255.01,39.22,19.85,22.12,8.00,69.46,42.13,56.23,8.02
255.02,39.22,19.82,22.12,8.00,69.26,42.13,56.23,8.02
255.03,39.22,19.85,22.12,8.00,69.46,42.13,56.23,8.02
255.04,39.22,19.85,22.12,8.00,69.46,42.13,56.23,8.02
255.05,39.22,19.88,22.12,8.00,69.46,42.22,56.23,8.01
255.06,39.22,19.88,22.12,7.99,69.46,42.22,56.23,8.03
255.07,39.22,19.88,22.12,8.01,69.26,42.13,56.23,8.01
255.08,39.22,19.88,22.12,8.00,69.26,42.13,56.23,8.02
255.09,39.22,19.88,22.12,8.00,69.46,42.13,56.23,8.02
255.10,39.22,19.85,22.12,8.00,69.46,42.22,56.23,8.02
255.11,39.22,19.85,22.12,8.00,69.46,42.22,56.23,8.02
255.12,39.22,19.88,22.12,8.00,69.46,42.13,56.23,8.02
255.13,39.22,19.85,22.15,8.00,69.46,42.22,56.23,8.02
255.14,39.22,19.88,22.12,8.00,69.46,42.13,56.23,8.01
255.15,39.22,19.88,22.12,8.00,69.46,42.22,56.23,8.02
255.16,39.22,19.88,22.12,8.00,69.46,42.13,56.23,8.01
255.17,39.22,19.85,22.09,8.00,69.26,42.22,56.23,8.03
255.18,39.22,19.85,22.12,8.01,69.46,42.13,56.23,8.02
255.19,39.22,19.88,22.12,8.01,69.46,42.22,56.23,8.01
255.20,39.22,19.85,22.12,8.01,69.67,42.13,56.23,8.02
255.21,39.22,19.88,22.12,8.00,69.46,42.13,56.23,8.02
255.22,39.15,19.85,22.15,8.00,69.46,42.13,56.23,8.02
255.23,39.22,19.85,22.12,8.00,69.46,42.22,56.23,8.02
255.24,39.22,19.85,22.12,8.00,69.46,42.13,56.09,8.02
255.25,39.22,19.85,22.09,8.00,69.46,42.13,56.23,8.02
255.26,39.22,19.85,22.12,8.00,69.46,42.13,56.23,8.02
255.27,39.22,19.85,22.12,7.99,69.46,42.13,56.23,8.02
255.28,39.22,19.85,22.12,8.00,69.46,42.13,56.23,8.02
255.29,39.22,19.85,22.12,7.99,69.46,42.13,56.23,8.02
255.30,39.15,19.85,22.12,8.00,69.46,42.13,56.23,8.02
255.31,39.22,19.88,22.12,8.01,69.26,42.13,56.23,8.03
255.32,39.22,19.85,22.12,8.00,69.26,42.13,56.23,8.02
255.33,39.22,19.88,22.12,8.00,69.46,42.13,56.23,8.03
255.34,39.22,19.85,22.12,8.00,69.46,42.13,56.23,8.02
255.35,39.22,19.85,22.12,8.00,69.46,42.13,56.23,8.03
255.36,39.22,19.85,22.12,8.00,69.46,42.22,56.23,8.02
255.37,39.15,19.85,22.12,8.00,69.46,42.13,56.23,8.02
255.38,39.22,19.85,22.12,8.00,69.46,42.13,56.23,8.02
255.39,39.22,19.85,22.12,8.00,69.46,42.22,56.23,8.02
255.40,39.22,19.85,22.12,8.00,69.26,42.13,56.23,8.02
255.41,39.22,19.85,22.12,8.00,69.26,42.22,56.09,8.02
255.42,39.22,19.85,22.12,8.01,69.46,42.13,56.23,8.03
255.43,39.22,19.88,22.15,8.01,69.26,42.13,56.23,8.02
255.44,39.22,19.88,22.12,8.00,69.46,42.13,56.23,8.02
255.45,39.22,19.85,22.12,8.01,69.46,42.22,56.23,8.02
255.46,39.22,19.85,22.12,8.00,69.26,42.13,56.23,8.02
255.47,39.22,19.85,22.12,7.99,69.26,42.13,56.23,8.03
255.48,39.22,19.85,22.09,7.99,69.46,42.22,56.23,8.02
255.49,39.22,19.88,22.12,8.00,69.26,42.13,56.38,8.03
255.50,39.22,19.85,22.12,7.99,69.46,42.22,56.23,8.01
255.51,39.22,19.85,22.09,7.99,69.46,42.22,56.23,8.01
255.52,39.22,19.88,22.09,7.99,69.46,42.13,56.23,8.02
255.53,39.22,19.82,22.12,8.01,69.46,42.13,56.23,8.03
255.54,39.30,19.85,22.12,8.01,69.46,42.22,56.23,8.02
255.55,39.22,19.85,22.09,8.00,69.26,42.13,56.23,8.02
255.56,39.15,19.88,22.12,8.00,69.26,42.30,56.23,8.02
255.57,39.22,19.85,22.12,8.00,69.46,42.13,56.23,8.02
255.58,39.22,19.85,22.12,8.01,69.46,42.22,56.23,8.01
255.59,39.22,19.85,22.09,8.00,69.26,42.13,56.23,8.02
255.60,39.22,19.85,22.12,8.00,69.26,42.13,56.23,8.01
255.61,39.22,19.85,22.12,8.00,69.46,42.22,56.23,8.01
255.62,39.22,19.88,22.12,8.01,69.46,42.13,56.23,8.01
255.63,39.22,19.85,22.12,8.00,69.46,42.13,56.23,8.02
255.64,39.22,19.82,22.12,8.01,69.26,42.13,56.09,8.02
255.65,39.22,19.85,22.09,8.00,69.46,42.22,56.23,8.01
255.66,39.22,19.85,22.09,8.00,69.46,42.22,56.23,8.02
255.67,39.22,19.88,22.12,8.00,69.46,42.22,56.23,8.03
255.68,39.22,19.85,22.12,8.00,69.46,42.22,56.23,8.03
255.69,39.22,19.85,22.12,7.99,69.46,42.13,56.23,8.02
255.70,39.22,19.88,22.12,7.99,69.46,42.22,56.09,8.01
255.71,39.22,19.85,22.12,8.00,69.26,42.13,56.38,8.03
255.72,39.22,19.85,22.12,8.00,69.46,42.13,56.23,8.01
255.73,39.22,19.88,22.09,7.99,69.46,42.22,56.23,8.01
255.74,39.22,19.85,22.12,8.01,69.46,42.13,56.23,8.02
255.75,39.22,19.85,22.15,8.01,69.46,42.13,56.23,8.02
255.76,39.22,19.82,22.12,8.01,69.26,42.13,56.23,8.01
255.77,39.22,19.85,22.09,8.00,69.46,42.22,56.23,8.01
255.78,39.22,19.88,22.12,7.99,69.46,42.13,56.23,8.01
255.79,39.22,19.85,22.12,8.00,69.26,42.13,56.09,8.01
255.80,39.22,19.88,22.12,8.00,69.46,42.13,56.23,8.02
255.81,39.22,19.85,22.09,8.00,69.46,42.13,56.23,8.03
255.82,39.15,19.88,22.12,7.99,69.46,42.13,56.23,8.02
255.83,39.22,19.82,22.12,7.99,69.46,42.22,56.23,8.01
255.84,39.22,19.85,22.09,8.00,69.46,42.22,56.09,8.02
255.85,39.22,19.85,22.12,8.00,69.46,42.22,56.23,8.02
255.86,39.22,19.85,22.12,8.00,69.26,42.13,56.23,8.01
255.87,39.22,19.85,22.09,8.00,69.46,42.22,56.23,8.02
255.88,39.22,19.85,22.12,8.00,69.46,42.13,56.23,8.02
255.89,39.22,19.85,22.12,8.01,69.46,42.13,56.23,8.02
255.90,39.22,19.85,22.12,7.99,69.46,42.13,56.23,8.01
255.91,39.22,19.85,22.12,8.00,69.46,42.13,56.23,8.02
255.92,39.22,19.85,22.12,7.99,69.46,42.13,56.23,8.01
255.93,39.22,19.82,22.12,7.99,69.46,42.13,56.23,8.02
255.94,39.22,19.85,22.12,7.99,69.46,42.13,56.23,8.01
255.95,39.22,19.82,22.12,7.99,69.46,42.13,56.09,8.03
255.96,39.22,19.85,22.12,8.00,69.46,42.22,56.23,8.01
255.97,39.15,19.85,22.12,8.00,69.46,42.13,56.23,8.02
255.98,39.22,19.88,22.12,7.99,69.46,42.13,56.38,8.02
255.99,39.07,19.85,22.12,8.00,69.26,42.22,56.23,8.02
256.00,39.22,19.85,22.12,8.00,69.46,42.13,56.23,8.03
256.01,39.22,19.85,22.12,7.99,69.46,42.13,56.23,8.02
256.02,39.22,19.85,22.12,7.99,69.26,42.13,56.09,8.01
256.03,39.22,19.85,22.15,7.99,69.46,42.22,56.23,8.02
256.04,39.22,19.85,22.12,8.00,69.46,42.13,56.23,8.02
256.05,39.22,19.88,22.12,8.00,69.26,42.13,56.23,8.02
256.06,39.22,19.85,22.09,7.99,69.67,42.22,56.23,8.02
256.07,39.22,19.85,22.12,8.00,69.26,42.13,56.23,8.01
256.08,39.22,19.85,22.12,8.00,69.67,42.13,56.23,8.02
256.09,39.22,19.85,22.12,8.01,69.67,42.22,56.38,8.03
256.10,39.22,19.85,22.09,7.99,69.46,42.13,56.23,8.02
256.11,39.22,19.85,22.09,8.00,69.26,42.13,56.23,8.02
256.12,39.22,19.82,22.12,7.99,69.46,42.22,56.38,8.03
256.13,39.22,19.85,22.12,7.99,69.46,42.13,56.23,8.02
256.14,39.15,19.85,22.09,8.00,69.46,42.13,56.38,8.02
256.15,39.22,19.85,22.12,7.99,69.46,42.13,56.38,8.03
256.16,39.22,19.85,22.12,8.00,69.46,42.13,56.23,8.02
256.17,39.22,19.85,22.09,8.00,69.46,42.13,56.23,8.02
256.18,39.22,19.85,22.12,8.00,69.46,42.13,56.23,8.02
256.19,39.22,19.88,22.09,8.00,69.46,42.22,56.23,8.02
256.20,39.22,19.85,22.09,8.00,69.46,42.13,56.23,8.02
256.21,39.22,19.85,22.15,8.01,69.46,42.22,56.23,8.03
256.22,39.22,19.88,22.12,8.00,69.46,42.13,56.23,8.02
256.23,39.22,19.85,22.09,7.99,69.46,42.13,56.23,8.02
256.24,39.22,19.85,22.12,8.00,69.46,42.13,56.23,8.01
256.25,39.22,19.85,22.12,7.99,69.46,42.13,56.23,8.03
256.26,39.22,19.85,22.09,8.00,69.46,42.04,56.23,8.02
256.27,39.22,19.88,22.12,7.99,69.46,42.22,56.23,8.02
256.28,39.22,19.85,22.12,8.00,69.46,42.13,56.23,8.02
256.29,39.15,19.85,22.12,7.99,69.46,42.22,56.23,8.02
256.30,39.22,19.85,22.09,8.00,69.67,42.13,56.23,8.02
256.31,39.22,19.88,22.12,8.00,69.67,42.22,56.23,8.01
256.32,39.22,19.88,22.09,8.00,69.46,42.22,56.23,8.02
256.33,39.22,19.85,22.12,8.00,69.46,42.13,56.23,8.03
256.34,39.22,19.85,22.12,7.99,69.46,42.13,56.23,8.02
256.35,39.22,19.85,22.12,8.00,69.26,42.22,56.23,8.03
256.36,39.22,19.82,22.12,8.00,69.46,42.13,56.23,8.01
256.37,39.22,19.82,22.09,8.00,69.46,42.13,56.23,8.02
256.38,39.22,19.85,22.09,7.99,69.46,42.22,56.23,8.02
256.39,39.22,19.85,22.09,8.00,69.46,42.13,56.23,8.03
256.40,39.22,19.85,22.12,8.00,69.46,42.13,56.23,8.01
256.41,39.22,19.85,22.12,8.00,69.46,42.13,56.23,8.01
256.42,39.22,19.85,22.12,7.99,69.46,42.13,56.23,8.01
256.43,39.22,19.85,22.12,7.99,69.46,42.22,56.23,8.02
256.44,39.22,19.85,22.09,7.99,69.46,42.13,56.23,8.01
256.45,39.22,19.85,22.12,8.00,69.46,42.13,56.23,8.03
256.46,39.22,19.82,22.12,7.99,69.46,42.13,56.23,8.02
256.47,39.15,19.85,22.12,7.99,69.26,42.13,56.38,8.02
256.48,39.22,19.82,22.12,8.00,69.46,42.13,56.23,8.02
256.49,39.22,19.85,22.09,7.99,69.46,42.13,56.23,8.02
256.50,39.22,19.85,22.09,8.01,69.26,42.13,56.09,8.01
256.51,39.30,19.85,22.12,7.99,69.46,42.22,56.23,8.02
256.52,39.15,19.85,22.09,7.99,69.46,42.13,56.23,8.02
256.53,39.15,19.85,22.12,7.99,69.46,42.22,56.23,8.02
256.54,39.22,19.85,22.12,7.99,69.46,42.22,56.23,8.02
256.55,39.22,19.82,22.12,8.00,69.26,42.22,56.23,8.02
256.56,39.22,19.82,22.12,8.00,69.46,42.22,56.09,8.02
256.57,39.22,19.88,22.12,8.00,69.46,42.13,56.23,8.03
256.58,39.22,19.82,22.12,8.00,69.46,42.22,56.23,8.02
256.59,39.22,19.85,22.12,8.01,69.46,42.13,56.23,8.01
256.60,39.22,19.85,22.12,7.99,69.46,42.13,56.23,8.01
256.61,39.22,19.85,22.12,8.00,69.46,42.13,56.23,8.02
256.62,39.22,19.88,22.09,8.00,69.46,42.13,56.23,8.02
256.63,39.22,19.88,22.12,8.00,69.46,42.13,56.23,8.02
256.64,39.22,19.85,22.12,8.00,69.46,42.13,56.23,8.02
256.65,39.22,19.85,22.12,7.99,69.46,42.13,56.09,8.01
256.66,39.22,19.82,22.09,8.00,69.46,42.22,56.23,8.01
256.67,39.22,19.88,22.12,8.00,69.26,42.22,56.23,8.02
256.68,39.22,19.85,22.12,8.00,69.46,42.13,56.09,8.01
256.69,39.15,19.85,22.09,7.99,69.46,42.13,56.23,8.02
256.70,39.22,19.85,22.12,7.99,69.46,42.13,56.23,8.03
256.71,39.22,19.85,22.09,7.99,69.46,42.13,56.38,8.02
256.72,39.22,19.85,22.09,8.00,69.46,42.13,56.23,8.01
256.73,39.22,19.88,22.12,8.01,69.46,42.13,56.23,8.01
256.74,39.22,19.85,22.12,7.99,69.46,42.22,56.38,8.02
256.75,39.22,19.82,22.12,8.00,69.46,42.13,56.09,8.02
256.76,39.22,19.85,22.09,8.00,69.46,42.22,56.23,8.01
256.77,39.22,19.85,22.12,7.99,69.46,42.13,56.38,8.02
256.78,39.15,19.85,22.09,7.99,69.46,42.22,56.38,8.02
256.79,39.15,19.85,22.09,8.01,69.46,42.22,56.23,8.02
256.80,39.22,19.85,22.12,8.00,69.46,42.13,56.23,8.03
256.81,39.22,19.85,22.09,8.01,69.26,42.22,56.23,8.02
256.82,39.22,19.88,22.12,7.99,69.46,42.13,56.23,8.02
256.83,39.22,19.85,22.12,7.99,69.26,42.22,56.38,8.01
256.84,39.22,19.88,22.09,7.99,69.46,42.13,56.23,8.01
256.85,39.22,19.85,22.09,8.00,69.46,42.13,56.23,8.02
256.86,39.22,19.88,22.12,8.00,69.46,42.13,56.23,8.01
256.87,39.22,19.85,22.09,7.99,69.46,42.22,56.23,8.01
256.88,39.15,19.88,22.09,7.99,69.46,42.22,56.23,8.01
256.89,39.22,19.85,22.12,7.99,69.46,42.13,56.23,8.03
256.90,39.22,19.85,22.12,7.99,69.46,42.13,56.23,8.03
256.91,39.22,19.85,22.12,8.01,69.46,42.13,56.23,8.02
256.92,39.22,19.85,22.09,8.00,69.46,42.13,56.23,8.02
256.93,39.22,19.82,22.12,8.00,69.26,42.13,56.23,8.01
256.94,39.22,19.85,22.12,7.99,69.46,42.13,56.23,8.01
256.95,39.22,19.82,22.12,7.99,69.46,42.13,56.23,8.02
256.96,39.22,19.88,22.09,8.01,69.46,42.22,56.23,8.02
256.97,39.15,19.85,22.12,8.00,69.46,42.22,56.23,8.02
256.98,39.22,19.85,22.12,7.99,69.46,42.13,56.38,8.02
256.99,39.15,19.85,22.09,7.99,69.46,42.22,56.23,8.01
257.00,39.22,19.85,22.12,8.00,69.46,42.13,56.23,8.01
257.01,39.22,19.85,22.09,8.00,69.46,42.22,56.23,8.02
257.02,39.22,19.88,22.09,8.00,69.46,42.22,56.23,8.02
257.03,39.22,19.82,22.12,8.00,69.67,42.22,56.23,8.02
257.04,39.22,19.85,22.12,8.00,69.46,41.95,56.09,8.01
257.05,39.22,19.85,22.12,8.00,69.46,42.13,56.23,8.02
257.06,39.22,19.82,22.12,8.00,69.46,42.30,56.23,8.02
257.07,39.22,19.85,22.12,8.00,69.46,42.13,56.23,8.02
257.08,39.22,19.85,22.09,8.00,69.46,42.13,56.23,8.02
257.09,39.22,19.82,22.12,7.99,69.46,42.13,56.23,8.02
257.10,39.22,19.85,22.12,8.01,69.26,42.22,56.23,8.02
257.11,39.22,19.82,22.12,7.99,69.46,42.13,56.23,8.02
257.12,39.22,19.85,22.09,8.00,69.26,42.13,56.23,8.02
257.13,39.22,19.82,22.12,7.99,69.46,42.13,56.23,8.02
257.14,39.22,19.85,22.12,8.01,69.46,42.13,56.23,8.02
257.15,39.22,19.88,22.12,7.99,69.46,42.13,56.23,8.02
257.16,39.22,19.85,22.12,7.99,69.46,42.22,56.23,8.01
257.17,39.15,19.88,22.09,7.99,69.46,42.13,56.23,8.01
257.18,39.07,19.85,22.12,8.00,69.67,42.13,56.23,8.02
257.19,39.22,19.85,22.12,7.99,69.46,42.13,56.23,8.02
257.20,39.22,19.85,22.05,8.00,69.46,42.13,56.09,8.01
257.21,39.22,19.82,22.12,8.00,69.46,42.13,56.23,8.01
257.22,39.22,19.82,22.12,7.99,69.46,42.13,56.23,8.02
257.23,39.22,19.82,22.12,7.99,69.46,42.13,56.23,8.02
257.24,39.22,19.88,22.12,7.99,69.46,42.22,56.23,8.02
257.25,39.22,19.85,22.12,7.99,69.46,42.30,56.38,8.03
257.26,39.22,19.85,22.09,7.99,69.26,42.22,56.38,8.02
257.27,39.22,19.82,22.12,7.99,69.26,42.22,56.23,8.02
257.28,39.22,19.82,22.12,7.99,69.46,42.22,56.23,8.02
257.29,39.22,19.88,22.09,7.99,69.46,42.22,56.23,8.02
257.30,39.22,19.85,22.12,8.01,69.46,42.13,56.23,8.03
257.31,39.22,19.85,22.12,7.99,69.46,42.22,56.38,8.02
257.32,39.22,19.85,22.12,7.99,69.46,42.13,56.23,8.02
257.33,39.15,19.85,22.09,7.99,69.46,42.22,56.38,8.01
257.34,39.22,19.85,22.09,7.99,69.46,42.13,56.38,8.01
257.35,39.22,19.85,22.09,8.00,69.46,42.22,56.23,8.02
257.36,39.22,19.85,22.12,7.99,69.46,42.13,56.23,8.01
257.37,39.22,19.85,22.12,7.99,69.46,42.22,56.23,8.02
257.38,39.22,19.85,22.09,7.99,69.46,42.22,56.23,8.02
257.39,39.22,19.85,22.12,7.99,69.46,42.22,56.23,8.03
257.40,39.15,19.85,22.12,7.99,69.46,42.13,56.23,8.02
257.41,39.30,19.88,22.12,8.00,69.46,42.13,56.23,8.03
257.42,39.22,19.85,22.12,7.99,69.46,42.13,56.23,8.02
257.43,39.22,19.85,22.12,7.99,69.46,42.13,56.23,8.01
257.44,39.22,19.85,22.09,8.01,69.46,42.13,56.23,8.02
257.45,39.22,19.85,22.09,7.99,69.46,42.22,56.23,8.01
257.46,39.22,19.85,22.12,8.00,69.46,42.22,56.38,8.01
257.47,39.22,19.82,22.12,7.99,69.46,42.13,56.38,8.03
257.48,39.22,19.88,22.12,8.00,69.46,42.22,56.23,8.02
257.49,39.15,19.85,22.12,8.00,69.46,42.22,56.23,8.02
257.50,39.22,19.82,22.12,7.99,69.46,42.13,56.38,8.02
257.51,39.22,19.82,22.12,8.00,69.46,42.13,56.23,8.02
257.52,39.22,19.85,22.09,7.99,69.46,42.13,56.23,8.02
257.53,39.22,19.85,22.12,8.00,69.46,42.13,56.23,8.02
257.54,39.22,19.85,22.12,7.99,69.26,42.13,56.23,8.02
257.55,39.15,19.82,22.12,7.99,69.46,42.13,56.23,8.02
257.56,39.22,19.82,22.09,8.01,69.46,42.22,56.23,8.02
257.57,39.22,19.85,22.12,7.99,69.46,42.13,56.23,8.02
257.58,39.22,19.82,22.12,7.99,69.46,42.22,56.23,8.02
257.59,39.22,19.85,22.12,7.99,69.26,42.22,56.23,8.03
257.60,39.22,19.85,22.12,7.99,69.46,42.22,56.23,8.01
257.61,39.22,19.85,22.12,8.00,69.67,42.22,56.38,8.02
257.62,39.22,19.85,22.09,7.99,69.46,42.22,56.38,8.02
257.63,39.22,19.85,22.12,7.99,69.46,42.22,56.38,8.01
257.64,39.22,19.85,22.09,7.99,69.46,42.13,56.23,8.02
257.65,39.22,19.85,22.12,7.99,69.46,42.13,56.38,8.02
257.66,39.22,19.85,22.12,7.99,69.46,42.13,56.38,8.02
257.67,39.22,19.85,22.12,8.00,69.46,42.13,56.23,8.01
257.68,39.22,19.85,22.12,7.99,69.46,42.22,56.23,8.02
257.69,39.22,19.85,22.09,7.99,69.46,42.13,56.23,8.02
257.70,39.22,19.85,22.09,7.99,69.46,42.22,56.23,8.01
257.71,39.22,19.85,22.12,7.99,69.46,42.13,56.23,8.02
257.72,39.22,19.82,22.12,7.99,69.46,42.13,56.23,8.03
257.73,39.22,19.82,22.12,8.00,69.46,42.22,56.23,8.01
257.74,39.22,19.85,22.09,8.00,69.46,42.22,56.23,8.01
257.75,39.22,19.82,22.09,8.00,69.26,42.13,56.38,8.02
257.76,39.22,19.85,22.12,8.01,69.46,42.13,56.38,8.03
257.77,39.22,19.88,22.12,8.00,69.67,42.22,56.23,8.02
257.78,39.22,19.85,22.12,7.99,69.46,42.13,56.23,8.02
257.79,39.22,19.85,22.12,7.99,69.46,42.13,56.23,8.01
257.80,39.22,19.88,22.12,7.99,69.67,42.13,56.23,8.01
257.81,39.22,19.85,22.12,7.99,69.46,42.13,56.38,8.02
257.82,39.22,19.85,22.09,7.99,69.46,42.22,56.23,8.02
257.83,39.15,19.85,22.09,7.99,69.46,42.13,56.38,8.03
257.84,39.15,19.85,22.12,7.99,69.46,42.13,56.23,8.03
257.85,39.22,19.85,22.12,8.00,69.46,42.22,56.23,8.02
257.86,39.22,19.82,22.09,7.99,69.46,42.22,56.23,8.01
257.87,39.15,19.82,22.09,7.99,69.26,42.13,56.23,8.02
257.88,39.22,19.82,22.12,7.99,69.26,42.22,56.23,8.01
257.89,39.22,19.85,22.09,7.99,69.46,42.22,56.23,8.01
257.90,39.22,19.88,22.12,8.00,69.46,42.13,56.38,8.02
257.91,39.22,19.85,22.09,7.99,69.46,42.13,56.23,8.02
257.92,39.22,19.85,22.12,7.99,69.46,42.13,56.23,8.02
257.93,39.22,19.85,22.12,7.99,69.46,42.22,56.23,8.02
257.94,39.22,19.88,22.12,7.99,69.46,42.22,56.38,8.02
257.95,39.15,19.82,22.12,8.00,69.46,42.13,56.23,8.02
257.96,39.15,19.85,22.12,7.99,69.46,42.13,56.23,8.02
257.97,39.15,19.85,22.09,7.99,69.26,42.22,56.23,8.02
257.98,39.22,19.85,22.12,8.00,69.46,42.13,56.38,8.02
257.99,39.22,19.85,22.09,7.99,69.46,42.13,56.23,8.01
258.00,39.22,19.82,22.12,7.99,69.46,42.13,56.23,8.02
258.01,39.22,19.85,22.12,7.99,69.46,42.13,56.23,8.02
258.02,39.22,19.85,22.09,7.99,69.46,42.22,56.23,8.03
258.03,39.15,19.85,22.09,7.99,69.46,42.13,56.23,8.02
258.04,39.22,19.85,22.09,8.00,69.46,42.13,56.23,8.02
258.05,39.22,19.82,22.12,8.00,69.46,42.13,56.23,8.01
258.06,39.15,19.85,22.12,7.99,69.46,42.13,56.23,8.03
258.07,39.22,19.85,22.12,7.99,69.46,42.22,56.23,8.02
258.08,39.15,19.82,22.12,7.99,69.46,42.13,56.23,8.01
258.09,39.22,19.85,22.09,8.00,69.46,42.22,56.23,8.01
258.10,39.22,19.85,22.12,8.00,69.46,42.22,56.23,8.02
258.11,39.15,19.85,22.12,8.00,69.26,42.13,56.23,8.01
258.12,39.15,19.85,22.12,7.99,69.46,42.13,56.23,8.01
258.13,39.22,19.85,22.12,7.99,69.46,42.13,56.38,8.02
258.14,39.22,19.82,22.09,8.00,69.46,42.22,56.23,8.02
258.15,39.22,19.85,22.09,8.00,69.46,42.13,56.23,8.01
258.16,39.22,19.85,22.12,7.99,69.46,42.22,56.23,8.01
258.17,39.22,19.88,22.09,7.99,69.46,42.04,56.38,8.02
258.18,39.15,19.85,22.12,8.00,69.46,42.22,56.23,8.03
258.19,39.22,19.85,22.12,8.00,69.46,42.13,56.23,8.02
258.20,39.22,19.88,22.12,7.99,69.46,42.22,56.23,8.02
258.21,39.15,19.85,22.12,8.00,69.67,42.13,56.38,8.02
258.22,39.22,19.85,22.12,7.99,69.46,42.22,56.23,8.02
258.23,39.22,19.85,22.12,7.99,69.46,42.13,56.23,8.03
258.24,39.22,19.85,22.12,7.99,69.46,42.22,56.23,8.01
258.25,39.22,19.85,22.09,8.00,69.46,42.22,56.23,8.02
258.26,39.22,19.85,22.12,7.99,69.46,42.13,56.23,8.02
258.27,39.22,19.88,22.09,7.99,69.46,42.13,56.23,8.02
258.28,39.22,19.85,22.12,7.99,69.46,42.13,56.38,8.03
258.29,39.22,19.82,22.12,8.00,69.46,42.22,56.23,8.01
258.30,39.22,19.82,22.12,8.00,69.46,42.22,56.23,8.02
258.31,39.22,19.85,22.09,7.99,69.46,42.22,56.23,8.03
258.32,39.22,19.85,22.12,7.99,69.67,42.13,56.23,8.00
258.33,39.22,19.85,22.12,8.00,69.46,42.22,56.38,8.03
258.34,39.22,19.85,22.09,8.00,69.67,42.22,56.38,8.02
258.35,39.22,19.82,22.12,8.00,69.46,42.22,56.38,8.02
258.36,39.15,19.85,22.09,8.00,69.46,42.22,56.23,8.02
258.37,39.30,19.85,22.12,7.99,69.46,42.13,56.38,8.03
258.38,39.22,19.85,22.12,7.99,69.46,42.22,56.23,8.02
258.39,39.07,19.85,22.09,7.99,69.46,42.13,56.23,8.03
258.40,39.15,19.85,22.12,7.99,69.46,42.22,56.23,8.01
258.41,39.15,19.85,22.09,7.99,69.67,42.22,56.23,8.01
258.42,39.22,19.85,22.05,7.99,69.46,42.22,56.23,8.02
258.43,39.22,19.85,22.12,7.99,69.67,42.13,56.38,8.03
258.44,39.15,19.85,22.12,8.00,69.46,42.22,56.38,8.02
258.45,39.22,19.85,22.09,7.99,69.46,42.22,56.23,8.02
258.46,39.22,19.85,22.12,8.00,69.46,42.13,56.23,8.02
258.47,39.22,19.85,22.12,7.99,69.46,42.22,56.38,8.03
258.48,39.22,19.85,22.12,7.99,69.46,42.13,56.23,8.01
258.49,39.22,19.82,22.09,8.00,69.46,42.22,56.38,8.02
258.50,39.22,19.85,22.12,7.99,69.67,42.22,56.38,8.02
258.51,39.22,19.85,22.09,8.00,69.46,42.22,56.23,8.03
258.52,39.22,19.82,22.12,7.99,69.46,42.22,56.38,8.02
258.53,39.22,19.88,22.12,8.00,69.46,42.22,56.09,8.01
258.54,39.22,19.82,22.12,8.00,69.46,42.13,56.38,8.02
258.55,39.22,19.85,22.09,7.99,69.46,42.22,56.23,8.02
258.56,39.22,19.85,22.12,8.00,69.46,42.22,56.38,8.02
258.57,39.07,19.82,22.12,7.99,69.67,42.22,56.38,8.03
258.58,39.15,19.85,22.12,7.99,69.46,42.22,56.23,8.02
258.59,39.22,19.85,22.12,7.99,69.46,42.22,56.23,8.02
258.60,39.22,19.85,22.12,8.00,69.46,42.22,56.38,8.02
258.61,39.15,19.85,22.12,7.99,69.46,42.22,56.38,8.02
258.62,39.22,19.85,22.09,7.99,69.46,42.13,56.38,8.02
258.63,39.22,19.85,22.12,7.99,69.46,42.13,56.23,8.02
258.64,39.15,19.82,22.12,7.99,69.46,42.22,56.23,8.01
258.65,39.22,19.85,22.12,7.99,69.46,42.13,56.23,8.02
258.66,39.22,19.88,22.09,8.00,69.67,42.13,56.23,8.01
258.67,39.22,19.85,22.12,7.99,69.67,42.22,56.23,8.02
258.68,39.22,19.88,22.12,8.00,69.46,42.13,56.38,8.03
258.69,39.30,19.85,22.12,8.00,69.46,42.30,56.38,8.02
258.70,39.22,19.85,22.12,7.99,69.46,42.22,56.38,8.02
258.71,39.22,19.85,22.12,8.00,69.46,42.13,56.38,8.02
258.72,39.22,19.85,22.12,7.99,69.46,42.22,56.38,8.02
258.73,39.22,19.82,22.12,8.00,69.46,42.13,56.23,8.02
258.74,39.22,19.85,22.09,7.99,69.46,42.13,56.23,8.02
258.75,39.22,19.85,22.12,8.00,69.67,42.13,56.38,8.02
258.76,39.22,19.85,22.12,7.99,69.46,42.13,56.23,8.02
258.77,39.22,19.88,22.12,8.00,69.46,42.13,56.38,8.02
258.78,39.22,19.88,22.12,8.00,69.46,42.22,56.23,8.02
258.79,39.22,19.85,22.09,8.00,69.46,42.22,56.38,8.02
258.80,39.22,19.82,22.12,8.00,69.46,42.22,56.23,8.01
258.81,39.22,19.85,22.12,7.99,69.46,42.22,56.23,8.02
258.82,39.22,19.85,22.12,8.00,69.46,42.22,56.38,8.02
258.83,39.22,19.85,22.12,8.01,69.46,42.22,56.23,8.02
258.84,39.22,19.88,22.12,7.99,69.67,42.13,56.23,8.03
258.85,39.22,19.85,22.09,7.99,69.46,42.22,56.52,8.02
258.86,39.22,19.85,22.09,7.99,69.46,42.22,56.38,8.01
258.87,39.22,19.85,22.15,7.99,69.46,42.13,56.23,8.02
258.88,39.22,19.85,22.12,8.01,69.67,42.22,56.23,8.02
258.89,39.22,19.85,22.12,7.99,69.46,42.13,56.38,8.02
258.90,39.22,19.88,22.09,7.99,69.67,42.13,56.38,8.02
258.91,39.15,19.85,22.09,7.99,69.46,42.22,56.23,8.02
258.92,39.22,19.88,22.12,7.99,69.46,42.13,56.23,8.01
258.93,39.22,19.85,22.09,7.99,69.46,42.13,56.38,8.02
258.94,39.22,19.88,22.12,8.00,69.46,42.30,56.38,8.02
258.95,39.22,19.85,22.12,7.99,69.46,42.22,56.38,8.01
258.96,39.22,19.85,22.12,7.99,69.46,42.22,56.23,8.02
258.97,39.22,19.85,22.12,8.00,69.67,42.13,56.38,8.01
258.98,39.22,19.88,22.12,7.99,69.46,42.22,56.38,8.01
258.99,39.22,19.85,22.12,7.99,69.46,42.22,56.38,8.02
259.00,39.22,19.85,22.12,8.00,69.67,42.22,56.38,8.01
259.01,39.15,19.82,22.12,7.99,69.67,42.22,56.23,8.02
259.02,39.22,19.88,22.09,8.00,69.67,42.22,56.38,8.01
259.03,39.22,19.88,22.09,7.99,69.46,42.22,56.38,8.02
259.04,39.22,19.82,22.09,7.99,69.26,42.22,56.23,8.02
259.05,39.22,19.85,22.12,8.00,69.67,42.13,56.38,8.02
259.06,39.22,19.82,22.12,8.00,69.46,42.22,56.38,8.02
259.07,39.22,19.85,22.12,7.99,69.46,42.22,56.23,8.02
259.08,39.22,19.85,22.09,8.00,69.46,42.22,56.38,8.01
259.09,39.22,19.82,22.12,7.99,69.46,42.13,56.38,8.02
259.10,39.22,19.85,22.12,8.01,69.46,42.22,56.23,8.02
259.11,39.22,19.85,22.12,7.99,69.46,42.22,56.38,8.03
259.12,39.22,19.85,22.12,7.99,69.46,42.13,56.38,8.01
259.13,39.15,19.85,22.12,8.00,69.67,42.22,56.38,8.01
259.14,39.22,19.82,22.12,7.99,69.46,42.22,56.23,8.02
259.15,39.15,19.85,22.12,7.99,69.67,42.13,56.23,8.02
259.16,39.15,19.85,22.12,7.99,69.46,42.22,56.23,8.03
259.17,39.15,19.85,22.09,7.99,69.46,42.22,56.23,8.02
259.18,39.22,19.85,22.12,7.99,69.46,42.22,56.23,8.02
259.19,39.15,19.88,22.12,7.99,69.46,42.30,56.38,8.03
259.20,39.22,19.85,22.12,8.00,69.67,42.22,56.23,8.01
259.21,39.15,19.82,22.12,7.99,69.67,42.30,56.38,8.02
259.22,39.22,19.85,22.12,8.00,69.46,42.22,56.38,8.02
259.23,39.22,19.85,22.09,8.00,69.46,42.22,56.23,8.01
259.24,39.22,19.85,22.12,7.99,69.46,42.22,56.23,8.01
259.25,39.22,19.85,22.12,7.99,69.67,42.22,56.38,8.03
259.26,39.15,19.85,22.12,8.01,69.46,42.22,56.38,8.01
259.27,39.22,19.85,22.09,7.99,69.46,42.30,56.23,8.02
259.28,39.15,19.85,22.12,7.99,69.46,42.22,56.38,8.01
259.29,39.22,19.85,22.09,7.99,69.46,42.13,56.23,8.02
259.30,39.22,19.82,22.09,7.99,69.46,42.22,56.23,8.02
259.31,39.22,19.88,22.12,7.99,69.46,42.30,56.38,8.03
259.32,39.22,19.82,22.09,7.99,69.46,42.13,56.23,8.02
259.33,39.22,19.85,22.09,7.99,69.46,42.13,56.38,8.02
259.34,39.22,19.88,22.09,7.99,69.46,42.22,56.38,8.02
259.35,39.15,19.82,22.12,8.01,69.46,42.22,56.38,8.03
259.36,39.22,19.82,22.09,7.99,69.46,42.22,56.23,8.01
259.37,39.22,19.85,22.09,8.00,69.46,42.22,56.38,8.01
259.38,39.22,19.85,22.12,7.99,69.46,42.22,56.38,8.03
259.39,39.15,19.85,22.09,7.99,69.46,42.13,56.38,8.02
259.40,39.15,19.85,22.12,8.00,69.46,42.22,56.38,8.03
259.41,39.22,19.85,22.12,7.99,69.67,42.22,56.23,8.01
259.42,39.22,19.85,22.12,7.99,69.46,42.22,56.38,8.03
259.43,39.15,19.85,22.12,7.99,69.46,42.22,56.38,8.02
259.44,39.22,19.85,22.12,7.99,69.67,42.22,56.23,8.02
259.45,39.22,19.85,22.12,8.00,69.67,42.13,56.38,8.03
259.46,39.22,19.85,22.12,7.99,69.46,42.13,56.38,8.02
259.47,39.15,19.85,22.15,8.00,69.46,42.22,56.23,8.02
259.48,39.22,19.82,22.12,7.99,69.67,42.13,56.38,8.02
259.49,39.22,19.88,22.12,7.99,69.46,42.22,56.38,8.02
259.50,39.15,19.85,22.12,7.99,69.67,42.30,56.38,8.02
259.51,39.22,19.85,22.09,8.00,69.46,42.13,56.38,8.01
259.52,39.22,19.85,22.12,7.99,69.46,42.22,56.23,8.03
259.53,39.22,19.85,22.12,7.99,69.46,42.22,56.38,8.02
259.54,39.15,19.82,22.09,8.00,69.46,42.22,56.23,8.02
259.55,39.15,19.85,22.12,7.99,69.46,42.13,56.23,8.01
259.56,39.30,19.82,22.09,7.99,69.46,42.30,56.38,8.02
259.57,39.22,19.85,22.09,8.01,69.46,42.22,56.23,8.02
259.58,39.15,19.85,22.12,8.00,69.46,42.13,56.23,8.01
259.59,39.22,19.88,22.12,8.00,69.26,42.22,56.38,8.01
259.60,39.22,19.88,22.09,7.99,69.46,42.30,56.38,8.02
259.61,39.22,19.85,22.12,7.99,69.46,42.13,56.23,8.01
259.62,39.15,19.85,22.12,7.99,69.46,42.13,56.23,8.01
259.63,39.22,19.85,22.09,8.00,69.46,42.22,56.23,8.01
259.64,39.22,19.85,22.09,7.99,69.46,42.22,56.38,8.03
259.65,39.15,19.85,22.12,8.00,69.46,42.22,56.23,8.02
259.66,39.22,19.85,22.12,7.99,69.26,42.22,56.23,8.02
259.67,39.22,19.85,22.09,7.99,69.67,42.13,56.23,8.02
259.68,39.15,19.82,22.09,7.99,69.46,42.22,56.38,8.01
259.69,39.22,19.85,22.09,7.99,69.46,42.22,56.38,8.02
259.70,39.22,19.85,22.12,7.99,69.46,42.13,56.09,8.02
259.71,39.22,19.85,22.12,7.99,69.67,42.22,56.52,8.02
259.72,39.15,19.82,22.12,8.00,69.67,42.22,56.09,8.02
259.73,39.15,19.85,22.12,7.99,69.46,42.22,56.38,8.02
259.74,39.15,19.85,22.12,7.99,69.67,42.22,56.23,8.02
259.75,39.22,19.85,22.09,7.99,69.46,42.30,56.38,8.02
259.76,39.22,19.85,22.12,7.99,69.46,42.22,56.38,8.01
259.77,39.22,19.85,22.09,7.99,69.46,42.13,56.38,8.02
259.78,39.15,19.82,22.12,8.00,69.67,42.22,56.23,8.03
259.79,39.22,19.85,22.09,7.99,69.67,42.22,56.38,8.01
259.80,39.22,19.82,22.09,7.99,69.46,42.22,56.38,8.02
259.81,39.15,19.85,22.09,8.00,69.46,42.22,56.38,8.02
259.82,39.15,19.82,22.12,7.99,69.46,42.30,56.38,8.02
259.83,39.22,19.88,22.12,8.01,69.46,42.13,56.23,8.01
259.84,39.22,19.85,22.09,8.00,69.46,42.13,56.23,8.02
259.85,39.22,19.85,22.12,7.99,69.46,42.30,56.38,8.01
259.86,39.22,19.85,22.12,7.99,69.46,42.22,56.38,8.02
259.87,39.15,19.85,22.12,7.99,69.46,42.22,56.38,8.01
259.88,39.22,19.85,22.09,7.99,69.46,42.22,56.23,8.01
259.89,39.22,19.85,22.12,8.00,69.67,42.22,56.38,8.01
259.90,39.22,19.85,22.12,7.99,69.46,42.22,56.23,8.01
259.91,39.22,19.85,22.12,7.99,69.46,42.13,56.23,8.03
259.92,39.22,19.82,22.12,7.99,69.46,42.13,56.23,8.03
259.93,39.15,19.82,22.12,7.99,69.46,42.22,56.38,8.01
259.94,39.15,19.85,22.12,7.99,69.46,42.13,56.23,8.01
259.95,39.22,19.85,22.09,7.99,69.46,42.22,56.38,8.02
259.96,39.15,19.82,22.09,7.99,69.46,42.13,56.38,8.02
259.97,39.15,19.85,22.09,7.99,69.46,42.22,56.38,8.02
259.98,39.15,19.85,22.09,8.00,69.46,42.22,56.38,8.02
259.99,39.15,19.82,22.09,7.99,69.46,42.22,56.23,8.01
260.00,39.15,19.85,22.09,7.99,69.46,42.22,56.38,8.02
260.01,39.22,19.85,22.09,8.00,69.46,42.22,56.38,8.02
260.02,39.22,19.85,22.12,7.99,69.46,42.22,56.23,8.02
260.03,39.22,19.82,22.12,7.99,69.46,42.22,56.23,8.02
260.04,39.22,19.85,22.12,7.99,69.46,42.30,56.23,8.02
260.05,39.22,19.85,22.12,7.99,69.46,42.22,56.23,8.02
260.06,39.22,19.85,22.12,7.99,69.46,42.22,56.38,8.02
260.07,39.15,19.82,22.09,7.99,69.46,42.22,56.38,8.02
260.08,39.22,19.85,22.12,7.99,69.46,42.30,56.38,8.02
260.09,39.22,19.85,22.09,7.99,69.67,42.13,56.38,8.01
260.10,39.22,19.82,22.09,7.99,69.67,42.22,56.23,8.02
260.11,39.22,19.82,22.09,7.98,69.46,42.13,56.23,8.02
260.12,39.15,19.85,22.09,7.99,69.67,42.13,56.38,8.02
260.13,39.22,19.85,22.09,7.99,69.46,42.22,56.23,8.02
260.14,39.15,19.85,22.12,7.99,69.46,42.13,56.23,8.02
260.15,39.15,19.82,22.09,8.00,69.67,42.22,56.38,8.02
260.16,39.22,19.85,22.12,7.99,69.46,42.13,56.23,8.01
260.17,39.15,19.85,22.12,7.99,69.46,42.13,56.23,8.02
260.18,39.15,19.82,22.12,8.00,69.46,42.22,56.38,8.01
260.19,39.22,19.82,22.12,7.99,69.46,42.22,56.23,8.03
260.20,39.22,19.82,22.12,7.99,69.46,42.13,56.23,8.01
260.21,39.22,19.82,22.12,7.99,69.67,42.30,56.38,8.02
260.22,39.15,19.82,22.09,7.99,69.67,42.30,56.23,8.01
260.23,39.22,19.85,22.12,7.99,69.46,42.22,56.23,8.03
260.24,39.22,19.85,22.09,7.99,69.46,42.13,56.23,8.01
260.25,39.15,19.82,22.12,8.00,69.46,42.22,56.38,8.01
260.26,39.22,19.85,22.09,7.99,69.46,42.13,56.23,8.02
260.27,39.15,19.85,22.12,8.00,69.46,42.22,56.38,8.02
260.28,39.22,19.82,22.09,7.99,69.46,42.22,56.38,8.02
260.29,39.15,19.85,22.09,8.00,69.67,42.13,56.38,8.02
260.30,39.15,19.82,22.09,7.99,69.46,42.22,56.38,8.01
260.31,39.22,19.82,22.12,7.99,69.46,42.22,56.23,8.02
260.32,39.15,19.82,22.12,7.99,69.46,42.22,56.23,8.03
260.33,39.22,19.82,22.09,7.99,69.46,42.30,56.38,8.01
260.34,39.15,19.85,22.09,7.99,69.46,42.13,56.38,8.03
260.35,39.22,19.85,22.09,7.99,69.67,42.22,56.23,8.00
260.36,39.15,19.82,22.09,7.99,69.46,42.22,56.23,8.02
260.37,39.22,19.82,22.09,7.99,69.46,42.13,56.38,8.02
260.38,39.15,19.85,22.12,7.99,69.46,42.22,56.23,8.02
260.39,39.22,19.85,22.12,8.00,69.46,42.22,56.38,8.02
260.40,39.22,19.82,22.09,7.99,69.46,42.22,56.23,8.01
260.41,39.15,19.85,22.12,7.99,69.46,42.13,56.38,8.02
260.42,39.15,19.85,22.09,7.99,69.46,42.22,56.38,8.01
260.43,39.15,19.85,22.12,8.00,69.46,42.13,56.38,8.03
260.44,39.07,19.82,22.12,8.00,69.46,42.22,56.38,8.03
260.45,39.22,19.85,22.09,7.99,69.46,42.22,56.23,8.01
260.46,39.22,19.85,22.12,7.99,69.46,42.13,56.38,8.02
260.47,39.15,19.82,22.12,7.99,69.46,42.13,56.38,8.01
260.48,39.22,19.82,22.12,7.99,69.67,42.13,56.38,8.02
260.49,39.22,19.85,22.09,7.99,69.46,42.13,56.38,8.01
260.50,39.22,19.82,22.12,8.00,69.46,42.13,56.23,8.02
260.51,39.15,19.82,22.12,7.99,69.46,42.22,56.23,8.01
260.52,39.15,19.85,22.09,7.99,69.46,42.30,56.38,8.02
260.53,39.22,19.82,22.09,7.99,69.67,42.22,56.38,8.03
260.54,39.15,19.85,22.12,7.99,69.46,42.13,56.38,8.03
260.55,39.22,19.82,22.12,7.99,69.46,42.13,56.38,8.02
260.56,39.22,19.85,22.09,7.99,69.46,42.22,56.38,8.02
260.57,39.15,19.88,22.09,8.00,69.46,42.22,56.23,8.01
260.58,39.22,19.85,22.09,7.99,69.46,42.22,56.38,8.02
260.59,39.15,19.85,22.12,7.99,69.46,42.22,56.38,8.01
260.60,39.22,19.79,22.09,7.99,69.46,42.22,56.23,8.02
260.61,39.15,19.79,22.09,7.99,69.46,42.30,56.23,8.01
260.62,39.22,19.82,22.09,7.99,69.46,42.13,56.23,8.02
260.63,39.22,19.82,22.09,8.00,69.46,42.13,56.23,8.03
260.64,39.30,19.82,22.09,7.99,69.46,42.39,56.23,8.02
260.65,39.15,19.85,22.09,7.99,69.46,42.13,56.23,8.02
260.66,39.15,19.85,22.09,7.99,69.46,42.13,56.38,8.01
260.67,39.22,19.82,22.12,7.99,69.46,42.13,56.23,8.02
260.68,39.15,19.82,22.09,7.99,69.67,42.22,56.38,8.03
260.69,39.22,19.82,22.09,7.99,69.67,42.30,56.23,8.01
260.70,39.15,19.82,22.09,8.00,69.67,42.22,56.38,8.04
260.71,39.15,19.82,22.09,7.99,69.46,42.13,56.23,8.02
260.72,39.22,19.85,22.09,7.99,69.46,42.22,56.23,8.03
260.73,39.15,19.82,22.09,7.99,69.46,42.22,56.23,8.01
260.74,39.15,19.82,22.12,7.99,69.46,42.13,56.38,8.01
260.75,39.15,19.82,22.09,8.00,69.46,42.22,56.38,8.02
260.76,39.07,19.82,22.12,8.00,69.46,42.13,56.23,8.02
260.77,39.30,19.85,22.12,7.99,69.46,42.22,56.38,8.01
260.78,39.07,19.85,22.09,7.99,69.46,42.22,56.23,8.02
260.79,39.15,19.82,22.12,8.00,69.67,42.22,56.38,8.01
260.80,39.15,19.82,22.05,7.99,69.67,42.13,56.23,8.03
260.81,39.15,19.82,22.05,7.98,69.46,42.13,56.38,8.02
260.82,39.15,19.82,22.09,8.00,69.46,42.22,56.23,8.01
260.83,39.22,19.85,22.09,7.98,69.26,42.13,56.38,8.02
260.84,39.15,19.85,22.09,7.99,69.46,42.22,56.38,8.02
260.85,39.15,19.82,22.09,8.00,69.67,42.13,56.23,8.01
260.86,39.15,19.82,22.09,7.99,69.67,42.22,56.23,8.02
260.87,39.15,19.85,22.09,7.99,69.46,42.22,56.38,8.02
260.88,39.15,19.82,22.09,7.99,69.67,42.13,56.38,8.01
260.89,39.15,19.85,22.12,7.99,69.46,42.13,56.38,8.02
260.90,39.22,19.82,22.09,7.98,69.46,42.22,56.09,8.01
260.91,39.15,19.82,22.12,7.99,69.46,42.13,56.38,8.02
260.92,39.22,19.82,22.09,7.99,69.46,42.30,56.38,8.02
260.93,39.15,19.82,22.09,7.99,69.46,42.13,56.23,8.01
260.94,39.15,19.85,22.09,7.99,69.46,42.22,56.38,8.02
260.95,39.15,19.82,22.09,7.99,69.46,42.22,56.23,8.01
260.96,39.15,19.82,22.09,7.98,69.46,42.13,56.38,8.02
260.97,39.15,19.79,22.12,7.99,69.46,42.22,56.23,8.02
260.98,39.15,19.85,22.09,8.00,69.46,42.30,56.23,8.01
260.99,39.15,19.82,22.12,7.99,69.46,42.22,56.38,8.02
261.00,39.15,19.82,22.09,7.98,69.46,42.22,56.23,8.02
261.01,39.15,19.85,22.09,7.99,69.67,42.13,56.38,8.02
261.02,39.22,19.82,22.09,7.99,69.46,42.22,56.23,8.02
261.03,39.15,19.85,22.09,8.00,69.67,42.13,56.23,8.02
261.04,39.22,19.82,22.12,7.99,69.46,42.22,56.23,8.02
261.05,39.15,19.82,22.09,7.99,69.46,42.22,56.38,8.02
261.06,39.15,19.82,22.12,7.99,69.46,42.13,56.23,8.02
261.07,39.15,19.82,22.09,7.99,69.67,42.22,56.38,8.01
261.08,39.15,19.85,22.09,7.99,69.67,42.13,56.38,8.02
261.09,39.15,19.82,22.12,7.99,69.46,42.13,56.23,8.01
261.10,39.15,19.82,22.09,7.99,69.46,42.22,56.23,8.02
261.11,39.22,19.85,22.12,7.99,69.67,42.22,56.23,8.01
261.12,39.22,19.82,22.12,7.99,69.46,42.13,56.23,8.02
261.13,39.22,19.82,22.12,7.99,69.46,42.22,56.38,8.03
261.14,39.22,19.82,22.09,7.99,69.46,42.22,56.23,8.01
261.15,39.15,19.82,22.09,7.98,69.46,42.22,56.23,8.03
261.16,39.22,19.85,22.12,8.00,69.67,42.22,56.23,8.02
261.17,39.22,19.85,22.09,7.99,69.46,42.22,56.38,8.01
261.18,39.22,19.85,22.12,7.99,69.46,42.22,56.38,8.03
261.19,39.22,19.82,22.09,7.99,69.46,42.22,56.23,8.01
261.20,39.15,19.82,22.09,7.99,69.46,42.22,56.38,8.02
261.21,39.15,19.85,22.12,7.99,69.67,42.22,56.38,8.02
261.22,39.22,19.82,22.09,7.99,69.46,42.22,56.23,8.03
261.23,39.22,19.82,22.09,7.98,69.46,42.13,56.38,8.03
261.24,39.15,19.85,22.09,7.99,69.46,42.13,56.23,8.01
261.25,39.22,19.85,22.12,7.98,69.46,42.22,56.23,8.01
261.26,39.15,19.85,22.12,7.99,69.67,42.22,56.23,8.02
261.27,39.15,19.85,22.12,7.99,69.46,42.13,56.23,8.02
261.28,39.22,19.82,22.05,7.99,69.46,42.22,56.38,8.02
261.29,39.15,19.85,22.12,8.00,69.46,42.22,56.38,8.03
261.30,39.15,19.85,22.09,7.99,69.67,42.22,56.38,8.01
261.31,39.22,19.85,22.12,7.99,69.46,42.13,56.38,8.01
261.32,39.15,19.82,22.09,7.99,69.46,42.22,56.38,8.01
261.33,39.22,19.82,22.09,7.99,69.46,42.22,56.38,8.02
261.34,39.15,19.85,22.12,7.99,69.46,42.30,56.23,8.01
261.35,39.22,19.82,22.09,8.00,69.46,42.22,56.23,8.01
261.36,39.22,19.82,22.09,7.99,69.46,42.22,56.23,8.02
261.37,39.15,19.82,22.09,8.00,69.46,42.30,56.23,8.02
261.38,39.22,19.85,22.09,7.99,69.67,42.13,56.38,8.02
261.39,39.15,19.85,22.09,7.99,69.67,42.22,56.38,8.03
261.40,39.15,19.82,22.05,7.99,69.46,42.13,56.23,8.02
261.41,39.15,19.82,22.12,7.99,69.46,42.22,56.38,8.01
261.42,39.22,19.82,22.09,7.99,69.46,42.22,56.38,8.02
261.43,39.15,19.82,22.09,7.98,69.46,42.22,56.38,8.01
261.44,39.15,19.82,22.12,8.00,69.67,42.13,56.38,8.01
261.45,39.15,19.85,22.12,7.99,69.46,42.22,56.38,8.01
261.46,39.15,19.82,22.12,7.99,69.46,42.22,56.38,8.02
261.47,39.22,19.85,22.09,7.99,69.67,42.22,56.23,8.02
261.48,39.22,19.82,22.09,7.99,69.46,42.22,56.38,8.02
261.49,39.07,19.82,22.09,7.98,69.67,42.22,56.23,8.03
261.50,39.22,19.85,22.05,7.99,69.46,42.22,56.38,8.02
261.51,39.22,19.82,22.09,7.99,69.67,42.13,56.38,8.02
261.52,39.22,19.85,22.09,7.99,69.46,42.22,56.38,8.02
261.53,39.15,19.82,22.12,7.98,69.46,42.22,56.23,8.01
261.54,39.22,19.85,22.09,7.99,69.67,42.22,56.23,8.01
261.55,39.15,19.85,22.09,7.99,69.67,42.22,56.38,8.03
261.56,39.22,19.82,22.05,7.99,69.46,42.13,56.38,8.03
261.57,39.15,19.82,22.12,7.99,69.46,42.22,56.38,8.01
261.58,39.22,19.85,22.09,7.99,69.46,42.22,56.23,8.03
261.59,39.15,19.88,22.12,7.99,69.46,42.22,56.38,8.02
261.60,39.22,19.85,22.09,7.99,69.46,42.22,56.38,8.02
261.61,39.22,19.85,22.12,8.00,69.46,42.22,56.38,8.02
261.62,39.15,19.82,22.09,7.99,69.46,42.22,56.38,8.01
261.63,39.22,19.82,22.12,7.99,69.46,42.13,56.23,8.01
261.64,39.15,19.82,22.12,7.99,69.67,42.22,56.38,8.02
261.65,39.15,19.82,22.09,7.99,69.67,42.22,56.23,8.02
261.66,39.22,19.85,22.09,7.99,69.46,42.22,56.38,8.01
261.67,39.15,19.82,22.12,7.99,69.46,42.22,56.38,8.02
261.68,39.15,19.82,22.09,7.98,69.67,42.22,56.23,8.02
261.69,39.22,19.82,22.12,7.98,69.46,42.22,56.38,8.02
261.70,39.22,19.85,22.09,7.99,69.67,42.22,56.38,8.03
261.71,39.22,19.82,22.09,7.99,69.46,42.30,56.38,8.02
261.72,39.22,19.82,22.12,7.99,69.67,42.22,56.38,8.03
261.73,39.22,19.88,22.12,7.99,69.46,42.30,56.38,8.01
261.74,39.22,19.82,22.09,7.99,69.67,42.22,56.38,8.01
261.75,39.22,19.82,22.12,7.99,69.67,42.22,56.23,8.02
261.76,39.15,19.82,22.12,7.99,69.46,42.22,56.23,8.02
261.77,39.22,19.85,22.09,7.99,69.46,42.22,56.38,8.01
261.78,39.22,19.85,22.12,7.99,69.46,42.13,56.23,8.01
261.79,39.22,19.82,22.09,7.98,69.46,42.13,56.38,8.02
261.80,39.22,19.85,22.09,7.99,69.67,42.30,56.38,8.01
261.81,39.22,19.85,22.12,7.99,69.46,42.22,56.23,8.02
261.82,39.22,19.85,22.09,7.99,69.46,42.30,56.23,8.03
261.83,39.22,19.85,22.12,7.99,69.46,42.13,56.38,8.02
261.84,39.15,19.85,22.12,7.99,69.46,42.13,56.38,8.02
261.85,39.22,19.82,22.12,7.99,69.46,42.30,56.38,8.02
261.86,39.15,19.85,22.12,7.99,69.46,42.30,56.23,8.01
261.87,39.22,19.82,22.12,7.99,69.67,42.22,56.38,8.03
261.88,39.22,19.85,22.12,7.99,69.46,42.22,56.38,8.02
261.89,39.22,19.85,22.12,7.99,69.46,42.22,56.38,8.01
261.90,39.22,19.82,22.09,7.99,69.46,42.13,56.38,8.01
261.91,39.15,19.85,22.09,7.99,69.46,42.22,56.38,8.02
261.92,39.22,19.85,22.12,7.99,69.46,42.22,56.38,8.02
261.93,39.15,19.85,22.09,8.00,69.67,42.22,56.38,8.02
261.94,39.15,19.85,22.12,7.99,69.46,42.22,56.38,8.02
261.95,39.30,19.85,22.09,7.99,69.46,42.22,56.38,8.02
261.96,39.22,19.85,22.09,7.99,69.46,42.22,56.38,8.02
261.97,39.22,19.82,22.12,7.99,69.46,42.22,56.38,8.02
261.98,39.22,19.85,22.12,7.99,69.46,42.30,56.38,8.01
261.99,39.22,19.85,22.09,7.99,69.67,42.22,56.38,8.01
262.00,39.22,19.82,22.09,7.99,69.46,42.22,56.38,8.01
262.01,39.22,19.85,22.12,7.99,69.67,42.30,56.38,8.02
262.02,39.15,19.82,22.12,7.99,69.46,42.30,56.38,8.02
262.03,39.22,19.85,22.12,7.99,69.46,42.30,56.38,8.03
262.04,39.15,19.85,22.12,7.99,69.87,42.30,56.38,8.02
262.05,39.22,19.82,22.12,7.99,69.67,42.30,56.38,8.01
262.06,39.22,19.88,22.09,7.99,69.67,42.22,56.38,8.01
262.07,39.15,19.85,22.12,7.99,69.46,42.30,56.52,8.02
262.08,39.22,19.82,22.09,7.99,69.46,42.22,56.38,8.01
262.09,39.22,19.85,22.12,7.99,69.46,42.22,56.23,8.01
262.10,39.15,19.82,22.12,7.99,69.46,42.22,56.52,8.02
262.11,39.22,19.88,22.12,7.99,69.46,42.22,56.38,8.02
262.12,39.15,19.85,22.12,7.99,69.67,42.22,56.38,8.02
262.13,39.22,19.85,22.12,7.99,69.67,42.13,56.38,8.01
262.14,39.22,19.85,22.12,7.99,69.67,42.30,56.38,8.01
262.15,39.22,19.82,22.12,7.99,69.46,42.22,56.38,8.02
262.16,39.22,19.85,22.12,8.00,69.46,42.22,56.38,8.02
262.17,39.22,19.88,22.12,7.99,69.67,42.22,56.38,8.02
262.18,39.22,19.82,22.12,7.99,69.67,42.22,56.38,8.03
262.19,39.22,19.88,22.12,8.00,69.46,42.22,56.38,8.01
262.20,39.22,19.85,22.09,7.99,69.46,42.30,56.38,8.02
262.21,39.22,19.85,22.09,8.00,69.46,42.30,56.38,8.01
262.22,39.22,19.85,22.12,8.00,69.67,42.30,56.38,8.03
262.23,39.22,19.85,22.12,7.98,69.67,42.22,56.38,8.01
262.24,39.22,19.85,22.12,7.99,69.67,42.30,56.23,8.01
262.25,39.22,19.82,22.12,7.99,69.67,42.22,56.38,8.02
262.26,39.22,19.82,22.12,7.99,69.46,42.22,56.38,8.02
262.27,39.22,19.82,22.12,8.00,69.67,42.22,56.38,8.03
262.28,39.22,19.85,22.12,7.99,69.46,42.30,56.38,8.02
262.29,39.22,19.85,22.12,7.99,69.46,42.30,56.38,8.03
262.30,39.22,19.85,22.09,8.00,69.67,42.22,56.38,8.03
262.31,39.22,19.82,22.12,7.99,69.67,42.22,56.38,8.02
262.32,39.15,19.85,22.12,7.99,69.67,42.30,56.38,8.02
262.33,39.22,19.85,22.12,7.99,69.67,42.22,56.38,8.03
262.34,39.22,19.85,22.12,8.00,69.46,42.22,56.38,8.02
262.35,39.22,19.85,22.12,7.99,69.46,42.22,56.23,8.03
262.36,39.22,19.85,22.12,7.99,69.46,42.22,56.38,8.02
262.37,39.22,19.85,22.12,7.99,69.67,42.22,56.38,8.02
262.38,39.15,19.85,22.12,7.99,69.46,42.22,56.38,8.01
262.39,39.22,19.85,22.12,7.99,69.67,42.30,56.38,8.01
262.40,39.22,19.88,22.12,7.99,69.67,42.30,56.38,8.03
262.41,39.22,19.85,22.12,7.99,69.67,42.22,56.38,8.02
262.42,39.15,19.82,22.12,7.99,69.67,42.22,56.38,8.02
262.43,39.22,19.88,22.12,7.99,69.87,42.22,56.38,8.03
262.44,39.22,19.88,22.12,7.99,69.67,42.30,56.38,8.02
262.45,39.22,19.85,22.12,7.99,69.67,42.22,56.38,8.02
262.46,39.22,19.85,22.12,7.99,69.67,42.13,56.38,8.02
262.47,39.22,19.85,22.12,8.00,69.46,42.22,56.38,8.01
262.48,39.22,19.85,22.12,7.99,69.46,42.30,56.38,8.02
262.49,39.22,19.85,22.12,8.00,69.67,42.30,56.38,8.02
262.50,39.22,19.82,22.12,8.00,69.67,42.30,56.52,8.02
262.51,39.22,19.88,22.12,7.99,69.67,42.30,56.38,8.02
262.52,39.22,19.85,22.12,7.99,69.46,42.22,56.38,8.02
262.53,39.22,19.85,22.12,7.99,69.46,42.30,56.23,8.02
262.54,39.22,19.85,22.12,8.00,69.67,42.30,56.38,8.01
262.55,39.22,19.85,22.15,7.99,69.67,42.30,56.38,8.02
262.56,39.22,19.85,22.12,7.99,69.67,42.30,56.23,8.02
262.57,39.22,19.82,22.12,8.00,69.67,42.22,56.38,8.03
262.58,39.22,19.85,22.12,7.99,69.46,42.30,56.38,8.02
262.59,39.22,19.85,22.09,7.99,69.46,42.22,56.38,8.02
262.60,39.22,19.85,22.12,7.99,69.67,42.22,56.38,8.02
262.61,39.22,19.85,22.12,8.00,69.67,42.30,56.38,8.02
262.62,39.22,19.88,22.15,8.00,69.46,42.30,56.38,8.03
262.63,39.22,19.85,22.12,7.99,69.67,42.22,56.38,8.02
262.64,39.22,19.88,22.12,7.99,69.67,42.22,56.38,8.03
262.65,39.22,19.85,22.12,7.99,69.67,42.30,56.23,8.03
262.66,39.22,19.85,22.15,7.99,69.67,42.30,56.38,8.02
262.67,39.22,19.85,22.12,7.99,69.46,42.30,56.38,8.02
262.68,39.22,19.88,22.12,7.99,69.67,42.30,56.38,8.03
262.69,39.22,19.88,22.12,7.99,69.67,42.30,56.38,8.02
262.70,39.30,19.88,22.12,7.99,69.67,42.30,56.38,8.03
262.71,39.22,19.85,22.12,7.99,69.67,42.22,56.38,8.02
262.72,39.22,19.85,22.12,7.99,69.67,42.30,56.38,8.03
262.73,39.22,19.85,22.15,8.00,69.67,42.30,56.38,8.03
262.74,39.22,19.88,22.12,8.00,69.46,42.22,56.52,8.03
262.75,39.22,19.85,22.15,7.99,69.67,42.39,56.38,8.02
262.76,39.22,19.85,22.15,7.99,69.67,42.30,56.38,8.01
262.77,39.22,19.85,22.12,8.00,69.67,42.30,56.38,8.02
262.78,39.22,19.85,22.15,8.00,69.67,42.30,56.38,8.01
262.79,39.22,19.88,22.12,7.99,69.67,42.30,56.52,8.02
262.80,39.22,19.85,22.12,8.00,69.67,42.30,56.38,8.03
262.81,39.22,19.85,22.12,8.00,69.67,42.22,56.38,8.03
262.82,39.22,19.85,22.12,7.99,69.67,42.30,56.38,8.02
262.83,39.22,19.85,22.15,7.99,69.46,42.30,56.38,8.03
262.84,39.22,19.85,22.12,8.00,69.46,42.30,56.38,8.02
262.85,39.22,19.85,22.15,7.99,69.67,42.30,56.38,8.02
262.86,39.22,19.85,22.12,7.99,69.46,42.22,56.38,8.02
262.87,39.22,19.85,22.12,8.00,69.67,42.30,56.38,8.02
262.88,39.15,19.85,22.12,7.99,69.67,42.30,56.38,8.02
262.89,39.22,19.88,22.15,7.99,69.67,42.22,56.38,8.02
262.90,39.22,19.85,22.15,7.99,69.67,42.22,56.38,8.03
262.91,39.22,19.85,22.15,7.99,69.67,42.22,56.38,8.02
262.92,39.22,19.85,22.12,7.99,69.67,42.30,56.38,8.03
262.93,39.22,19.85,22.12,7.99,69.67,42.22,56.38,8.03
262.94,39.22,19.85,22.12,7.99,69.67,42.30,56.38,8.02
262.95,39.22,19.88,22.15,7.99,69.67,42.30,56.52,8.03
262.96,39.22,19.88,22.12,8.00,69.67,42.30,56.38,8.03
262.97,39.22,19.88,22.15,7.99,69.67,42.30,56.38,8.02
262.98,39.22,19.88,22.12,7.99,69.67,42.30,56.38,8.01
262.99,39.22,19.90,22.12,8.00,69.67,42.30,56.38,8.01
263.00,39.22,19.88,22.12,7.99,69.67,42.30,56.38,8.01
263.01,39.22,19.85,22.12,7.99,69.67,42.30,56.38,8.02
263.02,39.22,19.85,22.15,8.00,69.87,42.30,56.52,8.02
263.03,39.22,19.85,22.12,8.00,69.67,42.22,56.38,8.02
263.04,39.22,19.88,22.12,8.00,69.67,42.22,56.38,8.03
263.05,39.22,19.88,22.12,7.99,69.67,42.30,56.38,8.03
263.06,39.22,19.88,22.12,8.01,69.67,42.39,56.52,8.02
263.07,39.22,19.85,22.15,7.99,69.87,42.30,56.52,8.02
263.08,39.22,19.88,22.12,8.00,69.67,42.30,56.38,8.03
263.09,39.22,19.85,22.15,7.99,69.67,42.30,56.38,8.03
263.10,39.22,19.88,22.15,8.00,69.67,42.22,56.38,8.03
263.11,39.30,19.88,22.12,7.99,69.87,42.30,56.38,8.02
263.12,39.30,19.88,22.15,7.99,69.67,42.30,56.38,8.03
263.13,39.30,19.85,22.12,7.99,69.67,42.30,56.52,8.03
263.14,39.38,19.88,22.15,7.99,69.67,42.30,56.52,8.02
263.15,39.22,19.85,22.12,7.99,69.67,42.30,56.38,8.02
263.16,39.22,19.88,22.15,8.00,69.67,42.30,56.52,8.02
263.17,39.22,19.88,22.12,7.99,69.67,42.30,56.52,8.02
263.18,39.22,19.85,22.15,8.00,69.67,42.30,56.38,8.02
263.19,39.22,19.85,22.15,7.99,69.46,42.30,56.38,8.02
263.20,39.22,19.88,22.15,7.99,69.87,42.30,56.38,8.02
263.21,39.22,19.88,22.15,8.01,69.46,42.30,56.52,8.03
263.22,39.30,19.88,22.12,8.00,69.46,42.30,56.38,8.03
263.23,39.22,19.88,22.12,7.99,69.87,42.39,56.38,8.03
263.24,39.30,19.88,22.15,8.00,69.67,42.30,56.38,8.02
263.25,39.22,19.88,22.12,7.99,69.67,42.39,56.38,8.02
263.26,39.22,19.88,22.12,8.00,69.67,42.39,56.66,8.03
263.27,39.22,19.85,22.15,7.99,69.67,42.39,56.23,8.02
263.28,39.22,19.88,22.12,7.99,69.67,42.30,56.09,8.03
263.29,39.22,19.88,22.15,8.00,69.67,42.30,56.38,8.03
263.30,39.30,19.85,22.15,7.99,69.67,42.30,56.38,8.03
263.31,39.22,19.88,22.15,8.01,69.67,42.30,56.52,8.02
263.32,39.30,19.88,22.15,7.99,69.67,42.22,56.38,8.02
263.33,39.22,19.85,22.12,8.00,69.67,42.30,56.52,8.03
263.34,39.30,19.88,22.12,7.99,69.67,42.30,56.38,8.02
263.35,39.22,19.88,22.15,7.99,69.87,42.22,56.52,8.03
263.36,39.30,19.88,22.12,7.99,69.87,42.39,56.38,8.03
263.37,39.30,19.88,22.12,8.00,69.87,42.30,56.52,8.02
263.38,39.22,19.88,22.12,7.99,69.67,42.30,56.52,8.03
263.39,39.30,19.88,22.15,7.99,69.67,42.30,56.38,8.03
263.40,39.22,19.85,22.15,7.99,69.87,42.30,56.52,8.02
263.41,39.30,19.88,22.15,7.99,69.67,42.30,56.38,8.02
263.42,39.22,19.85,22.15,7.99,69.67,42.39,56.52,8.01
263.43,39.30,19.88,22.15,7.99,69.87,42.30,56.38,8.03
263.44,39.22,19.88,22.15,7.99,69.67,42.30,56.38,8.02
263.45,39.22,19.88,22.15,8.01,69.67,42.22,56.52,8.03
263.46,39.30,19.85,22.15,7.99,69.67,42.30,56.38,8.02
263.47,39.22,19.88,22.15,7.99,69.87,42.30,56.38,8.01
263.48,39.22,19.88,22.15,7.99,69.67,42.30,56.38,8.02
263.49,39.30,19.85,22.12,7.99,69.87,42.30,56.38,8.03
263.50,39.30,19.88,22.15,7.99,69.67,42.30,56.38,8.02
263.51,39.30,19.88,22.15,7.99,69.67,42.39,56.52,8.02
263.52,39.22,19.85,22.15,7.99,69.67,42.30,56.52,8.03
263.53,39.22,19.88,22.15,8.01,69.67,42.30,56.38,8.03
263.54,39.30,19.88,22.15,7.99,69.67,42.39,56.38,8.02
263.55,39.15,19.88,22.15,7.99,69.67,42.30,56.52,8.02
263.56,39.22,19.90,22.12,8.01,69.67,42.39,56.52,8.03
263.57,39.30,19.85,22.15,8.00,69.67,42.39,56.52,8.02
263.58,39.22,19.88,22.15,8.00,69.67,42.30,56.52,8.02
263.59,39.22,19.88,22.15,7.99,69.67,42.39,56.52,8.03
263.60,39.30,19.85,22.15,7.99,69.87,42.39,56.38,8.03
263.61,39.22,19.88,22.15,7.99,69.67,42.39,56.38,8.03
263.62,39.30,19.85,22.15,7.99,69.87,42.30,56.52,8.03
263.63,39.30,19.88,22.15,8.00,69.67,42.39,56.52,8.02
263.64,39.30,19.88,22.15,7.99,69.87,42.39,56.38,8.02
263.65,39.22,19.88,22.12,8.00,69.67,42.30,56.52,8.02
263.66,39.30,19.85,22.19,8.00,69.67,42.39,56.52,8.02
263.67,39.30,19.90,22.15,7.99,69.67,42.30,56.52,8.02
263.68,39.22,19.88,22.15,7.99,69.67,42.39,56.52,8.03
263.69,39.30,19.88,22.15,7.99,69.67,42.30,56.52,8.03
263.70,39.30,19.88,22.15,8.00,69.67,42.30,56.52,8.02
263.71,39.30,19.88,22.15,7.99,69.67,42.39,56.52,8.03
263.72,39.22,19.88,22.15,8.00,69.67,42.39,56.38,8.03
263.73,39.30,19.88,22.15,8.00,69.67,42.39,56.52,8.03
263.74,39.30,19.88,22.15,8.01,69.67,42.39,56.52,8.03
263.75,39.30,19.88,22.15,8.00,69.67,42.39,56.38,8.03
263.76,39.30,19.88,22.15,8.00,69.67,42.39,56.66,8.03
263.77,39.22,19.88,22.15,8.00,69.67,42.30,56.52,8.02
263.78,39.30,19.85,22.15,8.00,69.67,42.30,56.52,8.03
263.79,39.30,19.88,22.19,8.00,69.67,42.30,56.52,8.03
263.80,39.30,19.88,22.12,7.99,69.67,42.30,56.52,8.03
263.81,39.30,19.90,22.15,8.00,69.67,42.30,56.38,8.03
263.82,39.30,19.90,22.12,7.99,69.67,42.30,56.52,8.03
263.83,39.22,19.88,22.15,8.00,69.67,42.39,56.52,8.03
263.84,39.30,19.88,22.15,8.01,69.67,42.39,56.52,8.02
263.85,39.30,19.88,22.15,8.00,69.67,42.30,56.52,8.03
263.86,39.30,19.88,22.15,7.99,69.67,42.39,56.52,8.03
263.87,39.30,19.88,22.15,8.00,69.67,42.30,56.52,8.03
263.88,39.22,19.88,22.15,8.00,69.67,42.30,56.52,8.03
263.89,39.30,19.90,22.12,8.00,69.67,42.30,56.52,8.02
263.90,39.22,19.88,22.15,8.00,69.87,42.39,56.52,8.03
263.91,39.30,19.88,22.19,8.00,69.87,42.30,56.52,8.03
263.92,39.22,19.90,22.15,7.99,69.67,42.39,56.38,8.02
263.93,39.30,19.88,22.15,8.00,69.67,42.39,56.52,8.03
263.94,39.30,19.88,22.15,8.00,69.67,42.39,56.66,8.02
263.95,39.22,19.90,22.12,7.99,69.67,42.30,56.38,8.03
263.96,39.22,19.88,22.19,8.00,69.87,42.30,56.52,8.03
263.97,39.30,19.88,22.19,8.01,69.87,42.39,56.52,8.03
263.98,39.30,19.90,22.19,8.01,69.67,42.30,56.52,8.02
263.99,39.22,19.88,22.15,7.99,69.67,42.39,56.52,8.03
264.00,39.30,19.88,22.15,7.99,69.67,42.39,56.52,8.03
264.01,39.30,19.90,22.15,8.00,69.87,42.30,56.52,8.03
264.02,39.30,19.90,22.19,8.00,69.67,42.39,56.52,8.03
264.03,39.22,19.90,22.15,8.00,69.67,42.39,56.38,8.03
264.04,39.30,19.88,22.15,7.99,69.67,42.39,56.38,8.02
264.05,39.22,19.90,22.15,8.00,69.67,42.30,56.52,8.02
264.06,39.30,19.85,22.15,8.00,69.67,42.39,56.66,8.03
264.07,39.30,19.88,22.15,7.99,69.67,42.39,56.66,8.02
264.08,39.30,19.88,22.15,8.00,69.67,42.30,56.52,8.02
264.09,39.30,19.88,22.15,7.99,69.87,42.30,56.52,8.03
264.10,39.30,19.88,22.15,8.00,69.87,42.39,56.52,8.03
264.11,39.30,19.90,22.15,8.00,69.67,42.48,56.52,8.04
264.12,39.22,19.85,22.15,7.99,69.87,42.30,56.52,8.03
264.13,39.30,19.88,22.19,7.99,69.87,42.39,56.52,8.04
264.14,39.30,19.90,22.19,8.00,69.87,42.39,56.52,8.03
264.15,39.30,19.85,22.15,7.99,69.87,42.48,56.66,8.03
264.16,39.30,19.88,22.19,7.99,69.87,42.39,56.52,8.03
264.17,39.30,19.88,22.12,8.01,69.67,42.39,56.52,8.03
264.18,39.30,19.88,22.15,8.00,69.87,42.39,56.52,8.03
264.19,39.30,19.90,22.19,8.00,69.67,42.39,56.52,8.03
264.20,39.30,19.88,22.15,8.00,69.87,42.30,56.52,8.03
264.21,39.30,19.88,22.19,7.99,69.87,42.30,56.52,8.03
264.22,39.30,19.88,22.19,8.00,69.67,42.30,56.52,8.03
264.23,39.30,19.88,22.15,8.01,69.67,42.39,56.52,8.02
264.24,39.38,19.88,22.15,8.00,69.87,42.39,56.66,8.03
264.25,39.30,19.88,22.19,7.99,69.67,42.39,56.52,8.02
264.26,39.30,19.90,22.19,8.00,69.87,42.39,56.52,8.03
264.27,39.30,19.88,22.15,8.01,69.87,42.39,56.52,8.03
264.28,39.30,19.88,22.15,8.00,69.87,42.39,56.52,8.02
264.29,39.22,19.88,22.19,8.00,69.87,42.39,56.66,8.03
264.30,39.30,19.88,22.19,7.99,69.87,42.39,56.52,8.03
264.31,39.30,19.88,22.15,7.99,69.67,42.39,56.66,8.03
264.32,39.22,19.88,22.15,8.00,69.87,42.39,56.66,8.02
264.33,39.30,19.90,22.15,8.00,69.67,42.39,56.66,8.03
264.34,39.38,19.88,22.15,7.99,69.67,42.30,56.52,8.03
264.35,39.22,19.90,22.15,8.00,69.87,42.30,56.52,8.02
264.36,39.22,19.88,22.19,8.00,69.67,42.39,56.52,8.03
264.37,39.30,19.90,22.15,8.01,69.87,42.39,56.52,8.03
264.38,39.30,19.90,22.15,8.00,69.67,42.39,56.52,8.03
264.39,39.30,19.90,22.15,7.99,69.87,42.39,56.52,8.03
264.40,39.30,19.88,22.19,8.00,69.67,42.39,56.66,8.03
264.41,39.30,19.88,22.15,8.00,69.67,42.30,56.66,8.03
264.42,39.30,19.90,22.19,8.00,69.87,42.30,56.52,8.03
264.43,39.30,19.88,22.19,8.00,69.67,42.39,56.66,8.02
264.44,39.30,19.88,22.19,8.00,69.87,42.39,56.52,8.03
264.45,39.30,19.85,22.15,8.00,69.67,42.39,56.52,8.03
264.46,39.30,19.90,22.19,8.01,69.87,42.48,56.66,8.03
264.47,39.22,19.88,22.15,8.01,69.87,42.39,56.38,8.03
264.48,39.30,19.88,22.15,8.00,69.87,42.39,56.80,8.03
264.49,39.30,19.90,22.15,8.01,69.87,42.39,56.66,8.03
264.50,39.22,19.90,22.15,8.00,69.87,42.39,56.38,8.03
264.51,39.30,19.88,22.19,8.00,69.87,42.39,56.52,8.03
264.52,39.30,19.88,22.19,8.01,69.87,42.48,56.52,8.03
264.53,39.30,19.88,22.19,7.99,69.87,42.39,56.52,8.02
264.54,39.30,19.88,22.15,8.00,69.87,42.39,56.52,8.03
264.55,39.30,19.90,22.19,8.00,69.87,42.39,56.52,8.03
264.56,39.30,19.88,22.19,8.00,69.87,42.39,56.52,8.03
264.57,39.22,19.88,22.19,7.99,69.67,42.39,56.52,8.02
264.58,39.30,19.90,22.15,8.00,69.67,42.39,56.52,8.03
264.59,39.22,19.88,22.19,8.00,69.87,42.39,56.38,8.03
264.60,39.30,19.90,22.15,8.01,69.87,42.39,56.52,8.03
264.61,39.30,19.90,22.19,8.00,69.67,42.39,56.52,8.03
264.62,39.30,19.88,22.19,8.00,69.87,42.39,56.66,8.03
264.63,39.30,19.88,22.19,8.00,69.87,42.39,56.52,8.03
264.64,39.30,19.90,22.15,8.00,69.87,42.39,56.52,8.03
264.65,39.30,19.88,22.19,8.00,69.67,42.39,56.38,8.03
264.66,39.30,19.90,22.15,8.00,69.67,42.39,56.66,8.03
264.67,39.30,19.90,22.15,8.01,69.87,42.48,56.66,8.03
264.68,39.30,19.90,22.19,8.00,69.67,42.48,56.52,8.03
264.69,39.30,19.90,22.15,8.01,69.87,42.39,56.52,8.03
264.70,39.30,19.90,22.19,8.00,69.87,42.39,56.52,8.04
264.71,39.30,19.90,22.19,8.00,69.67,42.39,56.52,8.03
264.72,39.30,19.90,22.15,8.00,69.87,42.39,56.52,8.03
264.73,39.30,19.90,22.19,8.00,69.87,42.39,56.52,8.03
264.74,39.30,19.90,22.15,8.00,69.87,42.39,56.52,8.03
264.75,39.30,19.88,22.19,7.99,69.87,42.39,56.66,8.04
264.76,39.30,19.88,22.15,8.00,69.87,42.39,56.52,8.03
264.77,39.30,19.90,22.19,8.00,69.87,42.48,56.52,8.03
264.78,39.30,19.93,22.15,8.00,69.87,42.39,56.52,8.04
264.79,39.30,19.90,22.15,8.01,69.87,42.39,56.52,8.03
264.80,39.30,19.90,22.19,8.01,69.87,42.39,56.52,8.03
264.81,39.30,19.88,22.19,8.00,69.87,42.39,56.52,8.03
264.82,39.30,19.90,22.19,8.00,69.87,42.39,56.66,8.02
264.83,39.30,19.88,22.19,8.00,69.87,42.39,56.52,8.02
264.84,39.30,19.88,22.15,8.01,69.87,42.48,56.52,8.03
264.85,39.30,19.88,22.19,8.00,69.87,42.39,56.66,8.03
264.86,39.30,19.88,22.15,8.00,69.67,42.39,56.66,8.02
264.87,39.30,19.88,22.15,8.00,69.87,42.39,56.52,8.03
264.88,39.30,19.88,22.19,8.00,69.87,42.39,56.52,8.04
264.89,39.30,19.88,22.19,7.99,69.87,42.39,56.52,8.03
264.90,39.30,19.88,22.19,7.99,69.87,42.39,56.52,8.03
264.91,39.30,19.90,22.15,8.00,69.87,42.39,56.66,8.03
264.92,39.38,19.93,22.15,8.00,69.87,42.39,56.52,8.03
264.93,39.30,19.90,22.15,8.01,69.87,42.39,56.52,8.03
264.94,39.30,19.88,22.19,8.00,69.87,42.39,56.66,8.03
264.95,39.30,19.88,22.19,8.01,69.87,42.39,56.52,8.03
264.96,39.30,19.90,22.19,8.00,69.87,42.30,56.52,8.02
264.97,39.30,19.90,22.19,8.00,69.67,42.48,56.52,8.03
264.98,39.30,19.90,22.15,8.00,69.87,42.39,56.52,8.03
264.99,39.30,19.90,22.15,8.00,69.87,42.39,56.52,8.04
265.00,39.30,19.90,22.15,8.00,69.87,42.39,56.52,8.03
265.01,39.30,19.90,22.19,8.00,69.87,42.39,56.66,8.03
265.02,39.22,19.90,22.19,8.00,69.87,42.48,56.66,8.03
265.03,39.38,19.90,22.19,8.00,69.87,42.48,56.66,8.03
265.04,39.30,19.90,22.19,8.00,69.87,42.39,56.66,8.03
265.05,39.30,19.90,22.19,8.00,69.67,42.48,56.52,8.03
265.06,39.30,19.88,22.19,8.00,69.87,42.39,56.52,8.04
265.07,39.30,19.90,22.19,8.00,69.87,42.39,56.52,8.03
265.08,39.30,19.90,22.15,8.00,69.87,42.39,56.52,8.03
265.09,39.30,19.90,22.19,8.00,69.87,42.48,56.38,8.03
265.10,39.30,19.90,22.19,8.00,69.67,42.48,56.52,8.02
265.11,39.30,19.90,22.19,8.00,69.87,42.39,56.52,8.02
265.12,39.22,19.90,22.19,8.00,69.87,42.39,56.66,8.03
265.13,39.30,19.90,22.19,8.01,69.87,42.39,56.38,8.03
265.14,39.22,19.88,22.19,8.00,69.67,42.48,56.66,8.03
265.15,39.30,19.90,22.15,8.00,69.87,42.39,56.52,8.03
265.16,39.30,19.88,22.19,8.01,69.87,42.48,56.66,8.03
265.17,39.30,19.90,22.19,8.00,69.87,42.48,56.66,8.03
265.18,39.30,19.90,22.15,8.01,69.87,42.39,56.66,8.02
265.19,39.30,19.93,22.19,8.00,69.87,42.48,56.52,8.04
265.20,39.30,19.90,22.19,8.00,69.87,42.39,56.66,8.02
265.21,39.30,19.90,22.19,8.00,69.87,42.39,56.66,8.03
265.22,39.30,19.93,22.19,8.00,69.87,42.39,56.52,8.03
265.23,39.30,19.90,22.15,8.00,69.87,42.48,56.52,8.03
265.24,39.30,19.90,22.19,8.01,69.87,42.39,56.66,8.03
265.25,39.38,19.90,22.19,8.00,69.87,42.39,56.52,8.03
265.26,39.30,19.93,22.19,8.00,69.87,42.39,56.66,8.03
265.27,39.30,19.93,22.19,8.01,69.87,42.48,56.66,8.03
265.28,39.30,19.88,22.19,8.00,69.87,42.48,56.80,8.03
265.29,39.30,19.90,22.19,8.01,69.87,42.48,56.66,8.03
265.30,39.30,19.90,22.19,8.00,69.87,42.48,56.66,8.04
265.31,39.30,19.88,22.19,8.00,69.87,42.48,56.52,8.03
265.32,39.30,19.90,22.19,8.00,69.87,42.48,56.66,8.03
265.33,39.22,19.90,22.19,8.00,69.87,42.39,56.66,8.03
265.34,39.30,19.90,22.19,8.01,69.87,42.48,56.66,8.03
265.35,39.30,19.90,22.19,8.00,69.67,42.39,56.52,8.03
265.36,39.30,19.93,22.19,8.00,69.87,42.39,56.52,8.03
265.37,39.30,19.90,22.22,8.00,69.87,42.39,56.66,8.03
265.38,39.30,19.90,22.15,8.00,69.87,42.30,56.66,8.04
265.39,39.30,19.90,22.19,8.01,69.87,42.39,56.52,8.04
265.40,39.30,19.90,22.19,8.01,69.87,42.48,56.66,8.03
265.41,39.30,19.88,22.19,8.01,69.87,42.39,56.52,8.02
265.42,39.30,19.90,22.22,8.00,69.87,42.48,56.52,8.03
265.43,39.30,19.93,22.19,8.00,69.87,42.48,56.52,8.03
265.44,39.30,19.88,22.15,8.00,69.87,42.39,56.66,8.03
265.45,39.30,19.93,22.19,8.00,69.87,42.48,56.66,8.03
265.46,39.38,19.93,22.19,8.00,70.08,42.48,56.66,8.04
265.47,39.30,19.90,22.15,8.01,69.67,42.48,56.66,8.02
265.48,39.30,19.93,22.19,8.00,69.87,42.48,56.66,8.03
265.49,39.30,19.90,22.15,8.01,69.87,42.48,56.66,8.04
265.50,39.30,19.93,22.19,8.00,69.87,42.48,56.52,8.04
265.51,39.30,19.93,22.19,8.00,69.87,42.39,56.52,8.03
265.52,39.38,19.88,22.19,8.01,69.87,42.48,56.66,8.03
265.53,39.38,19.93,22.19,8.00,69.87,42.48,56.52,8.03
265.54,39.30,19.90,22.19,8.01,69.87,42.48,56.66,8.04
265.55,39.30,19.90,22.19,8.01,69.87,42.39,56.52,8.03
265.56,39.30,19.90,22.19,8.01,69.87,42.39,56.66,8.03
265.57,39.30,19.90,22.19,8.00,69.87,42.39,56.66,8.03
265.58,39.30,19.88,22.19,8.00,69.87,42.39,56.52,8.03
265.59,39.30,19.93,22.19,8.00,69.87,42.48,56.66,8.03
265.60,39.30,19.93,22.19,8.02,69.87,42.39,56.66,8.04
265.61,39.30,19.90,22.19,8.00,70.28,42.39,56.52,8.03
265.62,39.30,19.93,22.19,8.01,69.87,42.30,56.66,8.03
265.63,39.30,19.93,22.19,8.00,69.87,42.48,56.52,8.03
265.64,39.30,19.90,22.19,8.02,69.87,42.48,56.52,8.03
265.65,39.30,19.90,22.19,8.01,70.08,42.48,56.52,8.05
265.66,39.38,19.90,22.15,8.00,69.87,42.48,56.52,8.03
265.67,39.30,19.90,22.19,8.00,69.87,42.39,56.80,8.04
265.68,39.30,19.93,22.19,8.01,69.87,42.48,56.66,8.03
265.69,39.30,19.90,22.19,8.00,69.67,42.39,56.52,8.03
265.70,39.30,19.93,22.19,8.02,69.87,42.39,56.52,8.03
265.71,39.30,19.93,22.19,8.00,69.87,42.48,56.66,8.03
265.72,39.30,19.90,22.15,8.00,70.08,42.39,56.52,8.04
265.73,39.38,19.90,22.19,8.00,69.87,42.48,56.52,8.03
265.74,39.38,19.93,22.19,8.00,69.87,42.48,56.66,8.02
265.75,39.30,19.90,22.19,8.00,69.87,42.48,56.66,8.03
265.76,39.30,19.90,22.19,8.00,69.87,42.39,56.66,8.03
265.77,39.30,19.90,22.19,8.00,69.87,42.48,56.52,8.03
265.78,39.30,19.93,22.19,8.00,69.87,42.39,56.66,8.03
265.79,39.30,19.93,22.19,8.01,69.87,42.39,56.52,8.03
265.80,39.22,19.90,22.19,8.00,69.87,42.48,56.80,8.03
265.81,39.30,19.90,22.19,8.00,69.87,42.39,56.52,8.03
265.82,39.30,19.93,22.19,8.01,69.67,42.48,56.52,8.03
265.83,39.30,19.90,22.19,8.00,69.87,42.48,56.52,8.03
265.84,39.30,19.90,22.19,8.01,69.87,42.48,56.66,8.03
265.85,39.30,19.90,22.19,8.00,69.87,42.48,56.52,8.02
265.86,39.30,19.90,22.19,8.01,69.87,42.48,56.66,8.03
265.87,39.30,19.90,22.19,8.00,69.87,42.48,56.66,8.03
265.88,39.30,19.90,22.19,8.00,69.87,42.48,56.66,8.03
265.89,39.30,19.93,22.19,8.00,69.87,42.48,56.52,8.03
265.90,39.30,19.90,22.19,8.01,69.87,42.48,56.66,8.04
265.91,39.30,19.90,22.15,8.00,69.87,42.39,56.66,8.04
265.92,39.30,19.93,22.19,8.02,69.87,42.48,56.66,8.04
265.93,39.30,19.88,22.19,8.00,69.87,42.48,56.66,8.03
265.94,39.30,19.93,22.19,8.00,69.87,42.48,56.66,8.05
265.95,39.30,19.93,22.19,8.01,69.87,42.48,56.66,8.03
265.96,39.30,19.90,22.19,8.01,69.87,42.48,56.66,8.03
265.97,39.30,19.90,22.19,8.01,69.87,42.39,56.66,8.03
265.98,39.30,19.93,22.22,8.00,69.87,42.48,56.52,8.03
265.99,39.30,19.93,22.19,8.01,69.87,42.48,56.66,8.03
266.00,39.30,19.90,22.19,8.00,69.87,42.48,56.52,8.03
266.01,39.30,19.88,22.19,8.01,69.87,42.39,56.66,8.05
266.02,39.30,19.93,22.15,8.00,69.87,42.48,56.52,8.04
266.03,39.30,19.93,22.19,8.01,69.87,42.48,56.52,8.04
266.04,39.30,19.93,22.19,8.00,69.87,42.39,56.66,8.03
266.05,39.30,19.90,22.22,8.00,69.87,42.48,56.66,8.03
266.06,39.30,19.90,22.19,8.02,69.87,42.48,56.66,8.03
266.07,39.30,19.90,22.19,8.00,69.87,42.48,56.66,8.03
266.08,39.22,19.90,22.19,8.00,70.08,42.48,56.66,8.03
266.09,39.30,19.93,22.19,8.00,69.87,42.48,56.80,8.03
266.10,39.30,19.93,22.19,8.01,69.87,42.48,56.66,8.04
266.11,39.30,19.93,22.19,8.00,69.87,42.48,56.66,8.03
266.12,39.30,19.93,22.19,8.01,69.87,42.48,56.66,8.03
266.13,39.30,19.93,22.19,8.00,69.87,42.39,56.66,8.02
266.14,39.30,19.93,22.19,8.00,69.87,42.48,56.66,8.03
266.15,39.30,19.90,22.19,8.01,69.87,42.48,56.66,8.03
266.16,39.30,19.93,22.19,8.01,69.87,42.39,56.66,8.04
266.17,39.30,19.93,22.22,8.01,69.87,42.48,56.66,8.03
266.18,39.30,19.90,22.19,8.00,69.87,42.48,56.52,8.04
266.19,39.38,19.90,22.19,8.01,69.87,42.48,56.52,8.03
266.20,39.30,19.93,22.19,8.00,69.87,42.48,56.66,8.03
266.21,39.30,19.93,22.19,8.00,69.87,42.48,56.52,8.03
266.22,39.30,19.93,22.19,8.00,69.87,42.48,56.66,8.03
266.23,39.38,19.90,22.19,8.00,69.87,42.48,56.52,8.04
266.24,39.30,19.93,22.19,8.00,69.87,42.48,56.66,8.03
266.25,39.30,19.93,22.22,8.00,70.08,42.48,56.66,8.05
266.26,39.30,19.90,22.19,8.02,69.87,42.48,56.66,8.04
266.27,39.30,19.90,22.19,8.00,69.87,42.48,56.66,8.03
266.28,39.30,19.93,22.19,8.00,69.87,42.48,56.52,8.03
266.29,39.30,19.88,22.19,8.01,69.87,42.48,56.52,8.05
266.30,39.30,19.93,22.19,8.01,69.87,42.39,56.66,8.03
266.31,39.30,19.93,22.19,8.02,69.87,42.57,56.66,8.03
266.32,39.30,19.93,22.19,8.00,69.87,42.48,56.52,8.03
266.33,39.30,19.90,22.19,8.01,69.87,42.48,56.66,8.03
266.34,39.30,19.93,22.19,8.01,69.87,42.48,56.52,8.03
266.35,39.30,19.93,22.19,8.00,69.87,42.48,56.66,8.03
266.36,39.30,19.93,22.19,8.00,69.87,42.48,56.52,8.03
266.37,39.30,19.96,22.19,8.01,69.87,42.48,56.52,8.03
266.38,39.30,19.90,22.19,8.00,69.87,42.48,56.66,8.04
266.39,39.30,19.93,22.19,8.01,69.87,42.48,56.66,8.04
266.40,39.30,19.93,22.19,8.01,69.87,42.48,56.66,8.02
266.41,39.38,19.93,22.19,8.00,69.87,42.48,56.66,8.03
266.42,39.30,19.90,22.19,8.00,69.87,42.48,56.66,8.03
266.43,39.30,19.93,22.19,8.00,69.87,42.39,56.66,8.03
266.44,39.38,19.90,22.19,8.01,69.87,42.57,56.52,8.03
266.45,39.30,19.90,22.19,8.01,69.87,42.57,56.66,8.04
266.46,39.30,19.93,22.19,8.00,69.87,42.57,56.66,8.05
266.47,39.30,19.90,22.19,8.01,69.87,42.39,56.66,8.04
266.48,39.30,19.93,22.19,8.00,70.08,42.48,56.66,8.03
266.49,39.30,19.93,22.22,8.01,69.87,42.48,56.52,8.03
266.50,39.30,19.93,22.19,8.01,69.87,42.48,56.66,8.03
266.51,39.30,19.90,22.19,8.01,69.87,42.48,56.66,8.03
266.52,39.30,19.90,22.19,8.01,70.08,42.39,56.66,8.03
266.53,39.30,19.93,22.22,8.01,69.87,42.48,56.80,8.03
266.54,39.30,19.90,22.19,8.01,69.87,42.39,56.66,8.03
266.55,39.30,19.90,22.19,8.01,69.87,42.48,56.66,8.04
266.56,39.30,19.93,22.19,8.00,69.87,42.48,56.66,8.03
266.57,39.38,19.93,22.19,8.00,69.87,42.48,56.66,8.03
266.58,39.30,19.93,22.19,8.01,69.87,42.57,56.66,8.03
266.59,39.30,19.90,22.19,8.00,69.87,42.39,56.80,8.03
266.60,39.30,19.90,22.22,8.02,69.87,42.39,56.52,8.03
266.61,39.30,19.90,22.19,8.02,69.87,42.48,56.52,8.04
266.62,39.30,19.90,22.19,8.01,69.87,42.48,56.66,8.03
266.63,39.30,19.90,22.19,8.02,69.87,42.39,56.80,8.03
266.64,39.30,19.93,22.19,8.00,69.87,42.48,56.66,8.04
266.65,39.30,19.93,22.19,8.01,69.87,42.48,56.66,8.04
266.66,39.38,19.93,22.19,8.00,69.87,42.48,56.52,8.03
266.67,39.30,19.90,22.19,8.00,69.87,42.48,56.66,8.04
266.68,39.30,19.93,22.19,8.01,69.87,42.48,56.66,8.04
266.69,39.46,19.93,22.19,8.00,69.87,42.57,56.66,8.04
266.70,39.30,19.93,22.19,8.00,69.87,42.48,56.66,8.05
266.71,39.38,19.90,22.19,8.00,69.87,42.48,56.66,8.04
266.72,39.30,19.93,22.19,8.00,69.87,42.48,56.66,8.03
266.73,39.22,19.90,22.22,8.01,69.87,42.48,56.66,8.05
266.74,39.38,19.93,22.22,8.02,70.08,42.48,56.66,8.03
266.75,39.30,19.93,22.19,8.01,69.87,42.48,56.66,8.03
266.76,39.30,19.93,22.19,8.00,70.08,42.48,56.66,8.04
266.77,39.30,19.93,22.19,8.00,69.87,42.48,56.66,8.03
266.78,39.38,19.96,22.19,8.01,69.87,42.48,56.66,8.03
266.79,39.30,19.93,22.19,8.01,69.87,42.48,56.52,8.03
266.80,39.30,19.93,22.19,8.00,69.87,42.48,56.66,8.03
266.81,39.30,19.90,22.19,8.01,69.67,42.48,56.66,8.02
266.82,39.30,19.90,22.19,8.00,69.87,42.48,56.66,8.03
266.83,39.30,19.93,22.22,8.01,69.87,42.48,56.66,8.05
266.84,39.30,19.90,22.19,8.01,69.87,42.57,56.66,8.03
266.85,39.30,19.90,22.19,8.01,69.87,42.48,56.66,8.03
266.86,39.30,19.90,22.19,8.01,69.87,42.48,56.95,8.04
266.87,39.30,19.90,22.19,8.01,69.87,42.48,56.66,8.04
266.88,39.30,19.90,22.19,8.00,69.87,42.48,56.66,8.03
266.89,39.30,19.90,22.19,8.00,69.87,42.48,56.66,8.03
266.90,39.30,19.93,22.19,8.00,69.87,42.48,56.66,8.03
266.91,39.30,19.93,22.19,8.00,69.87,42.48,56.66,8.05
266.92,39.30,19.93,22.19,8.01,69.87,42.48,56.66,8.03
266.93,39.30,19.93,22.19,8.01,69.87,42.48,56.52,8.05
266.94,39.30,19.93,22.22,8.01,69.87,42.48,56.66,8.03
266.95,39.22,19.93,22.19,8.00,69.87,42.57,56.66,8.03
266.96,39.30,19.93,22.22,8.01,69.87,42.48,56.52,8.03
266.97,39.30,19.93,22.19,8.01,69.87,42.48,56.66,8.03
266.98,39.30,19.90,22.19,8.00,69.87,42.48,56.66,8.05
266.99,39.30,19.90,22.19,8.00,69.87,42.39,56.66,8.04
267.00,39.30,19.90,22.19,8.01,70.08,42.48,56.52,8.05
267.01,39.30,19.90,22.19,8.01,69.87,42.48,56.52,8.03
267.02,39.30,19.93,22.19,8.00,69.87,42.48,56.66,8.03
267.03,39.30,19.93,22.19,8.01,69.87,42.48,56.52,8.04
267.04,39.30,19.93,22.19,8.01,69.87,42.48,56.66,8.04
267.05,39.30,19.96,22.19,8.00,69.87,42.48,56.66,8.03
267.06,39.30,19.90,22.19,8.01,69.87,42.48,56.66,8.03
267.07,39.30,19.90,22.19,8.02,69.87,42.48,56.66,8.03
267.08,39.30,19.93,22.22,8.01,69.87,42.48,56.66,8.03
267.09,39.30,19.93,22.19,8.00,69.87,42.48,56.66,8.04
267.10,39.30,19.93,22.19,8.02,69.87,42.48,56.66,8.04
267.11,39.30,19.93,22.19,8.00,69.87,42.39,56.66,8.03
267.12,39.30,19.93,22.19,8.01,69.87,42.48,56.66,8.03
267.13,39.30,19.93,22.19,8.00,69.87,42.48,56.66,8.03
267.14,39.30,19.90,22.19,8.01,69.87,42.48,56.66,8.05
267.15,39.30,19.90,22.19,8.01,69.87,42.48,56.66,8.03
267.16,39.30,19.93,22.19,8.01,69.87,42.48,56.66,8.03
267.17,39.30,19.93,22.19,8.00,70.08,42.48,56.66,8.05
267.18,39.30,19.93,22.19,8.00,69.87,42.48,56.66,8.04
267.19,39.30,19.90,22.19,8.01,70.08,42.48,56.52,8.03
267.20,39.30,19.88,22.22,8.01,70.08,42.48,56.66,8.03
267.21,39.38,19.93,22.22,8.00,69.87,42.57,56.66,8.03
267.22,39.38,19.90,22.19,8.00,69.87,42.48,56.52,8.04
267.23,39.30,19.90,22.19,8.01,70.08,42.57,56.66,8.03
267.24,39.30,19.90,22.19,8.01,69.87,42.57,56.66,8.03
267.25,39.30,19.90,22.19,8.02,69.87,42.39,56.66,8.04
267.26,39.30,19.93,22.19,8.00,69.87,42.48,56.66,8.03
267.27,39.30,19.90,22.19,8.00,69.87,42.48,56.66,8.03
267.28,39.30,19.90,22.19,8.01,69.87,42.48,56.80,8.03
267.29,39.30,19.90,22.19,8.01,69.87,42.48,56.66,8.04
267.30,39.30,19.90,22.19,8.02,69.87,42.48,56.66,8.03
267.31,39.30,19.93,22.19,8.00,70.08,42.48,56.66,8.03
267.32,39.30,19.90,22.19,8.01,69.87,42.48,56.66,8.03
267.33,39.30,19.90,22.19,8.01,70.08,42.39,56.66,8.05
267.34,39.30,19.90,22.19,8.01,69.87,42.48,56.66,8.04
267.35,39.30,19.90,22.19,8.02,69.87,42.48,56.66,8.03
267.36,39.30,19.88,22.19,8.00,69.87,42.48,56.66,8.03
267.37,39.38,19.93,22.19,8.00,69.87,42.48,56.66,8.03
267.38,39.30,19.90,22.19,8.01,69.87,42.48,56.66,8.03
267.39,39.30,19.93,22.22,8.01,69.87,42.48,56.52,8.03
267.40,39.30,19.90,22.19,8.00,69.87,42.39,56.52,8.04
267.41,39.22,19.93,22.19,8.00,69.87,42.48,56.52,8.03
267.42,39.30,19.90,22.19,8.00,69.87,42.48,56.66,8.04
267.43,39.30,19.93,22.22,8.01,69.87,42.57,56.66,8.04
267.44,39.30,19.90,22.19,8.01,69.87,42.48,56.52,8.03
267.45,39.30,19.90,22.19,8.00,69.87,42.48,56.66,8.03
267.46,39.30,19.90,22.19,8.00,69.87,42.48,56.66,8.03
267.47,39.22,19.90,22.19,8.00,69.87,42.48,56.66,8.04
267.48,39.30,19.90,22.19,8.00,69.87,42.48,56.66,8.04
267.49,39.30,19.90,22.22,8.01,69.87,42.57,56.52,8.05
267.50,39.30,19.96,22.19,8.01,69.87,42.48,56.66,8.03
267.51,39.30,19.90,22.19,8.01,70.08,42.48,56.66,8.03
267.52,39.30,19.93,22.22,8.01,69.87,42.48,56.66,8.03
267.53,39.30,19.90,22.22,8.01,70.08,42.39,56.66,8.03
267.54,39.30,19.90,22.22,8.01,69.87,42.48,56.66,8.03
267.55,39.30,19.93,22.19,8.01,69.87,42.57,56.66,8.03
267.56,39.30,19.93,22.19,8.01,69.87,42.57,56.66,8.03
267.57,39.30,19.93,22.19,8.01,69.87,42.48,56.66,8.03
267.58,39.30,19.90,22.19,8.02,69.87,42.48,56.66,8.03
267.59,39.30,19.90,22.22,8.01,69.87,42.48,56.66,8.03
267.60,39.30,19.90,22.19,8.01,69.87,42.48,56.66,8.04
267.61,39.30,19.90,22.22,8.01,70.08,42.48,56.66,8.03
267.62,39.30,19.96,22.19,8.01,69.87,42.57,56.66,8.03
267.63,39.22,19.90,22.19,8.01,69.87,42.39,56.66,8.04
267.64,39.30,19.93,22.19,8.00,69.87,42.48,56.66,8.03
267.65,39.30,19.90,22.19,8.01,69.87,42.48,56.66,8.03
267.66,39.30,19.90,22.19,8.00,69.87,42.39,56.66,8.03
267.67,39.30,19.90,22.19,8.01,70.08,42.48,56.80,8.05
267.68,39.30,19.96,22.19,8.01,69.87,42.57,56.66,8.03
267.69,39.30,19.90,22.19,8.01,69.87,42.48,56.66,8.04
267.70,39.30,19.90,22.19,8.01,69.87,42.48,56.66,8.04
267.71,39.30,19.90,22.19,8.02,70.08,42.48,56.52,8.03
267.72,39.30,19.93,22.19,8.00,70.08,42.48,56.66,8.03
267.73,39.30,19.93,22.19,8.00,70.08,42.39,56.80,8.03
267.74,39.30,19.96,22.19,8.01,69.87,42.48,56.66,8.03
267.75,39.30,19.90,22.19,8.00,69.87,42.48,56.80,8.04
267.76,39.30,19.90,22.19,8.01,69.87,42.39,56.66,8.03
267.77,39.30,19.90,22.19,8.01,69.87,42.48,56.66,8.03
267.78,39.30,19.90,22.19,8.01,69.87,42.57,56.66,8.03
267.79,39.30,19.90,22.22,8.02,70.08,42.39,56.66,8.03
267.80,39.30,19.93,22.19,8.02,69.87,42.48,56.66,8.03
267.81,39.30,19.93,22.19,8.01,69.87,42.39,56.66,8.05
267.82,39.30,19.90,22.22,8.01,69.87,42.57,56.66,8.03
267.83,39.30,19.93,22.19,8.01,69.87,42.48,56.52,8.03
267.84,39.30,19.90,22.19,8.01,69.87,42.48,56.66,8.04
267.85,39.30,19.90,22.19,8.01,70.08,42.48,56.66,8.04
267.86,39.30,19.93,22.19,8.01,70.08,42.48,56.66,8.03
267.87,39.30,19.90,22.22,8.01,69.87,42.48,56.66,8.03
267.88,39.38,19.96,22.19,8.00,70.08,42.48,56.66,8.03
267.89,39.22,19.93,22.19,8.01,69.87,42.57,56.66,8.03
267.90,39.38,19.90,22.19,8.01,69.87,42.48,56.66,8.04
267.91,39.38,19.90,22.22,8.01,69.87,42.48,56.66,8.03
267.92,39.30,19.90,22.19,8.01,69.87,42.57,56.66,8.03
267.93,39.30,19.93,22.22,8.00,69.87,42.48,56.66,8.03
267.94,39.30,19.90,22.19,8.01,69.87,42.57,56.66,8.04
267.95,39.30,19.93,22.19,8.00,69.87,42.48,56.66,8.04
267.96,39.38,19.93,22.19,8.01,70.08,42.57,56.66,8.03
267.97,39.30,19.90,22.19,8.02,70.08,42.48,56.66,8.03
267.98,39.30,19.93,22.19,8.00,69.87,42.48,56.66,8.05
267.99,39.22,19.90,22.19,8.00,70.28,42.57,56.52,8.03
268.00,39.30,19.90,22.19,8.00,69.87,42.48,56.66,8.03
268.01,39.30,19.90,22.19,8.01,70.08,42.57,56.66,8.03
268.02,39.30,19.90,22.19,8.01,69.87,42.48,56.52,8.04
268.03,39.30,19.90,22.19,8.02,70.08,42.48,56.66,8.03
268.04,39.30,19.93,22.19,8.01,70.08,42.48,56.52,8.03
268.05,39.38,19.90,22.19,8.01,69.87,42.57,56.80,8.05
268.06,39.30,19.93,22.19,8.01,69.87,42.48,56.80,8.04
268.07,39.30,19.93,22.19,8.02,70.08,42.57,56.66,8.03
268.08,39.30,19.90,22.19,8.00,69.87,42.48,56.66,8.04
268.09,39.30,19.90,22.19,8.01,69.87,42.57,56.80,8.03
268.10,39.30,19.93,22.22,8.01,70.08,42.48,56.66,8.04
268.11,39.30,19.93,22.19,8.01,70.08,42.48,56.66,8.05
268.12,39.30,19.90,22.19,8.01,69.87,42.48,56.66,8.05
268.13,39.30,19.93,22.19,8.02,70.08,42.48,56.66,8.04
268.14,39.30,19.93,22.19,8.01,69.87,42.48,56.66,8.04
268.15,39.30,19.93,22.19,8.01,69.87,42.57,56.66,8.04
268.16,39.30,19.90,22.19,8.01,69.87,42.57,56.66,8.04
268.17,39.30,19.93,22.19,8.01,69.87,42.48,56.66,8.03
268.18,39.30,19.90,22.19,8.02,70.08,42.48,56.66,8.03
268.19,39.30,19.90,22.19,8.00,69.87,42.57,56.66,8.04
268.20,39.30,19.93,22.22,8.01,69.87,42.48,56.66,8.04
268.21,39.30,19.90,22.22,8.01,69.87,42.57,56.66,8.04
268.22,39.30,19.93,22.19,8.01,69.87,42.48,56.80,8.03
268.23,39.30,19.90,22.19,8.00,69.87,42.48,56.66,8.03
268.24,39.38,19.90,22.19,8.01,69.87,42.48,56.66,8.04
268.25,39.30,19.93,22.19,8.01,69.87,42.48,56.66,8.04
268.26,39.30,19.90,22.19,8.00,69.87,42.48,56.66,8.05
268.27,39.30,19.93,22.19,8.02,69.87,42.57,56.66,8.05
268.28,39.30,19.93,22.19,8.00,69.87,42.48,56.80,8.04
268.29,39.30,19.90,22.19,8.02,69.87,42.48,56.66,8.04
268.30,39.30,19.90,22.19,8.01,70.08,42.48,56.66,8.03
268.31,39.30,19.90,22.19,8.00,70.08,42.48,56.66,8.04
268.32,39.30,19.90,22.19,8.01,70.08,42.48,56.66,8.03
268.33,39.30,19.90,22.19,8.01,70.08,42.48,56.66,8.03
268.34,39.30,19.90,22.19,8.01,70.08,42.48,56.80,8.04
268.35,39.30,19.90,22.19,8.01,70.08,42.48,56.66,8.03
268.36,39.30,19.90,22.19,8.01,70.08,42.48,56.80,8.03
268.37,39.38,19.93,22.19,8.01,70.08,42.48,56.38,8.05
268.38,39.22,19.93,22.19,8.02,69.87,42.48,56.66,8.03
268.39,39.30,19.93,22.19,8.02,69.87,42.48,56.66,8.04
268.40,39.30,19.96,22.22,8.00,70.08,42.48,56.66,8.03
268.41,39.30,19.93,22.19,8.01,70.08,42.48,56.66,8.03
268.42,39.30,19.90,22.22,8.01,70.08,42.48,56.66,8.05
268.43,39.30,19.90,22.19,8.01,70.08,42.48,56.66,8.04
268.44,39.30,19.90,22.22,8.01,70.08,42.48,56.66,8.03
268.45,39.30,19.90,22.19,8.02,69.87,42.48,56.66,8.03
268.46,39.30,19.90,22.19,8.01,70.08,42.48,56.80,8.03
268.47,39.30,19.93,22.19,8.01,69.87,42.57,56.80,8.05
268.48,39.30,19.90,22.22,8.01,69.87,42.48,56.80,8.03
268.49,39.30,19.90,22.19,8.01,70.08,42.48,56.80,8.03
268.50,39.30,19.93,22.19,8.01,69.87,42.48,56.66,8.03
268.51,39.30,19.93,22.19,8.01,70.08,42.48,56.66,8.03
268.52,39.30,19.93,22.19,8.01,70.08,42.48,56.66,8.04
268.53,39.30,19.93,22.19,8.01,70.08,42.48,56.80,8.04
268.54,39.30,19.93,22.22,8.00,69.87,42.48,56.66,8.04
268.55,39.30,19.93,22.19,8.01,70.08,42.57,56.66,8.05
268.56,39.30,19.90,22.22,8.01,70.08,42.57,56.66,8.03
268.58,39.30,19.90,22.19,8.02,69.87,42.48,56.66,8.03
268.59,39.30,19.93,22.19,8.01,70.08,42.48,56.66,8.04
268.60,39.30,19.93,22.19,8.01,70.28,42.57,56.80,8.04
268.61,39.30,19.88,22.22,8.02,70.08,42.48,56.66,8.04
268.62,39.30,19.93,22.19,8.01,69.87,42.48,56.66,8.04
268.63,39.30,19.93,22.19,8.02,69.87,42.57,56.52,8.05
268.64,39.30,19.90,22.22,8.01,70.08,42.57,56.66,8.03
268.65,39.30,19.93,22.19,8.02,69.87,42.48,56.66,8.04
268.66,39.30,19.90,22.19,8.01,69.87,42.48,56.52,8.04
268.67,39.30,19.93,22.19,8.01,69.87,42.48,56.66,8.03
268.68,39.30,19.93,22.19,8.00,69.87,42.48,56.66,8.03
268.69,39.38,19.93,22.19,8.02,70.08,42.48,56.80,8.04
268.70,39.30,19.93,22.22,8.01,69.87,42.48,56.80,8.04
268.71,39.30,19.90,22.19,8.01,70.08,42.48,56.80,8.03
268.72,39.30,19.93,22.22,8.01,70.08,42.48,56.66,8.03
268.73,39.38,19.90,22.19,8.02,70.08,42.57,56.66,8.04
268.74,39.30,19.90,22.22,8.01,70.08,42.48,56.80,8.04
268.75,39.30,19.93,22.22,8.01,69.87,42.48,56.80,8.04
268.76,39.30,19.93,22.22,8.01,70.08,42.57,56.66,8.04
268.77,39.30,19.93,22.19,8.01,70.08,42.57,56.66,8.04
268.78,39.30,19.90,22.19,8.02,69.87,42.48,56.66,8.04
268.79,39.30,19.90,22.19,8.01,69.87,42.48,56.66,8.03
268.80,39.30,19.90,22.19,8.01,69.87,42.48,56.80,8.05
268.81,39.30,19.93,22.19,8.02,69.87,42.48,56.66,8.04
268.82,39.30,19.93,22.22,8.00,70.08,42.48,56.66,8.04
268.83,39.30,19.93,22.19,8.01,69.87,42.48,56.66,8.05
268.84,39.30,19.90,22.22,8.00,69.87,42.57,56.66,8.03
268.85,39.30,19.93,22.19,8.01,70.08,42.48,56.66,8.03
268.86,39.38,19.93,22.19,8.02,69.87,42.48,56.66,8.04
268.87,39.30,19.88,22.19,8.01,69.87,42.48,56.66,8.04
268.88,39.30,19.93,22.19,8.00,70.08,42.48,56.66,8.04
268.89,39.30,19.90,22.22,8.01,69.87,42.57,56.66,8.03
268.90,39.30,19.90,22.19,8.00,69.87,42.57,56.66,8.04
268.91,39.30,19.93,22.19,8.01,69.87,42.48,56.66,8.03
268.92,39.30,19.93,22.22,8.01,70.08,42.57,56.66,8.04
268.93,39.38,19.93,22.19,8.01,70.08,42.48,56.80,8.04
268.94,39.30,19.96,22.19,8.01,69.87,42.48,56.66,8.03
268.95,39.30,19.93,22.22,8.01,69.87,42.57,56.66,8.03
268.96,39.30,19.93,22.22,8.01,69.87,42.48,56.80,8.03
268.97,39.30,19.93,22.19,8.01,70.08,42.66,56.80,8.03
268.98,39.30,19.93,22.19,8.00,69.87,42.48,56.66,8.03
268.99,39.30,19.90,22.22,8.00,70.08,42.48,56.66,8.03
269.00,39.30,19.93,22.22,8.01,69.87,42.48,56.66,8.03
269.01,39.30,19.93,22.19,8.01,69.87,42.48,56.66,8.04
269.02,39.30,19.90,22.22,8.01,70.08,42.48,56.66,8.03
269.03,39.30,19.93,22.22,8.01,69.87,42.48,56.66,8.04
269.04,39.30,19.90,22.19,8.00,69.87,42.57,56.66,8.04
269.05,39.38,19.93,22.19,8.01,69.87,42.48,56.66,8.04
269.06,39.30,19.93,22.19,8.01,70.08,42.57,56.66,8.04
269.07,39.38,19.93,22.19,8.01,69.87,42.48,56.66,8.05
269.08,39.30,19.93,22.22,8.01,70.08,42.57,56.80,8.04
269.09,39.30,19.90,22.22,8.01,70.08,42.48,56.66,8.03
269.10,39.38,19.90,22.19,8.02,69.87,42.57,56.80,8.03
269.11,39.38,19.93,22.19,8.00,70.08,42.48,56.66,8.03
269.12,39.30,19.93,22.19,8.02,69.87,42.57,56.66,8.03
269.13,39.30,19.93,22.22,8.01,69.87,42.57,56.66,8.04
269.14,39.30,19.93,22.22,8.01,70.08,42.48,56.66,8.05
269.15,39.30,19.90,22.22,8.02,69.87,42.48,56.66,8.04
269.16,39.30,19.93,22.19,8.02,70.08,42.48,56.66,8.03
269.17,39.30,19.93,22.19,8.01,70.08,42.48,56.66,8.03
269.18,39.30,19.90,22.22,8.01,69.87,42.57,56.80,8.04
269.19,39.30,19.90,22.19,8.01,70.28,42.57,56.66,8.05
269.20,39.30,19.90,22.22,8.01,69.87,42.48,56.66,8.03
269.21,39.30,19.93,22.19,8.00,70.08,42.57,56.66,8.03
269.22,39.30,19.93,22.22,8.01,70.08,42.48,56.80,8.03
269.23,39.30,19.93,22.22,8.01,70.08,42.57,56.66,8.05
269.24,39.30,19.90,22.19,8.01,69.87,42.48,56.52,8.04
269.25,39.30,19.96,22.19,8.00,69.87,42.57,56.66,8.03
269.26,39.30,19.90,22.22,8.01,70.08,42.48,56.66,8.03
269.27,39.30,19.93,22.19,8.01,69.87,42.48,56.66,8.04
269.28,39.30,19.93,22.22,8.01,70.28,42.48,56.66,8.03
269.29,39.30,19.93,22.19,8.01,69.87,42.39,56.66,8.03
269.30,39.30,19.93,22.19,8.01,69.87,42.48,56.66,8.04
269.31,39.38,19.93,22.22,8.01,70.08,42.57,56.66,8.03
269.32,39.30,19.93,22.22,8.01,69.87,42.48,56.66,8.04
269.33,39.30,19.93,22.19,8.01,70.08,42.48,56.66,8.03
269.34,39.30,19.93,22.19,8.00,70.08,42.57,56.66,8.04
269.35,39.30,19.93,22.22,8.01,69.87,42.57,56.80,8.04
269.36,39.30,19.93,22.22,8.01,70.08,42.48,56.66,8.04
269.37,39.30,19.90,22.19,8.01,70.08,42.48,56.80,8.03
269.38,39.30,19.93,22.19,8.02,69.87,42.57,56.66,8.03
269.39,39.38,19.90,22.19,8.01,69.87,42.48,56.80,8.03
269.40,39.30,19.93,22.22,8.01,69.87,42.48,56.66,8.04
269.41,39.30,19.93,22.19,8.00,70.08,42.57,56.66,8.05
269.42,39.30,19.96,22.22,8.01,70.08,42.57,56.66,8.03
269.43,39.38,19.93,22.19,8.01,70.08,42.48,56.66,8.03
269.44,39.30,19.93,22.19,8.01,70.08,42.57,56.66,8.03
269.45,39.30,19.93,22.19,8.01,69.87,42.57,56.80,8.04
269.46,39.30,19.93,22.22,8.01,70.08,42.57,56.66,8.05
269.47,39.30,19.90,22.19,8.01,70.08,42.57,56.66,8.03
269.48,39.22,19.93,22.22,8.01,69.87,42.57,56.80,8.04
269.49,39.30,19.90,22.22,8.01,70.08,42.48,56.66,8.04
269.50,39.30,19.93,22.19,8.01,70.08,42.57,56.66,8.04
269.51,39.30,19.93,22.22,8.01,69.87,42.48,56.80,8.03
269.52,39.30,19.93,22.22,8.01,69.87,42.48,56.80,8.04
269.53,39.30,19.90,22.19,8.01,70.08,42.57,56.80,8.05
269.54,39.30,19.90,22.22,8.01,70.08,42.66,56.66,8.05
269.55,39.30,19.93,22.22,8.01,69.87,42.57,56.66,8.04
269.56,39.30,19.93,22.22,8.02,70.08,42.48,56.66,8.04
269.57,39.30,19.90,22.19,8.01,70.08,42.57,56.66,8.03
269.58,39.30,19.93,22.19,8.01,70.08,42.48,56.66,8.04
269.59,39.30,19.90,22.19,8.01,70.08,42.57,56.66,8.03
269.60,39.30,19.90,22.22,8.01,69.87,42.57,56.66,8.04
269.61,39.30,19.93,22.19,8.01,70.08,42.57,56.80,8.04
269.62,39.22,19.93,22.22,8.01,69.87,42.66,56.66,8.03
269.63,39.30,19.96,22.22,8.00,70.08,42.57,56.66,8.05
269.64,39.30,19.90,22.22,8.01,69.87,42.57,56.80,8.04
269.65,39.30,19.96,22.19,8.02,70.08,42.57,56.66,8.03
269.66,39.30,19.93,22.19,8.01,70.08,42.48,56.66,8.04
269.67,39.30,19.90,22.22,8.01,70.08,42.57,56.80,8.04
269.68,39.30,19.93,22.25,8.01,69.87,42.48,56.66,8.05
269.69,39.30,19.93,22.22,8.01,70.08,42.57,56.66,8.04
269.70,39.30,19.93,22.22,8.01,70.08,42.48,56.80,8.04
269.71,39.30,19.93,22.22,8.02,69.87,42.57,56.80,8.04
269.72,39.30,19.93,22.19,8.01,70.08,42.48,56.80,8.04
269.73,39.30,19.90,22.22,8.01,70.08,42.57,56.80,8.04
269.74,39.30,19.93,22.19,8.01,69.87,42.57,56.80,8.04
269.75,39.30,19.93,22.22,8.01,70.08,42.57,56.80,8.05
269.76,39.30,19.93,22.22,8.01,69.87,42.66,56.66,8.05
269.77,39.30,19.93,22.22,8.01,69.87,42.57,56.66,8.04
269.78,39.30,19.90,22.22,8.01,70.08,42.48,56.66,8.05
269.79,39.30,19.96,22.19,8.01,69.87,42.57,56.80,8.04
269.80,39.30,19.90,22.19,8.01,70.08,42.48,56.66,8.03
269.81,39.30,19.93,22.19,8.01,70.08,42.57,56.80,8.03
269.82,39.30,19.90,22.22,8.01,69.87,42.57,56.80,8.03
269.83,39.30,19.93,22.22,8.02,70.08,42.57,56.80,8.04
269.84,39.30,19.93,22.22,8.01,70.08,42.57,56.66,8.04
269.85,39.38,19.96,22.22,8.01,70.08,42.48,56.66,8.03
269.86,39.30,19.93,22.22,8.00,70.08,42.48,56.66,8.04
269.87,39.30,19.90,22.22,8.01,69.87,42.57,56.66,8.03
269.88,39.38,19.93,22.22,8.01,69.87,42.48,56.66,8.03
269.89,39.38,19.93,22.22,8.02,69.87,42.57,56.66,8.04
269.90,39.30,19.93,22.19,8.01,69.87,42.57,56.66,8.04
269.91,39.30,19.93,22.19,8.01,70.08,42.57,56.80,8.04
269.92,39.22,19.93,22.22,8.01,69.87,42.57,56.66,8.05
269.93,39.30,19.93,22.22,8.02,70.08,42.57,56.80,8.04
269.94,39.30,19.93,22.22,8.01,69.87,42.48,56.66,8.03
269.95,39.30,19.93,22.19,8.01,70.08,42.57,56.80,8.04
269.96,39.22,19.90,22.19,8.01,70.08,42.48,56.66,8.04
269.97,39.30,19.90,22.19,8.04,69.87,42.66,56.66,8.04
269.98,39.30,19.93,22.22,8.01,70.08,42.57,56.80,8.04
269.99,39.22,19.93,22.19,8.01,70.08,42.48,56.80,8.05
270.00,39.30,19.90,22.22,8.01,70.08,42.57,56.80,8.04
270.01,39.30,19.93,22.22,8.01,70.08,42.48,56.66,8.04
270.02,39.30,19.90,22.19,8.01,69.87,42.57,56.80,8.03
270.03,39.30,19.93,22.22,8.02,69.87,42.48,56.66,8.03
270.04,39.22,19.90,22.22,8.01,70.28,42.48,56.80,8.03
270.05,39.30,19.90,22.22,8.01,70.08,42.48,56.66,8.04
270.06,39.30,19.90,22.22,8.02,70.08,42.57,56.66,8.03
270.07,39.30,19.96,22.22,8.02,70.08,42.57,56.66,8.04
270.08,39.30,19.88,22.22,8.01,70.08,42.57,56.66,8.04
270.09,39.30,19.99,22.22,8.01,70.08,42.57,56.66,8.03
270.10,39.30,19.93,22.22,8.04,69.87,42.57,56.66,8.04
270.11,39.30,19.93,22.19,8.01,69.87,42.57,56.80,8.03
270.12,39.30,19.93,22.22,8.00,70.08,42.48,56.66,8.05
270.13,39.30,19.90,22.22,8.01,70.08,42.57,56.80,8.03
270.14,39.30,19.93,22.22,8.01,70.08,42.48,56.80,8.04
270.15,39.30,19.93,22.22,8.01,70.08,42.48,56.66,8.03
270.16,39.30,19.93,22.19,8.01,70.08,42.57,56.80,8.03
270.17,39.30,19.90,22.19,8.01,70.08,42.48,56.80,8.04
270.18,39.30,19.90,22.22,8.02,69.87,42.48,56.66,8.04
270.19,39.30,19.90,22.22,8.01,70.08,42.57,56.80,8.03
270.20,39.38,19.93,22.22,8.02,69.87,42.57,56.66,8.03
270.21,39.30,19.93,22.19,8.00,70.08,42.48,56.80,8.04
270.22,39.30,19.90,22.19,8.02,70.08,42.48,56.80,8.04
270.23,39.30,19.93,22.22,8.01,70.08,42.57,56.80,8.03
270.24,39.30,19.93,22.22,8.01,70.08,42.48,56.80,8.03
270.25,39.22,19.93,22.22,8.01,69.87,42.57,56.66,8.04
270.26,39.30,19.93,22.22,8.02,69.87,42.57,56.66,8.05
270.27,39.30,19.93,22.19,8.00,70.08,42.48,56.66,8.03
270.28,39.30,19.93,22.19,8.01,69.87,42.48,56.66,8.04
270.29,39.30,19.93,22.22,8.01,70.08,42.57,56.66,8.04
270.30,39.30,19.96,22.22,8.01,70.08,42.57,56.66,8.05
270.31,39.30,19.90,22.25,8.01,70.08,42.48,56.66,8.04
270.32,39.30,19.93,22.19,8.02,70.08,42.57,56.66,8.04
270.33,39.38,19.90,22.19,8.02,69.87,42.48,56.80,8.04
270.34,39.30,19.93,22.22,8.01,70.08,42.57,56.80,8.04
270.35,39.30,19.93,22.22,8.01,70.08,42.48,56.66,8.04
270.36,39.30,19.90,22.19,8.01,69.87,42.48,56.80,8.03
270.37,39.30,19.93,22.22,8.01,70.08,42.48,56.66,8.04
270.38,39.30,19.93,22.22,8.01,70.08,42.48,56.66,8.03
270.39,39.30,19.90,22.22,8.01,70.08,42.57,56.80,8.04
270.40,39.30,19.93,22.19,8.01,70.08,42.66,56.80,8.04
270.41,39.30,19.96,22.19,8.01,70.08,42.57,56.80,8.03
270.42,39.30,19.93,22.19,8.01,70.08,42.48,56.52,8.04
270.43,39.30,19.93,22.19,8.01,69.87,42.48,56.66,8.04
270.44,39.30,19.93,22.19,8.01,69.87,42.48,56.80,8.04
270.45,39.22,19.93,22.22,8.01,70.08,42.57,56.66,8.04
270.46,39.30,19.93,22.22,8.01,70.08,42.48,56.80,8.04
270.47,39.30,19.93,22.19,8.02,70.08,42.48,56.80,8.03
270.48,39.30,19.93,22.22,8.01,70.08,42.57,56.66,8.04
270.49,39.30,19.93,22.22,8.01,70.08,42.66,56.66,8.05
270.50,39.30,19.90,22.22,8.01,70.08,42.57,56.66,8.04
270.51,39.30,19.93,22.22,8.01,70.08,42.48,56.80,8.05
270.52,39.30,19.93,22.19,8.02,70.08,42.57,56.80,8.04
270.53,39.38,19.93,22.19,8.01,70.08,42.57,56.80,8.03
270.54,39.30,19.90,22.19,8.01,70.08,42.57,56.66,8.03
270.55,39.30,19.93,22.25,8.01,69.87,42.57,56.66,8.03
270.56,39.30,19.93,22.22,8.01,70.08,42.57,56.66,8.04
270.57,39.30,19.93,22.22,8.01,70.08,42.57,56.66,8.05
270.58,39.30,19.93,22.19,8.01,70.08,42.57,56.66,8.03
270.59,39.30,19.90,22.19,8.01,70.08,42.57,56.80,8.04
270.60,39.30,19.93,22.22,8.01,69.87,42.57,56.66,8.04
270.61,39.30,19.93,22.22,8.00,70.08,42.57,56.80,8.04
270.62,39.30,19.93,22.19,8.01,70.08,42.57,56.66,8.04
270.63,39.30,19.93,22.22,8.01,70.08,42.57,56.66,8.03
270.64,39.30,19.93,22.22,8.02,70.08,42.48,56.80,8.05
270.65,39.30,19.93,22.19,8.01,70.08,42.57,56.80,8.05
270.66,39.30,19.93,22.19,8.01,70.08,42.57,56.66,8.03
270.67,39.30,19.90,22.19,8.01,69.87,42.48,56.66,8.05
270.68,39.30,19.90,22.19,8.00,69.87,42.57,56.66,8.04
270.69,39.30,19.93,22.19,8.01,70.08,42.57,56.66,8.03
270.70,39.30,19.93,22.19,8.02,70.08,42.57,56.80,8.04
270.71,39.30,19.93,22.19,8.00,70.08,42.48,56.66,8.04
270.72,39.30,19.93,22.19,8.02,69.87,42.57,56.80,8.04
270.73,39.30,19.93,22.22,8.01,70.08,42.57,56.80,8.03
270.74,39.30,19.93,22.22,8.01,70.08,42.57,56.66,8.05
270.75,39.30,19.93,22.19,8.02,70.08,42.48,56.66,8.03
270.76,39.30,19.90,22.22,8.02,70.08,42.57,56.80,8.03
270.77,39.30,19.90,22.19,8.02,70.08,42.57,56.66,8.04
270.78,39.30,19.90,22.22,8.00,69.87,42.48,56.66,8.05
270.79,39.30,19.90,22.19,8.02,70.08,42.57,56.80,8.04
270.80,39.30,19.90,22.22,8.01,70.08,42.48,56.80,8.04
270.81,39.30,19.93,22.19,8.01,70.08,42.48,56.66,8.03
270.82,39.30,19.93,22.19,8.01,70.08,42.48,56.66,8.05
270.83,39.30,19.90,22.22,8.01,70.08,42.57,56.66,8.05
270.84,39.38,19.93,22.19,8.01,69.87,42.57,56.66,8.04
270.85,39.30,19.90,22.22,8.02,69.87,42.57,56.66,8.04
270.86,39.30,19.90,22.22,8.02,70.08,42.57,56.66,8.04
270.87,39.30,19.93,22.19,8.01,70.08,42.66,56.66,8.04
270.88,39.22,19.90,22.19,8.01,70.08,42.57,56.66,8.04
270.89,39.38,19.93,22.22,8.01,70.08,42.66,56.66,8.04
270.90,39.30,19.93,22.22,8.00,70.08,42.48,56.66,8.05
270.91,39.30,19.93,22.19,8.01,70.08,42.57,56.66,8.04
270.92,39.30,19.93,22.22,8.00,70.08,42.57,56.66,8.05
270.93,39.30,19.90,22.22,8.02,70.08,42.57,56.80,8.05
270.94,39.30,19.93,22.19,8.01,70.08,42.57,56.66,8.04
270.95,39.30,19.93,22.22,8.02,70.28,42.57,56.80,8.04
270.96,39.30,19.90,22.22,8.01,70.08,42.57,56.80,8.03
270.97,39.30,19.90,22.22,8.02,69.87,42.48,56.80,8.04
270.98,39.38,19.88,22.19,8.01,70.08,42.57,56.66,8.03
270.99,39.30,19.93,22.22,8.01,70.08,42.57,56.66,8.04
271.00,39.30,19.93,22.19,8.01,70.08,42.57,56.66,8.05
271.01,39.30,19.90,22.22,8.01,70.08,42.57,56.66,8.05
271.02,39.30,19.90,22.19,8.01,70.08,42.57,56.80,8.05
271.03,39.30,19.90,22.22,8.02,70.08,42.57,56.66,8.04
271.04,39.30,19.93,22.19,8.01,70.08,42.57,56.66,8.04
271.05,39.30,19.96,22.19,8.01,70.08,42.57,56.80,8.05
271.06,39.30,19.90,22.19,8.00,70.08,42.57,56.80,8.04
271.07,39.30,19.93,22.19,8.01,69.87,42.57,56.66,8.04
271.08,39.30,19.90,22.22,8.01,69.87,42.66,56.66,8.03
271.09,39.30,19.93,22.22,8.01,70.08,42.57,56.80,8.03
271.10,39.22,19.90,22.19,8.01,70.08,42.57,56.66,8.04
271.11,39.38,19.93,22.22,8.01,70.08,42.57,56.66,8.05
271.12,39.30,19.96,22.19,8.01,69.87,42.48,56.66,8.05
271.13,39.30,19.90,22.22,8.02,70.08,42.57,56.66,8.04
271.14,39.30,19.93,22.19,8.01,70.08,42.48,56.80,8.03
271.15,39.38,19.93,22.19,8.01,70.08,42.57,56.80,8.03
271.16,39.30,19.90,22.19,8.01,70.08,42.57,56.66,8.04
271.17,39.30,19.96,22.22,8.02,70.08,42.66,56.80,8.03
271.18,39.30,19.90,22.22,8.02,69.87,42.57,56.80,8.04
271.19,39.30,19.93,22.19,8.01,70.08,42.57,56.80,8.04
271.20,39.30,19.90,22.19,8.02,70.08,42.57,56.66,8.03
271.21,39.30,19.93,22.22,8.00,70.08,42.48,56.66,8.03
271.22,39.30,19.93,22.22,8.02,70.08,42.57,56.80,8.04
271.23,39.30,19.93,22.19,8.02,70.08,42.57,56.66,8.03
271.24,39.30,19.93,22.19,8.01,70.08,42.57,56.80,8.04
271.25,39.30,19.93,22.22,8.01,70.08,42.57,56.66,8.03
271.26,39.30,19.93,22.22,8.01,69.87,42.57,56.66,8.05
271.27,39.30,19.90,22.22,8.01,70.08,42.57,56.80,8.05
271.28,39.30,19.93,22.22,8.02,70.08,42.57,56.66,8.03
271.29,39.30,19.93,22.19,8.01,70.08,42.57,56.66,8.03
271.30,39.30,19.93,22.19,8.02,70.08,42.57,56.66,8.03
271.31,39.38,19.93,22.19,8.01,69.87,42.57,56.80,8.03
271.32,39.38,19.93,22.22,8.01,69.87,42.57,56.66,8.04
271.33,39.30,19.90,22.19,8.02,70.08,42.48,56.66,8.04
271.34,39.30,19.93,22.22,8.01,70.08,42.57,56.80,8.03
271.35,39.30,19.90,22.22,8.01,69.87,42.39,56.66,8.05
271.36,39.30,19.93,22.22,8.01,70.08,42.57,56.80,8.05
271.37,39.38,19.90,22.22,8.01,70.08,42.66,56.66,8.03
271.38,39.30,19.93,22.22,8.00,69.87,42.48,56.80,8.03
271.39,39.38,19.90,22.19,8.01,70.28,42.66,56.80,8.04
271.40,39.30,19.93,22.22,8.02,70.08,42.66,56.80,8.04
271.41,39.38,19.93,22.22,8.01,70.08,42.57,56.66,8.04
271.42,39.30,19.93,22.22,8.01,70.08,42.57,56.66,8.03
271.43,39.30,19.93,22.19,8.01,70.08,42.57,56.66,8.04
271.44,39.30,19.90,22.19,8.02,70.08,42.48,56.80,8.03
271.45,39.30,19.90,22.22,8.01,69.87,42.57,56.66,8.04
271.46,39.30,19.93,22.22,8.02,70.08,42.66,56.66,8.05
271.47,39.38,19.90,22.22,8.02,70.08,42.48,56.66,8.03
271.48,39.30,19.93,22.19,8.01,70.08,42.57,56.80,8.05
271.49,39.30,19.90,22.22,8.01,69.87,42.57,56.80,8.04
271.50,39.38,19.90,22.22,8.02,70.28,42.66,56.80,8.04
271.51,39.38,19.90,22.19,8.01,70.08,42.57,56.80,8.04
271.52,39.30,19.90,22.25,8.02,70.08,42.57,56.80,8.04
271.53,39.30,19.93,22.22,8.01,70.08,42.57,56.66,8.05
271.54,39.30,19.90,22.22,8.01,69.87,42.57,56.80,8.04
271.55,39.30,19.93,22.22,8.01,70.08,42.66,56.66,8.04
271.56,39.30,19.90,22.22,8.01,70.28,42.57,56.80,8.03
271.57,39.30,19.90,22.22,8.01,69.87,42.57,56.66,8.05
271.58,39.30,19.90,22.19,8.01,70.08,42.57,56.66,8.03
271.59,39.30,19.93,22.22,8.02,70.08,42.57,56.80,8.04
271.60,39.38,19.93,22.19,8.01,70.08,42.57,56.66,8.04
271.61,39.30,19.96,22.22,8.02,70.08,42.57,56.80,8.05
271.62,39.22,19.93,22.19,8.01,70.08,42.66,56.80,8.05
271.63,39.30,19.96,22.22,8.00,70.08,42.57,56.80,8.04
271.64,39.38,19.93,22.22,8.01,70.08,42.57,56.66,8.05
271.65,39.30,19.96,22.22,8.01,70.28,42.57,56.80,8.05
271.66,39.30,19.90,22.22,8.01,70.08,42.66,56.80,8.04
271.67,39.30,19.93,22.22,8.02,70.08,42.57,56.80,8.04
271.68,39.30,19.90,22.19,8.01,70.08,42.57,56.80,8.03
271.69,39.30,19.90,22.22,8.01,70.08,42.57,56.80,8.04
271.70,39.30,19.90,22.22,8.01,70.08,42.57,56.80,8.04
271.71,39.30,19.93,22.22,8.02,70.08,42.57,56.80,8.04
271.72,39.38,19.93,22.22,8.01,70.08,42.57,56.66,8.05
271.73,39.30,19.90,22.22,8.01,70.08,42.57,56.80,8.05
271.74,39.38,19.90,22.19,8.01,70.08,42.57,56.80,8.04
271.75,39.30,19.90,22.22,8.01,70.28,42.57,56.80,8.04
271.76,39.30,19.93,22.19,8.01,70.08,42.48,56.80,8.05
271.77,39.30,19.93,22.22,8.01,70.08,42.57,56.80,8.04
271.78,39.38,19.93,22.19,8.01,70.08,42.66,56.80,8.04
271.79,39.30,19.93,22.22,8.01,70.08,42.57,56.80,8.04
271.80,39.30,19.93,22.22,8.01,70.08,42.48,56.80,8.04
271.81,39.30,19.93,22.22,8.01,70.08,42.57,56.80,8.04
271.82,39.38,19.93,22.22,8.04,70.08,42.57,56.80,8.04
271.83,39.30,19.93,22.19,8.01,70.08,42.57,56.66,8.04
271.84,39.30,19.93,22.22,8.01,70.08,42.57,56.80,8.04
271.85,39.38,19.93,22.25,8.01,70.08,42.57,56.66,8.05
271.86,39.38,19.93,22.22,8.01,70.08,42.57,56.80,8.04
271.87,39.38,19.93,22.22,8.01,70.08,42.57,56.80,8.04
271.88,39.38,19.93,22.19,8.01,70.08,42.57,56.80,8.05
271.89,39.30,19.90,22.22,8.02,70.08,42.57,56.52,8.04
271.90,39.38,19.93,22.19,8.01,70.08,42.66,56.80,8.04
271.91,39.30,19.93,22.22,8.01,70.08,42.57,56.80,8.04
271.92,39.30,19.90,22.22,8.01,70.08,42.57,56.80,8.04
271.93,39.30,19.93,22.22,8.02,70.08,42.66,56.80,8.04
271.94,39.38,19.93,22.25,8.01,70.08,42.66,56.80,8.05
271.95,39.38,19.93,22.22,8.01,70.28,42.57,56.66,8.05
271.96,39.38,19.93,22.25,8.01,70.08,42.57,56.66,8.03
271.97,39.38,19.93,22.22,8.02,70.08,42.57,56.66,8.03
271.98,39.38,19.93,22.22,8.01,70.08,42.57,56.66,8.03
271.99,39.30,19.93,22.22,8.01,70.08,42.57,56.66,8.05
272.00,39.30,19.93,22.22,8.01,70.08,42.48,56.66,8.05
272.01,39.38,19.93,22.22,8.01,70.28,42.66,56.66,8.04
272.02,39.38,19.93,22.22,8.02,70.08,42.57,56.80,8.04
272.03,39.38,19.96,22.22,8.02,70.08,42.66,56.80,8.03
272.04,39.38,19.96,22.22,8.01,70.08,42.66,56.80,8.04
272.05,39.38,19.93,22.22,8.02,70.28,42.66,56.80,8.05
272.06,39.30,19.93,22.22,8.02,70.28,42.57,56.80,8.04
272.07,39.38,19.93,22.19,8.01,70.08,42.57,56.80,8.04
272.08,39.38,19.93,22.22,8.01,70.08,42.66,56.66,8.04
272.09,39.38,19.93,22.22,8.04,70.08,42.57,56.80,8.04
272.10,39.38,19.93,22.22,8.01,70.28,42.66,56.80,8.05
272.11,39.30,19.96,22.22,8.01,70.08,42.57,56.66,8.04
272.12,39.30,19.93,22.25,8.01,70.08,42.48,56.80,8.04
272.13,39.30,19.93,22.22,8.01,70.08,42.57,56.80,8.05
272.14,39.38,19.93,22.22,8.01,70.08,42.57,56.66,8.04
272.15,39.38,19.93,22.25,8.01,70.08,42.57,56.80,8.05
272.16,39.30,19.93,22.22,8.01,70.08,42.57,56.80,8.04
272.17,39.38,19.93,22.22,8.01,70.08,42.57,56.66,8.04
272.18,39.38,19.93,22.22,8.01,70.08,42.57,56.66,8.03
272.19,39.38,19.93,22.22,8.02,70.08,42.57,56.66,8.03
272.20,39.38,19.93,22.22,8.01,70.08,42.57,56.80,8.03
272.21,39.38,19.96,22.22,8.01,70.08,42.66,56.80,8.05
272.22,39.38,19.93,22.22,8.04,70.08,42.57,56.80,8.05
272.23,39.38,19.93,22.22,8.02,70.08,42.57,56.80,8.03
272.24,39.30,19.93,22.25,8.02,70.08,42.66,56.66,8.05
272.25,39.38,19.93,22.22,8.01,70.08,42.66,56.95,8.05
272.26,39.38,19.93,22.22,8.01,69.87,42.48,56.66,8.04
272.27,39.38,19.96,22.22,8.01,70.08,42.57,56.66,8.05
272.28,39.30,19.93,22.22,8.01,70.08,42.57,56.80,8.03
272.29,39.30,19.96,22.25,8.02,70.08,42.57,56.80,8.05
272.30,39.30,19.90,22.25,8.01,70.28,42.57,56.80,8.05
272.31,39.38,19.93,22.22,8.04,70.08,42.66,56.80,8.04
272.32,39.38,19.93,22.22,8.01,70.08,42.57,56.66,8.04
272.33,39.38,19.96,22.25,8.02,70.08,42.57,56.80,8.04
272.34,39.38,19.96,22.22,8.01,70.08,42.66,56.80,8.04
272.35,39.38,19.90,22.22,8.01,70.08,42.66,56.80,8.04
272.36,39.38,19.93,22.25,8.01,70.08,42.66,56.80,8.05
272.37,39.30,19.93,22.22,8.01,70.08,42.57,56.80,8.03
272.38,39.38,19.93,22.22,8.01,70.08,42.57,56.80,8.04
272.39,39.38,19.93,22.22,8.01,70.28,42.57,56.80,8.05
272.40,39.38,19.93,22.22,8.01,70.08,42.66,56.80,8.05
272.41,39.38,19.96,22.22,8.01,70.08,42.48,56.80,8.05
272.42,39.38,19.90,22.22,8.02,70.08,42.57,56.80,8.04
272.43,39.38,19.93,22.22,8.02,70.08,42.57,56.80,8.04
272.44,39.38,19.93,22.22,8.01,70.08,42.66,56.66,8.04
272.45,39.38,19.93,22.22,8.02,70.08,42.57,56.80,8.05
272.46,39.38,19.96,22.22,8.01,70.08,42.57,56.80,8.04
272.47,39.38,19.93,22.22,8.01,70.08,42.66,56.80,8.03
272.48,39.30,19.96,22.25,8.01,70.08,42.57,56.80,8.03
272.49,39.30,19.93,22.22,8.02,70.08,42.48,56.66,8.03
272.50,39.38,19.93,22.22,8.02,70.08,42.66,56.80,8.03
272.51,39.38,19.90,22.22,8.01,70.08,42.66,56.80,8.04
272.52,39.38,19.93,22.25,8.01,70.28,42.57,56.66,8.04
272.53,39.38,19.93,22.25,8.02,70.08,42.57,56.80,8.04
272.54,39.38,19.93,22.22,8.01,70.08,42.57,56.80,8.04
272.55,39.38,19.93,22.22,8.02,70.08,42.66,56.80,8.05
272.56,39.38,19.93,22.25,8.04,70.28,42.66,56.80,8.05
272.57,39.38,19.93,22.22,8.01,70.28,42.57,56.80,8.04
272.58,39.38,19.93,22.22,8.02,70.08,42.66,56.80,8.05
272.59,39.38,19.93,22.22,8.01,70.08,42.57,56.80,8.05
272.60,39.30,19.96,22.22,8.01,70.08,42.48,56.80,8.03
272.61,39.38,19.93,22.22,8.01,70.08,42.57,56.80,8.05
272.62,39.30,19.96,22.22,8.01,70.28,42.66,56.80,8.05
272.63,39.38,19.96,22.22,8.02,70.08,42.66,56.80,8.05
272.64,39.38,19.93,22.22,8.01,70.28,42.48,56.80,8.04
272.65,39.38,19.96,22.25,8.01,70.08,42.57,56.80,8.03
272.66,39.38,19.93,22.22,8.01,70.08,42.66,56.80,8.04
272.67,39.30,19.90,22.22,8.02,70.28,42.66,56.80,8.04
272.68,39.46,19.93,22.22,8.01,70.08,42.57,56.80,8.05
272.69,39.38,19.96,22.22,8.02,70.28,42.66,56.80,8.04
272.70,39.30,19.93,22.25,8.04,70.08,42.66,56.80,8.04
272.71,39.38,19.93,22.22,8.01,70.08,42.57,56.95,8.05
272.72,39.38,19.93,22.22,8.01,70.08,42.66,56.80,8.04
272.73,39.30,19.93,22.25,8.01,70.08,42.57,56.80,8.04
272.74,39.38,19.93,22.25,8.01,70.28,42.57,56.80,8.04
272.75,39.38,19.96,22.25,8.02,70.08,42.66,56.80,8.04
272.76,39.38,19.93,22.25,8.04,69.87,42.66,56.80,8.04
272.77,39.38,19.93,22.22,8.02,70.28,42.57,56.80,8.04
272.78,39.38,19.93,22.25,8.01,70.28,42.66,56.80,8.04
272.79,39.38,19.93,22.25,8.01,70.08,42.57,56.80,8.04
272.80,39.38,19.93,22.22,8.01,70.28,42.66,56.80,8.05
272.81,39.38,19.93,22.25,8.01,70.08,42.57,56.80,8.04
272.82,39.38,19.93,22.25,8.01,70.08,42.57,56.52,8.04
272.83,39.30,19.93,22.22,8.01,70.08,42.57,56.95,8.04
272.84,39.38,19.96,22.25,8.01,70.08,42.57,56.80,8.04
272.85,39.38,19.93,22.22,8.02,70.28,42.66,56.80,8.03
272.86,39.38,19.93,22.22,8.04,70.08,42.57,56.80,8.04
272.87,39.38,19.93,22.25,8.01,70.28,42.66,56.80,8.04
272.88,39.38,19.93,22.25,8.01,70.28,42.57,56.80,8.04
272.89,39.38,19.96,22.25,8.01,70.08,42.57,56.80,8.04
272.90,39.38,19.93,22.25,8.02,70.08,42.57,56.80,8.05
272.91,39.38,19.96,22.22,8.01,70.28,42.57,56.80,8.04
272.92,39.38,19.93,22.22,8.01,70.28,42.66,56.95,8.03
272.93,39.38,19.93,22.22,8.01,70.28,42.57,56.80,8.04
272.94,39.38,19.96,22.22,8.02,70.28,42.57,56.80,8.04
272.95,39.38,19.93,22.25,8.04,70.08,42.57,56.80,8.04
272.96,39.38,19.93,22.22,8.02,70.08,42.57,56.80,8.05
272.97,39.38,19.93,22.25,8.01,70.08,42.66,56.80,8.04
272.98,39.38,19.93,22.25,8.04,70.08,42.66,56.95,8.04
272.99,39.38,19.93,22.22,8.02,70.08,42.57,56.80,8.04
273.00,39.38,19.96,22.22,8.02,70.08,42.66,56.80,8.05
273.01,39.38,19.93,22.22,8.01,70.28,42.57,56.80,8.04
273.02,39.38,19.93,22.25,8.01,70.08,42.66,56.80,8.03
273.03,39.38,19.96,22.25,8.02,70.08,42.66,56.80,8.05
273.04,39.38,19.96,22.25,8.01,70.08,42.57,56.66,8.05
273.05,39.38,19.93,22.25,8.01,70.28,42.66,56.80,8.03
273.06,39.38,19.93,22.25,8.01,70.28,42.66,56.80,8.03
273.07,39.38,19.93,22.25,8.01,70.08,42.66,56.66,8.05
273.08,39.38,19.96,22.22,8.02,70.08,42.75,56.80,8.04
273.09,39.38,19.96,22.22,8.02,70.08,42.66,56.80,8.04
273.10,39.30,19.93,22.25,8.01,70.28,42.66,56.80,8.04
273.11,39.38,19.93,22.22,8.02,70.08,42.66,56.80,8.04
273.12,39.38,19.93,22.22,8.02,70.28,42.66,56.95,8.04
273.13,39.46,19.96,22.25,8.02,70.28,42.66,56.80,8.05
273.14,39.38,19.96,22.25,8.04,70.08,42.57,56.80,8.04
273.15,39.38,19.96,22.25,8.01,70.28,42.57,56.95,8.04
273.16,39.38,19.93,22.25,8.04,70.28,42.66,56.95,8.04
273.17,39.38,19.96,22.22,8.01,70.08,42.48,56.80,8.04
273.18,39.38,19.93,22.25,8.02,70.08,42.57,56.80,8.04
273.19,39.38,19.93,22.22,8.02,70.08,42.66,56.80,8.04
273.20,39.38,19.96,22.25,8.02,70.28,42.66,56.95,8.04
273.21,39.38,19.96,22.25,8.01,70.28,42.57,56.80,8.04
273.22,39.38,19.93,22.25,8.01,70.08,42.66,56.80,8.04
273.23,39.38,19.93,22.25,8.01,70.08,42.66,56.95,8.04
273.24,39.38,19.93,22.25,8.02,70.28,42.57,56.80,8.05
273.25,39.38,19.93,22.29,8.04,70.08,42.66,56.80,8.04
273.26,39.38,19.93,22.22,8.01,70.28,42.66,56.80,8.05
273.27,39.38,19.93,22.25,8.01,70.28,42.66,56.80,8.04
273.28,39.38,19.93,22.25,8.02,70.08,42.66,56.80,8.04
273.29,39.38,19.93,22.25,8.01,70.08,42.75,56.80,8.05
273.30,39.46,19.96,22.25,8.01,70.28,42.57,56.80,8.04
273.31,39.38,19.93,22.25,8.01,70.28,42.66,56.80,8.04
273.32,39.30,19.93,22.25,8.02,70.28,42.66,56.80,8.05
273.33,39.38,19.93,22.29,8.04,70.08,42.66,56.80,8.04
273.34,39.30,19.93,22.25,8.04,70.08,42.57,56.80,8.05
273.35,39.46,19.93,22.25,8.04,70.08,42.66,56.80,8.04
273.36,39.38,19.93,22.22,8.01,70.08,42.66,56.80,8.04
273.37,39.38,19.93,22.25,8.01,70.28,42.66,56.80,8.05
273.38,39.38,19.93,22.25,8.04,70.28,42.66,56.95,8.04
273.39,39.30,19.96,22.29,8.02,70.08,42.66,56.95,8.05
273.40,39.38,19.93,22.25,8.02,70.28,42.57,56.80,8.04
273.41,39.38,19.96,22.22,8.02,70.28,42.66,56.80,8.04
273.42,39.38,19.93,22.25,8.01,70.28,42.57,56.80,8.05
273.43,39.38,19.93,22.25,8.01,70.08,42.66,56.80,8.05
273.44,39.38,19.96,22.22,8.01,70.08,42.57,56.80,8.04
273.45,39.38,19.96,22.25,8.02,70.08,42.66,56.95,8.05
273.46,39.38,19.96,22.25,8.02,70.28,42.66,56.80,8.05
273.47,39.38,19.93,22.25,8.02,70.08,42.57,56.80,8.04
273.48,39.30,19.93,22.25,8.02,70.08,42.66,56.95,8.05
273.49,39.38,19.93,22.22,8.02,70.28,42.66,56.80,8.05
273.50,39.38,19.99,22.25,8.02,70.28,42.66,56.95,8.05
273.51,39.38,19.93,22.22,8.02,70.08,42.66,56.95,8.04
273.52,39.38,19.93,22.25,8.02,70.28,42.66,56.80,8.04
273.53,39.38,19.93,22.25,8.04,70.28,42.66,56.80,8.05
273.54,39.38,19.96,22.22,8.01,70.28,42.57,56.95,8.04
273.55,39.38,19.96,22.25,8.02,70.28,42.57,56.80,8.04
273.56,39.38,19.96,22.25,8.02,70.28,42.57,56.80,8.04
273.57,39.38,19.93,22.22,8.01,70.28,42.66,56.80,8.04
273.58,39.46,19.96,22.22,8.04,70.28,42.66,56.95,8.04
273.59,39.38,19.93,22.25,8.02,70.28,42.66,56.95,8.05
273.60,39.38,19.93,22.25,8.02,70.28,42.66,56.95,8.05
273.61,39.38,19.96,22.25,8.02,70.28,42.66,56.80,8.03
273.62,39.38,19.93,22.25,8.02,70.28,42.66,56.80,8.05
273.63,39.38,19.93,22.25,8.02,70.28,42.66,56.80,8.05
273.64,39.38,19.96,22.25,8.02,70.08,42.57,56.80,8.04
273.65,39.38,19.93,22.22,8.01,70.28,42.66,56.80,8.04
273.66,39.38,19.93,22.25,8.02,70.28,42.66,56.95,8.05
273.67,39.38,19.96,22.25,8.02,70.28,42.66,56.80,8.04
273.68,39.38,19.93,22.25,8.02,70.28,42.66,56.80,8.04
273.69,39.38,19.93,22.25,8.01,70.28,42.66,56.95,8.04
273.70,39.38,19.96,22.25,8.02,70.28,42.66,56.80,8.04
273.71,39.38,19.96,22.25,8.02,70.08,42.66,56.95,8.04
273.72,39.38,19.96,22.25,8.02,70.08,42.57,56.95,8.05
273.73,39.38,19.93,22.25,8.01,70.28,42.66,56.95,8.04
273.74,39.46,19.96,22.25,8.02,70.28,42.66,56.80,8.05
273.75,39.38,19.93,22.25,8.02,70.28,42.48,56.80,8.05
273.76,39.46,19.93,22.25,8.01,70.08,42.66,56.80,8.05
273.77,39.38,19.96,22.25,8.02,70.28,42.66,56.80,8.05
273.78,39.38,19.93,22.25,8.02,70.28,42.66,56.80,8.05
273.79,39.38,19.96,22.25,8.01,70.28,42.66,56.80,8.05
273.80,39.38,19.96,22.25,8.02,70.28,42.66,56.95,8.05
273.81,39.38,19.96,22.25,8.02,70.28,42.66,56.95,8.05
273.82,39.38,19.96,22.25,8.01,70.28,42.66,56.95,8.04
273.83,39.38,19.93,22.25,8.04,70.08,42.66,56.80,8.05
273.84,39.38,19.93,22.25,8.04,70.08,42.66,56.95,8.06
273.85,39.38,19.99,22.25,8.02,70.08,42.66,56.95,8.03
273.86,39.46,19.93,22.25,8.01,70.08,42.66,56.95,8.04
273.87,39.54,19.96,22.22,8.02,70.28,42.66,56.80,8.03
273.88,39.30,19.93,22.25,8.01,70.08,42.66,56.80,8.04
273.89,39.38,19.96,22.25,8.01,70.28,42.57,56.80,8.05
273.90,39.38,19.93,22.22,8.02,70.08,42.75,56.95,8.04
273.91,39.38,19.93,22.29,8.01,70.28,42.66,56.80,8.04
273.92,39.38,19.96,22.25,8.01,70.08,42.66,56.95,8.05
273.93,39.38,19.93,22.29,8.02,70.28,42.75,56.80,8.04
273.94,39.38,19.93,22.25,8.02,70.28,42.66,56.95,8.06
273.95,39.38,19.96,22.25,8.01,70.49,42.66,56.80,8.05
273.96,39.38,19.93,22.25,8.02,70.28,42.66,56.95,8.04
273.97,39.46,19.99,22.25,8.02,70.28,42.66,56.80,8.05
273.98,39.38,19.93,22.22,8.01,70.28,42.75,56.80,8.04
273.99,39.46,19.96,22.25,8.02,70.28,42.75,56.95,8.05
274.00,39.38,19.96,22.25,8.01,70.08,42.66,56.66,8.05
274.01,39.38,19.96,22.25,8.02,70.28,42.66,57.09,8.05
274.02,39.38,19.96,22.25,8.02,70.28,42.66,56.95,8.05
274.03,39.38,19.93,22.25,8.02,70.28,42.66,56.80,8.04
274.04,39.38,19.96,22.25,8.02,70.28,42.66,56.80,8.05
274.05,39.38,19.93,22.22,8.04,70.28,42.66,56.95,8.04
274.06,39.38,19.93,22.25,8.02,70.28,42.66,56.80,8.04
274.07,39.46,19.93,22.25,8.04,70.08,42.75,56.80,8.05
274.08,39.38,19.99,22.25,8.01,70.28,42.75,56.80,8.05
274.09,39.38,19.96,22.25,8.01,70.28,42.57,56.95,8.04
274.10,39.38,19.93,22.25,8.02,70.28,42.66,56.95,8.04
274.11,39.38,19.96,22.22,8.02,70.08,42.66,56.80,8.05
274.12,39.38,19.93,22.25,8.02,70.28,42.66,56.95,8.04
274.13,39.38,19.96,22.25,8.01,70.28,42.66,56.95,8.04
274.14,39.38,19.93,22.25,8.04,70.28,42.66,56.80,8.04
274.15,39.38,19.93,22.25,8.02,70.28,42.75,56.80,8.04
274.16,39.38,19.93,22.25,8.02,70.28,42.66,56.95,8.04
274.17,39.38,19.96,22.25,8.02,70.28,42.57,56.95,8.04
274.18,39.38,19.93,22.25,8.01,70.28,42.66,56.80,8.04
274.19,39.38,19.93,22.25,8.04,70.28,42.66,56.95,8.05
274.20,39.38,19.96,22.22,8.02,70.28,42.75,56.95,8.05
274.21,39.38,19.93,22.22,8.01,70.28,42.57,56.80,8.05
274.22,39.46,19.96,22.25,8.02,70.28,42.66,56.80,8.04
274.23,39.30,19.96,22.25,8.02,70.28,42.57,56.95,8.05
274.24,39.38,19.96,22.25,8.02,70.28,42.66,56.80,8.05
274.25,39.38,19.96,22.25,8.02,70.28,42.66,56.80,8.05
274.26,39.38,19.93,22.25,8.02,70.08,42.66,56.95,8.04
274.27,39.38,19.93,22.25,8.04,70.28,42.66,56.95,8.05
274.28,39.38,19.93,22.25,8.02,70.28,42.66,56.80,8.04
274.29,39.46,19.96,22.22,8.02,70.08,42.66,56.80,8.05
274.30,39.38,19.96,22.25,8.02,70.28,42.66,56.95,8.05
274.31,39.38,19.96,22.25,8.02,70.08,42.66,56.80,8.04
274.32,39.46,19.96,22.25,8.04,70.28,42.66,56.95,8.06
274.33,39.38,19.96,22.25,8.04,70.08,42.57,56.80,8.04
274.34,39.38,19.93,22.25,8.02,70.28,42.66,56.80,8.05
274.36,39.38,19.93,22.22,8.02,70.28,42.66,56.80,8.04
274.37,39.38,19.96,22.25,8.02,70.28,42.66,56.80,8.05
274.38,39.38,19.96,22.25,8.04,70.28,42.66,56.95,8.05
274.39,39.38,19.93,22.25,8.01,70.28,42.66,56.80,8.05
274.40,39.38,19.96,22.29,8.02,70.08,42.57,56.80,8.04
274.41,39.38,19.96,22.22,8.01,70.28,42.75,56.95,8.06
274.42,39.46,19.93,22.29,8.02,70.28,42.66,56.95,8.05
274.43,39.38,19.96,22.25,8.02,70.28,42.66,56.80,8.05
274.44,39.46,19.99,22.25,8.01,70.28,42.66,56.95,8.05
274.45,39.38,19.96,22.25,8.02,70.08,42.66,56.80,8.04
274.46,39.38,19.93,22.29,8.02,70.28,42.75,56.80,8.03
274.47,39.46,19.96,22.25,8.02,70.28,42.66,56.95,8.05
274.48,39.38,19.93,22.25,8.02,70.28,42.66,56.95,8.06
274.49,39.38,19.93,22.29,8.01,70.28,42.66,56.80,8.05
274.50,39.38,19.96,22.25,8.02,70.28,42.66,56.80,8.05
274.51,39.38,19.93,22.25,8.02,70.08,42.66,56.95,8.04
274.52,39.38,19.93,22.25,8.04,70.28,42.66,56.80,8.05
274.53,39.38,19.96,22.25,8.02,70.08,42.57,56.80,8.05
274.54,39.38,19.93,22.29,8.04,70.28,42.66,56.95,8.04
274.55,39.38,19.93,22.25,8.02,70.28,42.66,56.80,8.04
274.56,39.46,19.96,22.25,8.01,70.28,42.66,56.80,8.04
274.57,39.38,19.96,22.25,8.01,70.28,42.66,56.80,8.04
274.58,39.30,19.96,22.25,8.02,70.28,42.66,56.95,8.05
274.59,39.38,19.96,22.25,8.01,70.28,42.66,56.95,8.03
274.60,39.38,19.93,22.22,8.02,70.28,42.66,56.80,8.04
274.61,39.30,19.96,22.25,8.02,70.08,42.66,56.95,8.04
274.62,39.38,19.93,22.25,8.02,70.28,42.66,56.80,8.04
274.63,39.38,19.93,22.25,8.02,70.28,42.66,56.80,8.04
274.64,39.38,19.93,22.25,8.04,70.28,42.66,56.80,8.04
274.65,39.46,19.99,22.22,8.01,70.28,42.66,56.80,8.04
274.66,39.38,19.93,22.25,8.02,70.49,42.66,56.95,8.05
274.67,39.38,19.96,22.25,8.02,70.28,42.66,56.95,8.05
274.68,39.38,19.96,22.25,8.02,70.28,42.66,56.80,8.06
274.69,39.46,19.96,22.22,8.01,70.28,42.66,56.80,8.04
274.70,39.38,19.96,22.25,8.02,70.28,42.66,56.95,8.04
274.71,39.38,19.96,22.25,8.02,70.28,42.66,56.95,8.04
274.72,39.38,19.96,22.25,8.02,70.08,42.66,56.80,8.05
274.73,39.38,19.96,22.25,8.01,70.28,42.66,56.95,8.05
274.74,39.46,19.96,22.25,8.02,70.08,42.66,56.80,8.03
274.75,39.38,19.93,22.25,8.02,70.28,42.66,56.95,8.04
274.76,39.38,19.93,22.25,8.01,70.28,42.66,56.95,8.06
274.77,39.38,19.93,22.25,8.02,70.28,42.66,56.80,8.04
274.78,39.38,19.96,22.25,8.02,70.28,42.66,56.80,8.05
274.79,39.46,19.93,22.25,8.02,70.08,42.66,56.80,8.06
274.80,39.38,19.96,22.22,8.02,70.28,42.66,56.80,8.05
274.81,39.38,19.96,22.25,8.02,70.28,42.75,56.80,8.04
274.82,39.38,19.93,22.29,8.02,70.28,42.66,56.80,8.04
274.83,39.38,19.96,22.25,8.02,70.28,42.66,56.95,8.05
274.84,39.38,19.90,22.25,8.02,70.28,42.66,56.95,8.04
274.85,39.38,19.90,22.29,8.02,70.28,42.66,56.80,8.04
274.86,39.38,19.93,22.22,8.02,70.08,42.66,56.95,8.04
274.87,39.38,19.93,22.25,8.02,70.28,42.66,56.80,8.05
274.88,39.46,19.96,22.25,8.01,70.28,42.66,56.80,8.05
274.89,39.38,19.93,22.25,8.01,70.28,42.66,56.80,8.04
274.91,39.38,19.93,22.25,8.02,70.28,42.66,56.95,8.04
274.92,39.38,19.93,22.22,8.02,70.28,42.75,56.95,8.05
274.93,39.38,19.93,22.25,8.04,70.28,42.57,56.95,8.06
274.94,39.38,19.96,22.25,8.02,70.28,42.66,56.80,8.04
274.95,39.38,19.96,22.25,8.02,70.28,42.48,56.80,8.04
274.96,39.38,19.93,22.25,8.01,70.28,42.66,56.95,8.05
274.97,39.38,19.93,22.25,8.02,70.28,42.66,56.95,8.05
274.98,39.30,19.93,22.25,8.01,70.28,42.66,56.80,8.06
274.99,39.38,19.93,22.25,8.01,70.28,42.66,56.80,8.05
275.00,39.38,19.96,22.25,8.04,70.08,42.66,56.80,8.05
275.01,39.38,19.96,22.25,8.02,70.28,42.66,56.95,8.04
275.02,39.38,19.93,22.22,8.02,70.28,42.66,56.95,8.04
275.03,39.38,19.96,22.25,8.02,70.28,42.66,56.80,8.05
275.04,39.38,19.96,22.25,8.02,70.08,42.75,56.80,8.05
275.05,39.30,19.93,22.25,8.02,70.08,42.66,56.80,8.04
275.06,39.38,19.93,22.25,8.02,70.08,42.66,56.80,8.05
275.07,39.46,19.93,22.22,8.01,70.08,42.75,56.80,8.05
275.08,39.30,19.93,22.25,8.01,70.08,42.66,56.80,8.05
275.09,39.46,19.93,22.25,8.01,70.08,42.75,56.80,8.05
275.10,39.38,19.96,22.25,8.01,70.28,42.66,56.95,8.04
275.11,39.38,19.93,22.25,8.04,70.28,42.66,56.80,8.04
275.12,39.38,19.93,22.22,8.01,70.28,42.66,56.95,8.05
275.13,39.38,19.93,22.22,8.01,70.28,42.66,56.80,8.05
275.14,39.38,19.96,22.25,8.02,70.08,42.66,56.80,8.05
275.15,39.38,19.93,22.22,8.01,70.28,42.66,56.80,8.05
275.16,39.38,19.93,22.25,8.01,70.08,42.57,56.80,8.04
275.17,39.38,19.96,22.25,8.02,70.08,42.66,56.80,8.04
275.18,39.38,19.96,22.22,8.02,70.28,42.66,56.80,8.05
275.19,39.38,19.96,22.25,8.01,70.28,42.66,56.95,8.04
275.20,39.38,19.93,22.25,8.02,70.08,42.75,56.80,8.04
275.21,39.38,19.93,22.25,8.04,70.28,42.66,56.95,8.05
275.22,39.38,19.96,22.25,8.02,70.28,42.66,57.09,8.05
275.23,39.38,19.96,22.22,8.02,70.28,42.66,56.80,8.06
275.24,39.38,19.96,22.25,8.02,70.28,42.66,56.80,8.05
275.25,39.38,19.96,22.25,8.02,70.28,42.75,56.95,8.05
275.26,39.38,19.93,22.25,8.01,70.28,42.66,56.80,8.05
275.27,39.38,19.93,22.25,8.02,70.28,42.66,56.80,8.05
275.28,39.38,19.96,22.22,8.02,70.28,42.66,56.95,8.06
275.29,39.38,19.93,22.25,8.01,70.28,42.66,56.95,8.04
275.30,39.38,19.93,22.25,8.02,70.28,42.66,56.95,8.04
275.31,39.38,19.93,22.22,8.02,70.28,42.66,56.80,8.05
275.32,39.38,19.96,22.25,8.02,70.08,42.66,56.95,8.05
275.33,39.38,19.93,22.22,8.02,70.08,42.66,56.95,8.05
275.34,39.38,19.93,22.25,8.01,70.28,42.66,56.95,8.04
275.35,39.38,19.93,22.22,8.02,70.08,42.66,56.95,8.04
275.36,39.38,19.96,22.25,8.02,70.08,42.66,56.80,8.04
275.37,39.38,19.93,22.25,8.02,70.28,42.66,56.80,8.06
275.38,39.38,19.96,22.25,8.02,70.28,42.57,56.80,8.05
275.39,39.38,19.93,22.25,8.02,70.28,42.66,56.80,8.04
275.40,39.38,19.96,22.25,8.01,70.28,42.66,56.80,8.05
275.41,39.46,19.93,22.25,8.01,70.28,42.66,56.80,8.05
275.42,39.30,19.93,22.25,8.01,70.28,42.66,56.80,8.05
275.43,39.38,19.93,22.25,8.04,70.28,42.66,56.95,8.05
275.44,39.38,19.93,22.25,8.04,70.28,42.66,56.80,8.04
275.45,39.38,19.93,22.22,8.01,70.28,42.66,56.80,8.04
275.48,39.38,19.90,22.25,8.04,70.28,42.66,56.80,8.04
275.48,39.38,19.93,22.25,8.02,70.28,42.66,56.80,8.04
275.49,39.38,19.93,22.25,8.02,70.28,42.66,56.80,8.04
275.50,39.38,19.93,22.25,8.02,70.28,42.57,56.80,8.04
275.51,39.38,19.93,22.25,8.02,70.28,42.66,56.80,8.05
275.52,39.38,19.93,22.25,8.02,70.28,42.66,56.80,8.05
275.53,39.38,19.93,22.22,8.04,70.28,42.66,56.95,8.05
275.54,39.38,19.93,22.25,8.01,70.08,42.66,56.80,8.04
275.55,39.38,19.96,22.25,8.01,70.08,42.66,56.80,8.05
275.56,39.46,19.93,22.22,8.02,70.28,42.66,56.80,8.04
275.57,39.38,19.93,22.22,8.02,70.28,42.66,56.80,8.05
275.58,39.38,19.93,22.25,8.02,70.28,42.57,56.80,8.05
275.59,39.38,19.93,22.25,8.02,70.28,42.66,56.80,8.04
275.60,39.38,19.96,22.22,8.04,70.28,42.66,56.80,8.05
275.61,39.38,19.93,22.25,8.01,70.28,42.66,56.80,8.05
275.62,39.38,19.96,22.22,8.02,70.28,42.66,56.80,8.04
275.63,39.38,19.93,22.25,8.02,70.28,42.66,56.95,8.05
275.64,39.38,19.96,22.25,8.01,70.28,42.66,56.80,8.05
275.65,39.38,19.93,22.22,8.02,70.08,42.66,56.95,8.05
275.66,39.38,19.93,22.22,8.02,70.28,42.66,56.95,8.05
275.67,39.38,19.93,22.25,8.01,70.28,42.66,56.95,8.04
275.68,39.38,19.96,22.25,8.01,70.28,42.66,56.80,8.05
275.69,39.38,19.93,22.25,8.01,70.28,42.57,56.80,8.04
275.70,39.38,19.96,22.25,8.02,70.28,42.66,56.80,8.04
275.71,39.38,19.93,22.25,8.02,70.08,42.66,56.80,8.03
275.72,39.38,19.93,22.22,8.01,70.28,42.66,56.95,8.04
275.73,39.38,19.93,22.25,8.02,70.28,42.66,56.80,8.04
275.74,39.38,19.93,22.25,8.04,70.28,42.66,56.80,8.03
275.75,39.38,19.93,22.25,8.02,70.08,42.66,56.80,8.05
275.76,39.38,19.93,22.22,8.02,70.28,42.66,56.80,8.05
275.77,39.38,19.93,22.22,8.02,70.08,42.66,56.80,8.05
275.78,39.38,19.93,22.22,8.01,70.28,42.66,56.80,8.04
275.79,39.38,19.93,22.25,8.01,70.28,42.75,56.80,8.04
275.80,39.38,19.93,22.22,8.02,70.28,42.66,56.66,8.05
275.81,39.38,19.93,22.25,8.02,70.28,42.66,56.80,8.04
275.82,39.38,19.93,22.22,8.04,70.28,42.66,56.80,8.04
275.83,39.30,19.93,22.22,8.01,70.08,42.66,56.80,8.04
275.84,39.38,19.96,22.22,8.01,70.08,42.66,56.80,8.05
275.85,39.38,19.93,22.25,8.02,70.28,42.66,56.80,8.04
275.86,39.38,19.93,22.25,8.02,70.28,42.66,56.80,8.05
275.87,39.38,19.93,22.25,8.02,70.28,42.66,56.80,8.04
275.88,39.38,19.96,22.22,8.01,70.28,42.66,56.80,8.06
275.89,39.38,19.96,22.25,8.02,70.28,42.66,56.80,8.05
275.90,39.38,19.93,22.22,8.02,70.28,42.66,56.80,8.04
275.91,39.38,19.93,22.22,8.01,70.28,42.66,56.80,8.05
275.92,39.38,19.93,22.22,8.02,70.28,42.57,56.80,8.04
275.93,39.38,19.93,22.22,8.02,70.08,42.66,56.95,8.05
275.94,39.38,19.93,22.22,8.04,70.28,42.57,56.95,8.04
275.95,39.38,19.90,22.25,8.01,70.28,42.57,56.80,8.06
275.96,39.38,19.93,22.22,8.02,70.28,42.66,56.95,8.04
275.97,39.38,19.96,22.25,8.02,70.08,42.66,56.95,8.05
275.98,39.38,19.93,22.25,8.02,70.28,42.66,56.95,8.05
275.99,39.38,19.93,22.25,8.01,70.28,42.75,56.80,8.04
276.00,39.38,19.96,22.25,8.04,70.08,42.66,56.80,8.04
276.01,39.38,19.93,22.22,8.04,70.28,42.66,56.80,8.05
276.02,39.38,19.93,22.22,8.04,70.28,42.57,56.80,8.05
276.03,39.38,19.93,22.25,8.04,70.28,42.66,56.80,8.04
276.04,39.38,19.96,22.25,8.02,70.28,42.66,56.80,8.04
276.05,39.38,19.90,22.22,8.02,70.28,42.66,56.80,8.06
276.06,39.38,19.96,22.22,8.04,70.28,42.75,56.80,8.04
276.07,39.38,19.96,22.25,8.01,70.28,42.66,56.80,8.06
276.08,39.38,19.93,22.25,8.01,70.28,42.66,56.80,8.05
276.09,39.38,19.93,22.25,8.02,70.28,42.66,56.80,8.04
276.10,39.38,19.93,22.25,8.02,70.28,42.66,56.80,8.05
276.11,39.38,19.96,22.25,8.02,70.08,42.66,56.95,8.05
276.12,39.38,19.93,22.22,8.02,70.28,42.66,56.80,8.04
276.13,39.38,19.96,22.22,8.01,70.28,42.57,56.80,8.04
276.14,39.38,19.93,22.29,8.02,70.28,42.66,56.95,8.05
276.15,39.38,19.93,22.25,8.01,70.28,42.48,56.80,8.05
276.16,39.38,19.93,22.25,8.01,70.28,42.66,56.80,8.04
276.17,39.38,19.93,22.25,8.02,70.28,42.57,56.80,8.04
276.18,39.46,19.93,22.25,8.01,70.08,42.66,56.80,8.04
276.19,39.38,19.93,22.25,8.02,70.28,42.66,56.95,8.05
276.20,39.38,19.93,22.25,8.04,70.28,42.66,56.80,8.05
276.21,39.38,19.93,22.22,8.01,70.08,42.66,56.95,8.03
276.22,39.38,19.93,22.25,8.04,70.28,42.66,56.80,8.06
276.23,39.38,19.96,22.25,8.02,70.28,42.66,56.80,8.04
276.24,39.38,19.93,22.25,8.02,70.28,42.66,56.80,8.04
276.25,39.38,19.93,22.25,8.04,70.28,42.66,56.80,8.05
276.26,39.38,19.96,22.25,8.02,70.28,42.66,56.95,8.05
276.27,39.38,19.93,22.22,8.02,70.28,42.66,56.80,8.04
276.28,39.38,19.93,22.25,8.01,70.28,42.66,56.80,8.04
276.29,39.46,19.96,22.25,8.01,70.28,42.75,56.80,8.04
276.30,39.38,19.96,22.25,8.02,70.28,42.66,56.95,8.04
276.31,39.38,19.93,22.25,8.02,70.28,42.66,56.95,8.04
276.32,39.38,19.93,22.25,8.02,70.28,42.66,56.80,8.04
276.33,39.38,19.93,22.25,8.01,70.28,42.57,56.80,8.04
276.34,39.38,19.93,22.25,8.04,70.08,42.66,56.80,8.04
276.35,39.38,19.96,22.25,8.02,70.28,42.66,56.80,8.05
276.36,39.38,19.93,22.25,8.01,70.08,42.75,56.95,8.05
276.37,39.38,19.93,22.25,8.02,70.28,42.66,56.95,8.05
276.38,39.38,19.93,22.22,8.02,70.28,42.66,56.95,8.04
276.39,39.38,19.93,22.25,8.04,70.28,42.66,56.95,8.05
276.40,39.38,19.93,22.22,8.01,70.08,42.66,56.80,8.04
276.41,39.38,19.93,22.22,8.01,70.28,42.66,56.95,8.05
276.42,39.38,19.93,22.22,8.01,70.28,42.66,56.95,8.03
276.43,39.38,19.90,22.25,8.01,70.28,42.66,56.66,8.04
276.44,39.38,19.93,22.25,8.01,70.28,42.66,56.95,8.04
276.45,39.38,19.93,22.25,8.01,70.28,42.57,56.80,8.04
276.46,39.38,19.96,22.25,8.01,70.08,42.66,56.95,8.04
276.47,39.38,19.93,22.25,8.01,70.28,42.66,56.80,8.05
276.48,39.38,19.93,22.22,8.01,70.28,42.75,56.95,8.06
276.49,39.38,19.93,22.25,8.01,70.08,42.66,56.80,8.04
276.50,39.38,19.93,22.25,8.01,70.28,42.57,56.80,8.04
276.51,39.38,19.93,22.25,8.04,70.28,42.57,56.80,8.05
276.52,39.38,19.93,22.25,8.02,70.08,42.75,56.80,8.04
276.53,39.38,19.96,22.22,8.02,70.28,42.66,56.80,8.05
276.54,39.38,19.90,22.25,8.01,70.28,42.75,56.95,8.04
276.55,39.38,19.90,22.25,8.02,70.08,42.57,56.80,8.05
276.56,39.38,19.93,22.22,8.02,70.08,42.66,56.80,8.04
276.57,39.38,19.93,22.25,8.01,70.28,42.66,56.80,8.05
276.58,39.38,19.93,22.22,8.04,70.28,42.66,56.80,8.05
276.59,39.38,19.93,22.22,8.02,70.28,42.66,56.80,8.04
276.60,39.38,19.93,22.22,8.01,70.28,42.66,56.80,8.04
276.61,39.38,19.93,22.25,8.01,70.28,42.66,56.80,8.04
276.62,39.38,19.93,22.25,8.04,70.08,42.66,56.80,8.04
276.63,39.38,19.93,22.25,8.04,70.28,42.57,56.95,8.05
276.64,39.38,19.96,22.22,8.01,70.28,42.57,56.80,8.04
276.65,39.38,19.93,22.25,8.02,70.28,42.66,56.80,8.05
276.66,39.38,19.96,22.22,8.02,70.08,42.57,56.80,8.05
276.67,39.38,19.93,22.22,8.02,70.08,42.66,56.80,8.04
276.68,39.38,19.93,22.22,8.01,70.28,42.57,56.80,8.06
276.69,39.38,19.96,22.25,8.01,70.28,42.66,56.95,8.04
276.70,39.38,19.93,22.25,8.01,70.28,42.66,56.80,8.05
276.71,39.38,19.93,22.22,8.01,70.08,42.66,56.95,8.03
276.72,39.38,19.93,22.25,8.02,70.28,42.75,56.95,8.04
276.73,39.38,19.93,22.22,8.02,70.28,42.66,56.95,8.04
276.74,39.38,19.93,22.25,8.04,70.28,42.75,56.95,8.04
276.75,39.38,19.93,22.25,8.01,70.28,42.66,56.80,8.04
276.76,39.38,19.93,22.25,8.02,70.28,42.66,56.80,8.04
276.77,39.38,19.96,22.25,8.02,70.28,42.66,56.95,8.04
276.78,39.38,19.90,22.22,8.01,70.28,42.75,56.80,8.04
276.79,39.38,19.90,22.25,8.01,70.08,42.66,56.66,8.05
276.80,39.38,19.93,22.25,8.01,70.28,42.66,56.80,8.05
276.81,39.38,19.93,22.25,8.01,70.28,42.66,56.80,8.04
276.82,39.38,19.93,22.22,8.01,70.28,42.66,56.80,8.04
276.83,39.38,19.93,22.25,8.02,70.28,42.66,56.80,8.04
276.84,39.38,19.93,22.25,8.04,70.08,42.57,56.95,8.04
276.85,39.38,19.93,22.25,8.01,70.28,42.66,56.80,8.04
276.86,39.38,19.93,22.22,8.01,70.08,42.75,56.80,8.04
276.87,39.38,19.93,22.25,8.04,70.08,42.66,56.80,8.05
276.88,39.38,19.93,22.25,8.02,70.28,42.57,56.95,8.04
276.89,39.38,19.93,22.25,8.01,70.28,42.66,56.95,8.05
276.90,39.38,19.93,22.22,8.02,70.28,42.66,56.95,8.04
276.91,39.38,19.93,22.22,8.01,70.28,42.66,56.80,8.04
276.92,39.38,19.93,22.22,8.01,70.28,42.66,56.80,8.04
276.93,39.38,19.96,22.25,8.01,70.28,42.57,56.80,8.04
276.94,39.38,19.93,22.22,8.01,70.28,42.66,56.95,8.05
276.95,39.38,19.93,22.25,8.02,70.28,42.75,56.80,8.04
276.96,39.38,19.93,22.22,8.01,70.28,42.66,56.80,8.05
276.97,39.38,19.93,22.25,8.01,70.28,42.66,56.80,8.05
276.98,39.38,19.93,22.22,8.02,70.28,42.57,56.80,8.04
276.99,39.38,19.93,22.22,8.01,70.28,42.66,56.95,8.04
277.00,39.30,19.90,22.25,8.02,70.08,42.66,56.80,8.04
277.01,39.38,19.90,22.22,8.04,70.28,42.57,56.95,8.04
277.02,39.38,19.93,22.25,8.02,70.28,42.66,56.80,8.04
277.03,39.38,19.93,22.22,8.01,70.28,42.75,56.80,8.04
277.04,39.38,19.96,22.25,8.02,70.28,42.57,56.80,8.04
277.05,39.38,19.93,22.22,8.02,70.28,42.66,56.95,8.04
277.06,39.38,19.93,22.22,8.02,70.08,42.66,56.80,8.05
277.07,39.38,19.90,22.22,8.02,70.28,42.66,56.95,8.05
277.08,39.38,19.93,22.22,8.01,70.08,42.66,56.95,8.05
277.09,39.38,19.90,22.22,8.04,70.28,42.66,56.80,8.04
277.10,39.38,19.93,22.25,8.01,70.28,42.66,56.80,8.05
277.11,39.38,19.93,22.25,8.01,70.28,42.66,56.80,8.05
277.12,39.38,19.93,22.25,8.02,70.28,42.48,56.80,8.04
277.13,39.38,19.93,22.22,8.01,70.08,42.66,56.80,8.04
277.14,39.38,19.93,22.22,8.02,70.28,42.66,56.80,8.04
277.15,39.38,19.93,22.22,8.04,70.28,42.66,56.80,8.04
277.16,39.38,19.93,22.25,8.02,70.28,42.57,56.80,8.04
277.17,39.38,19.90,22.22,8.01,70.08,42.66,56.80,8.04
277.18,39.38,19.93,22.25,8.02,70.08,42.57,56.80,8.03
277.19,39.38,19.93,22.22,8.02,70.28,42.66,56.80,8.04
277.20,39.38,19.90,22.25,8.04,70.28,42.66,56.95,8.05
277.21,39.38,19.90,22.22,8.01,70.28,42.57,56.95,8.04
277.22,39.38,19.93,22.22,8.01,70.28,42.57,56.80,8.04
277.23,39.38,19.93,22.25,8.01,70.08,42.66,56.80,8.04
277.24,39.38,19.90,22.22,8.01,70.28,42.66,56.80,8.04
277.25,39.38,19.96,22.25,8.02,70.28,42.57,56.80,8.04
277.26,39.38,19.93,22.25,8.02,70.28,42.66,56.80,8.05
277.27,39.38,19.93,22.25,8.02,70.28,42.66,56.80,8.04
277.28,39.38,19.93,22.22,8.02,70.28,42.66,56.80,8.05
277.29,39.38,19.96,22.25,8.01,70.08,42.75,56.80,8.05
277.30,39.38,19.90,22.22,8.01,70.08,42.75,56.66,8.05
277.31,39.38,19.93,22.25,8.01,70.28,42.66,56.95,8.05
277.32,39.38,19.90,22.22,8.04,70.28,42.57,56.95,8.05
277.33,39.38,19.93,22.25,8.01,70.28,42.57,56.80,8.03
277.34,39.38,19.93,22.25,8.02,70.28,42.66,56.95,8.05
277.35,39.38,19.93,22.25,8.02,70.28,42.75,56.95,8.05
277.36,39.38,19.93,22.22,8.01,70.28,42.57,56.80,8.03
277.37,39.38,19.93,22.25,8.04,70.28,42.66,56.80,8.04
277.38,39.38,19.93,22.25,8.01,70.28,42.57,56.80,8.05
277.39,39.38,19.90,22.22,8.02,70.28,42.66,56.80,8.04
277.40,39.38,19.93,22.25,8.02,70.08,42.66,56.80,8.05
277.41,39.38,19.90,22.22,8.01,70.08,42.66,56.80,8.04
277.42,39.38,19.93,22.25,8.02,70.28,42.66,56.80,8.03
277.43,39.38,19.90,22.25,8.01,70.28,42.57,56.80,8.04
277.44,39.38,19.93,22.25,8.04,70.08,42.66,56.95,8.04
277.45,39.38,19.90,22.25,8.01,70.28,42.66,56.80,8.04
277.46,39.30,19.93,22.25,8.02,70.28,42.66,56.80,8.04
277.47,39.46,19.93,22.22,8.01,70.28,42.57,56.80,8.04
277.48,39.30,19.93,22.22,8.01,70.08,42.66,56.80,8.04
277.49,39.38,19.93,22.22,8.01,70.28,42.66,56.80,8.04
277.50,39.38,19.90,22.25,8.01,70.28,42.66,56.80,8.05
277.51,39.38,19.93,22.22,8.01,70.28,42.66,56.80,8.04
277.52,39.38,19.96,22.25,8.01,70.28,42.57,56.80,8.04
277.53,39.38,19.90,22.25,8.02,70.28,42.66,56.80,8.04
277.54,39.38,19.93,22.22,8.02,70.28,42.66,56.80,8.04
277.55,39.38,19.93,22.25,8.01,70.28,42.66,56.80,8.05
277.56,39.38,19.93,22.25,8.01,70.28,42.66,56.80,8.05
277.57,39.38,19.90,22.22,8.01,69.87,42.66,56.95,8.04
277.58,39.38,19.93,22.22,8.01,70.08,42.66,56.66,8.04
277.59,39.38,19.90,22.22,8.02,70.28,42.57,56.80,8.04
277.60,39.38,19.90,22.22,8.01,70.28,42.66,56.95,8.06
277.61,39.38,19.90,22.25,8.02,70.08,42.66,56.66,8.05
277.62,39.30,19.93,22.22,8.02,70.28,42.66,56.95,8.04
277.63,39.38,19.93,22.22,8.02,70.08,42.75,56.95,8.04
277.64,39.38,19.93,22.25,8.01,70.28,42.66,56.80,8.04
277.65,39.38,19.93,22.25,8.02,70.28,42.66,56.95,8.05
277.66,39.38,19.90,22.22,8.02,70.08,42.66,56.80,8.03
277.67,39.38,19.93,22.22,8.04,70.08,42.66,56.80,8.04
277.68,39.38,19.93,22.22,8.01,70.08,42.66,56.95,8.04
277.69,39.38,19.90,22.25,8.01,70.28,42.66,56.95,8.04
277.70,39.38,19.90,22.22,8.02,70.28,42.66,56.80,8.03
277.71,39.38,19.93,22.22,8.02,70.28,42.66,56.95,8.03
277.72,39.38,19.93,22.25,8.01,70.28,42.66,56.80,8.05
277.73,39.38,19.93,22.25,8.02,70.28,42.66,56.95,8.04
277.74,39.38,19.90,22.22,8.02,70.08,42.66,56.80,8.04
277.75,39.38,19.93,22.22,8.02,70.08,42.66,56.80,8.04
277.76,39.38,19.90,22.19,8.02,70.28,42.66,56.80,8.04
277.77,39.38,19.90,22.22,8.02,70.28,42.66,56.80,8.05
277.78,39.38,19.90,22.22,8.02,70.08,42.66,56.80,8.04
277.79,39.30,19.90,22.25,8.01,70.28,42.66,56.80,8.05
277.80,39.38,19.93,22.22,8.04,70.28,42.66,56.80,8.05
277.81,39.38,19.93,22.25,8.02,70.28,42.66,56.80,8.04
277.82,39.38,19.93,22.22,8.01,70.28,42.66,56.80,8.05
277.83,39.38,19.90,22.25,8.02,70.08,42.66,56.80,8.04
277.84,39.38,19.90,22.25,8.01,70.28,42.66,56.80,8.04
277.85,39.38,19.93,22.22,8.01,70.08,42.66,56.80,8.04
277.86,39.38,19.93,22.22,8.02,70.28,42.66,56.80,8.04
277.87,39.38,19.93,22.22,8.01,70.28,42.66,56.80,8.05
277.88,39.38,19.93,22.22,8.01,70.28,42.57,56.80,8.04
277.89,39.38,19.93,22.22,8.01,70.28,42.66,56.95,8.04
277.90,39.38,19.93,22.22,8.01,70.28,42.66,56.80,8.05
277.91,39.30,19.90,22.25,8.01,70.28,42.66,56.80,8.03
277.92,39.38,19.93,22.22,8.01,70.08,42.66,56.80,8.05
277.93,39.38,19.93,22.25,8.02,70.08,42.66,56.80,8.04
277.94,39.38,19.90,22.25,8.01,70.08,42.66,56.95,8.05
277.95,39.38,19.93,22.22,8.01,70.28,42.66,56.95,8.04
277.96,39.38,19.90,22.22,8.01,70.28,42.57,56.95,8.04
277.97,39.38,19.93,22.22,8.01,70.08,42.75,56.95,8.04
277.98,39.38,19.93,22.22,8.02,70.28,42.66,56.80,8.04
277.99,39.38,19.93,22.25,8.02,70.08,42.66,56.80,8.05
278.00,39.38,19.90,22.22,8.01,70.28,42.66,56.80,8.04
278.01,39.38,19.93,22.22,8.01,70.28,42.66,56.80,8.04
278.02,39.38,19.90,22.25,8.02,70.28,42.66,56.80,8.04
278.03,39.30,19.93,22.22,8.01,70.28,42.57,56.95,8.05
278.04,39.38,19.90,22.25,8.02,70.28,42.57,56.80,8.06
278.05,39.38,19.90,22.22,8.01,70.28,42.57,56.95,8.05
278.06,39.38,19.93,22.25,8.02,70.28,42.66,56.80,8.03
278.07,39.38,19.93,22.22,8.04,70.28,42.57,56.95,8.05
278.08,39.38,19.93,22.22,8.01,70.08,42.66,56.80,8.04
278.09,39.38,19.93,22.25,8.02,70.28,42.57,56.80,8.05
278.10,39.38,19.90,22.22,8.01,70.28,42.66,56.95,8.04
278.11,39.38,19.90,22.22,8.01,70.28,42.66,56.80,8.04
278.12,39.38,19.90,22.22,8.02,70.28,42.66,56.80,8.05
278.13,39.38,19.90,22.25,8.01,70.28,42.66,56.95,8.04
278.14,39.38,19.93,22.22,8.01,70.08,42.66,56.80,8.04
278.15,39.38,19.93,22.22,8.01,70.08,42.66,56.80,8.04
278.16,39.30,19.90,22.25,8.01,70.08,42.66,56.80,8.05
278.17,39.38,19.90,22.22,8.04,70.08,42.57,56.80,8.04
278.18,39.38,19.90,22.25,8.02,70.08,42.57,56.80,8.04
278.19,39.38,19.90,22.22,8.02,70.28,42.66,56.80,8.04
278.20,39.38,19.93,22.22,8.01,70.28,42.66,56.95,8.04
278.21,39.38,19.93,22.25,8.01,70.28,42.66,56.80,8.04
278.22,39.38,19.90,22.25,8.02,70.28,42.66,56.95,8.04
278.23,39.38,19.90,22.25,8.04,70.08,42.66,56.80,8.05
278.24,39.30,19.93,22.25,8.01,70.28,42.66,56.80,8.04
278.25,39.38,19.90,22.22,8.01,70.28,42.66,56.80,8.04
278.26,39.38,19.93,22.25,8.02,70.28,42.57,56.95,8.04
278.27,39.38,19.93,22.22,8.01,70.28,42.66,56.95,8.04
278.28,39.38,19.90,22.22,8.01,70.08,42.57,56.80,8.04
278.29,39.38,19.93,22.22,8.02,70.08,42.75,56.80,8.04
278.30,39.38,19.90,22.25,8.01,70.08,42.66,56.80,8.04
278.31,39.38,19.90,22.22,8.01,70.08,42.57,56.80,8.04
278.32,39.38,19.90,22.25,8.01,70.28,42.57,56.80,8.04
278.33,39.38,19.93,22.22,8.02,70.28,42.66,56.80,8.05
278.34,39.38,19.90,22.22,8.01,70.28,42.66,56.80,8.05
278.35,39.38,19.93,22.22,8.01,70.08,42.66,56.95,8.05
278.36,39.38,19.90,22.25,8.01,70.08,42.66,56.80,8.04
278.37,39.38,19.90,22.22,8.01,70.28,42.57,56.95,8.05
278.38,39.46,19.90,22.22,8.01,70.28,42.66,56.80,8.04
278.39,39.38,19.90,22.22,8.01,70.08,42.57,56.80,8.04
278.40,39.38,19.90,22.19,8.02,70.08,42.66,56.80,8.04
278.41,39.38,19.90,22.22,8.01,70.28,42.66,56.95,8.04
278.42,39.38,19.88,22.22,8.02,70.28,42.66,56.95,8.05
278.43,39.38,19.93,22.22,8.02,70.08,42.57,56.80,8.03
278.44,39.38,19.88,22.25,8.02,70.08,42.75,56.80,8.05
278.45,39.38,19.93,22.22,8.01,70.08,42.66,56.80,8.05
278.46,39.38,19.93,22.22,8.02,70.28,42.57,56.95,8.04
278.47,39.38,19.93,22.22,8.00,70.08,42.57,56.80,8.04
278.48,39.38,19.90,22.22,8.00,70.28,42.57,56.95,8.04
278.49,39.38,19.93,22.22,8.01,70.28,42.57,56.80,8.04
278.50,39.38,19.90,22.22,8.02,70.28,42.66,56.80,8.05
278.51,39.38,19.90,22.22,8.01,70.28,42.57,56.80,8.04
278.52,39.38,19.93,22.25,8.01,70.08,42.66,56.80,8.04
278.53,39.38,19.93,22.19,8.01,70.08,42.75,56.80,8.04
278.54,39.38,19.93,22.22,8.01,70.08,42.48,56.95,8.04
278.55,39.38,19.90,22.22,8.01,70.28,42.57,56.95,8.04
278.56,39.38,19.90,22.25,8.02,70.28,42.66,56.80,8.04
278.57,39.38,19.90,22.22,8.01,70.28,42.48,56.80,8.05
278.59,39.38,19.90,22.25,8.02,70.08,42.66,56.95,8.04
278.60,39.38,19.93,22.22,8.01,70.28,42.57,56.80,8.05
278.61,39.38,19.90,22.22,8.01,70.28,42.66,56.80,8.04
278.62,39.38,19.90,22.22,8.01,70.28,42.66,56.95,8.04
278.63,39.30,19.90,22.22,8.01,70.28,42.57,56.80,8.04
278.64,39.38,19.90,22.22,8.01,70.08,42.66,56.80,8.05
278.65,39.30,19.93,22.25,8.01,70.28,42.66,56.80,8.04
278.66,39.38,19.90,22.22,8.01,70.08,42.66,56.80,8.04
278.67,39.38,19.90,22.25,8.01,70.08,42.57,56.80,8.03
278.68,39.38,19.93,22.19,8.01,70.08,42.57,56.80,8.04
278.69,39.38,19.88,22.22,8.02,70.28,42.66,56.80,8.04
278.70,39.38,19.90,22.19,8.02,70.28,42.57,56.80,8.04
278.71,39.38,19.90,22.19,8.01,70.08,42.66,56.80,8.03
278.72,39.38,19.90,22.22,8.01,70.28,42.57,56.80,8.04
278.73,39.38,19.93,22.22,8.01,70.28,42.66,56.80,8.05
278.74,39.38,19.90,22.25,8.01,70.08,42.66,56.80,8.05
278.75,39.38,19.90,22.22,8.01,70.08,42.66,56.80,8.04
278.76,39.38,19.90,22.22,8.01,70.28,42.66,56.80,8.04
278.77,39.38,19.93,22.22,8.01,70.08,42.66,56.80,8.05
278.78,39.38,19.93,22.22,8.01,70.28,42.57,56.80,8.04
278.79,39.38,19.93,22.25,8.01,70.08,42.57,56.80,8.03
278.80,39.46,19.90,22.22,8.01,70.08,42.57,56.80,8.05
278.81,39.38,19.90,22.22,8.01,70.08,42.66,56.95,8.03
278.82,39.38,19.93,22.22,8.00,70.08,42.57,56.80,8.04
278.83,39.38,19.90,22.22,8.01,70.28,42.66,56.66,8.03
278.84,39.38,19.93,22.22,8.01,70.08,42.66,56.80,8.03
278.85,39.38,19.93,22.19,8.01,70.08,42.57,56.80,8.04
278.86,39.46,19.90,22.22,8.01,70.28,42.57,56.80,8.03
278.87,39.38,19.93,22.22,8.01,70.28,42.57,56.80,8.04
278.88,39.38,19.88,22.22,8.01,70.08,42.66,56.80,8.04
278.89,39.38,19.90,22.22,8.02,70.28,42.57,56.80,8.05
278.90,39.38,19.90,22.22,8.01,70.28,42.57,56.80,8.04
278.91,39.38,19.90,22.22,8.01,70.28,42.57,56.80,8.04
278.92,39.46,19.90,22.22,8.01,70.08,42.57,56.95,8.03
278.93,39.38,19.90,22.22,8.02,70.28,42.66,56.95,8.04
278.94,39.38,19.90,22.22,8.01,70.08,42.66,56.80,8.04
278.95,39.38,19.90,22.22,8.01,70.28,42.66,56.80,8.04
278.96,39.38,19.90,22.22,8.01,70.28,42.66,56.95,8.04
278.97,39.38,19.93,22.22,8.01,70.28,42.66,56.95,8.04
278.98,39.38,19.90,22.22,8.01,70.28,42.57,56.80,8.04
278.99,39.38,19.90,22.22,8.02,70.28,42.66,56.80,8.04
279.00,39.38,19.93,22.22,8.02,70.28,42.57,56.95,8.04
279.01,39.38,19.90,22.22,8.01,70.28,42.57,56.80,8.04
279.02,39.38,19.90,22.25,8.01,70.08,42.66,56.80,8.04
279.03,39.38,19.93,22.22,8.02,70.08,42.57,56.80,8.04
279.04,39.38,19.93,22.22,8.01,70.08,42.66,56.80,8.03
279.05,39.38,19.90,22.22,8.04,70.28,42.66,56.80,8.04
279.06,39.38,19.90,22.22,8.01,70.28,42.66,56.80,8.05
279.07,39.38,19.90,22.22,8.02,70.08,42.57,56.80,8.03
279.08,39.38,19.90,22.19,8.01,70.28,42.66,56.80,8.04
279.09,39.38,19.93,22.22,8.01,70.08,42.66,56.80,8.04
279.10,39.38,19.90,22.22,8.02,70.08,42.57,56.80,8.05
279.11,39.38,19.90,22.22,8.01,70.28,42.66,56.80,8.05
279.12,39.38,19.90,22.22,8.01,70.28,42.66,56.80,8.04
279.13,39.38,19.90,22.22,8.01,70.28,42.57,56.80,8.04
279.14,39.38,19.90,22.22,8.04,70.28,42.57,56.80,8.04
279.15,39.38,19.88,22.22,8.04,70.28,42.66,56.80,8.04
279.16,39.38,19.90,22.22,8.04,70.08,42.66,56.80,8.04
279.17,39.38,19.93,22.22,8.01,70.08,42.66,56.80,8.04
279.18,39.38,19.90,22.22,8.02,70.28,42.66,56.80,8.03
279.19,39.38,19.90,22.25,8.01,70.28,42.57,56.80,8.04
279.20,39.38,19.90,22.22,8.02,70.28,42.66,56.95,8.05
279.21,39.38,19.90,22.25,8.01,70.08,42.66,56.80,8.05
279.22,39.38,19.88,22.22,8.01,70.28,42.57,56.80,8.04
279.23,39.38,19.93,22.22,8.01,70.08,42.57,56.80,8.04
279.24,39.38,19.90,22.22,8.01,70.28,42.57,56.80,8.04
279.25,39.38,19.93,22.25,8.01,70.28,42.66,56.80,8.04
279.26,39.38,19.88,22.22,8.01,70.08,42.57,56.95,8.04
279.27,39.38,19.90,22.22,8.01,70.08,42.66,56.80,8.04
279.28,39.38,19.88,22.22,8.01,70.08,42.66,56.80,8.04
279.29,39.38,19.93,22.22,8.01,70.28,42.57,56.95,8.04
279.30,39.38,19.93,22.22,8.01,70.28,42.57,56.80,8.04
279.31,39.46,19.90,22.25,8.01,70.08,42.66,56.80,8.04
279.32,39.38,19.90,22.22,8.00,70.08,42.66,56.95,8.05
279.33,39.38,19.90,22.25,8.01,70.08,42.66,56.80,8.05
279.34,39.38,19.90,22.25,8.01,70.28,42.57,56.80,8.05
279.35,39.38,19.93,22.22,8.01,70.28,42.66,56.95,8.04
279.36,39.38,19.90,22.22,8.01,70.28,42.66,56.80,8.04
279.37,39.38,19.93,22.22,8.04,70.28,42.66,56.80,8.04
279.38,39.38,19.90,22.25,8.01,70.28,42.57,56.95,8.05
279.39,39.38,19.88,22.22,8.01,70.08,42.66,56.95,8.04
279.40,39.38,19.90,22.22,8.02,70.28,42.66,56.95,8.04
279.41,39.38,19.93,22.19,8.01,70.28,42.57,56.80,8.03
279.42,39.38,19.93,22.25,8.01,70.28,42.57,56.80,8.05
279.43,39.38,19.93,22.22,8.01,70.28,42.57,56.95,8.04
279.44,39.38,19.90,22.25,8.01,70.08,42.57,56.80,8.05
279.45,39.38,19.90,22.22,8.02,70.28,42.66,56.80,8.04
279.46,39.38,19.93,22.22,8.01,70.28,42.66,56.95,8.05
279.47,39.38,19.93,22.25,8.04,70.28,42.57,56.80,8.05
279.48,39.38,19.90,22.22,8.02,70.08,42.66,56.80,8.04
279.49,39.38,19.90,22.22,8.01,70.28,42.66,56.95,8.05
279.50,39.38,19.90,22.19,8.02,70.28,42.66,56.95,8.04
279.51,39.46,19.90,22.22,8.01,70.08,42.66,56.95,8.05
279.52,39.38,19.93,22.22,8.01,70.28,42.66,56.80,8.04
279.53,39.46,19.93,22.22,8.02,70.28,42.66,56.95,8.04
279.54,39.38,19.90,22.22,8.01,70.28,42.66,56.80,8.04
279.55,39.38,19.90,22.22,8.04,70.28,42.66,56.80,8.04
279.56,39.38,19.90,22.25,8.01,70.28,42.66,56.95,8.04
279.57,39.38,19.90,22.25,8.01,70.28,42.57,56.80,8.05
279.58,39.38,19.90,22.22,8.01,70.08,42.57,56.95,8.03
279.59,39.46,19.90,22.25,8.01,70.28,42.66,56.95,8.04
279.60,39.38,19.90,22.22,8.02,70.28,42.57,56.95,8.04
279.61,39.38,19.93,22.22,8.01,70.28,42.66,56.80,8.04
279.62,39.38,19.93,22.22,8.01,70.28,42.66,56.95,8.04
279.63,39.30,19.93,22.22,8.02,70.28,42.57,56.80,8.04
279.64,39.46,19.88,22.22,8.01,70.28,42.57,56.80,8.04
279.65,39.38,19.88,22.22,8.02,70.28,42.66,56.80,8.05
279.66,39.38,19.93,22.22,8.01,70.28,42.66,56.95,8.05
279.67,39.38,19.90,22.25,8.02,70.28,42.66,56.95,8.05
279.68,39.38,19.90,22.22,8.01,70.28,42.66,56.95,8.04
279.69,39.38,19.93,22.25,8.01,70.28,42.66,56.95,8.04
279.70,39.38,19.90,22.22,8.01,70.28,42.66,56.95,8.04
279.71,39.38,19.93,22.22,8.01,70.08,42.66,56.80,8.05
279.72,39.46,19.90,22.22,8.04,70.28,42.66,56.95,8.04
279.73,39.38,19.93,22.22,8.01,70.28,42.66,56.80,8.04
279.74,39.38,19.93,22.22,8.01,70.08,42.57,56.80,8.04
279.75,39.46,19.90,22.22,8.01,70.08,42.75,56.80,8.04
279.76,39.38,19.93,22.25,8.01,70.28,42.57,56.95,8.04
279.77,39.38,19.90,22.22,8.01,70.28,42.66,56.95,8.04
279.78,39.38,19.93,22.22,8.02,70.28,42.66,56.95,8.05
279.79,39.38,19.90,22.22,8.01,70.28,42.66,56.80,8.04
279.80,39.46,19.90,22.25,8.01,70.49,42.66,56.80,8.03
279.81,39.38,19.93,22.22,8.01,70.28,42.57,56.80,8.04
279.82,39.46,19.93,22.19,8.01,70.28,42.57,56.80,8.04
279.83,39.46,19.90,22.25,8.01,70.08,42.66,56.95,8.04
279.84,39.38,19.93,22.25,8.01,70.08,42.66,56.80,8.04
279.85,39.46,19.93,22.22,8.01,70.28,42.66,56.95,8.04
279.86,39.38,19.90,22.22,8.02,70.08,42.66,56.95,8.04
279.87,39.30,19.90,22.22,8.01,70.28,42.66,56.95,8.04
279.88,39.46,19.93,22.25,8.02,70.28,42.66,56.80,8.04
279.89,39.38,19.90,22.19,8.01,70.28,42.66,56.80,8.04
279.90,39.38,19.90,22.25,8.01,70.28,42.75,56.80,8.04
279.91,39.38,19.90,22.25,8.02,70.28,42.66,56.95,8.04
279.92,39.38,19.90,22.25,8.02,70.28,42.57,56.95,8.04
279.93,39.38,19.93,22.25,8.01,70.28,42.66,56.95,8.04
279.94,39.38,19.88,22.25,8.02,70.08,42.66,56.95,8.04
279.95,39.46,19.93,22.25,8.01,70.28,42.66,56.95,8.05
279.96,39.38,19.90,22.25,8.02,70.28,42.66,56.80,8.03
279.97,39.38,19.90,22.25,8.01,70.28,42.66,56.95,8.03
279.98,39.38,19.88,22.22,8.01,70.08,42.66,56.95,8.04
279.99,39.46,19.90,22.22,8.01,70.28,42.66,56.80,8.04
280.00,39.38,19.90,22.22,8.02,70.28,42.66,56.95,8.05
280.01,39.46,19.90,22.22,8.02,70.28,42.66,56.80,8.05
280.02,39.38,19.90,22.19,8.02,70.28,42.66,56.66,8.04
280.03,39.38,19.93,22.22,8.02,70.28,42.66,56.95,8.05
280.04,39.38,19.90,22.25,8.02,70.28,42.66,56.95,8.04
280.05,39.46,19.90,22.19,8.01,70.28,42.66,56.95,8.04
280.06,39.46,19.93,22.25,8.02,70.28,42.66,56.95,8.04
280.07,39.46,19.93,22.22,8.01,70.28,42.75,56.95,8.04
280.08,39.46,19.93,22.22,8.02,70.08,42.66,56.95,8.04
280.09,39.46,19.93,22.25,8.02,70.28,42.66,56.95,8.04
280.10,39.38,19.90,22.25,8.01,70.28,42.57,56.95,8.04
280.11,39.38,19.90,22.25,8.04,70.08,42.66,56.80,8.04
280.12,39.38,19.93,22.25,8.01,70.28,42.66,56.95,8.03
280.13,39.46,19.90,22.25,8.01,70.28,42.57,56.95,8.03
280.14,39.46,19.90,22.25,8.02,70.28,42.66,56.95,8.04
280.15,39.38,19.90,22.22,8.01,70.28,42.57,56.95,8.04
280.16,39.46,19.90,22.22,8.01,70.28,42.66,56.95,8.05
280.17,39.38,19.90,22.25,8.01,70.28,42.57,56.80,8.05
280.18,39.46,19.90,22.22,8.01,70.28,42.57,56.95,8.04
280.19,39.38,19.90,22.22,8.01,70.28,42.57,56.95,8.04
280.20,39.38,19.93,22.22,8.01,70.28,42.66,56.80,8.04
280.21,39.38,19.93,22.25,8.01,70.28,42.66,56.95,8.04
280.22,39.38,19.90,22.25,8.01,70.28,42.57,56.80,8.05
280.23,39.46,19.93,22.22,8.01,70.28,42.66,56.80,8.05
280.24,39.46,19.90,22.22,8.01,70.08,42.57,56.80,8.04
280.25,39.46,19.90,22.22,8.01,70.28,42.57,56.95,8.04
280.26,39.46,19.93,22.25,8.01,70.08,42.66,56.95,8.05
280.27,39.46,19.93,22.22,8.01,70.28,42.66,56.95,8.04
280.28,39.38,19.90,22.25,8.01,70.28,42.66,56.95,8.04
280.29,39.46,19.90,22.25,8.01,70.28,42.57,56.95,8.05
280.30,39.38,19.90,22.25,8.02,70.28,42.66,56.95,8.04
280.31,39.46,19.93,22.22,8.01,70.28,42.66,56.95,8.05
280.32,39.38,19.93,22.25,8.02,70.28,42.66,56.95,8.04
280.33,39.38,19.93,22.25,8.04,70.28,42.66,56.95,8.05
280.34,39.38,19.90,22.25,8.02,70.28,42.66,56.95,8.04
280.35,39.46,19.93,22.22,8.04,70.28,42.57,56.95,8.04
280.36,39.38,19.90,22.25,8.01,70.28,42.66,56.95,8.04
280.37,39.38,19.90,22.22,8.01,70.28,42.66,56.80,8.04
280.38,39.38,19.93,22.25,8.01,70.28,42.66,56.95,8.05
280.39,39.46,19.90,22.22,8.02,70.28,42.66,56.80,8.04
280.40,39.46,19.96,22.25,8.01,70.28,42.66,56.95,8.04
280.41,39.46,19.90,22.25,8.01,70.08,42.66,56.95,8.05
280.42,39.54,19.93,22.25,8.04,70.28,42.66,56.80,8.04
280.43,39.38,19.93,22.25,8.01,70.28,42.57,56.95,8.05
280.44,39.46,19.90,22.25,8.01,70.28,42.66,56.95,8.04
280.45,39.38,19.93,22.25,8.02,70.28,42.75,56.95,8.04
280.46,39.46,19.96,22.25,8.01,70.28,42.66,56.80,8.04
280.47,39.38,19.93,22.25,8.01,70.28,42.66,56.80,8.04
280.48,39.46,19.90,22.25,8.01,70.28,42.66,56.95,8.05
280.49,39.46,19.93,22.22,8.01,70.28,42.75,56.95,8.04
280.50,39.46,19.90,22.25,8.02,70.28,42.66,56.95,8.05
280.51,39.46,19.90,22.25,8.01,70.28,42.66,56.95,8.04
280.52,39.38,19.93,22.25,8.04,70.28,42.66,56.95,8.04
280.53,39.46,19.93,22.25,8.01,70.28,42.66,56.95,8.04
280.54,39.46,19.90,22.25,8.02,70.28,42.75,56.95,8.04
280.55,39.38,19.90,22.22,8.01,70.28,42.57,56.95,8.05
280.56,39.46,19.90,22.25,8.00,70.28,42.66,56.95,8.05
280.57,39.46,19.93,22.22,8.02,70.28,42.57,56.95,8.05
280.58,39.38,19.90,22.25,8.01,70.28,42.66,56.95,8.04
280.59,39.46,19.93,22.25,8.01,70.08,42.66,57.09,8.05
280.60,39.38,19.90,22.25,8.01,70.28,42.66,56.80,8.04
280.61,39.46,19.93,22.25,8.01,70.28,42.75,56.95,8.04
280.62,39.46,19.93,22.22,8.00,70.28,42.66,56.95,8.05
280.63,39.38,19.93,22.25,8.01,70.08,42.75,56.95,8.05
280.64,39.46,19.90,22.25,8.02,70.28,42.66,56.95,8.04
280.65,39.46,19.93,22.25,8.01,70.28,42.66,56.95,8.04
280.66,39.46,19.93,22.22,8.01,70.28,42.66,56.95,8.04
280.67,39.46,19.93,22.25,8.01,70.49,42.66,56.95,8.05
280.68,39.46,19.93,22.22,8.02,70.28,42.66,56.95,8.04
280.69,39.46,19.93,22.25,8.01,70.49,42.75,56.95,8.04
280.70,39.38,19.90,22.25,8.02,70.28,42.66,56.95,8.04
280.71,39.46,19.93,22.25,8.02,70.28,42.66,56.95,8.04
280.72,39.46,19.93,22.25,8.01,70.28,42.66,56.95,8.05
280.73,39.46,19.93,22.25,8.01,70.28,42.66,57.09,8.04
280.74,39.46,19.90,22.25,8.01,70.28,42.66,56.95,8.05
280.75,39.38,19.93,22.25,8.02,70.28,42.66,56.95,8.05
280.76,39.38,19.93,22.25,8.02,70.28,42.66,56.95,8.05
280.77,39.46,19.96,22.25,8.02,70.28,42.75,56.95,8.06
280.78,39.46,19.93,22.25,8.02,70.28,42.75,56.95,8.05
280.79,39.38,19.93,22.25,8.01,70.28,42.57,56.95,8.05
280.80,39.46,19.90,22.22,8.04,70.28,42.75,56.95,8.05
280.81,39.38,19.93,22.25,8.02,70.28,42.66,56.95,8.04
280.82,39.38,19.90,22.25,8.01,70.49,42.66,56.95,8.05
280.83,39.46,19.90,22.25,8.02,70.28,42.66,56.95,8.06
280.84,39.46,19.93,22.25,8.01,70.28,42.66,56.95,8.05
280.85,39.46,19.96,22.25,8.04,70.28,42.75,56.95,8.05
280.87,39.46,19.93,22.25,8.00,70.28,42.66,56.95,8.05
280.88,39.38,19.93,22.25,8.01,70.28,42.75,56.95,8.04
280.89,39.46,19.93,22.25,8.02,70.28,42.66,56.95,8.04
280.90,39.46,19.93,22.22,8.01,70.28,42.57,56.95,8.05
280.91,39.46,19.93,22.22,8.01,70.28,42.66,56.95,8.04
280.92,39.46,19.93,22.25,8.01,70.28,42.66,56.95,8.06
280.93,39.46,19.90,22.29,8.02,70.28,42.66,56.95,8.05
280.94,39.46,19.90,22.25,8.02,70.28,42.66,56.95,8.04
280.95,39.38,19.90,22.25,8.02,70.28,42.66,56.95,8.05
280.96,39.54,19.93,22.25,8.01,70.28,42.66,56.95,8.04
280.97,39.46,19.93,22.25,8.01,70.28,42.66,56.95,8.04
280.98,39.38,19.90,22.25,8.01,70.28,42.75,56.95,8.04
280.99,39.46,19.96,22.22,8.04,70.28,42.66,56.80,8.05
281.00,39.46,19.93,22.25,8.04,70.49,42.75,57.09,8.05
281.01,39.46,19.93,22.25,8.01,70.28,42.66,56.95,8.06
281.02,39.54,19.90,22.25,8.01,70.28,42.66,56.95,8.05
281.03,39.38,19.90,22.25,8.02,70.28,42.66,56.95,8.04
281.04,39.46,19.90,22.25,8.01,70.28,42.66,56.80,8.03
281.05,39.54,19.93,22.29,8.01,70.28,42.66,57.09,8.04
281.06,39.38,19.90,22.25,8.02,70.28,42.66,56.95,8.04
281.07,39.46,19.93,22.25,8.02,70.28,42.66,56.95,8.04
281.08,39.46,19.90,22.25,8.01,70.28,42.66,57.09,8.04
281.09,39.46,19.93,22.22,8.01,70.28,42.66,57.09,8.04
281.10,39.46,19.93,22.25,8.01,70.28,42.66,57.23,8.04
281.11,39.46,19.96,22.25,8.01,70.28,42.57,56.80,8.04
281.12,39.46,19.90,22.25,8.04,70.28,42.66,56.95,8.04
281.13,39.46,19.93,22.25,8.02,70.28,42.66,56.95,8.04
281.14,39.46,19.96,22.29,8.02,70.28,42.66,56.95,8.05
281.15,39.46,19.90,22.25,8.02,70.49,42.66,56.95,8.05
281.16,39.46,19.90,22.25,8.02,70.28,42.66,56.95,8.04
281.17,39.46,19.93,22.25,8.01,70.28,42.66,56.95,8.05
281.18,39.46,19.90,22.25,8.04,70.49,42.75,56.80,8.06
281.19,39.54,19.93,22.29,8.02,70.28,42.66,57.09,8.05
281.20,39.46,19.93,22.29,8.02,70.28,42.66,57.09,8.05
281.21,39.46,19.93,22.29,8.02,70.49,42.66,56.80,8.04
281.22,39.46,19.93,22.25,8.02,70.49,42.66,57.09,8.05
281.23,39.46,19.90,22.29,8.02,70.28,42.75,56.95,8.05
281.24,39.46,19.93,22.25,8.01,70.28,42.66,56.95,8.04
281.25,39.38,19.93,22.25,8.01,70.28,42.66,56.95,8.05
281.26,39.46,19.90,22.25,8.01,70.49,42.75,56.95,8.04
281.27,39.46,19.90,22.25,8.01,70.28,42.66,56.95,8.04
281.28,39.46,19.93,22.25,8.01,70.28,42.75,56.95,8.05
281.29,39.46,19.90,22.25,8.01,70.28,42.75,56.95,8.05
281.30,39.46,19.93,22.29,8.01,70.28,42.75,57.09,8.05
281.31,39.46,19.93,22.25,8.01,70.28,42.66,56.95,8.03
281.32,39.46,19.93,22.25,8.02,70.49,42.75,56.95,8.04
281.33,39.46,19.90,22.25,8.02,70.28,42.75,56.95,8.04
281.34,39.46,19.93,22.29,8.01,70.28,42.75,56.95,8.04
281.35,39.46,19.93,22.25,8.01,70.28,42.75,57.09,8.04
281.36,39.46,19.90,22.25,8.01,70.28,42.66,56.95,8.04
281.37,39.46,19.93,22.25,8.01,70.28,42.66,56.95,8.05
281.38,39.46,19.93,22.25,8.01,70.49,42.66,56.95,8.04
281.39,39.46,19.93,22.25,8.01,70.28,42.75,56.95,8.04
281.40,39.46,19.93,22.25,8.01,70.28,42.75,56.95,8.04
281.41,39.46,19.93,22.29,8.02,70.28,42.66,56.95,8.05
281.42,39.46,19.90,22.25,8.01,70.28,42.66,56.95,8.05
281.44,39.46,19.93,22.25,8.01,70.28,42.66,56.95,8.04
281.45,39.46,19.90,22.25,8.02,70.28,42.66,56.95,8.04
281.46,39.46,19.90,22.25,8.01,70.28,42.75,56.95,8.06
281.47,39.46,19.93,22.29,8.01,70.49,42.66,56.95,8.04
281.48,39.46,19.93,22.25,8.01,70.28,42.66,56.95,8.06
281.49,39.46,19.93,22.29,8.01,70.49,42.66,56.95,8.04
281.50,39.54,19.93,22.29,8.01,70.28,42.66,56.95,8.04
281.51,39.54,19.93,22.25,8.01,70.28,42.66,56.95,8.04
281.52,39.46,19.93,22.25,8.01,70.28,42.75,56.95,8.04
281.53,39.46,19.93,22.25,8.01,70.28,42.66,56.95,8.05
281.54,39.46,19.96,22.25,8.02,70.28,42.66,56.95,8.05
281.55,39.46,19.90,22.29,8.01,70.49,42.75,57.09,8.05
281.56,39.46,19.93,22.29,8.02,70.49,42.66,56.95,8.05
281.57,39.46,19.93,22.25,8.02,70.28,42.66,56.95,8.04
281.58,39.54,19.93,22.25,8.01,70.28,42.75,56.95,8.04
281.59,39.54,19.93,22.25,8.02,70.28,42.66,56.95,8.05
281.60,39.54,19.93,22.25,8.01,70.28,42.75,56.95,8.04
281.61,39.46,19.96,22.25,8.02,70.28,42.75,56.95,8.05
281.62,39.46,19.93,22.25,8.02,70.28,42.75,56.95,8.05
281.63,39.46,19.93,22.25,8.02,70.28,42.66,56.95,8.04
281.64,39.38,19.90,22.29,8.04,70.49,42.66,56.95,8.04
281.65,39.46,19.96,22.25,8.01,70.28,42.75,56.95,8.05
281.66,39.46,19.96,22.25,8.01,70.28,42.75,57.09,8.05
281.67,39.46,19.93,22.29,8.01,70.28,42.75,56.95,8.04
281.68,39.54,19.93,22.25,8.01,70.49,42.66,57.09,8.05
281.69,39.46,19.93,22.29,8.04,70.49,42.66,56.95,8.05
281.70,39.46,19.90,22.29,8.02,70.28,42.75,56.95,8.04
281.71,39.46,19.93,22.29,8.02,70.28,42.66,57.09,8.05
281.72,39.46,19.93,22.25,8.02,70.28,42.75,57.09,8.06
281.73,39.46,19.93,22.29,8.01,70.28,42.66,56.95,8.05
281.74,39.46,19.93,22.25,8.01,70.28,42.75,57.09,8.04
281.75,39.46,19.90,22.29,8.02,70.28,42.66,56.95,8.04
281.76,39.46,19.93,22.25,8.04,70.28,42.75,56.95,8.06
281.77,39.54,19.93,22.25,8.02,70.49,42.66,56.95,8.05
281.78,39.46,19.93,22.25,8.01,70.28,42.66,57.09,8.03
281.79,39.46,19.93,22.25,8.01,70.28,42.66,56.95,8.04
281.80,39.46,19.96,22.25,8.01,70.28,42.66,56.95,8.05
281.81,39.46,19.90,22.25,8.01,70.28,42.66,56.95,8.05
281.82,39.54,19.93,22.25,8.02,70.28,42.75,56.95,8.05
281.83,39.54,19.96,22.29,8.02,70.28,42.66,56.95,8.04
281.84,39.54,19.93,22.25,8.01,70.28,42.66,56.95,8.05
281.85,39.46,19.96,22.29,8.02,70.28,42.75,56.95,8.04
281.86,39.46,19.93,22.29,8.01,70.28,42.75,56.95,8.04
281.87,39.54,19.93,22.29,8.04,70.28,42.75,57.09,8.05
281.88,39.46,19.93,22.29,8.02,70.28,42.75,57.09,8.04
281.89,39.54,19.93,22.29,8.02,70.28,42.75,56.95,8.04
281.90,39.46,19.93,22.25,8.02,70.28,42.75,56.95,8.05
281.91,39.46,19.93,22.25,8.01,70.28,42.75,56.95,8.05
281.92,39.54,19.93,22.25,8.01,70.28,42.66,56.95,8.05
281.93,39.46,19.93,22.29,8.02,70.28,42.75,56.95,8.05
281.94,39.54,19.93,22.29,8.02,70.28,42.75,56.95,8.06
281.95,39.54,19.93,22.25,8.02,70.49,42.75,56.95,8.04
281.96,39.46,19.93,22.29,8.01,70.49,42.75,57.09,8.05
281.97,39.46,19.93,22.25,8.02,70.28,42.75,56.95,8.04
281.98,39.54,19.96,22.25,8.01,70.28,42.66,57.09,8.05
282.01,39.54,19.96,22.29,8.02,70.28,42.66,56.95,8.04
282.01,39.54,19.93,22.25,8.02,70.28,42.75,56.95,8.04
282.02,39.54,19.93,22.29,8.02,70.28,42.75,56.95,8.05
282.03,39.46,19.93,22.29,8.01,70.49,42.75,56.95,8.04
282.04,39.54,19.90,22.25,8.04,70.28,42.66,56.95,8.04
282.05,39.46,19.96,22.29,8.02,70.49,42.66,57.09,8.05
282.06,39.46,19.93,22.25,8.02,70.49,42.75,57.09,8.05
282.07,39.54,19.90,22.29,8.01,70.49,42.75,56.95,8.05
282.08,39.54,19.93,22.25,8.04,70.28,42.66,56.95,8.04
282.09,39.46,19.93,22.29,8.01,70.28,42.75,57.23,8.05
282.10,39.54,19.96,22.25,8.01,70.28,42.66,56.95,8.04
282.11,39.54,19.93,22.29,8.02,70.28,42.75,56.95,8.04
282.12,39.54,19.93,22.25,8.01,70.49,42.66,56.95,8.04
282.13,39.54,19.93,22.25,8.02,70.49,42.75,56.95,8.04
282.14,39.54,19.96,22.25,8.02,70.28,42.75,56.95,8.05
282.15,39.54,19.93,22.29,8.01,70.28,42.75,56.95,8.05
282.16,39.54,19.93,22.29,8.02,70.28,42.75,57.09,8.05
282.17,39.46,19.96,22.25,8.01,70.49,42.66,56.95,8.05
282.18,39.54,19.93,22.25,8.01,70.49,42.75,57.09,8.05
282.19,39.54,19.93,22.25,8.02,70.49,42.84,56.95,8.04
282.20,39.54,19.93,22.29,8.02,70.49,42.75,56.95,8.04
282.21,39.54,19.96,22.29,8.01,70.49,42.75,56.95,8.05
282.22,39.54,19.90,22.29,8.02,70.49,42.75,56.95,8.04
282.23,39.46,19.93,22.25,8.02,70.28,42.75,57.09,8.05
282.24,39.54,19.93,22.29,8.02,70.49,42.75,56.95,8.05
282.25,39.54,19.93,22.32,8.02,70.49,42.66,56.95,8.04
282.26,39.46,19.93,22.29,8.02,70.28,42.84,56.95,8.05
282.27,39.46,19.93,22.25,8.01,70.28,42.84,56.95,8.05
282.28,39.54,19.96,22.29,8.02,70.49,42.66,56.95,8.04
282.29,39.38,19.96,22.25,8.02,70.49,42.66,57.09,8.04
282.30,39.46,19.93,22.29,8.01,70.49,42.75,57.09,8.04
282.31,39.54,19.96,22.25,8.01,70.28,42.75,56.95,8.04
282.32,39.54,19.93,22.25,8.01,70.49,42.75,57.09,8.05
282.33,39.54,19.96,22.29,8.02,70.49,42.66,56.95,8.05
282.34,39.54,19.93,22.29,8.04,70.28,42.84,57.09,8.05
282.35,39.54,19.93,22.29,8.01,70.28,42.66,56.95,8.05
282.36,39.54,19.93,22.25,8.01,70.49,42.66,57.09,8.04
282.37,39.54,19.93,22.29,8.02,70.70,42.66,56.95,8.04
282.38,39.54,19.96,22.25,8.01,70.49,42.57,56.95,8.05
282.39,39.46,19.93,22.29,8.02,70.49,42.75,57.09,8.04
282.40,39.38,19.93,22.25,8.04,70.28,42.75,57.09,8.04
282.41,39.54,19.96,22.29,8.02,70.49,42.75,56.95,8.05
282.42,39.54,19.96,22.25,8.02,70.49,42.75,57.09,8.04
282.43,39.46,19.93,22.25,8.01,70.49,42.66,57.23,8.04
282.44,39.46,19.93,22.25,8.02,70.49,42.66,56.95,8.04
282.45,39.54,19.96,22.29,8.02,70.28,42.75,56.95,8.04
282.46,39.54,19.93,22.25,8.01,70.49,42.75,57.09,8.05
282.47,39.54,19.93,22.29,8.01,70.28,42.66,57.09,8.05
282.48,39.54,19.93,22.29,8.04,70.49,42.66,56.95,8.05
282.49,39.54,19.93,22.29,8.01,70.49,42.66,57.09,8.05
282.50,39.46,19.93,22.29,8.01,70.49,42.75,56.95,8.06
282.51,39.46,19.96,22.25,8.01,70.49,42.84,56.95,8.05
282.52,39.54,19.93,22.29,8.01,70.49,42.75,57.09,8.05
282.53,39.54,19.96,22.29,8.02,70.49,42.75,56.95,8.06
282.54,39.46,19.93,22.29,8.02,70.28,42.66,57.09,8.05
282.55,39.46,19.93,22.29,8.02,70.28,42.75,57.09,8.04
282.56,39.54,19.93,22.29,8.02,70.49,42.75,57.09,8.05
282.57,39.54,19.93,22.29,8.01,70.49,42.75,57.09,8.05
282.58,39.54,19.93,22.25,8.04,70.28,42.75,56.95,8.04
282.59,39.46,19.96,22.29,8.04,70.28,42.66,56.95,8.05
282.60,39.54,19.90,22.25,8.02,70.28,42.75,57.09,8.04
282.61,39.54,19.96,22.29,8.04,70.49,42.84,56.95,8.05
282.62,39.46,19.93,22.25,8.01,70.49,42.75,57.09,8.05
282.63,39.54,19.93,22.29,8.04,70.28,42.75,56.95,8.04
282.64,39.54,19.93,22.25,8.02,70.49,42.75,57.09,8.05
282.65,39.46,19.96,22.29,8.02,70.28,42.84,57.09,8.04
282.66,39.46,19.93,22.29,8.04,70.49,42.75,57.09,8.05
282.67,39.54,19.96,22.29,8.02,70.49,42.75,57.09,8.04
282.68,39.54,19.93,22.29,8.04,70.49,42.75,57.09,8.04
282.69,39.54,19.93,22.29,8.02,70.49,42.75,56.95,8.05
282.70,39.54,19.93,22.25,8.01,70.49,42.75,56.95,8.05
282.71,39.54,19.96,22.29,8.02,70.49,42.75,57.09,8.04
282.72,39.54,19.96,22.32,8.04,70.49,42.75,57.09,8.05
282.73,39.54,19.93,22.29,8.02,70.28,42.75,57.09,8.05
282.74,39.54,19.93,22.29,8.04,70.49,42.75,57.09,8.05
282.75,39.54,19.93,22.29,8.02,70.49,42.75,56.95,8.04
282.76,39.54,19.93,22.29,8.04,70.49,42.75,57.09,8.05
282.77,39.54,19.96,22.29,8.02,70.49,42.75,56.95,8.05
282.78,39.54,19.93,22.29,8.02,70.49,42.75,57.09,8.06
282.79,39.54,19.93,22.29,8.02,70.49,42.75,57.09,8.05
282.80,39.46,19.93,22.25,8.02,70.49,42.75,56.95,8.05
282.81,39.46,19.93,22.29,8.04,70.49,42.84,57.09,8.05
282.82,39.54,19.96,22.25,8.02,70.28,42.75,57.09,8.04
282.83,39.54,19.96,22.29,8.02,70.49,42.75,57.09,8.04
282.84,39.54,19.93,22.29,8.01,70.49,42.75,57.09,8.05
282.85,39.46,19.93,22.29,8.02,70.49,42.66,57.09,8.05
282.86,39.46,19.93,22.29,8.02,70.49,42.75,57.23,8.05
282.87,39.62,19.96,22.29,8.02,70.70,42.66,56.95,8.05
282.88,39.54,19.93,22.29,8.04,70.28,42.75,57.09,8.05
282.89,39.54,19.93,22.29,8.02,70.49,42.75,57.09,8.04
282.90,39.54,19.93,22.29,8.02,70.49,42.75,56.95,8.06
282.91,39.54,19.96,22.29,8.02,70.49,42.75,56.95,8.04
282.92,39.54,19.93,22.29,8.04,70.49,42.75,57.09,8.05
282.93,39.62,19.93,22.29,8.04,70.49,42.75,57.09,8.06
282.94,39.54,19.96,22.29,8.02,70.28,42.75,57.09,8.05
282.95,39.54,19.93,22.29,8.01,70.49,42.66,57.09,8.05
282.96,39.54,19.96,22.29,8.02,70.28,42.66,57.09,8.04
282.97,39.62,19.93,22.29,8.04,70.49,42.75,57.09,8.05
282.98,39.54,19.93,22.32,8.02,70.49,42.75,57.09,8.05
282.99,39.54,19.93,22.29,8.01,70.49,42.84,56.95,8.05
283.00,39.54,19.93,22.29,8.04,70.49,42.75,57.09,8.05
283.01,39.54,19.93,22.29,8.01,70.49,42.66,56.95,8.05
283.02,39.54,19.93,22.32,8.02,70.28,42.66,57.09,8.05
283.03,39.46,19.96,22.29,8.01,70.49,42.75,57.09,8.05
283.04,39.54,19.96,22.29,8.01,70.49,42.75,56.95,8.05
283.05,39.54,19.93,22.29,8.04,70.49,42.75,57.09,8.05
283.06,39.54,19.96,22.29,8.02,70.49,42.66,57.09,8.04
283.07,39.54,19.96,22.29,8.02,70.28,42.75,57.09,8.05
283.08,39.54,19.96,22.29,8.02,70.49,42.75,57.09,8.05
283.09,39.54,19.93,22.29,8.02,70.49,42.75,57.09,8.05
283.10,39.54,19.96,22.29,8.04,70.49,42.75,57.23,8.05
283.11,39.54,19.93,22.29,8.02,70.28,42.75,57.09,8.05
283.12,39.54,19.93,22.29,8.02,70.49,42.66,57.23,8.05
283.13,39.46,19.93,22.29,8.04,70.28,42.75,57.09,8.04
283.14,39.46,19.93,22.29,8.02,70.49,42.66,57.09,8.05
283.15,39.54,19.93,22.25,8.01,70.49,42.75,56.95,8.05
283.16,39.54,19.96,22.29,8.02,70.49,42.75,57.09,8.05
283.17,39.54,19.96,22.29,8.04,70.49,42.75,57.09,8.05
283.18,39.54,19.96,22.29,8.02,70.28,42.75,57.09,8.05
283.19,39.54,19.93,22.29,8.02,70.49,42.84,57.23,8.05
283.20,39.54,19.96,22.29,8.02,70.49,42.75,57.09,8.05
283.21,39.54,19.93,22.29,8.01,70.49,42.66,57.09,8.06
283.22,39.54,19.93,22.29,8.04,70.49,42.75,57.09,8.05
283.23,39.54,19.93,22.29,8.04,70.28,42.75,57.09,8.04
283.24,39.54,19.99,22.29,8.02,70.49,42.75,57.09,8.04
283.25,39.54,19.93,22.29,8.02,70.49,42.84,57.09,8.06
283.26,39.54,19.96,22.29,8.02,70.49,42.66,57.09,8.05
283.27,39.54,19.96,22.29,8.02,70.49,42.75,57.23,8.05
283.28,39.54,19.93,22.29,8.04,70.49,42.75,57.09,8.05
283.29,39.54,19.96,22.29,8.04,70.49,42.66,57.23,8.05
283.30,39.54,19.96,22.32,8.04,70.49,42.84,57.09,8.06
283.31,39.54,19.96,22.32,8.04,70.49,42.75,57.09,8.05
283.32,39.46,19.93,22.29,8.02,70.49,42.75,57.09,8.05
283.33,39.54,19.93,22.29,8.02,70.49,42.84,57.09,8.05
283.34,39.46,19.99,22.29,8.02,70.49,42.75,57.09,8.05
283.35,39.54,19.93,22.29,8.01,70.49,42.66,57.09,8.04
283.36,39.54,19.96,22.29,8.02,70.49,42.84,57.09,8.05
283.37,39.54,19.96,22.29,8.02,70.49,42.84,57.09,8.04
283.38,39.54,19.96,22.29,8.02,70.49,42.75,57.09,8.05
283.39,39.54,19.96,22.29,8.01,70.49,42.75,57.09,8.05
283.40,39.54,19.96,22.29,8.02,70.49,42.75,57.09,8.04
283.41,39.54,19.93,22.29,8.01,70.49,42.66,57.09,8.05
283.42,39.54,19.93,22.29,8.02,70.49,42.66,57.09,8.05
283.43,39.54,19.96,22.29,8.02,70.49,42.75,57.09,8.05
283.44,39.54,19.93,22.29,8.02,70.49,42.66,57.23,8.04
283.45,39.54,19.96,22.32,8.01,70.49,42.84,57.09,8.05
283.46,39.62,19.96,22.32,8.02,70.49,42.75,57.23,8.05
283.47,39.46,19.99,22.29,8.02,70.49,42.75,57.09,8.05
283.48,39.46,19.93,22.32,8.04,70.49,42.75,57.23,8.06
283.49,39.54,19.96,22.32,8.02,70.49,42.75,57.09,8.05
283.50,39.62,19.96,22.29,8.02,70.49,42.75,57.09,8.04
283.51,39.54,19.93,22.32,8.02,70.49,42.75,57.23,8.05
283.52,39.54,19.93,22.32,8.02,70.49,42.84,57.09,8.05
283.53,39.54,19.93,22.29,8.04,70.28,42.75,57.09,8.05
283.54,39.62,19.93,22.29,8.04,70.49,42.84,57.09,8.05
283.55,39.54,19.93,22.29,8.02,70.70,42.84,57.09,8.06
283.56,39.54,19.96,22.29,8.02,70.28,42.75,57.09,8.04
283.57,39.54,19.93,22.29,8.02,70.49,42.75,57.09,8.04
283.58,39.54,19.96,22.32,8.02,70.49,42.75,57.09,8.05
283.59,39.54,19.96,22.29,8.02,70.49,42.75,56.95,8.05
283.60,39.54,19.93,22.32,8.02,70.49,42.75,57.09,8.06
283.61,39.54,19.96,22.29,8.04,70.49,42.75,57.23,8.05
283.62,39.62,19.93,22.29,8.02,70.49,42.75,56.95,8.05
283.63,39.54,19.96,22.29,8.01,70.49,42.75,57.09,8.05
283.64,39.54,19.96,22.29,8.02,70.49,42.75,57.09,8.05
283.65,39.54,19.96,22.29,8.02,70.49,42.75,57.09,8.06
283.66,39.54,19.93,22.29,8.04,70.49,42.84,57.09,8.05
283.67,39.54,19.93,22.32,8.04,70.49,42.75,57.23,8.06
283.68,39.54,19.96,22.29,8.02,70.49,42.75,57.09,8.05
283.69,39.46,19.96,22.29,8.04,70.49,42.84,57.09,8.05
283.70,39.54,19.96,22.32,8.02,70.49,42.75,57.23,8.06
283.71,39.54,19.93,22.32,8.02,70.49,42.84,57.23,8.05
283.72,39.54,19.96,22.32,8.02,70.49,42.75,57.23,8.05
283.73,39.54,19.96,22.29,8.02,70.49,42.75,57.09,8.06
283.74,39.54,19.96,22.29,8.02,70.49,42.75,57.09,8.04
283.75,39.62,19.96,22.32,8.02,70.49,42.84,57.09,8.05
283.76,39.46,19.93,22.29,8.02,70.49,42.75,57.09,8.04
283.77,39.54,19.93,22.32,8.01,70.70,42.84,57.23,8.05
283.78,39.54,19.96,22.32,8.02,70.49,42.75,57.23,8.04
283.79,39.54,19.96,22.29,8.02,70.49,42.75,57.09,8.05
283.80,39.62,19.96,22.32,8.02,70.49,42.75,57.09,8.05
283.81,39.54,19.96,22.29,8.04,70.49,42.75,57.09,8.06
283.82,39.54,19.96,22.32,8.02,70.49,42.75,57.09,8.06
283.83,39.62,19.96,22.32,8.02,70.49,42.84,57.23,8.04
283.84,39.54,19.99,22.29,8.02,70.49,42.75,57.09,8.05
283.85,39.54,19.93,22.32,8.02,70.49,42.75,57.09,8.05
283.86,39.54,19.96,22.32,8.04,70.49,42.75,57.09,8.05
283.87,39.54,19.96,22.29,8.02,70.49,42.84,57.09,8.05
283.88,39.54,19.96,22.32,8.04,70.70,42.84,57.23,8.05
283.89,39.54,19.93,22.29,8.02,70.49,42.66,57.09,8.05
283.90,39.54,19.96,22.29,8.02,70.49,42.75,57.09,8.05
283.91,39.54,19.96,22.32,8.02,70.49,42.84,57.09,8.05
283.92,39.62,19.93,22.32,8.04,70.49,42.75,56.95,8.06
283.93,39.54,19.93,22.32,8.02,70.49,42.75,57.23,8.05
283.94,39.54,19.93,22.29,8.01,70.70,42.84,57.09,8.05
283.95,39.54,19.96,22.32,8.02,70.70,42.75,57.09,8.05
283.96,39.54,19.96,22.29,8.02,70.70,42.84,57.09,8.04
283.97,39.62,19.96,22.29,8.04,70.49,42.75,57.09,8.06
283.98,39.54,19.96,22.29,8.02,70.49,42.84,57.09,8.06
283.99,39.54,19.96,22.29,8.02,70.49,42.84,57.23,8.05
284.00,39.54,19.96,22.29,8.04,70.49,42.75,57.09,8.05
284.01,39.54,19.96,22.29,8.02,70.70,42.75,57.23,8.05
284.02,39.54,19.96,22.32,8.02,70.70,42.84,57.23,8.05
284.03,39.54,19.96,22.32,8.04,70.49,42.84,57.23,8.05
284.04,39.54,19.96,22.29,8.02,70.70,42.84,57.09,8.05
284.05,39.54,19.93,22.29,8.01,70.49,42.84,57.09,8.05
284.06,39.54,19.96,22.32,8.02,70.49,42.84,57.09,8.06
284.07,39.54,19.93,22.32,8.02,70.49,42.75,57.23,8.04
284.08,39.54,19.96,22.29,8.02,70.49,42.75,57.09,8.05
284.09,39.54,19.96,22.32,8.04,70.49,42.75,57.09,8.04
284.10,39.54,19.93,22.29,8.02,70.49,42.84,57.23,8.05
284.11,39.62,19.96,22.32,8.02,70.70,42.75,57.09,8.05
284.12,39.54,19.93,22.32,8.04,70.49,42.75,57.09,8.05
284.13,39.54,19.93,22.32,8.02,70.49,42.75,57.09,8.06
284.14,39.54,19.96,22.29,8.01,70.49,42.75,57.23,8.05
284.15,39.54,19.93,22.32,8.04,70.49,42.75,57.23,8.04
284.16,39.54,19.93,22.29,8.02,70.49,42.75,57.09,8.05
284.17,39.62,19.93,22.29,8.02,70.49,42.84,57.23,8.05
284.18,39.54,19.96,22.29,8.02,70.49,42.84,57.09,8.05
284.19,39.54,19.93,22.29,8.02,70.49,42.75,57.23,8.05
284.20,39.54,19.96,22.29,8.02,70.49,42.84,57.23,8.05
284.21,39.54,19.96,22.32,8.02,70.70,42.75,57.23,8.06
284.22,39.54,19.96,22.32,8.02,70.49,42.84,57.23,8.05
284.23,39.54,19.96,22.29,8.02,70.49,42.84,57.09,8.06
284.24,39.54,19.93,22.32,8.01,70.49,42.75,57.23,8.05
284.25,39.54,19.96,22.32,8.02,70.49,42.75,57.09,8.05
284.26,39.54,19.96,22.32,8.02,70.49,42.84,57.23,8.05
284.27,39.62,19.96,22.29,8.02,70.49,42.75,57.09,8.05
284.28,39.54,19.93,22.32,8.02,70.49,42.75,57.23,8.05
284.29,39.54,19.96,22.29,8.02,70.70,42.75,57.23,8.05
284.30,39.54,19.96,22.29,8.02,70.49,42.84,57.09,8.05
284.31,39.54,19.96,22.32,8.04,70.70,42.75,57.23,8.05
284.32,39.54,19.93,22.32,8.02,70.70,42.75,57.09,8.05
284.33,39.54,19.96,22.29,8.02,70.49,42.84,57.09,8.05
284.34,39.54,19.93,22.29,8.02,70.49,42.84,57.09,8.05
284.35,39.54,19.96,22.32,8.02,70.49,42.84,57.23,8.05
284.36,39.62,19.96,22.32,8.02,70.49,42.84,57.23,8.04
284.37,39.54,19.96,22.32,8.02,70.49,42.75,57.09,8.06
284.38,39.54,19.96,22.32,8.02,70.49,42.84,57.23,8.05
284.39,39.54,19.96,22.32,8.02,70.49,42.66,57.09,8.05
284.40,39.54,19.96,22.32,8.04,70.49,42.84,57.23,8.05
284.41,39.62,19.96,22.32,8.04,70.49,42.84,57.09,8.05
284.42,39.54,19.99,22.29,8.04,70.49,42.84,57.23,8.05
284.43,39.46,19.93,22.32,8.04,70.70,42.75,57.23,8.05
284.44,39.54,19.96,22.29,8.02,70.49,42.84,57.23,8.05
284.45,39.54,19.96,22.32,8.02,70.49,42.84,57.09,8.05
284.46,39.54,19.99,22.29,8.02,70.49,42.75,57.23,8.06
284.47,39.62,19.96,22.32,8.02,70.49,42.75,57.09,8.05
284.48,39.54,19.96,22.32,8.02,70.49,42.75,57.09,8.05
284.49,39.62,19.96,22.32,8.01,70.49,42.84,57.09,8.05
284.50,39.54,19.96,22.29,8.02,70.49,42.75,57.23,8.05
284.51,39.54,19.99,22.32,8.02,70.49,42.75,57.09,8.04
284.52,39.54,19.93,22.32,8.01,70.49,42.75,57.23,8.05
284.53,39.62,19.96,22.29,8.02,70.49,42.75,57.23,8.05
284.54,39.54,19.96,22.32,8.02,70.70,42.92,57.23,8.05
284.55,39.54,19.96,22.32,8.04,70.49,42.75,57.09,8.05
284.56,39.54,19.96,22.32,8.02,70.49,42.75,57.09,8.05
284.57,39.54,19.93,22.32,8.04,70.49,42.75,57.09,8.05
284.58,39.54,19.96,22.29,8.02,70.49,42.84,57.23,8.07
284.59,39.54,19.99,22.32,8.04,70.49,42.84,57.09,8.04
284.60,39.54,19.96,22.29,8.04,70.49,42.75,57.09,8.07
284.61,39.54,19.96,22.29,8.04,70.49,42.84,57.09,8.05
284.62,39.54,19.96,22.29,8.04,70.70,42.84,57.23,8.05
284.63,39.54,19.93,22.29,8.02,70.49,42.75,57.23,8.05
284.64,39.62,19.96,22.32,8.04,70.70,42.84,57.09,8.05
284.65,39.54,19.93,22.32,8.04,70.49,42.84,57.09,8.05
284.66,39.54,19.96,22.32,8.04,70.49,42.84,57.23,8.05
284.67,39.62,19.96,22.32,8.04,70.49,42.84,57.23,8.05
284.68,39.54,19.96,22.29,8.02,70.70,42.75,57.23,8.05
284.69,39.54,19.93,22.35,8.02,70.49,42.84,57.09,8.05
284.70,39.54,19.96,22.29,8.02,70.70,42.84,57.09,8.05
284.71,39.54,19.96,22.32,8.04,70.70,42.75,57.09,8.05
284.72,39.54,19.96,22.32,8.02,70.70,42.84,57.09,8.05
284.73,39.54,19.99,22.32,8.04,70.70,42.84,57.23,8.05
284.74,39.54,19.96,22.32,8.02,70.49,42.75,57.23,8.05
284.75,39.54,19.96,22.32,8.02,70.49,42.84,57.09,8.05
284.76,39.62,19.96,22.32,8.02,70.70,42.84,57.09,8.05
284.77,39.54,19.96,22.32,8.02,70.49,42.84,57.23,8.05
284.78,39.54,19.96,22.32,8.02,70.49,42.75,57.09,8.05
284.79,39.62,19.96,22.32,8.04,70.70,42.84,57.23,8.05
284.80,39.54,19.99,22.32,8.02,70.49,42.84,57.23,8.05
284.81,39.54,19.96,22.32,8.02,70.49,42.84,57.23,8.05
284.82,39.54,19.99,22.32,8.02,70.49,42.84,57.09,8.05
284.83,39.54,19.96,22.32,8.02,70.49,42.84,57.09,8.05
284.84,39.54,19.96,22.29,8.02,70.49,42.66,57.23,8.05
284.85,39.62,19.99,22.32,8.02,70.70,42.84,57.23,8.05
284.86,39.54,19.99,22.29,8.02,70.70,42.84,57.23,8.05
284.87,39.54,19.96,22.32,8.04,70.70,42.75,57.23,8.05
284.88,39.62,19.96,22.32,8.02,70.49,42.84,57.23,8.06
284.89,39.54,19.96,22.32,8.04,70.70,42.84,57.23,8.06
284.90,39.54,19.96,22.32,8.04,70.70,42.84,57.09,8.05
284.91,39.54,19.99,22.32,8.04,70.49,42.84,57.09,8.04
284.92,39.62,19.96,22.29,8.04,70.70,42.84,57.23,8.05
284.93,39.54,19.96,22.32,8.04,70.49,42.75,57.23,8.05
284.94,39.54,19.96,22.32,8.02,70.49,42.84,57.23,8.05
284.95,39.62,19.93,22.32,8.02,70.70,42.84,57.23,8.06
284.96,39.54,19.99,22.32,8.02,70.70,42.84,57.09,8.05
284.97,39.54,19.96,22.32,8.02,70.49,42.84,57.23,8.04
284.98,39.54,19.96,22.32,8.02,70.49,42.84,57.09,8.05
284.99,39.62,19.96,22.32,8.02,70.49,42.84,57.09,8.05
285.00,39.54,19.96,22.32,8.02,70.49,42.75,57.23,8.06
285.01,39.54,19.96,22.29,8.04,70.70,42.75,57.23,8.06
285.02,39.54,19.96,22.32,8.02,70.49,42.84,57.23,8.05
285.03,39.62,19.96,22.32,8.02,70.49,42.75,57.23,8.06
285.04,39.62,19.96,22.32,8.04,70.70,42.84,57.23,8.05
285.05,39.54,19.96,22.32,8.02,70.70,42.84,57.23,8.06
285.06,39.54,19.96,22.32,8.04,70.70,42.84,57.23,8.06
285.07,39.54,19.96,22.32,8.04,70.49,42.75,57.23,8.06
285.08,39.62,19.96,22.32,8.02,70.70,42.84,57.23,8.05
285.09,39.54,19.96,22.29,8.04,70.49,42.75,57.23,8.05
285.10,39.54,19.96,22.32,8.02,70.49,42.84,57.23,8.05
285.11,39.54,19.93,22.32,8.04,70.70,42.84,57.23,8.05
285.12,39.62,19.93,22.32,8.02,70.70,42.75,57.23,8.05
285.13,39.54,19.96,22.32,8.04,70.49,42.84,57.23,8.06
285.14,39.54,19.96,22.32,8.02,70.49,42.75,57.23,8.04
285.15,39.54,19.96,22.32,8.02,70.49,42.75,57.23,8.05
285.16,39.62,19.96,22.32,8.01,70.70,42.84,57.23,8.05
285.17,39.62,19.96,22.32,8.02,70.49,42.84,57.23,8.05
285.18,39.54,19.96,22.32,8.02,70.49,42.84,57.23,8.05
285.19,39.62,19.99,22.29,8.04,70.49,42.84,57.23,8.06
285.20,39.54,19.99,22.32,8.02,70.49,42.75,57.23,8.05
285.21,39.62,19.99,22.32,8.02,70.49,42.84,57.23,8.04
285.22,39.54,19.96,22.32,8.02,70.49,42.84,57.09,8.06
285.23,39.54,19.96,22.32,8.04,70.49,42.75,57.23,8.05
285.24,39.54,19.96,22.32,8.02,70.49,42.84,57.23,8.05
285.25,39.54,19.96,22.32,8.04,70.49,42.84,57.23,8.05
285.26,39.62,19.96,22.32,8.02,70.70,42.75,57.23,8.05
285.27,39.62,19.96,22.32,8.04,70.49,42.84,57.38,8.06
285.28,39.54,19.96,22.32,8.02,70.70,42.84,57.23,8.05
285.29,39.62,19.96,22.32,8.02,70.49,42.75,57.23,8.05
285.30,39.62,19.96,22.32,8.04,70.49,42.84,57.09,8.06
285.31,39.54,19.96,22.32,8.02,70.49,42.84,57.23,8.05
285.32,39.62,19.96,22.32,8.04,70.49,42.84,57.23,8.05
285.33,39.62,19.96,22.32,8.02,70.49,42.84,57.23,8.05
285.34,39.62,19.96,22.32,8.04,70.70,42.84,57.23,8.05
285.35,39.62,19.96,22.32,8.04,70.70,42.84,57.23,8.05
285.36,39.62,19.96,22.32,8.04,70.70,42.84,57.23,8.05
285.37,39.62,19.99,22.32,8.04,70.70,42.84,57.23,8.06
285.38,39.62,19.99,22.32,8.04,70.49,42.84,57.23,8.05
285.39,39.62,19.96,22.32,8.02,70.49,42.84,57.23,8.05
285.40,39.62,19.96,22.32,8.02,70.49,42.84,57.23,8.05
285.41,39.54,19.99,22.32,8.04,70.70,42.84,57.23,8.05
285.42,39.62,19.96,22.32,8.04,70.70,42.84,57.38,8.06
285.43,39.54,19.99,22.32,8.04,70.70,42.84,57.23,8.05
285.44,39.54,19.96,22.32,8.04,70.70,42.84,57.23,8.05
285.45,39.54,19.96,22.32,8.02,70.49,42.75,57.23,8.04
285.46,39.54,19.99,22.32,8.04,70.70,42.84,57.23,8.05
285.47,39.54,19.99,22.32,8.02,70.70,42.75,57.23,8.06
285.48,39.62,19.96,22.32,8.02,70.49,42.84,57.38,8.05
285.49,39.54,19.96,22.32,8.02,70.70,42.84,57.23,8.05
285.50,39.54,19.99,22.32,8.02,70.70,42.84,57.23,8.06
285.51,39.54,19.96,22.29,8.04,70.49,42.75,57.23,8.06
285.52,39.62,19.96,22.32,8.02,70.49,42.75,57.09,8.06
285.53,39.62,19.93,22.32,8.02,70.49,42.84,57.23,8.05
285.54,39.54,19.96,22.32,8.02,70.49,42.84,57.23,8.06
285.55,39.54,19.96,22.32,8.02,70.70,42.84,57.23,8.05
285.56,39.62,19.96,22.32,8.02,70.49,42.75,57.23,8.06
285.57,39.62,19.99,22.32,8.04,70.70,42.84,57.23,8.05
285.58,39.62,19.96,22.32,8.02,70.49,42.84,57.23,8.06
285.59,39.54,19.99,22.32,8.02,70.70,42.84,57.23,8.05
285.60,39.54,19.96,22.32,8.02,70.70,42.84,57.23,8.05
285.61,39.62,19.99,22.32,8.02,70.70,42.84,57.23,8.05
285.62,39.62,19.93,22.32,8.04,70.70,42.84,57.23,8.06
285.63,39.62,19.99,22.32,8.02,70.49,42.84,57.23,8.05
285.64,39.54,19.96,22.32,8.02,70.70,42.84,57.38,8.05
285.65,39.62,19.96,22.35,8.02,70.49,42.84,57.23,8.05
285.66,39.54,19.96,22.32,8.04,70.70,42.84,57.23,8.05
285.67,39.62,19.96,22.32,8.02,70.70,42.84,57.38,8.06
285.68,39.62,19.96,22.32,8.02,70.70,42.84,57.23,8.05
285.69,39.62,19.96,22.32,8.02,70.70,42.84,57.23,8.05
285.70,39.54,19.96,22.35,8.04,70.70,42.84,57.38,8.06
285.71,39.62,19.96,22.32,8.02,70.70,42.75,57.23,8.06
285.72,39.62,19.99,22.35,8.04,70.70,42.92,57.23,8.05
285.73,39.54,19.96,22.32,8.02,70.70,42.84,57.38,8.05
285.74,39.62,19.96,22.32,8.02,70.70,42.75,57.23,8.05
285.75,39.70,19.96,22.35,8.02,70.49,42.84,57.23,8.04
285.76,39.54,19.96,22.32,8.02,70.70,42.84,57.23,8.05
285.77,39.62,19.99,22.32,8.02,70.70,42.84,57.23,8.05
285.78,39.62,19.99,22.35,8.04,70.70,42.84,57.23,8.05
285.79,39.62,19.99,22.32,8.02,70.70,42.84,57.23,8.05
285.80,39.62,19.99,22.32,8.04,70.70,42.92,57.23,8.05
285.81,39.54,19.99,22.32,8.02,70.70,42.84,57.23,8.06
285.82,39.62,19.96,22.32,8.04,70.70,42.84,57.23,8.06
285.83,39.62,19.99,22.32,8.04,70.70,42.84,57.23,8.05
285.84,39.62,19.96,22.35,8.02,70.70,42.84,57.23,8.05
285.85,39.54,19.96,22.32,8.04,70.70,42.84,57.23,8.05
285.86,39.54,19.96,22.32,8.04,70.70,42.84,57.23,8.05
285.87,39.62,19.96,22.35,8.02,70.70,42.84,57.23,8.05
285.88,39.62,19.96,22.35,8.02,70.70,42.75,57.23,8.05
285.89,39.54,19.96,22.32,8.04,70.70,42.84,57.23,8.05
285.90,39.62,19.96,22.32,8.02,70.70,42.84,57.23,8.05
285.91,39.54,19.93,22.35,8.04,70.70,42.84,57.23,8.05
285.92,39.54,19.99,22.32,8.02,70.70,42.84,57.23,8.05
285.93,39.62,19.96,22.32,8.04,70.70,42.84,57.23,8.05
285.94,39.62,19.99,22.32,8.04,70.91,42.84,57.23,8.05
285.95,39.62,19.96,22.32,8.02,70.49,42.84,57.23,8.05
285.96,39.62,19.99,22.32,8.04,70.70,42.92,57.38,8.05
285.97,39.62,19.99,22.32,8.02,70.70,42.84,57.23,8.05
285.98,39.62,19.99,22.32,8.02,70.70,42.75,57.23,8.05
285.99,39.54,19.96,22.35,8.04,70.49,42.92,57.23,8.06
286.00,39.62,19.96,22.32,8.02,70.49,42.84,57.23,8.05
286.01,39.62,19.99,22.32,8.04,70.70,42.84,57.23,8.05
286.02,39.54,19.96,22.35,8.02,70.70,42.75,57.23,8.05
286.03,39.54,19.96,22.32,8.02,70.70,42.84,57.23,8.05
286.04,39.54,19.96,22.32,8.04,70.70,42.92,57.38,8.05
286.05,39.54,19.96,22.32,8.04,70.70,42.84,57.23,8.05
286.06,39.62,19.96,22.32,8.04,70.70,42.84,57.23,8.05
286.07,39.62,19.99,22.32,8.02,70.70,42.84,57.23,8.06
286.08,39.54,19.96,22.35,8.04,70.49,42.84,57.23,8.06
286.09,39.62,19.99,22.35,8.02,70.70,42.84,57.23,8.06
286.10,39.54,19.96,22.32,8.02,70.70,42.84,57.23,8.05
286.11,39.54,19.99,22.32,8.04,70.70,42.84,57.23,8.06
286.12,39.54,19.99,22.32,8.04,70.70,42.84,57.23,8.05
286.13,39.62,19.99,22.32,8.04,70.91,42.84,57.38,8.05
286.14,39.62,19.99,22.32,8.04,70.70,42.84,57.23,8.05
286.15,39.62,19.99,22.32,8.02,70.49,42.92,57.23,8.06
286.16,39.62,19.99,22.32,8.02,70.70,42.84,57.23,8.05
286.17,39.62,19.93,22.32,8.02,70.70,42.84,57.23,8.05
286.18,39.54,19.96,22.35,8.04,70.70,42.84,57.38,8.05
286.19,39.62,19.96,22.35,8.02,70.70,42.84,57.23,8.05
286.20,39.62,19.99,22.35,8.02,70.70,42.84,57.23,8.07
286.21,39.62,19.96,22.35,8.04,70.70,42.84,57.23,8.06
286.22,39.62,19.96,22.32,8.02,70.70,42.84,57.23,8.06
286.23,39.62,19.96,22.32,8.02,70.70,42.84,57.23,8.05
286.24,39.62,19.99,22.32,8.04,70.70,42.84,57.23,8.05
286.25,39.62,19.96,22.32,8.04,70.70,42.75,57.38,8.05
286.26,39.62,19.99,22.35,8.04,70.70,42.75,57.23,8.06
286.27,39.62,19.96,22.32,8.02,70.70,42.84,57.23,8.05
286.28,39.62,19.99,22.32,8.04,70.70,42.84,57.38,8.05
286.29,39.62,19.96,22.35,8.04,70.70,42.84,57.23,8.05
286.30,39.62,19.96,22.35,8.04,70.70,42.84,57.38,8.05
286.31,39.54,19.99,22.32,8.02,70.70,42.84,57.23,8.05
286.32,39.62,19.96,22.32,8.04,70.70,42.92,57.38,8.07
286.33,39.62,19.96,22.32,8.04,70.70,42.84,57.38,8.06
286.34,39.62,19.99,22.32,8.04,70.70,42.84,57.23,8.05
286.35,39.62,19.99,22.35,8.02,70.70,42.84,57.23,8.06
286.36,39.62,19.96,22.32,8.02,70.70,42.84,57.38,8.04
286.37,39.62,19.99,22.32,8.04,70.70,42.84,57.23,8.05
286.38,39.62,19.99,22.32,8.04,70.70,42.84,57.23,8.05
286.39,39.54,19.99,22.32,8.02,70.70,42.84,57.23,8.05
286.40,39.54,19.96,22.32,8.04,70.70,42.84,57.38,8.06
286.41,39.62,19.99,22.32,8.04,70.70,42.84,57.23,8.05
286.42,39.62,19.99,22.32,8.04,70.70,42.84,57.23,8.05
286.43,39.62,19.99,22.32,8.02,70.70,42.84,57.23,8.06
286.44,39.62,19.96,22.35,8.04,70.70,42.84,57.38,8.05
286.45,39.62,19.96,22.32,8.04,70.70,42.84,57.23,8.05
286.46,39.62,19.99,22.35,8.02,70.70,42.84,57.38,8.06
286.47,39.54,19.99,22.35,8.02,70.70,42.84,57.38,8.05
286.48,39.62,19.96,22.35,8.04,70.70,42.84,57.23,8.06
286.49,39.62,19.99,22.32,8.04,70.70,42.84,57.23,8.05
286.50,39.62,19.99,22.35,8.04,70.70,42.92,57.23,8.05
286.51,39.62,19.96,22.35,8.04,70.70,42.84,57.23,8.05
286.52,39.62,19.99,22.32,8.04,70.70,42.84,57.23,8.06
286.53,39.62,19.99,22.32,8.02,70.70,42.84,57.23,8.06
286.54,39.62,19.99,22.35,8.04,70.70,42.84,57.23,8.06
286.55,39.62,19.99,22.32,8.02,70.70,42.84,57.23,8.05
286.56,39.62,19.99,22.35,8.04,70.70,42.84,57.23,8.05
286.57,39.62,19.99,22.35,8.04,70.70,42.84,57.38,8.05
286.58,39.62,19.99,22.32,8.02,70.70,42.92,57.23,8.05
286.59,39.62,19.99,22.32,8.02,70.70,42.84,57.23,8.06
286.60,39.62,19.99,22.32,8.04,70.70,42.84,57.23,8.06
286.61,39.62,19.99,22.32,8.04,70.70,42.84,57.38,8.05
286.62,39.62,19.99,22.35,8.04,70.70,42.84,57.23,8.05
286.63,39.62,19.99,22.32,8.02,70.70,42.84,57.23,8.05
286.64,39.62,19.96,22.32,8.04,70.70,42.84,57.23,8.06
286.65,39.62,19.99,22.35,8.04,70.70,42.84,57.23,8.06
286.66,39.62,19.99,22.35,8.04,70.70,42.92,57.38,8.06
286.67,39.62,19.99,22.35,8.02,70.70,42.84,57.23,8.04
286.68,39.62,19.96,22.35,8.02,70.70,42.92,57.23,8.06
286.69,39.62,19.99,22.32,8.02,70.70,42.84,57.38,8.06
286.70,39.62,19.99,22.39,8.04,70.70,42.84,57.23,8.06
286.71,39.70,19.96,22.35,8.04,70.70,42.84,57.38,8.05
286.72,39.62,19.99,22.35,8.04,70.70,42.84,57.23,8.05
286.73,39.62,19.99,22.32,8.04,70.49,42.92,57.23,8.05
286.74,39.62,19.99,22.35,8.04,70.70,42.92,57.23,8.05
286.75,39.62,19.99,22.35,8.02,70.70,42.84,57.23,8.05
286.76,39.62,19.96,22.32,8.04,70.70,42.84,57.38,8.05
286.77,39.62,19.96,22.35,8.02,70.70,42.92,57.23,8.07
286.78,39.62,19.99,22.32,8.02,70.70,42.84,57.38,8.05
286.79,39.62,19.99,22.35,8.04,70.70,42.84,57.38,8.05
286.80,39.62,19.99,22.35,8.04,70.70,42.84,57.23,8.06
286.81,39.62,19.99,22.32,8.04,70.70,42.84,57.38,8.06
286.82,39.62,19.96,22.35,8.04,70.70,42.92,57.38,8.05
286.83,39.62,19.99,22.35,8.02,70.70,42.84,57.38,8.06
286.84,39.62,19.99,22.32,8.04,70.70,42.92,57.38,8.05
286.85,39.62,19.99,22.35,8.02,70.70,42.92,57.23,8.05
286.86,39.62,19.99,22.32,8.02,70.70,42.84,57.38,8.07
286.87,39.62,19.99,22.32,8.04,70.70,42.92,57.38,8.06
286.88,39.62,19.99,22.35,8.04,70.70,42.84,57.38,8.05
286.89,39.62,19.99,22.35,8.02,70.91,42.75,57.23,8.05
286.90,39.62,19.99,22.35,8.04,70.70,42.84,57.38,8.05
286.91,39.62,19.99,22.35,8.02,70.70,42.84,57.38,8.05
286.92,39.62,19.93,22.35,8.04,70.70,42.75,57.23,8.06
286.93,39.62,19.99,22.35,8.04,70.70,42.92,57.38,8.05
286.94,39.54,19.96,22.32,8.04,70.70,42.92,57.38,8.05
286.95,39.62,20.02,22.32,8.04,70.70,42.84,57.38,8.05
286.96,39.62,19.99,22.32,8.04,70.70,42.84,57.23,8.05
286.97,39.62,19.99,22.35,8.02,70.70,42.92,57.38,8.06
286.98,39.62,19.96,22.35,8.04,70.70,42.92,57.23,8.05
286.99,39.62,20.02,22.35,8.04,70.70,42.92,57.38,8.05
287.00,39.62,19.99,22.39,8.04,70.70,42.84,57.38,8.06
287.01,39.70,19.99,22.35,8.02,70.70,42.84,57.38,8.06
287.02,39.54,19.96,22.35,8.04,70.70,42.84,57.38,8.06
287.03,39.70,19.99,22.35,8.04,70.91,42.84,57.38,8.05
287.04,39.46,19.99,22.32,8.04,70.70,42.84,57.38,8.06
287.05,39.54,20.02,22.35,8.04,70.70,42.84,57.38,8.06
287.06,39.62,19.99,22.35,8.04,70.70,42.92,57.38,8.06
287.07,39.62,19.99,22.32,8.04,70.70,42.92,57.23,8.05
287.08,39.62,19.99,22.32,8.04,70.70,42.84,57.23,8.06
287.09,39.62,19.99,22.35,8.04,70.70,42.84,57.38,8.06
287.10,39.62,19.99,22.32,8.02,70.70,42.84,57.23,8.06
287.11,39.62,19.99,22.39,8.04,70.70,42.75,57.38,8.06
287.12,39.62,19.99,22.35,8.04,70.91,42.84,57.38,8.06
287.13,39.62,19.99,22.35,8.04,70.70,42.84,57.38,8.06
287.14,39.62,19.99,22.35,8.04,70.70,42.92,57.38,8.05
287.15,39.62,19.99,22.35,8.02,70.70,42.92,57.38,8.05
287.16,39.62,19.99,22.35,8.04,70.70,42.84,57.38,8.06
287.17,39.62,19.96,22.39,8.04,70.70,42.84,57.23,8.06
287.18,39.62,19.99,22.35,8.02,70.70,42.84,57.38,8.07
287.19,39.62,19.99,22.35,8.04,70.70,42.84,57.23,8.07
287.20,39.54,19.99,22.35,8.04,70.70,42.92,57.38,8.05
287.21,39.62,19.99,22.35,8.04,70.91,42.84,57.38,8.06
287.22,39.62,19.99,22.35,8.04,70.70,42.92,57.38,8.06
287.23,39.62,19.99,22.39,8.04,70.91,42.92,57.23,8.06
287.24,39.62,19.99,22.39,8.04,70.70,42.92,57.38,8.06
287.25,39.54,19.99,22.35,8.04,70.91,42.84,57.23,8.07
287.26,39.62,19.99,22.35,8.02,70.70,42.92,57.23,8.06
287.27,39.62,19.99,22.35,8.04,70.70,42.84,57.38,8.06
287.28,39.62,19.99,22.35,8.04,70.70,42.92,57.23,8.05
287.29,39.62,19.96,22.35,8.04,70.70,42.84,57.23,8.05
287.30,39.62,19.99,22.35,8.02,70.70,42.84,57.38,8.06
287.31,39.62,19.99,22.39,8.04,70.70,42.84,57.38,8.05
287.32,39.62,19.99,22.35,8.04,70.70,42.84,57.38,8.06
287.33,39.62,19.99,22.35,8.04,70.70,42.84,57.38,8.05
287.34,39.62,19.99,22.35,8.02,70.70,42.92,57.38,8.05
287.35,39.62,19.96,22.39,8.04,70.70,42.92,57.23,8.05
287.36,39.62,19.99,22.35,8.04,70.91,42.84,57.38,8.05
287.37,39.62,19.99,22.35,8.04,70.70,42.84,57.38,8.05
287.38,39.62,19.99,22.35,8.04,70.91,42.92,57.38,8.05
287.39,39.62,19.99,22.35,8.04,70.70,42.84,57.38,8.06
287.40,39.62,19.99,22.35,8.04,70.91,42.92,57.38,8.06
287.41,39.62,19.96,22.35,8.04,70.70,42.84,57.38,8.07
287.42,39.62,19.99,22.39,8.02,70.70,42.84,57.09,8.05
287.43,39.62,19.99,22.39,8.04,70.70,42.92,57.38,8.06
287.44,39.62,19.99,22.35,8.04,70.70,42.92,57.38,8.07
287.45,39.62,19.99,22.39,8.04,70.91,42.84,57.38,8.05
287.46,39.62,19.99,22.35,8.04,70.91,42.92,57.23,8.07
287.47,39.62,19.99,22.35,8.02,70.91,42.92,57.38,8.06
287.48,39.62,19.99,22.35,8.04,70.70,42.84,57.38,8.05
287.49,39.62,19.99,22.35,8.04,70.70,42.84,57.38,8.07
287.50,39.62,19.99,22.35,8.04,70.70,42.92,57.38,8.05
287.51,39.62,19.99,22.35,8.02,70.70,42.84,57.38,8.06
287.52,39.62,19.99,22.35,8.04,70.70,42.92,57.38,8.05
287.53,39.62,19.96,22.35,8.04,70.70,42.92,57.38,8.06
287.54,39.62,19.99,22.35,8.04,70.70,42.84,57.23,8.05
287.55,39.62,20.02,22.35,8.04,70.70,42.92,57.23,8.06
287.56,39.62,19.99,22.35,8.04,70.70,42.84,57.23,8.07
287.57,39.62,20.02,22.35,8.04,70.70,42.92,57.38,8.05
287.58,39.62,19.99,22.35,8.04,70.91,42.92,57.38,8.06
287.59,39.62,19.99,22.35,8.04,70.70,42.84,57.38,8.05
287.60,39.62,20.02,22.35,8.04,70.70,42.92,57.38,8.07
287.61,39.62,19.99,22.39,8.04,70.91,42.84,57.53,8.06
287.62,39.62,19.99,22.35,8.02,70.91,42.92,57.38,8.06
287.63,39.62,19.96,22.35,8.04,70.70,42.92,57.38,8.06
287.64,39.62,19.96,22.35,8.04,70.70,42.92,57.38,8.05
287.65,39.62,19.99,22.35,8.04,70.70,42.84,57.38,8.06
287.66,39.62,19.99,22.35,8.04,70.70,42.84,57.38,8.06
287.67,39.62,19.99,22.35,8.04,70.91,42.92,57.38,8.05
287.68,39.62,19.99,22.35,8.02,70.91,42.92,57.38,8.05
287.69,39.62,19.99,22.35,8.04,70.70,42.92,57.38,8.05
287.70,39.62,19.96,22.39,8.04,70.70,42.84,57.23,8.07
287.71,39.62,19.99,22.35,8.04,70.70,42.92,57.38,8.05
287.72,39.62,19.99,22.35,8.02,70.70,42.84,57.38,8.06
287.73,39.62,20.02,22.35,8.04,70.70,42.84,57.53,8.06
287.74,39.62,19.99,22.35,8.02,70.70,42.92,57.23,8.05
287.75,39.62,20.02,22.35,8.04,70.70,42.92,57.38,8.07
287.76,39.62,19.99,22.35,8.04,70.70,42.92,57.38,8.06
287.77,39.62,19.99,22.32,8.04,70.91,42.84,57.38,8.06
287.78,39.62,19.99,22.35,8.04,70.70,42.92,57.38,8.06
287.79,39.62,19.99,22.39,8.04,70.70,42.92,57.38,8.06
287.80,39.62,19.99,22.39,8.04,70.70,42.92,57.38,8.07
287.81,39.62,19.99,22.39,8.04,70.70,42.84,57.38,8.05
287.82,39.62,19.99,22.35,8.04,70.91,42.84,57.38,8.05
287.83,39.62,19.99,22.35,8.04,70.70,42.92,57.38,8.07
287.84,39.62,19.99,22.35,8.04,70.70,42.92,57.38,8.05
287.85,39.62,19.99,22.35,8.04,70.70,42.92,57.38,8.06
287.86,39.62,20.02,22.35,8.04,70.70,42.84,57.23,8.06
287.87,39.62,19.99,22.35,8.04,70.70,42.84,57.38,8.05
287.88,39.62,19.99,22.39,8.04,70.70,42.92,57.38,8.05
287.89,39.62,19.99,22.35,8.04,70.91,42.84,57.53,8.06
287.90,39.62,19.99,22.39,8.04,70.91,42.92,57.23,8.06
287.91,39.62,20.02,22.35,8.04,70.91,42.92,57.53,8.06
287.92,39.62,19.99,22.39,8.04,70.70,42.92,57.38,8.06
287.93,39.62,19.99,22.35,8.02,70.91,42.92,57.38,8.05
287.94,39.62,19.99,22.39,8.04,70.70,42.92,57.38,8.07
287.95,39.62,19.99,22.35,8.04,70.91,42.92,57.38,8.06
287.96,39.62,19.99,22.35,8.04,70.91,42.84,57.38,8.06
287.97,39.62,19.99,22.35,8.04,70.70,43.02,57.23,8.05
287.98,39.62,19.99,22.35,8.04,70.91,43.02,57.53,8.06
287.99,39.62,20.02,22.35,8.04,70.70,42.92,57.38,8.06
288.00,39.62,19.99,22.35,8.04,70.70,42.92,57.38,8.06
288.01,39.62,19.96,22.35,8.04,70.70,42.84,57.38,8.06
288.02,39.62,20.02,22.39,8.04,70.70,43.02,57.53,8.07
288.03,39.62,19.99,22.39,8.04,70.91,42.84,57.38,8.07
288.04,39.62,20.02,22.39,8.02,70.70,42.92,57.38,8.07
288.05,39.62,19.99,22.39,8.02,70.70,42.84,57.38,8.05
288.06,39.62,19.99,22.35,8.04,70.70,42.84,57.53,8.05
288.07,39.62,19.99,22.39,8.04,70.70,42.84,57.53,8.06
288.08,39.62,19.99,22.35,8.04,70.70,42.92,57.38,8.06
288.09,39.62,19.99,22.39,8.04,70.91,43.02,57.38,8.06
288.10,39.62,19.99,22.35,8.04,70.70,42.84,57.38,8.06
288.11,39.62,20.02,22.35,8.04,70.70,42.92,57.38,8.05
288.12,39.62,19.99,22.39,8.04,70.70,43.11,57.38,8.07
288.13,39.62,19.99,22.35,8.04,70.91,42.84,57.38,8.05
288.14,39.62,19.99,22.35,8.02,70.70,42.92,57.38,8.05
288.15,39.62,19.99,22.35,8.04,70.70,42.92,57.38,8.06
288.16,39.62,19.99,22.35,8.04,70.91,42.84,57.38,8.05
288.17,39.62,19.99,22.39,8.04,70.70,42.92,57.38,8.06
288.18,39.62,19.99,22.39,8.04,70.70,42.84,57.38,8.07
288.19,39.62,20.02,22.35,8.04,70.91,42.92,57.38,8.06
288.20,39.62,19.99,22.35,8.04,70.70,42.92,57.38,8.06
288.21,39.62,19.99,22.35,8.04,70.70,42.84,57.38,8.06
288.22,39.70,19.99,22.35,8.04,70.91,42.92,57.53,8.06
288.23,39.54,19.99,22.39,8.04,70.70,42.92,57.38,8.05
288.24,39.62,20.02,22.39,8.04,70.70,42.92,57.38,8.05
288.25,39.70,19.99,22.35,8.04,70.91,42.92,57.38,8.05
288.26,39.62,19.99,22.35,8.04,70.70,42.92,57.38,8.06
288.27,39.78,19.99,22.42,8.04,70.70,42.92,57.38,8.06
288.28,39.62,20.02,22.35,8.04,70.70,42.92,57.38,8.05
288.29,39.62,20.02,22.39,8.04,70.70,42.84,57.38,8.06
288.30,39.62,19.99,22.35,8.04,71.12,42.92,57.53,8.06
288.31,39.70,19.99,22.39,8.04,70.91,42.92,57.38,8.06
288.32,39.62,19.99,22.39,8.04,70.49,43.02,57.53,8.06
288.33,39.62,20.02,22.35,8.04,70.91,42.92,57.38,8.06
288.34,39.62,20.02,22.35,8.04,70.91,42.92,57.38,8.07
288.35,39.62,19.99,22.39,8.04,70.91,42.92,57.38,8.06
288.36,39.62,20.02,22.35,8.04,70.70,42.84,57.38,8.06
288.37,39.62,19.99,22.39,8.04,70.70,42.92,57.53,8.05
288.38,39.62,19.99,22.39,8.04,70.91,42.84,57.09,8.06
288.39,39.70,20.02,22.39,8.04,70.70,42.84,57.38,8.06
288.40,39.62,19.99,22.39,8.04,70.70,42.92,57.38,8.06
288.41,39.62,19.99,22.39,8.04,70.70,42.92,57.38,8.05
288.42,39.62,19.99,22.35,8.04,70.70,42.84,57.38,8.06
288.43,39.70,20.02,22.39,8.04,70.70,43.02,57.38,8.06
288.44,39.62,19.99,22.35,8.04,70.91,42.92,57.38,8.06
288.45,39.62,19.99,22.39,8.04,70.91,43.02,57.38,8.06
288.46,39.62,19.99,22.39,8.04,70.91,42.92,57.38,8.06
288.47,39.62,19.99,22.39,8.04,70.91,42.84,57.53,8.07
288.48,39.62,19.99,22.39,8.04,70.91,42.92,57.38,8.06
288.49,39.70,19.99,22.39,8.04,70.91,42.92,57.38,8.06
288.50,39.62,19.99,22.35,8.04,70.91,42.92,57.53,8.05
288.51,39.62,19.99,22.39,8.04,70.91,42.92,57.38,8.07
288.52,39.62,19.99,22.39,8.04,70.91,42.92,57.53,8.06
288.53,39.62,19.99,22.39,8.04,70.91,43.02,57.38,8.05
288.56,39.62,20.02,22.39,8.04,70.91,42.92,57.38,8.07
288.56,39.62,20.05,22.39,8.04,70.91,42.92,57.38,8.06
288.57,39.62,19.99,22.39,8.04,70.91,43.02,57.38,8.05
288.58,39.70,19.99,22.39,8.04,70.91,42.92,57.38,8.06
288.59,39.62,19.99,22.35,8.04,70.70,42.92,57.38,8.06
288.60,39.62,19.99,22.39,8.04,70.91,42.92,57.38,8.05
288.61,39.70,20.02,22.35,8.04,70.91,43.02,57.53,8.06
288.62,39.62,20.02,22.39,8.04,70.91,42.84,57.53,8.06
288.63,39.62,19.99,22.39,8.04,70.91,43.02,57.38,8.06
288.64,39.62,19.99,22.39,8.04,70.91,43.02,57.53,8.06
288.65,39.70,19.99,22.39,8.04,70.91,43.02,57.38,8.06
288.66,39.70,19.99,22.39,8.04,70.91,42.92,57.53,8.06
288.67,39.62,20.02,22.39,8.04,70.70,43.02,57.38,8.06
288.68,39.62,19.99,22.39,8.04,70.91,42.92,57.38,8.06
288.69,39.70,19.99,22.39,8.04,70.91,42.92,57.53,8.06
288.70,39.62,19.99,22.39,8.04,70.70,42.92,57.38,8.07
288.71,39.62,19.99,22.35,8.04,70.91,42.92,57.38,8.05
288.72,39.62,20.02,22.35,8.04,70.70,43.02,57.38,8.06
288.73,39.62,19.99,22.39,8.04,70.91,43.02,57.38,8.07
288.74,39.70,19.99,22.39,8.04,70.91,42.92,57.38,8.05
288.75,39.62,19.99,22.39,8.04,70.91,42.92,57.38,8.06
288.76,39.62,19.99,22.39,8.04,70.91,43.02,57.53,8.06
288.77,39.70,19.99,22.39,8.04,70.91,43.02,57.53,8.05
288.78,39.70,20.02,22.39,8.04,70.91,42.92,57.38,8.06
288.79,39.62,20.02,22.39,8.04,70.91,42.92,57.38,8.06
288.80,39.70,19.99,22.39,8.04,70.91,43.02,57.38,8.06
288.81,39.62,20.02,22.39,8.04,70.70,42.92,57.38,8.07
288.82,39.62,19.99,22.39,8.04,70.70,43.02,57.38,8.06
288.83,39.62,19.99,22.39,8.04,70.91,42.92,57.38,8.05
288.84,39.62,19.99,22.39,8.04,70.91,42.92,57.38,8.06
288.85,39.62,20.02,22.39,8.04,70.91,43.02,57.53,8.06
288.86,39.62,19.99,22.35,8.04,70.91,42.92,57.38,8.06
288.87,39.62,19.99,22.39,8.06,70.91,42.92,57.38,8.06
288.88,39.62,20.02,22.35,8.04,70.91,43.02,57.38,8.06
288.89,39.62,20.02,22.39,8.04,70.70,42.92,57.38,8.06
288.90,39.62,19.99,22.39,8.04,71.12,42.92,57.53,8.06
288.91,39.62,20.02,22.39,8.04,70.70,43.02,57.38,8.06
288.92,39.70,19.99,22.39,8.04,70.70,42.84,57.38,8.06
288.93,39.62,19.99,22.39,8.04,70.91,42.92,57.38,8.06
288.94,39.70,20.02,22.39,8.04,70.91,42.92,57.38,8.06
288.95,39.70,20.02,22.39,8.04,70.91,42.92,57.53,8.06
288.96,39.70,20.02,22.39,8.04,70.91,42.92,57.53,8.06
288.97,39.62,19.99,22.39,8.04,70.91,42.92,57.38,8.06
288.98,39.70,19.99,22.39,8.04,70.91,42.92,57.53,8.07
288.99,39.62,19.99,22.39,8.04,70.91,42.92,57.38,8.06
289.00,39.62,20.02,22.42,8.04,70.70,43.02,57.53,8.06
289.01,39.62,20.02,22.39,8.04,70.91,43.02,57.38,8.06
289.02,39.70,19.99,22.39,8.04,70.91,42.92,57.38,8.06
289.03,39.70,20.02,22.42,8.04,70.91,43.02,57.53,8.06
289.04,39.62,19.99,22.39,8.04,70.91,42.92,57.38,8.06
289.05,39.70,19.99,22.39,8.04,70.91,42.92,57.53,8.06
289.06,39.62,20.02,22.39,8.06,70.70,43.02,57.53,8.06
289.07,39.70,20.02,22.39,8.04,70.70,42.92,57.38,8.06
289.08,39.62,19.99,22.39,8.04,70.91,42.92,57.53,8.07
289.09,39.62,20.02,22.39,8.04,70.70,42.92,57.38,8.05
289.10,39.62,19.99,22.39,8.04,70.91,42.92,57.38,8.05
289.11,39.62,20.02,22.39,8.04,70.91,42.92,57.38,8.06
289.12,39.70,20.05,22.39,8.04,70.91,42.92,57.53,8.06
289.13,39.70,20.02,22.39,8.04,70.91,43.02,57.38,8.06
289.14,39.70,19.99,22.39,8.04,70.91,43.02,57.38,8.06
289.15,39.70,20.02,22.39,8.04,70.91,42.92,57.38,8.07
289.16,39.70,19.99,22.39,8.04,70.70,42.92,57.38,8.06
289.17,39.54,19.99,22.39,8.04,70.91,42.92,57.38,8.06
289.18,39.70,20.02,22.39,8.06,70.91,42.92,57.38,8.06
289.19,39.62,19.99,22.39,8.04,70.91,43.02,57.53,8.06
289.20,39.62,20.02,22.39,8.04,70.91,42.92,57.53,8.06
289.21,39.70,20.08,22.39,8.04,70.91,43.02,57.38,8.06
289.22,39.70,19.99,22.39,8.04,70.70,43.02,57.38,8.06
289.23,39.70,20.05,22.39,8.04,70.91,42.92,57.38,8.05
289.24,39.70,19.99,22.39,8.04,70.70,42.92,57.53,8.07
289.25,39.62,20.02,22.39,8.04,70.70,42.84,57.38,8.06
289.26,39.70,19.99,22.39,8.02,70.91,43.02,57.38,8.07
289.27,39.62,19.99,22.39,8.04,70.91,42.92,57.53,8.06
289.28,39.62,20.02,22.39,8.04,70.91,42.92,57.38,8.06
289.29,39.70,19.99,22.42,8.04,70.91,43.02,57.53,8.06
289.30,39.62,20.02,22.39,8.04,70.91,42.92,57.38,8.06
289.31,39.62,20.02,22.39,8.04,70.91,43.02,57.53,8.06
289.32,39.62,19.99,22.39,8.04,70.91,42.92,57.53,8.07
289.33,39.62,20.02,22.39,8.04,70.91,42.84,57.53,8.06
289.34,39.70,19.99,22.39,8.04,70.91,42.92,57.38,8.06
289.35,39.70,20.02,22.39,8.04,70.91,42.92,57.53,8.07
289.36,39.70,20.05,22.39,8.06,70.91,42.92,57.53,8.06
289.37,39.62,20.05,22.39,8.04,70.91,42.92,57.53,8.07
289.38,39.70,19.99,22.39,8.04,70.91,42.92,57.53,8.06
289.39,39.62,20.02,22.39,8.04,70.70,43.02,57.38,8.07
289.40,39.62,19.99,22.39,8.04,70.70,42.92,57.53,8.06
289.41,39.70,20.02,22.39,8.04,70.91,43.02,57.53,8.07
289.42,39.62,20.02,22.39,8.04,70.91,42.92,57.38,8.06
289.43,39.78,19.99,22.39,8.04,70.91,42.92,57.38,8.07
289.44,39.78,20.02,22.39,8.04,70.91,43.02,57.53,8.07
289.45,39.70,19.99,22.35,8.04,70.91,43.02,57.38,8.06
289.46,39.70,19.99,22.39,8.06,70.91,43.02,57.53,8.06
289.47,39.70,20.02,22.39,8.04,70.70,43.02,57.38,8.05
289.48,39.62,20.02,22.35,8.04,70.70,43.02,57.38,8.07
289.49,39.70,19.99,22.39,8.04,70.91,43.02,57.53,8.05
289.50,39.62,20.02,22.39,8.04,71.12,42.92,57.53,8.06
289.51,39.70,20.02,22.42,8.04,70.70,42.92,57.53,8.07
289.52,39.70,19.99,22.39,8.04,70.70,42.92,57.53,8.06
289.53,39.70,20.02,22.39,8.04,70.91,42.92,57.53,8.06
289.54,39.70,19.99,22.39,8.04,70.91,43.02,57.53,8.05
289.55,39.70,20.02,22.39,8.04,70.91,43.02,57.53,8.07
289.56,39.70,20.02,22.39,8.04,70.91,42.92,57.53,8.06
289.57,39.70,20.02,22.42,8.04,70.91,43.02,57.38,8.06
289.58,39.70,20.02,22.39,8.04,70.91,42.92,57.53,8.06
289.59,39.70,19.99,22.39,8.04,70.91,42.92,57.53,8.06
289.60,39.70,19.99,22.42,8.04,70.91,42.92,57.53,8.06
289.61,39.70,19.99,22.42,8.04,70.91,42.92,57.53,8.06
289.62,39.62,20.02,22.42,8.04,70.91,43.02,57.53,8.06
289.63,39.70,20.02,22.39,8.06,70.91,42.92,57.38,8.06
289.64,39.70,20.02,22.35,8.06,70.91,42.92,57.53,8.06
289.65,39.62,20.05,22.39,8.04,70.91,42.92,57.53,8.06
289.66,39.62,20.05,22.42,8.06,70.91,42.92,57.38,8.06
289.67,39.70,20.02,22.39,8.04,70.91,42.92,57.53,8.07
289.68,39.70,20.05,22.42,8.04,70.91,43.02,57.38,8.07
289.69,39.70,19.99,22.42,8.04,70.91,43.02,57.53,8.06
289.70,39.62,20.02,22.39,8.04,71.12,42.92,57.53,8.06
289.71,39.70,20.02,22.39,8.04,70.91,43.02,57.53,8.07
289.72,39.70,19.99,22.39,8.04,70.91,43.02,57.38,8.07
289.73,39.70,20.05,22.39,8.04,71.12,42.92,57.53,8.07
289.74,39.70,19.99,22.39,8.06,70.91,43.02,57.38,8.06
289.75,39.62,19.99,22.39,8.04,70.91,42.92,57.38,8.06
289.76,39.70,20.02,22.39,8.04,70.91,42.92,57.53,8.07
289.77,39.70,20.05,22.39,8.04,70.91,43.02,57.53,8.06
289.78,39.70,19.99,22.39,8.04,71.12,42.92,57.38,8.06
289.79,39.62,19.99,22.42,8.04,70.91,43.02,57.53,8.06
289.80,39.70,19.99,22.39,8.04,70.91,43.02,57.38,8.06
289.81,39.62,20.02,22.39,8.04,70.91,42.92,57.53,8.07
289.82,39.70,19.99,22.39,8.06,70.91,43.02,57.53,8.06
289.83,39.62,19.99,22.39,8.04,70.91,43.02,57.38,8.06
289.84,39.62,19.99,22.39,8.04,70.91,42.92,57.53,8.07
289.85,39.70,20.02,22.39,8.02,70.91,42.92,57.53,8.06
289.86,39.70,20.02,22.39,8.04,70.91,43.02,57.38,8.06
289.87,39.70,19.99,22.39,8.04,70.91,43.02,57.53,8.06
289.88,39.70,19.99,22.39,8.06,70.91,43.02,57.38,8.07
289.89,39.62,20.02,22.39,8.04,70.91,43.02,57.53,8.06
289.90,39.70,20.02,22.39,8.06,70.91,42.92,57.53,8.06
289.91,39.62,19.99,22.39,8.04,70.91,42.92,57.53,8.06
289.92,39.70,19.99,22.39,8.04,70.91,42.92,57.53,8.06
289.93,39.70,20.02,22.39,8.04,70.91,42.92,57.53,8.06
289.94,39.70,20.02,22.42,8.06,70.91,43.02,57.38,8.07
289.95,39.62,20.02,22.39,8.04,70.91,42.92,57.53,8.06
289.96,39.70,19.99,22.39,8.04,70.91,42.92,57.38,8.07
289.97,39.70,20.02,22.39,8.04,70.91,42.92,57.38,8.06
289.98,39.62,19.99,22.42,8.04,70.91,42.92,57.53,8.07
289.99,39.70,19.99,22.42,8.04,70.91,42.84,57.38,8.06
290.00,39.62,20.02,22.39,8.04,70.91,43.02,57.53,8.06
290.01,39.70,19.99,22.39,8.04,70.91,42.92,57.38,8.06
290.02,39.62,20.02,22.39,8.04,70.91,43.02,57.38,8.06
290.03,39.70,19.99,22.39,8.04,70.91,43.02,57.38,8.06
290.04,39.70,19.99,22.39,8.04,70.91,43.02,57.38,8.05
290.05,39.70,20.02,22.39,8.04,70.91,42.84,57.53,8.06
290.06,39.70,19.99,22.42,8.04,70.91,43.02,57.53,8.07
290.07,39.70,20.02,22.42,8.04,71.12,42.92,57.53,8.07
290.08,39.70,19.99,22.39,8.04,70.91,43.02,57.38,8.07
290.09,39.62,20.02,22.39,8.04,70.91,43.02,57.53,8.07
290.10,39.70,19.99,22.42,8.04,70.91,42.92,57.53,8.05
290.11,39.62,20.02,22.39,8.04,70.91,43.02,57.53,8.06
290.12,39.70,20.02,22.42,8.04,70.91,43.02,57.38,8.05
290.13,39.70,19.99,22.39,8.04,71.12,43.02,57.38,8.07
290.14,39.70,20.02,22.39,8.04,70.91,43.02,57.53,8.07
290.15,39.62,20.02,22.39,8.04,70.91,42.92,57.53,8.06
290.16,39.62,19.99,22.39,8.04,71.12,42.92,57.53,8.06
290.17,39.70,20.02,22.39,8.04,70.91,42.92,57.53,8.06
290.18,39.70,20.02,22.39,8.04,70.91,43.02,57.38,8.06
290.19,39.62,19.99,22.39,8.04,71.12,43.02,57.53,8.06
290.20,39.62,19.99,22.42,8.04,70.91,43.02,57.53,8.07
290.21,39.70,20.02,22.39,8.04,71.12,43.02,57.38,8.06
290.22,39.70,20.02,22.39,8.04,71.12,42.92,57.53,8.06
290.23,39.70,20.02,22.39,8.04,70.91,43.02,57.38,8.06
290.24,39.70,19.99,22.39,8.04,70.70,42.92,57.53,8.06
290.25,39.70,20.02,22.39,8.04,70.91,42.92,57.53,8.07
290.26,39.70,19.99,22.42,8.04,70.91,43.02,57.38,8.05
290.27,39.78,19.99,22.39,8.04,70.91,42.92,57.53,8.06
290.28,39.62,19.99,22.39,8.04,70.91,43.02,57.38,8.06
290.29,39.70,19.99,22.42,8.04,70.91,42.92,57.53,8.07
290.30,39.70,20.02,22.39,8.04,70.91,42.92,57.38,8.07
290.31,39.62,19.99,22.39,8.04,70.91,42.92,57.38,8.06
290.32,39.70,19.99,22.39,8.04,70.91,43.02,57.53,8.07
290.33,39.62,19.99,22.39,8.04,70.91,42.92,57.53,8.06
290.34,39.62,20.02,22.39,8.04,71.12,43.02,57.38,8.07
290.35,39.70,19.99,22.39,8.04,70.91,43.02,57.38,8.06
290.36,39.70,20.05,22.39,8.04,70.91,43.02,57.53,8.07
290.37,39.62,20.02,22.42,8.04,70.91,43.02,57.38,8.07
290.38,39.70,19.99,22.42,8.04,71.12,42.92,57.53,8.06
290.39,39.70,20.02,22.39,8.04,70.70,43.02,57.53,8.07
290.40,39.70,20.05,22.39,8.04,70.91,42.92,57.53,8.06
290.41,39.62,19.99,22.42,8.04,70.91,42.92,57.53,8.06
290.42,39.70,20.02,22.39,8.04,70.91,42.92,57.38,8.07
290.43,39.62,19.99,22.39,8.04,70.91,43.02,57.53,8.07
290.44,39.70,19.99,22.39,8.02,70.91,43.02,57.38,8.06
290.45,39.70,19.99,22.39,8.04,71.12,43.02,57.38,8.06
290.46,39.70,19.99,22.39,8.04,70.91,43.02,57.38,8.06
290.47,39.70,19.99,22.39,8.04,70.91,43.02,57.53,8.07
290.48,39.62,19.99,22.39,8.04,70.91,42.92,57.38,8.06
290.49,39.62,19.99,22.42,8.04,70.91,43.11,57.53,8.06
290.50,39.62,20.05,22.39,8.04,71.12,42.92,57.53,8.07
290.51,39.70,20.02,22.39,8.04,70.91,42.84,57.53,8.06
290.52,39.70,19.99,22.39,8.04,70.91,43.02,57.38,8.06
290.53,39.62,19.99,22.39,8.04,71.12,43.02,57.53,8.06
290.54,39.70,19.99,22.39,8.04,70.91,42.92,57.38,8.07
290.55,39.62,19.99,22.39,8.04,70.91,43.02,57.53,8.06
290.56,39.70,20.02,22.39,8.04,70.91,43.02,57.53,8.07
290.57,39.62,19.99,22.39,8.04,70.91,42.92,57.38,8.06
290.58,39.62,20.02,22.39,8.04,71.12,42.92,57.53,8.06
290.59,39.70,20.02,22.39,8.04,70.91,42.92,57.38,8.07
290.60,39.62,20.02,22.39,8.04,70.91,43.02,57.38,8.07
290.61,39.62,20.02,22.39,8.04,70.91,42.92,57.53,8.06
290.62,39.78,20.02,22.39,8.04,71.12,42.92,57.38,8.07
290.63,39.70,19.99,22.39,8.06,71.12,42.92,57.38,8.06
290.64,39.62,19.99,22.42,8.04,70.91,42.92,57.38,8.06
290.65,39.70,20.02,22.35,8.04,71.12,43.02,57.38,8.06
290.66,39.70,20.02,22.39,8.04,70.91,43.02,57.53,8.06
290.67,39.70,19.99,22.39,8.04,70.91,42.92,57.38,8.06
290.68,39.70,20.02,22.39,8.04,71.12,42.92,57.38,8.06
290.69,39.62,20.02,22.39,8.04,70.91,43.02,57.53,8.06
290.70,39.70,19.99,22.39,8.04,70.91,43.02,57.53,8.06
290.71,39.70,19.99,22.39,8.04,71.12,42.92,57.53,8.06
290.72,39.70,20.02,22.39,8.04,70.70,42.92,57.38,8.07
290.73,39.70,20.02,22.42,8.04,70.91,43.02,57.53,8.06
290.74,39.70,19.99,22.39,8.04,70.91,42.92,57.53,8.06
290.75,39.70,19.96,22.42,8.04,70.91,42.92,57.53,8.07
290.76,39.62,20.02,22.39,8.04,70.91,42.92,57.23,8.06
290.77,39.62,19.99,22.42,8.04,70.91,42.92,57.53,8.06
290.78,39.62,20.02,22.39,8.04,70.91,43.02,57.38,8.06
290.79,39.62,20.02,22.39,8.04,70.91,43.02,57.38,8.06
290.80,39.70,19.99,22.39,8.04,70.91,42.92,57.53,8.06
290.81,39.70,20.02,22.39,8.06,70.91,42.92,57.53,8.06
290.82,39.70,20.02,22.39,8.04,70.91,42.92,57.53,8.06
290.83,39.70,19.99,22.39,8.04,70.91,42.92,57.53,8.06
290.84,39.70,19.99,22.42,8.04,70.91,42.92,57.53,8.06
290.85,39.70,19.99,22.39,8.04,70.91,42.92,57.38,8.06
290.86,39.70,19.99,22.39,8.04,70.91,43.02,57.38,8.06
290.87,39.70,19.99,22.39,8.04,70.91,42.92,57.38,8.06
290.88,39.62,19.99,22.39,8.04,71.12,42.92,57.38,8.06
290.89,39.62,19.99,22.42,8.04,71.12,42.92,57.53,8.07
290.90,39.62,19.99,22.39,8.04,70.91,43.02,57.53,8.07
290.91,39.70,20.02,22.39,8.04,70.91,42.84,57.53,8.06
290.92,39.62,19.99,22.39,8.04,70.70,43.02,57.38,8.06
290.93,39.62,19.99,22.39,8.04,70.91,42.92,57.53,8.07
290.94,39.70,19.99,22.39,8.04,70.91,42.92,57.53,8.07
290.95,39.62,20.02,22.39,8.04,70.91,43.02,57.53,8.07
290.96,39.62,19.99,22.42,8.04,70.91,42.92,57.53,8.07
290.97,39.70,19.99,22.39,8.04,70.91,42.92,57.53,8.07
290.98,39.62,19.99,22.39,8.04,71.12,43.02,57.53,8.06
290.99,39.70,20.05,22.39,8.04,70.91,42.92,57.53,8.07
291.00,39.62,19.99,22.39,8.04,70.91,43.02,57.53,8.06
291.01,39.62,19.99,22.39,8.04,70.91,43.02,57.38,8.06
291.02,39.70,19.99,22.39,8.04,70.91,42.92,57.38,8.06
291.03,39.62,20.02,22.39,8.04,70.91,43.02,57.53,8.07
291.04,39.70,19.99,22.42,8.04,71.12,43.02,57.38,8.07
291.05,39.70,19.99,22.39,8.04,71.12,42.92,57.38,8.06
291.06,39.70,20.05,22.39,8.04,70.91,42.92,57.53,8.06
291.07,39.70,20.02,22.39,8.02,70.91,42.92,57.53,8.07
291.08,39.70,20.02,22.39,8.04,70.91,42.92,57.53,8.06
291.09,39.70,19.99,22.39,8.04,70.91,43.02,57.53,8.06
291.10,39.70,20.02,22.39,8.06,71.12,42.92,57.38,8.07
291.11,39.70,19.99,22.42,8.04,70.91,43.02,57.53,8.06
291.12,39.62,19.99,22.39,8.04,70.91,43.02,57.38,8.06
291.13,39.62,19.99,22.39,8.04,71.12,43.02,57.53,8.06
291.14,39.70,19.99,22.39,8.04,70.91,43.02,57.38,8.06
291.15,39.70,20.02,22.39,8.04,70.91,42.92,57.53,8.06
291.16,39.70,20.02,22.39,8.04,70.91,43.02,57.53,8.07
291.17,39.62,20.02,22.39,8.04,70.91,43.02,57.38,8.07
291.18,39.70,20.02,22.42,8.04,70.91,43.02,57.38,8.06
291.19,39.62,20.02,22.39,8.04,70.91,42.92,57.53,8.06
291.20,39.62,19.99,22.39,8.04,70.91,43.02,57.38,8.06
291.21,39.70,19.99,22.39,8.04,70.91,43.02,57.53,8.07
291.22,39.62,19.99,22.39,8.04,70.91,43.02,57.38,8.07
291.23,39.62,20.02,22.42,8.04,71.12,43.02,57.38,8.06
291.24,39.70,20.02,22.39,8.04,70.91,42.92,57.38,8.06
291.25,39.70,19.99,22.42,8.04,71.12,42.92,57.38,8.07
291.26,39.70,19.99,22.39,8.04,71.12,43.02,57.53,8.06
291.27,39.70,20.02,22.39,8.04,70.91,43.11,57.53,8.06
291.28,39.70,19.99,22.39,8.04,70.91,43.02,57.53,8.07
291.29,39.62,19.99,22.39,8.04,70.91,42.92,57.53,8.07
291.30,39.70,20.02,22.39,8.06,70.91,43.02,57.38,8.06
291.31,39.62,19.99,22.42,8.04,70.91,42.92,57.53,8.06
291.32,39.62,20.02,22.39,8.04,70.91,42.92,57.53,8.06
291.33,39.62,19.99,22.42,8.04,70.91,42.92,57.53,8.07
291.34,39.62,19.99,22.42,8.04,70.91,43.02,57.38,8.06
291.35,39.70,19.99,22.42,8.04,70.91,43.02,57.53,8.06
291.36,39.62,19.99,22.39,8.04,71.12,42.92,57.53,8.07
291.37,39.70,19.99,22.39,8.04,70.91,42.92,57.53,8.06
291.38,39.62,20.02,22.39,8.06,70.91,42.92,57.53,8.08
291.39,39.62,19.99,22.39,8.04,70.91,43.02,57.38,8.06
291.40,39.62,19.99,22.39,8.04,70.91,42.92,57.53,8.06
291.41,39.70,19.99,22.35,8.04,71.12,43.02,57.53,8.06
291.42,39.70,19.99,22.42,8.04,70.91,43.02,57.53,8.06
291.43,39.62,20.05,22.39,8.06,70.91,42.92,57.38,8.06
291.44,39.62,20.02,22.42,8.04,70.91,42.92,57.53,8.06
291.45,39.70,20.02,22.39,8.04,70.91,43.02,57.53,8.07
291.46,39.70,19.99,22.39,8.04,71.12,42.92,57.53,8.06
291.47,39.70,20.02,22.42,8.04,71.12,42.92,57.53,8.06
291.48,39.70,19.99,22.39,8.04,70.91,43.02,57.53,8.07
291.49,39.70,19.99,22.39,8.04,71.12,42.92,57.53,8.06
291.50,39.62,20.02,22.42,8.04,70.91,43.02,57.53,8.06
291.51,39.70,19.96,22.42,8.04,70.91,43.02,57.53,8.06
291.52,39.70,19.99,22.39,8.04,70.91,42.92,57.38,8.06
291.53,39.62,20.02,22.39,8.04,70.91,42.92,57.53,8.07
291.54,39.62,19.99,22.39,8.04,70.91,43.02,57.53,8.06
291.55,39.70,19.99,22.42,8.06,70.91,43.02,57.53,8.07
291.56,39.62,19.99,22.39,8.04,70.70,42.92,57.38,8.07
291.57,39.62,20.02,22.39,8.04,70.91,42.84,57.38,8.06
291.58,39.70,20.02,22.39,8.04,70.91,42.92,57.53,8.06
291.59,39.70,19.99,22.39,8.04,70.91,43.11,57.38,8.06
291.60,39.62,19.99,22.39,8.04,70.91,42.92,57.38,8.07
291.61,39.70,19.99,22.39,8.04,70.91,43.02,57.38,8.06
291.62,39.62,19.99,22.42,8.04,70.91,42.92,57.53,8.06
291.63,39.70,19.99,22.39,8.04,70.91,43.02,57.53,8.06
291.64,39.70,20.02,22.39,8.04,71.12,43.02,57.38,8.06
291.65,39.70,20.02,22.39,8.04,70.91,43.02,57.38,8.06
291.66,39.62,19.99,22.39,8.04,70.91,43.02,57.53,8.07
291.67,39.70,19.99,22.39,8.04,70.91,42.92,57.38,8.05
291.68,39.62,19.99,22.42,8.04,70.91,42.92,57.53,8.06
291.69,39.70,19.99,22.39,8.04,70.91,42.92,57.38,8.06
291.70,39.62,19.99,22.39,8.04,71.12,42.92,57.53,8.07
291.71,39.62,19.99,22.39,8.04,70.91,42.92,57.53,8.06
291.72,39.70,19.99,22.39,8.04,70.91,43.02,57.53,8.06
291.73,39.54,19.99,22.39,8.04,70.91,43.02,57.38,8.06
291.74,39.62,19.99,22.39,8.04,70.91,42.92,57.53,8.06
291.75,39.70,20.02,22.39,8.04,71.12,43.02,57.53,8.06
291.76,39.62,20.02,22.39,8.04,70.91,42.92,57.53,8.07
291.77,39.62,19.99,22.42,8.04,70.91,43.02,57.53,8.07
291.78,39.62,19.99,22.39,8.04,70.91,43.02,57.53,8.06
291.79,39.62,19.99,22.39,8.04,70.70,42.92,57.53,8.07
291.80,39.62,20.02,22.42,8.04,71.12,43.02,57.53,8.06
291.81,39.62,19.99,22.39,8.04,70.91,42.92,57.38,8.06
291.82,39.70,19.99,22.39,8.04,70.70,43.02,57.38,8.06
291.83,39.62,20.02,22.39,8.04,70.91,43.02,57.38,8.05
291.84,39.70,19.99,22.39,8.04,70.70,42.92,57.53,8.06
291.85,39.62,19.99,22.39,8.04,70.91,42.92,57.53,8.06
291.86,39.62,20.02,22.42,8.04,70.91,43.02,57.53,8.06
291.87,39.70,20.05,22.42,8.04,70.91,43.02,57.67,8.07
291.88,39.62,19.99,22.39,8.04,70.91,43.02,57.23,8.06
291.89,39.62,20.02,22.42,8.04,71.12,42.92,57.53,8.05
291.90,39.62,19.99,22.39,8.04,70.91,42.92,57.38,8.06
291.91,39.62,19.99,22.39,8.04,70.91,42.92,57.53,8.06
291.92,39.62,19.99,22.39,8.04,70.91,42.84,57.53,8.06
291.93,39.62,19.99,22.39,8.04,70.91,43.02,57.38,8.06
291.94,39.70,19.99,22.39,8.04,70.91,42.92,57.23,8.06
291.95,39.70,20.02,22.42,8.04,70.91,42.84,57.38,8.06
291.96,39.62,19.99,22.42,8.04,71.12,42.92,57.53,8.07
291.97,39.70,19.99,22.39,8.04,70.91,43.02,57.53,8.06
291.98,39.70,19.99,22.42,8.04,71.12,43.02,57.53,8.07
291.99,39.62,19.99,22.39,8.04,70.91,43.02,57.53,8.06
292.00,39.62,20.02,22.39,8.04,70.91,42.92,57.53,8.06
292.01,39.70,19.99,22.39,8.04,70.91,43.02,57.53,8.06
292.02,39.62,19.99,22.39,8.04,70.91,42.92,57.53,8.06
292.03,39.70,19.99,22.42,8.04,70.91,43.02,57.53,8.06
292.04,39.62,20.02,22.39,8.04,70.91,42.84,57.38,8.07
292.05,39.70,19.99,22.39,8.04,70.91,43.02,57.53,8.07
292.06,39.62,20.02,22.39,8.04,70.91,43.02,57.53,8.06
292.07,39.70,19.99,22.39,8.04,71.12,42.92,57.38,8.06
292.08,39.70,19.99,22.39,8.04,70.91,43.02,57.53,8.06
292.09,39.62,20.02,22.39,8.04,70.91,42.92,57.53,8.06
292.10,39.70,19.99,22.39,8.04,71.12,43.02,57.38,8.06
292.11,39.62,19.99,22.39,8.04,71.12,43.02,57.53,8.07
292.12,39.70,19.99,22.39,8.04,70.91,43.02,57.53,8.06
292.13,39.70,20.02,22.39,8.04,70.91,43.02,57.38,8.06
292.14,39.70,19.99,22.39,8.02,70.70,42.92,57.38,8.06
292.15,39.70,19.99,22.39,8.04,70.91,42.92,57.53,8.06
292.16,39.62,20.02,22.39,8.04,70.91,43.02,57.38,8.07
292.17,39.62,19.99,22.39,8.04,70.91,42.92,57.38,8.07
292.18,39.62,19.99,22.39,8.04,70.91,43.02,57.53,8.05
292.19,39.62,19.99,22.39,8.04,71.12,43.02,57.53,8.07
292.20,39.70,19.99,22.39,8.04,70.91,43.02,57.38,8.06
292.21,39.62,19.99,22.39,8.04,70.91,42.92,57.53,8.05
292.22,39.62,19.99,22.39,8.04,70.91,42.92,57.53,8.06
292.23,39.62,19.99,22.42,8.04,70.91,43.02,57.53,8.05
292.24,39.70,20.02,22.39,8.04,70.91,43.02,57.53,8.06
292.25,39.70,19.99,22.42,8.04,71.12,43.02,57.53,8.06
292.26,39.62,20.02,22.42,8.04,70.91,42.92,57.53,8.06
292.27,39.70,19.99,22.42,8.04,70.91,43.02,57.38,8.06
292.28,39.62,20.02,22.39,8.04,70.91,43.02,57.38,8.06
292.29,39.62,19.96,22.39,8.04,71.12,43.02,57.53,8.06
292.30,39.62,19.99,22.39,8.04,70.91,43.02,57.53,8.06
292.31,39.70,19.99,22.39,8.04,71.12,42.92,57.38,8.06
292.32,39.62,19.99,22.39,8.04,70.91,42.92,57.53,8.07
292.33,39.62,19.99,22.39,8.04,71.12,42.92,57.53,8.06
292.34,39.70,20.02,22.39,8.04,70.91,43.02,57.38,8.06
292.35,39.70,20.02,22.39,8.04,71.12,42.92,57.53,8.06
292.36,39.62,20.02,22.42,8.04,70.91,43.02,57.53,8.06
292.37,39.62,19.99,22.42,8.04,70.91,43.02,57.53,8.06
292.38,39.70,19.99,22.39,8.04,70.91,43.02,57.53,8.07
292.39,39.70,20.02,22.39,8.04,70.91,43.02,57.38,8.06
292.40,39.62,20.02,22.42,8.04,70.91,43.02,57.38,8.07
292.41,39.62,20.02,22.39,8.04,70.91,42.92,57.53,8.06
292.42,39.70,19.99,22.39,8.04,71.12,42.92,57.53,8.06
292.43,39.70,19.99,22.39,8.04,70.91,43.02,57.53,8.07
292.44,39.70,20.02,22.42,8.04,70.91,42.92,57.53,8.06
292.45,39.62,19.99,22.42,8.04,71.12,42.92,57.38,8.06
292.46,39.70,19.99,22.39,8.06,71.12,42.92,57.53,8.07
292.47,39.62,19.99,22.35,8.04,70.91,43.02,57.53,8.06
292.48,39.62,19.99,22.42,8.04,71.12,42.92,57.53,8.07
292.49,39.62,19.99,22.42,8.04,70.91,43.02,57.38,8.05
292.50,39.62,19.99,22.42,8.04,70.91,42.92,57.38,8.07
292.51,39.62,19.99,22.39,8.04,71.12,42.92,57.53,8.06
292.52,39.70,19.99,22.39,8.04,71.12,43.02,57.53,8.07
292.53,39.62,20.02,22.42,8.04,70.91,42.92,57.53,8.06
292.54,39.70,19.99,22.39,8.04,71.12,42.92,57.53,8.06
292.55,39.70,19.99,22.39,8.06,71.12,42.92,57.53,8.06
292.56,39.62,19.99,22.39,8.04,71.12,42.92,57.53,8.06
292.57,39.62,19.99,22.39,8.04,70.91,42.92,57.38,8.07
292.58,39.70,19.99,22.39,8.04,70.91,43.02,57.53,8.07
292.59,39.70,20.02,22.42,8.04,70.91,43.02,57.53,8.06
292.60,39.62,19.99,22.39,8.04,71.12,43.02,57.53,8.06
292.61,39.70,19.99,22.39,8.04,70.91,43.02,57.53,8.06
292.62,39.70,19.99,22.39,8.04,70.91,42.92,57.53,8.07
292.63,39.62,19.99,22.39,8.04,71.12,42.92,57.53,8.06
292.64,39.70,19.99,22.39,8.04,70.91,42.92,57.38,8.06
292.65,39.70,20.02,22.39,8.04,71.12,42.92,57.53,8.06
292.66,39.70,19.99,22.39,8.04,71.12,42.92,57.53,8.06
292.67,39.62,19.99,22.39,8.04,71.12,42.92,57.53,8.06
292.68,39.62,20.02,22.39,8.04,70.91,42.92,57.53,8.06
292.69,39.62,19.99,22.42,8.04,71.12,42.92,57.53,8.06
292.70,39.70,19.99,22.39,8.04,71.12,43.02,57.53,8.06
292.71,39.62,20.02,22.39,8.06,70.91,43.02,57.53,8.06
292.72,39.62,19.99,22.39,8.06,71.12,43.02,57.53,8.05
292.73,39.70,20.02,22.39,8.04,71.12,42.92,57.53,8.06
292.74,39.70,19.99,22.39,8.04,70.91,42.92,57.53,8.06
292.75,39.62,19.99,22.39,8.06,70.91,43.02,57.53,8.06
292.76,39.62,19.99,22.39,8.04,70.91,42.84,57.53,8.06
292.77,39.70,19.99,22.39,8.04,70.91,43.02,57.53,8.06
292.78,39.62,19.99,22.42,8.04,70.91,43.02,57.53,8.06
292.79,39.70,19.99,22.39,8.04,70.91,42.92,57.38,8.06
292.80,39.62,19.99,22.39,8.04,70.91,43.11,57.53,8.06
292.81,39.70,19.99,22.39,8.04,70.91,43.02,57.53,8.06
292.82,39.70,20.02,22.42,8.04,71.12,43.02,57.53,8.06
292.83,39.70,19.99,22.39,8.04,71.12,43.02,57.53,8.05
292.84,39.62,20.02,22.39,8.04,70.91,43.02,57.38,8.07
292.85,39.70,20.02,22.39,8.04,70.91,43.02,57.53,8.05
292.86,39.62,19.96,22.42,8.04,71.12,43.02,57.53,8.06
292.87,39.70,19.99,22.42,8.04,70.91,42.92,57.53,8.07
292.88,39.70,19.99,22.39,8.04,71.12,42.92,57.38,8.07
292.89,39.62,19.99,22.39,8.04,71.12,42.92,57.53,8.07
292.90,39.70,20.02,22.39,8.04,70.91,43.02,57.53,8.07
292.91,39.70,19.99,22.39,8.04,71.12,43.02,57.53,8.07
292.92,39.54,20.02,22.39,8.04,71.12,43.02,57.53,8.07
292.93,39.62,19.99,22.42,8.04,71.12,43.02,57.38,8.07
292.94,39.70,20.02,22.35,8.04,70.91,42.92,57.38,8.07
292.95,39.62,19.99,22.39,8.04,70.91,43.02,57.53,8.06
292.96,39.62,20.02,22.42,8.04,70.91,42.92,57.53,8.06
292.97,39.70,20.02,22.39,8.04,70.91,42.84,57.53,8.06
292.98,39.62,19.99,22.39,8.04,70.91,43.02,57.38,8.06
292.99,39.70,19.99,22.39,8.04,71.12,42.92,57.53,8.07
293.00,39.70,20.02,22.39,8.04,71.12,43.02,57.53,8.06
293.01,39.70,19.99,22.39,8.04,70.91,43.02,57.38,8.06
293.02,39.62,20.02,22.39,8.04,71.12,42.92,57.53,8.07
293.03,39.70,20.02,22.39,8.04,70.91,42.92,57.53,8.06
293.04,39.70,19.99,22.39,8.04,70.91,43.02,57.53,8.07
293.05,39.62,19.99,22.39,8.04,70.91,43.02,57.67,8.07
293.06,39.70,19.99,22.42,8.04,70.91,42.92,57.67,8.07
293.07,39.70,19.99,22.42,8.04,70.91,43.02,57.38,8.06
293.08,39.70,20.02,22.39,8.04,70.91,43.02,57.53,8.07
293.09,39.70,19.99,22.39,8.04,71.12,43.02,57.53,8.06
293.10,39.62,19.99,22.39,8.04,70.91,43.02,57.53,8.06
293.11,39.62,19.99,22.42,8.04,71.12,42.92,57.53,8.06
293.12,39.70,19.99,22.39,8.04,71.12,42.92,57.53,8.06
293.13,39.70,19.99,22.39,8.04,70.91,43.02,57.53,8.07
293.14,39.70,19.99,22.39,8.04,70.91,42.92,57.53,8.06
293.15,39.62,19.99,22.39,8.04,70.91,42.92,57.53,8.06
293.16,39.62,19.99,22.42,8.04,70.91,42.92,57.53,8.06
293.17,39.70,19.99,22.39,8.04,71.12,42.92,57.53,8.06
293.18,39.70,19.99,22.39,8.04,70.91,43.02,57.53,8.06
293.19,39.62,19.99,22.39,8.04,71.12,42.92,57.53,8.06
293.20,39.70,19.99,22.39,8.04,70.91,42.84,57.38,8.06
293.21,39.70,19.99,22.39,8.04,70.91,43.02,57.38,8.05
293.22,39.62,19.99,22.39,8.04,70.91,42.92,57.53,8.07
293.23,39.70,20.02,22.42,8.04,71.12,43.02,57.53,8.06
293.24,39.62,19.99,22.39,8.04,70.91,43.02,57.53,8.07
293.25,39.70,19.99,22.42,8.04,71.12,43.02,57.53,8.06
293.26,39.70,19.99,22.39,8.04,70.91,43.02,57.53,8.05
293.27,39.70,19.99,22.39,8.04,71.12,42.92,57.53,8.05
293.28,39.62,19.99,22.39,8.04,70.91,42.92,57.53,8.07
293.29,39.62,19.99,22.39,8.04,71.12,42.92,57.53,8.06
293.30,39.70,20.02,22.39,8.04,71.12,42.92,57.53,8.07
293.31,39.70,19.99,22.39,8.04,70.91,43.02,57.53,8.07
293.32,39.70,19.99,22.39,8.04,71.12,42.92,57.38,8.06
293.33,39.70,20.02,22.39,8.04,70.91,43.02,57.53,8.06
293.34,39.70,19.99,22.39,8.04,70.91,42.92,57.53,8.05
293.35,39.62,19.99,22.39,8.06,70.91,42.92,57.53,8.06
293.36,39.70,19.99,22.39,8.04,70.91,43.02,57.53,8.07
293.37,39.62,20.02,22.39,8.04,70.91,43.02,57.53,8.05
293.38,39.62,19.99,22.39,8.04,71.12,42.92,57.53,8.05
293.39,39.62,19.99,22.39,8.04,70.91,42.92,57.53,8.07
293.40,39.70,19.99,22.39,8.04,70.91,43.02,57.53,8.06
293.41,39.62,19.99,22.39,8.04,71.12,43.02,57.53,8.06
293.42,39.62,19.99,22.39,8.04,70.91,42.92,57.53,8.07
293.43,39.62,19.99,22.39,8.04,70.91,43.02,57.53,8.07
293.44,39.70,19.99,22.39,8.04,70.91,42.92,57.38,8.05
293.45,39.70,19.99,22.39,8.04,71.12,42.92,57.53,8.06
293.46,39.70,19.99,22.39,8.04,70.91,43.02,57.53,8.06
293.47,39.62,19.99,22.42,8.04,71.12,42.92,57.53,8.07
293.48,39.70,19.99,22.39,8.04,71.12,42.92,57.53,8.07
293.49,39.70,20.02,22.39,8.04,70.91,42.92,57.53,8.06
293.50,39.70,19.99,22.39,8.02,71.12,42.92,57.53,8.07
293.51,39.62,19.99,22.39,8.04,70.91,43.02,57.53,8.06
293.52,39.70,19.99,22.39,8.04,70.91,43.02,57.53,8.06
293.53,39.70,19.99,22.39,8.04,70.91,43.02,57.53,8.07
293.54,39.70,19.96,22.39,8.04,71.12,42.92,57.53,8.06
293.57,39.70,19.99,22.39,8.04,71.12,43.02,57.53,8.06
293.57,39.62,19.99,22.39,8.04,70.91,43.02,57.53,8.06
293.58,39.70,19.99,22.39,8.04,70.91,43.02,57.38,8.06
293.59,39.62,19.99,22.42,8.04,70.91,43.02,57.53,8.06
293.60,39.62,19.99,22.39,8.04,70.91,42.92,57.53,8.06
293.61,39.62,19.99,22.39,8.04,70.91,43.02,57.53,8.06
293.62,39.62,19.99,22.39,8.04,71.12,43.02,57.53,8.06
293.63,39.70,19.99,22.42,8.04,71.12,43.02,57.53,8.06
293.64,39.70,19.99,22.39,8.04,70.91,43.02,57.53,8.06
293.65,39.70,19.99,22.42,8.04,71.12,42.92,57.53,8.06
293.66,39.70,19.99,22.42,8.04,70.91,42.92,57.53,8.07
293.67,39.70,19.99,22.39,8.04,70.91,42.92,57.38,8.06
293.68,39.62,19.99,22.39,8.04,70.91,43.02,57.38,8.07
293.69,39.70,19.99,22.39,8.04,71.12,42.92,57.53,8.06
293.70,39.70,19.99,22.39,8.04,70.91,42.92,57.53,8.06
293.71,39.70,20.02,22.42,8.04,70.91,42.92,57.53,8.06
293.72,39.62,19.99,22.42,8.04,71.12,42.92,57.53,8.06
293.73,39.62,19.99,22.39,8.04,71.12,43.02,57.53,8.06
293.74,39.62,19.99,22.42,8.04,71.12,43.02,57.53,8.06
293.75,39.62,19.99,22.39,8.04,70.91,42.92,57.53,8.07
293.76,39.62,19.99,22.39,8.04,70.91,42.92,57.53,8.06
293.77,39.70,19.96,22.42,8.06,70.91,43.02,57.53,8.07
293.78,39.62,20.02,22.39,8.04,70.91,42.92,57.53,8.06
293.79,39.70,19.99,22.39,8.04,70.91,42.92,57.53,8.06
293.80,39.70,19.99,22.39,8.04,70.91,43.02,57.53,8.07
293.81,39.62,19.99,22.42,8.04,71.12,42.92,57.53,8.06
293.82,39.70,19.99,22.42,8.04,70.91,42.92,57.53,8.07
293.83,39.70,19.99,22.39,8.04,71.12,43.02,57.38,8.07
293.84,39.70,19.99,22.39,8.04,70.70,42.92,57.53,8.06
293.85,39.62,19.99,22.42,8.06,71.12,42.92,57.53,8.07
293.86,39.70,19.96,22.39,8.04,71.12,43.02,57.53,8.06
293.87,39.70,19.99,22.42,8.06,70.91,42.92,57.53,8.06
293.88,39.70,19.99,22.39,8.04,71.12,42.92,57.53,8.06
293.89,39.70,19.96,22.39,8.04,70.91,43.02,57.38,8.05
293.90,39.78,19.99,22.39,8.04,71.12,42.92,57.53,8.06
293.91,39.70,19.99,22.39,8.02,70.91,42.92,57.53,8.07
293.92,39.70,19.99,22.39,8.04,71.12,42.92,57.53,8.06
293.93,39.70,19.99,22.39,8.06,70.91,42.92,57.53,8.06
293.94,39.62,20.02,22.39,8.04,70.91,43.02,57.53,8.06
293.95,39.70,19.99,22.39,8.04,70.91,42.92,57.38,8.07
293.96,39.70,19.99,22.39,8.04,71.12,42.92,57.53,8.06
293.97,39.70,19.99,22.39,8.04,71.12,43.02,57.53,8.06
293.98,39.70,19.99,22.42,8.04,71.12,42.84,57.53,8.07
293.99,39.62,19.99,22.39,8.04,70.91,42.92,57.38,8.05
294.00,39.70,19.99,22.39,8.04,70.91,42.92,57.53,8.06
294.01,39.70,19.99,22.39,8.04,70.91,42.84,57.53,8.06
294.02,39.70,20.02,22.39,8.04,70.91,42.92,57.38,8.06
294.03,39.62,19.99,22.39,8.04,70.91,43.02,57.38,8.07
294.04,39.70,20.02,22.42,8.04,70.91,43.02,57.53,8.06
294.05,39.62,19.99,22.39,8.04,70.91,42.92,57.53,8.07
294.06,39.62,19.99,22.39,8.04,70.91,43.02,57.53,8.07
294.07,39.70,20.02,22.42,8.04,70.91,42.92,57.53,8.06
294.08,39.62,20.02,22.39,8.04,71.12,43.02,57.53,8.07
294.09,39.62,19.99,22.39,8.04,71.12,43.02,57.53,8.06
294.10,39.70,19.99,22.39,8.04,71.12,43.02,57.38,8.06
294.11,39.62,19.99,22.39,8.04,70.91,43.11,57.53,8.06
294.12,39.70,19.99,22.39,8.06,70.91,43.02,57.38,8.06
294.13,39.70,19.99,22.39,8.04,71.12,42.92,57.53,8.06
294.14,39.70,19.99,22.39,8.04,70.91,42.92,57.53,8.06
294.15,39.70,19.99,22.39,8.04,71.12,43.02,57.53,8.06
294.16,39.62,19.99,22.42,8.04,70.91,43.02,57.53,8.06
294.17,39.70,20.02,22.39,8.04,71.12,43.02,57.53,8.06
294.18,39.70,19.99,22.42,8.04,71.12,42.92,57.53,8.07
294.19,39.62,19.99,22.39,8.04,71.12,42.92,57.38,8.07
294.20,39.70,19.99,22.42,8.04,71.12,42.92,57.53,8.05
294.21,39.70,19.99,22.42,8.04,70.91,42.92,57.53,8.06
294.22,39.62,19.99,22.39,8.04,70.91,42.92,57.53,8.06
294.23,39.70,19.99,22.39,8.04,71.12,42.92,57.38,8.06
294.24,39.70,19.99,22.39,8.04,70.91,43.02,57.53,8.06
294.25,39.70,20.02,22.39,8.04,70.91,43.02,57.38,8.06
294.26,39.70,19.99,22.39,8.04,70.91,43.02,57.38,8.05
294.27,39.70,19.99,22.42,8.04,71.12,43.02,57.67,8.06
294.28,39.70,19.96,22.39,8.04,70.91,42.92,57.53,8.06
294.29,39.62,19.99,22.39,8.04,70.70,43.02,57.53,8.06
294.30,39.62,19.99,22.42,8.04,70.91,43.02,57.53,8.06
294.31,39.70,19.99,22.39,8.04,71.12,42.92,57.38,8.06
294.32,39.62,19.99,22.39,8.04,70.91,43.02,57.53,8.06
294.33,39.70,19.96,22.42,8.04,70.91,42.92,57.53,8.06
294.34,39.62,19.99,22.39,8.04,71.12,43.02,57.53,8.06
294.35,39.70,19.99,22.42,8.04,70.91,42.92,57.53,8.06
294.36,39.70,19.99,22.39,8.04,70.91,42.84,57.53,8.07
294.37,39.70,19.99,22.39,8.04,70.91,42.92,57.53,8.06
294.38,39.62,19.99,22.39,8.04,70.91,42.92,57.53,8.06
294.39,39.70,19.99,22.39,8.04,71.12,42.92,57.53,8.06
294.40,39.70,19.99,22.42,8.04,70.91,42.92,57.53,8.06
294.41,39.62,19.96,22.42,8.04,71.12,42.92,57.38,8.06
294.42,39.70,19.99,22.42,8.04,70.91,42.92,57.53,8.06
294.43,39.70,19.99,22.39,8.04,70.91,43.02,57.53,8.06
294.44,39.70,19.99,22.39,8.04,71.12,42.92,57.38,8.06
294.45,39.70,19.99,22.42,8.04,70.91,43.02,57.53,8.06
294.46,39.62,19.99,22.39,8.04,71.12,42.92,57.53,8.06
294.47,39.62,19.99,22.42,8.04,70.91,43.02,57.53,8.06
294.48,39.70,19.99,22.39,8.04,71.12,42.84,57.38,8.06
294.49,39.70,19.99,22.39,8.04,70.91,42.92,57.53,8.06
294.50,39.70,19.99,22.42,8.04,71.12,42.92,57.53,8.07
294.51,39.62,19.99,22.39,8.04,71.12,42.92,57.53,8.06
294.52,39.70,19.99,22.42,8.04,70.91,43.02,57.53,8.06
294.53,39.70,19.99,22.39,8.04,71.12,42.92,57.38,8.06
294.54,39.70,19.99,22.39,8.04,70.91,43.02,57.53,8.05
294.55,39.70,19.99,22.42,8.04,70.91,43.02,57.53,8.06
294.56,39.70,19.99,22.42,8.04,70.91,43.02,57.38,8.06
294.57,39.62,19.99,22.39,8.04,70.91,43.02,57.53,8.06
294.58,39.70,19.99,22.42,8.04,71.12,43.02,57.53,8.06
294.59,39.70,20.02,22.39,8.04,70.91,43.02,57.38,8.06
294.60,39.70,19.99,22.39,8.04,71.12,43.02,57.53,8.06
294.61,39.70,19.99,22.39,8.04,71.12,43.02,57.53,8.06
294.62,39.70,19.99,22.42,8.04,70.91,43.02,57.53,8.06
294.63,39.62,19.99,22.39,8.04,70.91,42.92,57.53,8.06
294.64,39.70,19.99,22.39,8.04,71.12,43.02,57.53,8.06
294.65,39.70,19.99,22.39,8.04,70.91,42.92,57.53,8.06
294.66,39.70,19.96,22.42,8.04,70.91,43.02,57.38,8.06
294.67,39.70,19.96,22.39,8.04,71.12,42.92,57.53,8.07
294.68,39.70,20.02,22.39,8.04,71.12,42.92,57.53,8.06
294.69,39.70,19.99,22.42,8.04,71.12,43.11,57.53,8.06
294.70,39.70,19.96,22.42,8.04,70.91,43.02,57.53,8.06
294.71,39.62,19.99,22.42,8.06,70.91,43.02,57.53,8.06
294.72,39.70,19.99,22.39,8.04,71.12,43.02,57.53,8.06
294.73,39.70,19.99,22.42,8.04,71.12,42.92,57.53,8.06
294.74,39.62,19.99,22.39,8.04,70.91,43.02,57.53,8.06
294.75,39.70,19.96,22.39,8.04,70.91,43.02,57.53,8.05
294.76,39.70,19.99,22.39,8.04,71.12,42.92,57.53,8.07
294.77,39.70,19.99,22.42,8.06,71.12,42.92,57.53,8.06
294.78,39.70,19.99,22.39,8.04,70.91,43.02,57.53,8.07
294.79,39.70,19.99,22.42,8.04,70.91,43.02,57.53,8.07
294.80,39.70,19.99,22.39,8.04,70.91,43.02,57.53,8.06
294.81,39.70,19.99,22.39,8.04,70.91,43.02,57.53,8.06
294.82,39.70,20.02,22.42,8.04,70.91,42.92,57.53,8.06
294.83,39.70,19.99,22.42,8.04,71.12,42.92,57.53,8.07
294.84,39.70,19.99,22.39,8.04,70.91,43.02,57.53,8.05
294.85,39.70,19.99,22.39,8.04,70.91,43.02,57.53,8.07
294.86,39.62,19.96,22.42,8.04,71.12,42.92,57.53,8.06
294.87,39.70,19.99,22.39,8.04,70.91,42.92,57.53,8.05
294.88,39.70,19.99,22.42,8.04,70.91,43.02,57.53,8.06
294.89,39.70,19.99,22.39,8.04,71.12,42.92,57.53,8.06
294.90,39.62,19.99,22.39,8.04,70.91,42.92,57.38,8.06
294.91,39.62,19.96,22.39,8.04,70.91,43.02,57.53,8.06
294.92,39.70,19.99,22.39,8.04,71.12,42.92,57.53,8.06
294.93,39.70,19.99,22.39,8.06,70.91,42.84,57.53,8.06
294.94,39.70,19.99,22.39,8.04,70.91,42.92,57.53,8.06
294.95,39.62,20.02,22.39,8.04,71.12,43.02,57.53,8.06
294.96,39.70,19.99,22.39,8.04,70.91,42.92,57.53,8.06
294.97,39.62,19.99,22.42,8.04,71.12,43.02,57.53,8.06
294.98,39.70,19.99,22.39,8.04,70.91,42.92,57.53,8.06
294.99,39.70,19.99,22.39,8.04,70.91,43.02,57.53,8.07
295.00,39.62,19.96,22.39,8.04,71.12,42.92,57.53,8.06
295.01,39.70,19.99,22.39,8.04,70.91,43.02,57.53,8.07
295.02,39.70,19.99,22.42,8.04,70.91,42.92,57.53,8.07
295.03,39.70,19.99,22.39,8.04,70.91,43.02,57.38,8.06
295.04,39.62,19.96,22.39,8.04,71.12,42.92,57.53,8.06
295.05,39.70,19.99,22.39,8.04,71.12,42.92,57.53,8.07
295.06,39.70,19.99,22.42,8.04,70.91,42.92,57.53,8.06
295.07,39.70,19.99,22.39,8.04,71.12,42.92,57.53,8.06
295.08,39.70,19.99,22.35,8.04,70.91,43.02,57.53,8.06
295.09,39.70,19.99,22.39,8.04,71.12,42.92,57.53,8.07
295.10,39.70,19.99,22.42,8.04,70.91,42.92,57.53,8.06
295.11,39.70,19.99,22.42,8.04,70.91,42.92,57.53,8.07
295.12,39.70,19.99,22.39,8.04,71.12,42.92,57.53,8.06
295.13,39.70,19.99,22.39,8.04,70.91,43.02,57.53,8.06
295.14,39.70,19.99,22.42,8.04,71.12,42.92,57.53,8.06
295.15,39.70,19.99,22.39,8.04,70.91,43.02,57.53,8.07
295.16,39.70,19.99,22.42,8.04,71.12,42.92,57.53,8.06
295.17,39.70,19.99,22.39,8.04,71.12,42.92,57.53,8.07
295.18,39.62,19.96,22.39,8.04,71.12,43.02,57.38,8.06
295.19,39.70,19.96,22.42,8.04,70.91,42.92,57.53,8.05
295.20,39.70,19.99,22.39,8.04,70.91,43.20,57.53,8.06
295.21,39.70,19.99,22.39,8.06,70.91,43.02,57.53,8.06
295.22,39.70,19.99,22.39,8.04,71.12,42.92,57.53,8.07
295.23,39.70,19.99,22.39,8.04,70.91,43.02,57.53,8.05
295.24,39.62,19.99,22.39,8.06,70.91,43.02,57.53,8.07
295.25,39.70,19.99,22.39,8.06,71.12,43.02,57.53,8.06
295.26,39.70,19.99,22.39,8.04,71.12,42.92,57.53,8.07
295.27,39.70,20.02,22.42,8.04,71.12,42.92,57.53,8.06
295.28,39.78,19.99,22.39,8.04,70.91,42.84,57.53,8.06
295.29,39.70,20.02,22.39,8.06,70.91,43.02,57.53,8.06
295.30,39.78,19.99,22.39,8.04,71.12,43.02,57.38,8.07
295.31,39.70,19.96,22.39,8.04,71.12,43.02,57.53,8.06
295.32,39.62,20.02,22.39,8.04,71.12,42.92,57.53,8.06
295.33,39.86,19.96,22.42,8.04,70.91,43.02,57.53,8.07
295.34,39.62,19.99,22.39,8.04,71.12,42.92,57.53,8.05
295.35,39.70,19.99,22.39,8.04,70.91,43.02,57.53,8.07
295.36,39.70,19.96,22.39,8.04,70.91,42.84,57.53,8.06
295.37,39.70,19.99,22.42,8.04,71.12,43.02,57.53,8.06
295.38,39.62,19.99,22.39,8.04,71.12,43.02,57.38,8.06
295.39,39.70,20.02,22.39,8.04,71.12,43.02,57.38,8.06
295.40,39.70,19.99,22.39,8.04,70.91,43.02,57.53,8.07
295.41,39.70,19.99,22.42,8.04,70.91,42.92,57.53,8.05
295.42,39.70,19.99,22.42,8.04,70.91,43.02,57.53,8.07
295.43,39.70,19.96,22.42,8.04,71.12,43.02,57.67,8.07
295.44,39.70,20.02,22.39,8.04,70.91,42.92,57.38,8.06
295.45,39.70,19.99,22.39,8.04,70.91,43.02,57.67,8.05
295.46,39.70,19.96,22.39,8.04,71.12,42.92,57.53,8.06
295.47,39.70,20.02,22.42,8.04,71.12,42.84,57.38,8.06
295.48,39.70,20.02,22.39,8.04,70.91,43.02,57.53,8.07
295.49,39.70,19.99,22.39,8.04,71.12,43.02,57.53,8.06
295.50,39.70,19.96,22.39,8.04,71.12,43.02,57.53,8.07
295.51,39.70,19.99,22.39,8.04,71.12,43.02,57.53,8.06
295.52,39.70,19.99,22.39,8.04,70.91,43.02,57.53,8.06
295.53,39.70,19.99,22.39,8.04,70.91,43.02,57.53,8.07
295.54,39.70,19.99,22.42,8.04,71.12,43.02,57.53,8.06
295.55,39.70,19.99,22.39,8.04,70.91,43.02,57.53,8.07
295.56,39.70,19.96,22.39,8.04,71.12,42.92,57.53,8.06
295.57,39.70,19.99,22.42,8.06,70.91,43.02,57.53,8.07
295.58,39.70,19.99,22.39,8.04,70.91,43.02,57.53,8.05
295.59,39.62,19.99,22.39,8.04,71.12,42.92,57.53,8.06
295.60,39.70,19.99,22.39,8.04,71.12,42.92,57.53,8.06
295.61,39.70,19.96,22.39,8.04,71.12,43.02,57.53,8.06
295.62,39.62,19.96,22.39,8.04,71.12,43.02,57.53,8.07
295.63,39.62,19.99,22.42,8.04,70.91,43.02,57.53,8.06
295.64,39.62,19.99,22.42,8.04,70.91,42.92,57.53,8.06
295.65,39.70,19.96,22.42,8.04,70.91,43.02,57.53,8.06
295.66,39.70,20.02,22.39,8.02,71.12,43.02,57.53,8.06
295.67,39.70,19.99,22.42,8.04,70.91,42.92,57.38,8.07
295.68,39.70,19.96,22.39,8.04,71.12,43.02,57.53,8.07
295.69,39.70,19.99,22.42,8.04,70.91,43.02,57.53,8.06
295.70,39.70,19.99,22.39,8.04,71.12,42.92,57.53,8.06
295.71,39.70,19.96,22.39,8.04,70.91,43.02,57.53,8.06
295.72,39.70,19.99,22.42,8.04,71.12,43.02,57.53,8.06
295.73,39.70,19.99,22.39,8.04,71.12,42.92,57.53,8.06
295.74,39.70,19.99,22.39,8.04,71.12,42.92,57.38,8.06
295.75,39.70,19.99,22.39,8.04,71.12,43.02,57.53,8.06
295.76,39.70,19.99,22.42,8.04,71.12,42.92,57.53,8.06
295.77,39.70,19.96,22.39,8.04,70.91,42.92,57.53,8.06
295.78,39.70,20.02,22.39,8.04,71.12,42.92,57.53,8.05
295.79,39.70,19.99,22.39,8.04,71.12,42.92,57.53,8.06
295.80,39.62,19.99,22.39,8.04,71.12,43.02,57.53,8.06
295.81,39.70,19.99,22.39,8.04,71.12,43.02,57.53,8.06
295.82,39.70,19.99,22.39,8.04,71.12,42.92,57.53,8.06
295.83,39.70,19.96,22.42,8.04,71.12,42.92,57.53,8.06
295.84,39.70,20.02,22.39,8.04,70.91,42.92,57.38,8.06
295.85,39.70,19.99,22.39,8.04,70.91,43.02,57.53,8.07
295.86,39.70,19.99,22.39,8.04,70.91,42.92,57.53,8.06
295.87,39.70,19.99,22.39,8.04,71.12,43.02,57.53,8.06
295.88,39.62,19.99,22.42,8.04,71.12,43.02,57.53,8.06
295.89,39.70,19.96,22.39,8.04,71.12,43.02,57.53,8.06
295.90,39.70,19.99,22.39,8.04,71.12,43.02,57.53,8.06
295.91,39.70,19.99,22.39,8.04,70.91,42.92,57.67,8.07
295.92,39.70,19.99,22.39,8.04,70.91,43.02,57.53,8.05
295.93,39.70,19.99,22.42,8.04,71.12,43.02,57.53,8.07
295.94,39.70,19.99,22.39,8.04,70.91,43.02,57.53,8.06
295.95,39.70,19.99,22.42,8.04,70.91,42.92,57.53,8.07
295.96,39.70,19.99,22.39,8.04,70.91,43.02,57.53,8.06
295.97,39.70,19.96,22.39,8.04,71.12,42.92,57.53,8.06
295.98,39.62,19.99,22.42,8.06,71.12,43.02,57.53,8.07
295.99,39.70,19.96,22.42,8.04,71.12,42.92,57.53,8.06
296.00,39.70,19.99,22.39,8.04,71.12,43.02,57.53,8.06
296.01,39.70,19.99,22.39,8.04,70.91,42.92,57.53,8.06
296.02,39.62,19.99,22.39,8.04,71.12,43.02,57.53,8.07
296.03,39.70,19.96,22.42,8.04,71.12,42.92,57.53,8.06
296.04,39.70,19.96,22.42,8.04,71.12,42.92,57.53,8.06
296.05,39.70,19.99,22.39,8.04,70.91,42.92,57.53,8.06
296.06,39.70,19.99,22.39,8.04,71.12,42.92,57.53,8.07
296.07,39.70,19.96,22.39,8.04,70.91,42.92,57.53,8.06
296.08,39.70,19.99,22.42,8.04,71.12,43.02,57.53,8.07
296.09,39.70,19.99,22.39,8.04,71.12,43.02,57.53,8.06
296.10,39.70,19.99,22.39,8.04,71.12,43.02,57.53,8.05
296.11,39.62,19.99,22.39,8.04,71.12,43.02,57.53,8.06
296.12,39.70,19.99,22.39,8.04,71.12,42.92,57.53,8.06
296.13,39.70,19.99,22.39,8.04,70.91,42.92,57.53,8.06
296.14,39.70,20.02,22.39,8.04,71.12,43.02,57.53,8.05
296.15,39.70,19.99,22.39,8.04,71.12,42.92,57.53,8.06
296.16,39.70,19.99,22.42,8.04,71.12,43.02,57.53,8.06
296.17,39.70,19.99,22.42,8.04,71.12,43.02,57.53,8.06
296.18,39.70,19.99,22.42,8.04,70.91,42.92,57.53,8.05
296.19,39.70,19.99,22.39,8.04,70.91,43.02,57.53,8.06
296.20,39.70,19.99,22.42,8.04,71.12,43.02,57.53,8.07
296.21,39.70,19.99,22.39,8.04,70.91,43.02,57.53,8.07
296.22,39.70,19.96,22.39,8.04,71.12,42.92,57.53,8.06
296.23,39.70,19.99,22.42,8.04,71.12,43.02,57.53,8.06
296.24,39.70,19.99,22.39,8.04,70.91,43.02,57.53,8.06
296.25,39.70,19.99,22.39,8.04,70.91,43.02,57.53,8.06
296.26,39.70,19.99,22.39,8.04,70.91,43.02,57.53,8.06
296.27,39.70,19.99,22.42,8.04,70.91,42.92,57.53,8.06
296.28,39.70,19.93,22.42,8.04,71.12,42.92,57.53,8.06
296.29,39.70,19.99,22.39,8.04,71.12,43.02,57.53,8.05
296.30,39.70,19.99,22.39,8.04,70.91,42.92,57.53,8.07
296.31,39.70,19.96,22.42,8.04,71.12,42.84,57.53,8.07
296.32,39.70,19.99,22.42,8.04,71.12,42.92,57.53,8.07
296.33,39.70,19.99,22.39,8.04,71.12,43.02,57.53,8.07
296.34,39.70,19.99,22.42,8.04,70.91,43.02,57.53,8.07
296.35,39.70,19.99,22.42,8.04,71.12,42.84,57.53,8.06
296.36,39.70,19.99,22.39,8.04,70.91,43.02,57.53,8.06
296.37,39.62,19.99,22.39,8.04,70.91,42.92,57.53,8.07
296.38,39.70,19.99,22.39,8.04,70.91,42.84,57.53,8.07
296.39,39.70,19.99,22.39,8.04,70.91,43.11,57.53,8.06
296.40,39.70,19.99,22.39,8.04,71.12,42.84,57.53,8.06
296.41,39.70,19.96,22.39,8.04,71.12,42.92,57.38,8.07
296.42,39.70,19.99,22.42,8.04,71.12,42.92,57.53,8.07
296.43,39.70,19.96,22.42,8.04,71.12,43.02,57.53,8.06
296.44,39.70,19.99,22.39,8.04,71.12,43.02,57.53,8.05
296.45,39.70,19.99,22.39,8.04,71.12,43.02,57.53,8.06
296.46,39.70,19.99,22.42,8.04,71.12,42.92,57.53,8.06
296.47,39.70,19.99,22.39,8.04,71.12,43.02,57.38,8.06
296.48,39.62,19.99,22.39,8.04,71.12,43.02,57.53,8.07
296.49,39.78,19.99,22.39,8.04,71.12,42.92,57.53,8.06
296.50,39.62,19.99,22.42,8.04,70.91,43.02,57.53,8.06
296.51,39.62,19.99,22.39,8.04,70.91,43.02,57.53,8.07
296.52,39.78,20.02,22.39,8.04,71.12,43.02,57.53,8.06
296.53,39.70,19.99,22.39,8.04,70.91,42.84,57.38,8.07
296.54,39.70,19.99,22.46,8.04,71.12,43.02,57.53,8.06
296.55,39.70,19.99,22.42,8.04,71.12,42.92,57.53,8.06
296.56,39.70,19.99,22.39,8.04,70.91,43.02,57.53,8.07
296.57,39.70,19.96,22.39,8.06,70.91,43.02,57.53,8.06
296.58,39.70,19.99,22.42,8.04,70.91,42.92,57.67,8.06
296.59,39.70,19.99,22.39,8.04,70.70,43.02,57.53,8.06
296.60,39.70,19.99,22.42,8.04,71.12,43.02,57.53,8.06
296.61,39.70,20.02,22.42,8.04,70.91,43.02,57.53,8.07
296.62,39.70,19.99,22.39,8.04,71.12,43.02,57.38,8.06
296.63,39.70,19.96,22.42,8.04,71.12,42.92,57.53,8.07
296.64,39.70,19.99,22.46,8.04,71.12,43.02,57.67,8.07
296.65,39.70,19.99,22.39,8.04,71.12,43.02,57.23,8.07
296.66,39.70,19.99,22.42,8.04,71.12,43.02,57.38,8.06
296.67,39.70,19.99,22.42,8.06,71.12,43.02,57.67,8.07
296.68,39.70,19.96,22.42,8.04,70.91,42.92,57.38,8.06
296.69,39.78,19.96,22.39,8.04,70.91,43.02,57.53,8.06
296.70,39.70,19.99,22.39,8.04,71.12,43.02,57.53,8.06
296.71,39.70,19.96,22.39,8.06,71.12,43.02,57.53,8.05
296.72,39.70,20.02,22.39,8.04,71.12,43.02,57.53,8.07
296.73,39.70,19.99,22.39,8.04,71.12,43.02,57.53,8.06
296.74,39.70,19.99,22.39,8.04,70.91,42.92,57.53,8.07
296.75,39.70,19.96,22.39,8.04,71.12,43.02,57.53,8.05
296.76,39.70,19.96,22.39,8.04,71.12,43.02,57.53,8.07
296.77,39.70,19.99,22.39,8.04,71.12,42.92,57.53,8.06
296.78,39.70,19.99,22.39,8.04,71.12,42.92,57.53,8.06
296.79,39.78,19.99,22.42,8.04,71.12,42.92,57.53,8.06
296.80,39.70,19.99,22.39,8.04,70.91,43.02,57.53,8.06
296.81,39.70,19.99,22.42,8.04,71.12,43.02,57.53,8.05
296.82,39.70,19.99,22.42,8.04,71.12,42.92,57.53,8.07
296.83,39.70,19.96,22.39,8.04,70.91,43.02,57.53,8.06
296.84,39.70,19.99,22.42,8.04,70.91,42.92,57.53,8.06
296.85,39.70,19.99,22.42,8.04,70.91,43.02,57.53,8.07
296.86,39.78,19.99,22.39,8.04,71.12,42.92,57.53,8.07
296.87,39.70,19.99,22.39,8.04,71.12,43.02,57.53,8.06
296.88,39.70,19.99,22.42,8.04,71.12,42.92,57.67,8.06
296.89,39.70,20.02,22.42,8.04,71.12,43.02,57.53,8.07
296.90,39.70,19.99,22.39,8.04,71.12,42.92,57.53,8.06
296.91,39.70,20.02,22.39,8.04,71.12,42.92,57.53,8.07
296.92,39.70,19.99,22.42,8.04,71.12,43.02,57.53,8.06
296.93,39.70,19.96,22.39,8.04,71.12,43.02,57.53,8.06
296.94,39.70,19.99,22.39,8.04,71.12,42.92,57.53,8.07
296.95,39.70,20.02,22.39,8.04,70.91,42.92,57.53,8.07
296.96,39.70,20.02,22.42,8.04,70.91,43.02,57.53,8.06
296.97,39.70,20.02,22.39,8.06,71.12,43.02,57.53,8.06
296.98,39.70,19.99,22.42,8.04,71.12,43.02,57.53,8.06
296.99,39.70,19.99,22.42,8.06,71.12,43.02,57.67,8.05
297.00,39.70,20.02,22.42,8.04,71.12,43.02,57.53,8.07
297.01,39.70,19.99,22.42,8.04,71.12,43.02,57.53,8.07
297.02,39.70,19.99,22.42,8.04,71.12,43.02,57.53,8.07
297.03,39.70,19.99,22.39,8.04,70.91,43.02,57.53,8.06
297.04,39.70,19.99,22.42,8.04,71.12,43.02,57.53,8.06
297.05,39.70,19.99,22.39,8.04,71.12,43.02,57.67,8.07
297.06,39.78,20.02,22.42,8.04,70.91,43.02,57.53,8.05
297.07,39.70,19.99,22.39,8.04,71.12,42.92,57.53,8.06
297.08,39.70,19.96,22.42,8.04,70.91,43.02,57.53,8.06
297.09,39.70,19.99,22.42,8.04,70.91,43.02,57.53,8.06
297.10,39.70,19.99,22.42,8.04,71.12,43.02,57.53,8.06
297.11,39.70,19.99,22.39,8.04,70.91,43.02,57.53,8.07
297.12,39.70,19.99,22.39,8.04,71.12,43.02,57.53,8.06
297.13,39.70,20.02,22.42,8.04,71.12,43.02,57.53,8.07
297.14,39.70,19.99,22.42,8.04,71.12,42.92,57.53,8.06
297.15,39.70,19.99,22.42,8.04,71.12,42.92,57.38,8.06
297.16,39.70,19.99,22.39,8.04,71.12,43.02,57.53,8.06
297.17,39.70,19.99,22.42,8.04,71.12,43.02,57.53,8.06
297.18,39.70,19.99,22.42,8.04,71.12,43.02,57.53,8.06
297.19,39.70,19.99,22.39,8.04,71.12,42.92,57.53,8.06
297.20,39.70,19.99,22.39,8.04,71.12,43.02,57.53,8.06
297.21,39.70,20.02,22.39,8.04,71.12,42.92,57.53,8.07
297.22,39.70,19.99,22.39,8.04,71.12,43.02,57.53,8.06
297.23,39.70,19.99,22.42,8.04,71.12,43.02,57.53,8.05
297.24,39.70,19.99,22.42,8.04,71.12,43.02,57.53,8.06
297.25,39.78,19.99,22.42,8.04,71.12,43.02,57.67,8.07
297.26,39.70,19.99,22.39,8.04,71.12,43.02,57.67,8.07
297.27,39.70,19.99,22.39,8.04,71.12,43.02,57.53,8.06
297.28,39.70,20.02,22.42,8.04,71.12,43.02,57.67,8.06
297.29,39.70,20.02,22.42,8.04,71.12,43.02,57.53,8.06
297.30,39.70,19.99,22.42,8.04,71.12,43.02,57.53,8.07
297.31,39.78,19.99,22.39,8.04,71.12,43.02,57.53,8.06
297.32,39.70,19.99,22.42,8.04,71.12,43.02,57.67,8.06
297.33,39.70,20.02,22.42,8.04,71.12,43.02,57.53,8.06
297.34,39.70,19.99,22.39,8.04,71.12,43.02,57.53,8.07
297.35,39.70,19.99,22.42,8.04,71.12,42.92,57.53,8.07
297.36,39.70,19.99,22.39,8.04,71.12,43.02,57.53,8.07
297.37,39.70,19.99,22.42,8.04,71.12,43.02,57.53,8.06
297.38,39.70,19.99,22.39,8.04,71.12,43.11,57.53,8.07
297.39,39.70,19.99,22.39,8.04,71.12,42.92,57.53,8.07
297.40,39.70,19.99,22.42,8.04,71.12,43.02,57.53,8.06
297.41,39.70,20.02,22.42,8.04,71.12,42.92,57.53,8.06
297.42,39.70,20.02,22.39,8.04,71.12,42.92,57.53,8.06
297.43,39.70,20.02,22.42,8.04,71.12,43.02,57.53,8.06
297.44,39.70,19.99,22.39,8.04,71.12,43.02,57.53,8.06
297.45,39.70,19.99,22.42,8.04,71.12,43.02,57.53,8.06
297.46,39.70,19.99,22.42,8.04,71.12,43.02,57.53,8.07
297.47,39.70,20.02,22.39,8.04,71.12,43.02,57.53,8.06
297.48,39.70,19.99,22.42,8.04,70.91,43.02,57.53,8.06
297.49,39.70,20.02,22.42,8.04,71.12,43.02,57.53,8.06
297.50,39.70,19.99,22.42,8.04,71.12,42.92,57.53,8.05
297.51,39.70,19.99,22.42,8.04,71.12,42.92,57.53,8.06
297.52,39.78,19.99,22.42,8.04,71.12,43.02,57.53,8.06
297.53,39.70,19.99,22.39,8.04,71.12,43.02,57.53,8.07
297.54,39.70,19.99,22.42,8.04,71.12,43.02,57.67,8.06
297.55,39.70,20.02,22.42,8.04,71.12,43.02,57.67,8.06
297.56,39.70,20.02,22.42,8.04,71.12,42.92,57.53,8.06
297.57,39.70,19.96,22.42,8.04,71.12,42.92,57.53,8.06
297.58,39.70,19.99,22.46,8.06,71.12,43.02,57.67,8.07
297.59,39.70,19.99,22.39,8.04,71.12,43.02,57.67,8.06
297.60,39.70,19.99,22.39,8.04,70.91,43.02,57.53,8.06
297.61,39.70,19.99,22.39,8.04,71.12,43.02,57.53,8.06
297.62,39.70,19.99,22.42,8.04,71.12,43.02,57.53,8.06
297.63,39.70,19.99,22.39,8.04,71.12,43.02,57.53,8.07
297.64,39.78,19.99,22.42,8.04,71.12,42.92,57.53,8.07
297.65,39.70,19.99,22.42,8.04,71.12,43.02,57.53,8.08
297.66,39.70,19.99,22.42,8.04,71.12,43.02,57.53,8.06
297.67,39.78,19.99,22.42,8.04,71.12,43.02,57.67,8.06
297.68,39.70,20.02,22.42,8.04,71.12,42.92,57.53,8.07
297.69,39.70,19.99,22.39,8.04,71.12,43.02,57.53,8.06
297.70,39.70,19.99,22.42,8.04,71.12,43.02,57.53,8.06
297.71,39.78,19.99,22.42,8.04,71.12,43.02,57.67,8.06
297.72,39.62,19.99,22.39,8.04,71.12,43.02,57.53,8.06
297.73,39.70,19.99,22.46,8.04,71.12,43.02,57.67,8.06
297.74,39.70,19.99,22.39,8.04,71.12,43.02,57.53,8.06
297.75,39.70,20.02,22.42,8.04,70.91,43.02,57.53,8.06
297.76,39.70,20.02,22.42,8.04,71.12,43.02,57.67,8.07
297.77,39.70,19.99,22.42,8.04,70.91,42.92,57.67,8.07
297.78,39.70,19.99,22.42,8.04,71.33,43.02,57.67,8.06
297.79,39.70,19.99,22.42,8.04,71.12,43.02,57.53,8.06
297.80,39.70,19.99,22.42,8.04,71.12,43.11,57.53,8.06
297.81,39.70,19.99,22.42,8.04,71.12,43.02,57.53,8.06
297.82,39.70,19.99,22.42,8.04,71.12,43.02,57.67,8.06
297.83,39.70,19.99,22.42,8.06,71.12,43.02,57.67,8.07
297.84,39.70,19.99,22.42,8.04,71.12,43.02,57.38,8.08
297.85,39.70,19.99,22.39,8.04,71.12,43.02,57.53,8.06
297.86,39.70,19.99,22.39,8.04,71.12,43.02,57.67,8.07
297.87,39.70,19.99,22.39,8.04,71.12,43.11,57.53,8.07
297.88,39.70,19.99,22.42,8.04,71.12,43.02,57.53,8.06
297.89,39.70,20.02,22.42,8.04,71.12,43.02,57.67,8.07
297.90,39.70,19.99,22.42,8.04,71.12,43.02,57.67,8.06
297.91,39.70,20.02,22.42,8.04,71.12,43.02,57.53,8.06
297.92,39.70,20.02,22.42,8.04,71.12,43.02,57.53,8.06
297.93,39.78,19.99,22.42,8.04,71.12,43.02,57.67,8.06
297.94,39.70,19.99,22.39,8.04,71.12,43.02,57.53,8.06
297.95,39.70,20.05,22.42,8.04,71.12,43.11,57.53,8.06
297.96,39.70,19.99,22.42,8.04,71.12,43.02,57.67,8.06
297.97,39.70,20.02,22.42,8.06,71.12,43.02,57.53,8.06
297.98,39.70,19.99,22.42,8.04,71.12,43.11,57.53,8.06
297.99,39.70,20.02,22.42,8.04,71.12,43.02,57.67,8.06
298.00,39.70,19.99,22.39,8.04,70.91,42.92,57.67,8.07
298.01,39.70,20.02,22.42,8.04,71.12,43.02,57.53,8.06
298.02,39.70,19.99,22.42,8.04,70.91,43.02,57.53,8.06
298.03,39.70,19.99,22.42,8.04,71.12,43.02,57.67,8.07
298.04,39.78,19.99,22.42,8.04,71.12,43.02,57.53,8.07
298.05,39.70,19.99,22.39,8.04,71.12,43.02,57.53,8.07
298.06,39.70,20.02,22.42,8.04,71.12,43.02,57.53,8.06
298.07,39.70,19.99,22.39,8.04,71.12,43.02,57.53,8.07
298.08,39.70,19.99,22.42,8.04,71.12,43.11,57.67,8.06
298.09,39.70,20.02,22.42,8.06,71.12,43.11,57.53,8.07
298.10,39.70,19.99,22.39,8.04,71.12,43.02,57.53,8.07
298.11,39.70,19.99,22.39,8.04,71.12,43.02,57.67,8.07
298.12,39.70,19.99,22.42,8.04,71.12,42.92,57.53,8.06
298.13,39.70,19.99,22.42,8.04,71.12,43.11,57.53,8.06
298.14,39.70,19.99,22.42,8.04,71.12,43.02,57.67,8.07
298.15,39.70,19.99,22.39,8.04,71.12,43.02,57.53,8.07
298.16,39.70,19.99,22.42,8.04,71.12,43.02,57.53,8.06
298.17,39.70,19.99,22.39,8.04,71.12,43.02,57.67,8.07
298.18,39.70,20.02,22.42,8.04,71.12,43.02,57.67,8.07
298.19,39.70,19.99,22.42,8.04,71.12,43.11,57.53,8.06
298.20,39.70,19.99,22.42,8.04,71.12,43.11,57.67,8.07
298.21,39.70,19.99,22.42,8.04,71.12,43.02,57.53,8.06
298.22,39.70,19.99,22.42,8.04,71.12,43.02,57.53,8.06
298.23,39.78,19.99,22.39,8.04,71.12,42.92,57.53,8.06
298.24,39.70,19.99,22.46,8.06,71.12,43.11,57.53,8.07
298.25,39.70,20.02,22.42,8.04,71.12,43.02,57.53,8.07
298.26,39.70,19.99,22.42,8.04,71.12,43.02,57.53,8.06
298.27,39.70,19.99,22.42,8.04,71.12,43.02,57.53,8.06
298.28,39.70,19.99,22.42,8.04,71.12,43.02,57.67,8.06
298.29,39.70,19.99,22.42,8.04,71.12,43.02,57.67,8.06
298.30,39.70,19.99,22.39,8.06,71.12,43.02,57.53,8.06
298.31,39.70,19.99,22.42,8.06,70.91,43.02,57.53,8.07
298.32,39.70,20.02,22.42,8.04,71.12,43.02,57.53,8.06
298.33,39.70,19.99,22.42,8.04,71.12,43.11,57.67,8.06
298.34,39.70,20.02,22.39,8.04,71.12,43.02,57.67,8.07
298.35,39.70,19.99,22.42,8.04,71.12,43.02,57.53,8.07
298.36,39.70,19.99,22.42,8.06,71.12,43.02,57.67,8.06
298.37,39.70,19.99,22.42,8.04,71.33,43.02,57.67,8.07
298.38,39.70,19.99,22.42,8.04,71.12,43.02,57.67,8.06
298.39,39.70,19.99,22.39,8.04,71.12,42.92,57.53,8.06
298.40,39.70,20.02,22.42,8.04,71.12,43.02,57.67,8.06
298.41,39.70,20.05,22.42,8.04,71.12,43.02,57.53,8.06
298.42,39.78,20.02,22.42,8.06,71.12,43.02,57.53,8.07
298.43,39.70,20.02,22.46,8.06,71.12,43.11,57.67,8.06
298.44,39.70,19.99,22.42,8.04,71.12,43.02,57.82,8.07
298.45,39.70,19.99,22.42,8.04,71.12,43.11,57.53,8.07
298.46,39.70,20.02,22.39,8.04,71.12,43.02,57.67,8.06
298.47,39.78,20.05,22.42,8.04,71.12,43.02,57.53,8.07
298.48,39.70,19.99,22.42,8.06,71.12,43.11,57.53,8.07
298.49,39.70,20.02,22.42,8.04,71.12,43.11,57.53,8.06
298.50,39.70,19.99,22.42,8.04,71.12,43.02,57.53,8.06
298.51,39.70,19.99,22.39,8.04,71.12,43.02,57.53,8.07
298.52,39.70,20.02,22.42,8.04,71.12,43.02,57.53,8.07
298.53,39.70,20.02,22.42,8.04,71.12,43.11,57.53,8.06
298.54,39.70,20.02,22.42,8.04,71.12,43.02,57.53,8.06
298.55,39.70,19.99,22.39,8.04,71.12,43.02,57.53,8.06
298.56,39.78,20.02,22.39,8.04,71.12,43.02,57.53,8.06
298.57,39.70,19.99,22.42,8.04,71.12,43.02,57.67,8.06
298.58,39.70,19.99,22.42,8.04,71.12,43.02,57.53,8.07
298.59,39.70,19.99,22.42,8.04,71.12,43.02,57.67,8.07
298.60,39.78,20.02,22.42,8.04,71.12,43.02,57.67,8.06
298.61,39.70,19.99,22.42,8.04,71.12,43.02,57.53,8.06
298.62,39.70,19.99,22.42,8.04,71.12,43.02,57.53,8.06
298.63,39.70,19.99,22.42,8.04,70.91,43.02,57.53,8.07
298.64,39.70,20.02,22.46,8.04,71.12,43.02,57.53,8.06
298.65,39.70,19.99,22.46,8.04,71.12,43.02,57.53,8.07
298.66,39.78,20.02,22.42,8.04,71.12,43.11,57.53,8.07
298.67,39.70,20.02,22.42,8.04,71.12,43.02,57.53,8.07
298.68,39.70,19.99,22.42,8.04,71.12,43.11,57.53,8.06
298.69,39.62,19.99,22.39,8.04,71.12,42.92,57.53,8.07
298.70,39.70,19.99,22.42,8.04,71.12,43.02,57.53,8.07
298.71,39.78,19.99,22.42,8.04,71.12,43.02,57.82,8.06
298.72,39.70,20.02,22.42,8.04,71.12,43.02,57.53,8.06
298.73,39.70,20.02,22.42,8.04,71.12,43.02,57.53,8.08
298.74,39.78,19.99,22.39,8.04,71.12,43.11,57.53,8.07
298.75,39.70,19.99,22.42,8.04,71.12,43.02,57.67,8.07
298.76,39.70,20.02,22.42,8.04,71.12,43.11,57.67,8.07
298.77,39.78,19.99,22.42,8.04,71.12,43.02,57.67,8.06
298.78,39.70,20.02,22.42,8.04,71.12,42.92,57.53,8.06
298.79,39.70,19.99,22.42,8.04,71.12,43.02,57.67,8.06
298.80,39.70,20.05,22.42,8.06,71.12,43.02,57.67,8.07
298.81,39.70,20.02,22.42,8.04,71.12,43.02,57.67,8.05
298.82,39.78,19.99,22.42,8.04,71.12,43.11,57.53,8.07
298.83,39.78,19.99,22.42,8.04,71.12,43.02,57.67,8.07
298.84,39.70,19.99,22.39,8.04,71.12,43.02,57.53,8.07
298.85,39.70,19.99,22.42,8.06,71.12,43.02,57.67,8.06
298.86,39.78,20.02,22.42,8.04,71.12,43.02,57.53,8.07
298.87,39.70,20.02,22.46,8.04,71.12,43.02,57.67,8.07
298.88,39.62,19.99,22.42,8.04,71.12,43.02,57.67,8.07
298.89,39.70,19.99,22.42,8.04,71.12,43.02,57.53,8.06
298.90,39.70,19.99,22.42,8.04,71.12,43.11,57.67,8.07
298.91,39.70,19.99,22.46,8.04,71.12,43.02,57.67,8.06
298.92,39.70,19.99,22.42,8.04,71.12,43.02,57.67,8.06
298.93,39.70,20.02,22.39,8.04,71.12,43.02,57.67,8.07
298.94,39.70,19.99,22.42,8.04,71.12,43.02,57.53,8.06
298.95,39.70,19.99,22.42,8.04,71.12,42.92,57.67,8.07
298.96,39.70,19.99,22.42,8.04,71.12,43.02,57.67,8.06
298.97,39.70,19.99,22.42,8.04,71.12,43.02,57.67,8.07
298.98,39.78,19.99,22.42,8.04,71.33,43.02,57.53,8.06
298.99,39.78,20.02,22.42,8.06,71.12,43.11,57.67,8.06
299.00,39.70,19.99,22.42,8.04,71.12,43.11,57.53,8.06
299.01,39.70,19.99,22.46,8.04,71.12,43.02,57.82,8.06
299.02,39.78,20.02,22.42,8.04,71.12,43.11,57.53,8.06
299.03,39.70,20.02,22.46,8.04,71.12,43.02,57.38,8.07
299.04,39.70,19.99,22.42,8.04,71.12,43.02,57.82,8.06
299.05,39.78,19.99,22.46,8.04,71.12,43.11,57.67,8.06
299.06,39.70,19.99,22.42,8.04,71.12,43.02,57.53,8.06
299.07,39.78,19.99,22.42,8.04,71.12,43.02,57.67,8.06
299.08,39.78,20.02,22.39,8.04,71.12,43.02,57.53,8.07
299.09,39.78,20.02,22.42,8.06,71.12,43.02,57.67,8.07
299.10,39.70,19.99,22.42,8.04,71.12,43.11,57.53,8.07
299.11,39.70,19.99,22.42,8.04,71.12,43.11,57.67,8.07
299.12,39.70,19.99,22.42,8.04,71.12,43.02,57.53,8.06
299.13,39.70,19.99,22.42,8.04,71.33,43.02,57.67,8.07
299.14,39.70,19.99,22.42,8.04,71.12,43.11,57.53,8.06
299.16,39.70,20.02,22.46,8.04,71.12,43.02,57.67,8.07
299.17,39.70,20.02,22.42,8.06,71.12,43.02,57.67,8.06
299.18,39.70,20.05,22.46,8.04,71.12,43.02,57.67,8.06
299.19,39.70,19.99,22.42,8.04,71.12,43.02,57.53,8.07
299.20,39.70,20.02,22.42,8.04,71.12,43.02,57.53,8.07
299.21,39.70,20.02,22.42,8.04,71.12,43.11,57.67,8.07
299.22,39.70,20.02,22.46,8.06,71.12,43.11,57.67,8.06
299.23,39.70,20.02,22.42,8.04,71.12,43.11,57.67,8.06
299.24,39.70,19.99,22.42,8.04,71.12,43.02,57.53,8.06
299.25,39.70,20.02,22.42,8.04,71.12,43.11,57.67,8.07
299.26,39.78,19.99,22.46,8.04,71.12,43.11,57.67,8.06
299.27,39.78,19.99,22.42,8.04,71.12,43.02,57.53,8.07
299.28,39.78,20.02,22.42,8.04,71.12,43.11,57.67,8.06
299.29,39.70,19.99,22.42,8.04,71.12,43.11,57.53,8.06
299.30,39.70,19.99,22.42,8.04,71.12,42.92,57.67,8.06
299.31,39.70,20.02,22.42,8.04,71.12,43.02,57.53,8.06
299.32,39.70,19.99,22.42,8.04,71.12,43.02,57.67,8.06
299.33,39.78,20.05,22.42,8.04,71.12,43.02,57.67,8.07
299.34,39.70,20.02,22.42,8.06,71.12,43.02,57.67,8.07
299.35,39.78,19.99,22.46,8.04,71.12,43.02,57.53,8.07
299.36,39.70,19.99,22.42,8.04,71.12,43.11,57.67,8.07
299.37,39.70,19.99,22.46,8.06,71.12,43.02,57.53,8.06
299.38,39.78,20.02,22.42,8.04,71.12,43.02,57.53,8.07
299.39,39.70,19.99,22.46,8.04,71.12,43.02,57.53,8.06
299.40,39.70,20.02,22.42,8.04,71.12,43.11,57.67,8.06
299.41,39.70,20.02,22.42,8.06,71.12,43.02,57.67,8.07
299.42,39.70,19.99,22.42,8.04,71.12,43.11,57.53,8.07
299.43,39.70,20.02,22.46,8.04,71.33,43.02,57.53,8.06
299.44,39.70,20.02,22.42,8.04,71.12,43.02,57.53,8.06
299.45,39.70,20.02,22.39,8.04,71.12,43.02,57.53,8.07
299.46,39.78,19.99,22.42,8.04,71.12,43.11,57.67,8.07
299.47,39.70,19.99,22.42,8.04,71.12,43.11,57.53,8.06
299.48,39.70,19.99,22.42,8.04,71.12,43.11,57.53,8.06
299.49,39.70,20.02,22.42,8.04,71.12,43.11,57.53,8.06
299.50,39.70,19.99,22.42,8.04,71.12,43.02,57.67,8.06
299.51,39.70,19.99,22.42,8.04,71.12,43.02,57.53,8.07
299.52,39.70,20.02,22.39,8.04,71.12,43.02,57.53,8.06
299.53,39.78,20.02,22.42,8.04,71.12,43.02,57.53,8.07
299.54,39.70,20.02,22.39,8.06,71.12,43.02,57.67,8.06
299.55,39.70,19.99,22.42,8.04,70.91,42.92,57.53,8.07
299.56,39.70,19.99,22.42,8.04,71.12,43.11,57.53,8.07
299.57,39.70,20.02,22.42,8.04,71.12,43.11,57.67,8.07
299.58,39.78,19.99,22.42,8.04,71.12,43.11,57.53,8.06
299.59,39.70,19.99,22.42,8.04,71.12,43.02,57.67,8.06
299.60,39.78,19.99,22.46,8.04,71.12,43.02,57.53,8.07
299.61,39.70,19.99,22.42,8.06,71.12,43.02,57.67,8.07
299.62,39.70,20.05,22.39,8.04,71.12,43.11,57.67,8.07
299.63,39.70,19.99,22.42,8.04,71.12,43.02,57.67,8.07
299.64,39.70,19.99,22.42,8.04,71.12,43.02,57.67,8.07
299.65,39.70,20.02,22.42,8.04,71.12,43.02,57.67,8.06
299.66,39.70,19.99,22.42,8.06,71.12,43.11,57.67,8.06
299.67,39.70,19.99,22.42,8.04,71.12,43.11,57.67,8.07
299.68,39.70,19.99,22.42,8.04,71.12,43.11,57.53,8.06
299.69,39.70,19.99,22.42,8.04,71.12,43.02,57.53,8.06
299.70,39.70,20.02,22.46,8.04,71.33,43.02,57.53,8.07
299.71,39.70,20.02,22.46,8.04,71.12,43.11,57.53,8.07
299.72,39.70,19.99,22.42,8.04,71.12,43.02,57.53,8.07
299.73,39.78,19.99,22.39,8.04,71.12,43.02,57.67,8.06
299.74,39.70,19.99,22.42,8.04,71.12,43.02,57.53,8.07
299.75,39.70,20.02,22.39,8.06,71.12,43.02,57.67,8.06
299.76,39.70,19.99,22.42,8.04,71.12,43.02,57.67,8.07
299.77,39.70,19.99,22.42,8.04,71.12,43.02,57.53,8.06
299.78,39.70,20.02,22.42,8.04,71.12,43.02,57.53,8.07
299.79,39.70,19.99,22.42,8.04,71.12,43.02,57.97,8.06
299.80,39.70,19.99,22.42,8.04,71.12,43.02,57.67,8.06
299.81,39.70,19.99,22.46,8.04,71.12,43.11,57.67,8.07
299.82,39.70,19.99,22.42,8.04,71.12,43.02,57.53,8.07
299.83,39.70,19.99,22.42,8.04,71.12,43.02,57.67,8.06
299.84,39.70,20.02,22.39,8.04,71.12,43.02,57.67,8.06
299.85,39.70,20.02,22.42,8.06,71.12,43.02,57.53,8.06
299.86,39.78,20.02,22.42,8.04,71.12,43.02,57.53,8.07
299.87,39.70,20.02,22.42,8.04,71.12,43.11,57.67,8.06
299.88,39.70,20.02,22.42,8.04,71.12,43.02,57.67,8.08
299.89,39.70,20.02,22.39,8.04,71.12,43.02,57.67,8.07
299.90,39.70,20.02,22.42,8.04,71.12,43.02,57.67,8.07
299.91,39.70,19.99,22.42,8.04,71.12,42.92,57.67,8.07
299.92,39.62,19.99,22.42,8.04,71.12,43.02,57.53,8.06
299.93,39.70,19.99,22.42,8.06,71.12,43.02,57.53,8.07
299.94,39.70,20.02,22.39,8.04,71.12,43.02,57.67,8.07
299.95,39.70,20.02,22.42,8.04,71.12,43.02,57.67,8.07
299.96,39.70,20.02,22.39,8.04,71.12,43.02,57.53,8.06
299.97,39.70,19.99,22.42,8.04,71.12,42.92,57.53,8.06
299.98,39.70,19.99,22.42,8.06,71.12,43.11,57.67,8.06
299.99,39.70,20.02,22.42,8.06,71.12,43.02,57.67,8.07
300.00,39.70,19.99,22.42,8.04,71.12,43.11,57.67,8.05
300.01,39.70,20.02,22.42,8.04,71.12,43.02,57.67,8.07
300.02,39.70,19.99,22.42,8.04,71.12,43.11,57.53,8.07
300.03,39.70,19.99,22.42,8.04,71.12,43.02,57.53,8.06
300.04,39.70,20.05,22.42,8.04,71.12,43.11,57.53,8.06
300.05,39.70,19.99,22.42,8.04,71.12,43.11,57.67,8.06
300.06,39.70,19.99,22.42,8.04,71.12,43.02,57.67,8.07
300.07,39.70,19.99,22.46,8.04,71.12,43.02,57.67,8.06
300.08,39.86,19.99,22.42,8.04,71.12,43.02,57.53,8.07
300.09,39.62,19.99,22.39,8.04,71.12,43.02,57.53,8.07
300.10,39.70,19.99,22.39,8.04,71.12,43.02,57.67,8.06
300.11,39.70,20.02,22.46,8.04,71.12,43.02,57.53,8.06
300.12,39.70,20.02,22.39,8.04,71.12,43.11,57.67,8.07
300.13,39.70,19.99,22.42,8.04,71.12,43.02,57.53,8.07
300.14,39.70,19.99,22.39,8.04,71.12,43.02,57.53,8.05
300.15,39.78,19.99,22.42,8.04,70.91,43.02,57.67,8.07
300.16,39.70,20.02,22.42,8.06,71.12,43.11,57.67,8.07
300.17,39.70,20.02,22.39,8.04,71.12,43.02,57.67,8.06
300.18,39.70,20.02,22.42,8.04,70.91,43.02,57.67,8.07
300.19,39.70,19.99,22.42,8.04,71.12,43.02,57.67,8.06
300.20,39.70,19.99,22.42,8.04,71.12,43.02,57.67,8.07
300.21,39.70,19.99,22.42,8.04,71.12,43.11,57.53,8.07
300.22,39.70,19.99,22.42,8.04,71.12,43.11,57.38,8.06
300.23,39.70,19.99,22.42,8.04,71.12,43.11,57.82,8.06
300.24,39.70,20.02,22.42,8.04,71.12,43.11,57.53,8.06
300.25,39.70,19.99,22.39,8.04,71.12,43.02,57.67,8.06
300.26,39.70,19.99,22.42,8.04,71.33,43.02,57.53,8.06
300.27,39.70,19.99,22.42,8.06,71.12,43.02,57.67,8.07
300.28,39.78,20.02,22.42,8.04,71.12,43.02,57.67,8.07
300.29,39.70,20.02,22.39,8.04,71.12,43.02,57.67,8.07
300.30,39.78,19.99,22.42,8.04,71.33,43.20,57.67,8.07
300.31,39.70,19.99,22.42,8.04,71.12,43.02,57.67,8.07
300.32,39.70,19.99,22.42,8.04,71.12,43.02,57.67,8.06
300.33,39.70,19.99,22.42,8.04,71.12,43.02,57.67,8.06
300.34,39.62,20.02,22.42,8.04,71.12,43.02,57.67,8.06
300.35,39.70,19.96,22.42,8.06,71.12,43.02,57.67,8.06
300.36,39.70,19.99,22.42,8.04,71.12,43.02,57.53,8.07
300.37,39.70,19.99,22.39,8.04,71.12,43.02,57.67,8.06
300.38,39.70,20.02,22.42,8.04,71.12,43.02,57.67,8.06
300.39,39.70,20.02,22.46,8.04,71.12,43.02,57.67,8.06
300.40,39.70,19.99,22.42,8.04,71.12,43.11,57.67,8.06
300.41,39.70,19.99,22.42,8.04,71.12,43.02,57.53,8.07
300.42,39.70,19.99,22.39,8.04,71.12,43.11,57.67,8.06
300.43,39.78,19.99,22.42,8.04,71.12,43.11,57.67,8.06
300.44,39.70,19.99,22.42,8.04,71.12,43.02,57.53,8.07
300.45,39.70,20.02,22.39,8.04,71.12,43.11,57.67,8.06
300.46,39.70,19.99,22.42,8.06,71.12,43.02,57.53,8.06
300.47,39.70,19.99,22.42,8.04,71.12,43.02,57.67,8.07
300.48,39.70,19.99,22.42,8.04,71.12,43.02,57.67,8.08
300.49,39.70,20.02,22.42,8.06,71.12,43.11,57.53,8.06
300.50,39.62,19.99,22.42,8.04,71.12,43.02,57.67,8.06
300.51,39.70,19.99,22.42,8.04,71.12,43.02,57.67,8.07
300.52,39.70,19.99,22.42,8.04,70.91,43.11,57.67,8.07
300.53,39.70,19.99,22.42,8.04,71.12,43.02,57.67,8.07
300.54,39.70,20.02,22.39,8.04,71.12,43.02,57.67,8.07
300.55,39.70,20.02,22.39,8.04,71.12,43.02,57.53,8.07
300.56,39.70,20.02,22.39,8.04,71.12,43.02,57.53,8.06
300.57,39.70,20.02,22.42,8.04,71.12,43.11,57.53,8.06
300.58,39.70,20.02,22.42,8.04,71.12,42.92,57.67,8.06
300.59,39.70,19.99,22.39,8.04,71.12,43.02,57.53,8.07
300.60,39.70,19.99,22.39,8.04,71.12,43.02,57.53,8.07
300.61,39.62,19.99,22.42,8.04,71.12,43.11,57.67,8.07
300.62,39.70,19.99,22.42,8.04,71.12,43.02,57.67,8.07
300.63,39.70,19.99,22.42,8.04,71.12,43.02,57.67,8.06
300.64,39.70,19.99,22.42,8.06,71.12,43.02,57.67,8.07
300.65,39.70,19.99,22.39,8.04,71.12,43.02,57.53,8.07
300.66,39.70,19.96,22.42,8.04,71.12,43.02,57.67,8.06
300.67,39.70,19.99,22.39,8.04,71.12,43.02,57.67,8.06
300.68,39.70,20.02,22.42,8.04,71.12,43.02,57.67,8.07
300.69,39.70,19.99,22.39,8.04,71.12,43.02,57.53,8.07
300.70,39.70,19.99,22.39,8.04,71.12,43.02,57.53,8.07
300.71,39.78,19.99,22.42,8.06,71.12,43.02,57.67,8.06
300.72,39.70,19.99,22.42,8.06,71.12,43.02,57.53,8.06
300.73,39.70,19.99,22.42,8.04,71.12,43.02,57.53,8.06
300.74,39.70,19.99,22.42,8.04,71.12,43.02,57.53,8.06
300.75,39.70,20.02,22.42,8.04,71.12,43.11,57.67,8.07
300.76,39.70,19.99,22.39,8.04,71.12,43.02,57.67,8.07
300.77,39.70,19.99,22.39,8.04,71.12,43.02,57.67,8.07
300.78,39.70,19.99,22.42,8.04,71.12,43.02,57.53,8.07
300.79,39.70,19.99,22.39,8.04,71.12,43.11,57.67,8.07
300.80,39.70,19.99,22.39,8.04,71.12,43.02,57.53,8.07
300.81,39.70,20.02,22.39,8.04,71.12,43.02,57.53,8.06
300.82,39.70,19.99,22.39,8.04,71.12,43.02,57.67,8.07
300.83,39.70,20.02,22.39,8.06,71.12,43.02,57.67,8.07
300.84,39.70,19.99,22.39,8.04,71.12,43.02,57.67,8.06
300.85,39.70,19.99,22.39,8.04,71.12,43.02,57.53,8.06
300.86,39.70,19.99,22.39,8.04,71.12,43.11,57.67,8.06
300.87,39.70,19.99,22.42,8.04,71.12,43.02,57.67,8.07
300.88,39.70,19.99,22.42,8.04,71.12,43.02,57.53,8.06
300.89,39.70,19.99,22.42,8.04,71.12,43.02,57.53,8.06
300.90,39.70,19.99,22.39,8.04,71.12,43.02,57.53,8.06
300.91,39.70,19.99,22.39,8.06,71.12,43.02,57.53,8.07
300.92,39.70,20.02,22.42,8.04,70.91,43.11,57.67,8.07
300.93,39.70,19.99,22.42,8.04,71.12,43.02,57.67,8.07
300.94,39.70,19.96,22.39,8.04,71.12,43.11,57.67,8.06
300.95,39.70,20.02,22.39,8.04,71.12,43.11,57.53,8.06
300.96,39.70,19.99,22.39,8.04,71.12,43.02,57.67,8.06
300.97,39.70,19.99,22.42,8.04,71.12,43.02,57.53,8.06
300.98,39.70,19.99,22.42,8.04,71.12,43.02,57.67,8.06
300.99,39.70,19.99,22.39,8.04,71.12,43.02,57.53,8.06
301.00,39.70,20.02,22.39,8.04,71.12,43.02,57.53,8.06
301.01,39.70,19.96,22.39,8.04,71.12,43.02,57.53,8.07
301.02,39.70,19.99,22.39,8.04,71.12,43.02,57.53,8.07
301.03,39.70,19.99,22.42,8.04,71.12,43.02,57.53,8.06
301.04,39.70,20.02,22.39,8.06,71.12,43.02,57.67,8.06
301.05,39.70,19.99,22.39,8.04,71.12,43.02,57.82,8.06
301.06,39.70,19.96,22.42,8.06,71.12,43.11,57.53,8.06
301.07,39.70,20.02,22.39,8.04,71.12,43.02,57.67,8.07
301.08,39.62,19.96,22.39,8.04,71.12,43.11,57.53,8.07
301.09,39.78,19.99,22.39,8.04,71.12,43.02,57.53,8.07
301.10,39.70,19.99,22.39,8.06,71.12,43.02,57.53,8.07
301.11,39.70,19.99,22.39,8.04,71.12,43.02,57.67,8.07
301.12,39.70,19.99,22.39,8.04,71.12,43.02,57.67,8.06
301.13,39.70,19.96,22.42,8.04,71.12,43.02,57.67,8.07
301.14,39.70,19.99,22.42,8.04,71.12,43.02,57.67,8.06
301.15,39.70,20.02,22.39,8.04,71.12,42.92,57.67,8.07
301.16,39.62,19.99,22.42,8.04,71.12,43.11,57.53,8.07
301.17,39.70,19.99,22.42,8.06,71.12,43.11,57.82,8.05
301.18,39.70,19.99,22.42,8.06,71.12,43.02,57.67,8.06
301.19,39.70,20.02,22.39,8.06,71.12,43.02,57.53,8.06
301.20,39.70,19.99,22.39,8.04,71.12,43.02,57.53,8.07
301.21,39.70,19.99,22.39,8.04,70.91,43.02,57.67,8.05
301.22,39.70,19.99,22.39,8.04,71.12,43.02,57.53,8.07
301.23,39.70,19.99,22.42,8.04,71.12,43.02,57.53,8.05
301.24,39.70,19.99,22.42,8.04,70.91,43.02,57.67,8.06
301.25,39.62,19.99,22.39,8.04,71.12,43.02,57.67,8.06
301.26,39.70,19.99,22.42,8.04,71.12,43.02,57.53,8.06
301.27,39.70,19.99,22.42,8.04,71.12,43.11,57.67,8.06
301.28,39.62,19.99,22.42,8.04,71.12,43.02,57.53,8.05
301.29,39.70,19.99,22.42,8.04,71.12,43.02,57.53,8.06
301.30,39.62,19.96,22.42,8.06,71.12,43.02,57.53,8.07
301.31,39.70,19.99,22.39,8.04,71.12,43.02,57.67,8.06
301.32,39.70,19.96,22.46,8.04,71.12,42.92,57.67,8.07
301.33,39.70,19.99,22.42,8.04,71.12,43.02,57.53,8.06
301.34,39.70,19.99,22.39,8.04,71.12,43.11,57.67,8.06
301.35,39.70,19.99,22.42,8.04,71.12,43.02,57.53,8.06
301.36,39.70,19.99,22.39,8.04,70.91,43.02,57.53,8.06
301.37,39.70,19.99,22.39,8.04,71.33,43.02,57.53,8.06
301.38,39.70,19.96,22.39,8.04,71.12,43.02,57.53,8.07
301.39,39.70,19.96,22.39,8.04,71.12,43.02,57.67,8.05
301.40,39.70,19.99,22.39,8.04,71.12,43.02,57.53,8.06
301.41,39.62,19.99,22.39,8.04,71.12,43.02,57.67,8.07
301.42,39.70,19.99,22.39,8.04,71.12,43.02,57.38,8.06
301.43,39.70,20.02,22.39,8.04,71.12,43.02,57.53,8.06
301.44,39.70,19.99,22.39,8.04,70.91,43.11,57.67,8.07
301.45,39.70,19.99,22.39,8.04,71.12,43.02,57.67,8.06
301.46,39.62,19.99,22.39,8.04,71.12,43.02,57.53,8.05
301.47,39.70,19.99,22.39,8.04,71.12,43.11,57.53,8.06
301.48,39.62,19.96,22.39,8.04,71.12,43.02,57.53,8.05
301.49,39.70,19.99,22.42,8.04,71.12,43.02,57.53,8.06
301.50,39.70,19.96,22.39,8.04,71.12,43.11,57.38,8.05
301.51,39.70,19.96,22.39,8.06,71.12,43.02,57.53,8.07
301.52,39.70,19.99,22.39,8.04,71.12,43.02,57.67,8.06
301.53,39.70,19.99,22.39,8.04,71.12,43.02,57.67,8.07
301.54,39.70,19.99,22.39,8.04,71.12,43.02,57.53,8.06
301.55,39.70,19.99,22.42,8.04,71.12,43.02,57.67,8.06
301.56,39.70,19.99,22.42,8.04,71.12,43.11,57.53,8.06
301.57,39.70,19.99,22.39,8.04,71.12,43.02,57.53,8.06
301.58,39.70,19.99,22.39,8.04,71.12,43.02,57.53,8.07
301.59,39.62,19.99,22.42,8.04,71.12,43.02,57.53,8.06
301.60,39.78,19.99,22.42,8.04,71.12,43.02,57.53,8.06
301.61,39.70,19.99,22.42,8.04,71.12,43.02,57.67,8.06
301.62,39.70,19.96,22.39,8.04,71.12,43.02,57.53,8.06
301.63,39.70,19.99,22.42,8.04,71.12,43.02,57.67,8.06
301.64,39.70,19.99,22.39,8.04,71.12,43.02,57.53,8.07
301.65,39.70,19.99,22.39,8.04,71.12,43.02,57.53,8.06
301.66,39.70,20.02,22.39,8.04,71.12,43.02,57.67,8.06
301.67,39.70,19.99,22.39,8.04,71.12,42.92,57.53,8.07
301.68,39.70,19.99,22.39,8.04,71.12,43.11,57.53,8.05
301.69,39.70,19.96,22.42,8.04,70.91,43.02,57.53,8.06
301.70,39.70,19.96,22.39,8.04,71.12,42.92,57.53,8.07
301.71,39.70,19.99,22.39,8.04,70.91,43.02,57.53,8.06
301.72,39.70,19.99,22.39,8.04,71.12,43.11,57.53,8.07
301.73,39.70,19.99,22.42,8.04,71.12,43.02,57.53,8.06
301.74,39.70,19.96,22.39,8.04,71.12,42.92,57.67,8.06
301.75,39.62,19.99,22.35,8.04,71.12,43.02,57.67,8.07
301.76,39.70,19.96,22.39,8.04,71.12,43.02,57.67,8.07
301.77,39.70,19.99,22.39,8.04,71.12,43.02,57.67,8.06
301.78,39.70,19.99,22.39,8.04,71.12,43.02,57.67,8.06
301.79,39.62,19.96,22.39,8.04,71.12,43.11,57.53,8.06
301.80,39.70,19.99,22.42,8.04,71.12,43.02,57.53,8.07
301.81,39.70,19.99,22.39,8.04,71.12,43.02,57.53,8.07
301.82,39.70,19.99,22.39,8.04,70.91,43.02,57.53,8.05
301.83,39.70,19.93,22.39,8.04,71.12,43.02,57.53,8.06
301.84,39.70,19.99,22.39,8.04,71.12,43.02,57.53,8.06
301.85,39.70,19.96,22.39,8.04,71.12,43.02,57.53,8.06
301.86,39.70,19.96,22.39,8.04,70.91,43.02,57.53,8.06
301.87,39.70,19.96,22.42,8.04,71.12,43.02,57.53,8.06
301.88,39.62,19.99,22.42,8.04,71.12,42.92,57.53,8.06
301.89,39.70,19.99,22.42,8.04,71.12,43.02,57.53,8.07
301.90,39.70,19.99,22.39,8.04,71.12,43.11,57.67,8.06
301.91,39.70,19.96,22.39,8.04,71.12,43.11,57.53,8.06
301.92,39.70,19.99,22.39,8.04,70.91,43.02,57.67,8.06
301.93,39.70,19.99,22.39,8.04,71.12,42.92,57.53,8.06
301.94,39.70,19.96,22.39,8.04,71.12,43.02,57.53,8.07
301.95,39.70,19.99,22.39,8.04,71.12,43.02,57.53,8.06
301.96,39.62,19.99,22.39,8.04,71.12,43.02,57.67,8.06
301.97,39.70,19.96,22.39,8.04,71.12,43.02,57.53,8.06
301.98,39.62,19.96,22.39,8.04,71.12,42.92,57.53,8.06
301.99,39.70,19.96,22.39,8.04,71.12,43.02,57.53,8.07
302.00,39.70,19.96,22.39,8.04,71.12,43.02,57.53,8.06
302.01,39.62,19.99,22.39,8.04,71.12,43.02,57.53,8.06
302.02,39.62,19.99,22.39,8.04,71.12,43.02,57.53,8.06
302.03,39.70,19.99,22.39,8.04,71.12,43.02,57.53,8.06
302.04,39.70,19.99,22.39,8.04,71.12,43.11,57.67,8.06
302.05,39.70,19.99,22.39,8.04,71.12,42.92,57.53,8.07
302.06,39.62,19.99,22.39,8.04,71.12,43.02,57.67,8.06
302.07,39.62,19.99,22.39,8.04,71.12,43.02,57.53,8.06
302.08,39.70,19.99,22.42,8.04,71.12,43.02,57.53,8.07
302.09,39.62,19.99,22.39,8.04,71.12,43.02,57.53,8.06
302.10,39.70,19.96,22.35,8.04,71.12,43.02,57.53,8.07
302.11,39.70,19.96,22.39,8.04,71.12,43.02,57.67,8.06
302.12,39.70,19.96,22.39,8.04,71.12,43.02,57.53,8.06
302.13,39.70,19.96,22.39,8.04,71.12,43.11,57.53,8.06
302.14,39.70,19.96,22.39,8.04,71.12,43.02,57.53,8.06
302.15,39.70,19.99,22.35,8.04,71.12,43.02,57.67,8.06
302.16,39.70,19.99,22.39,8.04,71.12,43.02,57.53,8.06
302.17,39.70,19.99,22.39,8.04,71.12,43.02,57.67,8.06
302.18,39.70,19.99,22.39,8.04,71.12,43.02,57.67,8.06
302.19,39.70,19.96,22.39,8.02,71.12,43.02,57.53,8.06
302.20,39.70,19.99,22.39,8.04,71.12,43.02,57.53,8.06
302.21,39.62,19.99,22.39,8.04,71.12,43.02,57.53,8.05
302.22,39.70,19.99,22.39,8.04,71.12,42.92,57.53,8.06
302.23,39.70,19.99,22.39,8.04,70.91,43.02,57.53,8.06
302.24,39.70,19.96,22.39,8.04,71.12,43.02,57.38,8.06
302.25,39.70,20.02,22.39,8.04,71.12,43.02,57.53,8.06
302.26,39.62,19.99,22.39,8.04,71.12,42.92,57.67,8.05
302.27,39.70,19.96,22.39,8.04,71.12,43.02,57.53,8.07
302.28,39.62,19.96,22.39,8.04,71.12,43.02,57.53,8.06
302.29,39.70,19.96,22.39,8.04,70.91,43.02,57.53,8.06
302.30,39.70,19.96,22.35,8.04,70.91,43.02,57.67,8.07
302.31,39.70,19.99,22.39,8.04,71.12,43.02,57.53,8.07
302.32,39.62,19.99,22.39,8.04,71.12,43.02,57.53,8.06
302.33,39.70,19.96,22.39,8.04,71.12,42.84,57.53,8.07
302.34,39.62,19.96,22.39,8.04,71.12,42.92,57.53,8.07
302.35,39.70,19.96,22.39,8.04,71.12,43.02,57.53,8.06
302.36,39.70,19.99,22.39,8.04,71.12,42.92,57.53,8.05
302.37,39.70,19.96,22.39,8.04,71.12,43.02,57.53,8.06
302.38,39.70,19.96,22.39,8.04,71.12,43.02,57.53,8.06
302.39,39.62,19.96,22.39,8.04,71.12,43.02,57.53,8.06
302.40,39.62,19.96,22.39,8.04,71.12,43.11,57.67,8.06
302.41,39.70,19.99,22.39,8.04,71.12,43.02,57.67,8.07
302.42,39.70,19.99,22.39,8.04,71.12,43.11,57.53,8.06
302.43,39.70,19.99,22.39,8.04,71.12,42.92,57.67,8.06
302.44,39.70,19.99,22.39,8.04,71.12,43.02,57.67,8.07
302.45,39.62,19.99,22.42,8.04,71.12,43.02,57.53,8.06
302.46,39.62,19.99,22.39,8.04,71.12,43.02,57.53,8.07
302.47,39.62,19.96,22.42,8.04,71.12,43.02,57.53,8.06
302.48,39.78,19.99,22.39,8.04,71.12,43.02,57.53,8.06
302.49,39.70,19.96,22.39,8.04,71.12,43.02,57.53,8.06
302.50,39.62,19.96,22.39,8.04,70.91,43.02,57.53,8.06
302.51,39.62,19.96,22.35,8.04,71.12,43.02,57.53,8.06
302.52,39.70,19.96,22.39,8.04,70.91,43.02,57.67,8.05
302.53,39.62,19.96,22.39,8.04,70.91,42.92,57.67,8.06
302.54,39.70,19.96,22.39,8.04,71.12,43.02,57.53,8.06
302.55,39.62,19.99,22.35,8.04,70.91,43.11,57.53,8.06
302.56,39.70,19.96,22.39,8.04,71.12,43.02,57.67,8.07
302.57,39.70,19.96,22.35,8.04,71.12,43.11,57.53,8.06
302.58,39.70,19.99,22.39,8.04,71.12,42.92,57.53,8.06
302.59,39.70,19.99,22.39,8.04,71.12,43.02,57.53,8.06
302.60,39.70,19.96,22.39,8.04,70.91,43.02,57.67,8.06
302.61,39.70,19.99,22.39,8.04,71.12,43.02,57.53,8.06
302.62,39.62,19.96,22.35,8.04,71.12,43.02,57.82,8.06
302.63,39.70,19.96,22.35,8.04,71.12,43.02,57.67,8.07
302.64,39.70,19.99,22.39,8.04,71.12,43.02,57.67,8.06
302.65,39.70,19.99,22.39,8.04,71.12,43.02,57.53,8.06
302.66,39.70,19.99,22.35,8.04,71.12,43.02,57.53,8.06
302.67,39.70,19.99,22.39,8.04,71.12,43.02,57.53,8.05
302.68,39.62,19.99,22.39,8.04,71.12,43.02,57.53,8.05
302.69,39.62,19.96,22.39,8.04,71.12,43.02,57.53,8.05
302.70,39.70,19.99,22.35,8.04,71.12,43.02,57.53,8.06
302.71,39.62,19.96,22.35,8.04,71.12,43.02,57.53,8.06
302.72,39.70,19.99,22.39,8.04,71.12,43.02,57.53,8.06
302.73,39.70,19.99,22.39,8.06,71.12,43.02,57.67,8.07
302.74,39.62,19.96,22.39,8.02,71.12,43.02,57.53,8.06
302.75,39.70,19.99,22.39,8.04,71.12,43.02,57.53,8.06
302.76,39.70,19.96,22.35,8.04,71.12,43.02,57.53,8.07
302.77,39.62,19.96,22.39,8.04,71.12,42.92,57.53,8.05
302.78,39.70,19.96,22.39,8.04,71.12,43.02,57.67,8.07
302.79,39.70,19.99,22.39,8.04,71.12,43.02,57.53,8.06
302.80,39.70,19.96,22.39,8.04,71.12,43.02,57.53,8.06
302.81,39.70,19.99,22.39,8.04,71.12,43.02,57.67,8.07
302.82,39.62,19.96,22.39,8.04,70.91,43.02,57.53,8.07
302.83,39.70,19.99,22.39,8.04,71.12,43.02,57.53,8.07
302.84,39.70,19.96,22.39,8.04,71.12,43.02,57.53,8.07
302.85,39.70,19.99,22.35,8.04,71.12,42.92,57.67,8.06
302.86,39.70,19.96,22.42,8.04,71.12,43.02,57.53,8.06
302.87,39.70,19.99,22.39,8.02,71.12,43.11,57.67,8.07
302.88,39.70,19.99,22.35,8.04,71.12,43.02,57.53,8.06
302.89,39.70,19.99,22.39,8.04,71.12,43.02,57.67,8.06
302.90,39.70,19.96,22.39,8.04,70.91,43.11,57.53,8.06
302.91,39.70,19.96,22.39,8.04,71.12,43.02,57.67,8.07
302.92,39.70,19.99,22.39,8.04,71.12,43.02,57.67,8.06
302.93,39.70,19.99,22.39,8.04,71.12,43.02,57.53,8.06
302.94,39.70,19.99,22.39,8.04,71.12,43.02,57.53,8.07
302.95,39.70,19.99,22.39,8.04,71.12,43.02,57.82,8.06
302.96,39.70,19.99,22.39,8.04,71.12,43.02,57.53,8.06
302.97,39.70,19.99,22.39,8.04,71.12,42.92,57.67,8.06
302.98,39.70,19.99,22.35,8.04,71.12,43.02,57.53,8.07
302.99,39.62,19.96,22.39,8.04,71.12,43.02,57.53,8.06
303.00,39.62,19.99,22.39,8.04,71.12,43.02,57.53,8.06
303.01,39.70,19.96,22.39,8.04,70.91,43.02,57.53,8.06
303.02,39.70,19.96,22.39,8.04,71.12,42.92,57.67,8.06
303.03,39.70,19.96,22.39,8.04,71.12,43.02,57.67,8.05
303.04,39.70,19.99,22.39,8.04,71.12,43.11,57.67,8.07
303.05,39.70,19.99,22.39,8.04,71.12,43.02,57.53,8.06
303.06,39.70,19.99,22.39,8.04,71.12,43.02,57.53,8.07
303.07,39.70,19.99,22.39,8.04,71.12,43.11,57.67,8.06
303.08,39.70,19.99,22.39,8.04,70.91,43.02,57.67,8.05
303.09,39.70,19.99,22.42,8.04,71.12,42.92,57.53,8.06
303.10,39.70,19.99,22.42,8.04,70.91,42.92,57.67,8.07
303.11,39.70,19.99,22.35,8.04,70.91,43.02,57.67,8.06
303.12,39.70,19.99,22.39,8.04,71.12,43.02,57.53,8.06
303.13,39.70,19.99,22.39,8.04,71.12,43.02,57.53,8.06
303.14,39.70,19.99,22.39,8.04,71.12,43.02,57.53,8.06
303.15,39.62,19.96,22.39,8.04,71.12,43.02,57.67,8.07
303.16,39.62,19.99,22.39,8.04,70.91,43.02,57.53,8.05
303.17,39.62,19.99,22.39,8.04,71.12,43.02,57.53,8.06
303.18,39.70,19.96,22.39,8.04,71.12,43.02,57.53,8.06
303.19,39.70,19.99,22.39,8.04,71.12,43.02,57.67,8.06
303.20,39.70,19.99,22.39,8.04,71.12,43.11,57.53,8.07
303.21,39.70,19.99,22.39,8.04,71.12,43.02,57.53,8.06
303.22,39.70,19.96,22.39,8.04,71.12,43.11,57.67,8.06
303.23,39.54,19.96,22.39,8.04,71.12,43.02,57.67,8.06
303.24,39.70,19.99,22.39,8.04,71.12,43.02,57.53,8.06
303.25,39.70,19.96,22.39,8.04,71.12,42.92,57.53,8.07
303.26,39.70,19.99,22.39,8.04,71.12,43.02,57.53,8.06
303.27,39.70,19.99,22.39,8.02,71.12,43.02,57.53,8.07
303.28,39.70,19.99,22.39,8.04,71.12,43.02,57.53,8.06
303.29,39.70,19.96,22.39,8.04,71.12,42.92,57.67,8.06
303.30,39.70,19.99,22.39,8.04,71.12,43.02,57.67,8.06
303.31,39.70,19.99,22.42,8.04,71.12,43.02,57.53,8.06
303.32,39.70,19.99,22.39,8.04,71.12,43.02,57.53,8.06
303.33,39.62,19.99,22.39,8.04,71.12,43.02,57.53,8.06
303.34,39.70,19.96,22.39,8.04,71.12,42.92,57.67,8.06
303.35,39.70,19.99,22.39,8.04,71.12,42.92,57.53,8.06
303.36,39.70,19.96,22.39,8.04,71.12,43.02,57.67,8.07
303.37,39.70,19.99,22.39,8.04,71.12,43.02,57.67,8.06
303.38,39.70,19.99,22.39,8.04,71.12,43.11,57.53,8.06
303.39,39.62,19.96,22.39,8.04,71.12,43.02,57.67,8.06
303.40,39.70,19.96,22.39,8.04,71.12,43.11,57.67,8.06
303.41,39.70,20.02,22.39,8.04,71.12,43.02,57.67,8.06
303.42,39.70,19.96,22.39,8.04,71.12,43.02,57.53,8.05
303.43,39.62,19.99,22.39,8.04,71.12,43.02,57.67,8.06
303.44,39.62,19.96,22.39,8.04,71.12,43.02,57.67,8.05
303.45,39.70,19.99,22.39,8.04,71.12,43.02,57.53,8.06
303.46,39.70,19.96,22.39,8.04,71.12,42.92,57.67,8.07
303.47,39.70,19.99,22.39,8.04,71.12,43.02,57.53,8.06
303.48,39.70,19.96,22.39,8.04,71.12,43.11,57.53,8.06
303.49,39.70,19.96,22.39,8.04,71.12,43.02,57.53,8.06
303.50,39.70,19.99,22.39,8.04,71.12,43.02,57.67,8.06
303.51,39.62,19.99,22.39,8.04,71.12,42.84,57.67,8.06
303.52,39.70,19.96,22.39,8.04,71.12,42.92,57.67,8.06
303.53,39.62,19.99,22.39,8.04,71.33,43.11,57.53,8.07
303.54,39.70,19.99,22.39,8.04,71.12,42.92,57.53,8.07
303.55,39.70,19.96,22.39,8.02,71.33,42.92,57.67,8.06
303.56,39.70,19.96,22.39,8.04,71.12,43.02,57.67,8.07
303.57,39.70,19.96,22.39,8.02,71.12,43.11,57.67,8.06
303.58,39.70,19.99,22.42,8.04,71.12,43.11,57.67,8.06
303.59,39.70,19.99,22.39,8.04,71.12,43.02,57.67,8.08
303.61,39.70,19.99,22.42,8.04,71.12,43.02,57.53,8.06
303.62,39.70,20.02,22.39,8.04,71.12,43.02,57.67,8.07
303.63,39.70,19.99,22.39,8.04,71.12,43.02,57.67,8.07
303.64,39.70,19.99,22.39,8.04,71.12,43.02,57.67,8.07
303.65,39.70,19.99,22.39,8.04,71.12,43.02,57.67,8.06
303.66,39.70,19.99,22.39,8.04,71.12,43.02,57.67,8.05
303.67,39.86,19.99,22.39,8.04,71.12,43.11,57.67,8.06
303.68,39.70,19.99,22.35,8.04,71.12,43.02,57.53,8.07
303.69,39.70,19.96,22.39,8.04,71.12,43.02,57.53,8.06
303.70,39.70,19.99,22.39,8.04,71.12,43.11,57.67,8.06
303.71,39.70,19.96,22.35,8.04,71.33,43.02,57.53,8.06
303.72,39.70,19.99,22.39,8.04,71.12,43.11,57.67,8.05
303.73,39.70,19.96,22.39,8.04,71.12,43.02,57.53,8.06
303.74,39.70,20.02,22.39,8.04,70.91,43.02,57.67,8.07
303.75,39.70,19.96,22.42,8.04,71.12,43.02,57.67,8.08
303.76,39.70,19.99,22.39,8.04,71.12,43.02,57.67,8.06
303.77,39.70,19.96,22.39,8.04,70.91,43.11,57.67,8.06
303.78,39.70,19.99,22.42,8.04,71.12,42.92,57.53,8.07
303.79,39.70,19.99,22.39,8.04,71.12,43.11,57.67,8.07
303.80,39.70,19.99,22.39,8.04,71.12,43.11,57.67,8.07
303.81,39.70,19.99,22.39,8.04,71.12,43.02,57.82,8.07
303.82,39.70,19.96,22.39,8.04,71.12,43.02,57.97,8.05
303.83,39.70,19.99,22.42,8.04,71.12,43.02,57.53,8.06
303.84,39.70,19.99,22.39,8.04,71.12,43.02,57.67,8.06
303.85,39.70,19.99,22.39,8.04,71.12,42.92,57.67,8.06
303.86,39.70,20.02,22.39,8.06,71.12,43.02,57.67,8.07
303.87,39.70,20.02,22.42,8.04,71.12,43.11,57.67,8.06
303.88,39.70,19.96,22.42,8.04,71.12,42.92,57.67,8.07
303.89,39.70,20.02,22.39,8.04,71.12,43.02,57.67,8.06
303.90,39.70,19.99,22.42,8.04,71.12,43.11,57.53,8.06
303.91,39.70,19.96,22.39,8.04,71.12,43.11,57.67,8.07
303.92,39.70,19.99,22.39,8.04,71.12,43.02,57.67,8.07
303.93,39.70,19.99,22.39,8.04,71.12,43.11,57.53,8.07
303.94,39.70,19.99,22.39,8.04,71.12,43.11,57.67,8.07
303.95,39.70,19.99,22.39,8.04,71.12,43.11,57.67,8.07
303.96,39.70,19.99,22.42,8.04,71.12,43.02,57.67,8.06
303.97,39.70,20.02,22.39,8.04,71.12,43.11,57.53,8.07
303.98,39.70,19.99,22.39,8.02,71.12,43.02,57.82,8.06
303.99,39.70,19.99,22.39,8.04,71.12,43.11,57.67,8.07
304.00,39.70,19.99,22.42,8.04,71.12,43.02,57.67,8.06
304.01,39.70,19.99,22.39,8.04,71.33,43.02,57.67,8.06
304.02,39.70,19.96,22.42,8.04,71.12,43.02,57.67,8.07
304.03,39.70,19.99,22.39,8.04,71.12,43.02,57.53,8.06
304.04,39.70,19.99,22.39,8.04,71.12,43.02,57.82,8.07
304.05,39.70,19.99,22.42,8.04,71.12,43.02,57.67,8.06
304.06,39.70,19.99,22.39,8.04,71.12,43.02,57.67,8.06
304.07,39.70,19.96,22.42,8.04,71.12,43.02,57.82,8.07
304.08,39.62,19.99,22.42,8.04,71.12,43.02,57.53,8.07
304.09,39.70,19.99,22.39,8.04,71.12,43.02,57.67,8.07
304.10,39.70,19.96,22.39,8.04,71.12,43.11,57.53,8.06
304.11,39.70,19.99,22.42,8.04,71.12,43.02,57.67,8.06
304.12,39.70,19.99,22.42,8.04,71.12,43.02,57.67,8.06
304.13,39.70,19.99,22.42,8.04,71.12,43.02,57.67,8.06
304.14,39.70,19.99,22.42,8.04,71.33,43.11,57.67,8.05
304.15,39.70,19.99,22.39,8.04,71.12,43.11,57.67,8.07
304.16,39.70,20.02,22.42,8.04,71.12,43.02,57.67,8.06
304.17,39.70,19.99,22.42,8.04,71.12,43.02,57.67,8.06
304.18,39.70,19.99,22.39,8.04,71.12,43.02,57.67,8.06
304.19,39.70,19.99,22.39,8.04,71.12,43.02,57.53,8.07
304.20,39.70,19.99,22.39,8.04,71.12,43.11,57.67,8.06
304.21,39.70,19.99,22.42,8.04,71.12,43.02,57.67,8.06
304.22,39.70,19.99,22.39,8.04,71.12,43.11,57.67,8.06
304.23,39.70,19.99,22.39,8.04,71.12,43.02,57.67,8.06
304.24,39.70,19.99,22.42,8.04,71.12,43.02,57.67,8.07
304.25,39.70,19.99,22.42,8.04,71.12,43.02,57.67,8.07
304.26,39.70,19.99,22.42,8.04,71.12,43.11,57.67,8.06
304.27,39.70,19.96,22.42,8.06,71.12,43.02,57.67,8.06
304.28,39.70,19.99,22.42,8.04,71.12,43.11,57.67,8.06
304.29,39.70,19.99,22.39,8.04,71.12,43.11,57.67,8.07
304.30,39.70,19.99,22.42,8.04,71.12,43.11,57.67,8.06
304.31,39.70,19.99,22.39,8.04,71.12,43.11,57.67,8.06
304.32,39.70,19.99,22.39,8.04,71.12,43.11,57.67,8.06
304.33,39.70,19.99,22.42,8.04,71.33,43.02,57.67,8.06
304.34,39.70,19.99,22.42,8.04,71.12,43.02,57.67,8.07
304.35,39.70,19.96,22.42,8.04,71.12,43.11,57.67,8.07
304.36,39.70,19.99,22.39,8.04,71.12,43.02,57.67,8.06
304.37,39.70,19.99,22.42,8.04,71.12,43.11,57.82,8.07
304.38,39.70,20.02,22.42,8.04,71.12,43.11,57.67,8.06
304.39,39.70,19.99,22.42,8.04,71.12,43.02,57.67,8.06
304.40,39.70,19.99,22.42,8.04,71.12,43.02,57.67,8.07
304.41,39.70,19.99,22.39,8.04,71.12,43.11,57.53,8.06
304.42,39.70,19.99,22.39,8.04,71.12,43.11,57.67,8.06
304.43,39.70,19.99,22.42,8.04,71.12,43.11,57.67,8.07
304.44,39.70,19.99,22.39,8.04,71.12,43.11,57.82,8.06
304.45,39.70,19.99,22.42,8.04,71.12,43.02,57.67,8.06
304.46,39.70,19.99,22.42,8.04,71.33,43.02,57.67,8.06
304.47,39.70,19.99,22.42,8.04,71.12,43.11,57.82,8.07
304.48,39.70,19.99,22.39,8.04,71.12,43.20,57.67,8.06
304.49,39.70,19.99,22.42,8.04,71.12,43.02,57.67,8.07
304.50,39.70,19.99,22.39,8.04,71.12,43.02,57.67,8.06
304.51,39.70,19.99,22.39,8.04,71.12,43.02,57.67,8.07
304.52,39.70,19.99,22.39,8.04,71.12,43.02,57.82,8.07
304.53,39.70,19.99,22.42,8.04,71.12,43.11,57.67,8.06
304.54,39.70,19.99,22.39,8.04,71.12,43.11,57.67,8.07
304.55,39.70,19.99,22.39,8.04,71.12,43.02,57.67,8.07
304.56,39.70,19.99,22.39,8.04,71.33,43.11,57.67,8.07
304.57,39.70,19.99,22.42,8.04,71.12,43.02,57.67,8.07
304.58,39.70,19.99,22.39,8.04,71.12,43.11,57.82,8.07
304.59,39.70,19.99,22.42,8.04,71.12,43.11,57.82,8.06
304.60,39.70,19.99,22.39,8.04,71.12,43.11,57.82,8.07
304.61,39.70,19.99,22.42,8.04,71.12,43.11,57.82,8.07
304.62,39.70,19.99,22.42,8.04,71.12,43.11,57.67,8.06
304.63,39.70,19.99,22.39,8.04,71.12,43.02,57.67,8.07
304.64,39.70,19.93,22.42,8.04,71.12,43.02,57.67,8.07
304.65,39.70,19.96,22.42,8.04,71.12,43.02,57.82,8.07
304.66,39.70,20.02,22.42,8.04,71.12,43.02,57.67,8.07
304.67,39.70,19.99,22.42,8.04,71.12,43.02,57.67,8.06
304.68,39.70,20.02,22.39,8.04,71.12,43.02,57.67,8.07
304.69,39.78,20.02,22.39,8.04,71.12,43.02,57.67,8.06
304.70,39.70,20.02,22.39,8.04,71.33,43.11,57.82,8.07
304.71,39.70,20.02,22.42,8.04,71.12,43.11,57.67,8.07
304.72,39.70,19.99,22.42,8.04,71.33,43.11,57.67,8.07
304.73,39.70,19.99,22.42,8.04,71.12,43.02,57.82,8.06
304.74,39.70,20.02,22.39,8.04,71.33,42.92,57.67,8.06
304.75,39.70,19.99,22.39,8.04,71.33,43.20,57.67,8.06
304.76,39.70,19.99,22.39,8.04,71.12,43.11,57.82,8.07
304.77,39.70,20.02,22.39,8.04,71.12,43.11,57.82,8.06
304.78,39.78,20.02,22.42,8.04,71.33,43.02,57.67,8.07
304.79,39.78,19.99,22.42,8.04,71.12,43.02,57.82,8.07
304.80,39.70,19.99,22.39,8.04,71.12,43.11,57.82,8.06
304.81,39.70,19.99,22.42,8.06,71.12,43.11,57.67,8.07
304.82,39.70,19.99,22.42,8.04,71.12,43.02,57.82,8.06
304.83,39.70,19.99,22.39,8.04,71.12,43.11,57.67,8.06
304.84,39.70,19.99,22.42,8.04,71.12,43.02,57.67,8.06
304.85,39.78,19.99,22.42,8.04,71.12,43.02,57.82,8.06
304.86,39.62,20.02,22.42,8.06,71.33,43.02,57.82,8.07
304.87,39.62,19.99,22.42,8.04,71.12,43.11,57.67,8.07
304.88,39.78,19.99,22.42,8.04,71.12,43.02,57.67,8.06
304.89,39.70,19.99,22.39,8.04,71.12,43.02,57.82,8.07
304.90,39.70,19.99,22.42,8.04,71.12,43.02,57.67,8.07
304.91,39.70,19.99,22.39,8.04,71.33,43.11,57.67,8.06
304.92,39.70,19.99,22.42,8.04,71.12,43.11,57.82,8.07
304.93,39.70,19.99,22.42,8.04,71.12,43.02,57.67,8.08
304.94,39.70,20.02,22.42,8.04,71.33,43.11,57.67,8.07
304.95,39.78,20.02,22.39,8.04,71.12,43.02,57.67,8.07
304.96,39.78,20.02,22.42,8.04,71.12,43.11,57.67,8.07
304.97,39.70,19.99,22.42,8.04,71.12,43.02,57.82,8.06
304.98,39.70,19.99,22.42,8.04,71.12,43.02,57.82,8.06
304.99,39.78,20.02,22.39,8.04,71.12,43.11,57.53,8.07
305.00,39.70,20.02,22.39,8.04,71.12,43.11,57.82,8.08
305.01,39.70,19.96,22.42,8.04,71.12,43.11,57.53,8.07
305.02,39.78,19.99,22.42,8.04,71.12,43.02,57.53,8.07
305.03,39.70,19.99,22.42,8.04,71.12,43.11,57.67,8.06
305.04,39.70,20.02,22.42,8.04,71.33,43.02,57.67,8.07
305.05,39.70,19.99,22.39,8.06,71.12,43.11,57.82,8.06
305.06,39.78,19.96,22.42,8.04,71.33,43.02,57.82,8.07
305.07,39.70,19.99,22.42,8.04,71.33,43.11,57.67,8.06
305.08,39.70,19.99,22.42,8.04,71.33,43.02,57.82,8.07
305.09,39.70,20.02,22.42,8.04,71.12,43.11,57.82,8.07
305.10,39.70,19.99,22.42,8.04,71.12,43.11,57.67,8.06
305.11,39.70,20.02,22.42,8.04,71.12,43.11,57.82,8.07
305.12,39.70,20.02,22.42,8.04,71.12,43.11,57.67,8.07
305.13,39.62,19.99,22.42,8.04,71.12,43.11,57.82,8.07
305.14,39.70,20.02,22.42,8.04,71.12,43.11,57.67,8.07
305.15,39.70,19.99,22.42,8.04,71.12,43.11,57.67,8.07
305.16,39.70,19.99,22.42,8.04,71.12,43.02,57.67,8.07
305.17,39.70,19.99,22.42,8.04,71.12,43.11,57.67,8.07
305.18,39.70,19.99,22.42,8.06,71.33,43.11,57.82,8.07
305.19,39.70,19.99,22.42,8.04,71.12,43.02,57.82,8.06
305.20,39.70,19.99,22.42,8.04,71.12,43.02,57.82,8.07
305.21,39.70,19.99,22.42,8.04,71.12,43.11,57.82,8.07
305.22,39.70,19.99,22.42,8.04,71.33,43.02,57.82,8.06
305.23,39.78,19.99,22.42,8.04,71.12,43.02,57.67,8.07
305.24,39.70,20.02,22.39,8.04,71.12,43.11,57.67,8.07
305.25,39.70,20.02,22.42,8.04,71.12,43.11,57.82,8.07
305.26,39.78,20.02,22.42,8.04,71.12,43.02,57.67,8.06
305.27,39.70,19.99,22.42,8.04,71.12,43.11,57.82,8.07
305.28,39.70,19.99,22.39,8.04,71.12,43.11,57.82,8.07
305.29,39.70,20.02,22.42,8.04,71.12,43.02,57.67,8.07
305.30,39.62,19.99,22.42,8.04,71.33,43.11,57.82,8.07
305.31,39.70,19.99,22.39,8.04,71.33,43.02,57.67,8.07
305.32,39.70,20.02,22.42,8.04,71.33,43.11,57.82,8.06
305.33,39.78,19.99,22.42,8.04,71.12,43.20,57.82,8.07
305.34,39.70,19.99,22.42,8.04,71.12,43.11,57.67,8.07
305.35,39.70,19.99,22.42,8.04,71.12,43.02,57.67,8.06
305.36,39.70,19.99,22.42,8.04,71.12,43.02,57.53,8.07
305.37,39.70,19.99,22.42,8.04,71.12,43.11,57.82,8.06
305.38,39.70,19.99,22.42,8.04,71.12,43.11,57.82,8.06
305.39,39.70,19.99,22.42,8.04,71.12,43.11,57.82,8.07
305.40,39.78,19.99,22.42,8.06,71.33,43.02,57.67,8.07
305.41,39.70,19.99,22.46,8.06,71.33,43.11,57.67,8.07
305.42,39.78,19.99,22.42,8.04,71.12,43.11,57.82,8.06
305.43,39.70,20.02,22.39,8.04,71.12,43.02,57.82,8.07
305.44,39.70,20.02,22.42,8.04,71.12,43.11,57.67,8.06
305.45,39.70,19.99,22.46,8.04,71.12,43.11,57.82,8.06
305.46,39.70,19.99,22.46,8.04,71.33,43.11,57.82,8.06
305.47,39.78,20.05,22.39,8.04,71.33,43.11,57.82,8.06
305.48,39.70,20.02,22.39,8.06,71.12,43.11,57.82,8.07
305.49,39.78,19.99,22.42,8.04,71.33,43.11,57.82,8.07
305.50,39.70,19.99,22.42,8.04,71.12,43.11,57.82,8.07
305.51,39.70,19.99,22.42,8.04,71.12,43.11,57.67,8.06
305.52,39.70,20.02,22.42,8.04,71.33,43.11,57.82,8.08
305.53,39.70,19.99,22.42,8.04,71.12,43.02,57.67,8.07
305.54,39.70,20.02,22.42,8.04,71.12,43.02,57.82,8.07
305.55,39.70,19.99,22.42,8.04,71.12,43.11,57.82,8.07
305.56,39.70,19.99,22.42,8.04,71.12,43.11,57.82,8.08
305.57,39.70,20.02,22.39,8.04,71.12,43.02,57.67,8.07
305.58,39.70,19.99,22.46,8.04,71.12,43.02,57.82,8.07
305.59,39.78,19.99,22.39,8.04,71.12,43.11,57.67,8.08
305.60,39.70,19.99,22.42,8.06,71.12,43.02,57.67,8.06
305.61,39.78,19.99,22.42,8.04,71.12,43.11,57.82,8.06
305.62,39.70,19.99,22.46,8.04,71.12,43.11,57.67,8.06
305.63,39.70,19.99,22.39,8.04,71.33,43.02,57.82,8.08
305.64,39.78,19.99,22.42,8.04,71.12,43.11,57.67,8.06
305.65,39.78,19.99,22.42,8.04,71.12,43.11,57.82,8.06
305.66,39.70,20.02,22.42,8.04,71.33,43.11,57.67,8.06
305.67,39.78,19.99,22.39,8.04,71.33,43.11,57.82,8.07
305.68,39.78,19.99,22.42,8.04,71.33,43.11,57.67,8.06
305.69,39.78,20.02,22.42,8.04,71.12,43.11,57.67,8.06
305.70,39.70,19.99,22.42,8.04,71.12,43.11,57.82,8.06
305.71,39.70,20.02,22.39,8.04,71.12,43.11,57.67,8.07
305.72,39.70,19.99,22.42,8.04,71.33,43.11,57.67,8.07
305.73,39.70,19.99,22.42,8.04,71.12,43.11,57.67,8.06
305.74,39.78,19.99,22.39,8.04,71.12,43.11,57.82,8.06
305.75,39.78,19.99,22.42,8.04,71.33,43.11,57.82,8.06
305.76,39.78,20.02,22.42,8.04,71.33,43.02,57.82,8.07
305.77,39.70,20.02,22.42,8.04,71.12,43.20,57.82,8.08
305.78,39.70,19.99,22.42,8.04,71.12,43.11,57.67,8.07
305.79,39.70,20.02,22.42,8.04,71.33,43.11,57.82,8.07
305.80,39.70,20.02,22.42,8.04,71.33,43.20,57.67,8.07
305.81,39.70,20.02,22.42,8.04,71.12,43.11,57.67,8.07
305.82,39.70,19.96,22.42,8.06,71.12,43.02,57.82,8.07
305.83,39.70,20.05,22.42,8.04,71.12,43.20,57.82,8.06
305.84,39.70,20.02,22.42,8.04,71.12,43.11,57.82,8.07
305.85,39.70,19.99,22.46,8.06,71.12,43.20,57.67,8.07
305.86,39.70,19.99,22.42,8.04,71.12,43.02,57.82,8.07
305.87,39.70,20.02,22.42,8.04,71.33,43.20,57.82,8.07
305.88,39.70,19.99,22.42,8.04,71.12,43.11,57.82,8.07
305.89,39.70,19.99,22.42,8.04,71.33,43.02,57.82,8.07
305.90,39.70,19.96,22.42,8.04,71.12,43.11,57.82,8.06
305.91,39.70,20.02,22.42,8.04,71.33,43.02,57.82,8.07
305.92,39.70,19.99,22.42,8.04,71.33,43.02,57.82,8.07
305.93,39.70,20.02,22.42,8.04,71.12,43.29,57.67,8.07
305.94,39.70,20.02,22.42,8.04,71.12,43.11,57.82,8.07
305.95,39.70,20.02,22.42,8.04,71.33,43.11,57.67,8.06
305.96,39.70,19.99,22.42,8.04,71.33,43.11,57.82,8.07
305.97,39.78,19.99,22.39,8.04,71.33,43.02,57.82,8.06
305.98,39.78,19.99,22.42,8.04,71.33,43.02,57.82,8.07
305.99,39.70,19.99,22.42,8.04,71.33,43.11,57.82,8.07
306.00,39.78,19.99,22.42,8.04,71.12,43.11,57.82,8.07
306.01,39.70,19.99,22.42,8.04,71.12,43.11,57.82,8.07
306.02,39.78,20.02,22.46,8.06,71.33,43.11,57.82,8.07
306.03,39.78,19.99,22.42,8.04,71.12,43.11,57.82,8.08
306.04,39.70,20.02,22.42,8.04,71.12,43.11,57.82,8.07
306.05,39.70,19.99,22.42,8.04,71.12,43.02,57.82,8.07
306.06,39.86,19.99,22.42,8.04,71.12,43.11,57.82,8.07
306.07,39.78,19.99,22.42,8.04,71.12,43.20,57.82,8.06
306.08,39.70,19.99,22.46,8.04,71.33,43.20,57.82,8.07
306.09,39.78,20.02,22.46,8.04,71.12,43.02,57.67,8.06
306.10,39.70,19.99,22.46,8.04,71.12,43.11,57.82,8.06
306.11,39.70,19.99,22.42,8.04,71.33,43.11,57.82,8.06
306.12,39.70,20.02,22.46,8.04,71.33,43.02,57.82,8.07
306.13,39.78,20.02,22.46,8.04,71.12,43.02,57.67,8.07
306.14,39.70,20.02,22.42,8.04,71.55,43.11,57.82,8.07
306.15,39.70,19.99,22.42,8.04,71.12,43.20,57.67,8.07
306.16,39.70,19.99,22.42,8.04,71.33,43.11,57.82,8.07
306.17,39.70,19.99,22.46,8.04,71.12,43.11,57.82,8.07
306.18,39.70,19.99,22.42,8.04,71.33,43.20,57.97,8.07
306.19,39.78,20.02,22.42,8.04,71.33,43.11,57.53,8.07
306.20,39.70,19.99,22.42,8.04,71.33,43.11,57.97,8.06
306.21,39.70,19.99,22.42,8.04,71.12,43.11,57.82,8.07
306.22,39.70,20.02,22.42,8.04,71.33,43.11,57.82,8.07
306.23,39.70,20.02,22.42,8.04,71.33,43.11,57.67,8.06
306.24,39.70,20.02,22.42,8.04,71.12,43.02,57.82,8.07
306.25,39.78,20.02,22.46,8.06,71.33,43.11,57.82,8.07
306.26,39.70,20.02,22.42,8.04,71.12,43.02,57.67,8.07
306.27,39.70,19.99,22.42,8.04,71.33,43.11,57.82,8.07
306.28,39.78,19.99,22.42,8.04,71.12,43.11,57.82,8.07
306.29,39.70,19.99,22.42,8.04,71.33,43.11,57.82,8.06
306.30,39.70,19.99,22.42,8.04,71.33,43.11,57.82,8.07
306.31,39.70,20.02,22.46,8.04,71.12,43.11,57.67,8.07
306.32,39.78,19.99,22.42,8.06,71.33,43.11,57.82,8.07
306.33,39.78,20.02,22.46,8.04,71.12,43.11,57.82,8.07
306.34,39.70,20.02,22.42,8.04,71.33,43.11,57.82,8.06
306.35,39.70,19.99,22.42,8.04,71.12,43.02,57.82,8.07
306.36,39.70,20.02,22.42,8.04,71.33,43.20,57.82,8.07
306.37,39.78,20.02,22.42,8.04,71.33,43.02,57.82,8.06
306.38,39.78,20.02,22.42,8.04,71.33,43.11,57.67,8.08
306.39,39.70,19.99,22.42,8.04,71.12,43.11,57.97,8.06
306.40,39.62,19.99,22.42,8.04,71.12,43.29,57.97,8.06
306.41,39.70,19.99,22.42,8.04,71.12,43.11,57.82,8.07
306.42,39.62,19.99,22.42,8.04,71.33,43.11,57.82,8.06
306.43,39.70,19.99,22.42,8.04,71.33,43.11,57.82,8.07
306.44,39.70,20.02,22.42,8.04,71.12,43.20,57.67,8.06
306.45,39.78,20.02,22.42,8.04,71.33,43.11,57.82,8.06
306.46,39.70,19.99,22.42,8.04,71.12,43.11,57.82,8.07
306.47,39.70,19.99,22.46,8.04,71.12,43.11,57.82,8.07
306.48,39.70,19.99,22.42,8.04,71.12,43.11,57.82,8.07
306.49,39.70,19.99,22.42,8.04,71.12,43.20,57.82,8.07
306.50,39.78,20.05,22.42,8.04,71.12,43.11,57.82,8.06
306.51,39.78,19.99,22.42,8.04,71.12,43.20,57.67,8.06
306.52,39.78,20.02,22.42,8.04,71.12,43.11,57.82,8.07
306.53,39.70,19.99,22.42,8.06,71.12,43.11,57.82,8.08
306.54,39.70,20.02,22.42,8.04,71.33,43.11,57.82,8.08
306.55,39.70,19.99,22.46,8.04,71.33,43.11,57.82,8.06
306.56,39.70,20.02,22.46,8.04,71.12,43.02,57.82,8.06
306.57,39.70,20.02,22.42,8.06,71.33,43.20,57.82,8.07
306.58,39.70,20.02,22.42,8.04,71.12,43.02,57.82,8.06
306.59,39.70,20.02,22.42,8.06,71.33,43.02,57.82,8.07
306.60,39.86,19.99,22.42,8.04,71.33,43.11,57.82,8.06
306.61,39.78,20.02,22.46,8.04,71.33,43.20,57.82,8.07
306.62,39.78,19.99,22.46,8.04,71.33,43.20,57.82,8.07
306.63,39.70,19.99,22.42,8.04,71.33,43.02,57.82,8.07
306.64,39.78,20.02,22.46,8.06,71.33,43.20,57.82,8.08
306.65,39.70,20.02,22.42,8.04,71.33,43.11,57.82,8.06
306.66,39.78,19.99,22.42,8.04,71.33,43.11,57.82,8.07
306.67,39.70,20.02,22.42,8.06,71.33,43.11,57.82,8.06
306.68,39.78,20.02,22.42,8.04,71.33,43.20,57.82,8.07
306.69,39.70,20.02,22.46,8.04,71.12,43.20,57.67,8.06
306.70,39.70,19.99,22.42,8.04,71.33,43.11,57.82,8.07
306.71,39.70,20.02,22.42,8.04,71.12,43.11,57.82,8.07
306.72,39.70,19.99,22.42,8.06,71.33,43.11,57.67,8.07
306.73,39.70,19.99,22.42,8.06,71.33,43.11,57.82,8.07
306.74,39.70,20.02,22.46,8.04,71.12,43.20,57.67,8.06
306.75,39.70,20.02,22.46,8.04,71.33,43.20,57.82,8.07
306.76,39.70,19.99,22.42,8.04,71.33,43.11,57.82,8.07
306.77,39.70,19.99,22.42,8.04,71.33,43.02,57.82,8.07
306.78,39.70,20.02,22.42,8.04,71.33,43.11,57.82,8.06
306.79,39.70,19.99,22.46,8.04,71.33,43.11,57.97,8.06
306.80,39.70,19.99,22.46,8.04,71.33,43.20,57.67,8.07
306.81,39.70,20.02,22.42,8.04,71.33,43.11,57.82,8.07
306.82,39.78,19.99,22.46,8.04,71.33,43.11,57.82,8.07
306.83,39.78,20.02,22.46,8.04,71.33,43.02,57.82,8.07
306.84,39.70,19.99,22.42,8.04,71.33,43.11,57.82,8.06
306.85,39.70,19.99,22.42,8.04,71.33,43.11,57.67,8.06
306.86,39.70,20.02,22.42,8.04,71.33,43.11,57.67,8.06
306.87,39.70,19.99,22.42,8.04,71.12,43.11,57.82,8.07
306.88,39.78,20.02,22.42,8.06,71.33,43.20,57.82,8.06
306.89,39.70,19.99,22.42,8.06,71.55,43.11,57.82,8.07
306.90,39.70,19.99,22.42,8.04,71.33,43.20,57.67,8.08
306.91,39.70,20.02,22.46,8.04,71.33,43.11,57.82,8.07
306.92,39.70,20.02,22.42,8.04,71.33,43.11,57.97,8.08
306.93,39.78,19.99,22.46,8.04,71.33,43.11,57.82,8.07
306.94,39.70,19.99,22.42,8.04,71.12,43.11,57.82,8.06
306.95,39.70,20.02,22.46,8.04,71.33,43.11,57.67,8.07
306.96,39.78,20.02,22.46,8.06,71.12,43.11,57.82,8.06
306.97,39.78,20.02,22.42,8.04,71.33,43.02,57.82,8.07
306.98,39.70,19.99,22.46,8.04,71.33,43.02,57.82,8.07
306.99,39.70,19.99,22.42,8.04,71.33,43.11,57.82,8.07
307.00,39.78,20.02,22.46,8.04,71.33,43.11,57.82,8.07
307.01,39.70,20.02,22.46,8.04,71.33,43.20,57.82,8.07
307.02,39.78,19.99,22.46,8.04,71.33,43.20,57.82,8.07
307.03,39.70,19.99,22.46,8.04,71.33,43.11,57.82,8.07
307.04,39.78,20.05,22.42,8.04,71.33,43.02,57.82,8.07
307.05,39.70,20.02,22.42,8.04,71.12,43.20,57.82,8.06
307.06,39.78,20.05,22.46,8.04,71.33,43.11,57.82,8.07
307.07,39.70,20.02,22.42,8.04,71.55,43.11,57.82,8.07
307.08,39.70,20.02,22.46,8.04,71.33,43.11,57.97,8.06
307.09,39.78,20.02,22.46,8.06,71.12,43.11,57.82,8.06
307.10,39.70,20.02,22.42,8.04,71.33,43.11,57.82,8.07
307.11,39.70,19.99,22.42,8.04,71.33,43.11,57.82,8.06
307.12,39.70,19.99,22.46,8.04,71.33,43.02,57.82,8.07
307.13,39.70,20.05,22.46,8.04,71.33,42.92,57.82,8.07
307.14,39.78,19.99,22.42,8.04,71.33,43.20,57.82,8.07
307.15,39.70,20.05,22.46,8.04,71.33,43.11,57.82,8.06
307.16,39.70,19.99,22.46,8.04,71.33,43.20,57.82,8.07
307.17,39.70,20.02,22.42,8.04,71.12,43.11,57.67,8.08
307.18,39.70,20.02,22.46,8.04,71.12,43.11,57.82,8.07
307.19,39.78,19.99,22.42,8.04,71.33,43.20,57.82,8.07
307.20,39.78,19.99,22.42,8.04,71.33,43.20,57.67,8.07
307.21,39.70,20.02,22.42,8.04,71.33,43.11,57.82,8.06
307.22,39.70,20.02,22.42,8.04,71.33,43.11,57.82,8.07
307.23,39.78,20.02,22.42,8.04,71.33,43.11,57.82,8.07
307.24,39.78,20.02,22.42,8.04,71.12,43.11,57.82,8.08
307.25,39.70,20.05,22.46,8.06,71.33,43.11,57.82,8.07
307.26,39.86,19.99,22.46,8.04,71.33,43.11,57.67,8.06
307.27,39.86,19.99,22.42,8.04,71.33,43.11,57.82,8.07
307.28,39.78,20.02,22.42,8.04,71.33,43.11,57.82,8.07
307.29,39.70,19.99,22.46,8.04,71.33,43.11,57.82,8.07
307.30,39.70,20.02,22.46,8.04,71.55,43.20,57.82,8.08
307.31,39.70,20.02,22.46,8.04,71.33,43.11,57.67,8.07
307.32,39.70,20.02,22.46,8.06,71.55,43.11,57.67,8.06
307.33,39.78,19.99,22.46,8.06,71.12,43.20,57.82,8.07
307.34,39.70,20.02,22.46,8.04,71.12,43.20,57.82,8.07
307.35,39.70,19.99,22.46,8.04,71.33,43.11,57.82,8.08
307.36,39.70,19.99,22.46,8.04,71.33,43.02,57.97,8.07
307.37,39.70,20.02,22.46,8.04,71.33,43.11,57.67,8.07
307.38,39.70,19.99,22.46,8.04,71.33,43.02,57.82,8.07
307.39,39.70,20.02,22.42,8.04,71.33,43.11,57.97,8.07
307.40,39.78,19.99,22.42,8.04,71.33,43.29,57.67,8.08
307.41,39.70,19.99,22.46,8.04,71.33,43.11,57.82,8.07
307.42,39.70,19.99,22.46,8.04,71.33,43.11,57.82,8.06
307.43,39.70,20.05,22.46,8.06,71.33,43.11,57.82,8.07
307.44,39.70,20.02,22.46,8.04,71.33,43.11,57.82,8.07
307.45,39.70,20.02,22.42,8.04,71.33,43.20,57.82,8.07
307.46,39.70,19.99,22.42,8.04,71.12,43.11,57.82,8.07
307.47,39.78,20.02,22.42,8.04,71.33,43.11,57.82,8.07
307.48,39.70,19.99,22.46,8.04,71.33,43.11,57.82,8.07
307.49,39.78,19.99,22.46,8.04,71.55,43.11,57.82,8.08
307.50,39.70,20.02,22.46,8.04,71.33,43.11,57.82,8.07
307.51,39.70,19.99,22.42,8.04,71.33,43.11,57.82,8.06
307.52,39.78,19.99,22.42,8.06,71.33,43.11,57.82,8.07
307.53,39.70,19.99,22.46,8.04,71.33,43.11,57.82,8.07
307.54,39.78,19.99,22.42,8.04,71.33,43.11,57.97,8.07
307.55,39.70,20.05,22.42,8.04,71.55,43.11,57.82,8.07
307.56,39.70,20.02,22.46,8.04,71.33,43.11,57.82,8.07
307.57,39.70,20.02,22.46,8.04,71.33,43.11,57.82,8.07
307.58,39.70,19.99,22.46,8.06,71.33,43.11,57.82,8.07
307.59,39.70,19.99,22.46,8.04,71.33,43.11,57.82,8.06
307.60,39.78,19.99,22.42,8.04,71.55,43.11,57.82,8.07
307.61,39.70,19.99,22.46,8.06,71.33,43.20,57.82,8.07
307.62,39.70,20.02,22.42,8.06,71.33,43.11,57.82,8.06
307.63,39.70,20.02,22.46,8.04,71.33,43.11,57.67,8.07
307.64,39.78,20.02,22.46,8.04,71.33,43.11,57.82,8.08
307.65,39.78,19.99,22.42,8.04,71.33,43.11,57.82,8.07
307.66,39.78,20.02,22.46,8.06,71.12,43.02,57.82,8.07
307.67,39.78,20.02,22.42,8.04,71.33,43.11,57.82,8.07
307.68,39.70,19.99,22.42,8.04,71.33,43.11,57.82,8.07
307.69,39.70,20.02,22.46,8.04,71.33,43.11,57.82,8.07
307.70,39.70,20.02,22.46,8.04,71.55,43.20,57.82,8.06
307.71,39.78,19.99,22.46,8.04,71.33,43.11,57.82,8.06
307.72,39.78,19.99,22.42,8.04,71.33,43.20,57.82,8.07
307.73,39.78,20.02,22.46,8.04,71.33,43.11,57.82,8.07
307.74,39.70,19.99,22.46,8.04,71.33,43.11,57.97,8.07
307.75,39.70,20.02,22.46,8.04,71.33,43.20,57.82,8.06
307.76,39.70,20.05,22.46,8.04,71.33,43.20,57.82,8.06
307.77,39.70,20.02,22.42,8.04,71.33,43.02,57.67,8.07
307.78,39.70,20.05,22.46,8.06,71.33,43.11,57.82,8.08
307.79,39.70,20.02,22.42,8.04,71.33,43.11,57.82,8.07
307.80,39.70,20.02,22.46,8.04,71.33,43.20,57.82,8.07
307.81,39.70,20.02,22.42,8.04,71.33,43.11,57.82,8.07
307.82,39.70,20.02,22.46,8.04,71.33,43.20,57.82,8.07
307.83,39.70,19.99,22.46,8.04,71.33,43.11,57.82,8.07
307.84,39.70,20.02,22.46,8.04,71.33,43.11,57.82,8.07
307.85,39.70,20.02,22.46,8.04,71.33,43.11,57.82,8.07
307.86,39.70,19.99,22.46,8.04,71.33,43.11,57.82,8.07
307.87,39.70,19.99,22.46,8.04,71.33,43.11,57.82,8.06
307.88,39.70,19.99,22.46,8.04,71.33,43.11,57.82,8.06
307.89,39.70,20.02,22.42,8.04,71.33,43.11,57.82,8.06
307.90,39.70,20.02,22.42,8.04,71.33,43.11,57.82,8.07
307.91,39.62,19.99,22.46,8.04,71.33,43.11,57.82,8.08
307.92,39.70,19.99,22.46,8.04,71.33,43.11,57.82,8.07
307.93,39.70,20.02,22.46,8.04,71.33,43.20,57.97,8.07
307.94,39.70,19.99,22.46,8.04,71.12,43.20,57.82,8.07
307.95,39.78,19.99,22.42,8.04,71.12,43.20,57.97,8.07
307.96,39.70,19.99,22.46,8.04,71.55,43.20,57.82,8.07
307.97,39.70,20.02,22.46,8.04,71.33,43.11,57.82,8.07
307.98,39.70,19.99,22.46,8.04,71.33,43.11,57.82,8.08
307.99,39.62,20.02,22.46,8.04,71.33,43.11,57.82,8.07
308.00,39.78,20.02,22.46,8.04,71.33,43.11,57.82,8.07
308.01,39.70,19.99,22.46,8.04,71.33,43.11,57.97,8.07
308.02,39.70,20.02,22.46,8.04,71.33,43.20,57.97,8.08
308.03,39.70,20.02,22.46,8.04,71.33,43.11,57.82,8.06
308.04,39.70,20.02,22.42,8.04,71.12,43.11,57.82,8.07
308.05,39.78,20.02,22.42,8.06,71.33,43.20,57.67,8.06
308.06,39.70,19.99,22.46,8.04,71.33,43.11,57.82,8.08
308.07,39.70,19.99,22.46,8.04,71.33,43.20,57.82,8.06
308.08,39.70,20.02,22.46,8.06,71.33,43.20,57.82,8.06
308.09,39.70,19.99,22.42,8.04,71.33,43.20,57.82,8.07
308.10,39.70,20.02,22.46,8.04,71.33,43.20,57.82,8.07
308.11,39.70,20.02,22.46,8.04,71.33,43.11,57.82,8.07
308.12,39.70,20.02,22.46,8.04,71.33,43.11,57.82,8.07
308.13,39.70,20.02,22.42,8.04,71.33,43.11,57.82,8.06
308.14,39.70,20.02,22.46,8.04,71.33,43.20,57.82,8.07
308.15,39.70,19.99,22.42,8.04,71.33,43.11,57.82,8.06
308.16,39.78,20.02,22.46,8.04,71.33,43.11,57.82,8.08
308.17,39.70,20.02,22.42,8.04,71.33,43.11,57.82,8.08
308.18,39.70,19.99,22.42,8.06,71.33,43.11,57.82,8.06
308.19,39.70,20.05,22.46,8.06,71.33,43.20,57.82,8.06
308.20,39.70,19.99,22.46,8.04,71.33,43.11,57.82,8.07
308.21,39.78,20.02,22.42,8.04,71.55,43.11,57.82,8.07
308.22,39.70,20.02,22.42,8.04,71.33,43.20,57.82,8.07
308.23,39.70,19.99,22.46,8.04,71.33,43.11,57.82,8.07
308.24,39.70,19.99,22.42,8.04,71.33,43.11,57.82,8.07
308.25,39.70,19.99,22.42,8.04,71.33,43.11,57.82,8.06
308.26,39.70,19.99,22.42,8.06,71.33,43.11,57.82,8.07
308.27,39.70,20.02,22.42,8.04,71.33,43.20,57.82,8.08
308.28,39.70,20.02,22.42,8.06,71.12,43.20,57.67,8.07
308.29,39.62,19.99,22.42,8.04,71.33,43.11,57.67,8.07
308.30,39.70,20.02,22.46,8.04,71.12,43.11,57.82,8.07
308.31,39.70,19.99,22.42,8.06,71.33,43.20,57.82,8.07
308.32,39.70,19.99,22.42,8.04,71.55,43.11,57.82,8.06
308.33,39.70,19.99,22.42,8.04,71.12,43.11,57.82,8.07
308.34,39.70,19.99,22.42,8.04,71.33,43.11,57.82,8.07
308.35,39.70,20.05,22.42,8.04,71.33,43.11,57.82,8.08
308.36,39.70,20.02,22.42,8.04,71.33,43.20,57.67,8.07
308.37,39.70,20.02,22.42,8.04,71.33,43.11,57.82,8.07
308.38,39.70,19.99,22.42,8.06,71.33,43.20,57.82,8.08
308.39,39.70,19.99,22.42,8.04,71.33,43.11,57.67,8.06
308.40,39.70,20.02,22.42,8.04,71.33,43.11,57.82,8.07
308.41,39.78,19.99,22.46,8.04,71.12,43.20,57.82,8.07
308.42,39.70,20.05,22.42,8.04,71.33,43.11,57.82,8.07
308.43,39.70,19.99,22.42,8.06,71.33,43.11,57.82,8.06
308.44,39.86,20.02,22.46,8.04,71.33,43.11,57.82,8.07
308.45,39.62,20.02,22.42,8.04,71.33,43.11,57.82,8.07
308.46,39.70,19.99,22.42,8.06,71.12,43.11,57.82,8.07
308.47,39.70,19.99,22.42,8.04,71.33,43.02,57.82,8.06
308.48,39.70,20.02,22.39,8.04,71.12,43.11,57.82,8.06
308.49,39.78,19.99,22.42,8.04,71.12,43.11,57.82,8.08
308.50,39.70,20.02,22.42,8.04,71.33,43.11,57.82,8.07
308.51,39.70,19.99,22.42,8.04,71.12,43.20,57.82,8.07
308.52,39.70,19.99,22.42,8.04,71.55,43.20,57.82,8.08
308.53,39.70,20.02,22.42,8.04,71.55,43.11,57.82,8.07
308.54,39.70,19.99,22.42,8.04,71.12,43.20,57.82,8.07
308.55,39.62,19.99,22.46,8.04,71.33,43.11,57.82,8.07
308.56,39.70,20.02,22.42,8.04,71.33,43.11,57.82,8.07
308.57,39.70,19.99,22.42,8.04,71.33,43.11,57.67,8.07
308.58,39.70,19.99,22.42,8.04,71.33,43.20,57.97,8.06
308.59,39.70,20.02,22.42,8.04,71.33,43.11,58.12,8.07
308.60,39.70,20.02,22.39,8.06,71.55,43.20,57.82,8.06
308.61,39.70,19.99,22.42,8.04,71.33,43.11,57.67,8.06
308.62,39.70,20.02,22.42,8.04,71.33,43.20,57.82,8.06
308.63,39.70,19.99,22.42,8.04,71.33,43.20,57.82,8.07
308.64,39.70,19.99,22.42,8.04,71.33,43.20,57.67,8.07
308.65,39.70,20.02,22.42,8.04,71.33,43.11,57.82,8.07
308.66,39.70,20.02,22.46,8.04,71.33,43.11,57.82,8.07
308.67,39.70,19.99,22.42,8.04,71.33,43.11,57.82,8.07
308.68,39.70,20.02,22.42,8.04,71.33,43.11,57.82,8.07
308.69,39.70,20.02,22.42,8.04,71.12,43.11,57.82,8.08
308.70,39.70,20.05,22.42,8.04,71.33,43.11,57.82,8.05
308.71,39.62,19.99,22.42,8.06,71.33,43.11,57.82,8.07
308.72,39.70,19.99,22.42,8.04,71.33,43.11,57.82,8.07
308.73,39.70,20.02,22.42,8.04,71.33,43.20,57.82,8.06
308.74,39.62,20.02,22.42,8.04,71.33,43.11,57.82,8.07
308.75,39.70,20.02,22.42,8.04,71.33,43.11,57.82,8.08
308.76,39.78,19.99,22.42,8.04,71.12,43.20,57.67,8.06
308.77,39.70,19.99,22.42,8.04,71.12,43.20,57.82,8.06
308.78,39.70,20.02,22.42,8.04,71.33,43.11,57.82,8.07
308.79,39.70,19.99,22.42,8.04,71.33,43.11,57.82,8.07
308.80,39.70,20.02,22.42,8.04,71.12,43.11,57.67,8.07
308.81,39.70,20.02,22.42,8.04,71.33,43.20,57.82,8.07
308.82,39.70,20.02,22.42,8.04,71.33,43.11,57.82,8.07
308.83,39.70,20.02,22.42,8.04,71.33,43.02,57.97,8.07
308.84,39.70,20.02,22.46,8.04,71.33,43.20,57.82,8.07
308.85,39.70,19.99,22.39,8.06,71.33,43.11,57.82,8.07
308.86,39.70,19.99,22.42,8.04,71.33,43.02,57.82,8.07
308.87,39.70,19.99,22.42,8.04,71.12,43.11,57.82,8.07
308.88,39.70,20.02,22.42,8.04,71.33,43.11,57.82,8.07
308.89,39.70,19.99,22.42,8.06,71.55,43.11,57.82,8.07
308.90,39.70,19.99,22.42,8.04,71.33,43.20,57.82,8.08
308.91,39.70,20.02,22.46,8.06,71.33,43.20,57.82,8.07
308.92,39.70,20.02,22.42,8.04,71.33,43.11,57.82,8.07
308.93,39.70,19.99,22.42,8.04,71.33,43.11,57.82,8.06
308.94,39.70,19.99,22.42,8.04,71.33,43.20,57.82,8.07
308.95,39.70,20.02,22.42,8.04,71.33,43.11,57.82,8.07
308.96,39.70,19.99,22.42,8.04,71.33,43.02,57.82,8.07
308.97,39.78,19.99,22.42,8.04,71.33,43.11,57.82,8.07
308.98,39.70,19.99,22.42,8.04,71.33,43.11,57.67,8.07
308.99,39.70,19.99,22.42,8.06,71.33,43.11,57.82,8.06
309.00,39.70,20.02,22.42,8.04,71.33,43.20,57.82,8.07
309.01,39.70,19.99,22.42,8.06,71.33,43.20,57.82,8.07
309.02,39.70,19.99,22.39,8.04,71.12,43.02,57.67,8.06
309.03,39.70,20.02,22.42,8.06,71.33,43.11,57.82,8.07
309.04,39.62,19.99,22.42,8.06,71.12,43.20,57.82,8.07
309.05,39.70,19.99,22.42,8.04,71.33,43.20,57.82,8.07
309.06,39.70,19.99,22.42,8.04,71.33,43.02,57.82,8.06
309.07,39.62,19.99,22.42,8.04,71.12,43.11,57.82,8.07
309.08,39.70,19.99,22.39,8.04,71.33,43.11,57.97,8.06
309.09,39.70,19.99,22.42,8.04,71.33,43.11,57.82,8.07
309.10,39.70,20.02,22.42,8.04,71.33,43.11,57.82,8.07
309.11,39.70,19.99,22.42,8.04,71.33,43.20,57.82,8.06
309.12,39.70,19.99,22.42,8.04,71.33,43.20,57.82,8.06
309.13,39.70,19.99,22.46,8.04,71.33,43.11,57.82,8.07
309.14,39.62,19.99,22.42,8.06,71.55,43.11,57.82,8.07
309.15,39.70,19.99,22.42,8.04,71.55,43.20,57.82,8.06
309.16,39.62,20.02,22.42,8.04,71.33,43.11,57.67,8.07
309.17,39.70,20.02,22.42,8.04,71.33,43.11,57.82,8.07
309.18,39.70,19.99,22.46,8.04,71.55,43.11,57.82,8.07
309.19,39.70,19.99,22.42,8.04,71.33,43.11,57.82,8.06
309.20,39.70,19.99,22.42,8.04,71.12,43.11,57.82,8.08
309.21,39.70,19.99,22.42,8.04,71.12,43.20,57.82,8.08
309.22,39.70,20.02,22.39,8.04,71.33,43.11,57.82,8.07
309.23,39.70,19.99,22.46,8.04,71.33,43.11,57.82,8.07
309.24,39.70,19.99,22.42,8.04,71.33,43.20,57.82,8.07
309.25,39.70,19.99,22.42,8.04,71.12,43.11,57.67,8.07
309.26,39.70,19.99,22.42,8.04,71.12,43.11,57.82,8.06
309.27,39.70,19.99,22.42,8.04,71.33,43.11,57.82,8.06
309.28,39.70,20.02,22.42,8.04,71.33,43.20,57.82,8.07
309.29,39.70,19.99,22.42,8.04,71.33,43.11,57.82,8.07
309.30,39.70,19.99,22.42,8.04,71.33,43.20,57.82,8.06
309.31,39.70,19.99,22.42,8.04,71.12,43.11,57.67,8.07
309.32,39.70,19.99,22.42,8.04,71.12,43.02,57.82,8.07
309.33,39.70,20.02,22.42,8.04,71.12,43.11,57.67,8.07
309.34,39.70,20.02,22.39,8.04,71.33,43.11,57.82,8.07
309.35,39.70,20.02,22.42,8.04,71.33,43.11,57.82,8.07
309.36,39.70,19.99,22.42,8.04,71.33,43.02,57.82,8.06
309.37,39.70,20.05,22.42,8.04,71.33,43.11,57.67,8.07
309.38,39.70,19.99,22.42,8.04,71.33,43.11,57.82,8.07
309.39,39.70,19.99,22.39,8.04,71.33,43.11,57.67,8.07
309.40,39.70,20.02,22.42,8.04,71.33,43.11,57.82,8.07
309.41,39.70,20.02,22.42,8.04,71.33,43.11,57.82,8.07
309.42,39.70,19.99,22.42,8.04,71.12,43.11,57.82,8.06
309.43,39.62,19.99,22.42,8.06,71.33,43.11,57.82,8.08
309.44,39.70,19.99,22.42,8.04,71.33,43.11,57.82,8.07
309.45,39.70,19.99,22.42,8.04,71.12,43.11,57.67,8.07
309.46,39.70,19.99,22.42,8.06,71.33,43.11,57.82,8.06
309.47,39.70,19.99,22.42,8.04,71.33,43.11,57.82,8.07
309.48,39.62,19.99,22.39,8.04,71.33,43.11,57.82,8.07
309.49,39.70,19.99,22.42,8.04,71.33,43.11,57.82,8.07
309.50,39.62,19.99,22.42,8.04,71.33,43.20,57.82,8.06
309.51,39.70,19.99,22.39,8.04,71.33,43.02,57.82,8.06
309.52,39.70,20.02,22.42,8.04,71.33,43.20,57.82,8.06
309.53,39.70,19.99,22.42,8.06,71.33,43.11,57.82,8.07
309.54,39.62,20.02,22.42,8.04,71.12,43.02,57.82,8.07
309.55,39.62,19.99,22.39,8.04,71.33,43.11,57.82,8.06
309.56,39.70,19.99,22.42,8.04,71.12,43.11,57.67,8.07
309.57,39.70,19.99,22.42,8.06,71.12,43.11,57.82,8.06
309.58,39.62,19.99,22.42,8.04,71.33,43.11,57.82,8.07
309.59,39.62,19.99,22.42,8.06,71.33,43.20,57.82,8.06
309.60,39.70,19.99,22.42,8.04,71.33,43.11,57.82,8.07
309.61,39.62,19.96,22.42,8.06,71.12,43.02,57.82,8.06
309.62,39.78,20.02,22.39,8.04,71.33,43.11,57.82,8.06
309.63,39.62,19.99,22.42,8.04,71.33,43.11,57.82,8.08
309.64,39.62,19.99,22.42,8.04,71.33,43.11,57.82,8.07
309.65,39.70,19.99,22.46,8.06,71.33,43.11,57.82,8.07
309.66,39.70,19.99,22.39,8.04,71.12,43.11,57.82,8.07
309.67,39.70,19.99,22.39,8.04,71.33,43.11,57.82,8.06
309.68,39.62,19.99,22.42,8.04,71.55,43.11,57.82,8.07
309.69,39.70,19.99,22.42,8.04,71.12,43.02,57.82,8.07
309.70,39.62,20.02,22.42,8.04,71.12,43.11,57.82,8.07
309.71,39.70,19.99,22.42,8.06,71.33,43.11,57.82,8.06
309.72,39.62,19.99,22.42,8.04,71.55,43.11,57.82,8.07
309.73,39.70,19.99,22.39,8.04,71.12,43.02,57.67,8.08
309.74,39.70,20.02,22.39,8.04,71.33,43.11,57.67,8.06
309.75,39.62,19.99,22.42,8.04,71.33,43.20,57.82,8.07
309.76,39.62,19.99,22.42,8.04,71.33,43.02,57.67,8.06
309.77,39.62,19.99,22.42,8.04,71.33,43.11,57.82,8.06
309.78,39.70,19.99,22.42,8.06,71.33,43.11,57.82,8.07
309.79,39.70,19.99,22.39,8.04,71.33,43.11,57.53,8.06
309.80,39.70,20.02,22.42,8.04,71.33,43.11,57.82,8.07
309.81,39.70,20.02,22.39,8.04,71.33,43.11,57.82,8.07
309.82,39.70,20.02,22.39,8.04,71.33,43.11,57.82,8.07
309.83,39.62,19.99,22.42,8.04,71.33,43.11,57.82,8.07
309.84,39.62,20.05,22.42,8.04,71.33,43.20,57.82,8.07
309.85,39.70,19.99,22.42,8.04,71.12,43.20,57.82,8.06
309.86,39.70,19.99,22.42,8.04,71.33,43.11,57.82,8.07
309.87,39.70,19.99,22.42,8.06,71.33,43.02,57.82,8.07
309.88,39.62,19.99,22.42,8.04,71.12,43.11,57.82,8.07
309.89,39.70,20.02,22.42,8.06,71.33,43.11,57.97,8.07
309.90,39.62,19.99,22.42,8.04,71.33,43.11,57.82,8.07
309.91,39.70,19.99,22.42,8.04,71.12,43.11,57.82,8.07
309.92,39.70,19.99,22.42,8.06,71.33,43.02,57.82,8.06
309.93,39.62,19.99,22.42,8.04,71.33,43.11,57.82,8.07
309.94,39.70,20.02,22.39,8.04,71.33,43.11,57.82,8.07
309.95,39.70,19.99,22.42,8.04,71.33,43.11,57.82,8.06
309.96,39.62,19.99,22.42,8.04,71.33,43.11,57.82,8.07
309.97,39.70,19.99,22.42,8.04,71.12,43.11,57.82,8.07
309.98,39.70,19.99,22.39,8.04,71.33,43.20,57.82,8.07
309.99,39.70,19.99,22.39,8.04,71.33,43.11,57.82,8.07
310.00,39.62,19.99,22.42,8.04,71.33,43.11,57.82,8.08
310.01,39.70,20.02,22.42,8.04,71.33,43.20,57.82,8.07
310.02,39.62,20.02,22.42,8.04,71.33,43.11,57.82,8.06
310.03,39.62,19.99,22.42,8.04,71.33,43.20,57.82,8.06
310.04,39.70,20.02,22.42,8.04,71.33,43.11,57.82,8.07
310.05,39.70,19.99,22.39,8.04,71.33,43.02,57.97,8.06
310.06,39.70,19.99,22.39,8.04,71.12,43.02,57.82,8.07
310.07,39.70,19.99,22.39,8.06,71.33,43.11,57.67,8.06
310.08,39.70,20.02,22.42,8.04,71.33,43.11,57.82,8.06
310.09,39.70,19.99,22.42,8.04,71.33,43.11,57.82,8.07
310.10,39.70,19.99,22.39,8.04,71.33,43.20,57.82,8.06
310.11,39.62,19.99,22.39,8.04,71.12,43.11,57.82,8.07
310.12,39.70,19.99,22.39,8.04,71.12,43.20,57.67,8.06
310.13,39.62,19.99,22.42,8.04,71.33,43.11,57.67,8.06
310.14,39.70,19.99,22.42,8.04,71.33,43.20,57.82,8.07
310.15,39.62,20.02,22.39,8.04,71.33,43.11,57.67,8.08
310.16,39.62,20.02,22.39,8.06,71.33,43.11,57.82,8.07
310.17,39.62,20.02,22.42,8.04,71.33,43.11,57.82,8.07
310.18,39.62,19.99,22.42,8.04,71.33,43.11,57.82,8.07
310.19,39.70,19.99,22.42,8.04,71.33,43.11,57.82,8.07
310.20,39.62,19.99,22.39,8.04,71.33,43.11,57.82,8.06
310.21,39.70,19.99,22.39,8.04,71.12,43.02,57.82,8.06
310.22,39.70,19.99,22.39,8.04,71.12,43.20,57.82,8.06
310.23,39.70,19.99,22.39,8.04,71.33,43.11,57.82,8.08
310.24,39.70,20.02,22.42,8.04,71.33,43.20,57.82,8.07
310.25,39.62,19.99,22.42,8.04,71.12,43.11,57.82,8.07
310.27,39.70,19.99,22.46,8.04,71.33,43.11,57.82,8.06
310.28,39.70,20.02,22.39,8.04,71.33,43.11,57.67,8.06
310.29,39.62,19.99,22.42,8.04,71.33,43.11,57.67,8.07
310.30,39.62,19.99,22.39,8.04,71.12,43.20,57.82,8.06
310.31,39.62,19.99,22.42,8.04,71.12,43.11,57.82,8.06
310.32,39.70,20.02,22.42,8.04,71.12,43.20,57.67,8.07
310.33,39.70,19.99,22.39,8.04,71.12,43.20,57.82,8.08
310.34,39.70,19.99,22.39,8.04,71.33,43.11,57.82,8.07
310.35,39.70,20.02,22.42,8.04,71.33,43.11,57.67,8.06
310.36,39.62,19.99,22.39,8.04,71.12,43.11,57.82,8.07
310.37,39.62,20.02,22.42,8.04,71.33,43.11,57.67,8.07
310.38,39.62,19.99,22.39,8.04,71.33,43.11,57.82,8.07
310.39,39.62,19.99,22.42,8.06,71.33,43.11,57.82,8.07
310.40,39.70,20.02,22.39,8.04,71.33,43.11,57.67,8.07
310.41,39.62,19.99,22.42,8.04,71.12,43.11,57.82,8.07
310.42,39.70,19.99,22.39,8.04,71.12,43.11,57.82,8.07
310.43,39.70,19.99,22.39,8.04,71.12,43.11,57.82,8.07
310.44,39.70,19.99,22.39,8.04,71.33,43.11,57.67,8.06
310.45,39.70,19.99,22.42,8.04,71.33,43.20,57.67,8.07
310.46,39.70,19.99,22.42,8.04,71.33,43.20,57.67,8.06
310.47,39.62,19.99,22.42,8.04,71.12,43.11,57.82,8.07
310.48,39.62,20.02,22.42,8.04,71.33,43.11,57.82,8.07
310.49,39.62,20.02,22.42,8.04,71.33,43.11,57.53,8.07
310.50,39.70,20.02,22.42,8.04,71.12,43.11,57.82,8.06
310.51,39.70,19.99,22.39,8.04,71.12,43.11,57.82,8.06
310.52,39.62,19.99,22.39,8.04,71.33,43.11,57.82,8.06
310.53,39.70,19.99,22.39,8.04,71.33,43.11,57.82,8.07
310.54,39.62,19.99,22.39,8.06,71.12,43.11,57.82,8.06
310.55,39.70,19.99,22.39,8.04,71.33,43.11,57.82,8.07
310.56,39.62,19.99,22.42,8.04,71.12,43.11,57.82,8.07
310.57,39.70,19.99,22.39,8.04,71.33,43.20,57.82,8.07
310.58,39.62,19.99,22.39,8.04,71.33,43.20,57.82,8.06
310.59,39.70,20.02,22.39,8.04,71.12,43.11,57.82,8.07
310.60,39.62,19.99,22.42,8.06,71.33,43.11,57.82,8.07
310.61,39.70,19.96,22.42,8.04,71.33,43.02,57.67,8.08
310.62,39.62,20.02,22.42,8.04,71.12,43.11,57.82,8.07
310.63,39.62,19.99,22.42,8.06,71.33,43.11,57.82,8.07
310.64,39.62,19.99,22.39,8.06,71.33,43.02,57.82,8.08
310.65,39.70,20.02,22.42,8.04,71.12,43.11,57.82,8.07
310.66,39.62,19.99,22.42,8.06,71.12,43.11,57.82,8.07
310.67,39.70,19.96,22.39,8.04,71.33,43.11,57.82,8.06
310.68,39.70,19.96,22.39,8.04,71.33,43.20,57.82,8.08
310.69,39.62,19.99,22.39,8.04,71.33,43.11,57.82,8.07
310.70,39.62,20.02,22.39,8.04,71.12,43.02,57.82,8.07
310.71,39.70,19.99,22.39,8.04,71.33,43.11,57.82,8.07
310.72,39.62,19.99,22.39,8.04,71.12,43.11,57.67,8.07
310.73,39.62,19.99,22.39,8.04,71.33,43.02,57.67,8.06
310.74,39.62,19.99,22.42,8.06,71.12,43.02,57.82,8.06
310.75,39.70,20.02,22.39,8.04,71.12,43.11,57.82,8.07
310.76,39.70,19.99,22.39,8.04,71.33,43.11,57.82,8.06
310.77,39.62,19.99,22.39,8.04,71.33,43.20,57.82,8.07
310.78,39.62,19.99,22.39,8.04,71.12,43.02,57.82,8.07
310.79,39.62,19.99,22.39,8.04,71.33,43.20,57.82,8.07
310.80,39.62,19.99,22.39,8.04,71.33,43.11,57.82,8.07
310.81,39.70,19.99,22.39,8.04,71.12,43.11,57.82,8.06
310.82,39.62,19.99,22.42,8.04,71.33,43.11,57.82,8.07
310.83,39.62,19.99,22.39,8.04,71.33,43.11,57.82,8.06
310.84,39.78,20.02,22.39,8.04,71.33,43.20,57.67,8.08
310.85,39.62,19.99,22.39,8.04,71.12,43.11,57.82,8.07
310.86,39.70,19.99,22.42,8.04,71.12,43.20,57.82,8.06
310.87,39.62,20.02,22.39,8.06,71.33,43.11,57.82,8.07
310.88,39.62,19.99,22.35,8.06,71.33,43.11,57.82,8.07
310.89,39.62,19.99,22.39,8.04,71.12,43.11,57.67,8.08
310.90,39.70,19.99,22.39,8.04,71.33,43.11,57.67,8.07
310.91,39.70,19.99,22.39,8.06,71.12,43.20,57.82,8.07
310.92,39.62,20.02,22.42,8.04,71.12,43.20,57.67,8.08
310.93,39.62,20.02,22.39,8.04,71.55,43.11,57.82,8.07
310.94,39.62,19.99,22.39,8.04,71.33,43.11,57.67,8.07
310.95,39.62,20.02,22.42,8.04,71.33,43.11,57.67,8.07
310.96,39.62,19.99,22.42,8.04,71.12,43.11,57.82,8.07
310.97,39.62,19.99,22.39,8.04,71.33,43.11,57.82,8.07
310.98,39.62,19.99,22.42,8.04,71.33,43.11,57.53,8.07
310.99,39.62,19.99,22.39,8.04,71.33,43.11,57.82,8.07
311.00,39.62,19.99,22.42,8.06,71.12,43.20,57.82,8.06
311.01,39.62,19.99,22.39,8.06,71.12,43.11,57.82,8.06
311.02,39.70,20.02,22.39,8.04,71.12,43.20,57.67,8.06
311.03,39.70,19.99,22.42,8.04,71.33,43.20,57.82,8.07
311.04,39.54,19.99,22.42,8.04,71.33,43.20,57.82,8.07
311.05,39.62,19.99,22.39,8.04,71.12,43.11,57.82,8.06
311.06,39.62,19.99,22.42,8.06,71.33,43.11,57.67,8.06
311.07,39.62,19.99,22.39,8.04,71.33,43.20,57.82,8.07
311.08,39.70,19.99,22.39,8.04,71.33,43.11,57.82,8.07
311.09,39.62,19.99,22.39,8.06,71.12,43.11,57.82,8.07
311.10,39.62,19.99,22.39,8.04,71.33,43.11,57.82,8.07
311.11,39.62,19.99,22.42,8.04,71.12,43.11,57.67,8.06
311.12,39.62,19.99,22.39,8.04,71.33,43.11,57.82,8.07
311.13,39.62,19.99,22.39,8.04,71.12,43.11,57.82,8.06
311.14,39.62,20.02,22.39,8.04,71.33,43.11,57.82,8.07
311.15,39.62,19.99,22.39,8.06,71.33,43.11,57.82,8.07
311.16,39.62,19.99,22.39,8.04,71.33,43.11,57.82,8.07
311.17,39.70,20.02,22.39,8.04,71.33,43.11,57.67,8.07
311.18,39.62,19.99,22.42,8.04,71.12,43.11,57.82,8.08
311.19,39.70,20.05,22.39,8.04,71.33,43.11,57.67,8.06
311.20,39.62,20.02,22.39,8.06,71.12,43.11,57.82,8.06
311.21,39.62,19.99,22.39,8.04,71.33,43.11,57.82,8.06
311.22,39.62,20.02,22.39,8.04,71.33,43.11,57.82,8.07
311.23,39.62,20.02,22.42,8.04,71.12,43.11,57.82,8.07
311.24,39.62,19.99,22.42,8.04,71.33,43.11,57.82,8.07
311.25,39.62,19.99,22.42,8.04,71.12,43.20,57.82,8.07
311.26,39.62,19.99,22.39,8.04,71.33,43.11,57.82,8.07
311.27,39.62,19.99,22.42,8.06,71.33,43.20,57.67,8.08
311.28,39.62,19.99,22.42,8.04,71.33,43.11,57.82,8.06
311.29,39.62,19.99,22.39,8.04,71.12,43.11,57.82,8.06
311.30,39.70,19.99,22.42,8.04,71.33,43.11,57.82,8.07
311.31,39.62,19.99,22.39,8.06,71.12,43.02,57.82,8.07
311.32,39.70,19.99,22.39,8.04,71.33,43.11,57.67,8.06
311.33,39.62,19.99,22.39,8.04,71.33,43.20,57.82,8.07
311.34,39.62,19.99,22.42,8.04,71.33,43.20,57.82,8.07
311.35,39.62,19.99,22.42,8.04,71.33,43.11,57.82,8.07
311.36,39.62,19.99,22.39,8.06,71.33,43.20,57.82,8.07
311.37,39.62,19.99,22.42,8.04,71.12,43.11,57.82,8.07
311.38,39.62,19.99,22.39,8.06,71.12,43.11,57.67,8.07
311.39,39.62,19.99,22.39,8.04,71.33,43.11,57.82,8.07
311.40,39.62,19.99,22.39,8.04,71.33,43.11,57.82,8.07
311.41,39.62,19.99,22.42,8.04,71.33,43.11,57.82,8.07
311.42,39.62,19.99,22.39,8.04,71.33,43.11,57.82,8.07
311.43,39.70,20.02,22.42,8.04,71.33,43.11,57.82,8.07
311.44,39.62,19.99,22.39,8.04,71.12,43.11,57.67,8.07
311.45,39.62,19.99,22.42,8.04,71.12,43.11,57.82,8.07
311.46,39.62,19.99,22.39,8.04,71.33,43.11,57.67,8.06
311.47,39.62,19.99,22.42,8.04,71.33,43.11,57.82,8.07
311.48,39.70,20.02,22.39,8.06,71.12,43.20,57.67,8.06
311.49,39.62,19.99,22.39,8.06,71.33,43.20,57.82,8.06
311.50,39.62,19.99,22.39,8.04,71.12,43.20,57.67,8.07
311.51,39.62,19.99,22.39,8.04,71.33,43.20,57.82,8.07
311.52,39.62,20.02,22.39,8.04,71.12,43.11,57.67,8.06
311.53,39.62,19.99,22.39,8.04,71.12,43.02,57.67,8.06
311.54,39.62,20.02,22.39,8.04,71.33,43.11,57.82,8.07
311.55,39.62,19.99,22.39,8.04,71.12,43.11,57.67,8.07
311.56,39.62,19.99,22.42,8.06,71.33,43.11,57.82,8.07
311.57,39.62,19.99,22.39,8.04,71.33,43.11,57.67,8.07
311.58,39.62,20.02,22.39,8.04,71.12,43.20,57.82,8.06
311.59,39.62,19.99,22.42,8.04,71.12,43.20,57.67,8.07
311.60,39.62,19.99,22.42,8.04,71.12,43.11,57.82,8.07
311.61,39.62,19.99,22.42,8.04,71.12,43.11,57.67,8.08
311.62,39.70,20.02,22.39,8.06,71.12,43.02,57.82,8.08
311.63,39.62,20.02,22.42,8.04,71.12,43.11,57.67,8.06
311.64,39.62,19.99,22.42,8.04,71.12,43.11,57.82,8.07
311.65,39.62,20.02,22.39,8.04,71.12,43.29,57.82,8.07
311.66,39.62,20.02,22.39,8.04,71.33,43.11,57.82,8.07
311.67,39.70,19.99,22.42,8.04,71.33,43.20,57.82,8.07
311.68,39.62,19.99,22.39,8.04,71.33,43.20,57.82,8.07
311.69,39.62,19.99,22.39,8.04,71.33,43.11,57.82,8.07
311.70,39.62,19.99,22.39,8.04,71.12,43.11,57.82,8.06
311.71,39.62,19.99,22.39,8.04,71.12,43.11,57.67,8.08
311.72,39.70,20.02,22.39,8.04,71.33,43.11,57.82,8.07
311.73,39.62,19.99,22.42,8.04,71.12,43.11,57.82,8.07
311.74,39.62,19.99,22.39,8.04,71.12,43.20,57.82,8.06
311.75,39.62,19.99,22.39,8.06,71.33,43.11,57.82,8.07
311.76,39.62,19.99,22.39,8.04,71.12,43.11,57.67,8.06
311.77,39.62,19.99,22.39,8.04,71.33,43.20,57.82,8.07
311.78,39.62,19.99,22.39,8.04,71.33,43.11,57.82,8.07
311.79,39.62,20.02,22.42,8.04,71.33,43.11,57.82,8.08
311.80,39.62,20.05,22.42,8.04,71.33,43.11,57.82,8.08
311.81,39.62,19.99,22.42,8.04,71.33,43.20,57.67,8.07
311.82,39.62,20.02,22.42,8.04,71.33,43.20,57.67,8.06
311.83,39.62,20.02,22.39,8.04,71.12,43.20,57.67,8.07
311.84,39.62,19.99,22.39,8.04,71.33,43.20,57.82,8.07
311.85,39.62,19.99,22.39,8.04,71.33,43.11,57.67,8.07
311.86,39.62,19.99,22.39,8.04,71.12,43.20,57.82,8.07
311.87,39.62,19.99,22.39,8.04,71.12,43.20,57.82,8.07
311.88,39.62,19.99,22.39,8.04,71.33,43.11,57.82,8.07
311.89,39.70,19.99,22.42,8.04,71.33,43.20,57.67,8.07
311.90,39.62,19.99,22.39,8.04,71.33,43.20,57.67,8.06
311.91,39.62,19.99,22.39,8.04,71.12,43.02,57.67,8.07
311.92,39.62,19.99,22.39,8.04,71.12,43.11,57.82,8.06
311.93,39.62,19.99,22.39,8.04,71.12,43.11,57.67,8.06
311.94,39.62,19.99,22.39,8.04,71.12,43.11,57.67,8.06
311.95,39.62,19.99,22.39,8.04,71.12,43.11,57.82,8.08
311.96,39.62,19.99,22.42,8.04,71.33,43.11,57.82,8.08
311.97,39.70,19.99,22.39,8.04,71.33,43.11,57.82,8.06
311.98,39.62,19.99,22.42,8.04,71.33,43.20,57.67,8.07
311.99,39.62,19.99,22.39,8.04,71.12,43.20,57.67,8.07
312.00,39.62,19.99,22.42,8.04,71.33,43.11,57.82,8.07
312.01,39.54,19.99,22.39,8.04,71.33,43.11,57.82,8.06
312.02,39.70,19.99,22.39,8.04,71.33,43.20,57.67,8.06
312.03,39.70,20.02,22.39,8.04,71.33,43.11,57.67,8.07
312.04,39.62,20.02,22.39,8.04,71.33,43.11,57.82,8.07
312.05,39.62,19.99,22.39,8.04,71.33,43.20,57.67,8.06
312.06,39.70,20.02,22.39,8.04,71.33,43.02,57.82,8.08
312.07,39.62,19.99,22.42,8.04,71.33,43.20,57.82,8.07
312.08,39.62,19.99,22.39,8.04,71.33,43.11,57.82,8.06
312.09,39.62,20.02,22.39,8.04,71.12,43.11,57.82,8.07
312.10,39.62,20.02,22.39,8.04,71.12,43.11,57.82,8.07
312.11,39.62,19.99,22.39,8.06,71.55,43.11,57.67,8.06
312.12,39.62,19.99,22.39,8.06,71.33,43.11,57.67,8.07
312.13,39.62,19.99,22.39,8.04,71.33,43.20,57.82,8.08
312.14,39.62,19.99,22.39,8.04,71.33,43.11,57.82,8.07
312.15,39.62,20.02,22.39,8.04,71.12,43.11,57.67,8.06
312.16,39.62,19.99,22.39,8.04,71.33,43.20,57.53,8.07
312.17,39.70,20.02,22.39,8.04,71.12,43.11,57.97,8.08
312.18,39.62,19.96,22.39,8.04,71.33,43.11,57.53,8.06
312.19,39.62,19.99,22.39,8.04,71.12,43.11,57.82,8.07
312.20,39.62,19.96,22.42,8.04,71.12,43.11,57.82,8.07
312.21,39.62,19.99,22.39,8.04,71.33,43.11,57.67,8.06
312.22,39.62,19.99,22.39,8.04,71.12,43.02,57.67,8.07
312.23,39.62,19.99,22.39,8.04,71.12,43.20,57.82,8.07
312.24,39.62,19.99,22.39,8.04,71.33,43.11,57.67,8.07
312.25,39.62,19.99,22.42,8.04,71.12,43.11,57.82,8.07
312.26,39.62,19.99,22.39,8.04,71.33,43.11,57.82,8.07
312.27,39.62,19.99,22.39,8.04,71.12,43.11,57.82,8.07
312.28,39.62,19.99,22.39,8.04,71.33,43.11,57.82,8.06
312.29,39.62,19.99,22.39,8.04,71.33,43.11,57.67,8.07
312.30,39.62,19.99,22.39,8.04,71.33,43.11,57.82,8.07
312.31,39.62,19.99,22.42,8.04,71.33,43.20,57.67,8.08
312.32,39.62,19.99,22.42,8.04,71.12,43.11,57.82,8.07
312.33,39.62,19.99,22.39,8.04,71.33,43.11,57.82,8.08
312.34,39.62,20.02,22.39,8.04,71.33,43.11,57.82,8.07
312.35,39.62,19.99,22.39,8.04,71.12,43.11,57.82,8.07
312.36,39.62,19.99,22.39,8.04,71.33,43.20,57.67,8.08
312.37,39.62,19.99,22.39,8.04,71.12,43.20,57.82,8.07
312.38,39.62,19.99,22.35,8.06,71.12,43.11,57.82,8.06
312.39,39.62,19.99,22.39,8.06,71.12,43.11,57.82,8.07
312.40,39.62,19.99,22.39,8.04,71.33,43.11,57.82,8.08
312.41,39.62,19.99,22.39,8.04,71.12,43.11,57.82,8.07
312.42,39.62,19.99,22.39,8.04,71.33,43.11,57.67,8.07
312.43,39.62,19.96,22.39,8.04,71.33,43.11,57.82,8.07
312.44,39.62,19.99,22.39,8.04,71.12,43.11,57.82,8.06
312.45,39.62,19.99,22.39,8.04,71.12,43.11,57.82,8.07
312.46,39.62,19.99,22.39,8.04,71.12,43.11,57.82,8.07
312.47,39.62,19.99,22.39,8.04,71.33,43.11,57.82,8.08
312.48,39.62,19.99,22.39,8.06,71.12,43.20,57.67,8.07
312.49,39.62,19.99,22.35,8.04,71.33,43.11,57.82,8.06
312.50,39.62,19.99,22.39,8.04,71.12,43.11,57.67,8.07
312.51,39.62,20.02,22.39,8.04,71.33,43.11,57.82,8.07
312.52,39.62,19.99,22.35,8.04,71.33,43.11,57.82,8.06
312.53,39.62,19.99,22.39,8.04,71.33,43.11,57.82,8.08
312.54,39.62,20.02,22.39,8.04,71.12,43.11,57.67,8.07
312.55,39.62,20.02,22.39,8.04,71.12,43.20,57.67,8.08
312.56,39.62,19.99,22.39,8.04,71.33,43.11,57.67,8.07
312.57,39.62,19.99,22.39,8.04,71.12,43.11,57.67,8.07
312.58,39.62,19.99,22.39,8.04,71.33,43.11,57.67,8.07
312.59,39.62,19.99,22.39,8.04,71.33,43.11,57.67,8.07
312.60,39.70,20.02,22.39,8.04,71.33,43.11,57.67,8.07
312.61,39.62,20.02,22.39,8.04,71.12,43.20,57.82,8.06
312.62,39.62,19.99,22.39,8.04,71.12,43.20,57.67,8.07
312.63,39.54,19.99,22.39,8.04,71.33,43.20,57.82,8.07
312.64,39.62,19.99,22.39,8.04,71.33,43.20,57.82,8.07
312.65,39.62,19.99,22.39,8.04,71.12,43.11,57.67,8.06
312.66,39.62,19.99,22.39,8.06,71.33,43.20,57.82,8.08
312.67,39.62,19.99,22.35,8.04,71.33,43.11,57.82,8.06
312.68,39.62,19.99,22.39,8.04,71.33,43.11,57.82,8.07
312.69,39.62,19.99,22.35,8.04,71.33,43.11,57.67,8.07
312.70,39.62,19.99,22.39,8.04,71.33,43.11,57.67,8.06
312.71,39.62,19.99,22.39,8.04,71.33,43.02,57.82,8.07
312.72,39.62,19.99,22.35,8.04,71.12,43.11,57.82,8.06
312.73,39.62,20.02,22.39,8.04,71.12,43.11,57.67,8.06
312.74,39.62,19.99,22.39,8.04,71.12,43.20,57.67,8.08
312.75,39.54,19.96,22.42,8.04,71.12,43.02,57.67,8.06
312.76,39.62,19.96,22.39,8.04,71.33,43.20,57.82,8.06
312.77,39.62,19.99,22.35,8.04,71.12,43.20,57.82,8.07
312.78,39.62,20.02,22.39,8.04,71.33,43.11,57.82,8.06
312.79,39.62,19.99,22.39,8.04,71.12,43.20,57.67,8.08
312.80,39.62,19.99,22.39,8.06,71.12,43.11,57.67,8.07
312.81,39.62,19.99,22.39,8.04,71.12,43.20,57.67,8.07
312.82,39.62,19.96,22.39,8.04,71.33,43.11,57.82,8.07
312.83,39.62,19.99,22.39,8.04,71.33,43.11,57.82,8.07
312.84,39.62,19.96,22.39,8.04,71.12,43.11,57.82,8.07
312.85,39.62,20.02,22.39,8.04,71.12,43.11,57.82,8.07
312.86,39.62,19.96,22.35,8.04,71.12,43.11,57.67,8.06
312.87,39.62,19.96,22.39,8.06,71.33,43.11,57.67,8.06
312.88,39.62,20.02,22.35,8.04,71.33,43.20,57.67,8.07
312.89,39.62,19.99,22.39,8.04,71.33,43.11,57.82,8.07
312.90,39.62,19.99,22.39,8.04,71.33,43.11,57.82,8.07
312.91,39.62,19.96,22.39,8.04,71.33,43.20,57.82,8.07
312.92,39.62,19.99,22.39,8.06,71.33,43.20,57.82,8.07
312.93,39.62,19.99,22.39,8.04,71.12,43.11,57.82,8.07
312.94,39.62,19.99,22.39,8.04,71.12,43.11,57.67,8.07
312.95,39.62,19.96,22.39,8.04,71.33,43.02,57.67,8.07
312.96,39.62,19.99,22.39,8.04,71.12,43.11,57.82,8.07
312.97,39.62,19.99,22.39,8.06,71.33,43.11,57.82,8.07
312.98,39.54,19.99,22.39,8.04,71.33,43.11,57.67,8.07
312.99,39.54,19.96,22.35,8.04,71.33,43.11,57.82,8.07
313.00,39.62,20.02,22.39,8.04,71.33,43.11,57.82,8.07
313.01,39.62,20.02,22.39,8.04,71.12,43.11,57.67,8.07
313.02,39.62,19.96,22.39,8.04,71.33,43.11,57.67,8.07
313.03,39.62,19.99,22.39,8.04,71.33,43.02,57.82,8.07
313.04,39.62,19.99,22.39,8.06,71.33,43.20,57.82,8.07
313.05,39.62,19.99,22.39,8.04,71.12,43.11,57.67,8.07
313.06,39.54,19.99,22.39,8.04,71.33,43.11,57.67,8.07
313.07,39.62,19.99,22.39,8.04,71.12,43.20,57.67,8.07
313.08,39.62,19.99,22.39,8.04,71.12,43.11,57.67,8.07
313.09,39.62,19.99,22.39,8.04,71.33,43.11,57.82,8.07
313.10,39.54,20.02,22.39,8.04,71.33,43.20,57.82,8.06
313.11,39.62,20.02,22.35,8.04,71.12,43.02,57.82,8.07
313.12,39.62,19.99,22.39,8.04,71.33,43.20,57.82,8.07
313.13,39.62,19.99,22.39,8.04,71.12,43.11,57.82,8.07
313.14,39.54,19.99,22.39,8.04,71.12,43.11,57.67,8.07
313.15,39.62,19.99,22.39,8.04,71.12,43.11,57.67,8.07
313.16,39.54,19.99,22.35,8.04,71.12,43.11,57.67,8.07
313.17,39.62,19.99,22.39,8.06,71.12,43.11,57.67,8.05
313.18,39.54,19.99,22.35,8.04,71.33,43.11,57.82,8.07
313.19,39.54,20.02,22.39,8.04,71.12,43.11,57.82,8.08
313.20,39.62,19.99,22.39,8.04,71.12,43.20,57.82,8.07
313.21,39.62,20.02,22.39,8.04,71.33,43.20,57.82,8.08
313.22,39.62,19.99,22.39,8.04,71.33,43.11,57.67,8.07
313.23,39.62,19.99,22.39,8.04,71.12,43.11,57.67,8.06
313.24,39.46,19.99,22.39,8.04,71.33,43.11,57.67,8.07
313.25,39.62,19.99,22.42,8.04,71.12,43.11,57.67,8.07
313.26,39.62,19.99,22.35,8.04,71.33,43.11,57.82,8.06
313.27,39.54,20.02,22.39,8.04,71.12,43.20,57.67,8.07
313.28,39.62,20.02,22.39,8.04,71.33,43.20,57.67,8.06
313.29,39.62,19.99,22.39,8.04,71.12,43.11,57.82,8.06
313.30,39.62,19.99,22.39,8.04,71.12,43.11,57.82,8.07
313.31,39.62,19.99,22.39,8.04,71.55,43.11,57.82,8.07
313.32,39.54,19.99,22.39,8.04,71.33,43.11,57.67,8.07
313.33,39.62,20.02,22.39,8.04,71.33,43.02,57.67,8.07
313.34,39.62,19.99,22.39,8.04,71.33,43.20,57.82,8.06
313.35,39.62,20.02,22.35,8.04,71.12,43.11,57.82,8.06
313.36,39.62,20.02,22.35,8.04,71.12,43.11,57.67,8.06
313.37,39.62,19.96,22.35,8.04,71.12,43.20,57.97,8.07
313.38,39.62,19.99,22.39,8.04,71.12,43.11,57.97,8.07
313.39,39.62,19.99,22.39,8.04,71.33,43.11,57.82,8.07
313.40,39.62,20.02,22.39,8.04,71.12,43.11,57.82,8.07
313.41,39.62,19.99,22.39,8.04,71.12,43.11,57.82,8.07
313.42,39.62,20.02,22.39,8.04,71.33,43.11,57.67,8.07
313.43,39.54,19.99,22.39,8.04,71.33,43.11,57.82,8.07
313.44,39.62,19.99,22.39,8.04,71.12,43.20,57.67,8.06
313.45,39.54,19.99,22.39,8.06,71.12,43.11,57.82,8.07
313.46,39.62,19.99,22.39,8.04,71.12,43.11,57.67,8.06
313.47,39.62,19.99,22.39,8.04,71.33,43.20,57.82,8.06
313.48,39.54,19.99,22.39,8.04,71.12,43.11,57.82,8.07
313.49,39.62,19.99,22.39,8.04,71.12,43.20,57.53,8.08
313.50,39.62,19.99,22.39,8.06,71.12,43.11,57.82,8.07
313.51,39.62,19.99,22.39,8.04,71.12,43.11,57.82,8.07
313.52,39.62,19.99,22.35,8.04,71.12,43.11,57.67,8.07
313.53,39.54,19.99,22.39,8.04,71.12,43.20,57.67,8.07
313.54,39.62,20.02,22.39,8.04,71.12,43.20,57.67,8.06
313.55,39.62,19.99,22.39,8.04,71.33,43.11,57.67,8.07
313.56,39.46,20.02,22.39,8.04,71.12,43.11,57.67,8.07
313.57,39.62,19.99,22.39,8.04,71.12,43.11,57.82,8.07
313.58,39.54,19.99,22.39,8.04,71.12,43.11,57.82,8.07
313.59,39.54,20.02,22.35,8.04,71.12,43.11,57.82,8.08
313.60,39.62,19.99,22.35,8.04,71.12,43.11,57.67,8.08
313.61,39.62,19.99,22.39,8.04,71.12,43.11,57.82,8.07
313.62,39.62,19.99,22.39,8.04,71.12,43.11,57.67,8.07
313.63,39.54,19.96,22.39,8.04,71.12,43.02,57.67,8.07
313.64,39.54,19.96,22.39,8.04,71.33,43.20,57.67,8.07
313.65,39.54,19.99,22.39,8.06,71.33,43.11,57.67,8.06
313.66,39.62,19.99,22.39,8.04,71.12,43.11,57.67,8.07
313.67,39.54,19.99,22.39,8.04,71.12,43.11,57.67,8.07
313.68,39.62,19.99,22.39,8.06,71.12,43.20,57.82,8.07
313.69,39.54,19.99,22.39,8.04,71.12,43.11,57.67,8.06
313.70,39.62,19.99,22.39,8.04,71.33,43.20,57.67,8.07
313.71,39.62,20.02,22.35,8.06,71.12,43.20,57.82,8.07
313.72,39.62,19.96,22.35,8.04,71.33,43.11,57.82,8.07
313.73,39.54,19.99,22.39,8.04,71.33,43.11,57.82,8.07
313.74,39.54,19.99,22.35,8.04,71.12,43.11,57.82,8.07
313.75,39.62,19.99,22.39,8.04,71.33,43.11,57.82,8.07
313.76,39.62,19.99,22.39,8.04,71.33,43.11,57.82,8.06
313.77,39.62,19.99,22.35,8.04,71.33,43.11,57.82,8.07
313.78,39.54,19.99,22.35,8.04,71.33,43.20,57.82,8.07
313.79,39.62,19.99,22.35,8.04,71.12,43.20,57.67,8.06
313.80,39.62,19.99,22.39,8.04,71.12,43.11,57.82,8.07
313.81,39.62,20.02,22.35,8.04,71.12,43.11,57.67,8.07
313.82,39.62,19.99,22.35,8.04,71.33,43.11,57.67,8.06
313.83,39.54,19.99,22.39,8.04,71.12,43.11,57.82,8.06
313.84,39.54,19.96,22.35,8.04,71.12,43.20,57.67,8.07
313.85,39.62,19.99,22.39,8.04,71.33,43.11,57.67,8.07
313.86,39.62,19.99,22.35,8.04,71.33,43.20,57.67,8.07
313.87,39.62,20.02,22.39,8.04,71.12,43.11,57.67,8.07
313.88,39.62,19.99,22.35,8.04,71.12,43.20,57.82,8.06
313.89,39.54,19.99,22.39,8.04,71.12,43.11,57.82,8.07
313.90,39.62,19.99,22.39,8.04,71.12,43.11,57.82,8.07
313.91,39.62,20.02,22.35,8.04,71.12,43.20,57.82,8.07
313.92,39.54,20.02,22.39,8.04,71.12,43.20,57.82,8.06
313.93,39.62,19.99,22.35,8.04,71.12,43.20,57.67,8.07
313.94,39.62,19.99,22.35,8.04,71.12,43.11,57.67,8.06
313.95,39.54,19.99,22.39,8.04,71.12,43.20,57.82,8.08
313.96,39.62,19.99,22.39,8.04,71.12,43.11,57.82,8.06
313.97,39.62,19.99,22.39,8.04,71.12,43.20,57.67,8.07
313.98,39.54,19.99,22.35,8.04,71.12,43.20,57.82,8.06
313.99,39.54,19.99,22.35,8.04,71.12,43.11,57.67,8.07
314.00,39.54,19.99,22.39,8.04,71.12,43.11,57.67,8.07
314.01,39.54,19.99,22.39,8.06,71.12,43.11,57.67,8.07
314.02,39.54,19.96,22.35,8.04,71.33,43.11,57.82,8.07
314.03,39.54,19.99,22.39,8.04,71.12,43.20,57.67,8.07
314.04,39.54,20.02,22.35,8.04,71.33,43.11,57.82,8.07
314.05,39.62,19.99,22.35,8.04,71.12,43.11,57.82,8.07
314.06,39.62,19.99,22.35,8.04,71.12,43.11,57.67,8.06
314.07,39.54,19.96,22.39,8.04,71.12,43.11,57.82,8.07
314.08,39.54,19.99,22.39,8.04,71.33,43.11,57.82,8.06
314.09,39.54,19.99,22.35,8.04,71.33,43.20,57.67,8.06
314.10,39.54,20.02,22.39,8.04,71.12,43.20,57.82,8.07
314.11,39.54,19.99,22.35,8.04,71.33,42.92,57.67,8.07
314.12,39.54,19.99,22.39,8.04,71.33,43.11,57.82,8.07
314.13,39.62,19.96,22.35,8.04,71.12,43.11,57.82,8.07
314.14,39.62,19.99,22.39,8.04,71.33,43.11,57.82,8.07
314.15,39.54,20.02,22.39,8.04,71.12,43.11,57.67,8.07
314.16,39.54,19.99,22.35,8.04,71.12,43.11,57.82,8.08
314.17,39.62,20.02,22.39,8.04,71.12,43.20,57.67,8.07
314.18,39.54,19.96,22.35,8.04,71.12,43.11,57.82,8.07
314.19,39.54,19.99,22.39,8.04,71.12,43.11,57.67,8.07
314.20,39.62,20.02,22.39,8.04,71.33,43.20,57.67,8.07
314.21,39.54,19.99,22.39,8.04,71.12,43.11,57.67,8.07
314.22,39.54,19.99,22.39,8.04,71.12,43.20,57.82,8.08
314.23,39.54,19.99,22.39,8.04,71.12,43.11,57.82,8.06
314.24,39.62,19.99,22.35,8.04,71.33,43.20,57.82,8.06
314.25,39.54,19.99,22.39,8.06,71.12,43.11,57.82,8.07
314.26,39.54,19.99,22.35,8.04,71.33,43.11,57.82,8.07
314.27,39.62,19.99,22.35,8.06,71.12,43.11,57.82,8.06
314.28,39.54,19.99,22.35,8.04,71.12,43.11,57.82,8.07
314.29,39.54,19.99,22.39,8.04,71.33,43.11,57.82,8.07
314.30,39.54,19.99,22.35,8.04,71.12,43.11,57.82,8.07
314.31,39.54,19.99,22.35,8.04,71.12,43.11,57.67,8.07
314.32,39.54,20.02,22.39,8.04,71.12,43.20,57.82,8.07
314.33,39.54,19.99,22.35,8.04,71.12,43.20,57.82,8.07
314.34,39.54,19.99,22.39,8.04,71.33,43.11,57.82,8.06
314.35,39.70,19.99,22.35,8.04,71.33,43.11,57.67,8.07
314.36,39.46,19.99,22.35,8.04,71.12,43.20,57.67,8.07
314.39,39.62,19.99,22.39,8.04,71.12,43.11,57.82,8.07
314.39,39.54,19.99,22.39,8.04,71.12,43.11,57.67,8.07
314.40,39.62,19.99,22.35,8.04,71.12,43.11,57.67,8.06
314.41,39.62,19.99,22.39,8.04,71.12,43.11,57.67,8.07
314.42,39.54,19.99,22.35,8.04,71.12,43.20,57.67,8.07
314.43,39.62,19.99,22.35,8.04,71.33,43.20,57.67,8.07
314.44,39.54,19.99,22.39,8.04,71.33,43.20,57.82,8.07
314.45,39.54,19.99,22.35,8.04,71.12,43.11,57.82,8.07
314.46,39.62,19.99,22.39,8.04,71.12,43.11,57.67,8.07
314.47,39.54,20.02,22.32,8.04,71.12,43.11,57.67,8.07
314.48,39.54,20.02,22.35,8.04,71.12,43.20,57.82,8.07
314.49,39.54,19.99,22.39,8.04,71.12,43.20,57.67,8.07
314.50,39.54,19.99,22.39,8.04,71.12,43.11,57.82,8.07
314.51,39.62,19.99,22.35,8.04,71.12,43.20,57.82,8.08
314.52,39.54,19.99,22.39,8.04,71.12,43.11,57.67,8.07
314.53,39.62,19.99,22.35,8.04,71.12,43.11,57.82,8.06
314.54,39.54,19.99,22.35,8.04,71.12,43.20,57.82,8.08
314.55,39.54,19.99,22.39,8.04,71.33,43.20,57.67,8.07
314.56,39.54,20.02,22.39,8.04,71.12,43.20,57.82,8.07
314.57,39.54,19.99,22.39,8.04,71.12,43.20,57.67,8.06
314.58,39.54,19.99,22.39,8.04,71.33,43.11,57.67,8.07
314.59,39.54,19.99,22.35,8.04,71.12,43.11,57.82,8.07
314.60,39.54,19.99,22.35,8.06,71.12,43.11,57.67,8.08
314.61,39.54,19.99,22.35,8.04,71.33,43.11,57.67,8.08
314.62,39.54,19.99,22.35,8.04,71.12,43.11,57.82,8.07
314.63,39.54,19.99,22.39,8.04,71.12,43.20,57.67,8.08
314.64,39.54,19.99,22.35,8.04,71.12,43.20,57.82,8.07
314.65,39.54,19.99,22.39,8.04,71.12,43.11,57.82,8.07
314.66,39.54,20.02,22.39,8.04,71.12,43.20,57.67,8.06
314.67,39.54,19.99,22.35,8.04,71.12,43.20,57.67,8.06
314.68,39.62,19.99,22.35,8.04,71.12,43.20,57.67,8.06
314.69,39.62,19.99,22.35,8.04,71.12,43.20,57.67,8.08
314.70,39.54,19.99,22.39,8.06,71.12,43.20,57.97,8.06
314.71,39.54,19.99,22.35,8.04,71.33,43.02,57.67,8.07
314.72,39.54,19.99,22.39,8.04,71.33,43.11,57.82,8.07
314.73,39.54,19.99,22.35,8.04,71.33,43.11,57.67,8.07
314.74,39.54,19.99,22.35,8.04,71.12,43.11,57.82,8.07
314.75,39.54,19.99,22.35,8.04,71.33,43.11,57.82,8.07
314.76,39.54,19.99,22.39,8.04,71.12,43.11,57.67,8.07
314.77,39.54,20.02,22.39,8.04,71.12,43.20,57.67,8.07
314.78,39.62,19.99,22.35,8.04,71.12,43.20,57.67,8.08
314.79,39.54,19.99,22.35,8.04,71.12,43.20,57.67,8.07
314.80,39.54,19.99,22.39,8.04,71.33,43.20,57.82,8.07
314.81,39.54,19.99,22.39,8.06,71.33,43.11,57.82,8.07
314.82,39.62,19.99,22.39,8.04,71.12,43.20,57.67,8.07
314.83,39.54,19.99,22.35,8.04,71.33,43.11,57.82,8.06
314.84,39.54,19.99,22.39,8.04,71.12,43.11,57.82,8.07
314.85,39.54,20.02,22.39,8.04,71.33,43.11,57.82,8.08
314.86,39.54,19.99,22.39,8.04,71.33,43.20,57.82,8.07
314.87,39.54,19.99,22.39,8.04,71.12,43.11,57.82,8.07
314.88,39.54,19.99,22.39,8.06,71.12,43.11,57.82,8.07
314.89,39.54,19.99,22.35,8.04,71.12,43.20,57.82,8.07
314.90,39.54,19.99,22.35,8.04,71.12,43.20,57.67,8.07
314.91,39.54,19.99,22.39,8.04,71.12,43.20,57.82,8.07
314.92,39.46,19.99,22.39,8.04,71.12,43.20,57.67,8.06
314.93,39.54,19.99,22.39,8.04,71.12,43.11,57.82,8.07
314.94,39.54,19.99,22.39,8.04,71.12,43.11,57.82,8.07
314.95,39.54,20.02,22.39,8.04,71.33,43.11,57.82,8.07
314.96,39.54,20.02,22.39,8.04,71.12,43.20,57.82,8.07
314.97,39.54,20.02,22.35,8.04,71.12,43.20,57.67,8.07
314.98,39.62,19.99,22.35,8.04,71.12,43.11,57.82,8.08
314.99,39.54,19.99,22.39,8.04,71.12,43.11,57.67,8.07
315.00,39.54,20.02,22.35,8.04,71.12,43.20,57.82,8.07
315.01,39.54,19.99,22.35,8.04,71.12,43.20,57.67,8.07
315.02,39.62,19.99,22.39,8.04,71.12,43.11,57.67,8.07
315.03,39.54,19.99,22.39,8.04,71.12,43.20,57.82,8.07
315.04,39.54,19.99,22.39,8.04,71.12,43.11,57.67,8.08
315.05,39.54,19.99,22.35,8.04,71.33,43.11,57.67,8.07
315.06,39.46,19.99,22.39,8.04,71.12,43.20,57.82,8.07
315.07,39.54,19.99,22.35,8.04,71.33,43.11,57.67,8.07
315.08,39.54,19.99,22.35,8.06,71.33,43.11,57.82,8.07
315.09,39.54,19.99,22.39,8.04,71.12,43.11,57.82,8.07
315.10,39.62,19.99,22.35,8.04,71.33,43.11,57.82,8.06
315.11,39.54,20.02,22.35,8.06,71.33,43.20,57.82,8.07
315.12,39.62,19.99,22.39,8.04,71.33,43.11,57.67,8.06
315.13,39.54,19.99,22.35,8.04,71.12,43.11,57.67,8.08
315.14,39.62,20.02,22.39,8.04,71.33,43.20,57.82,8.08
315.15,39.54,20.02,22.35,8.04,71.12,43.20,57.82,8.07
315.16,39.54,19.99,22.35,8.04,71.33,43.11,57.82,8.07
315.17,39.54,19.99,22.39,8.04,71.12,43.20,57.82,8.06
315.18,39.54,19.99,22.35,8.04,71.33,43.11,57.82,8.07
315.19,39.54,19.99,22.35,8.04,71.12,43.11,57.67,8.07
315.20,39.54,19.99,22.35,8.04,71.33,43.11,57.67,8.06
315.21,39.54,19.99,22.39,8.06,71.12,43.20,57.82,8.06
315.22,39.54,19.99,22.35,8.04,71.33,43.11,57.67,8.07
315.23,39.62,19.99,22.35,8.04,71.12,43.11,57.82,8.07
315.24,39.54,19.99,22.39,8.06,71.12,43.20,57.67,8.08
315.25,39.54,20.02,22.35,8.04,71.33,43.20,57.82,8.07
315.26,39.54,20.02,22.35,8.04,71.12,43.20,57.67,8.06
315.27,39.54,19.99,22.39,8.04,71.12,43.20,57.82,8.06
315.28,39.54,20.02,22.35,8.04,71.12,43.11,57.82,8.06
315.29,39.54,19.99,22.35,8.04,71.33,43.11,57.67,8.07
315.30,39.54,19.99,22.35,8.04,71.12,43.11,57.82,8.07
315.31,39.54,19.99,22.35,8.04,71.12,43.20,57.82,8.07
315.32,39.54,19.99,22.39,8.04,71.33,43.20,57.82,8.07
315.33,39.54,19.99,22.35,8.06,71.33,43.20,57.82,8.08
315.34,39.54,19.99,22.35,8.04,71.12,43.11,57.82,8.06
315.35,39.54,19.99,22.35,8.06,71.33,43.20,57.67,8.07
315.36,39.54,20.05,22.39,8.04,71.12,43.11,57.82,8.07
315.37,39.54,19.99,22.35,8.04,71.33,43.20,57.82,8.07
315.38,39.46,19.99,22.35,8.04,71.33,43.11,57.82,8.07
315.39,39.54,20.02,22.39,8.04,71.12,43.20,57.67,8.07
315.40,39.54,19.99,22.35,8.06,71.12,43.20,57.67,8.07
315.41,39.62,19.99,22.35,8.04,71.12,43.20,57.82,8.07
315.42,39.62,20.02,22.39,8.04,71.12,43.20,57.82,8.07
315.43,39.62,20.02,22.35,8.06,71.12,43.02,57.67,8.07
315.44,39.54,20.02,22.35,8.04,71.12,43.11,57.82,8.08
315.45,39.54,19.96,22.39,8.06,71.12,43.29,57.67,8.06
315.46,39.54,19.99,22.35,8.04,71.12,43.20,57.67,8.06
315.47,39.54,19.99,22.39,8.04,71.12,43.20,57.67,8.07
315.48,39.54,19.99,22.35,8.04,71.12,43.11,57.67,8.07
315.49,39.54,20.02,22.35,8.04,71.12,43.11,57.82,8.06
315.50,39.54,19.99,22.35,8.04,71.33,43.20,57.82,8.07
315.51,39.54,19.99,22.35,8.04,71.12,43.20,57.67,8.08
315.52,39.54,19.99,22.39,8.04,71.33,43.11,57.82,8.07
315.53,39.54,19.99,22.35,8.04,71.12,43.20,57.67,8.07
315.54,39.54,19.99,22.39,8.04,71.12,43.11,57.67,8.07
315.55,39.54,19.99,22.39,8.04,71.12,43.20,57.82,8.07
315.56,39.62,19.99,22.35,8.04,71.12,43.20,57.82,8.07
315.57,39.46,19.99,22.39,8.04,71.12,43.20,57.82,8.08
315.58,39.70,19.99,22.35,8.04,71.12,43.11,57.82,8.07
315.59,39.54,19.99,22.35,8.04,71.33,43.20,57.67,8.07
315.60,39.54,19.99,22.35,8.04,71.12,43.20,57.82,8.06
315.61,39.54,19.99,22.39,8.06,71.12,43.11,57.82,8.07
315.62,39.54,19.99,22.35,8.04,71.12,43.20,57.82,8.07
315.63,39.54,19.99,22.35,8.04,71.33,43.11,57.67,8.07
315.64,39.46,19.99,22.35,8.04,71.33,43.11,57.82,8.08
315.65,39.54,19.99,22.39,8.04,70.91,43.11,57.82,8.08
315.66,39.54,19.99,22.35,8.06,71.55,43.20,57.67,8.07
315.67,39.54,19.99,22.39,8.04,71.33,43.11,57.82,8.07
315.68,39.54,19.99,22.39,8.04,71.12,43.20,57.67,8.07
315.69,39.54,19.99,22.35,8.04,71.12,43.20,57.53,8.07
315.70,39.54,19.99,22.35,8.06,71.12,43.11,57.82,8.07
315.71,39.54,19.99,22.35,8.04,71.12,43.20,57.53,8.07
315.72,39.54,19.99,22.39,8.04,71.12,43.20,57.53,8.07
315.73,39.54,19.99,22.35,8.04,71.33,43.11,57.82,8.08
315.74,39.62,20.02,22.35,8.04,71.12,43.11,57.82,8.07
315.75,39.54,19.99,22.32,8.04,71.33,43.20,57.67,8.07
315.76,39.54,19.99,22.35,8.04,71.12,43.11,57.67,8.08
315.77,39.54,20.02,22.35,8.06,71.12,43.11,57.82,8.07
315.78,39.54,19.99,22.35,8.04,71.12,43.11,57.82,8.07
315.79,39.54,19.99,22.35,8.04,71.33,43.20,57.82,8.07
315.80,39.54,19.99,22.39,8.04,71.12,43.20,57.67,8.07
315.81,39.54,19.99,22.35,8.04,71.33,43.20,57.67,8.07
315.82,39.54,20.02,22.35,8.06,71.33,43.20,57.67,8.07
315.83,39.54,20.02,22.35,8.04,71.12,43.20,57.67,8.07
315.84,39.54,20.02,22.39,8.06,71.12,43.11,57.67,8.07
315.85,39.54,19.99,22.35,8.04,71.12,43.11,57.67,8.08
315.86,39.54,19.99,22.35,8.04,71.12,43.11,57.82,8.07
315.87,39.54,19.99,22.32,8.04,71.12,43.20,57.67,8.08
315.88,39.54,19.99,22.35,8.04,71.12,43.11,57.82,8.07
315.89,39.54,19.99,22.39,8.06,71.12,43.20,57.82,8.07
315.90,39.54,19.99,22.32,8.04,71.33,43.11,57.67,8.07
315.91,39.54,20.02,22.39,8.04,71.12,43.20,57.82,8.08
315.92,39.62,20.02,22.35,8.04,71.12,43.20,57.67,8.07
315.93,39.62,19.99,22.35,8.06,71.12,43.11,57.67,8.07
315.94,39.54,19.99,22.35,8.04,71.12,43.20,57.82,8.07
315.95,39.54,19.99,22.35,8.04,71.12,43.11,57.82,8.08
315.96,39.54,19.99,22.35,8.04,71.12,43.20,57.82,8.07
315.97,39.54,19.99,22.35,8.06,71.12,43.20,57.82,8.06
315.98,39.54,19.99,22.39,8.06,71.12,43.11,57.67,8.07
315.99,39.54,19.99,22.39,8.04,71.12,43.20,57.82,8.07
316.00,39.54,19.99,22.35,8.04,71.12,43.20,57.67,8.07
316.01,39.54,19.99,22.35,8.04,71.33,43.20,57.67,8.06
316.02,39.54,19.99,22.35,8.04,71.12,43.11,57.82,8.07
316.03,39.54,19.99,22.32,8.04,71.33,43.20,57.67,8.07
316.04,39.62,20.02,22.39,8.04,71.12,43.11,57.67,8.07
316.05,39.54,20.02,22.39,8.04,71.33,43.20,57.67,8.08
316.06,39.54,19.99,22.35,8.04,71.12,43.20,57.67,8.06
316.07,39.54,19.99,22.39,8.06,71.12,43.20,57.82,8.08
316.08,39.54,20.02,22.39,8.04,71.12,43.20,57.82,8.07
316.09,39.54,19.99,22.39,8.04,71.33,43.20,57.67,8.07
316.10,39.54,19.99,22.35,8.04,71.33,43.20,57.67,8.07
316.11,39.54,20.02,22.35,8.04,71.12,43.11,57.67,8.07
316.12,39.46,19.96,22.35,8.04,71.12,43.20,57.67,8.06
316.13,39.54,19.99,22.35,8.04,71.12,43.11,57.67,8.06
316.14,39.54,19.99,22.35,8.06,71.12,43.11,57.82,8.07
316.15,39.54,19.99,22.35,8.04,71.33,43.20,57.82,8.08
316.16,39.54,20.02,22.35,8.04,71.12,43.20,57.67,8.07
316.17,39.54,19.99,22.39,8.04,71.33,43.20,57.67,8.07
316.18,39.54,19.99,22.35,8.04,71.12,43.11,57.82,8.07
316.19,39.62,19.99,22.35,8.04,71.12,43.20,57.67,8.07
316.20,39.54,20.02,22.35,8.04,71.12,43.20,57.67,8.07
316.21,39.54,20.02,22.39,8.04,71.12,43.11,57.82,8.07
316.22,39.54,19.99,22.35,8.04,71.12,43.11,57.82,8.07
316.23,39.54,19.99,22.39,8.04,71.12,43.20,57.67,8.07
316.24,39.54,19.99,22.35,8.04,71.12,43.11,57.82,8.07
316.25,39.62,19.99,22.35,8.06,71.12,43.11,57.82,8.07
316.26,39.54,19.99,22.35,8.04,71.12,43.20,57.67,8.07
316.27,39.54,20.02,22.35,8.04,71.12,43.11,57.67,8.07
316.28,39.54,19.99,22.35,8.04,71.12,43.11,57.67,8.08
316.29,39.54,19.99,22.35,8.04,71.12,43.11,57.67,8.07
316.30,39.54,19.99,22.35,8.04,71.12,43.20,57.82,8.07
316.31,39.54,19.99,22.35,8.04,71.12,43.11,57.67,8.07
316.32,39.54,20.02,22.35,8.04,71.12,43.20,57.67,8.07
316.33,39.54,19.99,22.39,8.04,71.12,43.20,57.82,8.07
316.34,39.54,20.02,22.35,8.04,71.12,43.11,57.67,8.07
316.35,39.54,19.99,22.35,8.04,71.12,43.11,57.82,8.07
316.36,39.54,19.99,22.39,8.04,71.12,43.11,57.67,8.07
316.37,39.54,19.99,22.35,8.04,71.12,43.20,57.67,8.07
316.38,39.54,20.02,22.35,8.04,71.33,43.11,57.82,8.07
316.39,39.54,20.02,22.35,8.06,71.33,43.20,57.67,8.07
316.40,39.54,19.99,22.35,8.04,71.12,43.20,57.67,8.07
316.41,39.54,19.99,22.35,8.04,71.12,43.11,57.82,8.07
316.42,39.54,20.02,22.35,8.04,71.33,43.11,57.67,8.08
316.43,39.46,19.99,22.39,8.06,71.12,43.11,57.67,8.07
316.44,39.54,19.99,22.35,8.04,71.12,43.20,57.82,8.07
316.45,39.54,19.99,22.39,8.06,71.12,43.20,57.82,8.07
316.46,39.54,19.99,22.35,8.04,71.12,43.20,57.67,8.07
316.47,39.54,19.99,22.35,8.04,71.33,43.20,57.82,8.07
316.48,39.54,19.99,22.39,8.04,71.12,43.20,57.82,8.07
316.49,39.54,19.99,22.35,8.04,71.12,43.20,57.67,8.07
316.50,39.54,20.02,22.35,8.04,71.33,43.11,57.82,8.07
316.51,39.54,20.02,22.35,8.04,71.12,43.29,57.67,8.07
316.52,39.54,19.99,22.39,8.04,71.33,43.20,57.82,8.07
316.53,39.54,20.02,22.35,8.04,71.33,43.11,57.82,8.07
316.54,39.54,19.96,22.35,8.04,71.12,43.11,57.82,8.07
316.55,39.62,19.99,22.35,8.04,71.12,43.20,57.67,8.07
316.56,39.54,20.02,22.35,8.04,71.12,43.20,57.67,8.07
316.57,39.54,19.99,22.35,8.04,71.12,43.20,57.82,8.06
316.58,39.54,19.99,22.35,8.04,71.12,43.20,57.67,8.07
316.59,39.54,19.99,22.35,8.04,71.12,43.20,57.67,8.07
316.60,39.54,19.99,22.35,8.04,71.12,43.20,57.67,8.07
316.61,39.54,19.99,22.39,8.06,71.12,43.11,57.67,8.07
316.62,39.54,19.99,22.35,8.04,71.12,43.20,57.67,8.07
316.63,39.54,20.02,22.39,8.04,71.33,43.20,57.67,8.08
316.64,39.62,19.99,22.35,8.04,71.12,43.11,57.82,8.07
316.65,39.54,20.02,22.35,8.04,71.33,43.20,57.82,8.07
316.66,39.54,19.99,22.35,8.04,71.12,43.20,57.67,8.07
316.67,39.62,19.99,22.39,8.06,71.12,43.20,57.67,8.07
316.68,39.54,19.99,22.35,8.04,71.12,43.20,57.82,8.08
316.69,39.46,19.99,22.35,8.04,71.12,43.20,57.67,8.07
316.70,39.54,19.99,22.35,8.04,71.12,43.20,57.67,8.07
316.71,39.54,20.02,22.35,8.04,71.12,43.20,57.67,8.07
316.72,39.54,19.99,22.35,8.04,71.12,43.20,57.67,8.08
316.73,39.54,19.99,22.35,8.04,71.12,43.20,57.67,8.06
316.74,39.54,20.02,22.35,8.04,71.12,43.11,57.82,8.07
316.75,39.62,20.02,22.35,8.06,71.12,43.20,57.82,8.07
316.76,39.46,20.02,22.35,8.04,71.12,43.20,57.82,8.07
316.77,39.54,19.99,22.39,8.04,71.12,43.11,57.67,8.07
316.78,39.54,19.99,22.35,8.04,71.33,43.20,57.67,8.07
316.79,39.54,19.99,22.32,8.04,71.12,43.20,57.82,8.07
316.80,39.54,19.99,22.39,8.04,71.12,43.20,57.82,8.08
316.81,39.54,19.99,22.35,8.04,71.33,43.02,57.67,8.07
316.82,39.54,19.99,22.35,8.04,71.12,43.11,57.67,8.07
316.83,39.54,19.99,22.35,8.04,71.12,43.20,57.67,8.07
316.84,39.46,20.02,22.35,8.04,71.33,43.11,57.82,8.07
316.85,39.54,19.99,22.35,8.06,71.12,43.20,57.82,8.08
316.86,39.54,19.99,22.35,8.04,71.33,43.11,57.67,8.07
316.87,39.54,19.99,22.35,8.04,71.12,43.11,57.82,8.07
316.88,39.54,20.02,22.35,8.04,71.12,43.20,57.67,8.07
316.89,39.46,20.02,22.35,8.04,71.12,43.20,57.67,8.07
316.90,39.54,19.99,22.35,8.04,71.12,43.11,57.82,8.07
316.91,39.54,20.02,22.35,8.04,71.12,43.20,57.53,8.07
316.92,39.54,19.99,22.35,8.04,71.12,43.20,57.82,8.07
316.93,39.54,20.02,22.39,8.04,71.12,43.11,57.82,8.08
316.94,39.46,20.02,22.35,8.04,71.12,43.20,57.82,8.06
316.95,39.54,19.99,22.35,8.04,71.12,43.11,57.82,8.07
316.96,39.54,20.02,22.35,8.04,71.12,43.20,57.67,8.07
316.97,39.46,19.99,22.35,8.06,71.12,43.11,57.67,8.07
316.98,39.54,19.99,22.35,8.04,71.12,43.20,57.82,8.07
316.99,39.54,20.05,22.35,8.04,71.33,43.20,57.67,8.07
317.00,39.54,19.99,22.35,8.04,71.12,43.20,57.82,8.07
317.01,39.54,19.99,22.35,8.06,71.12,43.20,57.82,8.07
317.02,39.54,19.99,22.35,8.04,71.12,43.20,57.82,8.07
317.03,39.54,19.99,22.35,8.04,71.12,43.20,57.82,8.07
317.04,39.54,19.99,22.35,8.04,71.12,43.20,57.67,8.08
317.05,39.54,20.02,22.39,8.04,71.12,43.20,57.82,8.07
317.06,39.54,20.02,22.35,8.04,71.12,43.20,57.82,8.07
317.07,39.54,20.05,22.35,8.06,71.12,43.20,57.82,8.07
317.08,39.54,19.99,22.35,8.04,71.12,43.20,57.67,8.07
317.09,39.54,20.02,22.35,8.04,71.12,43.20,57.67,8.07
317.10,39.54,19.99,22.35,8.06,71.12,43.20,57.67,8.07
317.11,39.54,20.02,22.35,8.06,71.12,43.20,57.67,8.07
317.12,39.54,20.02,22.32,8.04,71.12,43.20,57.67,8.07
317.13,39.54,19.99,22.39,8.06,71.12,43.29,57.67,8.07
317.14,39.54,19.99,22.35,8.04,71.12,43.20,57.82,8.07
317.15,39.54,20.02,22.39,8.04,71.33,43.11,57.82,8.07
317.16,39.54,19.99,22.35,8.04,71.12,43.11,57.67,8.08
317.17,39.46,19.99,22.35,8.04,71.12,43.20,57.82,8.07
317.18,39.54,19.99,22.35,8.04,71.33,43.20,57.67,8.06
317.19,39.54,20.02,22.32,8.04,71.33,43.20,57.67,8.07
317.20,39.54,19.99,22.35,8.04,71.12,43.20,57.67,8.07
317.21,39.46,19.99,22.35,8.04,71.12,43.20,57.82,8.07
317.22,39.54,19.99,22.35,8.04,71.12,43.20,57.82,8.07
317.23,39.54,19.99,22.35,8.06,71.12,43.20,57.67,8.07
317.24,39.46,19.99,22.35,8.04,71.12,43.11,57.67,8.06
317.25,39.54,19.99,22.35,8.04,71.33,43.11,57.67,8.07
317.26,39.54,19.99,22.32,8.04,71.12,43.20,57.67,8.07
317.27,39.54,19.99,22.32,8.04,71.12,43.11,57.67,8.08
317.28,39.54,20.02,22.35,8.04,71.33,43.20,57.82,8.06
317.29,39.54,20.02,22.35,8.06,70.91,43.20,57.67,8.08
317.30,39.54,19.99,22.35,8.06,71.12,43.11,57.82,8.07
317.31,39.54,19.99,22.35,8.04,71.12,43.20,57.67,8.07
317.32,39.54,20.02,22.35,8.04,71.12,43.20,57.82,8.07
317.33,39.54,19.99,22.35,8.04,71.12,43.11,57.67,8.07
317.34,39.54,19.99,22.35,8.04,71.12,43.11,57.67,8.07
317.35,39.54,20.02,22.35,8.04,71.12,43.20,57.82,8.07
317.36,39.54,19.99,22.35,8.04,71.12,43.11,57.67,8.06
317.37,39.54,19.99,22.35,8.04,71.12,43.20,57.67,8.07
317.38,39.54,19.99,22.35,8.06,71.12,43.20,57.67,8.07
317.39,39.54,19.99,22.35,8.06,71.12,43.20,57.82,8.07
317.40,39.54,19.99,22.35,8.06,71.12,43.20,57.82,8.07
317.41,39.54,19.99,22.35,8.04,71.12,43.20,57.67,8.07
317.42,39.54,19.99,22.35,8.04,71.12,43.20,57.67,8.06
317.43,39.54,19.99,22.35,8.04,71.12,43.11,57.82,8.08
317.44,39.54,20.02,22.35,8.04,71.12,43.20,57.82,8.07
317.45,39.54,19.99,22.39,8.04,71.33,43.20,57.67,8.07
317.46,39.54,19.99,22.35,8.04,71.12,43.11,57.97,8.07
317.47,39.54,20.02,22.35,8.04,71.12,43.11,57.67,8.08
317.48,39.46,19.99,22.35,8.04,71.12,43.20,57.82,8.08
317.49,39.54,19.99,22.35,8.04,71.33,43.20,57.67,8.07
317.50,39.54,19.99,22.35,8.04,71.12,43.20,57.82,8.07
317.51,39.54,20.02,22.35,8.06,71.12,43.29,57.82,8.07
317.54,39.54,20.02,22.35,8.04,71.12,43.20,57.67,8.07
317.54,39.54,19.99,22.35,8.04,71.12,43.20,57.82,8.07
317.55,39.54,20.02,22.35,8.04,71.12,43.20,57.82,8.08
317.56,39.54,19.99,22.35,8.04,71.12,43.11,57.82,8.08
317.57,39.54,19.99,22.35,8.06,71.12,43.11,57.82,8.06
317.58,39.54,20.02,22.35,8.04,71.12,43.20,57.67,8.08
317.59,39.54,19.99,22.35,8.04,71.12,43.20,57.82,8.07
317.60,39.54,19.99,22.35,8.04,71.12,43.20,57.82,8.07
317.61,39.54,19.99,22.35,8.04,71.12,43.20,57.67,8.07
317.62,39.54,20.02,22.35,8.04,71.33,43.20,57.67,8.07
317.63,39.62,20.02,22.35,8.04,71.12,43.11,57.82,8.07
317.64,39.54,20.02,22.32,8.04,71.12,43.20,57.67,8.07
317.65,39.54,20.02,22.39,8.06,71.12,43.20,57.67,8.07
317.66,39.54,20.05,22.35,8.04,71.12,43.20,57.67,8.07
317.67,39.54,19.99,22.35,8.06,71.33,43.20,57.82,8.07
317.68,39.54,19.99,22.39,8.04,71.12,43.11,57.67,8.07
317.69,39.54,19.99,22.35,8.06,71.33,43.20,57.82,8.07
317.70,39.54,20.02,22.39,8.06,71.12,43.20,57.67,8.07
317.71,39.54,20.02,22.35,8.06,71.33,43.20,57.82,8.07
317.72,39.54,20.02,22.35,8.04,71.33,43.11,57.67,8.07
317.73,39.54,19.99,22.39,8.04,71.12,43.20,57.82,8.07
317.74,39.54,20.02,22.35,8.06,71.12,43.20,57.82,8.07
317.75,39.54,20.02,22.35,8.04,71.12,43.20,57.67,8.08
317.76,39.54,19.96,22.35,8.04,71.33,43.20,57.67,8.07
317.77,39.54,20.02,22.35,8.04,71.12,43.20,57.67,8.06
317.78,39.54,19.99,22.35,8.04,71.12,43.20,57.67,8.07
317.79,39.54,19.99,22.35,8.04,71.33,43.11,57.67,8.07
317.80,39.54,19.99,22.35,8.04,71.12,43.11,57.82,8.07
317.81,39.54,19.99,22.39,8.04,71.12,43.20,57.67,8.07
317.84,39.54,20.02,22.35,8.06,71.12,43.20,57.67,8.07
317.84,39.54,19.99,22.35,8.06,71.33,43.20,57.67,8.08
317.85,39.54,19.99,22.39,8.04,71.12,43.29,57.82,8.07
317.86,39.54,19.99,22.35,8.04,71.12,43.11,57.67,8.07
317.87,39.54,20.02,22.39,8.06,71.12,43.29,57.67,8.07
317.88,39.54,19.99,22.35,8.04,71.12,43.20,57.67,8.06
317.89,39.54,19.99,22.35,8.04,71.12,43.20,57.82,8.07
317.90,39.54,19.99,22.39,8.04,71.12,43.20,57.82,8.07
317.91,39.46,19.99,22.39,8.04,71.33,43.20,57.82,8.08
317.92,39.54,20.02,22.35,8.04,71.12,43.11,57.82,8.07
317.93,39.54,20.02,22.32,8.06,71.12,43.20,57.67,8.07
317.94,39.54,20.02,22.39,8.04,71.12,43.20,57.67,8.07
317.95,39.54,20.02,22.39,8.04,71.12,43.20,57.82,8.07
317.96,39.54,20.02,22.35,8.04,71.12,43.20,57.82,8.07
317.97,39.54,19.99,22.35,8.04,71.33,43.20,57.82,8.07
317.98,39.62,19.99,22.35,8.04,71.33,43.20,57.82,8.07
317.99,39.54,19.99,22.35,8.04,71.12,43.20,57.82,8.07
318.00,39.54,19.99,22.35,8.04,71.12,43.20,57.67,8.08
318.01,39.54,20.02,22.35,8.04,71.12,43.20,57.67,8.07
318.02,39.62,20.02,22.35,8.06,71.12,43.20,57.82,8.07
318.03,39.54,20.02,22.35,8.06,71.33,43.20,57.67,8.06
318.04,39.54,20.02,22.35,8.04,71.12,43.20,57.67,8.07
318.05,39.54,19.99,22.39,8.04,71.33,43.20,57.82,8.08
318.06,39.62,20.02,22.35,8.06,71.55,43.20,57.82,8.07
318.07,39.54,19.99,22.35,8.06,71.12,43.20,57.67,8.08
318.08,39.62,19.99,22.35,8.04,71.12,43.20,57.82,8.07
318.09,39.54,20.02,22.35,8.06,71.33,43.20,57.67,8.07
318.10,39.54,20.02,22.35,8.04,71.33,43.20,57.82,8.07
318.11,39.54,20.02,22.35,8.04,71.33,43.20,57.67,8.08
318.12,39.54,20.02,22.35,8.04,71.33,43.20,57.97,8.07
318.13,39.54,19.99,22.35,8.04,71.12,43.20,57.82,8.07
318.14,39.54,20.02,22.39,8.04,71.33,43.20,57.82,8.08
318.15,39.54,20.02,22.39,8.04,71.33,43.20,57.67,8.07
318.16,39.54,19.99,22.35,8.04,71.12,43.11,57.67,8.07
318.17,39.54,19.99,22.39,8.04,71.12,43.29,57.82,8.06
318.18,39.54,19.99,22.35,8.04,71.33,43.20,57.82,8.07
318.19,39.54,19.99,22.35,8.04,71.12,43.20,57.67,8.07
318.20,39.54,19.99,22.39,8.04,71.12,43.11,57.67,8.07
318.21,39.54,20.02,22.35,8.04,71.12,43.20,57.67,8.08
318.22,39.54,19.99,22.35,8.04,71.12,43.11,57.82,8.07
318.23,39.54,20.02,22.35,8.04,71.12,43.20,57.67,8.07
318.24,39.54,20.02,22.39,8.04,71.12,43.20,57.82,8.08
318.25,39.62,19.99,22.35,8.04,71.12,43.29,57.82,8.07
318.26,39.62,20.02,22.35,8.04,71.12,43.20,57.82,8.07
318.27,39.54,20.02,22.35,8.04,71.33,43.20,57.82,8.07
318.28,39.54,20.02,22.35,8.04,71.33,43.20,57.67,8.07
318.29,39.54,19.99,22.35,8.04,71.12,43.20,57.67,8.07
318.30,39.62,20.02,22.39,8.04,71.33,43.20,57.67,8.07
318.31,39.54,20.02,22.35,8.06,71.33,43.20,57.82,8.07
318.32,39.62,20.02,22.35,8.04,71.12,43.20,57.82,8.07
318.33,39.54,19.99,22.35,8.04,71.12,43.20,57.67,8.07
318.34,39.54,20.02,22.39,8.04,71.12,43.20,57.82,8.07
318.35,39.54,20.02,22.39,8.06,71.12,43.20,57.67,8.08
318.36,39.54,20.02,22.35,8.04,71.12,43.29,57.82,8.07
318.37,39.54,20.02,22.35,8.04,71.12,43.20,57.82,8.06
318.38,39.54,19.99,22.35,8.04,71.33,43.20,57.67,8.07
318.39,39.54,20.02,22.39,8.04,71.33,43.20,57.82,8.08
318.40,39.54,20.05,22.35,8.04,71.12,43.20,57.67,8.06
318.41,39.54,20.02,22.35,8.06,71.12,43.20,57.67,8.07
318.42,39.54,19.99,22.35,8.04,71.33,43.20,57.67,8.09
318.43,39.54,19.99,22.32,8.04,71.12,43.20,57.82,8.07
318.44,39.54,20.02,22.39,8.04,71.12,43.20,57.82,8.08
318.45,39.54,19.99,22.35,8.04,71.12,43.29,57.82,8.07
318.46,39.54,19.99,22.39,8.04,71.12,43.20,57.67,8.06
318.47,39.54,20.02,22.35,8.04,71.12,43.20,57.82,8.07
318.48,39.54,20.05,22.35,8.04,71.12,43.20,57.82,8.07
318.49,39.54,19.99,22.39,8.06,71.12,43.20,57.82,8.08
318.50,39.54,20.05,22.35,8.06,71.12,43.20,57.67,8.07
318.51,39.54,19.99,22.35,8.04,71.12,43.20,57.82,8.07
318.52,39.54,19.99,22.39,8.04,71.33,43.20,57.82,8.07
318.53,39.54,20.02,22.35,8.04,71.12,43.20,57.67,8.07
318.54,39.54,20.02,22.35,8.04,71.33,43.20,57.67,8.07
318.55,39.54,19.99,22.35,8.04,71.12,43.20,57.82,8.07
318.56,39.62,20.02,22.35,8.06,71.33,43.20,57.82,8.07
318.57,39.46,19.99,22.35,8.04,71.12,43.20,57.82,8.08
318.58,39.54,20.02,22.39,8.04,71.33,43.20,57.67,8.07
318.60,39.54,19.99,22.35,8.04,71.12,43.20,57.82,8.07
318.61,39.54,19.99,22.39,8.04,71.33,43.20,57.82,8.08
318.62,39.54,20.02,22.35,8.04,71.33,43.20,57.82,8.07
318.63,39.54,20.02,22.35,8.04,71.33,43.29,57.67,8.07
318.64,39.54,19.99,22.39,8.04,71.33,43.20,57.53,8.08
318.65,39.54,20.02,22.39,8.04,71.33,43.20,57.82,8.07
318.66,39.54,20.02,22.35,8.04,71.33,43.20,57.82,8.07
318.67,39.54,20.05,22.35,8.04,71.33,43.20,57.67,8.06
318.68,39.54,20.02,22.35,8.04,71.33,43.20,57.82,8.07
318.69,39.54,20.02,22.39,8.04,71.12,43.20,57.82,8.08
318.70,39.54,20.02,22.39,8.04,71.33,43.29,57.82,8.07
318.71,39.54,19.99,22.39,8.04,71.33,43.11,57.82,8.07
318.72,39.54,19.99,22.35,8.06,71.12,43.11,57.82,8.07
318.73,39.54,19.99,22.35,8.04,71.12,43.20,57.82,8.07
318.74,39.54,20.02,22.35,8.06,71.12,43.29,57.82,8.07
318.75,39.62,20.02,22.35,8.04,71.12,43.20,57.67,8.07
318.76,39.54,19.99,22.35,8.07,71.12,43.20,57.82,8.07
318.77,39.54,20.02,22.35,8.06,71.12,43.29,57.82,8.08
318.78,39.54,19.99,22.39,8.04,71.33,43.20,57.82,8.08
318.79,39.54,19.99,22.35,8.04,71.33,43.20,57.82,8.07
318.80,39.54,20.02,22.39,8.06,71.12,43.20,57.82,8.07
318.81,39.54,20.02,22.35,8.04,71.33,43.20,57.82,8.07
318.82,39.54,20.05,22.39,8.04,71.12,43.20,57.82,8.08
318.83,39.54,20.02,22.39,8.04,71.12,43.20,57.82,8.07
318.84,39.54,20.02,22.39,8.04,71.12,43.20,57.82,8.07
318.85,39.54,20.02,22.39,8.06,71.33,43.20,57.82,8.08
318.86,39.54,20.02,22.39,8.04,71.33,43.20,57.82,8.08
318.87,39.62,20.05,22.35,8.04,71.12,43.29,57.67,8.07
318.88,39.54,20.02,22.39,8.04,71.33,43.20,57.82,8.07
318.89,39.54,20.02,22.35,8.04,71.12,43.20,57.82,8.08
318.90,39.62,20.02,22.39,8.04,71.33,43.20,57.82,8.07
318.91,39.62,20.02,22.39,8.04,71.12,43.20,57.67,8.07
318.92,39.54,20.02,22.39,8.04,71.12,43.20,57.67,8.08
318.93,39.54,20.05,22.35,8.04,71.12,43.29,57.82,8.08
318.94,39.54,20.05,22.35,8.06,71.12,43.20,57.82,8.07
318.95,39.54,19.99,22.39,8.06,71.33,43.20,57.67,8.06
318.96,39.54,20.02,22.39,8.04,71.12,43.29,57.82,8.08
318.97,39.54,20.05,22.35,8.04,71.33,43.20,57.82,8.08
318.98,39.54,20.02,22.35,8.04,71.33,43.29,57.82,8.08
318.99,39.62,20.02,22.35,8.06,71.12,43.20,57.82,8.08
319.00,39.54,19.99,22.35,8.04,71.12,43.20,57.67,8.07
319.01,39.54,19.99,22.35,8.04,71.12,43.11,57.67,8.07
319.02,39.54,20.05,22.35,8.04,71.33,43.29,57.82,8.07
319.03,39.62,20.05,22.35,8.06,71.33,43.29,57.67,8.07
319.04,39.54,19.99,22.35,8.04,71.33,43.20,57.82,8.07
319.05,39.54,20.02,22.35,8.04,71.12,43.20,57.67,8.07
319.06,39.54,20.02,22.39,8.04,71.33,43.38,57.82,8.07
319.07,39.54,20.02,22.35,8.04,71.33,43.11,57.67,8.07
319.08,39.62,20.02,22.39,8.06,71.33,43.38,57.82,8.09
319.09,39.54,20.02,22.39,8.04,71.33,43.20,57.82,8.09
319.10,39.46,20.02,22.35,8.04,71.12,43.20,57.82,8.07
319.11,39.54,20.02,22.35,8.06,71.12,43.29,57.67,8.07
319.12,39.54,20.05,22.39,8.06,71.12,43.29,57.82,8.07
319.13,39.54,20.02,22.39,8.06,71.33,43.20,57.82,8.06
319.14,39.62,20.02,22.35,8.04,71.33,43.20,57.82,8.07
319.15,39.62,20.02,22.35,8.04,71.33,43.20,57.82,8.07
319.16,39.54,20.02,22.39,8.06,71.33,43.29,57.82,8.07
319.17,39.54,20.02,22.39,8.04,71.33,43.20,57.82,8.07
319.18,39.54,20.02,22.35,8.06,71.12,43.20,57.82,8.07
319.19,39.54,20.02,22.35,8.04,71.33,43.20,57.82,8.07
319.20,39.54,20.02,22.39,8.04,71.12,43.20,57.82,8.07
319.21,39.54,20.02,22.42,8.06,71.33,43.29,57.82,8.08
319.22,39.54,20.02,22.35,8.04,71.33,43.20,57.82,8.07
319.23,39.62,20.05,22.35,8.04,71.12,43.20,57.82,8.07
319.24,39.62,20.02,22.39,8.04,71.33,43.29,57.67,8.07
319.25,39.62,20.02,22.35,8.04,71.33,43.29,57.82,8.07
319.26,39.54,20.05,22.35,8.06,71.33,43.29,57.67,8.07
319.27,39.54,19.99,22.39,8.06,71.55,43.20,57.82,8.07
319.28,39.54,20.05,22.35,8.04,71.12,43.20,57.82,8.08
319.29,39.54,20.05,22.39,8.04,71.12,43.20,57.82,8.08
319.30,39.54,20.05,22.39,8.06,71.33,43.20,57.82,8.08
319.31,39.54,20.02,22.39,8.06,71.33,43.29,57.67,8.07
319.32,39.54,20.05,22.39,8.04,71.12,43.29,57.82,8.07
319.33,39.54,20.02,22.35,8.04,71.33,43.29,57.97,8.07
319.34,39.62,20.05,22.35,8.04,71.33,43.20,57.82,8.07
319.35,39.54,20.02,22.39,8.04,71.33,43.20,57.82,8.07
319.36,39.62,20.05,22.35,8.04,71.33,43.20,57.82,8.07
319.37,39.62,20.02,22.39,8.04,71.33,43.20,57.82,8.08
319.38,39.62,20.05,22.35,8.04,71.33,43.20,57.82,8.07
319.39,39.54,20.02,22.35,8.06,71.12,43.29,57.82,8.08
319.40,39.54,20.02,22.39,8.04,71.33,43.20,57.82,8.08
319.41,39.54,20.05,22.35,8.04,71.33,43.20,57.82,8.08
319.42,39.62,20.02,22.39,8.04,71.12,43.20,57.82,8.08
319.43,39.54,20.02,22.35,8.04,71.12,43.29,57.82,8.08
319.44,39.62,20.02,22.35,8.04,71.33,43.29,57.67,8.07
319.45,39.54,20.02,22.39,8.04,71.12,43.29,57.82,8.07
319.46,39.62,20.05,22.39,8.04,71.12,43.29,57.82,8.07
319.47,39.54,20.02,22.35,8.04,71.33,43.29,57.82,8.07
319.48,39.54,20.02,22.39,8.06,71.12,43.38,57.82,8.08
319.49,39.54,19.99,22.39,8.06,71.33,43.29,57.82,8.07
319.50,39.62,20.02,22.39,8.04,71.12,43.20,57.82,8.07
319.51,39.54,19.99,22.39,8.04,71.33,43.20,57.82,8.07
319.52,39.62,19.99,22.35,8.04,71.33,43.29,57.82,8.07
319.53,39.62,20.02,22.39,8.04,71.12,43.20,57.82,8.07
319.54,39.62,19.99,22.35,8.04,71.33,43.29,57.97,8.07
319.55,39.62,20.02,22.39,8.06,71.33,43.20,57.82,8.08
319.56,39.54,20.02,22.35,8.04,71.33,43.29,57.82,8.08
319.57,39.54,20.02,22.39,8.04,71.33,43.29,57.82,8.08
319.58,39.54,20.05,22.39,8.06,71.33,43.29,57.82,8.08
319.59,39.62,20.05,22.39,8.06,71.33,43.29,57.82,8.07
319.60,39.54,20.02,22.39,8.04,71.12,43.29,57.82,8.08
319.61,39.54,20.05,22.39,8.04,71.33,43.20,57.82,8.07
319.62,39.62,20.05,22.39,8.07,71.33,43.20,57.82,8.08
319.63,39.62,20.05,22.35,8.06,71.12,43.29,57.82,8.08
319.64,39.54,20.02,22.39,8.06,71.33,43.29,57.82,8.07
319.65,39.54,20.02,22.39,8.04,71.12,43.29,57.82,8.07
319.66,39.54,20.02,22.39,8.04,71.12,43.20,57.82,8.08
319.67,39.54,20.02,22.39,8.04,71.12,43.20,57.82,8.07
319.68,39.54,20.02,22.39,8.06,71.12,43.20,57.82,8.07
319.69,39.54,20.02,22.39,8.04,71.33,43.20,57.82,8.07
319.70,39.62,20.02,22.39,8.04,71.12,43.20,57.97,8.08
319.71,39.62,20.02,22.39,8.04,71.33,43.20,57.82,8.07
319.72,39.54,20.02,22.35,8.04,71.33,43.29,57.82,8.08
319.73,39.62,20.02,22.39,8.04,71.33,43.20,57.82,8.07
319.74,39.54,20.05,22.35,8.04,71.12,43.20,57.82,8.07
319.75,39.54,20.02,22.39,8.04,71.33,43.20,57.67,8.09
319.76,39.54,20.02,22.35,8.04,71.33,43.29,57.82,8.07
319.77,39.54,20.02,22.35,8.04,71.33,43.29,57.82,8.07
319.78,39.54,20.02,22.39,8.04,71.33,43.20,57.82,8.07
319.79,39.54,20.02,22.35,8.04,71.33,43.29,57.82,8.08
319.80,39.62,20.02,22.39,8.04,71.12,43.20,57.82,8.07
319.81,39.62,20.05,22.39,8.04,71.33,43.20,57.82,8.07
319.82,39.62,20.02,22.39,8.04,71.33,43.20,57.82,8.07
319.83,39.62,20.02,22.39,8.04,71.33,43.20,57.82,8.07
319.84,39.62,20.02,22.39,8.04,71.33,43.29,57.82,8.08
319.85,39.54,20.02,22.39,8.04,71.33,43.29,57.82,8.08
319.86,39.62,20.02,22.39,8.06,71.12,43.29,57.82,8.08
319.87,39.54,20.05,22.39,8.06,71.33,43.29,57.82,8.07
319.88,39.54,20.02,22.39,8.04,71.12,43.29,57.82,8.07
319.89,39.62,20.02,22.39,8.04,71.12,43.29,57.82,8.08
319.90,39.54,19.99,22.39,8.04,71.33,43.29,57.82,8.09
319.91,39.54,20.02,22.35,8.04,71.33,43.29,57.82,8.08
319.92,39.54,20.05,22.39,8.06,71.33,43.29,57.82,8.07
319.93,39.54,20.02,22.39,8.04,71.33,43.20,57.82,8.07
319.94,39.54,20.02,22.35,8.06,71.33,43.29,57.82,8.07
319.95,39.62,20.05,22.39,8.04,71.33,43.29,57.82,8.07
319.96,39.54,20.02,22.42,8.04,71.33,43.29,57.82,8.08
319.97,39.62,20.05,22.39,8.06,71.33,43.29,57.82,8.08
319.98,39.54,20.02,22.39,8.06,71.33,43.29,57.82,8.08
319.99,39.54,20.02,22.39,8.06,71.33,43.20,57.82,8.08
320.00,39.54,20.02,22.39,8.04,71.33,43.20,57.82,8.07
320.01,39.54,20.05,22.39,8.07,71.33,43.20,57.82,8.07
320.02,39.54,20.05,22.39,8.04,71.33,43.29,57.82,8.07
320.03,39.62,20.05,22.35,8.06,71.33,43.29,57.67,8.07
320.04,39.54,20.02,22.39,8.04,71.33,43.20,57.82,8.07
320.05,39.54,20.02,22.39,8.04,71.33,43.29,57.82,8.07
320.06,39.54,20.02,22.35,8.06,71.33,43.29,57.82,8.07
320.07,39.54,20.02,22.39,8.04,71.33,43.20,57.82,8.08
320.08,39.54,20.02,22.39,8.06,71.33,43.20,57.82,8.07
320.09,39.54,20.02,22.39,8.04,71.33,43.29,57.82,8.08
320.10,39.54,20.05,22.39,8.04,71.12,43.20,57.82,8.09
320.11,39.62,20.02,22.35,8.06,71.12,43.20,57.82,8.07
320.12,39.54,20.02,22.42,8.06,71.55,43.29,57.97,8.08
320.13,39.54,20.02,22.35,8.06,71.33,43.20,57.82,8.08
320.14,39.54,20.02,22.39,8.06,71.33,43.29,57.82,8.08
320.17,39.54,20.02,22.39,8.07,71.12,43.20,57.82,8.07
320.17,39.54,20.05,22.39,8.07,71.33,43.29,57.82,8.07
320.18,39.54,20.02,22.39,8.06,71.12,43.20,57.82,8.07
320.19,39.62,20.05,22.39,8.04,71.12,43.29,57.82,8.08
320.20,39.54,20.02,22.39,8.07,71.33,43.20,57.82,8.07
320.21,39.54,20.02,22.39,8.06,71.33,43.38,57.82,8.08
320.22,39.62,20.05,22.39,8.06,71.33,43.29,57.82,8.08
320.23,39.54,20.02,22.39,8.04,71.12,43.29,57.82,8.07
320.24,39.54,20.05,22.39,8.06,71.33,43.29,57.82,8.07
320.25,39.54,20.05,22.39,8.04,71.33,43.29,57.82,8.08
320.26,39.62,20.02,22.39,8.04,71.33,43.38,57.82,8.09
320.27,39.54,20.02,22.35,8.04,71.33,43.20,57.97,8.08
320.28,39.54,20.02,22.39,8.06,71.12,43.20,57.82,8.07
320.29,39.62,20.02,22.39,8.04,71.33,43.29,57.82,8.07
320.30,39.54,20.05,22.39,8.06,71.33,43.29,57.82,8.08
320.31,39.62,20.05,22.39,8.04,71.55,43.20,57.82,8.08
320.32,39.62,20.05,22.42,8.06,71.33,43.29,57.82,8.09
320.33,39.62,20.05,22.39,8.06,71.33,43.20,57.82,8.07
320.34,39.62,20.02,22.39,8.04,71.33,43.29,57.82,8.07
320.35,39.54,20.05,22.35,8.06,71.33,43.29,57.82,8.07
320.36,39.62,20.02,22.39,8.04,71.12,43.29,57.82,8.07
320.37,39.46,20.05,22.39,8.04,71.33,43.20,57.82,8.08
320.38,39.46,20.02,22.42,8.04,71.33,43.20,57.82,8.08
320.39,39.70,20.05,22.39,8.04,71.33,43.29,57.82,8.08
320.40,39.54,20.02,22.39,8.04,71.33,43.29,57.82,8.07
320.41,39.54,20.05,22.39,8.04,71.12,43.20,57.82,8.07
320.42,39.54,20.02,22.39,8.04,71.55,43.29,57.82,8.09
320.43,39.54,20.02,22.39,8.06,71.12,43.29,57.82,8.09
320.44,39.62,20.05,22.39,8.06,71.12,43.29,57.82,8.08
320.45,39.54,20.02,22.39,8.06,71.33,43.29,57.82,8.07
320.46,39.54,20.02,22.39,8.07,71.12,43.29,57.97,8.07
320.47,39.62,20.05,22.42,8.04,71.55,43.38,57.82,8.09
320.48,39.54,20.02,22.39,8.04,71.55,43.29,57.97,8.08
320.49,39.54,20.05,22.39,8.06,71.33,43.29,57.82,8.08
320.50,39.46,20.05,22.39,8.06,71.33,43.20,57.82,8.07
320.51,39.62,20.05,22.35,8.04,71.33,43.20,57.82,8.08
320.52,39.62,20.05,22.39,8.04,71.33,43.20,57.53,8.08
320.53,39.62,20.05,22.39,8.04,71.33,43.20,57.82,8.07
320.54,39.62,20.05,22.39,8.07,71.33,43.20,57.82,8.09
320.55,39.54,20.05,22.39,8.04,71.33,43.20,57.82,8.08
320.56,39.62,20.05,22.39,8.04,71.33,43.29,57.82,8.08
320.57,39.62,20.05,22.39,8.04,71.33,43.20,57.82,8.07
320.58,39.54,20.05,22.42,8.04,71.33,43.29,57.82,8.08
320.59,39.62,20.02,22.35,8.06,71.12,43.29,57.82,8.08
320.60,39.54,20.05,22.42,8.06,71.33,43.29,57.97,8.07
320.61,39.62,20.02,22.39,8.04,71.33,43.29,57.82,8.07
320.62,39.54,20.05,22.39,8.04,71.33,43.29,57.97,8.08
320.63,39.62,20.05,22.39,8.06,71.33,43.29,57.82,8.07
320.64,39.62,20.05,22.39,8.04,71.33,43.29,57.82,8.07
320.65,39.62,20.02,22.39,8.06,71.33,43.29,57.82,8.07
320.66,39.54,20.05,22.39,8.06,71.33,43.20,57.82,8.07
320.67,39.54,20.05,22.39,8.04,71.55,43.38,57.82,8.08
320.68,39.54,20.02,22.39,8.04,71.55,43.20,57.82,8.09
320.69,39.62,20.05,22.39,8.06,71.33,43.29,57.82,8.07
320.70,39.54,20.05,22.39,8.06,71.33,43.20,57.82,8.08
320.71,39.54,20.02,22.42,8.04,71.33,43.20,57.97,8.07
320.72,39.62,20.05,22.39,8.06,71.33,43.29,57.82,8.07
320.73,39.54,20.02,22.39,8.06,71.33,43.29,57.82,8.07
320.74,39.62,20.05,22.39,8.06,71.12,43.29,57.82,8.08
320.75,39.62,20.05,22.39,8.06,71.33,43.38,57.82,8.09
320.76,39.62,20.02,22.42,8.06,71.33,43.20,57.82,8.08
320.77,39.62,20.05,22.39,8.06,71.33,43.29,57.82,8.07
320.78,39.54,20.02,22.39,8.04,71.33,43.29,57.82,8.07
320.79,39.54,20.02,22.39,8.06,71.33,43.29,57.82,8.07
320.80,39.54,20.02,22.39,8.07,71.33,43.29,57.82,8.08
320.81,39.54,20.05,22.39,8.06,71.33,43.20,57.82,8.07
320.82,39.62,20.05,22.42,8.06,71.33,43.20,57.82,8.08
320.83,39.62,20.02,22.39,8.04,71.33,43.29,57.82,8.08
320.84,39.62,20.02,22.39,8.04,71.12,43.29,57.82,8.07
320.85,39.62,20.05,22.39,8.04,71.33,43.29,57.82,8.08
320.86,39.54,20.02,22.35,8.04,71.33,43.20,57.97,8.08
320.87,39.62,20.08,22.42,8.06,71.33,43.38,57.82,8.08
320.88,39.54,20.05,22.39,8.06,71.33,43.29,57.82,8.08
320.89,39.62,20.05,22.39,8.04,71.33,43.29,57.82,8.07
320.90,39.62,20.02,22.42,8.04,71.33,43.29,57.67,8.08
320.91,39.62,20.05,22.39,8.04,71.33,43.38,57.82,8.08
320.92,39.54,20.05,22.39,8.06,71.33,43.29,57.82,8.08
320.93,39.62,20.02,22.39,8.06,71.33,43.29,57.97,8.07
320.94,39.54,20.02,22.39,8.04,71.12,43.20,57.82,8.09
320.95,39.62,20.05,22.39,8.04,71.33,43.29,57.82,8.09
320.96,39.54,20.05,22.39,8.06,71.33,43.29,57.82,8.08
320.97,39.62,20.05,22.39,8.06,71.33,43.29,57.82,8.08
320.98,39.54,20.02,22.39,8.04,71.33,43.20,57.82,8.08
320.99,39.54,20.05,22.42,8.04,71.33,43.20,57.82,8.08
321.00,39.62,20.05,22.39,8.07,71.33,43.38,57.82,8.08
321.01,39.54,20.02,22.39,8.06,71.33,43.38,57.82,8.07
321.02,39.62,20.02,22.39,8.04,71.33,43.38,57.82,8.08
321.03,39.54,20.05,22.39,8.06,71.33,43.38,57.82,8.08
321.04,39.62,20.05,22.39,8.06,71.33,43.29,57.82,8.08
321.05,39.62,20.02,22.39,8.06,71.12,43.29,57.82,8.07
321.06,39.62,20.02,22.39,8.06,71.12,43.29,57.82,8.07
321.07,39.62,20.05,22.39,8.04,71.12,43.47,57.82,8.09
321.08,39.54,20.05,22.39,8.04,71.33,43.29,57.82,8.07
321.09,39.62,20.05,22.35,8.06,71.33,43.29,57.82,8.07
321.10,39.62,20.02,22.39,8.06,71.33,43.29,57.82,8.08
321.11,39.62,20.05,22.39,8.06,71.33,43.20,57.82,8.07
321.12,39.62,20.05,22.39,8.06,71.33,43.29,57.67,8.07
321.13,39.62,20.05,22.39,8.06,71.33,43.29,57.82,8.07
321.14,39.54,20.05,22.39,8.06,71.33,43.38,57.82,8.08
321.15,39.54,20.05,22.39,8.04,71.33,43.29,57.82,8.07
321.16,39.62,20.05,22.39,8.06,71.33,43.20,57.82,8.08
321.17,39.62,20.08,22.39,8.04,71.33,43.29,57.82,8.08
321.18,39.62,20.05,22.39,8.04,71.33,43.20,57.82,8.08
321.19,39.54,20.02,22.39,8.06,71.33,43.29,57.82,8.07
321.20,39.62,20.02,22.39,8.07,71.33,43.29,57.82,8.07
321.21,39.54,20.05,22.39,8.04,71.33,43.29,57.82,8.07
321.22,39.62,20.05,22.39,8.06,71.12,43.29,57.82,8.08
321.23,39.62,20.05,22.42,8.07,71.33,43.29,57.82,8.07
321.24,39.62,20.08,22.39,8.06,71.12,43.29,57.82,8.08
321.25,39.62,20.05,22.39,8.06,71.33,43.38,57.97,8.08
321.26,39.62,20.05,22.39,8.06,71.33,43.29,57.82,8.08
321.27,39.62,20.02,22.42,8.04,71.12,43.29,57.82,8.09
321.28,39.54,20.05,22.39,8.06,71.33,43.38,57.82,8.07
321.29,39.62,20.05,22.42,8.06,71.55,43.29,57.82,8.08
321.30,39.54,20.02,22.39,8.06,71.33,43.38,57.82,8.08
321.31,39.62,20.02,22.39,8.04,71.33,43.29,57.82,8.07
321.32,39.62,20.05,22.39,8.04,71.33,43.29,57.82,8.08
321.33,39.62,20.02,22.39,8.06,71.33,43.29,57.82,8.08
321.34,39.62,20.05,22.39,8.06,71.33,43.29,57.82,8.07
321.35,39.62,20.05,22.39,8.06,71.33,43.29,57.82,8.08
321.36,39.54,20.02,22.39,8.04,71.33,43.29,57.82,8.07
321.37,39.62,20.08,22.39,8.07,71.33,43.29,57.82,8.10
321.38,39.62,20.05,22.39,8.06,71.33,43.29,57.82,8.07
321.39,39.54,20.05,22.42,8.06,71.33,43.29,57.97,8.09
321.40,39.62,20.05,22.39,8.06,71.33,43.20,57.82,8.09
321.41,39.62,20.05,22.39,8.04,71.33,43.29,57.82,8.08
321.42,39.54,20.02,22.39,8.04,71.33,43.38,57.82,8.08
321.43,39.62,20.05,22.39,8.06,71.33,43.29,57.82,8.08
321.44,39.62,20.02,22.39,8.04,71.33,43.29,57.82,8.09
321.45,39.62,20.05,22.39,8.04,71.33,43.29,57.82,8.07
321.46,39.62,20.05,22.39,8.06,71.33,43.38,57.97,8.08
321.47,39.62,20.05,22.39,8.06,71.33,43.20,57.82,8.08
321.48,39.62,20.02,22.39,8.07,71.12,43.38,57.82,8.08
321.49,39.62,20.05,22.39,8.07,71.33,43.29,57.82,8.08
321.50,39.54,20.05,22.39,8.06,71.33,43.38,57.82,8.08
321.51,39.62,20.05,22.39,8.06,71.33,43.29,57.82,8.08
321.52,39.62,20.02,22.39,8.06,71.33,43.20,57.82,8.09
321.53,39.62,20.05,22.39,8.06,71.33,43.29,57.82,8.08
321.54,39.62,20.05,22.39,8.07,71.55,43.29,57.82,8.08
321.55,39.62,20.05,22.39,8.06,71.33,43.29,57.82,8.07
321.56,39.62,20.05,22.39,8.04,71.33,43.29,57.82,8.08
321.57,39.54,20.05,22.39,8.06,71.55,43.29,57.82,8.08
321.58,39.70,20.05,22.39,8.06,71.33,43.20,57.82,8.07
321.59,39.54,20.02,22.42,8.06,71.33,43.29,57.82,8.07
321.60,39.54,20.05,22.39,8.06,71.55,43.38,57.82,8.09
321.61,39.62,20.05,22.35,8.06,71.33,43.38,57.82,8.08
321.62,39.62,20.05,22.35,8.06,71.12,43.38,57.82,8.08
321.63,39.62,20.05,22.42,8.06,71.33,43.29,57.82,8.08
321.64,39.62,20.05,22.39,8.07,71.33,43.29,57.82,8.08
321.65,39.54,20.05,22.39,8.06,71.33,43.29,57.82,8.07
321.66,39.62,20.05,22.42,8.06,71.33,43.29,57.82,8.08
321.67,39.62,20.05,22.42,8.06,71.55,43.29,57.82,8.07
321.68,39.62,20.05,22.42,8.06,71.33,43.29,57.82,8.08
321.69,39.62,20.02,22.39,8.06,71.33,43.29,57.82,8.08
321.70,39.62,20.05,22.39,8.04,71.33,43.29,57.82,8.07
321.71,39.62,20.05,22.39,8.07,71.33,43.29,57.97,8.08
321.72,39.62,20.05,22.39,8.06,71.33,43.29,57.67,8.08
321.73,39.62,20.05,22.42,8.04,71.12,43.38,58.12,8.08
321.74,39.62,20.05,22.42,8.06,71.33,43.29,57.97,8.08
321.75,39.62,20.02,22.39,8.07,71.33,43.29,57.97,8.08
321.76,39.62,20.08,22.39,8.04,71.33,43.29,57.82,8.09
321.77,39.62,20.05,22.39,8.04,71.33,43.29,57.82,8.08
321.78,39.62,20.05,22.39,8.06,71.33,43.38,57.82,8.09
321.79,39.54,20.05,22.39,8.06,71.33,43.38,57.97,8.08
321.80,39.62,20.05,22.42,8.06,71.55,43.29,57.82,8.08
321.81,39.62,20.05,22.39,8.04,71.33,43.20,57.82,8.07
321.82,39.62,20.05,22.39,8.07,71.33,43.29,57.82,8.08
321.83,39.54,20.05,22.39,8.06,71.33,43.38,57.82,8.07
321.84,39.62,20.05,22.39,8.06,71.33,43.29,57.82,8.08
321.85,39.62,20.05,22.42,8.06,71.33,43.29,57.82,8.08
321.86,39.62,20.02,22.42,8.06,71.33,43.38,57.82,8.08
321.87,39.62,20.05,22.39,8.06,71.33,43.38,57.82,8.07
321.88,39.62,20.05,22.39,8.07,71.33,43.29,57.82,8.07
321.89,39.62,20.05,22.39,8.06,71.33,43.29,57.82,8.08
321.90,39.62,20.05,22.42,8.06,71.33,43.38,57.82,8.08
321.91,39.54,20.05,22.42,8.06,71.12,43.29,57.82,8.08
321.92,39.62,20.05,22.42,8.06,71.33,43.38,57.82,8.07
321.93,39.62,20.05,22.39,8.06,71.33,43.29,57.97,8.08
321.94,39.62,20.05,22.42,8.06,71.33,43.38,57.82,8.08
321.95,39.62,20.02,22.42,8.06,71.33,43.29,57.82,8.07
321.96,39.62,20.05,22.39,8.04,71.33,43.20,57.82,8.07
321.97,39.62,20.05,22.39,8.06,71.55,43.29,57.82,8.08
321.98,39.62,20.05,22.42,8.06,71.33,43.38,57.82,8.07
321.99,39.62,20.02,22.39,8.06,71.33,43.29,57.82,8.08
322.00,39.62,20.05,22.39,8.04,71.33,43.29,57.82,8.08
322.01,39.62,20.05,22.39,8.06,71.33,43.38,57.97,8.09
322.02,39.62,20.02,22.39,8.04,71.55,43.29,57.82,8.08
322.03,39.62,20.02,22.39,8.04,71.33,43.38,57.97,8.08
322.04,39.62,20.05,22.39,8.07,71.33,43.29,57.82,8.07
322.05,39.62,20.08,22.39,8.06,71.33,43.29,57.82,8.08
322.06,39.62,20.05,22.39,8.07,71.33,43.29,57.82,8.08
322.07,39.62,20.05,22.39,8.06,71.33,43.20,57.82,8.08
322.08,39.62,20.02,22.39,8.07,71.33,43.29,57.82,8.08
322.09,39.62,20.08,22.39,8.04,71.33,43.38,57.82,8.07
322.10,39.62,20.05,22.39,8.04,71.33,43.29,57.82,8.07
322.11,39.62,20.05,22.39,8.07,71.55,43.29,57.82,8.08
322.12,39.62,20.02,22.39,8.04,71.33,43.29,57.97,8.07
322.13,39.62,20.05,22.42,8.06,71.33,43.29,57.82,8.09
322.14,39.54,20.05,22.39,8.06,71.33,43.38,57.97,8.08
322.15,39.62,20.05,22.39,8.06,71.33,43.29,57.82,8.08
322.16,39.62,20.08,22.39,8.06,71.33,43.29,57.82,8.08
322.17,39.62,20.05,22.39,8.04,71.33,43.29,57.82,8.08
322.18,39.62,20.05,22.42,8.06,71.33,43.29,57.82,8.08
322.19,39.62,20.05,22.39,8.04,71.33,43.38,57.97,8.09
322.20,39.54,20.08,22.39,8.06,71.33,43.38,57.97,8.08
322.21,39.62,20.08,22.39,8.06,71.33,43.29,57.97,8.09
322.22,39.62,20.02,22.39,8.06,71.33,43.38,57.82,8.08
322.23,39.62,20.05,22.39,8.06,71.12,43.38,57.82,8.07
322.24,39.62,20.05,22.39,8.06,71.33,43.29,57.82,8.08
322.25,39.62,20.08,22.39,8.06,71.55,43.29,57.82,8.08
322.26,39.62,20.05,22.39,8.07,71.33,43.38,57.82,8.08
322.27,39.62,20.05,22.42,8.06,71.33,43.38,57.97,8.08
322.28,39.62,20.02,22.42,8.06,71.33,43.29,57.82,8.08
322.29,39.62,20.05,22.39,8.06,71.33,43.29,57.82,8.08
322.30,39.62,20.05,22.39,8.06,71.33,43.29,57.97,8.08
322.31,39.62,20.02,22.39,8.04,71.33,43.29,57.97,8.07
322.32,39.62,20.05,22.39,8.06,71.55,43.38,57.82,8.08
322.33,39.62,20.02,22.39,8.06,71.12,43.38,57.82,8.07
322.34,39.62,20.05,22.42,8.06,71.33,43.29,57.82,8.07
322.35,39.62,20.05,22.39,8.07,71.33,43.38,57.82,8.07
322.36,39.62,20.05,22.42,8.06,71.55,43.29,57.82,8.09
322.37,39.62,20.05,22.39,8.06,71.33,43.29,57.82,8.08
322.38,39.62,20.05,22.42,8.06,71.55,43.29,57.97,8.08
322.39,39.62,20.05,22.42,8.06,71.55,43.29,57.82,8.08
322.40,39.62,20.05,22.39,8.07,71.33,43.29,57.82,8.08
322.41,39.62,20.05,22.39,8.07,71.33,43.29,57.82,8.08
322.42,39.62,20.05,22.39,8.06,71.33,43.38,57.97,8.08
322.43,39.62,20.05,22.39,8.06,71.33,43.38,57.82,8.08
322.44,39.62,20.08,22.42,8.04,71.33,43.29,57.82,8.08
322.45,39.62,20.05,22.42,8.06,71.33,43.38,57.82,8.08
322.46,39.62,20.05,22.42,8.04,71.55,43.29,57.82,8.08
322.47,39.62,20.05,22.42,8.06,71.33,43.29,57.82,8.08
322.48,39.62,20.05,22.42,8.06,71.33,43.38,57.82,8.08
322.49,39.62,20.05,22.42,8.07,71.55,43.29,57.82,8.07
322.50,39.62,20.05,22.42,8.06,71.55,43.29,57.82,8.08
322.51,39.62,20.05,22.39,8.06,71.55,43.38,57.82,8.09
322.52,39.62,20.05,22.42,8.06,71.55,43.38,57.82,8.08
322.53,39.62,20.05,22.42,8.06,71.33,43.29,57.82,8.09
322.54,39.62,20.05,22.39,8.06,71.33,43.29,57.82,8.08
322.55,39.62,20.05,22.39,8.06,71.33,43.29,57.82,8.07
322.56,39.62,20.05,22.42,8.06,71.33,43.38,57.82,8.08
322.57,39.62,20.05,22.42,8.06,71.12,43.29,57.82,8.08
322.58,39.62,20.08,22.39,8.07,71.33,43.29,57.82,8.09
322.59,39.54,20.08,22.39,8.06,71.33,43.29,57.82,8.09
322.60,39.62,20.05,22.42,8.06,71.33,43.38,57.82,8.08
322.61,39.62,20.05,22.42,8.06,71.55,43.29,57.82,8.09
322.62,39.62,20.05,22.42,8.06,71.55,43.29,57.82,8.08
322.63,39.62,20.05,22.42,8.07,71.12,43.38,57.97,8.08
322.64,39.62,20.05,22.39,8.06,71.33,43.29,57.82,8.08
322.65,39.70,20.05,22.42,8.06,71.33,43.20,57.82,8.07
322.66,39.62,20.05,22.42,8.07,71.33,43.47,57.82,8.08
322.67,39.62,20.05,22.39,8.07,71.33,43.20,57.82,8.08
322.68,39.62,20.05,22.42,8.06,71.55,43.29,57.82,8.07
322.69,39.70,20.05,22.39,8.06,71.55,43.29,57.82,8.09
322.70,39.62,20.05,22.42,8.06,71.33,43.38,57.97,8.09
322.71,39.62,20.02,22.39,8.06,71.33,43.38,57.82,8.08
322.72,39.62,20.08,22.42,8.06,71.33,43.38,57.97,8.09
322.73,39.62,20.05,22.39,8.06,71.33,43.29,57.82,8.08
322.74,39.62,20.05,22.39,8.07,71.33,43.29,57.82,8.09
322.75,39.62,20.05,22.42,8.07,71.33,43.29,57.97,8.08
322.76,39.70,20.02,22.39,8.06,71.33,43.38,57.82,8.08
322.77,39.54,20.05,22.42,8.07,71.33,43.29,57.82,8.08
322.78,39.62,20.05,22.42,8.06,71.33,43.29,57.82,8.09
322.79,39.62,20.05,22.39,8.06,71.55,43.29,57.97,8.09
322.80,39.62,20.05,22.39,8.04,71.55,43.29,57.82,8.07
322.81,39.62,20.05,22.39,8.06,71.33,43.29,57.82,8.08
322.82,39.62,20.05,22.39,8.06,71.33,43.29,57.82,8.08
322.83,39.62,20.05,22.39,8.06,71.33,43.29,57.82,8.08
322.84,39.62,20.02,22.39,8.06,71.55,43.29,57.82,8.08
322.85,39.62,20.05,22.42,8.06,71.55,43.29,57.97,8.08
322.86,39.62,20.05,22.39,8.06,71.33,43.29,57.82,8.07
322.87,39.62,20.05,22.39,8.06,71.33,43.38,57.82,8.07
322.88,39.62,20.05,22.39,8.06,71.33,43.29,57.82,8.08
322.89,39.62,20.05,22.42,8.06,71.33,43.29,57.97,8.08
322.90,39.62,20.05,22.39,8.06,71.33,43.29,57.82,8.08
322.91,39.62,20.05,22.42,8.04,71.55,43.29,57.67,8.08
322.92,39.62,20.02,22.39,8.06,71.55,43.38,57.67,8.08
322.93,39.70,20.05,22.39,8.04,71.33,43.29,57.82,8.08
322.94,39.62,20.05,22.42,8.06,71.55,43.38,57.97,8.08
322.95,39.70,20.05,22.39,8.07,71.12,43.38,57.82,8.07
322.96,39.62,20.05,22.39,8.04,71.33,43.29,57.97,8.07
322.97,39.70,20.05,22.39,8.06,71.33,43.29,57.97,8.08
322.98,39.62,20.08,22.39,8.06,71.33,43.38,57.97,8.09
322.99,39.62,20.05,22.42,8.06,71.33,43.29,57.82,8.08
323.00,39.62,20.02,22.39,8.06,71.33,43.38,57.82,8.08
323.01,39.62,20.05,22.39,8.06,71.33,43.38,57.82,8.07
323.02,39.62,20.05,22.39,8.06,71.33,43.29,57.82,8.08
323.03,39.62,20.05,22.39,8.04,71.33,43.29,57.82,8.08
323.04,39.62,20.05,22.42,8.06,71.55,43.29,57.97,8.08
323.05,39.54,20.05,22.39,8.06,71.33,43.20,57.97,8.08
323.06,39.62,20.08,22.39,8.06,71.33,43.38,57.82,8.08
323.07,39.62,20.08,22.42,8.07,71.33,43.29,57.97,8.08
323.08,39.62,20.08,22.39,8.07,71.33,43.29,57.82,8.08
323.09,39.70,20.05,22.42,8.07,71.33,43.29,57.97,8.08
323.10,39.62,20.05,22.42,8.06,71.33,43.29,57.97,8.08
323.11,39.62,20.02,22.42,8.06,71.33,43.29,57.82,8.08
323.12,39.62,20.05,22.39,8.06,71.33,43.29,57.97,8.08
323.13,39.62,20.05,22.39,8.06,71.55,43.29,57.82,8.07
323.14,39.62,20.05,22.42,8.06,71.55,43.38,57.97,8.08
323.15,39.62,20.05,22.42,8.06,71.33,43.29,57.82,8.08
323.16,39.62,20.05,22.39,8.06,71.33,43.29,57.82,8.07
323.17,39.62,20.05,22.42,8.04,71.33,43.38,57.97,8.08
323.18,39.62,20.05,22.39,8.04,71.33,43.29,57.82,8.09
323.19,39.62,20.02,22.39,8.06,71.33,43.29,57.97,8.08
323.20,39.70,20.02,22.39,8.06,71.33,43.38,57.97,8.09
323.21,39.62,20.02,22.42,8.06,71.55,43.29,57.97,8.08
323.22,39.62,20.05,22.42,8.06,71.55,43.29,57.82,8.08
323.23,39.62,20.05,22.42,8.06,71.33,43.29,57.97,8.08
323.24,39.62,20.05,22.39,8.04,71.33,43.38,57.82,8.08
323.25,39.62,20.05,22.39,8.04,71.33,43.29,57.97,8.07
323.26,39.62,20.05,22.39,8.04,71.33,43.29,57.82,8.07
323.27,39.62,20.02,22.39,8.06,71.33,43.29,57.82,8.08
323.28,39.62,20.05,22.42,8.07,71.33,43.38,57.82,8.08
323.29,39.62,20.05,22.39,8.06,71.55,43.38,57.82,8.08
323.30,39.62,20.05,22.39,8.06,71.33,43.29,57.82,8.08
323.31,39.54,20.02,22.39,8.06,71.33,43.29,57.82,8.08
323.32,39.62,20.02,22.42,8.06,71.33,43.29,57.82,8.08
323.33,39.62,20.02,22.39,8.06,71.33,43.29,57.97,8.08
323.34,39.62,20.05,22.42,8.04,71.33,43.29,57.97,8.09
323.35,39.62,20.05,22.39,8.07,71.33,43.29,57.82,8.08
323.36,39.62,20.05,22.39,8.07,71.33,43.38,57.82,8.08
323.37,39.62,20.08,22.42,8.06,71.33,43.38,57.82,8.08
323.38,39.62,20.05,22.39,8.06,71.33,43.38,57.97,8.08
323.39,39.62,20.05,22.39,8.07,71.33,43.20,57.82,8.09
323.40,39.62,20.05,22.39,8.06,71.33,43.29,57.82,8.08
323.41,39.62,20.02,22.39,8.06,71.33,43.29,57.82,8.08
323.42,39.62,20.05,22.39,8.06,71.55,43.38,57.82,8.08
323.43,39.62,20.05,22.42,8.06,71.55,43.29,57.82,8.08
323.44,39.54,20.02,22.39,8.06,71.33,43.38,57.82,8.08
323.45,39.62,20.02,22.39,8.06,71.33,43.38,57.82,8.07
323.46,39.62,20.05,22.42,8.06,71.55,43.29,57.82,8.08
323.47,39.62,20.02,22.42,8.06,71.33,43.29,57.82,8.08
323.48,39.62,20.02,22.39,8.06,71.33,43.38,57.82,8.08
323.49,39.62,20.02,22.42,8.07,71.33,43.29,57.97,8.08
323.50,39.62,20.08,22.39,8.07,71.55,43.29,57.82,8.08
323.51,39.62,20.05,22.39,8.06,71.55,43.38,57.82,8.08
323.52,39.62,20.05,22.42,8.06,71.33,43.29,57.82,8.08
323.53,39.62,20.02,22.39,8.04,71.33,43.29,57.82,8.09
323.54,39.62,20.02,22.39,8.04,71.33,43.29,57.82,8.08
323.55,39.62,20.05,22.42,8.06,71.55,43.38,57.82,8.07
323.56,39.62,20.05,22.39,8.06,71.33,43.29,57.97,8.09
323.57,39.70,20.02,22.39,8.07,71.33,43.38,57.82,8.08
323.60,39.62,20.02,22.42,8.06,71.33,43.20,57.82,8.07
323.60,39.62,20.08,22.42,8.07,71.33,43.29,57.82,8.08
323.61,39.62,20.05,22.39,8.06,71.55,43.29,57.97,8.08
323.62,39.62,20.05,22.39,8.04,71.33,43.38,57.82,8.08
323.63,39.62,20.05,22.39,8.06,71.33,43.20,57.82,8.08
323.64,39.62,20.05,22.42,8.06,71.55,43.29,57.82,8.09
323.65,39.62,20.05,22.42,8.06,71.33,43.29,57.97,8.08
323.66,39.62,20.02,22.42,8.07,71.33,43.38,57.82,8.08
323.67,39.62,20.05,22.39,8.06,71.55,43.38,57.82,8.08
323.68,39.62,20.05,22.39,8.06,71.33,43.20,57.82,8.07
323.69,39.62,20.05,22.39,8.06,71.33,43.29,57.82,8.08
323.70,39.62,20.05,22.42,8.06,71.33,43.38,57.82,8.08
323.71,39.62,20.02,22.39,8.04,71.33,43.38,57.82,8.08
323.72,39.62,20.02,22.39,8.06,71.33,43.20,57.82,8.08
323.73,39.62,20.05,22.42,8.06,71.33,43.20,57.82,8.08
323.74,39.62,20.05,22.39,8.04,71.33,43.38,57.82,8.07
323.75,39.62,20.05,22.42,8.04,71.33,43.38,57.82,8.08
323.76,39.62,20.02,22.42,8.06,71.33,43.29,57.82,8.07
323.77,39.62,19.99,22.39,8.07,71.33,43.29,57.82,8.08
323.78,39.62,20.02,22.39,8.06,71.33,43.29,57.82,8.07
323.79,39.62,20.02,22.39,8.04,71.33,43.29,57.82,8.08
323.80,39.62,20.05,22.42,8.06,71.33,43.38,57.82,8.08
323.81,39.62,20.05,22.39,8.06,71.33,43.29,57.82,8.08
323.82,39.62,20.02,22.39,8.06,71.33,43.29,57.82,8.08
323.83,39.62,20.02,22.39,8.04,71.55,43.20,57.82,8.08
323.84,39.62,20.02,22.39,8.07,71.33,43.20,57.82,8.08
323.85,39.70,20.02,22.39,8.06,71.33,43.38,57.97,8.08
323.86,39.54,20.02,22.42,8.06,71.55,43.11,57.82,8.08
323.87,39.62,20.05,22.39,8.06,71.33,43.38,57.82,8.08
323.88,39.54,20.02,22.39,8.04,71.33,43.20,57.82,8.08
323.89,39.62,20.02,22.39,8.06,71.33,43.38,57.82,8.08
323.90,39.62,20.08,22.39,8.04,71.33,43.38,57.82,8.07
323.91,39.62,20.05,22.39,8.04,71.33,43.29,57.82,8.09
323.92,39.62,20.02,22.39,8.07,71.33,43.38,57.82,8.07
323.93,39.62,20.02,22.39,8.06,71.33,43.29,57.82,8.08
323.94,39.62,20.02,22.39,8.04,71.33,43.29,57.82,8.07
323.95,39.62,20.05,22.42,8.06,71.33,43.29,57.82,8.07
323.96,39.62,20.02,22.39,8.06,71.55,43.29,57.82,8.08
323.97,39.62,20.02,22.39,8.06,71.33,43.29,57.82,8.09
323.98,39.62,20.02,22.39,8.07,71.33,43.29,57.82,8.08
323.99,39.54,20.02,22.39,8.06,71.33,43.29,57.82,8.08
324.00,39.62,20.02,22.42,8.06,71.33,43.29,57.82,8.08
324.01,39.62,20.02,22.39,8.04,71.33,43.29,57.82,8.08
324.02,39.62,20.05,22.39,8.06,71.33,43.38,57.82,8.07
324.03,39.62,20.02,22.39,8.06,71.33,43.29,57.82,8.08
324.04,39.54,20.02,22.39,8.04,71.12,43.20,57.82,8.08
324.05,39.62,20.05,22.39,8.06,71.12,43.29,57.82,8.08
324.06,39.62,20.05,22.39,8.06,71.55,43.38,57.82,8.08
324.07,39.62,20.02,22.39,8.06,71.33,43.29,57.82,8.08
324.08,39.62,20.02,22.39,8.06,71.33,43.29,57.82,8.09
324.09,39.62,20.02,22.39,8.04,71.33,43.38,57.82,8.08
324.10,39.62,20.05,22.39,8.06,71.12,43.38,57.82,8.08
324.11,39.62,20.05,22.39,8.06,71.33,43.29,57.67,8.08
324.12,39.62,20.02,22.39,8.06,71.33,43.29,58.12,8.08
324.13,39.54,20.02,22.39,8.06,71.33,43.20,57.67,8.08
324.14,39.62,20.02,22.39,8.04,71.33,43.20,57.82,8.08
324.15,39.62,20.02,22.39,8.06,71.33,43.29,57.82,8.07
324.16,39.62,20.02,22.39,8.04,71.33,43.38,57.82,8.08
324.17,39.62,20.02,22.39,8.06,71.33,43.20,57.82,8.07
324.18,39.62,20.02,22.39,8.06,71.33,43.29,57.82,8.07
324.19,39.62,20.02,22.39,8.06,71.55,43.29,57.82,8.08
324.20,39.62,20.02,22.39,8.04,71.33,43.29,57.82,8.07
324.21,39.62,20.02,22.39,8.06,71.33,43.38,57.82,8.09
324.22,39.62,20.02,22.39,8.07,71.33,43.29,57.82,8.08
324.23,39.54,20.02,22.39,8.06,71.33,43.29,57.82,8.08
324.24,39.62,20.02,22.39,8.06,71.33,43.20,57.82,8.07
324.25,39.62,20.02,22.35,8.06,71.33,43.29,57.97,8.08
324.26,39.62,20.05,22.39,8.04,71.33,43.38,57.82,8.07
324.27,39.62,20.02,22.39,8.06,71.33,43.29,57.82,8.07
324.28,39.62,20.05,22.39,8.06,71.33,43.20,57.82,8.07
324.29,39.62,20.02,22.35,8.04,71.33,43.29,57.82,8.09
324.30,39.62,20.02,22.39,8.04,71.33,43.29,57.82,8.07
324.31,39.62,20.05,22.39,8.06,71.33,43.20,57.82,8.08
324.32,39.70,20.02,22.39,8.04,71.33,43.20,57.82,8.08
324.33,39.62,20.02,22.35,8.06,71.33,43.29,57.82,8.08
324.34,39.62,20.02,22.39,8.06,71.33,43.20,57.82,8.08
324.35,39.62,20.05,22.39,8.06,71.33,43.20,57.82,8.07
324.36,39.62,20.02,22.39,8.04,71.55,43.20,57.82,8.09
324.37,39.62,20.02,22.39,8.06,71.33,43.38,57.82,8.08
324.38,39.62,19.99,22.39,8.06,71.33,43.29,57.82,8.08
324.39,39.62,20.05,22.39,8.04,71.33,43.29,57.67,8.08
324.40,39.62,19.99,22.39,8.07,71.33,43.29,57.82,8.08
324.41,39.62,20.02,22.39,8.06,71.33,43.38,57.82,8.07
324.42,39.62,20.02,22.39,8.06,71.12,43.29,57.82,8.08
324.43,39.62,20.02,22.39,8.06,71.33,43.38,57.82,8.07
324.44,39.62,20.02,22.42,8.06,71.33,43.29,57.82,8.09
324.45,39.62,20.02,22.39,8.04,71.33,43.29,57.82,8.08
324.46,39.62,19.99,22.39,8.06,71.33,43.20,57.82,8.08
324.47,39.62,20.02,22.39,8.04,71.12,43.29,57.82,8.08
324.48,39.62,20.02,22.39,8.06,71.33,43.20,57.82,8.08
324.49,39.54,19.99,22.39,8.06,71.33,43.29,57.82,8.07
324.50,39.62,20.02,22.39,8.06,71.12,43.38,57.97,8.08
324.51,39.62,20.02,22.39,8.04,71.33,43.38,57.82,8.08
324.52,39.62,20.05,22.39,8.04,71.33,43.29,57.82,8.07
324.53,39.62,20.05,22.39,8.04,71.33,43.29,57.97,8.08
324.54,39.62,20.02,22.35,8.06,71.33,43.29,57.82,8.08
324.55,39.62,20.02,22.39,8.06,71.33,43.29,57.82,8.08
324.56,39.62,20.02,22.39,8.04,71.55,43.20,57.82,8.08
324.57,39.62,20.05,22.39,8.06,71.33,43.29,57.82,8.08
324.58,39.62,20.02,22.39,8.07,71.33,43.29,57.82,8.07
324.59,39.62,20.02,22.39,8.06,71.33,43.20,57.82,8.07
324.60,39.70,20.02,22.39,8.06,71.33,43.38,57.82,8.07
324.61,39.62,19.99,22.39,8.04,71.33,43.29,57.82,8.09
324.62,39.62,20.02,22.39,8.04,71.33,43.29,57.82,8.08
324.63,39.62,20.05,22.35,8.06,71.33,43.29,57.82,8.07
324.64,39.62,20.02,22.35,8.06,71.33,43.20,57.82,8.07
324.65,39.62,20.02,22.39,8.06,71.33,43.20,57.82,8.07
324.66,39.62,20.05,22.39,8.04,71.33,43.20,57.97,8.08
324.67,39.62,20.05,22.39,8.06,71.33,43.29,57.82,8.07
324.68,39.62,20.02,22.39,8.06,71.33,43.29,57.82,8.07
324.69,39.62,20.02,22.39,8.04,71.33,43.29,57.82,8.07
324.70,39.62,19.99,22.39,8.04,71.33,43.20,57.82,8.07
324.71,39.62,19.99,22.39,8.06,71.33,43.20,57.82,8.08
324.72,39.62,20.02,22.35,8.06,71.12,43.29,57.82,8.08
324.73,39.54,20.02,22.42,8.06,71.33,43.20,57.97,8.09
324.74,39.62,20.05,22.39,8.07,71.33,43.38,57.82,8.08
324.75,39.62,20.02,22.39,8.07,71.33,43.29,57.82,8.07
324.76,39.62,20.02,22.42,8.06,71.33,43.29,57.53,8.07
324.77,39.62,20.05,22.39,8.04,71.33,43.29,57.82,8.07
324.78,39.62,20.02,22.39,8.04,71.33,43.20,57.82,8.09
324.79,39.62,19.99,22.39,8.06,71.33,43.29,57.82,8.09
324.80,39.62,20.02,22.39,8.06,71.12,43.29,57.82,8.08
324.81,39.62,20.05,22.39,8.06,71.33,43.29,57.82,8.08
324.82,39.62,20.02,22.39,8.04,71.12,43.29,57.82,8.07
324.83,39.62,20.05,22.35,8.07,71.33,43.20,57.82,8.07
324.84,39.62,20.02,22.39,8.04,71.55,43.20,57.82,8.08
324.85,39.70,20.02,22.39,8.06,71.55,43.29,57.82,8.08
324.86,39.62,20.02,22.39,8.06,71.12,43.29,57.82,8.08
324.87,39.62,20.05,22.42,8.07,71.33,43.29,57.82,8.07
324.88,39.62,20.05,22.39,8.04,71.33,43.29,57.82,8.08
324.89,39.62,20.05,22.39,8.04,71.33,43.29,57.82,8.08
324.90,39.70,20.05,22.39,8.06,71.55,43.38,57.67,8.07
324.91,39.62,20.05,22.39,8.04,71.12,43.20,57.82,8.08
324.92,39.62,19.99,22.39,8.06,71.12,43.29,57.82,8.07
324.93,39.62,19.99,22.39,8.07,71.33,43.29,57.82,8.07
324.94,39.62,19.99,22.39,8.06,71.12,43.29,57.82,8.07
324.95,39.62,20.08,22.39,8.04,71.33,43.29,57.82,8.08
324.96,39.62,20.02,22.39,8.04,71.33,43.20,57.82,8.08
324.97,39.62,20.02,22.39,8.04,71.33,43.29,57.82,8.08
324.98,39.62,20.02,22.39,8.07,71.33,43.38,57.67,8.08
324.99,39.54,20.02,22.39,8.04,71.33,43.29,57.82,8.07
325.00,39.62,20.02,22.39,8.04,71.33,43.20,57.82,8.07
325.01,39.62,19.99,22.39,8.06,71.33,43.29,57.82,8.08
325.02,39.70,20.02,22.39,8.04,71.33,43.29,57.97,8.08
325.03,39.62,20.02,22.39,8.06,71.33,43.20,57.82,8.08
325.04,39.70,20.02,22.39,8.06,71.33,43.29,57.82,8.08
325.05,39.62,19.99,22.39,8.04,71.33,43.29,57.53,8.08
325.06,39.70,19.99,22.39,8.06,71.33,43.20,57.82,8.07
325.07,39.62,19.99,22.42,8.06,71.33,43.38,57.82,8.08
325.08,39.62,20.02,22.39,8.04,71.12,43.29,57.82,8.07
325.09,39.62,20.02,22.39,8.06,71.33,43.29,57.97,8.07
325.10,39.70,20.02,22.42,8.04,71.33,43.29,57.82,8.08
325.11,39.62,20.05,22.39,8.06,71.33,43.29,57.53,8.08
325.12,39.62,20.02,22.39,8.06,71.33,43.29,57.82,8.07
325.13,39.62,20.05,22.39,8.06,71.33,43.29,57.82,8.08
325.14,39.62,20.02,22.39,8.04,71.33,43.29,57.82,8.07
325.15,39.70,20.02,22.35,8.06,71.33,43.38,57.82,8.08
325.16,39.54,20.02,22.39,8.06,71.33,43.29,57.82,8.08
325.17,39.62,20.02,22.39,8.04,71.33,43.20,57.97,8.07
325.18,39.62,20.05,22.39,8.04,71.33,43.38,57.82,8.08
325.19,39.62,20.05,22.39,8.06,71.55,43.29,57.82,8.09
325.20,39.62,20.05,22.39,8.06,71.33,43.38,57.82,8.09
325.21,39.62,20.02,22.35,8.04,71.33,43.29,57.82,8.07
325.22,39.70,20.05,22.39,8.06,71.12,43.29,57.82,8.08
325.23,39.62,20.05,22.39,8.04,71.33,43.20,57.82,8.08
325.24,39.62,19.99,22.39,8.07,71.12,43.29,57.82,8.08
325.25,39.62,20.05,22.39,8.06,71.12,43.29,57.82,8.07
325.26,39.62,20.02,22.39,8.04,71.55,43.29,57.82,8.09
325.27,39.70,20.02,22.39,8.06,71.12,43.20,57.82,8.08
325.28,39.62,20.02,22.39,8.04,71.33,43.29,57.82,8.07
325.29,39.62,20.02,22.39,8.04,71.33,43.29,57.97,8.08
325.30,39.62,20.05,22.39,8.06,71.33,43.38,57.82,8.07
325.31,39.62,19.99,22.39,8.04,71.33,43.29,57.67,8.08
325.32,39.62,20.02,22.39,8.06,71.33,43.20,57.97,8.07
325.33,39.62,20.02,22.39,8.06,71.33,43.20,57.82,8.07
325.34,39.62,20.05,22.39,8.04,71.33,43.29,57.82,8.07
325.35,39.70,20.02,22.39,8.04,71.33,43.20,57.82,8.07
325.36,39.62,19.99,22.39,8.06,71.33,43.38,57.82,8.07
325.37,39.62,20.02,22.39,8.06,71.33,43.20,57.82,8.07
325.38,39.62,20.02,22.39,8.04,71.33,43.20,57.97,8.07
325.39,39.70,20.02,22.39,8.06,71.55,43.29,57.82,8.08
325.40,39.62,20.05,22.39,8.04,71.55,43.38,57.82,8.08
325.41,39.62,20.02,22.39,8.06,71.33,43.29,57.67,8.07
325.42,39.62,19.99,22.39,8.06,71.33,43.29,57.82,8.08
325.43,39.62,19.99,22.39,8.06,71.33,43.29,57.82,8.07
325.44,39.62,20.02,22.42,8.04,71.33,43.20,57.82,8.08
325.45,39.62,20.02,22.39,8.04,71.33,43.29,57.67,8.08
325.46,39.62,19.99,22.39,8.06,71.55,43.29,57.82,8.08
325.47,39.70,20.02,22.39,8.06,71.33,43.29,57.82,8.08
325.48,39.62,20.05,22.39,8.04,71.55,43.20,57.97,8.07
325.49,39.62,20.05,22.39,8.07,71.33,43.29,57.82,8.08
325.50,39.62,20.02,22.39,8.04,71.33,43.29,57.82,8.08
325.51,39.70,20.02,22.39,8.04,71.33,43.29,57.97,8.08
325.52,39.62,20.02,22.39,8.06,71.55,43.29,57.97,8.08
325.53,39.62,20.02,22.39,8.07,71.33,43.20,57.82,8.08
325.54,39.62,20.02,22.39,8.04,71.33,43.29,57.82,8.07
325.55,39.62,20.05,22.39,8.07,71.33,43.29,57.82,8.08
325.56,39.62,20.02,22.39,8.07,71.55,43.29,57.82,8.09
325.57,39.70,19.99,22.39,8.07,71.33,43.29,57.82,8.08
325.58,39.62,19.99,22.42,8.06,71.33,43.20,57.97,8.08
325.59,39.62,20.02,22.39,8.06,71.55,43.29,57.82,8.07
325.60,39.62,20.02,22.42,8.06,71.55,43.29,57.82,8.07
325.61,39.62,20.05,22.39,8.04,71.33,43.29,57.97,8.08
325.62,39.62,20.02,22.39,8.04,71.33,43.29,57.82,8.08
325.63,39.62,20.02,22.42,8.07,71.55,43.29,57.82,8.07
325.64,39.70,20.02,22.42,8.06,71.55,43.38,57.82,8.08
325.65,39.62,20.05,22.42,8.06,71.33,43.38,57.82,8.08
325.66,39.62,20.02,22.39,8.06,71.55,43.20,57.82,8.08
325.67,39.62,20.02,22.39,8.06,71.33,43.29,57.82,8.08
325.68,39.62,20.02,22.39,8.04,71.33,43.20,57.82,8.08
325.69,39.62,20.02,22.39,8.04,71.33,43.20,57.82,8.07
325.70,39.70,20.02,22.39,8.07,71.55,43.29,57.82,8.08
325.71,39.62,20.02,22.39,8.04,71.33,43.29,57.82,8.08
325.72,39.62,20.02,22.39,8.04,71.33,43.29,57.82,8.07
325.73,39.62,20.05,22.39,8.07,71.33,43.38,57.82,8.07
325.74,39.62,20.05,22.39,8.06,71.33,43.29,57.82,8.07
325.75,39.62,20.02,22.39,8.04,71.33,43.29,57.82,8.09
325.76,39.62,20.02,22.39,8.06,71.55,43.38,57.82,8.07
325.77,39.70,20.02,22.39,8.04,71.33,43.29,57.82,8.06
325.78,39.70,20.02,22.39,8.04,71.33,43.29,57.82,8.09
325.79,39.62,20.02,22.39,8.06,71.33,43.29,57.82,8.07
325.80,39.62,19.99,22.39,8.04,71.33,43.29,57.67,8.07
325.81,39.70,19.99,22.39,8.07,71.55,43.29,57.82,8.07
325.82,39.62,20.05,22.39,8.06,71.33,43.20,57.82,8.09
325.83,39.62,20.02,22.39,8.06,71.33,43.38,57.82,8.07
325.84,39.62,20.02,22.39,8.06,71.55,43.29,57.82,8.07
325.85,39.70,20.02,22.39,8.06,71.33,43.38,57.82,8.09
325.86,39.70,20.02,22.39,8.04,71.55,43.29,57.82,8.08
325.87,39.62,20.05,22.42,8.06,71.33,43.29,57.97,8.07
325.88,39.70,20.02,22.39,8.06,71.33,43.29,57.82,8.08
325.89,39.62,20.05,22.39,8.04,71.33,43.29,57.82,8.07
325.90,39.62,20.02,22.39,8.04,71.33,43.29,57.82,8.07
325.91,39.62,20.02,22.39,8.06,71.55,43.29,57.82,8.09
325.92,39.62,19.99,22.39,8.06,71.33,43.29,57.82,8.07
325.93,39.70,20.02,22.39,8.04,71.33,43.29,57.97,8.09
325.94,39.62,20.02,22.42,8.06,71.33,43.29,57.97,8.07
325.95,39.62,20.02,22.39,8.04,71.33,43.29,57.82,8.08
325.96,39.62,20.02,22.39,8.04,71.33,43.29,57.82,8.07
325.97,39.62,19.99,22.39,8.06,71.55,43.29,57.82,8.08
325.98,39.62,20.02,22.39,8.06,71.33,43.20,57.97,8.08
325.99,39.62,20.02,22.42,8.06,71.33,43.29,57.82,8.08
326.00,39.70,20.02,22.39,8.06,71.55,43.20,57.82,8.08
326.01,39.70,20.05,22.39,8.06,71.33,43.29,57.82,8.07
326.02,39.70,20.02,22.39,8.04,71.33,43.38,57.82,8.08
326.03,39.70,20.05,22.39,8.06,71.55,43.29,57.82,8.07
326.04,39.62,20.02,22.39,8.04,71.33,43.29,57.97,8.07
326.05,39.70,20.02,22.39,8.06,71.33,43.20,57.82,8.08
326.06,39.62,20.02,22.39,8.06,71.55,43.29,57.97,8.09
326.07,39.62,19.99,22.39,8.06,71.33,43.29,57.82,8.08
326.08,39.62,20.05,22.39,8.04,71.33,43.38,57.82,8.08
326.09,39.70,20.05,22.39,8.07,71.33,43.20,57.82,8.08
326.10,39.62,20.02,22.42,8.06,71.33,43.29,57.53,8.07
326.11,39.62,19.99,22.42,8.06,71.55,43.38,57.82,8.08
326.12,39.62,20.05,22.39,8.06,71.55,43.29,57.82,8.07
326.13,39.62,20.05,22.39,8.06,71.33,43.29,57.82,8.07
326.14,39.62,19.99,22.39,8.04,71.33,43.29,57.82,8.09
326.15,39.62,20.05,22.42,8.06,71.33,43.29,57.82,8.08
326.16,39.70,20.05,22.42,8.06,71.55,43.38,57.82,8.07
326.17,39.70,20.02,22.39,8.04,71.33,43.29,57.67,8.09
326.18,39.62,20.02,22.42,8.07,71.33,43.38,57.82,8.07
326.19,39.70,20.05,22.39,8.06,71.33,43.29,57.82,8.08
326.20,39.62,20.02,22.39,8.04,71.33,43.29,57.82,8.08
326.21,39.62,20.02,22.42,8.06,71.55,43.20,57.82,8.07
326.22,39.70,20.02,22.42,8.07,71.55,43.29,57.82,8.07
326.23,39.70,20.02,22.42,8.06,71.33,43.29,57.97,8.09
326.24,39.70,20.05,22.39,8.04,71.55,43.38,57.82,8.09
326.25,39.62,20.02,22.39,8.06,71.33,43.20,57.82,8.08
326.26,39.70,20.02,22.35,8.04,71.33,43.29,57.82,8.08
326.27,39.70,20.05,22.39,8.06,71.33,43.20,57.82,8.07
326.28,39.62,20.05,22.42,8.04,71.33,43.29,57.82,8.08
326.29,39.62,19.99,22.42,8.04,71.33,43.38,57.82,8.08
326.30,39.70,20.02,22.39,8.06,71.33,43.29,57.82,8.07
326.31,39.62,20.02,22.39,8.04,71.33,43.29,57.97,8.07
326.32,39.62,20.05,22.42,8.04,71.33,43.29,57.97,8.08
326.33,39.62,20.02,22.42,8.06,71.55,43.29,57.82,8.09
326.34,39.62,20.02,22.42,8.06,71.33,43.29,57.97,8.07
326.35,39.70,20.05,22.39,8.04,71.33,43.29,57.82,8.07
326.36,39.54,20.02,22.39,8.06,71.33,43.29,57.82,8.08
326.37,39.62,20.02,22.42,8.06,71.33,43.29,57.82,8.07
326.38,39.62,20.02,22.39,8.04,71.55,43.29,57.82,8.08
326.39,39.70,19.99,22.42,8.07,71.55,43.29,57.82,8.08
326.40,39.70,20.02,22.42,8.04,71.33,43.29,57.97,8.08
326.41,39.62,20.02,22.39,8.06,71.33,43.29,57.82,8.08
326.42,39.62,20.05,22.42,8.07,71.33,43.29,57.82,8.07
326.43,39.70,20.05,22.42,8.04,71.33,43.38,57.82,8.08
326.44,39.62,20.02,22.39,8.07,71.33,43.29,57.82,8.08
326.45,39.62,20.02,22.39,8.04,71.12,43.29,57.82,8.08
326.46,39.62,20.02,22.42,8.06,71.55,43.29,57.97,8.08
326.47,39.70,20.02,22.42,8.06,71.33,43.29,57.82,8.07
326.48,39.70,20.02,22.39,8.06,71.55,43.29,57.82,8.09
326.49,39.70,20.02,22.42,8.04,71.55,43.29,57.82,8.07
326.50,39.70,20.02,22.39,8.06,71.55,43.29,57.97,8.07
326.51,39.62,20.02,22.39,8.04,71.33,43.29,57.82,8.09
326.52,39.70,20.05,22.39,8.06,71.33,43.29,57.97,8.08
326.53,39.62,20.02,22.39,8.07,71.33,43.38,57.82,8.09
326.54,39.70,20.05,22.39,8.04,71.55,43.29,57.82,8.07
326.55,39.62,20.02,22.39,8.06,71.33,43.29,57.82,8.08
326.56,39.62,20.02,22.39,8.04,71.33,43.29,57.97,8.08
326.57,39.70,20.02,22.39,8.04,71.55,43.29,57.82,8.07
326.58,39.70,20.02,22.39,8.07,71.33,43.29,57.82,8.07
326.59,39.70,20.02,22.42,8.04,71.33,43.29,57.82,8.07
326.60,39.62,20.05,22.42,8.04,71.33,43.29,57.82,8.07
326.61,39.70,20.05,22.39,8.06,71.33,43.29,57.82,8.08
326.62,39.70,20.05,22.42,8.06,71.55,43.29,57.97,8.08
326.63,39.62,20.05,22.39,8.06,71.33,43.29,57.82,8.07
326.64,39.70,20.02,22.39,8.04,71.33,43.20,57.82,8.08
326.65,39.70,20.02,22.39,8.06,71.33,43.38,57.82,8.07
326.66,39.70,20.02,22.39,8.06,71.33,43.20,57.97,8.08
326.67,39.62,19.99,22.42,8.04,71.33,43.29,57.82,8.08
326.68,39.62,20.02,22.42,8.06,71.55,43.29,57.82,8.08
326.69,39.62,20.05,22.39,8.06,71.33,43.29,57.82,8.08
326.70,39.62,19.99,22.39,8.07,71.33,43.29,57.82,8.08
326.71,39.70,20.05,22.39,8.06,71.55,43.29,57.82,8.08
326.72,39.70,20.02,22.39,8.06,71.55,43.29,57.97,8.08
326.73,39.62,20.02,22.39,8.04,71.33,43.29,57.82,8.09
326.74,39.62,20.05,22.39,8.06,71.33,43.29,57.82,8.07
326.75,39.70,20.02,22.39,8.04,71.33,43.29,57.97,8.07
326.76,39.70,20.02,22.39,8.06,71.33,43.29,57.97,8.07
326.77,39.70,20.02,22.42,8.07,71.33,43.29,57.82,8.07
326.78,39.70,20.02,22.39,8.04,71.55,43.29,57.97,8.08
326.79,39.70,20.02,22.42,8.06,71.55,43.38,57.97,8.08
326.80,39.70,20.02,22.39,8.07,71.33,43.29,57.82,8.07
326.81,39.62,20.02,22.39,8.06,71.33,43.20,57.82,8.07
326.82,39.70,20.02,22.39,8.04,71.33,43.29,57.82,8.08
326.83,39.70,20.05,22.39,8.06,71.33,43.29,57.97,8.08
326.84,39.70,20.02,22.39,8.06,71.33,43.29,57.97,8.08
326.85,39.70,20.02,22.39,8.06,71.33,43.29,57.82,8.08
326.86,39.70,20.02,22.42,8.07,71.55,43.38,57.82,8.08
326.87,39.70,20.02,22.42,8.07,71.33,43.29,57.97,8.07
326.88,39.70,19.99,22.39,8.06,71.33,43.38,57.82,8.07
326.89,39.70,19.99,22.42,8.06,71.33,43.29,57.82,8.07
326.90,39.62,20.05,22.39,8.06,71.33,43.29,57.82,8.07
326.91,39.70,20.02,22.39,8.06,71.55,43.38,57.82,8.08
326.92,39.70,20.02,22.39,8.04,71.33,43.29,57.82,8.07
326.93,39.54,20.02,22.39,8.04,71.33,43.29,57.82,8.07
326.94,39.62,20.02,22.39,8.04,71.55,43.29,57.82,8.08
326.95,39.62,20.02,22.42,8.06,71.55,43.29,57.82,8.07
326.96,39.70,20.05,22.42,8.06,71.12,43.29,57.82,8.08
326.97,39.70,20.05,22.39,8.04,71.33,43.29,57.82,8.08
326.98,39.62,20.02,22.39,8.06,71.33,43.29,57.82,8.08
326.99,39.62,20.02,22.39,8.04,71.55,43.38,57.82,8.08
327.00,39.62,20.05,22.39,8.04,71.55,43.29,57.97,8.07
327.01,39.70,20.02,22.39,8.06,71.33,43.29,57.97,8.09
327.02,39.70,20.05,22.39,8.07,71.33,43.29,57.97,8.07
327.03,39.70,20.05,22.39,8.07,71.33,43.29,57.82,8.08
327.04,39.70,19.99,22.39,8.06,71.55,43.38,57.82,8.07
327.05,39.62,20.02,22.39,8.06,71.33,43.29,57.82,8.08
327.06,39.70,20.02,22.42,8.07,71.55,43.29,57.97,8.08
327.07,39.70,20.02,22.39,8.04,71.33,43.29,57.97,8.08
327.08,39.62,20.05,22.42,8.04,71.33,43.20,57.82,8.07
327.09,39.70,20.02,22.39,8.06,71.33,43.29,57.82,8.07
327.10,39.70,20.02,22.39,8.07,71.33,43.29,57.82,8.07
327.11,39.70,20.02,22.39,8.06,71.33,43.38,57.82,8.08
327.12,39.70,19.99,22.42,8.07,71.55,43.29,57.82,8.08
327.13,39.62,20.02,22.39,8.06,71.33,43.29,57.82,8.07
327.14,39.70,20.05,22.39,8.04,71.33,43.38,57.97,8.08
327.15,39.62,20.02,22.39,8.04,71.33,43.29,57.82,8.08
327.16,39.70,20.02,22.42,8.07,71.33,43.29,57.82,8.07
327.17,39.70,19.99,22.42,8.04,71.33,43.29,57.97,8.08
327.18,39.62,20.05,22.39,8.06,71.55,43.29,57.82,8.07
327.19,39.70,20.02,22.39,8.06,71.33,43.38,57.82,8.08
327.20,39.62,20.05,22.39,8.06,71.33,43.29,57.82,8.08
327.21,39.70,20.05,22.39,8.07,71.33,43.38,57.97,8.07
327.22,39.70,19.99,22.42,8.06,71.33,43.29,57.82,8.09
327.23,39.70,20.02,22.39,8.07,71.55,43.20,57.82,8.08
327.24,39.70,20.02,22.39,8.06,71.33,43.29,57.82,8.08
327.25,39.70,20.05,22.39,8.06,71.33,43.29,57.97,8.08
327.26,39.62,20.05,22.39,8.06,71.33,43.29,57.97,8.08
327.27,39.70,20.05,22.42,8.06,71.55,43.29,57.97,8.07
327.28,39.70,20.05,22.39,8.06,71.33,43.29,57.82,8.08
327.29,39.62,20.05,22.39,8.06,71.55,43.29,57.97,8.08
327.30,39.70,20.02,22.39,8.04,71.33,43.29,57.82,8.08
327.31,39.70,20.02,22.42,8.06,71.55,43.38,57.82,8.07
327.32,39.62,20.02,22.39,8.04,71.33,43.20,57.82,8.08
327.33,39.62,20.02,22.39,8.06,71.33,43.29,57.82,8.09
327.34,39.62,19.99,22.42,8.04,71.55,43.38,57.82,8.08
327.35,39.62,20.05,22.39,8.06,71.33,43.29,57.82,8.07
327.36,39.62,19.99,22.39,8.06,71.55,43.29,57.97,8.09
327.37,39.70,20.02,22.39,8.04,71.55,43.29,57.82,8.08
327.38,39.70,20.02,22.39,8.06,71.33,43.38,57.82,8.07
327.39,39.62,20.02,22.39,8.07,71.55,43.29,57.82,8.08
327.40,39.62,20.02,22.39,8.04,71.33,43.38,57.82,8.08
327.41,39.62,20.02,22.42,8.06,71.33,43.38,57.82,8.07
327.42,39.70,20.05,22.39,8.06,71.55,43.29,57.97,8.07
327.43,39.70,20.05,22.39,8.06,71.33,43.29,57.97,8.08
327.44,39.70,20.05,22.39,8.07,71.33,43.29,57.82,8.06
327.45,39.62,20.05,22.42,8.04,71.33,43.20,57.97,8.09
327.46,39.62,20.05,22.39,8.06,71.55,43.29,57.82,8.07
327.47,39.70,20.02,22.42,8.07,71.55,43.38,57.82,8.08
327.48,39.62,20.02,22.42,8.07,71.33,43.29,57.97,8.07
327.49,39.70,20.02,22.42,8.06,71.55,43.29,57.97,8.08
327.50,39.70,20.02,22.39,8.04,71.55,43.29,57.82,8.07
327.51,39.54,20.05,22.42,8.06,71.33,43.29,57.67,8.07
327.52,39.78,20.05,22.39,8.06,71.33,43.29,57.97,8.07
327.53,39.70,20.05,22.39,8.06,71.33,43.29,57.97,8.08
327.54,39.70,20.02,22.39,8.04,71.33,43.29,57.97,8.08
327.55,39.70,20.02,22.42,8.04,71.33,43.29,57.82,8.07
327.56,39.70,20.05,22.42,8.06,71.33,43.29,57.82,8.07
327.57,39.62,20.02,22.39,8.04,71.33,43.29,57.97,8.07
327.58,39.70,20.02,22.39,8.06,71.33,43.38,57.82,8.08
327.59,39.62,20.02,22.39,8.06,71.55,43.29,57.97,8.08
327.60,39.70,20.05,22.39,8.06,71.33,43.29,57.82,8.07
327.61,39.70,19.99,22.42,8.06,71.33,43.20,57.97,8.08
327.62,39.62,20.05,22.39,8.06,71.33,43.29,57.97,8.08
327.63,39.70,20.02,22.39,8.04,71.33,43.29,57.82,8.08
327.64,39.62,20.02,22.39,8.06,71.55,43.29,57.97,8.07
327.65,39.70,20.02,22.42,8.06,71.33,43.29,57.82,8.08
327.66,39.70,20.02,22.42,8.06,71.33,43.29,57.97,8.09
327.67,39.62,20.05,22.42,8.06,71.33,43.29,57.97,8.08
327.68,39.70,20.02,22.42,8.07,71.33,43.38,57.82,8.08
327.69,39.70,20.02,22.42,8.06,71.33,43.29,57.82,8.07
327.70,39.62,20.05,22.39,8.06,71.33,43.29,57.82,8.08
327.71,39.62,20.02,22.42,8.04,71.33,43.38,57.82,8.08
327.72,39.62,20.05,22.42,8.06,71.55,43.29,57.97,8.08
327.73,39.70,20.02,22.39,8.06,71.55,43.29,57.82,8.08
327.74,39.62,20.02,22.42,8.06,71.55,43.29,57.97,8.07
327.75,39.70,20.02,22.42,8.04,71.55,43.38,57.82,8.08
327.76,39.70,20.05,22.39,8.04,71.33,43.38,57.97,8.08
327.77,39.70,20.02,22.42,8.06,71.55,43.20,57.97,8.08
327.78,39.70,20.02,22.42,8.06,71.33,43.29,57.97,8.08
327.79,39.70,20.02,22.39,8.06,71.55,43.29,57.97,8.08
327.80,39.70,20.02,22.42,8.04,71.33,43.29,57.97,8.07
327.81,39.70,19.99,22.39,8.04,71.33,43.29,57.97,8.08
327.82,39.70,20.02,22.39,8.06,71.55,43.29,57.97,8.07
327.83,39.70,20.05,22.39,8.06,71.33,43.29,57.82,8.07
327.84,39.70,20.02,22.39,8.04,71.33,43.29,57.82,8.08
327.85,39.70,20.05,22.39,8.04,71.33,43.38,57.82,8.08
327.86,39.62,20.02,22.39,8.06,71.33,43.29,57.97,8.08
327.87,39.70,20.02,22.39,8.04,71.33,43.29,57.97,8.08
327.88,39.70,20.02,22.42,8.06,71.33,43.29,57.82,8.08
327.89,39.70,20.05,22.39,8.06,71.33,43.29,57.97,8.08
327.90,39.70,20.02,22.39,8.06,71.33,43.29,57.82,8.08
327.91,39.62,20.02,22.39,8.04,71.33,43.29,57.82,8.07
327.92,39.70,20.02,22.39,8.04,71.33,43.20,57.82,8.08
327.93,39.70,20.05,22.39,8.06,71.33,43.20,57.97,8.07
327.94,39.70,20.02,22.39,8.06,71.33,43.29,57.97,8.07
327.95,39.62,20.02,22.39,8.04,71.55,43.29,57.82,8.07
327.96,39.70,19.99,22.39,8.06,71.33,43.29,57.82,8.07
327.97,39.62,20.05,22.39,8.04,71.33,43.29,57.82,8.08
327.98,39.70,20.05,22.39,8.04,71.55,43.29,57.82,8.07
327.99,39.70,20.05,22.39,8.07,71.33,43.29,57.82,8.09
328.00,39.62,20.02,22.42,8.06,71.55,43.29,57.82,8.08
328.01,39.70,20.02,22.39,8.06,71.33,43.20,57.82,8.07
328.02,39.62,20.02,22.39,8.04,71.55,43.29,57.97,8.09
328.03,39.70,20.02,22.39,8.06,71.33,43.29,57.82,8.07
328.04,39.70,20.02,22.42,8.06,71.33,43.38,57.82,8.07
328.05,39.70,19.99,22.39,8.06,71.33,43.29,57.97,8.08
328.06,39.70,19.99,22.39,8.06,71.33,43.29,57.82,8.08
328.07,39.70,19.99,22.39,8.04,71.33,43.38,57.82,8.08
328.08,39.62,20.02,22.39,8.06,71.33,43.38,57.82,8.08
328.09,39.70,20.05,22.42,8.07,71.55,43.38,57.97,8.08
328.10,39.62,20.05,22.39,8.04,71.55,43.29,57.82,8.08
328.11,39.62,20.02,22.39,8.06,71.33,43.38,57.82,8.07
328.12,39.70,20.02,22.39,8.06,71.33,43.38,57.82,8.07
328.13,39.70,19.99,22.39,8.07,71.33,43.29,57.82,8.08
328.14,39.70,20.02,22.42,8.06,71.33,43.38,57.97,8.09
328.15,39.62,20.02,22.39,8.06,71.33,43.29,57.82,8.07
328.16,39.70,20.02,22.42,8.06,71.55,43.29,57.97,8.07
328.17,39.70,20.05,22.39,8.04,71.55,43.29,57.82,8.07
328.18,39.62,20.02,22.39,8.06,71.33,43.38,57.97,8.08
328.19,39.70,20.02,22.39,8.04,71.33,43.38,57.97,8.08
328.20,39.70,20.05,22.42,8.06,71.33,43.38,57.97,8.07
328.21,39.70,20.02,22.39,8.06,71.33,43.29,57.82,8.09
328.22,39.70,20.02,22.39,8.04,71.55,43.29,57.97,8.08
328.23,39.70,20.02,22.42,8.06,71.55,43.29,57.97,8.08
328.24,39.70,20.02,22.39,8.06,71.55,43.29,57.97,8.08
328.25,39.70,20.02,22.39,8.06,71.55,43.29,57.82,8.08
328.26,39.70,20.02,22.42,8.06,71.33,43.29,57.97,8.07
328.27,39.62,20.05,22.42,8.06,71.33,43.29,57.97,8.08
328.28,39.70,19.99,22.39,8.06,71.33,43.29,57.82,8.08
328.29,39.62,19.99,22.42,8.06,71.55,43.29,57.97,8.08
328.30,39.62,20.02,22.39,8.06,71.33,43.38,57.97,8.08
328.31,39.70,20.05,22.42,8.04,71.33,43.29,57.82,8.09
328.32,39.62,20.02,22.42,8.04,71.55,43.29,57.97,8.07
328.33,39.62,20.02,22.42,8.04,71.33,43.29,57.97,8.08
328.34,39.70,20.02,22.39,8.06,71.33,43.29,57.82,8.08
328.35,39.62,19.99,22.39,8.06,71.33,43.38,57.82,8.07
328.36,39.70,20.05,22.42,8.06,71.55,43.29,57.97,8.07
328.37,39.70,19.99,22.39,8.04,71.33,43.29,57.82,8.07
328.38,39.62,20.02,22.39,8.07,71.33,43.29,57.82,8.07
328.39,39.62,20.02,22.42,8.04,71.55,43.38,57.97,8.08
328.40,39.62,20.02,22.39,8.07,71.33,43.38,57.97,8.08
328.41,39.62,20.02,22.42,8.06,71.55,43.29,57.97,8.08
328.42,39.62,19.99,22.39,8.04,71.33,43.29,57.82,8.08
328.43,39.70,20.05,22.39,8.06,71.55,43.29,57.82,8.08
328.44,39.70,20.05,22.39,8.06,71.55,43.29,57.97,8.08
328.45,39.62,20.02,22.39,8.04,71.33,43.29,57.82,8.08
328.46,39.62,20.05,22.39,8.06,71.33,43.29,57.97,8.08
328.47,39.70,20.08,22.39,8.06,71.33,43.29,57.82,8.08
328.48,39.62,20.05,22.39,8.04,71.55,43.38,57.82,8.08
328.49,39.62,20.02,22.39,8.06,71.55,43.38,57.97,8.07
328.50,39.70,20.05,22.42,8.06,71.33,43.38,57.97,8.08
328.51,39.62,20.05,22.42,8.06,71.55,43.29,57.97,8.07
328.52,39.70,20.02,22.39,8.06,71.33,43.29,57.82,8.08
328.53,39.70,20.05,22.42,8.07,71.33,43.38,57.97,8.09
328.54,39.70,20.05,22.39,8.06,71.33,43.29,57.97,8.08
328.55,39.62,20.05,22.39,8.07,71.55,43.29,57.82,8.08
328.56,39.70,20.02,22.39,8.04,71.55,43.38,57.97,8.09
328.57,39.70,20.02,22.39,8.06,71.55,43.29,57.82,8.07
328.58,39.70,20.05,22.42,8.06,71.55,43.29,57.97,8.08
328.59,39.70,20.02,22.39,8.04,71.55,43.29,57.97,8.08
328.60,39.70,20.02,22.39,8.07,71.33,43.29,57.82,8.07
328.61,39.70,20.02,22.39,8.04,71.55,43.29,57.97,8.08
328.62,39.70,20.05,22.42,8.06,71.55,43.29,57.82,8.07
328.63,39.62,20.05,22.39,8.04,71.55,43.29,57.82,8.08
328.64,39.70,20.02,22.39,8.04,71.55,43.29,57.97,8.07
328.65,39.70,20.05,22.39,8.04,71.33,43.38,57.82,8.09
328.66,39.62,20.02,22.42,8.04,71.55,43.29,57.97,8.08
328.67,39.70,20.05,22.39,8.07,71.33,43.38,57.97,8.08
328.68,39.62,20.02,22.35,8.06,71.55,43.29,57.97,8.07
328.69,39.70,20.02,22.39,8.06,71.33,43.38,57.97,8.08
328.70,39.70,20.02,22.39,8.06,71.33,43.29,57.97,8.08
328.71,39.62,19.99,22.42,8.06,71.55,43.29,57.97,8.07
328.72,39.78,20.02,22.42,8.06,71.33,43.29,57.97,8.07
328.73,39.62,20.02,22.39,8.04,71.55,43.29,57.97,8.08
328.74,39.70,20.05,22.39,8.07,71.55,43.29,57.97,8.08
328.75,39.70,20.02,22.39,8.06,71.33,43.29,57.67,8.07
328.76,39.70,20.02,22.42,8.07,71.55,43.38,57.82,8.08
328.77,39.70,20.02,22.39,8.06,71.33,43.29,57.97,8.07
328.78,39.70,20.05,22.39,8.04,71.33,43.38,57.97,8.07
328.79,39.62,20.02,22.39,8.06,71.33,43.29,57.82,8.09
328.80,39.70,20.05,22.39,8.06,71.33,43.38,57.82,8.09
328.81,39.70,19.99,22.39,8.04,71.55,43.29,57.97,8.07
328.82,39.62,19.99,22.39,8.06,71.55,43.29,57.82,8.08
328.83,39.70,20.02,22.39,8.06,71.33,43.29,57.82,8.08
328.84,39.62,20.02,22.42,8.06,71.33,43.38,57.97,8.07
328.85,39.70,19.99,22.42,8.06,71.55,43.29,57.97,8.08
328.86,39.62,20.02,22.39,8.06,71.55,43.20,57.67,8.08
328.87,39.70,20.02,22.39,8.07,71.55,43.29,57.82,8.08
328.88,39.62,20.05,22.39,8.04,71.33,43.29,57.97,8.08
328.89,39.62,20.02,22.42,8.04,71.55,43.38,57.82,8.08
328.90,39.62,20.02,22.39,8.04,71.33,43.38,57.97,8.08
328.91,39.62,20.02,22.42,8.06,71.55,43.38,57.82,8.07
328.92,39.70,20.02,22.39,8.07,71.55,43.29,57.82,8.08
328.93,39.70,20.05,22.39,8.07,71.33,43.29,57.82,8.07
328.94,39.70,20.02,22.39,8.06,71.33,43.29,57.97,8.08
328.95,39.62,20.05,22.39,8.04,71.55,43.29,57.82,8.08
328.96,39.70,20.05,22.39,8.04,71.33,43.29,57.97,8.08
328.97,39.70,20.05,22.39,8.06,71.33,43.29,57.97,8.08
328.98,39.70,20.02,22.42,8.06,71.33,43.29,57.82,8.08
328.99,39.70,20.02,22.39,8.06,71.33,43.29,57.97,8.08
329.00,39.70,20.02,22.42,8.06,71.33,43.38,57.97,8.08
329.01,39.70,20.05,22.42,8.06,71.33,43.38,57.82,8.08
329.02,39.62,20.05,22.42,8.04,71.33,43.29,57.97,8.08
329.03,39.70,19.99,22.39,8.04,71.33,43.29,57.82,8.08
329.04,39.70,20.05,22.42,8.06,71.55,43.38,57.97,8.07
329.05,39.70,20.02,22.39,8.06,71.33,43.29,57.82,8.08
329.06,39.70,20.02,22.39,8.04,71.55,43.29,57.82,8.08
329.07,39.62,20.02,22.42,8.06,71.55,43.38,57.97,8.08
329.08,39.62,20.02,22.39,8.04,71.55,43.29,57.97,8.08
329.09,39.62,20.05,22.42,8.04,71.33,43.29,57.82,8.08
329.10,39.70,20.02,22.39,8.04,71.33,43.38,57.82,8.07
329.11,39.62,20.05,22.39,8.06,71.33,43.38,57.82,8.08
329.12,39.62,19.99,22.42,8.04,71.55,43.29,57.97,8.08
329.13,39.70,20.02,22.39,8.07,71.55,43.38,57.97,8.07
329.14,39.62,20.02,22.39,8.06,71.33,43.29,57.82,8.08
329.15,39.70,20.02,22.42,8.06,71.55,43.29,57.82,8.07
329.16,39.70,19.99,22.39,8.04,71.33,43.29,57.97,8.09
329.17,39.70,20.02,22.39,8.06,71.33,43.38,57.97,8.08
329.18,39.70,20.05,22.39,8.04,71.33,43.38,57.97,8.08
329.19,39.62,20.02,22.39,8.07,71.33,43.29,57.97,8.08
329.20,39.62,20.02,22.42,8.06,71.55,43.29,57.97,8.08
329.21,39.70,20.02,22.42,8.04,71.55,43.29,57.97,8.07
329.22,39.70,20.02,22.42,8.06,71.33,43.29,57.82,8.08
329.23,39.70,20.02,22.42,8.04,71.33,43.29,57.97,8.07
329.24,39.70,20.02,22.35,8.06,71.55,43.38,57.97,8.08
329.25,39.70,20.05,22.42,8.06,71.55,43.29,57.97,8.08
329.26,39.70,20.05,22.39,8.06,71.33,43.29,57.97,8.08
329.27,39.62,20.05,22.42,8.04,71.55,43.29,57.97,8.09
329.28,39.70,20.02,22.42,8.06,71.33,43.29,57.97,8.08
329.29,39.70,20.05,22.39,8.04,71.55,43.38,57.97,8.07
329.30,39.70,20.02,22.39,8.04,71.55,43.29,57.97,8.08
329.31,39.70,20.02,22.39,8.07,71.55,43.38,57.82,8.08
329.32,39.62,20.02,22.42,8.06,71.33,43.29,57.97,8.09
329.33,39.62,20.02,22.39,8.07,71.55,43.38,57.97,8.08
329.34,39.70,20.02,22.39,8.04,71.55,43.38,57.97,8.07
329.35,39.70,20.02,22.39,8.06,71.55,43.29,57.82,8.07
329.36,39.78,20.05,22.42,8.06,71.55,43.38,57.97,8.08
329.37,39.70,20.02,22.42,8.06,71.55,43.38,57.97,8.08
329.38,39.70,20.05,22.39,8.07,71.33,43.29,57.82,8.07
329.39,39.62,20.05,22.39,8.04,71.55,43.29,57.82,8.08
329.40,39.70,20.02,22.39,8.07,71.55,43.38,57.82,8.08
329.41,39.70,20.05,22.39,8.06,71.33,43.38,57.82,8.08
329.42,39.70,20.02,22.42,8.04,71.55,43.29,57.97,8.08
329.43,39.62,19.99,22.42,8.04,71.55,43.29,57.97,8.08
329.44,39.70,20.02,22.39,8.06,71.33,43.29,57.97,8.09
329.45,39.70,20.05,22.42,8.06,71.55,43.38,57.97,8.07
329.46,39.62,20.02,22.42,8.06,71.33,43.20,57.97,8.07
329.47,39.70,20.02,22.39,8.04,71.55,43.38,57.97,8.09
329.48,39.62,20.05,22.39,8.06,71.55,43.38,57.82,8.09
329.49,39.70,20.02,22.39,8.04,71.33,43.38,57.97,8.08
329.50,39.70,20.02,22.39,8.06,71.33,43.47,57.97,8.08
329.51,39.70,20.02,22.42,8.04,71.55,43.29,57.82,8.07
329.52,39.62,20.02,22.42,8.06,71.33,43.29,57.82,8.08
329.53,39.70,20.05,22.39,8.04,71.55,43.29,57.97,8.08
329.54,39.70,20.02,22.42,8.04,71.55,43.20,57.97,8.08
329.55,39.70,20.02,22.39,8.04,71.55,43.29,57.97,8.08
329.56,39.70,20.05,22.39,8.06,71.33,43.29,57.82,8.07
329.57,39.62,20.02,22.39,8.04,71.55,43.29,57.82,8.07
329.58,39.62,20.02,22.39,8.06,71.33,43.38,57.82,8.08
329.59,39.70,20.02,22.39,8.04,71.55,43.29,57.97,8.08
329.60,39.62,20.05,22.39,8.06,71.33,43.29,57.97,8.07
329.61,39.70,20.02,22.39,8.04,71.55,43.38,57.97,8.07
329.62,39.70,20.02,22.42,8.06,71.33,43.29,57.97,8.08
329.63,39.62,20.02,22.39,8.04,71.33,43.29,57.82,8.08
329.64,39.62,20.05,22.42,8.06,71.55,43.38,57.97,8.08
329.65,39.62,20.05,22.42,8.07,71.33,43.29,57.82,8.07
329.66,39.62,20.02,22.39,8.06,71.55,43.29,57.82,8.08
329.67,39.70,20.05,22.42,8.06,71.33,43.38,57.82,8.08
329.68,39.70,20.05,22.39,8.06,71.33,43.38,57.97,8.07
329.69,39.70,20.02,22.39,8.04,71.55,43.29,57.97,8.09
329.70,39.70,20.02,22.42,8.06,71.33,43.38,57.97,8.08
329.71,39.62,20.05,22.39,8.07,71.55,43.29,57.97,8.09
329.72,39.70,20.02,22.39,8.04,71.33,43.29,57.97,8.07
329.73,39.70,20.02,22.42,8.06,71.33,43.38,57.82,8.09
329.74,39.62,19.99,22.42,8.06,71.55,43.38,57.97,8.08
329.75,39.70,20.02,22.42,8.06,71.55,43.29,57.97,8.09
329.76,39.70,20.02,22.42,8.06,71.55,43.29,57.82,8.08
329.77,39.70,20.02,22.39,8.06,71.33,43.29,57.97,8.08
329.78,39.62,20.05,22.39,8.04,71.55,43.38,57.82,8.08
329.79,39.70,19.99,22.39,8.04,71.55,43.38,57.82,8.09
329.80,39.62,20.02,22.42,8.06,71.33,43.29,57.97,8.08
329.81,39.62,20.02,22.42,8.06,71.33,43.38,57.97,8.09
329.82,39.62,20.02,22.39,8.07,71.33,43.20,57.97,8.08
329.83,39.62,20.05,22.42,8.04,71.33,43.29,57.97,8.08
329.84,39.70,20.02,22.42,8.04,71.55,43.38,57.97,8.08
329.85,39.62,20.02,22.39,8.04,71.55,43.29,57.82,8.09
329.86,39.62,20.05,22.39,8.06,71.55,43.38,57.82,8.08
329.87,39.62,20.02,22.39,8.06,71.55,43.29,57.82,8.08
329.88,39.62,20.02,22.39,8.04,71.55,43.29,57.97,8.09
329.89,39.70,20.02,22.39,8.04,71.33,43.38,57.82,8.08
329.90,39.78,20.02,22.35,8.06,71.33,43.38,57.82,8.08
329.91,39.54,20.02,22.39,8.04,71.33,43.38,57.97,8.08
329.92,39.70,20.02,22.42,8.06,71.55,43.29,57.82,8.07
329.93,39.70,20.02,22.39,8.04,71.33,43.29,57.82,8.08
329.94,39.70,20.05,22.39,8.06,71.55,43.29,57.97,8.09
329.95,39.70,20.02,22.39,8.06,71.55,43.29,57.82,8.07
329.96,39.70,20.05,22.39,8.04,71.55,43.38,57.82,8.07
329.97,39.70,20.02,22.39,8.06,71.12,43.29,57.97,8.08
329.98,39.70,20.05,22.39,8.04,71.55,43.38,57.97,8.07
329.99,39.70,20.05,22.39,8.06,71.33,43.38,57.82,8.07
330.00,39.70,20.02,22.39,8.07,71.33,43.38,57.97,8.08
330.01,39.70,20.02,22.39,8.06,71.33,43.29,57.82,8.08
330.02,39.70,20.02,22.39,8.06,71.33,43.38,57.97,8.08
330.03,39.62,20.05,22.39,8.07,71.33,43.38,57.67,8.08
330.04,39.62,20.02,22.42,8.06,71.55,43.38,57.82,8.08
330.05,39.70,20.05,22.42,8.06,71.55,43.38,58.12,8.08
330.06,39.70,20.05,22.39,8.06,71.55,43.38,57.82,8.08
330.07,39.70,20.05,22.39,8.07,71.55,43.29,57.97,8.08
330.08,39.70,20.05,22.42,8.04,71.33,43.38,57.97,8.08
330.09,39.70,20.05,22.39,8.06,71.55,43.29,57.97,8.08
330.10,39.62,20.05,22.39,8.04,71.55,43.29,57.97,8.08
330.11,39.70,20.02,22.39,8.04,71.55,43.38,57.82,8.08
330.12,39.70,20.02,22.42,8.06,71.55,43.29,57.97,8.08
330.13,39.70,20.02,22.42,8.06,71.55,43.38,57.97,8.08
330.14,39.70,20.02,22.39,8.06,71.55,43.38,57.97,8.09
330.15,39.62,20.02,22.42,8.06,71.55,43.29,57.82,8.07
330.16,39.70,20.02,22.39,8.07,71.55,43.29,57.97,8.07
330.17,39.70,20.02,22.42,8.07,71.55,43.38,57.97,8.08
330.18,39.70,20.02,22.39,8.04,71.55,43.38,57.97,8.08
330.19,39.70,20.05,22.39,8.07,71.55,43.29,57.97,8.08
330.20,39.70,20.02,22.42,8.06,71.33,43.20,57.97,8.07
330.21,39.62,20.02,22.39,8.06,71.33,43.29,57.97,8.08
330.22,39.70,19.99,22.42,8.06,71.55,43.29,57.97,8.07
330.23,39.70,20.05,22.39,8.07,71.33,43.29,57.82,8.08
330.24,39.70,20.02,22.42,8.06,71.33,43.38,57.97,8.08
330.25,39.70,19.99,22.39,8.06,71.55,43.38,57.97,8.08
330.26,39.62,20.02,22.42,8.06,71.55,43.29,57.97,8.08
330.27,39.62,20.05,22.42,8.06,71.55,43.38,57.97,8.08
330.28,39.62,20.05,22.42,8.04,71.33,43.38,57.82,8.08
330.29,39.62,20.02,22.42,8.06,71.55,43.29,57.97,8.08
330.30,39.70,20.02,22.42,8.06,71.55,43.38,57.97,8.08
330.31,39.62,20.02,22.42,8.06,71.55,43.29,57.97,8.09
330.32,39.70,20.05,22.42,8.07,71.55,43.29,57.97,8.08
330.33,39.62,20.05,22.42,8.06,71.33,43.38,57.97,8.08
330.34,39.70,20.02,22.42,8.04,71.55,43.38,57.97,8.08
330.35,39.62,20.02,22.39,8.06,71.55,43.29,57.97,8.07
330.36,39.62,20.05,22.42,8.06,71.33,43.38,57.97,8.08
330.37,39.70,20.05,22.42,8.07,71.55,43.29,57.97,8.09
330.38,39.62,20.02,22.39,8.07,71.33,43.29,57.97,8.08
330.39,39.70,20.02,22.42,8.06,71.55,43.38,57.97,8.08
330.40,39.70,20.02,22.42,8.07,71.55,43.38,57.97,8.07
330.41,39.70,20.02,22.39,8.07,71.55,43.38,57.97,8.08
330.42,39.62,20.02,22.39,8.06,71.33,43.38,57.97,8.07
330.43,39.62,20.02,22.42,8.06,71.55,43.29,57.97,8.08
330.44,39.70,20.05,22.42,8.06,71.33,43.38,57.97,8.07
330.45,39.70,20.02,22.39,8.06,71.55,43.29,57.97,8.08
330.46,39.62,20.02,22.42,8.06,71.55,43.29,57.97,8.08
330.47,39.62,20.05,22.42,8.06,71.55,43.38,57.97,8.09
330.48,39.70,20.05,22.42,8.06,71.55,43.38,57.97,8.08
330.49,39.70,20.05,22.39,8.06,71.55,43.38,57.97,8.07
330.50,39.70,20.02,22.42,8.06,71.55,43.38,57.97,8.07
330.51,39.70,20.05,22.39,8.07,71.33,43.38,57.97,8.08
330.52,39.62,20.02,22.42,8.06,71.55,43.38,57.97,8.09
330.53,39.62,20.02,22.39,8.06,71.55,43.38,57.97,8.07
330.54,39.70,20.05,22.39,8.06,71.55,43.29,57.97,8.08
330.55,39.70,20.05,22.39,8.07,71.55,43.29,57.97,8.09
330.56,39.62,20.02,22.42,8.06,71.55,43.29,57.97,8.09
330.57,39.70,20.02,22.39,8.06,71.55,43.38,57.97,8.08
330.58,39.70,20.05,22.39,8.07,71.55,43.38,57.97,8.08
330.59,39.70,20.05,22.42,8.04,71.55,43.38,57.97,8.07
330.60,39.70,20.02,22.42,8.06,71.55,43.38,57.97,8.08
330.61,39.70,20.02,22.39,8.06,71.55,43.38,57.82,8.08
330.62,39.70,20.02,22.42,8.07,71.33,43.38,57.82,8.09
330.63,39.70,19.99,22.39,8.04,71.55,43.29,57.97,8.08
330.64,39.70,20.05,22.39,8.07,71.55,43.38,57.97,8.08
330.65,39.70,20.05,22.42,8.06,71.55,43.38,58.12,8.07
330.66,39.70,20.05,22.42,8.06,71.33,43.29,57.97,8.07
330.67,39.70,20.02,22.42,8.04,71.55,43.29,57.97,8.08
330.68,39.70,20.02,22.39,8.06,71.55,43.38,57.82,8.08
330.69,39.70,19.99,22.39,8.04,71.55,43.29,57.82,8.08
330.70,39.70,20.05,22.42,8.04,71.55,43.38,57.82,8.09
330.71,39.62,20.05,22.42,8.06,71.55,43.38,57.97,8.09
330.72,39.70,20.05,22.39,8.06,71.55,43.38,57.97,8.08
330.73,39.70,20.05,22.42,8.06,71.55,43.38,57.97,8.08
330.74,39.62,20.05,22.42,8.06,71.55,43.38,58.12,8.08
330.75,39.70,20.05,22.39,8.06,71.12,43.38,57.97,8.08
330.76,39.70,20.08,22.42,8.04,71.33,43.38,57.97,8.08
330.77,39.70,20.05,22.42,8.06,71.55,43.38,57.97,8.07
330.78,39.62,20.02,22.42,8.06,71.55,43.38,57.97,8.09
330.79,39.70,20.02,22.39,8.07,71.55,43.38,57.97,8.07
330.80,39.62,20.02,22.39,8.06,71.55,43.29,57.97,8.08
330.81,39.62,20.08,22.42,8.07,71.33,43.29,57.97,8.08
330.82,39.70,20.05,22.42,8.07,71.55,43.29,57.97,8.08
330.83,39.70,20.02,22.42,8.06,71.33,43.38,57.97,8.08
330.84,39.70,20.05,22.42,8.06,71.33,43.38,57.97,8.08
330.85,39.62,20.08,22.42,8.06,71.33,43.29,57.97,8.09
330.86,39.70,20.02,22.42,8.04,71.76,43.29,57.97,8.08
330.87,39.70,20.08,22.39,8.06,71.55,43.38,57.82,8.08
330.88,39.70,20.05,22.39,8.06,71.55,43.38,57.97,8.07
330.89,39.70,20.02,22.39,8.04,71.33,43.29,57.82,8.08
330.90,39.70,20.05,22.42,8.06,71.55,43.38,57.97,8.07
330.91,39.70,20.05,22.42,8.08,71.55,43.47,57.97,8.08
330.92,39.70,20.05,22.39,8.07,71.55,43.38,57.82,8.08
330.93,39.70,20.05,22.39,8.06,71.33,43.38,57.97,8.09
330.94,39.62,20.02,22.39,8.07,71.55,43.29,57.97,8.08
330.95,39.62,20.02,22.42,8.04,71.55,43.29,57.97,8.08
330.96,39.70,20.05,22.42,8.06,71.55,43.29,57.97,8.07
330.97,39.70,20.05,22.39,8.07,71.33,43.38,57.97,8.08
330.98,39.62,20.05,22.39,8.06,71.55,43.20,57.97,8.09
330.99,39.70,20.05,22.42,8.04,71.33,43.38,57.97,8.09
331.00,39.70,20.05,22.39,8.06,71.33,43.29,57.97,8.07
331.01,39.70,20.05,22.42,8.06,71.55,43.29,58.12,8.07
331.02,39.70,20.02,22.39,8.06,71.55,43.38,57.97,8.08
331.03,39.70,20.02,22.42,8.06,71.55,43.29,57.97,8.08
331.04,39.70,20.05,22.39,8.06,71.55,43.38,57.97,8.08
331.05,39.62,20.02,22.42,8.07,71.55,43.38,57.97,8.09
331.06,39.62,20.02,22.42,8.06,71.55,43.38,57.97,8.08
331.07,39.70,20.05,22.39,8.06,71.55,43.38,57.97,8.08
331.08,39.62,20.02,22.42,8.06,71.55,43.47,57.97,8.07
331.09,39.78,20.05,22.46,8.06,71.55,43.38,57.97,8.08
331.10,39.62,20.05,22.42,8.06,71.55,43.38,57.97,8.08
331.11,39.70,20.02,22.42,8.04,71.55,43.29,57.97,8.08
331.12,39.70,20.05,22.42,8.06,71.55,43.38,57.97,8.08
331.13,39.70,20.05,22.39,8.07,71.55,43.38,57.97,8.08
331.14,39.70,20.05,22.39,8.06,71.55,43.38,57.97,8.08
331.15,39.62,20.02,22.39,8.06,71.55,43.38,57.97,8.08
331.16,39.62,20.05,22.42,8.06,71.33,43.38,57.97,8.08
331.17,39.62,20.05,22.42,8.06,71.55,43.47,57.97,8.08
331.18,39.70,20.02,22.42,8.06,71.76,43.29,57.97,8.08
331.19,39.70,20.05,22.42,8.07,71.55,43.38,57.97,8.08
331.20,39.70,20.05,22.42,8.06,71.55,43.47,57.97,8.08
331.21,39.70,20.08,22.42,8.07,71.55,43.38,58.12,8.08
331.22,39.70,20.05,22.42,8.06,71.55,43.38,57.97,8.08
331.23,39.70,20.05,22.39,8.04,71.55,43.47,57.97,8.08
331.24,39.70,20.05,22.39,8.07,71.55,43.29,58.27,8.08
331.25,39.70,20.02,22.39,8.04,71.55,43.38,57.82,8.08
331.26,39.70,20.02,22.39,8.07,71.55,43.38,57.82,8.09
331.27,39.70,20.02,22.42,8.06,71.55,43.29,57.97,8.08
331.28,39.70,20.02,22.42,8.04,71.55,43.38,57.97,8.08
331.29,39.70,20.05,22.39,8.06,71.55,43.29,57.82,8.09
331.30,39.70,20.05,22.42,8.06,71.55,43.38,58.12,8.09
331.31,39.70,20.05,22.39,8.06,71.55,43.38,57.97,8.08
331.32,39.70,20.08,22.42,8.06,71.55,43.38,57.97,8.08
331.33,39.70,20.05,22.42,8.07,71.55,43.29,57.97,8.08
331.34,39.70,20.05,22.42,8.06,71.55,43.38,57.97,8.08
331.35,39.62,20.05,22.39,8.07,71.55,43.38,57.97,8.08
331.36,39.62,20.05,22.39,8.04,71.33,43.38,57.97,8.08
331.37,39.70,20.02,22.39,8.06,71.55,43.38,57.97,8.08
331.38,39.70,20.08,22.42,8.06,71.55,43.38,57.82,8.09
331.39,39.70,20.05,22.39,8.06,71.33,43.38,57.97,8.08
331.40,39.62,20.02,22.39,8.07,71.33,43.38,57.97,8.08
331.41,39.70,20.02,22.42,8.07,71.55,43.29,57.97,8.07
331.42,39.62,20.05,22.42,8.06,71.55,43.29,57.97,8.09
331.43,39.70,20.05,22.39,8.07,71.55,43.38,57.97,8.08
331.44,39.62,20.05,22.42,8.06,71.55,43.38,57.97,8.08
331.45,39.62,20.05,22.42,8.06,71.33,43.38,57.97,8.08
331.46,39.70,20.05,22.39,8.06,71.55,43.38,57.97,8.07
331.47,39.70,20.05,22.39,8.07,71.55,43.38,58.12,8.10
331.48,39.62,20.05,22.46,8.06,71.55,43.29,57.97,8.08
331.49,39.70,20.05,22.42,8.06,71.55,43.38,57.97,8.07
331.50,39.70,20.05,22.42,8.07,71.55,43.38,58.12,8.08
331.51,39.70,20.05,22.39,8.07,71.55,43.38,57.97,8.08
331.52,39.70,20.05,22.42,8.06,71.55,43.29,57.97,8.08
331.53,39.62,20.05,22.39,8.07,71.55,43.29,58.12,8.08
331.54,39.70,20.05,22.42,8.06,71.55,43.38,57.82,8.08
331.55,39.62,20.05,22.39,8.06,71.55,43.38,57.97,8.08
331.56,39.70,20.05,22.42,8.06,71.55,43.29,57.97,8.08
331.57,39.70,20.05,22.42,8.06,71.33,43.38,57.97,8.08
331.58,39.70,20.05,22.39,8.07,71.55,43.38,57.97,8.08
331.59,39.70,20.05,22.42,8.06,71.55,43.38,57.97,8.07
331.60,39.70,20.05,22.39,8.06,71.55,43.38,57.97,8.09
331.61,39.70,20.05,22.42,8.06,71.55,43.29,57.82,8.08
331.62,39.70,20.05,22.42,8.06,71.55,43.38,57.97,8.07
331.63,39.70,20.05,22.39,8.06,71.55,43.38,57.97,8.08
331.64,39.62,20.05,22.46,8.06,71.55,43.38,58.12,8.08
331.65,39.70,20.05,22.42,8.06,71.55,43.38,57.97,8.07
331.66,39.70,20.05,22.42,8.06,71.55,43.38,57.97,8.08
331.67,39.70,20.05,22.42,8.06,71.55,43.38,57.97,8.08
331.68,39.70,20.05,22.42,8.06,71.55,43.47,57.97,8.08
331.69,39.62,20.05,22.42,8.06,71.55,43.38,57.97,8.08
331.70,39.70,20.02,22.42,8.07,71.55,43.29,57.97,8.08
331.71,39.70,20.05,22.42,8.06,71.55,43.38,57.97,8.08
331.72,39.70,20.05,22.39,8.07,71.33,43.38,57.97,8.08
331.73,39.70,20.05,22.42,8.06,71.55,43.38,57.97,8.08
331.74,39.70,20.05,22.42,8.07,71.33,43.38,57.97,8.08
331.75,39.70,20.05,22.42,8.06,71.55,43.38,57.97,8.09
331.76,39.70,20.05,22.39,8.06,71.12,43.29,57.97,8.09
331.77,39.70,20.05,22.42,8.04,71.33,43.29,57.97,8.08
331.78,39.62,20.08,22.39,8.06,71.55,43.38,57.97,8.09
331.79,39.70,20.02,22.42,8.07,71.55,43.38,57.97,8.08
331.80,39.70,20.05,22.42,8.06,71.55,43.38,57.97,8.08
331.81,39.70,20.02,22.39,8.06,71.33,43.29,57.82,8.07
331.82,39.62,20.05,22.42,8.06,71.55,43.38,57.97,8.08
331.83,39.70,20.02,22.42,8.06,71.55,43.38,57.97,8.08
331.84,39.70,20.05,22.42,8.06,71.55,43.47,57.97,8.08
331.85,39.70,20.05,22.39,8.04,71.55,43.38,57.82,8.08
331.86,39.70,20.02,22.42,8.07,71.33,43.38,58.12,8.09
331.87,39.62,20.02,22.42,8.06,71.55,43.38,57.97,8.07
331.88,39.70,20.05,22.42,8.06,71.55,43.38,57.97,8.08
331.89,39.62,20.05,22.39,8.06,71.55,43.38,57.97,8.08
331.90,39.70,20.05,22.42,8.07,71.55,43.38,57.97,8.08
331.91,39.70,20.05,22.39,8.07,71.55,43.38,57.97,8.08
331.92,39.70,20.05,22.42,8.06,71.55,43.38,57.97,8.08
331.93,39.70,20.08,22.42,8.06,71.55,43.38,57.97,8.08
331.94,39.70,20.05,22.46,8.06,71.55,43.38,57.97,8.08
331.95,39.70,20.08,22.42,8.06,71.55,43.47,58.12,8.09
331.96,39.70,20.05,22.42,8.06,71.55,43.38,57.97,8.09
331.97,39.62,20.05,22.42,8.06,71.55,43.38,58.12,8.08
331.98,39.62,20.05,22.42,8.07,71.55,43.29,57.97,8.08
331.99,39.70,20.02,22.42,8.07,71.55,43.47,57.97,8.08
332.00,39.70,20.05,22.42,8.06,71.55,43.38,57.97,8.08
332.01,39.70,20.05,22.39,8.06,71.55,43.38,57.97,8.08
332.02,39.70,20.05,22.42,8.06,71.55,43.38,58.12,8.08
332.03,39.62,20.05,22.46,8.06,71.55,43.38,58.12,8.08
332.06,39.62,20.05,22.42,8.06,71.55,43.47,57.97,8.08
332.06,39.54,20.02,22.39,8.06,71.55,43.38,57.97,8.08
332.07,39.70,20.05,22.39,8.06,71.33,43.29,57.97,8.09
332.08,39.62,20.08,22.42,8.06,71.55,43.38,58.12,8.08
332.09,39.62,20.02,22.42,8.06,71.55,43.38,57.97,8.08
332.10,39.70,20.05,22.42,8.06,71.55,43.38,57.97,8.08
332.11,39.62,20.05,22.39,8.06,71.55,43.38,57.97,8.07
332.12,39.62,20.05,22.39,8.04,71.55,43.38,57.97,8.08
332.13,39.70,20.02,22.42,8.06,71.55,43.38,58.12,8.09
332.14,39.70,20.02,22.42,8.04,71.55,43.38,57.97,8.07
332.15,39.70,20.05,22.42,8.06,71.55,43.38,57.97,8.08
332.16,39.54,20.05,22.42,8.06,71.55,43.29,57.97,8.09
332.17,39.70,20.05,22.39,8.04,71.55,43.38,58.12,8.07
332.18,39.70,20.08,22.42,8.07,71.55,43.38,57.97,8.08
332.19,39.70,20.02,22.42,8.06,71.55,43.20,57.97,8.08
332.20,39.70,20.05,22.42,8.06,71.55,43.38,58.12,8.08
332.21,39.62,20.05,22.39,8.07,71.55,43.38,57.97,8.08
332.22,39.62,20.05,22.42,8.06,71.55,43.38,57.97,8.09
332.23,39.62,20.05,22.42,8.06,71.33,43.29,57.97,8.09
332.24,39.70,20.02,22.42,8.07,71.55,43.29,57.97,8.08
332.25,39.70,20.02,22.39,8.04,71.55,43.38,57.97,8.08
332.26,39.62,20.02,22.42,8.06,71.55,43.38,57.97,8.08
332.27,39.62,20.05,22.39,8.06,71.55,43.29,58.12,8.07
332.28,39.70,20.02,22.42,8.06,71.55,43.38,57.97,8.08
332.29,39.62,20.05,22.42,8.06,71.33,43.47,57.97,8.08
332.30,39.70,20.05,22.39,8.04,71.55,43.47,57.97,8.08
332.31,39.70,20.02,22.42,8.07,71.55,43.38,57.97,8.08
332.32,39.62,20.05,22.42,8.07,71.55,43.38,57.97,8.08
332.33,39.62,20.08,22.42,8.07,71.55,43.38,58.12,8.08
332.34,39.70,20.05,22.39,8.06,71.55,43.38,57.97,8.08
332.35,39.62,20.05,22.42,8.06,71.55,43.38,57.82,8.08
332.36,39.62,20.05,22.39,8.06,71.55,43.29,57.97,8.08
332.37,39.62,20.02,22.42,8.06,71.55,43.38,57.97,8.08
332.38,39.62,20.05,22.39,8.06,71.76,43.38,57.97,8.08
332.39,39.62,20.05,22.39,8.06,71.76,43.38,57.97,8.08
332.40,39.70,20.05,22.39,8.07,71.55,43.38,57.97,8.08
332.41,39.62,20.02,22.42,8.06,71.55,43.38,57.97,8.08
332.42,39.62,20.05,22.39,8.06,71.55,43.38,57.97,8.08
332.43,39.70,20.05,22.39,8.07,71.55,43.38,57.82,8.08
332.44,39.70,20.05,22.42,8.06,71.55,43.38,57.97,8.08
332.45,39.70,20.05,22.42,8.06,71.33,43.38,57.97,8.08
332.46,39.62,20.02,22.39,8.06,71.55,43.29,57.97,8.08
332.47,39.62,19.99,22.42,8.06,71.55,43.38,58.12,8.08
332.48,39.70,20.02,22.42,8.07,71.55,43.38,57.97,8.08
332.49,39.62,20.05,22.42,8.07,71.55,43.29,57.97,8.08
332.50,39.62,20.05,22.42,8.06,71.55,43.38,57.97,8.08
332.51,39.62,20.02,22.39,8.06,71.55,43.38,57.97,8.09
332.52,39.62,20.05,22.42,8.04,71.33,43.29,57.97,8.09
332.53,39.70,20.02,22.39,8.07,71.55,43.38,57.97,8.09
332.54,39.62,20.02,22.42,8.06,71.55,43.38,57.97,8.07
332.55,39.70,20.05,22.39,8.06,71.55,43.38,57.97,8.08
332.56,39.62,20.05,22.39,8.06,71.55,43.29,57.97,8.08
332.57,39.70,20.05,22.42,8.07,71.33,43.38,58.12,8.09
332.58,39.62,20.02,22.42,8.06,71.33,43.29,57.97,8.08
332.59,39.62,20.05,22.39,8.04,71.55,43.29,57.97,8.08
332.60,39.62,19.99,22.42,8.06,71.55,43.38,57.97,8.08
332.61,39.62,20.02,22.39,8.06,71.55,43.29,58.12,8.07
332.62,39.70,20.05,22.42,8.07,71.55,43.38,57.97,8.09
332.63,39.62,20.05,22.39,8.06,71.55,43.29,57.97,8.08
332.64,39.70,20.05,22.42,8.07,71.55,43.38,57.97,8.08
332.65,39.70,20.05,22.39,8.07,71.55,43.29,57.97,8.09
332.66,39.62,20.05,22.39,8.04,71.55,43.38,58.12,8.08
332.67,39.70,20.05,22.42,8.07,71.55,43.38,57.97,8.08
332.68,39.70,20.05,22.39,8.06,71.55,43.47,57.97,8.08
332.69,39.62,20.05,22.39,8.06,71.55,43.38,57.97,8.09
332.70,39.62,20.02,22.42,8.06,71.55,43.38,57.97,8.08
332.71,39.62,20.02,22.42,8.06,71.55,43.29,57.97,8.08
332.72,39.62,20.02,22.42,8.06,71.55,43.38,57.97,8.07
332.73,39.70,20.05,22.42,8.06,71.33,43.38,57.97,8.08
332.74,39.70,20.05,22.39,8.07,71.55,43.29,57.97,8.09
332.75,39.70,20.05,22.42,8.06,71.55,43.38,57.97,8.09
332.76,39.62,20.02,22.42,8.06,71.55,43.38,57.97,8.08
332.77,39.70,20.02,22.39,8.06,71.55,43.29,57.97,8.08
332.78,39.54,20.02,22.39,8.04,71.55,43.29,57.97,8.07
332.79,39.62,20.05,22.39,8.07,71.55,43.38,57.97,8.08
332.80,39.62,20.02,22.39,8.06,71.55,43.38,57.97,8.08
332.81,39.62,20.02,22.39,8.06,71.55,43.29,57.97,8.08
332.82,39.70,20.05,22.39,8.06,71.55,43.38,57.97,8.09
332.83,39.70,20.05,22.42,8.06,71.55,43.38,57.97,8.08
332.84,39.70,20.05,22.42,8.06,71.55,43.29,57.97,8.08
332.85,39.62,20.05,22.39,8.06,71.33,43.29,57.97,8.08
332.86,39.54,20.02,22.39,8.06,71.33,43.38,57.97,8.07
332.87,39.70,20.05,22.39,8.07,71.33,43.38,57.97,8.08
332.88,39.70,20.02,22.42,8.06,71.55,43.38,57.97,8.08
332.89,39.70,20.05,22.39,8.04,71.55,43.38,57.97,8.08
332.90,39.70,20.02,22.39,8.04,71.55,43.29,57.97,8.08
332.91,39.62,20.05,22.39,8.06,71.55,43.38,57.97,8.09
332.92,39.62,20.05,22.39,8.06,71.33,43.29,57.97,8.08
332.93,39.70,20.05,22.39,8.04,71.33,43.38,57.97,8.09
332.94,39.70,20.05,22.42,8.06,71.55,43.38,57.97,8.08
332.95,39.62,20.05,22.39,8.07,71.55,43.29,57.97,8.08
332.96,39.62,20.02,22.42,8.06,71.55,43.29,58.12,8.08
332.97,39.62,20.05,22.39,8.06,71.55,43.29,57.97,8.08
332.98,39.70,20.05,22.42,8.07,71.33,43.38,57.97,8.09
332.99,39.70,20.02,22.42,8.04,71.55,43.29,57.97,8.08
333.00,39.62,20.02,22.42,8.06,71.33,43.38,57.97,8.07
333.01,39.62,20.02,22.39,8.06,71.55,43.29,57.97,8.08
333.02,39.62,20.02,22.39,8.07,71.55,43.38,57.97,8.09
333.03,39.62,20.05,22.39,8.06,71.55,43.38,57.97,8.08
333.04,39.62,20.02,22.39,8.04,71.55,43.29,57.97,8.08
333.05,39.62,20.02,22.42,8.07,71.55,43.29,57.97,8.07
333.06,39.70,20.02,22.35,8.06,71.55,43.38,57.97,8.08
333.07,39.62,20.05,22.39,8.06,71.33,43.38,58.12,8.08
333.08,39.62,20.05,22.42,8.06,71.55,43.38,57.97,8.08
333.09,39.62,20.02,22.39,8.04,71.55,43.29,57.97,8.07
333.10,39.62,20.05,22.39,8.04,71.55,43.38,57.97,8.07
333.11,39.62,20.02,22.42,8.06,71.55,43.38,57.97,8.07
333.12,39.70,20.05,22.39,8.06,71.55,43.29,57.82,8.08
333.13,39.62,20.05,22.42,8.06,71.55,43.29,57.97,8.08
333.14,39.62,20.02,22.39,8.06,71.55,43.29,57.82,8.07
333.15,39.62,20.02,22.39,8.06,71.55,43.29,57.97,8.08
333.16,39.62,20.02,22.39,8.06,71.33,43.38,57.97,8.08
333.17,39.70,20.02,22.42,8.06,71.55,43.38,57.97,8.08
333.18,39.62,20.05,22.39,8.06,71.55,43.38,57.97,8.08
333.19,39.54,20.02,22.42,8.06,71.55,43.29,57.97,8.08
333.20,39.62,20.02,22.39,8.06,71.33,43.29,57.97,8.07
333.21,39.62,20.02,22.42,8.07,71.33,43.38,57.97,8.08
333.22,39.62,20.05,22.39,8.06,71.55,43.38,57.97,8.07
333.23,39.62,20.02,22.39,8.06,71.55,43.29,57.97,8.08
333.24,39.62,20.05,22.39,8.04,71.55,43.29,57.97,8.08
333.25,39.70,20.05,22.42,8.06,71.55,43.38,57.97,8.09
333.26,39.62,19.99,22.39,8.06,71.55,43.29,57.97,8.08
333.27,39.62,20.02,22.39,8.06,71.55,43.38,57.97,8.09
333.28,39.54,20.02,22.42,8.06,71.55,43.38,57.97,8.07
333.29,39.62,20.02,22.39,8.04,71.55,43.38,57.97,8.09
333.30,39.62,20.05,22.39,8.06,71.33,43.38,57.97,8.09
333.31,39.62,20.02,22.39,8.06,71.55,43.38,57.97,8.08
333.32,39.62,20.05,22.39,8.06,71.33,43.47,57.97,8.08
333.33,39.62,20.02,22.39,8.04,71.33,43.38,57.97,8.09
333.34,39.62,20.02,22.39,8.06,71.55,43.29,58.12,8.08
333.35,39.62,20.05,22.39,8.06,71.55,43.29,57.97,8.08
333.36,39.62,20.02,22.39,8.06,71.55,43.29,57.97,8.08
333.37,39.62,20.05,22.39,8.06,71.55,43.38,58.12,8.09
333.38,39.62,19.99,22.42,8.06,71.55,43.38,58.12,8.07
333.39,39.62,20.02,22.39,8.06,71.33,43.38,57.82,8.08
333.40,39.70,20.05,22.42,8.07,71.55,43.29,57.97,8.08
333.41,39.70,20.02,22.42,8.06,71.55,43.38,57.82,8.07
333.42,39.62,20.05,22.39,8.06,71.33,43.38,57.97,8.08
333.43,39.62,20.02,22.39,8.06,71.55,43.29,57.97,8.07
333.44,39.62,19.99,22.42,8.04,71.55,43.29,57.97,8.08
333.45,39.62,20.02,22.39,8.06,71.33,43.38,58.12,8.07
333.46,39.62,20.02,22.42,8.06,71.55,43.38,57.97,8.08
333.47,39.62,20.02,22.39,8.06,71.33,43.38,57.97,8.08
333.48,39.54,20.02,22.39,8.04,71.33,43.20,57.97,8.07
333.49,39.70,20.05,22.39,8.06,71.55,43.29,57.97,8.09
333.50,39.70,20.05,22.39,8.06,71.55,43.29,57.97,8.07
333.51,39.62,20.05,22.39,8.06,71.55,43.38,57.97,8.08
333.52,39.62,20.02,22.39,8.07,71.55,43.38,57.97,8.08
333.53,39.62,20.05,22.39,8.06,71.55,43.29,57.97,8.08
333.54,39.70,20.02,22.39,8.06,71.33,43.38,57.97,8.08
333.55,39.62,20.02,22.42,8.06,71.55,43.38,57.97,8.09
333.56,39.70,20.05,22.39,8.06,71.55,43.38,57.97,8.08
333.57,39.62,20.05,22.42,8.07,71.12,43.38,57.97,8.08
333.58,39.62,20.02,22.39,8.06,71.76,43.38,57.82,8.09
333.59,39.70,20.02,22.39,8.04,71.55,43.38,57.97,8.09
333.60,39.70,20.02,22.39,8.06,71.55,43.29,57.97,8.08
333.61,39.70,20.05,22.39,8.07,71.55,43.38,57.97,8.07
333.62,39.62,20.02,22.42,8.04,71.55,43.29,57.97,8.09
333.63,39.62,20.02,22.42,8.07,71.55,43.38,57.97,8.08
333.64,39.62,20.02,22.39,8.07,71.33,43.38,57.97,8.08
333.65,39.70,20.02,22.42,8.07,71.55,43.38,57.97,8.08
333.66,39.62,20.02,22.39,8.06,71.55,43.38,57.97,8.08
333.67,39.70,20.02,22.39,8.07,71.55,43.29,57.97,8.08
333.68,39.62,20.02,22.42,8.06,71.55,43.29,57.97,8.08
333.69,39.62,20.02,22.39,8.04,71.55,43.38,57.97,8.08
333.70,39.62,20.05,22.42,8.06,71.55,43.38,57.97,8.09
333.71,39.70,20.02,22.39,8.04,71.55,43.38,57.97,8.08
333.72,39.62,20.02,22.39,8.06,71.33,43.29,57.97,8.08
333.73,39.62,20.02,22.39,8.04,71.33,43.38,57.97,8.09
333.74,39.62,20.02,22.39,8.06,71.55,43.47,57.97,8.08
333.75,39.62,20.05,22.42,8.06,71.55,43.38,57.97,8.08
333.76,39.62,20.05,22.39,8.04,71.55,43.38,57.97,8.08
333.77,39.62,20.02,22.39,8.06,71.55,43.38,57.97,8.08
333.78,39.62,20.05,22.42,8.06,71.55,43.29,57.97,8.08
333.79,39.62,20.05,22.39,8.06,71.33,43.38,57.97,8.08
333.80,39.62,20.02,22.39,8.06,71.55,43.29,57.97,8.07
333.81,39.62,20.02,22.42,8.06,71.55,43.29,57.97,8.07
333.82,39.62,20.05,22.39,8.06,71.55,43.38,57.97,8.08
333.83,39.70,20.02,22.39,8.06,71.55,43.38,57.97,8.09
333.84,39.62,20.05,22.39,8.06,71.33,43.38,57.97,8.08
333.85,39.62,20.05,22.39,8.04,71.55,43.38,57.97,8.08
333.86,39.62,20.02,22.39,8.06,71.55,43.38,58.12,8.08
333.87,39.62,20.05,22.42,8.06,71.55,43.47,57.97,8.08
333.88,39.62,19.99,22.42,8.06,71.55,43.38,57.97,8.08
333.89,39.62,20.02,22.39,8.04,71.33,43.38,57.97,8.07
333.90,39.62,20.05,22.39,8.07,71.55,43.38,57.97,8.07
333.91,39.62,20.02,22.39,8.06,71.55,43.38,57.97,8.08
333.92,39.62,20.05,22.39,8.04,71.33,43.47,57.97,8.09
333.93,39.70,20.05,22.39,8.06,71.55,43.38,57.97,8.08
333.94,39.62,20.02,22.39,8.07,71.55,43.38,57.97,8.08
333.95,39.70,20.02,22.39,8.06,71.55,43.38,57.97,8.08
333.96,39.62,20.05,22.39,8.06,71.55,43.38,57.97,8.08
333.97,39.62,20.02,22.42,8.06,71.55,43.29,57.82,8.08
333.98,39.62,20.05,22.39,8.06,71.55,43.38,57.97,8.08
333.99,39.62,20.02,22.42,8.06,71.55,43.38,57.97,8.08
334.00,39.62,20.02,22.39,8.04,71.33,43.38,57.97,8.08
334.01,39.62,20.05,22.39,8.04,71.55,43.38,57.97,8.08
334.02,39.62,20.05,22.35,8.04,71.33,43.38,58.12,8.08
334.03,39.62,20.02,22.39,8.04,71.55,43.29,58.12,8.08
334.04,39.62,20.02,22.39,8.06,71.33,43.47,57.97,8.08
334.05,39.62,20.05,22.39,8.06,71.55,43.29,57.97,8.08
334.06,39.62,20.02,22.39,8.06,71.33,43.38,57.97,8.08
334.07,39.62,19.99,22.39,8.06,71.33,43.38,58.12,8.09
334.08,39.70,20.02,22.39,8.06,71.55,43.38,57.97,8.08
334.09,39.62,20.02,22.42,8.07,71.55,43.38,57.97,8.08
334.10,39.62,20.02,22.39,8.07,71.33,43.38,57.97,8.09
334.11,39.62,20.02,22.39,8.06,71.33,43.38,57.97,8.08
334.12,39.62,20.05,22.39,8.06,71.33,43.29,57.97,8.08
334.13,39.70,20.05,22.39,8.04,71.55,43.29,57.97,8.08
334.14,39.62,20.02,22.39,8.04,71.55,43.38,57.97,8.09
334.15,39.70,20.05,22.42,8.04,71.55,43.47,57.97,8.09
334.16,39.62,20.05,22.39,8.06,71.55,43.38,57.97,8.08
334.17,39.62,20.02,22.39,8.04,71.55,43.29,57.97,8.07
334.18,39.70,20.02,22.39,8.07,71.55,43.38,57.97,8.07
334.19,39.54,20.02,22.42,8.06,71.55,43.38,57.97,8.08
334.20,39.62,20.02,22.39,8.04,71.55,43.29,57.97,8.08
334.21,39.62,20.05,22.39,8.06,71.55,43.47,57.97,8.08
334.22,39.62,20.02,22.39,8.06,71.55,43.38,57.97,8.09
334.23,39.54,20.02,22.39,8.04,71.33,43.38,57.97,8.08
334.24,39.62,20.02,22.39,8.06,71.55,43.38,57.97,8.09
334.25,39.62,20.02,22.39,8.04,71.55,43.29,58.12,8.08
334.26,39.54,20.02,22.39,8.06,71.55,43.38,57.97,8.08
334.27,39.62,20.02,22.39,8.04,71.55,43.29,57.97,8.07
334.28,39.70,20.02,22.42,8.06,71.33,43.29,57.97,8.08
334.29,39.70,20.02,22.39,8.06,71.55,43.38,57.97,8.08
334.30,39.62,20.02,22.42,8.06,71.55,43.38,57.97,8.08
334.31,39.62,20.05,22.42,8.04,71.55,43.38,57.97,8.09
334.32,39.62,20.05,22.42,8.07,71.55,43.38,57.97,8.08
334.33,39.70,20.05,22.42,8.04,71.55,43.29,57.97,8.08
334.34,39.70,19.99,22.39,8.07,71.55,43.38,57.97,8.09
334.35,39.62,20.02,22.39,8.06,71.55,43.38,57.97,8.07
334.36,39.62,20.02,22.39,8.04,71.55,43.29,57.97,8.08
334.37,39.62,20.02,22.39,8.04,71.33,43.29,57.97,8.08
334.38,39.62,20.02,22.42,8.06,71.55,43.29,57.97,8.08
334.39,39.70,20.05,22.39,8.07,71.55,43.38,57.97,8.08
334.40,39.62,20.02,22.39,8.06,71.55,43.29,57.97,8.07
334.41,39.62,20.05,22.39,8.07,71.55,43.29,57.97,8.08
334.42,39.62,20.02,22.42,8.06,71.55,43.29,57.97,8.08
334.43,39.62,20.02,22.39,8.04,71.55,43.29,57.97,8.09
334.44,39.70,20.02,22.39,8.04,71.33,43.29,57.97,8.07
334.45,39.62,20.02,22.42,8.06,71.55,43.29,58.12,8.08
334.46,39.62,20.05,22.42,8.06,71.55,43.38,57.97,8.09
334.47,39.62,20.02,22.39,8.06,71.55,43.38,57.97,8.08
334.48,39.70,20.02,22.42,8.06,71.55,43.38,57.97,8.09
334.49,39.62,20.05,22.39,8.06,71.55,43.38,58.12,8.09
334.50,39.62,19.99,22.42,8.06,71.33,43.38,57.97,8.07
334.51,39.62,20.02,22.39,8.06,71.33,43.29,57.97,8.09
334.52,39.62,20.02,22.42,8.06,71.55,43.38,57.97,8.07
334.53,39.62,20.02,22.39,8.04,71.55,43.38,57.97,8.08
334.54,39.62,20.02,22.39,8.06,71.55,43.29,57.97,8.08
334.55,39.62,20.05,22.39,8.06,71.55,43.47,58.12,8.08
334.56,39.70,20.02,22.39,8.07,71.55,43.38,57.97,8.08
334.57,39.62,20.05,22.39,8.06,71.55,43.38,57.97,8.09
334.58,39.70,20.02,22.42,8.07,71.55,43.38,57.97,8.07
334.59,39.70,20.02,22.39,8.06,71.55,43.38,57.97,8.09
334.60,39.62,20.05,22.42,8.06,71.55,43.38,57.97,8.08
334.61,39.62,20.02,22.39,8.06,71.33,43.38,57.97,8.08
334.62,39.70,20.02,22.42,8.07,71.55,43.38,57.97,8.08
334.63,39.62,20.02,22.39,8.06,71.55,43.38,57.97,8.08
334.64,39.62,20.05,22.42,8.06,71.55,43.38,57.97,8.08
334.65,39.70,20.02,22.39,8.06,71.55,43.38,57.97,8.09
334.66,39.62,20.02,22.39,8.06,71.55,43.38,57.97,8.08
334.67,39.62,20.02,22.39,8.04,71.33,43.38,57.97,8.08
334.68,39.70,20.05,22.42,8.07,71.55,43.38,57.97,8.08
334.69,39.54,20.05,22.39,8.06,71.55,43.38,57.97,8.08
334.70,39.54,20.05,22.46,8.06,71.55,43.29,57.97,8.08
334.71,39.62,20.05,22.46,8.06,71.55,43.47,57.97,8.08
334.72,39.70,20.02,22.39,8.07,71.55,43.38,57.97,8.08
334.73,39.62,20.05,22.42,8.04,71.55,43.29,57.97,8.08
334.74,39.70,20.02,22.39,8.06,71.55,43.38,57.97,8.08
334.75,39.70,20.05,22.39,8.07,71.33,43.29,57.97,8.08
334.76,39.62,20.02,22.39,8.06,71.55,43.38,58.12,8.09
334.77,39.62,20.05,22.39,8.04,71.55,43.38,57.97,8.07
334.78,39.62,20.02,22.39,8.04,71.33,43.38,57.97,8.08
334.79,39.62,20.02,22.42,8.06,71.55,43.47,57.97,8.08
334.80,39.70,20.05,22.39,8.06,71.55,43.47,57.97,8.07
334.81,39.70,20.02,22.39,8.07,71.55,43.38,57.97,8.07
334.82,39.70,20.05,22.42,8.06,71.55,43.29,57.82,8.07
334.83,39.70,20.02,22.39,8.06,71.55,43.47,58.27,8.08
334.84,39.62,20.02,22.42,8.04,71.55,43.38,57.82,8.08
334.85,39.62,20.05,22.39,8.04,71.55,43.38,57.97,8.08
334.86,39.62,19.99,22.42,8.07,71.55,43.38,58.12,8.09
334.87,39.62,20.02,22.39,8.06,71.33,43.38,58.12,8.08
334.88,39.62,20.02,22.42,8.06,71.55,43.38,57.97,8.08
334.89,39.62,20.05,22.39,8.04,71.55,43.38,58.12,8.08
334.90,39.70,20.05,22.39,8.07,71.55,43.47,57.97,8.08
334.91,39.62,20.02,22.39,8.07,71.55,43.38,57.97,8.08
334.92,39.70,20.02,22.42,8.04,71.33,43.38,57.97,8.08
334.93,39.62,20.02,22.39,8.06,71.33,43.38,57.97,8.08
334.94,39.62,20.02,22.39,8.06,71.55,43.38,57.97,8.08
334.95,39.70,20.02,22.39,8.06,71.55,43.38,57.97,8.09
334.96,39.62,20.02,22.42,8.06,71.55,43.38,57.97,8.07
334.97,39.70,20.05,22.39,8.06,71.55,43.47,57.97,8.08
334.98,39.70,20.05,22.39,8.06,71.55,43.38,58.12,8.08
334.99,39.70,20.05,22.42,8.06,71.55,43.29,57.97,8.09
335.00,39.62,20.02,22.39,8.06,71.33,43.38,57.97,8.07
335.01,39.70,20.02,22.42,8.06,71.55,43.29,57.97,8.08
335.02,39.62,20.05,22.42,8.04,71.55,43.38,57.97,8.08
335.03,39.70,20.02,22.42,8.06,71.33,43.38,57.97,8.08
335.04,39.62,20.05,22.39,8.06,71.55,43.38,57.97,8.08
335.05,39.70,20.02,22.42,8.06,71.55,43.38,58.12,8.09
335.06,39.62,20.02,22.39,8.07,71.55,43.38,57.97,8.08
335.07,39.62,20.05,22.39,8.04,71.55,43.38,57.97,8.08
335.08,39.70,20.05,22.42,8.06,71.55,43.38,57.97,8.08
335.09,39.62,20.02,22.42,8.06,71.33,43.38,57.97,8.08
335.10,39.62,20.05,22.39,8.06,71.76,43.38,57.97,8.07
335.11,39.62,20.02,22.42,8.06,71.55,43.38,58.27,8.08
335.12,39.62,20.02,22.42,8.07,71.55,43.38,57.97,8.08
335.13,39.62,20.02,22.42,8.06,71.55,43.38,58.12,8.08
335.14,39.70,20.05,22.39,8.06,71.55,43.38,57.97,8.08
335.15,39.70,20.05,22.39,8.06,71.55,43.38,57.97,8.08
335.16,39.62,20.05,22.42,8.06,71.55,43.38,58.12,8.08
335.17,39.70,20.05,22.39,8.04,71.55,43.38,58.12,8.08
335.18,39.70,20.05,22.42,8.06,71.55,43.38,58.12,8.09
335.19,39.62,20.02,22.42,8.06,71.55,43.38,57.97,8.07
335.20,39.70,20.05,22.42,8.07,71.55,43.29,57.97,8.08
335.21,39.62,20.02,22.39,8.04,71.55,43.38,57.97,8.09
335.22,39.62,20.02,22.39,8.06,71.55,43.38,57.97,8.09
335.23,39.62,20.05,22.42,8.06,71.33,43.47,57.97,8.07
335.24,39.70,20.05,22.42,8.06,71.55,43.38,57.97,8.09
335.25,39.62,20.02,22.39,8.04,71.55,43.38,57.97,8.08
335.26,39.70,20.05,22.42,8.06,71.55,43.38,57.97,8.08
335.27,39.70,20.02,22.42,8.06,71.55,43.38,57.97,8.09
335.28,39.62,20.02,22.42,8.06,71.55,43.38,57.97,8.08
335.29,39.62,20.02,22.42,8.07,71.55,43.38,57.97,8.08
335.30,39.70,20.05,22.42,8.06,71.55,43.38,58.12,8.08
335.31,39.70,20.05,22.39,8.04,71.55,43.38,57.97,8.08
335.32,39.62,20.05,22.42,8.06,71.55,43.38,57.97,8.09
335.33,39.62,20.02,22.42,8.07,71.55,43.47,58.12,8.08
335.34,39.62,20.02,22.42,8.04,71.55,43.38,57.97,8.08
335.35,39.62,20.02,22.42,8.07,71.55,43.38,57.97,8.08
335.36,39.70,20.05,22.39,8.04,71.33,43.38,57.97,8.08
335.37,39.62,20.05,22.39,8.07,71.55,43.38,57.97,8.08
335.38,39.70,20.05,22.42,8.06,71.33,43.38,58.12,8.08
335.39,39.70,20.02,22.42,8.07,71.55,43.47,57.97,8.08
335.40,39.70,20.02,22.42,8.06,71.55,43.38,57.97,8.08
335.41,39.62,20.05,22.39,8.04,71.55,43.29,58.12,8.09
335.42,39.62,20.02,22.42,8.07,71.55,43.38,57.97,8.08
335.43,39.70,20.05,22.39,8.07,71.55,43.47,57.97,8.08
335.44,39.70,20.05,22.39,8.07,71.55,43.47,57.97,8.08
335.45,39.62,20.05,22.42,8.07,71.55,43.38,58.12,8.08
335.46,39.70,20.02,22.39,8.06,71.55,43.38,57.97,8.08
335.47,39.62,20.02,22.42,8.04,71.55,43.47,58.12,8.08
335.48,39.62,20.05,22.39,8.04,71.55,43.38,58.12,8.08
335.49,39.70,20.05,22.39,8.06,71.55,43.38,57.97,8.07
335.50,39.62,20.02,22.42,8.06,71.55,43.38,57.97,8.08
335.51,39.70,20.05,22.42,8.06,71.55,43.29,57.97,8.08
335.52,39.70,20.08,22.39,8.06,71.55,43.38,57.97,8.08
335.53,39.62,20.05,22.39,8.04,71.55,43.29,57.97,8.08
335.54,39.62,20.02,22.39,8.07,71.55,43.47,57.97,8.08
335.55,39.70,20.05,22.39,8.06,71.55,43.38,58.12,8.08
335.56,39.62,20.05,22.42,8.06,71.55,43.29,57.97,8.07
335.57,39.62,20.02,22.39,8.06,71.55,43.47,58.12,8.08
335.58,39.70,20.05,22.39,8.06,71.55,43.38,57.97,8.09
335.59,39.62,20.05,22.39,8.07,71.55,43.38,57.97,8.08
335.60,39.62,20.05,22.42,8.06,71.55,43.38,58.12,8.08
335.61,39.62,20.05,22.39,8.06,71.55,43.38,57.97,8.08
335.62,39.70,20.02,22.39,8.06,71.55,43.38,57.97,8.08
335.63,39.62,20.02,22.42,8.06,71.55,43.38,58.12,8.08
335.64,39.62,20.05,22.42,8.06,71.55,43.47,57.97,8.08
335.65,39.70,20.02,22.42,8.06,71.55,43.29,57.97,8.08
335.66,39.62,20.05,22.39,8.04,71.55,43.47,57.97,8.08
335.67,39.70,20.05,22.39,8.06,71.55,43.38,57.97,8.07
335.68,39.62,20.02,22.42,8.07,71.55,43.38,57.97,8.08
335.69,39.70,20.02,22.42,8.07,71.55,43.38,57.97,8.08
335.70,39.70,20.05,22.42,8.06,71.55,43.38,57.97,8.07
335.71,39.70,20.05,22.42,8.07,71.55,43.38,58.12,8.09
335.72,39.70,20.05,22.39,8.06,71.55,43.38,57.97,8.08
335.73,39.70,20.05,22.42,8.06,71.55,43.38,57.97,8.07
335.74,39.62,20.05,22.42,8.06,71.33,43.38,57.97,8.08
335.75,39.70,20.02,22.42,8.06,71.55,43.38,58.12,8.09
335.76,39.70,20.02,22.39,8.04,71.55,43.56,57.97,8.08
335.77,39.70,20.05,22.39,8.06,71.55,43.38,57.97,8.08
335.78,39.70,20.02,22.42,8.06,71.55,43.38,58.12,8.08
335.79,39.70,20.05,22.39,8.07,71.55,43.38,57.97,8.08
335.80,39.70,20.05,22.39,8.06,71.55,43.29,57.97,8.08
335.81,39.70,20.02,22.39,8.04,71.55,43.38,58.12,8.08
335.82,39.62,20.02,22.42,8.06,71.55,43.38,58.12,8.09
335.83,39.70,20.02,22.39,8.06,71.55,43.38,57.97,8.08
335.84,39.62,20.02,22.42,8.06,71.55,43.38,58.12,8.08
335.85,39.70,20.05,22.42,8.06,71.55,43.38,57.97,8.08
335.86,39.70,20.05,22.42,8.06,71.55,43.38,57.97,8.09
335.87,39.54,20.02,22.39,8.04,71.55,43.38,57.97,8.08
335.88,39.70,20.02,22.42,8.06,71.55,43.38,58.12,8.08
335.89,39.70,20.05,22.42,8.07,71.55,43.38,57.97,8.08
335.90,39.70,20.05,22.39,8.06,71.55,43.38,58.12,8.08
335.91,39.70,20.05,22.46,8.06,71.55,43.38,57.97,8.08
335.92,39.70,20.02,22.42,8.07,71.76,43.38,58.12,8.08
335.93,39.70,20.02,22.42,8.06,71.55,43.38,58.12,8.08
335.94,39.70,20.05,22.39,8.06,71.76,43.38,57.97,8.08
335.95,39.70,20.02,22.42,8.06,71.55,43.38,57.97,8.09
335.96,39.70,20.02,22.42,8.06,71.33,43.38,58.12,8.08
335.97,39.62,20.02,22.42,8.06,71.55,43.38,57.97,8.08
335.98,39.62,20.02,22.42,8.06,71.55,43.38,57.97,8.09
335.99,39.62,20.02,22.42,8.06,71.55,43.38,57.97,8.08
336.00,39.70,20.05,22.42,8.06,71.55,43.47,57.82,8.08
336.01,39.70,20.02,22.39,8.06,71.55,43.38,58.12,8.09
336.02,39.62,20.02,22.39,8.04,71.55,43.47,57.82,8.09
336.03,39.70,20.08,22.39,8.04,71.55,43.38,57.97,8.08
336.04,39.70,20.05,22.39,8.06,71.55,43.29,57.97,8.08
336.05,39.70,20.05,22.39,8.06,71.55,43.38,57.97,8.09
336.06,39.70,20.05,22.39,8.06,71.55,43.38,57.82,8.08
336.07,39.70,20.05,22.42,8.06,71.55,43.38,57.97,8.07
336.08,39.70,20.05,22.39,8.06,71.55,43.29,58.12,8.08
336.09,39.62,20.05,22.39,8.06,71.55,43.47,58.12,8.08
336.10,39.62,20.05,22.39,8.04,71.55,43.29,58.12,8.08
336.11,39.70,20.02,22.39,8.04,71.55,43.38,58.12,8.08
336.12,39.70,20.02,22.42,8.06,71.55,43.38,57.97,8.09
336.13,39.70,20.05,22.39,8.06,71.55,43.38,57.97,8.07
336.14,39.62,20.05,22.39,8.04,71.55,43.38,57.97,8.07
336.15,39.70,20.05,22.42,8.07,71.55,43.38,57.97,8.09
336.16,39.70,20.05,22.42,8.06,71.55,43.38,58.12,8.08
336.17,39.70,20.05,22.39,8.06,71.55,43.47,57.97,8.07
336.18,39.70,20.02,22.39,8.06,71.55,43.38,57.97,8.08
336.19,39.70,20.05,22.39,8.06,71.55,43.38,57.97,8.08
336.20,39.70,20.05,22.39,8.06,71.55,43.38,57.97,8.08
336.21,39.70,20.02,22.42,8.04,71.55,43.38,58.12,8.09
336.22,39.62,20.05,22.39,8.06,71.55,43.47,57.97,8.08
336.23,39.70,20.05,22.39,8.06,71.55,43.38,57.97,8.08
336.24,39.70,20.02,22.42,8.06,71.55,43.38,58.12,8.09
336.25,39.70,20.08,22.42,8.06,71.55,43.47,58.12,8.08
336.26,39.70,20.02,22.39,8.06,71.76,43.38,58.12,8.08
336.27,39.62,20.05,22.42,8.06,71.55,43.38,57.97,8.08
336.28,39.70,20.05,22.42,8.06,71.55,43.38,58.12,8.08
336.29,39.62,20.02,22.42,8.06,71.55,43.47,57.97,8.08
336.30,39.70,20.02,22.39,8.06,71.55,43.38,57.97,8.08
336.31,39.70,20.05,22.39,8.06,71.55,43.38,57.97,8.08
336.32,39.70,20.02,22.39,8.06,71.55,43.38,57.97,8.08
336.33,39.70,20.02,22.39,8.06,71.33,43.38,57.97,8.08
336.34,39.62,20.05,22.39,8.06,71.55,43.38,57.97,8.08
336.35,39.70,20.02,22.42,8.06,71.55,43.38,58.12,8.08
336.36,39.70,20.05,22.39,8.06,71.55,43.38,57.97,8.08
336.37,39.70,20.05,22.39,8.06,71.55,43.38,57.97,8.08
336.38,39.70,20.05,22.42,8.06,71.33,43.38,58.12,8.09
336.39,39.70,20.02,22.42,8.06,71.55,43.38,57.97,8.07
336.40,39.70,20.05,22.42,8.06,71.55,43.38,57.97,8.08
336.41,39.70,20.02,22.42,8.06,71.55,43.38,58.12,8.09
336.42,39.70,20.05,22.42,8.06,71.55,43.38,57.97,8.08
336.43,39.62,20.05,22.42,8.06,71.55,43.38,58.12,8.08
336.44,39.62,20.05,22.42,8.07,71.55,43.47,57.97,8.08
336.45,39.70,20.02,22.42,8.06,71.55,43.38,57.97,8.08
336.46,39.70,20.05,22.39,8.06,71.55,43.38,57.97,8.08
336.47,39.70,20.05,22.42,8.06,71.76,43.47,58.12,8.08
336.48,39.70,20.02,22.42,8.06,71.55,43.38,57.97,8.08
336.49,39.70,20.02,22.39,8.06,71.55,43.38,57.97,8.08
336.50,39.70,20.02,22.42,8.06,71.55,43.38,58.12,8.08
336.51,39.70,20.05,22.39,8.07,71.55,43.38,58.12,8.09
336.52,39.62,20.02,22.42,8.06,71.55,43.47,57.97,8.08
336.53,39.70,20.05,22.42,8.06,71.55,43.38,57.97,8.08
336.54,39.70,20.05,22.39,8.06,71.55,43.38,58.12,8.08
336.55,39.70,20.05,22.42,8.06,71.55,43.38,57.97,8.07
336.56,39.62,20.05,22.42,8.06,71.55,43.38,58.12,8.09
336.57,39.70,20.02,22.42,8.06,71.55,43.38,57.97,8.07
336.58,39.62,20.05,22.42,8.04,71.55,43.38,58.12,8.09
336.59,39.70,20.02,22.42,8.06,71.55,43.38,57.97,8.10
336.60,39.62,20.05,22.39,8.06,71.55,43.38,58.12,8.08
336.61,39.70,20.05,22.39,8.07,71.55,43.47,58.12,8.08
336.62,39.70,20.05,22.39,8.06,71.55,43.38,58.12,8.08
336.63,39.70,20.08,22.39,8.06,71.55,43.47,57.97,8.08
336.64,39.70,20.05,22.42,8.06,71.76,43.47,57.97,8.08
336.65,39.70,20.05,22.46,8.07,71.55,43.47,57.97,8.09
336.66,39.70,20.05,22.39,8.07,71.55,43.47,57.97,8.08
336.67,39.70,20.02,22.39,8.06,71.55,43.38,57.97,8.08
336.68,39.62,20.02,22.42,8.06,71.76,43.38,57.97,8.08
336.69,39.70,20.05,22.42,8.06,71.55,43.38,58.12,8.09
336.70,39.62,20.02,22.42,8.06,71.55,43.38,57.97,8.08
336.71,39.70,20.05,22.42,8.07,71.55,43.38,57.97,8.08
336.72,39.70,20.02,22.42,8.06,71.55,43.38,57.97,8.07
336.73,39.70,20.05,22.42,8.07,71.55,43.38,58.12,8.08
336.74,39.70,20.05,22.42,8.06,71.55,43.29,57.97,8.08
336.75,39.70,20.05,22.42,8.07,71.55,43.38,57.97,8.09
336.76,39.70,20.02,22.42,8.06,71.55,43.38,57.97,8.08
336.77,39.70,20.05,22.42,8.06,71.55,43.38,57.97,8.07
336.78,39.70,20.05,22.39,8.06,71.55,43.38,57.97,8.08
336.79,39.70,20.05,22.42,8.06,71.55,43.38,57.97,8.09
336.80,39.70,20.02,22.39,8.06,71.55,43.47,58.12,8.08
336.81,39.70,20.02,22.42,8.06,71.55,43.38,58.12,8.08
336.82,39.62,20.08,22.42,8.07,71.55,43.38,58.12,8.09
336.83,39.62,20.05,22.42,8.04,71.55,43.38,58.12,8.09
336.84,39.70,20.11,22.42,8.06,71.55,43.47,57.97,8.08
336.85,39.70,20.05,22.42,8.06,71.55,43.38,57.97,8.08
336.86,39.70,20.05,22.39,8.04,71.55,43.47,57.97,8.07
336.87,39.62,20.02,22.42,8.04,71.55,43.38,57.97,8.08
336.88,39.70,20.02,22.42,8.06,71.55,43.47,57.97,8.08
336.89,39.70,20.05,22.39,8.06,71.55,43.47,58.12,8.08
336.90,39.70,20.05,22.39,8.06,71.55,43.47,58.12,8.08
336.91,39.62,20.05,22.39,8.06,71.55,43.47,57.97,8.07
336.92,39.70,20.05,22.42,8.06,71.55,43.29,58.12,8.08
336.93,39.62,20.05,22.42,8.07,71.55,43.47,57.97,8.08
336.94,39.62,20.05,22.42,8.06,71.55,43.38,57.97,8.09
336.95,39.70,20.05,22.39,8.04,71.55,43.29,57.97,8.08
336.96,39.70,20.05,22.39,8.06,71.55,43.47,58.12,8.08
336.97,39.62,20.02,22.42,8.06,71.55,43.38,57.97,8.08
336.98,39.70,20.05,22.42,8.06,71.55,43.29,57.97,8.09
336.99,39.62,20.05,22.42,8.07,71.55,43.38,57.97,8.08
337.00,39.62,20.05,22.42,8.07,71.55,43.38,58.12,8.09
337.01,39.70,20.02,22.42,8.06,71.55,43.38,57.97,8.06
337.02,39.70,20.05,22.42,8.07,71.55,43.38,58.12,8.09
337.03,39.70,20.05,22.42,8.06,71.55,43.38,57.97,8.08
337.04,39.62,20.02,22.42,8.06,71.55,43.38,58.12,8.08
337.05,39.62,20.05,22.46,8.07,71.55,43.38,57.97,8.08
337.06,39.70,20.05,22.46,8.06,71.55,43.47,58.12,8.09
337.07,39.70,20.02,22.39,8.06,71.55,43.38,57.97,8.08
337.08,39.70,20.02,22.42,8.06,71.55,43.38,58.12,8.08
337.09,39.70,20.08,22.42,8.06,71.55,43.38,58.12,8.08
337.10,39.62,20.05,22.39,8.07,71.55,43.38,58.12,8.09
337.11,39.70,20.02,22.42,8.06,71.55,43.47,58.12,8.09
337.12,39.62,20.05,22.42,8.06,71.55,43.47,57.97,8.07
337.13,39.62,20.02,22.39,8.06,71.55,43.38,57.97,8.07
337.14,39.70,20.05,22.39,8.06,71.33,43.38,58.12,8.09
337.15,39.70,20.05,22.39,8.06,71.55,43.38,58.12,8.09
337.16,39.70,20.05,22.42,8.06,71.33,43.38,58.12,8.08
337.17,39.70,20.02,22.42,8.06,71.55,43.47,57.97,8.08
337.18,39.70,20.05,22.39,8.04,71.55,43.38,57.97,8.08
337.19,39.70,20.05,22.42,8.06,71.55,43.38,57.97,8.08
337.20,39.70,20.02,22.42,8.06,71.55,43.38,57.82,8.08
337.21,39.70,20.05,22.42,8.07,71.55,43.38,58.27,8.09
337.22,39.70,20.05,22.42,8.06,71.55,43.47,57.97,8.08
337.23,39.70,20.02,22.42,8.06,71.55,43.38,58.12,8.09
337.24,39.70,20.05,22.42,8.06,71.55,43.38,57.97,8.08
337.25,39.62,20.05,22.42,8.06,71.55,43.47,57.97,8.08
337.26,39.70,20.02,22.42,8.06,71.55,43.47,57.97,8.08
337.27,39.70,20.05,22.42,8.07,71.55,43.47,57.97,8.08
337.28,39.70,20.02,22.39,8.06,71.55,43.47,57.97,8.08
337.29,39.70,20.05,22.39,8.06,71.55,43.47,58.12,8.08
337.30,39.62,20.05,22.42,8.06,71.55,43.29,57.97,8.08
337.31,39.70,20.05,22.39,8.06,71.55,43.38,57.97,8.08
337.32,39.70,20.05,22.42,8.06,71.55,43.38,58.12,8.09
337.33,39.70,20.02,22.42,8.06,71.55,43.38,57.97,8.08
337.34,39.62,20.05,22.42,8.06,71.55,43.47,58.12,8.08
337.35,39.62,20.05,22.42,8.06,71.55,43.38,57.97,8.08
337.36,39.70,20.02,22.42,8.06,71.55,43.38,58.12,8.08
337.37,39.62,20.05,22.39,8.07,71.55,43.38,57.97,8.09
337.38,39.70,20.05,22.39,8.07,71.55,43.38,57.97,8.09
337.39,39.70,20.02,22.42,8.06,71.55,43.38,58.12,8.08
337.40,39.62,20.05,22.42,8.07,71.55,43.56,58.12,8.09
337.41,39.70,20.05,22.42,8.07,71.55,43.56,57.97,8.07
337.42,39.70,20.02,22.39,8.06,71.55,43.47,58.12,8.10
337.43,39.70,20.02,22.42,8.06,71.55,43.47,57.97,8.09
337.44,39.70,20.05,22.42,8.06,71.55,43.38,57.97,8.09
337.45,39.70,20.05,22.42,8.06,71.55,43.38,58.12,8.07
337.46,39.70,20.05,22.39,8.04,71.55,43.47,57.97,8.08
337.47,39.62,20.02,22.42,8.06,71.55,43.47,57.97,8.08
337.48,39.70,20.02,22.39,8.06,71.55,43.38,57.97,8.07
337.49,39.70,20.02,22.39,8.06,71.76,43.38,57.97,8.09
337.50,39.62,20.05,22.39,8.06,71.55,43.47,57.97,8.10
337.51,39.70,20.05,22.42,8.06,71.55,43.38,58.12,8.07
337.52,39.70,20.02,22.39,8.07,71.55,43.38,57.97,8.07
337.53,39.70,20.02,22.42,8.06,71.55,43.38,57.97,8.08
337.54,39.70,20.02,22.46,8.07,71.55,43.38,57.97,8.08
337.55,39.70,20.02,22.39,8.07,71.55,43.38,57.97,8.09
337.56,39.70,20.02,22.42,8.06,71.55,43.38,58.12,8.08
337.57,39.62,20.05,22.42,8.06,71.55,43.38,58.12,8.09
337.58,39.70,20.02,22.39,8.07,71.55,43.38,58.12,8.08
337.59,39.70,20.05,22.42,8.06,71.55,43.38,57.97,8.07
337.60,39.70,20.02,22.42,8.06,71.55,43.47,57.97,8.08
337.61,39.62,20.05,22.39,8.06,71.55,43.38,58.12,8.08
337.62,39.62,20.05,22.39,8.07,71.55,43.47,58.12,8.08
337.63,39.70,20.05,22.39,8.06,71.55,43.47,57.97,8.09
337.64,39.62,20.05,22.42,8.07,71.33,43.38,57.97,8.08
337.65,39.54,20.02,22.42,8.07,71.55,43.47,58.12,8.07
337.66,39.70,20.05,22.42,8.06,71.55,43.38,58.12,8.08
337.67,39.70,20.05,22.39,8.07,71.55,43.38,57.97,8.09
337.68,39.62,20.05,22.39,8.06,71.55,43.38,58.12,8.08
337.69,39.70,20.05,22.42,8.06,71.55,43.38,57.97,8.08
337.70,39.70,20.02,22.39,8.06,71.55,43.38,57.97,8.07
337.71,39.70,20.05,22.39,8.06,71.55,43.38,58.12,8.08
337.72,39.70,20.05,22.42,8.07,71.55,43.47,57.97,8.08
337.73,39.70,20.05,22.42,8.06,71.55,43.47,58.12,8.07
337.74,39.70,20.05,22.42,8.07,71.33,43.38,57.97,8.09
337.75,39.70,20.05,22.39,8.06,71.55,43.38,58.12,8.08
337.76,39.70,20.05,22.42,8.06,71.55,43.47,58.12,8.08
337.77,39.70,20.02,22.42,8.06,71.55,43.47,58.12,8.09
337.78,39.70,20.02,22.42,8.06,71.55,43.38,57.97,8.08
337.79,39.62,20.02,22.39,8.06,71.55,43.38,57.97,8.08
337.80,39.62,20.05,22.39,8.06,71.55,43.38,57.97,8.09
337.81,39.70,20.05,22.39,8.06,71.55,43.29,58.12,8.08
337.82,39.70,20.02,22.39,8.04,71.55,43.38,57.97,8.08
337.83,39.62,20.05,22.42,8.06,71.55,43.38,57.97,8.08
337.84,39.62,20.05,22.39,8.07,71.55,43.38,57.97,8.09
337.85,39.70,20.05,22.42,8.04,71.55,43.38,58.12,8.08
337.86,39.70,20.05,22.42,8.06,71.55,43.38,57.97,8.08
337.87,39.70,20.02,22.42,8.06,71.33,43.47,58.12,8.08
337.88,39.62,20.02,22.42,8.06,71.76,43.38,57.97,8.09
337.89,39.62,20.02,22.42,8.06,71.55,43.38,57.97,8.08
337.90,39.62,20.05,22.39,8.06,71.55,43.38,57.97,8.08
337.91,39.70,20.05,22.39,8.06,71.55,43.38,58.12,8.08
337.92,39.70,20.02,22.39,8.06,71.55,43.38,57.97,8.08
337.93,39.70,20.05,22.39,8.07,71.55,43.38,57.97,8.09
337.94,39.62,20.02,22.39,8.06,71.55,43.38,58.12,8.09
337.95,39.70,19.99,22.39,8.06,71.55,43.38,57.97,8.08
337.96,39.62,20.05,22.42,8.06,71.76,43.47,57.97,8.08
337.97,39.70,20.02,22.39,8.04,71.55,43.38,57.97,8.08
337.98,39.62,20.02,22.39,8.06,71.55,43.38,57.97,8.07
337.99,39.62,20.02,22.39,8.06,71.55,43.38,58.12,8.07
338.00,39.62,20.02,22.39,8.06,71.55,43.38,58.12,8.08
338.01,39.70,20.05,22.39,8.06,71.55,43.38,57.97,8.08
338.02,39.62,20.05,22.39,8.04,71.55,43.38,58.12,8.08
338.03,39.62,20.02,22.39,8.06,71.55,43.38,57.97,8.09
338.04,39.70,20.05,22.42,8.07,71.33,43.38,57.97,8.09
338.05,39.70,20.02,22.39,8.06,71.55,43.38,57.97,8.08
338.06,39.62,20.05,22.42,8.06,71.55,43.38,58.12,8.08
338.07,39.62,20.02,22.39,8.06,71.33,43.38,58.12,8.08
338.08,39.62,20.02,22.42,8.06,71.55,43.47,57.97,8.08
338.09,39.70,20.05,22.39,8.06,71.55,43.38,57.97,8.07
338.10,39.62,20.02,22.39,8.06,71.55,43.47,58.12,8.08
338.11,39.62,20.05,22.39,8.06,71.55,43.47,58.12,8.09
338.12,39.62,20.05,22.42,8.06,71.55,43.47,57.97,8.08
338.13,39.70,20.02,22.39,8.06,71.55,43.38,57.97,8.08
338.14,39.70,20.02,22.39,8.04,71.55,43.56,57.97,8.09
338.15,39.62,20.02,22.42,8.06,71.55,43.29,58.12,8.08
338.16,39.62,20.02,22.39,8.06,71.55,43.47,57.97,8.08
338.17,39.62,20.05,22.42,8.06,71.55,43.38,57.97,8.08
338.18,39.62,20.02,22.39,8.06,71.55,43.38,57.97,8.08
338.19,39.70,20.02,22.39,8.04,71.55,43.38,58.12,8.07
338.20,39.62,20.02,22.42,8.06,71.55,43.38,57.97,8.09
338.21,39.62,20.05,22.42,8.07,71.55,43.38,58.12,8.08
338.22,39.70,20.02,22.39,8.06,71.55,43.38,57.97,8.08
338.23,39.62,20.05,22.39,8.06,71.55,43.38,57.97,8.07
338.24,39.70,20.02,22.42,8.04,71.55,43.47,57.97,8.09
338.25,39.62,20.05,22.42,8.06,71.55,43.38,57.97,8.08
338.26,39.70,20.02,22.39,8.06,71.55,43.38,58.12,8.08
338.27,39.78,20.05,22.39,8.07,71.55,43.47,58.12,8.08
338.28,39.62,20.05,22.35,8.06,71.55,43.38,57.97,8.08
338.29,39.70,20.02,22.42,8.06,71.55,43.47,57.97,8.08
338.30,39.70,20.02,22.39,8.06,71.55,43.38,57.97,8.07
338.31,39.62,19.99,22.39,8.06,71.55,43.38,57.97,8.08
338.32,39.62,20.02,22.39,8.04,71.55,43.38,57.97,8.08
338.33,39.62,20.05,22.39,8.07,71.76,43.47,57.97,8.09
338.34,39.62,20.02,22.39,8.04,71.33,43.38,58.12,8.08
338.35,39.62,20.02,22.39,8.04,71.76,43.38,57.97,8.07
338.36,39.70,20.05,22.39,8.06,71.55,43.47,58.12,8.08
338.37,39.70,19.99,22.42,8.07,71.55,43.38,57.97,8.08
338.38,39.70,20.05,22.39,8.06,71.55,43.47,58.12,8.07
338.39,39.70,20.05,22.39,8.06,71.55,43.38,58.12,8.09
338.40,39.70,20.02,22.42,8.06,71.55,43.47,57.82,8.08
338.41,39.70,20.02,22.39,8.06,71.55,43.38,58.27,8.08
338.42,39.70,20.05,22.42,8.07,71.55,43.38,57.97,8.08
338.43,39.62,20.05,22.42,8.06,71.55,43.29,57.97,8.08
338.44,39.70,20.05,22.42,8.07,71.33,43.47,57.97,8.08
338.45,39.70,20.05,22.39,8.06,71.55,43.38,58.12,8.08
338.46,39.62,20.05,22.42,8.06,71.55,43.38,57.97,8.08
338.47,39.70,20.02,22.42,8.04,71.55,43.47,57.97,8.09
338.48,39.62,20.05,22.39,8.06,71.55,43.47,58.12,8.09
338.49,39.70,20.05,22.42,8.06,71.55,43.38,57.97,8.09
338.50,39.70,20.05,22.42,8.06,71.55,43.38,58.12,8.09
338.51,39.70,20.05,22.39,8.07,71.55,43.38,57.97,8.08
338.52,39.62,20.02,22.39,8.04,71.55,43.38,58.12,8.08
338.53,39.62,20.02,22.42,8.06,71.55,43.38,58.12,8.08
338.54,39.70,20.02,22.42,8.06,71.55,43.38,57.97,8.08
338.55,39.70,20.02,22.42,8.06,71.55,43.47,57.97,8.08
338.56,39.62,20.02,22.39,8.06,71.55,43.38,58.12,8.09
338.59,39.70,19.99,22.39,8.06,71.55,43.47,57.97,8.08
338.59,39.62,20.02,22.39,8.06,71.55,43.38,58.12,8.08
338.60,39.62,20.02,22.42,8.06,71.55,43.38,58.12,8.08
338.61,39.62,20.02,22.39,8.07,71.55,43.38,57.97,8.08
338.62,39.62,20.02,22.39,8.06,71.55,43.38,58.12,8.08
338.63,39.62,20.02,22.39,8.04,71.55,43.29,58.12,8.08
338.64,39.70,20.02,22.39,8.06,71.55,43.38,57.97,8.08
338.65,39.62,20.05,22.39,8.06,71.55,43.38,57.97,8.08
338.66,39.70,20.02,22.39,8.06,71.55,43.38,57.97,8.09
338.67,39.70,20.02,22.42,8.06,71.55,43.29,57.97,8.07
338.68,39.70,20.02,22.42,8.06,71.55,43.38,57.97,8.08
338.69,39.70,20.05,22.39,8.06,71.33,43.38,57.97,8.08
338.70,39.62,20.02,22.42,8.07,71.55,43.29,57.97,8.08
338.71,39.54,20.02,22.39,8.04,71.55,43.47,57.97,8.09
338.72,39.62,20.02,22.39,8.07,71.55,43.38,57.97,8.08
338.73,39.62,20.02,22.39,8.06,71.55,43.38,57.97,8.08
338.74,39.62,20.05,22.39,8.06,71.76,43.47,57.97,8.09
338.75,39.70,20.02,22.42,8.06,71.55,43.38,58.12,8.09
338.76,39.62,19.99,22.39,8.06,71.55,43.47,57.97,8.07
338.77,39.62,20.02,22.39,8.06,71.55,43.38,58.12,8.08
338.78,39.70,20.05,22.39,8.06,71.55,43.38,58.12,8.08
338.79,39.70,20.02,22.39,8.06,71.55,43.38,57.97,8.09
338.80,39.62,20.02,22.39,8.06,71.55,43.38,57.97,8.08
338.81,39.62,20.02,22.42,8.06,71.55,43.38,57.97,8.08
338.82,39.54,20.05,22.35,8.06,71.55,43.29,57.97,8.08
338.83,39.62,20.02,22.42,8.04,71.55,43.38,57.97,8.08
338.84,39.62,19.99,22.42,8.06,71.55,43.38,58.12,8.08
338.85,39.62,20.02,22.42,8.06,71.55,43.47,57.97,8.08
338.86,39.62,20.02,22.39,8.07,71.55,43.38,57.97,8.09
338.87,39.62,20.02,22.39,8.07,71.55,43.38,58.12,8.08
338.88,39.54,19.99,22.42,8.06,71.55,43.38,57.97,8.07
338.89,39.70,20.05,22.39,8.06,71.55,43.38,57.97,8.08
338.90,39.62,20.02,22.42,8.06,71.76,43.38,58.12,8.09
338.91,39.70,19.99,22.39,8.06,71.55,43.38,58.12,8.07
338.92,39.62,19.99,22.39,8.07,71.55,43.38,58.12,8.08
338.93,39.70,20.02,22.42,8.06,71.55,43.47,57.97,8.07
338.94,39.62,20.02,22.42,8.07,71.55,43.47,58.12,8.08
338.95,39.62,19.99,22.39,8.07,71.55,43.38,57.97,8.08
338.96,39.62,20.05,22.39,8.06,71.55,43.47,57.97,8.08
338.97,39.62,20.05,22.35,8.07,71.55,43.38,58.12,8.09
338.98,39.62,20.05,22.39,8.06,71.55,43.47,57.97,8.08
338.99,39.70,20.05,22.39,8.06,71.55,43.47,58.12,8.09
339.00,39.70,20.02,22.39,8.06,71.55,43.47,57.97,8.08
339.01,39.62,20.05,22.39,8.06,71.55,43.38,57.97,8.08
339.02,39.62,20.05,22.42,8.06,71.55,43.38,58.12,8.09
339.03,39.70,20.02,22.39,8.06,71.55,43.38,57.97,8.09
339.04,39.62,20.02,22.39,8.06,71.55,43.38,57.97,8.08
339.05,39.62,19.99,22.39,8.04,71.55,43.38,58.12,8.09
339.06,39.70,20.02,22.39,8.06,71.55,43.38,57.97,8.08
339.07,39.62,20.05,22.42,8.04,71.55,43.38,58.12,8.09
339.08,39.62,20.02,22.39,8.06,71.55,43.47,58.12,8.08
339.09,39.70,20.02,22.42,8.06,71.55,43.38,57.97,8.09
339.10,39.62,20.02,22.39,8.07,71.55,43.29,57.97,8.08
339.11,39.62,20.05,22.39,8.06,71.55,43.38,57.97,8.08
339.12,39.62,20.05,22.42,8.07,71.55,43.38,58.12,8.09
339.13,39.62,20.05,22.39,8.06,71.55,43.38,58.12,8.08
339.14,39.70,20.05,22.39,8.06,71.55,43.38,57.97,8.08
339.15,39.62,20.02,22.39,8.07,71.55,43.29,58.12,8.09
339.16,39.62,20.02,22.39,8.06,71.33,43.38,57.82,8.09
339.17,39.70,20.02,22.39,8.06,71.33,43.47,57.97,8.08
339.18,39.54,20.02,22.39,8.07,71.55,43.47,58.12,8.09
339.19,39.70,20.02,22.39,8.06,71.55,43.38,57.97,8.08
339.20,39.62,20.05,22.39,8.06,71.55,43.38,58.12,8.08
339.21,39.62,20.02,22.39,8.06,71.55,43.38,58.12,8.08
339.22,39.62,20.02,22.39,8.04,71.55,43.38,57.97,8.08
339.23,39.62,20.08,22.39,8.06,71.55,43.38,58.12,8.08
339.24,39.62,19.96,22.39,8.07,71.55,43.38,58.12,8.08
339.25,39.62,19.99,22.39,8.04,71.55,43.38,58.12,8.08
339.26,39.62,19.99,22.42,8.06,71.55,43.38,57.97,8.08
339.27,39.62,20.08,22.39,8.06,71.33,43.38,57.97,8.07
339.28,39.62,20.05,22.39,8.06,71.55,43.38,57.97,8.08
339.29,39.62,20.02,22.39,8.06,71.55,43.29,57.97,8.08
339.30,39.62,20.05,22.39,8.04,71.55,43.38,58.12,8.08
339.31,39.62,20.02,22.39,8.06,71.55,43.38,57.97,8.08
339.32,39.62,20.02,22.39,8.06,71.55,43.29,58.12,8.08
339.33,39.62,20.05,22.39,8.04,71.55,43.47,58.12,8.08
339.34,39.70,20.02,22.39,8.06,71.55,43.38,57.97,8.08
339.35,39.62,20.02,22.39,8.06,71.55,43.56,57.97,8.08
339.36,39.62,20.02,22.42,8.06,71.55,43.38,58.12,8.08
339.37,39.62,20.05,22.42,8.06,71.55,43.47,58.12,8.08
339.38,39.62,20.02,22.39,8.06,71.55,43.47,57.97,8.09
339.39,39.62,20.05,22.39,8.06,71.55,43.38,58.12,8.09
339.40,39.70,20.02,22.39,8.06,71.55,43.47,57.97,8.07
339.41,39.62,20.05,22.39,8.06,71.55,43.38,58.12,8.08
339.42,39.62,20.02,22.39,8.04,71.55,43.38,57.97,8.08
339.43,39.62,20.02,22.39,8.06,71.55,43.38,57.97,8.09
339.44,39.62,20.05,22.39,8.07,71.55,43.38,57.97,8.07
339.45,39.70,20.02,22.39,8.04,71.55,43.38,57.97,8.07
339.46,39.70,20.05,22.35,8.04,71.55,43.38,57.97,8.08
339.47,39.54,20.05,22.39,8.07,71.55,43.38,57.97,8.08
339.48,39.62,19.99,22.39,8.06,71.55,43.38,57.97,8.08
339.49,39.62,20.02,22.39,8.06,71.55,43.38,58.12,8.09
339.50,39.62,20.02,22.39,8.04,71.55,43.47,57.97,8.07
339.51,39.62,20.02,22.39,8.04,71.55,43.38,57.97,8.07
339.52,39.62,20.02,22.39,8.06,71.55,43.38,58.12,8.08
339.53,39.62,20.02,22.39,8.06,71.33,43.38,57.97,8.08
339.54,39.62,20.02,22.39,8.04,71.76,43.47,58.12,8.07
339.55,39.62,20.02,22.39,8.06,71.33,43.38,57.97,8.08
339.56,39.62,20.05,22.42,8.06,71.55,43.29,57.97,8.07
339.57,39.62,20.02,22.39,8.06,71.55,43.38,57.97,8.09
339.58,39.62,19.99,22.39,8.04,71.55,43.29,57.82,8.08
339.59,39.62,20.02,22.39,8.06,71.55,43.29,57.97,8.09
339.60,39.62,20.02,22.39,8.06,71.55,43.38,58.12,8.08
339.61,39.62,20.02,22.39,8.06,71.55,43.38,58.12,8.08
339.62,39.62,20.05,22.35,8.04,71.55,43.38,57.97,8.08
339.63,39.62,20.02,22.39,8.06,71.55,43.38,58.12,8.08
339.64,39.62,20.05,22.39,8.04,71.55,43.29,57.97,8.07
339.65,39.62,20.02,22.39,8.06,71.55,43.38,57.97,8.08
339.66,39.62,20.02,22.39,8.06,71.55,43.38,58.12,8.08
339.67,39.62,20.02,22.39,8.04,71.33,43.38,58.12,8.08
339.68,39.62,20.02,22.39,8.06,71.33,43.38,57.97,8.07
339.69,39.62,20.02,22.42,8.07,71.55,43.38,57.97,8.07
339.70,39.54,19.99,22.39,8.07,71.55,43.38,57.97,8.08
339.71,39.62,20.02,22.39,8.06,71.55,43.38,57.97,8.08
339.72,39.62,20.02,22.39,8.04,71.55,43.47,57.97,8.07
339.73,39.62,20.05,22.39,8.06,71.55,43.38,58.12,8.09
339.74,39.62,20.02,22.39,8.04,71.55,43.38,57.97,8.07
339.75,39.62,20.02,22.39,8.06,71.55,43.47,57.97,8.08
339.76,39.70,20.02,22.39,8.07,71.55,43.29,57.97,8.08
339.77,39.62,20.02,22.39,8.06,71.55,43.29,57.97,8.07
339.78,39.62,19.99,22.39,8.06,71.55,43.29,58.12,8.08
339.79,39.62,20.02,22.39,8.06,71.55,43.38,57.97,8.07
339.80,39.62,20.02,22.39,8.06,71.55,43.38,58.12,8.08
339.81,39.62,20.02,22.39,8.06,71.55,43.47,58.12,8.08
339.82,39.62,20.02,22.39,8.06,71.55,43.38,57.97,8.08
339.83,39.54,20.02,22.39,8.06,71.55,43.38,57.97,8.08
339.84,39.62,19.99,22.39,8.07,71.55,43.38,57.97,8.08
339.85,39.70,20.05,22.39,8.04,71.55,43.38,58.12,8.08
339.86,39.62,20.02,22.39,8.07,71.55,43.38,57.97,8.08
339.87,39.62,19.99,22.39,8.06,71.55,43.38,57.97,8.08
339.88,39.70,20.05,22.39,8.06,71.55,43.38,57.97,8.08
339.89,39.62,20.05,22.39,8.04,71.55,43.47,58.12,8.08
339.90,39.70,20.02,22.35,8.06,71.55,43.38,58.12,8.08
339.91,39.62,20.02,22.39,8.06,71.55,43.38,57.97,8.07
339.92,39.62,19.99,22.39,8.04,71.55,43.38,57.97,8.09
339.93,39.62,20.05,22.39,8.04,71.55,43.38,58.12,8.07
339.94,39.62,20.05,22.39,8.06,71.55,43.38,58.12,8.08
339.95,39.70,20.05,22.39,8.04,71.55,43.38,58.12,8.07
339.96,39.62,20.02,22.39,8.06,71.55,43.38,57.97,8.08
339.97,39.62,20.02,22.39,8.04,71.55,43.47,57.97,8.08
339.98,39.62,20.02,22.39,8.07,71.33,43.38,58.12,8.07
339.99,39.62,19.99,22.39,8.04,71.55,43.38,57.97,8.08
340.00,39.62,19.99,22.39,8.06,71.55,43.38,57.97,8.07
340.01,39.70,20.05,22.39,8.06,71.33,43.38,58.12,8.08
340.02,39.70,20.02,22.39,8.04,71.55,43.38,58.12,8.09
340.03,39.62,20.05,22.39,8.06,71.55,43.47,58.12,8.08
340.04,39.62,20.02,22.39,8.07,71.55,43.38,57.97,8.08
340.05,39.62,20.02,22.39,8.06,71.55,43.38,58.12,8.08
340.06,39.62,20.05,22.39,8.06,71.55,43.38,58.12,8.08
340.07,39.62,20.02,22.39,8.06,71.55,43.38,58.12,8.09
340.08,39.62,20.02,22.39,8.06,71.55,43.38,57.97,8.07
340.09,39.62,20.02,22.39,8.06,71.55,43.38,58.12,8.09
340.10,39.70,20.02,22.39,8.06,71.55,43.38,58.12,8.08
340.11,39.62,20.05,22.42,8.06,71.55,43.38,58.12,8.08
340.12,39.62,19.99,22.35,8.04,71.55,43.38,58.12,8.08
340.13,39.62,20.05,22.39,8.06,71.55,43.38,58.12,8.08
340.14,39.70,20.05,22.39,8.06,71.55,43.38,58.12,8.08
340.15,39.62,20.02,22.42,8.04,71.55,43.47,58.12,8.09
340.16,39.62,20.02,22.39,8.06,71.55,43.38,57.97,8.08
340.17,39.62,20.02,22.42,8.06,71.55,43.38,58.12,8.08
340.18,39.62,20.02,22.42,8.06,71.55,43.47,58.12,8.08
340.19,39.62,20.02,22.42,8.06,71.55,43.38,57.97,8.08
340.20,39.70,20.05,22.35,8.06,71.76,43.38,57.97,8.08
340.21,39.62,20.02,22.42,8.06,71.55,43.38,58.12,8.08
340.22,39.62,20.02,22.39,8.06,71.76,43.47,58.12,8.08
340.23,39.62,20.05,22.39,8.04,71.55,43.38,58.12,8.07
340.24,39.62,20.02,22.39,8.06,71.55,43.38,57.97,8.09
340.25,39.62,20.02,22.39,8.06,71.55,43.38,58.12,8.08
340.26,39.62,19.99,22.35,8.06,71.55,43.38,57.97,8.08
340.27,39.62,20.02,22.39,8.04,71.55,43.38,58.12,8.08
340.28,39.62,20.05,22.39,8.06,71.55,43.38,58.12,8.08
340.29,39.62,20.02,22.39,8.06,71.55,43.38,58.12,8.08
340.30,39.62,20.05,22.42,8.06,71.55,43.38,58.12,8.07
340.31,39.62,20.02,22.39,8.06,71.55,43.38,57.97,8.08
340.32,39.62,20.02,22.42,8.06,71.55,43.38,58.12,8.08
340.33,39.62,20.02,22.42,8.07,71.55,43.38,58.12,8.09
340.34,39.62,20.02,22.39,8.06,71.55,43.38,58.12,8.09
340.35,39.62,20.02,22.39,8.04,71.55,43.38,58.12,8.08
340.36,39.62,20.02,22.39,8.06,71.55,43.38,57.97,8.09
340.37,39.62,20.02,22.39,8.07,71.55,43.38,58.12,8.09
340.38,39.62,19.99,22.39,8.04,71.55,43.38,57.97,8.08
340.39,39.62,20.02,22.39,8.06,71.55,43.38,58.12,8.08
340.40,39.62,19.99,22.39,8.04,71.55,43.38,57.97,8.08
340.41,39.70,20.05,22.39,8.07,71.55,43.38,58.12,8.09
340.42,39.62,20.05,22.39,8.07,71.55,43.38,58.12,8.09
340.43,39.62,20.05,22.39,8.06,71.55,43.38,58.12,8.07
340.44,39.62,20.02,22.42,8.07,71.55,43.38,57.97,8.08
340.45,39.62,20.02,22.42,8.06,71.55,43.47,57.97,8.08
340.46,39.62,20.02,22.39,8.06,71.55,43.47,58.12,8.09
340.47,39.70,20.02,22.39,8.06,71.55,43.38,58.12,8.08
340.48,39.62,20.02,22.39,8.06,71.55,43.47,57.97,8.08
340.49,39.70,20.02,22.42,8.06,71.33,43.38,58.12,8.08
340.50,39.62,20.02,22.39,8.06,71.55,43.38,58.12,8.08
340.51,39.70,20.05,22.39,8.06,71.55,43.38,58.12,8.08
340.52,39.62,20.02,22.39,8.04,71.55,43.38,57.97,8.08
340.53,39.62,20.05,22.39,8.06,71.55,43.38,58.12,8.08
340.54,39.54,20.02,22.39,8.06,71.55,43.47,58.12,8.09
340.55,39.62,19.99,22.39,8.04,71.55,43.38,58.12,8.09
340.56,39.62,20.05,22.42,8.06,71.55,43.38,58.12,8.09
340.57,39.62,20.02,22.39,8.06,71.55,43.38,57.97,8.08
340.58,39.70,20.02,22.39,8.06,71.55,43.38,57.97,8.07
340.59,39.62,20.05,22.39,8.06,71.55,43.38,58.12,8.08
340.60,39.62,20.02,22.39,8.06,71.55,43.38,58.12,8.09
340.61,39.62,20.02,22.42,8.06,71.55,43.38,58.12,8.08
340.62,39.62,20.02,22.39,8.06,71.55,43.38,58.12,8.08
340.63,39.70,20.02,22.39,8.06,71.55,43.47,58.12,8.09
340.64,39.70,20.05,22.39,8.06,71.55,43.38,58.12,8.07
340.65,39.54,20.02,22.39,8.06,71.55,43.38,58.12,8.08
340.66,39.54,20.02,22.39,8.06,71.55,43.47,58.12,8.08
340.67,39.62,20.02,22.39,8.06,71.55,43.38,57.97,8.09
340.68,39.54,20.02,22.39,8.07,71.55,43.38,57.97,8.08
340.69,39.62,20.02,22.42,8.07,71.55,43.38,58.12,8.08
340.70,39.62,20.05,22.39,8.04,71.55,43.38,58.12,8.08
340.71,39.62,20.02,22.39,8.06,71.33,43.38,58.12,8.08
340.72,39.70,20.02,22.39,8.06,71.55,43.38,57.97,8.07
340.73,39.62,20.02,22.42,8.07,71.33,43.38,58.12,8.09
340.74,39.62,20.02,22.39,8.04,71.33,43.38,58.12,8.08
340.75,39.62,20.02,22.39,8.07,71.76,43.38,58.12,8.08
340.76,39.62,20.02,22.39,8.07,71.76,43.38,58.12,8.08
340.77,39.62,20.05,22.39,8.06,71.55,43.38,57.97,8.08
340.78,39.62,20.05,22.42,8.07,71.55,43.47,58.12,8.08
340.79,39.70,20.05,22.42,8.04,71.55,43.38,58.12,8.09
340.80,39.62,20.02,22.39,8.04,71.55,43.47,57.82,8.08
340.81,39.62,20.02,22.39,8.06,71.55,43.38,57.97,8.09
340.82,39.62,20.05,22.39,8.06,71.55,43.38,58.12,8.08
340.83,39.54,20.02,22.39,8.04,71.55,43.38,58.12,8.08
340.84,39.70,20.02,22.39,8.06,71.33,43.38,57.97,8.08
340.85,39.70,20.05,22.39,8.07,71.55,43.47,57.97,8.08
340.86,39.62,20.05,22.39,8.06,71.55,43.38,58.12,8.09
340.87,39.70,20.02,22.39,8.07,71.55,43.38,58.12,8.08
340.88,39.62,20.02,22.42,8.04,71.76,43.38,58.12,8.08
340.89,39.62,20.05,22.39,8.06,71.55,43.38,57.97,8.09
340.90,39.70,20.05,22.42,8.07,71.55,43.38,58.12,8.09
340.91,39.62,20.02,22.42,8.06,71.55,43.38,58.12,8.09
340.92,39.70,20.05,22.42,8.06,71.55,43.38,57.97,8.08
340.93,39.62,20.05,22.39,8.06,71.55,43.47,58.12,8.09
340.94,39.62,20.02,22.39,8.06,71.55,43.38,58.12,8.08
340.95,39.62,20.05,22.39,8.04,71.55,43.47,58.12,8.09
340.96,39.62,20.02,22.39,8.06,71.55,43.38,57.97,8.08
340.97,39.70,20.02,22.39,8.04,71.55,43.38,57.97,8.08
340.98,39.62,19.99,22.42,8.07,71.55,43.47,58.12,8.09
340.99,39.62,20.02,22.39,8.06,71.55,43.38,58.12,8.08
341.00,39.70,20.05,22.42,8.06,71.33,43.38,58.12,8.08
341.01,39.62,20.02,22.39,8.06,71.55,43.47,58.12,8.08
341.02,39.70,20.02,22.39,8.06,71.55,43.38,57.97,8.07
341.03,39.62,20.05,22.39,8.06,71.55,43.47,57.97,8.08
341.04,39.62,20.02,22.39,8.06,71.55,43.38,58.12,8.09
341.05,39.70,20.05,22.39,8.06,71.33,43.47,57.97,8.08
341.06,39.62,20.05,22.39,8.06,71.55,43.47,58.12,8.09
341.07,39.62,20.05,22.39,8.04,71.55,43.38,58.12,8.08
341.08,39.62,20.02,22.39,8.06,71.55,43.38,58.12,8.08
341.09,39.70,20.05,22.42,8.07,71.33,43.47,58.12,8.08
341.10,39.62,20.02,22.39,8.07,71.55,43.38,57.97,8.08
341.11,39.62,20.02,22.42,8.06,71.55,43.38,58.12,8.08
341.12,39.62,20.05,22.39,8.06,71.55,43.38,58.12,8.08
341.13,39.70,20.02,22.39,8.07,71.55,43.47,58.12,8.08
341.14,39.70,20.08,22.39,8.07,71.55,43.38,57.97,8.08
341.15,39.62,20.05,22.39,8.06,71.55,43.38,58.12,8.09
341.16,39.62,20.05,22.39,8.06,71.55,43.38,58.12,8.08
341.17,39.62,20.05,22.42,8.06,71.55,43.47,58.12,8.09
341.18,39.62,20.02,22.39,8.06,71.55,43.47,58.12,8.08
341.19,39.70,20.05,22.39,8.06,71.55,43.38,58.12,8.08
341.20,39.62,20.05,22.39,8.06,71.55,43.38,58.12,8.08
341.21,39.70,20.02,22.39,8.06,71.55,43.38,58.12,8.08
341.22,39.70,20.05,22.39,8.04,71.55,43.38,58.12,8.08
341.23,39.62,20.02,22.42,8.06,71.76,43.38,58.12,8.08
341.24,39.70,20.05,22.39,8.06,71.55,43.38,58.12,8.08
341.25,39.70,20.05,22.39,8.04,71.55,43.47,58.27,8.08
341.26,39.62,20.05,22.39,8.06,71.55,43.47,57.97,8.07
341.27,39.62,20.02,22.39,8.04,71.55,43.47,58.12,8.08
341.28,39.62,20.05,22.39,8.04,71.55,43.38,58.12,8.09
341.29,39.70,20.05,22.39,8.04,71.55,43.47,57.97,8.08
341.30,39.70,20.02,22.39,8.04,71.55,43.38,58.12,8.08
341.31,39.70,20.02,22.39,8.07,71.76,43.47,57.97,8.08
341.32,39.62,20.02,22.39,8.06,71.55,43.38,58.12,8.08
341.33,39.70,20.05,22.42,8.06,71.55,43.38,58.12,8.09
341.34,39.62,20.05,22.39,8.06,71.55,43.38,58.12,8.08
341.35,39.62,20.02,22.42,8.06,71.55,43.47,58.12,8.08
341.36,39.70,20.05,22.42,8.06,71.55,43.47,58.12,8.10
341.37,39.70,20.02,22.42,8.06,71.55,43.29,58.12,8.08
341.38,39.62,20.05,22.39,8.04,71.55,43.38,58.12,8.08
341.39,39.70,20.02,22.39,8.06,71.55,43.38,58.12,8.07
341.40,39.70,20.02,22.39,8.06,71.55,43.47,58.12,8.08
341.41,39.62,20.05,22.39,8.07,71.55,43.38,58.12,8.07
341.42,39.70,20.05,22.42,8.06,71.55,43.38,58.12,8.09
341.43,39.70,20.05,22.39,8.06,71.55,43.38,58.12,8.08
341.44,39.62,20.05,22.42,8.06,71.55,43.47,58.12,8.08
341.45,39.70,20.05,22.42,8.06,71.55,43.47,58.12,8.08
341.46,39.70,20.05,22.42,8.06,71.55,43.47,58.12,8.07
341.47,39.62,20.05,22.42,8.06,71.55,43.38,58.12,8.08
341.48,39.62,20.05,22.42,8.06,71.55,43.38,58.12,8.10
341.49,39.62,20.05,22.42,8.06,71.55,43.47,58.12,8.08
341.50,39.70,20.05,22.42,8.07,71.55,43.47,58.12,8.08
341.51,39.70,20.05,22.39,8.04,71.55,43.38,58.12,8.09
341.52,39.70,20.05,22.39,8.06,71.55,43.38,58.12,8.09
341.53,39.70,20.05,22.39,8.06,71.76,43.47,58.12,8.08
341.54,39.70,20.05,22.39,8.06,71.55,43.47,57.97,8.08
341.55,39.70,20.05,22.39,8.06,71.55,43.47,58.12,8.09
341.56,39.62,20.05,22.42,8.06,71.55,43.38,58.12,8.08
341.57,39.62,20.05,22.42,8.06,71.76,43.38,58.12,8.07
341.58,39.70,20.05,22.42,8.06,71.33,43.47,58.12,8.08
341.59,39.70,20.05,22.42,8.06,71.55,43.47,58.27,8.08
341.60,39.70,20.08,22.42,8.06,71.55,43.47,58.12,8.09
341.61,39.70,20.02,22.42,8.06,71.55,43.38,58.12,8.08
341.62,39.62,20.05,22.42,8.06,71.55,43.38,58.12,8.10
341.63,39.70,20.08,22.42,8.07,71.55,43.38,58.12,8.08
341.64,39.62,20.05,22.42,8.06,71.55,43.47,58.12,8.08
341.65,39.70,20.05,22.39,8.07,71.55,43.29,58.12,8.08
341.66,39.70,20.05,22.42,8.06,71.55,43.38,58.12,8.08
341.67,39.70,20.05,22.39,8.06,71.55,43.38,58.27,8.08
341.68,39.62,20.05,22.42,8.06,71.55,43.38,58.12,8.08
341.69,39.70,20.05,22.42,8.04,71.55,43.47,58.12,8.08
341.70,39.70,20.05,22.39,8.07,71.55,43.38,58.12,8.08
341.71,39.70,20.05,22.42,8.06,71.76,43.38,58.12,8.08
341.72,39.70,20.02,22.42,8.06,71.55,43.38,57.97,8.08
341.73,39.70,20.02,22.42,8.06,71.55,43.56,58.12,8.08
341.74,39.62,20.05,22.42,8.06,71.55,43.38,58.12,8.08
341.75,39.70,20.05,22.39,8.06,71.55,43.47,58.12,8.08
341.76,39.70,20.05,22.39,8.06,71.55,43.47,58.12,8.10
341.77,39.70,20.08,22.42,8.06,71.55,43.47,58.12,8.08
341.78,39.62,20.05,22.42,8.06,71.76,43.47,58.12,8.10
341.79,39.70,20.05,22.42,8.06,71.55,43.38,58.12,8.09
341.80,39.70,20.05,22.42,8.04,71.55,43.47,58.12,8.08
341.81,39.62,20.05,22.39,8.07,71.55,43.38,58.12,8.09
341.82,39.70,20.05,22.42,8.06,71.55,43.47,58.12,8.09
341.83,39.62,20.05,22.42,8.06,71.55,43.47,58.12,8.08
341.84,39.62,20.05,22.46,8.07,71.55,43.47,58.12,8.08
341.85,39.78,20.05,22.42,8.06,71.76,43.38,58.12,8.09
341.86,39.62,20.05,22.42,8.06,71.55,43.47,58.12,8.08
341.87,39.70,20.05,22.39,8.07,71.55,43.38,58.12,8.08
341.88,39.70,20.05,22.46,8.06,71.76,43.38,58.12,8.09
341.89,39.62,20.05,22.39,8.06,71.55,43.38,58.27,8.08
341.90,39.70,20.05,22.42,8.06,71.55,43.47,58.12,8.09
341.91,39.62,20.08,22.39,8.06,71.76,43.47,58.12,8.09
341.92,39.70,20.05,22.39,8.07,71.55,43.47,58.27,8.10
341.93,39.70,20.05,22.39,8.06,71.76,43.47,58.12,8.09
341.94,39.70,20.05,22.42,8.07,71.76,43.47,58.12,8.08
341.95,39.70,20.05,22.42,8.06,71.55,43.38,58.12,8.08
341.96,39.70,20.05,22.42,8.06,71.55,43.56,57.97,8.09
341.97,39.70,20.08,22.42,8.07,71.76,43.47,58.27,8.08
341.98,39.70,20.02,22.42,8.06,71.55,43.47,57.97,8.09
341.99,39.70,20.05,22.42,8.06,71.55,43.47,58.12,8.08
342.00,39.70,20.05,22.42,8.06,71.76,43.38,58.27,8.08
342.01,39.70,20.05,22.42,8.07,71.55,43.38,58.12,8.08
342.02,39.70,20.05,22.42,8.06,71.55,43.47,58.12,8.08
342.03,39.70,20.05,22.42,8.04,71.55,43.47,58.12,8.08
342.04,39.70,20.05,22.42,8.04,71.76,43.47,58.12,8.09
342.05,39.70,20.05,22.39,8.06,71.55,43.47,58.27,8.09
342.06,39.70,20.05,22.42,8.06,71.55,43.38,58.12,8.09
342.07,39.70,20.05,22.39,8.07,71.55,43.47,58.27,8.09
342.08,39.70,20.08,22.42,8.06,71.55,43.38,58.27,8.08
342.09,39.70,20.05,22.42,8.06,71.55,43.47,58.12,8.09
342.10,39.62,20.05,22.42,8.06,71.55,43.47,58.12,8.08
342.11,39.70,20.05,22.42,8.07,71.76,43.47,58.27,8.08
342.12,39.70,20.08,22.42,8.06,71.55,43.38,58.12,8.10
342.13,39.70,20.05,22.46,8.06,71.76,43.47,58.12,8.08
342.14,39.70,20.05,22.42,8.06,71.76,43.56,58.12,8.09
342.15,39.70,20.08,22.42,8.07,71.76,43.47,58.12,8.08
342.16,39.62,20.05,22.42,8.06,71.55,43.47,58.12,8.09
342.17,39.70,20.08,22.39,8.08,71.55,43.56,58.12,8.10
342.18,39.70,20.05,22.46,8.06,71.76,43.47,58.12,8.09
342.19,39.70,20.02,22.42,8.07,71.76,43.47,58.12,8.08
342.20,39.70,20.05,22.42,8.06,71.76,43.47,58.12,8.08
342.21,39.62,20.05,22.42,8.07,71.55,43.47,58.12,8.08
342.22,39.70,20.08,22.42,8.06,71.55,43.47,58.12,8.08
342.23,39.70,20.05,22.39,8.07,71.55,43.38,58.12,8.08
342.24,39.70,20.05,22.42,8.06,71.76,43.38,58.12,8.09
342.25,39.70,20.02,22.42,8.07,71.55,43.38,58.27,8.08
342.26,39.70,20.05,22.42,8.06,71.55,43.47,58.12,8.08
342.27,39.70,20.05,22.42,8.06,71.55,43.47,58.12,8.08
342.28,39.70,20.05,22.39,8.06,71.76,43.47,58.12,8.09
342.29,39.70,20.05,22.42,8.06,71.55,43.47,58.27,8.08
342.30,39.70,20.02,22.39,8.07,71.76,43.38,58.12,8.08
342.31,39.70,20.05,22.46,8.07,71.55,43.47,58.12,8.08
342.32,39.70,20.05,22.42,8.06,71.76,43.56,58.12,8.09
342.33,39.62,20.05,22.42,8.06,71.55,43.47,58.12,8.08
342.34,39.70,20.05,22.42,8.07,71.55,43.47,58.12,8.10
342.35,39.70,20.08,22.42,8.06,71.76,43.47,58.12,8.09
342.36,39.70,20.05,22.42,8.07,71.55,43.47,58.12,8.09
342.37,39.70,20.05,22.39,8.06,71.55,43.47,58.12,8.08
342.38,39.70,20.05,22.42,8.06,71.55,43.38,58.12,8.08
342.39,39.70,20.05,22.42,8.06,71.55,43.47,58.12,8.08
342.40,39.70,20.05,22.39,8.06,71.55,43.47,58.27,8.08
342.41,39.70,20.08,22.42,8.06,71.55,43.47,58.27,8.09
342.42,39.70,20.05,22.42,8.06,71.55,43.47,58.12,8.09
342.43,39.70,20.05,22.42,8.07,71.55,43.47,58.12,8.08
342.44,39.70,20.05,22.42,8.06,71.76,43.47,58.12,8.09
342.45,39.62,20.05,22.42,8.06,71.76,43.56,58.12,8.08
342.46,39.70,20.02,22.42,8.06,71.55,43.38,58.12,8.08
342.47,39.70,20.02,22.42,8.06,71.55,43.47,58.12,8.08
342.48,39.62,20.05,22.42,8.07,71.55,43.38,58.27,8.08
342.49,39.70,20.05,22.42,8.06,71.55,43.38,58.12,8.08
342.50,39.70,20.05,22.42,8.06,71.55,43.47,58.12,8.08
342.51,39.70,20.05,22.46,8.06,71.76,43.47,58.12,8.10
342.52,39.70,20.05,22.42,8.06,71.55,43.47,58.12,8.08
342.53,39.70,20.08,22.42,8.06,71.76,43.38,58.12,8.08
342.54,39.70,20.05,22.42,8.06,71.55,43.47,58.12,8.08
342.55,39.62,20.05,22.42,8.06,71.55,43.56,58.12,8.08
342.56,39.70,20.05,22.42,8.07,71.76,43.47,58.12,8.08
342.57,39.70,20.05,22.42,8.06,71.76,43.47,58.12,8.08
342.58,39.70,20.05,22.42,8.07,71.76,43.47,58.12,8.08
342.59,39.62,20.05,22.46,8.07,71.55,43.38,58.12,8.09
342.60,39.70,20.08,22.42,8.07,71.55,43.47,58.12,8.09
342.61,39.70,20.05,22.42,8.06,71.76,43.47,58.12,8.09
342.62,39.70,20.05,22.42,8.06,71.76,43.47,58.12,8.08
342.63,39.70,20.05,22.42,8.06,71.76,43.38,58.12,8.09
342.64,39.70,20.08,22.42,8.06,71.55,43.47,58.12,8.08
342.65,39.70,20.05,22.42,8.06,71.55,43.47,58.12,8.08
342.66,39.70,20.08,22.42,8.06,71.76,43.47,58.12,8.09
342.67,39.62,20.05,22.42,8.06,71.55,43.47,58.12,8.09
342.68,39.70,20.08,22.42,8.07,71.76,43.38,58.12,8.08
342.69,39.70,20.05,22.42,8.07,71.76,43.47,58.27,8.08
342.70,39.70,20.05,22.42,8.07,71.55,43.47,58.12,8.08
342.71,39.70,20.05,22.46,8.06,71.76,43.38,58.12,8.09
342.72,39.70,20.05,22.39,8.06,71.76,43.47,58.12,8.09
342.73,39.70,20.05,22.39,8.07,71.55,43.56,58.12,8.09
342.74,39.70,20.05,22.42,8.06,71.76,43.38,58.27,8.08
342.75,39.62,20.05,22.39,8.06,71.55,43.47,58.12,8.08
342.76,39.70,20.05,22.42,8.06,71.76,43.47,58.12,8.08
342.77,39.70,20.05,22.42,8.06,71.55,43.47,58.12,8.08
342.78,39.70,20.05,22.42,8.06,71.76,43.38,58.12,8.10
342.79,39.70,20.05,22.42,8.06,71.55,43.47,58.12,8.08
342.80,39.62,20.02,22.42,8.06,71.55,43.47,58.12,8.09
342.81,39.70,20.08,22.39,8.06,71.55,43.47,58.12,8.08
342.82,39.70,20.05,22.42,8.06,71.55,43.47,58.12,8.08
342.83,39.70,20.05,22.42,8.06,71.76,43.47,58.12,8.08
342.84,39.70,20.05,22.42,8.06,71.76,43.47,58.12,8.09
342.85,39.70,20.08,22.42,8.06,71.55,43.56,58.27,8.09
342.86,39.70,20.05,22.42,8.07,71.55,43.47,58.12,8.09
342.87,39.70,20.05,22.42,8.06,71.76,43.47,58.12,8.09
342.88,39.70,20.05,22.42,8.06,71.55,43.47,58.27,8.09
342.89,39.70,20.05,22.46,8.06,71.55,43.38,58.12,8.08
342.90,39.70,20.05,22.42,8.07,71.55,43.56,58.12,8.08
342.91,39.62,20.05,22.42,8.06,71.76,43.56,58.12,8.09
342.92,39.70,20.08,22.39,8.06,71.76,43.38,58.27,8.08
342.93,39.70,20.08,22.46,8.06,71.76,43.56,58.12,8.09
342.94,39.70,20.05,22.42,8.06,71.76,43.47,58.27,8.08
342.95,39.70,20.05,22.42,8.08,71.76,43.38,58.12,8.08
342.96,39.70,20.05,22.42,8.06,71.55,43.56,58.12,8.08
342.97,39.70,20.05,22.42,8.06,71.55,43.47,58.27,8.10
342.98,39.70,20.08,22.39,8.06,71.55,43.47,58.12,8.09
342.99,39.70,20.05,22.42,8.04,71.76,43.47,58.12,8.09
343.00,39.70,20.05,22.46,8.06,71.55,43.56,58.12,8.09
343.01,39.70,20.05,22.42,8.06,71.55,43.56,58.12,8.08
343.02,39.62,20.05,22.42,8.06,71.76,43.56,58.27,8.09
343.03,39.78,20.05,22.42,8.07,71.76,43.56,58.12,8.08
343.04,39.70,20.05,22.42,8.06,71.55,43.47,58.12,8.09
343.05,39.70,20.05,22.42,8.06,71.55,43.47,58.12,8.08
343.06,39.70,20.05,22.39,8.07,71.76,43.47,58.12,8.09
343.07,39.70,20.05,22.39,8.06,71.55,43.47,58.12,8.09
343.08,39.70,20.05,22.42,8.06,71.55,43.38,58.12,8.08
343.09,39.70,20.05,22.42,8.06,71.55,43.38,58.12,8.09
343.10,39.62,20.05,22.42,8.06,71.55,43.38,58.12,8.08
343.11,39.70,20.05,22.46,8.08,71.76,43.56,58.12,8.09
343.12,39.70,20.02,22.42,8.06,71.98,43.47,58.27,8.09
343.13,39.70,20.08,22.42,8.06,71.33,43.47,58.27,8.08
343.14,39.70,20.05,22.42,8.06,71.76,43.47,58.12,8.09
343.15,39.70,20.08,22.42,8.06,71.76,43.47,58.27,8.08
343.16,39.70,20.05,22.42,8.06,71.55,43.47,58.12,8.08
343.17,39.70,20.05,22.42,8.06,71.55,43.47,57.97,8.08
343.18,39.70,20.05,22.42,8.06,71.55,43.47,58.42,8.08
343.19,39.70,20.05,22.42,8.06,71.76,43.47,58.27,8.08
343.20,39.70,20.08,22.46,8.06,71.55,43.47,58.27,8.08
343.21,39.70,20.05,22.42,8.06,71.76,43.47,58.12,8.08
343.22,39.70,20.05,22.42,8.06,71.55,43.56,58.12,8.10
343.23,39.70,20.05,22.46,8.06,71.55,43.47,58.27,8.08
343.24,39.70,20.05,22.42,8.06,71.55,43.47,58.27,8.09
343.25,39.70,20.05,22.42,8.06,71.76,43.47,58.27,8.09
343.26,39.70,20.08,22.42,8.06,71.55,43.56,58.12,8.08
343.27,39.70,20.05,22.42,8.07,71.76,43.38,58.12,8.08
343.28,39.70,20.05,22.42,8.07,71.76,43.47,58.27,8.09
343.29,39.70,20.05,22.42,8.06,71.76,43.56,58.12,8.08
343.30,39.70,20.05,22.39,8.08,71.55,43.47,58.12,8.08
343.31,39.70,20.08,22.46,8.06,71.76,43.56,58.12,8.09
343.32,39.70,20.05,22.46,8.07,71.76,43.47,58.12,8.08
343.33,39.70,20.05,22.42,8.06,71.76,43.38,58.12,8.09
343.34,39.70,20.05,22.39,8.06,71.55,43.56,58.27,8.09
343.35,39.70,20.05,22.46,8.06,71.55,43.47,58.12,8.09
343.36,39.70,20.05,22.42,8.07,71.76,43.47,58.27,8.09
343.37,39.70,20.05,22.42,8.06,71.55,43.56,58.12,8.10
343.38,39.62,20.08,22.42,8.07,71.76,43.47,58.12,8.08
343.39,39.70,20.05,22.46,8.06,71.55,43.47,58.12,8.09
343.40,39.70,20.05,22.46,8.06,71.76,43.47,58.12,8.08
343.41,39.70,20.05,22.46,8.06,71.76,43.56,58.27,8.09
343.42,39.62,20.05,22.46,8.07,71.76,43.38,58.12,8.08
343.43,39.70,20.08,22.42,8.06,71.55,43.47,58.27,8.09
343.44,39.70,20.08,22.42,8.06,71.55,43.47,58.27,8.08
343.45,39.70,20.05,22.42,8.07,71.55,43.47,58.12,8.08
343.46,39.70,20.05,22.42,8.07,71.55,43.47,58.12,8.08
343.47,39.70,20.08,22.42,8.07,71.55,43.47,58.12,8.10
343.48,39.70,20.05,22.42,8.06,71.55,43.47,58.12,8.09
343.49,39.70,20.08,22.42,8.06,71.55,43.47,58.12,8.08
343.50,39.62,20.05,22.42,8.06,71.55,43.47,58.12,8.09
343.51,39.70,20.05,22.46,8.07,71.76,43.47,58.12,8.09
343.52,39.70,20.02,22.42,8.06,71.55,43.47,58.27,8.08
343.53,39.70,20.05,22.42,8.06,71.55,43.47,58.12,8.09
343.54,39.70,20.05,22.46,8.07,71.55,43.47,58.12,8.09
343.55,39.70,20.05,22.46,8.06,71.76,43.56,58.12,8.08
343.56,39.70,20.08,22.42,8.06,71.76,43.47,58.12,8.07
343.57,39.70,20.05,22.42,8.06,71.55,43.47,58.27,8.08
343.58,39.70,20.05,22.46,8.07,71.76,43.47,58.12,8.08
343.59,39.70,20.05,22.42,8.06,71.76,43.56,58.12,8.10
343.60,39.70,20.05,22.42,8.07,71.76,43.47,58.12,8.10
343.61,39.70,20.05,22.42,8.06,71.76,43.47,58.27,8.09
343.62,39.70,20.05,22.42,8.08,71.55,43.38,58.12,8.08
343.63,39.70,20.05,22.42,8.06,71.76,43.56,58.12,8.08
343.64,39.70,20.05,22.46,8.07,71.76,43.47,58.12,8.08
343.65,39.62,20.05,22.46,8.06,71.55,43.47,58.12,8.08
343.66,39.70,20.08,22.46,8.06,71.55,43.56,58.12,8.08
343.67,39.70,20.05,22.42,8.06,71.55,43.56,58.27,8.08
343.68,39.70,20.05,22.42,8.06,71.55,43.56,58.12,8.09
343.69,39.70,20.05,22.42,8.06,71.76,43.56,58.12,8.08
343.70,39.70,20.05,22.46,8.06,71.55,43.47,58.12,8.09
343.71,39.70,20.05,22.46,8.06,71.55,43.47,58.27,8.09
343.72,39.70,20.08,22.42,8.07,71.55,43.47,58.27,8.09
343.73,39.70,20.08,22.42,8.06,71.76,43.47,58.12,8.09
343.74,39.70,20.05,22.42,8.07,71.76,43.47,58.12,8.08
343.75,39.70,20.05,22.46,8.07,71.55,43.47,58.12,8.08
343.76,39.70,20.05,22.46,8.07,71.76,43.47,58.12,8.09
343.77,39.70,20.05,22.46,8.06,71.76,43.38,58.27,8.08
343.78,39.70,20.08,22.42,8.07,71.76,43.47,58.12,8.09
343.79,39.70,20.05,22.42,8.07,71.55,43.56,58.27,8.09
343.80,39.70,20.05,22.42,8.04,71.55,43.47,58.12,8.09
343.81,39.70,20.05,22.42,8.06,71.55,43.47,58.12,8.09
343.82,39.70,20.08,22.42,8.06,71.76,43.47,58.12,8.09
343.83,39.70,20.05,22.42,8.07,71.76,43.47,58.27,8.09
343.84,39.70,20.05,22.42,8.07,71.55,43.47,58.27,8.09
343.85,39.70,20.08,22.46,8.06,71.76,43.47,58.12,8.09
343.86,39.70,20.08,22.39,8.06,71.76,43.47,58.12,8.09
343.87,39.70,20.05,22.46,8.06,71.55,43.38,58.12,8.08
343.88,39.70,20.05,22.46,8.08,71.76,43.38,58.12,8.09
343.89,39.70,20.08,22.42,8.06,71.55,43.56,58.12,8.09
343.90,39.70,20.05,22.42,8.07,71.55,43.47,58.12,8.08
343.91,39.70,20.08,22.42,8.07,71.55,43.47,58.12,8.09
343.92,39.70,20.08,22.42,8.06,71.55,43.47,58.12,8.09
343.93,39.70,20.08,22.42,8.06,71.55,43.47,58.12,8.08
343.94,39.70,20.05,22.42,8.06,71.55,43.47,58.12,8.08
343.95,39.70,20.05,22.42,8.06,71.55,43.47,58.12,8.09
343.96,39.70,20.02,22.42,8.07,71.76,43.47,58.12,8.08
343.97,39.70,20.05,22.42,8.07,71.55,43.47,58.27,8.08
343.98,39.70,20.05,22.42,8.06,71.76,43.47,58.12,8.08
343.99,39.70,20.05,22.42,8.04,71.55,43.47,58.12,8.08
344.00,39.70,20.05,22.42,8.06,71.55,43.38,58.12,8.09
344.01,39.70,20.08,22.42,8.07,71.76,43.47,58.12,8.07
344.02,39.70,20.11,22.42,8.06,71.76,43.47,58.12,8.08
344.03,39.70,19.99,22.42,8.06,71.76,43.47,58.12,8.09
344.04,39.70,20.08,22.42,8.06,71.76,43.47,58.27,8.09
344.05,39.70,20.05,22.42,8.07,71.76,43.47,58.12,8.08
344.06,39.70,20.05,22.42,8.06,71.55,43.56,58.12,8.09
344.07,39.78,20.05,22.46,8.06,71.55,43.56,58.12,8.09
344.08,39.70,20.05,22.42,8.06,71.55,43.56,58.12,8.09
344.09,39.70,20.02,22.42,8.07,71.76,43.47,58.12,8.09
344.10,39.70,20.05,22.42,8.06,71.55,43.38,58.12,8.10
344.11,39.70,20.05,22.46,8.07,71.76,43.66,58.12,8.08
344.12,39.70,20.08,22.46,8.06,71.76,43.47,58.27,8.09
344.13,39.70,20.05,22.42,8.07,71.76,43.47,58.12,8.08
344.14,39.70,20.08,22.42,8.06,71.76,43.47,58.12,8.09
344.15,39.70,20.05,22.42,8.07,71.55,43.47,58.12,8.09
344.16,39.70,20.05,22.42,8.06,71.55,43.47,58.27,8.08
344.17,39.70,20.05,22.42,8.07,71.55,43.56,58.12,8.09
344.18,39.70,20.05,22.42,8.08,71.76,43.47,58.12,8.08
344.19,39.70,20.05,22.42,8.06,71.55,43.47,58.12,8.09
344.20,39.70,20.08,22.46,8.06,71.55,43.47,58.27,8.08
344.21,39.62,20.05,22.42,8.06,71.76,43.47,58.27,8.10
344.22,39.70,20.08,22.42,8.06,71.76,43.47,58.12,8.08
344.23,39.70,20.05,22.46,8.06,71.76,43.47,58.27,8.09
344.24,39.78,20.05,22.42,8.06,71.76,43.56,58.27,8.08
344.25,39.70,20.05,22.42,8.07,71.55,43.47,58.12,8.09
344.26,39.70,20.08,22.42,8.07,71.76,43.47,58.12,8.10
344.27,39.70,20.05,22.46,8.06,71.76,43.47,58.12,8.09
344.28,39.70,20.08,22.42,8.06,71.55,43.47,58.27,8.08
344.29,39.70,20.05,22.42,8.06,71.76,43.56,58.12,8.09
344.30,39.70,20.08,22.42,8.06,71.76,43.47,58.12,8.08
344.31,39.70,20.05,22.42,8.06,71.55,43.47,58.27,8.09
344.32,39.70,20.05,22.42,8.06,71.55,43.47,58.12,8.08
344.33,39.70,20.05,22.42,8.06,71.76,43.47,58.12,8.08
344.34,39.70,20.05,22.46,8.06,71.55,43.47,58.27,8.08
344.35,39.70,20.05,22.42,8.06,71.76,43.47,58.12,8.08
344.36,39.70,20.05,22.42,8.07,71.76,43.47,58.27,8.09
344.37,39.70,20.05,22.42,8.06,71.76,43.47,58.42,8.08
344.38,39.70,20.05,22.42,8.07,71.76,43.56,58.27,8.08
344.39,39.70,20.05,22.42,8.06,71.55,43.56,58.27,8.08
344.40,39.70,20.05,22.46,8.06,71.76,43.56,58.12,8.08
344.41,39.70,20.08,22.42,8.06,71.76,43.47,58.27,8.09
344.42,39.70,20.08,22.42,8.06,71.76,43.47,58.12,8.08
344.43,39.70,20.05,22.42,8.06,71.55,43.47,58.27,8.08
344.44,39.70,20.05,22.42,8.06,71.76,43.47,58.12,8.08
344.45,39.70,20.05,22.46,8.07,71.76,43.47,58.12,8.09
344.46,39.70,20.05,22.42,8.06,71.55,43.47,58.27,8.08
344.47,39.70,20.05,22.46,8.06,71.55,43.47,58.12,8.08
344.48,39.70,20.05,22.42,8.06,71.55,43.47,58.27,8.09
344.49,39.70,20.05,22.42,8.06,71.55,43.47,58.27,8.08
344.50,39.70,20.05,22.42,8.06,71.76,43.47,58.27,8.08
344.51,39.70,20.05,22.42,8.06,71.76,43.56,58.12,8.09
344.52,39.70,20.02,22.42,8.08,71.55,43.47,58.12,8.09
344.53,39.70,20.05,22.42,8.06,71.76,43.47,58.12,8.08
344.54,39.62,20.05,22.42,8.06,71.76,43.47,58.27,8.09
344.55,39.70,20.05,22.42,8.06,71.55,43.47,58.12,8.08
344.56,39.70,20.05,22.46,8.06,71.55,43.47,58.12,8.08
344.57,39.70,20.05,22.42,8.06,71.76,43.47,58.12,8.10
344.58,39.70,20.05,22.42,8.07,71.76,43.38,58.12,8.09
344.59,39.70,20.05,22.46,8.06,71.76,43.47,58.27,8.09
344.60,39.70,20.05,22.42,8.06,71.76,43.56,58.12,8.09
344.61,39.70,20.05,22.42,8.06,71.76,43.47,58.12,8.09
344.62,39.70,20.05,22.46,8.06,71.76,43.47,58.12,8.08
344.63,39.70,20.05,22.46,8.06,71.76,43.47,58.12,8.08
344.64,39.70,20.05,22.42,8.06,71.76,43.56,58.27,8.08
344.65,39.70,20.08,22.46,8.06,71.76,43.47,58.12,8.08
344.66,39.70,20.05,22.42,8.06,71.76,43.38,58.12,8.08
344.67,39.70,20.05,22.42,8.06,71.55,43.47,58.12,8.09
344.68,39.70,20.08,22.46,8.06,71.55,43.47,58.12,8.08
344.69,39.70,20.05,22.42,8.06,71.55,43.56,58.12,8.09
344.70,39.70,20.05,22.46,8.06,71.76,43.56,58.12,8.08
344.71,39.62,20.05,22.46,8.07,71.55,43.47,58.12,8.08
344.72,39.70,20.08,22.42,8.07,71.55,43.47,58.12,8.08
344.73,39.70,20.08,22.42,8.06,71.76,43.47,58.27,8.09
344.74,39.70,20.05,22.42,8.06,71.76,43.47,58.27,8.08
344.75,39.70,20.05,22.46,8.06,71.76,43.38,58.12,8.10
344.76,39.70,20.05,22.42,8.07,71.55,43.47,58.12,8.08
344.77,39.70,20.02,22.42,8.06,71.55,43.47,58.12,8.08
344.78,39.70,20.05,22.42,8.06,71.55,43.38,58.12,8.10
344.79,39.70,20.05,22.42,8.06,71.55,43.47,58.12,8.08
344.80,39.70,20.05,22.42,8.06,71.55,43.47,58.27,8.09
344.81,39.70,20.05,22.42,8.06,71.76,43.56,58.12,8.08
344.82,39.70,20.05,22.42,8.06,71.55,43.47,58.12,8.08
344.83,39.70,20.08,22.42,8.06,71.55,43.47,58.12,8.08
344.84,39.70,20.05,22.42,8.07,71.55,43.47,58.12,8.09
344.85,39.70,20.05,22.42,8.07,71.55,43.47,58.12,8.09
344.86,39.70,20.05,22.42,8.06,71.76,43.47,58.12,8.09
344.87,39.70,20.05,22.42,8.06,71.76,43.38,58.12,8.08
344.88,39.70,20.08,22.42,8.06,71.55,43.47,58.12,8.08
344.89,39.70,20.05,22.42,8.06,71.76,43.47,58.27,8.09
344.90,39.70,20.05,22.42,8.06,71.55,43.56,58.27,8.10
344.91,39.70,20.05,22.42,8.07,71.76,43.38,58.12,8.08
344.92,39.70,20.08,22.46,8.06,71.76,43.47,58.12,8.08
344.93,39.70,20.05,22.46,8.06,71.55,43.38,58.12,8.09
344.94,39.70,20.08,22.42,8.06,71.76,43.38,58.27,8.08
344.95,39.70,20.02,22.42,8.06,71.55,43.47,58.12,8.09
344.96,39.70,20.05,22.42,8.06,71.55,43.47,58.12,8.08
344.97,39.70,20.05,22.42,8.06,71.76,43.47,58.12,8.08
344.98,39.70,20.05,22.42,8.06,71.55,43.38,58.12,8.08
344.99,39.70,20.05,22.42,8.06,71.55,43.47,58.12,8.08
345.00,39.70,20.05,22.42,8.07,71.55,43.56,58.12,8.08
345.01,39.70,20.05,22.46,8.07,71.76,43.38,58.12,8.09
345.02,39.62,20.05,22.42,8.07,71.76,43.47,58.27,8.09
345.03,39.70,20.05,22.46,8.07,71.76,43.47,58.12,8.09
345.04,39.70,20.05,22.39,8.06,71.76,43.47,58.12,8.09
345.05,39.70,20.05,22.42,8.06,71.76,43.56,58.12,8.08
345.06,39.70,20.05,22.42,8.06,71.55,43.47,58.12,8.08
345.07,39.70,20.05,22.42,8.06,71.55,43.38,58.27,8.09
345.08,39.70,20.02,22.42,8.04,71.55,43.47,58.12,8.08
345.09,39.62,20.02,22.42,8.06,71.76,43.47,58.12,8.08
345.10,39.70,20.08,22.42,8.06,71.55,43.47,58.12,8.08
345.11,39.70,20.05,22.39,8.06,71.76,43.47,58.27,8.09
345.12,39.70,20.05,22.42,8.06,71.76,43.47,58.27,8.08
345.13,39.70,20.05,22.42,8.06,71.55,43.56,58.12,8.09
345.14,39.70,20.05,22.42,8.06,71.76,43.47,58.12,8.10
345.15,39.70,20.05,22.42,8.06,71.76,43.47,58.27,8.09
345.16,39.70,20.02,22.42,8.06,71.76,43.47,58.12,8.09
345.17,39.70,20.05,22.42,8.06,71.55,43.47,58.12,8.09
345.18,39.70,20.02,22.42,8.08,71.55,43.47,58.12,8.09
345.19,39.70,19.99,22.42,8.06,71.76,43.47,58.12,8.08
345.20,39.70,20.08,22.42,8.06,71.55,43.47,58.27,8.09
345.21,39.62,20.05,22.42,8.06,71.55,43.47,58.12,8.08
345.22,39.70,20.05,22.46,8.07,71.76,43.38,58.12,8.07
345.23,39.70,20.08,22.42,8.07,71.55,43.38,58.27,8.08
345.24,39.70,20.05,22.46,8.07,71.76,43.47,58.12,8.09
345.25,39.70,20.08,22.39,8.06,71.55,43.47,58.12,8.08
345.26,39.70,20.05,22.42,8.06,71.76,43.38,58.12,8.09
345.27,39.70,20.05,22.42,8.07,71.55,43.47,58.12,8.08
345.28,39.70,20.05,22.42,8.06,71.55,43.47,58.12,8.08
345.29,39.70,20.02,22.39,8.06,71.55,43.47,58.12,8.08
345.30,39.70,20.02,22.42,8.06,71.55,43.56,58.27,8.08
345.31,39.70,20.08,22.42,8.06,71.76,43.47,58.27,8.08
345.32,39.70,20.02,22.42,8.06,71.76,43.47,58.12,8.08
345.33,39.70,20.05,22.46,8.06,71.55,43.47,58.27,8.08
345.34,39.70,20.05,22.42,8.06,71.55,43.47,58.27,8.08
345.35,39.70,20.05,22.42,8.07,71.55,43.47,58.12,8.10
345.36,39.70,20.05,22.42,8.07,71.76,43.47,58.27,8.10
345.37,39.70,20.05,22.42,8.06,71.55,43.47,58.12,8.08
345.38,39.70,20.05,22.46,8.07,71.55,43.47,58.12,8.09
345.39,39.70,20.05,22.42,8.07,71.55,43.47,58.27,8.08
345.40,39.70,20.05,22.46,8.07,71.55,43.47,58.12,8.08
345.41,39.70,20.08,22.42,8.06,71.55,43.38,58.12,8.07
345.42,39.62,20.05,22.46,8.06,71.55,43.47,58.12,8.08
345.43,39.70,20.05,22.39,8.07,71.76,43.38,58.12,8.08
345.44,39.70,20.05,22.42,8.06,71.76,43.47,58.12,8.09
345.45,39.62,20.05,22.42,8.06,71.76,43.47,58.12,8.08
345.46,39.70,19.99,22.42,8.07,71.55,43.47,58.27,8.09
345.47,39.70,20.05,22.42,8.06,71.55,43.56,58.27,8.08
345.48,39.70,20.05,22.42,8.06,71.76,43.47,58.12,8.08
345.49,39.70,20.05,22.42,8.07,71.76,43.47,58.27,8.08
345.50,39.70,20.05,22.46,8.06,71.33,43.38,58.12,8.09
345.51,39.62,20.02,22.42,8.06,72.20,43.47,58.12,8.08
345.52,39.70,20.05,22.42,8.07,71.55,43.38,58.12,8.09
345.53,39.70,20.05,22.42,8.06,71.76,43.38,58.27,8.09
345.54,39.70,20.02,22.42,8.06,71.76,43.47,58.12,8.08
345.55,39.70,20.05,22.42,8.06,71.76,43.47,58.27,8.08
345.56,39.62,20.02,22.42,8.06,71.55,43.56,57.97,8.08
345.57,39.70,20.05,22.42,8.06,71.76,43.47,58.42,8.08
345.58,39.70,20.05,22.46,8.07,71.55,43.47,58.12,8.08
345.59,39.62,20.05,22.42,8.06,71.76,43.38,58.27,8.09
345.60,39.70,20.08,22.42,8.06,71.76,43.47,58.27,8.08
345.61,39.70,20.05,22.46,8.06,71.76,43.47,58.12,8.08
345.62,39.70,20.05,22.42,8.06,71.55,43.38,58.12,8.08
345.63,39.70,20.05,22.42,8.07,71.76,43.47,58.12,8.08
345.64,39.70,20.05,22.42,8.04,71.76,43.47,58.12,8.08
345.65,39.70,20.05,22.39,8.07,71.55,43.47,58.27,8.07
345.66,39.70,20.05,22.42,8.06,71.55,43.47,58.27,8.08
345.67,39.70,20.08,22.42,8.06,71.76,43.47,58.12,8.08
345.68,39.70,20.02,22.39,8.08,71.55,43.47,58.12,8.09
345.69,39.70,20.05,22.46,8.06,71.76,43.56,58.12,8.09
345.70,39.62,20.05,22.42,8.06,71.55,43.29,58.12,8.08
345.71,39.62,20.05,22.46,8.07,71.76,43.47,58.12,8.09
345.72,39.70,20.05,22.42,8.06,71.55,43.47,58.12,8.08
345.73,39.70,20.02,22.42,8.06,71.76,43.47,58.12,8.08
345.74,39.70,20.05,22.42,8.06,71.55,43.47,58.27,8.08
345.75,39.70,20.05,22.42,8.07,71.76,43.47,58.12,8.08
345.76,39.70,20.05,22.42,8.06,71.55,43.56,58.12,8.08
345.77,39.70,20.05,22.39,8.07,71.76,43.38,58.12,8.09
345.78,39.70,20.05,22.42,8.06,71.55,43.47,58.12,8.08
345.79,39.70,20.08,22.42,8.06,71.55,43.47,58.12,8.09
345.80,39.70,20.05,22.42,8.06,71.76,43.47,58.12,8.08
345.81,39.70,20.02,22.42,8.06,71.76,43.47,58.27,8.08
345.82,39.70,20.05,22.42,8.06,71.55,43.47,58.27,8.09
345.83,39.70,20.05,22.42,8.07,71.55,43.47,58.27,8.08
345.84,39.70,20.05,22.42,8.06,71.55,43.47,58.12,8.08
345.85,39.70,20.05,22.42,8.06,71.76,43.47,58.12,8.08
345.86,39.70,20.05,22.42,8.06,71.76,43.47,58.27,8.08
345.87,39.70,20.02,22.42,8.07,71.76,43.47,58.12,8.09
345.88,39.70,20.05,22.42,8.06,71.55,43.47,58.12,8.08
345.89,39.70,20.02,22.42,8.06,71.55,43.47,58.27,8.08
345.90,39.70,20.05,22.42,8.06,71.76,43.47,58.12,8.09
345.91,39.70,20.05,22.42,8.06,71.55,43.38,58.12,8.08
345.92,39.70,20.08,22.42,8.06,71.55,43.56,58.12,8.09
345.93,39.70,20.02,22.42,8.06,71.76,43.47,58.27,8.08
345.94,39.70,20.05,22.42,8.06,71.76,43.47,58.12,8.08
345.95,39.70,20.05,22.42,8.06,71.55,43.47,58.12,8.09
345.96,39.70,20.05,22.42,8.07,71.55,43.47,58.12,8.09
345.97,39.70,20.05,22.42,8.08,71.55,43.47,58.12,8.09
345.98,39.70,20.08,22.46,8.06,71.55,43.47,58.27,8.08
345.99,39.70,20.05,22.42,8.06,71.76,43.47,58.12,8.08
346.00,39.70,20.05,22.46,8.06,71.55,43.47,58.12,8.08
346.01,39.70,20.02,22.42,8.07,71.98,43.38,58.12,8.07
346.02,39.70,20.02,22.42,8.06,71.55,43.47,58.12,8.08
346.03,39.70,20.05,22.42,8.06,71.55,43.47,58.12,8.08
346.04,39.70,20.05,22.42,8.06,71.55,43.47,58.12,8.09
346.05,39.70,20.05,22.42,8.06,71.55,43.47,58.12,8.08
346.06,39.78,20.05,22.42,8.07,71.76,43.56,58.12,8.08
346.07,39.70,20.05,22.39,8.06,71.55,43.47,58.12,8.08
346.08,39.70,20.05,22.46,8.06,71.76,43.47,58.27,8.09
346.09,39.70,20.02,22.42,8.06,71.55,43.56,58.12,8.09
346.10,39.70,20.05,22.42,8.06,71.76,43.47,58.12,8.08
346.11,39.70,20.05,22.42,8.07,71.76,43.47,58.27,8.07
346.12,39.70,20.05,22.46,8.06,71.76,43.47,58.27,8.08
346.13,39.70,20.05,22.42,8.06,71.76,43.47,58.12,8.09
346.14,39.70,20.05,22.46,8.06,71.55,43.47,58.12,8.09
346.15,39.70,20.05,22.42,8.06,71.55,43.47,58.12,8.08
346.16,39.70,20.05,22.42,8.07,71.55,43.38,58.12,8.08
346.17,39.70,20.02,22.39,8.06,71.76,43.47,58.12,8.09
346.18,39.70,20.02,22.46,8.06,71.55,43.47,58.12,8.08
346.19,39.70,20.05,22.42,8.06,71.76,43.47,58.27,8.08
346.20,39.70,20.05,22.42,8.06,71.55,43.47,58.12,8.07
346.21,39.70,20.02,22.42,8.06,71.55,43.56,58.12,8.08
346.22,39.70,20.05,22.42,8.06,71.55,43.47,58.27,8.09
346.23,39.70,20.05,22.42,8.07,71.76,43.47,58.12,8.08
346.24,39.70,20.02,22.42,8.07,71.55,43.38,58.12,8.08
346.25,39.70,20.05,22.39,8.07,71.76,43.47,58.27,8.08
346.26,39.70,20.05,22.42,8.06,71.55,43.47,58.12,8.08
346.27,39.70,20.05,22.42,8.06,71.76,43.38,58.27,8.08
346.28,39.70,20.05,22.46,8.07,71.76,43.56,58.27,8.08
346.29,39.70,20.05,22.42,8.07,71.76,43.47,58.27,8.08
346.30,39.70,20.02,22.42,8.06,71.76,43.47,58.12,8.08
346.31,39.70,20.05,22.46,8.06,71.55,43.38,58.12,8.08
346.32,39.70,20.05,22.42,8.06,71.55,43.47,58.12,8.08
346.33,39.70,20.05,22.42,8.06,71.76,43.47,58.12,8.08
346.34,39.70,20.05,22.46,8.06,71.76,43.47,58.27,8.09
346.35,39.70,20.05,22.42,8.07,71.55,43.47,58.12,8.10
346.36,39.70,20.08,22.39,8.06,71.55,43.47,58.12,8.09
346.37,39.70,19.99,22.42,8.07,71.55,43.47,58.27,8.08
346.38,39.78,20.08,22.42,8.06,71.76,43.47,58.12,8.10
346.39,39.70,20.05,22.42,8.07,71.76,43.47,58.12,8.08
346.40,39.70,20.02,22.42,8.07,71.76,43.47,58.27,8.08
346.41,39.70,20.05,22.42,8.06,71.76,43.38,58.27,8.09
346.42,39.70,20.02,22.42,8.07,71.55,43.47,58.12,8.08
346.43,39.62,20.05,22.42,8.06,71.76,43.47,58.12,8.09
346.44,39.70,20.02,22.42,8.06,71.55,43.47,58.12,8.08
346.45,39.70,20.05,22.42,8.07,71.55,43.47,58.12,8.08
346.46,39.70,20.05,22.42,8.06,71.55,43.38,58.12,8.09
346.47,39.70,20.08,22.42,8.06,71.76,43.56,58.12,8.09
346.48,39.70,20.05,22.42,8.06,71.76,43.38,58.12,8.08
346.49,39.70,20.02,22.42,8.06,71.55,43.38,58.12,8.08
346.50,39.70,20.08,22.42,8.07,71.76,43.56,58.12,8.08
346.51,39.70,20.05,22.42,8.06,71.76,43.47,58.12,8.08
346.52,39.70,20.05,22.42,8.06,71.55,43.56,58.27,8.08
346.53,39.70,20.05,22.42,8.07,71.55,43.56,58.12,8.08
346.54,39.70,20.08,22.39,8.06,71.55,43.47,58.27,8.09
346.55,39.70,20.05,22.46,8.07,71.55,43.38,58.12,8.08
346.56,39.70,20.02,22.42,8.06,71.55,43.47,58.12,8.08
346.57,39.78,20.02,22.46,8.06,71.55,43.56,58.12,8.09
346.58,39.70,20.05,22.42,8.07,71.76,43.47,58.27,8.09
346.59,39.70,20.05,22.42,8.04,71.55,43.56,58.12,8.08
346.60,39.70,20.05,22.42,8.06,71.76,43.38,58.12,8.08
346.61,39.70,20.02,22.39,8.06,71.76,43.38,58.27,8.09
346.62,39.62,20.02,22.39,8.06,71.55,43.47,58.27,8.08
346.63,39.70,20.05,22.46,8.06,71.76,43.47,58.12,8.08
346.64,39.70,20.05,22.42,8.06,71.55,43.47,58.27,8.09
346.65,39.70,20.05,22.42,8.07,71.55,43.47,58.12,8.08
346.66,39.70,20.05,22.42,8.06,71.76,43.47,58.27,8.09
346.67,39.78,20.05,22.42,8.06,71.76,43.56,58.12,8.09
346.68,39.70,20.05,22.42,8.07,71.55,43.47,58.27,8.08
346.69,39.70,20.05,22.42,8.07,71.98,43.47,58.12,8.09
346.70,39.70,20.05,22.42,8.06,71.55,43.47,58.27,8.09
346.71,39.70,20.05,22.42,8.06,71.55,43.47,58.12,8.08
346.72,39.70,20.05,22.42,8.06,71.55,43.47,58.12,8.10
346.73,39.62,20.05,22.46,8.06,71.76,43.56,58.27,8.09
346.74,39.70,20.08,22.42,8.06,71.76,43.47,58.12,8.09
346.75,39.70,20.05,22.42,8.07,71.76,43.56,58.27,8.08
346.76,39.70,20.05,22.42,8.06,71.76,43.47,58.27,8.08
346.77,39.70,20.05,22.46,8.06,71.76,43.47,57.97,8.08
346.78,39.70,20.05,22.42,8.06,71.55,43.47,58.12,8.08
346.79,39.70,20.05,22.42,8.06,71.55,43.56,58.12,8.07
346.80,39.70,20.05,22.46,8.06,71.55,43.47,58.12,8.08
346.81,39.70,20.08,22.42,8.06,71.76,43.56,58.12,8.08
346.82,39.70,20.05,22.42,8.07,71.55,43.47,58.27,8.08
346.83,39.70,20.02,22.46,8.06,71.76,43.47,58.12,8.08
346.84,39.70,20.05,22.42,8.07,71.55,43.47,58.27,8.08
346.85,39.70,20.05,22.46,8.06,71.76,43.47,58.12,8.09
346.86,39.70,20.05,22.42,8.06,71.55,43.56,58.27,8.08
346.88,39.70,20.05,22.46,8.06,71.76,43.56,58.12,8.08
346.89,39.70,20.05,22.42,8.07,71.55,43.47,58.27,8.08
346.90,39.70,20.05,22.46,8.06,71.55,43.47,58.27,8.09
346.91,39.70,20.05,22.42,8.06,71.55,43.47,58.12,8.08
346.92,39.70,20.05,22.42,8.07,71.76,43.47,58.27,8.09
346.93,39.78,20.05,22.42,8.06,71.55,43.47,58.12,8.07
346.94,39.70,20.05,22.42,8.06,71.76,43.47,58.27,8.08
346.95,39.70,20.08,22.46,8.06,71.76,43.47,58.27,8.08
346.96,39.70,20.08,22.42,8.06,71.76,43.47,58.12,8.09
346.97,39.70,20.05,22.42,8.06,71.76,43.47,58.12,8.09
346.98,39.70,20.02,22.42,8.06,71.76,43.38,58.12,8.09
346.99,39.70,20.05,22.42,8.06,71.55,43.47,58.12,8.08
347.00,39.70,20.05,22.42,8.06,71.76,43.47,58.12,8.08
347.01,39.70,20.05,22.42,8.06,71.76,43.47,58.12,8.08
347.02,39.70,20.05,22.42,8.06,71.76,43.47,58.27,8.09
347.03,39.70,20.05,22.42,8.06,71.76,43.38,58.27,8.08
347.04,39.70,20.05,22.42,8.06,71.76,43.47,58.27,8.08
347.05,39.70,20.08,22.42,8.06,71.76,43.47,58.12,8.09
347.06,39.70,20.05,22.42,8.06,71.76,43.47,58.27,8.09
347.07,39.70,20.05,22.42,8.06,71.76,43.38,58.12,8.09
347.08,39.70,20.05,22.42,8.06,71.55,43.47,58.27,8.09
347.09,39.78,20.05,22.42,8.06,71.55,43.47,58.12,8.08
347.10,39.70,20.05,22.42,8.06,71.76,43.47,58.27,8.08
347.11,39.70,20.02,22.46,8.06,71.55,43.47,58.12,8.08
347.12,39.70,20.05,22.46,8.07,71.55,43.47,58.27,8.09
347.13,39.70,20.02,22.42,8.07,71.55,43.56,58.12,8.08
347.14,39.78,20.05,22.46,8.06,71.55,43.47,58.27,8.09
347.15,39.78,20.05,22.42,8.07,71.76,43.47,58.27,8.09
347.16,39.70,20.05,22.42,8.06,71.76,43.56,58.12,8.10
347.17,39.70,20.05,22.42,8.06,71.76,43.38,58.27,8.09
347.18,39.70,20.05,22.42,8.06,71.76,43.47,58.27,8.08
347.19,39.70,20.02,22.42,8.07,71.55,43.47,58.12,8.08
347.20,39.70,20.08,22.42,8.06,71.55,43.38,58.27,8.08
347.21,39.70,20.08,22.46,8.06,71.76,43.47,58.27,8.08
347.22,39.70,20.05,22.46,8.07,71.76,43.47,58.27,8.08
347.23,39.70,20.05,22.46,8.07,71.76,43.47,58.27,8.08
347.24,39.70,20.05,22.46,8.08,71.76,43.47,58.27,8.09
347.25,39.70,20.05,22.42,8.06,71.55,43.47,58.12,8.08
347.26,39.70,20.05,22.42,8.06,71.55,43.47,58.12,8.09
347.27,39.70,20.05,22.46,8.07,71.76,43.47,58.12,8.08
347.28,39.70,20.05,22.46,8.07,71.55,43.47,58.12,8.09
347.29,39.70,20.02,22.42,8.07,71.76,43.56,58.12,8.08
347.30,39.70,20.05,22.46,8.07,71.76,43.47,58.12,8.08
347.31,39.70,20.05,22.42,8.06,71.76,43.47,58.27,8.09
347.32,39.78,20.05,22.46,8.07,71.55,43.47,58.12,8.09
347.33,39.70,20.05,22.42,8.06,71.76,43.47,58.12,8.09
347.34,39.78,20.08,22.42,8.06,71.55,43.47,58.12,8.08
347.35,39.70,20.05,22.42,8.06,71.55,43.56,58.27,8.08
347.36,39.78,20.05,22.42,8.06,71.55,43.38,58.12,8.08
347.37,39.70,20.05,22.42,8.06,71.76,43.47,58.12,8.08
347.38,39.78,20.05,22.42,8.06,71.55,43.47,58.27,8.08
347.39,39.70,20.05,22.46,8.06,71.55,43.47,58.27,8.08
347.40,39.70,20.08,22.42,8.06,71.76,43.38,58.27,8.08
347.41,39.70,20.05,22.42,8.06,71.55,43.47,58.12,8.08
347.42,39.70,20.05,22.42,8.06,71.55,43.56,58.12,8.08
347.43,39.70,20.08,22.42,8.07,71.55,43.47,58.12,8.08
347.44,39.70,20.05,22.42,8.07,71.55,43.47,58.12,8.09
347.45,39.70,20.05,22.42,8.06,71.55,43.47,58.12,8.09
347.46,39.70,19.99,22.46,8.06,71.76,43.47,58.12,8.09
347.47,39.70,20.05,22.42,8.07,71.76,43.56,58.12,8.08
347.48,39.62,20.02,22.46,8.06,71.76,43.47,58.27,8.09
347.49,39.70,20.05,22.46,8.07,71.76,43.47,58.27,8.08
347.50,39.70,20.05,22.46,8.06,71.55,43.38,58.27,8.09
347.51,39.70,20.02,22.42,8.07,71.76,43.47,58.27,8.08
347.52,39.70,20.05,22.46,8.06,71.76,43.38,58.12,8.08
347.53,39.70,20.05,22.46,8.06,71.76,43.56,58.12,8.08
347.54,39.78,20.08,22.42,8.07,71.55,43.47,58.12,8.08
347.55,39.62,20.02,22.42,8.06,71.55,43.47,58.12,8.08
347.56,39.70,20.05,22.42,8.06,71.76,43.38,58.12,8.08
347.57,39.70,20.05,22.42,8.07,71.76,43.47,58.27,8.08
347.58,39.70,20.05,22.46,8.06,71.76,43.47,58.27,8.08
347.59,39.70,20.02,22.46,8.06,71.76,43.47,58.42,8.08
347.60,39.78,20.05,22.46,8.06,71.76,43.56,58.27,8.08
347.61,39.70,20.05,22.46,8.06,71.55,43.47,58.12,8.08
347.62,39.78,20.05,22.46,8.06,71.55,43.47,58.12,8.09
347.63,39.70,20.05,22.46,8.06,71.55,43.47,58.27,8.08
347.64,39.70,20.05,22.42,8.06,71.76,43.56,58.27,8.09
347.65,39.78,20.05,22.46,8.06,71.76,43.38,58.27,8.09
347.66,39.78,20.05,22.42,8.07,71.76,43.38,58.12,8.09
347.67,39.70,20.05,22.46,8.06,71.76,43.56,58.27,8.09
347.68,39.70,20.05,22.46,8.07,71.76,43.38,58.27,8.07
347.69,39.70,20.05,22.42,8.06,71.76,43.47,58.12,8.08
347.70,39.78,20.08,22.46,8.06,71.76,43.47,58.27,8.08
347.71,39.70,20.05,22.46,8.07,71.76,43.47,58.12,8.07
347.72,39.70,20.05,22.42,8.07,71.76,43.47,58.12,8.08
347.73,39.70,20.05,22.42,8.06,71.76,43.47,58.12,8.09
347.74,39.70,20.05,22.46,8.07,71.55,43.56,58.27,8.09
347.75,39.70,20.08,22.46,8.07,71.55,43.47,58.12,8.09
347.76,39.70,20.05,22.46,8.07,71.55,43.47,58.12,8.09
347.77,39.78,20.05,22.42,8.06,71.76,43.47,58.27,8.09
347.78,39.78,20.05,22.42,8.04,71.76,43.56,58.12,8.09
347.79,39.78,20.08,22.42,8.06,71.55,43.56,58.12,8.08
347.80,39.78,20.05,22.46,8.07,71.55,43.56,58.12,8.08
347.81,39.62,20.05,22.46,8.06,71.76,43.47,58.27,8.08
347.82,39.78,20.08,22.46,8.06,71.76,43.56,58.27,8.08
347.83,39.78,20.05,22.39,8.04,71.76,43.47,58.27,8.08
347.84,39.78,20.05,22.42,8.06,71.55,43.38,58.27,8.08
347.85,39.70,20.02,22.46,8.08,71.76,43.47,58.27,8.08
347.86,39.70,20.05,22.46,8.07,71.76,43.56,58.27,8.08
347.87,39.70,20.05,22.46,8.06,71.76,43.47,58.12,8.08
347.88,39.70,20.05,22.46,8.06,71.76,43.47,58.12,8.08
347.89,39.70,20.02,22.46,8.06,71.55,43.56,58.27,8.09
347.90,39.70,20.02,22.42,8.06,71.33,43.47,58.27,8.08
347.91,39.70,20.05,22.42,8.06,71.76,43.47,58.12,8.08
347.92,39.78,20.02,22.42,8.07,71.76,43.38,58.12,8.09
347.93,39.70,20.05,22.46,8.06,71.55,43.56,58.12,8.08
347.94,39.78,20.05,22.42,8.07,71.55,43.47,58.27,8.08
347.95,39.78,20.05,22.46,8.06,71.76,43.38,58.27,8.09
347.96,39.78,20.05,22.42,8.07,71.76,43.47,58.12,8.09
347.97,39.70,20.05,22.46,8.06,71.76,43.47,58.27,8.07
347.98,39.78,20.02,22.46,8.07,71.76,43.47,58.27,8.09
347.99,39.70,20.08,22.42,8.06,71.55,43.47,58.12,8.08
348.00,39.70,20.02,22.46,8.06,71.76,43.47,58.12,8.09
348.01,39.78,20.05,22.46,8.06,71.76,43.56,58.12,8.08
348.02,39.70,20.05,22.42,8.06,71.76,43.47,58.12,8.09
348.03,39.70,20.05,22.42,8.06,71.55,43.47,58.12,8.08
348.04,39.70,20.05,22.42,8.07,71.55,43.47,58.12,8.08
348.05,39.70,20.05,22.46,8.06,71.55,43.38,58.12,8.08
348.06,39.78,20.02,22.42,8.06,71.55,43.47,58.27,8.08
348.07,39.78,20.05,22.42,8.06,71.55,43.56,58.27,8.07
348.08,39.70,20.02,22.42,8.06,71.76,43.38,58.27,8.08
348.09,39.70,20.08,22.42,8.06,71.76,43.47,58.12,8.08
348.10,39.78,20.05,22.42,8.06,71.76,43.47,58.12,8.08
348.11,39.78,20.05,22.42,8.06,71.76,43.47,58.12,8.08
348.12,39.70,20.05,22.46,8.07,71.55,43.47,58.27,8.09
348.13,39.70,20.05,22.42,8.07,71.76,43.47,58.12,8.08
348.14,39.70,20.02,22.42,8.06,71.76,43.56,58.27,8.09
348.15,39.70,20.05,22.46,8.06,71.76,43.47,58.27,8.09
348.16,39.78,20.02,22.46,8.07,71.76,43.56,58.27,8.08
348.17,39.78,20.02,22.42,8.06,71.76,43.47,58.12,8.08
348.18,39.78,20.05,22.42,8.06,71.76,43.47,58.12,8.08
348.19,39.70,20.02,22.42,8.07,71.55,43.47,58.27,8.09
348.20,39.70,20.05,22.46,8.06,71.55,43.38,58.27,8.07
348.21,39.70,20.05,22.42,8.07,71.76,43.38,58.27,8.09
348.22,39.70,20.05,22.42,8.06,71.55,43.47,58.27,8.08
348.23,39.70,20.05,22.42,8.06,71.55,43.38,58.27,8.08
348.24,39.78,20.05,22.42,8.06,71.76,43.47,58.27,8.08
348.25,39.70,20.05,22.42,8.06,71.76,43.47,58.12,8.08
348.26,39.78,20.05,22.42,8.06,71.76,43.47,58.12,8.08
348.27,39.78,20.05,22.46,8.07,71.76,43.47,58.42,8.08
348.28,39.78,20.05,22.46,8.06,71.55,43.47,58.27,8.09
348.29,39.70,20.05,22.42,8.06,71.76,43.56,58.27,8.08
348.30,39.70,20.05,22.42,8.07,71.76,43.38,58.12,8.09
348.31,39.78,20.02,22.42,8.06,71.55,43.47,58.27,8.09
348.32,39.78,20.05,22.46,8.06,71.76,43.47,58.27,8.08
348.33,39.78,20.05,22.42,8.07,71.76,43.47,58.27,8.09
348.34,39.78,20.05,22.42,8.06,71.76,43.47,58.12,8.09
348.35,39.70,20.05,22.42,8.06,71.76,43.47,58.12,8.08
348.36,39.78,20.05,22.42,8.07,71.55,43.47,58.12,8.09
348.37,39.78,20.02,22.42,8.06,71.76,43.56,58.27,8.09
348.38,39.70,20.08,22.46,8.06,71.76,43.47,58.12,8.09
348.39,39.70,20.05,22.42,8.06,71.76,43.47,58.12,8.08
348.40,39.78,20.05,22.42,8.07,71.55,43.38,58.27,8.08
348.41,39.78,20.05,22.42,8.06,71.76,43.47,58.12,8.08
348.42,39.70,20.02,22.46,8.06,71.76,43.47,58.27,8.08
348.43,39.78,20.05,22.42,8.06,71.76,43.47,58.12,8.10
348.44,39.70,20.05,22.46,8.07,71.76,43.47,58.12,8.08
348.45,39.78,20.02,22.46,8.06,71.76,43.47,58.27,8.08
348.46,39.78,20.05,22.42,8.06,71.76,43.38,58.12,8.08
348.47,39.78,20.08,22.42,8.07,71.76,43.56,58.27,8.09
348.48,39.78,20.05,22.42,8.06,71.76,43.56,58.27,8.08
348.49,39.70,20.05,22.42,8.06,71.55,43.56,58.27,8.09
348.50,39.70,20.05,22.42,8.07,71.76,43.47,58.12,8.08
348.51,39.78,20.02,22.46,8.06,71.55,43.47,58.12,8.08
348.52,39.70,20.05,22.42,8.06,71.76,43.47,58.27,8.08
348.53,39.78,20.05,22.46,8.06,71.76,43.47,58.27,8.08
348.54,39.70,20.05,22.46,8.06,71.76,43.56,58.12,8.08
348.55,39.70,20.05,22.46,8.06,71.76,43.47,58.12,8.08
348.56,39.78,20.05,22.42,8.06,71.76,43.47,58.27,8.08
348.57,39.78,20.05,22.46,8.06,71.55,43.47,58.12,8.09
348.58,39.78,20.05,22.42,8.06,71.76,43.47,58.27,8.09
348.59,39.78,20.02,22.42,8.06,71.55,43.47,58.12,8.10
348.60,39.78,20.02,22.46,8.07,71.76,43.56,58.12,8.08
348.61,39.78,20.05,22.46,8.07,71.76,43.47,58.12,8.08
348.63,39.70,20.05,22.42,8.06,71.76,43.47,58.12,8.09
348.64,39.78,20.05,22.46,8.06,71.76,43.47,58.27,8.09
348.65,39.78,20.05,22.46,8.06,71.76,43.47,58.27,8.09
348.66,39.70,20.05,22.42,8.06,71.76,43.38,58.27,8.08
348.67,39.78,20.08,22.42,8.06,71.76,43.47,58.12,8.08
348.68,39.70,20.05,22.42,8.06,71.55,43.47,58.27,8.08
348.69,39.78,20.02,22.42,8.06,71.76,43.38,58.27,8.07
348.70,39.78,20.05,22.46,8.07,71.55,43.47,58.12,8.09
348.71,39.70,20.05,22.42,8.06,71.55,43.47,58.12,8.09
348.72,39.78,20.05,22.46,8.07,71.76,43.47,57.97,8.08
348.73,39.78,20.02,22.42,8.06,71.55,43.47,58.12,8.08
348.74,39.70,20.02,22.46,8.06,71.76,43.47,58.27,8.08
348.75,39.70,20.05,22.42,8.06,71.76,43.47,58.27,8.08
348.76,39.70,20.05,22.42,8.07,71.76,43.47,58.27,8.08
348.77,39.70,20.05,22.46,8.06,71.76,43.47,58.27,8.09
348.78,39.78,19.99,22.46,8.07,71.76,43.47,58.12,8.08
348.79,39.78,20.08,22.46,8.06,71.76,43.47,58.12,8.08
348.80,39.78,20.05,22.46,8.06,71.55,43.38,58.27,8.08
348.81,39.70,20.05,22.42,8.07,71.55,43.47,58.42,8.08
348.82,39.78,20.05,22.46,8.06,71.76,43.47,58.12,8.08
348.83,39.70,20.05,22.42,8.04,71.76,43.47,58.12,8.08
348.84,39.70,20.02,22.42,8.06,71.76,43.47,58.12,8.08
348.85,39.70,20.05,22.42,8.06,71.76,43.38,58.27,8.08
348.86,39.78,20.05,22.46,8.06,71.76,43.47,58.12,8.08
348.87,39.70,20.05,22.42,8.06,71.76,43.47,58.27,8.08
348.88,39.78,20.02,22.46,8.06,71.76,43.47,58.27,8.08
348.89,39.78,20.05,22.42,8.06,71.76,43.56,58.42,8.10
348.90,39.78,20.02,22.46,8.06,71.76,43.38,58.27,8.09
348.91,39.78,20.05,22.46,8.06,71.76,43.56,58.12,8.08
348.92,39.78,20.02,22.42,8.04,71.76,43.47,58.27,8.08
348.93,39.78,20.02,22.42,8.06,71.76,43.47,58.12,8.07
348.94,39.78,20.05,22.42,8.07,71.76,43.38,58.12,8.07
348.95,39.78,20.05,22.46,8.06,71.55,43.47,58.27,8.09
348.96,39.70,20.05,22.42,8.06,71.55,43.56,58.12,8.08
348.97,39.78,20.02,22.42,8.06,71.98,43.47,58.12,8.09
348.98,39.62,20.02,22.46,8.06,71.76,43.47,58.27,8.08
348.99,39.78,20.05,22.46,8.04,71.76,43.47,58.42,8.08
349.00,39.70,20.05,22.46,8.06,71.76,43.47,58.27,8.07
349.01,39.70,20.05,22.42,8.06,71.55,43.47,58.27,8.08
349.02,39.78,20.02,22.46,8.06,71.55,43.47,58.12,8.08
349.03,39.78,20.05,22.42,8.06,71.76,43.47,58.27,8.09
349.04,39.70,20.05,22.46,8.06,71.55,43.47,58.12,8.08
349.05,39.78,20.08,22.46,8.07,71.76,43.47,58.12,8.08
349.06,39.70,20.05,22.46,8.06,71.76,43.47,58.12,8.08
349.07,39.70,20.05,22.42,8.04,71.76,43.47,58.12,8.08
349.08,39.78,20.05,22.42,8.06,71.76,43.38,58.27,8.08
349.09,39.78,20.05,22.46,8.07,71.55,43.47,58.12,8.08
349.10,39.70,20.02,22.42,8.04,71.98,43.47,58.12,8.08
349.11,39.78,20.05,22.42,8.06,71.76,43.56,58.27,8.09
349.12,39.70,20.02,22.46,8.06,71.55,43.47,58.27,8.08
349.13,39.78,20.05,22.46,8.06,71.76,43.47,58.27,8.09
349.14,39.78,20.05,22.42,8.06,71.76,43.47,58.42,8.08
349.15,39.70,20.05,22.46,8.06,71.76,43.47,58.12,8.08
349.16,39.78,20.05,22.42,8.06,71.55,43.47,58.27,8.08
349.18,39.70,20.05,22.46,8.06,71.55,43.47,58.27,8.08
349.19,39.70,20.05,22.42,8.06,71.55,43.47,58.27,8.08
349.20,39.78,20.02,22.46,8.07,71.76,43.47,58.27,8.08
349.21,39.70,20.02,22.46,8.07,71.76,43.56,58.27,8.08
349.22,39.78,20.05,22.42,8.04,71.76,43.47,58.27,8.09
349.23,39.78,20.05,22.46,8.07,71.76,43.47,58.12,8.09
349.24,39.78,20.05,22.46,8.06,71.76,43.47,58.27,8.08
349.25,39.70,20.05,22.42,8.06,71.76,43.47,58.27,8.08
349.26,39.70,20.05,22.46,8.06,71.76,43.47,58.12,8.09
349.27,39.70,20.05,22.42,8.06,71.55,43.47,58.12,8.07
349.28,39.78,20.05,22.42,8.06,71.55,43.47,58.27,8.08
349.29,39.78,20.02,22.46,8.06,71.76,43.56,58.12,8.08
349.30,39.70,20.05,22.46,8.06,71.76,43.47,58.12,8.08
349.31,39.78,20.05,22.42,8.06,71.55,43.47,58.27,8.08
349.32,39.78,20.05,22.46,8.06,71.76,43.47,58.27,8.08
349.33,39.70,20.02,22.46,8.06,71.76,43.47,58.12,8.08
349.34,39.78,20.02,22.46,8.06,71.76,43.47,58.27,8.08
349.35,39.70,20.05,22.42,8.06,71.76,43.47,58.27,8.08
349.36,39.78,20.05,22.42,8.06,71.76,43.47,58.27,8.08
349.37,39.78,20.05,22.42,8.06,71.76,43.47,58.12,8.08
349.38,39.78,20.05,22.42,8.07,71.76,43.47,58.27,8.08
349.39,39.78,20.02,22.46,8.06,71.55,43.47,58.27,8.09
349.40,39.78,20.05,22.42,8.07,71.76,43.47,58.12,8.08
349.41,39.78,20.02,22.46,8.06,71.55,43.56,58.27,8.08
349.42,39.70,20.02,22.42,8.06,71.76,43.47,58.12,8.08
349.43,39.78,20.05,22.42,8.06,71.76,43.47,58.12,8.07
349.44,39.78,20.05,22.46,8.04,71.76,43.38,58.27,8.08
349.45,39.78,20.05,22.42,8.06,71.76,43.47,58.12,8.09
349.46,39.78,20.05,22.46,8.06,71.55,43.56,58.27,8.08
349.47,39.78,20.05,22.46,8.06,71.76,43.56,58.12,8.08
349.48,39.78,20.05,22.46,8.06,71.76,43.56,58.12,8.08
349.49,39.78,20.02,22.46,8.06,71.76,43.47,58.27,8.08
349.50,39.78,20.05,22.46,8.06,71.55,43.56,58.27,8.09
349.51,39.78,20.05,22.46,8.04,71.76,43.47,58.27,8.08
349.52,39.70,20.02,22.46,8.07,71.76,43.47,58.27,8.07
349.53,39.70,20.05,22.42,8.06,71.55,43.47,58.27,8.08
349.54,39.78,20.05,22.46,8.06,71.76,43.56,58.27,8.10
349.55,39.78,20.05,22.42,8.06,71.76,43.56,58.27,8.09
349.56,39.78,20.05,22.46,8.06,71.76,43.47,58.12,8.08
349.57,39.78,20.05,22.46,8.06,71.55,43.47,58.27,8.07
349.58,39.78,20.05,22.42,8.04,71.76,43.47,58.12,8.08
349.59,39.78,20.02,22.46,8.04,71.76,43.47,58.27,8.08
349.60,39.70,20.05,22.46,8.06,71.76,43.47,58.27,8.08
349.61,39.70,20.02,22.46,8.06,71.76,43.47,58.27,8.08
349.62,39.78,20.05,22.46,8.06,71.76,43.47,58.27,8.08
349.63,39.78,20.05,22.46,8.04,71.76,43.56,58.27,8.08
349.64,39.78,20.05,22.46,8.04,71.76,43.47,58.27,8.09
349.66,39.78,20.05,22.46,8.06,71.76,43.47,58.27,8.07
349.66,39.78,20.02,22.42,8.07,71.76,43.47,58.27,8.08
349.68,39.70,20.05,22.46,8.06,71.76,43.47,58.27,8.08
349.69,39.78,20.05,22.46,8.06,71.55,43.47,58.12,8.08
349.70,39.78,20.08,22.46,8.07,71.55,43.56,58.27,8.09
349.71,39.78,20.05,22.42,8.07,71.76,43.47,58.12,8.08
349.72,39.78,20.05,22.46,8.06,71.55,43.47,58.27,8.08
349.73,39.78,20.05,22.46,8.06,71.55,43.47,58.27,8.09
349.74,39.78,20.08,22.42,8.06,71.55,43.47,58.27,8.09
349.75,39.78,20.05,22.46,8.06,71.76,43.56,58.12,8.07
349.76,39.78,20.02,22.46,8.07,71.76,43.47,58.27,8.08
349.77,39.78,20.02,22.46,8.06,71.55,43.47,58.27,8.08
349.78,39.78,20.05,22.42,8.06,71.76,43.47,58.27,8.08
349.79,39.78,20.05,22.46,8.06,71.76,43.47,58.27,8.08
349.80,39.86,20.05,22.46,8.06,71.76,43.47,58.27,8.08
349.81,39.78,20.05,22.46,8.08,71.76,43.38,58.12,8.08
349.82,39.78,20.05,22.42,8.07,71.76,43.47,58.12,8.08
349.83,39.78,20.02,22.46,8.06,71.76,43.47,58.12,8.08
349.84,39.78,20.05,22.46,8.06,71.55,43.56,58.27,8.09
349.85,39.70,20.05,22.46,8.07,71.76,43.47,58.27,8.08
349.86,39.78,20.05,22.46,8.06,71.55,43.47,58.27,8.08
349.87,39.78,20.05,22.46,8.07,71.76,43.56,58.12,8.07
349.88,39.78,20.02,22.46,8.07,71.76,43.47,58.27,8.08
349.89,39.78,20.05,22.42,8.06,71.76,43.56,58.27,8.08
349.90,39.86,20.05,22.46,8.06,71.76,43.47,58.27,8.09
349.91,39.78,20.05,22.46,8.06,71.76,43.47,58.27,8.09
349.92,39.78,20.05,22.46,8.06,71.76,43.47,58.12,8.08
349.93,39.78,20.02,22.42,8.06,71.76,43.56,58.12,8.08
349.94,39.78,20.08,22.46,8.06,71.76,43.47,58.27,8.08
349.95,39.78,20.05,22.46,8.07,71.55,43.56,58.27,8.09
349.96,39.78,20.05,22.46,8.06,71.76,43.47,58.12,8.07
349.97,39.78,20.05,22.42,8.06,71.76,43.56,58.27,8.09
349.98,39.78,20.02,22.46,8.06,71.76,43.47,58.12,8.08
349.99,39.78,20.02,22.42,8.06,71.76,43.56,58.12,8.08
350.00,39.78,20.05,22.46,8.06,71.76,43.47,58.27,8.08
350.01,39.78,19.99,22.46,8.07,71.76,43.47,58.27,8.09
350.02,39.70,20.02,22.42,8.07,71.76,43.47,58.27,8.08
350.03,39.78,20.05,22.46,8.06,71.76,43.56,58.27,8.08
350.04,39.78,20.05,22.42,8.04,71.76,43.56,58.27,8.08
350.05,39.78,20.05,22.42,8.06,71.76,43.38,58.12,8.09
350.06,39.78,20.05,22.42,8.06,71.76,43.47,58.27,8.09
350.07,39.70,20.05,22.46,8.06,71.76,43.47,58.27,8.08
350.08,39.86,20.08,22.46,8.07,71.76,43.56,58.27,8.08
350.09,39.78,20.05,22.46,8.06,71.76,43.56,58.12,8.09
350.10,39.78,20.05,22.42,8.06,71.76,43.38,58.27,8.08
350.11,39.78,20.05,22.46,8.06,71.76,43.38,58.12,8.09
350.12,39.78,20.05,22.46,8.06,71.55,43.47,58.27,8.08
350.13,39.78,20.05,22.46,8.07,71.55,43.38,58.27,8.09
350.14,39.78,20.02,22.46,8.06,71.55,43.56,58.27,8.08
350.15,39.78,20.05,22.46,8.06,71.76,43.56,58.27,8.08
350.16,39.78,20.05,22.42,8.07,71.55,43.47,58.27,8.09
350.17,39.78,20.05,22.46,8.06,71.76,43.47,58.27,8.08
350.18,39.70,20.05,22.46,8.06,71.76,43.56,58.27,8.10
350.19,39.86,20.02,22.46,8.06,71.55,43.47,58.27,8.08
350.20,39.78,20.05,22.46,8.04,71.76,43.47,58.27,8.09
350.21,39.78,20.05,22.42,8.06,71.55,43.56,58.12,8.09
350.22,39.78,20.08,22.46,8.06,71.76,43.56,58.27,8.08
350.23,39.78,20.02,22.42,8.06,71.76,43.47,58.27,8.08
350.24,39.70,20.02,22.46,8.06,71.76,43.47,58.27,8.08
350.25,39.86,20.05,22.46,8.06,71.76,43.56,58.27,8.09
350.26,39.78,20.05,22.42,8.06,71.76,43.47,58.12,8.08
350.27,39.78,20.05,22.46,8.04,71.76,43.47,58.27,8.08
350.28,39.78,20.05,22.46,8.06,71.76,43.47,58.27,8.08
350.29,39.70,20.05,22.46,8.06,71.76,43.47,58.27,8.08
350.30,39.78,20.05,22.46,8.06,71.55,43.47,58.27,8.08
350.31,39.78,20.02,22.42,8.06,71.76,43.47,58.27,8.09
350.32,39.78,20.08,22.46,8.06,71.55,43.47,58.27,8.08
350.33,39.78,20.02,22.46,8.06,71.76,43.47,58.12,8.08
350.34,39.78,20.02,22.46,8.06,71.76,43.47,58.42,8.09
350.35,39.86,20.05,22.46,8.07,71.76,43.56,58.27,8.08
350.36,39.78,20.05,22.42,8.08,71.76,43.56,58.12,8.08
350.37,39.78,20.05,22.46,8.06,71.76,43.47,58.27,8.09
350.38,39.78,20.08,22.42,8.06,71.98,43.47,58.12,8.08
350.39,39.70,20.05,22.46,8.06,71.76,43.47,58.27,8.09
350.40,39.78,20.08,22.42,8.06,71.76,43.47,58.27,8.08
350.41,39.78,20.05,22.46,8.06,71.76,43.56,58.27,8.08
350.42,39.78,20.05,22.46,8.06,71.76,43.47,58.27,8.08
350.43,39.78,20.05,22.46,8.06,71.76,43.47,58.42,8.09
350.44,39.78,20.08,22.46,8.07,71.76,43.47,58.27,8.08
350.45,39.78,20.05,22.46,8.07,71.76,43.47,58.42,8.08
350.46,39.78,20.05,22.46,8.06,71.76,43.47,58.42,8.08
350.47,39.78,20.05,22.46,8.06,71.76,43.47,58.27,8.09
350.48,39.86,20.08,22.46,8.06,71.76,43.56,58.27,8.08
350.49,39.78,20.05,22.46,8.06,71.76,43.47,58.42,8.09
350.50,39.78,20.05,22.46,8.06,71.76,43.47,58.27,8.08
350.51,39.86,20.05,22.46,8.06,71.55,43.47,58.42,8.09
350.52,39.78,20.05,22.46,8.07,71.76,43.47,58.27,8.08
350.53,39.78,20.05,22.46,8.06,71.76,43.47,58.27,8.08
350.54,39.78,20.05,22.46,8.06,71.76,43.47,58.27,8.08
350.55,39.86,20.05,22.46,8.07,71.76,43.56,58.27,8.08
350.56,39.78,20.08,22.46,8.07,71.76,43.56,58.27,8.08
350.57,39.78,20.05,22.46,8.04,71.76,43.47,58.27,8.08
350.58,39.78,20.05,22.46,8.06,71.98,43.47,58.27,8.08
350.59,39.86,20.05,22.46,8.06,71.76,43.47,58.27,8.09
350.60,39.86,20.02,22.46,8.08,71.76,43.56,58.27,8.08
350.61,39.78,20.05,22.46,8.06,71.76,43.56,58.27,8.09
350.62,39.78,20.05,22.46,8.06,71.76,43.56,58.27,8.08
350.63,39.86,20.05,22.46,8.06,71.76,43.47,58.27,8.09
350.64,39.78,20.05,22.46,8.06,71.76,43.47,58.27,8.08
350.65,39.78,20.05,22.46,8.06,71.76,43.47,58.27,8.08
350.66,39.78,20.08,22.46,8.07,71.76,43.56,58.27,8.08
350.67,39.86,20.08,22.46,8.06,71.98,43.47,58.27,8.08
350.68,39.86,20.05,22.46,8.06,71.76,43.47,58.27,8.09
350.69,39.78,20.05,22.46,8.07,71.76,43.56,58.12,8.07
350.70,39.78,20.05,22.46,8.06,71.76,43.47,58.27,8.09
350.71,39.78,20.05,22.46,8.06,71.76,43.56,58.27,8.09
350.72,39.78,20.05,22.46,8.06,71.55,43.47,58.27,8.08
350.73,39.78,20.05,22.46,8.06,71.76,43.56,58.27,8.09
350.74,39.86,20.05,22.46,8.06,71.76,43.47,58.27,8.09
350.75,39.78,20.08,22.46,8.06,71.76,43.47,58.12,8.08
350.76,39.78,20.05,22.46,8.06,71.76,43.56,58.27,8.08
350.77,39.86,20.05,22.46,8.07,71.76,43.56,58.42,8.09
350.78,39.78,20.02,22.46,8.06,71.76,43.47,58.27,8.09
350.79,39.78,20.05,22.46,8.07,71.76,43.47,58.42,8.09
350.80,39.78,20.05,22.46,8.07,71.76,43.47,58.42,8.09
350.81,39.78,20.08,22.46,8.06,71.76,43.47,58.27,8.09
350.82,39.86,20.05,22.46,8.06,71.76,43.47,58.27,8.08
350.83,39.78,20.02,22.46,8.06,71.55,43.47,58.42,8.08
350.84,39.78,20.05,22.46,8.07,71.76,43.47,58.27,8.08
350.85,39.86,20.05,22.46,8.06,71.76,43.56,58.27,8.09
350.86,39.78,20.05,22.46,8.07,71.76,43.47,58.27,8.08
350.87,39.78,20.05,22.46,8.06,71.76,43.47,58.27,8.08
350.88,39.78,20.05,22.46,8.06,71.98,43.56,58.27,8.09
350.89,39.86,20.05,22.46,8.06,71.76,43.47,58.27,8.08
350.90,39.78,20.05,22.46,8.06,71.76,43.47,58.27,8.08
350.91,39.78,20.05,22.46,8.06,71.76,43.47,58.27,8.09
350.92,39.78,20.02,22.46,8.06,71.76,43.56,58.27,8.08
350.93,39.78,20.08,22.46,8.06,71.98,43.47,58.27,8.09
350.94,39.78,20.05,22.46,8.07,71.76,43.56,58.27,8.09
350.95,39.78,20.08,22.46,8.06,71.76,43.47,58.27,8.09
350.96,39.86,20.05,22.46,8.06,71.76,43.56,58.27,8.09
350.97,39.78,20.05,22.46,8.06,71.76,43.47,58.27,8.08
350.98,39.78,20.05,22.46,8.06,71.76,43.56,58.42,8.09
350.99,39.86,20.05,22.46,8.06,71.76,43.56,58.27,8.08
351.00,39.86,20.05,22.46,8.06,71.76,43.56,58.27,8.10
351.01,39.86,20.08,22.46,8.06,71.98,43.47,58.27,8.08
351.02,39.86,20.05,22.42,8.07,71.76,43.47,58.27,8.09
351.03,39.78,20.05,22.46,8.06,71.76,43.47,58.42,8.09
351.04,39.78,20.05,22.46,8.06,71.76,43.47,58.42,8.10
351.05,39.78,20.05,22.46,8.06,71.76,43.47,58.27,8.09
351.06,39.78,20.05,22.46,8.06,71.76,43.47,58.12,8.08
351.07,39.86,20.05,22.46,8.06,71.98,43.56,58.27,8.08
351.08,39.78,20.05,22.46,8.08,71.76,43.56,58.27,8.08
351.09,39.86,20.05,22.46,8.07,71.76,43.47,58.27,8.08
351.10,39.86,20.05,22.46,8.06,71.76,43.47,58.27,8.08
351.11,39.78,20.05,22.46,8.06,71.76,43.47,58.42,8.09
351.12,39.78,20.05,22.46,8.06,71.76,43.56,58.42,8.08
351.13,39.78,20.05,22.49,8.06,71.76,43.56,58.27,8.07
351.14,39.86,20.08,22.46,8.06,71.76,43.47,58.27,8.09
351.15,39.86,20.05,22.46,8.07,71.76,43.47,58.42,8.08
351.16,39.86,20.05,22.46,8.06,71.76,43.47,58.27,8.08
351.17,39.78,20.05,22.46,8.06,71.76,43.47,58.27,8.08
351.18,39.78,20.05,22.46,8.07,71.76,43.47,58.27,8.08
351.19,39.86,20.08,22.46,8.06,71.76,43.38,58.12,8.08
351.20,39.86,19.99,22.46,8.06,71.76,43.47,58.27,8.09
351.21,39.78,20.08,22.46,8.07,71.76,43.47,58.27,8.08
351.22,39.78,20.05,22.46,8.07,71.76,43.47,58.42,8.08
351.23,39.86,20.08,22.46,8.06,71.76,43.47,58.42,8.09
351.24,39.86,20.08,22.46,8.07,71.76,43.47,58.27,8.08
351.25,39.86,20.05,22.46,8.06,71.76,43.56,58.27,8.09
351.26,39.86,20.05,22.46,8.07,71.76,43.47,58.27,8.08
351.27,39.86,20.05,22.46,8.07,71.76,43.56,58.42,8.09
351.28,39.86,20.05,22.46,8.07,71.76,43.56,58.27,8.10
351.29,39.78,20.05,22.46,8.07,71.76,43.38,58.42,8.08
351.30,39.78,20.05,22.46,8.07,71.76,43.56,58.42,8.09
351.31,39.86,20.05,22.49,8.06,71.76,43.56,58.27,8.08
351.32,39.86,20.05,22.46,8.07,71.98,43.47,58.12,8.08
351.33,39.78,20.05,22.46,8.07,71.76,43.47,58.42,8.09
351.34,39.86,20.02,22.46,8.06,71.98,43.47,58.42,8.10
351.35,39.78,20.05,22.46,8.06,71.55,43.38,58.27,8.08
351.36,39.78,20.05,22.46,8.06,71.76,43.56,58.27,8.08
351.37,39.86,20.08,22.46,8.06,71.76,43.56,58.27,8.08
351.38,39.86,20.05,22.46,8.07,71.76,43.56,58.42,8.08
351.39,39.78,20.05,22.46,8.06,71.98,43.47,58.27,8.09
351.40,39.78,20.05,22.46,8.06,71.76,43.47,58.27,8.08
351.41,39.86,20.05,22.46,8.06,71.76,43.56,58.12,8.09
351.42,39.70,20.05,22.42,8.07,71.76,43.56,58.27,8.09
351.43,39.78,20.05,22.46,8.06,71.98,43.56,58.27,8.09
351.44,39.78,20.05,22.46,8.07,71.76,43.47,58.27,8.08
351.45,39.86,20.05,22.46,8.07,71.76,43.47,58.27,8.08
351.46,39.86,20.08,22.46,8.06,71.76,43.56,58.27,8.08
351.47,39.86,20.08,22.46,8.07,71.76,43.56,58.27,8.08
351.48,39.78,20.05,22.46,8.06,71.76,43.47,58.42,8.09
351.49,39.86,20.08,22.46,8.06,71.98,43.47,58.12,8.08
351.50,39.86,20.05,22.46,8.06,71.98,43.56,58.27,8.08
351.51,39.86,20.05,22.46,8.06,71.55,43.56,58.27,8.09
351.52,39.86,20.08,22.46,8.08,71.98,43.47,58.27,8.08
351.53,39.86,20.05,22.46,8.07,71.76,43.47,58.27,8.08
351.54,39.78,20.05,22.46,8.06,71.98,43.38,58.12,8.09
351.55,39.86,20.05,22.46,8.06,71.98,43.47,58.27,8.09
351.56,39.86,20.05,22.46,8.07,71.76,43.47,58.57,8.08
351.57,39.86,20.05,22.46,8.06,71.98,43.47,58.42,8.09
351.58,39.86,20.05,22.46,8.06,71.76,43.56,58.27,8.08
351.59,39.86,20.05,22.46,8.04,71.98,43.47,58.27,8.10
351.60,39.86,20.08,22.46,8.06,71.76,43.56,58.27,8.08
351.61,39.86,20.05,22.46,8.07,71.76,43.47,58.27,8.08
351.62,39.78,20.05,22.46,8.06,71.76,43.56,58.27,8.09
351.63,39.86,20.08,22.46,8.06,71.76,43.47,58.42,8.10
351.64,39.86,20.05,22.46,8.06,71.76,43.47,58.42,8.09
351.65,39.86,20.08,22.46,8.06,71.76,43.47,58.27,8.08
351.66,39.78,20.05,22.46,8.06,71.76,43.47,58.27,8.08
351.67,39.78,20.08,22.46,8.06,71.76,43.56,58.27,8.08
351.68,39.78,20.05,22.46,8.07,71.76,43.56,58.27,8.09
351.69,39.78,20.05,22.46,8.07,71.76,43.56,58.42,8.08
351.70,39.78,20.05,22.46,8.06,71.76,43.56,58.42,8.09
351.71,39.78,20.02,22.46,8.07,71.76,43.47,58.27,8.08
351.72,39.86,20.05,22.46,8.07,71.76,43.56,58.27,8.09
351.73,39.86,20.05,22.46,8.06,71.76,43.47,58.42,8.08
351.74,39.86,20.05,22.46,8.06,71.76,43.47,58.27,8.08
351.75,39.86,20.05,22.46,8.06,71.76,43.47,58.27,8.08
351.76,39.86,20.05,22.46,8.07,71.76,43.56,58.42,8.09
351.77,39.78,20.08,22.46,8.06,71.98,43.47,58.42,8.09
351.78,39.78,20.08,22.46,8.06,71.76,43.47,58.27,8.08
351.79,39.78,20.05,22.46,8.07,71.76,43.56,58.42,8.09
351.80,39.86,20.05,22.46,8.06,71.76,43.47,58.27,8.08
351.81,39.78,20.05,22.46,8.07,71.76,43.47,58.42,8.09
351.82,39.78,20.05,22.49,8.06,71.76,43.56,58.27,8.09
351.83,39.78,20.05,22.46,8.07,71.76,43.47,58.27,8.09
351.84,39.78,20.05,22.46,8.06,71.76,43.56,58.27,8.08
351.85,39.86,20.05,22.46,8.06,71.76,43.47,58.42,8.08
351.86,39.78,20.08,22.46,8.06,71.98,43.47,58.27,8.08
351.87,39.86,20.08,22.46,8.06,71.76,43.56,58.42,8.08
351.88,39.78,20.05,22.42,8.08,71.76,43.47,58.27,8.09
351.89,39.86,20.05,22.46,8.06,71.76,43.56,58.27,8.08
351.90,39.78,20.08,22.46,8.06,71.76,43.56,58.42,8.09
351.91,39.86,20.05,22.46,8.06,71.76,43.47,58.27,8.08
351.92,39.78,20.05,22.46,8.07,71.76,43.47,58.27,8.08
351.93,39.78,20.05,22.46,8.06,71.76,43.47,58.42,8.09
351.94,39.86,20.05,22.42,8.06,71.98,43.56,58.42,8.08
351.95,39.86,20.05,22.46,8.06,71.76,43.47,58.27,8.09
351.96,39.86,20.05,22.46,8.06,71.76,43.47,58.27,8.08
351.97,39.86,20.08,22.46,8.06,71.76,43.47,58.42,8.09
351.98,39.78,20.05,22.46,8.06,71.76,43.47,58.42,8.08
351.99,39.78,20.08,22.46,8.06,71.76,43.47,58.42,8.08
352.00,39.86,20.05,22.46,8.06,71.76,43.56,58.42,8.08
352.01,39.86,20.05,22.49,8.06,71.76,43.47,58.42,8.09
352.02,39.78,20.05,22.46,8.06,71.76,43.56,58.42,8.09
352.03,39.86,20.05,22.46,8.06,71.76,43.47,58.27,8.09
352.04,39.78,20.05,22.46,8.06,71.76,43.47,58.42,8.08
352.05,39.78,20.05,22.46,8.06,71.76,43.56,58.27,8.08
352.06,39.86,20.05,22.46,8.06,71.76,43.47,58.42,8.09
352.07,39.78,20.05,22.46,8.06,71.76,43.56,58.27,8.09
352.08,39.86,20.05,22.46,8.07,71.98,43.56,58.42,8.10
352.09,39.86,20.05,22.46,8.07,71.76,43.47,58.42,8.08
352.10,39.78,20.05,22.46,8.06,71.76,43.47,58.27,8.08
352.11,39.86,20.05,22.46,8.06,71.98,43.47,58.27,8.09
352.12,39.78,20.05,22.46,8.06,71.76,43.56,58.42,8.08
352.13,39.86,20.08,22.46,8.06,71.76,43.56,58.27,8.09
352.14,39.86,20.05,22.46,8.06,71.98,43.56,58.27,8.09
352.15,39.86,20.05,22.46,8.06,71.98,43.47,58.42,8.09
352.16,39.78,20.05,22.49,8.06,71.76,43.47,58.27,8.08
352.17,39.78,20.05,22.46,8.06,71.98,43.47,58.27,8.09
352.18,39.78,20.05,22.46,8.06,71.76,43.56,58.27,8.08
352.19,39.78,20.05,22.46,8.06,71.76,43.47,58.42,8.08
352.20,39.86,20.05,22.49,8.06,71.76,43.56,58.42,8.09
352.21,39.86,20.05,22.46,8.07,71.76,43.38,58.27,8.08
352.22,39.86,20.08,22.46,8.06,71.98,43.47,58.27,8.09
352.23,39.86,20.05,22.46,8.07,71.76,43.56,58.27,8.08
352.24,39.86,20.08,22.46,8.06,71.76,43.56,58.27,8.09
352.25,39.86,20.05,22.46,8.06,71.76,43.56,58.27,8.08
352.26,39.86,20.05,22.46,8.06,71.76,43.47,58.27,8.08
352.27,39.86,20.05,22.46,8.06,71.76,43.47,58.42,8.08
352.28,39.86,20.05,22.46,8.06,71.76,43.56,58.42,8.10
352.29,39.78,20.05,22.49,8.06,71.76,43.56,58.42,8.08
352.30,39.86,20.05,22.46,8.06,71.76,43.47,58.42,8.09
352.31,39.78,20.05,22.46,8.07,71.76,43.56,58.27,8.08
352.32,39.86,20.05,22.46,8.06,71.76,43.56,58.27,8.08
352.33,39.86,20.05,22.46,8.06,71.76,43.56,58.27,8.09
352.34,39.86,20.05,22.46,8.06,71.98,43.47,58.27,8.08
352.35,39.78,20.08,22.46,8.06,71.76,43.56,58.27,8.08
352.36,39.86,20.02,22.46,8.06,71.55,43.56,58.42,8.08
352.37,39.78,20.08,22.46,8.06,71.76,43.56,58.27,8.08
352.38,39.86,20.11,22.46,8.06,71.76,43.56,58.42,8.09
352.39,39.86,20.02,22.49,8.07,71.76,43.56,58.42,8.09
352.40,39.86,20.05,22.46,8.06,71.76,43.47,58.42,8.09
352.41,39.86,20.05,22.46,8.07,71.98,43.56,58.27,8.09
352.42,39.86,20.05,22.46,8.06,71.98,43.56,58.42,8.09
352.43,39.86,20.05,22.46,8.06,71.76,43.56,58.42,8.08
352.44,39.86,20.05,22.46,8.07,71.98,43.56,58.42,8.09
352.45,39.86,20.05,22.49,8.06,71.98,43.47,58.42,8.08
352.46,39.86,20.05,22.49,8.07,71.76,43.47,58.27,8.08
352.47,39.86,20.05,22.46,8.06,71.76,43.56,58.42,8.09
352.48,39.86,20.05,22.46,8.06,71.76,43.56,58.27,8.08
352.49,39.78,20.05,22.46,8.06,71.76,43.56,58.42,8.08
352.50,39.78,20.05,22.46,8.07,71.98,43.56,58.42,8.09
352.51,39.86,20.05,22.46,8.07,71.98,43.47,58.42,8.09
352.52,39.86,20.05,22.49,8.07,71.98,43.56,58.42,8.08
352.53,39.78,20.08,22.46,8.07,71.76,43.56,58.27,8.10
352.54,39.86,20.08,22.46,8.06,71.76,43.47,58.27,8.08
352.55,39.86,20.08,22.46,8.07,71.76,43.47,58.42,8.09
352.56,39.78,20.05,22.46,8.07,71.76,43.56,58.27,8.08
352.57,39.86,20.08,22.46,8.07,71.98,43.56,58.27,8.08
352.58,39.86,20.05,22.46,8.07,71.98,43.56,58.42,8.09
352.59,39.78,20.08,22.46,8.06,71.76,43.56,58.27,8.09
352.60,39.78,20.08,22.46,8.07,71.76,43.56,58.42,8.09
352.61,39.78,20.05,22.46,8.07,71.76,43.56,58.42,8.08
352.62,39.86,20.05,22.46,8.07,71.98,43.47,58.42,8.08
352.63,39.86,20.05,22.46,8.06,71.76,43.47,58.42,8.08
352.64,39.86,20.05,22.46,8.07,71.76,43.47,58.42,8.09
352.65,39.78,20.08,22.49,8.07,71.76,43.47,58.42,8.10
352.66,39.78,20.05,22.49,8.06,71.98,43.47,58.42,8.09
352.67,39.78,20.05,22.49,8.06,71.76,43.56,58.27,8.08
352.68,39.86,20.05,22.46,8.07,71.76,43.56,58.42,8.08
352.69,39.78,20.05,22.46,8.06,71.76,43.47,58.42,8.09
352.70,39.78,20.08,22.46,8.06,71.55,43.47,58.27,8.08
352.71,39.86,20.08,22.46,8.06,71.76,43.56,58.42,8.10
352.72,39.78,20.05,22.46,8.07,71.76,43.47,58.27,8.08
352.73,39.86,20.05,22.46,8.06,71.98,43.56,58.42,8.10
352.74,39.86,20.05,22.46,8.06,71.76,43.56,58.12,8.09
352.75,39.78,20.05,22.46,8.06,71.98,43.47,58.72,8.09
352.76,39.86,20.05,22.46,8.07,71.76,43.66,58.27,8.09
352.77,39.86,20.08,22.46,8.06,71.76,43.47,58.27,8.09
352.78,39.78,20.05,22.49,8.06,71.76,43.47,58.42,8.09
352.79,39.78,20.05,22.46,8.06,71.76,43.47,58.27,8.09
352.80,39.86,20.05,22.46,8.06,71.98,43.56,58.42,8.08
352.81,39.86,20.08,22.46,8.06,71.76,43.47,58.27,8.09
352.82,39.78,20.05,22.49,8.07,71.76,43.47,58.42,8.09
352.83,39.78,20.08,22.46,8.07,71.98,43.56,58.27,8.09
352.84,39.78,20.08,22.49,8.06,71.76,43.47,58.42,8.08
352.85,39.86,20.08,22.46,8.07,71.76,43.56,58.42,8.08
352.86,39.86,20.08,22.46,8.07,71.76,43.47,58.42,8.09
352.87,39.78,20.05,22.46,8.06,71.76,43.56,58.42,8.08
352.88,39.86,20.08,22.46,8.07,71.76,43.47,58.42,8.08
352.89,39.86,20.05,22.49,8.06,71.98,43.56,58.27,8.08
352.90,39.86,20.08,22.46,8.06,71.98,43.56,58.42,8.08
352.91,39.78,20.05,22.46,8.06,71.76,43.56,58.42,8.09
352.92,39.78,20.05,22.46,8.06,71.76,43.56,58.42,8.09
352.93,39.78,20.05,22.46,8.07,71.76,43.56,58.27,8.08
352.94,39.78,20.08,22.49,8.06,71.76,43.56,58.27,8.08
352.95,39.86,20.08,22.46,8.06,71.76,43.56,58.42,8.08
352.96,39.78,20.05,22.46,8.06,71.98,43.56,58.42,8.08
352.97,39.78,20.08,22.46,8.06,71.76,43.56,58.42,8.08
352.98,39.78,20.05,22.46,8.06,71.76,43.47,58.42,8.09
352.99,39.78,20.05,22.46,8.08,71.76,43.56,58.27,8.08
353.00,39.86,20.05,22.46,8.06,71.98,43.56,58.27,8.09
353.01,39.86,20.05,22.46,8.06,71.76,43.56,58.42,8.08
353.02,39.86,20.05,22.46,8.06,71.76,43.47,58.27,8.08
353.03,39.86,20.05,22.46,8.07,71.76,43.56,58.42,8.08
353.04,39.86,20.05,22.46,8.06,71.76,43.56,58.42,8.09
353.05,39.86,20.08,22.46,8.06,71.76,43.47,58.42,8.08
353.06,39.86,20.05,22.49,8.06,71.76,43.47,58.27,8.08
353.07,39.86,20.08,22.46,8.07,71.76,43.56,58.42,8.08
353.08,39.78,20.05,22.46,8.07,71.76,43.56,58.42,8.08
353.09,39.86,20.05,22.46,8.07,71.98,43.47,58.42,8.08
353.10,39.86,20.08,22.46,8.06,71.76,43.47,58.27,8.09
353.11,39.86,20.08,22.46,8.07,71.98,43.56,58.27,8.09
353.12,39.86,20.08,22.46,8.07,71.98,43.56,58.42,8.09
353.13,39.78,20.05,22.49,8.07,71.76,43.56,58.27,8.09
353.14,39.86,20.05,22.46,8.06,71.98,43.56,58.42,8.09
353.15,39.86,20.05,22.46,8.06,71.98,43.56,58.42,8.09
353.16,39.86,20.05,22.46,8.06,71.76,43.56,58.27,8.09
353.17,39.86,20.05,22.46,8.06,71.76,43.56,58.42,8.08
353.18,39.86,20.05,22.49,8.06,71.76,43.47,58.42,8.09
353.19,39.78,20.05,22.49,8.06,71.98,43.66,58.42,8.09
353.20,39.86,20.08,22.49,8.06,71.98,43.56,58.42,8.08
353.21,39.78,20.05,22.49,8.06,71.76,43.56,58.42,8.09
353.22,39.86,20.05,22.46,8.07,71.76,43.47,58.42,8.08
353.23,39.86,20.08,22.46,8.07,71.76,43.56,58.42,8.09
353.24,39.86,20.08,22.46,8.06,71.98,43.56,58.42,8.09
353.25,39.86,20.08,22.46,8.06,71.76,43.56,58.42,8.08
353.26,39.86,20.05,22.46,8.06,71.98,43.56,58.42,8.08
353.27,39.78,20.05,22.46,8.06,71.76,43.56,58.27,8.09
353.28,39.78,20.08,22.46,8.07,71.98,43.56,58.42,8.08
353.29,39.78,20.08,22.46,8.06,71.98,43.56,58.42,8.09
353.30,39.78,20.05,22.49,8.07,71.76,43.56,58.27,8.08
353.31,39.86,20.08,22.49,8.06,71.76,43.56,58.27,8.08
353.32,39.86,20.11,22.46,8.06,71.98,43.56,58.42,8.08
353.33,39.86,20.08,22.49,8.06,71.76,43.56,58.42,8.09
353.34,39.86,20.05,22.49,8.06,71.76,43.56,58.27,8.09
353.35,39.78,20.05,22.49,8.06,71.98,43.56,58.42,8.08
353.36,39.78,20.08,22.46,8.06,71.76,43.56,58.42,8.08
353.37,39.78,20.05,22.46,8.07,71.76,43.47,58.42,8.09
353.38,39.78,20.05,22.49,8.07,71.98,43.56,58.27,8.09
353.39,39.86,20.05,22.46,8.06,71.76,43.56,58.27,8.10
353.40,39.86,20.08,22.46,8.06,71.76,43.56,58.27,8.09
353.41,39.86,20.05,22.46,8.06,71.76,43.56,58.42,8.08
353.42,39.86,20.05,22.46,8.06,71.76,43.38,58.42,8.08
353.43,39.78,20.08,22.46,8.06,71.76,43.56,58.42,8.09
353.44,39.78,20.05,22.46,8.06,71.98,43.56,58.42,8.09
353.45,39.78,20.05,22.46,8.06,71.98,43.56,58.42,8.09
353.46,39.86,20.08,22.49,8.07,71.76,43.47,58.42,8.08
353.47,39.86,20.05,22.46,8.07,71.98,43.56,58.42,8.09
353.48,39.70,20.08,22.46,8.06,71.98,43.56,58.42,8.08
353.49,39.78,20.05,22.49,8.07,71.76,43.47,58.42,8.09
353.50,39.78,20.08,22.46,8.07,71.76,43.56,58.27,8.08
353.51,39.78,20.08,22.46,8.06,71.76,43.56,58.42,8.09
353.52,39.78,20.05,22.46,8.06,71.98,43.56,58.42,8.09
353.53,39.78,20.05,22.49,8.06,71.76,43.47,58.27,8.10
353.54,39.86,20.08,22.46,8.07,71.76,43.56,58.42,8.09
353.56,39.86,20.05,22.46,8.06,71.98,43.56,58.42,8.08
353.57,39.86,20.05,22.46,8.07,71.98,43.56,58.42,8.09
353.58,39.86,20.08,22.46,8.06,71.76,43.56,58.27,8.09
353.59,39.86,20.08,22.46,8.07,71.76,43.56,58.42,8.09
353.60,39.86,20.11,22.46,8.08,71.76,43.56,58.42,8.09
353.61,39.86,20.08,22.49,8.07,71.76,43.47,58.42,8.08
353.62,39.86,20.05,22.46,8.07,71.76,43.56,58.42,8.09
353.63,39.86,20.08,22.49,8.07,71.76,43.66,58.42,8.08
353.64,39.78,20.08,22.46,8.07,71.76,43.56,58.27,8.08
353.65,39.86,20.08,22.46,8.06,71.76,43.47,58.42,8.08
353.66,39.86,20.05,22.46,8.06,71.98,43.56,58.42,8.08
353.67,39.86,20.08,22.49,8.06,71.98,43.56,58.27,8.08
353.68,39.78,20.05,22.49,8.07,71.98,43.47,58.27,8.08
353.69,39.86,20.08,22.49,8.06,71.98,43.56,58.42,8.08
353.70,39.86,20.05,22.46,8.06,71.98,43.56,58.42,8.09
353.71,39.86,20.08,22.49,8.07,71.98,43.56,58.42,8.08
353.72,39.86,20.08,22.46,8.08,71.98,43.56,58.42,8.09
353.73,39.86,20.05,22.49,8.08,71.98,43.56,58.42,8.09
353.74,39.86,20.08,22.46,8.06,71.98,43.56,58.42,8.08
353.75,39.86,20.05,22.49,8.06,71.76,43.66,58.42,8.10
353.76,39.86,20.08,22.49,8.07,71.98,43.56,58.42,8.09
353.77,39.78,20.05,22.46,8.07,71.98,43.56,58.42,8.09
353.78,39.78,20.05,22.46,8.07,71.98,43.47,58.42,8.09
353.79,39.86,20.05,22.46,8.06,71.76,43.56,58.42,8.09
353.80,39.78,20.08,22.49,8.07,71.98,43.56,58.27,8.08
353.81,39.70,20.08,22.46,8.07,71.98,43.56,58.42,8.09
353.82,39.86,20.05,22.49,8.08,71.76,43.56,58.42,8.08
353.83,39.86,20.05,22.46,8.06,71.76,43.47,58.42,8.10
353.84,39.86,20.08,22.49,8.06,71.76,43.56,58.42,8.09
353.85,39.86,20.08,22.49,8.07,71.98,43.66,58.42,8.08
353.86,39.86,20.08,22.46,8.06,71.98,43.47,58.42,8.08
353.87,39.86,20.11,22.49,8.07,71.76,43.56,58.42,8.09
353.88,39.78,20.08,22.49,8.06,71.98,43.56,58.42,8.10
353.89,39.86,20.08,22.49,8.07,71.76,43.56,58.42,8.09
353.90,39.86,20.08,22.46,8.06,71.76,43.66,58.42,8.09
353.91,39.86,20.05,22.46,8.07,71.98,43.56,58.42,8.08
353.92,39.86,20.08,22.49,8.06,71.76,43.56,58.57,8.09
353.93,39.86,20.08,22.49,8.06,71.98,43.56,58.27,8.09
353.94,39.78,20.08,22.49,8.06,71.76,43.56,58.57,8.09
353.95,39.86,20.08,22.46,8.06,71.98,43.56,58.27,8.09
353.96,39.86,20.08,22.46,8.06,71.76,43.56,58.27,8.09
353.97,39.86,20.08,22.49,8.06,71.76,43.56,58.42,8.08
353.98,39.86,20.05,22.46,8.07,71.76,43.56,58.42,8.09
353.99,39.78,20.08,22.46,8.06,71.98,43.56,58.42,8.10
354.00,39.86,20.05,22.46,8.06,71.98,43.56,58.42,8.10
354.01,39.86,20.05,22.49,8.07,71.98,43.56,58.42,8.09
354.02,39.86,20.08,22.49,8.08,71.98,43.56,58.42,8.08
354.03,39.86,20.08,22.49,8.07,72.20,43.66,58.42,8.10
354.04,39.86,20.05,22.49,8.08,71.98,43.56,58.42,8.08
354.05,39.86,20.08,22.49,8.07,71.98,43.56,58.42,8.09
354.06,39.86,20.08,22.49,8.06,71.76,43.56,58.42,8.09
354.07,39.86,20.08,22.46,8.06,71.98,43.47,58.42,8.10
354.08,39.78,20.08,22.46,8.07,71.98,43.56,58.42,8.09
354.09,39.78,20.08,22.46,8.06,71.98,43.56,58.42,8.09
354.10,39.78,20.08,22.49,8.07,71.76,43.56,58.42,8.09
354.11,39.86,20.08,22.49,8.06,71.98,43.47,58.42,8.09
354.12,39.86,20.08,22.52,8.07,71.98,43.56,58.42,8.10
354.13,39.86,20.08,22.49,8.07,71.98,43.56,58.27,8.08
354.14,39.78,20.08,22.46,8.06,71.98,43.56,58.42,8.09
354.15,39.86,20.11,22.46,8.07,71.76,43.56,58.42,8.09
354.16,39.86,20.05,22.49,8.06,71.98,43.56,58.42,8.09
354.17,39.86,20.11,22.49,8.06,71.76,43.56,58.42,8.08
354.18,39.86,20.08,22.46,8.06,71.76,43.56,58.42,8.08
354.19,39.86,20.05,22.49,8.07,71.76,43.56,58.42,8.09
354.20,39.86,20.05,22.46,8.06,71.76,43.56,58.42,8.08
354.21,39.86,20.08,22.46,8.07,71.76,43.56,58.42,8.09
354.22,39.86,20.08,22.49,8.07,71.98,43.56,58.42,8.09
354.23,39.86,20.08,22.49,8.06,71.98,43.56,58.42,8.09
354.24,39.86,20.08,22.49,8.06,71.98,43.56,58.42,8.09
354.25,39.86,20.08,22.46,8.06,71.98,43.56,58.42,8.09
354.26,39.78,20.08,22.49,8.07,71.98,43.56,58.42,8.09
354.27,39.86,20.05,22.49,8.06,71.76,43.56,58.42,8.08
354.28,39.78,20.05,22.46,8.07,71.98,43.56,58.42,8.09
354.29,39.86,20.08,22.49,8.06,71.76,43.56,58.72,8.09
354.30,39.78,20.08,22.46,8.06,71.76,43.56,58.42,8.08
354.31,39.78,20.08,22.49,8.07,71.98,43.56,58.42,8.09
354.32,39.86,20.11,22.49,8.06,71.98,43.56,58.42,8.08
354.33,39.86,20.08,22.49,8.07,71.98,43.56,58.42,8.09
354.34,39.78,20.08,22.49,8.07,71.76,43.56,58.42,8.09
354.35,39.86,20.08,22.49,8.07,71.76,43.56,58.42,8.09
354.36,39.78,20.05,22.46,8.07,71.98,43.56,58.42,8.10
354.37,39.86,20.08,22.46,8.07,71.98,43.56,58.27,8.09
354.38,39.86,20.08,22.46,8.07,71.76,43.56,58.42,8.09
354.39,39.86,20.08,22.49,8.07,71.98,43.56,58.57,8.09
354.40,39.86,20.05,22.46,8.06,71.98,43.56,58.42,8.10
354.41,39.86,20.05,22.46,8.07,71.76,43.56,58.42,8.08
354.42,39.86,20.05,22.46,8.06,71.76,43.56,58.42,8.09
354.43,39.78,20.08,22.46,8.08,71.76,43.56,58.42,8.09
354.44,39.86,20.08,22.49,8.06,71.98,43.66,58.42,8.09
354.45,39.86,20.08,22.46,8.07,71.98,43.56,58.42,8.08
354.46,39.86,20.05,22.46,8.07,71.76,43.47,58.42,8.09
354.47,39.78,20.05,22.49,8.07,71.98,43.56,58.57,8.09
354.48,39.86,20.05,22.46,8.06,71.76,43.56,58.42,8.09
354.49,39.78,20.08,22.49,8.06,71.98,43.56,58.42,8.09
354.50,39.78,20.08,22.49,8.07,71.98,43.66,58.42,8.09
354.51,39.86,20.08,22.49,8.06,71.98,43.56,58.42,8.09
354.52,39.86,20.08,22.49,8.06,71.98,43.56,58.27,8.09
354.53,39.86,20.08,22.46,8.07,71.76,43.56,58.42,8.09
354.54,39.86,20.08,22.49,8.07,71.98,43.56,58.27,8.08
354.55,39.78,20.08,22.49,8.07,71.98,43.56,58.42,8.08
354.56,39.86,20.08,22.46,8.07,71.76,43.56,58.42,8.09
354.57,39.86,20.08,22.46,8.07,71.76,43.56,58.42,8.09
354.58,39.78,20.08,22.46,8.07,71.76,43.56,58.42,8.09
354.59,39.78,20.08,22.49,8.07,71.98,43.56,58.42,8.08
354.60,39.78,20.08,22.46,8.07,71.76,43.56,58.42,8.09
354.61,39.78,20.05,22.49,8.06,71.98,43.56,58.42,8.08
354.62,39.86,20.08,22.46,8.07,71.76,43.56,58.42,8.09
354.63,39.78,20.08,22.49,8.07,71.98,43.56,58.42,8.09
354.64,39.78,20.08,22.49,8.07,71.98,43.56,58.42,8.10
354.65,39.86,20.08,22.49,8.07,71.98,43.56,58.42,8.09
354.66,39.86,20.08,22.49,8.08,71.76,43.56,58.27,8.10
354.67,39.86,20.08,22.46,8.08,71.76,43.56,58.42,8.09
354.68,39.78,20.08,22.46,8.07,71.98,43.56,58.42,8.09
354.69,39.78,20.08,22.46,8.06,71.98,43.56,58.57,8.09
354.70,39.86,20.05,22.46,8.07,71.76,43.56,58.42,8.09
354.71,39.86,20.08,22.49,8.07,71.98,43.56,58.42,8.09
354.72,39.86,20.08,22.49,8.06,71.98,43.56,58.42,8.08
354.73,39.78,20.08,22.49,8.06,71.76,43.56,58.42,8.09
354.74,39.78,20.08,22.49,8.07,71.98,43.56,58.42,8.10
354.75,39.86,20.11,22.49,8.06,71.98,43.56,58.42,8.09
354.76,39.70,20.08,22.46,8.06,71.98,43.56,58.42,8.10
354.77,39.78,20.08,22.46,8.06,71.98,43.56,58.42,8.09
354.78,39.78,20.08,22.49,8.08,71.98,43.56,58.27,8.08
354.79,39.86,20.05,22.49,8.06,71.98,43.56,58.42,8.09
354.80,39.86,20.08,22.49,8.08,71.98,43.56,58.42,8.08
354.81,39.78,20.08,22.46,8.06,71.98,43.56,58.42,8.08
354.82,39.78,20.08,22.49,8.08,71.76,43.56,58.42,8.08
354.83,39.86,20.08,22.46,8.07,71.98,43.56,58.42,8.08
354.84,39.86,20.08,22.49,8.07,71.98,43.56,58.42,8.10
354.85,39.78,20.08,22.49,8.06,71.98,43.66,58.42,8.09
354.86,39.78,20.08,22.49,8.07,71.98,43.47,58.42,8.08
354.87,39.86,20.08,22.49,8.06,71.98,43.66,58.42,8.09
354.88,39.86,20.08,22.49,8.07,71.98,43.47,58.42,8.09
354.89,39.78,20.08,22.49,8.07,71.98,43.56,58.42,8.09
354.90,39.86,20.08,22.49,8.06,71.98,43.56,58.57,8.08
354.91,39.78,20.08,22.49,8.06,71.98,43.56,58.42,8.10
354.92,39.78,20.08,22.49,8.07,71.76,43.56,58.42,8.09
354.93,39.86,20.08,22.46,8.06,71.98,43.56,58.57,8.08
354.94,39.86,20.08,22.49,8.07,71.76,43.56,58.42,8.09
354.95,39.78,20.08,22.49,8.07,71.98,43.47,58.42,8.09
354.96,39.78,20.08,22.49,8.07,71.76,43.56,58.42,8.09
354.97,39.86,20.08,22.52,8.06,71.98,43.56,58.42,8.09
354.98,39.86,20.08,22.46,8.06,71.98,43.56,58.27,8.09
354.99,39.78,20.08,22.49,8.08,71.98,43.56,58.42,8.08
355.00,39.78,20.05,22.49,8.06,71.76,43.47,58.42,8.09
355.01,39.86,20.08,22.46,8.07,71.76,43.56,58.42,8.08
355.02,39.86,20.11,22.49,8.07,71.98,43.56,58.42,8.07
355.03,39.78,20.08,22.52,8.07,71.76,43.56,58.42,8.08
355.04,39.86,20.11,22.46,8.07,71.98,43.56,58.42,8.08
355.05,39.86,20.08,22.49,8.07,71.76,43.56,58.42,8.09
355.06,39.86,20.08,22.46,8.07,71.98,43.56,58.42,8.10
355.07,39.86,20.11,22.49,8.06,71.98,43.56,58.42,8.10
355.08,39.78,20.05,22.46,8.07,71.76,43.56,58.57,8.09
355.09,39.86,20.08,22.49,8.07,71.98,43.56,58.42,8.10
355.10,39.86,20.08,22.46,8.06,71.98,43.56,58.42,8.08
355.11,39.78,20.08,22.49,8.06,71.98,43.56,58.42,8.10
355.12,39.86,20.11,22.49,8.07,71.76,43.56,58.42,8.08
355.13,39.78,20.08,22.46,8.06,71.76,43.56,58.57,8.09
355.14,39.78,20.08,22.49,8.07,71.98,43.56,58.42,8.08
355.15,39.78,20.08,22.49,8.07,71.76,43.56,58.27,8.08
355.16,39.78,20.08,22.49,8.06,71.98,43.56,58.42,8.10
355.17,39.86,20.05,22.46,8.07,71.76,43.56,58.42,8.08
355.18,39.78,20.11,22.49,8.07,71.98,43.56,58.42,8.09
355.19,39.86,20.08,22.49,8.06,71.98,43.47,58.42,8.08
355.20,39.78,20.08,22.49,8.06,71.76,43.56,58.42,8.08
355.21,39.78,20.08,22.49,8.08,71.76,43.56,58.42,8.09
355.22,39.78,20.08,22.49,8.06,71.98,43.56,58.27,8.10
355.23,39.78,20.05,22.49,8.07,71.98,43.56,58.57,8.09
355.24,39.86,20.08,22.46,8.08,71.98,43.56,58.42,8.09
355.25,39.78,20.08,22.49,8.07,71.76,43.56,58.42,8.09
355.26,39.78,20.08,22.49,8.06,71.98,43.66,58.42,8.09
355.27,39.86,20.05,22.46,8.07,71.98,43.56,58.42,8.09
355.28,39.86,20.11,22.49,8.07,71.98,43.56,58.42,8.08
355.29,39.86,20.08,22.46,8.07,71.98,43.56,58.42,8.10
355.30,39.86,20.08,22.49,8.07,71.98,43.56,58.42,8.09
355.31,39.78,20.08,22.46,8.06,71.98,43.56,58.27,8.09
355.32,39.78,20.05,22.46,8.07,71.76,43.56,58.42,8.09
355.33,39.78,20.05,22.46,8.06,71.76,43.56,58.57,8.09
355.34,39.78,20.08,22.46,8.07,71.98,43.56,58.42,8.09
355.35,39.86,20.08,22.49,8.06,71.98,43.66,58.27,8.09
355.36,39.78,20.08,22.46,8.06,71.76,43.56,58.27,8.09
355.37,39.78,20.08,22.49,8.07,71.98,43.56,58.42,8.09
355.38,39.86,20.08,22.49,8.06,71.98,43.56,58.42,8.09
355.39,39.86,20.05,22.49,8.07,71.98,43.56,58.42,8.09
355.40,39.78,20.08,22.49,8.06,71.76,43.66,58.42,8.09
355.41,39.78,20.11,22.46,8.08,71.98,43.56,58.42,8.09
355.42,39.86,20.05,22.49,8.06,71.98,43.56,58.42,8.10
355.43,39.78,20.08,22.49,8.06,71.98,43.47,58.42,8.09
355.44,39.78,20.05,22.49,8.07,71.76,43.56,58.42,8.08
355.45,39.78,20.08,22.49,8.07,71.98,43.56,58.42,8.09
355.46,39.78,20.08,22.46,8.07,71.98,43.56,58.42,8.09
355.47,39.78,20.05,22.46,8.07,71.98,43.66,58.42,8.09
355.48,39.78,20.05,22.46,8.07,71.76,43.56,58.42,8.09
355.49,39.78,20.05,22.49,8.06,71.76,43.56,58.42,8.09
355.50,39.78,20.08,22.49,8.06,71.76,43.56,58.42,8.09
355.51,39.78,20.08,22.46,8.07,71.98,43.56,58.42,8.09
355.52,39.78,20.08,22.46,8.07,71.98,43.56,58.27,8.09
355.53,39.86,20.05,22.46,8.08,71.76,43.56,58.42,8.09
355.54,39.78,20.08,22.49,8.07,71.98,43.66,58.42,8.08
355.55,39.78,20.08,22.46,8.06,71.76,43.47,58.42,8.09
355.56,39.86,20.08,22.46,8.07,71.98,43.56,58.42,8.08
355.57,39.78,20.08,22.46,8.07,71.98,43.56,58.42,8.09
355.58,39.86,20.08,22.49,8.07,71.98,43.56,58.27,8.10
355.59,39.78,20.08,22.46,8.07,71.98,43.56,58.57,8.10
355.60,39.78,20.11,22.46,8.08,71.76,43.56,58.42,8.09
355.61,39.78,20.08,22.46,8.08,71.98,43.56,58.42,8.09
355.62,39.78,20.05,22.46,8.06,71.98,43.56,58.42,8.08
355.63,39.78,20.08,22.46,8.07,71.98,43.56,58.42,8.09
355.64,39.78,20.08,22.46,8.07,71.76,43.56,58.42,8.08
355.65,39.78,20.08,22.46,8.06,71.98,43.56,58.42,8.08
355.66,39.78,20.08,22.49,8.07,71.98,43.56,58.57,8.09
355.67,39.86,20.08,22.46,8.06,71.76,43.47,58.42,8.08
355.68,39.86,20.05,22.49,8.07,71.98,43.56,58.42,8.09
355.69,39.86,20.08,22.46,8.07,71.98,43.56,58.42,8.09
355.70,39.78,20.05,22.46,8.06,71.76,43.47,58.42,8.09
355.71,39.86,20.05,22.49,8.07,71.98,43.56,58.42,8.10
355.72,39.78,20.05,22.49,8.07,71.98,43.56,58.42,8.08
355.73,39.78,20.05,22.49,8.07,71.98,43.66,58.42,8.09
355.74,39.78,20.08,22.49,8.06,71.98,43.56,58.42,8.09
355.75,39.78,20.08,22.46,8.06,71.98,43.56,58.42,8.09
355.76,39.78,20.08,22.49,8.06,71.98,43.56,58.42,8.09
355.77,39.78,20.08,22.46,8.08,71.76,43.56,58.42,8.08
355.78,39.78,20.08,22.49,8.07,71.76,43.66,58.42,8.09
355.79,39.78,20.05,22.49,8.06,71.98,43.56,58.42,8.09
355.80,39.78,20.08,22.46,8.06,71.98,43.56,58.42,8.09
355.81,39.78,20.08,22.46,8.07,71.76,43.47,58.27,8.08
355.82,39.78,20.05,22.49,8.06,71.98,43.56,58.42,8.08
355.83,39.78,20.05,22.49,8.07,71.98,43.47,58.42,8.09
355.84,39.78,20.08,22.46,8.06,71.76,43.56,58.42,8.09
355.85,39.78,20.05,22.46,8.06,71.76,43.56,58.42,8.09
355.86,39.78,20.05,22.46,8.06,71.76,43.56,58.42,8.08
355.87,39.78,20.08,22.49,8.06,71.76,43.56,58.42,8.10
355.88,39.86,20.08,22.46,8.07,71.98,43.47,58.42,8.09
355.89,39.78,20.08,22.49,8.06,71.76,43.66,58.42,8.09
355.90,39.78,20.08,22.46,8.07,71.76,43.56,58.42,8.09
355.91,39.78,20.05,22.46,8.06,71.98,43.56,58.42,8.09
355.92,39.78,20.08,22.46,8.06,71.98,43.56,58.42,8.09
355.93,39.78,20.05,22.49,8.06,71.76,43.56,58.42,8.09
355.94,39.78,20.05,22.46,8.07,71.76,43.47,58.42,8.08
355.95,39.78,20.05,22.49,8.07,71.98,43.56,58.42,8.09
355.96,39.86,20.05,22.46,8.06,71.98,43.47,58.42,8.09
355.97,39.78,20.08,22.46,8.06,71.76,43.56,58.42,8.10
355.98,39.78,20.02,22.49,8.07,71.76,43.56,58.42,8.09
355.99,39.70,20.05,22.46,8.04,71.98,43.56,58.27,8.09
356.00,39.78,20.08,22.46,8.07,71.76,43.47,58.42,8.08
356.01,39.78,20.05,22.46,8.07,71.98,43.56,58.42,8.08
356.02,39.78,20.05,22.49,8.06,71.76,43.56,58.42,8.08
356.03,39.78,20.02,22.49,8.06,71.98,43.56,58.42,8.08
356.04,39.78,20.08,22.46,8.06,71.98,43.56,58.42,8.08
356.05,39.78,20.08,22.46,8.06,71.98,43.56,58.42,8.09
356.06,39.78,20.05,22.49,8.06,71.98,43.47,58.27,8.08
356.07,39.78,20.08,22.49,8.07,71.98,43.66,58.42,8.08
356.08,39.78,20.08,22.49,8.06,71.98,43.47,58.42,8.09
356.09,39.78,20.05,22.46,8.06,71.76,43.56,58.42,8.08
356.10,39.70,20.05,22.46,8.07,71.76,43.56,58.42,8.08
356.11,39.78,20.08,22.49,8.06,71.98,43.56,58.42,8.08
356.12,39.78,20.05,22.49,8.07,71.76,43.56,58.42,8.09
356.13,39.78,20.05,22.49,8.07,71.98,43.56,58.42,8.09
356.14,39.78,20.08,22.46,8.06,71.76,43.56,58.42,8.09
356.15,39.78,20.05,22.46,8.06,71.76,43.56,58.42,8.08
356.16,39.78,20.08,22.46,8.07,71.98,43.56,58.42,8.09
356.17,39.78,20.05,22.46,8.06,71.76,43.56,58.42,8.09
356.18,39.78,20.08,22.46,8.08,71.98,43.56,58.42,8.08
356.19,39.78,20.05,22.49,8.07,71.98,43.47,58.42,8.09
356.20,39.94,20.05,22.49,8.06,71.76,43.56,58.42,8.10
356.21,39.70,20.08,22.46,8.06,71.98,43.56,58.42,8.08
356.22,39.86,20.05,22.49,8.06,71.98,43.56,58.42,8.09
356.23,39.78,20.05,22.46,8.07,71.98,43.56,58.42,8.09
356.24,39.78,20.08,22.46,8.06,71.76,43.56,58.42,8.09
356.25,39.78,20.08,22.46,8.07,71.98,43.56,58.42,8.09
356.26,39.78,20.08,22.49,8.06,71.76,43.56,58.42,8.09
356.27,39.78,20.05,22.46,8.06,71.76,43.56,58.42,8.09
356.28,39.78,20.05,22.46,8.06,71.98,43.56,58.27,8.08
356.29,39.78,20.05,22.46,8.08,71.98,43.56,58.42,8.08
356.30,39.86,20.08,22.46,8.06,71.76,43.56,58.27,8.10
356.31,39.78,20.08,22.46,8.06,71.76,43.56,58.42,8.08
356.32,39.78,20.05,22.46,8.06,71.76,43.56,58.42,8.08
356.33,39.78,20.08,22.46,8.06,71.98,43.56,58.12,8.08
356.34,39.78,20.08,22.46,8.06,71.98,43.56,58.42,8.08
356.35,39.78,20.05,22.46,8.06,71.98,43.56,58.57,8.09
356.36,39.78,20.11,22.46,8.06,71.98,43.56,58.42,8.09
356.37,39.78,20.08,22.49,8.07,71.98,43.56,58.42,8.09
356.38,39.86,20.05,22.49,8.07,71.98,43.56,58.27,8.09
356.39,39.78,20.05,22.46,8.07,71.98,43.56,58.42,8.09
356.40,39.78,20.08,22.46,8.06,71.76,43.56,58.42,8.09
356.41,39.78,20.05,22.46,8.07,71.76,43.56,58.42,8.08
356.42,39.78,20.08,22.46,8.06,71.98,43.56,58.42,8.08
356.43,39.78,20.08,22.49,8.07,71.76,43.56,58.27,8.09
356.44,39.78,20.08,22.46,8.07,71.98,43.56,58.42,8.09
356.45,39.78,20.05,22.46,8.07,71.98,43.56,58.42,8.09
356.46,39.78,20.05,22.46,8.07,71.98,43.56,58.42,8.09
356.47,39.78,20.08,22.46,8.06,71.98,43.56,58.42,8.09
356.48,39.78,20.08,22.46,8.06,71.98,43.56,58.42,8.10
356.49,39.78,20.02,22.49,8.06,71.76,43.56,58.57,8.09
356.50,39.78,20.05,22.49,8.06,71.98,43.56,58.42,8.08
356.51,39.78,20.08,22.46,8.06,71.76,43.56,58.42,8.09
356.52,39.78,20.08,22.46,8.07,71.76,43.56,58.42,8.10
356.53,39.78,20.08,22.46,8.06,71.98,43.56,58.27,8.08
356.54,39.86,20.08,22.46,8.06,71.76,43.56,58.42,8.09
356.55,39.78,20.05,22.49,8.07,71.76,43.56,58.42,8.08
356.56,39.70,20.08,22.46,8.06,71.76,43.56,58.42,8.08
356.57,39.86,20.08,22.46,8.07,71.76,43.47,58.42,8.09
356.58,39.78,20.08,22.46,8.06,71.76,43.47,58.42,8.08
356.59,39.78,20.08,22.49,8.07,71.76,43.56,58.42,8.09
356.60,39.78,20.08,22.46,8.07,71.76,43.56,58.42,8.09
356.61,39.78,20.05,22.49,8.07,71.98,43.47,58.42,8.08
356.62,39.78,20.05,22.49,8.06,71.76,43.56,58.42,8.09
356.63,39.86,20.05,22.46,8.07,71.98,43.56,58.42,8.08
356.64,39.78,20.05,22.46,8.06,71.98,43.56,58.42,8.09
356.65,39.78,20.05,22.49,8.07,71.98,43.56,58.27,8.08
356.66,39.86,20.08,22.46,8.07,71.98,43.56,58.42,8.09
356.67,39.86,20.08,22.46,8.06,71.98,43.56,58.42,8.09
356.68,39.78,20.08,22.46,8.06,71.98,43.56,58.42,8.10
356.69,39.78,20.05,22.49,8.07,71.76,43.56,58.42,8.09
356.70,39.78,20.05,22.49,8.07,71.98,43.56,58.42,8.09
356.71,39.78,20.08,22.49,8.06,71.98,43.56,58.42,8.08
356.72,39.86,20.08,22.49,8.06,71.98,43.56,58.42,8.09
356.73,39.78,20.08,22.46,8.07,71.98,43.47,58.42,8.09
356.74,39.86,20.08,22.46,8.08,71.76,43.56,58.42,8.08
356.75,39.78,20.08,22.49,8.07,71.76,43.56,58.42,8.09
356.76,39.78,20.08,22.49,8.07,71.98,43.56,58.42,8.09
356.77,39.78,20.05,22.49,8.08,71.98,43.56,58.42,8.09
356.78,39.78,20.05,22.46,8.06,71.98,43.66,58.42,8.09
356.79,39.78,20.05,22.46,8.07,71.98,43.56,58.42,8.09
356.80,39.78,20.08,22.46,8.07,71.98,43.56,58.42,8.10
356.81,39.78,20.08,22.46,8.08,71.98,43.56,58.42,8.08
356.82,39.78,20.08,22.46,8.06,71.98,43.47,58.42,8.09
356.83,39.78,20.05,22.46,8.07,71.98,43.56,58.42,8.08
356.84,39.78,20.05,22.46,8.06,71.98,43.56,58.42,8.09
356.85,39.86,20.05,22.46,8.06,71.98,43.56,58.42,8.09
356.86,39.78,20.08,22.46,8.07,71.98,43.56,58.42,8.09
356.87,39.86,20.08,22.46,8.07,71.98,43.56,58.42,8.09
356.88,39.78,20.05,22.46,8.07,71.98,43.56,58.42,8.09
356.89,39.86,20.05,22.46,8.06,71.76,43.47,58.42,8.08
356.90,39.78,20.05,22.49,8.06,71.76,43.56,58.42,8.09
356.91,39.78,20.08,22.46,8.07,71.98,43.66,58.27,8.08
356.92,39.86,20.05,22.49,8.07,71.98,43.56,58.42,8.09
356.93,39.78,20.05,22.46,8.08,71.55,43.56,58.42,8.09
356.94,39.86,20.08,22.49,8.06,71.76,43.56,58.27,8.09
356.95,39.78,20.05,22.49,8.07,71.98,43.56,58.42,8.09
356.96,39.78,20.08,22.46,8.06,71.98,43.56,58.42,8.08
356.97,39.78,20.08,22.46,8.06,71.98,43.56,58.42,8.09
356.98,39.78,20.05,22.46,8.07,71.98,43.56,58.42,8.09
356.99,39.78,20.05,22.49,8.07,71.98,43.56,58.42,8.09
357.00,39.78,20.08,22.49,8.06,71.76,43.56,58.57,8.09
357.01,39.78,20.08,22.46,8.06,71.98,43.56,58.42,8.08
357.02,39.86,20.08,22.49,8.06,71.76,43.56,58.42,8.09
357.03,39.86,20.08,22.46,8.06,71.76,43.56,58.42,8.09
357.04,39.78,20.08,22.52,8.06,71.98,43.56,58.42,8.09
357.05,39.78,20.05,22.46,8.06,71.98,43.56,58.57,8.09
357.06,39.86,20.08,22.46,8.08,71.76,43.56,58.42,8.08
357.07,39.86,20.05,22.49,8.06,71.98,43.56,58.42,8.08
357.08,39.78,20.08,22.49,8.06,71.98,43.56,58.27,8.09
357.09,39.86,20.05,22.49,8.06,71.98,43.56,58.42,8.08
357.10,39.78,20.11,22.46,8.07,71.98,43.66,58.27,8.09
357.11,39.78,20.02,22.46,8.06,71.98,43.56,58.42,8.09
357.12,39.86,20.08,22.46,8.06,71.98,43.56,58.42,8.09
357.13,39.78,20.05,22.49,8.06,71.98,43.56,58.42,8.09
357.14,39.86,20.08,22.46,8.07,71.98,43.66,58.27,8.08
357.15,39.78,20.08,22.49,8.07,71.76,43.56,58.42,8.09
357.16,39.86,20.05,22.49,8.07,71.76,43.56,58.27,8.08
357.17,39.78,20.08,22.46,8.07,71.98,43.56,58.42,8.09
357.18,39.78,20.05,22.49,8.07,71.98,43.56,58.42,8.09
357.19,39.86,20.08,22.46,8.07,71.98,43.75,58.42,8.09
357.20,39.78,20.05,22.46,8.07,71.98,43.47,58.42,8.09
357.21,39.78,20.08,22.46,8.07,71.98,43.38,58.42,8.09
357.22,39.78,20.05,22.49,8.06,71.98,43.66,58.42,8.08
357.23,39.78,20.05,22.49,8.07,71.76,43.56,58.57,8.08
357.24,39.78,20.05,22.49,8.06,71.98,43.56,58.42,8.09
357.25,39.78,20.05,22.46,8.07,71.98,43.66,58.42,8.10
357.26,39.86,20.05,22.46,8.07,71.76,43.56,58.42,8.09
357.27,39.86,20.05,22.46,8.06,71.76,43.47,58.42,8.09
357.28,39.86,20.05,22.49,8.07,71.98,43.66,58.42,8.09
357.29,39.78,20.05,22.46,8.06,71.76,43.66,58.57,8.09
357.30,39.86,20.05,22.46,8.06,71.98,43.56,58.42,8.08
357.31,39.78,20.05,22.46,8.07,71.98,43.66,58.42,8.09
357.32,39.78,20.08,22.49,8.06,71.76,43.66,58.42,8.08
357.33,39.78,20.05,22.49,8.06,71.98,43.56,58.42,8.09
357.34,39.70,20.08,22.46,8.07,71.98,43.56,58.57,8.08
357.35,39.86,20.05,22.46,8.08,71.98,43.56,58.42,8.09
357.36,39.86,20.08,22.46,8.06,71.98,43.56,58.27,8.09
357.37,39.78,20.08,22.49,8.07,71.98,43.56,58.42,8.09
357.38,39.78,20.08,22.49,8.08,71.98,43.56,58.42,8.09
357.39,39.78,20.05,22.49,8.07,71.98,43.56,58.42,8.09
357.40,39.86,20.05,22.49,8.07,71.98,43.56,58.42,8.10
357.41,39.78,20.05,22.49,8.06,71.98,43.56,58.42,8.09
357.42,39.78,20.08,22.46,8.06,71.98,43.66,58.42,8.09
357.43,39.86,20.08,22.46,8.07,71.98,43.56,58.27,8.09
357.44,39.86,20.08,22.49,8.06,72.20,43.56,58.42,8.09
357.45,39.86,20.08,22.49,8.06,71.98,43.56,58.42,8.09
357.46,39.78,20.05,22.49,8.07,71.76,43.56,58.27,8.09
357.47,39.78,20.08,22.49,8.07,71.98,43.56,58.72,8.09
357.48,39.86,20.05,22.49,8.06,71.98,43.56,58.42,8.10
357.49,39.78,20.08,22.46,8.06,71.98,43.66,58.42,8.09
357.50,39.86,20.08,22.49,8.08,71.98,43.56,58.42,8.08
357.51,39.78,20.08,22.49,8.06,71.76,43.56,58.42,8.10
357.52,39.86,20.08,22.46,8.07,71.98,43.56,58.42,8.09
357.53,39.78,20.11,22.49,8.08,71.98,43.56,58.42,8.09
357.54,39.86,20.05,22.46,8.07,71.98,43.56,58.42,8.10
357.55,39.86,20.05,22.49,8.06,71.98,43.56,58.42,8.09
357.56,39.78,20.05,22.49,8.08,71.98,43.66,58.42,8.08
357.57,39.86,20.05,22.49,8.07,71.98,43.66,58.57,8.09
357.58,39.86,20.05,22.46,8.06,71.98,43.47,58.42,8.10
357.59,39.86,20.08,22.49,8.07,71.98,43.56,58.42,8.09
357.60,39.86,20.05,22.46,8.07,71.98,43.56,58.42,8.10
357.61,39.86,20.05,22.49,8.07,71.98,43.56,58.42,8.09
357.62,39.86,20.05,22.46,8.06,71.98,43.56,58.42,8.09
357.63,39.94,20.08,22.46,8.06,71.98,43.56,58.42,8.09
357.64,39.86,20.08,22.46,8.07,71.76,43.56,58.57,8.08
357.65,39.86,20.08,22.46,8.07,71.76,43.56,58.42,8.08
357.66,39.78,20.05,22.46,8.06,71.98,43.56,58.57,8.09
357.67,39.86,20.05,22.49,8.07,71.98,43.56,58.42,8.09
357.68,39.86,20.05,22.49,8.06,71.76,43.56,58.42,8.08
357.69,39.86,20.05,22.49,8.07,71.98,43.56,58.42,8.09
357.70,39.86,20.08,22.46,8.07,71.76,43.56,58.42,8.09
357.71,39.86,20.05,22.49,8.06,71.98,43.56,58.42,8.09
357.72,39.86,20.08,22.46,8.07,71.98,43.56,58.42,8.09
357.73,39.86,20.08,22.46,8.07,71.98,43.56,58.57,8.09
357.74,39.86,20.05,22.46,8.06,71.98,43.56,58.42,8.09
357.75,39.78,20.05,22.46,8.08,71.98,43.56,58.42,8.09
357.76,39.86,20.08,22.46,8.07,71.98,43.56,58.42,8.09
357.77,39.78,20.08,22.46,8.07,71.98,43.56,58.42,8.09
357.78,39.78,20.08,22.49,8.06,71.76,43.56,58.42,8.09
357.79,39.78,20.08,22.46,8.06,71.76,43.56,58.42,8.09
357.80,39.86,20.05,22.49,8.06,71.98,43.56,58.57,8.09
357.81,39.86,20.08,22.46,8.07,71.98,43.56,58.42,8.09
357.82,39.86,20.05,22.49,8.07,71.76,43.56,58.42,8.09
357.83,39.86,20.05,22.49,8.06,71.98,43.56,58.57,8.09
357.84,39.86,20.08,22.49,8.07,71.98,43.66,58.42,8.09
357.85,39.86,20.08,22.46,8.07,71.98,43.56,58.42,8.08
357.86,39.86,20.08,22.46,8.06,71.98,43.66,58.42,8.09
357.87,39.78,20.05,22.49,8.06,71.98,43.56,58.42,8.09
357.88,39.86,20.08,22.46,8.06,71.98,43.56,58.42,8.08
357.89,39.86,20.08,22.46,8.07,71.98,43.56,58.42,8.09
357.90,39.86,20.08,22.49,8.07,71.98,43.66,58.42,8.08
357.91,39.78,20.08,22.49,8.06,71.98,43.56,58.57,8.08
357.92,39.86,20.08,22.52,8.07,71.98,43.56,58.42,8.08
357.93,39.78,20.05,22.49,8.06,71.98,43.56,58.42,8.09
357.94,39.86,20.08,22.46,8.06,71.98,43.66,58.42,8.09
357.95,39.86,20.05,22.46,8.07,71.98,43.56,58.42,8.08
357.96,39.86,20.08,22.46,8.06,71.98,43.56,58.42,8.09
357.97,39.86,20.08,22.49,8.07,71.98,43.56,58.42,8.09
357.98,39.86,20.08,22.49,8.07,71.98,43.56,58.42,8.08
357.99,39.86,20.08,22.49,8.07,71.98,43.66,58.57,8.09
358.00,39.86,20.08,22.49,8.07,71.98,43.56,58.42,8.08
358.01,39.86,20.08,22.49,8.06,71.98,43.56,58.57,8.08
358.02,39.86,20.05,22.46,8.06,71.98,43.56,58.42,8.09
358.03,39.86,20.08,22.49,8.07,71.98,43.56,58.42,8.10
358.04,39.86,20.08,22.46,8.07,71.98,43.56,58.42,8.09
358.05,39.86,20.08,22.49,8.07,71.98,43.56,58.42,8.08
358.06,39.86,20.11,22.46,8.07,71.98,43.56,58.42,8.09
358.07,39.86,20.08,22.49,8.06,71.98,43.56,58.42,8.08
358.08,39.78,20.08,22.49,8.06,71.76,43.56,58.57,8.09
358.09,39.86,20.08,22.46,8.06,71.98,43.56,58.57,8.09
358.10,39.86,20.08,22.46,8.07,71.76,43.56,58.42,8.09
358.11,39.86,20.05,22.49,8.06,71.98,43.56,58.42,8.09
358.12,39.86,20.08,22.49,8.07,71.98,43.56,58.27,8.09
358.13,39.86,20.05,22.46,8.06,71.76,43.56,58.42,8.08
358.14,39.78,20.08,22.49,8.08,71.98,43.56,58.42,8.09
358.15,39.86,20.05,22.49,8.06,71.98,43.56,58.42,8.09
358.16,39.86,20.05,22.46,8.07,71.98,43.56,58.57,8.09
358.17,39.86,20.05,22.52,8.07,71.98,43.56,58.57,8.08
358.18,39.86,20.08,22.46,8.07,71.98,43.66,58.27,8.09
358.19,39.86,20.05,22.46,8.07,71.98,43.56,58.57,8.09
358.20,39.86,20.08,22.49,8.07,71.98,43.56,58.57,8.10
358.21,39.78,20.05,22.52,8.08,71.98,43.56,58.42,8.10
358.22,39.86,20.08,22.49,8.07,71.98,43.56,58.42,8.08
358.23,39.86,20.05,22.49,8.06,71.98,43.56,58.42,8.09
358.24,39.86,20.08,22.49,8.07,71.98,43.56,58.42,8.09
358.25,39.86,20.05,22.49,8.07,71.76,43.56,58.42,8.09
358.26,39.86,20.08,22.49,8.07,71.98,43.47,58.42,8.09
358.27,39.86,20.05,22.46,8.07,71.98,43.56,58.42,8.08
358.28,39.78,20.08,22.49,8.06,72.20,43.56,58.57,8.09
358.29,39.78,20.05,22.46,8.07,71.98,43.66,58.42,8.10
358.30,39.86,20.05,22.49,8.07,71.98,43.66,58.42,8.08
358.31,39.86,20.08,22.49,8.07,71.98,43.56,58.42,8.08
358.32,39.86,20.08,22.49,8.07,71.98,43.56,58.42,8.09
358.33,39.86,20.08,22.49,8.06,71.98,43.56,58.42,8.09
358.34,39.78,20.08,22.46,8.07,71.98,43.66,58.42,8.10
358.35,39.78,20.08,22.49,8.07,71.76,43.56,58.42,8.09
358.36,39.78,20.08,22.49,8.06,71.98,43.56,58.42,8.09
358.37,39.86,20.05,22.46,8.07,71.98,43.56,58.42,8.09
358.38,39.86,20.08,22.52,8.07,71.98,43.66,58.42,8.10
358.39,39.86,20.08,22.49,8.06,71.98,43.47,58.57,8.10
358.40,39.86,20.05,22.49,8.06,71.98,43.75,58.42,8.08
358.41,39.86,20.08,22.49,8.07,71.98,43.56,58.42,8.09
358.42,39.86,20.05,22.49,8.07,71.98,43.56,58.42,8.08
358.43,39.86,20.08,22.46,8.07,72.20,43.56,58.42,8.08
358.44,39.86,20.08,22.49,8.08,71.98,43.56,58.57,8.08
358.45,39.86,20.05,22.49,8.07,71.98,43.56,58.57,8.08
358.46,39.86,20.08,22.49,8.07,71.98,43.56,58.42,8.08
358.47,39.86,20.05,22.49,8.07,71.98,43.56,58.42,8.09
358.48,39.86,20.08,22.46,8.06,71.76,43.66,58.57,8.09
358.49,39.78,20.05,22.49,8.06,71.98,43.56,58.42,8.09
358.50,39.86,20.05,22.46,8.06,71.98,43.56,58.42,8.09
358.51,39.86,20.08,22.49,8.07,71.98,43.56,58.42,8.09
358.52,39.78,20.08,22.46,8.07,71.98,43.56,58.42,8.09
358.53,39.86,20.11,22.52,8.06,71.98,43.56,58.42,8.09
358.54,39.86,20.05,22.49,8.07,71.98,43.56,58.42,8.08
358.55,39.86,20.05,22.49,8.06,71.98,43.56,58.57,8.09
358.56,39.86,20.08,22.52,8.07,71.98,43.56,58.42,8.09
358.57,39.86,20.05,22.49,8.06,71.98,43.56,58.57,8.09
358.58,39.78,20.08,22.49,8.08,71.76,43.47,58.42,8.09
358.59,39.86,20.08,22.49,8.06,71.98,43.56,58.42,8.09
358.60,39.86,20.08,22.49,8.07,71.55,43.66,58.42,8.09
358.61,39.86,20.08,22.52,8.06,71.55,43.66,58.42,8.08
358.62,39.86,20.08,22.49,8.07,71.98,43.66,58.57,8.09
358.63,39.78,20.08,22.49,8.07,71.98,43.56,58.57,8.09
358.64,39.86,20.08,22.49,8.08,71.76,43.56,58.42,8.09
358.65,39.86,20.05,22.49,8.06,71.98,43.56,58.57,8.08
358.66,39.86,20.08,22.49,8.07,71.98,43.56,58.27,8.08
358.67,39.86,20.05,22.49,8.07,71.98,43.56,58.12,8.08
358.68,39.94,20.08,22.49,8.07,71.98,43.56,58.42,8.09
358.69,39.86,20.08,22.49,8.06,71.98,43.66,58.42,8.09
358.70,39.86,20.08,22.46,8.06,71.98,43.56,58.42,8.10
358.71,39.86,20.11,22.49,8.08,71.98,43.66,58.42,8.09
358.72,39.86,20.08,22.49,8.06,71.98,43.56,58.12,8.09
358.73,39.86,20.05,22.49,8.07,71.98,43.56,58.42,8.09
358.74,39.86,20.08,22.49,8.07,71.98,43.56,58.57,8.10
358.75,39.86,20.08,22.52,8.07,71.98,43.56,58.42,8.09
358.76,39.78,20.05,22.49,8.07,71.98,43.66,58.42,8.09
358.77,39.86,20.05,22.49,8.08,71.98,43.56,58.42,8.08
358.78,39.78,20.05,22.49,8.07,71.98,43.56,58.42,8.08
358.79,39.86,20.08,22.49,8.06,71.98,43.56,58.42,8.09
358.80,39.86,20.08,22.46,8.06,71.98,43.56,58.57,8.09
358.81,39.86,20.08,22.49,8.07,71.98,43.56,58.57,8.09
358.82,39.86,20.11,22.49,8.06,72.20,43.56,58.42,8.09
358.83,39.86,20.08,22.49,8.06,71.98,43.56,58.57,8.08
358.84,39.86,20.08,22.49,8.06,72.20,43.56,58.42,8.08
358.85,39.86,20.08,22.52,8.07,71.98,43.56,58.42,8.09
358.86,39.86,20.11,22.49,8.06,71.98,43.47,58.57,8.08
358.87,39.86,20.05,22.49,8.07,72.20,43.47,58.57,8.10
358.88,39.86,20.08,22.49,8.07,71.98,43.56,58.57,8.09
358.89,39.86,20.08,22.49,8.07,71.98,43.66,58.42,8.09
358.90,39.86,20.08,22.49,8.07,71.98,43.56,58.42,8.09
358.91,39.78,20.05,22.49,8.06,71.98,43.66,58.42,8.08
358.92,39.86,20.08,22.49,8.06,71.76,43.56,58.57,8.09
358.93,39.86,20.08,22.49,8.07,71.98,43.56,58.57,8.08
358.94,39.86,20.05,22.49,8.08,71.98,43.66,58.42,8.10
358.95,39.86,20.08,22.49,8.07,71.98,43.56,58.42,8.08
358.96,39.86,20.08,22.46,8.08,71.98,43.56,58.42,8.08
358.97,39.86,20.05,22.52,8.08,71.98,43.56,58.57,8.08
358.98,39.86,20.08,22.49,8.06,71.98,43.56,58.42,8.09
358.99,39.86,20.08,22.52,8.07,71.98,43.66,58.42,8.09
359.00,39.86,20.05,22.49,8.06,71.98,43.56,58.42,8.08
359.01,39.86,20.08,22.49,8.07,71.98,43.56,58.42,8.10
359.02,39.86,20.11,22.49,8.07,71.98,43.56,58.57,8.09
359.03,39.86,20.08,22.52,8.08,71.98,43.66,58.42,8.09
359.04,39.86,20.08,22.49,8.07,71.98,43.56,58.57,8.09
359.05,39.86,20.08,22.52,8.07,71.98,43.66,58.42,8.09
359.06,39.86,20.08,22.52,8.07,71.98,43.56,58.57,8.09
359.07,39.86,20.11,22.49,8.07,71.98,43.56,58.57,8.09
359.08,39.86,20.08,22.49,8.07,71.76,43.66,58.57,8.09
359.09,39.86,20.11,22.46,8.06,71.98,43.56,58.42,8.08
359.10,39.86,20.08,22.49,8.07,71.98,43.66,58.42,8.09
359.11,39.86,20.08,22.49,8.07,71.98,43.56,58.57,8.10
359.12,39.86,20.08,22.49,8.08,71.98,43.56,58.57,8.09
359.13,39.86,20.08,22.49,8.07,71.98,43.56,58.57,8.09
359.14,39.94,20.08,22.52,8.07,71.98,43.66,58.57,8.08
359.15,39.86,20.08,22.52,8.07,71.98,43.56,58.57,8.08
359.16,39.86,20.08,22.52,8.07,71.98,43.56,58.42,8.09
359.17,39.86,20.08,22.49,8.07,71.98,43.66,58.42,8.09
359.18,39.86,20.11,22.49,8.08,71.98,43.56,58.57,8.08
359.19,39.86,20.08,22.49,8.07,71.98,43.56,58.57,8.09
359.20,39.86,20.08,22.49,8.07,71.98,43.56,58.42,8.09
359.21,39.86,20.08,22.49,8.07,71.98,43.66,58.42,8.08
359.22,39.86,20.08,22.49,8.07,71.98,43.56,58.57,8.09
359.23,39.86,20.08,22.52,8.07,71.98,43.56,58.42,8.08
359.24,39.86,20.08,22.52,8.06,71.98,43.56,58.42,8.09
359.25,39.86,20.08,22.49,8.07,71.98,43.56,58.42,8.08
359.26,39.86,20.08,22.52,8.07,71.98,43.66,58.42,8.09
359.27,39.86,20.08,22.49,8.07,71.98,43.56,58.42,8.09
359.28,39.86,20.08,22.49,8.07,71.98,43.66,58.57,8.09
359.29,39.86,20.05,22.49,8.06,71.98,43.56,58.57,8.09
359.30,39.86,20.08,22.52,8.08,71.98,43.66,58.42,8.10
359.31,39.86,20.05,22.52,8.06,72.20,43.66,58.42,8.08
359.32,39.86,20.08,22.52,8.07,71.98,43.56,58.42,8.10
359.33,39.86,20.05,22.52,8.07,71.98,43.56,58.42,8.09
359.34,39.86,20.08,22.49,8.07,71.98,43.66,58.42,8.10
359.35,39.86,20.08,22.49,8.06,71.98,43.66,58.42,8.09
359.36,39.86,20.08,22.49,8.07,71.98,43.56,58.57,8.09
359.37,39.94,20.11,22.49,8.06,71.98,43.66,58.57,8.09
359.38,39.94,20.08,22.52,8.07,71.98,43.66,58.42,8.08
359.39,39.86,20.08,22.52,8.08,71.98,43.66,58.57,8.09
359.40,39.86,20.08,22.49,8.07,71.98,43.56,58.57,8.09
359.41,39.86,20.08,22.49,8.07,71.98,43.56,58.42,8.09
359.42,39.86,20.08,22.49,8.06,71.98,43.66,58.57,8.10
359.43,39.86,20.08,22.49,8.07,72.20,43.56,58.42,8.08
359.44,39.86,20.08,22.52,8.07,71.98,43.66,58.57,8.09
359.45,39.86,20.08,22.49,8.08,72.20,43.66,58.57,8.08
359.46,39.86,20.11,22.52,8.07,71.98,43.56,58.42,8.09
359.47,39.86,20.08,22.49,8.08,71.98,43.56,58.42,8.10
359.48,39.86,20.05,22.52,8.07,71.98,43.56,58.57,8.09
359.49,39.94,20.11,22.52,8.07,71.98,43.66,58.42,8.09
359.50,39.86,20.08,22.52,8.07,71.98,43.66,58.42,8.09
359.51,39.86,20.08,22.49,8.06,71.98,43.66,58.57,8.09
359.52,39.86,20.08,22.49,8.06,71.98,43.56,58.57,8.09
359.53,39.86,20.05,22.49,8.08,71.98,43.66,58.42,8.08
359.54,39.86,20.11,22.49,8.07,71.98,43.66,58.57,8.09
359.55,39.94,20.08,22.52,8.07,71.98,43.66,58.57,8.09
359.56,39.94,20.11,22.52,8.08,71.98,43.75,58.42,8.08
359.57,39.94,20.05,22.52,8.07,71.76,43.56,58.57,8.10
359.58,39.86,20.05,22.49,8.07,72.20,43.56,58.42,8.08
359.59,39.94,20.08,22.49,8.06,72.20,43.47,58.57,8.10
359.60,39.86,20.08,22.49,8.07,71.98,43.75,58.42,8.10
359.61,39.86,20.08,22.52,8.07,72.20,43.66,58.42,8.09
359.62,39.86,20.08,22.49,8.07,71.98,43.56,58.42,8.09
359.63,39.94,20.08,22.49,8.06,71.98,43.56,58.42,8.10
359.64,39.86,20.08,22.49,8.07,72.20,43.56,58.57,8.09
359.65,39.86,20.08,22.49,8.06,71.98,43.66,58.42,8.09
359.66,39.94,20.08,22.52,8.07,71.98,43.56,58.42,8.10
359.67,39.86,20.08,22.52,8.07,72.20,43.56,58.57,8.10
359.68,39.86,20.08,22.52,8.07,71.98,43.56,58.27,8.09
359.69,39.86,20.08,22.49,8.07,71.98,43.56,58.57,8.09
359.70,39.86,20.08,22.49,8.07,72.20,43.66,58.57,8.08
359.71,39.94,20.08,22.52,8.06,72.20,43.66,58.57,8.09
359.72,40.02,20.08,22.49,8.07,71.98,43.56,58.57,8.09
359.73,39.86,20.08,22.49,8.07,71.98,43.66,58.42,8.08
359.74,39.94,20.08,22.56,8.07,71.98,43.66,58.57,8.09
359.75,39.94,20.05,22.52,8.07,71.98,43.56,58.42,8.09
359.76,39.94,20.11,22.49,8.07,71.76,43.56,58.57,8.09
359.77,39.86,20.08,22.52,8.07,71.98,43.66,58.57,8.09
359.78,39.86,20.08,22.49,8.07,71.98,43.66,58.57,8.11
359.79,39.94,20.08,22.52,8.07,71.76,43.56,58.57,8.09
359.80,39.94,20.08,22.52,8.07,71.98,43.66,58.57,8.09
359.81,39.86,20.08,22.49,8.06,71.98,43.66,58.57,8.08
359.82,39.86,20.08,22.52,8.06,71.98,43.56,58.42,8.09
359.83,39.94,20.08,22.52,8.07,71.98,43.66,58.42,8.09
359.84,39.86,20.08,22.49,8.07,71.98,43.56,58.57,8.10
359.85,39.86,20.08,22.52,8.08,72.20,43.66,58.27,8.08
359.86,39.86,20.08,22.52,8.07,71.98,43.56,58.57,8.09
359.87,39.86,20.08,22.52,8.07,71.98,43.56,58.57,8.09
359.88,39.86,20.05,22.49,8.07,72.20,43.66,58.57,8.09
359.89,39.94,20.08,22.49,8.07,71.98,43.56,58.42,8.08
359.90,39.86,20.08,22.52,8.07,71.98,43.56,58.57,8.09
359.91,39.86,20.08,22.49,8.07,72.20,43.56,58.57,8.09
359.92,39.94,20.08,22.56,8.08,71.98,43.56,58.57,8.09
359.93,39.86,20.08,22.52,8.07,72.20,43.66,58.57,8.09
359.94,39.94,20.08,22.49,8.07,71.98,43.66,58.57,8.08
359.95,39.94,20.08,22.52,8.07,71.98,43.56,58.57,8.09
359.96,39.86,20.11,22.52,8.06,71.98,43.56,58.57,8.09
359.97,39.86,20.08,22.52,8.07,71.98,43.56,58.57,8.09
359.98,39.94,20.11,22.49,8.07,71.98,43.56,58.42,8.09
359.99,39.94,20.11,22.52,8.08,71.98,43.56,58.42,8.10
360.00,39.94,20.08,22.49,8.07,71.98,43.56,58.57,8.09
360.01,39.86,20.08,22.52,8.07,71.98,43.66,58.57,8.09
360.02,39.86,20.08,22.52,8.07,72.20,43.56,58.57,8.09
360.03,39.86,20.08,22.52,8.07,71.98,43.56,58.57,8.09
360.04,39.94,20.05,22.52,8.07,71.98,43.56,58.57,8.09
360.05,39.94,20.08,22.52,8.07,71.98,43.56,58.57,8.09
360.06,39.94,20.08,22.52,8.07,71.98,43.56,58.42,8.08
360.07,39.94,20.08,22.49,8.06,71.98,43.56,58.57,8.08
360.08,39.94,20.11,22.52,8.07,71.98,43.66,58.57,8.10
360.09,39.86,20.08,22.52,8.08,71.98,43.66,58.57,8.09
360.10,39.86,20.08,22.52,8.06,71.98,43.56,58.57,8.09
360.11,39.94,20.08,22.49,8.07,71.98,43.56,58.57,8.09
360.12,39.86,20.08,22.52,8.07,71.98,43.66,58.57,8.10
360.13,39.86,20.08,22.49,8.07,71.98,43.56,58.57,8.09
360.14,39.86,20.08,22.49,8.07,71.98,43.66,58.42,8.09
360.15,39.94,20.08,22.52,8.06,71.98,43.56,58.57,8.10
360.16,39.94,20.08,22.49,8.07,71.98,43.66,58.57,8.09
360.17,39.86,20.08,22.52,8.08,71.98,43.66,58.57,8.09
360.18,39.94,20.08,22.52,8.07,71.98,43.66,58.57,8.09
360.19,39.94,20.08,22.49,8.06,71.98,43.66,58.42,8.10
360.20,39.94,20.08,22.49,8.08,71.98,43.56,58.57,8.09
360.21,39.94,20.08,22.52,8.07,71.98,43.66,58.42,8.09
360.22,39.86,20.08,22.49,8.08,71.98,43.56,58.57,8.09
360.23,39.86,20.05,22.52,8.07,71.98,43.66,58.57,8.10
360.24,39.94,20.08,22.52,8.08,71.98,43.66,58.57,8.09
360.25,39.86,20.08,22.52,8.07,72.20,43.56,58.57,8.10
360.26,39.94,20.05,22.52,8.07,71.98,43.56,58.57,8.09
360.27,39.94,20.08,22.52,8.07,71.98,43.56,58.57,8.09
360.28,39.86,20.08,22.49,8.07,71.98,43.56,58.57,8.09
360.29,39.94,20.08,22.52,8.07,71.98,43.56,58.42,8.09
360.30,39.86,20.11,22.49,8.07,71.98,43.56,58.57,8.09
360.31,39.94,20.11,22.52,8.07,72.20,43.56,58.42,8.10
360.32,39.94,20.08,22.52,8.07,71.98,43.56,58.57,8.09
360.33,39.94,20.08,22.52,8.07,71.98,43.66,58.42,8.09
360.34,39.86,20.08,22.49,8.08,71.98,43.66,58.57,8.08
360.35,39.94,20.08,22.52,8.07,72.20,43.56,58.57,8.09
360.36,39.94,20.08,22.52,8.08,71.98,43.56,58.42,8.10
360.37,39.94,20.08,22.52,8.07,71.98,43.66,58.42,8.09
360.38,39.86,20.08,22.52,8.06,71.98,43.56,58.57,8.09
360.39,39.86,20.08,22.52,8.08,71.98,43.56,58.57,8.09
360.40,39.94,20.08,22.52,8.07,71.98,43.56,58.42,8.09
360.41,39.94,20.11,22.52,8.06,72.20,43.66,58.42,8.09
360.42,39.86,20.08,22.52,8.08,72.20,43.66,58.57,8.09
360.43,39.86,20.08,22.52,8.08,71.98,43.66,58.57,8.08
360.44,39.94,20.08,22.52,8.08,72.20,43.66,58.57,8.10
360.45,39.94,20.08,22.52,8.07,71.98,43.66,58.42,8.10
360.46,39.86,20.08,22.52,8.07,71.98,43.56,58.57,8.09
360.47,39.86,20.08,22.52,8.07,71.98,43.66,58.57,8.09
360.48,39.94,20.08,22.52,8.07,71.98,43.56,58.57,8.09
360.49,39.94,20.08,22.52,8.07,71.98,43.66,58.57,8.09
360.50,39.94,20.08,22.52,8.07,71.98,43.56,58.42,8.09
360.51,39.94,20.08,22.49,8.08,71.98,43.56,58.42,8.09
360.52,39.94,20.11,22.52,8.06,71.98,43.56,58.42,8.09
360.53,39.86,20.08,22.49,8.07,71.98,43.56,58.57,8.10
360.54,39.94,20.05,22.52,8.07,71.98,43.66,58.57,8.08
360.55,39.94,20.08,22.52,8.08,71.98,43.66,58.42,8.08
360.56,39.86,20.08,22.49,8.07,71.98,43.66,58.57,8.10
360.57,39.86,20.08,22.49,8.07,71.98,43.66,58.42,8.09
360.58,39.94,20.11,22.49,8.07,71.98,43.56,58.42,8.09
360.59,39.86,20.08,22.49,8.06,71.98,43.66,58.42,8.08
360.60,39.86,20.08,22.52,8.06,72.20,43.56,58.57,8.09
360.61,39.94,20.08,22.52,8.07,71.98,43.56,58.57,8.09
360.62,39.94,20.08,22.49,8.07,71.98,43.56,58.57,8.09
360.63,39.94,20.08,22.49,8.07,71.98,43.56,58.57,8.09
360.64,39.94,20.11,22.52,8.08,71.98,43.75,58.57,8.10
360.65,39.86,20.05,22.49,8.07,71.98,43.56,58.57,8.09
360.66,39.94,20.08,22.52,8.07,71.98,43.66,58.57,8.10
360.67,39.94,20.08,22.52,8.07,71.98,43.56,58.57,8.09
360.68,39.94,20.08,22.52,8.07,72.20,43.66,58.57,8.09
360.69,39.94,20.08,22.52,8.07,71.98,43.56,58.57,8.10
360.70,39.86,20.08,22.52,8.07,71.98,43.56,58.57,8.09
360.71,39.94,20.08,22.49,8.07,71.98,43.56,58.57,8.09
360.72,39.86,20.08,22.52,8.06,71.98,43.66,58.57,8.09
360.73,39.94,20.08,22.52,8.06,71.98,43.56,58.57,8.09
360.74,39.94,20.08,22.52,8.08,72.20,43.66,58.57,8.09
360.75,39.86,20.08,22.52,8.06,71.98,43.56,58.57,8.10
360.76,39.86,20.05,22.52,8.07,71.98,43.56,58.57,8.08
360.77,39.86,20.11,22.52,8.07,71.98,43.56,58.57,8.09
360.78,39.94,20.08,22.49,8.07,71.98,43.47,58.57,8.09
360.79,39.94,20.08,22.49,8.06,71.98,43.56,58.42,8.08
360.80,39.94,20.11,22.52,8.07,71.98,43.56,58.57,8.09
360.81,39.86,20.08,22.49,8.07,71.98,43.56,58.57,8.09
360.82,39.94,20.08,22.52,8.07,71.98,43.56,58.57,8.07
360.83,39.94,20.08,22.52,8.06,72.20,43.56,58.57,8.11
360.84,39.94,20.08,22.49,8.07,71.98,43.66,58.57,8.09
360.85,39.94,20.08,22.52,8.08,71.98,43.56,58.57,8.09
360.86,39.86,20.08,22.52,8.07,71.98,43.56,58.42,8.10
360.87,39.94,20.08,22.52,8.08,72.20,43.66,58.57,8.08
360.88,39.94,20.08,22.52,8.06,71.98,43.56,58.57,8.09
360.89,39.86,20.11,22.52,8.07,72.20,43.56,58.57,8.09
360.90,40.02,20.08,22.52,8.08,72.20,43.66,58.57,8.09
360.91,39.94,20.11,22.49,8.08,71.98,43.56,58.42,8.08
360.92,39.86,20.08,22.49,8.06,71.98,43.66,58.57,8.10
360.93,39.86,20.08,22.49,8.08,71.98,43.66,58.57,8.09
360.94,39.86,20.08,22.49,8.07,71.98,43.66,58.42,8.09
360.95,39.94,20.08,22.49,8.07,71.98,43.56,58.57,8.08
360.96,39.94,20.05,22.52,8.08,71.98,43.66,58.57,8.10
360.97,39.86,20.11,22.52,8.07,71.98,43.66,58.57,8.09
360.98,39.86,20.08,22.49,8.06,71.98,43.56,58.57,8.09
360.99,39.86,20.08,22.52,8.08,72.41,43.56,58.57,8.10
361.00,39.94,20.08,22.52,8.07,71.98,43.56,58.57,8.09
361.01,39.86,20.08,22.52,8.07,71.98,43.66,58.42,8.10
361.02,39.86,20.05,22.49,8.08,71.98,43.56,58.72,8.10
361.03,39.86,20.05,22.52,8.07,72.20,43.56,58.27,8.10
361.04,39.94,20.08,22.52,8.07,72.20,43.56,58.42,8.09
361.05,39.86,20.05,22.52,8.07,72.20,43.56,58.57,8.09
361.06,39.94,20.08,22.52,8.07,71.98,43.66,58.42,8.09
361.07,39.94,20.08,22.52,8.06,71.98,43.66,58.57,8.09
361.08,39.86,20.05,22.49,8.07,71.98,43.56,58.57,8.10
361.09,39.94,20.11,22.52,8.07,71.98,43.56,58.57,8.09
361.10,39.86,20.05,22.52,8.07,71.98,43.66,58.57,8.09
361.11,39.94,20.05,22.52,8.06,71.98,43.56,58.57,8.09
361.12,39.86,20.08,22.52,8.08,71.98,43.56,58.42,8.09
361.13,39.94,20.11,22.52,8.08,71.98,43.56,58.42,8.09
361.14,39.86,20.08,22.52,8.06,71.98,43.56,58.42,8.09
361.15,39.86,20.08,22.49,8.06,71.98,43.56,58.57,8.10
361.16,40.02,20.08,22.49,8.07,71.98,43.66,58.42,8.08
361.17,39.94,20.08,22.49,8.06,71.98,43.56,58.42,8.08
361.18,39.94,20.05,22.49,8.06,71.98,43.56,58.57,8.09
361.19,39.94,20.05,22.49,8.08,71.98,43.66,58.42,8.09
361.20,39.94,20.05,22.52,8.07,71.98,43.56,58.57,8.08
361.21,39.86,20.08,22.49,8.07,71.98,43.56,58.57,8.08
361.22,39.94,20.08,22.52,8.07,71.98,43.56,58.57,8.09
361.23,39.86,20.08,22.52,8.06,71.98,43.56,58.57,8.09
361.24,39.86,20.11,22.49,8.07,71.98,43.56,58.57,8.08
361.25,39.86,20.08,22.52,8.08,71.98,43.56,58.57,8.09
361.26,39.94,20.08,22.49,8.06,72.20,43.56,58.57,8.09
361.27,39.94,20.11,22.49,8.06,71.98,43.66,58.42,8.09
361.28,39.86,20.05,22.49,8.07,71.98,43.66,58.57,8.10
361.29,39.86,20.05,22.52,8.08,71.98,43.56,58.57,8.09
361.30,39.94,20.08,22.52,8.07,71.98,43.56,58.57,8.09
361.31,39.86,20.08,22.49,8.07,71.98,43.56,58.42,8.10
361.32,39.94,20.08,22.49,8.06,71.98,43.66,58.57,8.08
361.33,39.86,20.08,22.49,8.07,72.20,43.66,58.42,8.09
361.34,39.86,20.08,22.52,8.08,72.20,43.56,58.42,8.09
361.35,39.86,20.08,22.52,8.07,71.98,43.66,58.42,8.09
361.36,39.86,20.08,22.49,8.06,71.98,43.56,58.57,8.09
361.37,39.86,20.05,22.52,8.06,71.98,43.56,58.57,8.09
361.38,39.94,20.05,22.49,8.06,71.98,43.56,58.57,8.09
361.39,39.94,20.08,22.49,8.06,71.98,43.56,58.57,8.10
361.40,39.94,20.08,22.49,8.07,71.98,43.56,58.42,8.09
361.41,39.86,20.08,22.52,8.07,72.20,43.56,58.57,8.08
361.42,39.86,20.05,22.49,8.07,71.98,43.56,58.57,8.09
361.43,39.86,20.05,22.49,8.07,71.98,43.56,58.57,8.08
361.44,39.94,20.08,22.49,8.06,71.98,43.56,58.42,8.09
361.45,39.86,20.05,22.52,8.07,71.98,43.66,58.57,8.09
361.46,39.86,20.05,22.49,8.06,71.98,43.56,58.42,8.09
361.47,39.86,20.08,22.52,8.08,72.20,43.56,58.42,8.09
361.48,39.94,20.08,22.52,8.07,71.98,43.56,58.42,8.09
361.49,39.86,20.08,22.52,8.08,71.98,43.47,58.42,8.08
361.50,39.86,20.05,22.49,8.07,71.98,43.66,58.42,8.09
361.51,39.86,20.08,22.52,8.06,71.98,43.56,58.42,8.08
361.52,39.86,20.05,22.49,8.07,71.98,43.47,58.42,8.09
361.53,39.86,20.08,22.52,8.07,71.98,43.66,58.42,8.08
361.54,39.94,20.05,22.52,8.07,71.98,43.56,58.57,8.10
361.55,39.86,20.05,22.49,8.07,72.20,43.66,58.57,8.08
361.56,39.78,20.08,22.52,8.06,71.98,43.56,58.57,8.09
361.57,39.86,20.05,22.52,8.06,71.98,43.66,58.42,8.09
361.58,39.94,20.05,22.49,8.07,71.98,43.56,58.42,8.09
361.59,39.86,20.05,22.49,8.06,71.98,43.66,58.57,8.09
361.60,39.86,20.08,22.52,8.06,71.98,43.66,58.57,8.09
361.61,39.94,20.05,22.52,8.06,71.98,43.56,58.42,8.10
361.62,39.86,20.08,22.52,8.07,71.98,43.56,58.42,8.10
361.63,39.86,20.05,22.52,8.07,71.98,43.56,58.57,8.08
361.64,39.86,20.05,22.52,8.06,71.98,43.56,58.42,8.08
361.65,39.94,20.08,22.52,8.08,72.20,43.56,58.42,8.09
361.66,39.86,20.05,22.52,8.06,71.98,43.56,58.42,8.09
361.67,39.86,20.08,22.49,8.07,71.98,43.56,58.42,8.08
361.68,39.86,20.05,22.52,8.07,71.98,43.56,58.42,8.08
361.69,39.94,20.11,22.49,8.06,72.20,43.56,58.42,8.08
361.70,39.86,20.05,22.46,8.07,71.98,43.66,58.42,8.08
361.71,39.94,20.08,22.49,8.06,71.98,43.56,58.72,8.08
361.72,39.94,20.05,22.52,8.08,71.98,43.66,58.57,8.08
361.73,39.86,20.05,22.49,8.07,71.98,43.56,58.57,8.10
361.74,39.86,20.08,22.49,8.06,71.98,43.56,58.57,8.09
361.75,39.86,20.05,22.52,8.06,71.98,43.56,58.42,8.09
361.76,39.86,20.05,22.49,8.06,71.98,43.66,58.42,8.10
361.77,39.86,20.08,22.49,8.07,71.98,43.66,58.42,8.08
361.78,39.86,20.08,22.49,8.07,71.98,43.66,58.42,8.09
361.79,39.86,20.05,22.49,8.06,71.98,43.56,58.57,8.10
361.80,39.86,20.05,22.49,8.07,72.20,43.56,58.57,8.09
361.81,39.94,20.05,22.52,8.06,71.98,43.56,58.42,8.08
361.82,39.86,20.08,22.49,8.07,71.98,43.56,58.57,8.09
361.83,39.86,20.08,22.49,8.06,71.98,43.56,58.42,8.09
361.84,39.86,20.08,22.52,8.06,71.98,43.56,58.42,8.08
361.85,39.86,20.02,22.49,8.06,71.98,43.56,58.57,8.09
361.86,39.86,20.05,22.49,8.07,71.98,43.56,58.42,8.09
361.87,39.86,20.08,22.49,8.06,71.98,43.66,58.57,8.09
361.88,39.86,20.08,22.49,8.06,71.98,43.56,58.57,8.08
361.89,39.86,20.08,22.49,8.06,71.98,43.66,58.42,8.08
361.90,39.94,20.05,22.52,8.07,71.98,43.56,58.42,8.08
361.91,39.86,20.05,22.49,8.06,71.98,43.56,58.57,8.09
361.92,39.86,20.05,22.49,8.07,71.98,43.56,58.57,8.08
361.93,39.94,20.05,22.49,8.06,71.98,43.56,58.42,8.08
361.94,39.94,20.08,22.49,8.06,71.98,43.56,58.57,8.08
361.95,39.94,20.08,22.49,8.07,71.98,43.47,58.57,8.08
361.96,39.86,20.08,22.52,8.08,71.98,43.66,58.42,8.09
361.97,39.86,20.05,22.49,8.06,71.98,43.56,58.57,8.08
361.98,39.86,20.05,22.52,8.07,71.98,43.56,58.57,8.08
361.99,39.86,20.05,22.49,8.06,71.98,43.56,58.42,8.10
362.00,39.94,20.08,22.52,8.07,71.76,43.56,58.42,8.09
362.01,39.86,20.02,22.52,8.06,71.98,43.56,58.42,8.08
362.02,39.86,20.08,22.49,8.07,71.98,43.56,58.42,8.09
362.03,39.86,20.05,22.49,8.06,71.98,43.56,58.57,8.09
362.04,39.86,20.05,22.52,8.06,71.98,43.56,58.42,8.08
362.05,39.86,20.05,22.49,8.08,72.20,43.56,58.57,8.09
362.06,39.86,20.05,22.52,8.06,72.20,43.56,58.42,8.09
362.07,39.94,20.08,22.49,8.06,71.98,43.56,58.42,8.10
362.08,39.78,20.05,22.49,8.07,71.98,43.56,58.42,8.09
362.09,39.86,20.08,22.49,8.06,71.98,43.56,58.57,8.10
362.10,39.86,20.05,22.49,8.06,71.98,43.56,58.42,8.08
362.11,39.86,20.05,22.46,8.06,71.98,43.56,58.57,8.08
362.12,39.86,20.08,22.52,8.07,71.98,43.56,58.57,8.09
362.13,39.86,20.05,22.52,8.08,71.98,43.56,58.57,8.09
362.14,39.86,20.08,22.49,8.06,71.98,43.56,58.42,8.08
362.15,39.86,20.05,22.46,8.06,72.20,43.56,58.57,8.09
362.16,39.86,20.05,22.52,8.07,72.20,43.56,58.42,8.08
362.17,39.86,20.08,22.46,8.06,71.76,43.56,58.57,8.08
362.18,39.86,20.05,22.49,8.07,71.98,43.56,58.42,8.09
362.19,39.86,20.05,22.49,8.07,71.98,43.56,58.57,8.08
362.20,39.86,20.05,22.52,8.06,71.98,43.56,58.42,8.09
362.21,39.86,20.05,22.49,8.06,71.98,43.56,58.57,8.08
362.22,39.86,20.08,22.52,8.06,71.98,43.56,58.72,8.09
362.23,39.78,20.05,22.49,8.07,71.98,43.56,58.27,8.08
362.24,39.86,20.08,22.52,8.08,71.98,43.56,58.57,8.08
362.25,39.86,20.05,22.49,8.06,71.98,43.56,58.42,8.09
362.26,39.86,20.05,22.49,8.07,71.98,43.56,58.42,8.08
362.27,39.86,20.08,22.49,8.06,71.98,43.66,58.72,8.08
362.28,39.86,20.08,22.52,8.06,71.98,43.56,58.57,8.09
362.29,39.86,20.05,22.52,8.07,71.98,43.66,58.42,8.08
362.30,39.86,20.08,22.49,8.07,71.98,43.56,58.42,8.08
362.31,39.86,20.08,22.49,8.07,71.98,43.56,58.57,8.10
362.32,39.86,20.05,22.49,8.06,71.98,43.56,58.57,8.10
362.33,39.86,20.05,22.49,8.06,71.98,43.56,58.42,8.10
362.34,39.86,20.05,22.49,8.06,71.98,43.56,58.42,8.09
362.35,39.86,20.05,22.49,8.06,72.20,43.66,58.57,8.08
362.36,39.86,20.05,22.49,8.06,71.98,43.56,58.42,8.08
362.37,39.86,20.05,22.49,8.07,71.98,43.66,58.42,8.09
362.38,39.86,20.08,22.49,8.06,71.98,43.56,58.57,8.08
362.39,39.86,20.05,22.46,8.08,71.98,43.47,58.42,8.10
362.40,39.86,20.05,22.49,8.06,71.98,43.56,58.42,8.08
362.41,39.86,20.08,22.46,8.06,71.98,43.56,58.57,8.09
362.42,39.86,20.05,22.49,8.06,72.20,43.56,58.42,8.09
362.43,39.86,20.05,22.49,8.06,71.98,43.56,58.57,8.09
362.44,39.94,20.05,22.49,8.07,71.98,43.56,58.42,8.08
362.45,39.94,20.05,22.52,8.06,71.98,43.56,58.57,8.08
362.46,39.86,20.05,22.49,8.06,71.98,43.56,58.57,8.08
362.47,39.94,20.08,22.46,8.06,71.98,43.56,58.42,8.08
362.48,39.86,20.02,22.49,8.06,71.98,43.56,58.42,8.09
362.49,39.86,20.05,22.46,8.06,71.98,43.56,58.42,8.09
362.50,39.94,20.05,22.49,8.06,71.98,43.56,58.42,8.08
362.51,39.86,20.05,22.52,8.07,71.98,43.47,58.42,8.08
362.52,39.86,20.05,22.49,8.06,71.98,43.47,58.42,8.08
362.53,39.94,20.05,22.49,8.06,71.98,43.66,58.42,8.10
362.54,39.94,20.05,22.52,8.07,71.98,43.56,58.42,8.08
362.55,39.86,20.05,22.46,8.06,71.98,43.47,58.42,8.09
362.56,39.86,20.05,22.49,8.06,71.98,43.56,58.42,8.09
362.57,39.86,20.05,22.46,8.06,71.98,43.47,58.42,8.09
362.58,39.86,20.08,22.49,8.06,71.98,43.56,58.42,8.08
362.59,39.86,20.05,22.49,8.06,71.98,43.56,58.57,8.08
362.60,39.86,20.05,22.49,8.07,71.98,43.47,58.42,8.08
362.61,39.86,20.08,22.46,8.06,71.98,43.56,58.57,8.09
362.62,39.86,20.05,22.49,8.06,71.98,43.56,58.42,8.09
362.63,39.86,20.05,22.46,8.06,71.98,43.56,58.42,8.09
362.64,39.86,20.08,22.49,8.06,71.98,43.56,58.57,8.09
362.65,39.86,20.05,22.49,8.06,71.98,43.56,58.57,8.08
362.66,39.86,20.05,22.49,8.06,71.98,43.56,58.42,8.08
362.67,39.86,20.05,22.46,8.06,71.98,43.56,58.57,8.09
362.68,39.94,20.05,22.49,8.06,71.98,43.56,58.42,8.08
362.69,39.86,20.05,22.49,8.07,71.98,43.56,58.42,8.08
362.70,39.86,20.05,22.46,8.06,71.98,43.66,58.57,8.09
362.71,39.86,20.05,22.49,8.06,71.76,43.56,58.42,8.07
362.72,39.86,20.02,22.46,8.06,71.98,43.56,58.42,8.08
362.73,39.94,20.05,22.49,8.06,71.98,43.56,58.42,8.08
362.74,39.86,20.02,22.49,8.07,71.98,43.56,58.57,8.09
362.75,39.86,20.05,22.49,8.07,71.98,43.56,58.42,8.07
362.76,39.86,20.05,22.46,8.06,71.98,43.56,58.57,8.08
362.77,39.86,20.05,22.46,8.06,71.98,43.47,58.42,8.09
362.78,39.86,20.05,22.49,8.07,71.98,43.56,58.57,8.08
362.79,39.86,20.05,22.49,8.07,71.98,43.56,58.42,8.09
362.80,39.86,20.08,22.49,8.06,71.98,43.56,58.57,8.09
362.81,39.86,20.05,22.49,8.06,71.76,43.56,58.42,8.09
362.82,39.86,20.05,22.46,8.06,71.98,43.56,58.42,8.08
362.83,39.94,20.08,22.49,8.06,71.98,43.56,58.42,8.09
362.84,39.86,20.02,22.49,8.07,71.98,43.56,58.42,8.09
362.85,39.86,20.08,22.49,8.06,71.98,43.56,58.42,8.08
362.86,39.86,20.08,22.46,8.07,71.98,43.56,58.42,8.08
362.87,39.86,20.05,22.49,8.07,71.98,43.47,58.42,8.08
362.88,39.86,20.02,22.49,8.06,71.76,43.56,58.42,8.08
362.89,39.86,20.05,22.46,8.07,71.98,43.56,58.57,8.09
362.90,39.86,20.05,22.46,8.06,71.98,43.47,58.42,8.08
362.91,39.86,20.05,22.49,8.06,71.76,43.56,58.42,8.09
362.92,39.86,20.02,22.49,8.06,71.98,43.56,58.42,8.09
362.93,39.86,20.05,22.46,8.06,71.98,43.56,58.42,8.08
362.94,39.86,20.05,22.49,8.06,71.98,43.56,58.57,8.08
362.95,39.86,20.08,22.49,8.07,71.98,43.56,58.42,8.08
362.96,39.86,20.08,22.49,8.06,71.98,43.56,58.57,8.09
362.97,39.86,20.05,22.49,8.06,71.98,43.56,58.42,8.09
362.98,39.86,20.08,22.49,8.07,71.98,43.56,58.57,8.08
362.99,39.86,20.05,22.49,8.06,71.98,43.56,58.42,8.09
363.00,39.86,20.08,22.46,8.06,71.98,43.66,58.42,8.09
363.01,39.86,20.05,22.46,8.04,71.98,43.47,58.42,8.09
363.02,39.86,20.02,22.46,8.07,71.98,43.47,58.57,8.09
363.03,39.86,20.08,22.49,8.06,71.98,43.56,58.42,8.08
363.04,39.86,20.05,22.46,8.06,71.76,43.56,58.42,8.08
363.05,39.86,20.02,22.49,8.06,71.98,43.56,58.42,8.09
363.06,39.86,20.05,22.49,8.06,71.98,43.56,58.42,8.09
363.07,39.86,20.05,22.49,8.06,71.98,43.47,58.42,8.08
363.08,39.86,20.02,22.46,8.06,71.76,43.56,58.42,8.08
363.09,39.86,20.02,22.46,8.06,71.76,43.47,58.42,8.08
363.10,39.86,20.02,22.46,8.06,71.98,43.56,58.27,8.08
363.11,39.86,20.02,22.46,8.06,71.76,43.56,58.42,8.09
363.12,39.86,20.02,22.46,8.06,71.98,43.56,58.42,8.09
363.13,39.86,20.02,22.49,8.06,71.98,43.56,58.42,8.08
363.14,39.86,20.02,22.49,8.07,71.98,43.47,58.57,8.08
363.15,39.86,20.05,22.46,8.06,71.98,43.47,58.42,8.08
363.16,39.86,20.02,22.49,8.06,71.98,43.56,58.42,8.08
363.17,39.86,20.05,22.46,8.07,71.98,43.56,58.57,8.10
363.18,39.86,20.02,22.49,8.06,71.98,43.56,58.42,8.08
363.19,39.86,20.02,22.49,8.06,71.98,43.47,58.42,8.09
363.20,39.86,20.05,22.49,8.06,71.76,43.47,58.42,8.08
363.21,39.86,20.05,22.46,8.06,71.98,43.47,58.42,8.07
363.22,39.86,20.05,22.46,8.06,71.98,43.47,58.42,8.09
363.23,39.86,20.05,22.46,8.06,71.76,43.56,58.42,8.08
363.24,39.86,20.05,22.46,8.06,71.98,43.56,58.42,8.08
363.25,39.78,20.02,22.49,8.06,71.98,43.56,58.57,8.08
363.26,39.86,20.02,22.46,8.07,71.98,43.56,58.42,8.08
363.27,39.86,20.05,22.46,8.06,71.98,43.56,58.42,8.08
363.28,39.94,20.02,22.46,8.06,71.98,43.56,58.42,8.09
363.29,39.94,20.02,22.46,8.04,71.98,43.56,58.42,8.07
363.30,39.94,20.02,22.46,8.06,71.98,43.56,58.42,8.08
363.31,39.86,20.02,22.49,8.06,71.76,43.56,58.42,8.08
363.32,39.86,20.02,22.46,8.06,71.98,43.56,58.27,8.09
363.33,39.86,20.02,22.46,8.04,71.98,43.56,58.57,8.08
363.34,39.86,20.05,22.46,8.06,71.76,43.47,58.42,8.08
363.35,39.86,20.05,22.46,8.06,71.98,43.56,58.42,8.08
363.36,39.86,20.02,22.46,8.06,71.76,43.56,58.42,8.08
363.37,39.86,20.05,22.46,8.06,71.98,43.56,58.42,8.08
363.38,39.86,20.05,22.46,8.06,71.98,43.38,58.42,8.09
363.39,39.86,20.02,22.49,8.07,71.98,43.56,58.42,8.07
363.40,39.86,20.05,22.49,8.06,71.98,43.56,58.42,8.08
363.41,39.86,20.05,22.46,8.07,71.98,43.56,58.42,8.08
363.42,39.86,20.02,22.49,8.06,71.98,43.47,58.57,8.07
363.43,39.86,20.05,22.46,8.04,71.98,43.56,58.27,8.08
363.44,39.86,20.05,22.46,8.06,71.98,43.47,58.42,8.08
363.45,39.86,20.05,22.46,8.06,71.98,43.56,58.42,8.09
363.46,39.86,20.05,22.46,8.07,71.98,43.47,58.42,8.08
363.47,39.86,20.02,22.46,8.04,71.98,43.47,58.42,8.08
363.48,39.86,20.05,22.46,8.04,71.98,43.56,58.42,8.08
363.49,39.86,20.02,22.49,8.06,71.98,43.47,58.42,8.08
363.50,39.86,20.02,22.49,8.04,71.76,43.47,58.42,8.07
363.51,39.86,20.08,22.46,8.06,71.98,43.47,58.42,8.08
363.52,39.86,20.02,22.49,8.07,71.98,43.47,58.42,8.08
363.53,39.86,20.02,22.46,8.04,71.76,43.56,58.42,8.09
363.54,39.78,20.05,22.46,8.06,71.98,43.56,58.42,8.07
363.55,39.86,19.99,22.49,8.06,71.98,43.56,58.42,8.08
363.56,39.86,20.05,22.46,8.04,71.98,43.56,58.42,8.08
363.57,39.86,20.02,22.49,8.06,71.98,43.47,58.42,8.08
363.58,39.78,20.02,22.49,8.06,71.76,43.56,58.42,8.09
363.59,39.86,20.02,22.46,8.06,71.98,43.56,58.42,8.09
363.60,39.78,20.02,22.49,8.06,71.98,43.47,58.42,8.08
363.61,39.86,20.05,22.49,8.07,71.76,43.56,58.27,8.07
363.62,39.86,20.05,22.46,8.06,71.98,43.47,58.57,8.08
363.63,39.86,20.05,22.46,8.06,71.98,43.47,58.42,8.08
363.64,39.86,20.02,22.49,8.04,71.98,43.47,58.42,8.09
363.65,39.86,20.02,22.46,8.06,71.76,43.56,58.42,8.07
363.66,39.70,20.02,22.49,8.06,71.76,43.66,58.42,8.07
363.67,39.86,20.05,22.46,8.06,71.76,43.56,58.42,8.07
363.68,39.86,20.05,22.46,8.06,71.76,43.56,58.42,8.08
363.69,39.86,20.02,22.46,8.06,71.98,43.56,58.42,8.07
363.70,39.86,20.02,22.46,8.07,71.98,43.47,58.42,8.09
363.71,39.86,20.05,22.49,8.06,71.76,43.47,58.42,8.08
363.72,39.86,20.05,22.46,8.06,71.98,43.47,58.42,8.09
363.73,39.86,20.02,22.46,8.06,71.98,43.47,58.42,8.08
363.74,39.86,20.02,22.46,8.07,71.98,43.47,58.27,8.07
363.75,39.86,20.05,22.49,8.04,71.98,43.47,58.42,8.07
363.76,39.78,20.05,22.46,8.06,71.76,43.47,58.42,8.08
363.77,39.86,20.05,22.46,8.06,71.76,43.56,58.42,8.08
363.78,39.86,20.02,22.46,8.06,71.98,43.47,58.42,8.08
363.79,39.78,20.02,22.49,8.06,71.98,43.47,58.42,8.07
363.80,39.86,20.02,22.46,8.06,71.98,43.47,58.42,8.09
363.81,39.86,20.05,22.46,8.06,71.98,43.47,58.42,8.07
363.82,39.86,20.02,22.46,8.06,71.98,43.47,58.42,8.08
363.83,39.86,20.05,22.49,8.04,71.76,43.56,58.42,8.07
363.84,39.86,20.02,22.46,8.06,71.98,43.47,58.42,8.08
363.85,39.86,20.02,22.46,8.04,71.98,43.47,58.42,8.08
363.86,39.86,20.05,22.46,8.06,71.98,43.47,58.42,8.09
363.87,39.86,20.02,22.46,8.06,71.76,43.56,58.42,8.08
363.88,39.86,20.02,22.46,8.07,71.98,43.56,58.42,8.07
363.89,39.86,20.02,22.46,8.06,71.98,43.56,58.42,8.08
363.90,39.86,19.99,22.46,8.07,71.98,43.56,58.42,8.08
363.91,39.78,20.02,22.46,8.06,71.76,43.47,58.57,8.08
363.92,39.86,20.02,22.46,8.06,71.98,43.56,58.42,8.07
363.93,39.86,20.02,22.46,8.06,71.98,43.56,58.57,8.08
363.94,39.86,20.02,22.46,8.04,71.76,43.47,58.42,8.08
363.95,39.86,19.99,22.46,8.06,71.98,43.56,58.42,8.07
363.96,39.86,20.02,22.46,8.04,71.98,43.56,58.42,8.08
363.97,39.86,20.02,22.46,8.07,71.76,43.47,58.27,8.07
363.98,39.86,20.05,22.46,8.04,71.76,43.38,58.42,8.08
363.99,39.86,20.05,22.46,8.06,71.98,43.56,58.42,8.08
364.00,39.78,20.02,22.49,8.06,71.98,43.56,58.42,8.07
364.01,39.86,20.02,22.46,8.06,71.98,43.47,58.42,8.08
364.02,39.86,20.02,22.46,8.06,71.98,43.47,58.42,8.07
364.03,39.86,20.02,22.46,8.06,71.98,43.47,58.42,8.08
364.04,39.70,20.02,22.46,8.06,71.98,43.47,58.42,8.09
364.05,39.86,20.02,22.46,8.06,71.76,43.56,58.42,8.07
364.06,39.86,20.05,22.46,8.06,71.98,43.56,58.42,8.09
364.07,39.86,19.99,22.46,8.06,71.76,43.56,58.42,8.08
364.08,39.86,20.05,22.46,8.06,71.76,43.47,58.42,8.07
364.09,39.86,20.05,22.46,8.06,71.76,43.56,58.42,8.08
364.10,39.78,20.02,22.49,8.04,71.76,43.56,58.27,8.07
364.11,39.86,20.02,22.46,8.04,71.98,43.56,58.27,8.09
364.12,39.86,20.05,22.46,8.07,71.98,43.47,58.42,8.08
364.13,39.86,19.99,22.49,8.04,71.98,43.56,58.42,8.08
364.14,39.86,19.99,22.46,8.06,71.98,43.47,58.42,8.09
364.15,39.86,20.02,22.49,8.06,71.98,43.47,58.42,8.09
364.16,39.78,19.99,22.46,8.04,71.98,43.47,58.42,8.08
364.17,39.86,19.99,22.46,8.04,71.98,43.47,58.42,8.08
364.18,39.86,20.02,22.46,8.06,71.76,43.47,58.42,8.08
364.19,39.78,20.02,22.46,8.04,71.98,43.56,58.42,8.08
364.20,39.86,20.02,22.49,8.06,71.98,43.47,58.42,8.07
364.21,39.86,20.05,22.49,8.07,71.98,43.56,58.42,8.08
364.22,39.86,19.99,22.46,8.06,71.98,43.47,58.42,8.08
364.23,39.86,20.05,22.46,8.07,71.98,43.56,58.42,8.08
364.24,39.86,19.99,22.49,8.06,71.98,43.47,58.42,8.09
364.25,39.86,19.99,22.46,8.04,71.98,43.38,58.57,8.07
364.26,39.86,20.02,22.46,8.07,71.76,43.47,58.42,8.09
364.27,39.78,20.02,22.46,8.06,71.98,43.47,58.42,8.10
364.28,39.86,19.99,22.46,8.06,71.76,43.47,58.42,8.08
364.29,39.86,20.02,22.46,8.06,71.98,43.56,58.42,8.08
364.30,39.78,20.02,22.46,8.06,71.98,43.56,58.42,8.07
364.31,39.78,20.05,22.46,8.06,71.98,43.47,58.42,8.08
364.32,39.78,20.02,22.46,8.07,71.98,43.47,58.42,8.09
364.33,39.86,20.02,22.46,8.07,71.98,43.56,58.42,8.08
364.34,39.78,20.02,22.46,8.06,71.76,43.47,58.42,8.08
364.35,39.86,20.05,22.49,8.06,71.98,43.47,58.42,8.08
364.36,39.86,20.02,22.49,8.06,71.76,43.56,58.42,8.08
364.37,39.86,20.02,22.46,8.06,71.98,43.56,58.42,8.09
364.38,39.86,20.02,22.49,8.06,71.98,43.47,58.42,8.08
364.39,39.86,20.05,22.46,8.07,71.76,43.47,58.42,8.08
364.40,39.86,20.02,22.46,8.06,71.98,43.47,58.42,8.07
364.41,39.86,20.02,22.46,8.04,71.98,43.47,58.42,8.07
364.42,39.78,20.02,22.46,8.06,71.98,43.56,58.42,8.09
364.43,39.86,20.02,22.46,8.06,71.98,43.56,58.42,8.08
364.44,39.78,20.05,22.46,8.04,71.98,43.47,58.27,8.08
364.45,39.78,20.02,22.46,8.06,71.76,43.47,58.27,8.09
364.46,39.86,20.02,22.49,8.04,71.76,43.47,58.42,8.07
364.47,39.70,20.02,22.46,8.06,71.98,43.47,58.42,8.07
364.48,39.78,20.02,22.46,8.07,71.98,43.56,58.57,8.08
364.49,39.78,20.05,22.46,8.06,71.98,43.56,58.42,8.08
364.50,39.78,20.02,22.46,8.06,71.98,43.56,58.57,8.09
364.51,39.86,20.02,22.46,8.04,71.98,43.47,58.42,8.08
364.52,39.86,19.99,22.49,8.06,71.98,43.56,58.27,8.07
364.53,39.78,20.02,22.46,8.06,71.76,43.47,58.42,8.08
364.54,39.86,20.02,22.46,8.06,71.98,43.47,58.42,8.07
364.55,39.78,20.02,22.46,8.04,71.98,43.47,58.42,8.09
364.56,39.86,20.02,22.46,8.04,71.76,43.56,58.57,8.08
364.57,39.78,20.02,22.46,8.07,71.98,43.56,58.42,8.09
364.58,39.86,20.05,22.46,8.04,71.76,43.56,58.57,8.08
364.59,39.86,20.05,22.46,8.04,71.98,43.47,58.42,8.08
364.60,39.86,20.02,22.46,8.04,71.98,43.56,58.27,8.08
364.61,39.78,20.02,22.46,8.06,71.98,43.47,58.57,8.08
364.62,39.78,20.02,22.46,8.04,71.98,43.38,58.27,8.07
364.63,39.78,20.02,22.46,8.06,71.98,43.56,58.42,8.09
364.64,39.86,20.02,22.46,8.04,71.98,43.38,58.42,8.08
364.65,39.86,20.02,22.42,8.06,71.76,43.47,58.42,8.08
364.66,39.86,20.05,22.46,8.07,71.76,43.56,58.42,8.08
364.67,39.78,20.02,22.46,8.04,71.98,43.47,58.42,8.08
364.68,39.78,20.02,22.46,8.06,71.98,43.47,58.42,8.08
364.69,39.78,20.02,22.49,8.07,71.76,43.56,58.42,8.07
364.70,39.86,19.99,22.46,8.04,71.98,43.47,58.42,8.07
364.71,39.86,20.02,22.46,8.04,71.98,43.47,58.42,8.08
364.72,39.78,19.99,22.46,8.06,71.98,43.47,58.42,8.08
364.73,39.78,20.02,22.46,8.04,71.98,43.47,58.42,8.08
364.74,39.78,20.02,22.46,8.06,71.98,43.47,58.42,8.09
364.75,39.86,20.02,22.46,8.06,71.98,43.56,58.42,8.08
364.76,39.86,20.02,22.46,8.04,71.76,43.56,58.57,8.08
364.77,39.78,20.05,22.46,8.04,71.98,43.47,58.42,8.08
364.78,39.86,20.02,22.46,8.04,71.98,43.47,58.42,8.07
364.79,39.86,20.02,22.46,8.07,71.98,43.47,58.57,8.08
364.80,39.78,20.02,22.46,8.07,71.98,43.56,58.42,8.08
364.81,39.78,20.02,22.46,8.07,71.98,43.56,58.42,8.08
364.82,39.86,20.05,22.46,8.06,71.98,43.47,58.42,8.09
364.83,39.86,20.05,22.46,8.04,71.98,43.56,58.42,8.09
364.84,39.86,20.02,22.46,8.06,71.98,43.47,58.42,8.09
364.85,39.86,20.02,22.46,8.07,71.76,43.56,58.57,8.09
364.86,39.86,20.02,22.46,8.04,71.76,43.47,58.42,8.08
364.87,39.78,20.02,22.46,8.07,71.98,43.56,58.42,8.08
364.88,39.86,20.02,22.46,8.06,71.98,43.47,58.42,8.07
364.89,39.86,20.02,22.46,8.06,71.98,43.56,58.42,8.08
364.90,39.86,20.02,22.46,8.06,71.98,43.56,58.42,8.08
364.91,39.86,20.05,22.46,8.07,71.98,43.47,58.42,8.08
364.92,39.78,20.02,22.46,8.04,71.98,43.56,58.42,8.08
364.93,39.86,20.02,22.46,8.06,71.98,43.56,58.42,8.08
364.94,39.78,20.02,22.46,8.06,71.98,43.56,58.27,8.07
364.95,39.86,20.02,22.46,8.04,71.76,43.56,58.42,8.08
364.96,39.86,20.02,22.49,8.06,71.98,43.47,58.42,8.08
364.97,39.86,20.05,22.46,8.07,71.76,43.56,58.42,8.08
364.98,39.78,20.02,22.46,8.07,71.76,43.56,58.42,8.09
364.99,39.78,20.02,22.46,8.04,71.98,43.56,58.42,8.08
365.00,39.86,20.02,22.46,8.06,71.76,43.47,58.42,8.08
365.01,39.78,20.02,22.46,8.04,71.98,43.56,58.42,8.07
365.02,39.86,20.02,22.46,8.07,71.98,43.56,58.42,8.08
365.03,39.86,20.02,22.46,8.06,71.76,43.56,58.42,8.08
365.04,39.86,20.05,22.46,8.04,71.76,43.47,58.42,8.08
365.05,39.86,20.02,22.46,8.04,71.98,43.47,58.42,8.08
365.06,39.86,20.02,22.46,8.07,71.76,43.47,58.42,8.09
365.07,39.86,20.02,22.46,8.06,71.98,43.47,58.42,8.09
365.08,39.78,20.02,22.49,8.06,71.76,43.47,58.42,8.08
365.09,39.86,19.99,22.46,8.07,71.98,43.56,58.42,8.07
365.10,39.78,20.02,22.46,8.07,71.98,43.47,58.57,8.09
365.11,39.86,20.05,22.46,8.07,71.98,43.56,58.42,8.07
365.12,39.86,20.02,22.46,8.04,71.98,43.38,58.57,8.09
365.13,39.78,19.99,22.46,8.04,71.76,43.47,58.42,8.08
365.14,39.86,19.99,22.46,8.06,71.98,43.56,58.27,8.07
365.15,39.86,20.02,22.46,8.04,71.76,43.56,58.42,8.09
365.16,39.78,20.02,22.49,8.06,71.98,43.47,58.42,8.09
365.17,39.78,20.05,22.46,8.07,71.98,43.56,58.42,8.07
365.18,39.86,20.02,22.46,8.04,71.76,43.47,58.42,8.08
365.19,39.86,20.05,22.46,8.04,71.98,43.47,58.42,8.08
365.20,39.78,20.02,22.46,8.06,71.76,43.47,58.42,8.08
365.21,39.78,19.99,22.46,8.04,71.76,43.56,58.57,8.08
365.22,39.78,19.99,22.46,8.04,71.98,43.47,58.42,8.08
365.23,39.86,20.02,22.46,8.04,71.98,43.47,58.42,8.08
365.24,39.70,20.02,22.46,8.04,71.98,43.47,58.42,8.08
365.25,39.78,20.05,22.46,8.04,71.98,43.47,58.57,8.08
365.26,39.78,20.05,22.49,8.04,71.98,43.47,58.57,8.07
365.27,39.86,20.02,22.46,8.06,71.98,43.56,58.42,8.09
365.28,39.86,20.02,22.46,8.06,71.98,43.47,58.42,8.07
365.29,39.86,19.99,22.46,8.06,71.98,43.47,58.42,8.08
365.30,39.78,20.05,22.46,8.04,71.76,43.56,58.42,8.07
365.31,39.86,20.02,22.46,8.06,71.98,43.56,58.42,8.07
365.32,39.86,20.05,22.49,8.06,71.98,43.56,58.42,8.07
365.33,39.86,20.05,22.46,8.06,71.76,43.56,58.42,8.08
365.34,39.78,20.05,22.46,8.04,71.98,43.56,58.57,8.09
365.35,39.86,20.02,22.46,8.06,71.98,43.47,58.42,8.08
365.36,39.78,20.02,22.46,8.04,71.98,43.47,58.42,8.07
365.37,39.86,20.02,22.46,8.04,71.98,43.47,58.42,8.08
365.38,39.86,19.99,22.46,8.06,71.76,43.47,58.42,8.07
365.39,39.86,20.05,22.46,8.04,71.98,43.47,58.42,8.08
365.40,39.86,20.02,22.49,8.06,71.98,43.56,58.42,8.07
365.41,39.78,20.02,22.46,8.04,71.98,43.56,58.57,8.08
365.42,39.78,20.02,22.46,8.04,71.76,43.56,58.42,8.07
365.43,39.86,20.05,22.46,8.06,71.98,43.56,58.42,8.08
365.44,39.78,19.99,22.46,8.04,71.98,43.47,58.57,8.08
365.45,39.78,20.02,22.46,8.06,71.98,43.47,58.42,8.07
365.46,39.78,20.02,22.46,8.04,71.98,43.56,58.42,8.08
365.47,39.78,20.05,22.46,8.04,71.98,43.47,58.42,8.08
365.48,39.78,20.02,22.46,8.04,71.76,43.47,58.42,8.08
365.49,39.86,20.02,22.46,8.06,71.98,43.56,58.42,8.07
365.50,39.78,20.05,22.49,8.06,71.98,43.56,58.42,8.08
365.51,39.86,20.02,22.46,8.04,71.76,43.47,58.42,8.08
365.52,39.86,19.99,22.49,8.06,71.98,43.56,58.27,8.07
365.53,39.86,20.02,22.46,8.07,71.98,43.38,58.42,8.07
365.54,39.78,20.02,22.49,8.06,71.98,43.38,58.42,8.08
365.55,39.78,20.02,22.46,8.07,71.98,43.47,58.42,8.08
365.56,39.86,20.05,22.46,8.06,71.98,43.56,58.42,8.08
365.57,39.86,20.05,22.46,8.04,71.76,43.56,58.27,8.09
365.58,39.86,20.05,22.46,8.04,71.98,43.56,58.57,8.09
365.59,39.78,20.02,22.46,8.06,71.98,43.56,58.42,8.08
365.60,39.86,20.05,22.46,8.06,71.98,43.56,58.57,8.09
365.61,39.86,20.05,22.49,8.06,71.76,43.47,58.42,8.09
365.62,39.78,20.05,22.46,8.04,71.98,43.56,58.42,8.07
365.63,39.86,20.02,22.46,8.06,71.98,43.56,58.42,8.07
365.64,39.86,20.05,22.46,8.07,71.76,43.56,58.42,8.08
365.65,39.78,20.05,22.46,8.07,71.98,43.47,58.42,8.08
365.66,39.78,20.02,22.42,8.06,71.98,43.47,58.42,8.08
365.67,39.86,20.02,22.49,8.06,71.98,43.47,58.42,8.08
365.68,39.86,20.02,22.49,8.07,71.98,43.56,58.42,8.08
365.69,39.78,20.02,22.46,8.04,71.76,43.47,58.42,8.07
365.70,39.86,20.02,22.46,8.06,71.76,43.56,58.42,8.08
365.71,39.78,20.02,22.46,8.07,71.98,43.56,58.42,8.08
365.72,39.78,20.02,22.46,8.06,72.20,43.47,58.57,8.09
365.73,39.86,20.02,22.49,8.04,71.76,43.47,58.42,8.09
365.74,39.86,20.02,22.46,8.07,71.98,43.56,58.42,8.08
365.75,39.78,20.02,22.46,8.04,71.98,43.56,58.57,8.08
365.76,39.86,20.02,22.49,8.04,72.20,43.47,58.42,8.09
365.77,39.86,20.02,22.46,8.04,71.98,43.56,58.57,8.08
365.78,39.78,20.02,22.46,8.04,71.98,43.56,58.42,8.08
365.79,39.86,20.05,22.49,8.07,71.98,43.56,58.42,8.08
365.80,39.78,20.05,22.49,8.04,71.98,43.56,58.57,8.08
365.81,39.78,20.02,22.46,8.07,71.98,43.56,58.42,8.08
365.82,39.78,20.02,22.46,8.06,71.98,43.56,58.42,8.08
365.83,39.78,20.05,22.46,8.04,71.98,43.56,58.42,8.09
365.84,39.78,20.02,22.46,8.07,71.98,43.56,58.42,8.08
365.85,39.86,20.02,22.46,8.06,71.98,43.56,58.57,8.08
365.86,39.86,20.05,22.49,8.06,71.98,43.56,58.57,8.07
365.87,39.86,20.02,22.46,8.06,71.98,43.56,58.57,8.08
365.88,39.86,20.05,22.46,8.06,71.98,43.56,58.42,8.08
365.89,39.78,20.05,22.46,8.04,71.98,43.38,58.57,8.08
365.90,39.78,20.02,22.46,8.06,71.98,43.56,58.57,8.09
365.91,39.86,20.05,22.49,8.06,71.98,43.47,58.57,8.08
365.92,39.78,20.05,22.49,8.04,71.98,43.56,58.57,8.08
365.93,39.86,20.05,22.49,8.06,71.98,43.56,58.57,8.08
365.94,39.86,20.02,22.46,8.06,71.98,43.56,58.42,8.08
365.95,39.78,20.05,22.49,8.06,72.20,43.56,58.57,8.08
365.96,39.86,20.02,22.46,8.06,71.98,43.56,58.57,8.09
365.97,39.86,20.02,22.46,8.06,71.98,43.56,58.42,8.08
365.98,39.86,20.02,22.46,8.06,71.76,43.47,58.42,8.08
365.99,39.86,20.02,22.49,8.06,71.98,43.56,58.57,8.08
366.00,39.78,20.02,22.46,8.06,71.98,43.47,58.42,8.08
366.01,39.86,20.02,22.46,8.04,71.76,43.47,58.42,8.08
366.02,39.86,20.02,22.49,8.04,71.98,43.38,58.57,8.08
366.03,39.86,20.02,22.46,8.07,71.98,43.47,58.42,8.08
366.04,39.78,20.05,22.46,8.07,71.98,43.47,58.42,8.07
366.05,39.86,20.05,22.46,8.06,71.76,43.56,58.42,8.08
366.06,39.86,20.02,22.49,8.06,71.98,43.56,58.57,8.08
366.07,39.78,20.02,22.46,8.04,71.98,43.47,58.57,8.09
366.08,39.78,20.02,22.49,8.06,71.98,43.47,58.57,8.10
366.09,39.86,20.05,22.46,8.06,72.20,43.47,58.57,8.08
366.10,39.86,20.05,22.46,8.04,71.98,43.47,58.57,8.08
366.11,39.86,20.05,22.49,8.06,71.98,43.56,58.57,8.08
366.12,39.86,20.05,22.46,8.06,71.98,43.56,58.57,8.07
366.13,39.86,20.05,22.49,8.06,71.98,43.56,58.57,8.08
366.14,39.78,20.05,22.46,8.06,71.76,43.56,58.42,8.09
366.15,39.86,20.05,22.46,8.06,71.98,43.56,58.42,8.08
366.16,39.78,20.05,22.46,8.06,71.98,43.56,58.42,8.08
366.17,39.78,20.02,22.49,8.06,71.98,43.56,58.42,8.08
366.18,39.86,20.05,22.46,8.06,71.98,43.56,58.42,8.08
366.19,39.86,20.05,22.46,8.04,71.98,43.56,58.42,8.07
366.20,39.86,20.02,22.46,8.06,71.98,43.56,58.42,8.09
366.21,39.86,20.02,22.46,8.06,71.98,43.56,58.42,8.09
366.22,39.86,20.05,22.49,8.06,71.98,43.47,58.57,8.09
366.23,39.78,19.99,22.46,8.06,71.98,43.56,58.57,8.08
366.24,39.78,20.02,22.46,8.04,71.98,43.56,58.57,8.08
366.25,39.86,20.05,22.46,8.04,71.98,43.56,58.42,8.07
366.26,39.86,20.02,22.49,8.07,71.98,43.56,58.42,8.08
366.27,39.78,20.02,22.46,8.06,71.98,43.47,58.57,8.08
366.28,39.78,20.05,22.49,8.07,71.98,43.56,58.57,8.08
366.29,39.86,20.05,22.46,8.06,71.98,43.56,58.57,8.08
366.30,39.78,20.02,22.49,8.06,71.76,43.56,58.42,8.09
366.31,39.86,20.05,22.46,8.06,71.98,43.56,58.42,8.09
366.32,39.86,20.05,22.46,8.04,71.98,43.56,58.42,8.08
366.33,39.86,20.05,22.46,8.06,71.98,43.56,58.57,8.09
366.34,39.78,20.05,22.49,8.04,71.98,43.56,58.42,8.08
366.35,39.86,20.02,22.46,8.06,72.20,43.47,58.57,8.09
366.36,39.86,20.02,22.46,8.06,71.76,43.56,58.57,8.08
366.37,39.78,20.05,22.49,8.04,71.98,43.56,58.42,8.08
366.38,39.86,20.02,22.46,8.06,71.98,43.47,58.57,8.09
366.39,39.86,20.05,22.49,8.04,71.98,43.56,58.42,8.07
366.40,39.86,20.05,22.49,8.07,71.98,43.56,58.57,8.09
366.41,39.78,20.05,22.49,8.06,71.98,43.47,58.42,8.08
366.42,39.86,20.02,22.46,8.06,71.98,43.47,58.57,8.08
366.43,39.86,20.05,22.46,8.06,71.98,43.56,58.57,8.08
366.44,39.86,20.02,22.46,8.06,72.20,43.56,58.42,8.07
366.45,39.78,20.02,22.49,8.06,71.98,43.56,58.42,8.07
366.46,39.78,20.05,22.46,8.06,71.98,43.56,58.42,8.09
366.47,39.78,20.05,22.46,8.06,71.98,43.56,58.57,8.08
366.48,39.78,20.05,22.49,8.06,71.98,43.47,58.57,8.09
366.49,39.78,20.05,22.49,8.04,71.98,43.56,58.57,8.09
366.50,39.86,20.05,22.46,8.06,71.98,43.56,58.57,8.07
366.51,39.86,20.02,22.46,8.06,71.98,43.47,58.42,8.09
366.52,39.78,20.02,22.46,8.06,71.98,43.56,58.57,8.08
366.53,39.78,20.05,22.46,8.04,71.98,43.56,58.42,8.10
366.54,39.86,20.05,22.46,8.06,71.98,43.56,58.42,8.08
366.55,39.86,20.05,22.49,8.06,71.98,43.56,58.57,8.08
366.56,39.86,20.05,22.46,8.07,72.20,43.56,58.42,8.08
366.57,39.86,20.05,22.49,8.06,71.98,43.56,58.57,8.08
366.58,39.86,20.05,22.46,8.07,71.98,43.56,58.42,8.08
366.59,39.78,20.02,22.46,8.07,71.98,43.56,58.57,8.08
366.60,39.86,20.02,22.52,8.07,71.98,43.56,58.42,8.09
366.61,39.86,20.02,22.49,8.06,71.98,43.56,58.57,8.09
366.62,39.78,20.05,22.46,8.07,71.98,43.56,58.57,8.09
366.63,39.86,20.02,22.49,8.06,71.98,43.56,58.42,8.08
366.64,39.78,20.02,22.49,8.06,71.98,43.56,58.57,8.08
366.65,39.78,20.02,22.49,8.07,71.98,43.56,58.42,8.08
366.66,39.86,20.02,22.52,8.04,71.98,43.56,58.42,8.08
366.67,39.78,20.02,22.49,8.04,71.98,43.56,58.57,8.08
366.68,39.78,20.05,22.46,8.07,71.98,43.56,58.42,8.08
366.69,39.78,20.05,22.52,8.04,71.98,43.56,58.57,8.09
366.70,39.70,20.05,22.46,8.04,71.98,43.56,58.42,8.08
366.71,39.86,20.05,22.46,8.06,72.20,43.56,58.57,8.08
366.72,39.86,20.05,22.46,8.07,71.98,43.56,58.57,8.08
366.73,39.86,20.05,22.49,8.06,71.98,43.56,58.42,8.08
366.74,39.78,20.02,22.46,8.06,71.98,43.47,58.57,8.08
366.75,39.86,20.05,22.46,8.06,71.98,43.56,58.57,8.08
366.76,39.78,20.05,22.49,8.06,71.98,43.56,58.57,8.09
366.77,39.86,20.05,22.46,8.06,71.98,43.56,58.42,8.09
366.78,39.86,20.05,22.49,8.06,71.98,43.56,58.42,8.08
366.79,39.86,20.02,22.49,8.04,71.98,43.56,58.57,8.08
366.80,39.86,20.02,22.46,8.06,71.98,43.56,58.57,8.08
366.81,39.86,20.05,22.46,8.04,71.98,43.56,58.57,8.08
366.82,39.86,20.05,22.46,8.06,72.20,43.56,58.57,8.08
366.83,39.86,20.05,22.49,8.06,71.98,43.56,58.57,8.08
366.84,39.86,20.02,22.49,8.04,71.98,43.56,58.57,8.08
366.85,39.86,20.02,22.46,8.06,71.98,43.56,58.42,8.08
366.86,39.78,20.02,22.46,8.07,71.98,43.56,58.57,8.09
366.87,39.78,20.05,22.49,8.06,71.98,43.56,58.57,8.08
366.88,39.70,20.02,22.49,8.06,71.76,43.56,58.57,8.08
366.89,39.86,20.05,22.46,8.06,71.98,43.56,58.42,8.08
366.90,39.86,20.05,22.49,8.07,72.20,43.56,58.57,8.08
366.91,39.78,20.05,22.49,8.07,71.98,43.56,58.57,8.08
366.92,39.86,20.05,22.46,8.06,72.20,43.47,58.57,8.08
366.93,39.86,20.02,22.49,8.04,71.98,43.56,58.57,8.08
366.94,39.86,20.05,22.49,8.06,72.20,43.56,58.57,8.08
366.95,39.86,20.02,22.49,8.06,71.98,43.56,58.42,8.08
366.96,39.78,20.05,22.46,8.06,71.98,43.56,58.72,8.08
366.97,39.78,20.05,22.49,8.07,71.98,43.56,58.57,8.08
366.98,39.86,20.05,22.46,8.04,71.98,43.56,58.57,8.08
366.99,39.86,20.02,22.49,8.07,71.98,43.56,58.57,8.08
367.00,39.86,20.05,22.46,8.04,72.20,43.56,58.57,8.08
367.01,39.86,20.05,22.46,8.06,71.98,43.56,58.57,8.08
367.02,39.78,20.05,22.49,8.06,71.98,43.56,58.42,8.08
367.03,39.86,20.05,22.49,8.06,71.98,43.56,58.57,8.07
367.04,39.78,20.05,22.46,8.04,71.98,43.56,58.42,8.09
367.05,39.86,20.05,22.49,8.06,71.98,43.56,58.57,8.08
367.06,39.78,20.02,22.46,8.06,71.98,43.56,58.72,8.09
367.07,39.86,20.05,22.46,8.04,71.98,43.56,58.42,8.07
367.08,39.86,20.05,22.46,8.04,71.98,43.56,58.42,8.08
367.09,39.86,20.05,22.49,8.06,71.98,43.56,58.57,8.08
367.10,39.86,20.05,22.46,8.04,71.98,43.56,58.57,8.08
367.11,39.86,20.05,22.46,8.06,71.98,43.56,58.57,8.09
367.12,39.86,20.05,22.49,8.06,71.98,43.47,58.57,8.09
367.13,39.86,20.05,22.49,8.06,71.98,43.56,58.57,8.09
367.14,39.78,20.05,22.46,8.06,71.98,43.56,58.42,8.08
367.15,39.78,20.05,22.49,8.06,71.98,43.56,58.57,8.08
367.16,39.86,20.05,22.46,8.06,71.98,43.56,58.42,8.09
367.17,39.86,20.05,22.49,8.06,71.98,43.56,58.57,8.08
367.18,39.86,20.05,22.49,8.04,71.98,43.56,58.57,8.08
367.19,39.86,20.02,22.52,8.07,71.98,43.56,58.57,8.09
367.20,39.86,20.05,22.46,8.07,71.98,43.56,58.42,8.08
367.21,39.78,20.05,22.46,8.07,71.98,43.56,58.57,8.08
367.22,39.86,20.05,22.46,8.06,71.98,43.56,58.57,8.08
367.23,39.86,20.05,22.46,8.04,71.76,43.56,58.57,8.08
367.24,39.86,20.05,22.49,8.06,71.98,43.56,58.57,8.08
367.25,39.70,20.02,22.49,8.04,71.98,43.56,58.57,8.09
367.26,39.78,20.08,22.49,8.06,71.98,43.47,58.57,8.09
367.27,39.86,20.05,22.46,8.07,71.98,43.66,58.57,8.08
367.28,39.86,20.05,22.49,8.07,71.98,43.56,58.57,8.08
367.29,39.78,20.05,22.49,8.06,71.98,43.56,58.57,8.08
367.30,39.86,20.02,22.49,8.06,71.98,43.56,58.57,8.09
367.31,39.86,20.05,22.49,8.06,72.20,43.56,58.57,8.09
367.32,39.78,20.02,22.49,8.06,71.98,43.56,58.57,8.08
367.33,39.78,20.05,22.46,8.04,71.98,43.56,58.57,8.07
367.34,39.78,20.02,22.46,8.07,71.98,43.56,58.57,8.08
367.35,39.86,20.05,22.46,8.04,71.98,43.56,58.57,8.08
367.36,39.86,20.05,22.46,8.07,71.98,43.66,58.57,8.07
367.37,39.86,20.02,22.46,8.06,71.98,43.56,58.57,8.08
367.38,39.78,20.05,22.46,8.07,71.98,43.56,58.57,8.09
367.39,39.86,20.05,22.46,8.06,71.98,43.47,58.57,8.08
367.40,39.86,20.05,22.49,8.06,71.98,43.56,58.42,8.09
367.41,39.78,20.05,22.49,8.06,72.20,43.56,58.42,8.08
367.42,39.86,20.08,22.46,8.06,71.98,43.56,58.42,8.08
367.43,39.78,20.05,22.49,8.06,71.98,43.56,58.57,8.08
367.44,39.86,20.02,22.52,8.07,71.98,43.56,58.57,8.09
367.45,39.78,20.05,22.49,8.04,71.98,43.56,58.42,8.08
367.46,39.86,20.05,22.46,8.04,71.98,43.47,58.42,8.08
367.47,39.86,20.05,22.46,8.04,71.98,43.56,58.57,8.08
367.48,39.86,20.05,22.49,8.06,71.98,43.56,58.42,8.09
367.49,39.86,20.05,22.46,8.06,71.98,43.56,58.42,8.08
367.50,39.86,20.02,22.49,8.04,71.98,43.66,58.57,8.08
367.51,39.78,20.02,22.46,8.06,71.98,43.56,58.57,8.08
367.52,39.86,20.02,22.49,8.06,71.98,43.56,58.42,8.07
367.53,39.78,20.02,22.49,8.06,71.98,43.56,58.57,8.08
367.54,39.86,20.05,22.46,8.07,71.98,43.56,58.57,8.08
367.55,39.86,20.02,22.46,8.07,71.98,43.56,58.42,8.08
367.56,39.86,20.02,22.46,8.06,71.98,43.56,58.57,8.08
367.57,39.78,20.05,22.46,8.06,71.98,43.56,58.42,8.08
367.58,39.86,20.02,22.46,8.06,71.98,43.56,58.57,8.08
367.59,39.86,20.05,22.46,8.06,71.98,43.56,58.42,8.09
367.60,39.78,20.02,22.46,8.06,71.98,43.56,58.42,8.08
367.61,39.78,20.02,22.46,8.07,72.20,43.56,58.57,8.09
367.62,39.86,20.05,22.49,8.06,71.98,43.56,58.57,8.08
367.63,39.78,20.02,22.49,8.06,71.98,43.56,58.57,8.09
367.64,39.86,20.05,22.46,8.06,71.98,43.56,58.57,8.07
367.65,39.78,20.05,22.46,8.07,71.98,43.56,58.57,8.08
367.66,39.86,20.05,22.46,8.07,71.98,43.56,58.42,8.08
367.67,39.78,20.02,22.46,8.06,71.98,43.56,58.57,8.08
367.68,39.86,20.05,22.49,8.07,71.98,43.56,58.57,8.08
367.69,39.78,20.02,22.46,8.06,71.98,43.47,58.42,8.09
367.70,39.78,20.05,22.46,8.06,71.98,43.47,58.57,8.09
367.71,39.86,20.05,22.46,8.04,71.98,43.47,58.57,8.08
367.72,39.86,20.05,22.49,8.06,71.98,43.56,58.57,8.08
367.73,39.86,20.02,22.49,8.06,71.98,43.56,58.57,8.08
367.74,39.86,20.05,22.46,8.06,71.98,43.56,58.57,8.08
367.75,39.86,20.08,22.46,8.06,71.98,43.56,58.42,8.08
367.76,39.86,20.05,22.46,8.06,71.98,43.56,58.57,8.08
367.77,39.86,20.05,22.46,8.06,71.98,43.56,58.57,8.08
367.78,39.86,20.02,22.49,8.06,71.98,43.56,58.57,8.08
367.79,39.86,20.08,22.49,8.04,71.98,43.56,58.42,8.08
367.80,39.78,20.05,22.46,8.07,71.98,43.47,58.57,8.09
367.81,39.86,20.05,22.46,8.06,71.98,43.56,58.57,8.09
367.82,39.86,20.05,22.49,8.06,71.98,43.56,58.57,8.09
367.83,39.78,20.05,22.46,8.06,71.98,43.47,58.42,8.07
367.84,39.78,20.05,22.49,8.04,71.98,43.56,58.42,8.09
367.85,39.78,20.08,22.46,8.06,71.98,43.56,58.57,8.08
367.86,39.86,20.02,22.46,8.06,72.20,43.56,58.57,8.08
367.87,39.78,20.02,22.46,8.04,72.20,43.66,58.57,8.08
367.88,39.70,20.05,22.46,8.07,71.98,43.38,58.57,8.08
367.89,39.86,20.05,22.46,8.06,71.98,43.75,58.57,8.08
367.90,39.86,20.05,22.49,8.06,71.98,43.66,58.57,8.08
367.91,39.86,20.05,22.49,8.06,71.98,43.56,58.57,8.08
367.92,39.86,20.08,22.49,8.04,71.98,43.56,58.42,8.08
367.93,39.78,20.05,22.46,8.06,71.98,43.56,58.57,8.09
367.94,39.78,20.05,22.49,8.06,71.98,43.56,58.42,8.07
367.95,39.78,20.05,22.46,8.06,71.98,43.56,58.57,8.07
367.96,39.86,20.05,22.46,8.04,71.98,43.56,58.57,8.08
367.97,39.86,20.05,22.46,8.06,71.98,43.56,58.42,8.08
367.98,39.78,20.02,22.46,8.04,71.98,43.56,58.57,8.08
367.99,39.78,20.05,22.46,8.06,72.20,43.56,58.57,8.07
368.00,39.86,20.02,22.46,8.06,71.98,43.56,58.57,8.08
368.01,39.86,20.05,22.49,8.07,71.98,43.56,58.42,8.08
368.02,39.86,20.05,22.49,8.04,71.98,43.56,58.57,8.07
368.03,39.86,20.05,22.46,8.06,71.76,43.56,58.42,8.08
368.04,39.86,20.05,22.46,8.04,71.76,43.56,58.57,8.08
368.05,39.78,20.05,22.46,8.06,71.98,43.47,58.57,8.09
368.06,39.78,20.02,22.46,8.06,71.98,43.56,58.42,8.08
368.07,39.78,20.05,22.49,8.04,71.98,43.56,58.42,8.08
368.08,39.86,20.08,22.46,8.06,71.98,43.56,58.42,8.08
368.09,39.86,20.05,22.46,8.06,71.98,43.56,58.57,8.08
368.10,39.86,20.02,22.49,8.06,71.76,43.56,58.42,8.07
368.11,39.78,20.02,22.49,8.06,71.98,43.56,58.42,8.09
368.12,39.86,20.05,22.46,8.06,71.98,43.56,58.72,8.08
368.13,39.86,20.05,22.46,8.06,72.20,43.56,58.57,8.08
368.14,39.86,20.02,22.46,8.06,72.20,43.56,58.42,8.08
368.15,39.86,20.05,22.46,8.06,71.98,43.56,58.72,8.09
368.16,39.78,20.02,22.46,8.04,71.98,43.56,58.42,8.08
368.17,39.86,20.08,22.46,8.06,71.98,43.56,58.42,8.07
368.18,39.78,20.05,22.49,8.04,71.98,43.56,58.57,8.08
368.19,39.86,20.05,22.49,8.04,71.98,43.47,58.57,8.09
368.20,39.86,20.05,22.49,8.06,71.98,43.56,58.57,8.08
368.21,39.78,20.08,22.46,8.06,71.98,43.56,58.57,8.09
368.22,39.86,20.05,22.49,8.04,72.20,43.56,58.57,8.08
368.23,39.86,20.05,22.46,8.04,71.98,43.56,58.57,8.08
368.24,39.78,20.02,22.46,8.06,71.98,43.56,58.42,8.09
368.25,39.86,20.05,22.46,8.06,71.76,43.56,58.57,8.08
368.26,39.78,20.05,22.49,8.06,71.98,43.56,58.57,8.09
368.27,39.78,20.05,22.49,8.06,71.98,43.56,58.57,8.08
368.28,39.78,20.05,22.46,8.04,71.98,43.56,58.57,8.08
368.29,39.78,20.02,22.49,8.07,71.98,43.56,58.42,8.08
368.30,39.86,20.05,22.46,8.06,71.98,43.56,58.57,8.08
368.31,39.86,20.05,22.49,8.07,71.98,43.56,58.57,8.08
368.32,39.86,20.05,22.46,8.07,71.98,43.56,58.57,8.07
368.33,39.86,20.05,22.46,8.04,72.20,43.56,58.57,8.09
368.34,39.86,20.05,22.46,8.06,71.98,43.47,58.57,8.08
368.35,39.78,20.05,22.49,8.06,71.98,43.47,58.57,8.10
368.36,39.86,20.05,22.49,8.06,71.98,43.56,58.57,8.08
368.37,39.86,20.05,22.49,8.07,72.20,43.47,58.57,8.08
368.38,39.78,20.02,22.49,8.06,71.98,43.56,58.57,8.09
368.39,39.78,20.05,22.46,8.06,71.98,43.56,58.57,8.09
368.40,39.78,20.05,22.46,8.04,71.98,43.56,58.42,8.08
368.41,39.78,20.02,22.46,8.06,71.98,43.47,58.42,8.08
368.42,39.78,20.05,22.46,8.06,71.98,43.56,58.57,8.09
368.43,39.78,20.05,22.46,8.04,71.98,43.56,58.57,8.09
368.44,39.86,20.05,22.46,8.06,71.98,43.56,58.42,8.07
368.45,39.78,20.05,22.49,8.04,71.98,43.56,58.57,8.08
368.46,39.78,20.05,22.46,8.04,71.98,43.66,58.42,8.08
368.47,39.78,20.05,22.46,8.06,71.98,43.56,58.57,8.08
368.48,39.86,20.05,22.46,8.04,71.98,43.56,58.57,8.07
368.49,39.78,20.05,22.46,8.06,71.98,43.66,58.42,8.07
368.50,39.86,20.02,22.46,8.04,71.98,43.47,58.42,8.08
368.51,39.70,20.05,22.46,8.06,71.98,43.56,58.57,8.07
368.52,39.78,20.05,22.46,8.06,71.98,43.56,58.57,8.08
368.53,39.78,20.05,22.49,8.06,72.20,43.56,58.42,8.08
368.54,39.78,20.05,22.49,8.04,71.98,43.56,58.57,8.07
368.55,39.78,20.02,22.46,8.06,71.98,43.56,58.57,8.09
368.56,39.78,20.05,22.49,8.04,71.98,43.56,58.57,8.08
368.57,39.78,20.02,22.46,8.04,71.98,43.47,58.57,8.08
368.58,39.78,20.05,22.49,8.06,71.98,43.56,58.57,8.08
368.59,39.78,20.02,22.49,8.06,71.98,43.56,58.57,8.09
368.60,39.78,20.05,22.46,8.07,71.98,43.66,58.42,8.09
368.61,39.86,20.05,22.49,8.06,71.98,43.56,58.57,8.08
368.62,39.78,20.05,22.49,8.06,71.98,43.56,58.57,8.08
368.63,39.70,20.05,22.46,8.04,71.98,43.56,58.57,8.08
368.64,39.86,20.08,22.46,8.04,71.98,43.56,58.57,8.08
368.65,39.86,20.05,22.46,8.06,71.98,43.56,58.57,8.08
368.66,39.86,20.05,22.46,8.06,72.20,43.56,58.42,8.08
368.67,39.86,20.02,22.49,8.06,71.98,43.56,58.57,8.08
368.68,39.78,20.05,22.46,8.06,71.98,43.47,58.57,8.08
368.69,39.78,20.02,22.46,8.06,71.98,43.47,58.57,8.07
368.70,39.86,20.05,22.49,8.06,71.98,43.56,58.57,8.08
368.71,39.86,20.05,22.49,8.06,71.98,43.56,58.57,8.09
368.72,39.78,20.05,22.46,8.04,71.98,43.56,58.42,8.07
368.73,39.78,20.05,22.46,8.06,71.98,43.56,58.42,8.08
368.74,39.78,20.05,22.46,8.06,71.98,43.56,58.57,8.09
368.75,39.78,20.02,22.46,8.06,71.98,43.56,58.42,8.07
368.76,39.78,20.05,22.49,8.06,71.98,43.56,58.57,8.09
368.77,39.78,20.05,22.46,8.06,71.98,43.56,58.42,8.08
368.78,39.78,20.05,22.49,8.06,71.98,43.56,58.57,8.08
368.79,39.78,20.05,22.46,8.07,71.98,43.56,58.57,8.09
368.80,39.78,20.05,22.46,8.06,71.98,43.56,58.42,8.08
368.81,39.78,20.02,22.46,8.06,71.98,43.56,58.72,8.09
368.82,39.78,20.05,22.49,8.06,72.20,43.56,58.42,8.08
368.83,39.86,20.02,22.49,8.06,72.20,43.56,58.57,8.08
368.84,39.86,20.05,22.46,8.07,71.98,43.56,58.57,8.08
368.85,39.78,20.05,22.46,8.06,71.98,43.56,58.57,8.08
368.86,39.78,20.02,22.46,8.06,71.98,43.56,58.57,8.08
368.87,39.78,20.05,22.49,8.06,72.20,43.56,58.57,8.08
368.88,39.78,20.05,22.46,8.04,71.98,43.56,58.57,8.08
368.89,39.78,20.02,22.49,8.07,71.98,43.56,58.57,8.08
368.90,39.78,20.05,22.46,8.04,71.98,43.56,58.42,8.07
368.91,39.78,20.05,22.46,8.07,71.98,43.56,58.57,8.08
368.92,39.86,20.05,22.46,8.06,71.98,43.56,58.57,8.08
368.93,39.78,20.05,22.46,8.06,71.98,43.56,58.57,8.07
368.94,39.78,20.05,22.49,8.04,71.98,43.56,58.57,8.08
368.95,39.86,20.08,22.49,8.06,71.98,43.56,58.57,8.09
368.96,39.78,20.08,22.46,8.04,72.20,43.56,58.57,8.08
368.97,39.78,20.02,22.46,8.06,72.20,43.56,58.57,8.08
368.98,39.78,20.08,22.46,8.06,71.98,43.56,58.57,8.09
368.99,39.86,20.05,22.49,8.06,71.98,43.56,58.57,8.08
369.00,39.78,20.05,22.49,8.06,71.98,43.56,58.57,8.08
369.01,39.78,20.08,22.46,8.04,71.98,43.47,58.57,8.09
369.02,39.78,20.05,22.46,8.07,72.20,43.56,58.57,8.08
369.03,39.86,20.05,22.46,8.06,71.98,43.66,58.57,8.08
369.04,39.78,20.02,22.46,8.06,71.98,43.47,58.57,8.08
369.05,39.78,20.02,22.49,8.04,71.98,43.56,58.57,8.08
369.06,39.78,20.05,22.46,8.06,71.98,43.56,58.57,8.08
369.07,39.86,20.02,22.49,8.06,72.20,43.56,58.57,8.08
369.08,39.86,20.05,22.46,8.06,71.98,43.66,58.57,8.08
369.09,39.78,20.05,22.49,8.06,71.98,43.56,58.57,8.09
369.10,39.78,20.05,22.49,8.06,71.98,43.56,58.57,8.08
369.11,39.78,20.02,22.49,8.06,71.98,43.56,58.57,8.08
369.12,39.86,20.05,22.46,8.04,71.98,43.56,58.57,8.09
369.13,39.86,20.02,22.46,8.07,72.20,43.56,58.42,8.07
369.14,39.78,20.02,22.49,8.06,71.98,43.56,58.57,8.08
369.15,39.86,20.05,22.49,8.06,71.98,43.56,58.57,8.08
369.16,39.86,20.05,22.49,8.06,72.20,43.56,58.57,8.09
369.17,39.70,20.05,22.46,8.06,72.20,43.56,58.42,8.08
369.18,39.86,20.05,22.49,8.06,71.98,43.56,58.57,8.08
369.19,39.86,20.05,22.49,8.04,71.98,43.56,58.57,8.08
369.20,39.70,20.02,22.49,8.04,72.20,43.56,58.57,8.08
369.21,39.78,20.05,22.49,8.06,72.20,43.56,58.42,8.08
369.22,39.78,20.05,22.49,8.07,71.98,43.56,58.57,8.08
369.23,39.86,20.05,22.46,8.04,71.98,43.56,58.57,8.09
369.24,39.78,20.05,22.46,8.06,71.98,43.56,58.57,8.09
369.25,39.86,20.05,22.49,8.06,72.20,43.56,58.57,8.08
369.26,39.78,20.05,22.49,8.06,71.98,43.56,58.57,8.09
369.27,39.78,20.02,22.46,8.04,72.20,43.56,58.57,8.08
369.28,39.78,20.05,22.46,8.06,71.76,43.56,58.57,8.08
369.29,39.78,20.05,22.49,8.06,71.98,43.56,58.57,8.08
369.30,39.78,20.02,22.49,8.06,71.98,43.56,58.57,8.08
369.31,39.70,20.05,22.49,8.06,71.98,43.56,58.57,8.08
369.32,39.86,20.05,22.49,8.07,71.98,43.56,58.42,8.08
369.33,39.78,20.05,22.46,8.06,72.20,43.56,58.72,8.08
369.34,39.78,20.05,22.46,8.06,71.98,43.56,58.57,8.08
369.35,39.70,20.05,22.49,8.07,72.20,43.56,58.57,8.08
369.36,39.78,20.02,22.46,8.06,72.20,43.56,58.57,8.08
369.37,39.78,20.05,22.46,8.06,71.98,43.56,58.57,8.08
369.38,39.78,20.05,22.49,8.06,71.98,43.56,58.57,8.08
369.39,39.78,20.05,22.46,8.07,71.98,43.66,58.57,8.07
369.40,39.78,20.05,22.46,8.06,71.98,43.66,58.57,8.08
369.41,39.78,20.02,22.46,8.06,72.20,43.56,58.57,8.08
369.42,39.78,20.05,22.49,8.06,71.98,43.56,58.57,8.08
369.43,39.78,20.05,22.49,8.06,71.98,43.56,58.42,8.09
369.44,39.78,20.02,22.49,8.07,71.98,43.56,58.57,8.07
369.45,39.78,20.05,22.46,8.04,72.20,43.56,58.57,8.08
369.46,39.78,20.05,22.46,8.04,71.98,43.66,58.57,8.08
369.47,39.78,20.05,22.46,8.06,71.98,43.56,58.57,8.09
369.48,39.78,20.05,22.46,8.07,71.98,43.47,58.42,8.09
369.49,39.78,20.05,22.46,8.04,71.98,43.47,58.72,8.09
369.50,39.78,20.05,22.46,8.06,71.98,43.56,58.57,8.08
369.51,39.78,20.05,22.46,8.06,71.98,43.56,58.57,8.08
369.52,39.78,20.05,22.49,8.06,71.98,43.66,58.57,8.08
369.53,39.78,20.08,22.46,8.06,71.98,43.56,58.57,8.08
369.54,39.86,20.05,22.46,8.04,71.98,43.56,58.57,8.08
369.55,39.78,20.05,22.49,8.06,71.98,43.47,58.57,8.08
369.56,39.78,20.05,22.46,8.06,72.20,43.56,58.57,8.07
369.57,39.78,20.08,22.46,8.07,72.20,43.56,58.57,8.09
369.58,39.78,20.02,22.46,8.06,71.98,43.56,58.57,8.08
369.59,39.78,20.05,22.49,8.06,71.98,43.56,58.57,8.09
369.60,39.78,20.02,22.46,8.06,71.98,43.56,58.57,8.08
369.61,39.78,20.08,22.49,8.04,71.98,43.47,58.57,8.08
369.62,39.78,20.05,22.46,8.06,72.20,43.56,58.72,8.07
369.63,39.78,20.05,22.49,8.06,71.98,43.56,58.57,8.07
369.64,39.78,20.02,22.46,8.06,71.98,43.56,58.42,8.07
369.65,39.78,20.05,22.46,8.06,72.20,43.56,58.57,8.08
369.66,39.78,20.02,22.49,8.06,71.98,43.56,58.72,8.08
369.67,39.78,20.05,22.46,8.04,72.20,43.56,58.57,8.09
369.68,39.78,20.05,22.46,8.04,72.20,43.56,58.57,8.08
369.69,39.86,20.08,22.46,8.07,71.98,43.56,58.42,8.08
369.70,39.78,20.05,22.46,8.06,71.98,43.56,58.57,8.08
369.71,39.86,20.02,22.46,8.04,71.98,43.56,58.57,8.08
369.72,39.78,20.08,22.46,8.06,71.98,43.56,58.57,8.08
369.73,39.78,20.05,22.46,8.04,71.98,43.47,58.57,8.08
369.74,39.78,20.05,22.49,8.06,71.98,43.47,58.57,8.08
369.75,39.78,20.05,22.49,8.06,72.20,43.56,58.57,8.08
369.76,39.78,20.05,22.49,8.04,71.98,43.56,58.57,8.08
369.77,39.78,20.05,22.46,8.07,71.98,43.56,58.72,8.08
369.78,39.86,20.05,22.46,8.06,71.98,43.66,58.57,8.08
369.79,39.78,20.05,22.46,8.04,71.98,43.56,58.57,8.08
369.80,39.78,20.05,22.46,8.06,71.98,43.56,58.57,8.08
369.81,39.78,20.05,22.46,8.06,72.20,43.56,58.57,8.09
369.82,39.78,20.05,22.46,8.04,71.98,43.47,58.57,8.08
369.83,39.78,20.05,22.46,8.07,71.98,43.47,58.57,8.08
369.84,39.78,20.05,22.46,8.06,71.98,43.56,58.57,8.08
369.85,39.78,20.05,22.46,8.04,71.98,43.56,58.57,8.08
369.86,39.78,20.02,22.46,8.04,72.20,43.56,58.57,8.07
369.87,39.78,20.05,22.49,8.06,71.98,43.56,58.57,8.09
369.88,39.78,19.99,22.46,8.04,71.98,43.56,58.57,8.08
369.89,39.78,20.05,22.46,8.06,71.98,43.56,58.57,8.08
369.90,39.86,20.05,22.49,8.06,71.98,43.56,58.42,8.08
369.91,39.78,20.05,22.46,8.07,71.98,43.56,58.57,8.08
369.92,39.78,20.05,22.49,8.06,71.98,43.56,58.57,8.08
369.93,39.78,20.02,22.46,8.04,71.98,43.47,58.57,8.08
369.94,39.78,20.05,22.46,8.07,71.98,43.56,58.42,8.08
369.95,39.78,20.05,22.49,8.06,71.98,43.56,58.57,8.08
369.96,39.86,20.05,22.49,8.06,71.98,43.66,58.57,8.08
369.97,39.78,20.05,22.46,8.06,72.20,43.56,58.57,8.09
369.98,39.78,20.02,22.49,8.06,72.20,43.56,58.72,8.09
369.99,39.78,20.05,22.49,8.07,71.98,43.56,58.57,8.08
370.00,39.86,20.02,22.49,8.04,71.98,43.47,58.57,8.07
370.01,39.78,20.02,22.49,8.06,72.20,43.56,58.57,8.09
370.02,39.78,20.02,22.46,8.06,72.20,43.56,58.57,8.08
370.03,39.78,20.05,22.49,8.06,71.98,43.66,58.57,8.08
370.04,39.78,20.02,22.49,8.06,71.98,43.56,58.57,8.08
370.05,39.78,20.05,22.46,8.07,71.98,43.47,58.42,8.09
370.06,39.86,20.05,22.49,8.06,71.98,43.56,58.57,8.09
370.07,39.78,20.05,22.49,8.04,71.98,43.56,58.57,8.08
370.08,39.78,20.05,22.46,8.06,71.98,43.56,58.57,8.08
370.09,39.86,20.05,22.49,8.04,71.98,43.56,58.57,8.08
370.10,39.78,20.05,22.46,8.04,71.98,43.56,58.57,8.09
370.11,39.78,20.05,22.49,8.06,71.98,43.56,58.57,8.08
370.12,39.78,20.05,22.46,8.06,72.20,43.56,58.57,8.08
370.13,39.78,20.05,22.49,8.06,72.20,43.56,58.42,8.08
370.14,39.86,20.05,22.46,8.06,71.98,43.66,58.42,8.08
370.15,39.78,20.05,22.46,8.06,72.20,43.56,58.57,8.07
370.16,39.78,20.05,22.46,8.06,72.20,43.56,58.57,8.09
370.17,39.78,20.08,22.49,8.04,71.98,43.56,58.57,8.08
370.18,39.78,19.99,22.49,8.07,71.98,43.66,58.57,8.08
370.19,39.78,20.05,22.46,8.06,72.20,43.66,58.57,8.07
370.20,39.78,20.05,22.49,8.07,72.20,43.66,58.42,8.07
370.21,39.86,20.02,22.46,8.04,72.20,43.56,58.42,8.09
370.22,39.78,20.05,22.46,8.06,71.98,43.66,58.72,8.08
370.23,39.78,20.08,22.49,8.06,72.20,43.47,58.57,8.08
370.24,39.86,20.05,22.46,8.04,72.20,43.56,58.57,8.08
370.25,39.78,20.05,22.46,8.06,72.20,43.56,58.57,8.08
370.26,39.78,20.05,22.49,8.06,72.20,43.56,58.57,8.08
370.27,39.78,20.05,22.46,8.06,71.98,43.47,58.57,8.08
370.28,39.78,20.05,22.49,8.06,71.98,43.56,58.57,8.08
370.29,39.78,20.05,22.46,8.06,72.20,43.56,58.72,8.09
370.30,39.86,20.05,22.49,8.07,71.98,43.56,58.57,8.09
370.31,39.78,20.05,22.49,8.06,72.20,43.56,58.57,8.08
370.32,39.86,20.05,22.46,8.07,71.98,43.56,58.42,8.09
370.33,39.78,20.08,22.46,8.06,72.20,43.56,58.57,8.10
370.34,39.70,20.05,22.46,8.06,71.98,43.56,58.57,8.09
370.35,39.78,20.05,22.46,8.06,71.98,43.56,58.57,8.09
370.36,39.78,20.05,22.49,8.04,71.98,43.66,58.57,8.09
370.37,39.78,20.05,22.46,8.07,71.98,43.56,58.57,8.07
370.38,39.70,20.05,22.49,8.06,71.98,43.66,58.57,8.08
370.39,39.86,20.08,22.49,8.06,72.20,43.56,58.57,8.09
370.40,39.86,20.08,22.49,8.06,72.20,43.56,58.57,8.08
370.41,39.70,20.05,22.49,8.06,72.20,43.56,58.57,8.08
370.42,39.70,20.05,22.49,8.06,71.98,43.56,58.57,8.08
370.43,39.78,20.05,22.46,8.06,72.20,43.66,58.57,8.08
370.44,39.86,20.05,22.46,8.06,71.98,43.56,58.57,8.08
370.45,39.78,20.05,22.49,8.06,72.20,43.56,58.57,8.08
370.46,39.78,20.05,22.49,8.07,71.98,43.66,58.57,8.09
370.47,39.78,20.05,22.46,8.07,71.76,43.47,58.57,8.08
370.48,39.78,20.05,22.49,8.06,72.20,43.56,58.57,8.09
370.49,39.78,20.05,22.46,8.07,72.20,43.56,58.57,8.09
370.50,39.78,20.05,22.49,8.06,71.98,43.56,58.57,8.09
370.51,39.78,20.02,22.49,8.04,72.20,43.56,58.57,8.08
370.52,39.78,20.08,22.49,8.06,72.20,43.56,58.42,8.08
370.53,39.78,20.05,22.49,8.06,72.20,43.56,58.42,8.08
370.54,39.78,20.05,22.49,8.06,71.98,43.56,58.72,8.08
370.55,39.78,20.05,22.49,8.06,71.98,43.56,58.57,8.08
370.56,39.78,20.05,22.49,8.07,72.20,43.56,58.57,8.08
370.57,39.78,20.05,22.46,8.06,71.98,43.56,58.57,8.08
370.58,39.78,20.05,22.49,8.07,72.20,43.56,58.57,8.10
370.59,39.78,20.05,22.46,8.04,71.98,43.47,58.57,8.08
370.60,39.78,20.05,22.46,8.07,72.20,43.56,58.57,8.08
370.61,39.78,20.02,22.49,8.06,71.98,43.66,58.57,8.09
370.62,39.78,20.05,22.46,8.07,72.20,43.56,58.42,8.09
370.63,39.86,20.05,22.49,8.06,71.98,43.56,58.57,8.09
370.64,39.78,20.05,22.49,8.04,71.98,43.56,58.57,8.08
370.65,39.86,20.05,22.49,8.06,71.98,43.56,58.57,8.08
370.66,39.78,20.05,22.46,8.06,71.98,43.56,58.57,8.09
370.67,39.78,20.05,22.49,8.06,71.98,43.66,58.57,8.08
370.68,39.78,20.05,22.46,8.07,71.98,43.66,58.57,8.09
370.69,39.78,20.05,22.49,8.04,71.98,43.56,58.57,8.08
370.70,39.78,20.08,22.49,8.06,71.98,43.56,58.42,8.09
370.71,39.78,20.05,22.46,8.07,71.98,43.56,58.72,8.09
370.72,39.78,20.05,22.46,8.06,71.98,43.56,58.57,8.08
370.73,39.78,20.05,22.46,8.07,71.98,43.56,58.57,8.09
370.74,39.78,20.05,22.49,8.04,72.20,43.56,58.57,8.08
370.75,39.78,20.05,22.46,8.06,71.98,43.56,58.57,8.08
370.76,39.78,20.05,22.49,8.06,71.98,43.56,58.57,8.08
370.77,39.86,20.08,22.49,8.06,72.20,43.56,58.72,8.08
370.78,39.78,20.08,22.46,8.06,72.20,43.56,58.57,8.08
370.79,39.78,20.05,22.49,8.06,71.98,43.56,58.57,8.09
370.80,39.78,20.05,22.49,8.06,72.20,43.56,58.72,8.08
370.81,39.78,20.05,22.46,8.06,71.98,43.56,58.57,8.08
370.82,39.78,20.05,22.46,8.07,71.98,43.66,58.57,8.08
370.83,39.78,20.05,22.46,8.06,71.98,43.56,58.57,8.08
370.84,39.78,20.05,22.46,8.06,71.98,43.56,58.57,8.08
370.85,39.78,20.05,22.46,8.06,71.98,43.66,58.57,8.08
370.86,39.78,20.08,22.46,8.04,72.20,43.56,58.57,8.08
370.87,39.78,20.05,22.46,8.06,72.20,43.66,58.57,8.09
370.88,39.78,20.05,22.46,8.06,71.98,43.56,58.42,8.09
370.89,39.78,20.05,22.49,8.06,72.20,43.66,58.57,8.08
370.90,39.78,20.05,22.49,8.06,71.98,43.56,58.57,8.09
370.91,39.78,20.05,22.46,8.06,71.98,43.56,58.57,8.08
370.92,39.86,20.05,22.46,8.06,71.98,43.56,58.57,8.08
370.93,39.86,20.05,22.46,8.06,71.98,43.56,58.72,8.09
370.94,39.78,20.05,22.49,8.06,72.20,43.56,58.57,8.08
370.95,39.78,20.05,22.49,8.06,71.98,43.56,58.57,8.09
370.96,39.86,20.05,22.49,8.06,72.20,43.56,58.57,8.08
370.97,39.78,20.05,22.46,8.06,71.98,43.66,58.57,8.09
370.98,39.78,20.05,22.49,8.06,72.20,43.56,58.72,8.09
370.99,39.78,20.08,22.49,8.06,72.20,43.56,58.57,8.08
371.00,39.78,20.05,22.46,8.07,71.98,43.56,58.57,8.08
371.01,39.78,20.05,22.46,8.06,71.98,43.66,58.57,8.09
371.02,39.78,20.05,22.46,8.06,72.20,43.56,58.57,8.08
371.03,39.78,20.08,22.49,8.04,71.98,43.56,58.57,8.08
371.04,39.78,20.02,22.49,8.07,72.20,43.66,58.57,8.08
371.05,39.78,20.08,22.46,8.06,72.20,43.66,58.57,8.09
371.06,39.78,20.05,22.46,8.06,71.98,43.56,58.57,8.08
371.07,39.78,20.05,22.49,8.06,71.98,43.47,58.57,8.09
371.08,39.86,20.08,22.49,8.04,71.98,43.66,58.57,8.09
371.09,39.78,20.05,22.49,8.06,72.20,43.56,58.57,8.08
371.10,39.78,20.05,22.49,8.06,71.98,43.56,58.57,8.09
371.11,39.78,20.05,22.49,8.07,72.20,43.56,58.57,8.08
371.12,39.78,20.05,22.49,8.06,72.20,43.56,58.57,8.08
371.13,39.78,20.05,22.46,8.06,71.98,43.56,58.57,8.08
371.14,39.78,20.02,22.46,8.06,72.20,43.56,58.57,8.08
371.15,39.78,20.08,22.52,8.06,71.98,43.56,58.57,8.09
371.16,39.86,20.08,22.49,8.07,71.98,43.56,58.57,8.08
371.17,39.78,20.05,22.49,8.04,71.98,43.56,58.57,8.09
371.18,39.78,20.05,22.49,8.06,71.98,43.66,58.57,8.08
371.19,39.78,20.05,22.49,8.04,72.20,43.56,58.57,8.08
371.20,39.86,20.05,22.49,8.04,71.98,43.56,58.57,8.10
371.21,39.70,20.05,22.52,8.06,71.98,43.56,58.57,8.08
371.22,39.78,20.05,22.46,8.07,71.98,43.56,58.72,8.08
371.23,39.78,20.05,22.49,8.07,71.98,43.56,58.57,8.08
371.24,39.78,20.08,22.46,8.06,72.20,43.56,58.57,8.08
371.27,39.86,20.08,22.46,8.06,71.98,43.56,58.57,8.09
371.27,39.78,20.08,22.49,8.06,71.98,43.56,58.57,8.08
371.28,39.78,20.05,22.46,8.04,72.20,43.56,58.57,8.08
371.29,39.78,20.05,22.49,8.06,72.20,43.56,58.57,8.08
371.30,39.78,20.02,22.46,8.06,71.98,43.56,58.57,8.08
371.31,39.86,20.05,22.46,8.04,72.20,43.56,58.57,8.09
371.32,39.78,20.05,22.46,8.04,71.98,43.66,58.57,8.08
371.33,39.78,20.05,22.49,8.06,71.98,43.66,58.57,8.09
371.34,39.78,20.05,22.49,8.06,72.20,43.56,58.57,8.09
371.35,39.78,20.05,22.46,8.06,71.98,43.66,58.42,8.10
371.36,39.86,20.08,22.46,8.06,71.98,43.56,58.72,8.08
371.37,39.86,20.08,22.46,8.06,71.98,43.66,58.57,8.08
371.38,39.78,20.08,22.49,8.06,71.98,43.66,58.42,8.07
371.39,39.78,20.05,22.46,8.07,72.20,43.66,58.57,8.09
371.40,39.78,20.05,22.49,8.06,72.20,43.66,58.57,8.10
371.41,39.78,20.05,22.46,8.06,71.98,43.56,58.57,8.08
371.42,39.86,20.05,22.49,8.06,72.20,43.38,58.57,8.08
371.43,39.78,20.05,22.49,8.06,71.98,43.56,58.57,8.08
371.44,39.78,20.08,22.49,8.04,72.20,43.56,58.57,8.08
371.45,39.78,20.05,22.49,8.04,72.20,43.56,58.57,8.08
371.46,39.78,20.05,22.49,8.04,72.20,43.56,58.57,8.07
371.47,39.78,20.05,22.46,8.06,72.41,43.56,58.57,8.08
371.48,39.78,20.05,22.49,8.06,72.20,43.47,58.57,8.09
371.49,39.78,20.05,22.49,8.06,72.20,43.56,58.72,8.10
371.50,39.78,20.05,22.49,8.06,71.98,43.66,58.57,8.08
371.51,39.78,20.05,22.49,8.06,72.20,43.56,58.57,8.08
371.52,39.78,20.05,22.49,8.06,72.20,43.56,58.57,8.09
371.53,39.78,20.08,22.49,8.06,72.20,43.66,58.72,8.09
371.54,39.78,20.05,22.49,8.06,71.98,43.56,58.57,8.09
371.55,39.78,20.08,22.46,8.06,71.98,43.56,58.57,8.09
371.56,39.78,20.05,22.52,8.06,71.98,43.56,58.57,8.08
371.57,39.78,20.05,22.49,8.06,72.20,43.66,58.57,8.08
371.58,39.78,20.05,22.46,8.06,71.98,43.56,58.57,8.08
371.59,39.94,20.05,22.49,8.06,72.20,43.56,58.57,8.08
371.60,39.70,20.05,22.46,8.06,72.20,43.56,58.57,8.08
371.61,39.78,20.05,22.46,8.06,72.20,43.56,58.57,8.08
371.62,39.78,20.05,22.52,8.07,71.98,43.56,58.57,8.08
371.63,39.78,20.05,22.49,8.06,71.98,43.56,58.57,8.09
371.64,39.78,20.05,22.49,8.06,71.98,43.66,58.57,8.10
371.65,39.86,20.05,22.49,8.06,71.98,43.56,58.57,8.07
371.66,39.78,20.05,22.46,8.04,71.98,43.56,58.57,8.09
371.67,39.78,20.05,22.46,8.06,72.41,43.56,58.57,8.09
371.68,39.78,20.05,22.49,8.06,71.98,43.66,58.72,8.09
371.69,39.86,20.05,22.46,8.06,71.98,43.56,58.57,8.08
371.70,39.86,20.05,22.49,8.07,71.98,43.66,58.42,8.08
371.71,39.78,20.05,22.46,8.06,71.98,43.56,58.72,8.09
371.72,39.86,20.08,22.46,8.06,71.98,43.56,58.42,8.08
371.73,39.78,20.08,22.49,8.06,72.20,43.56,58.57,8.08
371.74,39.78,20.05,22.49,8.07,71.98,43.66,58.72,8.08
371.75,39.78,20.05,22.49,8.06,72.20,43.56,58.57,8.08
371.76,39.78,20.05,22.49,8.06,72.20,43.56,58.57,8.08
371.77,39.78,20.05,22.46,8.06,71.98,43.56,58.57,8.09
371.78,39.78,20.05,22.49,8.06,71.98,43.56,58.57,8.08
371.79,39.78,20.05,22.49,8.04,71.98,43.66,58.57,8.08
371.80,39.78,20.08,22.46,8.07,72.20,43.66,58.57,8.08
371.81,39.78,20.05,22.49,8.06,72.20,43.56,58.57,8.08
371.82,39.78,20.05,22.49,8.06,71.98,43.56,58.57,8.08
371.85,39.78,20.05,22.49,8.07,72.20,43.66,58.57,8.09
371.85,39.78,20.05,22.49,8.07,71.98,43.66,58.72,8.08
371.86,39.78,20.08,22.49,8.06,71.98,43.66,58.57,8.08
371.87,39.78,20.05,22.46,8.06,71.98,43.56,58.57,8.08
371.88,39.78,20.02,22.49,8.04,72.20,43.56,58.57,8.08
371.89,39.78,20.08,22.49,8.07,72.20,43.66,58.57,8.09
371.90,39.78,20.08,22.46,8.07,72.20,43.66,58.57,8.09
371.91,39.86,20.05,22.46,8.06,72.20,43.56,58.72,8.09
371.92,39.86,20.05,22.49,8.06,71.98,43.56,58.57,8.08
371.93,39.78,20.02,22.49,8.04,71.98,43.56,58.57,8.08
371.94,39.78,20.08,22.49,8.06,72.20,43.56,58.57,8.08
371.95,39.78,20.05,22.49,8.04,71.98,43.56,58.57,8.08
371.96,39.78,20.05,22.52,8.06,71.98,43.56,58.57,8.08
371.97,39.78,20.05,22.49,8.06,71.98,43.66,58.72,8.10
371.98,39.86,20.05,22.49,8.06,72.20,43.66,58.72,8.09
371.99,39.86,20.05,22.49,8.07,72.20,43.66,58.57,8.08
372.00,39.78,20.05,22.49,8.06,72.20,43.56,58.57,8.09
372.01,39.86,20.05,22.46,8.06,72.20,43.66,58.72,8.09
372.02,39.78,20.05,22.49,8.06,72.20,43.56,58.42,8.08
372.03,39.86,20.05,22.49,8.06,71.98,43.56,58.57,8.09
372.04,39.78,20.05,22.46,8.06,71.98,43.66,58.57,8.08
372.05,39.86,20.05,22.49,8.06,71.98,43.66,58.57,8.08
372.06,39.78,20.08,22.49,8.06,71.98,43.66,58.57,8.09
372.07,39.78,20.05,22.49,8.06,71.98,43.66,58.57,8.08
372.08,39.70,20.05,22.52,8.07,71.98,43.56,58.57,8.09
372.09,39.86,20.08,22.49,8.06,71.98,43.56,58.57,8.08
372.10,39.86,20.08,22.49,8.06,72.20,43.56,58.72,8.09
372.11,39.78,20.05,22.49,8.06,72.20,43.56,58.72,8.09
372.12,39.78,20.05,22.49,8.06,72.20,43.56,58.57,8.09
372.13,39.86,20.05,22.49,8.04,71.98,43.56,58.57,8.08
372.14,39.78,20.05,22.49,8.06,71.98,43.56,58.57,8.08
372.15,39.78,20.05,22.49,8.06,72.20,43.56,58.72,8.08
372.16,39.78,20.05,22.46,8.04,72.20,43.56,58.57,8.08
372.17,39.78,20.05,22.46,8.07,72.20,43.56,58.57,8.09
372.18,39.86,20.05,22.49,8.07,71.98,43.56,58.57,8.09
372.19,39.78,20.05,22.49,8.07,72.20,43.56,58.57,8.09
372.20,39.78,20.05,22.52,8.07,72.20,43.56,58.42,8.08
372.21,39.78,20.05,22.49,8.06,72.20,43.66,58.72,8.08
372.22,39.78,20.05,22.49,8.06,72.20,43.56,58.57,8.09
372.23,39.86,20.05,22.49,8.06,72.20,43.56,58.72,8.08
372.24,39.78,20.05,22.49,8.06,72.20,43.66,58.57,8.08
372.25,39.78,20.05,22.49,8.06,72.20,43.56,58.72,8.08
372.26,39.86,20.05,22.49,8.06,72.20,43.56,58.57,8.09
372.27,39.78,20.05,22.49,8.06,71.98,43.56,58.57,8.08
372.28,39.78,20.05,22.46,8.06,72.20,43.56,58.57,8.08
372.29,39.86,20.05,22.49,8.06,72.20,43.66,58.57,8.08
372.30,39.86,20.08,22.49,8.06,71.98,43.66,58.57,8.08
372.31,39.78,20.05,22.49,8.06,72.20,43.66,58.72,8.08
372.32,39.78,20.02,22.49,8.06,71.98,43.56,58.57,8.08
372.33,39.78,20.08,22.49,8.06,72.20,43.56,58.57,8.08
372.34,39.78,20.02,22.49,8.04,72.20,43.56,58.57,8.08
372.35,39.86,20.08,22.46,8.06,71.98,43.56,58.57,8.08
372.36,39.86,20.08,22.52,8.07,72.20,43.66,58.72,8.09
372.37,39.70,20.05,22.49,8.07,72.20,43.56,58.57,8.09
372.38,39.78,20.08,22.49,8.06,72.20,43.56,58.57,8.08
372.39,39.78,20.05,22.52,8.06,72.20,43.56,58.72,8.08
372.40,39.86,20.05,22.49,8.04,72.20,43.66,58.57,8.08
372.41,39.78,20.08,22.52,8.06,72.20,43.56,58.57,8.08
372.42,39.78,20.05,22.49,8.06,72.20,43.56,58.72,8.08
372.43,39.86,20.05,22.49,8.06,71.98,43.56,58.57,8.08
372.44,39.86,20.05,22.49,8.04,72.20,43.56,58.57,8.08
372.45,39.78,20.08,22.46,8.07,71.98,43.56,58.42,8.09
372.46,39.78,20.08,22.49,8.06,72.20,43.56,58.72,8.09
372.47,39.86,20.05,22.49,8.06,72.20,43.56,58.72,8.09
372.48,39.78,20.05,22.49,8.07,72.20,43.66,58.72,8.09
372.49,39.78,20.05,22.49,8.07,72.20,43.56,58.57,8.09
372.50,39.78,20.05,22.49,8.06,72.20,43.56,58.57,8.07
372.51,39.78,20.08,22.49,8.07,71.98,43.66,58.72,8.08
372.52,39.78,20.08,22.49,8.04,71.98,43.56,58.57,8.09
372.53,39.78,20.05,22.49,8.06,72.20,43.56,58.57,8.08
372.54,39.78,20.05,22.49,8.06,72.20,43.56,58.57,8.08
372.55,39.86,20.02,22.49,8.04,71.98,43.56,58.72,8.08
372.56,39.86,20.05,22.49,8.06,71.98,43.56,58.57,8.08
372.57,39.78,20.05,22.49,8.07,72.20,43.56,58.57,8.08
372.58,39.78,20.08,22.49,8.06,72.20,43.56,58.72,8.07
372.59,39.78,20.05,22.49,8.06,72.20,43.56,58.72,8.08
372.60,39.78,20.05,22.49,8.06,72.20,43.56,58.42,8.09
372.61,39.86,20.08,22.46,8.06,71.98,43.56,58.57,8.08
372.62,39.86,20.08,22.49,8.06,72.20,43.56,58.57,8.08
372.63,39.78,20.05,22.46,8.06,71.98,43.66,58.72,8.08
372.64,39.78,20.05,22.46,8.07,71.98,43.66,58.57,8.08
372.65,39.78,20.05,22.49,8.07,71.98,43.47,58.72,8.07
372.66,39.78,20.05,22.49,8.06,72.20,43.66,58.57,8.08
372.67,39.78,20.05,22.49,8.06,71.98,43.66,58.57,8.09
372.68,39.78,20.05,22.49,8.07,71.98,43.47,58.57,8.08
372.69,39.78,20.05,22.49,8.07,71.98,43.56,58.57,8.09
372.70,39.78,20.05,22.49,8.06,71.98,43.56,58.57,8.08
372.71,39.78,20.05,22.49,8.06,72.20,43.56,58.57,8.09
372.72,39.78,20.05,22.49,8.07,71.98,43.66,58.72,8.10
372.73,39.78,20.05,22.46,8.06,72.20,43.56,58.57,8.08
372.74,39.78,20.05,22.49,8.06,71.98,43.56,58.72,8.08
372.75,39.78,20.05,22.49,8.06,71.98,43.56,58.57,8.09
372.76,39.78,20.05,22.49,8.06,72.20,43.56,58.57,8.08
372.77,39.78,20.05,22.46,8.06,71.98,43.66,58.57,8.09
372.78,39.70,20.02,22.49,8.06,72.20,43.56,58.57,8.08
372.79,39.86,20.05,22.49,8.06,71.98,43.66,58.57,8.09
372.80,39.70,20.05,22.46,8.07,72.20,43.56,58.72,8.09
372.81,39.70,20.08,22.49,8.06,71.98,43.56,58.42,8.08
372.82,39.86,20.08,22.52,8.06,71.98,43.56,58.72,8.08
372.83,39.78,20.05,22.46,8.07,72.20,43.56,58.57,8.09
372.84,39.78,20.08,22.49,8.06,71.98,43.56,58.57,8.09
372.85,39.86,20.05,22.49,8.07,72.20,43.56,58.57,8.08
372.86,39.86,20.08,22.49,8.06,71.98,43.56,58.57,8.08
372.87,39.86,20.08,22.52,8.07,71.98,43.56,58.57,8.08
372.88,39.86,20.05,22.52,8.06,72.20,43.56,58.72,8.08
372.89,39.86,20.05,22.46,8.06,72.20,43.56,58.72,8.08
372.90,39.78,20.05,22.46,8.06,72.20,43.56,58.57,8.08
372.91,39.78,20.05,22.49,8.07,72.20,43.66,58.72,8.08
372.92,39.86,20.05,22.49,8.07,71.98,43.56,58.72,8.09
372.93,39.86,20.05,22.49,8.06,72.20,43.56,58.42,8.08
372.94,39.78,20.05,22.46,8.06,72.20,43.56,58.57,8.08
372.95,39.86,20.05,22.49,8.06,72.20,43.56,58.57,8.08
372.96,39.78,20.05,22.49,8.06,72.20,43.66,58.72,8.09
372.97,39.78,20.08,22.49,8.06,71.98,43.56,58.72,8.09
372.98,39.86,20.02,22.49,8.06,72.20,43.75,58.57,8.09
372.99,39.78,20.05,22.49,8.06,72.20,43.56,58.57,8.07
373.00,39.86,20.05,22.46,8.06,72.20,43.56,58.57,8.09
373.01,39.78,20.02,22.49,8.07,72.20,43.56,58.57,8.09
373.03,39.86,20.02,22.49,8.08,71.98,43.56,58.57,8.09
373.04,39.78,20.05,22.46,8.04,72.20,43.56,58.72,8.08
373.05,39.86,20.05,22.49,8.06,72.20,43.66,58.72,8.10
373.06,39.78,20.05,22.49,8.06,72.20,43.56,58.72,8.09
373.07,39.78,20.05,22.46,8.06,72.20,43.66,58.57,8.09
373.08,39.78,20.05,22.49,8.06,72.20,43.56,58.72,8.08
373.09,39.78,20.05,22.46,8.06,72.20,43.66,58.57,8.08
373.10,39.86,20.08,22.49,8.04,71.98,43.66,58.57,8.08
373.11,39.78,20.08,22.49,8.06,71.98,43.56,58.72,8.08
373.12,39.78,20.05,22.49,8.07,72.20,43.56,58.72,8.09
373.13,39.78,20.05,22.46,8.06,71.98,43.66,58.72,8.08
373.14,39.78,20.05,22.46,8.06,72.20,43.56,58.57,8.08
373.15,39.78,20.05,22.46,8.06,71.98,43.66,58.57,8.09
373.16,39.78,20.05,22.49,8.06,72.20,43.56,58.57,8.09
373.17,39.78,20.05,22.49,8.07,72.20,43.56,58.57,8.08
373.18,39.86,20.05,22.49,8.06,71.98,43.56,58.57,8.08
373.19,39.78,20.05,22.49,8.06,71.98,43.56,58.57,8.08
373.20,39.78,20.05,22.46,8.06,72.20,43.56,58.57,8.08
373.21,39.86,20.05,22.46,8.07,72.20,43.66,58.57,8.09
373.22,39.78,20.05,22.49,8.06,72.20,43.56,58.57,8.08
373.23,39.78,20.05,22.49,8.06,71.98,43.56,58.57,8.09
373.24,39.78,20.05,22.49,8.06,71.98,43.66,58.57,8.09
373.25,39.86,20.05,22.46,8.06,72.20,43.56,58.57,8.10
373.26,39.78,20.05,22.49,8.07,72.20,43.56,58.57,8.08
373.27,39.86,20.05,22.49,8.06,72.20,43.66,58.72,8.09
373.28,39.78,20.05,22.49,8.06,71.98,43.56,58.57,8.07
373.29,39.78,20.05,22.46,8.06,71.98,43.66,58.57,8.09
373.30,39.78,20.05,22.49,8.06,71.98,43.56,58.57,8.09
373.31,39.78,20.05,22.46,8.06,72.20,43.66,58.57,8.08
373.32,39.78,20.05,22.52,8.07,72.20,43.56,58.72,8.09
373.33,39.78,20.05,22.49,8.06,72.20,43.56,58.57,8.08
373.34,39.78,20.05,22.49,8.06,72.20,43.56,58.57,8.08
373.35,39.78,20.05,22.46,8.04,71.98,43.56,58.57,8.09
373.36,39.78,20.05,22.49,8.06,72.20,43.66,58.57,8.09
373.37,39.78,20.05,22.49,8.06,72.20,43.56,58.72,8.07
373.38,39.86,20.08,22.52,8.06,72.20,43.56,58.57,8.08
373.39,39.78,20.05,22.49,8.06,72.20,43.56,58.42,8.08
373.40,39.86,20.05,22.46,8.06,72.20,43.56,58.72,8.08
373.41,39.86,20.05,22.49,8.06,72.20,43.56,58.72,8.08
373.42,39.78,20.05,22.46,8.07,72.20,43.56,58.57,8.08
373.43,39.78,20.08,22.49,8.06,72.20,43.56,58.72,8.08
373.44,39.86,20.05,22.52,8.06,72.20,43.56,58.57,8.08
373.45,39.78,20.05,22.46,8.06,72.20,43.66,58.72,8.10
373.46,39.78,20.05,22.49,8.06,71.98,43.66,58.57,8.08
373.47,39.86,20.05,22.49,8.06,71.98,43.56,58.72,8.08
373.48,39.78,20.05,22.49,8.06,72.20,43.56,58.57,8.09
373.49,39.86,20.05,22.49,8.06,72.20,43.66,58.57,8.08
373.50,39.78,20.05,22.49,8.06,72.20,43.56,58.72,8.07
373.51,39.78,20.05,22.49,8.06,71.98,43.56,58.57,8.08
373.52,39.78,20.08,22.49,8.06,72.20,43.56,58.72,8.08
373.53,39.86,20.05,22.46,8.06,71.98,43.66,58.57,8.08
373.54,39.78,20.08,22.49,8.06,72.20,43.56,58.57,8.09
373.55,39.86,20.05,22.52,8.07,72.20,43.66,58.57,8.09
373.56,39.78,20.05,22.49,8.06,72.20,43.56,58.57,8.08
373.57,39.78,20.05,22.46,8.07,71.98,43.56,58.72,8.08
373.58,39.86,20.08,22.49,8.04,72.20,43.56,58.72,8.09
373.59,39.78,20.05,22.46,8.06,72.20,43.56,58.72,8.08
373.60,39.78,20.05,22.49,8.06,72.20,43.66,58.72,8.08
373.61,39.78,20.08,22.49,8.04,72.20,43.56,58.72,8.08
373.62,39.86,20.05,22.49,8.06,72.20,43.56,58.57,8.09
373.63,39.78,20.05,22.49,8.06,72.20,43.66,58.72,8.08
373.64,39.86,20.05,22.49,8.06,72.20,43.56,58.72,8.09
373.65,39.78,20.05,22.49,8.06,72.20,43.56,58.57,8.08
373.66,39.86,20.05,22.46,8.04,72.20,43.66,58.57,8.10
373.67,39.86,20.05,22.49,8.06,72.20,43.56,58.57,8.08
373.68,39.78,20.08,22.49,8.04,71.98,43.66,58.57,8.09
373.69,39.86,20.08,22.52,8.06,72.20,43.56,58.72,8.09
373.70,39.78,20.05,22.49,8.06,72.20,43.56,58.72,8.09
373.71,39.78,20.05,22.46,8.06,72.20,43.66,58.57,8.08
373.72,39.86,20.02,22.49,8.06,72.20,43.66,58.72,8.08
373.73,39.78,20.05,22.52,8.06,72.20,43.56,58.57,8.10
373.74,39.86,20.05,22.49,8.06,72.20,43.56,58.57,8.08
373.75,39.86,20.05,22.49,8.06,72.20,43.56,58.57,8.08
373.76,39.78,20.11,22.49,8.06,72.20,43.56,58.57,8.08
373.77,39.86,20.08,22.49,8.06,72.20,43.56,58.57,8.09
373.78,39.78,20.05,22.52,8.06,71.98,43.56,58.72,8.08
373.79,39.78,20.08,22.49,8.07,71.98,43.56,58.72,8.10
373.80,39.78,20.08,22.49,8.07,72.20,43.56,58.57,8.09
373.81,39.78,20.05,22.49,8.06,72.20,43.56,58.57,8.09
373.82,39.86,20.05,22.49,8.07,72.20,43.56,58.57,8.09
373.83,39.86,20.05,22.52,8.06,72.20,43.66,58.72,8.08
373.84,39.86,20.05,22.46,8.06,71.98,43.66,58.57,8.09
373.85,39.86,20.05,22.49,8.08,72.20,43.56,58.57,8.08
373.86,39.78,20.08,22.49,8.07,71.98,43.56,58.72,8.08
373.87,39.78,20.08,22.46,8.06,72.20,43.66,58.57,8.08
373.88,39.86,20.05,22.49,8.06,71.98,43.47,58.57,8.09
373.89,39.78,20.05,22.52,8.06,71.98,43.66,58.57,8.08
373.90,39.78,20.08,22.49,8.04,72.20,43.56,58.72,8.09
373.91,39.78,20.08,22.49,8.06,72.20,43.66,58.72,8.09
373.92,39.78,20.08,22.49,8.06,72.20,43.56,58.57,8.09
373.93,39.86,20.08,22.46,8.06,71.98,43.66,58.57,8.08
373.94,39.86,20.05,22.49,8.06,72.20,43.66,58.57,8.08
373.95,39.78,20.05,22.49,8.06,72.20,43.56,58.57,8.08
373.96,39.78,20.08,22.49,8.06,72.20,43.56,58.57,8.09
373.97,39.86,20.05,22.49,8.06,72.20,43.66,58.57,8.09
373.98,39.78,20.08,22.52,8.06,72.20,43.56,58.57,8.08
373.99,40.02,20.08,22.52,8.06,72.20,43.66,58.57,8.08
374.00,39.86,20.08,22.49,8.06,72.20,43.56,58.72,8.09
374.01,39.78,20.05,22.52,8.04,72.20,43.56,58.57,8.09
374.02,39.86,20.05,22.49,8.06,72.20,43.56,58.57,8.10
374.03,39.78,20.05,22.49,8.07,72.20,43.56,58.72,8.08
374.04,39.86,20.05,22.49,8.06,71.98,43.56,58.57,8.08
374.05,39.78,20.05,22.49,8.06,72.41,43.47,58.72,8.08
374.06,39.86,20.05,22.49,8.06,71.98,43.66,58.72,8.08
374.07,39.78,20.05,22.52,8.06,72.20,43.56,58.57,8.08
374.08,39.86,20.08,22.49,8.06,72.41,43.56,58.57,8.08
374.09,39.86,20.08,22.46,8.04,72.20,43.66,58.72,8.09
374.10,39.86,20.05,22.49,8.07,72.20,43.56,58.57,8.09
374.11,39.86,20.05,22.46,8.06,72.20,43.66,58.72,8.08
374.12,39.78,20.05,22.49,8.07,72.20,43.56,58.57,8.08
374.13,39.78,20.05,22.49,8.07,72.20,43.56,58.42,8.09
374.14,39.78,20.05,22.52,8.06,72.20,43.66,58.72,8.08
374.15,39.86,20.05,22.49,8.06,72.20,43.66,58.57,8.09
374.16,39.86,20.05,22.52,8.06,72.20,43.56,58.72,8.09
374.17,39.86,20.05,22.49,8.06,72.20,43.56,58.57,8.08
374.18,39.78,20.08,22.49,8.06,72.20,43.66,58.57,8.09
374.19,39.78,20.05,22.49,8.06,71.98,43.66,58.57,8.09
374.20,39.86,20.05,22.49,8.07,72.20,43.56,58.57,8.08
374.21,39.86,20.05,22.49,8.07,72.20,43.66,58.57,8.08
374.22,39.78,20.05,22.52,8.06,72.20,43.66,58.57,8.08
374.23,39.78,20.08,22.49,8.04,72.20,43.66,58.57,8.09
374.24,39.86,20.05,22.46,8.06,72.20,43.56,58.72,8.09
374.25,39.86,20.08,22.49,8.06,72.20,43.56,58.57,8.09
374.26,39.86,20.05,22.52,8.06,72.20,43.66,58.57,8.08
374.27,39.78,20.05,22.49,8.07,71.98,43.75,58.72,8.08
374.28,39.86,20.05,22.49,8.06,72.20,43.66,58.72,8.08
374.29,39.86,20.08,22.49,8.07,72.20,43.66,58.57,8.10
374.30,39.78,20.08,22.49,8.06,72.20,43.66,58.72,8.08
374.31,39.86,20.05,22.49,8.07,71.98,43.56,58.57,8.09
374.32,39.78,20.05,22.49,8.07,72.20,43.66,58.72,8.09
374.33,39.86,20.08,22.49,8.07,72.20,43.66,58.57,8.09
374.34,39.78,20.08,22.49,8.06,72.20,43.66,58.72,8.09
374.35,39.86,20.05,22.52,8.08,72.20,43.56,58.57,8.08
374.36,39.86,20.05,22.49,8.06,71.98,43.66,58.57,8.08
374.37,39.86,20.08,22.52,8.07,72.20,43.56,58.72,8.10
374.38,39.86,20.05,22.49,8.06,72.20,43.66,58.72,8.08
374.39,39.78,20.05,22.49,8.07,72.20,43.75,58.72,8.08
374.40,39.86,20.08,22.49,8.06,72.20,43.66,58.57,8.10
374.41,39.86,20.05,22.49,8.06,72.20,43.66,58.57,8.09
374.42,39.78,20.05,22.49,8.06,72.20,43.56,58.72,8.09
374.43,39.78,20.05,22.49,8.07,72.20,43.66,58.57,8.09
374.44,39.86,20.05,22.49,8.07,72.20,43.66,58.57,8.08
374.45,39.78,20.05,22.49,8.06,72.20,43.56,58.72,8.09
374.46,39.86,20.08,22.49,8.06,72.20,43.56,58.57,8.09
374.47,39.86,20.05,22.49,8.06,72.20,43.66,58.72,8.09
374.48,39.78,20.05,22.49,8.06,71.98,43.66,58.57,8.09
374.49,39.86,20.08,22.49,8.07,72.20,43.56,58.57,8.08
374.50,39.86,20.08,22.49,8.06,72.20,43.66,58.57,8.08
374.51,39.86,20.05,22.52,8.06,71.98,43.56,58.72,8.09
374.52,39.78,20.05,22.52,8.06,72.20,43.56,58.57,8.08
374.53,39.86,20.08,22.52,8.06,71.98,43.56,58.57,8.08
374.54,39.86,20.05,22.52,8.06,72.20,43.66,58.72,8.09
374.55,39.86,20.08,22.52,8.06,72.20,43.56,58.57,8.09
374.56,39.78,20.08,22.49,8.06,72.20,43.66,58.57,8.08
374.57,39.86,20.08,22.49,8.06,72.20,43.56,58.57,8.08
374.58,39.78,20.05,22.52,8.06,72.20,43.66,58.72,8.09
374.59,39.86,20.08,22.49,8.06,72.20,43.66,58.57,8.09
374.60,39.86,20.05,22.52,8.06,71.98,43.66,58.57,8.08
374.61,39.86,20.05,22.46,8.07,72.20,43.66,58.57,8.08
374.62,39.86,20.08,22.49,8.06,72.20,43.66,58.57,8.08
374.63,39.86,20.05,22.46,8.06,72.20,43.56,58.57,8.08
374.64,39.86,20.05,22.49,8.06,72.20,43.56,58.72,8.09
374.65,39.86,20.05,22.52,8.06,72.20,43.56,58.57,8.08
374.66,39.86,20.05,22.52,8.06,72.20,43.66,58.72,8.10
374.67,39.86,20.08,22.52,8.06,72.20,43.66,58.57,8.08
374.68,39.86,20.08,22.49,8.06,72.20,43.66,58.57,8.09
374.69,39.86,20.05,22.52,8.06,72.20,43.66,58.72,8.08
374.70,39.86,20.05,22.49,8.06,72.20,43.56,58.72,8.08
374.71,39.86,20.05,22.52,8.06,72.20,43.47,58.72,8.09
374.72,39.78,20.08,22.49,8.06,72.20,43.66,58.57,8.09
374.75,39.86,20.08,22.49,8.06,72.20,43.56,58.72,8.09
374.75,39.86,20.05,22.52,8.07,72.20,43.56,58.57,8.09
374.76,39.86,20.05,22.49,8.06,72.20,43.56,58.72,8.09
374.77,39.86,20.05,22.52,8.06,72.20,43.66,58.72,8.08
374.78,39.86,20.08,22.49,8.06,72.20,43.66,58.72,8.08
374.79,39.86,20.08,22.52,8.06,72.20,43.56,58.57,8.09
374.80,39.78,20.05,22.49,8.07,72.20,43.66,58.57,8.08
374.81,39.86,20.08,22.52,8.06,72.20,43.56,58.72,8.10
374.82,39.86,20.05,22.49,8.06,72.20,43.66,58.57,8.09
374.83,39.86,20.05,22.49,8.06,72.20,43.66,58.57,8.09
374.84,39.78,20.08,22.52,8.06,72.20,43.66,58.72,8.09
374.85,39.86,20.05,22.49,8.06,72.20,43.66,58.57,8.08
374.86,39.78,20.05,22.52,8.06,72.20,43.56,58.57,8.07
374.87,39.86,20.05,22.49,8.06,72.20,43.66,58.57,8.08
374.88,39.78,20.05,22.52,8.06,72.20,43.56,58.57,8.09
374.89,39.86,20.05,22.52,8.06,71.98,43.56,58.57,8.10
374.90,39.78,20.05,22.52,8.06,72.20,43.66,58.72,8.10
374.91,39.86,20.08,22.49,8.06,72.20,43.56,58.57,8.08
374.92,39.86,20.05,22.49,8.06,72.41,43.66,58.57,8.08
374.93,39.78,20.08,22.49,8.07,72.20,43.56,58.57,8.09
374.94,39.86,20.02,22.49,8.06,72.20,43.66,58.72,8.09
374.95,39.86,20.05,22.52,8.06,72.20,43.56,58.72,8.08
374.96,39.78,20.11,22.49,8.06,71.98,43.56,58.57,8.08
374.97,39.86,20.08,22.49,8.06,72.20,43.66,58.57,8.08
374.98,39.86,20.05,22.52,8.06,72.20,43.66,58.57,8.08
374.99,39.86,20.05,22.52,8.07,72.20,43.66,58.72,8.09
375.00,39.86,20.05,22.49,8.06,72.20,43.66,58.57,8.09
375.01,39.86,20.08,22.52,8.06,72.20,43.66,58.57,8.09
375.02,39.78,20.05,22.52,8.06,72.20,43.75,58.57,8.08
375.03,39.78,20.05,22.52,8.06,72.20,43.56,58.72,8.09
375.04,39.86,20.08,22.52,8.06,72.20,43.56,58.57,8.10
375.05,39.86,20.08,22.52,8.06,72.20,43.75,58.57,8.08
375.06,39.86,20.08,22.49,8.06,72.20,43.66,58.72,8.09
375.07,39.86,20.08,22.49,8.06,72.41,43.56,58.72,8.08
375.08,39.86,20.05,22.52,8.06,72.20,43.75,58.57,8.09
375.09,39.86,20.08,22.52,8.06,72.20,43.56,58.57,8.10
375.10,39.86,20.05,22.52,8.06,72.20,43.66,58.72,8.09
375.11,39.78,20.08,22.52,8.06,72.20,43.56,58.72,8.09
375.12,39.86,20.05,22.49,8.06,72.20,43.56,58.72,8.08
375.13,39.86,20.08,22.52,8.06,72.20,43.66,58.72,8.09
375.14,39.78,20.08,22.49,8.06,72.20,43.56,58.57,8.08
375.15,39.86,20.05,22.52,8.06,72.20,43.66,58.57,8.09
375.16,39.86,20.08,22.49,8.07,72.20,43.66,58.72,8.08
375.17,39.86,20.05,22.52,8.07,72.20,43.75,58.57,8.09
375.18,39.86,20.08,22.49,8.07,72.20,43.66,58.72,8.09
375.19,39.86,20.08,22.49,8.06,72.20,43.66,58.57,8.09
375.20,39.86,20.08,22.56,8.06,72.41,43.75,58.57,8.09
375.21,39.86,20.08,22.52,8.06,72.41,43.66,58.57,8.09
375.22,39.86,20.05,22.49,8.06,72.20,43.56,58.72,8.09
375.23,39.86,20.08,22.49,8.06,72.20,43.66,58.72,8.09
375.24,39.86,20.08,22.52,8.06,72.20,43.66,58.57,8.08
375.25,39.86,20.05,22.49,8.06,72.20,43.66,58.72,8.09
375.26,39.86,20.11,22.52,8.06,72.20,43.66,58.72,8.09
375.27,39.86,20.05,22.52,8.06,72.20,43.66,58.72,8.08
375.28,39.86,20.05,22.52,8.06,71.98,43.75,58.57,8.08
375.29,39.86,20.08,22.49,8.06,72.20,43.66,58.57,8.08
375.30,39.86,20.05,22.49,8.06,72.20,43.66,58.72,8.10
375.31,39.78,20.05,22.52,8.06,72.20,43.66,58.72,8.09
375.32,39.86,20.08,22.52,8.06,72.20,43.56,58.72,8.09
375.33,39.86,20.11,22.49,8.07,72.20,43.75,58.87,8.08
375.34,39.86,20.08,22.52,8.06,72.20,43.66,58.42,8.09
375.35,39.86,20.08,22.49,8.06,72.20,43.66,58.72,8.09
375.36,39.86,20.05,22.49,8.06,72.20,43.56,58.72,8.08
375.37,39.86,20.08,22.52,8.07,72.20,43.66,58.72,8.08
375.38,39.86,20.05,22.52,8.06,72.20,43.56,58.57,8.10
375.39,39.86,20.08,22.52,8.06,72.41,43.66,58.72,8.09
375.40,39.86,20.08,22.52,8.06,72.20,43.66,58.72,8.08
375.41,39.86,20.08,22.52,8.06,72.20,43.56,58.72,8.08
375.42,39.86,20.05,22.49,8.06,72.20,43.56,58.57,8.09
375.43,39.86,20.05,22.49,8.07,72.20,43.56,58.72,8.10
375.44,39.86,20.05,22.52,8.06,72.20,43.66,58.57,8.08
375.45,39.86,20.08,22.49,8.06,72.20,43.66,58.57,8.09
375.46,39.86,20.08,22.49,8.06,72.20,43.66,58.57,8.09
375.47,39.86,20.05,22.52,8.06,72.20,43.66,58.72,8.08
375.48,39.86,20.08,22.52,8.06,71.98,43.66,58.72,8.08
375.49,39.86,20.05,22.52,8.06,72.41,43.66,58.72,8.08
375.50,39.86,20.08,22.52,8.07,72.20,43.56,58.72,8.09
375.51,39.86,20.05,22.49,8.07,72.20,43.66,58.57,8.09
375.52,39.86,20.08,22.49,8.06,72.20,43.56,58.72,8.10
375.53,39.78,20.08,22.52,8.06,72.20,43.66,58.57,8.09
375.54,39.86,20.05,22.52,8.07,72.20,43.66,58.72,8.09
375.55,39.86,20.08,22.52,8.06,72.20,43.66,58.57,8.08
375.56,39.86,20.08,22.49,8.06,72.20,43.66,58.72,8.09
375.57,39.86,20.08,22.49,8.06,72.20,43.56,58.72,8.08
375.58,39.86,20.11,22.49,8.06,72.20,43.75,58.72,8.09
375.59,39.86,20.08,22.49,8.04,72.20,43.66,58.57,8.09
375.60,39.86,20.05,22.52,8.07,72.20,43.66,58.57,8.09
375.61,39.86,20.08,22.49,8.06,72.20,43.66,58.57,8.09
375.62,39.86,20.05,22.49,8.06,72.20,43.56,58.72,8.09
375.63,39.86,20.05,22.52,8.06,72.20,43.66,58.57,8.08
375.64,39.86,20.08,22.52,8.07,72.20,43.66,58.57,8.09
375.65,39.86,20.08,22.52,8.06,72.20,43.75,58.72,8.09
375.66,39.86,20.05,22.49,8.07,72.20,43.66,58.57,8.09
375.67,39.86,20.05,22.52,8.06,72.20,43.66,58.57,8.08
375.68,39.86,20.05,22.52,8.06,72.20,43.56,58.57,8.09
375.69,39.86,20.11,22.52,8.06,72.20,43.56,58.72,8.09
375.70,39.86,20.05,22.52,8.06,72.20,43.66,58.57,8.08
375.71,39.86,20.08,22.49,8.06,72.41,43.66,58.57,8.09
375.72,39.86,20.08,22.52,8.06,72.20,43.66,58.57,8.09
375.73,39.86,20.05,22.49,8.07,72.20,43.66,58.72,8.09
375.74,39.86,20.08,22.52,8.06,72.20,43.66,58.72,8.09
375.75,39.86,20.08,22.49,8.07,72.20,43.56,58.57,8.09
375.76,39.86,20.08,22.52,8.06,72.20,43.66,58.57,8.08
375.77,39.86,20.05,22.52,8.06,72.20,43.56,58.72,8.09
375.78,39.86,20.05,22.52,8.07,72.20,43.56,58.57,8.08
375.79,39.86,20.05,22.52,8.06,72.20,43.56,58.72,8.09
375.80,39.86,20.05,22.49,8.06,72.20,43.56,58.57,8.08
375.81,39.86,20.08,22.52,8.07,72.20,43.66,58.57,8.09
375.82,39.86,20.05,22.52,8.06,72.20,43.66,58.72,8.09
375.83,39.86,20.08,22.49,8.06,72.20,43.75,58.57,8.08
375.84,39.86,20.05,22.49,8.08,72.20,43.66,58.72,8.09
375.85,39.86,20.05,22.52,8.06,72.20,43.56,58.72,8.08
375.86,39.86,20.05,22.52,8.06,72.20,43.66,58.72,8.09
375.87,39.86,20.08,22.52,8.06,72.20,43.66,58.57,8.08
375.88,39.86,20.08,22.49,8.07,72.20,43.66,58.72,8.09
375.89,39.86,20.08,22.52,8.07,72.20,43.66,58.57,8.09
375.90,39.86,20.08,22.52,8.06,72.20,43.75,58.72,8.08
375.91,39.86,20.05,22.49,8.07,72.20,43.75,58.72,8.09
375.92,39.86,20.05,22.49,8.06,72.41,43.75,58.72,8.09
375.93,39.86,20.08,22.52,8.07,72.20,43.66,58.72,8.09
375.94,39.86,20.08,22.52,8.06,72.20,43.66,58.72,8.10
375.95,39.86,20.05,22.52,8.06,72.20,43.56,58.72,8.08
375.96,39.86,20.08,22.49,8.06,72.20,43.66,58.72,8.09
375.97,39.86,20.08,22.52,8.06,72.20,43.66,58.57,8.08
375.98,39.86,20.08,22.52,8.06,72.20,43.56,58.72,8.09
375.99,39.86,20.08,22.52,8.07,72.20,43.66,58.72,8.08
376.00,39.86,20.08,22.49,8.06,72.20,43.56,58.72,8.09
376.01,39.86,20.08,22.52,8.06,72.20,43.56,58.72,8.08
376.02,39.86,20.08,22.52,8.06,72.20,43.66,58.72,8.10
376.03,39.86,20.08,22.52,8.07,72.41,43.66,58.72,8.08
376.04,39.86,20.05,22.52,8.06,72.20,43.66,58.57,8.08
376.05,39.86,20.08,22.52,8.06,72.41,43.66,58.72,8.08
376.06,39.86,20.08,22.49,8.07,72.20,43.66,58.72,8.09
376.07,39.86,20.05,22.52,8.07,72.20,43.56,58.72,8.08
376.08,39.94,20.08,22.49,8.06,72.20,43.66,58.72,8.09
376.09,39.86,20.08,22.52,8.06,72.20,43.66,58.57,8.08
376.10,39.86,20.05,22.52,8.06,72.20,43.56,58.72,8.10
376.11,39.86,20.05,22.49,8.06,72.20,43.66,58.72,8.08
376.12,39.86,20.05,22.52,8.04,72.20,43.66,58.57,8.10
376.13,39.94,20.08,22.52,8.06,72.20,43.66,58.72,8.09
376.14,39.86,20.08,22.52,8.07,72.41,43.66,58.72,8.09
376.15,39.86,20.08,22.52,8.06,72.20,43.66,58.72,8.10
376.16,39.86,20.11,22.52,8.07,72.20,43.75,58.72,8.10
376.17,39.86,20.08,22.52,8.06,72.20,43.66,58.72,8.09
376.18,39.78,20.08,22.52,8.07,72.41,43.66,58.57,8.08
376.19,39.86,20.05,22.52,8.07,72.20,43.66,58.72,8.09
376.20,39.86,20.08,22.52,8.06,72.41,43.75,58.72,8.09
376.21,39.86,20.08,22.52,8.06,72.20,43.66,58.72,8.09
376.22,39.86,20.08,22.49,8.06,72.20,43.75,58.72,8.09
376.23,39.86,20.08,22.52,8.07,72.41,43.75,58.72,8.09
376.24,39.78,20.08,22.52,8.06,72.41,43.66,58.72,8.08
376.25,39.86,20.08,22.52,8.06,72.41,43.66,58.57,8.09
376.26,39.86,20.05,22.52,8.06,72.20,43.66,58.57,8.09
376.27,39.86,20.08,22.52,8.06,72.20,43.66,58.72,8.09
376.28,39.86,20.08,22.52,8.06,72.20,43.66,58.72,8.09
376.29,39.86,20.05,22.52,8.06,72.20,43.66,58.72,8.09
376.30,39.86,20.08,22.52,8.07,72.20,43.66,58.57,8.09
376.31,39.86,20.08,22.52,8.07,72.41,43.66,58.72,8.08
376.32,39.86,20.05,22.52,8.07,72.20,43.66,58.57,8.09
376.33,39.86,20.05,22.52,8.06,72.20,43.66,58.72,8.09
376.34,39.86,20.08,22.52,8.06,72.20,43.66,58.72,8.09
376.35,39.86,20.08,22.52,8.07,72.20,43.56,58.72,8.09
376.36,39.86,20.08,22.52,8.07,72.20,43.66,58.72,8.09
376.37,39.86,20.08,22.52,8.06,72.41,43.66,58.72,8.08
376.38,39.86,20.08,22.52,8.06,72.20,43.66,58.72,8.09
376.39,39.94,20.08,22.52,8.07,72.20,43.66,58.72,8.09
376.40,39.94,20.08,22.52,8.06,72.20,43.56,58.72,8.09
376.41,39.86,20.05,22.56,8.07,72.20,43.75,58.72,8.08
376.42,39.86,20.11,22.52,8.06,72.20,43.66,58.72,8.09
376.43,39.86,20.05,22.52,8.06,72.20,43.66,58.72,8.09
376.44,39.86,20.08,22.52,8.07,72.20,43.66,58.57,8.09
376.45,39.86,20.08,22.52,8.07,72.20,43.66,58.57,8.09
376.46,39.86,20.11,22.52,8.06,72.20,43.66,58.57,8.09
376.47,39.86,20.08,22.52,8.06,72.20,43.66,58.72,8.08
376.48,39.86,20.08,22.52,8.04,72.20,43.56,58.72,8.08
376.49,39.86,20.08,22.56,8.06,72.41,43.66,58.57,8.09
376.50,39.86,20.05,22.52,8.07,72.20,43.56,58.57,8.10
376.51,39.86,20.08,22.52,8.07,72.20,43.66,58.87,8.09
376.52,39.86,20.08,22.52,8.06,72.20,43.66,58.57,8.09
376.53,39.86,20.08,22.52,8.06,72.20,43.66,58.57,8.09
376.54,39.94,20.11,22.52,8.06,72.20,43.56,58.87,8.09
376.55,39.86,20.08,22.52,8.07,72.20,43.75,58.72,8.08
376.56,39.86,20.05,22.52,8.06,72.20,43.66,58.72,8.09
376.57,39.86,20.08,22.52,8.07,72.20,43.66,58.72,8.09
376.58,39.86,20.08,22.52,8.07,72.20,43.66,58.72,8.09
376.59,39.86,20.11,22.52,8.07,72.20,43.56,58.72,8.08
376.60,39.86,20.08,22.52,8.07,72.20,43.75,58.57,8.08
376.61,39.86,20.05,22.49,8.07,72.20,43.56,58.72,8.08
376.62,39.86,20.08,22.52,8.06,72.20,43.66,58.72,8.09
376.63,39.86,20.08,22.52,8.06,72.20,43.66,58.72,8.09
376.64,39.86,20.08,22.49,8.06,72.20,43.66,58.57,8.09
376.65,39.86,20.05,22.52,8.07,72.20,43.66,58.72,8.09
376.66,39.86,20.05,22.52,8.07,72.20,43.56,58.72,8.10
376.67,39.86,20.08,22.52,8.06,72.20,43.66,58.72,8.09
376.68,39.86,20.08,22.52,8.06,72.20,43.66,58.72,8.09
376.69,39.86,20.08,22.52,8.07,72.20,43.66,58.72,8.10
376.70,39.86,20.05,22.52,8.06,72.20,43.66,58.72,8.10
376.71,39.78,20.08,22.52,8.07,72.20,43.56,58.72,8.09
376.72,39.86,20.08,22.52,8.06,72.20,43.66,58.72,8.09
376.73,39.78,20.08,22.52,8.06,72.20,43.56,58.72,8.08
376.74,39.86,20.05,22.52,8.07,72.20,43.75,58.57,8.09
376.75,39.86,20.08,22.52,8.06,72.20,43.66,58.72,8.09
376.76,39.86,20.08,22.52,8.08,72.20,43.66,58.72,8.08
376.77,39.86,20.05,22.49,8.06,72.20,43.75,58.57,8.10
376.78,39.86,20.08,22.56,8.06,72.20,43.66,58.72,8.09
376.79,39.86,20.11,22.52,8.06,72.20,43.66,58.57,8.08
376.80,39.94,20.08,22.52,8.08,72.41,43.66,58.72,8.09
376.81,39.78,20.08,22.52,8.06,72.41,43.75,58.72,8.08
376.82,39.86,20.08,22.52,8.06,72.20,43.66,58.57,8.09
376.83,39.86,20.08,22.49,8.06,72.41,43.66,58.72,8.09
376.84,39.94,20.08,22.52,8.06,72.20,43.66,58.72,8.09
376.85,39.86,20.08,22.52,8.06,72.20,43.66,58.72,8.09
376.86,39.86,20.08,22.52,8.06,72.20,43.66,58.57,8.09
376.87,39.86,20.11,22.52,8.06,72.20,43.56,58.57,8.09
376.88,39.86,20.08,22.52,8.06,72.41,43.75,58.72,8.09
376.89,39.86,20.08,22.52,8.06,72.41,43.56,58.72,8.10
376.90,39.86,20.08,22.49,8.06,72.20,43.66,58.72,8.09
376.91,39.94,20.08,22.52,8.06,72.41,43.66,58.72,8.09
376.92,39.86,20.08,22.52,8.06,72.41,43.66,58.72,8.09
376.93,39.86,20.08,22.52,8.07,72.20,43.75,58.72,8.10
376.94,39.86,20.08,22.52,8.07,72.20,43.66,58.72,8.08
376.95,39.86,20.08,22.52,8.07,72.41,43.66,58.57,8.09
376.96,39.86,20.08,22.52,8.08,72.41,43.66,58.72,8.09
376.97,39.86,20.08,22.52,8.07,72.41,43.66,58.72,8.08
376.98,39.86,20.08,22.52,8.06,72.20,43.75,58.72,8.10
376.99,39.78,20.11,22.52,8.06,72.20,43.56,58.57,8.09
377.00,39.86,20.08,22.52,8.06,72.20,43.66,58.72,8.09
377.01,39.86,20.05,22.52,8.06,72.20,43.56,58.72,8.08
377.02,39.86,20.08,22.49,8.06,72.41,43.66,58.57,8.09
377.03,39.86,20.08,22.52,8.06,72.41,43.75,58.72,8.08
377.04,39.86,20.05,22.49,8.06,72.20,43.66,58.72,8.09
377.05,39.86,20.08,22.56,8.08,72.20,43.66,58.72,8.09
377.06,39.86,20.08,22.52,8.06,72.20,43.66,58.72,8.08
377.07,39.86,20.08,22.52,8.06,72.20,43.75,58.72,8.09
377.08,39.86,20.08,22.49,8.06,72.20,43.66,58.72,8.09
377.09,39.86,20.11,22.52,8.06,72.41,43.66,58.72,8.09
377.10,39.86,20.08,22.52,8.06,72.20,43.56,58.72,8.09
377.11,39.86,20.08,22.52,8.06,72.20,43.66,58.72,8.10
377.12,39.94,20.05,22.52,8.06,72.20,43.66,58.72,8.09
377.13,39.86,20.08,22.52,8.06,72.20,43.66,58.72,8.08
377.14,39.86,20.08,22.52,8.06,72.20,43.66,58.72,8.09
377.15,39.86,20.08,22.52,8.06,72.20,43.66,58.72,8.09
377.16,39.86,20.08,22.52,8.06,72.20,43.66,58.72,8.09
377.17,39.86,20.11,22.52,8.07,72.20,43.75,58.72,8.09
377.18,39.86,20.11,22.52,8.06,72.20,43.56,58.72,8.09
377.19,39.86,20.08,22.52,8.06,72.20,43.66,58.57,8.09
377.20,39.94,20.05,22.49,8.07,72.20,43.66,58.72,8.09
377.21,39.86,20.05,22.52,8.07,72.20,43.56,58.72,8.08
377.22,39.86,20.08,22.52,8.06,72.41,43.66,58.72,8.09
377.23,39.86,20.08,22.52,8.07,72.20,43.75,58.72,8.08
377.24,39.86,20.05,22.52,8.07,72.20,43.56,58.72,8.10
377.25,39.86,20.08,22.52,8.06,72.20,43.66,58.57,8.09
377.26,39.78,20.08,22.52,8.06,72.20,43.66,58.72,8.09
377.27,39.86,20.05,22.49,8.07,72.20,43.66,58.72,8.09
377.28,39.86,20.08,22.52,8.07,72.20,43.75,58.72,8.08
377.29,39.86,20.08,22.49,8.08,72.41,43.66,58.72,8.10
377.30,39.86,20.08,22.52,8.07,72.20,43.66,58.72,8.10
377.31,39.86,20.11,22.52,8.06,72.20,43.75,58.57,8.08
377.32,39.86,20.11,22.49,8.08,72.20,43.66,58.72,8.09
377.33,39.86,20.05,22.52,8.06,72.20,43.56,58.72,8.10
377.34,39.86,20.05,22.52,8.06,72.20,43.66,58.57,8.09
377.35,39.86,20.08,22.52,8.07,72.20,43.66,58.57,8.09
377.36,39.86,20.02,22.49,8.06,72.20,43.66,58.57,8.10
377.37,39.86,20.05,22.52,8.06,72.20,43.56,58.72,8.09
377.38,39.86,20.08,22.52,8.07,72.41,43.66,58.72,8.09
377.39,39.86,20.08,22.52,8.04,72.20,43.66,58.57,8.09
377.40,39.86,20.11,22.52,8.06,72.20,43.66,58.72,8.09
377.41,39.86,20.08,22.52,8.06,72.20,43.56,58.72,8.09
377.42,39.86,20.08,22.52,8.07,72.41,43.75,58.72,8.08
377.43,39.86,20.05,22.49,8.06,72.20,43.66,58.72,8.08
377.44,39.86,20.08,22.52,8.06,72.20,43.66,58.72,8.09
377.45,39.86,20.08,22.52,8.06,72.20,43.56,58.72,8.09
377.46,39.86,20.05,22.52,8.06,72.20,43.66,58.72,8.09
377.47,39.86,20.08,22.52,8.06,72.20,43.66,58.57,8.08
377.48,39.86,20.08,22.52,8.06,72.20,43.66,58.72,8.08
377.49,39.86,20.05,22.52,8.06,72.20,43.66,58.72,8.08
377.50,39.86,20.08,22.49,8.07,72.41,43.66,58.72,8.09
377.51,39.86,20.08,22.52,8.06,72.20,43.75,58.72,8.09
377.52,39.86,20.05,22.49,8.06,72.20,43.66,58.72,8.08
377.53,39.86,20.08,22.52,8.06,72.20,43.66,58.72,8.09
377.54,39.86,20.08,22.52,8.07,72.41,43.56,58.72,8.09
377.55,39.86,20.08,22.52,8.06,72.41,43.66,58.72,8.09
377.56,39.78,20.05,22.52,8.07,72.20,43.66,58.72,8.09
377.57,39.94,20.08,22.52,8.06,72.20,43.66,58.57,8.09
377.58,39.86,20.08,22.49,8.06,72.20,43.66,58.57,8.09
377.59,39.94,20.08,22.52,8.07,72.41,43.66,58.72,8.09
377.60,39.86,20.08,22.52,8.06,72.20,43.66,58.72,8.08
377.61,39.94,20.08,22.46,8.07,72.20,43.66,58.72,8.09
377.62,39.86,20.05,22.52,8.06,72.20,43.56,58.72,8.09
377.63,39.86,20.08,22.52,8.08,72.20,43.66,58.72,8.09
377.64,39.86,20.08,22.56,8.06,72.20,43.66,58.72,8.08
377.65,39.86,20.11,22.52,8.06,72.41,43.66,58.72,8.09
377.66,39.86,20.08,22.52,8.06,72.41,43.66,58.57,8.09
377.67,39.86,20.08,22.52,8.07,71.98,43.66,58.57,8.09
377.68,39.86,20.11,22.52,8.06,72.20,43.66,58.72,8.10
377.69,39.86,20.05,22.52,8.06,72.41,43.56,58.72,8.09
377.70,39.86,20.05,22.52,8.06,72.20,43.66,58.72,8.09
377.71,39.86,20.08,22.49,8.06,72.41,43.66,58.42,8.08
377.72,39.86,20.08,22.52,8.06,72.41,43.66,58.87,8.08
377.73,39.86,20.08,22.52,8.06,72.41,43.66,58.72,8.09
377.74,39.86,20.05,22.52,8.06,72.20,43.66,58.72,8.08
377.75,39.86,20.08,22.52,8.07,72.20,43.75,58.72,8.09
377.76,39.86,20.08,22.52,8.07,72.20,43.66,58.72,8.09
377.77,39.86,20.08,22.52,8.07,72.20,43.66,58.72,8.08
377.78,39.86,20.08,22.52,8.06,72.20,43.66,58.57,8.09
377.79,39.86,20.08,22.52,8.06,72.41,43.66,58.72,8.09
377.80,39.86,20.08,22.52,8.06,72.20,43.66,58.72,8.09
377.81,39.86,20.05,22.49,8.07,72.41,43.75,58.57,8.09
377.82,39.86,20.11,22.52,8.06,72.20,43.66,58.72,8.10
377.84,39.86,20.08,22.52,8.06,72.20,43.75,58.72,8.09
377.85,39.94,20.08,22.52,8.07,72.20,43.66,58.72,8.08
377.86,39.86,20.08,22.52,8.07,72.20,43.66,58.72,8.09
377.87,39.86,20.11,22.52,8.06,72.20,43.66,58.72,8.08
377.88,39.86,20.05,22.52,8.06,72.41,43.66,58.72,8.08
377.89,39.86,20.08,22.52,8.06,72.20,43.66,58.57,8.08
377.90,39.86,20.08,22.52,8.07,72.41,43.75,58.72,8.08
377.91,39.86,20.05,22.52,8.07,72.20,43.66,58.72,8.09
377.92,39.86,20.08,22.52,8.07,72.20,43.75,58.72,8.08
377.93,39.86,20.11,22.52,8.06,72.20,43.66,58.57,8.09
377.94,39.86,20.05,22.52,8.06,72.41,43.75,58.57,8.09
377.95,39.86,20.05,22.52,8.06,72.20,43.66,58.72,8.09
377.96,39.86,20.08,22.52,8.06,72.41,43.66,58.72,8.08
377.97,39.78,20.05,22.52,8.06,72.20,43.75,58.57,8.09
377.98,39.86,20.05,22.52,8.06,72.20,43.75,58.72,8.08
377.99,39.86,20.08,22.52,8.06,72.20,43.75,58.57,8.10
378.00,39.86,20.08,22.52,8.07,72.20,43.66,58.72,8.08
378.01,39.86,20.05,22.56,8.07,72.20,43.66,58.72,8.10
378.02,39.86,20.08,22.49,8.06,72.20,43.66,58.72,8.09
378.03,39.86,20.05,22.52,8.07,72.20,43.56,58.57,8.09
378.04,39.86,20.05,22.52,8.06,72.20,43.66,58.57,8.08
378.05,39.86,20.05,22.49,8.06,72.20,43.66,58.72,8.09
378.06,39.86,20.08,22.52,8.06,72.20,43.66,58.72,8.09
378.07,39.86,20.05,22.52,8.04,72.41,43.75,58.57,8.09
378.08,39.86,20.08,22.52,8.06,72.20,43.66,58.57,8.09
378.09,39.94,20.08,22.52,8.06,72.20,43.56,58.57,8.09
378.10,39.86,20.08,22.52,8.06,72.20,43.56,58.72,8.09
378.11,39.86,20.05,22.52,8.06,72.20,43.66,58.57,8.08
378.12,39.86,20.08,22.52,8.06,72.20,43.66,58.72,8.09
378.13,39.86,20.08,22.52,8.06,72.20,43.66,58.57,8.08
378.14,39.94,20.08,22.52,8.06,72.20,43.66,58.72,8.09
378.15,39.94,20.08,22.52,8.07,72.41,43.66,58.72,8.09
378.16,39.86,20.08,22.56,8.06,72.41,43.66,58.57,8.08
378.17,39.86,20.08,22.52,8.06,72.41,43.66,58.72,8.09
378.18,39.86,20.05,22.52,8.04,72.20,43.75,58.72,8.09
378.19,39.86,20.05,22.52,8.07,72.20,43.56,58.72,8.09
378.20,39.86,20.05,22.52,8.06,72.20,43.66,58.72,8.09
378.21,39.86,20.08,22.49,8.07,72.20,43.66,58.72,8.09
378.22,39.86,20.08,22.56,8.07,72.20,43.66,58.57,8.09
378.23,39.78,20.11,22.56,8.06,72.20,43.75,58.72,8.09
378.24,39.86,20.08,22.52,8.06,72.41,43.66,58.57,8.09
378.25,39.86,20.08,22.52,8.06,72.41,43.66,58.72,8.09
378.26,39.86,20.08,22.52,8.06,72.41,43.66,58.72,8.08
378.27,39.86,20.08,22.52,8.06,72.20,43.75,58.72,8.09
378.28,39.86,20.08,22.52,8.06,72.41,43.66,58.72,8.09
378.29,39.86,20.08,22.52,8.06,72.20,43.66,58.72,8.10
378.30,39.86,20.08,22.56,8.06,72.20,43.66,58.72,8.09
378.31,39.94,20.08,22.52,8.06,72.20,43.75,58.72,8.09
378.35,39.86,20.08,22.52,8.06,72.20,43.66,58.72,8.09
378.35,39.86,20.11,22.52,8.07,72.41,43.75,58.72,8.09
378.38,39.86,20.08,22.49,8.06,72.20,43.66,58.72,8.09
378.38,39.86,20.05,22.52,8.06,72.20,43.75,58.72,8.09
378.39,39.86,20.08,22.52,8.07,72.41,43.66,58.72,8.09
378.40,39.86,20.11,22.56,8.07,72.41,43.66,58.57,8.08
378.41,39.86,20.08,22.52,8.07,72.20,43.66,58.72,8.09
378.42,39.86,20.05,22.52,8.06,72.41,43.66,58.72,8.09
378.43,39.86,20.08,22.52,8.06,72.20,43.66,58.57,8.09
378.44,39.86,20.08,22.52,8.07,72.20,43.66,58.72,8.08
378.45,39.86,20.08,22.52,8.06,72.20,43.56,58.72,8.09
378.46,39.86,20.08,22.52,8.06,72.20,43.66,58.72,8.08
378.47,39.86,20.08,22.52,8.06,72.20,43.66,58.72,8.09
378.48,39.86,20.08,22.52,8.08,72.41,43.66,58.72,8.09
378.49,39.86,20.08,22.52,8.06,72.20,43.66,58.72,8.09
378.50,39.78,20.08,22.52,8.06,72.20,43.66,58.72,8.09
378.51,39.86,20.08,22.49,8.06,72.20,43.66,58.72,8.08
378.52,39.86,20.08,22.52,8.08,72.20,43.75,58.57,8.08
378.53,39.86,20.08,22.52,8.07,72.20,43.66,58.57,8.08
378.54,39.86,20.08,22.52,8.07,72.20,43.66,58.57,8.09
378.55,39.86,20.05,22.52,8.06,72.20,43.66,58.72,8.10
378.56,39.78,20.05,22.52,8.07,72.20,43.66,58.57,8.08
378.57,39.86,20.11,22.52,8.06,72.20,43.66,58.72,8.08
378.58,39.86,20.05,22.52,8.06,72.20,43.66,58.72,8.09
378.59,39.86,20.08,22.52,8.07,72.20,43.75,58.72,8.09
378.60,39.86,20.08,22.52,8.07,72.41,43.66,58.72,8.09
378.61,39.86,20.08,22.52,8.06,72.20,43.75,58.72,8.09
378.62,39.86,20.08,22.56,8.06,72.20,43.66,58.57,8.09
378.64,39.86,20.11,22.52,8.07,72.20,43.66,58.72,8.09
378.65,39.86,20.08,22.49,8.07,72.20,43.75,58.72,8.09
378.66,39.78,20.08,22.52,8.07,72.20,43.66,58.72,8.09
378.67,39.86,20.08,22.52,8.06,72.20,43.75,58.72,8.09
378.68,39.86,20.08,22.52,8.07,72.20,43.66,58.72,8.09
378.69,39.78,20.08,22.52,8.08,72.41,43.56,58.57,8.09
378.70,39.86,20.05,22.52,8.06,72.20,43.84,58.72,8.09
378.71,39.86,20.11,22.52,8.07,72.20,43.75,58.72,8.09
378.72,39.86,20.05,22.52,8.06,72.20,43.75,58.72,8.08
378.73,39.86,20.05,22.52,8.07,72.20,43.66,58.72,8.08
378.74,39.86,20.08,22.52,8.07,72.41,43.75,58.57,8.09
378.75,39.86,20.08,22.52,8.06,72.20,43.66,58.72,8.08
378.76,39.86,20.08,22.52,8.06,72.41,43.75,58.72,8.10
378.77,39.86,20.08,22.52,8.06,72.41,43.66,58.72,8.09
378.78,39.86,20.08,22.52,8.07,72.20,43.75,58.57,8.08
378.79,39.86,20.05,22.52,8.06,72.20,43.56,58.72,8.08
378.80,39.86,20.08,22.56,8.06,72.20,43.66,58.72,8.09
378.81,39.86,20.08,22.52,8.07,72.41,43.66,58.72,8.09
378.82,39.78,20.08,22.56,8.06,72.20,43.75,58.72,8.08
378.83,39.86,20.08,22.52,8.07,72.20,43.66,58.72,8.09
378.84,39.86,20.05,22.49,8.06,72.20,43.66,58.72,8.08
378.85,39.86,20.08,22.52,8.06,72.41,43.66,58.72,8.09
378.86,39.86,20.08,22.56,8.06,72.20,43.66,58.57,8.08
378.87,39.86,20.08,22.52,8.06,72.20,43.75,58.57,8.08
378.88,39.94,20.08,22.52,8.07,72.20,43.75,58.72,8.09
378.89,39.86,20.08,22.52,8.06,72.41,43.66,58.72,8.08
378.90,39.86,20.11,22.52,8.06,71.98,43.66,58.72,8.08
378.91,39.86,20.08,22.52,8.07,71.98,43.66,58.72,8.09
378.92,39.86,20.08,22.52,8.06,72.41,43.66,58.72,8.08
378.93,39.86,20.05,22.52,8.06,72.20,43.75,58.72,8.10
378.94,39.86,20.08,22.52,8.07,72.20,43.66,58.72,8.09
378.95,39.86,20.08,22.52,8.06,72.20,43.75,58.87,8.09
378.96,39.86,20.08,22.52,8.06,72.41,43.66,58.72,8.09
378.97,39.86,20.08,22.52,8.06,72.41,43.75,58.42,8.09
378.98,39.86,20.08,22.52,8.07,72.20,43.66,58.72,8.09
378.99,39.94,20.08,22.52,8.06,72.41,43.66,58.72,8.08
379.00,39.86,20.08,22.52,8.06,72.20,43.75,58.57,8.09
379.01,39.86,20.05,22.52,8.06,72.20,43.66,58.72,8.09
379.02,39.86,20.08,22.52,8.06,72.20,43.75,58.72,8.09
379.03,39.86,20.08,22.52,8.06,72.20,43.56,58.72,8.08
379.04,39.86,20.08,22.52,8.07,72.41,43.75,58.72,8.09
379.05,39.86,20.08,22.52,8.06,72.20,43.56,58.72,8.09
379.06,39.86,20.11,22.52,8.06,72.41,43.66,58.72,8.09
379.07,39.86,20.08,22.49,8.07,72.41,43.66,58.72,8.09
379.08,39.86,20.08,22.56,8.07,72.20,43.66,58.72,8.09
379.09,39.86,20.08,22.56,8.06,72.20,43.56,58.72,8.09
379.10,39.86,20.08,22.56,8.07,72.20,43.66,58.72,8.09
379.11,39.86,20.08,22.52,8.07,72.20,43.66,58.72,8.09
379.12,39.86,20.08,22.52,8.07,72.20,43.66,58.72,8.08
379.13,39.86,20.08,22.52,8.06,72.20,43.66,58.72,8.09
379.14,39.86,20.08,22.52,8.06,72.41,43.75,58.72,8.09
379.15,39.94,20.05,22.52,8.06,72.20,43.75,58.87,8.09
379.16,39.86,20.08,22.49,8.07,72.20,43.66,58.72,8.10
379.17,39.86,20.05,22.56,8.07,72.41,43.66,58.72,8.08
379.18,39.86,20.08,22.52,8.06,72.41,43.75,58.57,8.08
379.19,39.86,20.08,22.52,8.06,72.20,43.75,58.72,8.08
379.20,39.86,20.05,22.52,8.07,72.41,43.66,58.72,8.08
379.21,39.86,20.08,22.52,8.07,72.20,43.75,58.72,8.09
379.22,39.86,20.08,22.52,8.06,72.41,43.56,58.72,8.08
379.23,39.86,20.08,22.52,8.06,72.20,43.66,58.57,8.09
379.24,39.94,20.11,22.52,8.06,72.41,43.84,58.72,8.09
379.25,39.86,20.08,22.52,8.06,72.20,43.66,58.72,8.08
379.26,39.86,20.08,22.52,8.06,72.20,43.66,58.72,8.09
379.27,39.86,20.08,22.56,8.06,72.20,43.66,58.57,8.10
379.28,39.86,20.08,22.52,8.07,72.41,43.66,58.72,8.09
379.29,39.86,20.08,22.52,8.07,72.20,43.75,58.72,8.09
379.30,39.86,20.08,22.52,8.07,72.20,43.66,58.72,8.09
379.31,39.86,20.08,22.52,8.06,72.20,43.56,58.72,8.09
379.32,39.86,20.08,22.52,8.06,72.20,43.75,58.72,8.09
379.33,39.86,20.08,22.52,8.06,72.20,43.75,58.72,8.09
379.34,39.86,20.08,22.52,8.06,72.20,43.66,58.57,8.09
379.35,39.86,20.11,22.52,8.07,72.20,43.75,58.72,8.09
379.36,39.86,20.08,22.52,8.07,72.20,43.56,58.72,8.09
379.37,39.86,20.08,22.52,8.06,72.41,43.66,58.72,8.09
379.38,39.86,20.11,22.52,8.06,72.41,43.66,58.72,8.09
379.39,39.94,20.08,22.52,8.07,72.41,43.66,58.87,8.09
379.40,39.86,20.05,22.52,8.06,72.20,43.75,58.57,8.09
379.41,39.86,20.08,22.52,8.07,72.41,43.66,58.72,8.10
379.42,39.86,20.08,22.56,8.06,72.20,43.66,58.72,8.10
379.43,39.86,20.08,22.52,8.06,72.41,43.75,58.57,8.09
379.44,39.86,20.08,22.52,8.06,72.41,43.66,58.72,8.09
379.45,39.86,20.08,22.52,8.07,72.41,43.66,58.72,8.09
379.46,39.86,20.08,22.52,8.06,72.41,43.66,58.72,8.09
379.47,39.86,20.08,22.52,8.07,72.20,43.66,58.72,8.09
379.48,39.94,20.08,22.52,8.07,72.20,43.66,58.72,8.08
379.49,39.86,20.08,22.56,8.06,72.20,43.66,58.72,8.08
379.50,39.94,20.11,22.56,8.07,72.20,43.66,58.72,8.09
379.51,39.86,20.08,22.56,8.08,72.20,43.75,58.72,8.09
379.52,39.86,20.08,22.52,8.06,72.41,43.75,58.72,8.09
379.53,39.86,20.08,22.52,8.06,72.20,43.66,58.72,8.09
379.54,39.86,20.08,22.52,8.07,72.41,43.75,58.72,8.09
379.55,39.86,20.11,22.49,8.06,72.41,43.66,58.72,8.09
379.56,39.86,20.08,22.52,8.06,72.20,43.66,58.72,8.09
379.57,39.86,20.08,22.52,8.06,72.41,43.75,58.72,8.09
379.58,39.86,20.08,22.56,8.07,72.20,43.66,58.72,8.10
379.59,39.86,20.08,22.56,8.07,72.20,43.75,58.72,8.09
379.60,39.86,20.08,22.52,8.06,72.41,43.75,58.72,8.09
379.61,39.86,20.11,22.52,8.06,72.41,43.66,58.72,8.09
379.62,39.86,20.08,22.56,8.06,72.20,43.66,58.72,8.09
379.63,39.86,20.08,22.52,8.07,72.20,43.66,58.72,8.10
379.64,39.86,20.11,22.52,8.08,72.41,43.66,58.72,8.09
379.65,39.86,20.08,22.52,8.06,72.20,43.66,58.72,8.09
379.66,39.86,20.08,22.56,8.07,72.41,43.75,58.72,8.09
379.67,39.86,20.05,22.52,8.07,72.41,43.66,58.72,8.10
379.68,39.78,20.11,22.52,8.07,72.20,43.66,58.72,8.09
379.69,39.94,20.05,22.52,8.06,72.20,43.66,58.72,8.10
379.70,39.94,20.08,22.52,8.08,72.20,43.66,58.72,8.09
379.71,39.86,20.08,22.56,8.07,72.20,43.66,58.72,8.08
379.72,39.86,20.05,22.56,8.07,72.20,43.66,58.72,8.09
379.73,39.86,20.11,22.56,8.07,72.20,43.66,58.57,8.09
379.74,39.94,20.08,22.52,8.07,72.20,43.66,58.72,8.09
379.75,39.94,20.08,22.52,8.07,72.41,43.66,58.72,8.09
379.76,39.94,20.08,22.52,8.07,72.20,43.75,58.72,8.10
379.77,39.86,20.11,22.56,8.06,72.20,43.66,58.72,8.09
379.78,39.94,20.08,22.52,8.06,72.20,43.66,58.72,8.09
379.79,39.86,20.05,22.56,8.07,72.20,43.75,58.72,8.09
379.80,39.86,20.08,22.52,8.06,72.41,43.66,58.72,8.09
379.81,39.94,20.08,22.52,8.07,72.41,43.75,58.72,8.09
379.82,39.94,20.08,22.52,8.07,72.41,43.66,58.72,8.09
379.83,39.94,20.08,22.52,8.07,72.41,43.75,58.72,8.10
379.84,39.86,20.08,22.52,8.07,72.41,43.56,58.72,8.09
379.85,39.86,20.11,22.52,8.07,72.41,43.75,58.72,8.09
379.86,39.86,20.08,22.56,8.07,72.41,43.84,58.72,8.10
379.87,39.94,20.08,22.52,8.06,72.41,43.56,58.72,8.09
379.88,39.86,20.05,22.52,8.06,72.20,43.66,58.72,8.09
379.89,39.86,20.11,22.52,8.07,72.41,43.66,58.72,8.10
379.90,39.86,20.08,22.52,8.07,72.20,43.75,58.72,8.09
379.91,39.86,20.08,22.52,8.08,72.41,43.66,58.72,8.09
379.92,39.86,20.08,22.56,8.07,72.20,43.75,58.72,8.09
379.93,39.94,20.08,22.52,8.08,72.41,43.75,58.72,8.08
379.94,39.86,20.11,22.52,8.07,72.41,43.66,58.72,8.09
379.95,39.86,20.08,22.52,8.07,72.41,43.75,58.72,8.08
379.96,39.94,20.08,22.56,8.07,72.20,43.75,58.72,8.10
379.97,39.86,20.11,22.52,8.06,72.41,43.75,58.72,8.09
379.98,39.94,20.08,22.52,8.07,72.20,43.75,58.72,8.09
379.99,39.94,20.08,22.52,8.08,72.20,43.75,58.72,8.09
380.00,39.78,20.08,22.52,8.07,72.20,43.75,58.72,8.10
380.01,39.86,20.08,22.52,8.08,72.41,43.75,58.72,8.09
380.02,39.94,20.08,22.52,8.07,72.20,43.66,58.72,8.09
380.03,39.86,20.08,22.52,8.07,72.20,43.66,58.72,8.09
380.04,39.86,20.08,22.52,8.06,72.41,43.75,58.72,8.10
380.05,39.86,20.08,22.56,8.06,72.20,43.75,58.57,8.10
380.06,39.94,20.08,22.52,8.07,72.41,43.75,58.72,8.09
380.07,39.86,20.08,22.52,8.08,72.63,43.75,58.72,8.10
380.08,39.94,20.08,22.52,8.08,72.41,43.75,58.72,8.09
380.09,39.86,20.08,22.52,8.08,72.20,43.66,58.72,8.09
380.10,39.86,20.08,22.52,8.06,72.41,43.75,58.72,8.09
380.11,39.86,20.11,22.56,8.07,72.20,43.75,58.72,8.09
380.12,39.86,20.08,22.52,8.07,72.41,43.66,58.72,8.08
380.13,39.86,20.08,22.52,8.07,72.41,43.66,58.87,8.09
380.14,39.86,20.08,22.52,8.06,72.41,43.75,58.72,8.09
380.15,39.86,20.11,22.52,8.06,72.41,43.75,58.72,8.09
380.16,39.86,20.08,22.56,8.07,72.41,43.66,58.72,8.09
380.17,39.94,20.08,22.56,8.07,72.20,43.75,58.72,8.09
380.18,39.86,20.08,22.56,8.06,72.41,43.75,58.72,8.09
380.19,39.94,20.08,22.56,8.07,72.41,43.75,58.72,8.09
380.20,39.86,20.08,22.56,8.07,72.41,43.66,58.72,8.09
380.21,39.86,20.08,22.52,8.07,72.41,43.75,58.87,8.09
380.22,39.86,20.08,22.56,8.06,72.20,43.75,58.72,8.10
380.23,39.86,20.11,22.52,8.07,72.41,43.66,58.72,8.10
380.24,39.94,20.08,22.52,8.07,72.41,43.66,58.72,8.09
380.25,39.94,20.11,22.56,8.07,72.41,43.75,58.72,8.10
380.26,39.94,20.11,22.56,8.07,72.41,43.75,58.72,8.09
380.27,39.86,20.08,22.56,8.07,72.41,43.75,58.72,8.09
380.28,39.86,20.11,22.52,8.06,72.41,43.75,58.72,8.09
380.29,39.94,20.11,22.56,8.06,72.41,43.75,58.72,8.10
380.30,39.86,20.11,22.52,8.08,72.41,43.75,58.72,8.09
380.31,39.86,20.08,22.52,8.07,72.20,43.66,58.87,8.09
380.32,39.86,20.08,22.52,8.08,72.41,43.75,58.72,8.08
380.33,39.86,20.08,22.52,8.06,72.41,43.66,58.72,8.09
380.34,39.86,20.11,22.56,8.08,72.41,43.75,58.72,8.10
380.35,39.86,20.08,22.56,8.06,72.41,43.75,58.87,8.09
380.36,39.86,20.08,22.56,8.07,72.41,43.75,58.72,8.09
380.37,39.86,20.11,22.52,8.07,72.41,43.75,58.72,8.09
380.38,39.86,20.08,22.52,8.07,72.41,43.75,58.72,8.09
380.39,39.94,20.11,22.56,8.07,72.41,43.75,58.72,8.10
380.40,39.94,20.08,22.52,8.06,72.20,43.75,58.72,8.09
380.41,39.86,20.11,22.52,8.06,72.41,43.75,58.72,8.11
380.42,39.94,20.11,22.56,8.08,72.41,43.66,58.57,8.09
380.43,39.86,20.11,22.52,8.07,72.41,43.75,58.72,8.10
380.44,39.94,20.08,22.56,8.07,72.20,43.75,58.72,8.09
380.45,39.86,20.08,22.56,8.07,72.20,43.75,58.72,8.09
380.46,39.86,20.11,22.56,8.06,72.20,43.66,58.72,8.09
380.47,39.86,20.11,22.56,8.07,72.20,43.66,58.72,8.10
380.48,39.86,20.08,22.52,8.07,72.20,43.75,58.72,8.09
380.49,39.86,20.11,22.52,8.07,72.41,43.75,58.72,8.09
380.50,39.86,20.08,22.56,8.07,72.41,43.75,58.72,8.09
380.51,39.86,20.11,22.56,8.07,72.41,43.75,58.72,8.10
380.52,39.94,20.11,22.52,8.08,72.20,43.75,58.87,8.10
380.53,39.86,20.08,22.56,8.07,72.41,43.66,58.72,8.09
380.54,39.86,20.08,22.56,8.07,72.20,43.75,58.72,8.09
380.55,39.86,20.08,22.56,8.07,72.41,43.75,58.72,8.08
380.56,39.94,20.11,22.56,8.07,72.41,43.75,58.72,8.08
380.57,39.94,20.08,22.56,8.07,72.20,43.75,58.72,8.09
380.58,39.94,20.08,22.56,8.06,72.20,43.75,58.72,8.09
380.59,39.86,20.08,22.56,8.07,72.41,43.75,58.72,8.09
380.60,39.94,20.08,22.52,8.07,72.41,43.75,58.72,8.09
380.61,39.86,20.11,22.52,8.08,72.41,43.66,58.72,8.10
380.62,39.86,20.08,22.56,8.07,72.20,43.75,58.72,8.09
380.63,39.86,20.11,22.56,8.07,72.41,43.66,58.72,8.09
380.64,39.94,20.08,22.56,8.08,72.41,43.75,58.72,8.09
380.65,39.94,20.08,22.56,8.06,72.41,43.75,58.72,8.09
380.66,39.86,20.11,22.56,8.08,72.20,43.75,58.72,8.09
380.67,39.86,20.11,22.56,8.07,72.41,43.75,58.72,8.10
380.68,39.94,20.11,22.52,8.07,72.41,43.75,58.72,8.09
380.69,39.86,20.11,22.56,8.06,72.20,43.75,58.72,8.09
380.70,39.94,20.08,22.56,8.07,72.41,43.75,58.72,8.09
380.71,39.86,20.08,22.52,8.08,72.41,43.75,58.72,8.09
380.72,39.94,20.11,22.56,8.06,72.41,43.75,58.72,8.09
380.73,39.94,20.08,22.52,8.08,72.41,43.75,58.72,8.08
380.74,39.94,20.11,22.52,8.07,72.20,43.75,58.72,8.10
380.75,39.86,20.11,22.52,8.08,72.20,43.75,58.72,8.09
380.76,39.86,20.08,22.52,8.07,72.20,43.66,58.72,8.09
380.77,39.94,20.08,22.56,8.07,72.41,43.66,58.72,8.09
380.78,39.94,20.08,22.52,8.07,72.20,43.75,58.72,8.09
380.79,39.94,20.08,22.52,8.06,72.41,43.75,58.72,8.10
380.80,39.94,20.08,22.52,8.06,72.41,43.66,58.72,8.09
380.81,39.86,20.11,22.52,8.07,72.41,43.75,58.72,8.09
380.82,39.94,20.08,22.52,8.07,72.41,43.75,58.72,8.09
380.83,39.86,20.08,22.52,8.07,72.20,43.75,58.72,8.09
380.84,39.94,20.11,22.56,8.07,72.41,43.66,58.72,8.08
380.85,39.86,20.08,22.52,8.07,72.20,43.75,58.72,8.08
380.86,39.94,20.08,22.52,8.07,72.41,43.75,58.72,8.09
380.87,39.94,20.08,22.52,8.07,72.41,43.75,58.72,8.10
380.88,39.94,20.08,22.52,8.07,72.41,43.75,58.72,8.10
380.89,39.86,20.11,22.52,8.06,72.20,43.75,58.72,8.10
380.90,39.86,20.11,22.52,8.06,72.41,43.75,58.72,8.09
380.91,39.94,20.05,22.56,8.06,72.41,43.75,58.72,8.11
380.92,39.94,20.08,22.52,8.07,72.41,43.75,58.72,8.09
380.93,39.94,20.08,22.56,8.07,72.20,43.75,58.72,8.10
380.94,39.94,20.11,22.56,8.07,72.41,43.66,58.72,8.09
380.95,39.86,20.08,22.52,8.07,72.41,43.75,58.72,8.09
380.96,39.86,20.08,22.52,8.07,72.41,43.75,58.72,8.09
380.97,39.86,20.11,22.56,8.06,72.41,43.66,58.72,8.09
380.98,39.94,20.08,22.56,8.07,72.41,43.75,58.72,8.08
380.99,39.94,20.11,22.52,8.06,72.20,43.75,58.72,8.09
381.00,39.86,20.11,22.56,8.06,72.41,43.66,58.72,8.10
381.01,39.86,20.11,22.52,8.07,72.20,43.75,58.72,8.09
381.02,39.86,20.11,22.52,8.08,72.41,43.75,58.72,8.08
381.03,39.86,20.08,22.52,8.07,72.41,43.75,58.72,8.10
381.04,39.86,20.08,22.52,8.06,72.41,43.75,58.72,8.10
381.05,39.94,20.11,22.52,8.08,72.41,43.56,58.72,8.09
381.06,39.86,20.08,22.56,8.07,72.20,43.84,58.72,8.08
381.07,39.86,20.08,22.56,8.08,72.20,43.75,58.72,8.09
381.08,39.94,20.11,22.52,8.07,72.41,43.84,58.57,8.10
381.09,39.94,20.08,22.56,8.07,72.41,43.75,58.72,8.09
381.10,39.86,20.08,22.52,8.08,72.41,43.75,58.87,8.08
381.11,39.86,20.11,22.52,8.08,72.41,43.75,58.87,8.09
381.12,39.86,20.08,22.56,8.08,72.41,43.75,58.72,8.09
381.13,39.86,20.08,22.56,8.07,72.20,43.66,58.72,8.09
381.14,39.94,20.08,22.52,8.07,72.41,43.66,58.72,8.09
381.15,39.86,20.08,22.52,8.06,72.41,43.75,58.72,8.09
381.16,39.94,20.08,22.52,8.08,72.41,43.66,58.72,8.09
381.17,40.02,20.11,22.52,8.07,72.41,43.66,58.72,8.09
381.18,39.78,20.11,22.52,8.08,72.20,43.75,58.72,8.09
381.19,39.94,20.08,22.56,8.07,72.41,43.75,58.72,8.10
381.20,39.86,20.08,22.52,8.07,72.41,43.66,58.72,8.09
381.21,39.94,20.08,22.52,8.07,72.20,43.66,58.72,8.09
381.22,39.86,20.11,22.56,8.07,72.41,43.66,58.72,8.09
381.23,39.94,20.08,22.56,8.07,72.20,43.66,58.72,8.10
381.24,39.94,20.11,22.52,8.06,72.20,43.75,58.72,8.10
381.25,39.86,20.11,22.52,8.06,72.63,43.75,58.72,8.09
381.26,39.86,20.08,22.56,8.07,72.20,43.75,58.72,8.11
381.27,39.86,20.08,22.52,8.07,72.41,43.75,58.72,8.10
381.28,39.86,20.08,22.56,8.07,72.41,43.75,58.72,8.10
381.29,39.86,20.11,22.52,8.06,72.41,43.66,58.72,8.09
381.30,39.94,20.08,22.56,8.06,72.20,43.75,58.72,8.08
381.31,39.86,20.08,22.52,8.07,72.41,43.75,58.72,8.09
381.32,39.94,20.08,22.52,8.07,72.41,43.75,58.72,8.09
381.33,39.86,20.08,22.52,8.07,72.41,43.66,58.72,8.09
381.34,39.86,20.11,22.56,8.07,72.20,43.66,58.72,8.09
381.35,39.94,20.11,22.52,8.07,72.20,43.75,58.72,8.09
381.36,39.94,20.08,22.56,8.07,72.41,43.75,58.72,8.09
381.37,39.86,20.08,22.52,8.07,72.20,43.75,58.72,8.09
381.38,39.86,20.08,22.52,8.07,72.41,43.75,58.72,8.09
381.39,39.86,20.08,22.52,8.06,72.20,43.75,58.72,8.09
381.40,39.86,20.11,22.52,8.07,72.20,43.66,58.72,8.10
381.41,39.94,20.11,22.52,8.07,72.20,43.66,58.72,8.09
381.42,39.94,20.11,22.52,8.06,72.20,43.75,58.72,8.09
381.43,39.86,20.08,22.52,8.07,72.41,43.75,58.72,8.09
381.44,39.86,20.11,22.52,8.06,72.41,43.75,58.72,8.10
381.45,39.94,20.08,22.56,8.07,72.41,43.66,58.72,8.09
381.46,39.94,20.08,22.52,8.07,72.41,43.75,58.57,8.09
381.47,39.86,20.08,22.56,8.07,72.41,43.75,58.72,8.10
381.48,39.86,20.11,22.56,8.07,72.41,43.75,58.72,8.09
381.49,39.86,20.11,22.56,8.07,72.41,43.75,58.72,8.10
381.50,39.86,20.08,22.52,8.06,72.20,43.84,58.72,8.10
381.51,39.86,20.08,22.52,8.07,72.41,43.66,58.72,8.10
381.52,39.86,20.08,22.52,8.08,72.41,43.75,58.72,8.09
381.53,39.86,20.08,22.56,8.07,72.20,43.75,58.72,8.09
381.54,39.86,20.08,22.56,8.07,72.20,43.66,58.72,8.09
381.55,39.86,20.08,22.52,8.06,72.41,43.75,58.72,8.09
381.56,39.86,20.08,22.56,8.07,72.41,43.75,58.72,8.09
381.57,39.86,20.08,22.52,8.06,72.20,43.66,58.72,8.09
381.58,39.86,20.11,22.56,8.07,72.20,43.75,58.57,8.11
381.59,39.94,20.08,22.52,8.07,72.41,43.75,58.72,8.09
381.60,39.86,20.05,22.56,8.06,72.20,43.75,58.72,8.09
381.61,39.86,20.08,22.56,8.06,72.20,43.75,58.72,8.09
381.62,39.94,20.08,22.52,8.08,72.41,43.75,58.72,8.09
381.63,39.86,20.08,22.56,8.07,72.20,43.66,58.72,8.10
381.64,39.86,20.11,22.52,8.07,72.41,43.66,58.72,8.09
381.65,39.86,20.08,22.56,8.08,72.41,43.84,58.87,8.10
381.66,39.86,20.11,22.52,8.06,72.20,43.66,58.72,8.09
381.67,39.86,20.08,22.52,8.07,72.41,43.75,58.72,8.09
381.68,39.86,20.08,22.49,8.06,72.41,43.66,58.72,8.09
381.69,39.78,20.11,22.56,8.06,72.20,43.66,58.72,8.09
381.70,39.86,20.08,22.52,8.07,72.41,43.75,58.72,8.09
381.71,39.86,20.08,22.56,8.06,72.20,43.75,58.72,8.09
381.72,39.86,20.11,22.52,8.06,72.20,43.56,58.72,8.09
381.73,39.94,20.11,22.52,8.08,72.41,43.66,58.72,8.09
381.74,39.86,20.08,22.52,8.07,72.20,43.66,58.72,8.09
381.75,39.86,20.08,22.52,8.07,72.41,43.66,58.72,8.09
381.76,39.86,20.08,22.52,8.08,72.41,43.75,58.72,8.09
381.77,39.86,20.11,22.56,8.07,72.41,43.66,58.72,8.09
381.78,39.86,20.05,22.52,8.08,72.41,43.75,58.72,8.08
381.79,39.86,20.08,22.52,8.07,72.20,43.66,58.72,8.10
381.80,39.86,20.11,22.52,8.07,72.41,43.66,58.72,8.09
381.81,39.86,20.08,22.52,8.07,72.41,43.66,58.72,8.10
381.82,39.86,20.08,22.56,8.07,72.20,43.66,58.72,8.09
381.83,39.86,20.11,22.52,8.06,72.20,43.75,58.72,8.09
381.84,39.86,20.08,22.56,8.06,72.41,43.75,58.72,8.08
381.85,39.86,20.08,22.52,8.07,72.20,43.56,58.72,8.09
381.86,39.86,20.05,22.52,8.08,72.20,43.75,58.72,8.09
381.87,39.86,20.08,22.52,8.06,72.20,43.66,58.72,8.09
381.88,39.86,20.08,22.56,8.07,72.20,43.75,58.72,8.09
381.89,39.86,20.05,22.52,8.07,72.20,43.75,58.72,8.09
381.90,39.86,20.08,22.52,8.07,72.20,43.75,58.72,8.10
381.91,39.86,20.08,22.56,8.06,72.41,43.75,58.72,8.09
381.92,39.86,20.08,22.52,8.07,72.20,43.66,58.72,8.09
381.93,39.86,20.08,22.52,8.06,72.20,43.75,58.72,8.09
381.94,39.86,20.08,22.52,8.07,72.20,43.75,58.72,8.09
381.95,39.86,20.05,22.52,8.08,72.20,43.75,58.72,8.09
381.96,39.94,20.08,22.52,8.06,72.20,43.66,58.72,8.09
381.97,39.86,20.08,22.52,8.07,72.20,43.66,58.72,8.10
381.98,39.94,20.08,22.52,8.06,72.20,43.66,58.72,8.09
381.99,39.86,20.08,22.56,8.07,72.41,43.66,58.72,8.09
382.00,39.86,20.08,22.52,8.07,72.41,43.66,58.72,8.09
382.01,39.86,20.08,22.52,8.06,72.41,43.66,58.72,8.09
382.02,39.86,20.08,22.52,8.06,72.20,43.66,58.72,8.10
382.03,39.86,20.08,22.52,8.07,72.41,43.75,58.72,8.09
382.04,39.94,20.08,22.52,8.06,72.41,43.75,58.72,8.08
382.05,39.86,20.08,22.52,8.07,72.41,43.66,58.72,8.09
382.06,39.86,20.11,22.52,8.07,72.41,43.66,58.72,8.09
382.07,39.86,20.08,22.52,8.08,72.20,43.75,58.72,8.09
382.08,39.86,20.08,22.52,8.06,72.20,43.66,58.72,8.09
382.09,39.86,20.08,22.49,8.07,72.20,43.75,58.72,8.09
382.10,39.86,20.05,22.52,8.06,72.41,43.75,58.57,8.09
382.11,39.86,20.05,22.52,8.06,72.20,43.66,58.72,8.09
382.12,39.86,20.08,22.52,8.07,72.41,43.75,58.72,8.09
382.13,39.86,20.11,22.52,8.07,72.41,43.66,58.87,8.08
382.14,39.86,20.02,22.52,8.06,72.41,43.75,58.72,8.09
382.15,39.86,20.08,22.52,8.06,72.41,43.66,58.72,8.09
382.16,39.86,20.08,22.52,8.08,72.20,43.75,58.72,8.08
382.17,39.86,20.08,22.52,8.06,72.20,43.75,58.72,8.10
382.18,39.86,20.08,22.52,8.06,72.20,43.66,58.72,8.09
382.19,39.86,20.11,22.52,8.06,72.41,43.75,58.72,8.09
382.20,39.86,20.08,22.52,8.06,72.20,43.66,58.72,8.09
382.21,39.86,20.11,22.52,8.06,72.41,43.75,58.72,8.08
382.22,39.86,20.11,22.52,8.07,72.20,43.75,58.72,8.09
382.23,39.86,20.05,22.52,8.07,72.20,43.66,58.72,8.09
382.24,39.86,20.08,22.52,8.06,72.41,43.66,58.72,8.09
382.25,39.86,20.08,22.52,8.07,72.20,43.66,58.72,8.09
382.26,39.86,20.08,22.56,8.08,72.20,43.75,58.72,8.09
382.27,39.86,20.08,22.52,8.06,72.20,43.75,58.87,8.09
382.28,39.86,20.08,22.52,8.06,72.41,43.75,58.72,8.09
382.29,39.86,20.11,22.52,8.07,72.20,43.75,58.72,8.09
382.30,39.86,20.08,22.49,8.06,72.20,43.66,58.72,8.09
382.31,39.86,20.08,22.52,8.08,72.41,43.66,58.72,8.09
382.32,39.86,20.11,22.52,8.07,72.41,43.75,58.72,8.09
382.33,39.86,20.08,22.49,8.07,72.20,43.75,58.72,8.08
382.34,39.78,20.08,22.52,8.07,72.20,43.66,58.72,8.08
382.35,39.86,20.08,22.52,8.06,72.41,43.75,58.72,8.09
382.36,39.78,20.08,22.49,8.06,72.20,43.66,58.72,8.09
382.37,39.86,20.08,22.52,8.06,72.41,43.66,58.72,8.09
382.38,39.86,20.08,22.56,8.06,72.41,43.66,58.72,8.10
382.39,39.86,20.08,22.52,8.07,72.20,43.66,58.57,8.09
382.40,39.86,20.08,22.56,8.07,72.20,43.66,58.72,8.10
382.41,39.86,20.08,22.52,8.06,72.41,43.75,58.72,8.09
382.42,39.86,20.08,22.52,8.07,71.98,43.66,58.72,8.09
382.44,39.86,20.08,22.52,8.06,72.41,43.66,58.72,8.08
382.45,39.86,20.08,22.52,8.07,72.41,43.75,58.72,8.09
382.46,39.86,20.05,22.52,8.07,72.20,43.66,58.72,8.09
382.47,39.86,20.08,22.52,8.06,72.20,43.66,58.72,8.08
382.48,39.78,20.08,22.52,8.06,72.20,43.66,58.87,8.09
382.49,39.86,20.08,22.52,8.07,72.41,43.66,58.57,8.09
382.50,39.86,20.08,22.52,8.08,72.20,43.66,58.72,8.10
382.51,39.86,20.08,22.52,8.07,72.20,43.75,59.02,8.09
382.52,39.86,20.08,22.52,8.08,72.20,43.66,58.57,8.10
382.53,39.86,20.11,22.52,8.07,72.41,43.66,58.72,8.09
382.54,39.86,20.08,22.52,8.08,72.20,43.66,58.72,8.09
382.55,39.86,20.08,22.52,8.06,72.41,43.75,58.57,8.09
382.56,39.86,20.08,22.52,8.07,72.41,43.75,58.72,8.09
382.57,39.86,20.11,22.49,8.06,72.41,43.75,58.72,8.10
382.58,39.94,20.08,22.52,8.07,72.20,43.66,58.57,8.09
382.59,39.86,20.08,22.52,8.06,72.20,43.75,58.72,8.09
382.60,39.86,20.08,22.52,8.07,72.41,43.75,58.72,8.09
382.61,39.86,20.08,22.52,8.07,72.20,43.66,58.72,8.09
382.62,39.86,20.08,22.52,8.07,72.41,43.75,58.72,8.09
382.63,39.86,20.05,22.52,8.07,72.41,43.75,58.72,8.09
382.64,39.78,20.08,22.52,8.07,72.20,43.75,58.72,8.10
382.65,39.86,20.08,22.52,8.07,72.20,43.66,58.72,8.10
382.66,39.86,20.08,22.52,8.08,72.20,43.66,58.72,8.10
382.67,39.86,20.08,22.52,8.06,72.20,43.75,58.72,8.09
382.68,39.86,20.08,22.52,8.06,72.20,43.75,58.72,8.09
382.69,39.86,20.08,22.52,8.07,72.20,43.66,58.72,8.09
382.70,39.86,20.05,22.49,8.06,72.41,43.66,58.72,8.09
382.71,39.86,20.05,22.49,8.06,72.20,43.56,58.72,8.09
382.72,39.78,20.08,22.52,8.07,72.41,43.75,58.72,8.09
382.73,39.86,20.08,22.52,8.06,72.41,43.66,58.72,8.08
382.74,39.86,20.11,22.49,8.06,72.20,43.75,58.72,8.10
382.75,39.86,20.08,22.52,8.07,72.41,43.66,58.72,8.09
382.76,39.86,20.08,22.52,8.06,72.41,43.66,58.72,8.10
382.77,39.78,20.08,22.52,8.06,72.20,43.84,58.72,8.09
382.78,39.86,20.08,22.52,8.07,72.20,43.66,58.72,8.09
382.79,39.94,20.08,22.56,8.07,72.41,43.66,58.57,8.09
382.80,39.86,20.08,22.52,8.07,72.20,43.66,58.72,8.10
382.81,39.86,20.05,22.52,8.06,72.20,43.75,58.72,8.08
382.82,39.86,20.08,22.52,8.06,72.20,43.66,58.57,8.09
382.83,39.86,20.08,22.52,8.06,72.20,43.75,58.72,8.10
382.84,39.86,20.08,22.52,8.06,72.20,43.56,58.72,8.08
382.85,39.86,20.08,22.52,8.06,72.20,43.75,58.72,8.09
382.86,39.78,20.05,22.52,8.07,72.41,43.66,58.72,8.09
382.87,39.86,20.08,22.52,8.06,72.20,43.66,58.72,8.09
382.88,39.86,20.08,22.52,8.07,72.20,43.75,58.57,8.09
382.89,39.86,20.08,22.52,8.07,72.20,43.75,58.72,8.09
382.90,39.86,20.05,22.52,8.06,72.20,43.66,58.72,8.09
382.91,39.86,20.08,22.52,8.06,72.20,43.75,58.72,8.09
382.92,39.86,20.05,22.52,8.07,72.41,43.66,58.72,8.09
382.93,39.86,20.08,22.52,8.07,72.20,43.66,58.72,8.08
382.94,39.86,20.05,22.52,8.07,72.20,43.75,58.72,8.09
382.95,39.86,20.08,22.52,8.06,72.20,43.56,58.87,8.09
382.96,39.86,20.05,22.52,8.06,72.20,43.66,58.72,8.09
382.97,39.86,20.08,22.52,8.06,72.20,43.75,58.72,8.09
382.98,39.86,20.05,22.52,8.07,72.20,43.75,58.57,8.09
382.99,39.86,20.05,22.49,8.07,72.20,43.75,58.72,8.09
383.00,39.86,20.05,22.52,8.07,72.41,43.66,58.72,8.09
383.01,39.86,20.08,22.56,8.06,72.20,43.66,58.72,8.08
383.02,39.86,20.05,22.52,8.07,72.20,43.75,58.57,8.09
383.03,39.78,20.05,22.52,8.08,72.20,43.56,58.72,8.09
383.04,39.86,20.08,22.52,8.07,72.41,43.75,58.72,8.08
383.05,39.86,20.05,22.52,8.08,72.41,43.66,58.72,8.08
383.06,39.86,20.05,22.52,8.06,72.41,43.66,58.72,8.08
383.07,39.86,20.05,22.52,8.06,72.41,43.75,58.57,8.09
383.08,39.86,20.08,22.52,8.06,72.20,43.56,58.57,8.10
383.09,39.86,20.05,22.52,8.06,72.20,43.66,58.57,8.09
383.10,39.86,20.08,22.52,8.06,72.20,43.75,58.57,8.09
383.11,39.86,20.08,22.52,8.06,72.41,43.66,58.72,8.08
383.12,39.86,20.08,22.49,8.08,72.20,43.75,58.57,8.09
383.13,39.86,20.05,22.52,8.06,72.20,43.75,58.72,8.09
383.14,39.86,20.05,22.52,8.07,72.20,43.66,58.72,8.09
383.15,39.86,20.08,22.52,8.07,72.20,43.66,58.72,8.09
383.16,39.86,20.08,22.52,8.06,72.41,43.66,58.72,8.08
383.17,39.86,20.11,22.49,8.07,72.41,43.75,58.72,8.08
383.18,39.86,20.08,22.52,8.07,72.20,43.66,58.72,8.09
383.19,39.86,20.08,22.49,8.07,72.20,43.66,58.57,8.09
383.20,39.86,20.08,22.52,8.07,72.41,43.75,58.72,8.09
383.21,39.86,20.08,22.49,8.06,72.20,43.66,58.72,8.09
383.22,39.86,20.05,22.52,8.08,72.20,43.66,58.57,8.09
383.23,39.78,20.08,22.52,8.06,72.41,43.66,58.57,8.09
383.24,39.94,20.08,22.52,8.06,72.41,43.66,58.72,8.09
383.25,39.86,20.08,22.52,8.06,72.20,43.66,58.72,8.09
383.26,39.86,20.05,22.52,8.07,72.20,43.66,58.72,8.10
383.27,39.86,20.05,22.52,8.07,72.20,43.66,58.72,8.09
383.28,39.86,20.08,22.52,8.06,72.41,43.75,58.72,8.08
383.29,39.86,20.08,22.52,8.06,72.20,43.66,58.72,8.09
383.30,39.86,20.05,22.52,8.06,72.20,43.66,58.57,8.09
383.31,39.86,20.05,22.52,8.07,72.20,43.66,58.72,8.09
383.32,39.78,20.08,22.52,8.06,72.41,43.56,58.72,8.09
383.33,39.86,20.05,22.52,8.06,72.20,43.66,58.72,8.08
383.34,39.86,20.08,22.52,8.08,72.41,43.66,58.72,8.08
383.35,39.86,20.02,22.52,8.07,72.41,43.66,58.72,8.09
383.36,39.86,20.08,22.52,8.06,72.41,43.66,58.72,8.09
383.37,39.86,20.08,22.52,8.08,72.20,43.75,58.72,8.10
383.38,39.86,20.05,22.52,8.06,72.20,43.66,58.72,8.09
383.39,39.86,20.08,22.49,8.06,72.20,43.56,58.57,8.08
383.40,39.86,20.08,22.52,8.06,72.41,43.66,58.57,8.09
383.41,39.86,20.08,22.52,8.08,72.20,43.75,58.72,8.08
383.42,39.86,20.08,22.52,8.07,72.41,43.66,58.72,8.08
383.43,39.86,20.08,22.52,8.07,72.20,43.84,58.72,8.08
383.44,39.86,20.08,22.52,8.06,72.20,43.66,58.72,8.08
383.45,39.86,20.08,22.52,8.06,72.20,43.66,58.72,8.09
383.46,39.86,20.08,22.52,8.06,72.41,43.75,58.57,8.08
383.47,39.86,20.05,22.52,8.06,72.20,43.66,58.72,8.10
383.48,39.86,20.08,22.52,8.06,72.20,43.75,58.57,8.08
383.49,39.86,20.05,22.49,8.07,72.20,43.75,58.72,8.08
383.50,39.86,20.05,22.52,8.06,72.20,43.75,58.72,8.10
383.51,39.86,20.05,22.52,8.06,72.20,43.66,58.72,8.08
383.52,39.78,20.08,22.49,8.07,72.20,43.66,58.72,8.10
383.53,39.86,20.11,22.52,8.06,72.41,43.66,58.72,8.09
383.54,39.94,20.05,22.52,8.06,72.20,43.66,58.72,8.09
383.55,39.86,20.11,22.52,8.07,72.20,43.75,58.72,8.09
383.56,39.86,20.08,22.56,8.07,72.41,43.75,58.57,8.08
383.57,39.94,20.08,22.52,8.07,72.20,43.66,58.72,8.09
383.58,39.78,20.08,22.52,8.06,72.41,43.66,58.72,8.10
383.59,39.94,20.08,22.52,8.06,72.41,43.66,58.57,8.09
383.60,39.78,20.05,22.52,8.06,72.20,43.66,58.72,8.09
383.61,39.78,20.05,22.56,8.06,72.20,43.75,58.72,8.09
383.62,39.86,20.08,22.52,8.06,72.20,43.66,58.72,8.08
383.63,39.86,20.05,22.52,8.07,72.20,43.75,58.57,8.09
383.64,39.86,20.05,22.52,8.06,72.20,43.66,58.72,8.10
383.65,39.86,20.05,22.52,8.07,72.41,43.75,58.87,8.10
383.66,39.86,20.08,22.52,8.06,72.20,43.75,58.72,8.08
383.67,39.86,20.08,22.49,8.08,72.20,43.66,58.57,8.09
383.68,39.86,20.05,22.52,8.08,72.20,43.66,58.72,8.10
383.69,39.86,20.08,22.52,8.07,72.20,43.75,58.72,8.09
383.70,39.86,20.05,22.49,8.06,72.41,43.75,58.57,8.09
383.71,39.86,20.05,22.52,8.06,72.20,43.66,58.87,8.09
383.72,39.86,20.08,22.52,8.06,72.20,43.75,58.72,8.09
383.73,39.86,20.08,22.52,8.08,72.41,43.75,58.72,8.08
383.74,39.94,20.08,22.52,8.06,72.20,43.75,58.72,8.09
383.75,39.86,20.05,22.52,8.06,72.20,43.66,58.72,8.09
383.76,39.86,20.11,22.52,8.07,72.20,43.66,58.57,8.09
383.77,39.86,20.05,22.52,8.07,72.20,43.66,58.72,8.09
383.78,39.86,20.08,22.52,8.07,72.20,43.66,58.72,8.08
383.79,39.86,20.05,22.49,8.06,72.20,43.66,58.72,8.09
383.80,39.86,20.08,22.52,8.06,72.20,43.75,58.72,8.09
383.81,39.86,20.08,22.52,8.06,72.20,43.75,58.57,8.08
383.82,39.86,20.08,22.52,8.06,72.20,43.75,58.72,8.09
383.83,39.86,20.08,22.52,8.07,72.41,43.66,58.57,8.09
383.84,39.86,20.05,22.56,8.07,72.20,43.66,58.72,8.09
383.85,39.86,20.05,22.49,8.06,72.20,43.75,58.72,8.09
383.86,39.86,20.08,22.52,8.07,72.20,43.66,58.57,8.08
383.87,39.86,20.05,22.52,8.06,72.41,43.66,58.72,8.09
383.88,39.86,20.08,22.52,8.06,72.20,43.66,58.72,8.09
383.89,39.86,20.05,22.52,8.07,72.20,43.75,58.72,8.08
383.90,39.94,20.08,22.49,8.06,72.41,43.66,58.72,8.09
383.91,39.86,20.05,22.52,8.06,72.20,43.66,58.72,8.09
383.92,39.86,20.05,22.52,8.06,72.20,43.75,58.72,8.08
383.93,39.86,20.08,22.52,8.06,72.41,43.56,58.72,8.08
383.94,39.86,20.05,22.52,8.07,72.20,43.75,58.72,8.09
383.95,39.86,20.08,22.52,8.06,72.20,43.66,58.72,8.08
383.96,39.86,20.08,22.52,8.06,72.20,43.66,58.72,8.09
383.97,39.86,20.05,22.52,8.07,72.20,43.66,58.72,8.09
383.98,39.86,20.08,22.52,8.07,72.20,43.66,58.72,8.09
383.99,39.86,20.08,22.52,8.07,72.41,43.66,58.72,8.09
384.00,39.78,20.08,22.52,8.06,72.41,43.75,58.72,8.10
384.01,39.86,20.05,22.52,8.08,72.20,43.66,58.72,8.09
384.02,39.86,20.08,22.52,8.06,72.20,43.66,58.72,8.09
384.03,39.86,20.08,22.52,8.06,72.20,43.66,58.72,8.09
384.04,39.86,20.05,22.52,8.07,72.20,43.66,58.57,8.09
384.05,39.94,20.11,22.52,8.06,72.41,43.56,58.72,8.09
384.06,39.86,20.08,22.52,8.06,72.41,43.66,58.72,8.10
384.07,39.94,20.08,22.52,8.07,72.20,43.75,58.72,8.09
384.08,39.86,20.08,22.52,8.06,72.20,43.75,58.72,8.09
384.09,39.86,20.05,22.49,8.07,72.20,43.75,58.72,8.10
384.10,39.86,20.05,22.49,8.08,72.20,43.66,58.72,8.09
384.11,39.86,20.05,22.52,8.06,72.41,43.66,58.72,8.09
384.12,39.86,20.05,22.52,8.07,72.20,43.75,58.72,8.09
384.13,39.86,20.08,22.52,8.07,72.41,43.75,58.57,8.08
384.14,39.94,20.08,22.52,8.06,72.20,43.75,58.57,8.10
384.15,39.86,20.08,22.52,8.06,72.20,43.66,58.72,8.08
384.16,39.86,20.05,22.52,8.06,72.41,43.75,58.72,8.10
384.17,39.86,20.08,22.52,8.07,72.20,43.75,58.72,8.10
384.18,39.86,20.08,22.52,8.07,72.41,43.66,58.72,8.09
384.19,39.86,20.08,22.52,8.07,72.20,43.66,58.57,8.08
384.20,39.86,20.08,22.49,8.06,72.20,43.75,58.72,8.09
384.21,39.86,20.08,22.52,8.06,72.41,43.66,58.57,8.09
384.22,39.86,20.05,22.52,8.08,72.20,43.75,58.72,8.09
384.23,39.86,20.08,22.52,8.07,72.41,43.66,58.72,8.09
384.24,39.86,20.08,22.52,8.06,72.41,43.66,58.72,8.08
384.25,39.86,20.08,22.52,8.07,72.20,43.66,58.72,8.09
384.26,39.86,20.05,22.52,8.06,72.20,43.66,58.72,8.09
384.27,39.86,20.05,22.52,8.06,72.41,43.75,58.72,8.09
384.28,39.86,20.11,22.52,8.07,72.20,43.66,58.72,8.09
384.29,39.86,20.08,22.52,8.07,72.20,43.75,58.72,8.09
384.30,39.86,20.08,22.52,8.07,72.41,43.66,58.72,8.09
384.31,39.86,20.05,22.52,8.06,72.20,43.75,58.72,8.10
384.32,39.86,20.08,22.52,8.07,72.20,43.66,58.57,8.09
384.33,39.86,20.08,22.52,8.07,72.41,43.75,58.72,8.10
384.34,39.86,20.08,22.52,8.07,72.20,43.66,58.72,8.08
384.35,39.86,20.05,22.52,8.06,72.20,43.66,58.72,8.08
384.36,39.94,20.08,22.52,8.06,72.20,43.66,58.72,8.09
384.37,39.86,20.08,22.56,8.07,72.20,43.75,58.72,8.09
384.38,39.86,20.08,22.56,8.06,72.20,43.75,58.57,8.10
384.39,39.86,20.08,22.52,8.07,72.20,43.75,58.72,8.09
384.40,39.94,20.08,22.49,8.07,72.20,43.66,58.72,8.09
384.41,39.86,20.08,22.52,8.06,72.20,43.66,58.72,8.09
384.42,39.86,20.08,22.56,8.07,72.20,43.75,58.72,8.09
384.43,39.86,20.08,22.52,8.06,72.20,43.66,58.72,8.09
384.44,39.86,20.08,22.52,8.08,72.41,43.75,58.72,8.09
384.45,39.94,20.08,22.52,8.06,72.41,43.66,58.72,8.11
384.46,39.86,20.08,22.52,8.07,72.20,43.66,58.72,8.09
384.47,39.86,20.08,22.52,8.07,72.20,43.75,58.72,8.09
384.48,39.86,20.05,22.52,8.06,72.41,43.66,58.72,8.09
384.49,39.86,20.05,22.52,8.07,72.20,43.75,58.72,8.10
384.50,39.94,20.08,22.52,8.07,72.20,43.66,58.72,8.09
384.51,39.86,20.08,22.52,8.06,72.20,43.66,58.72,8.09
384.52,39.86,20.08,22.52,8.07,72.41,43.75,58.72,8.08
384.53,39.86,20.05,22.52,8.07,72.41,43.75,58.72,8.09
384.54,39.86,20.08,22.52,8.06,72.20,43.66,58.57,8.09
384.55,39.86,20.05,22.52,8.06,72.20,43.66,58.72,8.09
384.56,39.86,20.08,22.56,8.06,72.41,43.66,58.72,8.08
384.57,39.94,20.08,22.52,8.07,72.41,43.66,58.72,8.09
384.58,39.86,20.08,22.52,8.07,72.20,43.75,58.72,8.08
384.59,39.86,20.08,22.52,8.07,72.20,43.75,58.72,8.09
384.60,39.86,20.08,22.52,8.07,72.41,43.66,58.72,8.08
384.61,39.86,20.08,22.52,8.06,72.20,43.75,58.72,8.09
384.62,39.86,20.08,22.52,8.07,72.20,43.56,58.72,8.09
384.63,39.86,20.08,22.52,8.07,72.20,43.56,58.72,8.09
384.64,39.94,20.08,22.52,8.06,72.41,43.84,58.72,8.09
384.65,39.86,20.08,22.56,8.07,72.20,43.66,58.72,8.10
384.66,39.86,20.08,22.52,8.06,72.20,43.66,58.72,8.08
384.67,39.86,20.11,22.52,8.07,72.20,43.66,58.72,8.10
384.68,39.86,20.05,22.52,8.06,72.20,43.66,58.57,8.08
384.69,39.86,20.08,22.52,8.06,72.20,43.66,58.72,8.09
384.70,39.86,20.08,22.52,8.07,72.20,43.66,58.72,8.11
384.71,39.94,20.08,22.52,8.07,72.20,43.66,58.72,8.08
384.72,39.86,20.08,22.52,8.08,72.41,43.66,58.57,8.09
384.73,39.86,20.05,22.52,8.06,72.41,43.75,58.72,8.09
384.74,39.94,20.08,22.52,8.07,72.41,43.66,58.72,8.09
384.75,39.78,20.08,22.52,8.07,72.20,43.66,58.72,8.09
384.76,39.78,20.08,22.56,8.07,72.20,43.75,58.72,8.09
384.77,39.86,20.05,22.52,8.07,72.41,43.56,58.72,8.10
384.78,39.86,20.05,22.49,8.07,72.41,43.66,58.72,8.09
384.79,39.94,20.08,22.52,8.06,72.20,43.75,58.72,8.09
384.80,39.86,20.08,22.52,8.06,72.41,43.66,58.87,8.08
384.81,39.86,20.08,22.52,8.07,72.20,43.66,58.72,8.09
384.82,39.86,20.05,22.52,8.06,72.20,43.75,58.72,8.09
384.83,39.86,20.05,22.52,8.06,72.41,43.75,58.72,8.09
384.84,39.86,20.08,22.52,8.07,71.98,43.66,58.72,8.08
384.85,39.94,20.08,22.52,8.06,72.20,43.66,58.72,8.10
384.86,39.86,20.08,22.52,8.07,72.41,43.66,58.72,8.09
384.87,39.86,20.08,22.52,8.07,72.41,43.75,58.57,8.10
384.88,39.86,20.08,22.52,8.07,72.20,43.75,58.72,8.09
384.89,39.86,20.05,22.52,8.06,72.41,43.66,58.87,8.08
384.90,39.86,20.05,22.52,8.07,72.20,43.66,58.57,8.09
384.91,39.86,20.08,22.52,8.07,72.41,43.66,58.72,8.09
384.92,39.86,20.08,22.49,8.06,72.20,43.66,58.72,8.10
384.93,39.94,20.08,22.56,8.07,72.41,43.75,58.72,8.09
384.94,39.86,20.11,22.52,8.06,72.20,43.66,58.72,8.09
384.95,39.94,20.08,22.52,8.06,72.20,43.75,58.72,8.08
384.96,39.94,20.11,22.52,8.07,72.20,43.75,58.72,8.09
384.97,39.94,20.08,22.52,8.06,72.41,43.66,58.72,8.09
384.98,39.86,20.08,22.52,8.07,72.20,43.75,58.72,8.09
384.99,39.94,20.08,22.52,8.06,72.20,43.75,58.57,8.09
385.00,39.78,20.08,22.52,8.07,72.20,43.75,58.72,8.09
385.01,39.86,20.08,22.52,8.07,72.41,43.66,58.72,8.09
385.02,39.86,20.08,22.52,8.06,72.20,43.75,58.72,8.10
385.03,39.86,20.08,22.52,8.07,72.20,43.66,58.72,8.10
385.04,39.94,20.08,22.52,8.08,72.41,43.75,58.87,8.09
385.05,39.94,20.05,22.52,8.07,72.20,43.84,58.57,8.09
385.06,39.86,20.11,22.52,8.07,72.20,43.75,58.72,8.09
385.07,39.86,20.11,22.52,8.06,72.20,43.66,58.72,8.09
385.08,39.94,20.08,22.52,8.07,72.20,43.66,58.72,8.09
385.09,39.86,20.08,22.52,8.07,72.20,43.75,58.72,8.09
385.10,39.86,20.08,22.52,8.06,72.20,43.75,58.72,8.10
385.11,39.86,20.08,22.52,8.06,72.41,43.75,58.72,8.09
385.12,39.86,20.08,22.52,8.06,72.20,43.75,58.57,8.10
385.13,39.86,20.08,22.52,8.06,72.20,43.75,58.72,8.09
385.14,39.86,20.08,22.52,8.07,72.20,43.66,58.72,8.09
385.15,39.86,20.08,22.52,8.07,72.20,43.75,58.72,8.09
385.16,39.86,20.08,22.52,8.08,72.20,43.75,58.72,8.09
385.17,39.86,20.08,22.52,8.06,72.41,43.75,58.72,8.09
385.18,39.86,20.05,22.52,8.08,72.20,43.66,58.72,8.08
385.19,39.94,20.08,22.52,8.07,72.41,43.75,58.72,8.09
385.20,39.86,20.08,22.52,8.08,72.41,43.75,58.72,8.10
385.21,39.86,20.05,22.52,8.06,72.41,43.66,58.72,8.09
385.22,39.94,20.05,22.52,8.07,72.41,43.66,58.72,8.09
385.23,39.94,20.05,22.56,8.08,72.20,43.66,58.72,8.09
385.24,39.94,20.08,22.56,8.06,72.41,43.75,58.72,8.08
385.25,39.86,20.08,22.56,8.06,72.41,43.66,58.72,8.09
385.26,39.94,20.08,22.52,8.07,72.41,43.66,58.72,8.09
385.27,39.94,20.08,22.52,8.06,72.41,43.75,58.72,8.09
385.28,39.86,20.08,22.52,8.07,72.20,43.75,58.72,8.08
385.29,39.86,20.11,22.52,8.06,72.41,43.75,58.72,8.09
385.30,39.94,20.08,22.56,8.07,72.41,43.66,58.72,8.09
385.31,39.94,20.08,22.56,8.06,72.41,43.66,58.72,8.09
385.32,39.86,20.08,22.52,8.07,72.41,43.75,58.72,8.08
385.33,39.86,20.08,22.52,8.06,72.41,43.75,58.72,8.10
385.34,39.86,20.08,22.52,8.06,72.20,43.66,58.72,8.09
385.35,39.86,20.11,22.52,8.07,72.41,43.75,58.72,8.09
385.36,39.94,20.08,22.52,8.06,72.20,43.75,58.72,8.09
385.37,39.94,20.08,22.56,8.07,72.41,43.66,58.57,8.09
385.38,39.86,20.08,22.56,8.07,72.20,43.66,58.72,8.09
385.39,39.94,20.08,22.52,8.07,72.41,43.75,58.72,8.09
385.40,39.94,20.08,22.52,8.08,72.20,43.66,58.72,8.10
385.41,39.94,20.11,22.52,8.08,72.20,43.75,58.72,8.09
385.42,39.94,20.11,22.52,8.07,72.41,43.75,58.72,8.08
385.43,39.94,20.05,22.56,8.07,72.41,43.66,58.72,8.09
385.44,39.94,20.08,22.49,8.06,72.20,43.66,58.72,8.09
385.45,39.94,20.08,22.52,8.06,72.20,43.66,58.72,8.09
385.46,39.86,20.08,22.52,8.06,72.20,43.75,58.72,8.09
385.47,39.86,20.08,22.56,8.06,72.41,43.66,58.72,8.09
385.48,39.86,20.08,22.56,8.07,72.41,43.75,58.72,8.08
385.49,39.94,20.08,22.52,8.06,72.20,43.66,58.72,8.09
385.50,39.86,20.08,22.52,8.07,72.41,43.75,58.72,8.08
385.51,39.86,20.05,22.52,8.06,72.20,43.66,58.72,8.09
385.52,39.86,20.08,22.52,8.07,72.20,43.75,58.72,8.09
385.53,39.94,20.11,22.52,8.06,72.20,43.75,58.72,8.09
385.54,39.86,20.08,22.52,8.07,72.41,43.75,58.72,8.09
385.55,39.94,20.08,22.56,8.06,72.41,43.75,58.72,8.09
385.56,39.94,20.11,22.52,8.06,72.20,43.66,58.72,8.09
385.57,39.94,20.08,22.56,8.07,72.41,43.75,58.72,8.09
385.58,39.86,20.08,22.52,8.06,72.41,43.75,58.72,8.09
385.59,39.86,20.11,22.56,8.07,72.41,43.75,58.72,8.09
385.60,39.94,20.08,22.56,8.06,72.41,43.75,58.72,8.09
385.61,39.78,20.08,22.52,8.07,72.20,43.75,58.72,8.09
385.62,39.86,20.08,22.56,8.07,72.41,43.75,58.72,8.10
385.63,39.86,20.08,22.56,8.07,72.41,43.66,58.72,8.10
385.64,39.94,20.11,22.52,8.07,72.20,43.66,58.72,8.09
385.65,39.86,20.11,22.52,8.07,72.41,43.66,58.72,8.09
385.66,39.86,20.08,22.52,8.06,72.20,43.66,58.72,8.09
385.67,39.86,20.08,22.56,8.07,72.41,43.75,58.72,8.10
385.68,39.94,20.08,22.52,8.07,72.20,43.75,58.87,8.09
385.69,39.94,20.08,22.56,8.06,72.41,43.75,58.72,8.10
385.70,39.94,20.11,22.52,8.07,72.20,43.66,58.72,8.08
385.71,39.94,20.11,22.56,8.06,72.20,43.66,58.72,8.09
385.72,39.94,20.11,22.52,8.07,72.41,43.75,58.72,8.10
385.73,39.94,20.05,22.56,8.07,72.20,43.84,58.72,8.10
385.74,39.94,20.05,22.56,8.07,72.41,43.75,58.72,8.10
385.75,39.94,20.11,22.56,8.08,72.41,43.75,58.72,8.09
385.76,39.94,20.08,22.56,8.07,72.20,43.75,58.72,8.09
385.77,39.86,20.08,22.52,8.06,72.20,43.75,58.72,8.10
385.78,39.86,20.08,22.52,8.07,72.41,43.75,58.72,8.09
385.79,39.86,20.08,22.56,8.07,72.20,43.66,58.72,8.09
385.80,39.86,20.08,22.56,8.07,72.41,43.75,58.72,8.08
385.81,39.94,20.08,22.56,8.07,72.41,43.66,58.72,8.09
385.82,39.86,20.11,22.56,8.08,72.41,43.75,58.72,8.09
385.83,39.86,20.08,22.52,8.07,72.20,43.66,58.72,8.09
385.84,39.86,20.08,22.56,8.07,72.41,43.75,58.72,8.09
385.85,39.94,20.11,22.56,8.06,72.41,43.75,58.72,8.10
385.86,39.94,20.11,22.56,8.07,72.20,43.75,58.72,8.09
385.87,39.94,20.08,22.52,8.06,72.41,43.75,58.72,8.09
385.88,39.86,20.08,22.52,8.07,72.41,43.75,58.72,8.08
385.89,39.94,20.08,22.56,8.07,72.63,43.66,58.72,8.09
385.90,39.86,20.08,22.56,8.07,72.41,43.75,58.72,8.09
385.91,39.94,20.08,22.56,8.07,72.20,43.75,58.72,8.09
385.92,39.94,20.08,22.56,8.07,72.41,43.75,58.72,8.10
385.93,39.94,20.11,22.52,8.07,72.20,43.75,58.72,8.09
385.94,39.94,20.08,22.52,8.07,72.20,43.75,58.72,8.09
385.95,39.94,20.08,22.56,8.07,72.41,43.75,58.72,8.09
385.96,39.86,20.08,22.56,8.06,72.41,43.75,58.87,8.09
385.97,39.94,20.08,22.52,8.08,72.20,43.66,58.72,8.09
385.98,39.86,20.08,22.49,8.07,72.41,43.75,58.72,8.09
385.99,39.94,20.08,22.52,8.06,72.41,43.75,58.72,8.08
386.00,39.94,20.08,22.56,8.06,72.41,43.75,58.72,8.09
386.01,39.94,20.08,22.56,8.08,72.41,43.75,58.72,8.10
386.02,39.86,20.11,22.52,8.07,72.41,43.75,58.72,8.09
386.03,39.94,20.08,22.52,8.06,72.41,43.66,58.72,8.09
386.04,39.94,20.08,22.56,8.06,72.20,43.75,58.87,8.09
386.05,39.94,20.08,22.56,8.07,72.41,43.66,58.57,8.09
386.06,39.94,20.05,22.52,8.06,72.41,43.75,58.87,8.09
386.07,39.86,20.11,22.56,8.08,72.41,43.75,58.72,8.10
386.08,39.94,20.05,22.52,8.07,72.41,43.66,58.72,8.09
386.09,39.94,20.11,22.56,8.07,72.41,43.75,58.87,8.10
386.10,39.94,20.08,22.56,8.06,72.20,43.75,58.87,8.09
386.11,39.94,20.08,22.56,8.08,72.41,43.75,58.72,8.09
386.12,39.94,20.08,22.52,8.07,72.41,43.75,58.72,8.10
386.13,39.86,20.08,22.52,8.06,72.20,43.66,58.72,8.09
386.14,39.94,20.11,22.52,8.08,72.41,43.75,58.72,8.09
386.15,39.94,20.08,22.56,8.08,72.41,43.75,58.87,8.09
386.16,39.94,20.08,22.56,8.07,72.41,43.66,58.72,8.09
386.17,39.94,20.11,22.52,8.06,72.41,43.75,58.72,8.08
386.18,39.86,20.08,22.56,8.06,72.41,43.75,58.72,8.09
386.19,39.94,20.08,22.52,8.08,72.41,43.75,58.72,8.10
386.20,39.94,20.08,22.56,8.07,72.20,43.75,58.72,8.09
386.21,39.86,20.08,22.56,8.06,72.20,43.75,58.72,8.09
386.22,39.94,20.08,22.56,8.07,72.20,43.75,58.72,8.09
386.23,39.94,20.08,22.52,8.06,72.20,43.66,58.72,8.09
386.24,39.94,20.08,22.56,8.08,72.20,43.75,58.72,8.09
386.25,39.94,20.08,22.56,8.07,72.41,43.75,58.72,8.08
386.26,39.94,20.08,22.56,8.08,72.20,43.75,58.87,8.09
386.27,39.94,20.11,22.52,8.06,72.20,43.66,58.72,8.09
386.28,39.94,20.08,22.56,8.06,72.41,43.75,58.72,8.09
386.29,39.94,20.11,22.52,8.06,72.41,43.75,58.72,8.10
386.30,39.94,20.08,22.52,8.07,72.20,43.75,58.72,8.09
386.31,39.94,20.11,22.52,8.07,72.41,43.75,58.72,8.09
386.32,39.94,20.08,22.56,8.07,72.41,43.66,58.72,8.09
386.33,39.94,20.08,22.52,8.07,72.20,43.75,58.72,8.10
386.34,39.86,20.08,22.56,8.07,72.41,43.75,58.72,8.09
386.35,39.94,20.08,22.56,8.07,72.41,43.75,58.72,8.09
386.36,39.94,20.08,22.52,8.07,72.20,43.75,58.87,8.09
386.37,39.94,20.11,22.52,8.07,72.41,43.75,58.72,8.10
386.38,39.94,20.11,22.52,8.06,72.41,43.75,58.72,8.09
386.39,39.94,20.08,22.52,8.08,72.20,43.75,58.72,8.09
386.40,39.86,20.08,22.52,8.08,72.41,43.75,58.72,8.10
386.41,39.86,20.08,22.56,8.07,72.41,43.75,58.72,8.10
386.42,39.94,20.08,22.56,8.07,72.41,43.75,58.72,8.09
386.43,39.86,20.08,22.56,8.06,72.41,43.75,58.72,8.09
386.44,39.94,20.11,22.56,8.07,72.41,43.75,58.72,8.09
386.45,39.94,20.11,22.56,8.07,72.20,43.75,58.87,8.09
386.46,39.86,20.08,22.56,8.07,72.20,43.75,58.72,8.09
386.47,39.86,20.08,22.52,8.07,72.41,43.66,58.72,8.09
386.48,39.86,20.08,22.56,8.07,72.41,43.66,58.72,8.09
386.49,39.94,20.08,22.52,8.06,72.20,43.66,58.72,8.09
386.50,39.94,20.11,22.56,8.07,72.41,43.75,58.72,8.10
386.51,39.86,20.08,22.56,8.06,72.41,43.75,58.72,8.10
386.52,39.94,20.08,22.56,8.06,72.41,43.75,58.72,8.09
386.53,39.86,20.08,22.56,8.07,72.41,43.75,58.72,8.09
386.54,39.94,20.08,22.56,8.06,72.41,43.75,58.72,8.10
386.55,39.86,20.05,22.52,8.08,72.20,43.75,58.87,8.10
386.56,39.94,20.08,22.56,8.06,72.20,43.75,58.87,8.09
386.57,39.86,20.11,22.56,8.06,72.20,43.75,58.72,8.10
386.58,39.94,20.11,22.52,8.07,72.41,43.66,58.72,8.09
386.59,39.94,20.11,22.56,8.07,72.41,43.75,58.72,8.09
386.60,39.94,20.08,22.56,8.06,72.41,43.75,58.72,8.09
386.61,39.86,20.08,22.56,8.07,72.41,43.75,58.72,8.09
386.62,39.86,20.08,22.56,8.06,72.41,43.75,58.72,8.09
386.63,39.94,20.08,22.56,8.06,72.41,43.75,58.72,8.09
386.64,39.94,20.08,22.56,8.06,72.20,43.75,58.72,8.10
386.65,39.94,20.11,22.52,8.07,72.41,43.75,58.72,8.10
386.66,39.94,20.08,22.52,8.07,72.41,43.66,58.72,8.09
386.67,39.94,20.11,22.56,8.07,72.41,43.84,58.72,8.09
386.68,39.94,20.08,22.56,8.07,72.41,43.75,58.72,8.09
386.69,39.94,20.11,22.56,8.06,72.20,43.66,58.72,8.10
386.70,39.86,20.08,22.56,8.07,72.41,43.75,58.72,8.09
386.71,39.94,20.11,22.52,8.08,72.41,43.75,58.72,8.10
386.72,39.86,20.11,22.56,8.07,72.41,43.75,58.72,8.09
386.73,39.94,20.11,22.56,8.06,72.20,43.75,58.72,8.09
386.74,39.86,20.08,22.56,8.08,72.41,43.75,58.72,8.09
386.75,39.94,20.08,22.56,8.07,72.41,43.75,58.72,8.09
386.76,39.94,20.11,22.56,8.07,72.20,43.75,58.72,8.09
386.77,39.94,20.08,22.56,8.08,72.41,43.75,58.72,8.09
386.78,39.94,20.08,22.52,8.07,72.41,43.84,58.87,8.10
386.79,39.86,20.08,22.56,8.07,72.41,43.75,58.72,8.09
386.80,39.94,20.11,22.56,8.07,72.41,43.75,58.87,8.09
386.81,39.94,20.11,22.56,8.08,72.41,43.75,58.72,8.09
386.82,39.94,20.08,22.52,8.07,72.41,43.75,58.72,8.09
386.83,39.94,20.08,22.52,8.06,72.20,43.75,58.72,8.09
386.84,39.94,20.11,22.56,8.07,72.20,43.75,58.72,8.10
386.85,39.94,20.08,22.52,8.07,72.41,43.84,58.72,8.10
386.86,39.94,20.08,22.56,8.07,72.41,43.75,58.87,8.09
386.87,39.94,20.11,22.56,8.06,72.20,43.75,58.72,8.10
386.88,39.94,20.08,22.56,8.07,72.41,43.75,58.72,8.09
386.89,39.94,20.08,22.56,8.08,72.41,43.75,58.72,8.10
386.90,39.94,20.11,22.52,8.08,72.41,43.66,58.72,8.09
386.91,39.94,20.05,22.56,8.07,72.41,43.75,58.72,8.09
386.92,39.94,20.11,22.56,8.07,72.41,43.75,58.87,8.10
386.93,39.94,20.08,22.56,8.08,72.20,43.84,58.72,8.10
386.94,39.86,20.08,22.56,8.06,72.20,43.66,58.87,8.10
386.95,39.94,20.11,22.56,8.06,72.41,43.66,58.72,8.09
386.96,39.86,20.08,22.56,8.06,72.41,43.75,58.87,8.10
386.97,39.86,20.11,22.56,8.07,72.41,43.75,58.72,8.09
386.98,39.94,20.11,22.52,8.07,72.41,43.84,58.72,8.09
386.99,39.94,20.11,22.56,8.07,72.20,43.84,58.72,8.09
387.00,39.94,20.08,22.52,8.07,72.20,43.66,58.72,8.09
387.01,39.86,20.08,22.56,8.08,72.41,43.84,58.87,8.09
387.02,39.94,20.08,22.56,8.07,72.41,43.84,58.72,8.09
387.03,39.86,20.08,22.56,8.07,72.41,43.66,58.72,8.09
387.04,39.94,20.08,22.56,8.07,72.41,43.75,58.72,8.09
387.05,39.94,20.11,22.52,8.08,72.20,43.75,58.72,8.10
387.06,39.94,20.11,22.56,8.06,72.20,43.75,58.72,8.08
387.07,39.94,20.08,22.52,8.06,72.41,43.75,58.87,8.10
387.08,39.94,20.05,22.56,8.06,72.20,43.75,58.72,8.09
387.09,39.94,20.08,22.52,8.06,72.41,43.75,58.72,8.08
387.10,39.94,20.08,22.52,8.06,72.41,43.84,58.72,8.09
387.11,39.86,20.11,22.56,8.06,72.41,43.75,58.72,8.09
387.12,39.94,20.08,22.56,8.07,72.41,43.75,58.72,8.10
387.13,39.94,20.08,22.52,8.08,72.41,43.75,58.87,8.09
387.14,39.78,20.11,22.56,8.06,72.20,43.75,58.72,8.09
387.15,40.02,20.08,22.56,8.08,72.41,43.75,58.72,8.09
387.16,39.94,20.11,22.56,8.07,72.41,43.75,58.72,8.09
387.17,39.94,20.08,22.56,8.07,72.41,43.75,58.72,8.09
387.18,39.94,20.08,22.56,8.07,72.41,43.75,58.72,8.09
387.19,39.94,20.08,22.56,8.06,72.41,43.75,58.72,8.09
387.20,39.94,20.11,22.52,8.06,72.41,43.75,58.72,8.09
387.21,39.94,20.08,22.52,8.06,72.41,43.75,58.87,8.09
387.22,39.94,20.11,22.52,8.06,72.20,43.75,58.72,8.10
387.23,39.94,20.08,22.56,8.08,72.63,43.75,58.72,8.09
387.24,39.94,20.08,22.56,8.07,72.41,43.75,58.87,8.08
387.25,39.94,20.11,22.56,8.07,72.41,43.75,58.72,8.09
387.26,39.94,20.08,22.52,8.07,72.41,43.75,58.87,8.10
387.27,39.86,20.08,22.56,8.06,72.20,43.66,58.72,8.10
387.28,39.94,20.08,22.52,8.06,72.63,43.75,58.42,8.09
387.29,39.94,20.08,22.56,8.08,72.41,43.75,58.87,8.09
387.30,39.94,20.11,22.56,8.07,72.20,43.75,59.02,8.09
387.31,39.94,20.08,22.52,8.06,72.41,43.66,58.87,8.09
387.32,39.94,20.11,22.56,8.07,72.41,43.75,58.72,8.09
387.33,39.94,20.11,22.56,8.08,72.41,43.75,58.87,8.09
387.34,39.94,20.11,22.52,8.07,72.41,43.75,58.87,8.09
387.35,39.86,20.08,22.56,8.07,72.41,43.75,58.72,8.10
387.36,39.94,20.08,22.52,8.07,72.41,43.75,58.72,8.09
387.37,39.94,20.11,22.56,8.06,72.41,43.66,58.72,8.09
387.38,39.86,20.08,22.56,8.07,72.41,43.75,58.72,8.08
387.39,39.94,20.08,22.56,8.07,72.41,43.75,58.72,8.09
387.40,39.94,20.08,22.52,8.07,72.20,43.75,58.72,8.09
387.41,39.94,20.08,22.59,8.06,72.41,43.75,58.72,8.09
387.42,39.94,20.11,22.56,8.07,72.41,43.75,58.72,8.10
387.43,39.94,20.08,22.56,8.07,72.20,43.75,58.72,8.09
387.44,39.94,20.11,22.56,8.07,72.20,43.84,58.72,8.09
387.45,39.86,20.08,22.52,8.06,72.41,43.84,58.72,8.10
387.46,39.94,20.11,22.56,8.07,72.20,43.75,58.72,8.09
387.47,39.94,20.11,22.56,8.07,72.41,43.75,58.72,8.09
387.48,39.94,20.11,22.56,8.08,72.20,43.84,58.72,8.09
387.49,39.94,20.08,22.56,8.06,72.41,43.75,58.72,8.09
387.50,39.86,20.11,22.56,8.07,72.41,43.75,58.72,8.09
387.51,39.94,20.08,22.56,8.06,72.41,43.84,58.87,8.10
387.52,39.94,20.08,22.52,8.07,72.41,43.75,58.72,8.09
387.53,39.94,20.08,22.56,8.06,72.41,43.75,58.72,8.09
387.54,39.94,20.08,22.52,8.06,72.41,43.84,58.57,8.10
387.55,39.94,20.08,22.56,8.08,72.41,43.75,58.87,8.09
387.56,39.94,20.11,22.56,8.07,72.41,43.84,58.72,8.10
387.57,39.94,20.11,22.59,8.06,72.41,43.75,58.72,8.08
387.58,39.94,20.11,22.52,8.07,72.41,43.75,58.72,8.10
387.59,39.86,20.08,22.56,8.08,72.41,43.75,58.72,8.09
387.60,39.86,20.08,22.56,8.06,72.20,43.75,58.72,8.09
387.61,39.94,20.11,22.52,8.07,72.41,43.75,58.72,8.09
387.62,39.94,20.08,22.56,8.06,72.41,43.84,58.72,8.10
387.63,39.94,20.08,22.56,8.08,72.20,43.84,58.72,8.10
387.64,39.94,20.11,22.56,8.07,72.41,43.84,58.72,8.09
387.65,39.86,20.08,22.52,8.07,72.41,43.75,58.72,8.09
387.66,39.94,20.05,22.52,8.06,72.41,43.75,58.72,8.09
387.67,39.94,20.08,22.56,8.06,72.20,43.75,58.72,8.09
387.68,39.94,20.08,22.56,8.08,72.41,43.84,58.72,8.09
387.69,39.94,20.08,22.52,8.07,72.20,43.84,58.72,8.10
387.70,39.94,20.08,22.56,8.07,72.41,43.75,58.72,8.09
387.71,39.86,20.08,22.56,8.06,72.41,43.75,58.72,8.09
387.72,39.94,20.11,22.52,8.07,72.41,43.75,58.72,8.09
387.73,39.94,20.11,22.52,8.08,72.41,43.75,58.72,8.09
387.74,39.94,20.08,22.56,8.07,72.41,43.66,58.72,8.09
387.75,39.86,20.08,22.56,8.07,72.41,43.75,58.72,8.09
387.76,39.94,20.11,22.56,8.07,72.41,43.75,58.87,8.10
387.77,39.94,20.11,22.56,8.07,72.41,43.75,58.72,8.10
387.78,39.94,20.11,22.56,8.07,72.41,43.75,58.72,8.10
387.79,39.94,20.08,22.56,8.07,72.41,43.75,58.72,8.10
387.80,39.94,20.11,22.52,8.07,72.20,43.84,58.72,8.09
387.81,39.94,20.11,22.56,8.07,72.41,43.75,58.72,8.10
387.82,39.94,20.08,22.52,8.07,72.41,43.75,58.72,8.09
387.83,39.86,20.08,22.56,8.07,72.41,43.75,58.72,8.09
387.84,39.94,20.08,22.56,8.07,72.41,43.84,58.72,8.09
387.85,39.94,20.08,22.56,8.07,72.41,43.75,58.72,8.09
387.86,39.94,20.11,22.56,8.07,72.41,43.75,58.72,8.10
387.87,39.94,20.11,22.56,8.07,72.41,43.75,58.72,8.10
387.88,39.94,20.08,22.56,8.07,72.41,43.75,58.87,8.09
387.89,39.94,20.08,22.56,8.07,72.20,43.75,58.87,8.09
387.90,39.94,20.11,22.56,8.07,72.41,43.75,58.72,8.10
387.91,39.94,20.11,22.59,8.07,72.41,43.84,58.72,8.10
387.92,39.94,20.11,22.56,8.07,72.41,43.75,58.72,8.08
387.93,39.94,20.11,22.52,8.07,72.41,43.66,58.72,8.09
387.94,39.94,20.08,22.56,8.07,72.41,43.75,58.72,8.09
387.95,39.94,20.08,22.56,8.07,72.41,43.75,58.72,8.10
387.96,39.94,20.08,22.52,8.08,72.41,43.84,58.87,8.10
387.97,39.94,20.08,22.52,8.07,72.41,43.75,58.72,8.09
387.98,39.94,20.11,22.56,8.08,72.41,43.75,58.72,8.10
387.99,39.94,20.11,22.56,8.07,72.41,43.75,58.72,8.09
388.00,39.86,20.08,22.56,8.08,72.41,43.75,58.72,8.09
388.01,39.94,20.11,22.56,8.08,72.41,43.75,58.72,8.09
388.02,39.94,20.08,22.56,8.07,72.41,43.75,58.72,8.10
388.03,39.94,20.08,22.52,8.07,72.41,43.75,58.72,8.10
388.04,39.94,20.08,22.56,8.07,72.20,43.75,58.87,8.09
388.05,39.94,20.08,22.56,8.08,72.41,43.75,58.87,8.10
388.06,39.94,20.11,22.56,8.07,72.20,43.75,58.72,8.09
388.07,39.94,20.11,22.56,8.07,72.41,43.75,58.72,8.10
388.08,39.94,20.11,22.56,8.08,72.41,43.75,58.72,8.09
388.09,39.94,20.08,22.56,8.07,72.41,43.75,58.72,8.09
388.10,39.94,20.11,22.52,8.07,72.41,43.75,58.72,8.09
388.11,39.86,20.11,22.56,8.07,72.41,43.75,58.72,8.08
388.12,39.94,20.11,22.56,8.07,72.41,43.75,58.87,8.09
388.13,39.94,20.11,22.56,8.07,72.41,43.75,58.72,8.09
388.14,39.94,20.11,22.56,8.07,72.41,43.75,58.72,8.09
388.15,39.86,20.11,22.56,8.07,72.41,43.75,58.72,8.09
388.16,39.94,20.11,22.52,8.08,72.41,43.84,58.72,8.09
388.17,39.94,20.08,22.52,8.07,72.41,43.75,58.87,8.09
388.18,39.94,20.11,22.56,8.06,72.41,43.66,58.72,8.09
388.19,39.86,20.11,22.56,8.07,72.41,43.75,58.72,8.09
388.20,39.86,20.08,22.56,8.07,72.41,43.75,58.87,8.09
388.21,39.94,20.08,22.56,8.07,72.41,43.56,58.72,8.09
388.22,39.94,20.11,22.56,8.07,72.41,43.84,58.87,8.09
388.23,39.94,20.11,22.56,8.07,72.41,43.75,58.72,8.09
388.24,39.94,20.08,22.52,8.07,72.41,43.75,58.72,8.09
388.25,39.94,20.08,22.56,8.06,72.41,43.75,58.72,8.09
388.26,39.94,20.11,22.56,8.07,72.41,43.75,58.72,8.10
388.27,39.94,20.08,22.56,8.07,72.41,43.75,58.72,8.09
388.28,39.94,20.11,22.56,8.06,72.41,43.75,58.72,8.09
388.29,39.94,20.11,22.56,8.08,72.41,43.75,58.72,8.09
388.30,39.94,20.08,22.52,8.06,72.41,43.75,58.72,8.09
388.31,39.86,20.08,22.56,8.07,72.41,43.75,58.72,8.10
388.32,40.02,20.11,22.56,8.06,72.41,43.75,58.87,8.11
388.33,39.86,20.11,22.56,8.06,72.41,43.75,58.72,8.09
388.34,39.86,20.08,22.52,8.07,72.20,43.75,58.72,8.10
388.35,39.94,20.11,22.56,8.06,72.41,43.75,58.72,8.09
388.36,39.94,20.08,22.52,8.08,72.20,43.84,58.72,8.10
388.37,39.94,20.11,22.56,8.07,72.41,43.75,58.72,8.10
388.38,39.94,20.11,22.56,8.08,72.41,43.75,58.72,8.09
388.39,39.86,20.08,22.56,8.07,72.20,43.75,58.87,8.09
388.40,39.94,20.11,22.56,8.07,72.41,43.84,58.72,8.10
388.41,39.94,20.08,22.56,8.07,71.98,43.75,58.72,8.10
388.42,39.94,20.08,22.56,8.07,72.20,43.75,58.72,8.10
388.43,39.94,20.08,22.56,8.06,72.41,43.75,58.72,8.09
388.44,39.86,20.11,22.56,8.08,72.41,43.84,58.87,8.10
388.45,39.94,20.08,22.52,8.06,72.41,43.75,58.72,8.10
388.46,39.86,20.11,22.56,8.06,72.41,43.75,58.72,8.10
388.47,39.94,20.11,22.56,8.06,72.41,43.75,58.72,8.09
388.48,39.86,20.11,22.56,8.08,72.41,43.75,58.87,8.10
388.49,39.94,20.11,22.56,8.08,72.41,43.75,58.72,8.09
388.50,39.94,20.11,22.56,8.07,72.41,43.84,58.72,8.08
388.51,39.94,20.08,22.56,8.07,72.41,43.75,58.87,8.09
388.52,39.94,20.11,22.52,8.07,72.41,43.75,58.72,8.11
388.53,39.86,20.11,22.56,8.07,72.41,43.56,58.87,8.09
388.54,39.94,20.11,22.52,8.08,72.41,43.84,58.72,8.09
388.55,39.86,20.08,22.56,8.07,72.41,43.75,58.72,8.09
388.56,39.86,20.11,22.56,8.07,72.41,43.75,58.87,8.09
388.57,39.86,20.08,22.56,8.06,72.41,43.84,58.72,8.10
388.58,39.94,20.08,22.52,8.06,72.20,43.75,58.72,8.11
388.59,39.94,20.08,22.56,8.07,72.41,43.75,58.72,8.09
388.60,39.94,20.11,22.56,8.07,72.20,43.75,58.87,8.10
388.61,39.94,20.11,22.52,8.07,72.41,43.75,58.72,8.09
388.62,39.94,20.11,22.56,8.07,72.41,43.75,58.87,8.10
388.63,39.94,20.11,22.52,8.07,72.41,43.75,58.87,8.09
388.64,39.94,20.11,22.56,8.07,72.20,43.84,58.72,8.09
388.65,39.94,20.11,22.56,8.08,72.41,43.75,58.72,8.09
388.66,39.94,20.11,22.56,8.07,72.41,43.75,58.72,8.10
388.67,39.94,20.11,22.52,8.08,72.41,43.84,58.72,8.10
388.68,39.94,20.11,22.52,8.07,72.41,43.75,58.72,8.09
388.69,39.94,20.11,22.56,8.06,72.41,43.75,58.72,8.10
388.70,39.94,20.08,22.52,8.06,72.41,43.84,58.87,8.10
388.71,39.94,20.11,22.56,8.07,72.41,43.84,58.72,8.09
388.72,39.94,20.08,22.56,8.07,72.41,43.75,58.72,8.09
388.73,39.94,20.11,22.56,8.07,72.41,43.75,58.72,8.10
388.74,39.94,20.08,22.56,8.07,72.41,43.75,58.72,8.09
388.75,39.94,20.08,22.52,8.08,72.41,43.75,58.87,8.09
388.76,39.94,20.08,22.56,8.06,72.41,43.75,58.87,8.10
388.77,39.94,20.08,22.56,8.08,72.41,43.75,58.72,8.10
388.78,39.86,20.08,22.56,8.07,72.41,43.75,58.72,8.10
388.79,39.94,20.08,22.56,8.08,72.41,43.75,58.72,8.10
388.80,39.94,20.08,22.56,8.07,72.41,43.75,58.72,8.09
388.81,39.94,20.11,22.56,8.07,72.41,43.75,58.72,8.10
388.82,39.94,20.08,22.56,8.07,72.41,43.75,58.72,8.09
388.83,39.94,20.11,22.56,8.07,72.41,43.75,58.72,8.10
388.84,39.94,20.08,22.56,8.07,72.20,43.66,58.87,8.09
388.85,39.94,20.08,22.52,8.06,72.41,43.75,58.72,8.09
388.86,39.94,20.11,22.56,8.07,72.41,43.84,58.87,8.09
388.87,39.94,20.11,22.56,8.07,72.20,43.66,58.72,8.09
388.88,39.94,20.11,22.56,8.07,72.20,43.75,58.87,8.10
388.89,39.94,20.11,22.56,8.07,72.41,43.75,58.72,8.09
388.90,39.94,20.08,22.56,8.07,72.41,43.75,58.72,8.11
388.91,39.86,20.11,22.56,8.06,72.41,43.75,58.72,8.09
388.92,39.94,20.08,22.56,8.06,72.41,43.75,58.87,8.10
388.93,39.94,20.11,22.52,8.07,72.63,43.84,58.72,8.10
388.94,39.94,20.11,22.56,8.07,72.41,43.75,58.87,8.09
388.95,39.86,20.08,22.52,8.07,72.41,43.84,58.72,8.09
388.96,39.94,20.11,22.56,8.08,72.41,43.75,58.72,8.09
388.97,39.94,20.11,22.52,8.08,72.20,43.75,58.72,8.08
388.98,39.94,20.11,22.56,8.07,72.41,43.75,58.72,8.10
388.99,39.94,20.08,22.52,8.07,72.41,43.75,58.72,8.09
389.00,39.94,20.08,22.52,8.08,72.20,43.75,58.72,8.11
389.01,39.94,20.08,22.52,8.07,72.41,43.75,58.72,8.09
389.02,39.94,20.11,22.56,8.06,72.41,43.75,58.72,8.10
389.03,39.94,20.11,22.56,8.07,72.41,43.75,58.72,8.09
389.04,39.94,20.11,22.56,8.07,72.41,43.75,58.72,8.10
389.05,39.86,20.11,22.56,8.07,72.20,43.75,58.72,8.09
389.06,39.86,20.08,22.52,8.06,72.41,43.75,58.72,8.09
389.07,39.94,20.11,22.52,8.08,72.41,43.75,58.87,8.09
389.08,39.94,20.08,22.56,8.07,72.41,43.75,58.72,8.09
389.09,39.94,20.08,22.56,8.07,72.41,43.66,58.72,8.09
389.10,39.94,20.11,22.56,8.07,72.41,43.75,58.72,8.10
389.11,39.94,20.11,22.56,8.07,72.41,43.75,58.72,8.10
389.12,39.86,20.11,22.56,8.06,72.41,43.66,58.72,8.10
389.13,39.94,20.08,22.56,8.06,72.41,43.75,58.72,8.10
389.14,39.94,20.11,22.52,8.07,72.41,43.75,58.72,8.09
389.15,39.94,20.11,22.56,8.08,72.41,43.75,58.72,8.10
389.16,39.94,20.08,22.52,8.06,72.41,43.75,58.72,8.11
389.17,39.86,20.08,22.56,8.07,72.41,43.75,58.72,8.09
389.18,39.94,20.11,22.56,8.07,72.41,43.75,58.72,8.09
389.19,39.94,20.08,22.52,8.06,72.20,43.84,58.72,8.10
389.20,39.94,20.08,22.56,8.06,72.41,43.75,58.72,8.09
389.21,39.94,20.08,22.56,8.08,72.20,43.84,58.87,8.11
389.22,39.94,20.08,22.56,8.06,72.20,43.75,58.87,8.09
389.23,39.94,20.11,22.52,8.07,72.41,43.84,58.87,8.10
389.24,39.86,20.11,22.52,8.07,72.20,43.75,58.87,8.09
389.25,39.94,20.08,22.56,8.06,72.41,43.75,58.72,8.09
389.26,39.86,20.08,22.52,8.08,72.20,43.84,58.72,8.09
389.27,39.94,20.11,22.56,8.06,72.41,43.75,58.72,8.09
389.28,39.94,20.08,22.56,8.07,72.41,43.66,58.72,8.10
389.29,39.94,20.11,22.52,8.07,72.41,43.75,58.72,8.10
389.30,39.94,20.08,22.56,8.08,72.41,43.75,58.72,8.09
389.31,39.94,20.05,22.52,8.07,72.41,43.75,58.87,8.10
389.32,39.86,20.14,22.52,8.07,72.41,43.75,58.72,8.10
389.33,39.94,20.11,22.52,8.07,72.41,43.75,58.72,8.10
389.34,39.94,20.08,22.56,8.08,72.41,43.75,58.72,8.09
389.35,39.94,20.11,22.56,8.07,72.41,43.84,58.72,8.09
389.36,39.86,20.08,22.56,8.07,72.41,43.75,58.72,8.09
389.37,39.94,20.08,22.56,8.08,72.41,43.75,58.72,8.10
389.38,39.94,20.08,22.52,8.07,72.41,43.75,58.72,8.09
389.39,39.94,20.11,22.52,8.06,72.20,43.84,58.72,8.09
389.40,39.94,20.11,22.56,8.08,72.41,43.66,58.72,8.09
389.41,39.94,20.11,22.52,8.06,72.20,43.84,58.72,8.10
389.42,39.94,20.08,22.56,8.07,72.41,43.75,58.72,8.09
389.43,39.94,20.11,22.52,8.06,72.41,43.75,58.87,8.10
389.44,39.94,20.08,22.56,8.08,72.41,43.75,58.72,8.09
389.45,39.94,20.11,22.56,8.06,72.41,43.84,58.72,8.10
389.46,39.94,20.11,22.56,8.07,72.41,43.75,58.72,8.08
389.47,39.86,20.08,22.52,8.07,72.41,43.75,58.72,8.09
389.48,39.86,20.08,22.56,8.06,72.41,43.84,58.87,8.10
389.49,39.94,20.11,22.56,8.07,72.41,43.66,58.72,8.09
389.50,39.86,20.08,22.56,8.07,72.41,43.84,58.72,8.10
389.51,39.86,20.08,22.52,8.07,72.20,43.84,58.72,8.09
389.52,39.94,20.08,22.52,8.07,72.41,43.75,58.72,8.09
389.53,39.78,20.11,22.52,8.07,72.20,43.75,58.72,8.09
389.54,39.94,20.11,22.56,8.06,72.20,43.75,58.72,8.10
389.55,40.02,20.08,22.52,8.07,72.41,43.75,58.72,8.09
389.56,39.94,20.11,22.52,8.08,72.41,43.75,58.72,8.09
389.57,39.86,20.08,22.59,8.07,72.41,43.75,58.72,8.09
389.58,39.94,20.08,22.52,8.07,72.20,43.75,58.72,8.10
389.59,39.94,20.08,22.52,8.08,72.41,43.75,58.72,8.09
389.60,39.94,20.08,22.56,8.08,72.41,43.84,58.72,8.09
389.61,39.86,20.11,22.56,8.07,72.20,43.75,58.72,8.09
389.62,39.94,20.08,22.56,8.07,72.20,43.75,58.72,8.09
389.63,39.86,20.05,22.56,8.07,72.41,43.66,58.72,8.09
389.64,39.94,20.11,22.52,8.07,72.41,43.66,58.72,8.09
389.65,39.94,20.11,22.56,8.07,72.41,43.84,58.72,8.09
389.66,39.94,20.08,22.52,8.07,72.20,43.75,58.72,8.10
389.67,39.94,20.08,22.52,8.08,72.41,43.75,58.72,8.10
389.68,39.86,20.11,22.52,8.07,72.41,43.75,58.72,8.09
389.69,39.94,20.11,22.56,8.07,72.41,43.75,58.72,8.09
389.70,39.94,20.11,22.52,8.07,72.20,43.84,58.72,8.09
389.71,39.94,20.11,22.56,8.07,72.41,43.84,58.72,8.10
389.72,39.94,20.11,22.52,8.06,72.41,43.75,58.87,8.10
389.73,39.94,20.08,22.56,8.08,72.41,43.75,58.87,8.09
389.74,39.94,20.08,22.56,8.08,72.41,43.75,58.72,8.09
389.75,39.86,20.11,22.56,8.07,72.41,43.84,58.72,8.10
389.76,39.94,20.11,22.56,8.06,72.41,43.75,58.72,8.09
389.77,39.94,20.11,22.56,8.06,72.20,43.75,58.72,8.10
389.78,39.94,20.11,22.56,8.07,72.20,43.75,58.72,8.09
389.79,39.86,20.11,22.52,8.07,72.20,43.84,58.57,8.10
389.80,39.94,20.08,22.56,8.07,72.41,43.75,58.72,8.08
389.81,39.94,20.11,22.56,8.07,72.41,43.75,58.72,8.09
389.82,39.94,20.11,22.52,8.06,72.41,43.75,58.72,8.10
389.83,39.94,20.08,22.52,8.07,72.41,43.75,58.72,8.09
389.84,39.86,20.08,22.56,8.07,72.41,43.75,58.72,8.09
389.85,39.94,20.08,22.56,8.07,72.41,43.75,58.87,8.09
389.86,39.94,20.08,22.52,8.07,72.41,43.75,58.87,8.10
389.87,39.86,20.11,22.52,8.07,72.41,43.75,58.72,8.09
389.88,39.86,20.08,22.56,8.07,72.41,43.84,58.72,8.09
389.89,39.86,20.08,22.56,8.07,72.41,43.84,58.72,8.09
389.90,39.94,20.08,22.56,8.06,72.41,43.75,58.57,8.11
389.91,39.94,20.11,22.56,8.07,72.41,43.75,58.72,8.10
389.92,39.86,20.08,22.56,8.07,72.41,43.75,58.72,8.09
389.93,39.86,20.08,22.52,8.07,72.41,43.75,58.72,8.09
389.94,39.94,20.11,22.52,8.07,72.41,43.75,58.72,8.09
389.95,39.86,20.11,22.52,8.07,72.41,43.66,58.72,8.09
389.96,39.86,20.08,22.52,8.07,72.41,43.84,58.87,8.09
389.97,39.94,20.08,22.56,8.07,72.41,43.75,58.72,8.09
389.98,39.86,20.11,22.52,8.07,72.41,43.75,58.87,8.10
389.99,39.86,20.11,22.52,8.06,72.41,43.75,58.87,8.09
390.00,39.94,20.11,22.52,8.08,72.20,43.75,58.72,8.09
390.01,39.86,20.08,22.56,8.07,72.20,43.75,58.72,8.09
390.02,39.94,20.08,22.52,8.07,72.41,43.75,58.72,8.09
390.03,39.94,20.08,22.56,8.07,72.41,43.84,58.72,8.09
390.04,39.86,20.08,22.56,8.06,72.20,43.84,58.72,8.09
390.05,39.94,20.08,22.56,8.08,72.20,43.84,58.72,8.10
390.06,39.86,20.08,22.56,8.07,72.41,43.75,58.87,8.09
390.07,39.86,20.08,22.56,8.07,72.41,43.75,58.72,8.10
390.08,39.86,20.11,22.52,8.07,72.41,43.75,58.72,8.09
390.09,39.86,20.08,22.52,8.07,72.41,43.75,58.72,8.10
390.10,39.94,20.08,22.52,8.07,72.41,43.75,58.72,8.09
390.11,39.86,20.11,22.56,8.07,72.63,43.84,58.72,8.10
390.12,39.94,20.11,22.56,8.07,72.41,43.84,58.72,8.09
390.13,39.94,20.08,22.52,8.07,72.41,43.75,58.72,8.09
390.14,39.86,20.08,22.56,8.07,72.41,43.75,58.72,8.09
390.15,39.94,20.08,22.56,8.07,72.41,43.84,58.87,8.09
390.16,39.86,20.11,22.52,8.07,72.41,43.75,58.72,8.10
390.17,39.94,20.11,22.56,8.07,72.41,43.75,58.87,8.10
390.18,39.94,20.11,22.56,8.07,72.41,43.75,58.87,8.09
390.19,39.94,20.08,22.56,8.08,72.41,43.75,58.72,8.09
390.20,39.94,20.11,22.56,8.08,72.41,43.84,58.72,8.10
390.21,39.94,20.08,22.56,8.07,72.20,43.75,58.72,8.10
390.22,39.94,20.11,22.52,8.07,72.41,43.84,58.72,8.09
390.23,39.94,20.11,22.56,8.08,72.20,43.84,58.72,8.09
390.25,39.94,20.08,22.56,8.07,72.20,43.84,58.72,8.09
390.26,39.94,20.11,22.56,8.07,72.20,43.84,58.72,8.10
390.27,39.94,20.11,22.56,8.07,72.41,43.75,58.72,8.10
390.28,39.86,20.08,22.52,8.06,72.41,43.75,58.72,8.09
390.29,39.86,20.08,22.56,8.07,72.41,43.84,58.87,8.09
390.30,39.94,20.08,22.56,8.08,72.20,43.75,58.72,8.09
390.31,39.94,20.11,22.52,8.07,72.41,43.75,58.72,8.09
390.32,39.94,20.11,22.52,8.08,72.41,43.75,58.72,8.09
390.33,39.94,20.08,22.56,8.07,72.41,43.75,58.87,8.09
390.35,39.94,20.08,22.56,8.08,72.41,43.75,58.72,8.09
390.36,39.94,20.08,22.52,8.07,72.41,43.75,58.72,8.10
390.37,39.86,20.08,22.52,8.07,72.41,43.75,58.72,8.10
390.38,39.94,20.08,22.56,8.07,72.41,43.75,58.72,8.10
390.39,39.94,20.08,22.52,8.07,72.41,43.75,58.72,8.09
390.40,39.94,20.08,22.56,8.08,72.41,43.75,58.87,8.10
390.41,39.94,20.11,22.56,8.07,72.41,43.75,58.87,8.09
390.42,39.86,20.11,22.56,8.07,72.41,43.75,58.72,8.09
390.43,39.94,20.14,22.52,8.06,72.41,43.75,58.72,8.09
390.44,39.94,20.08,22.56,8.07,72.41,43.75,58.72,8.09
390.45,39.86,20.08,22.56,8.07,72.41,43.84,58.72,8.09
390.46,39.94,20.14,22.56,8.07,72.41,43.75,58.72,8.10
390.47,39.94,20.08,22.56,8.07,72.41,43.84,58.72,8.10
390.48,39.94,20.11,22.56,8.07,72.41,43.75,58.72,8.09
390.49,39.94,20.08,22.52,8.07,72.41,43.75,58.72,8.09
390.50,39.86,20.11,22.56,8.07,72.41,43.75,58.72,8.09
390.51,39.94,20.08,22.52,8.07,72.20,43.84,58.72,8.09
390.52,39.94,20.08,22.52,8.07,72.41,43.84,58.87,8.08
390.53,39.94,20.11,22.52,8.07,72.20,43.75,58.72,8.10
390.54,39.94,20.11,22.56,8.07,72.41,43.75,58.72,8.08
390.55,39.94,20.11,22.56,8.07,72.41,43.84,58.87,8.10
390.56,39.94,20.11,22.52,8.08,72.20,43.56,58.72,8.09
390.57,39.94,20.11,22.56,8.07,72.41,43.84,58.72,8.10
390.58,39.94,20.08,22.56,8.08,72.41,43.75,58.72,8.08
390.59,39.86,20.08,22.59,8.08,72.41,43.84,58.87,8.10
390.60,39.94,20.08,22.56,8.07,72.41,43.75,58.72,8.09
390.61,39.86,20.11,22.52,8.08,72.41,43.75,58.72,8.09
390.62,39.94,20.08,22.52,8.07,72.41,43.84,58.87,8.10
390.63,39.94,20.11,22.56,8.07,72.41,43.84,58.72,8.08
390.64,39.86,20.08,22.56,8.07,72.41,43.84,58.72,8.09
390.65,39.94,20.08,22.56,8.07,72.41,43.75,58.87,8.09
390.66,39.86,20.08,22.56,8.06,72.41,43.75,58.72,8.09
390.67,39.78,20.08,22.56,8.06,72.41,43.75,58.72,8.09
390.68,40.02,20.08,22.56,8.07,72.20,43.84,58.72,8.09
390.69,39.86,20.08,22.52,8.07,72.41,43.75,58.72,8.09
390.70,39.86,20.11,22.56,8.07,72.41,43.75,58.72,8.09
390.71,39.94,20.08,22.56,8.07,72.41,43.75,58.87,8.09
390.72,39.94,20.08,22.56,8.07,72.41,43.75,58.72,8.09
390.73,39.86,20.08,22.52,8.07,72.20,43.75,58.72,8.10
390.74,39.86,20.11,22.56,8.08,72.41,43.75,58.72,8.09
390.75,39.86,20.08,22.56,8.07,72.41,43.75,58.72,8.09
390.76,39.94,20.08,22.56,8.08,72.63,43.75,58.72,8.09
390.77,39.94,20.11,22.52,8.07,72.41,43.75,58.72,8.09
390.78,39.94,20.08,22.56,8.07,72.20,43.84,58.87,8.10
390.79,39.86,20.11,22.56,8.08,72.41,43.84,58.72,8.09
390.80,39.86,20.08,22.56,8.08,72.41,43.75,58.72,8.09
390.81,39.86,20.08,22.56,8.07,72.41,43.75,58.72,8.09
390.82,39.94,20.08,22.56,8.07,72.41,43.75,58.87,8.11
390.83,39.94,20.11,22.56,8.07,72.41,43.75,59.02,8.09
390.84,39.86,20.08,22.52,8.07,72.41,43.75,58.72,8.09
390.85,39.86,20.11,22.56,8.07,72.41,43.75,58.72,8.09
390.86,39.94,20.08,22.52,8.07,72.41,43.75,58.72,8.10
390.87,39.94,20.11,22.56,8.07,72.41,43.75,58.87,8.10
390.88,39.94,20.08,22.56,8.07,72.41,43.75,58.72,8.09
390.89,39.94,20.11,22.56,8.08,72.41,43.75,58.72,8.09
390.90,39.94,20.11,22.56,8.07,72.20,43.84,58.87,8.09
390.91,39.94,20.11,22.52,8.07,72.41,43.75,58.72,8.10
390.92,39.94,20.08,22.56,8.07,72.20,43.75,58.87,8.09
390.93,39.94,20.05,22.56,8.07,72.20,43.75,58.72,8.09
390.94,39.94,20.08,22.56,8.07,72.41,43.75,58.72,8.08
390.95,39.94,20.11,22.56,8.07,72.41,43.75,58.72,8.09
390.96,39.94,20.11,22.52,8.08,72.20,43.84,58.72,8.09
390.97,39.86,20.08,22.56,8.07,72.41,43.75,58.72,8.10
390.98,39.94,20.08,22.56,8.07,72.41,43.75,58.87,8.09
390.99,39.94,20.08,22.56,8.07,72.41,43.75,58.72,8.10
391.00,39.86,20.11,22.52,8.07,72.41,43.75,58.72,8.10
391.01,39.94,20.11,22.56,8.08,72.20,43.75,58.72,8.09
391.02,39.94,20.08,22.52,8.07,72.41,43.75,58.72,8.09
391.03,39.94,20.08,22.56,8.07,72.41,43.75,58.72,8.09
391.04,39.86,20.11,22.56,8.07,72.41,43.75,58.72,8.09
391.05,39.94,20.11,22.56,8.07,72.41,43.75,58.87,8.09
391.06,39.94,20.11,22.56,8.07,72.41,43.75,58.72,8.10
391.07,39.94,20.08,22.52,8.06,72.41,43.84,58.72,8.09
391.08,39.86,20.08,22.52,8.07,72.41,43.75,58.87,8.10
391.09,39.94,20.08,22.56,8.07,72.41,43.75,58.87,8.09
391.10,39.94,20.08,22.56,8.07,72.41,43.75,58.72,8.09
391.11,39.94,20.11,22.52,8.06,72.41,43.75,58.87,8.10
391.12,39.94,20.11,22.52,8.06,72.41,43.75,58.72,8.09
391.13,39.94,20.08,22.56,8.07,72.41,43.75,58.72,8.09
391.14,39.86,20.11,22.52,8.06,72.41,43.75,58.72,8.10
391.15,39.94,20.11,22.52,8.07,72.41,43.75,58.72,8.09
391.16,39.94,20.11,22.56,8.07,72.41,43.75,58.72,8.10
391.17,39.86,20.11,22.52,8.07,72.41,43.66,58.72,8.10
391.18,39.86,20.08,22.52,8.08,72.41,43.75,58.72,8.09
391.19,39.94,20.08,22.56,8.07,72.41,43.75,58.72,8.09
391.20,39.86,20.08,22.56,8.07,72.41,43.75,58.87,8.10
391.21,39.94,20.08,22.56,8.07,72.41,43.75,58.87,8.09
391.22,39.94,20.11,22.52,8.07,72.20,43.75,58.72,8.09
391.23,39.94,20.08,22.56,8.07,72.41,43.84,58.72,8.09
391.24,39.94,20.08,22.52,8.07,72.20,43.84,58.87,8.10
391.25,39.94,20.11,22.52,8.07,72.20,43.75,58.87,8.09
391.26,39.94,20.11,22.52,8.07,72.41,43.75,58.72,8.11
391.27,39.86,20.11,22.56,8.07,72.41,43.84,58.72,8.09
391.28,39.86,20.11,22.56,8.06,72.41,43.75,58.72,8.09
391.29,39.86,20.08,22.52,8.07,72.41,43.75,58.72,8.09
391.30,39.86,20.08,22.56,8.07,72.41,43.75,58.72,8.10
391.31,39.94,20.11,22.52,8.07,72.41,43.84,58.87,8.10
391.32,39.94,20.08,22.56,8.07,72.41,43.75,58.72,8.09
391.33,39.94,20.08,22.52,8.07,72.20,43.75,58.72,8.08
391.34,39.94,20.08,22.52,8.07,72.41,43.75,58.72,8.09
391.35,39.94,20.11,22.52,8.06,72.41,43.75,58.72,8.09
391.36,39.94,20.11,22.56,8.08,72.41,43.84,58.87,8.09
391.37,39.94,20.11,22.52,8.08,72.41,43.75,58.72,8.09
391.38,39.86,20.08,22.52,8.06,72.41,43.75,58.72,8.09
391.39,39.94,20.08,22.56,8.08,72.20,43.75,58.72,8.09
391.40,39.94,20.11,22.52,8.07,72.41,43.84,58.72,8.09
391.41,39.86,20.11,22.52,8.07,72.41,43.84,58.72,8.10
391.42,39.86,20.11,22.56,8.07,72.41,43.75,58.87,8.10
391.43,39.94,20.08,22.56,8.07,72.41,43.75,58.87,8.09
391.44,39.86,20.11,22.56,8.07,72.41,43.75,58.72,8.09
391.45,39.94,20.08,22.56,8.07,72.41,43.75,58.72,8.09
391.46,39.86,20.08,22.52,8.06,72.41,43.84,58.72,8.10
391.47,39.94,20.08,22.56,8.06,72.41,43.75,58.87,8.09
391.48,39.86,20.05,22.52,8.07,72.20,43.75,58.72,8.09
391.49,39.86,20.08,22.56,8.08,72.41,43.75,58.72,8.08
391.50,39.94,20.08,22.56,8.07,72.41,43.75,58.72,8.09
391.51,39.86,20.08,22.56,8.07,72.41,43.75,58.87,8.10
391.52,39.94,20.08,22.56,8.06,72.20,43.84,58.72,8.09
391.53,39.94,20.08,22.52,8.06,72.41,43.66,58.72,8.10
391.54,39.94,20.08,22.56,8.06,72.41,43.75,58.72,8.09
391.55,39.86,20.08,22.52,8.07,72.20,43.75,58.72,8.10
391.56,39.86,20.11,22.52,8.07,72.41,43.75,58.72,8.09
391.57,39.86,20.08,22.56,8.07,72.41,43.84,58.72,8.10
391.58,39.86,20.08,22.56,8.07,72.41,43.75,58.72,8.09
391.59,39.86,20.08,22.56,8.07,72.41,43.84,58.87,8.10
391.60,39.94,20.11,22.52,8.07,72.41,43.75,58.87,8.09
391.61,39.94,20.08,22.52,8.07,72.41,43.75,58.72,8.10
391.62,39.94,20.08,22.56,8.07,72.41,43.75,58.72,8.10
391.63,39.86,20.11,22.52,8.07,72.41,43.84,58.87,8.10
391.64,39.94,20.11,22.52,8.06,72.41,43.84,58.72,8.10
391.65,39.86,20.05,22.56,8.07,72.41,43.75,58.72,8.09
391.66,39.94,20.08,22.56,8.06,72.41,43.75,58.72,8.09
391.67,39.86,20.11,22.52,8.07,72.41,43.75,58.72,8.10
391.68,39.86,20.11,22.56,8.07,72.41,43.75,58.72,8.09
391.69,39.94,20.08,22.52,8.08,72.41,43.75,58.72,8.10
391.70,39.94,20.08,22.56,8.07,72.20,43.75,58.72,8.09
391.71,39.86,20.11,22.56,8.07,72.41,43.75,58.72,8.09
391.72,39.94,20.08,22.52,8.06,72.20,43.75,58.72,8.09
391.73,39.94,20.08,22.52,8.07,72.41,43.84,58.72,8.10
391.74,39.94,20.08,22.56,8.07,72.41,43.66,58.72,8.10
391.75,39.94,20.08,22.52,8.06,72.20,43.93,58.72,8.10
391.76,39.94,20.11,22.52,8.06,72.20,43.84,58.72,8.10
391.77,39.94,20.11,22.56,8.07,72.41,43.84,58.72,8.09
391.78,39.86,20.08,22.52,8.07,72.20,43.75,58.72,8.09
391.79,39.94,20.08,22.52,8.07,72.41,43.84,58.72,8.11
391.80,39.94,20.11,22.52,8.07,72.41,43.75,58.72,8.08
391.81,39.94,20.08,22.56,8.07,72.41,43.75,58.72,8.09
391.82,39.86,20.11,22.52,8.07,72.41,43.75,58.72,8.09
391.83,39.86,20.08,22.56,8.06,72.41,43.75,58.72,8.09
391.84,39.86,20.08,22.52,8.07,72.41,43.84,58.72,8.09
391.85,39.94,20.08,22.56,8.07,72.41,43.75,58.72,8.10
391.86,39.86,20.08,22.52,8.08,72.41,43.75,58.72,8.09
391.87,39.78,20.08,22.52,8.07,72.41,43.75,58.87,8.10
391.88,39.94,20.11,22.52,8.06,72.20,43.75,58.72,8.09
391.89,39.86,20.08,22.52,8.06,72.41,43.75,58.72,8.10
391.90,39.86,20.08,22.52,8.06,72.41,43.75,58.87,8.10
391.91,39.86,20.08,22.59,8.06,72.41,43.75,58.72,8.09
391.92,39.94,20.08,22.52,8.07,72.20,43.75,58.87,8.09
391.93,39.94,20.08,22.52,8.07,72.20,43.75,58.87,8.09
391.94,39.94,20.11,22.52,8.06,72.41,43.84,58.87,8.09
391.95,39.86,20.11,22.56,8.08,72.20,43.75,58.72,8.10
391.96,39.94,20.08,22.52,8.08,72.20,43.75,58.87,8.10
391.97,39.86,20.11,22.52,8.06,72.63,43.75,58.87,8.10
391.98,39.86,20.08,22.56,8.08,72.41,43.84,58.87,8.09
391.99,39.86,20.08,22.52,8.06,72.20,43.66,58.57,8.10
392.00,39.86,20.11,22.52,8.07,72.41,43.84,58.87,8.10
392.01,39.86,20.05,22.52,8.07,72.20,43.84,58.72,8.09
392.02,39.86,20.08,22.56,8.07,72.41,43.75,58.57,8.10
392.03,39.94,20.08,22.56,8.07,72.41,43.75,58.87,8.09
392.04,39.94,20.08,22.52,8.07,72.41,43.75,58.87,8.10
392.05,39.94,20.08,22.52,8.06,72.20,43.75,58.72,8.09
392.06,39.86,20.11,22.56,8.08,72.41,43.75,58.72,8.09
392.07,39.94,20.08,22.56,8.06,72.41,43.84,58.87,8.10
392.08,39.94,20.08,22.56,8.06,72.41,43.75,58.72,8.10
392.09,39.94,20.11,22.52,8.06,72.41,43.66,58.87,8.11
392.10,39.86,20.08,22.56,8.08,72.41,43.75,58.87,8.09
392.11,39.94,20.08,22.56,8.07,72.20,43.75,58.72,8.10
392.12,39.86,20.08,22.56,8.07,72.41,43.84,58.87,8.09
392.13,39.94,20.08,22.56,8.07,72.41,43.66,58.72,8.10
392.14,39.86,20.11,22.56,8.07,72.41,43.75,58.57,8.09
392.15,39.86,20.08,22.56,8.07,72.20,43.84,58.72,8.09
392.16,39.86,20.08,22.52,8.07,72.41,43.75,58.72,8.09
392.17,39.94,20.11,22.56,8.06,72.41,43.84,58.72,8.09
392.18,39.94,20.08,22.56,8.07,72.41,43.75,58.87,8.09
392.19,39.94,20.08,22.56,8.06,72.20,43.75,58.72,8.09
392.20,39.86,20.11,22.56,8.06,72.41,43.66,58.72,8.09
392.21,39.94,20.11,22.56,8.06,72.41,43.75,58.72,8.09
392.22,39.94,20.08,22.52,8.06,72.41,43.84,58.72,8.10
392.23,39.94,20.11,22.56,8.07,72.41,43.84,58.72,8.09
392.24,39.94,20.11,22.56,8.07,72.41,43.75,58.87,8.09
392.25,39.94,20.08,22.52,8.07,72.20,43.75,58.72,8.09
392.26,39.86,20.08,22.52,8.07,72.41,43.75,58.87,8.09
392.27,39.94,20.08,22.56,8.08,72.41,43.84,58.72,8.09
392.28,39.86,20.11,22.56,8.07,72.20,43.75,58.72,8.10
392.29,39.94,20.11,22.52,8.07,72.41,43.75,58.72,8.10
392.30,39.86,20.05,22.52,8.08,72.20,43.75,58.72,8.08
392.31,39.86,20.08,22.56,8.08,72.20,43.75,58.72,8.09
392.32,39.94,20.08,22.52,8.07,72.41,43.84,58.87,8.10
392.33,39.94,20.11,22.56,8.07,72.20,43.75,58.87,8.09
392.34,39.94,20.08,22.56,8.07,72.41,43.75,58.87,8.09
392.35,39.86,20.08,22.52,8.06,72.41,43.75,58.72,8.09
392.36,39.94,20.08,22.52,8.06,72.41,43.75,58.72,8.09
392.37,39.94,20.08,22.52,8.07,72.41,43.84,58.72,8.09
392.38,39.94,20.11,22.52,8.06,72.41,43.75,58.72,8.10
392.39,39.94,20.08,22.56,8.07,72.41,43.75,58.87,8.09
392.40,39.94,20.08,22.52,8.07,72.41,43.66,58.72,8.09
392.41,39.94,20.08,22.52,8.06,72.20,43.66,58.72,8.09
392.42,39.86,20.11,22.56,8.07,72.41,43.75,58.72,8.09
392.43,39.94,20.08,22.52,8.07,72.41,43.84,58.72,8.09
392.44,39.94,20.08,22.56,8.07,72.20,43.66,58.72,8.10
392.45,39.86,20.08,22.56,8.07,72.41,43.75,58.72,8.10
392.46,39.94,20.08,22.56,8.07,72.41,43.75,58.72,8.09
392.47,39.86,20.08,22.56,8.07,72.41,43.75,58.72,8.09
392.48,39.86,20.08,22.56,8.07,72.41,43.75,58.72,8.09
392.49,39.86,20.11,22.56,8.07,72.41,43.75,58.87,8.09
392.50,39.78,20.08,22.56,8.06,72.41,43.75,58.72,8.10
392.51,39.94,20.08,22.56,8.08,72.41,43.75,58.72,8.09
392.52,39.86,20.14,22.56,8.06,72.41,43.84,58.87,8.09
392.53,39.94,20.11,22.56,8.08,72.41,43.84,58.87,8.09
392.54,39.86,20.11,22.56,8.07,72.41,43.75,58.87,8.09
392.55,39.94,20.11,22.56,8.07,72.41,43.75,58.72,8.09
392.56,39.94,20.08,22.52,8.07,72.41,43.75,58.87,8.09
392.57,39.86,20.08,22.56,8.07,72.41,43.75,58.87,8.09
392.58,39.94,20.08,22.56,8.07,72.20,43.75,58.87,8.09
392.59,39.94,20.08,22.52,8.07,72.41,43.75,58.72,8.09
392.60,39.94,20.11,22.56,8.07,72.41,43.75,58.72,8.09
392.61,39.86,20.11,22.52,8.07,72.20,43.75,58.72,8.08
392.62,39.94,20.11,22.56,8.07,72.41,43.75,58.87,8.09
392.63,39.86,20.08,22.56,8.07,72.41,43.75,58.87,8.09
392.64,39.86,20.08,22.56,8.06,72.41,43.84,58.72,8.09
392.65,39.94,20.08,22.56,8.06,72.41,43.84,58.87,8.09
392.66,39.94,20.11,22.52,8.06,72.20,43.66,58.72,8.10
392.67,39.94,20.08,22.56,8.08,72.20,43.75,58.87,8.09
392.68,39.94,20.08,22.52,8.06,72.41,43.75,58.87,8.09
392.69,39.86,20.11,22.52,8.08,72.41,43.84,58.72,8.09
392.70,39.86,20.08,22.56,8.07,72.41,43.75,58.72,8.09
392.71,39.86,20.08,22.52,8.07,72.41,43.75,58.87,8.09
392.72,39.94,20.11,22.52,8.08,72.41,43.84,58.72,8.09
392.73,39.94,20.08,22.56,8.08,72.41,43.75,58.72,8.10
392.74,39.94,20.08,22.52,8.08,72.20,43.75,58.72,8.09
392.75,39.94,20.11,22.52,8.07,72.41,43.75,58.72,8.09
392.76,39.94,20.11,22.52,8.08,72.41,43.84,58.87,8.09
392.77,39.94,20.08,22.56,8.07,72.41,43.84,58.87,8.09
392.78,39.94,20.08,22.52,8.07,72.41,43.84,58.72,8.10
392.79,39.86,20.08,22.56,8.07,72.41,43.75,58.87,8.11
392.80,39.94,20.11,22.56,8.08,72.41,43.75,58.87,8.09
392.81,39.86,20.08,22.52,8.07,72.41,43.75,58.87,8.10
392.82,39.86,20.08,22.52,8.06,72.41,43.75,58.72,8.09
392.83,39.94,20.08,22.52,8.07,72.41,43.84,58.72,8.09
392.84,39.94,20.11,22.52,8.07,72.41,43.75,58.72,8.10
392.85,39.94,20.11,22.56,8.06,72.41,43.75,58.72,8.10
392.86,39.94,20.11,22.56,8.07,72.41,43.75,58.72,8.10
392.87,39.94,20.08,22.52,8.06,72.41,43.75,58.87,8.09
392.88,39.86,20.08,22.56,8.06,72.41,43.84,58.72,8.09
392.89,39.94,20.08,22.56,8.08,72.41,43.84,58.72,8.09
392.90,39.94,20.08,22.56,8.07,72.41,43.75,58.87,8.09
392.91,39.94,20.11,22.52,8.07,72.41,43.75,58.72,8.09
392.92,39.94,20.11,22.56,8.07,72.20,43.75,58.72,8.09
392.93,39.94,20.11,22.52,8.06,72.41,43.84,58.72,8.10
392.94,39.94,20.08,22.56,8.07,72.20,43.66,58.72,8.10
392.95,39.86,20.11,22.56,8.07,72.20,43.93,58.72,8.09
392.96,39.94,20.08,22.52,8.07,72.41,43.84,58.72,8.09
392.97,39.86,20.08,22.56,8.08,72.41,43.75,58.72,8.09
392.98,39.94,20.08,22.56,8.07,72.41,43.75,58.72,8.08
392.99,39.86,20.08,22.56,8.07,72.41,43.75,58.72,8.10
393.00,39.94,20.08,22.52,8.06,72.41,43.75,58.72,8.09
393.01,39.94,20.08,22.56,8.07,72.41,43.75,58.72,8.10
393.02,39.86,20.08,22.56,8.08,72.41,43.75,58.72,8.09
393.03,39.94,20.08,22.56,8.07,72.41,43.84,58.72,8.10
393.04,39.86,20.08,22.56,8.06,72.41,43.84,58.72,8.10
393.05,39.94,20.08,22.56,8.07,72.20,43.84,58.87,8.09
393.06,39.94,20.11,22.56,8.08,72.41,43.84,58.87,8.10
393.07,39.86,20.05,22.52,8.07,72.41,43.75,58.87,8.10
393.08,39.86,20.08,22.59,8.08,72.20,43.75,58.87,8.10
393.09,39.94,20.11,22.52,8.07,72.41,43.75,58.72,8.11
393.10,39.86,20.11,22.56,8.06,72.20,43.84,58.87,8.10
393.11,39.86,20.08,22.56,8.06,72.41,43.75,58.87,8.09
393.12,39.94,20.08,22.56,8.08,72.41,43.75,58.72,8.10
393.13,39.94,20.08,22.56,8.07,72.20,43.75,58.87,8.09
393.14,39.94,20.08,22.56,8.06,72.41,43.75,58.87,8.10
393.15,39.86,20.11,22.56,8.07,71.98,43.75,58.72,8.08
393.16,39.86,20.08,22.56,8.06,72.41,43.75,58.72,8.10
393.17,39.94,20.08,22.52,8.07,72.41,43.75,58.72,8.09
393.18,39.94,20.08,22.56,8.07,72.41,43.84,58.87,8.09
393.19,39.86,20.08,22.56,8.08,72.20,43.84,58.72,8.08
393.20,39.86,20.08,22.56,8.06,72.41,43.75,58.87,8.09
393.21,39.94,20.08,22.52,8.07,72.41,43.66,58.72,8.09
393.22,39.86,20.08,22.52,8.07,72.41,43.75,58.72,8.09
393.23,39.94,20.08,22.56,8.07,72.41,43.75,58.87,8.09
393.24,39.94,20.08,22.52,8.08,72.41,43.75,58.72,8.09
393.25,39.86,20.08,22.56,8.06,72.41,43.75,58.72,8.09
393.26,39.94,20.08,22.56,8.06,72.41,43.75,58.72,8.09
393.27,39.94,20.08,22.56,8.07,72.41,43.75,58.72,8.09
393.28,39.86,20.08,22.56,8.07,72.41,43.75,58.87,8.09
393.29,39.86,20.11,22.56,8.07,72.41,43.75,58.72,8.09
393.30,39.94,20.11,22.52,8.07,72.20,43.75,58.72,8.09
393.31,39.86,20.08,22.52,8.07,72.41,43.84,58.72,8.09
393.32,39.94,20.11,22.52,8.07,72.41,43.84,58.72,8.09
393.33,39.94,20.11,22.52,8.07,72.20,43.84,58.87,8.09
393.34,39.94,20.08,22.56,8.06,72.20,43.66,58.72,8.08
393.35,39.86,20.08,22.56,8.07,72.41,43.75,58.87,8.09
393.36,39.94,20.08,22.52,8.06,72.20,43.75,58.72,8.09
393.37,39.94,20.08,22.56,8.07,72.41,43.84,58.72,8.10
393.38,39.86,20.11,22.56,8.07,72.41,43.75,58.72,8.10
393.39,39.94,20.11,22.52,8.07,72.41,43.75,58.87,8.09
393.40,39.94,20.11,22.56,8.07,72.41,43.75,58.72,8.09
393.41,39.86,20.08,22.56,8.07,72.20,43.75,58.72,8.10
393.42,39.94,20.08,22.52,8.07,72.41,43.84,58.72,8.09
393.43,39.86,20.05,22.52,8.07,72.41,43.84,58.87,8.09
393.44,39.86,20.11,22.56,8.06,72.41,43.75,58.72,8.09
393.45,39.94,20.08,22.56,8.07,72.41,43.75,58.72,8.09
393.46,39.86,20.11,22.56,8.07,72.41,43.84,58.72,8.11
393.47,39.94,20.08,22.56,8.06,72.41,43.75,58.87,8.10
393.48,39.94,20.08,22.52,8.07,72.41,43.75,58.72,8.10
393.49,39.94,20.08,22.56,8.07,72.41,43.75,58.72,8.09
393.50,39.94,20.08,22.56,8.07,72.41,43.75,58.87,8.09
393.51,39.94,20.08,22.52,8.08,72.41,43.75,58.87,8.09
393.52,39.94,20.11,22.56,8.06,72.41,43.75,58.72,8.09
393.53,39.94,20.08,22.52,8.07,72.20,43.75,58.72,8.09
393.54,39.94,20.11,22.52,8.08,72.41,43.75,58.72,8.10
393.55,39.94,20.08,22.52,8.07,72.41,43.75,58.72,8.09
393.56,39.94,20.11,22.52,8.07,72.20,43.84,58.72,8.09
393.57,39.94,20.08,22.56,8.07,72.41,43.75,58.87,8.09
393.58,39.94,20.08,22.56,8.06,72.20,43.75,58.87,8.10
393.60,39.94,20.11,22.56,8.07,72.41,43.75,58.87,8.09
393.61,39.94,20.08,22.56,8.06,72.41,43.75,58.72,8.09
393.62,39.94,20.11,22.56,8.06,72.41,43.75,59.02,8.09
393.63,39.94,20.08,22.52,8.06,72.41,43.75,58.72,8.10
393.64,39.94,20.08,22.52,8.07,72.41,43.75,58.72,8.10
393.65,39.94,20.08,22.56,8.06,72.41,43.75,58.87,8.09
393.66,39.86,20.11,22.56,8.08,72.41,43.84,58.72,8.10
393.67,39.94,20.08,22.56,8.07,72.41,43.75,58.72,8.08
393.68,39.94,20.08,22.52,8.07,72.41,43.75,58.87,8.09
393.69,39.94,20.11,22.52,8.08,72.41,43.75,58.87,8.09
393.70,39.94,20.08,22.52,8.06,72.41,43.75,58.72,8.10
393.71,39.94,20.08,22.56,8.06,72.41,43.75,58.87,8.10
393.72,39.94,20.08,22.52,8.06,72.20,43.75,58.72,8.10
393.73,39.94,20.08,22.52,8.07,72.41,43.75,58.72,8.09
393.74,39.94,20.08,22.56,8.06,72.41,43.75,58.87,8.09
393.75,39.94,20.11,22.56,8.07,72.20,43.75,58.72,8.09
393.76,39.94,20.08,22.56,8.06,72.41,43.75,58.87,8.09
393.77,39.94,20.08,22.59,8.07,72.41,43.84,58.87,8.09
393.78,39.94,20.08,22.52,8.06,72.41,43.75,58.72,8.09
393.79,39.94,20.05,22.56,8.08,72.41,43.75,58.72,8.10
393.80,39.94,20.08,22.56,8.06,72.41,43.84,58.72,8.10
393.81,39.94,20.11,22.56,8.07,72.20,43.75,58.72,8.08
393.82,39.94,20.08,22.52,8.07,72.41,43.75,58.87,8.09
393.83,39.94,20.08,22.52,8.07,72.41,43.84,58.87,8.09
393.84,39.86,20.08,22.56,8.06,72.41,43.66,58.72,8.09
393.85,39.94,20.08,22.52,8.07,72.41,43.75,58.72,8.09
393.86,39.94,20.08,22.56,8.07,72.41,43.75,58.72,8.09
393.87,39.94,20.08,22.56,8.06,72.41,43.84,58.72,8.10
393.88,39.94,20.08,22.52,8.07,72.41,43.75,58.87,8.10
393.89,39.94,20.08,22.56,8.07,72.41,43.84,58.87,8.09
393.90,39.94,20.08,22.52,8.06,72.41,43.75,58.87,8.09
393.91,39.86,20.05,22.56,8.06,72.41,43.75,58.72,8.08
393.92,39.94,20.11,22.56,8.06,72.41,43.75,58.87,8.09
393.93,39.94,20.08,22.56,8.07,72.41,43.75,58.87,8.09
393.94,39.94,20.08,22.52,8.07,72.41,43.84,58.72,8.09
393.95,39.94,20.08,22.52,8.06,72.20,43.75,58.72,8.09
393.96,39.94,20.08,22.52,8.07,72.41,43.75,59.02,8.09
393.97,39.94,20.08,22.52,8.06,72.41,43.75,58.72,8.09
393.98,39.94,20.08,22.56,8.07,72.41,43.66,58.72,8.08
393.99,39.94,20.08,22.52,8.06,72.41,43.75,58.72,8.09
394.00,39.94,20.08,22.56,8.07,72.41,43.75,58.72,8.09
394.01,39.94,20.11,22.56,8.06,72.41,43.84,58.87,8.10
394.02,39.94,20.05,22.56,8.07,72.41,43.75,58.87,8.09
394.03,39.94,20.08,22.56,8.06,72.41,43.84,58.87,8.09
394.04,39.94,20.08,22.56,8.07,72.41,43.84,58.72,8.09
394.05,39.94,20.08,22.56,8.07,72.41,43.75,58.72,8.09
394.06,39.86,20.08,22.56,8.07,72.41,43.84,58.87,8.09
394.07,39.94,20.08,22.56,8.08,72.41,43.75,58.72,8.09
394.08,39.86,20.08,22.52,8.06,72.41,43.75,58.87,8.09
394.09,39.94,20.08,22.52,8.07,72.41,43.75,58.87,8.09
394.10,39.86,20.08,22.56,8.08,72.41,43.84,58.87,8.09
394.11,39.94,20.08,22.59,8.07,72.41,43.75,58.87,8.09
394.12,39.94,20.08,22.56,8.07,72.41,43.75,58.87,8.09
394.13,39.94,20.08,22.56,8.07,72.41,43.66,58.87,8.09
394.14,39.94,20.11,22.56,8.07,72.41,43.84,58.87,8.09
394.15,39.94,20.08,22.59,8.06,72.41,43.75,58.87,8.09
394.16,39.94,20.08,22.56,8.07,72.41,43.93,58.72,8.09
394.17,39.94,20.08,22.56,8.06,72.41,43.75,58.87,8.09
394.18,39.94,20.11,22.52,8.06,72.41,43.75,58.87,8.09
394.19,39.94,20.11,22.56,8.07,72.41,43.84,58.72,8.09
394.20,39.94,20.08,22.56,8.06,72.41,43.84,58.87,8.10
394.21,39.86,20.08,22.52,8.07,72.41,43.84,58.87,8.08
394.22,39.94,20.08,22.56,8.06,72.41,43.84,58.72,8.09
394.23,40.02,20.08,22.56,8.06,72.20,43.75,58.72,8.09
394.24,39.94,20.11,22.56,8.06,72.63,43.84,58.72,8.09
394.25,39.94,20.08,22.52,8.07,72.41,43.75,58.87,8.10
394.26,39.94,20.08,22.56,8.07,72.41,43.75,58.72,8.09
394.27,39.86,20.11,22.56,8.07,72.41,43.75,58.87,8.09
394.28,39.94,20.11,22.56,8.07,72.41,43.84,58.87,8.10
394.29,40.02,20.11,22.59,8.06,72.41,43.75,58.72,8.09
394.30,39.94,20.08,22.52,8.07,72.41,43.75,58.87,8.09
394.31,39.94,20.11,22.59,8.06,72.41,43.75,58.87,8.09
394.32,40.02,20.11,22.59,8.08,72.41,43.75,58.72,8.09
394.33,39.94,20.11,22.56,8.07,72.41,43.75,58.87,8.11
394.34,39.94,20.08,22.52,8.06,72.41,43.75,58.87,8.09
394.35,39.86,20.08,22.56,8.06,72.41,43.75,58.72,8.08
394.36,39.94,20.08,22.56,8.06,72.20,43.75,58.87,8.09
394.37,39.94,20.11,22.52,8.06,72.41,43.75,58.72,8.09
394.38,39.94,20.11,22.56,8.07,72.41,43.75,58.72,8.09
394.39,39.86,20.08,22.56,8.08,72.41,43.75,58.87,8.10
394.40,39.94,20.08,22.56,8.07,72.41,43.84,59.02,8.10
394.41,39.94,20.11,22.56,8.07,72.41,43.84,59.02,8.09
394.42,39.94,20.08,22.56,8.08,72.41,43.75,58.57,8.08
394.43,39.94,20.08,22.56,8.08,72.41,43.84,58.72,8.10
394.44,39.94,20.11,22.56,8.06,72.41,43.84,58.87,8.09
394.45,39.86,20.08,22.56,8.07,72.41,43.84,58.87,8.10
394.46,39.94,20.08,22.56,8.07,72.41,43.75,58.87,8.09
394.47,39.94,20.08,22.56,8.07,72.41,43.84,58.72,8.09
394.48,39.94,20.08,22.56,8.07,72.41,43.84,58.87,8.09
394.49,39.86,20.08,22.56,8.08,72.41,43.75,58.87,8.09
394.50,40.02,20.11,22.56,8.06,72.41,43.75,58.87,8.10
394.51,39.94,20.08,22.56,8.07,72.41,43.84,58.72,8.10
394.52,39.94,20.08,22.56,8.08,72.41,43.75,58.72,8.10
394.53,39.94,20.11,22.56,8.07,72.41,43.75,58.87,8.10
394.54,39.94,20.08,22.56,8.07,72.41,43.75,58.87,8.09
394.55,39.94,20.08,22.56,8.06,72.41,43.84,58.72,8.10
394.56,39.94,20.11,22.56,8.08,72.41,43.75,58.87,8.09
394.57,39.94,20.11,22.56,8.07,72.41,43.75,58.72,8.09
394.58,39.94,20.11,22.59,8.07,72.41,43.75,58.87,8.09
394.59,39.94,20.11,22.52,8.08,72.41,43.75,58.72,8.10
394.60,39.86,20.11,22.52,8.06,72.41,43.84,58.87,8.09
394.61,39.86,20.08,22.56,8.07,72.41,43.75,58.87,8.10
394.62,39.94,20.11,22.56,8.08,72.41,43.84,58.72,8.09
394.63,40.02,20.11,22.56,8.06,72.41,43.75,58.87,8.09
394.64,39.94,20.11,22.59,8.07,72.41,43.75,58.87,8.10
394.65,40.02,20.08,22.56,8.07,72.41,43.75,58.72,8.09
394.66,39.94,20.11,22.56,8.08,72.41,43.75,58.87,8.10
394.67,39.94,20.08,22.56,8.07,72.41,43.75,58.87,8.09
394.68,39.94,20.11,22.56,8.07,72.41,43.66,58.72,8.10
394.69,40.02,20.08,22.56,8.07,72.41,43.84,58.87,8.09
394.70,39.94,20.11,22.59,8.07,72.41,43.75,58.72,8.09
394.71,40.02,20.11,22.56,8.07,72.41,43.75,58.87,8.09
394.72,39.94,20.08,22.56,8.07,72.63,43.75,58.87,8.09
394.73,39.94,20.11,22.56,8.06,72.41,43.84,58.72,8.09
394.74,39.94,20.08,22.56,8.06,72.41,43.75,58.72,8.11
394.75,39.94,20.11,22.56,8.07,72.20,43.75,58.72,8.09
394.76,40.02,20.08,22.56,8.06,72.41,43.75,58.87,8.10
394.77,39.94,20.08,22.56,8.07,72.41,43.75,58.87,8.09
394.78,40.02,20.08,22.56,8.07,72.41,43.75,58.87,8.09
394.79,40.02,20.11,22.56,8.07,72.41,43.84,58.72,8.10
394.80,39.94,20.08,22.56,8.07,72.41,43.75,58.87,8.10
394.81,39.94,20.08,22.56,8.08,72.41,43.75,58.87,8.10
394.82,39.94,20.08,22.56,8.07,72.41,43.84,58.72,8.09
394.83,39.86,20.08,22.56,8.07,72.41,43.84,58.87,8.09
394.84,39.94,20.08,22.56,8.07,72.41,43.84,58.87,8.09
394.85,39.94,20.11,22.56,8.07,72.41,43.84,58.87,8.10
394.86,39.94,20.08,22.56,8.06,72.41,43.75,58.87,8.09
394.87,40.02,20.08,22.59,8.07,72.41,43.84,58.87,8.09
394.88,39.94,20.08,22.56,8.07,72.41,43.75,58.87,8.09
394.89,39.94,20.11,22.56,8.08,72.41,43.84,58.87,8.10
394.90,39.94,20.08,22.59,8.07,72.41,43.84,58.87,8.09
394.91,39.94,20.08,22.56,8.07,72.41,43.75,58.87,8.10
394.92,39.94,20.11,22.56,8.08,72.63,43.75,58.87,8.09
394.93,39.94,20.08,22.59,8.07,72.41,43.75,58.87,8.09
394.94,39.94,20.08,22.56,8.07,72.41,43.75,58.87,8.10
394.95,39.94,20.08,22.56,8.07,72.41,43.75,58.87,8.10
394.96,39.94,20.11,22.56,8.07,72.41,43.84,58.87,8.09
394.97,40.02,20.11,22.56,8.08,72.41,43.75,58.87,8.10
394.98,39.94,20.08,22.56,8.06,72.41,43.84,58.72,8.09
394.99,39.94,20.11,22.56,8.07,72.41,43.75,58.87,8.09
395.00,39.94,20.11,22.56,8.07,72.63,43.84,58.87,8.10
395.01,39.94,20.11,22.56,8.07,72.63,43.75,59.02,8.10
395.02,39.94,20.11,22.56,8.07,72.41,43.84,58.87,8.09
395.03,39.94,20.08,22.56,8.07,72.63,43.75,59.02,8.09
395.04,39.94,20.11,22.56,8.07,72.41,43.84,58.87,8.09
395.05,40.02,20.08,22.56,8.08,72.41,43.75,58.87,8.09
395.06,39.94,20.11,22.56,8.06,72.41,43.75,58.72,8.09
395.07,39.94,20.11,22.59,8.07,72.41,43.75,58.87,8.09
395.08,40.02,20.11,22.56,8.06,72.41,43.75,58.87,8.09
395.09,39.94,20.08,22.56,8.06,72.41,43.84,58.87,8.10
395.10,39.94,20.08,22.59,8.07,72.63,43.75,58.87,8.10
395.11,39.94,20.11,22.56,8.06,72.41,43.75,58.72,8.09
395.12,39.94,20.11,22.59,8.07,72.41,43.84,58.87,8.09
395.13,39.94,20.11,22.56,8.07,72.41,43.75,58.87,8.09
395.14,39.94,20.11,22.56,8.07,72.41,43.75,58.87,8.08
395.15,39.94,20.08,22.56,8.07,72.41,43.75,58.87,8.09
395.16,39.94,20.08,22.56,8.07,72.41,43.84,58.87,8.09
395.17,39.94,20.08,22.56,8.06,72.63,43.84,58.87,8.09
395.18,39.94,20.08,22.59,8.06,72.41,43.84,58.87,8.09
395.19,40.02,20.11,22.56,8.07,72.41,43.84,58.87,8.10
395.20,39.94,20.11,22.56,8.07,72.41,43.75,58.87,8.09
395.21,39.94,20.11,22.56,8.07,72.41,43.75,58.87,8.09
395.22,39.94,20.08,22.59,8.07,72.41,43.75,58.72,8.10
395.23,40.02,20.14,22.56,8.06,72.41,43.75,58.87,8.09
395.24,40.02,20.11,22.56,8.08,72.41,43.75,58.87,8.10
395.25,39.94,20.08,22.56,8.06,72.41,43.84,58.87,8.10
395.26,39.94,20.11,22.56,8.07,72.41,43.75,58.87,8.10
395.27,39.94,20.11,22.56,8.07,72.41,43.84,58.87,8.09
395.28,40.02,20.08,22.59,8.06,72.41,43.84,58.87,8.09
395.29,39.94,20.11,22.56,8.07,72.63,43.84,58.87,8.09
395.30,40.02,20.08,22.59,8.07,72.41,43.84,58.87,8.10
395.31,39.94,20.11,22.56,8.07,72.41,43.75,58.87,8.09
395.32,40.02,20.08,22.56,8.08,72.41,43.75,58.87,8.09
395.33,39.94,20.11,22.56,8.07,72.41,43.93,58.87,8.10
395.34,39.94,20.11,22.56,8.07,72.41,43.75,58.87,8.10
395.35,40.02,20.11,22.56,8.07,72.41,43.75,58.87,8.10
395.36,39.94,20.08,22.56,8.07,72.41,43.93,58.87,8.09
395.37,40.02,20.08,22.56,8.07,72.41,43.75,59.02,8.10
395.38,40.02,20.11,22.59,8.07,72.41,43.84,58.87,8.10
395.39,39.94,20.11,22.59,8.07,72.41,43.75,58.87,8.09
395.40,40.02,20.11,22.56,8.07,72.41,43.84,58.87,8.11
395.41,39.94,20.08,22.59,8.07,72.41,43.84,58.87,8.08
395.42,39.94,20.11,22.56,8.08,72.41,43.75,58.87,8.10
395.43,40.02,20.08,22.56,8.07,72.41,43.75,58.72,8.10
395.44,39.94,20.11,22.59,8.07,72.41,43.84,58.72,8.09
395.45,40.02,20.08,22.56,8.07,72.41,43.84,58.87,8.09
395.46,40.02,20.11,22.59,8.07,72.41,43.75,58.87,8.11
395.47,39.86,20.11,22.56,8.07,72.63,43.75,58.87,8.11
395.48,40.02,20.11,22.56,8.07,72.41,43.84,58.72,8.09
395.49,40.02,20.08,22.56,8.07,72.63,43.84,59.02,8.09
395.50,40.02,20.11,22.56,8.07,72.41,43.84,58.72,8.10
395.51,40.02,20.11,22.59,8.08,72.63,43.84,58.87,8.09
395.52,39.94,20.11,22.59,8.07,72.63,43.84,58.87,8.11
395.53,39.94,20.11,22.56,8.07,72.41,43.84,58.72,8.09
395.54,39.94,20.11,22.56,8.07,72.41,43.84,58.87,8.09
395.55,39.94,20.11,22.56,8.07,72.63,43.84,58.87,8.10
395.56,40.02,20.11,22.59,8.07,72.20,43.84,58.72,8.09
395.57,39.94,20.08,22.56,8.07,72.41,43.75,58.87,8.10
395.58,39.94,20.11,22.56,8.08,72.41,43.84,59.02,8.09
395.59,39.94,20.11,22.59,8.08,72.41,43.84,58.72,8.10
395.60,39.94,20.11,22.56,8.07,72.63,43.75,58.87,8.11
395.61,40.02,20.11,22.56,8.06,72.41,43.84,59.02,8.09
395.62,40.02,20.08,22.59,8.07,72.41,43.84,58.72,8.10
395.63,39.94,20.11,22.56,8.07,72.41,43.75,58.87,8.09
395.64,40.02,20.11,22.56,8.07,72.41,43.75,58.72,8.10
395.65,40.02,20.11,22.59,8.07,72.41,43.84,58.87,8.10
395.66,39.94,20.11,22.56,8.07,72.41,43.84,58.87,8.10
395.67,40.02,20.08,22.56,8.07,72.41,43.75,58.87,8.10
395.68,39.94,20.11,22.59,8.07,72.63,43.84,58.87,8.10
395.69,40.02,20.11,22.59,8.08,72.41,43.84,58.87,8.09
395.70,40.02,20.11,22.56,8.07,72.41,43.75,58.87,8.10
395.71,40.02,20.11,22.56,8.07,72.41,43.84,58.87,8.09
395.72,40.02,20.11,22.56,8.08,72.41,43.93,59.02,8.10
395.73,39.94,20.11,22.56,8.07,72.41,43.84,58.87,8.09
395.74,40.02,20.11,22.56,8.08,72.41,43.84,58.87,8.10
395.75,40.02,20.08,22.59,8.07,72.41,43.84,58.87,8.10
395.76,40.02,20.08,22.56,8.08,72.41,43.84,58.87,8.10
395.77,39.94,20.11,22.56,8.06,72.41,43.75,58.72,8.10
395.78,40.02,20.08,22.59,8.07,72.41,43.84,58.87,8.09
395.79,39.94,20.08,22.56,8.08,72.41,43.84,58.72,8.09
395.80,40.02,20.11,22.56,8.07,72.41,43.75,58.87,8.09
395.81,40.02,20.11,22.56,8.07,72.41,43.75,58.87,8.09
395.82,40.02,20.11,22.56,8.08,72.41,43.84,58.87,8.09
395.83,40.02,20.11,22.59,8.07,72.63,43.75,58.87,8.10
395.84,39.94,20.08,22.56,8.07,72.41,43.84,58.87,8.10
395.85,40.02,20.14,22.59,8.07,72.41,43.75,58.87,8.10
395.86,39.94,20.08,22.59,8.07,72.41,43.84,58.87,8.10
395.87,39.94,20.11,22.56,8.06,72.41,43.75,58.87,8.09
395.88,39.94,20.08,22.56,8.07,72.41,43.84,58.87,8.09
395.89,39.94,20.11,22.59,8.07,72.63,43.84,58.72,8.10
395.90,39.94,20.11,22.56,8.07,72.41,43.84,58.87,8.09
395.91,39.94,20.08,22.59,8.07,72.41,43.84,58.72,8.09
395.92,39.94,20.08,22.56,8.08,72.41,43.84,58.87,8.10
395.93,40.02,20.11,22.56,8.07,72.41,43.84,58.87,8.09
395.94,40.02,20.14,22.56,8.07,72.41,43.75,58.87,8.10
395.95,40.02,20.08,22.56,8.07,72.41,43.84,58.87,8.10
395.96,39.94,20.11,22.56,8.07,72.41,43.75,58.87,8.10
395.97,39.94,20.11,22.56,8.07,72.63,43.84,58.87,8.11
395.98,39.94,20.11,22.56,8.07,72.41,43.84,59.02,8.09
395.99,39.94,20.11,22.56,8.08,72.41,43.84,58.87,8.10
396.00,40.02,20.11,22.56,8.06,72.41,43.84,58.72,8.09
396.01,39.94,20.08,22.59,8.07,72.41,43.84,58.87,8.09
396.02,39.94,20.08,22.56,8.07,72.41,43.84,58.87,8.10
396.03,40.02,20.11,22.59,8.07,72.41,43.84,58.87,8.09
396.04,40.02,20.14,22.59,8.08,72.41,43.75,58.87,8.10
396.05,40.02,20.11,22.59,8.07,72.41,43.75,58.87,8.09
396.06,40.02,20.11,22.56,8.07,72.41,43.75,58.87,8.09
396.07,39.94,20.08,22.56,8.08,72.41,43.84,58.87,8.10
396.08,40.02,20.11,22.56,8.07,72.41,43.84,58.87,8.09
396.09,40.02,20.11,22.56,8.07,72.41,43.84,59.02,8.10
396.10,39.94,20.11,22.56,8.07,72.63,43.84,58.87,8.09
396.11,39.94,20.11,22.56,8.07,72.41,43.84,58.87,8.09
396.12,40.02,20.11,22.56,8.08,72.41,43.75,59.02,8.10
396.13,39.94,20.08,22.56,8.07,72.63,43.84,58.87,8.09
396.14,39.94,20.08,22.56,8.07,72.41,43.84,58.87,8.09
396.15,39.94,20.11,22.56,8.07,72.41,43.84,58.87,8.09
396.16,39.94,20.11,22.59,8.07,72.41,43.84,58.87,8.10
396.17,40.02,20.08,22.56,8.06,72.41,43.84,58.72,8.09
396.18,39.94,20.11,22.59,8.07,72.41,43.84,58.87,8.09
396.19,39.94,20.08,22.56,8.07,72.41,43.93,58.72,8.09
396.20,40.02,20.08,22.56,8.07,72.41,43.84,58.87,8.09
396.21,40.02,20.11,22.56,8.06,72.41,43.66,58.72,8.09
396.22,39.94,20.11,22.56,8.06,72.63,43.84,58.87,8.09
396.23,39.94,20.08,22.59,8.06,72.41,43.84,58.72,8.10
396.24,39.94,20.11,22.56,8.06,72.41,43.84,58.72,8.10
396.25,40.02,20.08,22.56,8.07,72.41,43.84,58.87,8.09
396.26,39.94,20.11,22.56,8.07,72.41,43.75,58.72,8.09
396.27,40.02,20.08,22.56,8.08,72.41,43.84,58.72,8.10
396.28,40.02,20.11,22.56,8.07,72.41,43.84,58.87,8.10
396.29,40.02,20.11,22.56,8.07,72.41,43.84,58.87,8.11
396.30,40.02,20.11,22.59,8.07,72.63,43.84,58.87,8.10
396.31,39.94,20.11,22.59,8.07,72.41,43.84,58.87,8.10
396.32,40.02,20.08,22.56,8.07,72.63,43.84,58.87,8.10
396.33,40.02,20.11,22.56,8.07,72.41,43.75,58.87,8.10
396.34,40.02,20.08,22.56,8.06,72.41,43.75,58.87,8.09
396.35,39.94,20.11,22.56,8.06,72.41,43.75,58.87,8.09
396.36,39.94,20.08,22.59,8.08,72.41,43.84,58.87,8.09
396.37,39.94,20.08,22.56,8.08,72.41,43.84,58.87,8.09
396.38,39.94,20.08,22.56,8.06,72.63,43.84,58.87,8.09
396.39,40.02,20.08,22.59,8.07,72.41,43.84,58.87,8.09
396.40,39.94,20.08,22.56,8.07,72.41,43.84,59.02,8.11
396.41,39.94,20.11,22.59,8.07,72.41,43.84,58.72,8.09
396.42,40.02,20.11,22.56,8.07,72.41,43.84,58.87,8.10
396.43,39.94,20.08,22.59,8.07,72.41,43.84,58.87,8.11
396.44,40.02,20.08,22.56,8.07,72.41,43.75,58.87,8.10
396.45,39.94,20.11,22.59,8.07,72.41,43.75,59.02,8.10
396.46,39.94,20.08,22.56,8.08,72.63,43.84,58.87,8.10
396.47,39.94,20.11,22.59,8.06,72.63,43.75,58.87,8.10
396.48,39.94,20.11,22.56,8.07,72.41,43.75,58.87,8.09
396.50,40.02,20.11,22.56,8.07,72.41,43.84,58.87,8.10
396.51,40.02,20.11,22.56,8.07,72.41,43.84,58.87,8.09
396.52,40.02,20.08,22.56,8.07,72.41,43.84,58.87,8.10
396.53,39.86,20.11,22.56,8.07,72.63,43.75,58.87,8.10
396.54,40.02,20.11,22.56,8.08,72.41,43.84,59.02,8.09
396.55,40.02,20.08,22.59,8.07,72.63,43.93,58.72,8.10
396.56,39.94,20.08,22.56,8.08,72.41,43.75,58.87,8.10
396.57,39.94,20.11,22.59,8.07,72.41,43.84,58.87,8.10
396.58,39.94,20.11,22.59,8.07,72.63,43.75,58.87,8.09
396.59,39.94,20.11,22.56,8.07,72.63,43.84,58.87,8.09
396.60,39.94,20.08,22.59,8.07,72.41,43.84,58.87,8.09
396.61,39.94,20.11,22.56,8.06,72.41,43.84,58.87,8.10
396.62,40.02,20.11,22.56,8.07,72.63,43.84,58.87,8.09
396.63,40.02,20.11,22.56,8.07,72.63,43.84,58.87,8.10
396.64,39.94,20.08,22.59,8.07,72.41,43.84,58.87,8.09
396.65,40.02,20.11,22.59,8.07,72.63,43.84,58.87,8.09
396.66,39.86,20.11,22.56,8.07,72.41,43.84,58.87,8.11
396.67,39.86,20.08,22.59,8.07,72.63,43.84,58.87,8.09
396.68,40.10,20.08,22.59,8.07,72.41,43.84,58.87,8.09
396.69,40.02,20.08,22.56,8.06,72.41,43.84,59.02,8.10
396.70,39.94,20.11,22.59,8.07,72.41,43.84,59.02,8.09
396.71,40.02,20.11,22.56,8.06,72.41,43.75,58.87,8.10
396.72,39.94,20.11,22.56,8.07,72.41,43.75,58.87,8.10
396.73,39.94,20.11,22.56,8.06,72.41,43.84,58.87,8.10
396.74,39.94,20.08,22.59,8.07,72.63,43.84,58.87,8.10
396.75,39.94,20.11,22.56,8.07,72.63,43.75,58.87,8.10
396.76,39.94,20.08,22.56,8.06,72.85,43.75,58.87,8.09
396.77,39.94,20.14,22.56,8.07,72.63,43.75,59.02,8.09
396.78,40.02,20.11,22.59,8.07,72.41,43.84,58.87,8.09
396.79,39.94,20.11,22.59,8.07,72.63,43.75,58.87,8.09
396.80,40.02,20.11,22.56,8.07,72.41,43.75,58.87,8.10
396.81,39.94,20.11,22.56,8.07,72.63,43.84,58.72,8.09
396.82,40.02,20.11,22.56,8.08,72.41,43.84,59.18,8.09
396.83,40.02,20.11,22.59,8.07,72.63,43.84,58.87,8.09
396.84,39.94,20.14,22.59,8.06,72.63,43.66,58.87,8.09
396.85,39.94,20.11,22.56,8.07,72.41,43.84,58.87,8.09
396.86,39.94,20.08,22.59,8.07,72.41,43.75,58.87,8.09
396.87,40.02,20.08,22.56,8.07,72.41,43.84,58.87,8.11
396.88,39.94,20.08,22.59,8.08,72.63,43.75,58.87,8.10
396.89,39.94,20.11,22.59,8.08,72.41,43.84,58.87,8.09
396.90,40.02,20.08,22.56,8.06,72.41,43.84,58.87,8.09
396.91,39.94,20.11,22.59,8.06,72.41,43.84,58.87,8.09
396.92,39.94,20.11,22.59,8.07,72.63,43.75,59.02,8.09
396.93,40.02,20.11,22.56,8.07,72.63,43.84,59.02,8.10
396.94,40.02,20.11,22.59,8.07,72.63,43.84,58.87,8.10
396.95,40.02,20.08,22.56,8.06,72.63,43.75,58.87,8.10
396.96,39.94,20.11,22.56,8.07,72.41,43.84,58.87,8.10
396.97,40.02,20.11,22.56,8.07,72.41,43.84,58.87,8.10
396.98,40.02,20.11,22.59,8.07,72.63,43.84,58.72,8.10
396.99,40.02,20.11,22.56,8.08,72.63,43.75,58.87,8.10
397.00,40.02,20.11,22.56,8.07,72.63,43.84,58.87,8.09
397.01,40.02,20.11,22.56,8.07,72.41,43.75,58.87,8.10
397.02,39.94,20.08,22.59,8.07,72.63,43.75,58.87,8.09
397.03,39.94,20.08,22.59,8.08,72.63,43.75,58.87,8.09
397.05,40.02,20.11,22.56,8.06,72.41,43.75,58.87,8.09
397.06,39.94,20.08,22.59,8.08,72.41,43.75,58.87,8.08
397.07,40.02,20.08,22.56,8.07,72.41,43.75,58.87,8.09
397.08,39.94,20.08,22.59,8.07,72.41,43.84,58.87,8.11
397.09,39.94,20.11,22.56,8.07,72.41,43.75,58.87,8.09
397.10,39.94,20.08,22.59,8.06,72.63,43.84,58.87,8.09
397.11,40.02,20.11,22.59,8.07,72.41,43.84,58.87,8.09
397.12,40.02,20.14,22.56,8.08,72.41,43.84,58.87,8.10
397.13,40.02,20.11,22.56,8.07,72.41,43.84,58.87,8.09
397.14,40.02,20.08,22.59,8.07,72.41,43.75,59.02,8.11
397.15,40.02,20.11,22.56,8.07,72.41,43.84,58.87,8.09
397.16,40.02,20.11,22.56,8.07,72.63,43.84,58.87,8.09
397.17,40.02,20.11,22.56,8.07,72.41,43.84,58.87,8.09
397.18,39.94,20.11,22.56,8.06,72.63,43.84,59.02,8.10
397.19,40.02,20.11,22.59,8.08,72.41,43.75,58.87,8.09
397.20,40.02,20.08,22.59,8.07,72.41,43.84,58.87,8.10
397.21,39.94,20.08,22.59,8.06,72.63,43.84,58.87,8.09
397.22,40.02,20.11,22.59,8.08,72.41,43.84,59.02,8.09
397.23,40.02,20.11,22.59,8.06,72.63,43.84,59.02,8.10
397.24,40.02,20.11,22.59,8.07,72.41,43.75,59.02,8.11
397.25,39.94,20.11,22.59,8.07,72.63,43.75,58.87,8.09
397.26,40.02,20.11,22.59,8.07,72.41,43.84,58.87,8.10
397.27,40.02,20.11,22.59,8.06,72.41,43.75,59.02,8.10
397.28,40.02,20.08,22.59,8.07,72.63,43.75,59.02,8.10
397.29,39.94,20.11,22.56,8.07,72.63,43.84,58.87,8.11
397.30,40.02,20.11,22.56,8.07,72.41,43.84,58.87,8.10
397.31,39.94,20.08,22.59,8.07,72.41,43.75,58.87,8.10
397.32,40.02,20.11,22.56,8.07,72.41,43.84,58.87,8.09
397.33,39.94,20.08,22.59,8.07,72.41,43.84,58.87,8.09
397.34,39.94,20.08,22.56,8.07,72.63,43.84,58.87,8.10
397.35,39.94,20.11,22.59,8.08,72.41,43.84,59.02,8.09
397.36,39.94,20.11,22.59,8.07,72.41,43.84,58.87,8.09
397.37,39.94,20.11,22.59,8.07,72.41,43.75,59.02,8.09
397.38,40.02,20.11,22.59,8.07,72.41,43.84,59.02,8.11
397.39,39.94,20.11,22.59,8.08,72.41,43.75,59.02,8.09
397.40,40.02,20.11,22.59,8.07,72.41,43.84,59.02,8.09
397.41,39.94,20.08,22.59,8.07,72.63,43.84,58.87,8.10
397.42,40.02,20.11,22.56,8.07,72.63,43.75,58.87,8.09
397.43,40.02,20.14,22.56,8.07,72.63,43.84,58.87,8.09
397.44,40.02,20.11,22.56,8.07,72.63,43.84,58.87,8.10
397.45,40.02,20.11,22.59,8.07,72.63,43.84,58.87,8.10
397.46,40.02,20.11,22.56,8.07,72.41,43.84,59.02,8.11
397.47,39.94,20.11,22.56,8.07,72.63,43.93,58.87,8.09
397.48,39.94,20.14,22.59,8.07,72.41,43.84,59.02,8.10
397.49,40.02,20.11,22.59,8.08,72.63,43.84,59.02,8.09
397.50,39.94,20.11,22.59,8.07,72.63,43.84,58.87,8.10
397.51,39.94,20.11,22.59,8.07,72.41,43.84,59.02,8.10
397.52,39.86,20.11,22.59,8.07,72.41,43.84,59.02,8.10
397.53,40.02,20.11,22.56,8.08,72.41,43.84,59.02,8.10
397.54,39.94,20.11,22.59,8.07,72.63,43.84,58.87,8.09
397.55,40.02,20.11,22.59,8.07,72.63,43.84,58.87,8.10
397.56,40.02,20.11,22.56,8.08,72.63,43.84,59.02,8.10
397.57,40.02,20.11,22.56,8.07,72.63,43.84,59.02,8.10
397.58,40.02,20.11,22.59,8.07,72.41,43.75,58.87,8.09
397.59,40.02,20.11,22.56,8.07,72.63,43.84,58.87,8.09
397.60,40.02,20.11,22.59,8.08,72.41,43.84,58.87,8.09
397.61,39.94,20.11,22.56,8.07,72.41,43.84,58.87,8.10
397.62,39.94,20.11,22.56,8.08,72.63,43.93,58.87,8.09
397.63,40.02,20.11,22.59,8.06,72.41,43.84,58.87,8.10
397.64,40.02,20.11,22.56,8.07,72.41,43.75,59.02,8.09
397.65,40.02,20.08,22.59,8.07,72.41,43.84,58.87,8.09
397.66,39.94,20.11,22.59,8.06,72.41,43.84,58.87,8.10
397.67,40.02,20.11,22.56,8.07,72.63,43.84,58.87,8.09
397.68,40.02,20.11,22.56,8.07,72.41,43.84,59.02,8.10
397.69,40.02,20.11,22.59,8.07,72.41,43.84,58.87,8.09
397.70,40.02,20.11,22.56,8.07,72.41,43.75,58.87,8.11
397.71,39.94,20.08,22.59,8.07,72.63,43.84,58.87,8.10
397.72,40.02,20.11,22.56,8.08,72.63,43.84,59.02,8.10
397.73,39.94,20.11,22.56,8.08,72.41,43.84,59.02,8.11
397.74,40.02,20.11,22.59,8.07,72.41,43.84,59.02,8.10
397.75,40.02,20.11,22.59,8.07,72.63,43.66,58.87,8.10
397.76,40.02,20.11,22.56,8.07,72.41,43.93,59.02,8.10
397.77,40.02,20.11,22.59,8.07,72.41,43.84,58.87,8.10
397.78,39.94,20.11,22.59,8.07,72.41,43.84,58.87,8.11
397.79,40.02,20.11,22.59,8.06,72.63,43.84,58.87,8.10
397.80,39.94,20.11,22.59,8.07,72.41,43.84,59.02,8.10
397.81,39.94,20.11,22.59,8.07,72.41,43.84,58.87,8.10
397.82,39.94,20.11,22.59,8.08,72.41,43.84,59.02,8.09
397.83,39.94,20.11,22.56,8.07,72.63,43.93,58.87,8.11
397.84,40.02,20.11,22.59,8.07,72.41,43.75,59.02,8.10
397.85,39.94,20.11,22.59,8.07,72.63,43.75,58.87,8.09
397.86,40.02,20.11,22.59,8.07,72.41,43.84,59.02,8.10
397.87,39.94,20.11,22.56,8.07,72.41,43.84,59.02,8.11
397.88,39.94,20.11,22.56,8.08,72.41,43.84,59.02,8.10
397.89,40.02,20.11,22.59,8.07,72.41,43.75,59.02,8.10
397.90,40.02,20.11,22.56,8.07,72.41,43.84,58.87,8.09
397.91,40.02,20.11,22.59,8.06,72.63,43.84,59.02,8.09
397.92,40.02,20.11,22.59,8.08,72.41,43.75,59.02,8.09
397.93,40.02,20.11,22.59,8.07,72.41,43.84,58.87,8.09
397.94,40.02,20.11,22.59,8.07,72.63,43.84,58.87,8.10
397.95,40.02,20.14,22.56,8.06,72.41,43.75,59.02,8.11
397.96,40.02,20.11,22.59,8.07,72.20,43.84,58.87,8.11
397.97,40.02,20.11,22.56,8.07,72.41,43.84,58.87,8.10
397.98,40.02,20.11,22.59,8.07,72.41,43.84,59.02,8.09
397.99,39.94,20.11,22.59,8.07,72.41,43.84,58.72,8.10
398.00,39.94,20.11,22.59,8.07,72.41,43.84,59.02,8.09
398.01,39.94,20.11,22.56,8.07,72.63,43.93,59.18,8.09
398.02,39.94,20.11,22.59,8.08,72.63,43.84,59.02,8.10
398.03,39.94,20.11,22.59,8.07,72.63,43.84,58.87,8.09
398.04,40.02,20.11,22.56,8.07,72.41,43.75,59.02,8.09
398.05,39.94,20.08,22.59,8.07,72.63,43.75,58.87,8.09
398.06,40.02,20.11,22.59,8.07,72.41,43.75,59.02,8.10
398.07,39.94,20.11,22.59,8.07,72.41,43.84,59.02,8.10
398.08,40.02,20.11,22.59,8.07,72.63,43.84,59.02,8.11
398.09,40.02,20.11,22.59,8.07,72.63,43.93,59.02,8.09
398.10,40.02,20.11,22.56,8.06,72.63,43.84,59.02,8.10
398.11,40.02,20.11,22.59,8.07,72.63,43.93,58.87,8.09
398.12,39.94,20.11,22.59,8.07,72.63,43.84,59.02,8.11
398.13,40.02,20.11,22.56,8.07,72.63,43.84,58.87,8.09
398.14,40.02,20.11,22.59,8.08,72.41,43.84,58.87,8.09
398.15,40.02,20.08,22.59,8.07,72.63,43.75,59.02,8.09
398.16,40.02,20.14,22.59,8.07,72.63,43.84,59.02,8.09
398.17,40.02,20.11,22.59,8.07,72.41,43.84,58.87,8.10
398.18,40.02,20.11,22.59,8.07,72.41,43.93,58.87,8.10
398.19,40.02,20.11,22.59,8.07,72.41,43.84,59.02,8.09
398.20,40.02,20.11,22.59,8.07,72.63,43.84,58.87,8.09
398.21,40.02,20.11,22.59,8.08,72.41,43.84,59.02,8.10
398.22,39.94,20.11,22.56,8.08,72.41,43.84,59.18,8.10
398.23,40.02,20.11,22.56,8.08,72.41,43.84,59.02,8.10
398.24,40.02,20.14,22.59,8.08,72.63,43.84,58.87,8.10
398.25,40.02,20.14,22.59,8.07,72.63,43.84,58.87,8.10
398.26,40.02,20.14,22.56,8.07,72.63,43.93,59.02,8.09
398.27,40.02,20.14,22.56,8.08,72.63,43.93,59.02,8.11
398.28,39.94,20.11,22.56,8.07,72.41,43.84,58.87,8.10
398.29,40.02,20.14,22.56,8.08,72.41,43.75,58.87,8.10
398.30,39.94,20.11,22.59,8.07,72.41,43.84,58.87,8.09
398.31,40.02,20.11,22.59,8.07,72.63,43.84,59.02,8.10
398.32,40.02,20.14,22.59,8.07,72.63,43.84,59.02,8.10
398.33,39.94,20.11,22.59,8.07,72.41,43.75,58.87,8.10
398.34,40.02,20.11,22.56,8.08,72.41,43.84,59.02,8.10
398.35,40.02,20.11,22.59,8.08,72.41,43.84,59.02,8.10
398.36,40.02,20.11,22.59,8.07,72.41,43.93,58.87,8.10
398.37,39.94,20.08,22.59,8.08,72.63,43.84,59.02,8.09
398.38,39.94,20.11,22.59,8.07,72.41,43.84,59.02,8.11
398.39,40.02,20.11,22.56,8.07,72.63,43.84,59.02,8.10
398.40,40.02,20.14,22.59,8.07,72.41,43.84,58.87,8.10
398.41,39.94,20.11,22.59,8.08,72.63,43.84,59.02,8.10
398.42,39.94,20.11,22.59,8.07,72.63,43.75,59.02,8.10
398.43,40.02,20.14,22.59,8.07,72.63,43.75,58.87,8.10
398.44,39.94,20.11,22.59,8.07,72.63,43.84,58.87,8.09
398.45,40.02,20.14,22.59,8.07,72.41,43.84,58.87,8.10
398.46,40.02,20.14,22.59,8.08,72.63,43.84,59.02,8.10
398.47,39.94,20.11,22.59,8.08,72.63,43.84,58.87,8.10
398.48,40.02,20.14,22.59,8.07,72.63,43.84,59.02,8.11
398.49,40.02,20.11,22.59,8.07,72.63,43.84,58.87,8.10
398.50,39.94,20.11,22.59,8.08,72.41,43.84,59.02,8.10
398.51,40.02,20.11,22.59,8.08,72.41,43.84,58.87,8.10
398.52,40.02,20.11,22.59,8.08,72.63,43.93,59.02,8.09
398.53,39.94,20.11,22.59,8.07,72.63,43.84,58.87,8.11
398.54,39.94,20.11,22.59,8.07,72.41,43.84,58.87,8.10
398.55,40.02,20.14,22.56,8.07,72.41,43.84,58.87,8.10
398.56,40.02,20.11,22.59,8.07,72.41,43.93,59.02,8.11
398.57,40.02,20.11,22.59,8.07,72.63,43.93,59.02,8.09
398.58,39.94,20.11,22.59,8.08,72.63,43.84,59.02,8.10
398.59,39.94,20.14,22.59,8.07,72.63,43.84,59.02,8.10
398.60,40.02,20.11,22.56,8.07,72.63,43.84,59.02,8.09
398.61,40.02,20.11,22.59,8.07,72.63,43.84,59.02,8.11
398.62,40.02,20.14,22.59,8.08,72.63,43.84,59.02,8.10
398.63,39.94,20.11,22.59,8.07,72.63,43.84,59.02,8.10
398.64,40.02,20.11,22.56,8.08,72.63,43.84,59.02,8.10
398.65,39.94,20.11,22.59,8.07,72.63,43.93,59.02,8.10
398.66,39.94,20.11,22.59,8.08,72.41,43.93,59.18,8.10
398.67,39.94,20.11,22.59,8.07,72.63,43.84,58.87,8.09
398.68,40.02,20.11,22.59,8.07,72.63,43.84,59.02,8.10
398.69,40.02,20.11,22.59,8.07,72.63,43.84,59.02,8.09
398.70,40.02,20.11,22.59,8.08,72.63,43.84,59.02,8.10
398.71,40.02,20.11,22.59,8.07,72.63,43.84,59.02,8.10
398.72,40.02,20.11,22.59,8.08,72.63,43.84,58.87,8.10
398.73,40.02,20.11,22.59,8.07,72.63,43.84,58.87,8.10
398.74,40.02,20.11,22.59,8.07,72.63,43.84,59.02,8.10
398.75,39.94,20.11,22.59,8.07,72.63,43.84,58.87,8.10
398.76,39.94,20.11,22.59,8.07,72.85,43.84,59.02,8.10
398.77,39.94,20.14,22.59,8.07,72.41,43.93,58.87,8.09
398.78,40.02,20.11,22.59,8.08,72.41,43.93,58.87,8.09
398.79,40.02,20.11,22.59,8.07,72.41,43.84,58.87,8.09
398.80,40.02,20.11,22.59,8.07,72.63,43.84,59.02,8.10
398.81,39.94,20.11,22.56,8.08,72.63,43.93,59.02,8.11
398.82,40.02,20.11,22.59,8.07,72.63,43.84,59.02,8.11
398.83,39.94,20.11,22.59,8.07,72.63,43.84,59.02,8.10
398.84,40.02,20.14,22.56,8.07,72.63,43.84,59.02,8.11
398.85,39.94,20.11,22.59,8.08,72.63,43.75,59.02,8.10
398.86,40.02,20.08,22.59,8.07,72.41,43.84,59.02,8.10
398.87,40.02,20.14,22.59,8.07,72.41,43.84,58.87,8.10
398.88,39.94,20.14,22.59,8.08,72.41,43.93,58.87,8.10
398.89,39.94,20.11,22.59,8.06,72.63,43.84,58.87,8.11
398.90,40.02,20.11,22.59,8.07,72.63,43.84,58.87,8.11
398.91,40.02,20.11,22.59,8.08,72.63,43.93,58.87,8.11
398.92,40.02,20.11,22.59,8.07,72.63,43.84,59.02,8.09
398.93,40.02,20.14,22.59,8.07,72.63,43.84,58.87,8.09
398.94,39.94,20.11,22.59,8.08,72.41,43.93,58.87,8.10
398.95,40.02,20.16,22.59,8.08,72.63,43.66,59.02,8.10
398.96,40.02,20.14,22.59,8.07,72.41,43.93,59.02,8.10
398.97,40.02,20.14,22.56,8.07,72.41,43.93,59.02,8.11
398.98,40.02,20.11,22.59,8.07,72.41,43.84,58.87,8.09
398.99,40.02,20.11,22.59,8.07,72.85,43.93,59.02,8.11
399.00,40.02,20.14,22.59,8.07,72.41,43.84,58.87,8.11
399.01,39.94,20.11,22.59,8.07,72.41,43.93,58.87,8.09
399.02,40.02,20.11,22.56,8.07,72.63,43.84,59.02,8.10
399.03,40.02,20.14,22.56,8.07,72.63,43.84,59.02,8.10
399.04,40.02,20.11,22.56,8.07,72.63,43.84,59.02,8.09
399.05,39.94,20.14,22.59,8.07,72.63,43.84,58.87,8.10
399.06,39.94,20.11,22.59,8.07,72.41,43.93,59.02,8.11
399.07,40.02,20.14,22.59,8.07,72.63,43.84,59.02,8.10
399.08,39.86,20.11,22.59,8.07,72.63,43.84,59.02,8.09
399.09,40.02,20.11,22.63,8.07,72.41,43.84,59.02,8.10
399.10,40.02,20.11,22.59,8.07,72.63,43.84,59.02,8.10
399.11,40.02,20.11,22.59,8.07,72.41,43.84,58.87,8.09
399.12,39.94,20.14,22.59,8.08,72.63,43.75,59.02,8.10
399.13,40.02,20.11,22.59,8.07,72.41,43.84,58.87,8.10
399.14,40.02,20.11,22.56,8.07,72.41,43.84,59.02,8.10
399.15,40.02,20.14,22.59,8.07,72.85,43.93,58.87,8.10
399.16,40.02,20.11,22.56,8.07,72.63,43.84,59.02,8.10
399.17,40.02,20.11,22.63,8.07,72.63,43.84,58.87,8.10
399.18,39.94,20.14,22.59,8.07,72.63,43.93,59.02,8.10
399.19,40.02,20.14,22.59,8.07,72.63,43.84,59.02,8.10
399.20,40.02,20.11,22.59,8.08,72.41,43.84,58.87,8.10
399.21,39.94,20.11,22.59,8.08,72.63,43.84,59.02,8.10
399.22,39.94,20.11,22.59,8.08,72.63,43.93,58.87,8.09
399.23,40.02,20.11,22.59,8.07,72.63,43.84,59.02,8.10
399.24,39.94,20.11,22.59,8.07,72.41,43.84,59.02,8.10
399.25,39.94,20.11,22.59,8.07,72.63,43.93,59.02,8.10
399.26,40.02,20.14,22.59,8.07,72.63,43.84,59.02,8.11
399.27,39.94,20.11,22.59,8.07,72.63,43.93,58.87,8.10
399.28,39.94,20.11,22.59,8.07,72.85,43.93,59.02,8.09
399.29,40.02,20.11,22.59,8.08,72.63,43.84,59.02,8.10
399.30,39.94,20.14,22.59,8.07,72.63,43.84,59.02,8.09
399.31,39.94,20.11,22.59,8.08,72.63,43.93,59.02,8.10
399.32,40.02,20.11,22.59,8.07,72.41,43.84,59.02,8.11
399.33,40.02,20.11,22.59,8.08,72.63,43.84,59.02,8.09
399.34,40.02,20.14,22.59,8.07,72.41,43.93,59.02,8.11
399.35,39.94,20.11,22.59,8.07,72.63,43.93,59.02,8.11
399.36,39.94,20.11,22.59,8.08,72.63,43.84,58.87,8.09
399.37,39.94,20.11,22.59,8.07,72.63,43.84,59.02,8.10
399.38,40.02,20.14,22.59,8.08,72.63,43.84,59.02,8.10
399.39,39.94,20.11,22.59,8.08,72.63,43.84,59.02,8.10
399.40,39.94,20.14,22.59,8.08,72.41,43.84,58.87,8.10
399.41,40.02,20.11,22.59,8.07,72.63,43.84,58.87,8.10
399.42,40.02,20.14,22.59,8.07,72.63,43.93,59.02,8.10
399.43,40.02,20.11,22.59,8.07,72.41,43.84,59.02,8.11
399.44,39.94,20.11,22.59,8.07,72.63,43.84,58.87,8.10
399.45,39.94,20.14,22.59,8.08,72.63,43.84,59.02,8.10
399.46,40.02,20.14,22.59,8.07,72.63,43.84,59.02,8.10
399.47,40.02,20.11,22.59,8.07,72.63,43.84,59.02,8.10
399.48,39.94,20.11,22.59,8.07,72.63,43.93,58.87,8.11
399.49,39.94,20.11,22.59,8.08,72.63,43.75,59.02,8.10
399.50,40.02,20.11,22.59,8.07,72.63,43.84,59.02,8.10
399.51,39.94,20.11,22.59,8.09,72.41,43.84,58.87,8.10
399.52,39.94,20.11,22.59,8.07,72.63,43.84,59.02,8.11
399.53,39.94,20.11,22.59,8.07,72.41,43.93,59.02,8.10
399.54,39.94,20.14,22.59,8.07,72.63,43.84,58.87,8.09
399.55,39.86,20.14,22.59,8.07,72.63,43.84,59.02,8.10
399.56,40.02,20.14,22.56,8.07,72.63,43.93,59.02,8.10
399.57,39.94,20.14,22.56,8.07,72.41,43.84,58.87,8.09
399.58,40.02,20.11,22.56,8.08,72.63,43.84,59.02,8.09
399.59,39.94,20.11,22.59,8.08,72.63,43.93,59.02,8.10
399.60,40.02,20.14,22.59,8.07,72.63,43.93,59.02,8.10
399.61,39.94,20.11,22.59,8.08,72.63,43.84,59.02,8.10
399.62,39.94,20.14,22.59,8.07,72.63,43.84,58.87,8.10
399.63,39.94,20.11,22.56,8.07,72.63,43.84,59.02,8.10
399.64,40.10,20.14,22.56,8.07,72.63,43.84,59.02,8.10
399.65,39.94,20.14,22.59,8.07,72.41,43.84,59.02,8.10
399.66,39.94,20.11,22.56,8.07,72.85,43.84,58.87,8.11
399.67,39.94,20.11,22.59,8.08,72.63,43.93,59.02,8.11
399.68,39.94,20.14,22.59,8.08,72.63,43.84,59.02,8.10
399.69,40.02,20.11,22.59,8.08,72.41,43.84,59.02,8.11
399.70,40.02,20.11,22.56,8.07,72.41,43.93,59.02,8.10
399.71,40.02,20.11,22.59,8.07,72.41,43.84,59.02,8.10
399.72,40.02,20.11,22.59,8.08,72.63,43.93,58.87,8.10
399.73,40.02,20.14,22.59,8.08,72.41,43.93,59.02,8.09
399.74,39.94,20.11,22.59,8.07,72.63,43.84,59.18,8.10
399.75,39.94,20.11,22.56,8.07,72.63,43.84,58.87,8.10
399.76,39.94,20.11,22.59,8.07,72.63,43.84,59.02,8.10
399.77,39.94,20.11,22.59,8.07,72.63,43.84,59.02,8.10
399.78,39.94,20.11,22.59,8.08,72.63,43.84,59.02,8.10
399.79,39.94,20.11,22.59,8.08,72.63,43.84,59.02,8.10
399.80,40.02,20.14,22.59,8.08,72.85,43.84,59.02,8.10
399.81,39.94,20.16,22.56,8.08,72.63,43.84,59.02,8.11
399.82,40.02,20.14,22.59,8.07,72.63,43.84,59.02,8.10
399.83,39.94,20.11,22.59,8.08,72.63,43.93,59.02,8.10
399.84,40.02,20.14,22.56,8.08,72.63,43.84,59.02,8.10
399.85,39.94,20.11,22.59,8.08,72.63,43.84,59.02,8.11
399.86,39.94,20.14,22.59,8.07,72.63,43.93,58.87,8.10
399.87,39.94,20.14,22.59,8.07,72.41,43.84,59.02,8.10
399.88,39.94,20.11,22.56,8.07,72.41,43.84,59.02,8.09
399.89,40.02,20.11,22.59,8.08,72.41,43.84,59.02,8.10
399.90,40.02,20.11,22.59,8.07,72.63,43.93,58.87,8.09
399.91,40.02,20.11,22.59,8.07,72.41,43.93,59.02,8.09
399.92,39.94,20.14,22.59,8.08,72.85,43.84,59.02,8.10
399.93,40.02,20.11,22.59,8.07,72.63,43.84,59.02,8.10
399.94,39.94,20.14,22.59,8.08,72.41,43.93,59.02,8.10
399.95,40.02,20.14,22.59,8.08,72.63,43.93,59.02,8.11
399.96,39.94,20.11,22.59,8.08,72.41,43.84,59.02,8.10
399.97,40.02,20.11,22.59,8.08,72.63,43.84,59.02,8.10
399.98,39.94,20.14,22.59,8.08,72.41,43.84,59.02,8.10
399.99,39.94,20.11,22.59,8.08,72.63,43.84,59.02,8.11
400.00,39.94,20.11,22.56,8.07,72.63,43.84,59.02,8.10
400.01,39.94,20.14,22.56,8.08,72.63,43.84,59.02,8.10
400.02,39.94,20.16,22.59,8.07,72.63,43.93,59.02,8.11
400.03,39.94,20.14,22.56,8.07,72.63,43.93,59.02,8.09
400.04,39.94,20.11,22.59,8.07,72.41,43.75,58.87,8.10
400.05,39.94,20.11,22.59,8.08,72.63,43.84,59.02,8.10
400.06,40.02,20.14,22.59,8.07,72.41,43.84,59.02,8.11
400.07,39.94,20.14,22.59,8.07,72.85,43.84,59.02,8.09
400.08,40.02,20.14,22.56,8.08,72.63,43.84,59.02,8.10
400.09,39.94,20.14,22.56,8.07,72.41,43.84,59.02,8.10
400.10,40.02,20.11,22.59,8.07,72.63,43.84,59.02,8.10
400.11,40.02,20.11,22.56,8.07,72.41,43.93,59.02,8.11
400.12,39.94,20.11,22.59,8.07,72.63,43.93,59.02,8.10
400.13,39.94,20.14,22.59,8.08,72.63,43.75,59.02,8.09
400.14,39.94,20.11,22.59,8.07,72.41,43.93,58.87,8.10
400.15,39.94,20.14,22.56,8.08,72.41,43.93,59.02,8.10
400.16,39.94,20.14,22.59,8.08,72.85,43.93,59.02,8.09
400.17,39.94,20.14,22.59,8.08,72.63,43.84,59.02,8.11
400.18,39.94,20.11,22.59,8.07,72.63,43.93,59.02,8.10
400.19,39.94,20.14,22.59,8.08,72.41,43.84,58.87,8.09
400.20,39.94,20.11,22.59,8.07,72.63,43.84,58.87,8.10
400.21,39.94,20.11,22.59,8.07,72.41,43.93,59.02,8.10
400.22,40.02,20.11,22.59,8.08,72.63,43.93,58.87,8.11
400.23,39.94,20.16,22.59,8.07,72.41,43.84,58.87,8.09
400.24,39.94,20.11,22.56,8.08,72.63,43.84,59.02,8.10
400.25,40.02,20.11,22.59,8.07,72.63,43.93,59.18,8.11
400.26,39.86,20.11,22.59,8.07,72.63,43.84,59.02,8.10
400.27,39.94,20.14,22.59,8.08,72.63,43.93,59.02,8.09
400.28,39.94,20.14,22.56,8.08,72.41,43.93,59.02,8.10
400.29,39.94,20.11,22.63,8.07,72.63,43.93,59.02,8.09
400.30,39.94,20.14,22.59,8.08,72.63,44.03,58.87,8.10
400.31,39.94,20.11,22.59,8.08,72.41,43.93,59.02,8.10
400.32,39.94,20.11,22.59,8.07,72.63,43.84,59.02,8.09
400.33,39.94,20.14,22.56,8.08,72.85,43.75,59.02,8.09
400.34,39.86,20.14,22.59,8.08,72.63,43.84,59.02,8.10
400.35,40.02,20.14,22.56,8.07,72.41,43.84,58.87,8.10
400.36,39.94,20.14,22.59,8.07,72.63,43.84,59.02,8.10
400.37,39.94,20.14,22.59,8.08,72.63,43.93,59.02,8.10
400.38,39.94,20.14,22.59,8.08,72.63,43.84,59.02,8.10
400.39,39.86,20.11,22.56,8.08,72.63,43.84,59.02,8.11
400.40,39.94,20.11,22.59,8.08,72.63,43.84,58.87,8.10
400.41,39.94,20.11,22.59,8.07,72.63,43.84,59.02,8.11
400.42,39.94,20.11,22.59,8.08,72.63,43.93,59.18,8.10
400.43,39.94,20.14,22.59,8.07,72.63,43.84,59.02,8.10
400.44,40.02,20.14,22.59,8.07,72.63,43.84,58.87,8.10
400.45,39.94,20.11,22.59,8.08,72.63,43.84,59.02,8.10
400.46,39.94,20.14,22.59,8.07,72.41,43.93,59.02,8.10
400.47,39.94,20.14,22.59,8.08,72.63,43.93,59.02,8.11
400.48,40.02,20.14,22.59,8.07,72.63,43.93,59.02,8.11
400.49,39.94,20.11,22.59,8.07,72.63,43.84,59.02,8.11
400.50,39.94,20.14,22.56,8.07,72.63,43.93,59.02,8.10
400.51,40.02,20.16,22.59,8.07,72.63,43.93,59.18,8.10
400.52,39.94,20.14,22.59,8.08,72.41,43.84,59.02,8.11
400.53,39.94,20.14,22.63,8.08,72.63,43.93,59.02,8.09
400.54,39.94,20.11,22.56,8.08,72.63,43.84,59.02,8.10
400.55,39.94,20.14,22.56,8.07,72.63,43.84,59.02,8.10
400.56,39.94,20.11,22.59,8.08,72.63,43.93,58.87,8.09
400.57,39.94,20.16,22.56,8.08,72.63,43.93,58.87,8.09
400.58,39.94,20.14,22.59,8.08,72.63,43.84,59.02,8.11
400.59,39.94,20.14,22.59,8.08,72.41,43.84,59.02,8.09
400.60,39.94,20.14,22.59,8.08,72.63,43.93,59.02,8.10
400.61,39.94,20.14,22.59,8.08,72.63,43.93,59.02,8.10
400.62,40.02,20.14,22.56,8.08,72.63,43.84,59.02,8.10
400.63,39.94,20.11,22.59,8.07,72.41,43.93,59.02,8.11
400.64,39.94,20.16,22.59,8.08,72.63,43.84,58.87,8.10
400.65,39.94,20.11,22.59,8.07,72.63,43.84,58.87,8.09
400.66,39.94,20.14,22.59,8.08,72.63,43.93,59.02,8.10
400.67,39.94,20.14,22.56,8.08,72.63,43.84,59.02,8.10
400.68,39.94,20.11,22.59,8.07,72.63,43.93,59.02,8.10
400.69,40.02,20.11,22.59,8.07,72.63,43.84,59.02,8.09
400.70,40.02,20.14,22.59,8.07,72.41,43.93,59.02,8.10
400.71,40.02,20.14,22.56,8.07,72.63,43.93,59.02,8.10
400.72,39.94,20.11,22.59,8.08,72.63,43.84,59.18,8.10
400.73,39.94,20.14,22.59,8.08,72.41,43.84,59.02,8.11
400.74,39.94,20.14,22.59,8.08,72.41,43.93,58.87,8.11
400.75,39.94,20.11,22.59,8.07,72.63,43.84,59.02,8.10
400.76,39.94,20.14,22.59,8.07,72.63,43.93,59.02,8.10
400.77,39.94,20.14,22.59,8.07,72.63,43.84,58.87,8.09
400.78,40.02,20.14,22.56,8.09,72.63,43.84,58.87,8.10
400.79,39.94,20.14,22.59,8.07,72.63,43.93,59.02,8.09
400.80,39.94,20.11,22.59,8.08,72.41,43.93,59.02,8.11
400.81,39.94,20.11,22.59,8.08,72.63,43.84,59.02,8.10
400.82,39.94,20.16,22.59,8.07,72.63,43.84,59.02,8.10
400.83,40.02,20.14,22.59,8.08,72.63,43.84,59.02,8.10
400.84,39.94,20.14,22.59,8.08,72.63,43.93,59.02,8.09
400.85,39.94,20.14,22.59,8.08,72.85,43.84,59.02,8.09
400.86,39.94,20.14,22.59,8.08,72.41,43.93,59.02,8.10
400.87,40.02,20.16,22.56,8.07,72.63,43.93,59.02,8.10
400.88,40.02,20.11,22.56,8.07,72.63,43.84,59.02,8.10
400.89,39.94,20.14,22.59,8.07,72.63,43.93,59.02,8.11
400.90,39.94,20.11,22.59,8.08,72.63,43.93,59.02,8.11
400.91,39.94,20.16,22.59,8.08,72.63,43.84,59.02,8.10
400.92,39.94,20.14,22.59,8.08,72.63,43.93,59.02,8.10
400.93,39.94,20.11,22.59,8.07,72.63,43.93,59.02,8.10
400.94,40.02,20.14,22.56,8.07,72.63,44.03,59.02,8.11
400.95,39.94,20.14,22.59,8.08,72.63,43.93,59.02,8.10
400.96,39.94,20.14,22.59,8.08,72.63,43.84,59.02,8.11
400.97,39.94,20.14,22.59,8.09,72.63,43.93,59.02,8.10
400.98,39.94,20.14,22.59,8.07,72.63,43.93,59.02,8.11
400.99,39.94,20.16,22.56,8.07,72.63,43.84,59.02,8.11
401.00,39.94,20.14,22.59,8.07,72.63,43.84,59.02,8.10
401.01,40.02,20.16,22.59,8.07,72.63,43.93,59.02,8.10
401.02,39.94,20.14,22.59,8.08,72.41,43.84,58.87,8.10
401.03,39.94,20.16,22.59,8.07,72.63,43.93,59.02,8.10
401.04,39.94,20.14,22.59,8.08,72.63,43.93,59.18,8.10
401.05,39.94,20.11,22.59,8.07,72.63,43.93,58.87,8.09
401.06,39.94,20.14,22.56,8.08,72.63,43.93,59.02,8.10
401.07,39.94,20.16,22.59,8.08,72.41,43.93,59.02,8.10
401.08,39.94,20.14,22.59,8.07,72.63,43.84,58.87,8.10
401.09,39.86,20.14,22.59,8.09,72.63,43.84,59.02,8.10
401.10,39.94,20.11,22.59,8.07,72.85,43.84,59.02,8.10
401.11,40.02,20.14,22.59,8.08,72.63,43.93,59.02,8.10
401.12,39.94,20.14,22.59,8.08,72.63,43.84,59.02,8.10
401.13,40.02,20.14,22.59,8.07,72.63,43.93,59.02,8.10
401.14,39.94,20.14,22.59,8.07,72.63,43.93,59.02,8.10
401.15,39.94,20.11,22.59,8.07,72.63,43.93,59.02,8.09
401.16,39.94,20.14,22.59,8.08,72.63,43.93,59.18,8.10
401.17,40.02,20.16,22.59,8.08,72.63,43.93,59.02,8.10
401.18,39.94,20.16,22.59,8.07,72.63,43.84,59.02,8.11
401.19,39.94,20.14,22.59,8.08,72.63,43.93,58.87,8.10
401.20,39.94,20.14,22.59,8.09,72.63,43.93,59.02,8.10
401.21,39.94,20.14,22.59,8.08,72.63,43.93,58.87,8.10
401.22,39.94,20.19,22.59,8.09,72.41,43.84,59.02,8.11
401.23,39.94,20.16,22.59,8.08,72.63,43.84,59.02,8.10
401.24,40.02,20.16,22.59,8.07,72.63,43.84,58.87,8.10
401.25,39.86,20.14,22.56,8.07,72.63,43.84,59.02,8.11
401.26,39.94,20.14,22.56,8.07,72.63,43.93,59.02,8.09
401.27,39.94,20.14,22.59,8.08,72.41,43.93,59.02,8.10
401.28,39.94,20.16,22.59,8.08,72.63,43.84,58.87,8.11
401.29,39.94,20.14,22.59,8.07,72.63,43.84,58.87,8.11
401.30,39.94,20.14,22.59,8.07,72.63,43.84,59.02,8.09
401.31,39.94,20.14,22.59,8.07,72.63,44.03,59.02,8.10
401.32,39.94,20.14,22.56,8.09,72.41,43.93,59.02,8.10
401.33,39.94,20.16,22.59,8.07,72.63,43.75,59.02,8.11
401.34,39.94,20.14,22.59,8.08,72.63,43.93,59.02,8.10
401.35,39.94,20.14,22.56,8.08,72.41,43.84,59.02,8.11
401.36,39.94,20.11,22.59,8.08,72.63,43.93,59.02,8.10
401.37,39.94,20.14,22.59,8.07,72.63,43.93,59.18,8.10
401.38,39.94,20.14,22.59,8.08,72.63,43.84,59.02,8.12
401.39,39.94,20.14,22.59,8.08,72.63,43.93,59.02,8.09
401.40,39.94,20.11,22.59,8.08,72.63,43.84,59.02,8.10
401.41,40.02,20.11,22.59,8.08,72.63,43.84,59.02,8.11
401.42,39.94,20.16,22.59,8.08,72.63,43.93,58.87,8.11
401.43,39.86,20.14,22.56,8.08,72.63,43.93,59.02,8.10
401.44,40.02,20.11,22.63,8.09,72.41,43.84,59.02,8.10
401.45,40.02,20.14,22.59,8.08,72.63,43.93,59.18,8.10
401.46,39.86,20.14,22.59,8.09,72.63,43.93,59.02,8.11
401.47,39.94,20.11,22.59,8.08,72.63,43.84,59.02,8.11
401.48,39.94,20.16,22.56,8.08,72.63,43.93,59.02,8.11
401.49,39.94,20.14,22.59,8.08,72.63,43.84,59.02,8.11
401.50,39.94,20.14,22.59,8.07,72.63,43.84,59.02,8.10
401.51,39.94,20.14,22.59,8.08,72.63,43.93,59.02,8.10
401.52,39.94,20.14,22.59,8.08,72.63,43.93,59.02,8.11
401.53,39.94,20.14,22.59,8.09,72.85,43.93,59.02,8.11
401.54,39.94,20.16,22.59,8.08,72.85,43.84,59.02,8.11
401.55,39.94,20.14,22.59,8.08,72.63,43.93,58.87,8.11
401.56,39.94,20.14,22.59,8.07,72.63,43.84,59.02,8.10
401.57,39.94,20.14,22.59,8.09,72.63,43.84,59.18,8.10
401.58,40.02,20.14,22.59,8.08,72.63,43.93,59.02,8.11
401.59,39.94,20.14,22.59,8.08,72.63,43.93,59.02,8.10
401.60,39.94,20.14,22.59,8.08,72.41,43.84,58.87,8.10
401.61,39.94,20.14,22.59,8.07,72.41,43.93,59.02,8.10
401.62,39.94,20.14,22.59,8.07,72.63,43.84,59.02,8.11
401.63,39.94,20.14,22.59,8.07,72.63,43.93,59.02,8.11
401.64,39.86,20.14,22.56,8.08,72.63,43.93,59.02,8.11
401.65,39.94,20.16,22.63,8.08,72.63,43.93,58.87,8.11
401.66,39.94,20.14,22.56,8.08,72.63,43.93,58.87,8.11
401.67,39.94,20.11,22.59,8.07,72.63,43.84,59.02,8.10
401.68,39.94,20.14,22.59,8.09,72.41,43.93,59.02,8.10
401.69,39.94,20.14,22.56,8.07,72.63,43.93,58.87,8.10
401.70,39.94,20.14,22.59,8.08,72.63,43.84,58.87,8.11
401.71,39.94,20.14,22.59,8.08,72.85,43.93,59.02,8.10
401.72,39.94,20.14,22.56,8.08,72.63,43.84,59.02,8.10
401.73,39.94,20.14,22.59,8.09,72.41,43.84,59.02,8.10
401.74,39.94,20.11,22.59,8.07,72.41,43.93,59.02,8.11
401.75,39.94,20.14,22.59,8.09,72.63,43.93,59.02,8.11
401.76,39.94,20.14,22.56,8.07,72.63,43.93,59.02,8.11
401.77,39.94,20.14,22.59,8.07,72.63,43.93,59.02,8.10
401.78,39.94,20.14,22.59,8.07,72.41,43.84,59.02,8.10
401.79,39.94,20.14,22.59,8.07,72.41,43.93,59.02,8.10
401.80,39.94,20.14,22.59,8.07,72.63,43.93,58.87,8.10
401.81,39.94,20.16,22.56,8.09,72.63,43.93,59.02,8.10
401.82,39.94,20.14,22.56,8.07,72.63,43.93,59.02,8.10
401.83,39.94,20.14,22.59,8.07,72.41,43.84,58.87,8.10
401.84,39.94,20.14,22.56,8.07,72.63,43.93,59.02,8.10
401.85,39.94,20.16,22.59,8.07,72.41,43.93,59.02,8.10
401.86,39.94,20.14,22.56,8.08,72.63,43.84,59.02,8.10
401.87,39.94,20.11,22.59,8.08,72.41,43.84,58.87,8.10
401.88,39.94,20.14,22.56,8.08,72.41,43.84,59.02,8.10
401.89,39.94,20.14,22.59,8.08,72.63,43.93,59.02,8.10
401.90,39.94,20.14,22.59,8.07,72.63,43.84,59.02,8.10
401.91,39.94,20.11,22.59,8.07,72.41,43.93,59.02,8.11
401.92,39.94,20.14,22.56,8.08,72.63,43.93,59.02,8.11
401.93,39.94,20.14,22.59,8.08,72.63,43.84,59.02,8.11
401.94,39.94,20.16,22.59,8.07,72.63,43.84,59.02,8.11
401.95,39.94,20.11,22.56,8.08,72.63,43.84,59.02,8.10
401.96,39.94,20.11,22.59,8.08,72.63,43.93,59.02,8.11
401.97,39.94,20.14,22.56,8.08,72.63,43.93,59.02,8.10
401.98,39.86,20.14,22.59,8.08,72.63,43.84,59.02,8.11
401.99,39.94,20.16,22.59,8.08,72.41,43.93,59.02,8.10
402.00,39.94,20.14,22.59,8.08,72.41,43.93,59.02,8.10
402.01,39.94,20.14,22.56,8.08,72.41,43.93,59.02,8.11
402.02,39.94,20.14,22.56,8.09,72.63,43.93,59.02,8.11
402.03,39.94,20.14,22.59,8.09,72.63,43.84,58.87,8.10
402.04,39.94,20.14,22.59,8.07,72.63,43.93,59.02,8.11
402.05,39.94,20.14,22.59,8.08,72.41,43.93,59.02,8.11
402.06,39.94,20.14,22.59,8.08,72.41,43.93,59.02,8.11
402.07,39.86,20.14,22.56,8.08,72.63,43.84,59.02,8.10
402.08,39.94,20.11,22.56,8.08,72.63,43.93,59.02,8.11
402.09,39.94,20.16,22.59,8.08,72.63,43.84,59.02,8.11
402.10,39.94,20.14,22.59,8.09,72.63,43.93,58.87,8.11
402.11,39.94,20.11,22.59,8.08,72.63,43.93,59.02,8.10
402.12,39.94,20.14,22.59,8.07,72.63,43.84,59.02,8.10
402.13,39.94,20.14,22.59,8.08,72.63,43.84,58.87,8.11
402.14,39.94,20.14,22.59,8.07,72.63,43.84,58.87,8.11
402.15,39.94,20.11,22.56,8.08,72.85,43.93,59.02,8.10
402.16,39.94,20.14,22.59,8.08,72.63,43.84,59.02,8.11
402.17,39.94,20.14,22.59,8.07,72.63,43.93,59.02,8.10
402.18,39.86,20.14,22.59,8.08,72.63,43.93,59.02,8.10
402.19,39.86,20.11,22.59,8.09,72.41,43.93,59.02,8.10
402.20,39.94,20.14,22.56,8.07,72.63,43.93,59.02,8.10
402.21,39.94,20.14,22.59,8.07,72.63,43.75,59.02,8.11
402.22,39.94,20.14,22.56,8.08,72.41,43.93,59.02,8.09
402.23,39.86,20.14,22.59,8.07,72.63,43.93,59.02,8.10
402.24,39.94,20.14,22.56,8.08,72.85,43.93,59.02,8.11
402.25,39.94,20.14,22.59,8.08,72.85,43.93,59.02,8.11
402.26,39.94,20.16,22.59,8.08,72.41,43.84,59.02,8.10
402.27,39.94,20.11,22.56,8.07,72.63,43.93,59.02,8.10
402.28,39.94,20.14,22.59,8.08,72.63,43.84,58.72,8.10
402.29,39.86,20.14,22.56,8.07,72.63,43.84,58.87,8.10
402.30,39.86,20.11,22.56,8.07,72.63,43.93,59.02,8.11
402.31,39.94,20.14,22.59,8.09,72.63,43.93,59.02,8.11
402.32,39.86,20.14,22.59,8.07,72.63,43.84,59.02,8.11
402.33,39.94,20.14,22.56,8.08,72.41,43.84,59.02,8.11
402.34,39.94,20.14,22.56,8.07,72.63,43.93,58.87,8.10
402.35,39.94,20.14,22.59,8.08,72.63,43.84,59.02,8.11
402.36,39.86,20.14,22.56,8.07,72.63,43.93,59.02,8.11
402.37,39.86,20.14,22.59,8.08,72.41,43.93,59.02,8.10
402.38,39.86,20.11,22.59,8.09,72.63,43.93,59.02,8.10
402.39,39.94,20.14,22.56,8.08,72.41,43.84,59.02,8.10
402.40,39.94,20.14,22.56,8.07,72.63,43.84,58.87,8.10
402.41,39.86,20.11,22.56,8.07,72.63,43.93,59.02,8.10
402.42,39.94,20.16,22.56,8.08,72.41,43.84,58.87,8.10
402.43,39.94,20.14,22.59,8.08,72.41,43.93,58.87,8.10
402.44,39.94,20.11,22.56,8.07,72.41,43.93,59.02,8.10
402.45,39.94,20.14,22.56,8.07,72.63,43.84,59.02,8.11
402.46,39.94,20.14,22.59,8.08,72.41,43.84,59.02,8.10
402.47,39.94,20.14,22.59,8.09,72.63,43.84,59.02,8.10
402.48,39.94,20.11,22.56,8.07,72.41,43.93,59.02,8.10
402.49,39.94,20.14,22.56,8.08,72.63,44.03,58.87,8.11
402.50,39.94,20.11,22.56,8.08,72.63,43.84,59.02,8.10
402.51,39.86,20.11,22.56,8.08,72.63,43.84,58.87,8.09
402.52,39.94,20.14,22.56,8.07,72.63,43.93,59.02,8.10
402.53,39.94,20.14,22.59,8.07,72.63,43.84,59.02,8.11
402.54,39.94,20.11,22.59,8.08,72.63,43.84,59.02,8.11
402.55,39.94,20.14,22.59,8.08,72.63,43.84,59.02,8.11
402.56,39.86,20.14,22.59,8.07,72.63,43.93,59.02,8.10
402.57,39.94,20.14,22.56,8.08,72.41,43.93,59.02,8.10
402.58,39.86,20.11,22.59,8.07,72.63,43.93,58.87,8.10
402.59,39.86,20.14,22.59,8.08,72.63,43.93,58.87,8.11
402.60,39.86,20.16,22.56,8.08,72.63,43.84,59.02,8.10
402.61,39.86,20.11,22.56,8.07,72.63,43.93,59.02,8.11
402.62,39.94,20.11,22.56,8.08,72.41,43.93,59.02,8.11
402.63,39.94,20.11,22.56,8.07,72.63,43.84,58.87,8.11
402.64,39.86,20.11,22.59,8.08,72.63,43.93,59.02,8.10
402.65,39.94,20.11,22.59,8.07,72.41,43.93,58.87,8.10
402.66,39.94,20.11,22.56,8.07,72.63,43.84,59.02,8.11
402.67,39.78,20.11,22.59,8.08,72.63,43.84,59.02,8.10
402.68,39.94,20.14,22.59,8.07,72.63,43.84,59.02,8.11
402.69,39.86,20.11,22.59,8.07,72.63,43.93,59.02,8.09
402.70,39.94,20.11,22.56,8.09,72.41,43.93,59.02,8.10
402.71,39.94,20.11,22.59,8.08,72.63,43.84,59.02,8.10
402.72,39.86,20.14,22.59,8.07,72.41,43.93,59.02,8.10
402.75,39.86,20.11,22.59,8.08,72.41,43.93,59.02,8.11
402.75,39.94,20.14,22.56,8.07,72.85,43.84,59.02,8.10
402.76,39.86,20.14,22.56,8.08,72.63,43.93,59.02,8.11
402.77,39.86,20.14,22.59,8.08,72.63,43.84,59.02,8.11
402.78,39.86,20.14,22.56,8.08,72.63,43.84,59.02,8.10
402.79,39.94,20.14,22.59,8.08,72.63,43.84,58.87,8.10
402.80,39.86,20.11,22.59,8.08,72.63,43.84,58.72,8.11
402.81,39.94,20.11,22.56,8.07,72.41,43.84,59.18,8.10
402.82,39.94,20.11,22.59,8.08,72.63,43.84,59.02,8.10
402.83,39.86,20.11,22.56,8.07,72.63,43.84,59.02,8.10
402.84,39.94,20.11,22.56,8.08,72.63,43.93,59.02,8.11
402.85,39.86,20.14,22.59,8.07,72.63,43.93,59.02,8.11
402.86,39.94,20.14,22.59,8.08,72.63,43.93,58.87,8.10
402.87,39.94,20.14,22.59,8.07,72.63,43.93,59.02,8.11
402.88,39.86,20.14,22.59,8.08,72.63,43.84,59.02,8.10
402.89,39.86,20.11,22.59,8.09,72.63,43.93,59.02,8.10
402.90,39.94,20.14,22.59,8.08,72.41,43.93,59.02,8.10
402.91,39.94,20.14,22.56,8.07,72.63,43.93,58.87,8.11
402.92,39.94,20.11,22.59,8.07,72.63,43.93,59.02,8.10
402.93,39.78,20.14,22.56,8.09,72.63,43.84,59.02,8.10
402.94,39.86,20.14,22.59,8.07,72.63,43.84,59.02,8.10
402.95,39.94,20.14,22.59,8.08,72.63,43.93,58.87,8.11
402.96,39.94,20.14,22.56,8.08,72.63,43.84,59.02,8.11
402.97,39.94,20.11,22.56,8.07,72.41,43.93,58.87,8.11
402.98,39.86,20.14,22.56,8.07,72.41,43.93,59.02,8.11
402.99,39.86,20.16,22.59,8.07,72.63,43.84,59.02,8.11
403.00,39.94,20.11,22.59,8.08,72.41,43.93,59.02,8.11
403.01,39.86,20.14,22.56,8.08,72.41,43.84,59.02,8.10
403.02,39.94,20.16,22.56,8.07,72.63,43.93,58.87,8.10
403.03,39.94,20.11,22.56,8.08,72.41,43.93,59.02,8.10
403.04,39.86,20.14,22.59,8.08,72.41,43.84,59.02,8.11
403.05,39.86,20.14,22.59,8.08,72.63,43.84,58.87,8.10
403.06,39.86,20.11,22.59,8.08,72.63,43.93,58.87,8.10
403.07,39.86,20.11,22.56,8.07,72.63,43.93,59.02,8.11
403.08,39.86,20.14,22.59,8.07,72.63,43.84,59.02,8.10
403.09,39.86,20.11,22.59,8.09,72.63,43.93,59.02,8.10
403.10,39.86,20.11,22.59,8.07,72.63,43.84,58.87,8.10
403.11,39.86,20.11,22.56,8.09,72.41,43.93,59.02,8.10
403.12,39.86,20.14,22.56,8.08,72.63,43.93,59.02,8.11
403.13,39.86,20.14,22.56,8.07,72.41,43.84,59.02,8.10
403.14,39.94,20.14,22.59,8.08,72.63,43.84,58.87,8.11
403.15,39.94,20.11,22.56,8.07,72.63,43.84,59.02,8.11
403.16,39.86,20.14,22.56,8.08,72.63,43.93,58.87,8.11
403.17,39.86,20.14,22.56,8.07,72.63,43.93,58.87,8.09
403.18,39.86,20.11,22.59,8.08,72.41,43.93,59.02,8.10
403.19,39.86,20.14,22.56,8.07,72.63,43.84,58.87,8.10
403.20,39.86,20.11,22.56,8.08,72.63,43.84,58.87,8.10
403.21,39.86,20.11,22.56,8.08,72.63,43.93,59.02,8.10
403.22,39.94,20.14,22.59,8.07,72.41,43.93,58.87,8.10
403.23,39.94,20.14,22.56,8.07,72.41,43.93,59.02,8.11
403.24,39.86,20.11,22.56,8.08,72.63,43.93,59.02,8.10
403.25,39.86,20.16,22.59,8.08,72.63,43.93,59.02,8.11
403.26,39.86,20.14,22.59,8.08,72.63,43.93,59.02,8.11
403.27,39.86,20.11,22.56,8.07,72.41,43.93,59.02,8.10
403.28,39.94,20.14,22.59,8.07,72.63,43.93,59.02,8.11
403.29,39.86,20.14,22.56,8.07,72.41,43.93,59.02,8.10
403.30,39.94,20.11,22.56,8.07,72.41,43.84,59.02,8.10
403.31,39.86,20.14,22.56,8.07,72.63,43.93,59.02,8.11
403.32,39.86,20.14,22.56,8.08,72.63,43.93,59.02,8.10
403.33,39.86,20.14,22.59,8.08,72.63,43.93,59.02,8.10
403.34,39.86,20.14,22.59,8.07,72.41,43.84,59.02,8.10
403.35,39.94,20.14,22.59,8.07,72.63,43.84,59.02,8.10
403.36,39.86,20.11,22.56,8.07,72.63,43.93,58.87,8.09
403.37,39.94,20.14,22.56,8.08,72.63,43.93,59.02,8.10
403.38,39.94,20.14,22.59,8.08,72.63,43.84,59.02,8.10
403.39,40.02,20.14,22.56,8.07,72.41,43.84,58.87,8.10
403.40,39.94,20.14,22.59,8.08,72.63,43.84,58.87,8.10
403.41,39.86,20.14,22.56,8.07,72.41,43.93,58.87,8.09
403.42,39.86,20.14,22.59,8.08,72.63,43.93,59.02,8.11
403.43,39.86,20.11,22.59,8.08,72.41,43.84,59.02,8.10
403.44,39.86,20.14,22.56,8.07,72.41,43.93,58.72,8.11
403.45,39.86,20.14,22.56,8.09,72.41,43.84,58.87,8.10
403.46,39.86,20.11,22.56,8.08,72.41,43.93,59.02,8.10
403.47,39.86,20.11,22.59,8.08,72.63,43.84,59.02,8.10
403.48,39.86,20.11,22.56,8.07,72.41,43.93,58.87,8.10
403.49,39.86,20.16,22.56,8.07,72.41,43.84,58.87,8.09
403.50,39.86,20.14,22.59,8.08,72.63,43.84,58.87,8.11
403.51,39.86,20.16,22.56,8.07,72.63,43.84,59.02,8.10
403.52,39.86,20.14,22.56,8.08,72.63,43.93,59.02,8.10
403.53,39.86,20.14,22.56,8.08,72.85,43.93,59.02,8.10
403.54,39.86,20.11,22.59,8.08,72.63,43.84,59.02,8.10
403.55,39.86,20.14,22.56,8.08,72.41,43.93,59.02,8.11
403.56,39.94,20.11,22.56,8.07,72.41,43.84,59.02,8.10
403.57,39.86,20.11,22.56,8.07,72.63,43.93,59.02,8.10
403.58,39.86,20.14,22.59,8.08,72.63,43.93,58.87,8.10
403.59,39.86,20.16,22.59,8.07,72.41,43.93,59.02,8.10
403.60,39.86,20.14,22.56,8.08,72.41,43.84,59.02,8.10
403.61,39.86,20.14,22.56,8.07,72.41,43.93,58.87,8.10
403.62,39.86,20.11,22.56,8.07,72.41,43.84,59.02,8.11
403.63,39.86,20.11,22.59,8.07,72.41,43.93,58.87,8.09
403.64,39.94,20.14,22.56,8.08,72.41,43.93,59.02,8.10
403.65,39.94,20.11,22.59,8.08,72.63,43.93,58.87,8.10
403.66,39.94,20.14,22.56,8.07,72.63,43.84,58.87,8.10
403.67,39.86,20.11,22.56,8.08,72.63,43.93,59.02,8.11
403.68,39.86,20.11,22.59,8.07,72.41,43.93,58.87,8.11
403.69,39.86,20.11,22.56,8.07,72.63,43.93,58.87,8.11
403.70,39.86,20.11,22.56,8.08,72.41,43.93,59.02,8.11
403.71,39.86,20.14,22.56,8.07,72.41,43.93,59.02,8.10
403.72,39.86,20.14,22.56,8.08,72.41,43.75,58.87,8.10
403.73,39.86,20.14,22.59,8.08,72.63,44.12,58.87,8.10
403.74,39.86,20.14,22.56,8.07,72.63,43.93,59.02,8.11
403.75,39.86,20.11,22.56,8.07,72.63,43.93,58.87,8.09
403.76,39.78,20.11,22.56,8.07,72.63,43.93,58.87,8.11
403.77,39.86,20.11,22.56,8.07,72.41,43.84,59.02,8.11
403.78,39.86,20.11,22.56,8.08,72.63,43.93,59.02,8.10
403.79,39.86,20.11,22.59,8.07,72.41,43.84,58.87,8.10
403.80,39.86,20.14,22.59,8.08,72.63,43.84,58.87,8.11
403.81,39.86,20.11,22.56,8.08,72.41,43.84,58.87,8.10
403.82,39.86,20.14,22.56,8.08,72.41,43.93,59.02,8.10
403.83,39.94,20.14,22.56,8.08,72.41,43.84,58.87,8.11
403.84,39.78,20.14,22.56,8.08,72.41,43.93,59.02,8.10
403.85,39.78,20.16,22.56,8.08,72.41,43.84,59.02,8.10
403.86,39.94,20.14,22.56,8.07,72.63,43.93,58.87,8.10
403.87,39.86,20.14,22.52,8.07,72.63,43.84,58.87,8.10
403.88,39.86,20.11,22.56,8.08,72.41,43.93,58.87,8.10
403.89,39.86,20.11,22.56,8.08,72.63,43.93,58.87,8.10
403.90,39.78,20.11,22.56,8.08,72.63,43.84,59.02,8.10
403.91,39.86,20.11,22.56,8.07,72.63,43.93,58.87,8.11
403.92,39.86,20.11,22.59,8.09,72.63,43.93,58.87,8.10
403.93,39.94,20.11,22.56,8.08,72.20,43.93,59.02,8.10
403.94,39.86,20.11,22.59,8.08,72.20,43.93,58.87,8.10
403.95,39.86,20.11,22.59,8.08,72.41,43.93,58.87,8.10
403.96,39.86,20.11,22.56,8.07,72.41,43.93,59.02,8.10
403.97,39.86,20.11,22.56,8.08,72.63,43.93,58.87,8.11
403.98,39.86,20.14,22.56,8.08,72.63,43.84,59.02,8.11
403.99,39.86,20.11,22.56,8.07,72.63,43.84,59.02,8.10
404.00,39.86,20.11,22.56,8.07,72.41,43.84,58.72,8.09
404.01,39.94,20.11,22.59,8.08,72.63,43.93,59.02,8.10
404.02,39.86,20.11,22.56,8.08,72.63,43.93,58.87,8.11
404.03,39.86,20.11,22.56,8.07,72.63,43.75,58.87,8.10
404.04,39.86,20.11,22.56,8.07,72.41,43.93,59.02,8.11
404.05,39.86,20.11,22.56,8.08,72.41,43.93,58.87,8.09
404.06,39.86,20.14,22.56,8.07,72.63,43.93,59.02,8.11
404.07,39.86,20.14,22.56,8.08,72.63,43.93,58.87,8.10
404.08,39.86,20.11,22.56,8.07,72.41,43.84,59.02,8.11
404.09,39.86,20.11,22.59,8.08,72.63,43.93,59.02,8.10
404.10,39.86,20.14,22.59,8.08,72.41,43.93,58.87,8.10
404.11,39.86,20.14,22.56,8.08,72.41,43.84,59.02,8.10
404.12,39.86,20.11,22.56,8.07,72.41,43.75,58.87,8.10
404.13,39.86,20.11,22.56,8.08,72.41,43.84,59.02,8.10
404.14,39.86,20.11,22.56,8.07,72.63,43.93,58.87,8.10
404.15,39.78,20.11,22.56,8.07,72.41,43.84,59.02,8.10
404.16,39.94,20.11,22.52,8.07,72.41,43.75,58.87,8.10
404.17,39.86,20.11,22.56,8.07,72.63,43.84,59.02,8.11
404.18,39.86,20.11,22.59,8.08,72.41,43.93,58.87,8.11
404.19,39.86,20.11,22.56,8.07,72.63,43.84,58.87,8.11
404.20,39.86,20.14,22.56,8.08,72.41,43.93,58.87,8.10
404.21,39.86,20.11,22.59,8.08,72.41,43.93,59.02,8.09
404.22,39.86,20.14,22.56,8.08,72.41,43.93,59.02,8.11
404.23,39.86,20.11,22.56,8.07,72.63,43.84,59.02,8.10
404.24,39.86,20.11,22.56,8.07,72.41,43.84,59.02,8.11
404.25,39.86,20.11,22.56,8.08,72.41,43.93,58.87,8.11
404.26,39.86,20.14,22.56,8.07,72.41,43.84,59.02,8.11
404.27,39.86,20.11,22.59,8.09,72.41,43.93,58.87,8.09
404.28,39.86,20.11,22.59,8.07,72.63,43.84,58.87,8.11
404.29,39.86,20.11,22.56,8.08,72.63,43.93,58.87,8.11
404.30,39.86,20.11,22.59,8.08,72.41,43.93,59.02,8.11
404.31,39.86,20.11,22.56,8.08,72.63,43.84,58.87,8.10
404.32,39.86,20.14,22.56,8.07,72.63,43.93,58.87,8.11
404.33,39.86,20.11,22.56,8.07,72.63,43.84,59.02,8.10
404.34,39.86,20.11,22.56,8.08,72.41,43.84,58.87,8.10
404.35,39.86,20.11,22.56,8.08,72.41,43.84,59.02,8.10
404.36,39.86,20.14,22.56,8.07,72.41,43.84,59.02,8.11
404.37,39.86,20.14,22.56,8.07,72.41,43.93,58.87,8.10
404.38,39.86,20.11,22.56,8.06,72.63,43.93,58.87,8.11
404.39,39.86,20.14,22.59,8.08,72.41,43.84,59.02,8.10
404.40,39.86,20.11,22.56,8.07,72.63,43.84,58.87,8.09
404.41,39.86,20.11,22.56,8.08,72.41,43.93,59.02,8.10
404.42,39.86,20.11,22.56,8.08,72.41,43.84,58.87,8.11
404.43,39.86,20.14,22.56,8.08,72.63,43.93,58.87,8.10
404.44,39.86,20.14,22.59,8.07,72.63,43.84,59.02,8.11
404.45,39.86,20.11,22.56,8.08,72.63,43.84,59.02,8.11
404.46,39.86,20.11,22.59,8.08,72.41,43.93,58.87,8.09
404.47,39.86,20.14,22.56,8.07,72.41,43.84,58.87,8.10
404.48,39.86,20.11,22.56,8.07,72.41,43.84,58.87,8.10
404.49,39.86,20.14,22.56,8.08,72.41,43.93,59.02,8.11
404.50,39.86,20.11,22.56,8.09,72.63,43.84,59.02,8.11
404.51,39.86,20.11,22.56,8.07,72.41,43.93,58.87,8.10
404.52,39.86,20.14,22.56,8.07,72.63,43.93,58.87,8.11
404.53,39.86,20.14,22.56,8.08,72.41,43.93,58.87,8.11
404.54,39.86,20.11,22.59,8.08,72.41,43.84,58.87,8.10
404.55,39.86,20.16,22.56,8.08,72.41,43.93,58.87,8.11
404.56,39.86,20.11,22.56,8.08,72.41,43.93,58.87,8.10
404.57,39.86,20.11,22.56,8.08,72.41,43.93,58.87,8.10
404.58,39.94,20.14,22.56,8.08,72.63,43.93,59.02,8.10
404.59,39.86,20.11,22.56,8.07,72.41,43.93,58.87,8.10
404.60,39.86,20.11,22.56,8.08,72.63,43.84,59.02,8.11
404.61,39.86,20.14,22.56,8.09,72.63,43.93,59.02,8.10
404.62,39.86,20.11,22.56,8.07,72.41,43.84,59.02,8.10
404.63,39.86,20.11,22.56,8.08,72.63,43.84,58.87,8.10
404.64,39.86,20.16,22.56,8.08,72.63,43.84,59.02,8.10
404.65,39.86,20.14,22.56,8.07,72.41,43.93,58.87,8.11
404.66,39.86,20.11,22.56,8.08,72.41,43.84,58.87,8.10
404.67,39.86,20.11,22.56,8.08,72.41,43.93,59.02,8.11
404.68,39.86,20.11,22.56,8.08,72.41,43.84,58.87,8.10
404.69,39.86,20.08,22.59,8.07,72.63,43.84,59.02,8.10
404.70,39.86,20.11,22.56,8.07,72.41,43.93,59.02,8.10
404.71,39.86,20.14,22.56,8.08,72.63,43.93,58.87,8.09
404.72,39.86,20.14,22.56,8.08,72.63,43.93,59.02,8.11
404.73,39.86,20.14,22.59,8.07,72.41,43.93,59.02,8.10
404.74,39.86,20.11,22.56,8.07,72.85,43.84,58.87,8.10
404.75,39.86,20.14,22.56,8.08,72.63,43.84,59.02,8.10
404.76,39.86,20.11,22.56,8.09,72.63,43.93,59.02,8.10
404.77,39.94,20.11,22.56,8.08,72.41,43.93,59.02,8.10
404.78,39.86,20.11,22.56,8.07,72.63,43.84,58.87,8.09
404.79,39.86,20.11,22.59,8.08,72.63,43.84,58.87,8.11
404.80,39.86,20.11,22.56,8.07,72.63,43.84,59.02,8.11
404.81,39.86,20.11,22.56,8.07,72.63,43.93,58.87,8.10
404.82,39.86,20.11,22.56,8.08,72.41,43.84,58.87,8.10
404.83,39.86,20.14,22.56,8.07,72.41,43.84,59.02,8.10
404.84,39.86,20.16,22.56,8.08,72.41,43.93,59.02,8.10
404.85,39.86,20.11,22.56,8.08,72.41,43.84,59.02,8.10
404.86,39.86,20.11,22.56,8.09,72.63,43.84,59.02,8.10
404.87,39.86,20.11,22.59,8.07,72.63,43.93,58.87,8.11
404.88,39.86,20.11,22.56,8.07,72.41,43.84,59.02,8.11
404.89,39.86,20.11,22.56,8.07,72.63,43.93,58.87,8.10
404.90,39.86,20.14,22.56,8.07,72.63,43.93,58.87,8.10
404.91,39.94,20.11,22.56,8.07,72.63,43.84,58.87,8.10
404.92,39.78,20.11,22.56,8.07,72.63,43.84,59.02,8.10
404.93,39.94,20.11,22.56,8.07,72.63,44.03,59.02,8.10
404.94,39.86,20.14,22.56,8.08,72.63,43.93,59.02,8.10
404.95,39.86,20.14,22.56,8.07,72.41,43.93,58.87,8.10
404.96,39.86,20.14,22.52,8.07,72.63,43.93,58.87,8.10
404.97,39.86,20.14,22.59,8.08,72.63,43.84,59.02,8.09
404.98,39.86,20.14,22.56,8.08,72.41,43.93,58.87,8.09
404.99,39.86,20.14,22.56,8.08,72.63,43.84,58.87,8.11
405.00,39.86,20.11,22.56,8.08,72.63,43.93,59.02,8.11
405.01,39.86,20.11,22.59,8.08,72.63,43.84,59.02,8.11
405.02,39.86,20.11,22.56,8.07,72.41,43.93,58.87,8.10
405.03,39.94,20.14,22.56,8.08,72.63,43.84,59.02,8.10
405.04,39.94,20.14,22.56,8.08,72.63,43.93,59.02,8.10
405.05,39.94,20.11,22.56,8.08,72.41,43.84,58.87,8.09
405.06,40.02,20.14,22.56,8.08,72.63,43.93,58.87,8.10
405.07,39.86,20.11,22.52,8.08,72.41,43.93,59.02,8.11
405.08,39.86,20.14,22.59,8.09,72.63,43.93,58.87,8.10
405.09,39.86,20.11,22.56,8.08,72.63,43.93,59.02,8.10
405.10,39.86,20.11,22.56,8.08,72.41,43.93,59.02,8.10
405.11,39.86,20.14,22.56,8.08,72.63,43.84,59.02,8.11
405.12,39.86,20.11,22.59,8.09,72.41,43.93,58.87,8.10
405.13,39.86,20.11,22.56,8.08,72.20,43.93,58.87,8.11
405.14,39.86,20.14,22.52,8.08,72.41,43.84,59.02,8.11
405.15,39.86,20.11,22.56,8.08,72.63,43.93,59.02,8.11
405.16,39.86,20.11,22.56,8.07,72.63,43.84,58.87,8.09
405.17,39.86,20.14,22.56,8.08,72.41,43.84,58.87,8.11
405.18,39.86,20.11,22.56,8.07,72.63,43.93,59.02,8.10
405.19,39.86,20.11,22.56,8.08,72.63,43.84,58.87,8.10
405.20,39.86,20.11,22.56,8.07,72.41,43.84,59.02,8.10
405.21,39.86,20.14,22.56,8.08,72.63,43.93,58.87,8.11
405.22,39.94,20.14,22.56,8.07,72.41,43.93,58.87,8.10
405.23,39.86,20.11,22.56,8.07,72.63,43.93,59.02,8.10
405.24,39.86,20.14,22.52,8.07,72.41,43.93,58.87,8.10
405.25,39.94,20.14,22.56,8.08,72.63,44.03,59.02,8.11
405.26,39.86,20.14,22.56,8.08,72.63,43.93,58.87,8.10
405.27,39.86,20.14,22.59,8.07,72.41,43.93,58.87,8.10
405.28,39.94,20.14,22.56,8.07,72.41,43.93,58.87,8.10
405.29,39.86,20.11,22.56,8.08,72.41,43.84,58.87,8.10
405.30,39.86,20.14,22.59,8.08,72.63,43.93,59.02,8.10
405.31,39.86,20.14,22.56,8.07,72.63,43.93,59.02,8.10
405.32,39.86,20.14,22.56,8.08,72.41,43.93,58.87,8.11
405.33,39.86,20.14,22.56,8.08,72.41,43.84,59.02,8.10
405.34,39.86,20.14,22.59,8.08,72.41,43.93,59.02,8.10
405.35,39.86,20.14,22.56,8.08,72.41,43.93,59.02,8.10
405.36,39.86,20.16,22.56,8.07,72.41,43.93,59.02,8.10
405.37,39.94,20.11,22.56,8.07,72.63,43.84,59.02,8.11
405.38,39.86,20.14,22.59,8.08,72.63,43.84,58.87,8.11
405.39,39.86,20.11,22.59,8.08,72.63,43.93,59.02,8.10
405.40,39.94,20.14,22.59,8.07,72.63,43.93,58.87,8.11
405.41,39.86,20.11,22.56,8.08,72.41,43.93,58.87,8.10
405.42,39.86,20.14,22.59,8.07,72.41,43.93,58.87,8.10
405.43,39.86,20.11,22.59,8.08,72.41,43.93,58.87,8.10
405.44,39.86,20.14,22.59,8.07,72.63,43.93,59.02,8.11
405.45,39.86,20.11,22.59,8.09,72.63,43.84,59.02,8.10
405.46,39.94,20.11,22.56,8.09,72.41,43.93,58.87,8.11
405.47,39.94,20.14,22.56,8.07,72.63,43.84,59.02,8.10
405.48,39.86,20.14,22.59,8.08,72.41,43.93,59.02,8.10
405.49,39.86,20.11,22.59,8.08,72.63,43.93,59.02,8.11
405.50,39.86,20.14,22.56,8.09,72.41,43.84,59.02,8.11
405.51,39.86,20.14,22.56,8.09,72.41,43.93,58.87,8.10
405.52,39.94,20.16,22.56,8.07,72.41,43.84,58.87,8.11
405.53,39.94,20.11,22.56,8.07,72.63,43.93,58.87,8.11
405.54,39.86,20.11,22.56,8.08,72.63,43.93,59.02,8.10
405.55,39.94,20.14,22.56,8.07,72.41,43.93,59.02,8.10
405.56,39.94,20.11,22.56,8.08,72.63,43.93,58.87,8.10
405.57,39.86,20.14,22.56,8.08,72.63,43.93,59.02,8.11
405.58,39.86,20.14,22.56,8.08,72.63,43.93,59.02,8.10
405.59,39.94,20.14,22.56,8.09,72.63,43.93,59.02,8.11
405.60,39.86,20.14,22.56,8.07,72.41,43.84,59.02,8.10
405.61,39.86,20.14,22.56,8.08,72.63,43.93,59.02,8.10
405.62,39.86,20.14,22.56,8.08,72.63,43.93,59.02,8.10
405.63,39.86,20.14,22.59,8.08,72.63,43.93,58.87,8.10
405.64,39.86,20.14,22.56,8.08,72.63,43.93,58.87,8.11
405.65,39.86,20.14,22.56,8.08,72.41,43.84,59.02,8.10
405.66,39.86,20.16,22.56,8.08,72.63,43.93,59.02,8.11
405.67,39.94,20.11,22.59,8.08,72.63,43.84,59.02,8.11
405.68,39.86,20.14,22.59,8.08,72.63,43.93,58.87,8.10
405.69,39.94,20.14,22.56,8.07,72.63,43.93,58.87,8.11
405.70,39.94,20.14,22.56,8.07,72.63,43.84,58.87,8.11
405.71,39.94,20.14,22.59,8.09,72.63,43.93,59.02,8.10
405.72,39.86,20.14,22.59,8.08,72.63,43.84,59.02,8.10
405.73,39.94,20.14,22.56,8.08,72.63,43.93,59.02,8.12
405.74,39.94,20.11,22.59,8.08,72.63,43.84,58.87,8.11
405.75,39.86,20.14,22.59,8.08,72.63,43.93,59.02,8.10
405.76,39.86,20.14,22.56,8.08,72.63,43.93,59.02,8.11
405.77,39.86,20.14,22.56,8.08,72.63,43.84,58.87,8.10
405.78,39.94,20.14,22.56,8.07,72.41,43.93,59.02,8.11
405.79,39.86,20.14,22.56,8.08,72.63,43.93,59.02,8.11
405.80,39.94,20.14,22.56,8.09,72.41,43.93,58.87,8.11
405.81,39.86,20.14,22.56,8.07,72.41,43.93,59.02,8.11
405.82,39.86,20.11,22.59,8.08,72.63,43.84,59.02,8.10
405.83,39.86,20.14,22.56,8.07,72.63,43.93,58.87,8.10
405.84,39.86,20.14,22.56,8.07,72.41,43.84,59.02,8.11
405.85,39.94,20.14,22.56,8.07,72.63,43.84,59.02,8.11
405.86,39.94,20.14,22.59,8.08,72.63,43.84,58.87,8.11
405.87,39.86,20.14,22.59,8.08,72.63,43.84,59.02,8.11
405.88,39.86,20.16,22.59,8.08,72.63,43.93,59.02,8.10
405.89,39.86,20.14,22.59,8.08,72.63,43.93,59.02,8.11
405.90,39.86,20.14,22.59,8.09,72.63,43.84,58.87,8.10
405.91,39.86,20.11,22.56,8.08,72.63,43.93,59.02,8.11
405.92,39.94,20.14,22.56,8.08,72.63,43.93,59.02,8.11
405.93,39.86,20.11,22.59,8.08,72.63,43.93,58.87,8.10
405.94,39.86,20.11,22.59,8.08,72.63,43.93,59.02,8.11
405.95,39.86,20.16,22.59,8.09,72.41,43.93,59.02,8.11
405.96,39.86,20.14,22.56,8.07,72.63,43.93,59.02,8.11
405.97,39.94,20.14,22.56,8.07,72.63,44.03,58.87,8.11
405.98,39.86,20.14,22.56,8.07,72.41,43.84,58.87,8.10
405.99,39.86,20.16,22.56,8.08,72.41,43.93,59.02,8.10
406.00,39.86,20.16,22.59,8.08,72.63,43.93,59.02,8.11
406.01,39.94,20.16,22.56,8.09,72.41,43.93,59.02,8.10
406.02,39.86,20.11,22.59,8.08,72.63,43.93,58.87,8.10
406.03,39.86,20.14,22.56,8.07,72.63,43.84,59.02,8.11
406.04,39.86,20.14,22.56,8.08,72.63,43.93,59.02,8.11
406.05,39.86,20.14,22.56,8.09,72.63,43.93,59.02,8.10
406.06,39.94,20.14,22.56,8.08,72.63,43.93,59.02,8.10
406.07,39.86,20.14,22.59,8.08,72.63,43.93,59.02,8.10
406.08,39.86,20.14,22.59,8.08,72.63,43.93,59.02,8.11
406.09,39.86,20.14,22.59,8.08,72.41,43.93,59.02,8.10
406.10,39.86,20.14,22.59,8.09,72.63,43.93,59.02,8.10
406.11,39.86,20.14,22.59,8.08,72.41,43.93,59.02,8.11
406.12,39.94,20.16,22.59,8.08,72.63,43.75,59.02,8.11
406.13,39.94,20.16,22.59,8.08,72.41,43.93,59.02,8.11
406.14,39.94,20.16,22.59,8.08,72.63,43.93,59.02,8.11
406.15,39.94,20.14,22.59,8.08,72.41,43.93,59.02,8.11
406.16,39.86,20.14,22.56,8.08,72.63,43.84,59.02,8.11
406.17,39.94,20.16,22.59,8.08,72.63,43.84,59.02,8.12
406.18,39.94,20.14,22.59,8.08,72.63,43.84,58.87,8.11
406.19,39.86,20.11,22.56,8.08,72.63,43.84,59.02,8.10
406.20,39.78,20.14,22.59,8.08,72.63,43.93,59.02,8.11
406.21,39.86,20.14,22.56,8.07,72.63,43.93,59.02,8.11
406.22,39.86,20.14,22.59,8.08,72.63,43.93,59.02,8.10
406.23,39.94,20.14,22.56,8.08,72.41,43.93,59.02,8.10
406.24,39.94,20.14,22.59,8.08,72.63,43.93,59.02,8.10
406.25,39.78,20.14,22.56,8.09,72.41,43.93,59.02,8.11
406.26,39.86,20.11,22.59,8.08,72.63,43.93,59.02,8.10
406.27,39.86,20.11,22.56,8.07,72.63,43.84,58.87,8.11
406.28,39.86,20.16,22.56,8.08,72.63,43.93,59.02,8.11
406.29,39.94,20.16,22.56,8.07,72.63,44.03,58.87,8.11
406.30,39.86,20.14,22.59,8.08,72.41,43.93,59.02,8.11
406.31,39.94,20.14,22.59,8.08,72.63,43.93,59.02,8.11
406.32,39.94,20.14,22.56,8.08,72.85,44.03,58.72,8.10
406.33,39.86,20.16,22.56,8.08,72.41,43.93,59.02,8.11
406.34,39.94,20.11,22.59,8.08,72.63,43.93,58.87,8.10
406.35,39.86,20.14,22.59,8.08,72.63,44.03,59.02,8.09
406.36,39.86,20.14,22.59,8.08,72.41,43.93,58.87,8.10
406.37,39.86,20.16,22.59,8.08,72.63,43.93,58.87,8.10
406.38,39.94,20.14,22.56,8.07,72.41,43.93,59.02,8.10
406.39,39.86,20.16,22.59,8.08,72.63,43.93,59.02,8.11
406.40,39.94,20.14,22.59,8.08,72.63,43.93,59.02,8.11
406.41,39.86,20.14,22.56,8.08,72.63,43.93,59.02,8.10
406.42,39.86,20.14,22.56,8.08,72.63,44.03,59.02,8.09
406.43,39.94,20.14,22.59,8.08,72.63,43.93,59.02,8.10
406.44,39.86,20.14,22.56,8.07,72.63,43.93,59.02,8.11
406.45,39.86,20.14,22.59,8.08,72.63,43.93,59.02,8.11
406.46,39.94,20.14,22.59,8.07,72.41,44.03,59.02,8.11
406.47,39.94,20.14,22.56,8.09,72.41,43.93,59.02,8.11
406.48,39.86,20.11,22.59,8.08,72.63,43.93,59.02,8.11
406.49,39.86,20.16,22.56,8.08,72.41,43.93,59.02,8.11
406.50,39.94,20.11,22.56,8.07,72.41,44.03,59.02,8.10
406.51,39.86,20.14,22.59,8.08,72.41,43.93,58.87,8.11
406.52,39.86,20.14,22.56,8.08,72.41,44.03,59.02,8.11
406.53,39.94,20.14,22.56,8.08,72.63,43.93,59.02,8.11
406.54,39.94,20.16,22.59,8.08,72.41,43.93,59.02,8.10
406.55,39.86,20.14,22.59,8.08,72.63,43.93,59.02,8.11
406.56,39.94,20.16,22.56,8.08,72.63,43.93,58.87,8.10
406.57,39.86,20.11,22.59,8.08,72.41,43.93,59.02,8.12
406.58,39.94,20.16,22.56,8.08,72.63,44.03,59.02,8.11
406.59,39.86,20.14,22.56,8.08,72.85,43.84,58.87,8.11
406.60,39.94,20.14,22.56,8.08,72.63,43.93,59.02,8.10
406.61,39.86,20.14,22.59,8.09,72.63,43.93,59.02,8.11
406.62,39.94,20.14,22.56,8.09,72.63,43.93,59.02,8.11
406.63,39.94,20.14,22.59,8.07,72.63,43.93,58.87,8.12
406.64,39.94,20.14,22.59,8.08,72.63,43.93,58.87,8.10
406.65,39.86,20.14,22.59,8.08,72.41,43.93,59.02,8.11
406.66,39.94,20.14,22.59,8.08,72.63,43.93,59.02,8.11
406.67,39.94,20.14,22.59,8.09,72.63,43.93,59.02,8.11
406.68,39.86,20.11,22.59,8.08,72.63,43.93,59.02,8.11
406.69,39.86,20.14,22.59,8.08,72.63,44.03,59.02,8.11
406.70,39.94,20.16,22.59,8.08,72.63,43.93,59.02,8.11
406.71,39.94,20.11,22.59,8.08,72.63,43.93,59.02,8.11
406.72,39.94,20.14,22.56,8.08,72.63,43.93,59.02,8.11
406.73,39.94,20.14,22.59,8.09,72.63,43.93,59.02,8.11
406.74,39.86,20.16,22.59,8.08,72.63,44.03,59.02,8.11
406.75,39.94,20.16,22.56,8.08,72.63,43.93,58.87,8.10
406.76,39.94,20.16,22.59,8.07,72.63,43.93,58.87,8.10
406.77,39.94,20.16,22.59,8.09,72.63,44.03,58.87,8.10
406.78,39.86,20.14,22.56,8.08,72.41,43.93,59.02,8.10
406.79,39.86,20.14,22.56,8.08,72.41,43.84,58.87,8.11
406.80,39.94,20.14,22.56,8.08,72.63,43.93,58.87,8.10
406.81,39.94,20.16,22.56,8.08,72.63,43.93,59.02,8.11
406.82,39.94,20.16,22.59,8.08,72.63,44.03,58.87,8.11
406.83,39.94,20.16,22.59,8.08,72.63,43.93,59.02,8.11
406.84,39.94,20.14,22.59,8.09,72.63,43.93,59.02,8.11
406.85,39.94,20.14,22.56,8.09,72.63,43.93,59.02,8.11
406.86,39.86,20.14,22.56,8.08,72.63,43.93,59.02,8.11
406.87,39.94,20.14,22.56,8.08,72.63,43.93,59.02,8.11
406.88,39.94,20.14,22.59,8.08,72.63,43.93,59.02,8.10
406.89,39.86,20.14,22.59,8.08,72.63,43.93,59.02,8.12
406.90,39.94,20.14,22.59,8.09,72.63,43.93,59.02,8.10
406.91,39.86,20.11,22.59,8.08,72.41,43.93,58.87,8.10
406.92,39.86,20.14,22.56,8.08,72.63,43.84,59.02,8.12
406.93,39.86,20.14,22.56,8.07,72.63,43.93,58.87,8.10
406.94,39.94,20.14,22.56,8.08,72.41,44.03,58.87,8.11
406.95,39.94,20.14,22.59,8.08,72.41,44.03,59.02,8.11
406.96,39.94,20.14,22.56,8.08,72.41,43.93,59.02,8.11
406.97,39.94,20.14,22.56,8.08,72.63,43.93,59.02,8.11
406.98,39.86,20.16,22.56,8.08,72.63,43.93,59.02,8.11
406.99,39.94,20.14,22.56,8.08,72.63,43.93,59.02,8.10
407.00,39.94,20.14,22.56,8.09,72.63,43.93,59.02,8.10
407.01,39.86,20.14,22.59,8.07,72.63,43.93,59.02,8.11
407.02,39.94,20.14,22.59,8.08,72.63,43.93,58.87,8.11
407.03,39.86,20.14,22.56,8.08,72.63,43.84,59.02,8.11
407.04,39.94,20.14,22.59,8.09,72.63,43.93,59.02,8.10
407.05,39.94,20.14,22.59,8.08,72.63,43.84,59.02,8.11
407.06,39.86,20.14,22.56,8.08,72.41,43.93,58.87,8.11
407.07,39.86,20.11,22.59,8.08,72.41,44.03,58.87,8.11
407.08,39.94,20.14,22.59,8.08,72.63,43.93,59.02,8.11
407.09,39.94,20.16,22.59,8.08,72.63,43.93,59.02,8.11
407.10,39.86,20.16,22.56,8.08,72.63,43.93,59.02,8.11
407.11,39.86,20.14,22.56,8.08,72.63,43.93,59.02,8.11
407.12,39.94,20.14,22.56,8.09,72.41,44.03,59.02,8.11
407.13,39.94,20.16,22.59,8.09,72.63,43.93,59.02,8.11
407.14,39.86,20.16,22.56,8.08,72.63,43.93,59.02,8.11
407.15,39.86,20.14,22.56,8.08,72.63,43.93,59.02,8.11
407.16,39.94,20.19,22.59,8.08,72.41,43.93,59.02,8.11
407.17,39.94,20.14,22.59,8.08,72.63,43.93,59.02,8.09
407.18,39.94,20.14,22.59,8.08,72.63,43.93,58.87,8.10
407.19,39.94,20.16,22.56,8.08,72.41,43.93,59.02,8.11
407.20,39.94,20.14,22.59,8.09,72.63,43.93,59.02,8.11
407.21,39.94,20.16,22.56,8.08,72.41,43.93,59.02,8.11
407.22,39.94,20.16,22.59,8.09,72.41,43.93,59.02,8.11
407.23,39.86,20.14,22.59,8.09,72.41,43.93,59.02,8.11
407.24,39.94,20.14,22.59,8.07,72.41,43.93,59.02,8.11
407.25,39.94,20.14,22.59,8.08,72.63,43.93,59.02,8.11
407.26,39.94,20.14,22.59,8.08,72.63,44.03,58.87,8.10
407.27,39.94,20.14,22.59,8.08,72.63,43.93,59.02,8.11
407.28,39.94,20.16,22.56,8.08,72.63,43.93,59.02,8.11
407.29,39.86,20.14,22.59,8.08,72.85,44.03,58.87,8.10
407.30,39.86,20.14,22.56,8.08,72.63,43.84,59.02,8.11
407.31,39.94,20.14,22.59,8.08,72.63,44.12,59.02,8.11
407.32,39.86,20.14,22.59,8.08,72.63,43.93,59.02,8.10
407.33,39.94,20.16,22.59,8.08,72.41,43.84,59.02,8.10
407.34,39.94,20.16,22.56,8.07,72.63,43.93,59.02,8.11
407.35,39.94,20.14,22.59,8.07,72.63,44.03,58.87,8.10
407.36,39.86,20.14,22.56,8.08,72.41,43.93,59.02,8.10
407.37,39.86,20.14,22.56,8.09,72.63,44.03,59.02,8.11
407.38,39.94,20.16,22.56,8.08,72.41,43.93,59.02,8.11
407.39,39.94,20.16,22.59,8.08,72.63,43.93,59.02,8.12
407.40,39.86,20.16,22.56,8.08,72.63,43.93,59.02,8.11
407.41,40.02,20.14,22.59,8.08,72.41,43.93,59.02,8.11
407.42,39.94,20.14,22.56,8.08,72.63,43.93,59.02,8.11
407.43,39.86,20.14,22.56,8.08,72.41,43.93,59.02,8.10
407.44,39.86,20.14,22.59,8.08,72.63,43.93,59.02,8.11
407.45,39.94,20.14,22.56,8.09,72.63,43.93,59.02,8.10
407.46,39.94,20.14,22.63,8.09,72.63,43.93,59.02,8.10
407.47,39.94,20.14,22.56,8.08,72.63,43.93,58.87,8.11
407.48,39.86,20.14,22.59,8.09,72.63,43.93,58.87,8.11
407.49,39.94,20.14,22.56,8.08,72.41,43.93,58.87,8.10
407.50,39.94,20.16,22.59,8.08,72.63,43.93,58.87,8.11
407.51,39.86,20.14,22.59,8.08,72.63,43.93,58.87,8.11
407.52,39.94,20.14,22.56,8.08,72.63,43.93,58.87,8.11
407.53,39.94,20.14,22.59,8.08,72.41,43.93,59.02,8.10
407.54,39.94,20.14,22.59,8.08,72.63,43.93,59.02,8.11
407.55,39.86,20.14,22.59,8.07,72.85,43.93,58.72,8.10
407.56,39.94,20.14,22.59,8.08,72.41,43.93,59.02,8.11
407.57,39.94,20.14,22.59,8.08,72.63,43.93,59.02,8.11
407.58,39.94,20.16,22.59,8.08,72.63,43.93,58.87,8.11
407.59,39.94,20.16,22.56,8.08,72.41,43.93,59.02,8.11
407.60,39.94,20.14,22.56,8.08,72.63,43.93,59.02,8.11
407.61,39.94,20.16,22.56,8.08,72.63,43.93,59.02,8.11
407.62,39.94,20.14,22.56,8.08,72.63,43.93,59.02,8.11
407.63,39.94,20.11,22.56,8.08,72.63,43.93,58.87,8.10
407.64,39.94,20.16,22.56,8.08,72.63,43.93,59.02,8.12
407.65,39.86,20.14,22.59,8.09,72.63,44.03,59.02,8.11
407.66,39.94,20.16,22.56,8.08,72.63,43.93,58.87,8.11
407.67,39.86,20.14,22.59,8.08,72.63,43.93,58.87,8.11
407.68,39.94,20.14,22.59,8.08,72.63,43.93,59.02,8.12
407.69,39.94,20.14,22.56,8.07,72.63,43.93,59.02,8.11
407.70,39.94,20.14,22.59,8.09,72.41,43.93,59.02,8.10
407.71,39.94,20.14,22.59,8.08,72.63,43.93,59.02,8.11
407.72,39.94,20.14,22.59,8.08,72.41,43.93,59.02,8.11
407.73,39.94,20.16,22.59,8.08,72.41,43.93,59.02,8.11
407.74,39.94,20.14,22.59,8.08,72.63,43.93,59.18,8.11
407.75,39.94,20.14,22.56,8.08,72.63,43.93,59.02,8.11
407.76,39.94,20.16,22.59,8.08,72.63,43.93,59.02,8.11
407.77,39.78,20.16,22.56,8.09,72.63,43.93,59.02,8.11
407.78,39.94,20.16,22.59,8.08,72.63,44.03,59.02,8.11
407.79,39.94,20.14,22.56,8.08,72.63,44.03,59.02,8.10
407.80,39.94,20.14,22.59,8.08,72.63,44.03,58.87,8.10
407.81,39.94,20.14,22.59,8.10,72.63,43.93,59.18,8.11
407.82,39.94,20.14,22.59,8.08,72.41,43.93,59.02,8.11
407.83,39.94,20.14,22.56,8.09,72.63,43.93,59.02,8.11
407.84,39.86,20.14,22.59,8.08,72.63,43.93,58.87,8.10
407.85,39.86,20.14,22.59,8.08,72.41,43.93,58.87,8.11
407.86,39.94,20.16,22.59,8.08,72.41,43.93,59.02,8.10
407.87,39.94,20.16,22.56,8.08,72.63,43.93,59.02,8.10
407.88,39.86,20.16,22.56,8.08,72.63,43.93,59.02,8.10
407.89,39.94,20.16,22.56,8.08,72.41,43.93,59.02,8.11
407.90,39.94,20.14,22.56,8.08,72.41,44.03,59.02,8.11
407.91,39.94,20.14,22.56,8.07,72.63,43.93,59.02,8.11
407.92,39.94,20.16,22.59,8.08,72.41,43.93,59.02,8.10
407.93,39.94,20.16,22.56,8.08,72.63,43.93,59.02,8.11
407.94,39.94,20.14,22.59,8.08,72.63,43.93,59.02,8.10
407.95,39.94,20.14,22.59,8.08,72.41,43.93,59.02,8.11
407.96,39.94,20.14,22.56,8.08,72.63,43.93,58.87,8.11
407.97,39.94,20.14,22.56,8.08,72.63,44.03,59.02,8.11
407.98,39.94,20.14,22.56,8.08,72.41,43.93,59.02,8.10
407.99,39.94,20.14,22.56,8.08,72.63,43.93,59.02,8.12
408.00,39.86,20.14,22.56,8.08,72.63,43.93,59.02,8.11
408.01,39.94,20.16,22.59,8.08,72.63,43.93,59.02,8.11
408.02,39.94,20.14,22.59,8.08,72.63,43.93,58.87,8.11
408.03,39.94,20.16,22.59,8.08,72.63,44.03,59.02,8.11
408.04,39.86,20.14,22.59,8.09,72.41,43.93,58.87,8.11
408.05,39.94,20.14,22.59,8.09,72.63,43.93,59.02,8.11
408.06,39.94,20.16,22.59,8.08,72.41,43.93,59.02,8.11
408.07,39.94,20.14,22.59,8.08,72.63,43.93,59.02,8.11
408.08,39.94,20.14,22.59,8.08,72.41,43.93,59.18,8.11
408.09,39.94,20.14,22.63,8.08,72.41,43.93,59.02,8.11
408.10,39.94,20.14,22.59,8.08,72.63,43.93,59.02,8.11
408.11,39.94,20.14,22.59,8.08,72.63,43.93,59.02,8.11
408.12,39.94,20.14,22.56,8.08,72.63,43.93,59.02,8.10
408.13,39.86,20.14,22.59,8.08,72.63,43.93,59.02,8.11
408.14,39.94,20.14,22.56,8.08,72.85,43.93,58.87,8.10
408.15,39.94,20.14,22.59,8.08,72.63,43.93,59.02,8.10
408.16,39.94,20.14,22.59,8.08,72.63,43.93,58.87,8.10
408.17,39.94,20.14,22.59,8.08,72.63,43.93,59.02,8.11
408.18,39.86,20.16,22.56,8.07,72.41,43.93,59.02,8.11
408.19,39.94,20.16,22.59,8.08,72.63,43.93,59.02,8.11
408.20,39.94,20.14,22.59,8.09,72.41,43.93,58.87,8.11
408.21,39.94,20.14,22.59,8.08,72.63,43.93,59.02,8.11
408.22,39.94,20.14,22.56,8.09,72.41,43.93,59.02,8.11
408.23,39.86,20.14,22.59,8.07,72.63,43.93,58.87,8.10
408.24,39.86,20.14,22.56,8.08,72.41,43.93,59.18,8.11
408.25,39.94,20.14,22.56,8.08,72.63,44.03,58.87,8.11
408.26,39.94,20.16,22.56,8.08,72.63,43.93,58.87,8.11
408.27,40.02,20.14,22.59,8.08,72.63,43.93,59.02,8.11
408.28,39.94,20.14,22.56,8.08,72.63,43.93,59.02,8.11
408.29,39.94,20.11,22.59,8.09,72.41,43.93,59.02,8.11
408.30,39.94,20.14,22.56,8.09,72.41,43.93,59.02,8.10
408.31,39.94,20.14,22.56,8.07,72.41,43.93,59.02,8.10
408.32,39.86,20.14,22.59,8.08,72.63,43.93,59.02,8.10
408.33,39.94,20.14,22.59,8.08,72.41,43.93,59.02,8.10
408.34,39.94,20.16,22.56,8.08,72.63,43.93,59.02,8.11
408.35,39.94,20.11,22.59,8.08,72.63,43.93,59.02,8.11
408.36,39.94,20.14,22.59,8.08,72.63,43.93,58.87,8.10
408.37,39.86,20.14,22.56,8.08,72.63,43.93,59.02,8.10
408.38,39.94,20.14,22.59,8.07,72.41,43.84,59.02,8.10
408.39,39.86,20.14,22.59,8.09,72.63,43.93,59.02,8.11
408.40,39.86,20.14,22.59,8.08,72.63,43.93,59.02,8.11
408.41,39.94,20.14,22.59,8.08,72.41,43.93,59.02,8.11
408.42,39.94,20.14,22.56,8.09,72.63,43.84,59.02,8.11
408.43,39.94,20.16,22.59,8.08,72.63,44.03,59.02,8.10
408.44,39.94,20.14,22.56,8.08,72.63,43.93,58.87,8.11
408.45,39.94,20.14,22.59,8.09,72.63,44.03,59.02,8.11
408.46,39.94,20.14,22.56,8.08,72.41,44.03,59.02,8.11
408.47,39.86,20.14,22.59,8.08,72.63,43.93,59.02,8.11
408.48,39.94,20.14,22.56,8.08,72.63,43.93,59.02,8.11
408.49,39.86,20.14,22.56,8.08,72.41,43.93,59.02,8.11
408.50,39.94,20.14,22.59,8.08,72.63,43.93,59.02,8.10
408.51,39.94,20.14,22.56,8.07,72.41,44.03,59.02,8.10
408.52,39.86,20.14,22.56,8.08,72.41,43.93,58.87,8.10
408.53,39.94,20.14,22.56,8.08,72.63,44.03,58.87,8.11
408.54,39.86,20.14,22.56,8.08,72.41,43.93,59.18,8.10
408.55,39.94,20.14,22.56,8.08,72.63,43.93,58.87,8.11
408.56,40.02,20.14,22.56,8.08,72.63,43.93,58.87,8.11
408.57,39.78,20.14,22.56,8.08,72.63,43.93,59.02,8.11
408.58,39.94,20.16,22.59,8.08,72.63,43.93,59.02,8.12
408.59,39.86,20.11,22.56,8.09,72.41,43.93,58.87,8.10
408.60,39.94,20.14,22.59,8.08,72.63,43.93,59.02,8.11
408.61,39.86,20.16,22.56,8.09,72.85,44.03,58.87,8.10
408.62,39.94,20.16,22.56,8.07,72.63,43.93,59.02,8.11
408.63,39.94,20.14,22.56,8.08,72.63,43.93,59.02,8.10
408.64,39.86,20.14,22.59,8.08,72.85,44.03,58.87,8.11
408.65,39.86,20.14,22.59,8.08,72.63,43.84,59.02,8.10
408.66,39.86,20.14,22.56,8.08,72.41,43.93,58.87,8.11
408.67,39.94,20.14,22.59,8.08,72.63,43.93,59.02,8.10
408.68,39.94,20.14,22.56,8.09,72.41,43.93,59.18,8.10
408.69,39.94,20.14,22.56,8.08,72.41,43.84,58.87,8.11
408.70,39.94,20.14,22.59,8.08,72.63,43.93,59.02,8.10
408.71,39.94,20.14,22.59,8.09,72.63,43.93,59.18,8.11
408.72,39.94,20.16,22.56,8.08,72.63,43.93,58.87,8.11
408.73,39.94,20.14,22.56,8.09,72.63,43.93,58.87,8.11
408.74,39.94,20.14,22.59,8.07,72.63,43.93,59.02,8.11
408.75,39.94,20.16,22.59,8.08,72.63,43.93,59.02,8.11
408.76,39.94,20.14,22.56,8.08,72.41,44.03,59.02,8.10
408.77,39.94,20.14,22.59,8.08,72.63,43.84,59.02,8.11
408.78,39.94,20.16,22.56,8.09,72.63,44.03,58.87,8.11
408.79,39.94,20.14,22.56,8.08,72.41,43.93,59.02,8.10
408.80,39.94,20.14,22.56,8.07,72.41,43.93,59.02,8.10
408.81,39.86,20.14,22.59,8.08,72.63,43.93,59.02,8.11
408.82,39.94,20.16,22.59,8.08,72.63,43.93,59.02,8.11
408.83,39.94,20.14,22.59,8.08,72.41,43.93,59.02,8.11
408.84,39.94,20.14,22.59,8.08,72.63,43.93,59.02,8.11
408.85,39.86,20.14,22.56,8.08,72.63,43.93,58.87,8.11
408.86,39.94,20.16,22.59,8.08,72.41,43.93,59.02,8.11
408.87,39.94,20.16,22.56,8.09,72.63,43.93,58.87,8.10
408.88,39.94,20.14,22.59,8.09,72.41,43.93,59.02,8.11
408.89,39.94,20.14,22.59,8.08,72.63,43.93,59.02,8.11
408.90,40.02,20.16,22.59,8.08,72.63,43.93,59.02,8.11
408.91,39.86,20.11,22.56,8.08,72.63,43.93,59.02,8.11
408.92,39.94,20.16,22.59,8.08,72.41,44.03,59.02,8.10
408.93,39.94,20.14,22.56,8.08,72.63,43.93,58.87,8.11
408.94,39.94,20.16,22.59,8.08,72.41,43.93,59.02,8.10
408.95,39.94,20.14,22.59,8.08,72.63,43.84,59.02,8.11
408.96,39.94,20.14,22.56,8.08,72.63,43.93,59.02,8.11
408.97,39.94,20.14,22.56,8.08,72.63,43.93,59.02,8.11
408.98,39.94,20.16,22.59,8.08,72.63,43.93,59.02,8.11
408.99,39.94,20.14,22.59,8.08,72.41,43.93,59.02,8.10
409.00,39.94,20.11,22.59,8.07,72.63,43.93,59.02,8.11
409.01,39.94,20.14,22.56,8.08,72.63,43.93,58.87,8.11
409.02,39.94,20.14,22.56,8.09,72.85,43.93,58.87,8.11
409.03,39.94,20.14,22.59,8.09,72.63,43.93,59.02,8.11
409.04,39.94,20.14,22.56,8.08,72.41,43.93,59.02,8.10
409.05,39.94,20.14,22.56,8.07,72.63,43.93,59.02,8.10
409.06,39.94,20.14,22.56,8.09,72.63,43.93,58.87,8.11
409.07,39.94,20.14,22.56,8.08,72.63,43.93,59.02,8.11
409.08,39.94,20.16,22.59,8.08,72.63,43.93,59.02,8.11
409.09,39.86,20.14,22.59,8.08,72.63,43.93,59.02,8.11
409.10,39.94,20.14,22.59,8.09,72.63,44.03,59.02,8.11
409.11,39.94,20.14,22.59,8.09,72.63,43.93,59.02,8.11
409.12,39.94,20.16,22.59,8.08,72.63,43.93,59.02,8.11
409.13,39.94,20.14,22.59,8.08,72.41,43.93,59.02,8.11
409.14,39.94,20.14,22.59,8.08,72.63,44.03,59.02,8.10
409.15,39.94,20.14,22.59,8.08,72.63,43.93,59.02,8.11
409.16,39.94,20.14,22.59,8.08,72.63,43.93,58.87,8.11
409.17,39.94,20.14,22.56,8.09,72.63,43.93,59.02,8.12
409.18,39.94,20.14,22.59,8.07,72.63,43.93,59.02,8.11
409.19,39.94,20.14,22.59,8.08,72.41,43.93,59.02,8.11
409.20,39.94,20.14,22.56,8.08,72.63,43.93,59.02,8.10
409.21,39.94,20.14,22.56,8.08,72.63,43.84,58.87,8.10
409.22,39.86,20.11,22.59,8.08,72.63,44.03,59.02,8.11
409.23,39.94,20.14,22.59,8.08,72.63,43.93,59.02,8.11
409.24,39.94,20.14,22.59,8.08,72.63,43.93,59.02,8.10
409.25,39.94,20.14,22.56,8.08,72.63,44.03,59.02,8.10
409.26,39.94,20.14,22.59,8.08,72.63,43.93,59.02,8.11
409.27,39.94,20.16,22.56,8.07,72.41,44.03,59.02,8.11
409.28,39.94,20.14,22.59,8.08,72.41,43.93,58.87,8.11
409.29,39.94,20.16,22.59,8.08,72.63,43.93,59.02,8.11
409.30,39.94,20.14,22.56,8.09,72.63,43.84,59.02,8.11
409.31,39.94,20.14,22.56,8.08,72.63,43.93,59.02,8.11
409.32,39.94,20.16,22.59,8.09,72.41,43.84,58.87,8.10
409.33,39.94,20.14,22.56,8.08,72.63,43.93,58.87,8.10
409.34,39.94,20.14,22.59,8.08,72.63,43.93,59.02,8.10
409.35,39.94,20.14,22.59,8.08,72.63,43.93,59.02,8.11
409.36,39.94,20.14,22.59,8.08,72.41,43.93,59.02,8.11
409.37,39.94,20.14,22.56,8.08,72.41,44.03,59.02,8.11
409.38,39.94,20.14,22.56,8.08,72.63,43.93,59.02,8.11
409.39,39.94,20.16,22.56,8.08,72.63,43.93,59.02,8.11
409.40,39.94,20.16,22.59,8.08,72.63,43.93,59.02,8.11
409.41,39.94,20.16,22.59,8.08,72.63,43.93,59.02,8.12
409.42,39.94,20.16,22.59,8.08,72.41,44.03,59.02,8.11
409.43,39.94,20.14,22.56,8.08,72.63,43.93,59.02,8.11
409.44,39.94,20.14,22.59,8.08,72.63,44.03,59.02,8.11
409.45,39.94,20.14,22.59,8.08,72.63,43.93,59.02,8.11
409.46,39.94,20.14,22.59,8.08,72.63,43.93,59.02,8.11
409.47,39.94,20.14,22.59,8.08,72.63,43.93,59.02,8.11
409.48,39.94,20.16,22.56,8.09,72.63,43.93,59.02,8.11
409.49,39.94,20.14,22.59,8.08,72.63,44.03,59.02,8.11
409.50,39.94,20.14,22.59,8.08,72.41,44.03,59.02,8.10
409.51,39.86,20.16,22.59,8.08,72.63,43.93,59.02,8.11
409.52,39.94,20.14,22.59,8.08,72.63,44.03,59.02,8.11
409.53,39.94,20.14,22.56,8.07,72.63,43.93,59.02,8.11
409.54,39.94,20.16,22.56,8.09,72.63,43.93,59.02,8.11
409.55,39.94,20.14,22.56,8.08,72.63,43.93,59.02,8.11
409.56,39.94,20.14,22.59,8.08,72.63,44.03,59.02,8.11
409.57,39.94,20.16,22.56,8.08,72.63,43.93,59.02,8.11
409.58,39.94,20.14,22.59,8.08,72.63,43.93,59.02,8.11
409.59,39.94,20.14,22.56,8.08,72.63,43.93,59.02,8.11
409.60,39.94,20.14,22.56,8.09,72.63,44.03,59.02,8.10
409.61,40.02,20.16,22.59,8.10,72.63,43.93,58.87,8.11
409.62,39.94,20.16,22.59,8.08,72.41,43.93,59.02,8.10
409.63,39.94,20.14,22.56,8.08,72.85,44.12,59.02,8.11
409.64,39.94,20.16,22.56,8.09,72.63,43.93,59.02,8.11
409.65,39.94,20.11,22.56,8.08,72.63,43.93,59.02,8.10
409.66,39.94,20.14,22.56,8.08,72.63,43.93,59.02,8.11
409.67,39.94,20.14,22.56,8.08,72.63,43.93,59.02,8.11
409.68,39.94,20.14,22.59,8.08,72.63,44.03,59.02,8.11
409.69,39.94,20.16,22.59,8.08,72.63,43.93,59.02,8.11
409.70,39.94,20.14,22.59,8.08,72.63,44.03,59.02,8.11
409.71,39.94,20.16,22.59,8.08,72.63,44.03,59.02,8.11
409.72,39.94,20.16,22.56,8.09,72.63,43.93,59.02,8.11
409.73,39.94,20.14,22.59,8.08,72.63,43.93,59.18,8.11
409.74,39.86,20.14,22.59,8.08,72.41,43.93,59.18,8.11
409.75,39.86,20.16,22.59,8.09,72.63,43.93,59.02,8.11
409.76,40.02,20.16,22.59,8.08,72.63,43.93,59.18,8.11
409.77,39.94,20.14,22.56,8.08,72.63,43.93,59.02,8.11
409.78,39.94,20.14,22.59,8.08,72.63,43.93,59.18,8.11
409.79,39.94,20.14,22.56,8.08,72.63,43.93,59.02,8.11
409.80,39.94,20.16,22.59,8.08,72.63,43.93,59.02,8.11
409.81,39.94,20.14,22.59,8.08,72.63,44.03,59.02,8.10
409.82,39.94,20.16,22.59,8.09,72.85,44.03,59.02,8.11
409.83,39.94,20.16,22.59,8.08,72.41,44.03,59.02,8.11
409.84,39.94,20.16,22.56,8.08,72.85,43.93,58.87,8.11
409.85,39.94,20.16,22.59,8.08,72.63,43.93,59.18,8.11
409.86,39.94,20.16,22.56,8.08,72.41,43.93,59.02,8.10
409.87,39.94,20.14,22.59,8.08,72.63,43.93,59.18,8.11
409.88,39.86,20.16,22.59,8.08,72.63,43.93,59.02,8.12
409.89,39.94,20.14,22.56,8.09,72.63,44.03,58.87,8.11
409.90,39.94,20.16,22.59,8.08,72.63,44.03,59.02,8.10
409.91,39.94,20.16,22.56,8.09,72.63,43.93,58.87,8.11
409.92,39.94,20.16,22.59,8.08,72.63,43.93,59.02,8.10
409.93,39.94,20.14,22.59,8.09,72.41,43.93,59.02,8.11
409.94,39.94,20.16,22.56,8.08,72.85,44.03,59.02,8.12
409.95,39.94,20.16,22.59,8.09,72.63,44.03,58.87,8.10
409.96,39.94,20.16,22.59,8.08,72.63,44.03,59.02,8.10
409.97,39.94,20.14,22.59,8.08,72.85,43.93,59.02,8.11
409.98,39.94,20.14,22.59,8.08,72.63,44.03,59.02,8.11
409.99,39.94,20.16,22.59,8.07,72.63,43.93,59.02,8.12
410.00,39.94,20.16,22.59,8.08,72.63,43.93,59.02,8.11
410.01,39.94,20.14,22.59,8.08,72.63,44.03,59.02,8.10
410.02,39.94,20.16,22.59,8.08,72.63,43.93,58.87,8.11
410.03,39.94,20.16,22.59,8.08,72.63,44.03,59.02,8.11
410.04,39.94,20.16,22.59,8.08,72.63,43.93,59.02,8.10
410.05,39.94,20.16,22.59,8.09,72.63,43.93,59.02,8.11
410.06,39.94,20.14,22.59,8.08,72.63,43.93,59.02,8.11
410.07,39.86,20.14,22.59,8.08,72.63,44.03,59.02,8.11
410.08,39.94,20.16,22.56,8.08,72.63,43.93,59.02,8.12
410.09,39.94,20.16,22.59,8.08,72.85,44.03,59.02,8.11
410.10,39.94,20.14,22.59,8.08,72.63,43.93,59.02,8.11
410.11,40.02,20.16,22.59,8.08,72.85,43.93,59.02,8.12
410.12,39.94,20.16,22.59,8.08,72.63,44.03,59.02,8.11
410.13,39.94,20.14,22.59,8.08,72.63,43.93,59.18,8.12
410.14,39.94,20.14,22.56,8.08,72.63,44.03,59.02,8.11
410.15,39.94,20.16,22.59,8.08,72.63,43.93,59.02,8.12
410.16,39.94,20.19,22.59,8.08,72.63,44.03,58.87,8.11
410.17,39.94,20.16,22.56,8.08,72.63,43.93,59.02,8.11
410.18,39.94,20.16,22.59,8.08,72.63,44.03,59.02,8.11
410.19,39.94,20.16,22.59,8.08,72.63,43.93,59.02,8.11
410.20,39.94,20.16,22.59,8.08,72.63,43.93,59.02,8.11
410.21,39.94,20.16,22.59,8.08,72.63,43.93,59.02,8.11
410.22,39.94,20.16,22.59,8.08,72.63,43.93,59.02,8.10
410.23,39.94,20.14,22.59,8.09,72.63,43.93,59.02,8.11
410.24,39.94,20.14,22.59,8.09,72.63,44.03,59.02,8.10
410.25,39.94,20.19,22.59,8.08,72.63,44.03,59.02,8.11
410.26,39.94,20.14,22.56,8.08,72.63,43.93,59.02,8.11
410.27,39.94,20.19,22.59,8.09,72.85,44.03,59.18,8.11
410.28,39.94,20.16,22.59,8.08,72.63,43.93,59.02,8.11
410.29,39.94,20.16,22.59,8.09,72.63,43.93,59.02,8.11
410.30,39.94,20.16,22.59,8.08,72.85,44.03,59.02,8.11
410.31,39.94,20.16,22.59,8.08,72.63,44.12,59.02,8.11
410.32,39.94,20.14,22.59,8.08,72.85,43.93,59.02,8.11
410.33,39.94,20.14,22.59,8.08,72.63,43.93,59.02,8.12
410.34,39.94,20.16,22.59,8.08,72.41,43.93,59.02,8.11
410.35,39.94,20.16,22.59,8.08,72.85,43.93,59.02,8.11
410.36,39.94,20.19,22.59,8.08,72.41,44.03,59.02,8.10
410.37,39.94,20.14,22.59,8.08,72.63,44.03,59.02,8.11
410.38,39.94,20.14,22.56,8.08,72.63,43.93,59.02,8.10
410.39,39.94,20.16,22.59,8.08,72.63,43.93,59.02,8.10
410.40,39.94,20.16,22.59,8.09,72.85,43.93,59.02,8.11
410.41,39.94,20.16,22.59,8.08,72.63,44.03,59.02,8.10
410.42,40.02,20.16,22.59,8.08,72.63,44.03,59.02,8.11
410.43,39.94,20.16,22.59,8.08,72.63,44.03,59.02,8.11
410.44,39.94,20.14,22.59,8.08,72.63,43.93,59.02,8.11
410.45,39.94,20.14,22.59,8.08,72.63,43.93,59.02,8.11
410.46,40.02,20.16,22.59,8.08,72.63,44.03,58.87,8.11
410.47,40.02,20.19,22.59,8.08,72.63,43.93,59.02,8.11
410.48,39.94,20.16,22.59,8.09,72.63,43.93,59.18,8.11
410.49,39.94,20.16,22.59,8.08,72.63,44.03,59.18,8.11
410.50,39.94,20.16,22.56,8.09,72.63,44.03,59.02,8.11
410.51,39.94,20.16,22.59,8.08,72.85,44.03,59.02,8.11
410.52,39.94,20.16,22.59,8.09,72.63,43.93,59.02,8.12
410.53,39.86,20.14,22.59,8.08,72.63,43.84,59.02,8.11
410.54,39.94,20.16,22.59,8.08,72.63,43.93,59.02,8.11
410.55,39.94,20.16,22.59,8.08,72.63,44.03,59.02,8.11
410.56,40.02,20.16,22.59,8.08,72.63,43.93,59.02,8.11
410.57,39.94,20.16,22.59,8.08,72.85,44.03,59.18,8.11
410.58,39.94,20.14,22.59,8.09,72.63,43.93,59.02,8.11
410.59,39.94,20.16,22.59,8.08,72.63,43.93,59.02,8.10
410.60,39.94,20.14,22.59,8.08,72.63,44.03,59.02,8.11
410.61,39.94,20.16,22.59,8.08,72.63,44.03,59.02,8.11
410.62,40.02,20.19,22.56,8.09,72.63,43.93,59.02,8.10
410.63,39.94,20.16,22.59,8.08,72.85,43.93,59.02,8.11
410.64,39.94,20.16,22.56,8.08,72.63,44.03,59.02,8.11
410.65,39.94,20.16,22.63,8.08,72.63,44.03,59.02,8.11
410.66,39.94,20.16,22.59,8.09,72.63,44.03,59.02,8.11
410.67,39.94,20.14,22.59,8.08,72.63,44.03,59.02,8.11
410.68,39.94,20.16,22.59,8.08,72.63,44.03,59.02,8.11
410.69,39.94,20.16,22.59,8.09,72.63,43.93,59.02,8.11
410.70,39.94,20.16,22.59,8.09,72.63,43.93,59.18,8.11
410.71,39.94,20.16,22.56,8.08,72.63,43.93,59.02,8.11
410.72,39.94,20.16,22.59,8.08,72.63,44.03,59.02,8.10
410.73,39.94,20.19,22.59,8.08,72.85,43.93,59.02,8.11
410.74,39.94,20.11,22.59,8.08,72.63,44.03,58.87,8.11
410.75,40.02,20.14,22.59,8.08,72.63,43.93,59.02,8.11
410.76,39.94,20.16,22.59,8.08,72.63,43.93,59.02,8.12
410.77,40.02,20.16,22.59,8.09,72.63,44.03,59.02,8.11
410.78,39.94,20.14,22.59,8.08,72.63,43.93,59.02,8.11
410.79,39.94,20.16,22.59,8.09,72.63,43.93,59.02,8.12
410.80,39.94,20.16,22.59,8.10,72.85,44.12,59.02,8.11
410.81,39.94,20.16,22.59,8.08,72.63,43.93,59.02,8.11
410.82,39.94,20.19,22.59,8.08,72.63,44.12,59.02,8.11
410.83,39.94,20.14,22.59,8.09,72.63,44.12,59.02,8.11
410.84,39.94,20.16,22.59,8.08,72.63,43.84,59.02,8.12
410.85,39.94,20.16,22.59,8.08,72.63,44.03,59.02,8.11
410.86,40.02,20.16,22.59,8.08,72.63,43.93,59.02,8.11
410.87,39.94,20.14,22.59,8.08,72.41,43.93,58.87,8.10
410.88,40.02,20.16,22.59,8.09,72.63,43.93,59.18,8.11
410.89,39.94,20.14,22.59,8.08,72.63,43.93,59.02,8.12
410.90,39.94,20.16,22.59,8.09,72.63,43.93,59.02,8.11
410.91,39.94,20.14,22.59,8.08,72.63,44.03,59.02,8.10
410.92,39.94,20.16,22.59,8.08,72.41,44.03,59.02,8.12
410.93,39.94,20.14,22.59,8.10,72.63,44.03,59.02,8.11
410.94,39.94,20.16,22.59,8.10,72.63,44.03,59.02,8.11
410.95,40.02,20.14,22.59,8.08,72.63,44.03,59.02,8.11
410.96,40.02,20.16,22.59,8.08,72.63,43.93,59.02,8.11
410.97,39.86,20.16,22.63,8.08,72.63,43.93,59.02,8.10
410.98,39.94,20.14,22.59,8.08,72.63,43.93,59.02,8.11
410.99,40.02,20.16,22.56,8.08,72.63,43.93,59.02,8.11
411.00,40.02,20.16,22.59,8.09,72.63,43.93,59.02,8.11
411.01,39.94,20.14,22.59,8.08,72.63,43.93,59.02,8.11
411.02,39.94,20.16,22.59,8.09,72.63,43.93,59.02,8.11
411.03,39.94,20.16,22.59,8.08,72.41,43.93,59.02,8.11
411.04,39.94,20.16,22.59,8.08,72.63,44.03,59.02,8.11
411.05,39.94,20.16,22.59,8.08,72.41,43.93,59.02,8.11
411.06,39.94,20.16,22.59,8.08,72.63,43.93,59.02,8.11
411.07,39.94,20.14,22.63,8.08,72.63,44.03,59.02,8.11
411.08,40.02,20.16,22.59,8.08,72.63,43.93,59.02,8.11
411.09,39.94,20.16,22.59,8.08,72.63,44.03,58.87,8.11
411.10,39.94,20.14,22.59,8.08,72.63,43.93,59.33,8.11
411.11,39.94,20.16,22.59,8.08,72.85,43.93,58.87,8.11
411.12,39.94,20.14,22.59,8.08,72.63,43.93,59.02,8.11
411.13,39.94,20.14,22.59,8.08,72.63,43.93,59.02,8.11
411.14,39.94,20.16,22.59,8.08,72.63,43.93,59.02,8.11
411.15,39.94,20.16,22.59,8.09,72.63,43.93,59.02,8.11
411.16,39.94,20.16,22.59,8.10,72.63,43.93,59.02,8.11
411.17,40.02,20.16,22.59,8.08,72.63,43.93,58.87,8.10
411.18,39.94,20.14,22.59,8.08,72.63,43.93,59.02,8.11
411.19,39.94,20.16,22.59,8.08,72.63,43.93,59.02,8.11
411.20,39.94,20.16,22.59,8.08,72.63,43.93,59.02,8.10
411.21,39.94,20.14,22.59,8.08,72.63,43.93,59.02,8.10
411.22,39.94,20.16,22.59,8.08,72.63,44.03,59.02,8.10
411.23,39.94,20.16,22.56,8.08,72.63,43.93,59.02,8.11
411.24,39.94,20.16,22.59,8.08,72.63,43.93,59.02,8.10
411.25,39.94,20.14,22.59,8.08,72.63,44.03,59.02,8.11
411.26,39.94,20.14,22.59,8.09,72.63,44.03,59.02,8.11
411.27,39.94,20.14,22.59,8.08,72.63,44.03,59.02,8.11
411.28,39.94,20.14,22.59,8.08,72.63,44.12,59.02,8.11
411.29,40.02,20.16,22.59,8.09,72.85,43.93,59.02,8.11
411.30,39.94,20.14,22.59,8.08,72.63,43.93,59.02,8.11
411.31,39.94,20.14,22.59,8.10,72.63,44.03,59.02,8.11
411.32,39.86,20.14,22.59,8.08,72.63,44.03,59.02,8.11
411.33,39.94,20.16,22.59,8.08,72.63,43.93,59.02,8.11
411.34,39.94,20.14,22.59,8.08,72.63,43.93,59.02,8.11
411.35,39.94,20.14,22.63,8.09,72.63,43.93,59.02,8.12
411.36,39.94,20.14,22.59,8.08,72.63,43.93,59.02,8.10
411.37,39.94,20.14,22.63,8.08,72.63,44.03,59.02,8.11
411.38,39.94,20.16,22.59,8.08,72.63,43.93,59.02,8.11
411.39,40.02,20.14,22.59,8.08,72.63,43.93,59.02,8.11
411.40,39.94,20.16,22.59,8.08,72.63,43.93,59.02,8.11
411.41,39.94,20.14,22.59,8.09,72.63,43.93,59.02,8.10
411.42,40.02,20.16,22.59,8.08,72.85,44.03,59.02,8.11
411.43,39.94,20.14,22.59,8.08,72.63,43.93,59.02,8.10
411.44,39.94,20.14,22.59,8.08,72.63,44.03,59.02,8.12
411.45,39.94,20.14,22.59,8.08,72.63,44.03,59.02,8.11
411.46,39.94,20.14,22.59,8.09,72.63,44.03,58.87,8.11
411.47,39.94,20.16,22.56,8.09,72.63,44.03,59.02,8.12
411.48,39.94,20.14,22.59,8.10,72.63,43.93,59.02,8.11
411.49,39.94,20.16,22.56,8.09,72.63,44.03,59.02,8.11
411.50,39.94,20.14,22.59,8.08,72.63,43.93,59.02,8.11
411.51,39.94,20.14,22.59,8.08,72.63,44.03,59.02,8.10
411.52,39.94,20.14,22.59,8.10,72.41,43.93,59.02,8.11
411.53,39.94,20.16,22.59,8.09,72.63,43.93,59.02,8.11
411.54,39.94,20.16,22.59,8.08,72.63,44.03,59.02,8.11
411.55,39.94,20.14,22.59,8.09,72.63,43.93,59.02,8.11
411.56,39.94,20.16,22.59,8.09,72.63,43.93,59.02,8.11
411.57,39.94,20.14,22.59,8.08,72.63,43.84,58.87,8.11
411.58,39.94,20.16,22.59,8.08,72.63,44.03,59.02,8.12
411.59,39.94,20.16,22.59,8.08,72.85,43.93,59.02,8.12
411.60,39.94,20.14,22.59,8.08,72.63,44.03,59.02,8.11
411.61,39.94,20.14,22.59,8.08,72.63,44.03,59.02,8.11
411.62,39.94,20.16,22.59,8.08,72.63,44.03,59.02,8.11
411.63,39.94,20.16,22.59,8.08,72.63,43.93,59.18,8.11
411.64,40.02,20.19,22.59,8.08,72.41,44.03,59.02,8.11
411.65,39.94,20.16,22.59,8.08,72.63,44.03,59.02,8.11
411.66,39.94,20.16,22.59,8.08,72.63,44.03,59.02,8.11
411.67,39.94,20.14,22.59,8.09,72.63,44.03,59.18,8.11
411.68,39.94,20.16,22.59,8.09,72.41,44.03,59.02,8.12
411.69,39.94,20.14,22.59,8.09,72.63,43.93,59.02,8.11
411.70,39.94,20.14,22.59,8.09,72.63,44.03,59.02,8.11
411.71,39.86,20.16,22.56,8.08,72.63,43.93,59.02,8.11
411.72,39.94,20.16,22.59,8.08,72.63,44.03,59.02,8.12
411.73,39.94,20.16,22.59,8.08,72.63,43.93,59.02,8.11
411.74,39.94,20.14,22.59,8.08,72.63,44.03,59.02,8.11
411.75,39.94,20.14,22.59,8.10,72.63,43.93,59.02,8.10
411.76,39.94,20.14,22.59,8.08,72.63,43.93,59.02,8.11
411.77,39.94,20.14,22.59,8.08,72.85,44.03,59.02,8.11
411.78,39.94,20.16,22.59,8.09,72.63,43.93,59.02,8.11
411.79,39.94,20.14,22.59,8.08,72.63,43.93,59.02,8.10
411.80,40.02,20.16,22.59,8.08,72.63,44.03,59.02,8.11
411.81,39.94,20.14,22.59,8.08,72.63,43.93,59.02,8.11
411.82,40.02,20.16,22.59,8.08,72.63,44.03,59.02,8.10
411.83,40.02,20.16,22.59,8.07,72.63,43.93,59.02,8.11
411.84,39.94,20.16,22.59,8.08,72.63,44.03,59.02,8.11
411.85,39.94,20.16,22.59,8.08,72.63,44.03,59.02,8.11
411.86,39.94,20.16,22.59,8.08,72.85,44.03,59.02,8.11
411.87,39.94,20.14,22.59,8.10,72.85,44.03,59.18,8.11
411.88,40.02,20.19,22.59,8.09,72.63,43.93,59.02,8.12
411.89,39.94,20.16,22.59,8.08,72.63,43.84,59.02,8.11
411.90,39.94,20.16,22.59,8.08,72.63,43.93,59.18,8.11
411.91,39.94,20.14,22.59,8.08,72.63,43.93,59.02,8.12
411.92,39.94,20.11,22.56,8.08,72.85,44.03,59.02,8.10
411.93,39.94,20.19,22.59,8.10,72.63,43.93,59.02,8.11
411.94,40.02,20.14,22.59,8.08,72.63,43.93,59.02,8.11
411.95,39.94,20.16,22.59,8.08,72.63,44.12,59.02,8.11
411.96,40.02,20.14,22.59,8.09,72.63,44.03,59.02,8.11
411.97,39.94,20.16,22.59,8.09,72.63,43.93,59.02,8.11
411.98,39.94,20.16,22.59,8.08,72.63,43.93,59.18,8.11
411.99,39.94,20.16,22.59,8.08,72.63,44.03,59.18,8.11
412.00,39.94,20.16,22.59,8.08,72.85,43.93,59.02,8.11
412.01,39.94,20.14,22.59,8.09,72.85,43.93,59.02,8.11
412.02,39.86,20.16,22.59,8.08,72.85,44.12,59.02,8.11
412.03,40.02,20.19,22.59,8.08,72.85,43.84,59.18,8.11
412.04,39.94,20.14,22.59,8.08,72.63,44.12,59.02,8.11
412.05,39.94,20.16,22.59,8.08,72.63,44.03,59.02,8.11
412.06,39.94,20.14,22.59,8.08,72.63,43.93,59.02,8.10
412.07,39.94,20.14,22.59,8.09,72.63,43.93,59.02,8.11
412.08,39.94,20.14,22.59,8.08,72.63,43.93,59.02,8.11
412.09,39.94,20.16,22.59,8.08,72.63,44.03,59.02,8.10
412.10,39.94,20.16,22.59,8.09,72.85,43.93,58.87,8.11
412.11,39.94,20.16,22.59,8.08,72.63,44.03,59.02,8.11
412.12,39.94,20.14,22.59,8.09,72.85,43.93,59.02,8.10
412.13,39.94,20.14,22.59,8.08,72.63,44.03,59.02,8.11
412.14,40.02,20.16,22.59,8.08,72.63,44.03,59.02,8.11
412.15,40.02,20.14,22.59,8.10,72.63,44.03,59.02,8.10
412.16,39.94,20.14,22.59,8.08,72.63,44.03,59.02,8.11
412.17,40.02,20.16,22.59,8.09,72.85,44.03,59.02,8.11
412.18,39.94,20.16,22.59,8.08,72.85,43.93,59.02,8.11
412.19,39.94,20.14,22.59,8.08,72.63,44.03,59.02,8.11
412.20,39.94,20.16,22.59,8.08,72.63,43.93,59.02,8.11
412.21,40.02,20.14,22.59,8.08,72.63,43.93,59.02,8.11
412.22,39.94,20.14,22.59,8.08,72.63,43.93,59.18,8.11
412.23,39.94,20.16,22.59,8.08,72.85,44.03,59.02,8.11
412.24,39.94,20.16,22.63,8.08,72.63,44.03,59.18,8.11
412.25,39.94,20.16,22.59,8.08,72.85,43.93,58.87,8.11
412.26,39.94,20.16,22.59,8.08,72.63,44.03,59.02,8.12
412.27,39.94,20.16,22.59,8.09,72.63,43.93,59.02,8.11
412.28,39.94,20.19,22.59,8.08,72.63,44.03,58.87,8.11
412.29,39.94,20.16,22.59,8.08,72.85,43.93,59.33,8.11
412.30,39.94,20.16,22.59,8.08,72.63,44.03,59.18,8.11
412.31,39.94,20.16,22.59,8.08,72.63,43.93,59.02,8.11
412.32,39.94,20.19,22.59,8.10,72.63,43.93,59.02,8.12
412.33,39.94,20.16,22.59,8.08,72.63,44.03,59.18,8.11
412.34,39.94,20.16,22.59,8.09,72.63,44.03,59.02,8.11
412.35,40.02,20.16,22.59,8.08,72.63,44.03,59.18,8.11
412.36,40.02,20.16,22.59,8.09,72.63,44.03,59.02,8.11
412.37,39.94,20.16,22.63,8.09,72.63,44.03,59.02,8.11
412.38,39.94,20.14,22.59,8.08,72.63,43.93,59.02,8.10
412.39,40.02,20.16,22.59,8.08,72.63,43.93,59.02,8.11
412.40,39.94,20.19,22.59,8.08,72.63,43.93,59.02,8.12
412.41,39.94,20.16,22.59,8.08,72.63,43.93,59.02,8.11
412.42,40.02,20.16,22.63,8.09,72.85,43.93,59.02,8.11
412.43,39.94,20.16,22.59,8.08,72.63,43.93,59.18,8.11
412.44,39.94,20.19,22.59,8.08,72.63,44.03,59.02,8.11
412.45,40.02,20.16,22.59,8.08,72.85,43.93,59.02,8.11
412.46,39.94,20.16,22.63,8.09,72.63,44.03,59.02,8.11
412.47,39.94,20.11,22.59,8.08,72.63,43.93,59.02,8.11
412.48,39.94,20.16,22.59,8.08,72.63,43.93,59.02,8.11
412.49,39.94,20.14,22.59,8.08,72.85,43.93,59.02,8.11
412.50,39.94,20.16,22.59,8.08,72.63,44.03,59.02,8.12
412.51,40.02,20.16,22.63,8.08,72.85,44.03,59.18,8.11
412.52,39.94,20.19,22.59,8.08,72.63,43.93,59.18,8.11
412.53,39.94,20.16,22.59,8.09,72.85,43.93,59.02,8.11
412.54,40.02,20.16,22.59,8.08,72.63,43.93,59.18,8.11
412.55,40.02,20.16,22.59,8.08,72.63,44.03,59.02,8.11
412.56,39.94,20.14,22.63,8.08,72.63,43.93,59.02,8.11
412.57,39.94,20.16,22.59,8.09,72.63,43.93,59.18,8.11
412.58,39.94,20.16,22.59,8.09,72.85,44.03,59.02,8.11
412.59,40.02,20.16,22.59,8.08,72.63,44.03,59.02,8.11
412.60,40.02,20.16,22.59,8.08,72.63,43.93,59.02,8.11
412.61,40.02,20.16,22.63,8.08,72.63,43.93,59.18,8.11
412.62,40.02,20.14,22.59,8.09,72.63,43.93,59.02,8.11
412.63,39.94,20.16,22.59,8.08,72.85,43.93,59.18,8.11
412.64,40.02,20.16,22.59,8.09,72.85,44.03,58.87,8.11
412.65,40.02,20.16,22.59,8.08,72.85,43.93,59.18,8.11
412.66,40.02,20.16,22.59,8.09,72.63,43.93,59.02,8.11
412.67,40.02,20.16,22.59,8.08,72.85,43.93,59.02,8.11
412.68,39.94,20.16,22.59,8.08,72.63,43.93,59.18,8.12
412.69,40.02,20.16,22.59,8.10,72.63,44.03,59.02,8.11
412.70,39.94,20.16,22.59,8.08,72.63,43.93,59.02,8.11
412.71,39.94,20.16,22.59,8.08,72.63,43.93,59.18,8.11
412.72,39.94,20.16,22.59,8.08,72.85,44.03,59.02,8.11
412.73,40.02,20.16,22.59,8.08,72.85,44.03,59.02,8.11
412.74,40.02,20.16,22.59,8.08,72.63,43.93,59.02,8.11
412.75,39.94,20.14,22.59,8.10,72.63,43.93,59.18,8.11
412.76,40.02,20.16,22.63,8.08,72.63,44.03,59.18,8.11
412.77,39.94,20.16,22.59,8.08,72.85,44.03,59.02,8.11
412.78,39.94,20.16,22.59,8.08,72.63,43.93,59.18,8.11
412.79,39.94,20.16,22.63,8.09,72.63,44.03,59.02,8.11
412.80,39.94,20.14,22.63,8.08,72.63,44.12,59.02,8.11
412.81,39.94,20.16,22.63,8.08,72.63,43.93,59.02,8.11
412.82,40.02,20.16,22.59,8.08,72.63,43.93,59.02,8.11
412.83,40.02,20.16,22.59,8.09,72.85,44.03,59.02,8.11
412.84,39.94,20.14,22.59,8.08,72.63,43.93,59.02,8.11
412.85,39.94,20.14,22.59,8.08,72.63,43.93,59.02,8.11
412.86,39.86,20.16,22.59,8.09,72.63,44.03,59.02,8.11
412.87,40.02,20.16,22.59,8.08,72.63,43.93,59.02,8.12
412.88,39.94,20.19,22.59,8.09,72.63,43.93,59.02,8.11
412.89,39.94,20.16,22.59,8.08,72.63,44.03,59.02,8.11
412.90,39.94,20.16,22.59,8.09,72.63,44.03,59.02,8.11
412.91,39.94,20.14,22.59,8.08,72.63,44.03,59.02,8.11
412.92,39.94,20.16,22.59,8.08,72.63,43.93,59.18,8.12
412.93,40.02,20.16,22.59,8.08,72.63,43.93,59.02,8.11
412.94,39.86,20.16,22.59,8.08,72.85,43.93,59.02,8.11
412.95,40.02,20.16,22.59,8.10,72.85,44.03,59.02,8.11
412.96,40.02,20.14,22.59,8.08,72.63,44.03,59.02,8.11
412.97,39.94,20.16,22.56,8.08,72.85,44.03,59.18,8.11
412.98,39.94,20.16,22.59,8.10,72.63,43.93,59.02,8.11
412.99,40.02,20.16,22.59,8.09,72.41,43.93,58.87,8.11
413.00,39.94,20.16,22.59,8.08,72.63,43.93,59.02,8.11
413.01,39.94,20.16,22.63,8.08,72.63,43.93,59.02,8.11
413.02,39.94,20.16,22.59,8.10,72.63,44.03,59.02,8.11
413.03,40.02,20.16,22.59,8.08,72.63,44.03,59.02,8.11
413.04,40.02,20.14,22.59,8.09,72.85,43.93,59.02,8.11
413.05,39.94,20.14,22.59,8.08,72.85,44.03,59.02,8.11
413.06,39.94,20.14,22.59,8.09,72.63,44.03,59.02,8.11
413.07,40.02,20.16,22.59,8.08,72.63,44.12,59.02,8.11
413.08,39.94,20.14,22.59,8.08,72.63,44.03,59.02,8.12
413.09,40.02,20.16,22.59,8.08,72.63,44.03,59.18,8.12
413.10,40.02,20.14,22.59,8.08,72.85,44.03,59.02,8.11
413.11,40.02,20.14,22.59,8.08,72.63,43.93,59.02,8.10
413.12,40.02,20.19,22.59,8.08,72.63,43.93,59.02,8.11
413.13,39.94,20.11,22.59,8.09,72.63,44.03,59.02,8.11
413.14,39.94,20.16,22.59,8.08,72.85,43.93,59.18,8.11
413.15,39.94,20.16,22.59,8.08,72.63,44.03,59.18,8.10
413.16,39.94,20.14,22.59,8.08,72.63,44.03,59.02,8.11
413.17,39.94,20.16,22.59,8.08,72.63,44.03,59.02,8.11
413.18,39.94,20.16,22.59,8.08,72.63,44.03,59.02,8.11
413.19,40.02,20.16,22.59,8.08,72.63,44.12,59.18,8.12
413.20,40.02,20.16,22.59,8.08,72.41,43.93,59.02,8.11
413.21,40.02,20.14,22.59,8.08,72.63,43.93,59.02,8.11
413.22,40.02,20.16,22.59,8.08,72.85,44.03,59.02,8.11
413.23,39.94,20.14,22.59,8.08,72.85,43.84,59.02,8.11
413.24,39.94,20.16,22.59,8.08,72.63,43.93,59.02,8.11
413.25,40.02,20.16,22.59,8.08,72.85,43.93,59.18,8.12
413.26,39.94,20.14,22.59,8.09,72.63,43.93,59.02,8.10
413.27,39.94,20.14,22.59,8.08,72.63,43.93,59.02,8.11
413.28,40.02,20.14,22.59,8.08,72.85,43.93,59.02,8.11
413.29,39.94,20.14,22.59,8.09,72.85,44.03,59.02,8.11
413.30,39.94,20.16,22.59,8.08,72.63,44.12,59.02,8.11
413.31,40.02,20.16,22.63,8.09,72.85,44.03,59.02,8.11
413.32,39.94,20.16,22.59,8.08,72.63,44.03,59.18,8.11
413.33,40.02,20.14,22.59,8.08,72.85,43.93,59.02,8.10
413.34,39.94,20.14,22.59,8.08,72.63,43.93,59.18,8.11
413.35,39.94,20.14,22.56,8.08,72.85,43.93,59.02,8.11
413.36,39.94,20.14,22.59,8.08,72.63,44.03,59.02,8.11
413.37,39.94,20.14,22.56,8.09,72.85,43.93,59.18,8.11
413.38,39.94,20.16,22.59,8.10,72.63,43.93,59.02,8.10
413.39,40.02,20.16,22.59,8.08,72.63,44.03,59.02,8.11
413.40,39.94,20.14,22.63,8.07,72.63,44.03,59.18,8.10
413.41,39.94,20.16,22.59,8.09,72.63,44.03,59.02,8.11
413.42,40.02,20.14,22.59,8.08,72.63,44.03,59.02,8.11
413.43,40.02,20.14,22.59,8.09,72.85,43.93,59.02,8.11
413.44,39.94,20.14,22.59,8.08,72.63,43.93,59.02,8.10
413.45,39.94,20.16,22.59,8.08,72.41,44.03,59.02,8.11
413.46,39.94,20.16,22.63,8.08,72.63,44.03,59.02,8.10
413.47,40.02,20.16,22.59,8.08,72.63,44.03,59.02,8.11
413.48,39.94,20.16,22.59,8.09,72.63,43.93,59.02,8.11
413.49,40.02,20.16,22.59,8.09,72.63,43.93,59.18,8.11
413.50,39.86,20.16,22.59,8.09,72.63,43.93,59.02,8.10
413.51,40.02,20.16,22.59,8.08,72.85,43.93,59.02,8.12
413.52,40.02,20.14,22.59,8.08,72.63,43.93,59.02,8.11
413.53,39.94,20.16,22.59,8.08,72.63,43.93,59.02,8.11
413.54,40.02,20.14,22.59,8.10,72.85,43.93,59.02,8.10
413.55,39.94,20.14,22.59,8.08,72.63,43.84,59.02,8.11
413.56,40.02,20.14,22.59,8.08,72.63,44.03,59.02,8.11
413.57,39.86,20.14,22.59,8.08,72.63,43.93,58.87,8.11
413.58,40.02,20.16,22.59,8.08,72.63,43.93,59.02,8.11
413.59,39.94,20.16,22.59,8.10,72.63,43.93,59.02,8.11
413.60,39.94,20.16,22.59,8.08,72.63,44.03,59.02,8.11
413.61,39.94,20.16,22.59,8.08,72.63,44.03,59.02,8.10
413.62,40.02,20.14,22.59,8.08,72.63,43.93,59.02,8.11
413.63,40.02,20.16,22.59,8.08,72.63,43.93,59.02,8.11
413.64,39.94,20.14,22.56,8.08,72.41,44.03,59.02,8.11
413.65,39.94,20.14,22.59,8.08,72.63,43.93,59.02,8.11
413.66,40.02,20.14,22.63,8.08,72.85,44.03,59.02,8.11
413.67,40.02,20.16,22.59,8.09,72.63,43.93,59.02,8.11
413.68,40.02,20.16,22.59,8.09,72.63,43.93,59.02,8.11
413.69,40.02,20.16,22.59,8.08,72.63,44.03,58.87,8.11
413.70,40.02,20.14,22.59,8.07,72.63,44.03,59.02,8.11
413.71,39.94,20.14,22.59,8.09,72.63,43.93,59.02,8.10
413.72,40.02,20.16,22.59,8.08,72.63,43.93,59.02,8.11
413.73,39.94,20.14,22.59,8.08,72.63,44.03,59.02,8.11
413.74,39.94,20.14,22.59,8.09,72.63,43.93,59.02,8.10
413.75,39.94,20.14,22.59,8.09,72.63,44.03,59.02,8.11
413.76,39.94,20.14,22.59,8.08,72.63,43.93,59.02,8.10
413.77,40.02,20.14,22.59,8.08,72.63,43.93,59.02,8.11
413.78,39.94,20.16,22.59,8.08,72.63,43.93,58.87,8.11
413.79,39.94,20.14,22.59,8.08,72.85,44.03,59.18,8.11
413.80,39.94,20.16,22.59,8.08,72.63,43.93,59.02,8.11
413.81,39.94,20.16,22.59,8.09,72.63,43.93,58.87,8.11
413.82,39.94,20.14,22.59,8.07,72.63,43.84,59.02,8.11
413.83,40.02,20.14,22.59,8.09,72.63,44.03,59.02,8.11
413.84,40.02,20.16,22.59,8.08,72.63,43.93,59.02,8.11
413.85,40.02,20.14,22.59,8.08,72.63,43.93,59.02,8.11
413.86,39.94,20.14,22.59,8.08,72.41,44.03,59.02,8.11
413.87,39.94,20.14,22.56,8.08,72.63,44.03,59.02,8.10
413.88,40.02,20.14,22.59,8.08,72.63,43.93,59.02,8.10
413.89,40.02,20.16,22.59,8.09,72.63,43.93,59.02,8.11
413.90,39.94,20.14,22.56,8.09,72.63,43.93,59.02,8.11
413.91,40.02,20.14,22.59,8.09,72.63,44.03,59.18,8.11
413.92,39.94,20.14,22.59,8.08,72.63,43.93,59.02,8.11
413.93,40.02,20.16,22.59,8.10,72.63,43.93,59.02,8.11
413.94,39.94,20.16,22.59,8.10,72.63,43.93,59.02,8.11
413.95,39.94,20.14,22.59,8.08,72.85,44.03,59.02,8.11
413.96,39.94,20.14,22.59,8.08,72.63,43.93,59.02,8.11
413.97,40.02,20.14,22.59,8.08,72.63,43.93,59.02,8.12
413.98,39.94,20.14,22.59,8.08,72.63,44.03,59.02,8.12
413.99,40.02,20.16,22.59,8.08,72.63,43.93,59.02,8.11
414.00,39.94,20.14,22.59,8.08,72.63,43.93,58.87,8.10
414.01,40.02,20.16,22.59,8.09,72.63,43.93,59.02,8.12
414.02,40.02,20.16,22.59,8.08,72.63,43.93,59.02,8.11
414.03,39.94,20.14,22.59,8.08,72.63,43.93,59.02,8.10
414.04,39.94,20.14,22.59,8.09,72.85,43.93,59.02,8.11
414.05,40.02,20.16,22.59,8.07,72.63,43.93,59.02,8.10
414.06,39.94,20.14,22.59,8.08,72.63,43.93,59.02,8.11
414.07,39.94,20.14,22.59,8.08,72.63,43.93,59.02,8.11
414.08,40.02,20.14,22.59,8.08,72.63,44.03,59.02,8.11
414.09,39.94,20.16,22.59,8.08,72.63,43.93,59.02,8.11
414.10,40.02,20.16,22.59,8.08,72.63,43.93,58.87,8.11
414.11,40.02,20.14,22.59,8.08,72.63,43.93,59.02,8.11
414.12,39.94,20.14,22.59,8.08,72.63,43.93,59.02,8.10
414.13,39.94,20.16,22.59,8.08,72.63,43.93,59.02,8.11
414.14,39.94,20.16,22.59,8.08,72.63,44.03,59.02,8.11
414.15,40.02,20.14,22.59,8.08,72.63,44.03,59.02,8.11
414.16,39.94,20.14,22.59,8.08,72.63,43.93,59.02,8.11
414.17,40.02,20.16,22.59,8.09,72.85,43.93,59.02,8.12
414.18,39.94,20.14,22.59,8.08,72.63,43.93,59.02,8.10
414.19,40.02,20.16,22.59,8.08,72.63,43.93,59.02,8.11
414.20,39.94,20.16,22.59,8.08,72.63,43.93,59.18,8.11
414.21,39.94,20.16,22.59,8.09,72.63,43.93,59.02,8.11
414.22,40.02,20.16,22.59,8.09,72.63,44.03,58.87,8.11
414.23,39.94,20.11,22.59,8.08,72.63,43.93,59.02,8.12
414.24,39.94,20.14,22.59,8.08,72.41,44.03,58.87,8.11
414.25,40.02,20.16,22.59,8.08,72.63,43.93,59.02,8.12
414.26,39.94,20.14,22.59,8.08,72.63,44.03,59.02,8.10
414.27,39.94,20.14,22.63,8.07,72.85,43.93,59.02,8.11
414.28,39.94,20.14,22.59,8.08,72.63,44.03,59.02,8.11
414.29,40.02,20.14,22.59,8.08,72.63,43.93,59.02,8.10
414.30,39.94,20.16,22.59,8.08,72.85,43.93,59.02,8.11
414.31,40.02,20.14,22.59,8.08,72.63,43.93,59.02,8.11
414.32,40.02,20.14,22.59,8.08,72.63,44.03,59.02,8.10
414.33,39.94,20.14,22.59,8.09,72.63,43.93,59.02,8.11
414.34,40.02,20.14,22.56,8.07,72.63,44.03,58.87,8.10
414.35,40.02,20.16,22.59,8.10,72.85,44.03,59.18,8.11
414.36,40.02,20.14,22.59,8.08,72.63,43.93,59.02,8.12
414.37,39.94,20.14,22.59,8.08,72.63,43.93,59.18,8.10
414.38,40.02,20.14,22.59,8.08,72.63,43.93,59.02,8.11
414.39,40.02,20.14,22.59,8.08,72.63,43.93,59.02,8.11
414.40,40.02,20.14,22.59,8.08,72.63,43.84,59.02,8.11
414.41,40.02,20.14,22.59,8.08,72.63,44.03,59.02,8.10
414.42,40.02,20.16,22.59,8.08,72.63,44.03,58.87,8.10
414.43,40.02,20.14,22.59,8.08,72.63,43.84,59.18,8.11
414.44,39.94,20.14,22.59,8.08,72.63,43.93,59.18,8.11
414.45,40.02,20.16,22.59,8.08,72.63,43.93,59.02,8.10
414.46,39.94,20.14,22.59,8.08,72.85,44.03,59.02,8.10
414.47,40.02,20.14,22.59,8.08,72.63,44.03,59.02,8.11
414.48,40.02,20.14,22.59,8.08,72.63,43.93,59.02,8.11
414.49,40.02,20.14,22.59,8.09,72.63,43.93,59.02,8.11
414.50,39.94,20.14,22.56,8.08,72.41,43.93,59.02,8.11
414.51,39.94,20.16,22.59,8.08,72.63,43.93,59.02,8.11
414.52,39.94,20.16,22.59,8.08,72.63,44.03,59.02,8.11
414.53,40.02,20.14,22.59,8.08,72.63,43.93,59.02,8.11
414.54,40.02,20.14,22.63,8.08,72.63,43.93,59.18,8.12
414.55,39.94,20.11,22.59,8.08,72.63,43.93,59.02,8.11
414.56,40.02,20.14,22.59,8.08,72.63,44.03,59.02,8.11
414.57,39.94,20.16,22.63,8.08,72.63,44.03,59.02,8.11
414.58,40.02,20.14,22.59,8.08,72.63,43.93,59.02,8.11
414.59,39.94,20.16,22.59,8.08,72.63,44.03,59.18,8.11
414.60,40.02,20.16,22.59,8.08,72.85,43.93,59.02,8.11
414.61,39.94,20.14,22.59,8.08,72.63,43.93,59.18,8.11
414.62,39.94,20.14,22.59,8.08,72.85,43.93,59.02,8.11
414.63,39.94,20.16,22.59,8.08,72.85,43.93,59.02,8.11
414.64,39.94,20.14,22.59,8.09,72.63,43.93,59.18,8.11
414.65,40.02,20.16,22.59,8.09,72.63,43.93,59.02,8.11
414.66,39.94,20.16,22.59,8.08,72.63,44.03,59.02,8.10
414.67,40.02,20.14,22.59,8.08,72.63,43.84,59.18,8.11
414.68,40.02,20.16,22.59,8.07,72.85,43.93,58.72,8.11
414.69,39.94,20.14,22.59,8.08,72.63,43.93,59.33,8.10
414.70,40.02,20.14,22.63,8.08,72.63,43.93,59.02,8.11
414.71,40.02,20.16,22.59,8.08,72.63,43.93,59.02,8.11
414.72,40.02,20.11,22.59,8.08,72.63,43.93,59.02,8.10
414.73,40.02,20.14,22.59,8.08,72.63,43.93,59.02,8.10
414.74,40.02,20.14,22.59,8.08,72.63,44.03,59.02,8.10
414.75,40.02,20.14,22.59,8.09,72.63,44.03,59.02,8.11
414.76,40.02,20.14,22.59,8.09,72.85,44.03,59.02,8.11
414.77,40.10,20.14,22.59,8.08,72.63,43.93,59.02,8.11
414.78,39.94,20.16,22.59,8.09,72.63,43.93,59.02,8.11
414.79,40.02,20.14,22.59,8.08,72.63,43.93,59.02,8.10
414.80,40.02,20.14,22.59,8.08,72.63,44.03,59.02,8.11
414.81,40.02,20.16,22.59,8.08,72.63,43.93,59.18,8.11
414.82,40.02,20.14,22.59,8.09,72.85,43.93,59.02,8.10
414.83,40.02,20.14,22.59,8.08,72.63,43.93,59.02,8.10
414.84,39.94,20.14,22.59,8.08,72.63,43.93,59.02,8.11
414.85,40.02,20.14,22.59,8.08,72.63,43.93,59.02,8.11
414.86,40.02,20.14,22.59,8.09,72.63,43.93,59.02,8.11
414.87,40.02,20.16,22.59,8.08,72.63,44.03,59.02,8.11
414.88,39.94,20.16,22.59,8.08,72.41,44.03,59.02,8.10
414.89,40.02,20.14,22.59,8.08,72.63,43.93,59.02,8.11
414.90,40.02,20.14,22.63,8.08,72.63,43.93,59.02,8.11
414.91,40.02,20.14,22.59,8.09,72.63,43.93,59.02,8.11
414.92,40.02,20.14,22.59,8.08,72.63,43.93,59.02,8.11
414.93,40.02,20.16,22.59,8.08,72.85,43.93,59.02,8.11
414.94,39.94,20.14,22.59,8.08,72.63,43.93,59.02,8.10
414.95,39.94,20.14,22.59,8.08,72.63,43.93,59.02,8.11
414.96,40.02,20.14,22.63,8.07,72.63,43.93,59.18,8.11
414.97,40.02,20.14,22.59,8.09,72.85,44.03,59.02,8.11
414.98,40.02,20.14,22.59,8.08,72.63,43.93,59.02,8.11
414.99,40.02,20.14,22.59,8.09,72.63,43.93,59.02,8.11
415.00,39.94,20.16,22.59,8.08,72.63,44.03,59.02,8.11
415.01,39.94,20.14,22.59,8.08,72.63,43.93,59.02,8.11
415.02,40.02,20.16,22.63,8.08,72.63,43.93,59.02,8.11
415.03,40.02,20.16,22.59,8.07,72.85,43.93,59.18,8.11
415.04,40.02,20.16,22.59,8.08,72.63,43.93,58.87,8.11
415.05,40.02,20.14,22.59,8.08,72.41,43.93,59.02,8.11
415.06,40.02,20.14,22.59,8.08,72.63,43.93,59.18,8.11
415.07,40.02,20.14,22.59,8.07,72.63,44.03,58.87,8.11
415.08,40.02,20.14,22.59,8.08,72.63,43.93,59.02,8.11
415.09,40.02,20.14,22.59,8.08,72.63,43.93,59.18,8.10
415.10,40.02,20.14,22.59,8.08,72.63,44.03,59.02,8.11
415.11,40.02,20.14,22.59,8.08,72.63,43.93,59.02,8.10
415.12,39.94,20.14,22.59,8.08,72.63,43.93,59.02,8.10
415.13,40.02,20.14,22.59,8.08,72.63,43.93,59.18,8.11
415.14,40.02,20.16,22.59,8.09,72.63,43.93,59.02,8.11
415.15,40.02,20.14,22.59,8.08,72.63,43.84,59.18,8.11
415.16,40.02,20.14,22.63,8.09,72.63,43.93,59.02,8.10
415.17,39.94,20.14,22.59,8.08,72.63,43.93,59.02,8.12
415.18,40.02,20.16,22.63,8.08,72.85,43.93,59.02,8.11
415.19,40.02,20.14,22.59,8.08,72.63,43.93,59.02,8.11
415.20,40.02,20.14,22.59,8.08,72.63,43.93,59.02,8.11
415.21,40.02,20.14,22.59,8.08,72.63,43.93,59.02,8.11
415.22,40.02,20.14,22.59,8.08,72.63,44.03,59.02,8.10
415.23,40.02,20.16,22.59,8.08,72.63,44.03,59.02,8.10
415.24,40.02,20.14,22.63,8.08,72.63,43.93,59.02,8.11
415.25,40.02,20.14,22.59,8.08,72.63,43.84,59.02,8.11
415.26,40.02,20.14,22.59,8.08,72.63,43.93,59.02,8.11
415.27,40.02,20.14,22.59,8.08,72.63,43.93,59.02,8.11
415.28,40.02,20.16,22.59,8.09,72.63,44.03,59.02,8.11
415.29,40.02,20.11,22.59,8.08,72.63,44.03,59.02,8.11
415.30,40.02,20.16,22.59,8.07,72.63,43.93,59.02,8.11
415.31,40.02,20.14,22.59,8.08,72.63,44.03,59.02,8.11
415.32,40.02,20.16,22.59,8.08,72.63,44.03,59.02,8.11
415.33,40.02,20.11,22.59,8.08,72.85,43.93,59.02,8.10
415.34,40.02,20.14,22.63,8.08,72.63,44.03,59.02,8.10
415.35,40.02,20.16,22.59,8.08,72.63,43.93,59.02,8.11
415.36,39.94,20.14,22.59,8.08,72.63,44.03,59.02,8.11
415.37,40.02,20.14,22.59,8.08,72.63,43.93,59.02,8.10
415.38,40.02,20.16,22.59,8.08,72.63,43.93,59.02,8.12
415.39,40.02,20.14,22.59,8.09,72.63,44.03,59.02,8.11
415.40,40.02,20.16,22.59,8.08,72.63,43.93,58.87,8.11
415.41,39.94,20.14,22.59,8.08,72.63,43.93,59.02,8.11
415.42,39.94,20.14,22.59,8.09,72.63,44.03,59.02,8.11
415.43,39.94,20.14,22.59,8.08,72.63,43.93,59.02,8.11
415.44,40.02,20.14,22.59,8.09,72.41,44.03,59.18,8.12
415.45,40.02,20.16,22.59,8.07,72.41,43.93,59.18,8.11
415.46,40.02,20.16,22.59,8.09,72.63,43.93,59.02,8.10
415.47,40.02,20.14,22.59,8.08,72.63,44.03,59.02,8.11
415.48,40.02,20.14,22.59,8.09,72.41,43.93,59.02,8.10
415.49,40.02,20.14,22.59,8.08,72.63,43.93,59.02,8.11
415.50,39.94,20.16,22.59,8.08,72.63,43.93,59.02,8.10
415.51,40.02,20.14,22.59,8.08,72.63,43.93,59.02,8.10
415.52,40.02,20.14,22.59,8.08,72.63,44.03,59.02,8.11
415.53,40.02,20.16,22.59,8.08,72.63,43.93,59.02,8.11
415.54,40.02,20.14,22.59,8.08,72.63,43.93,59.02,8.10
415.55,40.02,20.16,22.59,8.08,72.63,43.93,59.02,8.11
415.56,40.02,20.14,22.59,8.08,72.63,43.93,59.02,8.11
415.57,40.02,20.14,22.59,8.09,72.85,44.03,59.02,8.12
415.58,39.94,20.14,22.59,8.08,72.41,44.03,59.02,8.11
415.59,40.02,20.14,22.59,8.08,72.63,44.03,59.02,8.11
415.60,40.02,20.11,22.63,8.08,72.85,43.84,59.18,8.11
415.61,40.02,20.11,22.59,8.08,72.63,43.93,59.02,8.11
415.62,39.94,20.14,22.59,8.08,72.63,43.84,59.02,8.10
415.63,40.02,20.14,22.59,8.08,72.63,44.03,59.02,8.11
415.64,40.02,20.14,22.59,8.08,72.63,44.03,59.18,8.11
415.65,40.02,20.14,22.59,8.08,72.85,43.93,59.02,8.12
415.66,40.02,20.14,22.59,8.08,72.63,44.03,59.02,8.10
415.67,40.02,20.14,22.59,8.09,72.85,43.93,59.02,8.10
415.68,40.02,20.14,22.59,8.09,72.41,43.93,59.02,8.11
415.69,40.02,20.14,22.59,8.08,72.63,44.03,59.18,8.11
415.70,39.94,20.14,22.59,8.08,72.63,44.03,59.02,8.11
415.71,40.02,20.14,22.59,8.08,72.63,43.93,59.02,8.12
415.72,40.10,20.14,22.63,8.08,72.85,44.03,59.02,8.11
415.73,39.94,20.16,22.59,8.07,72.63,43.93,59.02,8.10
415.74,40.02,20.14,22.59,8.08,72.63,44.03,59.18,8.11
415.75,40.02,20.16,22.56,8.08,72.63,43.93,59.18,8.10
415.76,40.02,20.16,22.59,8.08,72.63,43.93,59.02,8.11
415.77,40.02,20.14,22.59,8.08,72.85,43.93,59.02,8.11
415.78,40.02,20.14,22.59,8.08,72.63,44.03,59.02,8.11
415.79,39.94,20.14,22.59,8.09,72.41,43.93,59.02,8.11
415.80,40.02,20.14,22.59,8.09,72.85,43.93,59.02,8.11
415.81,40.02,20.14,22.59,8.09,72.41,44.03,59.02,8.10
415.82,40.02,20.14,22.59,8.08,72.41,43.93,59.02,8.10
415.83,40.02,20.14,22.59,8.08,72.63,44.03,59.18,8.11
415.84,40.02,20.14,22.59,8.08,72.63,43.93,59.02,8.11
415.85,40.02,20.14,22.59,8.08,72.85,43.93,59.02,8.10
415.86,40.02,20.14,22.59,8.08,72.63,44.03,59.02,8.11
415.87,40.02,20.14,22.59,8.09,72.63,43.93,59.18,8.11
415.88,40.02,20.14,22.59,8.08,72.63,43.93,58.87,8.11
415.89,40.02,20.16,22.59,8.09,72.41,43.93,59.02,8.10
415.90,40.02,20.14,22.59,8.08,72.63,43.93,59.02,8.10
415.91,40.02,20.14,22.63,8.08,72.63,43.93,59.02,8.11
415.92,40.02,20.11,22.59,8.08,72.63,43.84,59.02,8.11
415.93,40.02,20.14,22.59,8.08,72.41,43.93,59.02,8.11
415.94,40.02,20.14,22.59,8.07,72.63,43.93,58.87,8.11
415.95,40.02,20.14,22.59,8.08,72.63,43.93,59.02,8.11
415.96,40.02,20.14,22.59,8.08,72.63,43.93,59.02,8.10
415.97,40.10,20.14,22.59,8.09,72.63,43.84,59.02,8.11
415.98,40.02,20.14,22.59,8.10,72.63,43.93,59.18,8.11
415.99,40.02,20.16,22.59,8.08,72.63,43.84,59.02,8.10
416.00,40.02,20.14,22.59,8.08,72.63,43.93,59.02,8.10
416.01,40.02,20.16,22.59,8.08,72.63,43.93,59.02,8.11
416.02,40.02,20.14,22.59,8.08,72.63,43.93,59.02,8.11
416.03,40.02,20.11,22.59,8.07,72.63,44.03,59.02,8.10
416.04,40.02,20.16,22.59,8.08,72.63,44.03,59.02,8.11
416.05,40.02,20.14,22.59,8.08,72.63,43.93,59.02,8.10
416.06,40.02,20.14,22.59,8.08,72.63,43.93,59.02,8.10
416.07,40.02,20.14,22.59,8.08,72.63,43.93,59.02,8.11
416.08,40.02,20.14,22.59,8.08,72.63,44.03,59.02,8.11
416.09,40.02,20.14,22.59,8.07,72.63,44.03,59.02,8.10
416.10,40.02,20.14,22.59,8.09,72.63,44.03,59.02,8.11
416.11,40.02,20.14,22.59,8.08,72.63,43.84,59.02,8.11
416.12,40.02,20.14,22.59,8.08,72.63,44.03,59.02,8.11
416.13,40.02,20.16,22.59,8.08,72.63,44.03,59.02,8.11
416.14,40.02,20.14,22.59,8.09,72.63,43.84,59.18,8.10
416.15,40.02,20.14,22.59,8.08,72.63,44.03,59.02,8.11
416.16,40.02,20.11,22.59,8.08,72.63,43.93,59.02,8.11
416.17,40.02,20.11,22.59,8.09,72.63,44.03,59.02,8.11
416.18,40.02,20.14,22.59,8.08,72.85,44.03,59.02,8.11
416.19,40.02,20.16,22.63,8.08,72.85,43.93,59.02,8.11
416.20,40.02,20.14,22.59,8.08,72.63,43.93,59.02,8.11
416.21,40.02,20.16,22.59,8.08,72.63,44.03,59.18,8.11
416.22,40.02,20.14,22.63,8.08,72.63,43.93,59.02,8.11
416.23,40.02,20.16,22.63,8.08,72.85,44.03,59.02,8.11
416.24,40.02,20.14,22.59,8.08,72.85,43.93,59.02,8.10
416.25,40.02,20.16,22.63,8.08,72.63,44.03,59.02,8.10
416.26,40.02,20.16,22.59,8.08,72.63,43.93,58.87,8.11
416.27,40.02,20.16,22.63,8.08,72.63,43.93,59.02,8.10
416.28,40.02,20.14,22.59,8.08,72.63,43.93,59.02,8.10
416.29,40.02,20.14,22.59,8.08,72.63,43.93,59.02,8.11
416.30,40.02,20.14,22.59,8.08,72.63,43.93,59.02,8.11
416.31,40.02,20.14,22.59,8.08,72.63,43.93,59.02,8.11
416.32,40.02,20.16,22.63,8.08,72.63,43.93,59.18,8.11
416.33,40.02,20.14,22.59,8.07,72.63,44.03,58.87,8.12
416.34,40.02,20.16,22.59,8.08,72.63,44.03,59.02,8.11
416.35,40.02,20.16,22.63,8.08,72.63,44.03,59.18,8.12
416.36,40.02,20.14,22.59,8.09,72.63,43.93,59.02,8.11
416.37,40.02,20.16,22.59,8.08,72.85,43.93,59.18,8.11
416.38,40.02,20.16,22.59,8.08,72.63,43.93,59.02,8.11
416.39,40.02,20.14,22.59,8.08,72.63,43.93,59.02,8.10
416.40,40.02,20.14,22.59,8.08,72.63,43.93,59.02,8.11
416.41,40.10,20.14,22.63,8.08,72.63,43.93,59.02,8.10
416.42,40.02,20.16,22.63,8.09,72.63,43.93,59.18,8.10
416.43,40.02,20.14,22.59,8.09,72.63,43.84,59.02,8.10
416.44,40.02,20.14,22.59,8.07,72.63,43.93,59.02,8.11
416.45,40.02,20.14,22.59,8.09,72.63,44.03,59.18,8.12
416.46,40.02,20.14,22.59,8.08,72.63,43.84,59.02,8.11
416.47,39.94,20.14,22.59,8.08,72.63,44.03,59.02,8.11
416.48,40.02,20.16,22.59,8.08,72.63,43.93,59.02,8.12
416.49,40.02,20.14,22.59,8.08,72.85,43.93,59.02,8.10
416.50,40.02,20.14,22.63,8.08,72.85,43.93,59.02,8.11
416.51,40.02,20.14,22.59,8.08,72.63,43.93,59.02,8.10
416.52,40.02,20.16,22.59,8.09,72.85,43.93,59.02,8.11
416.53,40.02,20.16,22.63,8.08,72.63,43.93,59.02,8.12
416.54,40.02,20.16,22.63,8.08,72.63,43.93,59.18,8.10
416.55,40.02,20.16,22.59,8.08,72.63,44.03,59.02,8.11
416.56,40.02,20.14,22.63,8.08,72.85,44.03,59.02,8.11
416.57,40.10,20.16,22.59,8.08,72.63,43.93,59.18,8.11
416.58,40.02,20.16,22.63,8.08,72.63,43.93,59.02,8.11
416.59,40.02,20.14,22.59,8.08,72.63,43.93,59.02,8.11
416.60,40.02,20.14,22.59,8.08,72.63,43.93,59.18,8.11
416.61,40.02,20.14,22.59,8.08,72.63,44.03,59.02,8.10
416.62,40.02,20.16,22.59,8.09,72.85,43.93,59.02,8.11
416.63,40.02,20.14,22.63,8.09,72.85,43.93,59.18,8.12
416.64,40.02,20.16,22.63,8.09,72.63,44.03,59.18,8.11
416.65,40.02,20.14,22.63,8.08,72.85,44.03,59.18,8.11
416.66,40.10,20.14,22.59,8.08,72.63,44.12,59.02,8.11
416.67,40.02,20.16,22.63,8.09,72.85,44.03,59.02,8.11
416.68,40.02,20.14,22.59,8.08,72.85,43.93,59.02,8.12
416.69,40.02,20.16,22.63,8.08,72.63,43.93,59.02,8.11
416.70,40.02,20.16,22.59,8.08,72.63,44.03,59.18,8.10
416.71,40.02,20.14,22.63,8.08,72.63,43.93,59.02,8.12
416.72,40.02,20.16,22.59,8.08,72.63,43.93,59.18,8.11
416.73,40.02,20.14,22.63,8.08,72.63,43.93,59.02,8.11
416.74,40.02,20.14,22.59,8.09,72.63,44.03,59.02,8.11
416.75,40.02,20.16,22.59,8.08,72.63,43.93,59.02,8.10
416.76,40.02,20.16,22.59,8.09,72.63,44.03,59.18,8.10
416.77,40.02,20.16,22.63,8.08,72.85,43.93,59.18,8.12
416.78,40.02,20.14,22.63,8.08,72.63,44.03,59.02,8.10
416.79,40.02,20.14,22.59,8.10,72.63,44.12,59.02,8.11
416.80,40.02,20.14,22.63,8.08,72.63,43.84,59.02,8.11
416.81,40.02,20.11,22.63,8.08,72.63,44.12,59.02,8.11
416.82,40.02,20.16,22.63,8.09,72.85,43.93,59.02,8.11
416.83,40.10,20.14,22.63,8.09,72.63,43.93,59.02,8.11
416.84,40.02,20.16,22.59,8.09,72.85,44.03,59.02,8.11
416.85,40.10,20.16,22.59,8.08,72.63,43.93,59.02,8.12
416.86,40.02,20.14,22.59,8.08,72.85,44.03,59.02,8.11
416.87,40.02,20.19,22.59,8.08,72.63,43.93,59.02,8.10
416.88,40.02,20.14,22.63,8.08,72.63,43.93,59.02,8.11
416.89,40.10,20.19,22.63,8.08,72.63,43.93,59.18,8.11
416.90,40.02,20.16,22.59,8.08,72.63,43.93,59.02,8.10
416.91,40.02,20.16,22.63,8.08,72.63,44.03,59.18,8.11
416.92,40.02,20.14,22.63,8.08,72.63,43.93,59.02,8.11
416.93,40.02,20.14,22.59,8.08,72.63,43.93,59.18,8.11
416.94,40.10,20.14,22.63,8.08,72.63,44.03,59.02,8.11
416.95,40.10,20.16,22.59,8.08,72.63,43.93,59.18,8.11
416.96,40.02,20.14,22.63,8.08,72.63,44.03,59.18,8.11
416.97,40.02,20.14,22.63,8.08,72.63,44.03,59.02,8.11
416.98,40.02,20.16,22.59,8.08,72.41,43.93,59.02,8.11
416.99,40.02,20.14,22.66,8.09,72.85,43.93,59.18,8.10
417.00,40.02,20.16,22.63,8.08,72.85,44.03,59.18,8.11
417.01,40.02,20.16,22.59,8.08,72.85,43.93,59.18,8.11
417.02,40.10,20.16,22.63,8.09,72.63,44.03,59.02,8.12
417.03,40.02,20.16,22.63,8.08,72.85,44.03,59.02,8.12
417.04,40.02,20.14,22.63,8.08,72.63,43.93,59.02,8.11
417.05,40.02,20.14,22.59,8.08,72.85,43.93,59.02,8.11
417.06,40.10,20.14,22.63,8.08,72.63,44.03,59.18,8.11
417.07,40.02,20.16,22.63,8.08,72.63,43.93,59.02,8.11
417.08,40.02,20.16,22.63,8.08,72.85,44.03,58.87,8.11
417.09,40.02,20.16,22.63,8.08,72.63,43.93,59.02,8.11
417.10,40.10,20.14,22.63,8.08,72.63,44.03,59.02,8.11
417.11,40.10,20.14,22.63,8.08,72.85,44.03,59.02,8.11
417.12,40.02,20.14,22.63,8.09,72.63,44.03,59.02,8.11
417.13,40.02,20.16,22.63,8.08,72.63,43.93,59.18,8.11
417.14,40.02,20.14,22.63,8.08,72.85,44.03,59.02,8.10
417.15,40.10,20.16,22.63,8.08,72.63,44.03,59.02,8.10
417.16,40.10,20.14,22.63,8.08,72.63,44.03,59.02,8.11
417.17,40.02,20.16,22.66,8.08,72.85,43.93,59.02,8.11
417.18,40.02,20.16,22.59,8.08,72.85,43.93,59.02,8.10
417.19,40.10,20.16,22.63,8.08,72.85,43.93,59.02,8.11
417.20,40.10,20.14,22.63,8.09,72.63,43.93,59.02,8.10
417.21,40.02,20.16,22.63,8.08,72.63,44.03,59.02,8.11
417.22,40.02,20.14,22.59,8.10,72.85,43.93,59.18,8.11
417.23,40.02,20.16,22.66,8.08,72.85,44.03,59.18,8.12
417.24,40.10,20.16,22.63,8.08,72.63,43.93,59.18,8.12
417.25,40.02,20.16,22.63,8.08,72.85,44.03,59.02,8.11
417.26,40.10,20.16,22.63,8.08,72.63,44.12,59.02,8.11
417.27,40.10,20.14,22.63,8.08,72.63,44.03,59.02,8.12
417.28,40.10,20.16,22.63,8.08,72.63,44.03,59.02,8.11
417.29,40.02,20.16,22.63,8.10,72.63,43.93,59.02,8.11
417.30,40.10,20.16,22.59,8.08,72.63,44.03,59.02,8.11
417.31,40.02,20.14,22.63,8.08,72.85,44.03,59.18,8.11
417.32,40.10,20.14,22.63,8.08,72.63,44.03,59.02,8.11
417.33,40.02,20.14,22.63,8.08,72.85,43.93,59.18,8.11
417.34,40.02,20.19,22.63,8.09,72.63,44.03,59.18,8.12
417.35,40.02,20.16,22.59,8.08,72.63,44.03,59.18,8.11
417.36,40.10,20.16,22.66,8.08,72.85,43.93,59.18,8.10
417.37,40.02,20.16,22.63,8.09,72.63,44.03,59.02,8.11
417.38,40.10,20.14,22.63,8.10,72.85,43.93,59.02,8.12
417.39,40.02,20.16,22.63,8.08,72.85,43.93,59.02,8.11
417.40,40.10,20.16,22.63,8.09,72.85,43.93,59.02,8.10
417.41,40.10,20.16,22.59,8.08,72.63,43.93,59.02,8.12
417.42,40.10,20.16,22.63,8.08,72.85,43.93,59.02,8.11
417.43,40.10,20.16,22.63,8.08,72.85,44.03,59.02,8.12
417.44,40.02,20.16,22.63,8.08,72.85,44.03,59.02,8.11
417.45,40.02,20.16,22.63,8.08,72.63,44.03,59.02,8.11
417.46,40.10,20.16,22.63,8.08,72.63,44.03,59.02,8.11
417.47,40.02,20.16,22.59,8.10,72.63,44.03,59.18,8.11
417.48,40.02,20.16,22.66,8.08,72.85,43.93,59.02,8.12
417.49,40.10,20.16,22.63,8.09,72.63,43.93,59.18,8.11
417.50,40.10,20.16,22.59,8.08,72.63,43.93,59.02,8.11
417.51,40.10,20.14,22.63,8.08,72.63,44.03,59.02,8.11
417.52,40.10,20.16,22.66,8.08,72.63,43.93,59.18,8.11
417.53,40.10,20.16,22.59,8.08,72.63,44.03,59.18,8.11
417.54,40.02,20.16,22.63,8.08,72.63,44.03,59.18,8.11
417.55,40.10,20.16,22.66,8.08,72.63,44.12,59.18,8.11
417.56,40.10,20.14,22.59,8.09,72.85,44.03,59.02,8.11
417.57,40.10,20.16,22.66,8.08,72.85,44.03,59.02,8.11
417.58,40.02,20.16,22.63,8.08,72.63,44.03,59.02,8.11
417.59,40.02,20.16,22.63,8.08,72.85,44.03,59.18,8.11
417.60,40.02,20.16,22.63,8.09,72.85,44.03,59.02,8.11
417.61,40.02,20.14,22.63,8.10,72.85,44.03,59.02,8.11
417.62,40.02,20.16,22.63,8.08,72.85,44.03,59.02,8.10
417.63,40.10,20.16,22.63,8.08,72.85,44.03,59.18,8.11
417.64,40.02,20.14,22.63,8.08,72.85,43.93,59.18,8.11
417.65,40.10,20.14,22.63,8.08,72.63,44.03,59.18,8.11
417.66,40.02,20.16,22.63,8.09,72.85,44.03,59.02,8.11
417.67,40.10,20.16,22.63,8.08,72.85,44.03,59.18,8.10
417.68,40.10,20.16,22.63,8.08,72.63,44.03,59.02,8.11
417.69,40.02,20.19,22.63,8.08,72.63,44.03,59.18,8.11
417.70,40.02,20.14,22.63,8.08,72.85,43.93,59.02,8.12
417.71,40.02,20.14,22.63,8.08,72.85,44.03,59.18,8.12
417.72,40.10,20.14,22.63,8.10,72.63,44.03,59.18,8.11
417.73,40.10,20.19,22.59,8.08,72.85,43.93,59.02,8.12
417.74,40.02,20.14,22.63,8.08,72.63,44.03,59.18,8.11
417.75,40.02,20.16,22.59,8.10,72.63,44.03,59.18,8.12
417.76,40.10,20.14,22.59,8.08,72.63,43.93,59.02,8.12
417.77,40.10,20.14,22.63,8.08,72.85,44.03,59.18,8.10
417.78,40.10,20.16,22.63,8.08,72.63,44.03,59.18,8.11
417.79,40.10,20.16,22.63,8.08,72.85,43.93,59.02,8.12
417.80,40.10,20.11,22.59,8.08,72.63,43.93,59.02,8.10
417.81,40.02,20.16,22.59,8.08,72.85,43.93,59.18,8.11
417.82,40.10,20.14,22.59,8.08,72.63,44.03,59.02,8.11
417.83,40.10,20.16,22.66,8.08,72.63,44.03,59.18,8.11
417.84,40.10,20.14,22.63,8.08,72.85,43.93,59.18,8.11
417.85,40.10,20.16,22.63,8.08,72.85,43.93,59.18,8.11
417.86,40.02,20.16,22.59,8.10,72.85,44.12,59.18,8.11
417.87,40.10,20.11,22.63,8.08,72.63,43.93,59.02,8.11
417.88,40.02,20.14,22.59,8.08,72.63,44.03,59.02,8.10
417.89,40.02,20.22,22.63,8.09,72.85,43.93,59.02,8.11
417.90,40.02,20.16,22.66,8.08,72.63,44.03,59.18,8.11
417.91,40.10,20.14,22.63,8.08,72.85,44.03,59.33,8.11
417.92,40.10,20.16,22.59,8.09,72.85,44.03,59.18,8.11
417.93,40.10,20.14,22.66,8.08,72.85,43.93,59.18,8.11
417.94,40.10,20.16,22.63,8.09,72.85,43.93,58.87,8.11
417.95,40.02,20.14,22.63,8.09,72.85,44.03,59.18,8.11
417.96,40.10,20.16,22.63,8.08,72.85,44.03,59.02,8.11
417.97,40.10,20.16,22.59,8.09,72.85,43.93,59.02,8.10
417.98,40.02,20.14,22.59,8.08,72.63,44.03,59.18,8.10
417.99,40.02,20.16,22.59,8.08,72.63,44.03,59.02,8.11
418.00,40.10,20.16,22.63,8.08,72.85,43.93,59.18,8.11
418.01,40.02,20.14,22.63,8.08,72.85,44.03,59.02,8.10
418.02,40.10,20.16,22.63,8.08,72.85,44.03,59.18,8.11
418.03,40.10,20.14,22.59,8.08,72.63,44.03,59.02,8.10
418.04,40.02,20.14,22.63,8.08,72.85,44.03,59.18,8.11
418.05,40.02,20.16,22.66,8.08,72.85,43.93,59.18,8.11
418.06,39.94,20.14,22.63,8.09,72.63,43.93,59.02,8.11
418.07,40.02,20.16,22.66,8.08,72.63,44.03,59.02,8.12
418.08,40.10,20.16,22.59,8.08,72.63,43.93,59.02,8.11
418.09,40.02,20.16,22.63,8.09,72.85,44.12,59.18,8.11
418.10,40.02,20.14,22.63,8.09,72.63,44.03,59.18,8.11
418.11,40.18,20.16,22.59,8.08,72.63,43.93,59.18,8.11
418.12,40.10,20.16,22.63,8.10,72.85,43.93,59.02,8.10
418.13,40.02,20.14,22.63,8.08,72.85,44.03,59.18,8.12
418.14,40.10,20.16,22.66,8.08,72.63,44.03,59.18,8.11
418.15,40.02,20.14,22.63,8.08,72.85,44.03,59.18,8.11
418.16,40.02,20.16,22.63,8.09,72.85,44.03,59.18,8.11
418.17,40.02,20.14,22.63,8.08,72.85,44.03,59.18,8.11
418.18,40.02,20.14,22.63,8.08,72.63,43.93,59.18,8.11
418.19,40.10,20.16,22.59,8.09,72.85,44.03,59.18,8.11
418.20,40.02,20.14,22.63,8.08,73.08,44.03,59.02,8.11
418.21,40.02,20.14,22.63,8.08,72.41,44.03,59.18,8.11
418.22,40.10,20.16,22.63,8.10,72.85,44.03,59.02,8.10
418.23,40.10,20.14,22.59,8.08,72.85,43.93,59.18,8.11
418.24,40.10,20.11,22.59,8.08,72.85,43.93,59.02,8.10
418.25,40.02,20.14,22.63,8.08,72.85,43.93,59.02,8.11
418.26,39.94,20.16,22.63,8.09,72.85,43.93,59.18,8.10
418.27,40.10,20.14,22.63,8.08,72.63,44.03,58.87,8.11
418.28,40.02,20.16,22.59,8.09,72.63,44.03,59.02,8.11
418.29,40.02,20.14,22.63,8.08,72.63,43.93,59.18,8.11
418.30,40.02,20.16,22.63,8.08,72.85,43.93,59.02,8.10
418.31,40.02,20.14,22.59,8.08,72.63,44.03,59.02,8.10
418.32,40.02,20.14,22.63,8.08,72.63,44.03,59.18,8.12
418.33,40.02,20.14,22.63,8.09,72.63,44.03,59.02,8.11
418.34,40.02,20.16,22.63,8.09,72.85,43.93,59.18,8.11
418.35,40.10,20.14,22.63,8.08,72.85,43.93,59.18,8.10
418.36,40.10,20.14,22.63,8.07,72.85,43.93,59.18,8.11
418.37,40.10,20.14,22.63,8.08,72.63,44.03,59.18,8.11
418.38,40.02,20.16,22.63,8.09,72.63,44.03,59.18,8.11
418.39,40.10,20.14,22.63,8.09,72.63,43.93,59.18,8.11
418.40,40.02,20.14,22.63,8.08,72.85,44.03,59.02,8.12
418.41,40.02,20.16,22.63,8.08,72.63,43.93,59.18,8.10
418.42,40.10,20.14,22.59,8.08,72.63,43.93,59.18,8.11
418.43,40.10,20.14,22.63,8.08,72.85,44.03,59.02,8.11
418.44,40.10,20.14,22.59,8.09,72.85,43.93,59.02,8.12
418.45,40.10,20.14,22.63,8.08,72.63,43.93,59.18,8.11
418.46,40.10,20.14,22.59,8.08,72.85,43.93,59.18,8.11
418.47,40.10,20.11,22.59,8.08,72.63,44.03,59.02,8.11
418.48,40.02,20.16,22.63,8.08,72.85,43.93,59.18,8.11
418.49,40.02,20.16,22.59,8.08,72.85,43.93,59.02,8.10
418.50,40.10,20.16,22.63,8.08,72.85,43.93,59.18,8.11
418.51,40.02,20.11,22.63,8.08,72.85,43.93,59.18,8.12
418.52,40.02,20.16,22.63,8.08,72.63,43.93,59.18,8.10
418.53,40.10,20.16,22.59,8.08,72.63,44.03,59.02,8.11
418.54,40.02,20.11,22.59,8.10,72.85,43.93,59.18,8.11
418.55,40.02,20.14,22.59,8.08,72.63,44.03,58.87,8.10
418.56,40.02,20.14,22.63,8.08,72.63,43.93,59.02,8.10
418.57,40.10,20.14,22.63,8.08,72.85,44.03,59.18,8.11
418.58,40.02,20.14,22.63,8.08,72.63,43.93,59.02,8.11
418.59,40.02,20.14,22.59,8.09,72.63,43.93,59.18,8.11
418.60,40.10,20.14,22.63,8.08,72.85,43.93,59.18,8.10
418.61,40.02,20.14,22.63,8.08,72.85,44.03,59.18,8.11
418.64,40.02,20.14,22.63,8.08,72.85,44.03,59.18,8.11
418.64,40.10,20.14,22.63,8.08,72.63,43.93,59.18,8.12
418.65,40.02,20.14,22.63,8.08,72.63,43.93,59.18,8.11
418.66,40.10,20.14,22.63,8.08,72.63,43.93,59.18,8.11
418.67,40.10,20.16,22.59,8.08,72.85,44.03,59.02,8.11
418.68,40.10,20.14,22.63,8.08,72.85,44.03,59.02,8.11
418.69,40.10,20.14,22.63,8.08,72.85,44.03,59.02,8.11
418.70,40.10,20.16,22.59,8.09,72.63,43.93,59.02,8.11
418.71,40.10,20.11,22.59,8.08,72.85,43.93,59.33,8.10
418.72,40.10,20.14,22.59,8.08,72.85,43.93,59.18,8.12
418.73,40.02,20.14,22.59,8.08,72.85,43.93,59.18,8.11
418.74,40.10,20.16,22.63,8.08,72.85,43.93,59.02,8.11
418.75,40.02,20.16,22.63,8.08,72.63,44.03,59.02,8.10
418.76,40.10,20.14,22.59,8.08,72.85,44.03,59.18,8.11
418.77,40.10,20.14,22.63,8.08,72.85,43.93,59.02,8.11
418.78,40.02,20.14,22.59,8.08,72.63,44.03,59.02,8.10
418.79,40.02,20.16,22.63,8.09,72.63,44.03,59.18,8.11
418.80,40.02,20.14,22.63,8.07,72.85,43.93,59.18,8.11
418.81,40.02,20.14,22.63,8.08,72.63,43.93,59.18,8.10
418.82,40.10,20.14,22.63,8.08,72.85,43.93,59.18,8.11
418.83,40.02,20.14,22.63,8.09,72.85,44.03,59.18,8.11
418.84,40.02,20.14,22.59,8.08,72.63,43.93,59.18,8.11
418.85,40.10,20.14,22.66,8.08,72.85,43.93,59.02,8.10
418.86,40.10,20.14,22.59,8.08,72.85,43.93,59.18,8.11
418.87,40.10,20.14,22.63,8.08,72.63,43.84,59.02,8.11
418.88,40.02,20.16,22.63,8.08,72.85,44.03,59.18,8.11
418.89,40.02,20.11,22.59,8.08,72.63,43.93,59.02,8.12
418.90,40.02,20.14,22.59,8.08,72.63,43.93,59.18,8.11
418.91,40.10,20.14,22.63,8.08,72.63,43.93,59.02,8.11
418.92,40.02,20.16,22.63,8.08,72.85,43.93,59.18,8.11
418.93,40.02,20.14,22.63,8.08,72.63,43.93,59.02,8.11
418.94,40.02,20.14,22.59,8.08,72.63,43.93,59.18,8.10
418.95,40.02,20.16,22.59,8.09,72.85,43.93,59.18,8.11
418.96,40.02,20.14,22.59,8.09,72.85,44.03,59.18,8.10
418.97,40.02,20.14,22.59,8.09,72.63,43.93,59.02,8.11
418.98,40.02,20.14,22.63,8.08,72.85,43.93,59.18,8.11
418.99,40.02,20.16,22.59,8.08,72.85,44.03,59.18,8.11
419.00,40.02,20.16,22.63,8.08,72.85,43.93,59.18,8.10
419.01,40.10,20.16,22.59,8.08,72.85,44.03,59.02,8.11
419.02,40.10,20.14,22.63,8.08,72.85,43.93,59.18,8.11
419.03,40.10,20.14,22.63,8.08,72.63,44.03,59.18,8.11
419.04,40.02,20.14,22.63,8.08,72.85,43.93,59.18,8.10
419.05,40.10,20.14,22.59,8.08,72.63,44.03,59.18,8.11
419.06,40.10,20.14,22.63,8.08,72.85,43.93,59.02,8.10
419.07,40.02,20.14,22.63,8.08,72.85,43.93,59.18,8.11
419.08,40.02,20.16,22.63,8.08,72.63,44.03,59.18,8.11
419.09,40.02,20.11,22.63,8.08,72.85,43.93,59.18,8.11
419.10,40.10,20.16,22.59,8.08,72.85,43.93,59.02,8.11
419.11,40.02,20.14,22.63,8.09,72.85,43.93,59.18,8.11
419.12,40.10,20.14,22.63,8.08,72.63,44.03,58.87,8.10
419.13,40.10,20.14,22.63,8.08,72.63,43.93,59.18,8.11
419.14,40.02,20.14,22.63,8.09,72.63,43.93,59.18,8.11
419.15,40.10,20.16,22.59,8.08,72.63,43.93,59.18,8.11
419.16,40.02,20.14,22.63,8.08,72.85,44.03,59.18,8.10
419.17,40.02,20.14,22.63,8.08,72.85,44.03,59.18,8.11
419.18,40.02,20.11,22.59,8.08,72.85,43.93,59.02,8.10
419.19,40.02,20.14,22.63,8.08,72.63,44.12,59.18,8.10
419.20,40.02,20.16,22.63,8.08,72.63,44.03,59.18,8.11
419.21,40.10,20.16,22.63,8.08,72.85,43.93,59.18,8.10
419.22,40.10,20.14,22.66,8.09,72.85,44.03,59.18,8.10
419.23,40.02,20.14,22.63,8.09,72.63,43.93,59.18,8.10
419.24,40.02,20.14,22.59,8.08,72.63,44.03,59.02,8.10
419.25,40.02,20.11,22.63,8.08,72.63,43.93,59.02,8.11
419.26,40.10,20.16,22.59,8.07,72.85,43.93,59.18,8.11
419.27,40.10,20.14,22.59,8.09,72.63,43.93,59.18,8.11
419.28,40.02,20.14,22.63,8.08,72.85,43.93,59.18,8.11
419.29,40.10,20.14,22.63,8.08,72.85,43.93,59.18,8.11
419.30,40.02,20.16,22.63,8.08,72.85,44.03,59.18,8.11
419.31,40.02,20.14,22.59,8.08,72.85,43.93,59.02,8.10
419.32,40.10,20.14,22.59,8.08,72.63,43.93,59.02,8.11
419.33,40.02,20.14,22.63,8.08,72.63,43.93,59.02,8.11
419.34,40.02,20.14,22.59,8.07,72.85,43.93,59.18,8.10
419.35,40.10,20.16,22.59,8.08,72.85,44.03,59.18,8.11
419.36,40.02,20.14,22.59,8.08,72.85,43.93,59.02,8.11
419.37,40.10,20.14,22.63,8.08,72.63,44.12,59.18,8.11
419.38,40.10,20.14,22.59,8.08,72.85,43.93,59.18,8.11
419.39,40.10,20.14,22.63,8.08,72.41,44.03,59.18,8.11
419.40,40.10,20.16,22.59,8.08,72.85,43.93,59.02,8.11
419.41,40.02,20.11,22.63,8.08,72.85,43.93,59.18,8.10
419.42,40.10,20.14,22.63,8.08,72.85,43.93,59.18,8.11
419.43,40.02,20.11,22.63,8.09,72.63,43.93,59.02,8.11
419.44,40.02,20.16,22.63,8.08,72.63,43.93,59.18,8.11
419.45,40.10,20.14,22.59,8.08,72.85,44.03,59.02,8.11
419.46,40.10,20.14,22.66,8.08,72.63,43.93,59.02,8.11
419.47,40.10,20.14,22.63,8.08,72.85,44.03,59.18,8.11
419.48,40.10,20.14,22.59,8.08,72.63,43.93,59.18,8.11
419.49,40.10,20.16,22.66,8.08,72.63,43.93,59.18,8.11
419.50,40.10,20.14,22.63,8.08,72.63,44.03,59.18,8.11
419.51,40.10,20.14,22.59,8.08,72.63,44.03,59.18,8.10
419.52,40.10,20.16,22.63,8.07,72.85,44.03,59.02,8.09
419.53,40.02,20.14,22.59,8.09,72.85,43.93,59.18,8.11
419.54,40.10,20.11,22.59,8.08,72.85,43.93,59.18,8.10
419.55,40.10,20.16,22.59,8.09,72.85,44.03,59.18,8.11
419.56,40.02,20.14,22.63,8.08,72.85,43.93,59.18,8.11
419.57,40.10,20.14,22.63,8.08,72.85,43.93,59.18,8.10
419.58,40.02,20.16,22.63,8.09,72.85,43.93,59.18,8.11
419.59,40.10,20.14,22.63,8.08,72.63,44.03,59.18,8.11
419.60,40.10,20.11,22.63,8.08,72.63,43.93,59.18,8.10
419.61,40.10,20.14,22.59,8.08,72.63,44.03,59.18,8.11
419.62,40.10,20.14,22.63,8.09,72.63,43.93,59.18,8.11
419.63,40.10,20.16,22.59,8.08,72.85,44.03,59.18,8.11
419.64,40.02,20.14,22.59,8.08,72.85,43.93,59.18,8.11
419.65,40.02,20.16,22.59,8.08,72.85,43.93,59.18,8.11
419.66,40.10,20.16,22.59,8.08,72.85,43.93,59.18,8.10
419.67,40.10,20.14,22.63,8.09,72.63,43.93,59.02,8.11
419.68,40.10,20.11,22.59,8.09,72.85,43.93,59.02,8.11
419.69,40.02,20.14,22.59,8.08,72.85,43.93,59.02,8.11
419.70,40.10,20.11,22.63,8.07,72.63,43.93,59.18,8.10
419.71,40.10,20.16,22.63,8.08,72.63,43.93,59.02,8.10
419.72,40.02,20.14,22.63,8.09,72.85,44.03,59.18,8.11
419.73,40.02,20.16,22.59,8.08,72.63,43.93,59.02,8.10
419.74,40.10,20.16,22.63,8.08,72.85,43.93,59.18,8.10
419.75,40.02,20.14,22.63,8.08,72.63,44.03,59.18,8.11
419.76,40.02,20.16,22.63,8.08,72.63,44.03,59.18,8.11
419.77,40.02,20.11,22.63,8.09,72.63,43.93,59.18,8.11
419.78,40.10,20.14,22.59,8.08,72.63,44.03,59.18,8.10
419.79,40.10,20.14,22.63,8.07,72.85,43.93,59.18,8.10
419.80,40.10,20.16,22.59,8.08,72.63,44.03,59.18,8.10
419.81,40.10,20.14,22.63,8.07,72.63,43.93,59.02,8.11
419.82,40.10,20.14,22.63,8.09,72.85,43.93,59.18,8.11
419.83,40.10,20.14,22.59,8.09,72.85,44.03,59.18,8.10
419.84,40.02,20.14,22.59,8.08,72.63,43.93,59.18,8.11
419.85,40.10,20.16,22.63,8.08,72.85,43.93,59.02,8.12
419.86,40.10,20.14,22.59,8.08,72.85,43.93,59.18,8.11
419.87,40.10,20.14,22.59,8.08,72.85,43.93,59.18,8.11
419.88,40.02,20.16,22.63,8.09,72.63,43.93,59.02,8.11
419.89,40.10,20.14,22.63,8.07,72.63,43.93,59.18,8.11
419.90,40.10,20.14,22.63,8.08,72.63,44.03,59.18,8.10
419.91,40.02,20.14,22.63,8.08,72.63,43.93,59.02,8.12
419.92,40.10,20.14,22.63,8.08,72.85,44.03,59.18,8.11
419.93,40.10,20.14,22.63,8.09,72.85,43.93,59.18,8.11
419.94,40.02,20.14,22.59,8.09,72.63,43.93,59.18,8.11
419.95,40.10,20.11,22.63,8.08,72.85,44.03,59.18,8.10
419.96,40.10,20.14,22.63,8.08,72.85,43.93,59.02,8.10
419.97,40.10,20.11,22.63,8.08,72.85,44.03,59.18,8.11
419.98,40.10,20.16,22.63,8.08,72.63,44.03,59.18,8.11
419.99,40.02,20.16,22.63,8.08,72.63,44.12,59.02,8.11
420.00,40.02,20.11,22.63,8.09,72.63,44.03,59.18,8.10
420.01,40.10,20.14,22.59,8.08,72.85,43.93,59.18,8.11
420.02,39.94,20.11,22.66,8.08,72.63,43.93,59.18,8.11
420.03,40.10,20.16,22.63,8.08,72.63,43.93,59.18,8.11
420.04,40.02,20.14,22.63,8.09,72.85,44.03,59.18,8.11
420.05,40.10,20.16,22.63,8.08,72.85,44.12,59.02,8.11
420.06,40.10,20.16,22.63,8.08,72.85,43.93,59.18,8.10
420.07,40.02,20.14,22.63,8.08,72.85,43.93,59.18,8.11
420.08,40.10,20.14,22.63,8.08,72.63,43.93,59.18,8.11
420.09,40.10,20.14,22.63,8.08,72.63,44.03,59.02,8.11
420.10,40.10,20.14,22.63,8.07,72.85,43.93,59.18,8.11
420.11,40.02,20.14,22.63,8.08,72.85,43.93,59.18,8.11
420.12,40.10,20.14,22.63,8.08,72.85,44.03,59.18,8.11
420.13,40.10,20.14,22.63,8.09,72.85,44.03,59.18,8.11
420.14,40.10,20.14,22.63,8.08,72.85,43.93,59.18,8.11
420.15,40.10,20.16,22.66,8.08,72.85,44.03,59.18,8.11
420.16,40.10,20.14,22.63,8.08,72.85,43.93,59.18,8.11
420.17,40.02,20.14,22.63,8.08,72.85,44.03,59.02,8.10
420.18,40.10,20.14,22.63,8.08,72.85,43.93,59.18,8.11
420.19,40.10,20.14,22.63,8.08,72.85,44.03,59.18,8.10
420.20,40.10,20.16,22.63,8.08,72.85,43.93,59.02,8.11
420.21,40.18,20.14,22.63,8.08,72.85,43.93,59.18,8.11
420.22,40.10,20.16,22.59,8.09,72.63,43.93,59.18,8.10
420.23,40.10,20.14,22.63,8.09,72.85,43.93,59.02,8.11
420.24,40.10,20.14,22.63,8.08,72.85,43.93,59.02,8.11
420.25,40.10,20.14,22.66,8.08,72.63,44.12,59.18,8.11
420.26,40.02,20.14,22.66,8.08,72.63,43.93,59.18,8.11
420.27,40.02,20.16,22.63,8.08,72.63,43.93,59.18,8.11
420.28,40.10,20.16,22.66,8.09,72.85,43.93,59.18,8.11
420.29,40.10,20.16,22.63,8.09,72.85,44.03,59.18,8.11
420.30,40.10,20.16,22.63,8.08,72.85,44.03,59.18,8.11
420.31,40.02,20.14,22.63,8.08,72.85,44.03,59.18,8.11
420.32,40.02,20.14,22.63,8.08,72.85,44.03,59.18,8.11
420.33,40.02,20.14,22.63,8.09,72.85,44.03,59.18,8.10
420.34,40.02,20.14,22.63,8.08,72.85,44.03,59.02,8.11
420.35,40.10,20.16,22.66,8.08,72.85,43.93,59.18,8.11
420.36,40.10,20.16,22.59,8.07,72.63,43.93,59.18,8.11
420.37,40.10,20.14,22.59,8.10,72.85,44.03,59.18,8.10
420.38,40.10,20.14,22.63,8.08,72.85,43.93,59.18,8.12
420.39,40.10,20.16,22.59,8.08,72.85,44.12,59.33,8.11
420.40,40.10,20.16,22.63,8.09,72.85,44.12,59.18,8.11
420.41,40.02,20.14,22.63,8.08,72.85,43.84,59.18,8.11
420.42,40.10,20.14,22.59,8.07,72.85,43.93,59.18,8.11
420.43,40.10,20.16,22.66,8.09,72.85,44.03,59.02,8.11
420.44,40.10,20.14,22.63,8.08,72.85,43.93,59.18,8.10
420.45,40.10,20.14,22.63,8.07,72.85,44.03,59.18,8.12
420.46,40.02,20.14,22.63,8.09,72.85,44.03,59.18,8.11
420.47,40.10,20.14,22.63,8.08,72.85,43.93,59.18,8.11
420.48,40.10,20.14,22.59,8.08,72.63,44.03,59.18,8.11
420.49,40.02,20.14,22.63,8.08,72.85,43.93,59.18,8.11
420.50,40.10,20.14,22.63,8.08,72.85,43.93,59.18,8.11
420.51,40.02,20.14,22.59,8.08,72.85,44.03,59.18,8.11
420.52,40.18,20.14,22.63,8.08,72.85,43.93,59.18,8.12
420.53,40.10,20.11,22.59,8.08,72.85,44.03,59.18,8.12
420.54,40.02,20.11,22.66,8.09,72.85,44.03,59.02,8.10
420.55,40.10,20.14,22.66,8.08,72.85,43.93,59.33,8.11
420.56,40.10,20.14,22.59,8.08,72.85,43.93,59.18,8.11
420.57,40.02,20.14,22.59,8.08,72.85,43.93,59.18,8.11
420.58,40.10,20.14,22.63,8.08,72.85,44.03,59.18,8.11
420.59,40.10,20.14,22.63,8.08,72.63,44.03,59.18,8.11
420.60,40.10,20.14,22.63,8.08,72.85,43.93,59.18,8.11
420.61,40.10,20.14,22.63,8.08,72.41,43.84,59.18,8.10
420.62,40.10,20.14,22.63,8.09,72.85,44.03,59.33,8.11
420.63,40.10,20.14,22.66,8.08,72.63,44.03,59.18,8.10
420.64,40.10,20.16,22.66,8.08,72.85,43.93,59.18,8.11
420.65,40.10,20.14,22.66,8.08,72.85,43.93,59.18,8.11
420.66,40.10,20.16,22.63,8.08,72.85,44.03,58.87,8.11
420.67,40.10,20.14,22.63,8.08,72.85,44.03,59.33,8.11
420.68,40.10,20.16,22.66,8.08,72.85,43.93,59.18,8.11
420.69,40.10,20.16,22.59,8.08,72.85,44.03,59.18,8.11
420.70,40.10,20.16,22.63,8.08,72.63,43.93,59.18,8.11
420.71,40.10,20.14,22.63,8.08,72.63,43.93,59.18,8.12
420.72,40.10,20.14,22.63,8.08,72.85,43.93,59.18,8.12
420.73,40.10,20.14,22.66,8.08,72.85,44.03,59.33,8.11
420.74,40.10,20.14,22.63,8.08,72.85,43.93,59.18,8.10
420.75,40.10,20.14,22.63,8.09,72.85,44.03,59.18,8.11
420.76,40.10,20.14,22.59,8.08,72.85,43.93,59.18,8.11
420.77,40.10,20.14,22.63,8.08,72.85,44.03,59.18,8.11
420.78,40.10,20.14,22.63,8.08,72.85,43.93,59.18,8.10
420.79,40.02,20.11,22.63,8.08,72.85,43.93,59.18,8.10
420.80,40.02,20.14,22.63,8.08,72.85,44.03,59.18,8.10
420.81,40.10,20.14,22.66,8.08,72.85,43.93,59.02,8.11
420.82,40.02,20.14,22.66,8.07,72.85,44.03,59.02,8.11
420.83,40.10,20.14,22.63,8.08,72.85,44.03,59.18,8.11
420.84,40.02,20.14,22.63,8.08,72.85,44.03,59.18,8.11
420.85,40.10,20.14,22.63,8.08,72.63,44.03,59.18,8.11
420.86,40.10,20.14,22.66,8.09,72.85,43.93,59.18,8.11
420.87,40.10,20.14,22.63,8.08,72.85,44.03,59.18,8.12
420.88,40.10,20.16,22.63,8.08,72.85,43.93,59.02,8.11
420.89,40.10,20.14,22.66,8.08,72.85,44.03,59.33,8.11
420.90,40.10,20.16,22.63,8.08,72.85,43.93,59.02,8.10
420.91,40.10,20.14,22.66,8.08,72.85,44.03,59.18,8.10
420.92,40.18,20.14,22.63,8.08,72.85,44.03,59.18,8.12
420.93,40.10,20.14,22.63,8.08,72.85,43.93,59.18,8.11
420.94,40.10,20.16,22.63,8.08,72.85,44.03,59.33,8.11
420.95,40.10,20.14,22.63,8.08,72.85,43.93,59.18,8.11
420.96,40.10,20.14,22.63,8.09,72.85,44.03,59.18,8.11
420.97,40.10,20.16,22.63,8.08,72.85,44.03,59.02,8.10
420.98,40.10,20.14,22.66,8.08,72.85,44.03,59.18,8.11
420.99,40.10,20.14,22.63,8.09,72.85,43.93,59.18,8.11
421.00,40.10,20.14,22.63,8.08,72.85,43.93,59.18,8.11
421.01,40.10,20.16,22.59,8.08,72.85,44.03,59.18,8.11
421.02,40.10,20.14,22.66,8.08,72.85,43.93,59.18,8.11
421.03,40.10,20.14,22.66,8.09,72.85,44.03,59.18,8.11
421.04,40.10,20.14,22.63,8.08,72.85,43.93,59.33,8.11
421.05,40.10,20.14,22.63,8.08,73.08,43.93,59.18,8.11
421.06,40.10,20.14,22.66,8.08,72.85,44.03,59.33,8.11
421.07,40.10,20.14,22.66,8.08,72.85,43.93,59.18,8.11
421.08,40.18,20.16,22.59,8.09,72.63,43.93,59.02,8.10
421.09,40.10,20.14,22.63,8.08,72.85,44.03,59.18,8.12
421.10,40.10,20.14,22.63,8.09,72.85,43.93,59.18,8.10
421.11,40.10,20.14,22.63,8.07,72.85,44.03,59.18,8.11
421.12,40.10,20.14,22.63,8.08,72.63,44.03,59.18,8.11
421.13,40.10,20.11,22.66,8.08,72.85,43.93,59.18,8.11
421.14,40.02,20.14,22.63,8.08,72.85,43.93,59.33,8.11
421.15,40.10,20.14,22.63,8.08,72.85,43.93,59.18,8.11
421.16,40.10,20.11,22.66,8.08,72.85,43.93,59.18,8.10
421.17,40.10,20.14,22.63,8.08,72.85,44.03,59.18,8.11
421.18,40.10,20.14,22.63,8.09,72.85,43.93,59.18,8.11
421.19,40.10,20.14,22.63,8.08,72.85,43.93,59.18,8.10
421.20,40.10,20.16,22.63,8.10,72.85,44.03,59.18,8.11
421.21,40.10,20.14,22.63,8.08,72.85,44.03,59.18,8.11
421.22,40.10,20.16,22.63,8.08,72.85,44.03,59.18,8.11
421.23,40.10,20.16,22.63,8.08,72.85,44.03,59.18,8.10
421.24,40.10,20.16,22.63,8.08,72.85,43.93,59.18,8.10
421.25,40.10,20.16,22.66,8.09,72.63,44.03,59.18,8.11
421.26,40.10,20.14,22.66,8.08,72.85,43.93,59.18,8.12
421.27,40.10,20.14,22.63,8.08,72.41,44.03,59.18,8.11
421.28,40.10,20.16,22.66,8.08,72.85,44.03,59.18,8.10
421.29,40.18,20.14,22.63,8.09,72.85,44.03,59.18,8.10
421.30,40.10,20.14,22.63,8.08,72.63,44.03,59.02,8.12
421.31,40.10,20.14,22.63,8.08,72.85,44.03,59.18,8.11
421.32,40.10,20.16,22.63,8.08,72.85,44.03,59.18,8.11
421.33,40.10,20.14,22.63,8.08,72.63,43.93,59.18,8.11
421.34,40.10,20.14,22.63,8.08,72.85,43.93,59.18,8.11
421.35,40.10,20.16,22.63,8.08,72.85,43.93,59.18,8.11
421.36,40.10,20.14,22.63,8.08,72.85,43.93,59.18,8.11
421.37,40.10,20.14,22.63,8.09,72.85,44.03,59.18,8.11
421.38,40.10,20.14,22.63,8.08,72.63,43.93,59.18,8.11
421.39,40.10,20.14,22.63,8.08,72.85,43.93,59.18,8.12
421.40,40.18,20.14,22.66,8.08,72.85,43.93,59.18,8.10
421.41,40.10,20.14,22.63,8.08,72.85,44.03,59.18,8.11
421.42,40.10,20.11,22.66,8.08,72.85,44.03,59.18,8.11
421.43,40.10,20.14,22.63,8.08,72.85,43.93,59.18,8.11
421.44,40.02,20.14,22.63,8.08,72.85,43.93,59.02,8.10
421.45,40.10,20.14,22.66,8.08,72.85,44.03,59.18,8.11
421.46,40.10,20.11,22.66,8.09,72.85,44.03,59.18,8.10
421.47,40.10,20.14,22.63,8.08,72.85,43.93,59.18,8.10
421.48,40.10,20.14,22.59,8.09,72.85,43.84,59.18,8.10
421.49,40.10,20.11,22.63,8.07,72.85,44.12,59.33,8.10
421.50,40.10,20.14,22.63,8.08,72.85,43.93,59.18,8.11
421.51,40.10,20.14,22.63,8.08,72.85,44.03,59.18,8.11
421.52,40.10,20.16,22.63,8.08,72.85,43.93,59.18,8.11
421.53,40.10,20.14,22.63,8.08,72.63,44.03,59.18,8.10
421.54,40.10,20.14,22.63,8.08,72.85,43.93,59.18,8.11
421.55,40.10,20.14,22.66,8.07,72.85,44.03,59.18,8.10
421.56,40.10,20.11,22.63,8.07,72.85,43.93,59.18,8.11
421.57,40.10,20.11,22.63,8.08,72.85,44.03,59.18,8.11
421.58,40.10,20.14,22.63,8.08,73.08,43.93,59.18,8.11
421.59,40.10,20.14,22.63,8.09,72.85,43.93,59.18,8.11
421.60,40.10,20.14,22.63,8.08,72.85,44.03,59.18,8.11
421.61,40.10,20.14,22.66,8.08,72.85,43.93,59.18,8.11
421.62,40.10,20.14,22.63,8.08,72.85,44.03,59.18,8.11
421.63,40.10,20.14,22.63,8.08,72.85,43.93,59.18,8.11
421.64,40.10,20.14,22.63,8.08,72.85,44.12,59.18,8.11
421.65,40.10,20.14,22.63,8.08,72.85,44.03,59.18,8.11
421.66,40.10,20.14,22.63,8.08,72.85,44.03,59.18,8.11
421.67,40.18,20.14,22.63,8.08,72.85,43.93,59.18,8.11
421.68,40.10,20.14,22.63,8.08,72.85,43.93,59.18,8.11
421.69,40.10,20.14,22.63,8.07,72.85,44.03,59.18,8.11
421.70,40.02,20.14,22.63,8.08,72.85,43.93,59.18,8.11
421.71,40.02,20.14,22.63,8.09,72.85,43.93,59.18,8.11
421.73,40.18,20.16,22.63,8.08,72.85,44.03,59.18,8.11
421.74,40.02,20.16,22.59,8.07,72.85,43.93,59.33,8.11
421.75,40.10,20.16,22.66,8.08,72.85,43.93,59.18,8.11
421.76,40.10,20.14,22.66,8.07,72.85,43.93,59.18,8.10
421.77,40.10,20.14,22.63,8.08,73.08,43.93,59.18,8.11
421.78,40.10,20.14,22.63,8.08,72.63,43.93,59.18,8.11
421.79,40.10,20.14,22.63,8.08,73.08,43.93,59.18,8.10
421.80,40.18,20.14,22.66,8.08,72.41,44.03,59.18,8.11
421.81,40.10,20.14,22.63,8.09,72.63,44.03,59.18,8.11
421.82,40.10,20.14,22.66,8.08,73.08,43.93,59.18,8.10
421.83,40.02,20.14,22.63,8.08,72.85,43.93,59.33,8.11
421.84,40.02,20.14,22.63,8.08,72.85,44.03,59.18,8.11
421.85,40.10,20.14,22.63,8.09,72.85,43.93,59.33,8.11
421.86,40.10,20.14,22.66,8.08,72.85,43.93,59.02,8.10
421.87,40.18,20.14,22.63,8.09,72.85,44.03,59.02,8.10
421.88,40.10,20.14,22.63,8.08,72.85,44.03,59.02,8.11
421.89,40.02,20.14,22.63,8.07,72.85,44.03,59.18,8.10
421.90,40.10,20.14,22.63,8.09,72.85,43.93,59.18,8.10
421.91,40.10,20.14,22.63,8.07,72.85,43.93,59.18,8.11
421.92,40.10,20.14,22.63,8.08,73.08,44.03,59.18,8.10
421.93,40.18,20.16,22.63,8.08,72.85,43.93,59.18,8.12
421.94,40.18,20.14,22.63,8.08,72.85,44.03,59.02,8.11
421.95,40.10,20.14,22.63,8.08,72.85,43.93,59.18,8.11
421.96,40.10,20.14,22.66,8.08,72.85,43.93,59.18,8.12
421.97,40.18,20.14,22.63,8.07,72.85,44.03,59.33,8.11
421.98,40.10,20.16,22.63,8.08,72.63,43.93,59.33,8.10
421.99,40.10,20.16,22.66,8.08,72.85,44.03,59.18,8.11
422.00,40.10,20.11,22.66,8.08,72.85,44.03,59.18,8.10
422.01,40.10,20.14,22.66,8.09,72.85,44.03,59.18,8.11
422.02,40.10,20.16,22.63,8.08,72.85,44.03,59.18,8.11
422.03,40.10,20.16,22.66,8.08,72.85,43.93,59.18,8.11
422.04,40.18,20.14,22.63,8.07,72.85,43.93,59.18,8.11
422.05,40.10,20.14,22.66,8.08,72.85,43.93,59.18,8.11
422.06,40.10,20.11,22.63,8.07,72.85,44.03,59.33,8.11
422.07,40.10,20.14,22.63,8.08,72.85,43.93,59.18,8.12
422.08,40.10,20.16,22.63,8.08,72.85,44.03,59.18,8.11
422.09,40.10,20.14,22.63,8.08,72.85,43.93,59.18,8.11
422.10,40.10,20.14,22.63,8.08,72.85,43.93,59.18,8.10
422.11,40.10,20.14,22.63,8.08,72.85,44.03,59.33,8.11
422.12,40.10,20.14,22.66,8.08,72.85,43.93,59.18,8.11
422.13,40.10,20.16,22.63,8.08,72.85,44.03,59.18,8.11
422.14,40.10,20.14,22.63,8.08,72.85,43.93,59.18,8.11
422.15,40.10,20.14,22.63,8.08,72.63,43.93,59.18,8.10
422.16,40.10,20.14,22.63,8.08,72.85,44.03,59.18,8.11
422.17,40.10,20.14,22.63,8.08,72.85,43.93,59.18,8.11
422.18,40.10,20.14,22.66,8.08,72.85,44.03,59.18,8.11
422.19,40.10,20.14,22.63,8.07,72.85,43.93,59.18,8.11
422.20,40.10,20.11,22.63,8.08,72.63,44.03,59.02,8.10
422.21,40.10,20.16,22.63,8.07,72.85,44.03,59.18,8.11
422.22,40.10,20.11,22.63,8.08,72.85,44.03,59.18,8.10
422.23,40.02,20.14,22.63,8.08,72.85,43.93,59.18,8.12
422.24,40.10,20.14,22.66,8.08,72.85,44.03,59.33,8.12
422.25,40.10,20.14,22.66,8.09,72.85,43.93,59.33,8.11
422.26,40.02,20.14,22.63,8.08,72.63,43.93,59.18,8.11
422.27,40.10,20.11,22.63,8.07,72.63,43.93,59.18,8.11
422.28,40.10,20.14,22.63,8.09,72.85,43.93,59.18,8.12
422.29,40.10,20.14,22.63,8.08,72.85,43.93,59.18,8.11
422.30,40.10,20.14,22.66,8.07,72.85,43.93,59.18,8.10
422.31,40.10,20.14,22.59,8.08,72.85,43.93,59.18,8.11
422.32,40.02,20.14,22.63,8.08,72.85,43.93,59.18,8.11
422.33,40.10,20.16,22.66,8.08,72.85,44.03,59.18,8.11
422.34,40.10,20.14,22.66,8.08,72.85,43.93,59.02,8.11
422.35,40.10,20.16,22.59,8.08,72.63,44.03,59.18,8.11
422.36,40.10,20.14,22.66,8.08,72.85,43.93,59.18,8.11
422.37,40.10,20.11,22.63,8.08,72.85,43.93,59.18,8.11
422.38,40.10,20.14,22.63,8.08,72.85,43.93,59.18,8.11
422.39,40.10,20.14,22.63,8.08,72.85,43.93,59.33,8.11
422.40,40.10,20.16,22.66,8.08,72.85,44.03,59.02,8.10
422.41,40.10,20.14,22.66,8.09,72.85,44.03,59.18,8.10
422.42,40.10,20.16,22.63,8.08,72.85,43.93,59.18,8.11
422.43,40.10,20.14,22.63,8.08,72.85,43.93,59.18,8.11
422.44,40.10,20.11,22.63,8.08,72.85,43.93,59.18,8.11
422.45,40.10,20.14,22.63,8.07,72.85,44.03,59.18,8.10
422.46,40.02,20.14,22.63,8.08,72.63,44.03,59.18,8.11
422.47,40.02,20.14,22.66,8.08,72.85,44.03,59.18,8.10
422.48,40.18,20.14,22.63,8.08,72.85,43.93,59.18,8.11
422.49,40.10,20.14,22.63,8.07,72.85,43.93,59.18,8.11
422.50,40.02,20.14,22.63,8.08,72.85,44.03,59.18,8.11
422.51,40.10,20.14,22.63,8.08,72.63,44.03,59.18,8.11
422.52,40.18,20.14,22.59,8.07,72.85,44.03,59.18,8.12
422.53,40.10,20.14,22.66,8.08,72.85,44.03,59.18,8.10
422.54,40.10,20.14,22.63,8.07,72.85,43.93,59.18,8.11
422.55,40.10,20.14,22.63,8.09,72.85,43.93,59.18,8.11
422.56,40.10,20.14,22.63,8.08,72.63,44.03,59.02,8.11
422.57,40.10,20.14,22.63,8.08,72.85,43.93,59.18,8.10
422.58,40.18,20.11,22.63,8.08,72.85,44.03,59.18,8.11
422.59,40.10,20.14,22.66,8.08,72.85,44.03,59.18,8.11
422.60,40.10,20.14,22.66,8.07,72.85,43.93,59.18,8.11
422.61,40.10,20.16,22.63,8.07,72.63,44.03,59.18,8.10
422.62,40.02,20.11,22.63,8.07,72.85,44.03,59.18,8.11
422.63,40.10,20.14,22.66,8.08,72.85,43.93,59.18,8.10
422.64,40.10,20.14,22.63,8.07,72.85,44.03,59.18,8.10
422.65,40.10,20.14,22.63,8.07,72.85,43.93,59.18,8.10
422.66,40.10,20.11,22.63,8.08,72.85,43.93,59.33,8.11
422.67,40.10,20.11,22.66,8.08,72.85,44.03,59.18,8.11
422.68,40.10,20.11,22.63,8.08,72.85,43.93,59.18,8.10
422.69,40.10,20.14,22.59,8.08,72.85,44.03,59.18,8.10
422.70,40.10,20.16,22.63,8.07,72.85,43.93,59.18,8.11
422.71,40.10,20.16,22.63,8.08,72.85,43.93,59.18,8.10
422.72,40.10,20.14,22.63,8.08,72.85,43.93,59.18,8.11
422.73,40.10,20.14,22.63,8.08,72.85,44.03,59.18,8.11
422.74,40.10,20.14,22.66,8.08,72.85,43.93,59.33,8.11
422.75,40.02,20.14,22.59,8.08,72.85,43.93,59.18,8.11
422.76,40.10,20.14,22.63,8.08,72.85,44.03,59.18,8.10
422.77,40.10,20.14,22.63,8.07,72.85,43.93,59.18,8.11
422.78,40.02,20.11,22.63,8.08,72.63,43.93,59.18,8.11
422.79,40.10,20.14,22.63,8.08,72.85,43.93,59.18,8.11
422.80,40.10,20.11,22.59,8.07,72.85,44.12,59.18,8.10
422.81,40.02,20.14,22.63,8.08,72.85,43.84,59.18,8.10
422.82,40.10,20.14,22.63,8.08,72.85,44.03,59.18,8.10
422.83,40.10,20.14,22.66,8.08,72.85,44.03,59.18,8.10
422.84,40.10,20.11,22.63,8.08,72.85,43.93,59.18,8.11
422.85,40.10,20.14,22.59,8.07,72.85,43.93,59.18,8.10
422.86,40.10,20.14,22.66,8.08,72.63,43.93,59.18,8.11
422.87,40.10,20.14,22.63,8.09,72.85,44.03,59.18,8.10
422.88,40.10,20.16,22.63,8.09,72.85,43.93,59.18,8.11
422.89,40.10,20.14,22.63,8.08,72.85,44.03,59.18,8.10
422.90,40.10,20.14,22.59,8.07,72.85,43.93,59.18,8.11
422.91,40.02,20.14,22.59,8.08,72.85,43.93,59.18,8.11
422.92,40.10,20.14,22.63,8.08,72.85,43.93,59.18,8.11
422.93,40.26,20.16,22.63,8.08,73.08,43.93,59.18,8.11
422.94,40.10,20.14,22.59,8.08,72.85,43.93,59.18,8.12
422.95,40.10,20.14,22.63,8.07,72.85,43.93,59.18,8.11
422.96,40.10,20.11,22.63,8.07,72.85,44.03,59.18,8.11
422.97,40.18,20.16,22.63,8.08,72.85,44.03,59.18,8.10
422.98,40.10,20.16,22.63,8.08,72.85,44.03,59.18,8.11
422.99,40.10,20.14,22.63,8.07,72.85,44.03,59.18,8.11
423.00,40.10,20.14,22.63,8.07,72.85,43.93,59.18,8.11
423.01,40.02,20.11,22.63,8.08,72.85,43.93,59.33,8.11
423.02,40.10,20.14,22.59,8.08,72.85,43.93,59.33,8.11
423.03,40.10,20.14,22.66,8.09,72.63,44.03,59.18,8.11
423.04,40.02,20.14,22.63,8.08,72.85,43.93,59.18,8.11
423.05,40.02,20.11,22.63,8.08,72.85,43.93,59.33,8.11
423.06,40.10,20.14,22.59,8.08,72.85,44.03,59.02,8.10
423.07,40.02,20.16,22.66,8.08,72.63,43.93,59.18,8.10
423.08,40.10,20.11,22.63,8.08,72.85,44.03,59.18,8.10
423.09,40.18,20.14,22.63,8.08,72.85,44.03,59.33,8.11
423.10,40.10,20.16,22.59,8.08,72.85,43.93,59.18,8.11
423.11,40.10,20.14,22.63,8.08,72.85,43.93,59.18,8.11
423.12,40.10,20.11,22.63,8.08,72.85,43.93,59.18,8.10
423.13,40.10,20.16,22.63,8.08,72.85,43.93,59.18,8.11
423.14,40.10,20.14,22.66,8.07,72.85,43.93,59.18,8.11
423.15,40.18,20.14,22.63,8.08,72.85,44.03,59.33,8.11
423.16,40.10,20.11,22.63,8.07,72.85,43.93,59.18,8.11
423.17,40.10,20.14,22.63,8.08,72.85,43.93,59.18,8.11
423.18,40.10,20.14,22.63,8.07,72.85,43.93,59.18,8.10
423.19,40.10,20.14,22.59,8.08,72.85,43.93,59.18,8.10
423.20,40.10,20.11,22.63,8.08,72.85,44.03,59.33,8.10
423.21,40.10,20.14,22.63,8.08,72.85,43.93,59.18,8.11
423.22,40.10,20.14,22.63,8.07,72.85,44.03,59.18,8.11
423.23,40.10,20.14,22.63,8.08,72.85,43.93,59.18,8.11
423.24,40.10,20.11,22.59,8.08,72.85,43.93,59.18,8.10
423.25,40.10,20.14,22.63,8.07,72.85,43.93,59.18,8.11
423.26,40.10,20.16,22.66,8.08,72.85,43.93,59.18,8.11
423.27,40.10,20.14,22.63,8.08,73.08,43.93,59.18,8.11
423.28,40.10,20.14,22.63,8.07,72.85,43.93,59.18,8.11
423.29,40.18,20.14,22.63,8.09,72.85,43.93,59.18,8.10
423.30,40.10,20.14,22.63,8.08,72.85,43.93,59.02,8.10
423.31,40.10,20.14,22.63,8.08,72.85,44.03,59.18,8.10
423.32,40.10,20.16,22.63,8.08,72.85,44.03,59.18,8.11
423.33,40.10,20.14,22.63,8.09,72.85,44.03,59.18,8.10
423.34,40.10,20.14,22.63,8.08,73.08,43.93,59.33,8.11
423.35,40.18,20.14,22.63,8.07,72.85,44.03,59.18,8.10
423.36,40.10,20.16,22.63,8.09,72.85,44.03,59.18,8.11
423.37,40.10,20.14,22.63,8.08,72.85,43.93,59.18,8.11
423.38,40.10,20.14,22.63,8.08,72.85,43.93,59.33,8.11
423.39,40.10,20.16,22.63,8.09,72.85,44.03,59.18,8.11
423.40,40.10,20.14,22.63,8.09,72.85,43.93,59.18,8.10
423.41,40.10,20.14,22.63,8.08,72.85,43.93,59.18,8.11
423.42,40.10,20.14,22.66,8.08,72.85,44.03,59.18,8.11
423.43,40.10,20.14,22.63,8.07,72.85,44.03,59.18,8.11
423.44,40.10,20.14,22.63,8.09,72.85,43.93,59.18,8.11
423.45,40.10,20.14,22.66,8.07,72.85,44.03,59.18,8.11
423.46,40.10,20.14,22.63,8.09,72.63,43.93,59.33,8.11
423.47,40.10,20.14,22.63,8.08,72.85,43.93,59.33,8.11
423.48,40.10,20.14,22.63,8.08,72.85,43.93,59.18,8.12
423.49,40.10,20.14,22.66,8.08,72.85,43.93,59.18,8.10
423.50,40.10,20.14,22.63,8.08,72.85,44.03,59.18,8.11
423.51,40.10,20.11,22.63,8.08,72.85,44.03,59.18,8.11
423.52,40.10,20.16,22.66,8.08,72.85,43.93,59.18,8.11
423.53,40.10,20.16,22.63,8.08,72.85,43.93,59.18,8.11
423.54,40.10,20.14,22.59,8.07,72.85,43.93,59.18,8.10
423.55,40.10,20.14,22.66,8.08,72.85,43.93,59.18,8.10
423.56,40.10,20.14,22.63,8.08,72.63,44.03,59.18,8.10
423.57,40.10,20.16,22.63,8.07,72.85,43.93,59.18,8.10
423.58,40.10,20.14,22.63,8.08,72.63,44.03,59.18,8.10
423.59,40.10,20.14,22.63,8.08,72.85,44.03,59.18,8.11
423.60,40.10,20.11,22.63,8.08,72.85,44.03,59.18,8.11
423.61,40.10,20.16,22.63,8.08,72.85,43.93,59.18,8.11
423.62,40.10,20.14,22.63,8.07,72.85,43.93,59.18,8.11
423.63,40.02,20.14,22.63,8.08,72.85,44.12,59.18,8.12
423.64,40.10,20.14,22.66,8.08,72.85,43.93,59.33,8.11
423.65,40.10,20.14,22.66,8.07,72.85,43.93,59.18,8.11
423.66,40.10,20.14,22.63,8.08,72.85,43.93,59.18,8.10
423.67,40.10,20.16,22.63,8.07,72.85,44.03,59.18,8.11
423.68,40.10,20.14,22.63,8.07,73.08,44.03,59.18,8.11
423.69,40.10,20.14,22.63,8.07,72.85,44.03,59.18,8.11
423.70,40.10,20.14,22.63,8.08,72.85,43.93,59.18,8.10
423.71,40.10,20.14,22.63,8.08,72.85,43.93,59.18,8.10
423.72,40.10,20.16,22.66,8.08,72.85,43.93,59.18,8.10
423.73,40.10,20.14,22.66,8.08,72.85,44.03,59.18,8.10
423.74,40.10,20.14,22.66,8.08,72.85,43.93,59.18,8.10
423.75,40.10,20.14,22.63,8.08,72.85,43.93,59.18,8.11
423.76,40.10,20.14,22.63,8.08,72.85,43.93,59.18,8.11
423.77,40.10,20.14,22.66,8.09,73.08,43.93,59.18,8.10
423.78,40.10,20.11,22.63,8.08,72.85,44.03,59.18,8.11
423.79,40.10,20.14,22.66,8.07,72.85,44.12,59.33,8.11
423.80,40.10,20.14,22.63,8.09,72.85,43.93,59.33,8.11
423.81,40.10,20.11,22.63,8.08,72.85,43.93,59.18,8.11
423.82,40.10,20.14,22.63,8.08,72.85,44.03,59.33,8.11
423.83,40.10,20.14,22.66,8.08,72.85,43.93,59.18,8.10
423.84,40.10,20.14,22.63,8.07,72.85,43.93,59.18,8.10
423.85,40.10,20.16,22.63,8.08,72.85,43.93,59.33,8.10
423.86,40.10,20.14,22.63,8.08,72.85,44.03,59.18,8.10
423.87,40.10,20.14,22.59,8.07,72.85,43.93,59.18,8.11
423.88,40.10,20.16,22.63,8.08,72.85,43.93,59.18,8.10
423.89,40.10,20.11,22.63,8.08,72.85,43.93,59.33,8.11
423.90,40.10,20.14,22.63,8.08,72.63,43.93,59.18,8.10
423.91,40.10,20.14,22.63,8.08,72.85,43.93,59.18,8.11
423.92,40.10,20.14,22.63,8.07,72.85,44.03,59.33,8.11
423.93,40.10,20.14,22.63,8.08,72.85,43.93,59.33,8.11
423.94,40.10,20.16,22.66,8.07,72.85,43.93,59.18,8.10
423.95,40.02,20.14,22.63,8.08,72.85,43.93,59.18,8.11
423.96,40.10,20.14,22.66,8.08,72.85,44.03,59.18,8.10
423.97,40.10,20.14,22.63,8.09,72.85,44.03,59.18,8.11
423.98,40.10,20.16,22.63,8.08,72.85,44.03,59.18,8.12
423.99,40.10,20.16,22.63,8.08,72.85,44.03,59.33,8.11
424.00,40.10,20.16,22.63,8.08,72.85,44.03,59.18,8.11
424.01,40.10,20.16,22.63,8.08,72.85,44.03,59.18,8.10
424.02,40.02,20.14,22.66,8.08,72.85,43.93,59.33,8.11
424.03,40.02,20.14,22.63,8.08,73.08,43.93,59.18,8.11
424.04,40.10,20.14,22.63,8.09,73.08,43.93,59.33,8.11
424.05,40.10,20.14,22.63,8.07,72.85,43.93,59.18,8.11
424.06,40.10,20.14,22.63,8.07,72.85,43.93,59.33,8.11
424.07,40.18,20.11,22.63,8.08,72.85,44.03,59.18,8.11
424.08,40.10,20.14,22.63,8.07,72.85,43.93,59.33,8.11
424.09,40.10,20.14,22.63,8.08,72.85,43.93,59.18,8.11
424.10,40.18,20.14,22.66,8.09,73.08,44.03,59.33,8.11
424.11,40.02,20.14,22.63,8.08,73.08,44.03,59.18,8.11
424.12,40.10,20.14,22.66,8.08,72.85,43.93,59.33,8.10
424.13,40.10,20.16,22.63,8.08,72.85,44.03,59.18,8.11
424.14,40.10,20.11,22.66,8.08,72.85,43.93,59.18,8.11
424.15,40.10,20.14,22.66,8.08,72.85,43.93,59.33,8.10
424.16,40.10,20.16,22.66,8.08,72.85,44.03,59.18,8.11
424.17,40.10,20.16,22.66,8.08,72.85,43.93,59.02,8.11
424.18,40.18,20.14,22.63,8.07,72.85,44.03,59.02,8.11
424.19,40.10,20.14,22.63,8.08,72.85,43.93,59.18,8.10
424.20,40.10,20.16,22.63,8.07,72.85,43.93,59.18,8.11
424.21,40.10,20.14,22.63,8.08,72.85,44.03,59.18,8.11
424.22,40.10,20.16,22.66,8.09,73.08,44.03,59.33,8.11
424.23,40.10,20.11,22.63,8.07,72.85,44.03,59.18,8.11
424.24,40.10,20.14,22.66,8.08,72.85,43.93,59.33,8.10
424.25,40.18,20.14,22.63,8.07,72.63,44.03,59.02,8.10
424.26,40.10,20.14,22.63,8.07,72.85,43.93,59.02,8.11
424.27,40.10,20.14,22.66,8.09,72.85,43.93,59.18,8.10
424.28,40.10,20.14,22.63,8.08,72.85,44.03,59.18,8.10
424.29,40.10,20.11,22.66,8.07,72.85,44.03,59.18,8.11
424.30,40.10,20.16,22.66,8.08,73.08,43.93,59.33,8.12
424.31,40.18,20.14,22.66,8.07,72.85,43.93,59.18,8.11
424.32,40.18,20.16,22.66,8.08,72.85,44.03,59.18,8.11
424.33,40.10,20.14,22.66,8.08,72.85,44.03,59.18,8.10
424.34,40.02,20.11,22.66,8.08,72.85,43.93,59.18,8.10
424.35,40.10,20.11,22.63,8.09,72.85,44.03,59.33,8.11
424.36,40.10,20.14,22.63,8.08,72.85,44.03,59.33,8.11
424.37,40.10,20.14,22.63,8.08,72.85,44.03,59.18,8.10
424.38,40.10,20.16,22.63,8.07,72.85,44.03,59.33,8.11
424.39,40.10,20.11,22.63,8.08,72.85,43.93,59.18,8.11
424.40,40.18,20.14,22.66,8.07,72.85,44.03,59.33,8.12
424.41,40.10,20.14,22.66,8.09,72.85,44.03,59.33,8.11
424.42,40.10,20.11,22.63,8.09,72.85,44.03,59.18,8.11
424.43,40.18,20.14,22.63,8.08,72.85,43.93,59.18,8.10
424.44,40.10,20.16,22.66,8.08,72.85,44.03,59.33,8.11
424.45,40.10,20.14,22.63,8.08,72.85,44.03,59.18,8.11
424.46,40.10,20.14,22.63,8.09,72.85,44.03,59.33,8.11
424.47,40.10,20.14,22.66,8.08,73.08,44.03,59.33,8.11
424.48,40.10,20.14,22.63,8.07,72.85,43.93,59.18,8.11
424.49,39.94,20.14,22.63,8.08,72.85,43.93,59.33,8.11
424.50,40.18,20.14,22.63,8.08,72.85,44.03,59.18,8.10
424.51,40.10,20.14,22.63,8.07,72.85,43.93,59.18,8.10
424.52,40.10,20.16,22.63,8.07,72.85,44.12,59.18,8.11
424.53,40.10,20.16,22.63,8.09,72.85,44.03,59.33,8.10
424.54,40.10,20.14,22.66,8.08,72.85,44.03,59.18,8.10
424.55,40.10,20.14,22.63,8.08,72.85,43.93,59.18,8.11
424.56,40.10,20.14,22.63,8.07,72.85,44.03,59.18,8.10
424.57,40.18,20.14,22.66,8.08,72.85,43.93,59.18,8.11
424.58,40.18,20.14,22.63,8.07,72.85,43.93,59.33,8.11
424.59,40.10,20.14,22.63,8.07,72.85,44.03,59.18,8.11
424.60,40.10,20.16,22.66,8.07,72.85,44.12,59.18,8.11
424.61,40.18,20.11,22.63,8.07,72.85,43.93,59.18,8.11
424.62,40.10,20.16,22.66,8.07,72.85,44.03,59.18,8.10
424.63,40.10,20.16,22.66,8.08,72.85,43.93,59.18,8.10
424.64,40.10,20.16,22.66,8.08,72.85,43.93,59.18,8.10
424.65,40.02,20.14,22.66,8.08,72.85,44.03,59.33,8.10
424.66,40.10,20.14,22.66,8.08,72.85,43.93,59.18,8.11
424.67,40.18,20.16,22.66,8.09,72.85,44.03,59.18,8.10
424.68,40.10,20.16,22.63,8.09,72.85,43.93,59.33,8.11
424.69,40.10,20.16,22.63,8.08,72.85,43.84,59.18,8.10
424.70,40.10,20.14,22.66,8.08,72.85,44.03,59.33,8.12
424.71,40.18,20.16,22.66,8.08,72.85,44.03,59.18,8.11
424.72,40.18,20.16,22.66,8.08,72.85,43.93,59.18,8.11
424.73,40.18,20.14,22.66,8.08,72.85,44.03,59.18,8.12
424.74,40.18,20.14,22.66,8.07,72.85,44.03,59.33,8.10
424.75,40.10,20.14,22.66,8.08,73.08,43.93,59.18,8.10
424.76,40.10,20.14,22.66,8.08,72.85,44.03,59.18,8.11
424.77,40.10,20.16,22.66,8.08,72.85,44.03,59.33,8.11
424.78,40.18,20.16,22.66,8.08,72.85,43.93,59.18,8.11
424.79,40.10,20.14,22.66,8.08,72.85,44.03,59.18,8.11
424.80,40.10,20.14,22.66,8.08,72.85,44.12,59.33,8.12
424.81,40.18,20.16,22.66,8.08,72.85,44.03,59.33,8.11
424.82,40.02,20.14,22.66,8.08,72.85,44.03,59.18,8.11
424.83,40.10,20.14,22.63,8.07,72.85,43.93,59.33,8.11
424.84,40.10,20.11,22.66,8.08,72.85,44.03,59.18,8.11
424.85,40.10,20.16,22.66,8.08,72.85,44.03,59.33,8.11
424.86,40.10,20.14,22.66,8.08,72.85,44.03,59.18,8.11
424.87,40.10,20.14,22.66,8.09,72.85,44.03,59.33,8.11
424.88,40.10,20.14,22.63,8.07,72.85,44.03,59.33,8.11
424.89,40.10,20.16,22.63,8.08,72.85,43.93,59.33,8.11
424.90,40.18,20.16,22.66,8.08,72.85,44.03,59.18,8.11
424.91,40.18,20.14,22.66,8.09,72.85,44.03,59.33,8.11
424.92,40.10,20.14,22.66,8.08,72.85,43.93,59.18,8.11
424.93,40.10,20.14,22.70,8.08,72.85,44.03,59.18,8.11
424.94,40.10,20.16,22.66,8.07,72.85,44.03,59.18,8.10
424.95,40.10,20.16,22.66,8.09,72.85,44.03,59.18,8.10
424.96,40.18,20.14,22.66,8.09,72.85,44.03,59.18,8.11
424.97,40.10,20.16,22.66,8.08,72.85,44.03,59.18,8.11
424.98,40.10,20.14,22.63,8.08,72.85,44.03,59.33,8.11
424.99,40.10,20.16,22.66,8.08,73.08,43.93,59.33,8.11
425.00,40.10,20.14,22.66,8.09,73.08,44.03,59.18,8.11
425.01,40.10,20.14,22.66,8.08,72.85,44.03,59.18,8.11
425.02,40.18,20.16,22.66,8.08,72.85,44.03,59.18,8.10
425.03,40.18,20.16,22.66,8.08,72.85,44.03,59.33,8.10
425.04,40.10,20.14,22.66,8.08,72.85,44.12,59.33,8.11
425.05,40.10,20.16,22.66,8.08,72.85,43.93,59.33,8.11
425.06,40.10,20.14,22.66,8.08,73.08,44.03,59.33,8.11
425.07,40.18,20.14,22.66,8.08,72.85,43.93,59.33,8.11
425.08,40.10,20.16,22.66,8.08,72.85,43.93,59.33,8.11
425.09,40.10,20.16,22.66,8.08,72.85,44.03,59.18,8.11
425.10,40.18,20.16,22.66,8.07,73.08,44.03,59.33,8.12
425.11,40.18,20.14,22.66,8.08,72.85,44.03,59.18,8.10
425.12,40.18,20.19,22.66,8.07,72.85,44.03,59.33,8.10
425.13,40.10,20.14,22.66,8.07,72.85,44.03,59.33,8.11
425.14,40.10,20.14,22.66,8.07,72.85,43.93,59.33,8.11
425.15,40.18,20.14,22.63,8.08,73.08,44.12,59.33,8.11
425.16,40.18,20.16,22.66,8.08,73.08,44.03,59.33,8.11
425.17,40.10,20.14,22.66,8.08,73.08,44.03,59.33,8.11
425.18,40.10,20.16,22.66,8.08,72.85,44.03,59.33,8.11
425.19,40.18,20.14,22.66,8.08,73.08,44.03,59.33,8.11
425.20,40.10,20.14,22.66,8.08,73.08,44.03,59.33,8.11
425.21,40.10,20.11,22.66,8.08,72.85,44.03,59.33,8.12
425.22,40.18,20.16,22.66,8.07,72.85,44.03,59.33,8.10
425.23,40.10,20.14,22.66,8.08,72.85,44.03,59.18,8.11
425.24,40.18,20.16,22.66,8.08,72.85,43.93,59.33,8.12
425.25,40.18,20.14,22.66,8.08,73.08,43.93,59.33,8.12
425.26,40.10,20.16,22.66,8.08,72.85,44.03,59.33,8.11
425.27,40.18,20.16,22.66,8.07,73.08,44.03,59.33,8.11
425.28,40.10,20.16,22.66,8.08,73.08,44.03,59.33,8.11
425.29,40.10,20.14,22.66,8.07,72.85,44.12,59.33,8.11
425.30,40.26,20.14,22.63,8.08,72.85,44.03,59.18,8.12
425.31,40.18,20.16,22.63,8.08,73.08,43.93,59.33,8.12
425.32,40.10,20.19,22.70,8.08,73.08,44.03,59.18,8.11
425.33,40.10,20.16,22.63,8.07,73.08,43.93,59.18,8.10
425.34,40.10,20.14,22.66,8.09,72.85,44.03,59.33,8.12
425.35,40.18,20.14,22.63,8.08,72.85,43.93,59.18,8.11
425.36,40.10,20.19,22.66,8.08,73.08,43.93,59.33,8.11
425.37,40.10,20.14,22.66,8.08,72.85,44.03,59.18,8.10
425.38,40.18,20.16,22.66,8.07,73.08,44.03,59.33,8.11
425.39,40.18,20.14,22.70,8.08,73.30,44.03,59.18,8.11
425.40,40.18,20.14,22.66,8.09,72.85,44.03,59.33,8.11
425.41,40.10,20.16,22.66,8.08,73.08,44.03,59.18,8.11
425.42,40.18,20.16,22.66,8.09,73.08,43.93,59.18,8.12
425.43,40.18,20.14,22.66,8.08,72.85,44.03,59.18,8.10
425.44,40.10,20.16,22.66,8.08,73.08,44.03,59.02,8.11
425.45,40.10,20.14,22.66,8.08,72.85,44.12,59.49,8.10
425.46,40.10,20.14,22.66,8.08,72.85,43.93,59.33,8.11
425.47,40.18,20.16,22.70,8.07,72.85,44.03,59.33,8.11
425.48,40.10,20.16,22.66,8.08,72.85,44.03,59.33,8.11
425.49,40.18,20.16,22.66,8.08,72.85,43.93,59.33,8.11
425.50,40.10,20.16,22.66,8.08,73.08,44.03,59.33,8.11
425.51,40.18,20.14,22.66,8.08,72.85,44.03,59.33,8.12
425.52,40.18,20.16,22.70,8.08,73.08,44.03,59.33,8.10
425.53,40.10,20.16,22.66,8.09,72.85,44.03,59.18,8.11
425.54,40.18,20.16,22.66,8.09,72.85,43.84,59.18,8.11
425.55,40.10,20.14,22.66,8.08,72.85,44.03,59.18,8.11
425.56,40.10,20.16,22.66,8.08,73.08,44.03,59.33,8.11
425.57,40.18,20.14,22.66,8.09,73.08,43.93,59.33,8.11
425.58,40.18,20.16,22.66,8.08,72.85,44.03,59.18,8.10
425.59,40.10,20.16,22.66,8.08,73.08,44.03,59.18,8.12
425.60,40.18,20.19,22.66,8.08,73.08,44.03,59.33,8.12
425.61,40.10,20.16,22.66,8.08,72.85,44.03,59.33,8.11
425.62,40.18,20.14,22.66,8.09,73.08,43.93,59.33,8.11
425.63,40.10,20.16,22.66,8.08,72.85,44.12,59.33,8.10
425.64,40.18,20.16,22.66,8.08,73.08,44.03,59.33,8.10
425.65,40.18,20.16,22.70,8.08,73.08,44.12,59.33,8.10
425.66,40.18,20.14,22.66,8.09,73.08,44.03,59.33,8.11
425.67,40.18,20.16,22.63,8.07,72.85,44.12,59.33,8.10
425.68,40.18,20.14,22.66,8.08,72.85,44.03,59.33,8.11
425.69,40.18,20.19,22.66,8.08,72.85,44.03,59.33,8.11
425.70,40.18,20.19,22.66,8.08,72.85,44.03,59.33,8.11
425.71,40.18,20.16,22.66,8.08,72.85,44.12,59.33,8.11
425.72,40.18,20.16,22.66,8.08,73.08,44.03,59.33,8.11
425.73,40.18,20.19,22.66,8.09,72.85,44.03,59.33,8.11
425.74,40.10,20.16,22.66,8.09,72.85,44.03,59.33,8.11
425.75,40.18,20.16,22.66,8.08,73.08,44.03,59.33,8.11
425.76,40.10,20.16,22.66,8.08,72.85,43.93,59.33,8.11
425.77,40.18,20.16,22.66,8.08,73.08,44.03,59.33,8.11
425.78,40.18,20.16,22.66,8.09,73.08,44.03,59.33,8.12
425.79,40.18,20.16,22.66,8.09,73.08,44.03,59.33,8.11
425.80,40.18,20.19,22.66,8.08,73.08,44.03,59.33,8.10
425.81,40.18,20.16,22.66,8.08,73.08,44.03,59.33,8.10
425.82,40.18,20.14,22.63,8.08,72.85,44.03,59.33,8.11
425.83,40.18,20.16,22.70,8.08,73.08,44.03,59.33,8.11
425.84,40.18,20.16,22.66,8.08,73.08,44.12,59.18,8.11
425.85,40.18,20.16,22.66,8.08,72.85,44.03,59.33,8.11
425.86,40.18,20.16,22.66,8.08,72.85,44.03,59.33,8.11
425.87,40.18,20.16,22.66,8.08,72.85,44.03,59.33,8.11
425.88,40.10,20.16,22.70,8.08,72.85,44.03,59.33,8.11
425.89,40.18,20.16,22.70,8.09,72.85,44.12,59.18,8.11
425.90,40.18,20.16,22.66,8.09,73.08,44.03,59.18,8.11
425.91,40.18,20.16,22.66,8.08,73.08,44.03,59.33,8.11
425.92,40.18,20.16,22.66,8.08,73.08,44.03,59.33,8.11
425.93,40.18,20.14,22.66,8.08,73.08,44.12,59.33,8.11
425.94,40.18,20.19,22.66,8.07,73.08,43.93,59.33,8.11
425.95,40.18,20.16,22.66,8.08,73.08,43.93,59.33,8.11
425.96,40.18,20.19,22.66,8.08,72.85,43.93,59.33,8.11
425.97,40.10,20.16,22.70,8.09,73.08,44.03,59.33,8.11
425.98,40.10,20.16,22.66,8.09,73.08,44.03,59.33,8.12
425.99,40.26,20.16,22.70,8.10,72.85,44.12,59.33,8.11
426.00,40.10,20.16,22.66,8.07,72.85,43.93,59.33,8.10
426.01,40.10,20.16,22.70,8.08,73.08,44.03,59.33,8.11
426.02,40.18,20.14,22.70,8.08,73.08,44.03,59.18,8.11
426.03,40.10,20.16,22.66,8.09,73.08,44.12,59.33,8.10
426.04,40.18,20.19,22.66,8.08,72.85,44.12,59.33,8.11
426.05,40.18,20.16,22.66,8.08,73.08,44.03,59.33,8.11
426.06,40.18,20.14,22.66,8.08,72.85,44.12,59.33,8.11
426.07,40.10,20.16,22.66,8.08,73.08,43.93,59.33,8.11
426.08,40.18,20.14,22.66,8.08,73.08,43.93,59.18,8.10
426.09,40.18,20.16,22.66,8.09,72.85,44.03,59.33,8.11
426.10,40.18,20.14,22.70,8.08,73.08,44.03,59.33,8.10
426.11,40.18,20.19,22.66,8.08,73.08,44.03,59.49,8.11
426.12,40.10,20.16,22.66,8.08,73.08,44.12,59.49,8.11
426.13,40.18,20.16,22.70,8.09,73.08,44.03,59.33,8.11
426.14,40.18,20.16,22.70,8.08,73.08,44.03,59.33,8.10
426.15,40.18,20.16,22.66,8.08,72.85,44.12,59.33,8.11
426.16,40.18,20.16,22.66,8.08,72.85,44.03,59.18,8.11
426.17,40.18,20.16,22.66,8.08,73.08,44.03,59.33,8.11
426.18,40.18,20.16,22.66,8.09,73.08,44.12,59.33,8.11
426.19,40.18,20.16,22.66,8.08,73.08,43.93,59.18,8.10
426.20,40.26,20.16,22.70,8.08,72.85,44.12,59.33,8.11
426.21,40.18,20.14,22.66,8.08,73.08,44.03,59.33,8.11
426.22,40.18,20.14,22.70,8.08,73.08,44.12,59.33,8.11
426.23,40.18,20.16,22.66,8.07,73.08,44.03,59.33,8.11
426.24,40.18,20.14,22.66,8.08,73.08,44.03,59.33,8.11
426.25,40.18,20.16,22.66,8.08,73.08,44.03,59.33,8.11
426.26,40.18,20.16,22.70,8.08,72.85,44.12,59.33,8.11
426.27,40.18,20.16,22.70,8.08,72.85,44.03,59.33,8.09
426.28,40.18,20.16,22.66,8.08,72.85,44.03,59.33,8.11
426.29,40.18,20.16,22.66,8.08,72.85,44.03,59.33,8.11
426.30,40.18,20.16,22.66,8.08,72.85,44.03,59.33,8.11
426.31,40.18,20.19,22.66,8.07,73.08,44.03,59.33,8.11
426.32,40.18,20.19,22.66,8.07,72.85,44.12,59.33,8.11
426.33,40.18,20.16,22.66,8.08,73.08,44.03,59.33,8.11
426.34,40.18,20.16,22.70,8.08,73.08,44.03,59.33,8.11
426.35,40.18,20.16,22.70,8.08,72.85,44.12,59.33,8.11
426.36,40.18,20.19,22.70,8.08,72.85,44.03,59.33,8.11
426.37,40.18,20.16,22.66,8.08,73.08,44.12,59.33,8.11
426.38,40.18,20.16,22.66,8.09,73.08,43.93,59.33,8.11
426.39,40.18,20.16,22.66,8.08,73.08,43.93,59.33,8.12
426.40,40.18,20.16,22.70,8.08,73.08,44.03,59.33,8.11
426.41,40.18,20.16,22.70,8.08,73.08,44.12,59.33,8.12
426.42,40.18,20.14,22.73,8.09,73.08,44.03,59.33,8.12
426.43,40.18,20.19,22.66,8.08,73.08,44.03,59.33,8.11
426.44,40.18,20.19,22.66,8.08,72.85,44.03,59.49,8.12
426.45,40.18,20.16,22.66,8.08,73.08,44.03,59.33,8.11
426.46,40.10,20.16,22.66,8.08,73.08,44.12,59.33,8.11
426.47,40.18,20.16,22.70,8.08,72.85,44.12,59.33,8.11
426.48,40.18,20.16,22.70,8.08,73.08,44.12,59.33,8.10
426.49,40.18,20.16,22.66,8.08,73.08,44.12,59.33,8.11
426.50,40.18,20.16,22.70,8.08,73.08,44.03,59.33,8.12
426.51,40.18,20.16,22.66,8.07,73.08,44.03,59.33,8.11
426.52,40.02,20.16,22.70,8.08,73.08,44.03,59.33,8.11
426.53,40.18,20.14,22.70,8.08,73.08,44.03,59.33,8.12
426.54,40.10,20.16,22.66,8.08,73.08,44.03,59.49,8.12
426.55,40.18,20.16,22.66,8.08,72.85,44.12,59.33,8.11
426.56,40.18,20.16,22.66,8.08,73.08,44.03,59.49,8.11
426.57,40.18,20.14,22.66,8.08,72.85,44.12,59.49,8.11
426.58,40.18,20.16,22.66,8.08,73.08,44.03,59.33,8.12
426.59,40.10,20.19,22.70,8.08,73.08,44.03,59.18,8.11
426.60,40.10,20.16,22.70,8.09,73.08,44.03,59.33,8.10
426.61,40.18,20.16,22.66,8.08,72.85,44.22,59.49,8.11
426.62,40.18,20.16,22.66,8.09,73.08,44.03,59.33,8.11
426.63,40.18,20.16,22.66,8.08,72.85,44.12,59.18,8.12
426.64,40.18,20.16,22.70,8.08,73.08,44.12,59.33,8.10
426.65,40.18,20.16,22.70,8.09,73.08,44.12,59.64,8.11
426.66,40.18,20.16,22.66,8.09,73.08,44.03,59.18,8.11
426.67,40.18,20.16,22.66,8.08,72.85,44.12,59.33,8.12
426.68,40.18,20.16,22.70,8.08,73.08,44.03,59.33,8.11
426.69,40.18,20.16,22.70,8.09,73.08,44.12,59.33,8.10
426.70,40.18,20.16,22.70,8.08,73.08,44.03,59.33,8.11
426.71,40.18,20.16,22.66,8.08,73.08,44.12,59.33,8.11
426.72,40.18,20.14,22.70,8.09,73.08,44.03,59.33,8.12
426.73,40.18,20.14,22.66,8.08,72.85,44.03,59.33,8.10
426.74,40.18,20.16,22.66,8.08,73.08,44.12,59.33,8.11
426.75,40.18,20.16,22.70,8.08,72.85,44.03,59.33,8.11
426.76,40.18,20.16,22.70,8.08,72.85,44.12,59.33,8.11
426.77,40.18,20.14,22.66,8.09,73.08,43.93,59.33,8.12
426.78,40.18,20.16,22.66,8.09,73.08,44.12,59.33,8.11
426.79,40.18,20.16,22.70,8.08,72.85,44.03,59.33,8.11
426.80,40.10,20.16,22.66,8.08,73.08,44.12,59.33,8.11
426.81,40.18,20.16,22.70,8.09,73.08,44.03,59.33,8.11
426.82,40.18,20.14,22.66,8.08,73.08,44.12,59.33,8.12
426.83,40.18,20.16,22.70,8.08,73.30,44.12,59.33,8.11
426.84,40.18,20.19,22.66,8.09,73.08,44.03,59.33,8.11
426.85,40.18,20.16,22.66,8.08,73.08,44.03,59.33,8.11
426.86,40.18,20.16,22.66,8.08,73.08,44.03,59.33,8.11
426.87,40.10,20.16,22.70,8.08,73.08,44.12,59.49,8.12
426.88,40.18,20.14,22.70,8.08,73.08,44.03,59.33,8.11
426.89,40.18,20.16,22.70,8.09,72.85,44.12,59.33,8.11
426.90,40.10,20.16,22.70,8.08,73.08,44.03,59.33,8.12
426.91,40.18,20.16,22.70,8.08,73.08,44.12,59.33,8.12
426.92,40.10,20.16,22.70,8.08,73.08,44.03,59.33,8.11
426.93,40.18,20.16,22.70,8.08,73.08,44.03,59.33,8.11
426.94,40.18,20.16,22.66,8.08,73.08,44.12,59.33,8.11
426.95,40.18,20.19,22.66,8.08,73.08,44.03,59.33,8.11
426.96,40.10,20.16,22.70,8.08,73.08,44.03,59.33,8.12
426.97,40.18,20.19,22.70,8.08,72.85,44.12,59.33,8.12
426.98,40.18,20.19,22.70,8.08,73.08,44.03,59.33,8.11
426.99,40.18,20.16,22.66,8.08,73.08,44.03,59.33,8.11
427.00,40.18,20.16,22.70,8.08,73.08,44.03,59.33,8.12
427.01,40.18,20.16,22.70,8.08,73.08,44.03,59.33,8.11
427.02,40.18,20.16,22.66,8.07,73.08,44.12,59.33,8.11
427.03,40.18,20.19,22.66,8.08,73.08,44.03,59.33,8.11
427.04,40.18,20.16,22.70,8.08,73.08,44.03,59.49,8.10
427.05,40.10,20.16,22.70,8.08,73.08,44.03,59.33,8.10
427.06,40.18,20.16,22.73,8.08,73.08,44.03,59.33,8.11
427.07,40.18,20.16,22.70,8.09,73.08,44.12,59.33,8.11
427.08,40.18,20.16,22.70,8.10,73.08,44.12,59.33,8.12
427.09,40.18,20.16,22.66,8.08,73.08,44.12,59.33,8.12
427.10,40.18,20.16,22.66,8.08,73.08,44.03,59.33,8.11
427.11,40.18,20.16,22.70,8.08,73.08,44.12,59.33,8.11
427.12,40.18,20.19,22.70,8.08,73.08,44.12,59.33,8.11
427.13,40.18,20.16,22.66,8.08,73.08,44.03,59.49,8.11
427.14,40.18,20.16,22.70,8.08,72.85,44.03,59.33,8.11
427.15,40.18,20.14,22.70,8.08,73.08,44.03,59.33,8.11
427.16,40.18,20.19,22.70,8.08,73.08,44.12,59.33,8.10
427.17,40.18,20.14,22.70,8.08,73.08,44.03,59.33,8.11
427.18,40.18,20.16,22.70,8.08,73.08,44.03,59.49,8.11
427.19,40.18,20.16,22.70,8.08,73.08,44.03,59.49,8.11
427.20,40.18,20.16,22.70,8.08,72.85,44.03,59.33,8.11
427.21,40.10,20.16,22.70,8.09,73.08,44.12,59.33,8.11
427.22,40.18,20.16,22.70,8.08,73.08,44.03,59.33,8.11
427.23,40.18,20.16,22.70,8.08,72.85,44.12,59.33,8.11
427.24,40.18,20.16,22.70,8.09,73.08,44.03,59.33,8.11
427.25,40.18,20.16,22.70,8.09,73.08,44.03,59.33,8.11
427.26,40.18,20.16,22.70,8.08,73.08,44.03,59.33,8.11
427.27,40.18,20.16,22.66,8.09,73.08,44.12,59.33,8.11
427.28,40.18,20.16,22.66,8.08,73.08,44.12,59.33,8.11
427.29,40.18,20.16,22.70,8.08,73.08,44.03,59.33,8.11
427.30,40.18,20.19,22.70,8.09,73.08,44.12,59.33,8.11
427.31,40.18,20.14,22.70,8.07,72.85,44.03,59.33,8.12
427.32,40.18,20.16,22.70,8.08,73.30,44.12,59.33,8.11
427.33,40.18,20.16,22.66,8.08,73.08,44.12,59.33,8.10
427.34,40.18,20.19,22.66,8.08,73.08,44.03,59.33,8.11
427.35,40.18,20.16,22.66,8.10,73.08,43.93,59.33,8.12
427.36,40.18,20.16,22.70,8.09,73.08,44.12,59.33,8.10
427.37,40.18,20.16,22.66,8.08,73.08,44.03,59.33,8.12
427.38,40.18,20.16,22.70,8.08,73.08,44.12,59.49,8.11
427.39,40.18,20.16,22.70,8.08,73.08,44.12,59.33,8.12
427.40,40.18,20.16,22.70,8.08,73.08,44.03,59.33,8.11
427.41,40.18,20.14,22.66,8.08,73.08,44.12,59.49,8.11
427.42,40.18,20.19,22.66,8.08,73.08,44.03,59.33,8.11
427.43,40.18,20.19,22.70,8.08,73.08,44.12,59.33,8.10
427.44,40.18,20.19,22.70,8.08,73.08,44.03,59.33,8.11
427.45,40.18,20.19,22.70,8.08,73.30,44.03,59.49,8.11
427.46,40.18,20.14,22.70,8.10,73.30,44.12,59.33,8.11
427.47,40.18,20.16,22.70,8.08,73.08,44.12,59.33,8.12
427.48,40.18,20.16,22.66,8.10,73.08,44.12,59.33,8.11
427.49,40.18,20.19,22.70,8.09,73.08,44.03,59.33,8.11
427.50,40.18,20.16,22.73,8.08,73.08,44.03,59.49,8.11
427.51,40.18,20.16,22.70,8.10,73.08,44.12,59.33,8.11
427.52,40.18,20.16,22.66,8.09,73.08,44.12,59.49,8.12
427.53,40.18,20.16,22.70,8.08,72.85,44.03,59.33,8.11
427.54,40.18,20.16,22.70,8.08,73.08,44.03,59.33,8.11
427.55,40.18,20.16,22.70,8.08,73.30,43.93,59.33,8.11
427.56,40.18,20.16,22.70,8.08,73.08,44.03,59.33,8.11
427.57,40.18,20.16,22.66,8.08,73.08,44.22,59.33,8.11
427.58,40.18,20.19,22.66,8.09,73.08,43.93,59.33,8.11
427.59,40.18,20.16,22.66,8.09,73.08,44.12,59.33,8.11
427.60,40.18,20.16,22.70,8.08,73.08,44.12,59.33,8.11
427.61,40.18,20.16,22.70,8.08,73.08,43.93,59.33,8.11
427.62,40.26,20.16,22.66,8.08,73.08,44.12,59.33,8.10
427.63,40.18,20.16,22.70,8.10,73.08,44.12,59.33,8.12
427.64,40.18,20.16,22.70,8.09,73.08,44.03,59.33,8.10
427.65,40.18,20.16,22.66,8.08,73.08,44.12,59.33,8.11
427.66,40.10,20.16,22.70,8.08,73.08,43.93,59.33,8.11
427.67,40.18,20.19,22.66,8.08,73.08,44.03,59.33,8.11
427.68,40.02,20.16,22.70,8.08,73.08,44.12,59.33,8.11
427.69,40.10,20.16,22.70,8.08,73.08,44.12,59.33,8.10
427.70,40.26,20.14,22.70,8.08,73.08,44.12,59.33,8.11
427.71,40.18,20.16,22.66,8.09,73.08,44.12,59.33,8.11
427.72,40.18,20.16,22.73,8.08,73.08,44.03,59.49,8.11
427.73,40.18,20.16,22.70,8.08,73.08,44.03,59.33,8.10
427.74,40.18,20.16,22.66,8.08,73.08,43.93,59.33,8.11
427.75,40.18,20.16,22.70,8.08,73.08,44.12,59.33,8.11
427.76,40.10,20.16,22.70,8.08,73.30,44.03,59.49,8.11
427.77,40.18,20.16,22.66,8.08,72.85,44.12,59.33,8.11
427.78,40.18,20.16,22.66,8.08,73.08,44.12,59.49,8.11
427.79,40.18,20.16,22.70,8.08,73.08,44.03,59.33,8.11
427.80,40.18,20.19,22.70,8.08,73.08,44.03,59.33,8.11
427.81,40.18,20.16,22.70,8.08,73.08,44.12,59.33,8.11
427.82,40.18,20.16,22.70,8.08,73.08,44.03,59.33,8.11
427.83,40.18,20.16,22.70,8.09,73.08,44.03,59.33,8.10
427.84,40.18,20.16,22.70,8.08,72.85,44.12,59.18,8.11
427.85,40.18,20.19,22.70,8.08,73.08,44.03,59.33,8.11
427.86,40.18,20.16,22.66,8.08,73.08,44.12,59.33,8.10
427.87,40.18,20.16,22.70,8.08,73.08,44.03,59.33,8.11
427.88,40.18,20.16,22.70,8.08,73.08,44.03,59.33,8.11
427.89,40.18,20.16,22.66,8.08,73.08,44.03,59.33,8.11
427.90,40.18,20.19,22.70,8.08,73.08,44.12,59.33,8.11
427.91,40.18,20.16,22.70,8.08,73.08,44.03,59.33,8.11
427.92,40.18,20.14,22.70,8.08,73.08,44.12,59.33,8.11
427.93,40.18,20.16,22.66,8.08,73.08,44.12,59.33,8.11
427.94,40.18,20.19,22.70,8.08,73.08,44.03,59.33,8.11
427.95,40.18,20.16,22.66,8.09,73.08,44.12,59.49,8.11
427.96,40.18,20.16,22.70,8.09,73.08,44.03,59.33,8.11
427.97,40.10,20.16,22.70,8.10,73.08,44.03,59.33,8.11
427.98,40.18,20.16,22.70,8.08,73.08,44.12,59.33,8.11
427.99,40.18,20.16,22.70,8.08,73.08,44.22,59.33,8.11
428.00,40.18,20.19,22.70,8.08,73.08,44.12,59.49,8.12
428.01,40.18,20.16,22.70,8.08,73.08,44.03,59.33,8.11
428.02,40.18,20.16,22.66,8.09,73.30,44.12,59.33,8.10
428.03,40.18,20.16,22.70,8.09,73.08,44.12,59.33,8.11
428.04,40.18,20.19,22.70,8.08,73.08,44.03,59.49,8.11
428.05,40.10,20.19,22.73,8.08,73.08,44.12,59.33,8.11
428.06,40.18,20.16,22.66,8.08,73.08,44.12,59.33,8.11
428.07,40.18,20.16,22.70,8.08,73.08,44.12,59.33,8.11
428.08,40.18,20.16,22.66,8.08,73.08,44.12,59.33,8.11
428.09,40.18,20.16,22.66,8.10,73.08,44.03,59.18,8.11
428.10,40.18,20.16,22.66,8.08,72.85,44.12,59.33,8.11
428.11,40.18,20.19,22.66,8.08,73.08,44.03,59.33,8.11
428.12,40.18,20.16,22.66,8.08,73.08,44.12,59.33,8.11
428.13,40.18,20.19,22.66,8.08,73.08,44.12,59.33,8.10
428.14,40.18,20.16,22.70,8.09,73.08,44.03,59.33,8.11
428.15,40.18,20.19,22.70,8.08,73.08,44.12,59.33,8.11
428.16,40.18,20.16,22.70,8.09,73.08,44.12,59.49,8.11
428.17,40.18,20.16,22.70,8.08,73.08,44.03,59.33,8.11
428.18,40.18,20.16,22.66,8.08,73.08,44.03,59.33,8.11
428.19,40.18,20.16,22.66,8.08,73.08,44.12,59.33,8.12
428.20,40.18,20.16,22.66,8.08,73.08,44.12,59.33,8.11
428.21,40.18,20.16,22.70,8.08,73.08,44.03,59.33,8.11
428.22,40.18,20.16,22.70,8.08,73.08,44.03,59.33,8.11
428.23,40.18,20.19,22.66,8.08,73.08,44.03,59.33,8.12
428.24,40.18,20.16,22.70,8.09,73.08,44.03,59.49,8.11
428.25,40.18,20.16,22.70,8.08,73.08,44.03,59.33,8.11
428.26,40.18,20.16,22.70,8.08,73.08,44.03,59.33,8.11
428.27,40.10,20.16,22.70,8.08,73.08,44.03,59.33,8.12
428.28,40.18,20.19,22.66,8.08,72.85,44.03,59.33,8.11
428.29,40.10,20.19,22.70,8.08,73.08,44.12,59.33,8.11
428.30,40.18,20.16,22.70,8.08,73.08,43.93,59.33,8.11
428.31,40.18,20.16,22.66,8.08,73.08,44.03,59.33,8.11
428.32,40.18,20.16,22.70,8.08,73.08,44.03,59.33,8.11
428.33,40.18,20.16,22.70,8.08,73.08,44.03,59.33,8.11
428.34,40.10,20.16,22.70,8.08,73.08,44.03,59.33,8.10
428.35,40.18,20.16,22.66,8.08,73.08,44.03,59.33,8.11
428.36,40.18,20.16,22.70,8.08,73.08,44.12,59.33,8.11
428.37,40.18,20.16,22.66,8.09,73.08,44.03,59.33,8.11
428.38,40.10,20.16,22.66,8.08,72.85,44.03,59.33,8.11
428.39,40.18,20.16,22.70,8.09,73.08,44.03,59.49,8.12
428.40,40.18,20.16,22.70,8.08,73.08,44.12,59.33,8.12
428.41,40.18,20.19,22.70,8.07,73.08,44.03,59.33,8.11
428.42,40.18,20.16,22.70,8.08,73.08,44.03,59.33,8.11
428.43,40.18,20.16,22.66,8.08,72.85,44.12,59.33,8.11
428.44,40.18,20.16,22.66,8.08,73.08,44.03,59.33,8.11
428.45,40.18,20.19,22.66,8.08,73.08,44.03,59.33,8.11
428.46,40.18,20.16,22.70,8.09,73.08,44.12,59.18,8.11
428.47,40.18,20.19,22.66,8.07,73.30,44.03,59.33,8.12
428.48,40.10,20.14,22.66,8.09,73.08,44.12,59.33,8.11
428.49,40.18,20.16,22.66,8.09,73.08,44.03,59.33,8.11
428.50,40.18,20.16,22.66,8.09,73.08,43.93,59.18,8.11
428.51,40.18,20.16,22.66,8.08,73.08,44.03,59.33,8.11
428.52,40.18,20.16,22.66,8.08,73.08,44.03,59.33,8.11
428.53,40.18,20.14,22.70,8.08,73.08,44.03,59.33,8.11
428.54,40.18,20.16,22.70,8.08,73.08,44.03,59.33,8.11
428.55,40.18,20.16,22.66,8.10,73.08,44.03,59.33,8.11
428.56,40.18,20.16,22.66,8.08,73.08,44.03,59.33,8.12
428.57,40.18,20.14,22.66,8.08,72.85,44.03,59.33,8.11
428.58,40.10,20.19,22.70,8.08,73.08,44.03,59.18,8.11
428.59,40.18,20.16,22.70,8.08,73.08,44.03,59.33,8.11
428.60,40.18,20.16,22.66,8.10,72.85,44.12,59.33,8.12
428.61,40.18,20.16,22.70,8.08,72.85,44.12,59.33,8.11
428.62,40.18,20.16,22.66,8.08,73.08,44.03,59.33,8.11
428.63,40.10,20.14,22.66,8.08,73.08,44.03,59.33,8.11
428.64,40.18,20.19,22.70,8.08,73.08,44.03,59.33,8.11
428.65,40.18,20.16,22.70,8.08,73.08,44.03,59.33,8.11
428.66,40.18,20.11,22.70,8.08,73.08,44.03,59.33,8.11
428.67,40.10,20.19,22.66,8.09,72.85,44.03,59.33,8.11
428.68,40.10,20.16,22.66,8.08,73.08,44.03,59.33,8.11
428.69,40.18,20.16,22.70,8.08,73.08,44.03,59.33,8.11
428.70,40.18,20.16,22.66,8.08,73.08,44.03,59.33,8.11
428.71,40.18,20.11,22.70,8.08,73.08,44.12,59.33,8.12
428.72,40.10,20.19,22.66,8.08,73.08,44.12,59.33,8.11
428.73,40.18,20.19,22.70,8.08,73.30,44.03,59.33,8.11
428.74,40.10,20.19,22.70,8.08,72.85,44.12,59.33,8.11
428.75,40.18,20.14,22.66,8.07,73.08,43.93,59.33,8.11
428.76,40.18,20.14,22.70,8.08,73.08,44.03,59.33,8.11
428.77,40.10,20.14,22.70,8.08,73.08,44.22,59.33,8.10
428.78,40.10,20.14,22.70,8.08,73.08,44.03,59.33,8.11
428.79,40.10,20.16,22.70,8.08,73.08,44.12,59.33,8.11
428.80,40.18,20.16,22.70,8.08,73.08,44.12,59.18,8.11
428.81,40.18,20.16,22.66,8.08,73.08,43.93,59.33,8.11
428.82,40.10,20.11,22.66,8.08,73.08,44.03,59.33,8.11
428.83,40.10,20.16,22.66,8.09,73.08,44.03,59.33,8.11
428.84,40.18,20.16,22.70,8.08,73.08,44.12,59.33,8.11
428.85,40.10,20.14,22.66,8.08,73.08,44.12,59.33,8.11
428.86,40.18,20.16,22.66,8.08,73.08,43.93,59.33,8.11
428.87,40.18,20.14,22.70,8.09,73.08,44.12,59.33,8.11
428.88,40.10,20.14,22.70,8.08,73.08,44.03,59.33,8.11
428.89,40.02,20.14,22.66,8.08,73.08,44.03,59.33,8.11
428.90,40.18,20.14,22.66,8.07,73.08,44.03,59.33,8.11
428.91,40.10,20.16,22.66,8.08,73.08,44.03,59.33,8.11
428.92,40.18,20.16,22.70,8.09,73.08,44.03,59.33,8.11
428.93,40.10,20.14,22.66,8.07,73.08,44.03,59.33,8.11
428.94,40.18,20.14,22.66,8.08,72.85,43.93,59.33,8.11
428.95,40.10,20.16,22.70,8.08,73.30,44.03,59.33,8.11
428.96,40.10,20.16,22.70,8.08,73.08,44.03,59.33,8.11
428.97,40.10,20.16,22.70,8.08,72.85,44.03,59.18,8.11
428.98,40.18,20.14,22.70,8.09,73.08,43.93,59.18,8.11
428.99,40.10,20.16,22.66,8.08,73.08,44.12,59.33,8.11
429.00,40.10,20.16,22.70,8.09,73.08,44.03,59.33,8.12
429.01,40.18,20.16,22.70,8.08,73.08,44.03,59.33,8.11
429.02,40.18,20.14,22.70,8.08,73.08,44.03,59.33,8.10
429.03,40.10,20.16,22.66,8.07,73.08,44.03,59.33,8.12
429.04,40.18,20.16,22.66,8.08,73.08,43.93,59.49,8.11
429.05,40.10,20.16,22.66,8.08,73.08,44.03,59.33,8.11
429.06,40.10,20.16,22.70,8.08,73.08,44.03,59.33,8.11
429.07,40.18,20.14,22.66,8.09,73.08,44.12,59.33,8.11
429.08,40.18,20.14,22.70,8.09,73.08,44.03,59.33,8.11
429.09,40.10,20.14,22.66,8.08,72.85,44.12,59.18,8.11
429.10,40.18,20.16,22.66,8.09,73.08,43.93,59.33,8.11
429.11,40.10,20.14,22.66,8.09,73.08,44.03,59.33,8.11
429.12,40.18,20.14,22.66,8.08,73.08,44.03,59.33,8.11
429.13,40.18,20.16,22.66,8.07,73.08,44.03,59.33,8.11
429.14,40.18,20.14,22.66,8.08,72.85,44.03,59.33,8.11
429.15,40.10,20.16,22.66,8.08,73.08,43.93,59.18,8.11
429.16,40.18,20.16,22.66,8.08,73.08,43.93,59.33,8.11
429.17,40.10,20.16,22.70,8.08,73.08,44.03,59.33,8.11
429.18,40.10,20.16,22.66,8.09,73.08,43.93,59.33,8.11
429.19,40.18,20.14,22.70,8.08,73.08,44.03,59.33,8.11
429.20,40.10,20.14,22.66,8.08,73.08,44.03,59.18,8.12
429.21,40.10,20.16,22.70,8.08,73.08,44.03,59.33,8.11
429.22,40.10,20.14,22.70,8.08,72.85,44.03,59.33,8.11
429.23,40.10,20.14,22.66,8.07,73.08,44.03,59.33,8.10
429.24,40.10,20.16,22.66,8.08,73.08,44.03,59.33,8.12
429.25,40.10,20.14,22.66,8.08,73.08,44.03,59.33,8.11
429.26,40.10,20.14,22.66,8.08,72.85,43.93,59.33,8.11
429.27,40.10,20.16,22.70,8.07,73.08,43.93,59.33,8.11
429.28,40.10,20.14,22.66,8.08,73.08,44.12,59.33,8.11
429.29,40.10,20.16,22.66,8.08,73.08,44.03,59.33,8.11
429.30,40.18,20.14,22.66,8.08,73.08,43.93,59.33,8.11
429.31,40.10,20.14,22.66,8.08,73.08,43.93,59.33,8.11
429.32,40.10,20.14,22.66,8.08,72.85,44.03,59.33,8.12
429.33,40.18,20.16,22.66,8.08,72.85,44.03,59.33,8.11
429.34,40.18,20.14,22.66,8.08,73.08,44.12,59.18,8.12
429.35,40.10,20.16,22.70,8.08,73.08,44.03,59.33,8.11
429.36,40.18,20.16,22.66,8.08,73.08,44.12,59.33,8.10
429.37,40.10,20.14,22.66,8.08,73.08,44.03,59.33,8.11
429.38,40.10,20.14,22.63,8.07,72.85,44.03,59.33,8.11
429.39,40.10,20.16,22.66,8.08,72.85,44.12,59.33,8.12
429.40,40.18,20.16,22.66,8.09,73.08,44.03,59.33,8.10
429.41,40.10,20.14,22.66,8.07,73.08,44.03,59.33,8.11
429.42,40.10,20.14,22.70,8.07,72.85,44.03,59.33,8.11
429.43,40.10,20.14,22.70,8.07,73.08,44.03,59.18,8.10
429.44,40.10,20.14,22.66,8.09,73.08,44.03,59.33,8.10
429.45,40.10,20.11,22.66,8.09,72.85,43.93,59.33,8.10
429.46,40.10,20.16,22.66,8.08,73.08,43.93,59.33,8.11
429.47,40.10,20.14,22.66,8.08,73.08,43.93,59.33,8.11
429.48,40.10,20.14,22.66,8.08,73.08,44.03,59.18,8.11
429.49,40.10,20.14,22.66,8.07,72.85,44.03,59.33,8.12
429.50,40.10,20.16,22.66,8.08,72.85,43.93,59.33,8.11
429.51,40.10,20.16,22.66,8.08,72.85,44.03,59.33,8.10
429.52,40.02,20.14,22.66,8.08,73.08,43.93,59.33,8.11
429.53,40.10,20.14,22.66,8.08,73.08,43.93,59.18,8.11
429.54,40.10,20.14,22.66,8.08,72.85,44.03,59.33,8.10
429.55,40.10,20.16,22.66,8.09,73.08,44.03,59.18,8.10
429.56,40.10,20.14,22.63,8.07,72.85,44.03,59.33,8.11
429.57,40.18,20.14,22.66,8.07,73.08,43.93,59.33,8.11
429.58,40.10,20.14,22.66,8.08,73.08,44.03,59.33,8.11
429.59,40.10,20.14,22.63,8.08,72.85,44.03,59.33,8.11
429.60,40.10,20.14,22.66,8.08,73.08,44.03,59.33,8.10
429.61,40.10,20.14,22.66,8.08,73.08,44.03,59.33,8.11
429.62,40.10,20.14,22.66,8.07,73.08,44.03,59.33,8.10
429.63,40.10,20.14,22.66,8.08,72.85,44.03,59.18,8.10
429.64,40.10,20.16,22.66,8.07,73.08,43.93,59.33,8.11
429.65,40.10,20.14,22.66,8.07,73.08,44.03,59.33,8.10
429.66,40.10,20.14,22.66,8.07,73.08,44.03,59.33,8.11
429.67,40.10,20.14,22.66,8.09,72.85,44.03,59.18,8.10
429.68,40.18,20.14,22.66,8.07,72.85,44.12,59.33,8.12
429.69,40.10,20.11,22.66,8.08,72.85,44.12,59.33,8.11
429.70,40.10,20.14,22.66,8.08,72.85,44.03,59.33,8.10
429.71,40.18,20.14,22.66,8.07,73.08,43.93,59.33,8.10
429.72,40.10,20.14,22.66,8.07,72.85,44.03,59.18,8.11
429.73,40.10,20.14,22.66,8.07,72.85,44.03,59.33,8.10
429.74,40.10,20.16,22.66,8.08,72.85,43.93,59.33,8.11
429.75,40.18,20.14,22.66,8.08,73.08,44.03,59.33,8.12
429.76,40.02,20.14,22.66,8.07,72.85,44.03,59.33,8.11
429.77,40.10,20.14,22.66,8.07,72.85,44.03,59.33,8.11
429.78,40.18,20.16,22.66,8.09,73.08,44.03,59.33,8.12
429.79,40.10,20.16,22.70,8.09,73.08,43.93,59.33,8.11
429.80,40.18,20.14,22.63,8.08,72.85,43.93,59.18,8.10
429.81,40.10,20.14,22.66,8.07,72.85,43.93,59.33,8.11
429.82,40.10,20.16,22.66,8.07,73.08,44.03,59.18,8.11
429.83,40.02,20.14,22.66,8.07,72.85,44.03,59.33,8.11
429.84,40.10,20.11,22.66,8.07,73.08,44.03,59.33,8.11
429.85,40.10,20.14,22.66,8.08,72.85,44.03,59.33,8.11
429.86,40.10,20.11,22.63,8.07,73.08,43.93,59.18,8.10
429.87,40.10,20.14,22.66,8.08,73.08,44.03,59.33,8.11
429.88,40.18,20.14,22.66,8.08,73.08,44.12,59.18,8.10
429.89,40.10,20.14,22.66,8.07,73.08,44.12,59.33,8.10
429.90,40.10,20.11,22.66,8.08,72.85,44.03,59.33,8.11
429.91,40.10,20.14,22.66,8.08,73.08,44.12,59.18,8.10
429.92,40.10,20.14,22.66,8.08,72.85,44.03,59.33,8.11
429.93,40.10,20.14,22.66,8.07,73.08,43.93,59.33,8.11
429.94,40.10,20.14,22.66,8.08,72.85,44.12,59.49,8.11
429.95,40.18,20.14,22.66,8.08,73.08,44.03,59.33,8.11
429.96,40.10,20.11,22.66,8.08,73.08,43.93,59.33,8.11
429.97,40.10,20.14,22.66,8.07,73.08,44.03,59.18,8.11
429.98,40.10,20.16,22.66,8.07,72.85,44.03,59.18,8.11
429.99,40.10,20.14,22.63,8.08,73.08,43.93,59.33,8.10
430.00,40.18,20.16,22.63,8.07,73.08,43.93,59.18,8.11
430.01,40.10,20.14,22.66,8.08,72.63,43.93,59.18,8.10
430.02,40.10,20.11,22.66,8.08,72.85,43.93,59.33,8.11
430.03,40.10,20.14,22.66,8.08,73.08,43.93,59.18,8.12
430.04,40.10,20.14,22.66,8.08,72.85,43.93,59.18,8.11
430.05,40.10,20.14,22.66,8.08,72.85,43.93,59.18,8.11
430.06,40.02,20.11,22.66,8.08,72.85,43.93,59.18,8.11
430.07,40.18,20.14,22.66,8.08,72.85,44.12,59.33,8.10
430.08,40.10,20.11,22.63,8.07,72.85,43.93,59.18,8.11
430.09,40.10,20.16,22.66,8.08,73.08,43.93,59.18,8.11
430.10,40.10,20.14,22.66,8.08,72.85,43.93,59.18,8.11
430.11,40.10,20.14,22.59,8.07,72.85,44.03,59.18,8.10
430.12,40.10,20.14,22.63,8.07,72.85,43.93,59.33,8.12
430.13,40.10,20.14,22.66,8.07,72.85,43.93,59.33,8.11
430.14,40.10,20.11,22.66,8.08,73.08,44.03,59.18,8.10
430.15,40.10,20.16,22.66,8.08,72.85,44.03,59.18,8.11
430.16,40.02,20.14,22.66,8.08,73.30,44.03,59.33,8.11
430.17,40.10,20.11,22.66,8.07,72.85,44.03,59.33,8.10
430.18,40.10,20.11,22.66,8.08,72.85,43.93,59.18,8.10
430.19,40.10,20.14,22.66,8.08,72.85,43.93,59.33,8.10
430.20,40.10,20.11,22.63,8.07,72.85,44.03,59.33,8.10
430.21,40.10,20.16,22.66,8.08,73.08,43.93,59.18,8.11
430.22,40.10,20.11,22.66,8.07,73.08,44.03,59.49,8.10
430.23,40.10,20.11,22.66,8.08,72.85,43.93,59.18,8.11
430.24,40.10,20.11,22.66,8.08,73.08,44.03,59.18,8.11
430.25,40.10,20.11,22.66,8.08,72.85,43.93,59.33,8.10
430.26,40.10,20.14,22.66,8.07,72.85,44.03,59.18,8.11
430.27,40.10,20.14,22.63,8.07,72.85,44.03,59.33,8.11
430.28,40.10,20.14,22.66,8.08,73.08,44.03,59.33,8.11
430.29,40.10,20.14,22.66,8.07,72.85,43.93,59.33,8.11
430.30,40.10,20.14,22.66,8.08,72.85,44.03,59.18,8.11
430.31,40.10,20.14,22.63,8.07,72.85,43.93,59.18,8.10
430.32,40.10,20.14,22.63,8.07,72.85,43.93,59.33,8.11
430.33,40.10,20.14,22.66,8.08,72.85,43.93,59.18,8.11
430.34,40.10,20.11,22.66,8.07,73.08,43.93,59.33,8.10
430.35,40.10,20.14,22.63,8.08,72.85,44.03,59.18,8.11
430.36,40.10,20.14,22.66,8.08,73.08,44.03,59.18,8.10
430.37,40.10,20.11,22.63,8.08,73.08,43.93,59.18,8.10
430.38,40.10,20.11,22.63,8.08,73.08,43.93,59.18,8.09
430.39,40.02,20.14,22.66,8.07,73.08,43.93,59.33,8.12
430.40,40.10,20.16,22.66,8.08,72.85,43.93,59.18,8.11
430.41,40.10,20.11,22.63,8.07,73.08,44.03,59.18,8.10
430.42,40.10,20.14,22.66,8.08,73.08,43.93,59.33,8.10
430.43,40.10,20.14,22.66,8.08,72.85,43.84,59.33,8.10
430.44,40.10,20.14,22.66,8.08,73.08,44.03,59.33,8.11
430.45,40.10,20.11,22.66,8.07,72.85,43.93,59.18,8.11
430.46,40.10,20.11,22.63,8.07,73.08,43.93,59.18,8.10
430.47,40.10,20.11,22.66,8.08,72.85,43.93,59.33,8.10
430.48,40.10,20.14,22.63,8.08,72.85,43.93,59.33,8.11
430.49,40.10,20.14,22.63,8.08,73.08,44.03,59.33,8.11
430.50,40.10,20.14,22.66,8.08,72.85,43.93,59.18,8.10
430.51,40.10,20.14,22.66,8.07,72.85,44.03,59.18,8.10
430.52,40.10,20.11,22.66,8.09,73.08,44.03,59.18,8.10
430.53,40.10,20.11,22.63,8.08,72.85,43.93,59.18,8.11
430.54,40.02,20.11,22.66,8.07,72.85,43.93,59.02,8.10
430.55,40.10,20.14,22.66,8.07,72.85,43.93,59.33,8.11
430.56,40.10,20.14,22.66,8.08,73.08,43.93,59.18,8.10
430.57,40.10,20.14,22.66,8.07,72.85,43.93,59.18,8.10
430.58,40.10,20.14,22.63,8.07,73.08,43.93,59.33,8.10
430.59,40.10,20.11,22.63,8.09,72.85,43.93,59.33,8.10
430.60,40.10,20.14,22.63,8.07,72.85,43.93,59.33,8.11
430.61,40.10,20.11,22.66,8.08,73.08,43.93,59.18,8.11
430.62,40.10,20.14,22.66,8.07,72.85,43.93,59.18,8.09
430.63,40.10,20.14,22.63,8.07,73.08,43.93,59.18,8.11
430.64,40.10,20.14,22.63,8.08,72.85,43.93,59.18,8.11
430.65,40.02,20.16,22.63,8.07,72.85,43.93,59.33,8.10
430.66,40.02,20.11,22.66,8.08,72.85,43.93,59.18,8.10
430.67,40.02,20.14,22.66,8.07,73.08,43.93,59.18,8.11
430.68,40.10,20.14,22.66,8.08,72.85,44.03,59.18,8.10
430.69,40.10,20.14,22.63,8.07,73.08,43.93,59.18,8.11
430.70,40.10,20.14,22.63,8.07,72.85,43.93,59.18,8.10
430.71,40.10,20.14,22.66,8.07,73.08,43.93,59.33,8.11
430.72,40.10,20.11,22.66,8.07,73.08,43.93,59.33,8.10
430.73,40.10,20.11,22.63,8.07,72.85,43.93,59.18,8.11
430.74,40.10,20.11,22.66,8.08,72.85,43.93,59.18,8.11
430.75,40.10,20.14,22.66,8.08,72.85,43.93,59.33,8.11
430.76,40.10,20.14,22.66,8.07,73.08,44.03,59.18,8.11
430.77,40.10,20.11,22.63,8.08,73.08,43.93,59.18,8.11
430.78,40.10,20.11,22.63,8.07,72.85,43.93,59.33,8.11
430.79,40.10,20.11,22.59,8.07,72.85,43.93,59.33,8.11
430.80,40.10,20.11,22.63,8.07,72.85,43.93,59.33,8.10
430.81,40.10,20.11,22.66,8.07,72.85,44.03,59.18,8.10
430.82,40.10,20.14,22.63,8.08,73.08,43.93,59.18,8.11
430.83,40.10,20.14,22.63,8.06,72.85,43.93,59.18,8.10
430.84,40.10,20.11,22.66,8.08,72.85,43.93,59.33,8.10
430.85,40.10,20.11,22.63,8.07,72.85,44.03,59.18,8.11
430.86,40.10,20.14,22.63,8.07,72.85,43.93,59.18,8.10
430.87,40.10,20.11,22.63,8.07,72.85,44.03,59.18,8.11
430.88,40.10,20.11,22.63,8.07,73.08,44.03,59.18,8.10
430.89,40.10,20.11,22.66,8.07,72.85,43.93,59.33,8.11
430.90,40.10,20.11,22.63,8.07,72.85,43.93,59.33,8.11
430.91,40.10,20.14,22.66,8.07,73.08,44.03,59.18,8.09
430.92,40.02,20.14,22.63,8.08,73.08,43.93,59.18,8.10
430.93,40.02,20.11,22.66,8.08,72.85,44.03,59.33,8.10
430.94,40.10,20.14,22.63,8.07,72.85,43.93,59.33,8.11
430.95,40.10,20.11,22.63,8.07,72.85,44.03,59.33,8.10
430.96,40.10,20.11,22.66,8.07,72.85,43.93,59.18,8.11
430.97,40.10,20.14,22.66,8.08,72.85,44.03,59.18,8.10
430.98,40.10,20.14,22.63,8.08,72.85,43.93,59.18,8.10
430.99,40.10,20.11,22.66,8.07,72.85,44.03,59.18,8.11
431.00,40.10,20.14,22.63,8.07,72.85,43.93,59.18,8.11
431.01,40.10,20.14,22.66,8.08,72.85,44.03,59.33,8.10
431.02,40.10,20.11,22.63,8.07,72.85,43.93,59.18,8.10
431.03,40.10,20.14,22.66,8.07,72.85,44.03,59.18,8.10
431.04,40.10,20.11,22.66,8.07,72.85,43.93,59.33,8.10
431.05,40.10,20.14,22.63,8.07,72.85,43.93,59.33,8.11
431.06,40.10,20.11,22.63,8.08,72.85,44.03,59.33,8.10
431.07,40.10,20.14,22.63,8.08,73.08,44.03,59.33,8.10
431.08,40.10,20.11,22.66,8.06,73.08,43.93,59.18,8.11
431.09,40.02,20.11,22.66,8.07,72.85,43.84,59.18,8.10
431.10,40.02,20.11,22.66,8.07,72.85,43.93,59.18,8.10
431.11,40.02,20.11,22.63,8.07,72.85,43.93,59.18,8.11
431.12,40.10,20.14,22.66,8.08,72.85,43.93,59.18,8.10
431.13,40.10,20.14,22.63,8.07,72.85,43.93,59.33,8.09
431.14,40.18,20.14,22.63,8.07,72.85,43.93,59.18,8.11
431.15,40.02,20.11,22.63,8.08,72.85,44.12,59.18,8.10
431.16,40.10,20.14,22.63,8.08,72.85,43.93,59.18,8.11
431.17,40.10,20.11,22.66,8.07,72.85,43.93,59.33,8.10
431.18,40.02,20.11,22.66,8.08,72.85,43.93,59.18,8.10
431.19,40.10,20.11,22.66,8.08,72.85,44.03,59.18,8.11
431.20,40.10,20.08,22.63,8.06,72.85,43.93,59.18,8.10
431.21,40.10,20.16,22.66,8.07,72.85,43.93,59.18,8.11
431.22,40.10,20.11,22.63,8.07,72.85,43.93,59.18,8.10
431.23,40.10,20.11,22.66,8.08,73.08,43.93,59.33,8.10
431.24,40.02,20.14,22.63,8.07,72.85,43.93,59.33,8.11
431.25,40.10,20.11,22.66,8.07,72.85,43.93,59.18,8.09
431.26,40.02,20.14,22.63,8.07,72.85,43.93,59.18,8.10
431.27,40.10,20.11,22.66,8.07,72.85,43.93,59.18,8.10
431.28,40.10,20.14,22.66,8.07,73.08,43.93,59.18,8.10
431.29,40.10,20.11,22.63,8.08,72.85,43.93,59.18,8.10
431.30,40.10,20.11,22.66,8.07,73.08,43.93,59.18,8.11
431.31,40.10,20.11,22.66,8.07,73.08,44.03,59.18,8.11
431.32,40.10,20.11,22.63,8.07,72.85,43.93,59.18,8.10
431.33,40.10,20.11,22.63,8.08,73.08,44.03,59.18,8.11
431.34,40.10,20.11,22.63,8.07,73.08,43.93,59.33,8.10
431.35,40.10,20.11,22.66,8.07,72.63,44.03,59.33,8.11
431.36,40.10,20.11,22.63,8.08,72.85,43.93,59.18,8.11
431.37,40.10,20.14,22.63,8.07,72.85,43.93,59.18,8.10
431.38,40.10,20.14,22.63,8.07,73.08,44.03,59.02,8.10
431.39,40.10,20.11,22.63,8.07,72.85,43.93,59.18,8.10
431.40,40.10,20.11,22.63,8.07,72.85,43.93,59.33,8.10
431.41,40.10,20.08,22.66,8.07,72.85,43.93,59.18,8.10
431.42,40.02,20.11,22.63,8.08,73.08,43.93,59.33,8.10
431.43,40.10,20.11,22.66,8.07,72.85,43.93,59.18,8.10
431.44,40.10,20.14,22.63,8.06,72.85,43.93,59.33,8.11
431.45,40.02,20.14,22.59,8.07,73.08,43.93,59.18,8.10
431.46,40.02,20.11,22.59,8.07,72.85,43.93,59.02,8.10
431.47,40.10,20.11,22.66,8.08,72.85,43.93,59.18,8.10
431.48,40.10,20.11,22.66,8.07,73.08,43.93,59.18,8.11
431.49,40.10,20.11,22.66,8.07,73.08,43.93,59.33,8.10
431.50,40.10,20.11,22.66,8.07,72.85,43.93,59.18,8.09
431.51,40.10,20.11,22.66,8.07,72.85,43.93,59.18,8.10
431.52,40.10,20.11,22.63,8.08,73.08,43.93,59.18,8.10
431.53,40.10,20.11,22.66,8.08,72.85,44.03,59.18,8.10
431.54,40.02,20.11,22.66,8.06,72.85,43.93,59.18,8.10
431.55,40.10,20.14,22.63,8.08,72.85,43.93,59.18,8.11
431.56,40.18,20.11,22.63,8.08,72.85,44.03,59.18,8.09
431.57,40.10,20.11,22.66,8.07,72.85,43.93,59.18,8.11
431.58,40.10,20.11,22.63,8.07,72.85,43.93,59.18,8.11
431.59,40.02,20.11,22.63,8.08,72.85,43.93,59.18,8.10
431.60,40.10,20.11,22.63,8.07,72.85,43.93,59.18,8.11
431.61,40.10,20.11,22.63,8.07,72.85,43.93,59.18,8.10
431.62,40.10,20.11,22.63,8.08,72.85,43.93,59.18,8.10
431.63,40.10,20.14,22.59,8.07,72.85,43.93,59.18,8.10
431.64,40.02,20.11,22.63,8.07,72.85,44.03,59.18,8.11
431.65,40.10,20.11,22.66,8.07,72.85,43.93,59.33,8.10
431.66,40.10,20.11,22.63,8.08,72.85,44.03,59.18,8.10
431.67,40.10,20.11,22.63,8.07,72.85,43.93,59.18,8.09
431.68,40.02,20.11,22.63,8.07,72.85,43.93,59.18,8.10
431.69,40.02,20.14,22.63,8.08,72.85,43.93,59.02,8.10
431.70,40.02,20.08,22.66,8.08,72.85,43.93,59.18,8.11
431.71,40.10,20.11,22.63,8.07,72.85,43.93,59.18,8.09
431.72,40.10,20.11,22.63,8.07,72.85,43.93,59.33,8.10
431.73,40.02,20.14,22.63,8.08,72.85,43.93,59.18,8.11
431.74,40.10,20.11,22.63,8.07,72.85,43.93,59.18,8.10
431.75,40.10,20.11,22.63,8.07,72.85,43.93,59.18,8.09
431.76,40.10,20.11,22.66,8.07,73.08,43.93,59.18,8.10
431.77,40.10,20.11,22.63,8.07,72.85,43.93,59.18,8.10
431.78,40.10,20.16,22.63,8.07,73.08,43.93,59.18,8.10
431.79,40.10,20.11,22.66,8.07,72.85,43.93,59.18,8.10
431.80,40.10,20.11,22.63,8.07,72.85,43.84,59.33,8.10
431.81,40.02,20.11,22.63,8.07,72.85,43.93,59.18,8.10
431.82,40.02,20.08,22.63,8.07,72.85,43.93,59.18,8.10
431.83,40.02,20.14,22.66,8.07,72.85,43.93,59.18,8.11
431.84,40.10,20.11,22.66,8.07,72.85,43.93,59.18,8.11
431.85,40.10,20.11,22.63,8.07,72.85,43.93,59.18,8.11
431.86,40.10,20.11,22.66,8.07,72.85,43.93,59.18,8.10
431.87,40.10,20.11,22.63,8.07,72.85,43.93,59.33,8.10
431.88,40.10,20.11,22.66,8.07,72.85,43.93,59.33,8.10
431.89,40.10,20.11,22.66,8.07,72.85,43.93,59.18,8.11
431.90,40.10,20.11,22.63,8.07,72.85,43.93,59.18,8.11
431.91,40.10,20.11,22.63,8.08,72.85,43.93,59.18,8.10
431.92,40.10,20.08,22.63,8.07,72.85,43.93,59.18,8.11
431.93,40.10,20.11,22.63,8.07,73.08,43.93,59.18,8.11
431.94,40.10,20.11,22.63,8.07,72.85,43.93,59.33,8.11
431.95,40.10,20.11,22.63,8.07,72.85,43.93,59.18,8.10
431.96,40.02,20.11,22.63,8.07,72.85,43.93,59.18,8.10
431.97,40.10,20.14,22.66,8.07,72.85,43.93,59.18,8.10
431.98,40.10,20.11,22.63,8.07,72.85,43.93,59.18,8.11
431.99,40.10,20.11,22.66,8.07,72.85,43.93,59.02,8.09
432.00,40.10,20.08,22.66,8.07,72.85,43.93,59.18,8.11
432.01,40.10,20.11,22.63,8.07,72.85,43.93,59.18,8.10
432.02,40.10,20.11,22.63,8.07,72.85,44.03,59.18,8.11
432.03,40.10,20.14,22.63,8.07,72.85,43.93,59.18,8.10
432.04,40.10,20.14,22.63,8.07,72.85,43.84,59.18,8.10
432.05,40.10,20.11,22.63,8.08,73.08,43.93,59.18,8.09
432.06,40.02,20.08,22.63,8.07,72.85,44.03,59.18,8.10
432.07,40.10,20.11,22.63,8.07,72.85,43.93,59.18,8.11
432.08,40.10,20.11,22.63,8.06,72.85,44.03,59.18,8.10
432.09,40.02,20.11,22.63,8.07,72.85,43.93,59.18,8.10
432.10,40.02,20.14,22.63,8.07,72.85,43.93,59.33,8.10
432.11,40.02,20.11,22.66,8.08,73.08,43.93,59.18,8.11
432.12,40.10,20.08,22.63,8.07,72.85,43.93,59.18,8.10
432.13,40.02,20.11,22.66,8.07,72.85,44.03,59.18,8.11
432.14,40.10,20.11,22.66,8.07,72.85,43.93,59.33,8.11
432.15,40.10,20.11,22.63,8.07,72.85,44.03,59.18,8.10
432.16,40.02,20.11,22.66,8.07,72.85,43.93,59.33,8.10
432.17,40.02,20.11,22.63,8.08,72.85,43.84,59.18,8.11
432.18,40.02,20.08,22.63,8.07,72.85,43.93,59.33,8.10
432.19,40.10,20.11,22.66,8.08,72.85,44.03,59.18,8.10
432.20,40.10,20.11,22.63,8.06,72.85,43.93,59.18,8.10
432.21,40.10,20.11,22.63,8.08,72.85,43.93,59.18,8.10
432.22,40.10,20.11,22.63,8.07,72.85,43.93,59.18,8.11
432.23,40.10,20.14,22.63,8.07,72.85,43.93,59.18,8.10
432.24,40.02,20.11,22.63,8.08,72.85,43.93,59.18,8.10
432.25,40.10,20.08,22.63,8.07,72.85,43.93,59.18,8.10
432.26,40.02,20.11,22.63,8.07,72.85,43.93,59.18,8.10
432.27,40.02,20.14,22.63,8.07,72.85,43.93,59.18,8.10
432.28,40.10,20.11,22.63,8.06,72.85,43.93,59.18,8.09
432.29,40.10,20.11,22.66,8.08,72.85,44.03,59.18,8.11
432.30,40.10,20.11,22.66,8.07,72.85,43.93,59.18,8.10
432.31,40.10,20.11,22.59,8.06,72.85,43.93,59.18,8.10
432.32,40.02,20.14,22.63,8.07,72.85,43.93,59.18,8.10
432.33,40.10,20.14,22.66,8.07,72.85,43.93,59.18,8.10
432.34,40.10,20.11,22.63,8.07,72.85,43.84,59.18,8.10
432.35,40.02,20.11,22.63,8.07,72.85,44.03,59.18,8.10
432.36,40.10,20.14,22.66,8.08,72.85,43.93,59.18,8.11
432.37,40.02,20.11,22.63,8.08,72.85,43.93,59.18,8.11
432.38,40.10,20.11,22.63,8.08,72.85,43.93,59.18,8.10
432.39,40.10,20.11,22.63,8.07,73.08,43.93,59.18,8.10
432.40,40.10,20.11,22.63,8.07,72.85,43.93,59.18,8.09
432.41,40.02,20.11,22.63,8.07,72.85,43.93,59.02,8.10
432.42,40.02,20.08,22.66,8.07,72.85,43.93,59.18,8.11
432.43,40.10,20.08,22.63,8.08,72.85,43.93,59.18,8.11
432.44,40.10,20.11,22.63,8.07,72.85,43.93,59.33,8.11
432.45,40.10,20.08,22.63,8.08,73.08,43.93,59.18,8.10
432.46,40.10,20.14,22.59,8.08,72.85,43.93,59.18,8.10
432.47,39.94,20.11,22.63,8.07,72.85,43.93,59.18,8.10
432.48,40.26,20.11,22.63,8.07,72.85,44.03,59.18,8.11
432.49,40.10,20.11,22.59,8.07,72.85,43.84,59.18,8.10
432.50,40.10,20.11,22.66,8.07,72.85,43.93,59.18,8.10
432.51,40.10,20.11,22.63,8.08,72.85,43.93,59.18,8.10
432.52,40.10,20.14,22.63,8.08,72.85,44.03,59.18,8.11
432.53,40.10,20.11,22.63,8.07,72.85,43.93,59.18,8.10
432.54,40.10,20.11,22.63,8.08,73.30,43.93,59.18,8.09
432.55,40.10,20.14,22.63,8.07,72.63,43.84,59.18,8.11
432.56,40.10,20.11,22.63,8.08,72.85,43.93,59.18,8.10
432.57,40.10,20.11,22.63,8.07,72.85,44.03,59.33,8.11
432.58,40.10,20.11,22.63,8.08,72.85,43.93,59.02,8.10
432.59,40.10,20.11,22.63,8.07,72.85,43.93,59.02,8.10
432.60,40.10,20.11,22.66,8.07,72.85,43.93,59.33,8.11
432.61,40.10,20.11,22.63,8.07,72.85,43.93,59.02,8.11
432.62,40.10,20.11,22.63,8.07,72.85,43.93,59.18,8.10
432.63,40.02,20.11,22.63,8.07,72.85,43.93,59.18,8.10
432.64,40.10,20.08,22.63,8.08,72.85,43.93,59.33,8.11
432.65,40.10,20.11,22.66,8.06,72.85,43.93,59.18,8.10
432.66,40.10,20.11,22.63,8.07,72.85,44.03,59.33,8.11
432.67,40.02,20.11,22.63,8.07,72.85,43.93,59.18,8.11
432.68,40.10,20.11,22.63,8.06,72.85,43.93,59.18,8.10
432.69,40.10,20.11,22.66,8.07,72.85,43.93,59.18,8.10
432.70,40.10,20.11,22.66,8.08,72.85,43.93,59.33,8.10
432.71,40.10,20.14,22.63,8.07,72.85,43.93,59.18,8.11
432.72,40.10,20.11,22.66,8.08,72.85,43.93,59.18,8.10
432.73,40.10,20.11,22.66,8.07,72.85,43.93,59.18,8.11
432.74,40.10,20.11,22.66,8.07,72.85,43.93,59.02,8.11
432.75,40.10,20.08,22.63,8.07,73.08,43.93,59.18,8.10
432.76,40.10,20.14,22.63,8.07,72.85,43.93,59.18,8.10
432.77,40.10,20.11,22.63,8.07,72.85,43.93,59.18,8.11
432.78,40.10,20.11,22.63,8.07,72.85,44.03,59.18,8.10
432.79,40.10,20.14,22.63,8.07,72.85,43.93,59.18,8.10
432.80,40.10,20.11,22.66,8.08,72.85,43.93,59.33,8.11
432.81,40.10,20.11,22.66,8.07,72.85,43.93,59.18,8.10
432.82,40.02,20.11,22.63,8.06,72.85,43.93,59.18,8.11
432.83,40.10,20.11,22.63,8.08,73.08,43.93,59.33,8.09
432.84,40.10,20.11,22.63,8.08,72.85,43.93,59.18,8.10
432.85,40.10,20.11,22.66,8.07,72.85,43.93,59.18,8.10
432.86,40.10,20.11,22.63,8.07,72.85,43.93,59.33,8.11
432.87,40.10,20.11,22.63,8.07,72.85,43.93,59.18,8.10
432.88,40.02,20.11,22.63,8.08,72.85,44.03,59.18,8.11
432.89,40.10,20.14,22.59,8.07,72.85,43.93,59.18,8.09
432.90,40.02,20.11,22.66,8.08,73.08,43.93,59.18,8.11
432.91,40.02,20.11,22.63,8.06,72.85,43.93,59.33,8.10
432.92,40.02,20.14,22.63,8.07,72.85,43.93,59.18,8.10
432.93,40.10,20.11,22.63,8.07,73.08,43.93,59.33,8.10
432.94,40.10,20.14,22.66,8.06,72.85,43.93,59.18,8.10
432.95,40.02,20.11,22.63,8.08,72.85,43.93,59.18,8.10
432.96,40.02,20.11,22.63,8.07,73.08,43.93,59.18,8.10
432.97,40.10,20.11,22.66,8.07,72.85,43.93,59.18,8.10
432.98,40.10,20.11,22.63,8.08,73.08,43.93,59.18,8.10
432.99,40.10,20.11,22.63,8.07,72.85,43.93,59.18,8.11
433.00,40.10,20.11,22.63,8.06,72.85,43.93,59.33,8.10
433.01,40.02,20.11,22.63,8.06,72.85,43.93,59.18,8.10
433.02,40.10,20.11,22.63,8.08,72.85,43.93,59.18,8.10
433.03,40.10,20.11,22.66,8.07,72.85,43.93,59.18,8.11
433.04,40.10,20.11,22.66,8.06,72.85,43.84,59.18,8.10
433.05,40.02,20.11,22.63,8.08,72.85,43.93,59.18,8.10
433.06,40.10,20.11,22.66,8.07,72.85,43.93,59.18,8.11
433.07,40.10,20.11,22.63,8.06,72.85,43.93,59.33,8.11
433.08,40.10,20.14,22.63,8.07,72.85,43.93,59.18,8.10
433.09,40.10,20.08,22.63,8.06,73.08,43.93,59.18,8.10
433.10,40.10,20.11,22.59,8.06,72.85,43.93,59.18,8.11
433.11,40.10,20.11,22.63,8.07,72.85,43.93,59.18,8.10
433.12,40.10,20.08,22.66,8.06,72.85,43.93,59.18,8.09
433.13,40.10,20.08,22.63,8.06,72.85,43.93,59.18,8.10
433.14,40.10,20.11,22.63,8.07,72.85,43.93,59.18,8.10
433.15,40.10,20.11,22.63,8.07,72.85,43.93,59.18,8.11
433.16,40.10,20.11,22.66,8.07,72.85,43.93,59.33,8.10
433.17,40.10,20.11,22.63,8.07,72.85,43.93,59.33,8.10
433.18,40.02,20.11,22.63,8.07,72.85,44.03,59.02,8.10
433.19,40.10,20.08,22.63,8.07,72.85,43.93,59.18,8.10
433.20,40.10,20.11,22.63,8.06,72.85,43.84,59.18,8.11
433.22,40.10,20.11,22.63,8.07,72.85,43.93,59.33,8.10
433.23,40.10,20.08,22.63,8.07,72.85,43.84,59.18,8.10
433.24,40.10,20.11,22.63,8.07,72.85,43.93,59.18,8.09
433.25,40.10,20.11,22.63,8.07,72.85,43.93,59.33,8.10
433.26,40.10,20.11,22.63,8.07,72.85,43.84,59.18,8.10
433.27,40.02,20.08,22.63,8.06,72.85,43.93,59.18,8.10
433.28,40.10,20.11,22.63,8.07,72.85,43.93,59.18,8.11
433.29,40.10,20.11,22.59,8.07,72.63,43.93,59.18,8.10
433.30,40.02,20.11,22.59,8.07,72.85,43.93,59.18,8.10
433.33,40.02,20.11,22.63,8.07,73.08,43.93,59.18,8.10
433.33,40.10,20.11,22.59,8.07,72.85,43.93,59.02,8.10
433.34,40.10,20.11,22.63,8.07,72.85,43.93,59.18,8.10
433.35,40.02,20.08,22.63,8.07,73.08,43.93,59.18,8.09
433.36,40.10,20.11,22.63,8.07,72.85,43.93,59.18,8.10
433.37,40.10,20.11,22.59,8.07,72.85,43.93,59.18,8.10
433.38,40.02,20.11,22.63,8.07,72.85,44.03,59.18,8.10
433.39,40.10,20.11,22.63,8.07,72.85,43.93,59.18,8.10
433.40,40.02,20.08,22.63,8.07,72.85,43.93,59.18,8.10
433.41,40.10,20.11,22.63,8.07,72.85,43.93,59.18,8.10
433.42,40.02,20.11,22.59,8.07,72.85,43.93,59.18,8.10
433.43,40.02,20.11,22.63,8.06,72.85,43.93,59.18,8.09
433.44,40.10,20.08,22.63,8.08,72.85,43.93,59.18,8.10
433.45,40.10,20.11,22.66,8.08,72.85,43.93,59.18,8.11
433.46,40.10,20.11,22.59,8.06,72.85,43.93,59.02,8.10
433.47,40.10,20.11,22.63,8.07,72.85,43.93,59.18,8.11
433.48,40.10,20.11,22.63,8.07,72.85,43.93,59.18,8.09
433.49,40.10,20.11,22.63,8.06,72.85,44.03,59.18,8.10
433.50,40.10,20.11,22.63,8.07,72.85,43.93,59.18,8.10
433.51,40.02,20.11,22.63,8.07,72.85,43.93,59.18,8.09
433.52,40.10,20.11,22.63,8.08,72.85,43.93,59.18,8.10
433.53,40.10,20.11,22.63,8.08,72.85,43.84,59.18,8.09
433.54,40.02,20.11,22.63,8.07,72.85,44.03,59.18,8.10
433.55,40.10,20.11,22.63,8.06,72.85,44.03,59.18,8.10
433.56,40.10,20.11,22.63,8.06,72.85,43.84,59.18,8.09
433.57,40.02,20.08,22.63,8.08,72.85,43.93,59.18,8.10
433.58,40.10,20.08,22.66,8.06,72.85,43.93,59.18,8.10
433.59,40.10,20.11,22.59,8.06,72.85,43.93,59.18,8.10
433.60,40.10,20.11,22.63,8.08,72.85,43.93,59.18,8.10
433.61,40.10,20.11,22.63,8.07,72.85,43.93,59.18,8.10
433.62,40.18,20.11,22.63,8.06,72.85,43.93,59.33,8.09
433.63,40.10,20.11,22.59,8.06,72.85,43.93,59.18,8.10
433.64,40.10,20.08,22.59,8.06,72.85,43.93,59.33,8.10
433.65,40.10,20.11,22.66,8.08,72.85,43.93,59.33,8.10
433.66,40.02,20.11,22.59,8.07,72.85,43.93,59.18,8.10
433.67,40.10,20.08,22.63,8.06,72.85,43.93,58.87,8.09
433.68,40.18,20.11,22.63,8.06,72.85,43.93,59.18,8.09
433.69,40.02,20.08,22.63,8.06,72.85,43.93,59.33,8.10
433.70,40.10,20.11,22.63,8.07,72.85,43.93,59.18,8.11
433.71,40.10,20.11,22.59,8.06,72.63,43.93,59.18,8.10
433.72,40.10,20.11,22.63,8.08,72.85,43.93,59.18,8.10
433.73,40.10,20.11,22.63,8.07,72.85,43.93,59.18,8.10
433.74,40.10,20.14,22.63,8.07,72.85,43.93,59.33,8.10
433.75,40.10,20.11,22.59,8.07,72.85,43.93,59.18,8.11
433.76,40.10,20.11,22.63,8.06,73.30,43.84,59.18,8.10
433.77,40.10,20.11,22.63,8.07,72.85,43.93,59.18,8.10
433.78,40.10,20.11,22.63,8.06,72.85,43.93,59.18,8.11
433.79,40.10,20.11,22.63,8.06,72.85,44.03,59.33,8.10
433.80,40.10,20.11,22.63,8.07,72.85,43.93,59.33,8.10
433.81,40.10,20.11,22.63,8.06,72.85,43.93,59.02,8.10
433.82,40.02,20.11,22.59,8.07,72.85,43.93,59.49,8.10
433.83,40.10,20.11,22.63,8.08,72.85,43.93,59.02,8.11
433.84,40.10,20.11,22.59,8.07,72.85,43.93,59.18,8.10
433.85,40.02,20.11,22.63,8.07,72.85,43.93,59.18,8.10
433.88,40.10,20.14,22.63,8.07,72.85,43.93,59.33,8.10
433.88,40.10,20.11,22.63,8.07,72.85,43.84,59.33,8.11
433.89,40.02,20.11,22.63,8.07,72.85,43.93,59.33,8.10
433.90,40.10,20.11,22.59,8.08,72.85,43.93,59.18,8.10
433.91,40.02,20.11,22.63,8.06,72.85,43.93,59.18,8.09
433.92,40.02,20.11,22.63,8.06,72.85,43.93,59.18,8.10
433.93,40.02,20.08,22.63,8.07,72.85,43.93,59.33,8.10
433.94,40.02,20.11,22.63,8.06,72.85,43.93,59.18,8.10
433.95,40.02,20.11,22.63,8.06,72.85,43.93,59.18,8.10
433.96,40.10,20.11,22.66,8.06,72.85,43.93,59.33,8.11
433.97,40.02,20.11,22.59,8.06,72.85,43.93,59.33,8.11
433.98,40.10,20.11,22.59,8.07,72.85,43.93,59.18,8.10
433.99,40.10,20.08,22.63,8.06,72.85,43.84,59.02,8.11
434.00,40.02,20.08,22.66,8.06,73.08,43.93,59.33,8.10
434.01,40.10,20.11,22.59,8.07,72.85,43.93,59.33,8.11
434.02,40.10,20.11,22.63,8.07,72.85,43.93,59.18,8.10
434.03,40.10,20.11,22.63,8.07,72.85,43.93,59.18,8.09
434.04,40.10,20.14,22.63,8.07,72.85,43.93,59.02,8.09
434.05,40.02,20.11,22.59,8.07,72.85,43.84,59.18,8.10
434.06,40.10,20.11,22.63,8.07,72.85,44.03,59.18,8.10
434.07,40.10,20.11,22.63,8.08,72.85,43.93,59.18,8.11
434.08,40.10,20.08,22.63,8.06,72.85,43.93,59.18,8.10
434.09,40.02,20.11,22.63,8.07,72.85,43.93,59.18,8.10
434.10,40.02,20.11,22.63,8.06,72.85,43.84,59.18,8.11
434.11,40.02,20.11,22.66,8.07,73.08,43.93,59.18,8.10
434.12,40.18,20.08,22.63,8.06,72.85,43.84,59.18,8.10
434.13,40.10,20.11,22.63,8.07,72.85,44.03,59.18,8.10
434.14,40.02,20.11,22.63,8.07,72.85,43.93,59.18,8.10
434.15,40.10,20.11,22.63,8.07,72.85,44.03,59.18,8.11
434.16,40.10,20.11,22.59,8.06,72.85,43.93,59.18,8.10
434.17,40.10,20.11,22.59,8.07,73.08,43.93,59.18,8.10
434.18,40.10,20.11,22.63,8.07,72.85,43.93,59.18,8.10
434.19,40.02,20.11,22.63,8.06,72.85,43.93,59.33,8.11
434.20,40.10,20.11,22.63,8.07,72.85,43.93,59.18,8.10
434.21,40.10,20.11,22.63,8.07,72.85,43.93,59.18,8.10
434.22,40.02,20.11,22.59,8.06,72.85,43.93,59.18,8.10
434.24,40.02,20.11,22.63,8.07,72.85,43.93,59.18,8.10
434.25,40.10,20.14,22.63,8.06,72.85,43.93,59.18,8.10
434.26,40.10,20.11,22.63,8.06,72.85,44.03,59.18,8.11
434.27,40.10,20.11,22.63,8.07,72.85,43.93,59.18,8.09
434.28,40.10,20.11,22.63,8.07,72.85,43.93,59.18,8.10
434.29,40.10,20.08,22.63,8.07,72.85,43.93,59.18,8.10
434.30,40.10,20.08,22.63,8.07,72.85,43.93,59.18,8.09
434.31,40.10,20.08,22.59,8.06,72.85,43.93,59.18,8.10
434.32,40.10,20.14,22.63,8.06,72.85,43.93,59.18,8.11
434.33,40.02,20.14,22.66,8.07,72.85,43.93,59.18,8.11
434.34,40.10,20.14,22.63,8.06,72.85,43.93,59.18,8.09
434.35,40.10,20.08,22.63,8.06,72.85,43.93,59.18,8.10
434.36,40.10,20.14,22.63,8.06,72.85,44.03,59.18,8.09
434.37,40.10,20.11,22.59,8.07,72.85,43.93,59.18,8.10
434.38,40.02,20.11,22.63,8.06,72.63,43.93,59.18,8.11
434.39,40.10,20.11,22.63,8.06,72.85,43.93,59.18,8.10
434.40,40.10,20.08,22.63,8.06,72.85,44.03,59.18,8.10
434.41,40.10,20.08,22.63,8.06,72.85,43.93,59.18,8.10
434.42,40.10,20.11,22.66,8.08,72.85,43.93,59.18,8.10
434.43,40.02,20.11,22.63,8.07,72.85,43.93,59.18,8.09
434.44,40.10,20.11,22.59,8.07,72.85,43.93,59.33,8.10
434.45,40.10,20.11,22.59,8.08,73.08,43.93,59.33,8.09
434.46,40.10,20.11,22.63,8.07,72.85,43.93,59.18,8.11
434.47,40.10,20.11,22.63,8.08,72.85,43.84,59.18,8.09
434.48,40.10,20.11,22.63,8.06,72.85,43.93,59.18,8.11
434.49,40.10,20.08,22.59,8.06,72.85,43.93,59.18,8.10
434.50,40.10,20.11,22.66,8.07,72.85,43.93,59.02,8.09
434.51,40.10,20.11,22.63,8.06,72.85,43.93,59.18,8.10
434.52,40.10,20.11,22.63,8.06,72.85,43.93,59.33,8.10
434.53,40.10,20.14,22.59,8.06,72.85,43.93,59.18,8.10
434.54,40.10,20.11,22.63,8.07,72.85,43.93,59.18,8.11
434.55,40.10,20.11,22.63,8.07,72.85,43.93,59.33,8.11
434.56,40.10,20.11,22.63,8.06,72.85,43.93,59.18,8.10
434.57,40.10,20.08,22.63,8.08,72.85,43.93,59.33,8.10
434.58,40.10,20.11,22.63,8.06,72.85,43.93,59.18,8.11
434.59,40.10,20.11,22.63,8.06,72.85,43.93,59.18,8.10
434.60,40.02,20.08,22.63,8.06,72.63,43.93,59.18,8.09
434.61,40.10,20.11,22.63,8.06,72.85,43.93,59.18,8.09
434.62,40.10,20.11,22.59,8.07,72.85,44.03,59.33,8.09
434.63,40.10,20.11,22.66,8.07,72.85,43.93,59.18,8.10
434.64,40.10,20.11,22.59,8.07,72.85,43.93,59.18,8.10
434.65,40.10,20.11,22.63,8.08,72.85,43.93,59.18,8.09
434.66,40.10,20.08,22.63,8.07,72.85,43.93,59.18,8.09
434.67,40.02,20.11,22.63,8.07,72.85,43.93,59.18,8.10
434.68,40.02,20.11,22.63,8.06,72.85,43.93,59.18,8.09
434.69,40.10,20.11,22.63,8.06,72.85,43.93,59.18,8.11
434.70,40.10,20.11,22.63,8.08,72.85,43.93,59.18,8.11
434.71,40.10,20.14,22.63,8.06,72.85,43.93,59.02,8.10
434.72,40.10,20.11,22.63,8.07,72.85,43.93,59.18,8.10
434.73,40.10,20.11,22.63,8.08,72.85,43.93,59.33,8.11
434.74,40.10,20.11,22.63,8.06,72.85,43.93,59.18,8.09
434.75,40.10,20.11,22.59,8.06,72.85,43.84,59.18,8.09
434.76,40.10,20.08,22.63,8.08,72.85,44.03,59.18,8.10
434.77,40.10,20.11,22.59,8.07,72.85,44.03,59.18,8.10
434.78,40.02,20.11,22.63,8.06,72.85,43.84,59.18,8.09
434.79,40.10,20.11,22.66,8.07,72.85,43.93,59.33,8.10
434.80,40.10,20.11,22.59,8.06,72.85,44.03,59.18,8.10
434.81,40.10,20.11,22.63,8.08,72.85,44.03,59.18,8.10
434.82,40.10,20.11,22.63,8.07,73.08,43.93,59.18,8.11
434.83,40.10,20.08,22.63,8.06,72.85,43.93,59.18,8.11
434.84,40.10,20.11,22.63,8.06,72.85,43.93,59.18,8.10
434.85,40.10,20.11,22.63,8.08,72.85,43.93,59.18,8.10
434.86,40.10,20.11,22.59,8.07,72.85,43.93,59.18,8.09
434.87,40.10,20.11,22.59,8.06,72.85,43.93,59.33,8.10
434.88,40.10,20.14,22.63,8.07,72.85,43.93,59.18,8.10
434.89,40.18,20.08,22.59,8.06,72.85,44.03,59.18,8.10
434.90,40.02,20.11,22.63,8.07,72.63,43.93,59.18,8.11
434.91,40.02,20.14,22.63,8.07,72.85,43.93,59.18,8.10
434.92,40.10,20.11,22.59,8.07,72.85,43.93,59.18,8.11
434.93,40.10,20.14,22.59,8.07,72.85,43.93,59.18,8.10
434.94,40.10,20.11,22.66,8.06,72.85,43.93,59.33,8.10
434.95,40.10,20.11,22.59,8.06,72.85,43.93,59.33,8.09
434.96,40.10,20.11,22.59,8.06,72.63,43.93,59.18,8.11
434.97,40.10,20.11,22.59,8.07,73.08,43.93,59.18,8.11
434.98,40.10,20.11,22.63,8.06,73.30,43.84,59.18,8.10
434.99,40.10,20.11,22.63,8.06,72.85,44.03,59.18,8.10
435.00,40.10,20.14,22.59,8.06,72.85,43.93,59.18,8.10
435.01,40.10,20.16,22.66,8.08,73.08,43.93,59.18,8.10
435.02,40.10,20.08,22.59,8.07,72.85,43.93,59.02,8.10
435.03,40.10,20.11,22.63,8.07,72.85,43.93,59.18,8.10
435.04,40.10,20.11,22.59,8.07,72.85,43.93,59.33,8.11
435.05,40.10,20.11,22.63,8.07,72.85,43.93,59.02,8.10
435.06,40.10,20.11,22.63,8.07,72.85,43.93,59.18,8.10
435.07,40.10,20.11,22.63,8.07,72.85,44.03,59.18,8.11
435.08,40.10,20.11,22.63,8.06,72.85,43.93,59.18,8.11
435.09,40.02,20.11,22.66,8.07,72.85,43.84,59.18,8.09
435.10,40.10,20.11,22.63,8.06,72.85,43.93,59.18,8.09
435.11,40.10,20.11,22.59,8.06,72.85,43.93,59.18,8.10
435.12,40.10,20.11,22.63,8.06,72.85,43.93,59.18,8.09
435.13,40.10,20.14,22.63,8.07,72.85,43.93,59.18,8.09
435.14,40.10,20.11,22.63,8.06,72.85,43.93,59.18,8.10
435.15,40.10,20.11,22.63,8.08,72.85,43.93,59.18,8.10
435.16,40.10,20.14,22.59,8.06,72.85,43.93,59.33,8.10
435.17,40.10,20.11,22.66,8.07,72.85,43.93,59.18,8.10
435.18,40.10,20.11,22.63,8.06,72.85,43.84,59.18,8.10
435.19,40.10,20.11,22.63,8.06,72.85,43.93,59.33,8.10
435.20,40.10,20.14,22.63,8.07,72.85,43.93,59.18,8.10
435.21,40.02,20.11,22.63,8.04,72.85,43.93,59.18,8.11
435.22,40.10,20.11,22.63,8.06,72.85,43.93,59.18,8.10
435.23,40.10,20.11,22.63,8.07,72.85,43.93,59.18,8.10
435.24,40.10,20.11,22.63,8.07,72.85,43.93,59.18,8.10
435.25,40.10,20.11,22.63,8.07,72.85,43.93,59.18,8.10
435.26,40.10,20.11,22.66,8.07,72.85,43.93,59.18,8.10
435.27,40.10,20.11,22.63,8.06,72.85,43.84,59.18,8.09
435.28,40.10,20.11,22.59,8.06,72.85,43.93,59.18,8.10
435.29,40.10,20.11,22.63,8.07,72.85,43.93,59.18,8.10
435.30,40.10,20.11,22.59,8.06,72.85,43.93,59.18,8.11
435.31,40.02,20.11,22.63,8.06,72.63,43.93,59.18,8.11
435.32,40.02,20.11,22.63,8.07,72.85,43.93,59.18,8.10
435.33,40.10,20.11,22.63,8.07,72.85,43.93,59.33,8.10
435.34,40.10,20.11,22.63,8.06,72.85,43.93,59.18,8.09
435.35,40.10,20.11,22.63,8.07,72.85,43.93,59.18,8.10
435.36,40.02,20.11,22.63,8.07,72.85,43.93,59.18,8.11
435.37,40.10,20.08,22.63,8.07,72.85,43.93,59.18,8.11
435.38,40.10,20.11,22.63,8.08,72.85,43.93,59.18,8.11
435.39,40.10,20.11,22.63,8.07,72.85,43.93,59.18,8.10
435.40,40.10,20.14,22.59,8.07,73.08,43.93,59.18,8.10
435.41,40.18,20.11,22.63,8.07,72.85,43.93,59.33,8.10
435.42,40.10,20.08,22.63,8.07,72.85,44.03,59.18,8.10
435.43,40.10,20.14,22.63,8.07,72.85,43.93,59.33,8.10
435.44,40.10,20.11,22.59,8.07,72.85,43.93,59.18,8.11
435.45,40.02,20.14,22.63,8.06,72.85,43.93,59.18,8.10
435.46,40.10,20.11,22.66,8.07,72.85,43.93,59.18,8.10
435.47,40.10,20.14,22.63,8.06,72.85,43.93,59.18,8.10
435.48,40.02,20.14,22.66,8.06,72.85,43.84,59.18,8.10
435.49,40.10,20.11,22.59,8.07,73.08,43.84,59.33,8.10
435.50,40.10,20.11,22.66,8.06,72.85,43.93,59.18,8.10
435.51,40.10,20.08,22.59,8.07,72.85,43.93,59.18,8.09
435.52,40.10,20.11,22.63,8.07,72.85,43.93,59.33,8.10
435.53,40.10,20.11,22.59,8.06,73.08,43.93,59.33,8.11
435.54,40.10,20.11,22.63,8.06,72.85,43.93,59.18,8.10
435.55,40.10,20.11,22.59,8.06,72.85,43.93,59.33,8.09
435.56,40.10,20.11,22.59,8.06,73.08,43.93,59.18,8.11
435.57,40.10,20.11,22.63,8.07,72.85,43.93,59.18,8.10
435.58,40.10,20.11,22.63,8.07,72.85,43.93,59.18,8.10
435.59,40.10,20.14,22.66,8.06,72.85,43.93,59.33,8.10
435.60,40.02,20.11,22.63,8.06,72.85,44.03,59.18,8.10
435.61,40.10,20.11,22.63,8.06,72.85,43.93,59.18,8.10
435.62,40.10,20.11,22.63,8.06,72.85,43.93,59.18,8.10
435.63,40.10,20.11,22.66,8.07,72.85,43.93,59.18,8.09
435.64,40.10,20.11,22.63,8.06,72.85,43.93,59.33,8.10
435.65,40.10,20.11,22.59,8.07,72.85,43.93,59.18,8.11
435.66,40.10,20.14,22.63,8.07,72.85,43.93,59.18,8.10
435.67,40.10,20.11,22.63,8.07,72.85,43.93,59.18,8.10
435.68,40.02,20.11,22.63,8.07,72.85,43.93,59.18,8.09
435.69,40.10,20.11,22.66,8.07,72.85,43.93,59.18,8.09
435.70,40.10,20.11,22.66,8.06,72.85,43.93,59.33,8.10
435.71,40.10,20.11,22.63,8.07,73.08,43.93,59.33,8.11
435.72,40.10,20.08,22.63,8.07,72.85,43.93,59.18,8.10
435.73,40.10,20.11,22.63,8.06,72.85,44.03,59.18,8.09
435.74,40.10,20.11,22.63,8.07,72.85,43.93,59.18,8.10
435.75,40.10,20.11,22.66,8.08,72.85,43.93,59.33,8.10
435.76,40.10,20.11,22.63,8.06,72.85,43.93,59.18,8.10
435.77,40.10,20.14,22.63,8.06,72.85,43.93,59.18,8.10
435.78,40.10,20.11,22.63,8.07,72.85,43.93,59.33,8.11
435.79,40.02,20.11,22.63,8.07,73.08,43.93,59.18,8.10
435.80,40.10,20.11,22.63,8.06,72.85,43.93,59.18,8.11
435.81,40.10,20.11,22.63,8.07,72.85,43.93,59.18,8.10
435.82,40.10,20.11,22.63,8.08,73.08,43.93,59.18,8.09
435.83,40.10,20.14,22.63,8.06,72.85,43.93,59.18,8.10
435.84,40.10,20.14,22.66,8.07,72.85,44.03,59.18,8.09
435.85,40.10,20.11,22.63,8.06,72.85,43.93,59.18,8.10
435.86,40.10,20.11,22.66,8.08,72.85,44.03,59.18,8.10
435.87,40.10,20.11,22.66,8.07,72.85,43.93,59.18,8.10
435.88,40.10,20.11,22.63,8.07,72.85,43.93,59.18,8.10
435.89,40.10,20.11,22.63,8.06,72.85,43.93,59.33,8.10
435.90,40.18,20.11,22.63,8.07,72.85,43.93,59.18,8.11
435.91,40.10,20.11,22.59,8.08,73.08,43.84,59.18,8.11
435.92,40.10,20.11,22.66,8.07,72.85,44.03,59.33,8.10
435.93,40.10,20.11,22.66,8.07,73.08,43.93,59.18,8.10
435.94,40.10,20.08,22.63,8.08,72.85,43.93,59.18,8.09
435.95,40.10,20.11,22.63,8.06,72.85,43.93,59.18,8.11
435.96,40.10,20.11,22.66,8.08,72.85,44.03,59.18,8.11
435.97,40.10,20.11,22.66,8.06,72.85,43.93,59.18,8.10
435.98,40.10,20.11,22.66,8.07,72.85,43.84,59.18,8.11
435.99,40.02,20.11,22.59,8.07,72.85,43.93,59.33,8.10
436.00,40.02,20.14,22.63,8.08,72.85,43.93,59.33,8.11
436.01,40.02,20.11,22.63,8.08,72.85,43.93,59.18,8.10
436.02,40.10,20.11,22.66,8.06,72.85,44.03,59.18,8.09
436.03,40.02,20.14,22.63,8.06,72.85,43.93,59.18,8.10
436.04,40.02,20.14,22.63,8.08,72.85,43.93,59.18,8.10
436.05,40.18,20.11,22.63,8.06,72.85,44.03,59.18,8.09
436.06,40.10,20.14,22.59,8.07,72.85,43.93,59.33,8.09
436.07,40.10,20.14,22.63,8.06,73.08,43.93,59.33,8.10
436.08,40.10,20.11,22.63,8.06,72.85,43.93,59.18,8.10
436.09,40.10,20.11,22.63,8.07,72.85,43.93,59.18,8.10
436.10,40.10,20.11,22.59,8.06,72.85,44.03,59.18,8.10
436.11,40.10,20.14,22.63,8.08,72.85,43.93,59.33,8.09
436.12,40.02,20.11,22.63,8.07,72.85,43.93,59.18,8.10
436.13,40.10,20.11,22.63,8.06,73.08,43.93,59.18,8.10
436.14,40.18,20.08,22.63,8.06,73.08,43.93,59.33,8.10
436.15,40.10,20.11,22.66,8.07,73.08,44.03,59.02,8.09
436.16,40.10,20.11,22.63,8.07,72.85,43.93,59.18,8.10
436.17,40.10,20.11,22.63,8.06,72.85,43.93,59.18,8.10
436.18,40.10,20.11,22.63,8.07,72.85,43.93,59.02,8.11
436.19,40.10,20.14,22.66,8.08,72.85,43.93,59.49,8.10
436.20,40.10,20.11,22.63,8.06,72.85,43.93,59.33,8.09
436.21,40.02,20.11,22.63,8.08,72.85,43.93,59.33,8.10
436.22,40.02,20.11,22.63,8.08,72.85,43.93,59.18,8.10
436.23,40.10,20.11,22.63,8.06,72.85,43.93,59.18,8.10
436.24,40.10,20.11,22.63,8.06,72.85,43.93,59.18,8.10
436.25,40.18,20.11,22.59,8.07,72.85,43.93,59.18,8.10
436.26,40.10,20.11,22.59,8.06,73.08,43.93,59.18,8.09
436.27,40.10,20.14,22.63,8.06,72.85,43.93,59.33,8.10
436.28,40.10,20.11,22.66,8.07,72.85,43.93,59.18,8.10
436.29,40.10,20.11,22.66,8.07,72.85,43.93,59.18,8.11
436.30,40.10,20.14,22.63,8.08,72.85,44.03,59.18,8.10
436.31,40.10,20.11,22.66,8.06,72.85,43.93,59.18,8.10
436.32,40.10,20.11,22.63,8.08,72.85,44.03,59.18,8.11
436.33,40.10,20.11,22.63,8.06,72.85,44.03,59.18,8.11
436.34,40.10,20.11,22.66,8.08,72.85,43.93,59.18,8.10
436.35,40.02,20.11,22.63,8.06,72.85,43.93,59.33,8.10
436.36,40.10,20.11,22.63,8.06,72.85,43.93,59.18,8.10
436.37,40.10,20.11,22.66,8.06,72.85,43.93,59.18,8.11
436.38,40.10,20.14,22.63,8.07,73.08,43.93,59.18,8.09
436.39,40.10,20.11,22.63,8.08,72.85,44.03,59.02,8.10
436.40,40.10,20.11,22.66,8.07,72.85,43.93,59.18,8.10
436.41,40.10,20.11,22.63,8.07,72.85,43.93,59.33,8.10
436.42,40.10,20.11,22.63,8.07,72.85,44.03,59.33,8.09
436.43,40.10,20.11,22.63,8.06,72.85,43.93,59.18,8.10
436.44,40.10,20.11,22.63,8.07,72.85,44.03,59.18,8.11
436.45,40.10,20.11,22.63,8.06,72.85,44.03,59.33,8.10
436.46,40.10,20.14,22.63,8.06,72.85,43.93,59.33,8.10
436.47,40.10,20.11,22.63,8.06,72.85,43.93,59.18,8.09
436.48,40.10,20.11,22.63,8.07,72.85,44.03,59.18,8.10
436.49,40.10,20.14,22.63,8.06,73.08,43.93,59.33,8.11
436.50,40.10,20.14,22.63,8.06,72.85,44.03,59.33,8.09
436.51,40.10,20.11,22.63,8.07,72.85,44.03,59.33,8.10
436.52,40.10,20.11,22.63,8.07,72.85,43.93,59.18,8.09
436.53,40.10,20.11,22.59,8.06,72.85,43.93,59.18,8.11
436.54,40.10,20.11,22.66,8.07,72.63,43.93,59.33,8.11
436.55,40.10,20.11,22.63,8.07,72.85,43.93,59.33,8.09
436.56,40.10,20.11,22.66,8.07,72.85,43.93,59.33,8.10
436.57,40.10,20.11,22.66,8.06,72.85,43.93,59.18,8.09
436.58,40.10,20.11,22.63,8.07,72.85,44.03,59.18,8.09
436.59,40.10,20.11,22.63,8.06,72.85,43.84,59.18,8.09
436.60,40.10,20.11,22.59,8.07,72.85,43.93,59.18,8.10
436.61,40.10,20.11,22.63,8.07,72.85,44.03,59.18,8.09
436.62,40.10,20.14,22.63,8.07,72.85,43.93,59.18,8.11
436.63,40.10,20.11,22.63,8.07,73.08,43.93,59.18,8.10
436.64,40.10,20.11,22.63,8.07,72.85,43.93,59.33,8.11
436.65,40.10,20.11,22.63,8.06,72.85,43.93,59.18,8.09
436.66,40.10,20.14,22.66,8.06,72.85,43.93,59.33,8.10
436.67,40.10,20.11,22.63,8.07,72.85,43.93,59.18,8.11
436.68,40.10,20.11,22.66,8.07,72.85,43.93,59.33,8.10
436.69,40.10,20.11,22.63,8.07,72.85,43.93,59.18,8.11
436.70,40.10,20.11,22.63,8.07,72.85,43.93,59.33,8.09
436.71,40.02,20.11,22.66,8.06,72.85,43.93,59.18,8.11
436.72,40.10,20.11,22.59,8.07,72.85,43.93,59.18,8.10
436.73,40.10,20.14,22.66,8.08,72.85,43.84,59.18,8.10
436.74,40.10,20.11,22.63,8.07,72.85,43.93,59.18,8.10
436.75,40.10,20.08,22.63,8.08,72.85,43.93,59.33,8.10
436.76,40.10,20.11,22.66,8.07,72.85,43.93,59.18,8.10
436.77,40.10,20.14,22.63,8.06,72.85,44.03,59.33,8.10
436.78,40.10,20.14,22.63,8.06,73.08,43.93,59.33,8.10
436.79,40.02,20.11,22.66,8.07,72.85,43.93,59.18,8.10
436.80,40.10,20.11,22.63,8.06,73.08,43.93,59.33,8.11
436.81,40.10,20.11,22.63,8.07,72.85,43.93,59.33,8.10
436.82,40.10,20.11,22.63,8.06,72.85,43.93,59.18,8.10
436.83,40.10,20.11,22.63,8.07,73.08,43.93,59.18,8.10
436.84,40.10,20.14,22.63,8.07,72.85,44.03,59.18,8.10
436.85,40.02,20.11,22.59,8.08,72.85,43.93,59.33,8.11
436.86,40.10,20.11,22.63,8.07,73.08,44.03,59.18,8.09
436.87,40.10,20.11,22.63,8.06,72.85,43.93,59.18,8.10
436.88,40.10,20.14,22.63,8.08,72.85,43.93,59.18,8.11
436.89,40.10,20.14,22.63,8.07,72.85,43.93,59.18,8.11
436.90,40.10,20.11,22.66,8.08,72.85,43.93,59.18,8.10
436.91,40.02,20.11,22.63,8.07,72.85,43.93,59.33,8.10
436.92,40.10,20.11,22.66,8.06,72.85,44.03,59.18,8.10
436.93,40.10,20.11,22.63,8.06,72.85,44.03,59.18,8.10
436.94,40.10,20.14,22.63,8.06,72.63,43.93,59.33,8.11
436.95,40.10,20.11,22.63,8.07,73.08,44.03,59.33,8.10
436.96,40.02,20.11,22.63,8.08,73.08,43.93,59.33,8.10
436.97,40.10,20.11,22.63,8.06,72.85,43.93,59.33,8.10
436.98,40.10,20.11,22.63,8.08,72.85,43.93,59.33,8.10
436.99,40.10,20.14,22.63,8.08,72.85,43.93,59.18,8.10
437.00,40.10,20.08,22.63,8.06,73.08,44.03,59.33,8.10
437.01,40.10,20.11,22.66,8.06,72.85,44.03,59.33,8.10
437.02,40.10,20.14,22.66,8.06,72.85,43.93,59.18,8.10
437.03,40.02,20.16,22.66,8.07,72.85,43.93,59.33,8.10
437.04,40.02,20.11,22.66,8.08,72.85,43.93,59.33,8.10
437.05,40.10,20.11,22.66,8.08,72.85,43.93,59.33,8.10
437.06,40.10,20.11,22.63,8.07,72.85,44.03,59.33,8.10
437.07,40.02,20.14,22.63,8.06,72.85,43.93,59.18,8.10
437.08,40.10,20.11,22.63,8.06,72.85,43.93,59.33,8.10
437.09,40.10,20.14,22.63,8.07,72.85,44.03,59.18,8.10
437.10,40.10,20.11,22.63,8.07,72.85,43.93,59.33,8.11
437.11,40.10,20.11,22.63,8.06,73.08,43.84,59.33,8.10
437.12,40.10,20.14,22.63,8.06,73.08,44.03,59.18,8.11
437.13,40.10,20.14,22.63,8.06,72.85,43.93,59.33,8.11
437.14,40.10,20.14,22.63,8.06,72.85,43.93,59.18,8.10
437.15,40.10,20.08,22.63,8.07,72.85,44.03,59.33,8.10
437.16,40.10,20.11,22.63,8.07,73.08,43.93,59.33,8.11
437.17,40.10,20.11,22.63,8.06,73.08,43.93,59.33,8.10
437.18,40.10,20.11,22.59,8.07,72.85,44.03,59.33,8.10
437.19,40.10,20.11,22.63,8.07,72.85,44.03,59.18,8.10
437.20,40.10,20.11,22.63,8.06,72.85,43.93,59.18,8.11
437.21,40.10,20.14,22.63,8.06,72.85,43.93,59.18,8.11
437.22,40.10,20.14,22.63,8.07,72.85,44.03,59.33,8.10
437.23,40.10,20.14,22.63,8.07,72.85,43.93,59.33,8.11
437.24,40.02,20.11,22.66,8.07,72.85,43.93,59.18,8.11
437.25,40.10,20.11,22.66,8.07,72.85,44.03,59.33,8.10
437.26,40.10,20.14,22.63,8.07,72.85,43.93,59.18,8.11
437.27,40.10,20.14,22.66,8.07,72.85,44.03,59.18,8.09
437.28,40.10,20.14,22.66,8.08,72.85,44.03,59.33,8.10
437.29,40.10,20.11,22.63,8.06,72.85,43.93,59.33,8.11
437.30,40.10,20.14,22.63,8.07,73.08,44.03,59.33,8.11
437.31,40.10,20.14,22.63,8.07,72.85,43.93,59.33,8.10
437.32,40.10,20.11,22.63,8.06,72.63,43.93,59.18,8.09
437.33,40.10,20.11,22.66,8.06,73.30,43.93,59.18,8.10
437.34,40.10,20.11,22.59,8.07,72.85,43.93,59.33,8.10
437.35,40.10,20.14,22.66,8.06,72.85,43.93,59.33,8.10
437.36,40.10,20.11,22.66,8.07,72.85,44.03,59.33,8.10
437.37,40.10,20.14,22.63,8.08,73.08,44.03,59.33,8.10
437.38,40.10,20.14,22.63,8.07,72.85,43.93,59.02,8.10
437.39,40.02,20.11,22.66,8.08,72.85,44.03,59.49,8.11
437.40,40.10,20.14,22.66,8.07,72.85,44.03,59.33,8.11
437.41,40.10,20.14,22.63,8.06,72.85,43.93,59.33,8.10
437.42,40.10,20.14,22.66,8.08,72.85,43.93,59.33,8.11
437.43,40.10,20.08,22.66,8.08,72.85,43.93,59.18,8.11
437.44,40.10,20.11,22.63,8.06,72.85,44.03,59.18,8.10
437.45,40.10,20.14,22.66,8.06,72.85,43.93,59.18,8.11
437.46,40.10,20.11,22.66,8.06,72.85,44.03,59.33,8.10
437.47,40.10,20.14,22.66,8.06,72.85,43.93,59.33,8.10
437.48,40.10,20.11,22.66,8.07,72.85,44.03,59.33,8.10
437.49,40.10,20.11,22.66,8.06,72.85,44.03,59.33,8.10
437.50,40.10,20.14,22.63,8.07,72.85,44.03,59.33,8.10
437.51,40.10,20.14,22.63,8.08,72.85,43.93,59.33,8.11
437.52,40.10,20.11,22.66,8.07,73.08,43.93,59.18,8.11
437.53,40.10,20.11,22.63,8.07,72.85,43.93,59.18,8.10
437.54,40.10,20.11,22.63,8.07,72.85,43.93,59.33,8.10
437.55,40.10,20.16,22.63,8.06,72.85,43.93,59.18,8.09
437.56,40.02,20.14,22.66,8.08,73.08,44.03,59.33,8.09
437.57,40.10,20.11,22.63,8.07,73.08,43.93,59.33,8.10
437.58,40.10,20.11,22.63,8.07,72.85,43.93,59.33,8.11
437.59,40.02,20.11,22.66,8.07,73.08,44.03,59.33,8.10
437.60,40.10,20.14,22.66,8.07,73.08,43.93,59.33,8.10
437.61,40.10,20.16,22.63,8.07,72.85,43.93,59.33,8.10
437.62,40.10,20.16,22.63,8.07,72.85,43.93,59.18,8.09
437.63,40.10,20.14,22.63,8.07,72.85,44.03,59.18,8.10
437.64,40.10,20.11,22.63,8.07,72.85,43.93,59.33,8.10
437.65,40.10,20.14,22.63,8.07,72.85,43.93,59.18,8.11
437.66,40.10,20.14,22.63,8.07,72.85,43.93,59.33,8.10
437.67,40.10,20.14,22.66,8.06,73.08,43.93,59.33,8.11
437.68,40.10,20.14,22.66,8.07,73.08,43.93,59.18,8.10
437.69,40.10,20.11,22.66,8.06,72.85,44.03,59.33,8.10
437.70,40.10,20.11,22.66,8.07,72.85,43.84,59.33,8.11
437.71,40.10,20.11,22.63,8.08,72.85,43.93,59.18,8.09
437.72,40.10,20.16,22.59,8.07,72.85,43.93,59.33,8.10
437.73,40.10,20.11,22.63,8.06,72.85,44.03,59.33,8.10
437.74,40.10,20.14,22.63,8.07,72.85,43.93,59.18,8.11
437.75,40.10,20.14,22.66,8.07,73.08,43.93,59.33,8.10
437.76,40.10,20.14,22.63,8.06,73.08,43.93,59.33,8.11
437.77,40.10,20.11,22.66,8.07,72.85,43.93,59.18,8.10
437.78,40.10,20.11,22.66,8.07,72.85,43.93,59.33,8.10
437.79,40.10,20.11,22.63,8.08,72.85,44.03,59.33,8.10
437.80,40.02,20.14,22.63,8.07,72.85,43.93,59.18,8.11
437.81,40.10,20.11,22.66,8.06,72.85,43.93,59.33,8.10
437.82,40.10,20.14,22.63,8.08,72.85,43.93,59.33,8.10
437.83,40.10,20.14,22.63,8.06,72.85,44.03,59.33,8.11
437.84,40.10,20.11,22.63,8.07,72.85,44.03,59.18,8.10
437.85,40.10,20.16,22.63,8.07,73.08,43.93,59.33,8.10
437.86,40.02,20.14,22.63,8.07,72.85,44.03,59.18,8.11
437.87,40.10,20.11,22.66,8.08,72.85,44.03,59.33,8.11
437.88,40.10,20.11,22.66,8.07,73.08,43.93,59.33,8.11
437.89,40.10,20.11,22.63,8.06,72.85,43.93,59.33,8.10
437.90,40.10,20.11,22.63,8.07,72.85,44.03,59.18,8.10
437.91,40.10,20.14,22.63,8.06,72.85,43.93,59.18,8.10
437.92,40.10,20.14,22.66,8.07,72.85,44.03,59.33,8.10
437.93,40.02,20.14,22.66,8.07,72.85,43.93,59.33,8.10
437.94,40.02,20.11,22.63,8.07,72.85,43.93,59.18,8.09
437.95,40.02,20.14,22.66,8.06,72.85,43.93,59.33,8.10
437.96,40.10,20.11,22.66,8.07,72.85,43.93,59.33,8.10
437.97,40.10,20.11,22.63,8.07,72.85,43.93,59.33,8.11
437.98,40.10,20.14,22.63,8.06,73.08,43.93,59.33,8.10
437.99,40.10,20.14,22.66,8.07,73.08,44.03,59.33,8.09
438.00,40.02,20.14,22.63,8.08,73.08,44.03,59.33,8.10
438.01,40.10,20.14,22.66,8.07,72.85,44.03,59.33,8.10
438.02,40.10,20.11,22.63,8.07,72.85,44.03,59.18,8.11
438.03,40.10,20.14,22.63,8.07,72.85,43.93,59.18,8.11
438.04,40.10,20.14,22.66,8.07,72.85,43.93,59.33,8.10
438.05,40.10,20.16,22.63,8.08,72.85,43.93,59.18,8.10
438.06,40.10,20.14,22.63,8.07,72.85,43.93,59.33,8.11
438.07,40.10,20.11,22.63,8.07,72.85,43.84,59.33,8.11
438.08,40.10,20.11,22.63,8.07,72.85,44.03,59.18,8.10
438.09,40.10,20.14,22.63,8.08,72.85,44.03,59.33,8.11
438.10,40.10,20.14,22.66,8.07,72.85,44.12,59.33,8.09
438.11,40.02,20.14,22.66,8.08,72.85,44.03,59.18,8.11
438.12,40.10,20.11,22.63,8.07,72.85,44.03,59.33,8.10
438.13,40.10,20.11,22.66,8.07,72.85,43.93,59.33,8.10
438.14,40.10,20.14,22.63,8.06,72.85,44.03,59.33,8.10
438.15,40.10,20.16,22.63,8.08,72.85,43.93,59.33,8.10
438.16,40.10,20.14,22.66,8.06,72.85,43.93,59.33,8.10
438.17,40.02,20.11,22.63,8.07,72.85,43.93,59.33,8.10
438.18,40.10,20.14,22.63,8.07,72.85,44.03,59.18,8.10
438.19,40.02,20.11,22.63,8.07,72.85,44.03,59.33,8.11
438.20,40.02,20.14,22.63,8.06,72.85,44.03,59.18,8.10
438.21,40.10,20.11,22.66,8.07,72.85,43.93,59.33,8.10
438.22,40.02,20.16,22.63,8.07,72.85,43.93,59.33,8.10
438.23,40.10,20.14,22.63,8.07,72.85,44.03,59.33,8.10
438.24,40.02,20.11,22.63,8.07,73.08,44.03,59.18,8.11
438.25,40.10,20.14,22.63,8.07,72.85,44.03,59.18,8.10
438.26,40.02,20.14,22.63,8.07,72.85,44.03,59.33,8.12
438.27,40.10,20.16,22.63,8.07,72.85,43.93,59.33,8.10
438.28,40.10,20.14,22.63,8.07,72.85,43.93,59.18,8.10
438.29,40.10,20.11,22.66,8.07,72.85,44.03,59.33,8.10
438.30,40.10,20.14,22.66,8.07,73.08,44.03,59.18,8.10
438.31,40.10,20.16,22.63,8.06,72.85,44.03,59.33,8.10
438.32,40.10,20.11,22.66,8.07,72.85,44.12,59.33,8.10
438.33,40.10,20.14,22.66,8.07,73.08,44.03,59.33,8.10
438.34,40.02,20.14,22.63,8.07,73.08,43.93,59.33,8.10
438.35,40.10,20.14,22.63,8.07,72.85,44.03,59.33,8.11
438.36,40.02,20.11,22.66,8.07,72.85,44.03,59.33,8.11
438.37,40.10,20.14,22.63,8.07,72.85,44.03,59.33,8.10
438.38,40.02,20.14,22.66,8.07,72.85,43.93,59.33,8.10
438.39,40.10,20.16,22.63,8.06,72.85,44.03,59.33,8.10
438.40,40.10,20.14,22.63,8.07,72.85,43.93,59.33,8.11
438.41,40.02,20.11,22.63,8.07,72.85,43.93,59.33,8.10
438.42,40.10,20.14,22.66,8.06,72.85,43.93,59.18,8.10
438.43,40.02,20.14,22.63,8.08,73.08,44.03,59.33,8.10
438.44,40.02,20.14,22.66,8.06,72.85,44.03,59.02,8.09
438.45,40.10,20.14,22.63,8.08,72.85,44.12,59.33,8.10
438.46,40.10,20.14,22.63,8.07,72.85,44.03,59.33,8.11
438.47,40.02,20.11,22.66,8.07,73.08,43.93,59.18,8.11
438.48,40.10,20.14,22.66,8.08,72.85,43.93,59.33,8.10
438.49,40.10,20.16,22.63,8.07,72.63,43.93,59.33,8.11
438.50,40.10,20.11,22.63,8.06,72.85,44.03,59.33,8.11
438.51,40.10,20.14,22.63,8.08,73.08,44.03,59.33,8.10
438.52,40.10,20.14,22.66,8.08,72.63,43.93,59.18,8.10
438.53,40.10,20.16,22.63,8.07,72.85,43.93,59.33,8.11
438.54,40.02,20.14,22.63,8.06,72.85,44.03,59.33,8.10
438.55,40.10,20.14,22.66,8.08,72.85,43.93,59.33,8.11
438.56,40.02,20.14,22.63,8.07,73.08,44.03,59.18,8.11
438.57,40.10,20.14,22.63,8.07,73.08,44.03,59.49,8.10
438.58,40.10,20.14,22.66,8.07,73.08,43.93,59.18,8.10
438.59,40.02,20.14,22.63,8.07,72.85,44.03,59.18,8.09
438.60,40.10,20.14,22.66,8.07,72.85,44.03,59.33,8.10
438.61,40.02,20.14,22.66,8.06,73.08,43.93,59.33,8.10
438.62,40.02,20.11,22.63,8.08,72.85,44.03,59.33,8.10
438.63,40.10,20.14,22.63,8.08,72.85,43.93,59.33,8.10
438.64,40.10,20.11,22.63,8.06,72.85,44.03,59.18,8.11
438.65,40.10,20.11,22.63,8.07,73.08,43.93,59.33,8.10
438.66,40.10,20.14,22.66,8.07,73.08,43.93,59.18,8.10
438.67,40.10,20.16,22.63,8.07,72.85,44.03,59.33,8.10
438.68,40.10,20.14,22.63,8.07,72.85,43.93,59.33,8.10
438.69,40.02,20.14,22.63,8.07,72.85,43.93,59.33,8.10
438.70,40.10,20.14,22.66,8.07,72.85,44.03,59.33,8.11
438.71,40.10,20.16,22.63,8.07,72.85,44.03,59.33,8.11
438.72,40.10,20.16,22.66,8.07,72.85,44.03,59.33,8.11
438.73,40.10,20.14,22.66,8.07,73.08,44.03,59.33,8.11
438.74,40.02,20.14,22.63,8.07,73.08,43.93,59.33,8.10
438.75,40.10,20.14,22.66,8.06,73.08,44.03,59.33,8.10
438.76,40.10,20.14,22.66,8.08,73.08,43.93,59.18,8.11
438.77,40.02,20.14,22.63,8.07,73.08,43.93,59.33,8.11
438.78,40.02,20.14,22.63,8.07,72.85,44.03,59.33,8.10
438.79,40.10,20.14,22.63,8.07,72.85,43.93,59.33,8.10
438.80,40.10,20.16,22.66,8.07,73.08,44.03,59.33,8.10
438.81,40.02,20.14,22.63,8.06,72.85,44.03,59.33,8.10
438.82,40.10,20.14,22.66,8.07,72.85,43.93,59.33,8.10
438.83,40.10,20.11,22.63,8.06,72.85,44.03,59.33,8.11
438.84,40.10,20.14,22.63,8.06,72.85,44.03,59.18,8.10
438.85,40.10,20.16,22.66,8.08,72.85,43.93,59.18,8.10
438.86,40.10,20.16,22.66,8.07,72.85,44.03,59.33,8.11
438.87,40.10,20.16,22.66,8.07,72.85,43.93,59.18,8.11
438.88,40.18,20.16,22.63,8.08,72.85,44.03,59.33,8.10
438.89,40.10,20.14,22.66,8.07,72.85,44.03,59.33,8.11
438.90,40.10,20.16,22.63,8.08,72.85,44.03,59.33,8.11
438.91,40.10,20.16,22.66,8.07,72.85,44.03,59.18,8.10
438.92,40.02,20.14,22.63,8.06,73.08,44.03,59.33,8.10
438.93,40.10,20.14,22.66,8.07,73.08,44.12,59.33,8.11
438.94,40.10,20.16,22.66,8.07,72.85,43.93,59.18,8.10
438.95,40.10,20.16,22.66,8.07,73.08,44.03,59.18,8.11
438.96,40.02,20.14,22.63,8.06,73.08,44.03,59.33,8.10
438.97,40.10,20.11,22.66,8.08,72.85,44.03,59.33,8.10
438.98,40.10,20.14,22.66,8.06,73.08,44.03,59.33,8.11
438.99,40.10,20.16,22.63,8.08,72.85,44.03,59.33,8.10
439.00,40.02,20.11,22.66,8.07,73.08,44.03,59.33,8.11
439.01,40.10,20.16,22.63,8.07,73.08,44.03,59.33,8.11
439.02,40.02,20.14,22.63,8.06,72.85,43.93,59.33,8.10
439.03,40.10,20.16,22.66,8.07,72.85,43.93,59.33,8.10
439.04,40.10,20.14,22.63,8.07,73.08,44.03,59.33,8.10
439.05,40.10,20.11,22.63,8.07,72.85,44.03,59.33,8.11
439.06,40.10,20.14,22.66,8.07,72.85,44.03,59.33,8.11
439.07,40.10,20.16,22.63,8.08,72.85,44.03,59.33,8.10
439.08,40.02,20.14,22.66,8.07,72.85,44.03,59.33,8.11
439.09,40.18,20.14,22.63,8.07,73.08,44.12,59.33,8.11
439.10,40.10,20.14,22.66,8.07,72.85,43.93,59.33,8.10
439.11,40.02,20.14,22.66,8.07,72.85,43.93,59.33,8.10
439.12,40.10,20.14,22.66,8.07,72.85,44.03,59.33,8.11
439.13,40.10,20.14,22.63,8.07,73.08,44.03,59.33,8.11
439.14,40.02,20.14,22.63,8.08,72.85,44.03,59.18,8.10
439.15,40.10,20.11,22.66,8.07,72.85,44.03,59.33,8.10
439.16,40.10,20.16,22.66,8.06,72.85,44.03,59.33,8.10
439.17,40.02,20.16,22.66,8.08,73.08,44.12,59.33,8.11
439.18,40.02,20.14,22.66,8.08,72.85,43.93,59.33,8.11
439.19,40.10,20.14,22.66,8.07,73.08,44.03,59.18,8.10
439.20,40.02,20.14,22.66,8.07,72.85,44.12,59.18,8.10
439.21,40.10,20.16,22.66,8.07,72.85,44.03,59.33,8.10
439.22,40.02,20.14,22.63,8.07,73.08,43.93,59.33,8.10
439.23,40.10,20.16,22.63,8.07,73.08,44.03,59.33,8.10
439.24,40.02,20.14,22.66,8.07,72.85,44.03,59.33,8.11
439.25,40.10,20.14,22.66,8.07,73.08,43.93,59.18,8.11
439.26,40.10,20.16,22.66,8.07,72.85,44.03,59.33,8.10
439.27,40.10,20.16,22.63,8.08,73.08,44.03,59.33,8.10
439.28,40.02,20.16,22.66,8.08,73.08,44.12,59.18,8.11
439.29,40.10,20.14,22.66,8.08,72.85,44.03,59.33,8.11
439.30,40.02,20.14,22.63,8.07,72.85,44.12,59.33,8.11
439.31,40.10,20.14,22.63,8.08,73.08,43.93,59.33,8.10
439.32,40.10,20.16,22.63,8.07,72.85,44.03,59.33,8.10
439.33,40.02,20.16,22.63,8.07,72.85,44.12,59.33,8.11
439.34,40.02,20.14,22.63,8.07,73.08,43.93,59.33,8.12
439.35,40.10,20.14,22.66,8.07,73.08,44.03,59.33,8.11
439.36,40.10,20.14,22.66,8.08,73.08,44.03,59.33,8.11
439.37,40.10,20.16,22.66,8.07,72.85,44.03,59.33,8.11
439.38,40.02,20.14,22.63,8.08,73.08,43.93,59.33,8.11
439.39,40.02,20.11,22.66,8.07,72.85,44.22,59.33,8.11
439.40,40.10,20.19,22.66,8.07,72.85,44.12,59.18,8.11
439.41,40.02,20.16,22.66,8.07,73.08,44.03,59.33,8.10
439.42,40.02,20.14,22.66,8.07,72.85,44.03,59.33,8.11
439.43,40.10,20.16,22.66,8.07,73.08,44.03,59.33,8.10
439.44,40.10,20.14,22.66,8.07,72.85,44.03,59.33,8.11
439.45,40.10,20.14,22.66,8.08,72.85,44.03,59.18,8.11
439.46,40.10,20.16,22.66,8.07,73.08,44.03,59.18,8.10
439.47,40.10,20.16,22.66,8.08,72.85,44.12,59.18,8.11
439.48,40.10,20.11,22.66,8.07,73.08,43.93,59.33,8.10
439.49,40.10,20.16,22.66,8.07,73.08,44.12,59.18,8.11
439.50,40.10,20.14,22.66,8.07,72.85,44.03,59.33,8.11
439.51,40.10,20.16,22.66,8.08,72.85,43.93,59.33,8.09
439.52,40.10,20.16,22.63,8.07,72.85,44.12,59.33,8.11
439.53,40.10,20.11,22.66,8.07,73.08,44.03,59.33,8.11
439.54,40.10,20.16,22.66,8.08,73.08,44.03,59.33,8.10
439.55,40.10,20.14,22.66,8.07,72.85,44.03,59.33,8.11
439.56,40.02,20.14,22.66,8.07,72.85,44.12,59.33,8.11
439.57,40.10,20.16,22.66,8.07,73.08,44.03,59.33,8.10
439.58,40.02,20.14,22.66,8.07,73.08,43.93,59.33,8.11
439.59,40.18,20.14,22.66,8.07,72.85,43.93,59.33,8.11
439.60,40.10,20.16,22.66,8.07,73.08,44.03,59.33,8.11
439.61,40.02,20.14,22.66,8.08,73.08,44.03,59.33,8.11
439.62,40.18,20.16,22.66,8.08,73.08,44.03,59.33,8.11
439.63,40.10,20.16,22.63,8.08,73.08,44.03,59.18,8.10
439.64,40.10,20.16,22.63,8.07,72.85,44.03,59.33,8.10
439.65,40.02,20.16,22.63,8.07,73.08,44.12,59.33,8.11
439.66,40.10,20.16,22.63,8.07,72.85,44.03,59.33,8.11
439.67,40.10,20.16,22.66,8.07,72.85,44.12,59.18,8.11
439.68,40.10,20.16,22.66,8.07,72.85,44.03,59.33,8.11
439.69,40.10,20.16,22.66,8.08,72.85,44.12,59.33,8.11
439.70,40.02,20.16,22.63,8.07,73.08,43.93,59.33,8.10
439.71,40.10,20.14,22.66,8.07,73.08,44.03,59.33,8.11
439.72,40.02,20.14,22.66,8.07,72.85,44.03,59.33,8.11
439.73,40.10,20.16,22.66,8.07,73.08,44.03,59.18,8.10
439.74,40.10,20.16,22.63,8.07,73.08,44.03,59.33,8.10
439.75,40.10,20.16,22.63,8.07,72.85,44.03,59.33,8.12
439.76,40.02,20.16,22.63,8.07,73.08,44.12,59.33,8.11
439.77,40.10,20.16,22.66,8.07,72.85,44.12,59.33,8.10
439.78,40.10,20.14,22.66,8.07,72.85,44.03,59.33,8.10
439.79,40.02,20.14,22.66,8.07,73.08,44.03,59.33,8.10
439.80,40.10,20.16,22.63,8.06,72.85,44.03,59.33,8.11
439.81,40.10,20.16,22.66,8.07,72.85,44.12,59.33,8.11
439.82,40.02,20.14,22.66,8.07,73.08,44.03,59.33,8.11
439.83,40.10,20.14,22.66,8.07,72.85,44.12,59.33,8.10
439.84,40.10,20.14,22.66,8.08,73.08,44.03,59.33,8.10
439.85,40.02,20.14,22.66,8.08,73.08,44.12,59.33,8.11
439.86,40.10,20.14,22.66,8.08,73.08,44.03,59.33,8.11
439.87,40.10,20.16,22.66,8.07,73.08,44.12,59.33,8.11
439.88,40.10,20.14,22.63,8.07,73.08,44.03,59.18,8.11
439.89,40.10,20.14,22.66,8.09,72.85,44.03,59.33,8.11
439.90,40.10,20.14,22.66,8.07,72.85,44.03,59.33,8.10
439.91,40.10,20.14,22.63,8.07,73.08,44.12,59.33,8.11
439.92,40.10,20.16,22.66,8.08,73.08,44.03,59.18,8.11
439.93,40.10,20.14,22.66,8.08,72.85,44.03,59.33,8.11
439.94,40.10,20.11,22.63,8.08,73.08,44.03,59.18,8.11
439.95,40.10,20.14,22.70,8.07,73.08,44.03,59.33,8.11
439.96,40.02,20.14,22.66,8.07,73.08,44.12,59.33,8.10
439.97,40.10,20.14,22.66,8.07,73.08,44.03,59.33,8.11
439.98,40.10,20.14,22.66,8.06,72.85,44.03,59.33,8.11
439.99,40.10,20.16,22.66,8.08,73.08,44.03,59.33,8.11
440.00,40.02,20.14,22.66,8.08,72.85,44.03,59.33,8.11
440.01,40.10,20.16,22.66,8.07,73.08,44.03,59.33,8.10
440.02,40.10,20.14,22.66,8.07,72.85,44.12,59.33,8.10
440.03,40.10,20.14,22.66,8.07,72.85,44.03,59.33,8.11
440.04,40.18,20.16,22.66,8.08,73.08,44.12,59.33,8.10
440.05,40.10,20.16,22.66,8.07,73.08,44.03,59.33,8.11
440.06,40.10,20.16,22.66,8.07,72.85,44.12,59.33,8.11
440.07,40.10,20.16,22.70,8.07,72.85,44.12,59.33,8.11
440.08,40.02,20.14,22.66,8.08,72.85,44.03,59.33,8.11
440.09,40.10,20.14,22.63,8.06,73.08,43.93,59.33,8.11
440.10,40.10,20.16,22.63,8.07,72.85,44.12,59.18,8.11
440.11,40.10,20.19,22.63,8.07,72.85,44.03,59.33,8.11
440.12,40.10,20.14,22.66,8.08,73.08,44.12,59.33,8.11
440.13,40.10,20.16,22.63,8.07,73.08,44.03,59.33,8.10
440.14,40.10,20.14,22.66,8.07,73.08,44.03,59.33,8.10
440.15,40.10,20.14,22.66,8.08,72.85,44.12,59.33,8.10
440.16,40.10,20.14,22.66,8.07,73.08,44.03,59.33,8.11
440.17,40.10,20.14,22.66,8.07,72.85,44.03,59.33,8.10
440.18,40.10,20.16,22.66,8.07,72.85,43.93,59.33,8.12
440.19,40.10,20.14,22.66,8.07,73.08,44.12,59.33,8.11
440.20,40.02,20.14,22.66,8.08,72.85,44.12,59.33,8.10
440.21,40.10,20.16,22.66,8.08,72.85,44.12,59.33,8.11
440.22,40.10,20.16,22.66,8.08,73.08,44.03,59.33,8.10
440.23,40.10,20.14,22.66,8.07,72.85,44.03,59.33,8.10
440.24,40.10,20.16,22.66,8.08,73.08,44.12,59.33,8.10
440.25,40.10,20.14,22.66,8.08,72.85,43.93,59.33,8.10
440.26,40.10,20.16,22.66,8.07,72.85,44.03,59.33,8.10
440.27,40.10,20.14,22.66,8.08,72.85,44.03,59.33,8.11
440.28,40.10,20.14,22.66,8.07,72.85,43.93,59.33,8.10
440.29,40.10,20.16,22.66,8.08,73.08,44.03,59.33,8.10
440.30,40.02,20.16,22.63,8.07,73.08,43.93,59.49,8.10
440.31,40.10,20.14,22.66,8.07,73.08,43.93,59.33,8.11
440.32,40.02,20.14,22.66,8.07,73.08,44.03,59.33,8.10
440.33,40.10,20.16,22.66,8.07,72.85,44.12,59.33,8.11
440.34,40.10,20.14,22.66,8.07,72.85,43.93,59.33,8.10
440.35,40.10,20.14,22.63,8.07,72.85,44.12,59.33,8.11
440.36,40.10,20.16,22.66,8.08,73.08,44.12,59.33,8.11
440.37,40.10,20.16,22.66,8.07,73.08,44.03,59.33,8.11
440.38,40.10,20.11,22.66,8.08,73.08,44.03,59.33,8.10
440.39,40.10,20.16,22.66,8.07,73.08,44.03,59.33,8.10
440.40,40.18,20.16,22.66,8.07,72.85,44.12,59.49,8.12
440.41,40.10,20.16,22.66,8.07,73.08,44.03,59.33,8.10
440.42,40.02,20.14,22.66,8.07,72.85,44.12,59.33,8.10
440.43,40.10,20.14,22.66,8.08,72.85,44.12,59.33,8.11
440.44,40.10,20.16,22.66,8.07,73.08,44.03,59.33,8.10
440.45,40.10,20.14,22.63,8.07,73.08,44.03,59.33,8.10
440.46,40.10,20.16,22.66,8.07,73.08,43.93,59.33,8.12
440.47,40.10,20.14,22.66,8.07,73.08,44.03,59.18,8.11
440.48,40.10,20.16,22.66,8.08,73.08,44.03,59.33,8.11
440.49,40.02,20.16,22.66,8.08,73.08,44.03,59.33,8.11
440.50,40.10,20.14,22.66,8.08,73.08,44.03,59.33,8.11
440.51,40.10,20.14,22.66,8.07,73.08,44.03,59.33,8.11
440.52,40.02,20.14,22.66,8.08,73.08,44.03,59.33,8.11
440.53,40.10,20.16,22.66,8.06,73.08,44.03,59.33,8.11
440.54,40.10,20.14,22.66,8.07,73.08,43.93,59.33,8.10
440.55,40.10,20.16,22.66,8.07,73.08,44.03,59.49,8.10
440.56,40.10,20.16,22.66,8.07,73.08,44.12,59.33,8.11
440.57,40.02,20.16,22.66,8.07,73.08,44.12,59.33,8.11
440.58,40.02,20.16,22.66,8.07,73.08,44.03,59.33,8.11
440.59,40.10,20.14,22.63,8.07,72.85,44.03,59.33,8.10
440.60,40.10,20.16,22.66,8.07,73.08,43.93,59.33,8.11
440.61,40.10,20.19,22.66,8.07,73.08,44.03,59.33,8.11
440.62,40.10,20.11,22.66,8.06,73.08,44.03,59.33,8.10
440.63,40.02,20.16,22.66,8.08,73.30,43.93,59.33,8.10
440.64,40.10,20.14,22.66,8.07,73.08,44.12,59.33,8.10
440.65,40.10,20.16,22.66,8.06,73.08,44.03,59.33,8.11
440.66,40.10,20.14,22.66,8.07,73.08,43.93,59.33,8.11
440.67,40.10,20.16,22.66,8.07,73.08,44.03,59.18,8.09
440.68,40.10,20.16,22.66,8.07,73.08,44.12,59.33,8.11
440.69,40.10,20.14,22.66,8.07,73.08,43.93,59.33,8.11
440.70,40.10,20.16,22.66,8.08,73.08,44.22,59.33,8.10
440.71,40.10,20.16,22.66,8.07,73.08,43.93,59.33,8.11
440.72,40.10,20.14,22.70,8.07,73.08,44.12,59.49,8.10
440.73,40.10,20.16,22.66,8.07,73.08,44.03,59.49,8.11
440.74,40.10,20.16,22.66,8.08,73.08,44.03,59.33,8.11
440.75,40.02,20.14,22.66,8.08,73.08,44.12,59.33,8.10
440.76,40.10,20.16,22.66,8.07,73.08,44.03,59.33,8.12
440.77,40.10,20.14,22.70,8.07,72.85,44.03,59.33,8.10
440.78,40.10,20.19,22.66,8.08,73.08,44.03,59.33,8.11
440.79,40.10,20.16,22.66,8.08,73.08,44.03,59.33,8.10
440.80,40.10,20.19,22.66,8.06,72.85,44.03,59.33,8.11
440.81,40.02,20.14,22.66,8.07,72.85,44.12,59.33,8.11
440.82,40.10,20.14,22.66,8.07,73.08,44.03,59.33,8.11
440.83,40.18,20.16,22.66,8.07,73.08,44.12,59.33,8.10
440.84,40.10,20.16,22.66,8.08,72.85,44.03,59.49,8.11
440.85,40.10,20.14,22.70,8.07,72.85,44.12,59.49,8.10
440.86,40.10,20.14,22.66,8.07,73.08,44.03,59.33,8.11
440.87,40.10,20.14,22.70,8.08,72.85,44.03,59.33,8.11
440.88,40.10,20.16,22.66,8.07,73.08,43.93,59.33,8.11
440.89,40.10,20.14,22.66,8.07,73.08,44.03,59.33,8.11
440.90,40.10,20.16,22.66,8.08,72.85,44.03,59.33,8.11
440.91,40.10,20.14,22.66,8.07,73.30,44.03,59.33,8.11
440.92,40.10,20.16,22.66,8.07,73.08,44.03,59.49,8.11
440.93,40.10,20.16,22.66,8.07,72.85,44.12,59.49,8.11
440.94,40.10,20.16,22.66,8.08,73.08,44.12,59.49,8.10
440.95,40.10,20.16,22.66,8.07,73.08,44.03,59.33,8.12
440.96,40.10,20.16,22.66,8.07,73.08,44.03,59.18,8.10
440.97,40.10,20.16,22.66,8.07,73.08,44.12,59.49,8.11
440.98,40.10,20.14,22.70,8.07,73.08,44.12,59.64,8.11
440.99,40.10,20.16,22.66,8.08,73.08,44.03,59.33,8.11
441.00,40.10,20.16,22.70,8.07,73.08,44.12,59.33,8.11
441.01,40.10,20.14,22.66,8.07,73.08,44.12,59.33,8.12
441.02,40.10,20.19,22.66,8.08,73.08,44.12,59.33,8.10
441.03,40.10,20.16,22.70,8.08,72.85,44.03,59.33,8.11
441.04,40.10,20.16,22.66,8.08,73.08,44.03,59.33,8.11
441.05,40.10,20.16,22.66,8.07,72.85,44.03,59.33,8.11
441.06,40.10,20.19,22.66,8.08,73.08,44.12,59.33,8.11
441.07,40.10,20.16,22.66,8.08,72.85,44.03,59.33,8.10
441.08,40.10,20.16,22.66,8.08,73.08,44.03,59.49,8.11
441.09,40.10,20.16,22.66,8.08,72.85,44.03,59.02,8.11
441.10,40.10,20.16,22.66,8.07,73.08,44.12,59.49,8.11
441.11,40.10,20.16,22.66,8.07,73.08,44.03,59.33,8.11
441.12,40.10,20.14,22.66,8.07,73.08,44.03,59.33,8.10
441.13,40.10,20.16,22.66,8.07,73.08,44.03,59.49,8.11
441.14,40.10,20.16,22.70,8.08,73.08,43.93,59.33,8.10
441.15,40.10,20.14,22.70,8.08,73.08,44.03,59.33,8.10
441.16,40.10,20.16,22.66,8.07,73.08,44.03,59.33,8.10
441.17,40.10,20.16,22.70,8.07,73.08,44.12,59.49,8.11
441.18,40.10,20.16,22.70,8.08,72.85,44.12,59.49,8.11
441.19,40.10,20.19,22.66,8.07,73.08,44.12,59.33,8.11
441.20,40.10,20.16,22.66,8.07,73.08,44.12,59.33,8.10
441.21,40.10,20.14,22.70,8.08,73.08,44.03,59.33,8.11
441.22,40.10,20.16,22.66,8.07,73.08,44.03,59.33,8.11
441.23,40.10,20.16,22.66,8.07,73.08,44.03,59.49,8.11
441.24,40.10,20.16,22.66,8.07,73.08,44.03,59.33,8.10
441.25,40.10,20.16,22.66,8.07,72.85,44.03,59.49,8.10
441.26,40.10,20.16,22.66,8.08,73.08,44.12,59.33,8.11
441.27,40.10,20.16,22.66,8.06,73.08,44.03,59.33,8.10
441.28,40.10,20.16,22.70,8.07,72.85,44.12,59.49,8.11
441.29,40.10,20.16,22.70,8.08,73.08,44.12,59.33,8.11
441.30,40.10,20.16,22.66,8.08,73.08,44.12,59.33,8.11
441.31,40.10,20.14,22.66,8.07,73.08,44.12,59.33,8.11
441.32,40.10,20.16,22.66,8.07,73.08,44.03,59.33,8.12
441.33,40.10,20.16,22.70,8.08,73.08,44.12,59.33,8.11
441.34,40.10,20.16,22.70,8.07,73.08,44.03,59.33,8.10
441.35,40.10,20.16,22.66,8.07,73.08,44.03,59.33,8.11
441.36,40.10,20.19,22.66,8.07,73.08,44.03,59.33,8.11
441.37,40.10,20.16,22.70,8.07,73.08,44.03,59.33,8.11
441.38,40.10,20.16,22.70,8.07,73.08,44.12,59.33,8.11
441.39,40.10,20.16,22.66,8.07,72.85,44.03,59.33,8.11
441.40,40.18,20.19,22.66,8.08,73.30,44.03,59.33,8.11
441.41,40.10,20.16,22.66,8.08,73.08,44.12,59.33,8.11
441.42,40.18,20.16,22.70,8.07,73.08,44.12,59.33,8.11
441.43,40.10,20.16,22.70,8.08,73.08,44.12,59.33,8.11
441.44,40.10,20.16,22.66,8.07,73.08,44.03,59.49,8.11
441.45,40.18,20.16,22.66,8.08,73.08,44.12,59.33,8.10
441.46,40.10,20.16,22.70,8.07,73.08,44.12,59.49,8.11
441.47,40.10,20.14,22.66,8.07,73.08,44.03,59.33,8.12
441.48,40.10,20.16,22.70,8.08,73.08,44.12,59.33,8.12
441.49,40.10,20.16,22.66,8.07,73.08,44.12,59.49,8.11
441.50,40.18,20.16,22.66,8.08,73.08,44.03,59.33,8.11
441.51,40.10,20.16,22.70,8.07,73.08,44.12,59.33,8.11
441.52,40.18,20.16,22.70,8.07,73.08,44.03,59.33,8.11
441.53,40.10,20.16,22.70,8.07,73.08,44.12,59.49,8.12
441.54,40.10,20.16,22.66,8.08,73.08,44.03,59.33,8.11
441.55,40.10,20.16,22.66,8.07,73.08,44.03,59.33,8.11
441.56,40.10,20.16,22.66,8.08,73.30,44.12,59.33,8.11
441.57,40.10,20.16,22.70,8.07,73.08,44.12,59.33,8.11
441.58,40.10,20.16,22.70,8.07,73.08,44.12,59.33,8.12
441.59,40.10,20.16,22.66,8.07,73.08,44.12,59.33,8.11
441.60,40.18,20.16,22.70,8.07,73.08,44.03,59.33,8.11
441.61,40.10,20.16,22.70,8.07,73.08,44.12,59.49,8.11
441.62,40.10,20.16,22.66,8.07,73.08,44.03,59.33,8.11
441.63,40.10,20.16,22.66,8.08,73.08,44.12,59.33,8.11
441.64,40.18,20.16,22.66,8.07,73.08,44.03,59.49,8.11
441.65,40.10,20.16,22.70,8.07,73.08,44.03,59.33,8.10
441.66,40.18,20.19,22.70,8.07,73.08,44.12,59.33,8.11
441.67,40.10,20.16,22.66,8.07,73.08,44.12,59.33,8.12
441.68,40.10,20.16,22.66,8.07,73.08,44.12,59.33,8.11
441.69,40.10,20.16,22.66,8.07,73.08,44.12,59.33,8.10
441.70,40.18,20.14,22.70,8.07,72.85,44.12,59.33,8.11
441.71,40.18,20.19,22.70,8.07,73.08,44.12,59.33,8.11
441.72,40.18,20.14,22.70,8.07,73.08,44.03,59.49,8.11
441.73,40.10,20.19,22.70,8.07,73.08,44.03,59.49,8.11
441.74,40.10,20.16,22.66,8.07,73.08,44.12,59.49,8.11
441.75,40.18,20.16,22.70,8.08,73.30,44.12,59.33,8.10
441.76,40.10,20.16,22.66,8.07,73.30,44.12,59.33,8.11
441.77,40.18,20.16,22.70,8.07,73.08,44.12,59.33,8.10
441.78,40.18,20.19,22.70,8.07,73.30,44.12,59.33,8.11
441.79,40.18,20.16,22.70,8.08,73.08,44.12,59.33,8.11
441.80,40.18,20.16,22.66,8.07,73.08,44.12,59.33,8.11
441.81,40.10,20.16,22.70,8.07,73.08,44.12,59.33,8.11
441.82,40.18,20.16,22.66,8.08,73.08,44.12,59.49,8.11
441.83,40.10,20.19,22.70,8.07,73.08,44.12,59.49,8.11
441.84,40.18,20.19,22.66,8.08,73.08,44.12,59.33,8.11
441.85,40.10,20.16,22.70,8.07,73.08,44.12,59.33,8.10
441.86,40.02,20.16,22.70,8.08,73.08,44.03,59.33,8.11
441.87,40.18,20.22,22.70,8.07,73.08,44.12,59.33,8.11
441.88,40.18,20.16,22.70,8.08,73.30,44.22,59.49,8.12
441.89,40.18,20.16,22.70,8.07,73.08,43.93,59.49,8.11
441.90,40.10,20.16,22.66,8.08,73.08,44.03,59.49,8.11
441.91,40.10,20.19,22.66,8.08,73.08,44.12,59.33,8.11
441.92,40.18,20.16,22.66,8.07,73.08,44.03,59.49,8.11
441.93,40.10,20.16,22.70,8.08,73.08,44.12,59.49,8.10
441.94,40.10,20.16,22.66,8.07,73.08,44.12,59.49,8.12
441.95,40.18,20.16,22.70,8.08,73.08,44.12,59.49,8.10
441.96,40.10,20.16,22.70,8.08,73.08,44.12,59.49,8.11
441.97,40.18,20.16,22.70,8.08,73.30,44.12,59.33,8.11
441.98,40.18,20.16,22.70,8.07,73.08,44.12,59.49,8.11
441.99,40.18,20.16,22.70,8.08,73.08,44.03,59.33,8.10
442.00,40.18,20.16,22.70,8.08,73.08,44.12,59.49,8.10
442.01,40.18,20.16,22.70,8.08,73.08,44.12,59.49,8.12
442.02,40.02,20.19,22.70,8.07,73.08,44.12,59.49,8.11
442.03,40.10,20.16,22.70,8.08,73.08,44.12,59.49,8.11
442.04,40.18,20.19,22.66,8.08,73.08,44.03,59.49,8.11
442.05,40.18,20.19,22.70,8.07,73.08,44.12,59.33,8.11
442.06,40.18,20.16,22.70,8.09,73.08,44.22,59.33,8.11
442.07,40.18,20.22,22.70,8.08,73.08,44.12,59.49,8.12
442.08,40.18,20.16,22.66,8.08,73.08,44.12,59.49,8.11
442.09,40.18,20.19,22.66,8.08,73.30,44.12,59.33,8.11
442.10,40.18,20.19,22.70,8.07,73.08,44.03,59.49,8.11
442.11,40.18,20.19,22.73,8.08,73.08,44.03,59.49,8.11
442.12,40.18,20.16,22.70,8.08,73.30,44.12,59.49,8.11
442.13,40.18,20.19,22.73,8.08,73.08,44.03,59.33,8.10
442.14,40.10,20.16,22.66,8.08,73.30,44.12,59.33,8.11
442.15,40.10,20.16,22.70,8.08,73.08,44.12,59.49,8.12
442.16,40.18,20.16,22.70,8.07,73.08,44.12,59.33,8.12
442.17,40.10,20.19,22.70,8.09,73.08,44.12,59.49,8.11
442.18,40.18,20.19,22.70,8.07,73.08,44.12,59.33,8.11
442.19,40.18,20.19,22.70,8.08,73.08,44.12,59.33,8.11
442.20,40.18,20.19,22.70,8.07,73.08,44.12,59.49,8.11
442.21,40.10,20.16,22.66,8.07,73.08,44.12,59.49,8.10
442.22,40.18,20.19,22.66,8.08,73.30,44.12,59.49,8.12
442.23,40.18,20.19,22.70,8.08,73.08,44.12,59.49,8.11
442.24,40.18,20.16,22.70,8.07,73.08,44.12,59.49,8.12
442.25,40.10,20.16,22.70,8.08,73.08,44.12,59.49,8.11
442.26,40.18,20.16,22.70,8.08,73.08,44.03,59.33,8.12
442.27,40.18,20.19,22.70,8.08,73.08,44.12,59.33,8.10
442.28,40.18,20.19,22.70,8.08,73.08,44.12,59.33,8.11
442.29,40.18,20.16,22.70,8.07,73.30,44.12,59.33,8.11
442.30,40.18,20.16,22.73,8.08,73.08,44.03,59.33,8.10
442.31,40.18,20.19,22.70,8.09,73.30,44.03,59.33,8.11
442.32,40.18,20.16,22.66,8.08,73.30,44.12,59.49,8.11
442.33,40.18,20.16,22.70,8.08,73.08,44.12,59.33,8.12
442.34,40.18,20.16,22.66,8.07,73.30,44.12,59.49,8.11
442.35,40.18,20.19,22.66,8.08,73.08,44.12,59.33,8.11
442.36,40.10,20.16,22.73,8.08,73.30,44.12,59.49,8.11
442.37,40.10,20.16,22.70,8.08,73.08,44.12,59.33,8.11
442.38,40.10,20.19,22.70,8.07,73.08,44.12,59.33,8.10
442.39,40.10,20.19,22.70,8.07,73.30,44.12,59.49,8.11
442.40,40.18,20.16,22.70,8.08,73.08,44.12,59.49,8.11
442.41,40.18,20.19,22.70,8.08,73.08,44.12,59.49,8.11
442.42,40.10,20.16,22.70,8.08,73.30,44.12,59.33,8.11
442.43,40.18,20.16,22.66,8.08,73.30,44.22,59.49,8.12
442.44,40.18,20.19,22.70,8.08,73.08,44.22,59.49,8.11
442.45,40.18,20.16,22.70,8.09,73.08,44.12,59.49,8.11
442.46,40.10,20.19,22.70,8.08,73.08,44.12,59.49,8.11
442.47,40.18,20.16,22.70,8.08,73.08,44.12,59.49,8.11
442.48,40.18,20.22,22.70,8.08,73.08,44.12,59.33,8.12
442.49,40.18,20.16,22.70,8.08,73.08,44.22,59.49,8.11
442.50,40.18,20.22,22.73,8.08,73.08,44.12,59.49,8.11
442.51,40.18,20.16,22.70,8.08,73.30,44.12,59.33,8.11
442.52,40.18,20.19,22.70,8.07,73.08,44.12,59.49,8.11
442.53,40.18,20.19,22.70,8.08,73.08,44.12,59.49,8.11
442.54,40.18,20.19,22.70,8.07,73.30,44.03,59.49,8.11
442.55,40.18,20.19,22.70,8.07,73.30,44.12,59.49,8.11
442.56,40.18,20.19,22.70,8.08,73.08,44.12,59.49,8.11
442.57,40.18,20.19,22.70,8.08,73.08,44.12,59.49,8.11
442.58,40.18,20.16,22.70,8.07,73.30,44.12,59.49,8.11
442.59,40.18,20.19,22.70,8.08,73.08,44.12,59.49,8.12
442.60,40.10,20.19,22.70,8.07,73.08,44.22,59.33,8.10
442.61,40.18,20.19,22.70,8.07,73.08,44.12,59.33,8.11
442.62,40.18,20.22,22.70,8.08,73.08,44.12,59.49,8.11
442.63,40.18,20.16,22.70,8.08,73.08,44.12,59.33,8.11
442.64,40.18,20.19,22.70,8.09,73.08,44.12,59.49,8.11
442.65,40.18,20.19,22.66,8.08,73.08,44.22,59.33,8.11
442.66,40.18,20.19,22.70,8.07,73.08,44.12,59.49,8.11
442.67,40.18,20.16,22.70,8.08,73.08,44.22,59.49,8.12
442.68,40.18,20.19,22.70,8.07,73.30,44.12,59.49,8.11
442.69,40.18,20.19,22.70,8.07,73.08,44.12,59.33,8.11
442.70,40.18,20.19,22.70,8.08,73.30,44.12,59.49,8.12
442.71,40.18,20.19,22.70,8.07,73.30,44.12,59.49,8.12
442.72,40.10,20.22,22.70,8.08,73.30,44.22,59.33,8.11
442.73,40.18,20.19,22.70,8.08,73.08,44.03,59.49,8.11
442.74,40.18,20.16,22.70,8.07,73.08,44.22,59.49,8.11
442.75,40.10,20.19,22.70,8.08,73.08,44.12,59.49,8.10
442.76,40.18,20.19,22.70,8.08,73.30,44.22,59.33,8.11
442.77,40.10,20.16,22.70,8.07,73.08,44.12,59.64,8.12
442.78,40.18,20.19,22.70,8.08,73.30,44.22,59.49,8.11
442.79,40.18,20.16,22.70,8.08,73.08,44.22,59.33,8.11
442.80,40.18,20.19,22.70,8.07,73.30,44.22,59.49,8.12
442.81,40.18,20.19,22.70,8.07,73.08,44.12,59.49,8.12
442.82,40.18,20.22,22.70,8.09,73.08,44.12,59.49,8.12
442.83,40.18,20.16,22.70,8.07,73.08,44.12,59.33,8.11
442.84,40.18,20.16,22.73,8.08,73.30,44.12,59.49,8.11
442.85,40.18,20.19,22.73,8.08,73.08,44.22,59.49,8.11
442.86,40.18,20.16,22.70,8.07,73.08,44.22,59.49,8.11
442.87,40.18,20.16,22.70,8.07,73.08,44.12,59.49,8.11
442.88,40.18,20.16,22.70,8.08,73.30,44.03,59.49,8.11
442.89,40.10,20.19,22.73,8.08,73.08,44.22,59.49,8.11
442.90,40.10,20.16,22.70,8.07,73.08,44.22,59.49,8.11
442.91,40.18,20.19,22.73,8.08,73.08,44.22,59.49,8.11
442.92,40.18,20.19,22.70,8.09,73.08,44.12,59.49,8.11
442.93,40.18,20.19,22.70,8.08,73.08,44.12,59.49,8.11
442.94,40.18,20.14,22.66,8.08,73.30,44.22,59.49,8.11
442.95,40.10,20.19,22.70,8.08,73.08,44.12,59.33,8.11
442.96,40.18,20.19,22.70,8.07,73.08,44.12,59.49,8.11
442.97,40.10,20.19,22.73,8.08,73.08,44.22,59.33,8.11
442.98,40.18,20.19,22.73,8.08,73.08,44.12,59.49,8.11
442.99,40.18,20.22,22.70,8.08,73.30,44.22,59.33,8.12
443.00,40.18,20.19,22.70,8.08,73.30,44.12,59.33,8.11
443.01,40.18,20.16,22.73,8.09,73.08,44.22,59.49,8.11
443.02,40.18,20.19,22.70,8.08,73.08,44.12,59.33,8.11
443.03,40.18,20.19,22.70,8.08,73.08,44.03,59.49,8.11
443.04,40.18,20.19,22.70,8.08,73.08,44.22,59.49,8.11
443.05,40.18,20.19,22.70,8.08,73.08,44.22,59.49,8.11
443.06,40.18,20.22,22.73,8.08,73.08,44.12,59.49,8.11
443.07,40.18,20.19,22.70,8.08,73.30,44.12,59.49,8.11
443.08,40.18,20.19,22.70,8.08,73.08,44.12,59.49,8.11
443.09,40.18,20.19,22.70,8.09,73.08,44.22,59.49,8.11
443.10,40.18,20.19,22.70,8.07,73.30,44.12,59.33,8.11
443.11,40.18,20.16,22.70,8.09,73.08,44.12,59.33,8.12
443.12,40.18,20.22,22.73,8.09,73.30,44.22,59.49,8.11
443.13,40.18,20.19,22.73,8.09,73.08,44.12,59.49,8.11
443.14,40.18,20.19,22.70,8.08,73.08,44.12,59.49,8.11
443.15,40.18,20.19,22.70,8.08,73.30,44.12,59.49,8.10
443.16,40.18,20.22,22.73,8.08,73.08,44.12,59.49,8.11
443.17,40.26,20.19,22.73,8.09,73.08,44.12,59.49,8.11
443.18,40.18,20.16,22.73,8.08,73.30,44.12,59.49,8.11
443.19,40.10,20.19,22.70,8.08,73.08,44.12,59.33,8.12
443.20,40.18,20.19,22.73,8.07,73.08,44.12,59.33,8.12
443.21,40.18,20.19,22.70,8.08,73.08,44.22,59.49,8.12
443.22,40.18,20.19,22.70,8.08,73.08,44.12,59.49,8.11
443.23,40.18,20.19,22.70,8.08,73.30,44.12,59.49,8.11
443.24,40.18,20.16,22.70,8.08,73.08,44.12,59.64,8.11
443.25,40.18,20.19,22.73,8.08,72.85,44.22,59.49,8.11
443.26,40.18,20.19,22.73,8.08,73.52,44.12,59.49,8.12
443.27,40.18,20.19,22.66,8.07,73.08,44.12,59.33,8.12
443.28,40.18,20.19,22.70,8.08,73.30,44.12,59.49,8.11
443.29,40.18,20.19,22.70,8.08,73.08,44.12,59.33,8.11
443.30,40.18,20.19,22.70,8.08,73.08,44.12,59.64,8.11
443.31,40.18,20.19,22.73,8.08,73.30,44.22,59.33,8.11
443.32,40.18,20.22,22.70,8.08,73.30,44.12,59.49,8.11
443.33,40.18,20.19,22.70,8.08,73.08,44.12,59.49,8.11
443.34,40.18,20.19,22.73,8.08,73.08,44.12,59.49,8.11
443.35,40.18,20.19,22.73,8.08,73.08,44.12,59.49,8.11
443.36,40.18,20.19,22.73,8.09,73.30,44.12,59.33,8.11
443.37,40.18,20.22,22.70,8.07,73.08,44.22,59.49,8.11
443.38,40.18,20.19,22.73,8.08,73.08,44.22,59.33,8.11
443.39,40.18,20.19,22.70,8.08,73.30,44.12,59.49,8.11
443.40,40.18,20.19,22.70,8.08,73.30,44.12,59.49,8.11
443.41,40.18,20.16,22.73,8.08,73.30,44.22,59.49,8.11
443.42,40.18,20.19,22.70,8.08,73.30,44.12,59.49,8.11
443.43,40.18,20.22,22.73,8.08,73.30,44.12,59.64,8.12
443.44,40.18,20.19,22.73,8.09,73.08,44.22,59.49,8.12
443.45,40.10,20.19,22.73,8.08,73.30,44.12,59.49,8.12
443.46,40.18,20.19,22.73,8.09,73.08,44.12,59.49,8.11
443.47,40.18,20.16,22.73,8.08,73.08,44.22,59.33,8.11
443.48,40.18,20.19,22.73,8.08,73.08,44.12,59.49,8.11
443.49,40.18,20.22,22.70,8.08,73.30,44.12,59.33,8.13
443.50,40.18,20.19,22.73,8.08,73.08,44.22,59.49,8.11
443.51,40.18,20.19,22.73,8.08,73.30,44.22,59.49,8.11
443.52,40.18,20.19,22.73,8.08,73.30,44.22,59.64,8.12
443.53,40.18,20.19,22.70,8.08,73.30,44.12,59.49,8.11
443.54,40.18,20.19,22.73,8.08,73.30,44.12,59.49,8.11
443.55,40.18,20.22,22.73,8.08,73.30,44.12,59.33,8.12
443.56,40.18,20.19,22.73,8.09,73.30,44.12,59.49,8.11
443.57,40.18,20.22,22.73,8.08,73.30,44.22,59.49,8.11
443.58,40.18,20.16,22.70,8.07,73.08,44.12,59.33,8.11
443.59,40.26,20.16,22.70,8.08,73.08,44.22,59.64,8.11
443.60,40.18,20.19,22.73,8.08,73.08,44.22,59.49,8.11
443.61,40.18,20.22,22.73,8.08,73.30,44.12,59.49,8.11
443.62,40.18,20.22,22.70,8.08,73.30,44.12,59.49,8.12
443.63,40.18,20.19,22.73,8.08,73.30,44.12,59.49,8.12
443.64,40.18,20.19,22.70,8.08,73.30,44.22,59.49,8.12
443.65,40.18,20.22,22.73,8.07,73.08,44.12,59.33,8.11
443.66,40.18,20.22,22.73,8.08,73.30,44.12,59.49,8.11
443.67,40.18,20.19,22.70,8.08,73.30,44.22,59.49,8.11
443.68,40.18,20.19,22.70,8.08,73.30,44.22,59.49,8.11
443.69,40.18,20.19,22.73,8.08,73.08,44.22,59.49,8.11
443.70,40.18,20.16,22.73,8.09,73.08,44.12,59.49,8.11
443.71,40.18,20.19,22.70,8.08,73.08,44.22,59.49,8.11
443.72,40.18,20.19,22.70,8.09,73.08,44.22,59.49,8.11
443.73,40.18,20.19,22.70,8.09,73.30,44.22,59.33,8.11
443.74,40.18,20.19,22.70,8.08,73.08,44.12,59.49,8.11
443.75,40.18,20.22,22.70,8.07,73.30,44.12,59.49,8.11
443.76,40.18,20.22,22.70,8.08,73.30,44.22,59.64,8.12
443.77,40.18,20.22,22.70,8.08,73.30,44.12,59.33,8.11
443.78,40.18,20.22,22.73,8.08,73.30,44.12,59.49,8.11
443.79,40.18,20.19,22.73,8.08,73.30,44.22,59.49,8.11
443.80,40.18,20.19,22.73,8.09,73.08,44.22,59.49,8.11
443.81,40.18,20.22,22.73,8.08,73.30,44.22,59.64,8.12
443.82,40.18,20.16,22.70,8.09,73.08,44.22,59.49,8.11
443.83,40.18,20.22,22.70,8.07,73.08,44.12,59.33,8.11
443.84,40.18,20.22,22.70,8.08,73.08,44.22,59.64,8.12
443.85,40.18,20.19,22.73,8.08,73.08,44.12,59.49,8.11
443.86,40.18,20.22,22.70,8.08,73.30,44.22,59.49,8.11
443.87,40.18,20.19,22.73,8.08,73.08,44.12,59.33,8.11
443.88,40.18,20.19,22.73,8.08,73.30,44.22,59.49,8.12
443.89,40.18,20.22,22.73,8.08,73.08,44.22,59.33,8.12
443.90,40.18,20.22,22.70,8.08,73.30,44.12,59.49,8.11
443.91,40.18,20.19,22.73,8.08,73.30,44.22,59.64,8.13
443.92,40.18,20.19,22.73,8.09,73.08,44.22,59.49,8.12
443.93,40.18,20.19,22.73,8.08,73.30,44.22,59.49,8.11
443.94,40.18,20.16,22.70,8.08,73.30,44.22,59.49,8.11
443.95,40.18,20.19,22.73,8.08,73.30,44.12,59.49,8.11
443.96,40.18,20.19,22.73,8.08,73.08,44.12,59.64,8.12
443.97,40.18,20.19,22.73,8.08,73.30,44.12,59.49,8.11
443.98,40.18,20.22,22.70,8.08,73.08,44.22,59.49,8.11
443.99,40.10,20.19,22.73,8.08,73.30,44.22,59.49,8.11
444.00,40.18,20.16,22.73,8.08,73.08,44.12,59.33,8.11
444.01,40.18,20.19,22.73,8.08,73.08,44.22,59.49,8.11
444.02,40.18,20.19,22.70,8.08,73.08,44.22,59.33,8.11
444.03,40.18,20.19,22.70,8.08,73.30,44.22,59.49,8.12
444.04,40.18,20.19,22.73,8.08,73.08,44.22,59.49,8.11
444.05,40.18,20.19,22.73,8.08,73.30,44.12,59.49,8.12
444.06,40.18,20.22,22.70,8.09,73.30,44.22,59.49,8.11
444.07,40.18,20.19,22.73,8.08,73.30,44.22,59.49,8.12
444.08,40.18,20.19,22.73,8.08,73.08,44.22,59.49,8.11
444.09,40.18,20.19,22.73,8.08,73.30,44.22,59.49,8.12
444.10,40.18,20.22,22.73,8.08,73.08,44.12,59.49,8.11
444.11,40.18,20.19,22.73,8.09,73.08,44.22,59.49,8.12
444.12,40.18,20.19,22.73,8.09,73.30,44.22,59.49,8.11
444.13,40.18,20.22,22.70,8.08,73.30,44.31,59.33,8.13
444.14,40.18,20.16,22.73,8.08,73.08,44.22,59.49,8.11
444.15,40.18,20.19,22.70,8.09,73.30,44.22,59.49,8.11
444.16,40.10,20.19,22.70,8.10,73.08,44.22,59.49,8.12
444.17,40.18,20.19,22.73,8.08,73.30,44.22,59.49,8.11
444.18,40.18,20.22,22.73,8.09,73.30,44.22,59.49,8.11
444.19,40.18,20.22,22.73,8.08,73.30,44.22,59.33,8.11
444.20,40.18,20.19,22.70,8.08,73.08,44.12,59.49,8.11
444.21,40.18,20.22,22.70,8.08,73.08,44.22,59.49,8.11
444.22,40.18,20.19,22.73,8.08,73.30,44.31,59.49,8.12
444.23,40.18,20.19,22.73,8.09,73.30,44.22,59.64,8.12
444.24,40.18,20.19,22.73,8.08,73.30,44.03,59.33,8.11
444.25,40.18,20.19,22.73,8.08,73.08,44.31,59.33,8.12
444.26,40.18,20.19,22.70,8.07,73.30,44.22,59.64,8.12
444.27,40.18,20.19,22.70,8.08,73.08,44.22,59.49,8.11
444.28,40.18,20.19,22.73,8.07,73.30,44.12,59.49,8.11
444.29,40.18,20.22,22.70,8.08,73.08,44.12,59.49,8.12
444.30,40.18,20.19,22.73,8.08,73.08,44.12,59.49,8.11
444.31,40.18,20.19,22.73,8.08,73.30,44.22,59.33,8.12
444.32,40.18,20.19,22.73,8.08,73.30,44.22,59.49,8.11
444.33,40.10,20.19,22.73,8.08,73.08,44.12,59.49,8.12
444.34,40.10,20.19,22.70,8.08,73.30,44.22,59.49,8.12
444.35,40.34,20.19,22.70,8.08,73.08,44.22,59.49,8.12
444.36,40.02,20.22,22.73,8.08,73.08,44.22,59.49,8.11
444.37,40.18,20.19,22.73,8.09,73.08,44.22,59.49,8.11
444.38,40.18,20.19,22.70,8.08,73.30,44.22,59.49,8.12
444.39,40.18,20.22,22.70,8.08,73.30,44.22,59.64,8.13
444.40,40.18,20.22,22.73,8.08,73.30,44.22,59.49,8.11
444.41,40.18,20.22,22.73,8.08,73.08,44.22,59.49,8.12
444.42,40.18,20.19,22.70,8.08,73.08,44.22,59.49,8.11
444.43,40.18,20.19,22.73,8.08,73.30,44.12,59.49,8.12
444.44,40.18,20.19,22.70,8.08,73.08,44.22,59.49,8.12
444.45,40.18,20.19,22.73,8.08,73.08,44.22,59.33,8.12
444.46,40.18,20.19,22.73,8.08,73.08,44.22,59.49,8.11
444.47,40.18,20.19,22.73,8.08,73.08,44.22,59.64,8.11
444.48,40.18,20.19,22.70,8.09,73.08,44.12,59.49,8.11
444.49,40.18,20.19,22.70,8.08,73.30,44.22,59.64,8.11
444.50,40.18,20.22,22.73,8.09,73.30,44.12,59.33,8.11
444.51,40.18,20.22,22.73,8.09,73.08,44.12,59.33,8.11
444.52,40.18,20.19,22.70,8.09,73.30,44.12,59.33,8.11
444.53,40.18,20.19,22.73,8.08,73.08,44.12,59.64,8.11
444.54,40.18,20.22,22.70,8.08,73.08,44.03,59.49,8.12
444.55,40.26,20.19,22.70,8.08,73.30,44.22,59.33,8.11
444.56,40.18,20.22,22.73,8.08,73.30,44.22,59.49,8.12
444.57,40.18,20.22,22.70,8.08,73.08,44.12,59.33,8.11
444.58,40.18,20.19,22.70,8.08,73.30,44.12,59.64,8.11
444.59,40.18,20.22,22.73,8.08,73.30,44.12,59.49,8.11
444.60,40.18,20.19,22.73,8.08,73.30,44.31,59.49,8.12
444.61,40.18,20.19,22.73,8.08,73.30,44.12,59.64,8.11
444.62,40.18,20.22,22.70,8.08,73.30,44.22,59.64,8.11
444.63,40.18,20.16,22.73,8.09,73.30,44.12,59.49,8.11
444.64,40.10,20.19,22.73,8.09,73.08,44.22,59.49,8.11
444.65,40.18,20.19,22.73,8.08,73.08,44.12,59.49,8.11
444.66,40.18,20.19,22.70,8.09,73.30,44.12,59.49,8.11
444.67,40.18,20.16,22.73,8.08,73.30,44.22,59.49,8.12
444.68,40.18,20.19,22.73,8.08,73.08,44.12,59.49,8.11
444.69,40.18,20.19,22.73,8.08,73.30,44.22,59.64,8.12
444.70,40.18,20.19,22.70,8.08,73.30,44.12,59.33,8.11
444.71,40.18,20.19,22.73,8.09,73.30,44.12,59.49,8.12
444.72,40.18,20.19,22.73,8.08,73.30,44.12,59.49,8.11
444.73,40.18,20.19,22.73,8.08,73.30,44.22,59.49,8.12
444.74,40.18,20.19,22.70,8.09,73.30,44.22,59.33,8.12
444.75,40.18,20.22,22.73,8.08,73.30,44.22,59.49,8.11
444.76,40.18,20.19,22.70,8.07,73.08,44.22,59.33,8.12
444.77,40.18,20.22,22.73,8.08,73.30,44.22,59.49,8.12
444.78,40.18,20.19,22.73,8.08,73.30,44.22,59.49,8.11
444.79,40.18,20.22,22.73,8.08,73.30,44.12,59.49,8.11
444.80,40.18,20.19,22.70,8.08,73.08,44.22,59.49,8.12
444.81,40.18,20.19,22.73,8.07,73.08,44.22,59.33,8.12
444.82,40.18,20.19,22.73,8.08,73.30,44.12,59.49,8.13
444.83,40.18,20.19,22.73,8.08,73.08,44.22,59.49,8.12
444.84,40.18,20.19,22.70,8.08,73.30,44.12,59.49,8.11
444.85,40.18,20.19,22.73,8.08,73.08,44.22,59.49,8.11
444.86,40.18,20.19,22.70,8.09,73.30,44.12,59.49,8.11
444.87,40.18,20.22,22.70,8.08,73.08,44.12,59.49,8.11
444.88,40.18,20.22,22.73,8.08,73.08,44.12,59.64,8.13
444.89,40.18,20.22,22.70,8.08,73.30,44.12,59.49,8.11
444.90,40.18,20.22,22.73,8.08,73.30,44.12,59.49,8.11
444.91,40.18,20.22,22.70,8.08,73.30,44.22,59.49,8.11
444.92,40.18,20.19,22.73,8.08,73.30,44.12,59.49,8.11
444.93,40.18,20.22,22.73,8.09,73.30,44.12,59.49,8.11
444.94,40.18,20.19,22.70,8.08,73.08,44.22,59.49,8.12
444.95,40.18,20.19,22.73,8.08,73.08,44.22,59.64,8.12
444.96,40.10,20.19,22.73,8.08,73.30,44.12,59.49,8.11
444.97,40.18,20.19,22.70,8.08,73.08,44.12,59.49,8.11
444.98,40.18,20.22,22.70,8.08,73.30,44.12,59.49,8.11
444.99,40.18,20.19,22.73,8.08,73.30,44.22,59.49,8.11
445.00,40.18,20.19,22.70,8.09,73.30,44.22,59.49,8.11
445.01,40.18,20.19,22.70,8.09,73.08,44.12,59.49,8.11
445.02,40.26,20.19,22.73,8.08,73.08,44.22,59.49,8.11
445.03,40.18,20.19,22.73,8.08,73.30,44.12,59.49,8.12
445.04,40.18,20.19,22.73,8.08,73.30,44.12,59.49,8.13
445.05,40.18,20.22,22.73,8.08,73.08,44.12,59.64,8.11
445.06,40.18,20.19,22.70,8.08,73.08,44.12,59.49,8.11
445.07,40.18,20.19,22.73,8.08,73.30,44.12,59.49,8.11
445.08,40.18,20.19,22.70,8.07,73.30,44.12,59.49,8.12
445.09,40.18,20.19,22.70,8.09,73.08,44.22,59.49,8.11
445.10,40.18,20.22,22.70,8.08,73.30,44.22,59.33,8.11
445.11,40.18,20.19,22.70,8.08,73.30,44.22,59.49,8.12
445.12,40.18,20.22,22.73,8.08,73.30,44.22,59.33,8.11
445.13,40.10,20.22,22.73,8.09,73.08,44.12,59.49,8.11
445.14,40.18,20.22,22.70,8.08,73.08,44.12,59.49,8.12
445.15,40.18,20.19,22.73,8.08,73.30,44.12,59.49,8.11
445.16,40.18,20.22,22.73,8.08,73.08,44.22,59.49,8.11
445.17,40.18,20.22,22.70,8.07,73.08,44.22,59.49,8.12
445.18,40.10,20.19,22.70,8.08,73.30,44.12,59.49,8.11
445.19,40.18,20.19,22.73,8.09,73.08,44.12,59.49,8.11
445.20,40.18,20.19,22.70,8.08,73.08,44.22,59.49,8.12
445.21,40.18,20.16,22.73,8.08,73.30,44.12,59.49,8.11
445.22,40.18,20.22,22.73,8.08,73.30,44.22,59.49,8.11
445.23,40.18,20.19,22.70,8.08,73.30,44.12,59.49,8.11
445.24,40.18,20.19,22.70,8.08,73.08,44.22,59.49,8.12
445.25,40.18,20.19,22.70,8.08,73.30,44.22,59.49,8.11
445.26,40.18,20.22,22.73,8.09,73.30,44.22,59.49,8.11
445.27,40.18,20.22,22.73,8.08,73.08,44.22,59.49,8.11
445.28,40.18,20.19,22.73,8.08,73.08,44.12,59.49,8.12
445.29,40.18,20.19,22.73,8.10,73.08,44.22,59.49,8.11
445.30,40.18,20.19,22.73,8.09,73.30,44.22,59.49,8.12
445.31,40.18,20.19,22.70,8.08,73.08,44.12,59.49,8.11
445.32,40.18,20.19,22.73,8.08,73.08,44.22,59.49,8.12
445.33,40.18,20.16,22.73,8.08,73.30,44.22,59.49,8.11
445.34,40.18,20.16,22.70,8.08,73.08,44.22,59.64,8.11
445.35,40.18,20.22,22.73,8.08,73.30,44.22,59.49,8.11
445.36,40.18,20.19,22.70,8.09,73.30,44.22,59.49,8.11
445.37,40.18,20.19,22.70,8.07,73.30,44.12,59.33,8.12
445.38,40.18,20.19,22.70,8.09,73.08,44.12,59.49,8.11
445.39,40.18,20.19,22.73,8.08,73.08,44.22,59.49,8.12
445.40,40.18,20.19,22.70,8.08,73.30,44.22,59.49,8.11
445.41,40.10,20.19,22.73,8.08,73.30,44.12,59.49,8.11
445.42,40.18,20.22,22.70,8.08,73.08,44.22,59.64,8.12
445.43,40.10,20.19,22.73,8.08,73.30,44.12,59.49,8.11
445.44,40.18,20.19,22.70,8.08,73.30,44.03,59.49,8.11
445.45,40.18,20.19,22.70,8.08,73.30,44.22,59.49,8.11
445.46,40.18,20.19,22.73,8.08,73.08,44.12,59.49,8.12
445.47,40.18,20.19,22.73,8.08,73.30,44.12,59.49,8.11
445.48,40.18,20.19,22.73,8.08,73.08,44.22,59.64,8.11
445.49,40.18,20.19,22.70,8.08,73.08,44.22,59.49,8.10
445.50,40.18,20.16,22.73,8.08,73.30,44.22,59.49,8.11
445.51,40.18,20.19,22.73,8.08,73.08,44.22,59.49,8.11
445.52,40.18,20.22,22.73,8.08,73.30,44.12,59.49,8.11
445.53,40.18,20.19,22.70,8.08,73.08,44.22,59.33,8.11
445.54,40.18,20.19,22.70,8.08,73.30,44.22,59.49,8.13
445.55,40.26,20.22,22.70,8.08,73.30,44.22,59.64,8.11
445.56,40.02,20.16,22.73,8.09,73.08,44.22,59.49,8.12
445.57,40.18,20.22,22.73,8.08,73.30,44.22,59.33,8.13
445.58,40.18,20.19,22.73,8.08,73.08,44.22,59.49,8.11
445.59,40.18,20.19,22.70,8.08,73.08,44.12,59.49,8.11
445.60,40.18,20.16,22.70,8.08,73.30,44.12,59.49,8.12
445.61,40.18,20.19,22.73,8.09,73.30,44.12,59.49,8.11
445.62,40.18,20.19,22.73,8.10,73.08,44.22,59.49,8.11
445.63,40.18,20.22,22.70,8.09,73.52,44.22,59.49,8.11
445.64,40.18,20.19,22.70,8.08,73.30,44.12,59.49,8.11
445.65,40.18,20.19,22.73,8.09,73.08,44.22,59.33,8.11
445.66,40.18,20.19,22.70,8.09,73.30,44.22,59.49,8.11
445.67,40.18,20.22,22.73,8.08,73.30,44.22,59.33,8.11
445.68,40.18,20.19,22.70,8.08,73.30,44.22,59.33,8.11
445.69,40.10,20.19,22.70,8.08,73.08,44.22,59.33,8.12
445.70,40.18,20.19,22.70,8.08,73.30,44.12,59.49,8.12
445.71,40.18,20.19,22.70,8.08,73.30,44.22,59.18,8.12
445.72,40.18,20.22,22.70,8.08,73.30,44.22,59.33,8.12
445.73,40.18,20.19,22.73,8.08,73.30,44.22,59.49,8.11
445.74,40.10,20.19,22.73,8.08,73.08,44.12,59.49,8.12
445.75,40.18,20.19,22.73,8.10,73.08,44.22,59.33,8.11
445.76,40.18,20.19,22.70,8.08,73.08,44.22,59.49,8.12
445.77,40.18,20.19,22.70,8.08,73.30,44.12,59.49,8.11
445.78,40.18,20.19,22.73,8.08,73.30,44.12,59.49,8.11
445.79,40.18,20.19,22.73,8.08,73.30,44.12,59.33,8.11
445.80,40.18,20.19,22.73,8.08,73.08,44.12,59.49,8.11
445.81,40.18,20.19,22.70,8.08,73.30,44.12,59.49,8.12
445.82,40.10,20.19,22.73,8.09,73.08,44.22,59.49,8.11
445.83,40.18,20.19,22.70,8.08,73.30,44.12,59.33,8.13
445.84,40.18,20.19,22.73,8.08,73.30,44.22,59.33,8.11
445.85,40.18,20.19,22.73,8.09,73.08,44.31,59.49,8.12
445.86,40.10,20.19,22.70,8.08,73.30,44.12,59.49,8.11
445.87,40.18,20.19,22.73,8.09,73.08,44.22,59.33,8.13
445.88,40.18,20.22,22.70,8.08,73.08,44.12,59.49,8.12
445.89,40.18,20.19,22.70,8.08,73.30,44.22,59.49,8.11
445.90,40.18,20.19,22.70,8.09,73.08,44.12,59.49,8.11
445.91,40.18,20.19,22.70,8.09,73.30,44.22,59.49,8.11
445.92,40.10,20.19,22.73,8.08,73.08,44.22,59.49,8.12
445.93,40.10,20.22,22.70,8.08,73.30,44.22,59.49,8.12
445.94,40.10,20.19,22.70,8.07,73.08,44.12,59.49,8.11
445.95,40.18,20.22,22.73,8.10,73.30,44.12,59.49,8.11
445.96,40.18,20.19,22.70,8.09,73.08,44.22,59.49,8.11
445.97,40.18,20.19,22.73,8.08,73.30,44.12,59.49,8.12
445.98,40.10,20.19,22.73,8.08,73.30,44.12,59.49,8.11
445.99,40.18,20.22,22.73,8.08,73.30,44.12,59.49,8.11
446.00,40.18,20.22,22.70,8.08,73.30,44.22,59.49,8.11
446.01,40.18,20.19,22.70,8.09,73.30,44.22,59.49,8.12
446.02,40.18,20.16,22.70,8.08,73.08,44.22,59.49,8.11
446.03,40.18,20.19,22.73,8.08,73.08,44.22,59.49,8.12
446.04,40.18,20.19,22.73,8.08,73.30,44.22,59.49,8.12
446.05,40.10,20.19,22.70,8.08,73.30,44.12,59.49,8.11
446.06,40.10,20.22,22.70,8.09,73.30,44.22,59.49,8.11
446.07,40.10,20.22,22.73,8.08,73.30,44.22,59.49,8.11
446.08,40.18,20.22,22.73,8.08,73.30,44.12,59.49,8.12
446.09,40.10,20.19,22.70,8.09,73.08,44.12,59.49,8.11
446.10,40.18,20.22,22.70,8.08,73.08,44.22,59.49,8.11
446.11,40.18,20.19,22.70,8.09,73.08,44.12,59.33,8.11
446.12,40.18,20.22,22.70,8.09,73.08,44.12,59.49,8.11
446.13,40.10,20.22,22.70,8.08,73.30,44.12,59.49,8.11
446.14,40.18,20.16,22.73,8.08,73.08,44.22,59.49,8.12
446.15,40.10,20.19,22.70,8.10,73.08,44.12,59.49,8.11
446.16,40.10,20.19,22.70,8.09,73.30,44.22,59.33,8.12
446.17,40.18,20.19,22.70,8.08,73.08,44.12,59.49,8.11
446.18,40.10,20.19,22.70,8.08,73.30,44.22,59.64,8.12
446.19,40.18,20.19,22.73,8.08,73.30,44.22,59.49,8.12
446.20,40.10,20.19,22.70,8.08,73.30,44.12,59.33,8.11
446.21,40.18,20.19,22.73,8.08,73.08,44.22,59.49,8.12
446.22,40.10,20.22,22.73,8.09,73.30,44.12,59.49,8.11
446.23,40.10,20.19,22.70,8.08,73.08,44.12,59.33,8.11
446.24,40.10,20.19,22.73,8.08,73.08,44.22,59.64,8.11
446.25,40.10,20.19,22.73,8.08,73.08,44.22,59.49,8.12
446.26,40.10,20.19,22.70,8.08,73.08,44.22,59.33,8.11
446.27,40.10,20.16,22.70,8.09,73.08,44.22,59.49,8.11
446.28,40.10,20.19,22.70,8.08,73.08,44.22,59.49,8.11
446.29,40.18,20.19,22.73,8.08,73.30,44.12,59.49,8.11
446.30,40.18,20.19,22.66,8.08,73.08,44.12,59.49,8.12
446.31,40.10,20.19,22.73,8.08,73.30,44.12,59.49,8.11
446.32,40.18,20.19,22.70,8.08,73.08,44.12,59.33,8.11
446.33,40.10,20.22,22.70,8.08,73.30,44.22,59.33,8.11
446.34,40.18,20.22,22.70,8.08,73.08,44.12,59.49,8.11
446.35,40.10,20.16,22.70,8.09,73.08,44.12,59.49,8.11
446.36,40.10,20.19,22.70,8.08,73.08,44.22,59.49,8.11
446.37,40.18,20.19,22.70,8.08,73.30,44.12,59.49,8.11
446.38,40.18,20.19,22.73,8.08,73.08,44.22,59.49,8.11
446.39,40.02,20.19,22.73,8.09,73.30,44.12,59.49,8.11
446.40,40.18,20.22,22.70,8.08,73.30,44.12,59.49,8.11
446.41,40.10,20.19,22.70,8.08,73.08,44.22,59.49,8.11
446.42,40.10,20.22,22.70,8.08,73.30,44.12,59.49,8.12
446.43,40.18,20.19,22.70,8.08,73.08,44.22,59.49,8.12
446.44,40.10,20.19,22.70,8.07,73.08,44.22,59.49,8.12
446.45,40.10,20.19,22.66,8.09,73.30,44.12,59.49,8.12
446.46,40.10,20.19,22.73,8.08,73.30,44.22,59.33,8.11
446.47,40.10,20.19,22.66,8.08,73.08,44.12,59.49,8.11
446.48,40.10,20.22,22.70,8.08,73.08,44.22,59.49,8.11
446.49,40.10,20.16,22.70,8.07,73.08,44.22,59.49,8.11
446.50,40.10,20.19,22.70,8.08,73.08,44.22,59.33,8.10
446.51,40.18,20.16,22.73,8.08,73.30,44.22,59.33,8.11
446.52,40.10,20.22,22.73,8.08,73.08,44.12,59.49,8.11
446.53,40.10,20.19,22.70,8.08,73.08,44.12,59.33,8.11
446.54,40.10,20.19,22.70,8.08,73.08,44.12,59.33,8.12
446.55,40.10,20.22,22.70,8.09,73.08,44.22,59.33,8.11
446.56,40.10,20.19,22.70,8.08,73.30,44.22,59.49,8.11
446.57,40.18,20.19,22.70,8.08,73.08,44.12,59.33,8.11
446.58,40.10,20.22,22.73,8.08,73.30,44.12,59.49,8.12
446.59,40.10,20.19,22.70,8.08,73.08,44.22,59.33,8.11
446.60,40.10,20.19,22.66,8.08,73.08,44.12,59.49,8.11
446.61,40.10,20.19,22.66,8.07,73.08,44.22,59.49,8.11
446.62,40.10,20.19,22.70,8.08,73.08,44.22,59.49,8.12
446.63,40.10,20.16,22.70,8.08,73.08,44.12,59.49,8.11
446.64,40.10,20.19,22.70,8.08,73.08,44.12,59.49,8.11
446.65,40.18,20.16,22.70,8.08,73.08,44.12,59.33,8.11
446.66,40.10,20.16,22.70,8.10,73.08,44.22,59.33,8.11
446.67,40.18,20.19,22.66,8.08,73.08,44.22,59.33,8.10
446.68,40.10,20.19,22.70,8.08,73.30,44.22,59.49,8.12
446.69,40.10,20.16,22.70,8.08,73.30,44.12,59.49,8.11
446.70,40.18,20.19,22.70,8.08,73.08,44.12,59.49,8.11
446.71,40.10,20.16,22.70,8.08,73.08,44.12,59.33,8.11
446.72,40.18,20.16,22.70,8.08,73.08,44.12,59.49,8.11
446.73,40.02,20.19,22.70,8.08,73.08,44.12,59.33,8.11
446.74,40.02,20.19,22.70,8.08,73.08,44.12,59.49,8.12
446.75,40.18,20.19,22.70,8.09,73.30,44.22,59.49,8.12
446.76,40.10,20.19,22.70,8.08,73.08,44.12,59.49,8.11
446.77,40.10,20.19,22.73,8.08,73.08,44.22,59.33,8.11
446.78,40.10,20.19,22.73,8.08,73.30,44.22,59.49,8.12
446.79,40.10,20.19,22.70,8.08,73.30,44.12,59.33,8.11
446.80,40.10,20.19,22.70,8.09,73.30,44.22,59.33,8.11
446.81,40.10,20.22,22.70,8.08,73.30,44.12,59.33,8.12
446.82,40.10,20.16,22.70,8.08,72.85,44.12,59.49,8.11
446.83,40.02,20.22,22.70,8.07,73.30,44.12,59.49,8.11
446.84,40.10,20.19,22.66,8.09,73.30,44.12,59.49,8.11
446.85,40.02,20.19,22.66,8.07,73.30,44.12,59.33,8.11
446.86,40.02,20.16,22.70,8.08,73.30,44.12,59.49,8.11
446.87,40.10,20.19,22.70,8.09,73.08,44.22,59.64,8.11
446.88,40.10,20.19,22.70,8.08,73.08,44.12,59.33,8.10
446.89,40.10,20.19,22.70,8.08,73.30,44.22,59.33,8.11
446.90,40.10,20.16,22.70,8.08,73.30,44.12,59.64,8.11
446.91,40.10,20.19,22.70,8.08,73.08,44.22,59.49,8.11
446.92,40.10,20.19,22.70,8.08,73.08,44.22,59.49,8.11
446.93,40.10,20.22,22.70,8.08,73.08,44.12,59.49,8.11
446.94,40.10,20.16,22.70,8.08,73.08,44.22,59.33,8.11
446.95,40.10,20.16,22.66,8.08,73.08,44.12,59.33,8.11
446.96,40.10,20.19,22.70,8.09,73.08,44.12,59.49,8.11
446.97,40.10,20.19,22.66,8.08,73.08,44.22,59.49,8.11
446.98,40.10,20.16,22.70,8.08,73.08,44.12,59.49,8.11
446.99,40.10,20.19,22.70,8.08,73.08,44.22,59.33,8.11
447.00,40.10,20.16,22.70,8.09,73.08,44.22,59.49,8.11
447.01,40.10,20.16,22.70,8.08,73.08,44.03,59.49,8.11
447.02,40.10,20.19,22.66,8.08,73.08,44.12,59.33,8.11
447.03,40.10,20.19,22.70,8.08,73.08,44.12,59.49,8.11
447.04,40.10,20.16,22.66,8.08,73.08,44.12,59.33,8.12
447.05,40.10,20.19,22.66,8.09,73.08,44.22,59.49,8.11
447.06,40.10,20.19,22.70,8.07,73.08,44.12,59.33,8.12
447.07,40.10,20.19,22.70,8.09,73.08,44.22,59.49,8.11
447.08,40.10,20.22,22.70,8.08,73.08,44.22,59.33,8.11
447.09,40.10,20.19,22.70,8.08,73.08,44.12,59.33,8.11
447.10,40.10,20.19,22.66,8.08,73.08,44.12,59.49,8.11
447.11,40.10,20.16,22.70,8.08,73.30,44.12,59.33,8.11
447.12,40.18,20.16,22.70,8.08,73.08,44.12,59.33,8.11
447.13,40.10,20.19,22.66,8.08,73.08,44.22,59.33,8.12
447.14,40.10,20.22,22.66,8.09,73.08,44.12,59.33,8.12
447.15,40.10,20.19,22.70,8.09,73.08,44.12,59.49,8.12
447.16,40.10,20.16,22.70,8.08,73.30,44.12,59.49,8.11
447.17,40.10,20.19,22.70,8.08,73.30,44.12,59.33,8.11
447.18,40.10,20.19,22.66,8.08,73.08,44.22,59.49,8.12
447.19,40.10,20.19,22.66,8.08,73.08,44.22,59.49,8.11
447.20,40.10,20.22,22.70,8.08,73.08,44.12,59.33,8.11
447.21,40.10,20.19,22.70,8.08,73.30,44.22,59.33,8.11
447.22,40.10,20.16,22.70,8.09,73.08,44.12,59.49,8.11
447.23,40.10,20.19,22.66,8.08,73.30,44.22,59.49,8.11
447.24,40.10,20.16,22.70,8.09,73.08,44.22,59.33,8.12
447.25,40.10,20.16,22.66,8.08,73.08,44.12,59.33,8.11
447.26,40.10,20.19,22.70,8.08,73.08,44.22,59.49,8.11
447.27,40.10,20.16,22.66,8.08,73.08,44.12,59.64,8.12
447.28,40.10,20.19,22.66,8.08,73.30,44.22,59.49,8.12
447.29,40.10,20.16,22.70,8.09,73.08,44.22,59.49,8.11
447.30,40.10,20.19,22.70,8.08,73.08,44.12,59.33,8.12
447.31,40.10,20.19,22.66,8.08,73.08,44.12,59.33,8.12
447.32,40.10,20.19,22.70,8.08,73.30,44.22,59.33,8.11
447.33,40.10,20.22,22.70,8.08,73.30,44.12,59.33,8.11
447.34,40.10,20.19,22.70,8.09,73.08,44.22,59.49,8.11
447.35,40.10,20.19,22.70,8.09,73.08,44.12,59.49,8.11
447.36,40.10,20.16,22.70,8.08,73.08,44.12,59.49,8.11
447.37,40.02,20.16,22.70,8.08,73.08,44.12,59.49,8.11
447.38,40.10,20.19,22.66,8.08,73.08,44.22,59.33,8.12
447.39,40.10,20.19,22.66,8.08,73.30,44.12,59.33,8.11
447.40,40.10,20.19,22.66,8.07,73.08,44.12,59.49,8.11
447.41,40.10,20.19,22.70,8.08,73.08,44.12,59.33,8.10
447.42,40.10,20.19,22.70,8.08,73.08,44.12,59.49,8.12
447.43,40.10,20.19,22.66,8.07,73.08,44.12,59.49,8.11
447.44,40.10,20.16,22.70,8.08,73.08,44.12,59.33,8.11
447.45,40.10,20.19,22.66,8.09,73.30,44.12,59.33,8.11
447.46,40.10,20.19,22.70,8.08,73.30,44.12,59.49,8.11
447.47,40.10,20.19,22.66,8.08,73.08,44.22,59.49,8.11
447.48,40.02,20.22,22.66,8.08,73.08,44.12,59.33,8.12
447.49,40.10,20.19,22.70,8.08,73.08,44.12,59.49,8.12
447.50,40.10,20.16,22.66,8.08,73.08,44.12,59.49,8.12
447.51,40.10,20.19,22.70,8.08,73.30,44.12,59.49,8.12
447.52,40.10,20.19,22.70,8.07,73.08,44.03,59.49,8.13
447.53,40.10,20.19,22.66,8.07,73.30,44.12,59.33,8.12
447.54,40.10,20.19,22.66,8.08,73.08,44.12,59.33,8.10
447.55,40.02,20.19,22.66,8.08,73.08,44.12,59.33,8.11
447.56,40.10,20.19,22.66,8.09,73.08,44.12,59.49,8.11
447.57,40.10,20.16,22.70,8.08,73.08,44.12,59.33,8.11
447.58,40.10,20.16,22.70,8.08,73.08,44.22,59.33,8.11
447.59,40.10,20.16,22.66,8.08,73.08,44.22,59.33,8.11
447.60,40.10,20.22,22.70,8.09,73.30,44.22,59.49,8.11
447.61,40.10,20.19,22.70,8.08,73.08,44.22,59.49,8.10
447.62,40.10,20.19,22.66,8.08,73.08,44.12,59.49,8.11
447.63,40.02,20.19,22.70,8.08,73.08,44.12,59.49,8.11
447.64,40.10,20.19,22.66,8.09,73.08,44.03,59.33,8.12
447.65,40.10,20.19,22.66,8.10,73.08,44.22,59.49,8.11
447.66,40.02,20.16,22.66,8.09,73.08,44.22,59.33,8.11
447.67,40.02,20.19,22.70,8.08,73.08,44.12,59.33,8.12
447.68,40.10,20.22,22.70,8.09,73.30,44.22,59.49,8.11
447.69,40.10,20.19,22.66,8.08,73.08,44.12,59.49,8.11
447.70,40.10,20.19,22.66,8.09,73.30,44.12,59.49,8.11
447.71,40.10,20.19,22.66,8.08,73.08,44.22,59.33,8.11
447.72,40.02,20.16,22.70,8.08,73.08,44.12,59.33,8.12
447.73,40.10,20.16,22.70,8.08,73.30,44.12,59.33,8.11
447.74,40.10,20.19,22.66,8.09,73.08,44.22,59.33,8.11
447.75,40.10,20.19,22.70,8.07,73.08,44.12,59.49,8.11
447.76,40.02,20.19,22.70,8.09,73.08,44.22,59.49,8.11
447.77,40.10,20.19,22.66,8.08,73.08,44.12,59.49,8.11
447.78,40.10,20.16,22.70,8.08,73.08,44.22,59.49,8.11
447.79,40.10,20.19,22.70,8.07,73.08,44.12,59.33,8.11
447.80,40.10,20.16,22.66,8.09,73.08,44.12,59.33,8.10
447.81,40.10,20.19,22.66,8.08,73.08,44.03,59.49,8.11
447.82,40.10,20.22,22.66,8.09,73.08,44.03,59.49,8.11
447.83,40.10,20.19,22.66,8.08,73.08,44.22,59.33,8.11
447.84,40.10,20.16,22.70,8.08,73.08,44.22,59.49,8.12
447.85,40.10,20.14,22.66,8.08,73.08,44.12,59.49,8.11
447.86,40.02,20.19,22.70,8.08,73.30,44.12,59.49,8.12
447.87,40.10,20.16,22.66,8.07,73.08,44.12,59.33,8.12
447.88,40.10,20.19,22.70,8.08,73.30,44.12,59.49,8.10
447.89,40.10,20.22,22.70,8.08,73.08,44.22,59.49,8.12
447.90,40.10,20.19,22.70,8.08,73.08,44.12,59.33,8.11
447.91,40.02,20.19,22.66,8.08,73.08,44.12,59.33,8.11
447.92,40.02,20.16,22.70,8.09,73.08,44.22,59.49,8.11
447.93,40.10,20.16,22.66,8.08,73.08,44.12,59.33,8.11
447.94,40.10,20.19,22.66,8.08,73.08,44.22,59.49,8.11
447.95,40.02,20.16,22.66,8.08,73.08,44.03,59.33,8.11
447.96,40.10,20.16,22.66,8.08,73.08,44.12,59.49,8.11
447.97,40.02,20.16,22.66,8.08,73.08,44.12,59.49,8.12
447.98,40.10,20.19,22.70,8.08,73.08,44.22,59.49,8.12
447.99,40.10,20.19,22.66,8.08,73.08,44.22,59.33,8.11
448.00,40.10,20.16,22.66,8.08,73.08,44.22,59.33,8.11
448.01,40.10,20.19,22.66,8.08,73.08,44.22,59.33,8.11
448.02,40.10,20.19,22.70,8.08,73.30,44.12,59.33,8.11
448.03,40.10,20.19,22.66,8.09,72.85,44.03,59.49,8.11
448.04,40.10,20.19,22.66,8.08,73.08,44.22,59.33,8.11
448.05,40.10,20.16,22.70,8.08,73.08,44.22,59.49,8.11
448.06,40.10,20.19,22.66,8.08,73.08,44.12,59.33,8.11
448.07,40.10,20.22,22.66,8.08,73.08,44.12,59.33,8.11
448.08,40.10,20.16,22.66,8.09,73.08,44.12,59.64,8.11
448.09,40.10,20.16,22.66,8.08,73.08,44.12,59.33,8.11
448.10,40.02,20.16,22.66,8.09,73.08,44.22,59.49,8.12
448.11,40.10,20.16,22.66,8.08,73.08,44.12,59.33,8.11
448.12,40.10,20.19,22.66,8.08,73.08,44.22,59.33,8.11
448.13,40.02,20.19,22.66,8.09,73.08,44.12,59.49,8.12
448.14,40.10,20.22,22.66,8.08,73.08,44.12,59.33,8.12
448.15,40.10,20.19,22.66,8.09,73.08,44.12,59.49,8.11
448.16,40.10,20.16,22.66,8.09,73.08,44.22,59.49,8.12
448.17,40.02,20.16,22.70,8.08,73.08,44.22,59.33,8.11
448.18,40.10,20.19,22.66,8.08,73.08,44.12,59.49,8.12
448.19,40.10,20.19,22.70,8.07,73.08,44.22,59.49,8.12
448.20,40.10,20.19,22.70,8.09,73.08,44.22,59.49,8.12
448.21,40.10,20.16,22.70,8.08,73.30,44.12,59.49,8.11
448.22,40.02,20.19,22.66,8.08,73.08,44.12,59.49,8.11
448.23,40.10,20.19,22.66,8.08,73.08,44.22,59.33,8.11
448.24,40.10,20.16,22.66,8.09,73.08,44.03,59.49,8.11
448.25,40.10,20.16,22.66,8.08,73.08,44.12,59.33,8.11
448.26,40.10,20.16,22.66,8.08,73.08,44.22,59.33,8.10
448.27,40.02,20.16,22.70,8.08,73.08,44.12,59.33,8.11
448.28,40.10,20.16,22.66,8.09,73.08,44.12,59.49,8.12
448.29,40.10,20.16,22.70,8.08,73.08,44.22,59.49,8.11
448.30,40.02,20.19,22.70,8.08,73.08,44.12,59.33,8.12
448.31,40.10,20.16,22.70,8.08,73.08,44.12,59.33,8.12
448.32,40.10,20.16,22.70,8.08,73.08,44.22,59.33,8.12
448.33,40.02,20.19,22.70,8.07,73.08,44.12,59.33,8.12
448.34,40.10,20.16,22.66,8.09,73.08,44.12,59.33,8.11
448.35,40.02,20.16,22.63,8.09,73.08,44.12,59.33,8.12
448.36,40.02,20.19,22.70,8.07,73.08,44.12,59.49,8.12
448.37,40.10,20.19,22.70,8.08,73.08,44.22,59.49,8.11
448.38,40.10,20.16,22.66,8.09,73.08,44.12,59.49,8.11
448.39,40.02,20.19,22.66,8.09,73.08,44.22,59.33,8.10
448.40,40.02,20.19,22.70,8.08,73.08,44.12,59.33,8.11
448.41,40.02,20.16,22.70,8.08,73.08,44.12,59.33,8.11
448.42,40.02,20.16,22.66,8.08,73.08,44.12,59.33,8.11
448.43,40.10,20.16,22.66,8.08,73.08,44.22,59.33,8.11
448.44,40.02,20.22,22.66,8.08,73.08,44.12,59.49,8.11
448.45,40.02,20.19,22.70,8.08,73.08,44.12,59.49,8.12
448.46,40.02,20.19,22.66,8.08,73.08,44.12,59.33,8.12
448.47,40.02,20.16,22.66,8.08,73.08,44.12,59.33,8.11
448.48,40.02,20.16,22.66,8.08,73.08,44.12,59.33,8.11
448.49,40.02,20.19,22.70,8.08,73.08,44.12,59.49,8.11
448.50,40.10,20.16,22.66,8.08,73.08,44.12,59.33,8.11
448.51,40.10,20.19,22.66,8.08,73.08,44.12,59.33,8.11
448.52,40.10,20.19,22.66,8.09,73.08,44.12,59.33,8.11
448.53,40.02,20.16,22.66,8.08,73.30,44.22,59.33,8.11
448.54,40.10,20.19,22.66,8.07,72.85,44.12,59.33,8.12
448.55,40.10,20.19,22.66,8.09,73.08,44.22,59.33,8.11
448.56,40.02,20.16,22.66,8.08,73.08,44.22,59.33,8.11
448.57,40.02,20.16,22.66,8.07,73.08,44.22,59.33,8.11
448.58,40.02,20.19,22.66,8.09,73.08,44.12,59.33,8.12
448.59,40.02,20.16,22.66,8.07,73.08,44.22,59.49,8.11
448.60,40.02,20.16,22.66,8.08,73.08,44.22,59.33,8.11
448.61,40.02,20.16,22.66,8.08,73.08,44.22,59.33,8.11
448.62,40.02,20.16,22.66,8.07,73.08,44.22,59.33,8.11
448.65,40.10,20.16,22.70,8.09,73.08,44.12,59.33,8.12
448.65,40.10,20.19,22.66,8.08,73.08,44.12,59.49,8.11
448.66,40.02,20.16,22.70,8.08,73.08,44.22,59.49,8.11
448.67,40.10,20.19,22.66,8.08,73.30,44.22,59.33,8.11
448.68,40.10,20.19,22.66,8.08,73.08,44.22,59.49,8.12
448.69,40.02,20.19,22.66,8.08,73.08,44.12,59.49,8.11
448.70,40.02,20.16,22.66,8.08,73.30,44.22,59.49,8.11
448.71,40.10,20.19,22.66,8.08,73.08,44.12,59.33,8.11
448.72,40.10,20.19,22.70,8.08,73.08,44.22,59.33,8.11
448.73,40.02,20.16,22.66,8.08,73.08,44.22,59.33,8.11
448.74,40.10,20.16,22.66,8.08,73.30,44.12,59.33,8.12
448.75,40.10,20.16,22.66,8.08,73.08,44.12,59.49,8.11
448.76,40.10,20.19,22.70,8.07,73.08,44.12,59.49,8.12
448.77,40.10,20.19,22.66,8.08,73.08,44.12,59.33,8.12
448.78,40.10,20.16,22.66,8.08,73.08,44.12,59.33,8.11
448.79,40.02,20.16,22.66,8.08,73.08,44.12,59.33,8.11
448.80,40.10,20.19,22.66,8.08,73.08,44.12,59.33,8.11
448.81,40.10,20.16,22.66,8.08,73.08,44.12,59.49,8.11
448.82,40.10,20.19,22.66,8.08,73.08,44.12,59.33,8.11
448.83,40.02,20.16,22.66,8.08,73.08,44.12,59.33,8.11
448.84,40.02,20.14,22.70,8.08,73.08,44.22,59.33,8.11
448.85,40.02,20.16,22.66,8.08,73.30,44.12,59.49,8.11
448.86,40.10,20.19,22.66,8.08,73.08,44.03,59.33,8.11
448.87,40.02,20.16,22.66,8.08,73.08,44.22,59.49,8.11
448.88,40.02,20.16,22.66,8.08,73.08,44.03,59.33,8.12
448.89,40.02,20.16,22.66,8.08,73.08,44.12,59.49,8.11
448.90,40.02,20.19,22.66,8.07,73.08,44.12,59.33,8.11
448.91,40.02,20.14,22.63,8.08,73.08,44.12,59.33,8.10
448.92,40.02,20.14,22.66,8.08,73.08,44.12,59.33,8.11
448.93,40.02,20.16,22.66,8.07,73.08,44.12,59.33,8.11
448.94,40.10,20.16,22.66,8.08,72.85,44.12,59.33,8.11
448.95,40.02,20.16,22.66,8.07,73.08,44.22,59.33,8.11
448.96,40.02,20.16,22.66,8.09,72.85,44.12,59.49,8.12
448.97,40.02,20.16,22.66,8.08,73.30,44.22,59.33,8.11
448.98,40.02,20.16,22.66,8.09,73.08,44.12,59.49,8.11
448.99,40.02,20.16,22.66,8.09,73.08,44.12,59.49,8.11
449.00,40.02,20.16,22.70,8.09,73.08,44.12,59.33,8.11
449.01,40.10,20.16,22.66,8.08,73.08,44.12,59.33,8.11
449.02,40.02,20.19,22.66,8.08,73.08,44.22,59.49,8.11
449.03,40.02,20.16,22.66,8.08,73.08,44.12,59.33,8.11
449.04,40.02,20.16,22.66,8.08,73.08,44.12,59.49,8.11
449.05,40.10,20.19,22.66,8.08,73.08,44.12,59.33,8.11
449.06,40.02,20.16,22.66,8.08,73.08,44.12,59.33,8.12
449.07,40.02,20.16,22.66,8.08,73.08,44.12,59.33,8.11
449.08,40.02,20.19,22.66,8.08,73.08,44.12,59.49,8.11
449.09,40.02,20.16,22.66,8.09,73.08,44.12,59.33,8.11
449.10,40.10,20.19,22.66,8.09,73.08,44.22,59.33,8.11
449.11,39.94,20.19,22.70,8.08,73.08,44.12,59.33,8.11
449.12,40.10,20.16,22.66,8.09,73.08,44.12,59.33,8.11
449.13,40.10,20.19,22.66,8.07,73.08,44.12,59.49,8.11
449.14,39.94,20.16,22.66,8.09,73.08,44.12,59.33,8.12
449.15,40.18,20.19,22.66,8.08,73.30,44.12,59.33,8.11
449.16,40.02,20.19,22.63,8.08,73.08,44.12,59.49,8.11
449.17,40.02,20.16,22.66,8.07,73.08,44.22,59.33,8.11
449.18,40.02,20.19,22.66,8.08,73.08,44.12,59.33,8.11
449.19,40.02,20.19,22.66,8.08,73.08,44.12,59.33,8.11
449.20,40.02,20.16,22.66,8.08,73.08,44.03,59.33,8.12
449.21,40.10,20.16,22.66,8.09,73.30,44.12,59.49,8.12
449.22,40.02,20.19,22.66,8.08,72.85,44.12,59.33,8.12
449.23,40.02,20.16,22.66,8.08,73.08,44.22,59.33,8.11
449.24,40.02,20.16,22.66,8.07,73.08,44.12,59.33,8.11
449.25,40.02,20.16,22.63,8.08,73.08,44.12,59.33,8.11
449.26,40.02,20.16,22.66,8.08,73.08,44.12,59.33,8.11
449.27,40.02,20.16,22.63,8.08,73.08,44.22,59.33,8.12
449.28,40.02,20.16,22.66,8.08,73.08,44.12,59.18,8.11
449.29,40.02,20.16,22.66,8.08,73.08,44.12,59.18,8.12
449.30,40.02,20.19,22.66,8.08,73.08,44.22,59.33,8.11
449.31,40.02,20.16,22.66,8.07,73.08,44.12,59.49,8.12
449.32,40.02,20.19,22.70,8.08,73.08,44.12,59.33,8.11
449.33,40.02,20.19,22.66,8.07,73.08,44.22,59.33,8.11
449.34,40.02,20.16,22.66,8.08,73.08,44.22,59.33,8.12
449.35,40.02,20.19,22.66,8.08,73.08,44.03,59.33,8.11
449.36,40.02,20.19,22.66,8.08,73.08,44.12,59.33,8.11
449.37,40.02,20.16,22.63,8.08,73.08,44.12,59.33,8.11
449.38,40.02,20.16,22.66,8.08,73.08,44.12,59.33,8.11
449.39,40.02,20.19,22.66,8.09,72.85,44.22,59.33,8.11
449.40,40.02,20.16,22.63,8.09,73.08,44.12,59.33,8.11
449.41,40.02,20.19,22.66,8.09,73.08,44.22,59.33,8.12
449.42,40.02,20.16,22.66,8.08,72.85,44.12,59.33,8.11
449.43,40.02,20.16,22.66,8.09,73.08,44.12,59.33,8.11
449.44,40.02,20.19,22.66,8.08,73.08,44.12,59.33,8.11
449.45,40.02,20.19,22.66,8.08,73.08,44.22,59.33,8.11
449.46,40.02,20.16,22.66,8.09,73.08,44.12,59.33,8.11
449.47,40.02,20.19,22.66,8.08,73.08,44.12,59.33,8.11
449.48,40.02,20.16,22.66,8.07,73.08,44.12,59.33,8.11
449.49,40.02,20.16,22.66,8.08,72.85,44.12,59.33,8.10
449.50,40.02,20.14,22.66,8.08,73.08,44.12,59.33,8.11
449.51,40.02,20.16,22.66,8.08,73.08,44.12,59.33,8.11
449.52,40.02,20.19,22.66,8.07,73.08,44.12,59.33,8.12
449.53,40.02,20.19,22.63,8.07,73.08,44.12,59.33,8.11
449.54,39.94,20.16,22.66,8.08,73.08,44.12,59.33,8.11
449.55,40.02,20.16,22.66,8.08,72.85,44.22,59.33,8.11
449.56,40.02,20.16,22.66,8.08,73.08,44.12,59.33,8.11
449.57,40.02,20.16,22.66,8.08,72.85,44.12,59.49,8.11
449.58,40.02,20.16,22.66,8.09,73.08,44.12,59.49,8.12
449.59,40.02,20.19,22.66,8.07,73.08,44.12,59.33,8.11
449.60,40.02,20.16,22.66,8.08,72.85,44.12,59.49,8.11
449.61,40.02,20.16,22.63,8.08,73.08,44.12,59.49,8.12
449.62,40.02,20.16,22.66,8.08,73.08,44.12,59.33,8.11
449.63,40.02,20.16,22.66,8.08,73.08,44.12,59.33,8.11
449.64,40.02,20.16,22.66,8.08,72.85,44.12,59.33,8.11
449.65,40.02,20.19,22.63,8.09,73.08,44.12,59.33,8.11
449.66,40.02,20.16,22.63,8.08,72.85,44.12,59.33,8.11
449.67,40.02,20.16,22.63,8.07,73.08,44.03,59.33,8.11
449.68,40.02,20.19,22.66,8.08,72.85,44.12,59.49,8.11
449.69,40.02,20.16,22.66,8.07,73.08,44.12,59.33,8.11
449.70,40.02,20.16,22.66,8.07,73.08,44.12,59.49,8.11
449.71,40.02,20.14,22.66,8.08,73.08,44.12,59.33,8.11
449.72,40.10,20.16,22.63,8.09,73.08,44.12,59.33,8.11
449.73,40.02,20.16,22.63,8.08,73.08,44.12,59.33,8.11
449.74,40.02,20.16,22.63,8.08,73.08,44.12,59.33,8.11
449.75,40.10,20.16,22.66,8.08,73.08,44.12,59.33,8.11
449.76,40.02,20.16,22.66,8.08,73.08,44.12,59.33,8.12
449.77,40.02,20.16,22.63,8.07,73.08,44.12,59.33,8.11
449.78,40.02,20.16,22.63,8.08,73.08,44.12,59.49,8.11
449.79,40.02,20.16,22.66,8.08,72.85,44.12,59.33,8.11
449.80,40.02,20.16,22.66,8.08,73.08,44.12,59.33,8.12
449.81,40.02,20.16,22.66,8.08,73.08,44.22,59.33,8.11
449.82,39.94,20.16,22.66,8.07,72.85,44.12,59.33,8.11
449.83,40.02,20.16,22.63,8.08,73.08,44.12,59.33,8.11
449.84,40.02,20.19,22.66,8.07,73.08,44.12,59.33,8.11
449.85,40.02,20.16,22.63,8.08,72.85,44.12,59.33,8.11
449.86,40.02,20.16,22.66,8.07,73.08,44.03,59.33,8.10
449.87,40.02,20.16,22.63,8.08,73.08,44.12,59.33,8.10
449.88,40.02,20.19,22.63,8.08,73.08,44.12,59.33,8.12
449.89,40.02,20.16,22.66,8.08,73.08,44.22,59.33,8.11
449.90,40.02,20.19,22.63,8.09,73.08,44.12,59.33,8.11
449.91,40.02,20.16,22.66,8.08,73.08,44.12,59.33,8.11
449.92,40.02,20.16,22.63,8.08,72.85,44.22,59.49,8.11
449.93,40.02,20.16,22.66,8.08,73.08,44.12,59.33,8.11
449.94,40.02,20.19,22.63,8.07,73.08,44.12,59.33,8.11
449.95,40.02,20.14,22.66,8.08,73.08,44.22,59.33,8.12
449.96,40.02,20.16,22.66,8.08,73.30,44.12,59.33,8.11
449.97,40.02,20.16,22.66,8.07,72.85,44.12,59.49,8.11
449.98,40.02,20.16,22.63,8.08,73.08,44.12,59.33,8.12
449.99,40.02,20.16,22.66,8.08,73.08,44.12,59.33,8.11
450.00,40.02,20.19,22.63,8.07,73.08,44.12,59.33,8.11
450.01,39.94,20.16,22.63,8.08,73.08,44.12,59.33,8.11
450.02,40.02,20.16,22.66,8.08,73.08,44.12,59.33,8.11
450.03,40.02,20.19,22.63,8.08,72.85,44.22,59.33,8.11
450.04,40.02,20.16,22.66,8.08,72.85,44.12,59.33,8.11
450.05,40.02,20.19,22.66,8.08,72.85,44.12,59.33,8.11
450.06,40.02,20.16,22.66,8.08,73.08,44.12,59.33,8.10
450.07,40.02,20.14,22.66,8.09,73.08,44.12,59.33,8.11
450.08,39.94,20.19,22.63,8.08,73.08,44.03,59.18,8.12
450.09,40.02,20.16,22.63,8.07,72.85,44.12,59.33,8.11
450.10,40.02,20.19,22.63,8.07,73.08,44.12,59.33,8.10
450.11,40.02,20.19,22.63,8.07,73.08,44.12,59.33,8.11
450.12,40.02,20.19,22.66,8.08,72.85,44.12,59.33,8.11
450.13,40.02,20.14,22.66,8.08,73.08,44.12,59.33,8.11
450.14,40.02,20.19,22.63,8.08,72.85,44.12,59.33,8.11
450.15,40.02,20.16,22.66,8.08,72.85,44.12,59.33,8.12
450.16,40.02,20.16,22.63,8.08,73.08,44.12,59.33,8.11
450.17,40.02,20.16,22.63,8.07,72.85,44.12,59.33,8.12
450.18,40.02,20.16,22.63,8.08,72.85,44.03,59.33,8.11
450.19,40.02,20.16,22.63,8.08,73.08,44.03,59.33,8.11
450.20,40.02,20.16,22.63,8.07,73.08,44.12,59.33,8.11
450.21,40.02,20.19,22.63,8.07,73.08,44.03,59.33,8.11
450.22,40.02,20.16,22.59,8.08,73.08,43.93,59.33,8.11
450.23,40.02,20.16,22.63,8.07,73.08,44.03,59.33,8.11
450.24,40.02,20.16,22.66,8.07,73.08,44.12,59.33,8.11
450.25,40.02,20.16,22.63,8.08,72.85,44.12,59.33,8.10
450.26,39.94,20.16,22.63,8.07,73.08,44.03,59.33,8.11
450.27,40.02,20.16,22.63,8.08,73.08,44.22,59.33,8.11
450.28,40.02,20.16,22.63,8.08,72.85,44.12,59.33,8.11
450.29,40.02,20.16,22.63,8.07,73.08,44.12,59.18,8.12
450.30,40.02,20.14,22.63,8.08,73.08,44.12,59.33,8.11
450.31,40.02,20.19,22.63,8.08,72.85,44.12,59.33,8.11
450.32,39.94,20.16,22.66,8.08,73.08,44.03,59.33,8.10
450.33,40.02,20.16,22.66,8.07,73.08,44.03,59.33,8.10
450.34,40.02,20.16,22.66,8.08,73.08,44.12,59.33,8.11
450.35,40.02,20.14,22.66,8.07,72.85,44.12,59.49,8.11
450.36,40.02,20.19,22.63,8.08,73.08,44.03,59.33,8.11
450.37,40.02,20.16,22.59,8.08,72.85,44.12,59.33,8.10
450.38,40.02,20.16,22.63,8.08,72.85,44.12,59.33,8.11
450.39,40.02,20.16,22.63,8.07,73.08,43.93,59.33,8.11
450.40,40.02,20.16,22.66,8.07,73.08,44.03,59.33,8.11
450.41,40.02,20.16,22.59,8.08,72.85,44.12,59.33,8.11
450.42,40.02,20.16,22.63,8.07,73.08,44.12,59.18,8.11
450.43,40.02,20.16,22.63,8.08,73.08,44.12,59.33,8.11
450.44,40.02,20.16,22.59,8.07,72.85,44.03,59.18,8.11
450.45,40.02,20.16,22.66,8.08,73.08,44.12,59.33,8.12
450.46,40.02,20.16,22.63,8.07,73.08,44.12,59.18,8.11
450.47,40.02,20.16,22.66,8.08,72.85,44.12,59.02,8.11
450.48,40.02,20.16,22.66,8.08,72.85,44.12,59.33,8.10
450.49,40.02,20.14,22.63,8.07,73.08,44.03,59.18,8.10
450.50,40.02,20.14,22.63,8.07,72.85,44.12,59.33,8.11
450.51,40.02,20.16,22.63,8.07,72.85,44.12,59.33,8.11
450.52,40.02,20.14,22.63,8.07,73.08,44.03,59.18,8.11
450.53,40.02,20.14,22.63,8.07,72.85,44.03,59.18,8.11
450.54,40.02,20.16,22.63,8.08,72.85,44.03,59.33,8.11
450.55,40.02,20.11,22.63,8.07,73.08,44.12,59.18,8.11
450.56,40.02,20.16,22.66,8.07,72.85,44.03,59.33,8.11
450.57,40.02,20.16,22.63,8.07,72.85,44.03,59.18,8.10
450.58,40.02,20.14,22.63,8.07,72.85,44.03,59.33,8.11
450.59,40.02,20.16,22.63,8.07,72.85,44.12,59.33,8.11
450.60,39.94,20.16,22.63,8.08,72.85,44.03,59.18,8.11
450.61,40.02,20.14,22.63,8.08,72.85,44.03,59.33,8.11
450.62,40.02,20.14,22.63,8.07,73.08,44.03,59.18,8.11
450.63,40.02,20.14,22.63,8.08,73.08,44.03,59.33,8.10
450.64,40.02,20.16,22.63,8.08,73.08,44.12,59.33,8.11
450.65,40.02,20.16,22.63,8.07,72.85,44.12,59.33,8.11
450.66,40.02,20.16,22.63,8.08,73.08,44.03,59.33,8.11
450.67,40.02,20.14,22.59,8.08,72.85,44.12,59.33,8.10
450.68,40.02,20.16,22.63,8.08,72.85,44.12,59.18,8.12
450.69,40.02,20.14,22.59,8.08,73.08,44.03,59.33,8.11
450.70,40.02,20.16,22.63,8.07,73.08,44.03,59.33,8.12
450.71,40.02,20.16,22.66,8.07,72.85,44.12,59.18,8.11
450.72,40.02,20.14,22.63,8.08,73.08,44.03,59.33,8.10
450.73,40.02,20.14,22.63,8.07,72.85,44.12,59.33,8.12
450.74,40.02,20.14,22.59,8.07,73.08,44.12,59.33,8.10
450.75,39.94,20.16,22.66,8.07,73.08,44.03,59.18,8.11
450.76,40.02,20.16,22.63,8.07,72.85,43.93,59.33,8.11
450.77,40.02,20.11,22.63,8.08,72.85,44.03,59.33,8.11
450.78,40.02,20.16,22.66,8.08,73.08,44.03,59.18,8.11
450.79,40.02,20.16,22.63,8.07,72.85,44.03,59.33,8.10
450.80,40.02,20.16,22.59,8.09,72.85,44.12,59.18,8.10
450.81,40.02,20.16,22.63,8.07,72.85,44.12,59.33,8.11
450.82,40.02,20.14,22.63,8.08,72.85,44.12,59.18,8.10
450.83,39.94,20.16,22.63,8.07,72.85,44.12,59.18,8.11
450.84,40.02,20.16,22.63,8.07,72.85,44.12,59.18,8.11
450.85,40.02,20.14,22.63,8.08,72.85,44.12,59.33,8.11
450.86,39.94,20.14,22.63,8.08,73.08,44.12,59.33,8.11
450.87,40.02,20.14,22.63,8.07,72.85,44.03,59.33,8.11
450.88,40.02,20.14,22.63,8.08,73.08,44.03,59.33,8.10
450.89,40.02,20.14,22.63,8.07,72.85,44.12,59.18,8.10
450.90,40.02,20.16,22.59,8.07,72.85,44.12,59.33,8.12
450.91,40.02,20.16,22.63,8.07,73.08,44.03,59.33,8.11
450.92,40.02,20.14,22.63,8.07,72.85,44.03,59.33,8.11
450.93,40.02,20.14,22.63,8.07,72.85,44.12,59.33,8.10
450.94,39.94,20.14,22.63,8.08,73.08,44.03,59.33,8.10
450.95,39.94,20.14,22.63,8.07,73.08,44.12,59.18,8.11
450.96,40.02,20.16,22.63,8.08,72.85,44.03,59.33,8.11
450.97,40.02,20.14,22.59,8.08,72.85,44.03,59.33,8.10
450.98,40.02,20.14,22.63,8.07,73.08,44.03,59.18,8.11
450.99,39.94,20.14,22.59,8.07,72.85,44.12,59.18,8.12
451.00,40.02,20.16,22.63,8.07,73.08,44.03,59.33,8.11
451.01,40.02,20.16,22.63,8.07,72.85,44.12,59.33,8.11
451.02,39.94,20.14,22.59,8.07,73.08,43.93,59.33,8.10
451.03,40.02,20.14,22.63,8.08,73.08,44.03,59.33,8.11
451.04,40.02,20.16,22.63,8.08,72.85,44.03,59.18,8.11
451.05,40.02,20.14,22.59,8.07,72.85,44.12,59.18,8.11
451.06,39.94,20.16,22.63,8.08,72.85,44.03,59.33,8.10
451.07,40.02,20.14,22.63,8.07,73.08,44.03,59.33,8.12
451.08,39.94,20.11,22.59,8.07,72.85,43.93,59.33,8.11
451.09,39.94,20.14,22.63,8.07,73.08,44.12,59.18,8.10
451.10,40.02,20.14,22.59,8.07,72.85,44.12,59.33,8.10
451.11,40.02,20.16,22.59,8.07,72.85,44.03,59.18,8.11
451.12,40.02,20.14,22.59,8.07,72.85,44.12,59.33,8.11
451.13,40.02,20.16,22.59,8.07,73.08,44.12,59.18,8.10
451.14,39.94,20.16,22.63,8.07,72.85,44.03,59.33,8.10
451.15,40.02,20.14,22.59,8.08,72.85,44.03,59.18,8.11
451.16,39.94,20.14,22.59,8.07,72.85,44.12,59.18,8.11
451.17,40.02,20.14,22.63,8.08,72.85,44.12,59.18,8.11
451.18,40.02,20.14,22.59,8.07,73.08,44.03,59.33,8.11
451.19,39.94,20.14,22.59,8.07,72.85,44.12,59.33,8.11
451.20,39.94,20.14,22.63,8.08,72.85,44.03,59.33,8.11
451.21,39.94,20.14,22.59,8.07,72.85,44.12,59.18,8.10
451.22,40.02,20.14,22.63,8.07,73.08,44.03,59.18,8.11
451.23,40.02,20.14,22.63,8.07,73.08,44.12,59.33,8.11
451.24,40.02,20.14,22.63,8.07,72.85,44.03,59.18,8.11
451.25,40.02,20.14,22.59,8.07,73.08,44.03,59.33,8.11
451.26,40.02,20.14,22.59,8.08,73.08,44.03,59.33,8.11
451.27,40.02,20.16,22.59,8.07,72.85,44.03,59.18,8.11
451.28,40.02,20.14,22.59,8.07,72.85,44.03,59.18,8.10
451.29,40.02,20.16,22.59,8.07,73.08,44.12,59.33,8.11
451.30,40.02,20.11,22.63,8.08,72.85,44.03,59.18,8.11
451.31,39.94,20.11,22.59,8.07,72.85,44.03,59.18,8.10
451.32,39.94,20.11,22.63,8.08,72.85,44.03,59.33,8.11
451.33,39.94,20.14,22.63,8.08,72.85,44.22,59.33,8.11
451.34,40.02,20.14,22.63,8.07,72.85,43.93,59.18,8.11
451.35,40.02,20.16,22.59,8.07,72.85,44.03,59.18,8.11
451.36,39.94,20.14,22.59,8.07,72.85,44.03,59.18,8.11
451.37,39.94,20.14,22.63,8.07,72.85,44.03,59.18,8.11
451.38,40.02,20.14,22.63,8.08,72.85,43.93,59.18,8.10
451.39,39.94,20.11,22.59,8.07,72.63,43.93,59.49,8.10
451.40,39.94,20.14,22.63,8.07,73.08,43.93,59.33,8.11
451.41,39.94,20.11,22.59,8.07,72.85,44.12,59.18,8.11
451.42,39.94,20.14,22.59,8.07,72.85,44.03,59.33,8.11
451.43,39.94,20.14,22.63,8.08,73.08,44.12,59.18,8.11
451.44,39.94,20.14,22.59,8.07,73.08,44.03,59.33,8.10
451.45,40.02,20.14,22.63,8.07,72.85,44.12,59.18,8.11
451.46,40.02,20.16,22.59,8.07,72.85,44.12,59.33,8.10
451.47,40.02,20.14,22.63,8.07,72.85,44.12,59.18,8.11
451.48,39.94,20.14,22.63,8.07,72.85,44.03,59.18,8.11
451.49,40.02,20.14,22.59,8.08,73.08,44.03,59.18,8.11
451.50,39.94,20.16,22.59,8.07,72.85,44.03,59.33,8.11
451.51,40.02,20.11,22.63,8.06,72.85,44.12,59.18,8.11
451.52,40.02,20.14,22.59,8.07,73.08,44.03,59.33,8.11
451.53,39.86,20.14,22.59,8.07,72.85,44.03,59.33,8.10
451.54,40.02,20.11,22.63,8.07,72.85,44.03,59.33,8.11
451.55,40.02,20.16,22.56,8.08,72.85,44.03,59.18,8.10
451.56,40.02,20.16,22.59,8.08,72.85,44.03,59.33,8.11
451.57,39.94,20.11,22.59,8.07,72.85,44.03,59.18,8.11
451.58,39.94,20.14,22.59,8.07,72.85,44.12,59.18,8.11
451.59,39.94,20.14,22.63,8.07,72.63,44.03,59.18,8.11
451.60,40.02,20.14,22.59,8.07,73.08,44.03,59.18,8.12
451.61,39.94,20.14,22.59,8.08,73.08,44.12,59.33,8.11
451.62,40.02,20.16,22.59,8.08,72.63,44.03,59.18,8.11
451.63,39.94,20.14,22.59,8.07,72.85,44.12,59.18,8.10
451.64,40.02,20.14,22.63,8.07,72.85,44.03,59.18,8.10
451.67,39.94,20.14,22.63,8.08,72.85,44.12,59.02,8.10
451.67,40.02,20.14,22.59,8.08,72.85,44.03,59.33,8.11
451.68,40.02,20.14,22.59,8.07,72.85,44.12,59.49,8.11
451.69,40.02,20.11,22.59,8.07,72.85,43.93,59.18,8.11
451.70,39.94,20.14,22.59,8.08,72.85,44.12,59.18,8.11
451.71,40.02,20.14,22.59,8.07,72.85,44.03,59.33,8.11
451.72,39.94,20.14,22.59,8.07,72.85,44.03,59.18,8.11
451.73,40.02,20.14,22.59,8.07,73.08,44.03,59.33,8.10
451.74,39.94,20.11,22.59,8.07,72.85,44.03,59.18,8.11
451.75,40.02,20.11,22.59,8.08,72.85,44.03,59.33,8.10
451.76,39.94,20.16,22.59,8.07,72.85,44.03,59.18,8.11
451.77,39.94,20.14,22.59,8.07,72.85,44.03,59.18,8.10
451.78,40.02,20.14,22.59,8.07,72.85,44.03,59.33,8.10
451.79,39.94,20.16,22.59,8.07,72.85,44.03,59.18,8.11
451.80,40.02,20.14,22.59,8.07,72.85,44.12,59.33,8.11
451.81,39.94,20.14,22.59,8.08,72.85,44.12,59.33,8.11
451.82,40.02,20.11,22.59,8.07,72.85,44.03,59.18,8.10
451.83,39.94,20.14,22.59,8.07,72.85,44.12,59.18,8.11
451.84,39.94,20.14,22.59,8.07,72.85,44.03,59.18,8.11
451.85,39.94,20.14,22.59,8.07,73.08,44.03,59.18,8.10
451.86,40.02,20.14,22.59,8.07,72.85,44.03,59.18,8.11
451.87,39.94,20.11,22.63,8.07,72.85,44.12,59.33,8.11
451.88,39.94,20.14,22.59,8.07,72.85,43.93,59.33,8.10
451.89,39.94,20.14,22.63,8.08,72.85,44.12,59.18,8.11
451.90,40.02,20.14,22.63,8.06,72.85,43.93,59.33,8.11
451.91,40.02,20.14,22.59,8.07,72.85,44.03,59.18,8.10
451.92,39.94,20.14,22.59,8.06,72.85,44.12,59.18,8.10
451.93,39.94,20.14,22.59,8.08,72.85,44.03,59.33,8.11
451.94,39.94,20.11,22.59,8.07,72.85,44.12,59.18,8.10
451.95,39.94,20.14,22.59,8.07,72.85,44.12,59.18,8.11
451.96,39.94,20.14,22.59,8.07,72.85,44.03,59.18,8.11
451.97,40.02,20.14,22.59,8.07,72.85,44.03,59.18,8.10
451.98,40.02,20.14,22.59,8.07,72.85,44.03,59.18,8.11
451.99,39.94,20.14,22.59,8.07,72.85,44.03,59.33,8.11
452.00,39.94,20.11,22.59,8.07,72.85,44.03,59.18,8.11
452.01,39.94,20.14,22.59,8.07,72.85,44.03,59.18,8.10
452.02,39.94,20.11,22.59,8.07,72.85,44.03,59.18,8.11
452.03,39.94,20.14,22.59,8.07,72.85,44.03,59.18,8.11
452.04,39.94,20.11,22.59,8.08,72.85,44.03,59.33,8.11
452.05,39.94,20.11,22.59,8.07,72.85,44.03,59.18,8.11
452.06,39.94,20.14,22.59,8.07,72.85,44.03,59.18,8.11
452.07,40.02,20.16,22.63,8.07,72.85,44.03,59.18,8.11
452.08,39.94,20.16,22.59,8.07,72.85,44.12,59.33,8.11
452.09,39.94,20.14,22.59,8.07,72.85,44.03,59.18,8.10
452.10,39.94,20.14,22.59,8.08,72.85,44.12,59.18,8.11
452.11,39.86,20.14,22.59,8.07,72.85,44.03,59.18,8.10
452.12,39.86,20.14,22.59,8.07,72.85,43.93,59.33,8.10
452.13,40.02,20.16,22.59,8.06,72.85,44.03,59.18,8.10
452.14,39.94,20.14,22.59,8.08,72.85,44.03,59.18,8.10
452.15,40.02,20.11,22.59,8.08,72.85,44.12,59.18,8.11
452.16,39.94,20.14,22.59,8.08,72.85,44.03,59.33,8.10
452.17,40.02,20.14,22.59,8.08,72.85,44.12,59.18,8.10
452.18,40.02,20.14,22.59,8.07,72.85,44.03,59.18,8.10
452.19,39.94,20.14,22.59,8.07,72.85,44.03,59.18,8.10
452.20,39.94,20.14,22.59,8.08,72.85,44.03,59.18,8.11
452.21,39.86,20.14,22.59,8.08,72.85,44.12,59.33,8.11
452.22,39.94,20.14,22.59,8.08,72.85,44.22,59.18,8.10
452.23,40.02,20.11,22.59,8.08,72.85,44.03,59.18,8.10
452.24,39.94,20.11,22.59,8.07,72.85,44.03,59.18,8.10
452.25,40.02,20.11,22.59,8.07,72.85,44.03,59.18,8.09
452.26,40.02,20.11,22.59,8.06,72.85,44.03,59.33,8.09
452.27,39.94,20.11,22.59,8.08,72.85,44.03,59.18,8.11
452.28,40.02,20.11,22.59,8.08,72.85,44.03,59.18,8.10
452.29,40.02,20.14,22.63,8.07,72.85,44.03,59.33,8.11
452.30,39.94,20.11,22.59,8.08,72.85,44.03,59.18,8.11
452.31,39.94,20.11,22.63,8.08,73.08,44.03,59.33,8.10
452.32,40.02,20.14,22.59,8.07,72.85,44.12,59.18,8.10
452.33,40.02,20.11,22.59,8.07,72.85,44.03,59.18,8.11
452.34,39.86,20.14,22.59,8.07,72.85,44.03,59.18,8.11
452.35,40.02,20.14,22.59,8.08,72.85,44.12,59.33,8.10
452.36,40.02,20.14,22.59,8.07,72.85,43.93,59.33,8.10
452.37,39.94,20.14,22.59,8.07,72.85,44.03,59.18,8.11
452.38,39.94,20.14,22.59,8.06,72.85,44.03,59.18,8.09
452.39,39.94,20.14,22.59,8.08,72.85,43.93,59.18,8.11
452.40,40.02,20.14,22.59,8.06,72.85,44.03,59.18,8.10
452.41,39.94,20.11,22.59,8.06,72.85,44.03,59.18,8.10
452.42,39.94,20.14,22.59,8.07,72.85,44.12,59.18,8.10
452.43,39.94,20.14,22.59,8.07,72.85,44.03,59.18,8.11
452.44,40.02,20.11,22.59,8.07,72.85,44.12,59.18,8.10
452.45,40.02,20.11,22.59,8.07,72.85,44.12,59.18,8.10
452.46,39.94,20.14,22.59,8.07,72.85,44.12,59.18,8.11
452.47,39.94,20.11,22.59,8.06,72.85,43.93,59.18,8.11
452.48,40.02,20.16,22.59,8.07,72.85,43.93,59.33,8.11
452.49,40.02,20.14,22.59,8.06,72.85,44.03,59.18,8.11
452.50,39.94,20.11,22.59,8.07,72.85,44.03,59.18,8.09
452.51,39.94,20.16,22.59,8.06,72.85,44.12,59.18,8.10
452.52,39.94,20.14,22.59,8.07,72.85,43.93,59.33,8.10
452.53,40.02,20.11,22.59,8.07,72.85,44.03,59.18,8.11
452.54,40.02,20.14,22.59,8.08,73.08,44.03,59.33,8.11
452.55,40.02,20.14,22.59,8.07,72.85,44.12,59.18,8.11
452.56,40.02,20.14,22.59,8.06,72.85,44.03,59.18,8.11
452.57,40.02,20.11,22.59,8.06,72.85,44.03,59.33,8.10
452.58,40.02,20.14,22.59,8.08,72.85,44.03,59.02,8.11
452.59,39.94,20.11,22.59,8.07,72.85,44.03,59.18,8.10
452.60,39.94,20.11,22.59,8.07,72.85,44.12,59.18,8.11
452.61,40.02,20.14,22.59,8.06,72.85,44.12,59.33,8.10
452.62,39.94,20.14,22.59,8.07,72.85,44.03,59.18,8.10
452.63,40.02,20.11,22.59,8.07,72.85,44.03,59.33,8.11
452.64,39.94,20.16,22.59,8.07,72.85,44.03,59.18,8.11
452.66,40.02,20.11,22.59,8.07,72.85,44.03,59.18,8.10
452.67,40.02,20.11,22.59,8.07,72.85,44.03,59.33,8.11
452.68,40.02,20.11,22.59,8.07,72.85,44.03,59.33,8.11
452.69,39.94,20.11,22.59,8.07,72.85,44.12,59.18,8.10
452.70,39.94,20.14,22.59,8.07,72.85,43.93,59.33,8.10
452.71,40.02,20.14,22.59,8.07,72.85,44.03,59.18,8.10
452.72,39.94,20.11,22.56,8.07,72.85,44.03,59.18,8.10
452.73,39.94,20.14,22.59,8.07,72.85,44.03,59.18,8.10
452.74,40.02,20.14,22.59,8.07,72.85,44.03,59.18,8.11
452.75,40.02,20.14,22.59,8.07,72.85,44.03,59.18,8.11
452.76,39.94,20.11,22.59,8.07,72.63,44.12,59.18,8.11
452.77,40.02,20.14,22.59,8.08,72.85,44.03,59.18,8.10
452.78,40.02,20.11,22.59,8.07,72.63,44.03,59.18,8.11
452.79,39.94,20.14,22.59,8.06,72.63,44.03,59.18,8.11
452.80,40.02,20.11,22.59,8.08,72.85,44.03,59.18,8.10
452.81,39.94,20.11,22.59,8.07,72.63,44.12,59.18,8.11
452.82,40.02,20.14,22.59,8.08,72.63,44.03,59.18,8.11
452.83,39.94,20.14,22.59,8.07,73.08,44.03,59.18,8.11
452.84,39.94,20.14,22.59,8.08,73.08,44.03,59.18,8.10
452.85,39.94,20.11,22.59,8.07,72.85,44.12,59.18,8.11
452.86,39.94,20.11,22.59,8.07,72.85,43.93,59.33,8.10
452.87,39.94,20.14,22.59,8.06,72.85,44.03,59.18,8.09
452.88,39.94,20.14,22.59,8.07,72.85,44.03,59.02,8.10
452.89,40.02,20.11,22.59,8.07,72.85,43.93,59.33,8.11
452.90,39.94,20.14,22.56,8.07,72.85,44.12,59.18,8.10
452.91,39.94,20.11,22.59,8.08,72.63,44.03,59.18,8.10
452.92,39.94,20.11,22.56,8.08,72.85,44.03,59.18,8.10
452.93,40.02,20.14,22.59,8.06,72.85,44.03,59.33,8.10
452.94,39.94,20.11,22.59,8.08,72.85,43.93,59.18,8.11
452.95,39.94,20.14,22.59,8.06,72.85,44.03,59.18,8.11
452.96,40.02,20.11,22.56,8.07,72.85,44.03,59.18,8.10
452.97,39.94,20.14,22.59,8.06,72.85,44.03,59.18,8.11
452.98,40.02,20.11,22.59,8.06,72.85,44.03,59.18,8.11
452.99,39.94,20.11,22.59,8.07,72.85,44.03,59.18,8.10
453.00,39.94,20.11,22.59,8.08,72.85,44.03,59.18,8.10
453.01,39.94,20.14,22.59,8.07,72.85,43.93,59.18,8.10
453.02,39.94,20.14,22.59,8.07,72.85,44.12,59.18,8.10
453.03,39.94,20.11,22.56,8.07,72.85,43.93,59.18,8.10
453.04,39.94,20.14,22.56,8.07,72.85,44.03,59.33,8.10
453.05,39.94,20.11,22.59,8.06,72.85,44.03,59.18,8.09
453.06,40.02,20.11,22.59,8.07,72.85,44.03,59.18,8.11
453.07,39.94,20.11,22.59,8.06,72.85,44.03,59.18,8.11
453.08,40.02,20.11,22.59,8.06,72.85,44.03,59.02,8.10
453.09,39.94,20.11,22.56,8.06,72.85,44.12,59.18,8.10
453.10,39.94,20.11,22.59,8.07,72.85,44.03,59.18,8.10
453.11,39.94,20.11,22.59,8.07,72.85,44.03,59.18,8.10
453.12,39.94,20.14,22.59,8.08,72.85,44.03,59.18,8.11
453.13,39.94,20.14,22.59,8.07,72.85,44.03,59.18,8.10
453.14,40.02,20.14,22.59,8.07,72.85,44.03,59.33,8.11
453.15,40.02,20.14,22.56,8.08,72.85,43.93,59.18,8.11
453.16,39.94,20.11,22.59,8.08,72.63,44.03,59.18,8.10
453.17,40.02,20.11,22.59,8.07,72.85,44.03,59.18,8.10
453.18,39.94,20.11,22.59,8.06,72.85,44.12,59.02,8.11
453.19,39.94,20.11,22.56,8.07,72.63,44.03,59.18,8.10
453.20,39.94,20.11,22.59,8.07,72.85,44.03,59.02,8.11
453.21,40.02,20.11,22.59,8.08,72.85,44.03,59.18,8.11
453.22,39.94,20.11,22.56,8.06,72.85,44.12,59.33,8.10
453.23,39.94,20.14,22.59,8.08,72.85,44.03,59.33,8.11
453.24,40.02,20.14,22.59,8.06,72.85,44.03,59.18,8.11
453.25,39.94,20.11,22.59,8.06,72.85,44.03,59.18,8.10
453.26,39.94,20.11,22.59,8.07,72.85,43.93,59.33,8.10
453.27,39.94,20.14,22.59,8.06,72.63,43.93,59.18,8.11
453.28,39.94,20.11,22.56,8.07,72.85,44.03,59.18,8.11
453.29,39.94,20.11,22.59,8.08,72.85,44.03,59.18,8.10
453.30,40.02,20.11,22.59,8.07,72.85,44.03,59.18,8.10
453.31,39.94,20.14,22.56,8.07,72.85,43.84,59.33,8.10
453.32,39.94,20.14,22.59,8.08,72.85,44.03,59.18,8.10
453.33,39.94,20.11,22.59,8.07,72.85,44.03,59.18,8.10
453.34,39.94,20.14,22.56,8.07,72.85,43.93,59.18,8.09
453.35,39.94,20.11,22.59,8.07,72.85,43.84,59.18,8.10
453.36,39.94,20.11,22.56,8.06,72.85,44.03,59.18,8.11
453.37,39.94,20.11,22.59,8.06,72.85,44.03,59.18,8.11
453.38,39.94,20.14,22.59,8.06,72.85,44.03,59.18,8.10
453.39,39.94,20.14,22.56,8.07,72.85,44.12,59.18,8.11
453.40,39.94,20.11,22.56,8.06,72.85,44.03,59.18,8.10
453.41,39.94,20.11,22.59,8.06,72.85,43.93,59.18,8.10
453.42,39.94,20.11,22.59,8.06,72.85,43.93,59.18,8.09
453.43,39.94,20.11,22.59,8.07,72.85,44.03,59.18,8.11
453.44,39.94,20.11,22.59,8.06,72.85,43.93,59.18,8.10
453.45,39.94,20.14,22.59,8.07,72.63,43.93,59.18,8.10
453.46,39.94,20.11,22.56,8.06,72.85,44.03,59.18,8.10
453.47,39.94,20.14,22.59,8.07,72.85,44.03,59.18,8.10
453.48,39.94,20.14,22.56,8.08,72.85,43.93,59.18,8.11
453.49,39.94,20.14,22.56,8.06,72.85,44.03,59.33,8.11
453.50,40.02,20.14,22.59,8.06,72.85,44.03,59.18,8.10
453.51,40.02,20.11,22.59,8.07,72.85,44.03,59.18,8.10
453.52,39.94,20.11,22.56,8.06,72.85,44.03,59.18,8.10
453.53,39.94,20.11,22.59,8.07,72.85,43.93,59.02,8.11
453.54,39.94,20.14,22.59,8.07,72.85,43.93,59.18,8.10
453.57,39.94,20.11,22.59,8.06,72.63,44.12,59.18,8.11
453.57,39.94,20.11,22.59,8.07,72.85,43.93,59.18,8.10
453.58,40.02,20.11,22.59,8.07,72.63,43.93,59.18,8.11
453.59,39.94,20.11,22.59,8.06,72.85,43.93,59.33,8.11
453.60,39.94,20.11,22.59,8.07,72.85,43.93,59.18,8.10
453.61,39.94,20.11,22.56,8.08,72.85,44.03,59.18,8.10
453.62,39.94,20.11,22.59,8.06,72.85,44.12,59.33,8.10
453.63,39.94,20.14,22.56,8.06,72.85,43.93,59.18,8.09
453.64,39.94,20.11,22.59,8.06,72.85,43.93,59.18,8.10
453.65,39.94,20.11,22.59,8.06,72.85,44.03,59.18,8.09
453.66,39.94,20.11,22.59,8.07,72.85,43.93,59.33,8.10
453.67,40.02,20.14,22.59,8.08,72.85,44.03,59.18,8.11
453.68,40.02,20.14,22.56,8.06,72.85,43.93,59.02,8.10
453.69,40.02,20.11,22.59,8.06,72.63,44.03,59.18,8.10
453.70,39.94,20.14,22.59,8.07,72.85,44.12,59.02,8.11
453.71,39.94,20.14,22.56,8.08,72.85,43.93,59.18,8.10
453.72,39.94,20.11,22.59,8.06,72.85,44.03,59.18,8.10
453.73,39.94,20.16,22.59,8.07,72.85,43.93,59.02,8.10
453.74,39.94,20.11,22.56,8.07,72.85,44.03,59.18,8.10
453.75,40.02,20.11,22.59,8.07,73.08,44.03,59.33,8.10
453.76,39.94,20.11,22.56,8.07,72.63,43.93,59.18,8.09
453.77,39.94,20.11,22.59,8.07,72.85,43.93,59.18,8.10
453.78,39.94,20.11,22.59,8.06,72.85,44.03,59.18,8.11
453.79,39.94,20.11,22.59,8.06,72.85,44.03,59.18,8.11
453.80,39.94,20.14,22.56,8.07,72.85,44.03,59.18,8.10
453.81,39.94,20.11,22.59,8.06,72.63,43.93,59.02,8.09
453.82,39.94,20.11,22.59,8.07,72.85,43.93,59.18,8.10
453.83,40.02,20.11,22.59,8.06,72.85,44.12,59.18,8.10
453.84,39.94,20.11,22.59,8.07,72.85,44.03,59.18,8.10
453.85,39.94,20.11,22.59,8.07,72.85,43.93,59.18,8.10
453.86,39.94,20.11,22.59,8.07,72.85,44.03,59.18,8.11
453.87,40.02,20.11,22.59,8.06,72.63,44.03,59.18,8.09
453.88,40.02,20.14,22.59,8.06,72.85,43.93,59.18,8.11
453.89,40.02,20.14,22.59,8.08,72.85,43.93,59.18,8.10
453.90,39.94,20.11,22.59,8.06,72.85,44.03,59.18,8.10
453.91,39.94,20.11,22.59,8.06,72.85,44.03,59.18,8.11
453.92,39.94,20.14,22.56,8.07,72.63,43.93,59.02,8.09
453.93,39.94,20.11,22.56,8.06,72.63,44.03,59.18,8.09
453.94,39.94,20.11,22.56,8.06,72.85,43.93,59.18,8.10
453.95,40.02,20.11,22.59,8.07,72.63,44.03,59.18,8.10
453.96,40.02,20.11,22.59,8.06,72.85,44.03,59.18,8.10
453.97,39.94,20.11,22.59,8.06,72.85,44.12,59.18,8.10
453.98,39.94,20.11,22.59,8.06,72.85,43.93,59.18,8.11
453.99,40.02,20.11,22.59,8.06,72.85,44.03,59.18,8.10
454.00,39.94,20.14,22.59,8.07,72.63,44.12,59.18,8.09
454.01,39.94,20.08,22.56,8.08,72.85,43.93,59.18,8.10
454.02,40.02,20.11,22.59,8.06,72.63,43.93,59.18,8.11
454.03,40.02,20.14,22.56,8.07,73.08,44.03,59.18,8.10
454.04,39.94,20.11,22.56,8.06,72.85,44.03,59.18,8.11
454.05,39.94,20.11,22.56,8.07,72.85,43.93,59.18,8.10
454.06,40.02,20.14,22.56,8.06,72.85,44.03,59.02,8.11
454.07,39.94,20.11,22.59,8.06,72.85,44.03,59.33,8.10
454.08,39.94,20.11,22.56,8.06,72.85,43.93,59.18,8.10
454.09,39.94,20.11,22.56,8.07,72.85,44.03,59.18,8.10
454.11,39.94,20.14,22.59,8.07,72.85,44.03,59.33,8.10
454.12,40.02,20.11,22.59,8.06,72.85,43.93,59.18,8.11
454.13,39.94,20.11,22.59,8.06,72.85,44.03,59.18,8.10
454.14,39.94,20.11,22.59,8.06,72.85,43.93,59.18,8.09
454.15,40.02,20.14,22.59,8.06,72.63,44.03,59.18,8.11
454.16,39.94,20.11,22.59,8.06,72.85,43.93,59.18,8.11
454.17,39.94,20.11,22.59,8.06,72.85,44.03,59.02,8.10
454.18,39.94,20.11,22.59,8.06,72.85,44.03,59.18,8.10
454.19,39.94,20.11,22.59,8.06,72.85,43.93,59.18,8.09
454.20,39.94,20.11,22.56,8.07,72.63,44.03,59.18,8.10
454.21,39.94,20.14,22.59,8.06,72.63,43.93,59.18,8.10
454.22,39.94,20.11,22.59,8.07,72.63,44.03,59.02,8.11
454.23,39.94,20.11,22.56,8.06,72.85,43.93,59.18,8.11
454.24,39.94,20.11,22.59,8.06,72.85,44.03,59.18,8.10
454.25,39.94,20.11,22.59,8.06,72.85,44.03,59.18,8.11
454.26,39.94,20.14,22.56,8.06,72.85,43.93,59.18,8.09
454.27,39.94,20.14,22.59,8.07,72.85,44.03,59.18,8.09
454.28,39.94,20.14,22.56,8.06,72.85,43.93,59.18,8.10
454.29,40.02,20.11,22.56,8.07,72.85,44.03,59.18,8.10
454.30,39.94,20.11,22.59,8.06,72.85,43.93,59.18,8.09
454.31,39.94,20.11,22.59,8.06,72.85,43.93,59.18,8.10
454.32,40.02,20.11,22.56,8.06,72.63,44.03,59.18,8.09
454.33,40.02,20.11,22.56,8.06,72.85,44.03,59.18,8.10
454.34,40.02,20.11,22.56,8.06,72.63,43.93,59.18,8.10
454.35,40.02,20.14,22.56,8.08,72.85,43.93,59.18,8.10
454.36,40.02,20.11,22.59,8.07,72.85,43.93,59.18,8.09
454.37,40.02,20.11,22.56,8.06,72.85,44.03,59.18,8.09
454.38,40.02,20.14,22.56,8.06,72.63,43.93,59.33,8.10
454.39,39.94,20.11,22.56,8.06,72.85,43.93,59.18,8.10
454.40,39.94,20.14,22.56,8.06,72.85,43.93,59.33,8.10
454.41,40.02,20.14,22.56,8.07,72.85,43.93,59.02,8.10
454.42,39.94,20.14,22.59,8.06,72.85,44.03,59.18,8.10
454.43,39.94,20.11,22.56,8.07,72.85,44.03,59.18,8.09
454.44,39.94,20.14,22.56,8.06,72.85,43.93,59.18,8.11
454.45,40.02,20.11,22.56,8.07,72.85,44.03,59.18,8.09
454.46,39.94,20.11,22.59,8.07,72.63,44.03,59.18,8.11
454.47,40.02,20.11,22.56,8.06,72.85,44.03,59.18,8.11
454.48,39.94,20.11,22.59,8.06,72.85,44.03,59.18,8.10
454.49,40.02,20.14,22.59,8.06,72.85,43.93,59.18,8.09
454.50,39.94,20.11,22.56,8.06,72.63,44.03,59.18,8.10
454.51,40.02,20.11,22.59,8.07,72.63,44.03,59.18,8.09
454.52,39.94,20.11,22.59,8.06,72.85,44.03,59.18,8.10
454.53,40.02,20.14,22.59,8.06,72.85,44.03,59.33,8.11
454.54,40.02,20.11,22.56,8.08,72.85,44.03,59.18,8.10
454.55,40.02,20.11,22.59,8.07,72.85,44.03,59.18,8.11
454.56,40.02,20.14,22.59,8.06,72.85,44.03,59.18,8.10
454.57,40.02,20.14,22.56,8.07,72.85,43.93,59.18,8.10
454.58,40.02,20.14,22.56,8.06,72.85,44.03,59.18,8.11
454.59,40.02,20.14,22.56,8.06,72.85,43.93,59.18,8.10
454.60,40.02,20.11,22.56,8.06,72.85,44.03,59.18,8.10
454.61,39.94,20.11,22.59,8.06,72.85,43.93,59.18,8.10
454.62,39.94,20.14,22.56,8.07,72.85,43.93,59.18,8.10
454.63,39.94,20.14,22.56,8.06,72.85,44.03,59.18,8.10
454.64,40.02,20.11,22.56,8.06,72.85,44.03,59.02,8.10
454.65,39.94,20.14,22.56,8.06,72.63,43.93,59.18,8.11
454.66,40.02,20.14,22.59,8.07,72.85,44.12,59.33,8.10
454.67,39.94,20.11,22.59,8.07,72.63,43.93,59.02,8.11
454.68,39.94,20.14,22.59,8.06,72.63,43.93,59.33,8.11
454.69,39.94,20.11,22.56,8.06,72.63,44.03,59.18,8.09
454.70,40.02,20.11,22.56,8.07,72.85,44.03,59.18,8.10
454.71,40.02,20.11,22.56,8.07,72.85,44.03,59.33,8.09
454.72,40.02,20.11,22.59,8.06,72.85,44.03,59.02,8.09
454.73,39.94,20.11,22.56,8.07,72.85,43.93,59.18,8.10
454.74,39.94,20.11,22.59,8.07,72.85,44.03,59.18,8.10
454.75,40.02,20.11,22.56,8.06,72.85,44.03,59.18,8.09
454.76,40.02,20.14,22.59,8.08,72.85,43.93,59.18,8.09
454.77,40.02,20.11,22.59,8.06,72.85,43.93,59.18,8.11
454.78,40.02,20.14,22.56,8.07,72.63,44.03,59.18,8.10
454.79,40.02,20.14,22.59,8.07,72.63,44.03,59.18,8.09
454.80,40.02,20.11,22.59,8.07,72.85,44.03,59.18,8.10
454.81,39.94,20.11,22.56,8.06,72.63,44.03,59.18,8.10
454.82,40.02,20.11,22.56,8.07,72.63,44.03,59.02,8.10
454.83,39.94,20.14,22.59,8.06,72.85,43.93,59.18,8.11
454.84,40.02,20.14,22.59,8.07,72.63,44.03,59.18,8.10
454.85,40.02,20.14,22.56,8.07,72.85,44.03,59.02,8.10
454.86,39.94,20.14,22.56,8.06,72.85,44.03,59.18,8.10
454.87,39.94,20.11,22.59,8.06,72.63,44.03,59.18,8.10
454.88,40.02,20.11,22.59,8.08,72.85,44.03,59.02,8.11
454.89,39.94,20.14,22.59,8.06,72.85,44.03,59.18,8.11
454.90,40.02,20.11,22.59,8.06,72.85,44.03,59.33,8.09
454.91,39.86,20.14,22.59,8.06,72.85,44.03,59.18,8.10
454.92,40.02,20.14,22.59,8.07,72.85,44.03,59.18,8.10
454.93,39.94,20.11,22.56,8.06,72.63,44.03,59.18,8.11
454.94,40.02,20.11,22.56,8.07,72.85,43.93,59.18,8.11
454.95,39.94,20.11,22.59,8.06,72.63,44.12,59.18,8.11
454.96,40.02,20.11,22.56,8.06,72.85,44.03,59.18,8.11
454.97,40.02,20.11,22.59,8.07,72.63,44.03,59.33,8.11
454.98,40.02,20.11,22.56,8.06,72.85,44.03,59.18,8.10
454.99,40.02,20.14,22.59,8.06,72.63,44.03,59.18,8.10
455.00,39.94,20.11,22.59,8.08,72.63,44.12,59.18,8.10
455.01,39.94,20.14,22.59,8.06,72.85,44.12,59.18,8.11
455.02,40.02,20.11,22.59,8.06,72.85,43.84,59.18,8.11
455.03,39.94,20.14,22.59,8.07,72.85,44.03,59.18,8.11
455.04,40.02,20.16,22.56,8.06,72.85,44.03,59.18,8.09
455.05,39.94,20.11,22.59,8.07,72.63,44.03,59.18,8.10
455.06,40.02,20.11,22.59,8.06,72.85,43.93,59.18,8.10
455.07,40.02,20.14,22.59,8.06,72.85,43.93,59.18,8.10
455.08,39.94,20.11,22.56,8.06,72.85,43.93,59.33,8.09
455.09,39.94,20.14,22.59,8.06,72.85,44.03,59.18,8.10
455.10,40.02,20.14,22.59,8.07,72.85,43.93,59.18,8.10
455.11,40.02,20.11,22.59,8.07,72.85,44.03,59.18,8.10
455.12,40.02,20.14,22.59,8.07,72.63,44.12,59.18,8.10
455.13,40.02,20.11,22.59,8.06,72.85,44.12,59.33,8.10
455.14,40.10,20.14,22.56,8.06,72.85,44.03,59.33,8.10
455.15,39.94,20.14,22.56,8.07,72.85,44.03,59.33,8.10
455.16,40.02,20.11,22.59,8.07,72.85,44.03,59.18,8.11
455.17,40.02,20.14,22.56,8.06,72.85,43.93,59.18,8.11
455.18,40.02,20.11,22.59,8.08,72.63,44.03,59.18,8.10
455.19,40.02,20.14,22.59,8.06,72.85,44.03,59.18,8.10
455.20,39.94,20.11,22.59,8.07,72.85,44.12,59.18,8.10
455.21,39.94,20.14,22.59,8.06,72.63,43.93,59.18,8.09
455.22,39.94,20.11,22.59,8.08,73.08,44.12,59.33,8.10
455.23,40.02,20.16,22.56,8.06,72.85,44.03,59.18,8.09
455.24,40.02,20.14,22.59,8.06,72.41,44.03,59.02,8.10
455.25,40.02,20.14,22.59,8.06,72.63,44.12,59.33,8.11
455.26,40.02,20.14,22.59,8.07,72.63,44.03,59.33,8.11
455.27,40.02,20.14,22.56,8.06,72.85,44.03,59.18,8.10
455.28,40.02,20.11,22.59,8.06,72.85,43.93,59.33,8.10
455.29,40.02,20.11,22.59,8.06,72.85,44.03,59.02,8.11
455.30,40.02,20.11,22.59,8.06,72.85,43.93,59.02,8.10
455.31,40.02,20.11,22.56,8.06,72.63,43.93,59.18,8.10
455.32,40.02,20.11,22.59,8.07,72.85,44.03,59.18,8.11
455.33,39.94,20.14,22.59,8.06,72.85,44.03,59.18,8.11
455.34,40.02,20.14,22.59,8.07,72.85,44.12,59.18,8.09
455.35,39.94,20.14,22.59,8.07,72.85,44.03,59.18,8.10
455.36,40.02,20.11,22.56,8.08,72.85,44.03,59.18,8.10
455.37,40.02,20.14,22.59,8.07,72.63,44.03,59.33,8.11
455.38,40.02,20.14,22.59,8.07,72.85,44.03,59.33,8.10
455.39,40.02,20.11,22.59,8.07,72.85,43.93,59.18,8.10
455.40,40.02,20.16,22.59,8.06,72.85,43.93,59.18,8.09
455.41,40.02,20.11,22.59,8.08,72.85,44.03,59.33,8.10
455.42,40.02,20.14,22.59,8.06,72.85,44.03,59.18,8.10
455.43,40.02,20.16,22.56,8.07,72.85,43.93,59.33,8.10
455.44,40.02,20.11,22.59,8.07,72.63,43.93,59.18,8.10
455.45,40.02,20.11,22.59,8.06,72.63,44.03,59.33,8.10
455.46,40.02,20.14,22.56,8.06,72.85,44.03,59.18,8.10
455.47,39.94,20.14,22.59,8.06,72.85,44.03,59.18,8.10
455.48,40.02,20.14,22.56,8.06,73.08,44.03,59.18,8.11
455.49,40.02,20.11,22.59,8.07,72.85,43.93,59.33,8.10
455.50,40.02,20.14,22.59,8.06,72.85,44.03,59.18,8.10
455.51,40.02,20.16,22.56,8.06,72.85,44.03,59.18,8.10
455.52,40.02,20.14,22.59,8.07,72.63,44.12,59.18,8.10
455.53,40.02,20.14,22.59,8.06,72.85,43.93,59.18,8.10
455.54,40.02,20.11,22.59,8.08,72.85,44.03,59.18,8.11
455.55,40.02,20.14,22.59,8.06,72.63,44.03,59.18,8.09
455.56,40.02,20.11,22.59,8.07,72.85,43.93,59.33,8.10
455.57,40.02,20.11,22.59,8.07,72.85,44.03,59.33,8.11
455.58,39.94,20.14,22.59,8.06,72.85,44.03,59.18,8.09
455.59,40.02,20.11,22.56,8.06,72.85,44.03,59.18,8.11
455.60,40.02,20.14,22.59,8.07,72.85,44.03,59.33,8.10
455.61,40.02,20.16,22.59,8.07,72.63,44.03,59.18,8.11
455.62,40.02,20.14,22.59,8.06,72.85,44.03,59.18,8.10
455.63,40.02,20.14,22.56,8.07,72.85,44.03,59.33,8.10
455.64,40.02,20.11,22.59,8.06,72.85,43.93,59.18,8.09
455.65,40.02,20.14,22.59,8.07,72.85,44.03,59.33,8.10
455.66,40.02,20.14,22.59,8.07,72.85,44.03,59.18,8.10
455.67,40.02,20.14,22.59,8.06,72.85,44.03,59.33,8.10
455.68,40.02,20.11,22.59,8.06,72.63,44.03,59.18,8.11
455.69,40.02,20.14,22.59,8.06,72.85,43.93,59.18,8.10
455.70,39.94,20.11,22.59,8.06,72.85,44.03,59.18,8.10
455.71,40.02,20.16,22.59,8.07,72.85,44.12,59.18,8.11
455.72,40.02,20.14,22.59,8.06,72.85,43.93,59.18,8.11
455.73,40.02,20.11,22.59,8.07,72.85,44.12,59.18,8.10
455.74,40.02,20.14,22.59,8.07,72.85,44.12,59.18,8.10
455.75,40.02,20.11,22.56,8.07,72.85,44.03,59.02,8.10
455.76,40.02,20.14,22.59,8.07,72.85,44.03,59.18,8.09
455.77,40.02,20.11,22.63,8.06,72.85,44.03,59.18,8.10
455.78,40.02,20.14,22.59,8.06,72.85,44.03,59.18,8.11
455.79,40.02,20.11,22.59,8.08,72.85,44.03,59.18,8.10
455.80,40.02,20.14,22.59,8.07,72.85,44.03,59.18,8.09
455.81,40.02,20.14,22.59,8.06,72.85,44.12,59.18,8.09
455.82,40.02,20.11,22.59,8.07,72.85,44.12,59.33,8.10
455.83,40.02,20.11,22.56,8.06,72.85,44.12,59.33,8.10
455.84,40.02,20.11,22.59,8.07,72.85,44.03,59.18,8.10
455.85,40.02,20.11,22.59,8.06,72.85,44.12,59.33,8.09
455.86,40.02,20.14,22.59,8.07,72.85,44.03,59.33,8.10
455.87,40.02,20.11,22.59,8.07,72.85,44.03,59.18,8.10
455.88,40.02,20.14,22.59,8.06,72.63,44.03,59.33,8.11
455.89,40.02,20.11,22.59,8.07,72.85,43.93,59.18,8.10
455.90,40.02,20.11,22.59,8.07,72.85,44.12,59.18,8.10
455.91,40.02,20.14,22.59,8.06,72.85,44.03,59.33,8.11
455.92,40.02,20.11,22.59,8.07,72.85,44.03,59.18,8.10
455.93,40.02,20.11,22.59,8.06,72.85,44.12,59.18,8.11
455.94,40.02,20.14,22.59,8.07,72.85,44.03,59.18,8.09
455.95,40.02,20.14,22.59,8.07,72.85,43.93,59.18,8.10
455.96,40.02,20.14,22.56,8.06,72.85,44.03,59.18,8.10
455.97,40.02,20.11,22.59,8.06,72.85,44.03,59.18,8.10
455.98,40.02,20.14,22.59,8.06,72.85,44.03,59.18,8.10
455.99,40.02,20.11,22.59,8.06,72.85,44.12,59.18,8.09
456.00,40.02,20.14,22.59,8.06,72.85,44.03,59.18,8.11
456.01,40.02,20.14,22.59,8.08,72.85,44.03,59.18,8.10
456.02,40.02,20.14,22.59,8.06,72.85,44.12,59.33,8.10
456.03,40.02,20.14,22.56,8.07,72.85,44.03,59.18,8.10
456.04,40.02,20.11,22.59,8.07,72.85,44.12,59.33,8.10
456.05,40.02,20.14,22.59,8.07,72.85,44.03,59.18,8.11
456.06,40.02,20.14,22.59,8.07,72.63,44.03,59.18,8.10
456.07,39.94,20.14,22.59,8.07,72.85,44.03,59.18,8.10
456.08,40.02,20.14,22.59,8.06,72.85,43.93,59.33,8.10
456.09,40.02,20.16,22.59,8.07,72.85,44.03,59.33,8.10
456.10,40.10,20.14,22.59,8.06,72.85,44.12,59.18,8.11
456.11,40.02,20.11,22.59,8.07,72.85,44.03,59.18,8.10
456.12,40.02,20.14,22.56,8.07,72.63,44.12,59.18,8.10
456.13,39.94,20.14,22.59,8.07,72.85,44.03,59.33,8.11
456.14,40.02,20.11,22.56,8.06,72.85,43.93,59.18,8.10
456.15,40.02,20.14,22.59,8.07,72.85,44.03,59.18,8.11
456.16,40.02,20.14,22.59,8.07,72.85,44.03,59.33,8.10
456.17,40.02,20.11,22.59,8.06,72.85,43.93,59.18,8.10
456.18,40.02,20.14,22.59,8.07,72.85,44.12,59.18,8.10
456.19,40.02,20.14,22.59,8.06,72.85,44.03,59.18,8.10
456.20,40.02,20.14,22.59,8.08,72.85,43.93,59.33,8.11
456.21,40.02,20.11,22.59,8.07,72.85,44.12,59.33,8.10
456.22,40.02,20.14,22.59,8.06,72.85,44.03,59.18,8.10
456.23,40.02,20.14,22.59,8.06,72.85,44.12,59.18,8.10
456.24,40.02,20.11,22.59,8.07,72.85,44.03,59.18,8.10
456.25,40.02,20.11,22.59,8.06,72.85,44.03,59.18,8.11
456.26,40.02,20.11,22.59,8.06,72.85,44.12,59.18,8.09
456.27,40.02,20.11,22.59,8.07,72.85,44.03,59.18,8.11
456.28,40.02,20.14,22.59,8.06,72.85,44.03,59.18,8.11
456.29,40.02,20.16,22.56,8.07,72.85,44.12,59.18,8.10
456.30,39.94,20.16,22.59,8.07,72.85,43.93,59.49,8.11
456.31,40.02,20.11,22.59,8.06,72.85,43.93,59.18,8.10
456.32,39.94,20.11,22.59,8.06,72.85,43.93,59.33,8.10
456.33,40.02,20.11,22.59,8.06,72.85,44.03,59.18,8.11
456.34,40.10,20.14,22.59,8.06,72.85,44.03,59.33,8.10
456.35,40.02,20.14,22.59,8.07,72.85,44.03,59.18,8.10
456.36,40.02,20.14,22.59,8.08,72.85,44.12,59.18,8.11
456.37,40.02,20.11,22.56,8.06,72.85,44.03,59.18,8.10
456.38,40.02,20.14,22.59,8.06,72.85,44.03,59.33,8.10
456.39,40.02,20.14,22.59,8.06,72.85,44.03,59.18,8.09
456.40,40.02,20.14,22.59,8.07,72.85,44.03,59.18,8.10
456.41,40.02,20.14,22.59,8.06,72.63,44.03,59.18,8.09
456.42,40.02,20.11,22.59,8.06,73.08,43.93,59.18,8.10
456.43,40.02,20.16,22.59,8.06,73.08,44.03,59.33,8.09
456.44,40.02,20.14,22.59,8.06,72.85,44.12,59.18,8.10
456.45,40.02,20.14,22.59,8.06,72.63,44.03,59.18,8.10
456.46,40.02,20.11,22.59,8.06,72.85,43.93,59.33,8.10
456.47,40.02,20.14,22.59,8.06,72.85,44.03,59.33,8.10
456.48,40.02,20.14,22.59,8.07,72.85,43.93,59.18,8.10
456.49,40.02,20.11,22.59,8.07,72.85,44.03,59.33,8.10
456.50,40.02,20.14,22.59,8.06,72.85,44.03,59.33,8.10
456.51,39.94,20.14,22.59,8.07,72.85,44.03,59.18,8.09
456.52,40.02,20.14,22.63,8.08,72.85,43.93,59.18,8.10
456.53,40.02,20.16,22.59,8.08,72.85,44.03,59.18,8.11
456.54,40.02,20.14,22.59,8.07,72.85,44.12,59.18,8.10
456.55,40.02,20.14,22.59,8.06,72.85,44.03,59.33,8.10
456.56,40.02,20.11,22.59,8.07,72.85,44.03,59.18,8.10
456.57,40.02,20.11,22.59,8.07,72.85,44.12,59.18,8.10
456.58,40.02,20.11,22.59,8.06,72.85,44.12,59.18,8.11
456.59,40.02,20.14,22.59,8.06,72.85,44.03,59.18,8.11
456.60,40.02,20.11,22.56,8.04,72.85,44.03,59.33,8.10
456.61,40.02,20.14,22.59,8.06,72.85,44.03,59.18,8.11
456.62,40.02,20.14,22.59,8.07,72.85,44.03,59.33,8.10
456.63,40.02,20.14,22.59,8.06,72.85,44.03,59.18,8.10
456.64,40.02,20.11,22.59,8.07,72.85,44.03,59.33,8.10
456.65,40.02,20.14,22.59,8.06,72.85,44.03,59.18,8.11
456.66,40.02,20.11,22.59,8.07,72.85,44.03,59.33,8.10
456.67,40.02,20.11,22.59,8.07,72.85,43.93,59.33,8.09
456.68,40.02,20.14,22.59,8.06,72.85,44.03,59.18,8.10
456.69,40.02,20.14,22.59,8.06,72.85,44.03,59.18,8.11
456.70,40.02,20.11,22.59,8.06,72.85,44.03,59.18,8.10
456.71,40.02,20.14,22.56,8.07,72.85,44.03,59.18,8.10
456.72,39.94,20.11,22.59,8.06,72.85,44.12,59.18,8.11
456.73,40.02,20.14,22.59,8.06,72.85,43.93,59.18,8.10
456.74,40.02,20.14,22.59,8.06,72.85,44.03,59.18,8.10
456.75,40.02,20.14,22.59,8.06,72.85,44.03,59.18,8.10
456.76,40.02,20.11,22.59,8.06,72.85,44.03,59.18,8.11
456.77,40.02,20.11,22.56,8.06,72.85,44.12,59.18,8.10
456.78,40.02,20.11,22.56,8.07,72.85,43.93,59.33,8.09
456.79,40.02,20.11,22.59,8.06,72.85,44.03,59.02,8.10
456.80,40.02,20.11,22.59,8.06,72.85,44.03,59.18,8.10
456.81,40.02,20.14,22.59,8.07,72.85,44.03,59.33,8.10
456.82,39.94,20.11,22.59,8.08,72.85,44.03,59.18,8.10
456.83,40.02,20.11,22.59,8.06,72.85,44.03,59.18,8.10
456.84,40.02,20.14,22.59,8.06,72.85,43.93,59.18,8.10
456.85,40.02,20.16,22.59,8.06,72.85,44.03,59.18,8.10
456.86,40.02,20.11,22.59,8.06,72.85,44.03,59.18,8.10
456.87,40.02,20.11,22.56,8.06,72.85,43.93,59.18,8.10
456.88,40.02,20.14,22.59,8.06,72.63,44.03,59.18,8.11
456.89,39.94,20.11,22.59,8.06,72.85,43.93,59.33,8.10
456.90,39.94,20.11,22.59,8.07,72.85,44.03,59.18,8.10
456.91,40.02,20.11,22.59,8.08,72.85,44.03,59.18,8.10
456.92,40.02,20.14,22.59,8.06,72.85,44.03,59.18,8.10
456.93,40.02,20.14,22.59,8.08,72.85,44.12,59.18,8.10
456.94,40.02,20.11,22.59,8.06,72.63,44.03,59.18,8.10
456.95,40.02,20.14,22.59,8.08,72.85,44.03,59.18,8.10
456.96,39.94,20.11,22.59,8.06,72.85,44.03,59.18,8.10
456.97,40.02,20.11,22.59,8.06,72.85,44.03,59.18,8.10
456.98,40.02,20.14,22.56,8.07,72.85,44.03,59.18,8.10
456.99,40.02,20.11,22.59,8.07,72.85,44.03,59.18,8.11
457.00,40.02,20.11,22.59,8.06,72.85,44.03,59.33,8.10
457.01,40.02,20.14,22.56,8.06,72.85,44.03,59.33,8.10
457.02,40.02,20.11,22.56,8.06,72.85,44.03,59.18,8.10
457.03,39.94,20.11,22.59,8.06,72.85,44.03,59.33,8.10
457.04,40.02,20.11,22.56,8.07,72.85,43.93,59.18,8.10
457.05,39.94,20.14,22.59,8.06,72.85,44.03,59.02,8.09
457.06,40.02,20.11,22.56,8.06,72.85,44.03,59.18,8.10
457.07,40.02,20.14,22.56,8.07,72.85,44.03,59.33,8.10
457.08,40.02,20.14,22.56,8.07,72.85,43.93,59.18,8.11
457.09,40.02,20.14,22.56,8.06,72.85,44.03,59.18,8.10
457.10,40.02,20.16,22.56,8.06,72.85,43.93,59.18,8.11
457.11,40.02,20.14,22.56,8.06,72.85,44.03,59.18,8.09
457.12,40.02,20.11,22.56,8.07,72.63,43.93,59.18,8.09
457.13,40.02,20.11,22.59,8.06,72.85,44.03,59.33,8.10
457.14,40.02,20.11,22.59,8.07,72.85,44.03,59.18,8.11
457.15,40.02,20.11,22.59,8.06,72.85,43.93,59.33,8.10
457.16,40.02,20.11,22.59,8.06,72.85,44.03,59.18,8.10
457.17,40.02,20.11,22.56,8.08,72.85,44.03,59.18,8.10
457.18,40.02,20.11,22.56,8.07,72.85,44.03,59.18,8.10
457.19,40.02,20.11,22.59,8.06,72.85,44.03,59.18,8.10
457.20,40.02,20.11,22.59,8.06,72.63,43.93,59.18,8.10
457.21,40.02,20.14,22.59,8.07,72.85,44.03,59.18,8.11
457.22,39.94,20.11,22.59,8.06,72.85,43.93,59.18,8.10
457.23,40.02,20.11,22.56,8.07,72.85,44.03,59.18,8.09
457.24,39.94,20.14,22.59,8.06,72.85,44.03,59.18,8.09
457.25,39.94,20.11,22.59,8.06,72.63,44.12,59.18,8.10
457.26,40.02,20.14,22.59,8.08,72.85,44.03,59.18,8.10
457.27,40.02,20.11,22.59,8.07,72.85,44.03,59.18,8.10
457.28,40.02,20.11,22.59,8.07,72.85,43.93,59.18,8.10
457.29,40.02,20.16,22.59,8.07,72.63,44.03,59.33,8.10
457.30,40.02,20.16,22.56,8.07,72.85,44.03,59.18,8.10
457.31,40.02,20.11,22.59,8.06,72.85,44.03,59.18,8.09
457.32,39.94,20.16,22.56,8.06,72.85,44.03,59.33,8.11
457.33,39.94,20.14,22.59,8.07,72.85,43.93,59.18,8.10
457.34,40.02,20.14,22.56,8.06,72.85,44.03,59.18,8.10
457.35,40.02,20.11,22.59,8.07,72.85,43.93,59.18,8.10
457.36,39.94,20.11,22.59,8.06,72.85,44.12,59.18,8.11
457.37,40.02,20.11,22.59,8.06,72.85,43.93,59.18,8.09
457.38,40.02,20.11,22.56,8.06,72.85,44.03,59.18,8.10
457.39,39.94,20.16,22.56,8.06,72.85,44.12,59.18,8.09
457.40,39.94,20.11,22.59,8.06,72.63,43.93,59.18,8.09
457.41,40.02,20.16,22.59,8.07,72.85,43.93,59.18,8.10
457.42,40.02,20.14,22.59,8.06,72.85,44.03,59.18,8.10
457.43,40.02,20.11,22.59,8.06,72.85,44.03,59.33,8.10
457.44,40.02,20.11,22.59,8.06,72.85,44.12,59.33,8.10
457.45,40.02,20.16,22.56,8.06,72.85,44.03,59.33,8.11
457.46,40.02,20.11,22.59,8.06,72.85,44.03,59.18,8.11
457.47,40.02,20.14,22.59,8.06,72.63,44.03,59.18,8.11
457.48,39.94,20.16,22.59,8.08,72.85,43.93,59.18,8.10
457.49,40.02,20.14,22.56,8.06,72.63,44.03,59.18,8.09
457.50,39.94,20.14,22.59,8.06,72.85,44.12,59.18,8.09
457.51,39.94,20.14,22.56,8.06,72.63,44.12,59.18,8.10
457.52,40.02,20.14,22.56,8.07,72.63,43.93,59.18,8.11
457.53,40.02,20.11,22.56,8.06,72.63,44.12,59.18,8.10
457.54,40.02,20.11,22.59,8.06,72.85,43.93,59.18,8.09
457.55,40.10,20.11,22.56,8.06,72.85,43.93,59.18,8.09
457.56,40.02,20.11,22.56,8.06,72.85,44.03,59.18,8.11
457.57,40.02,20.11,22.59,8.07,72.63,44.03,59.33,8.10
457.58,40.02,20.11,22.59,8.06,72.63,44.03,59.33,8.10
457.59,40.02,20.11,22.59,8.07,72.85,43.93,59.18,8.10
457.60,40.02,20.11,22.56,8.06,72.85,43.93,59.18,8.11
457.61,40.02,20.14,22.59,8.07,72.85,44.03,59.18,8.10
457.62,40.02,20.11,22.59,8.07,72.63,44.12,59.18,8.10
457.63,39.94,20.11,22.56,8.06,72.85,44.03,59.18,8.10
457.64,39.94,20.11,22.56,8.07,72.85,44.03,59.18,8.10
457.65,40.02,20.14,22.56,8.07,72.63,44.12,59.18,8.09
457.66,40.02,20.11,22.56,8.06,72.85,44.03,59.02,8.11
457.67,39.94,20.11,22.59,8.06,72.85,43.93,59.18,8.10
457.68,40.02,20.11,22.56,8.06,72.85,43.93,59.02,8.10
457.69,40.02,20.11,22.59,8.06,72.85,43.93,59.18,8.10
457.70,39.94,20.14,22.59,8.06,72.63,44.12,59.18,8.11
457.71,39.94,20.11,22.59,8.07,72.85,44.03,59.18,8.10
457.72,40.02,20.14,22.56,8.06,72.63,44.03,59.18,8.10
457.73,40.02,20.11,22.56,8.07,72.63,43.93,59.18,8.09
457.74,40.02,20.11,22.59,8.07,72.85,43.93,59.18,8.10
457.75,39.94,20.11,22.59,8.06,72.85,43.93,59.18,8.10
457.76,40.02,20.14,22.56,8.06,72.85,44.03,59.18,8.09
457.77,40.02,20.11,22.56,8.07,72.63,43.93,59.18,8.10
457.78,39.94,20.11,22.56,8.06,72.85,43.93,59.33,8.10
457.79,39.94,20.11,22.59,8.06,72.85,43.93,59.18,8.10
457.80,40.02,20.14,22.59,8.08,72.85,43.93,59.18,8.10
457.81,40.02,20.11,22.56,8.06,72.63,43.93,59.33,8.09
457.82,40.02,20.14,22.56,8.06,72.85,44.03,59.18,8.11
457.83,40.02,20.11,22.56,8.07,72.63,44.03,59.18,8.09
457.84,40.02,20.14,22.59,8.06,72.85,44.03,59.18,8.09
457.85,40.02,20.11,22.56,8.06,72.63,43.93,59.18,8.10
457.86,40.02,20.14,22.56,8.04,72.63,44.03,59.18,8.10
457.87,39.94,20.11,22.56,8.06,72.85,44.03,59.18,8.09
457.88,40.02,20.11,22.56,8.06,72.85,44.03,59.18,8.10
457.89,39.94,20.11,22.59,8.06,72.63,44.03,59.18,8.10
457.90,39.94,20.11,22.56,8.06,72.85,43.93,59.18,8.10
457.91,39.94,20.11,22.59,8.07,72.63,43.93,59.18,8.10
457.92,39.94,20.11,22.56,8.06,72.85,44.03,59.18,8.10
457.93,39.94,20.11,22.56,8.07,72.85,44.12,59.33,8.10
457.94,39.94,20.16,22.56,8.06,72.85,43.93,59.18,8.10
457.95,39.94,20.11,22.56,8.06,72.85,44.03,59.33,8.11
457.96,39.86,20.14,22.59,8.06,72.63,44.03,59.18,8.09
457.97,40.02,20.11,22.59,8.06,72.85,43.93,59.33,8.09
457.98,40.02,20.14,22.59,8.07,72.85,43.93,59.18,8.10
457.99,40.02,20.11,22.56,8.06,72.63,44.03,59.18,8.10
458.00,39.94,20.11,22.59,8.07,72.85,44.03,59.02,8.10
458.01,39.94,20.11,22.59,8.06,72.85,44.03,59.33,8.10
458.02,39.94,20.11,22.56,8.07,72.85,44.03,59.18,8.10
458.03,40.02,20.14,22.56,8.06,72.85,43.93,59.18,8.10
458.04,39.94,20.11,22.59,8.07,72.85,44.03,59.18,8.11
458.05,39.94,20.11,22.56,8.06,72.85,43.93,59.18,8.10
458.06,40.02,20.11,22.56,8.06,72.85,44.12,59.33,8.10
458.07,39.94,20.11,22.56,8.07,72.63,44.03,59.18,8.11
458.08,39.86,20.11,22.56,8.06,72.63,44.03,59.18,8.10
458.09,39.94,20.14,22.56,8.07,72.63,44.03,59.18,8.10
458.10,39.94,20.11,22.56,8.06,72.85,44.03,59.18,8.10
458.11,39.94,20.14,22.59,8.07,72.63,44.03,59.18,8.10
458.12,39.94,20.11,22.56,8.06,72.85,44.03,59.18,8.10
458.13,39.94,20.11,22.56,8.06,72.63,44.03,59.18,8.10
458.14,40.02,20.11,22.59,8.06,72.85,44.03,59.33,8.10
458.15,39.94,20.14,22.56,8.07,72.85,44.03,59.18,8.10
458.16,40.02,20.11,22.56,8.07,72.63,43.93,59.18,8.11
458.17,39.94,20.11,22.56,8.06,72.63,43.93,59.18,8.10
458.18,39.86,20.11,22.56,8.06,72.85,43.93,59.18,8.09
458.19,39.94,20.11,22.56,8.06,72.63,44.12,59.18,8.09
458.20,39.94,20.11,22.56,8.04,72.85,44.12,59.18,8.10
458.21,39.94,20.14,22.56,8.04,72.85,44.03,59.18,8.09
458.22,40.02,20.11,22.59,8.06,72.63,44.03,59.18,8.10
458.23,40.02,20.11,22.56,8.07,72.85,44.03,59.18,8.10
458.24,40.02,20.11,22.56,8.07,72.63,44.03,59.18,8.11
458.25,39.94,20.11,22.59,8.06,72.85,44.03,59.18,8.11
458.26,40.02,20.11,22.59,8.06,72.85,44.03,59.18,8.09
458.27,39.94,20.11,22.56,8.06,72.63,43.93,59.18,8.09
458.28,39.94,20.11,22.59,8.06,72.85,43.93,59.18,8.09
458.29,39.94,20.11,22.56,8.07,72.85,43.93,59.18,8.11
458.30,40.02,20.11,22.59,8.06,72.63,43.93,59.18,8.09
458.31,39.94,20.11,22.59,8.07,73.08,44.03,59.18,8.11
458.32,39.94,20.11,22.56,8.06,72.85,43.93,59.18,8.09
458.33,40.02,20.11,22.59,8.06,72.63,44.03,59.33,8.10
458.34,39.94,20.14,22.59,8.07,72.85,43.93,59.18,8.10
458.35,39.94,20.11,22.56,8.06,72.63,44.03,59.18,8.10
458.36,39.94,20.11,22.59,8.06,72.85,44.03,59.18,8.09
458.37,39.94,20.11,22.56,8.06,72.63,44.03,59.33,8.10
458.38,39.94,20.14,22.56,8.06,72.85,43.93,59.18,8.10
458.39,40.02,20.11,22.56,8.07,72.63,43.93,59.33,8.10
458.40,40.02,20.11,22.56,8.06,72.85,43.93,59.18,8.11
458.41,39.94,20.08,22.56,8.07,72.63,44.03,59.18,8.10
458.42,39.94,20.14,22.56,8.07,72.63,44.03,59.18,8.10
458.43,39.94,20.11,22.56,8.07,72.85,44.03,59.02,8.11
458.44,39.94,20.11,22.56,8.06,72.63,44.03,59.18,8.10
458.45,39.94,20.11,22.56,8.06,72.85,43.93,59.33,8.09
458.46,40.02,20.11,22.56,8.07,72.63,43.93,59.18,8.10
458.47,39.94,20.14,22.56,8.06,72.63,43.93,59.18,8.10
458.48,40.02,20.08,22.56,8.06,72.63,43.84,59.18,8.10
458.49,40.02,20.14,22.56,8.06,72.63,44.03,59.02,8.10
458.50,39.94,20.14,22.56,8.06,72.63,43.93,59.18,8.10
458.51,39.94,20.08,22.56,8.06,72.85,44.03,59.18,8.11
458.52,39.94,20.14,22.56,8.06,72.85,43.93,59.18,8.09
458.53,39.94,20.11,22.56,8.06,72.85,43.93,59.18,8.10
458.54,39.94,20.11,22.56,8.06,72.63,44.03,59.18,8.09
458.55,39.94,20.14,22.56,8.04,72.63,43.93,59.33,8.10
458.56,39.94,20.11,22.56,8.06,72.63,43.93,59.18,8.10
458.57,39.94,20.11,22.56,8.04,72.63,44.03,59.18,8.11
458.58,39.94,20.11,22.56,8.06,72.63,44.03,59.18,8.09
458.59,39.94,20.11,22.56,8.06,72.85,43.93,59.18,8.09
458.60,39.94,20.11,22.56,8.06,72.63,44.03,59.18,8.10
458.61,39.94,20.11,22.56,8.06,72.85,43.84,59.18,8.09
458.62,40.02,20.14,22.56,8.07,72.63,44.03,59.18,8.09
458.64,39.94,20.11,22.52,8.06,72.63,44.03,59.02,8.11
458.65,39.94,20.11,22.56,8.06,72.63,43.93,59.18,8.08
458.66,39.94,20.11,22.52,8.06,72.63,44.03,59.18,8.10
458.67,40.02,20.11,22.56,8.06,72.63,44.03,59.18,8.10
458.68,39.94,20.08,22.56,8.04,72.85,43.93,59.18,8.09
458.69,39.94,20.11,22.56,8.04,72.85,43.93,59.18,8.10
458.70,40.02,20.11,22.56,8.06,72.63,44.03,59.18,8.09
458.71,40.02,20.11,22.56,8.06,72.85,44.03,59.18,8.10
458.72,39.86,20.14,22.56,8.07,72.63,44.03,59.02,8.10
458.73,40.02,20.11,22.59,8.06,72.85,44.03,59.18,8.11
458.74,39.94,20.11,22.56,8.06,72.63,44.03,59.02,8.11
458.75,39.94,20.08,22.56,8.04,72.85,43.93,59.18,8.10
458.76,39.94,20.11,22.59,8.07,72.85,44.03,59.18,8.10
458.77,39.86,20.11,22.56,8.06,72.85,44.03,59.02,8.11
458.78,40.02,20.11,22.56,8.04,72.63,43.93,59.18,8.10
458.79,39.94,20.11,22.56,8.07,72.85,43.93,59.18,8.10
458.80,39.94,20.11,22.56,8.06,72.63,43.93,59.18,8.10
458.81,39.94,20.11,22.56,8.06,72.63,43.93,59.18,8.09
458.82,39.94,20.11,22.56,8.06,72.85,43.93,59.18,8.10
458.83,39.94,20.11,22.52,8.04,72.85,43.93,59.18,8.09
458.84,39.94,20.14,22.56,8.06,72.85,44.03,59.18,8.09
458.85,39.94,20.11,22.56,8.06,72.63,44.03,59.18,8.10
458.86,39.94,20.14,22.56,8.06,72.63,44.03,59.33,8.09
458.87,39.94,20.11,22.59,8.06,72.63,44.03,59.02,8.10
458.88,39.94,20.08,22.56,8.06,72.85,43.93,59.33,8.09
458.89,39.94,20.14,22.56,8.04,72.85,43.93,59.18,8.11
458.90,39.94,20.11,22.56,8.04,72.63,44.03,59.18,8.11
458.91,39.94,20.11,22.52,8.06,72.63,43.93,59.18,8.10
458.92,39.94,20.11,22.56,8.06,72.85,43.93,59.18,8.10
458.93,39.94,20.11,22.56,8.07,72.63,43.93,59.18,8.10
458.94,39.94,20.11,22.59,8.06,72.63,43.93,59.18,8.10
458.95,40.02,20.08,22.56,8.06,72.63,44.03,59.18,8.11
458.96,40.02,20.14,22.56,8.06,72.63,44.03,59.18,8.11
458.97,39.94,20.14,22.56,8.06,72.85,43.93,59.18,8.11
458.98,39.94,20.08,22.56,8.06,72.63,44.03,59.18,8.10
458.99,39.94,20.08,22.56,8.06,72.85,44.03,59.18,8.10
459.00,39.94,20.11,22.56,8.06,72.63,44.03,59.18,8.10
459.01,39.94,20.11,22.56,8.06,72.85,43.93,59.18,8.09
459.02,39.94,20.11,22.56,8.07,72.63,44.03,59.18,8.10
459.03,39.94,20.14,22.56,8.04,72.63,44.03,59.18,8.11
459.04,39.94,20.11,22.56,8.06,72.63,43.93,59.18,8.10
459.05,39.94,20.11,22.56,8.06,72.85,44.03,59.02,8.09
459.06,39.94,20.11,22.56,8.06,72.85,43.93,59.18,8.10
459.07,39.94,20.14,22.56,8.06,72.63,44.03,59.18,8.10
459.08,39.94,20.11,22.56,8.07,72.85,44.03,59.18,8.10
459.09,39.94,20.11,22.56,8.06,72.63,43.93,59.02,8.10
459.10,39.94,20.11,22.56,8.06,72.85,43.93,59.18,8.11
459.11,39.94,20.11,22.56,8.06,72.85,43.93,59.18,8.10
459.12,39.94,20.14,22.52,8.07,72.63,43.93,59.18,8.09
459.13,39.94,20.11,22.56,8.06,72.63,43.93,59.18,8.10
459.14,39.94,20.11,22.56,8.06,72.63,43.93,59.18,8.10
459.15,39.94,20.11,22.56,8.07,72.63,44.03,59.02,8.10
459.16,39.94,20.11,22.56,8.06,72.85,43.93,59.18,8.09
459.17,39.94,20.11,22.56,8.07,72.63,43.93,59.18,8.10
459.18,39.94,20.08,22.56,8.06,72.85,43.93,59.18,8.09
459.19,39.94,20.11,22.56,8.06,72.63,44.03,59.18,8.10
459.20,39.94,20.11,22.56,8.06,72.63,44.03,59.18,8.09
459.21,39.94,20.11,22.56,8.06,72.85,43.93,59.18,8.09
459.22,39.94,20.11,22.52,8.07,72.63,43.93,59.18,8.10
459.23,39.94,20.11,22.56,8.07,72.63,44.03,59.18,8.09
459.24,39.94,20.11,22.56,8.04,72.85,43.93,59.18,8.10
459.25,39.94,20.11,22.56,8.06,72.63,43.93,59.18,8.11
459.26,39.94,20.11,22.56,8.04,72.63,43.93,59.18,8.10
459.27,39.94,20.11,22.56,8.06,72.63,44.03,59.33,8.10
459.28,39.94,20.11,22.56,8.06,72.63,43.93,59.18,8.10
459.29,39.94,20.08,22.56,8.06,72.63,43.93,59.18,8.10
459.30,39.94,20.11,22.56,8.06,72.85,44.03,59.18,8.11
459.31,39.94,20.11,22.52,8.06,72.63,43.93,59.18,8.09
459.32,39.94,20.11,22.56,8.06,72.85,44.03,59.18,8.09
459.33,40.02,20.11,22.56,8.04,72.85,44.12,59.18,8.09
459.34,40.02,20.14,22.56,8.06,72.63,43.93,59.18,8.09
459.35,39.94,20.11,22.52,8.07,72.63,43.93,59.18,8.09
459.36,39.94,20.11,22.52,8.07,72.85,43.93,59.33,8.10
459.37,39.94,20.11,22.56,8.06,72.85,43.93,59.18,8.10
459.38,40.02,20.11,22.56,8.07,72.85,44.03,59.18,8.10
459.39,39.94,20.11,22.52,8.07,72.85,44.03,59.33,8.09
459.40,39.94,20.11,22.56,8.06,72.85,44.03,59.18,8.10
459.41,39.94,20.11,22.56,8.06,72.85,43.93,59.18,8.11
459.42,39.94,20.11,22.56,8.07,72.85,44.03,59.18,8.09
459.43,40.02,20.11,22.52,8.06,72.85,44.03,59.18,8.10
459.44,39.94,20.11,22.56,8.06,72.63,43.93,59.18,8.10
459.45,39.94,20.11,22.56,8.06,72.63,44.03,59.18,8.09
459.46,39.94,20.14,22.56,8.06,72.63,44.03,59.18,8.10
459.47,39.94,20.11,22.56,8.06,72.85,43.93,59.18,8.10
459.48,39.94,20.11,22.52,8.04,72.63,44.03,59.18,8.11
459.49,39.94,20.14,22.52,8.06,72.85,43.93,59.18,8.10
459.50,39.94,20.14,22.56,8.06,72.85,43.93,59.02,8.10
459.51,39.94,20.11,22.56,8.07,72.63,43.93,59.18,8.10
459.52,39.94,20.11,22.56,8.07,72.63,43.93,59.18,8.10
459.53,39.94,20.11,22.56,8.06,72.63,44.03,59.18,8.09
459.54,39.94,20.11,22.56,8.06,72.85,44.03,59.18,8.10
459.55,39.94,20.11,22.56,8.06,72.85,43.93,59.18,8.10
459.56,39.94,20.11,22.56,8.06,72.85,43.93,59.18,8.10
459.57,39.94,20.11,22.56,8.06,72.85,43.93,59.18,8.09
459.58,39.94,20.11,22.56,8.07,72.63,43.93,59.18,8.10
459.59,39.94,20.14,22.56,8.06,72.63,44.03,59.18,8.09
459.60,39.94,20.11,22.56,8.06,72.63,43.93,59.18,8.10
459.61,39.94,20.11,22.56,8.06,72.85,44.03,59.18,8.11
459.62,39.94,20.11,22.56,8.06,72.63,44.03,59.18,8.09
459.63,39.94,20.11,22.56,8.07,72.63,44.03,59.18,8.09
459.64,39.94,20.11,22.56,8.06,72.63,44.03,59.18,8.10
459.65,39.94,20.11,22.56,8.04,72.63,43.93,59.18,8.11
459.66,39.94,20.14,22.56,8.07,72.63,44.03,59.18,8.09
459.67,39.94,20.11,22.56,8.04,72.85,43.93,59.18,8.09
459.68,39.94,20.08,22.52,8.06,72.63,44.12,59.18,8.11
459.69,39.94,20.11,22.56,8.06,72.63,43.93,59.18,8.09
459.70,39.86,20.11,22.52,8.04,72.85,44.03,59.18,8.09
459.71,39.94,20.11,22.56,8.04,72.63,43.93,59.18,8.10
459.72,39.94,20.11,22.52,8.04,72.85,43.93,59.18,8.09
459.73,39.94,20.11,22.56,8.07,72.63,43.93,59.18,8.09
459.74,39.94,20.08,22.52,8.06,72.63,43.93,59.18,8.10
459.75,39.94,20.08,22.56,8.07,72.85,43.93,59.18,8.09
459.76,39.86,20.11,22.56,8.06,72.63,44.03,59.18,8.10
459.77,40.02,20.08,22.56,8.07,72.85,44.12,59.18,8.09
459.78,39.94,20.08,22.52,8.07,72.63,44.12,59.18,8.09
459.79,39.94,20.08,22.56,8.04,72.63,44.12,59.18,8.10
459.80,39.94,20.11,22.56,8.04,72.63,43.93,59.18,8.09
459.81,39.94,20.11,22.52,8.04,72.85,44.03,59.02,8.09
459.82,39.94,20.11,22.56,8.06,72.85,43.93,59.18,8.10
459.83,39.94,20.08,22.56,8.06,72.63,44.03,59.02,8.10
459.84,39.94,20.11,22.56,8.04,72.85,43.93,59.18,8.09
459.85,39.94,20.11,22.56,8.06,72.63,44.03,59.18,8.09
459.86,39.94,20.11,22.52,8.07,72.63,44.03,59.18,8.11
459.87,40.02,20.14,22.52,8.06,72.85,44.03,59.18,8.09
459.88,40.02,20.11,22.52,8.06,72.63,43.93,59.18,8.09
459.89,39.94,20.14,22.56,8.04,72.85,44.03,59.18,8.10
459.90,39.94,20.11,22.56,8.06,72.85,43.93,59.18,8.09
459.91,39.86,20.08,22.52,8.06,72.85,44.03,59.18,8.09
459.92,39.86,20.11,22.56,8.06,72.85,44.03,59.02,8.09
459.93,39.86,20.11,22.56,8.06,72.85,44.03,59.18,8.10
459.94,39.94,20.11,22.59,8.06,72.63,44.03,59.18,8.10
459.95,40.02,20.11,22.56,8.06,72.63,43.93,59.18,8.10
459.96,39.94,20.11,22.52,8.06,72.63,43.93,59.18,8.10
459.97,39.94,20.11,22.56,8.07,72.63,43.93,59.18,8.10
459.98,39.94,20.11,22.56,8.06,72.63,43.93,59.18,8.10
459.99,39.94,20.08,22.52,8.04,72.63,44.03,59.18,8.10
460.00,39.94,20.08,22.56,8.04,72.85,44.03,59.18,8.09
460.01,39.94,20.11,22.56,8.04,72.63,43.93,59.18,8.10
460.02,39.94,20.11,22.56,8.06,72.41,43.93,59.18,8.10
460.03,39.94,20.11,22.56,8.06,72.63,43.93,59.18,8.09
460.04,39.86,20.08,22.56,8.06,72.85,43.93,59.33,8.09
460.05,39.94,20.11,22.56,8.06,72.63,43.93,59.02,8.09
460.06,39.94,20.11,22.56,8.06,72.85,44.03,59.18,8.10
460.07,39.86,20.11,22.56,8.06,72.85,44.03,59.18,8.09
460.08,39.94,20.11,22.56,8.06,72.85,43.93,59.18,8.09
460.11,39.94,20.11,22.56,8.06,72.85,43.93,59.18,8.11
460.11,39.94,20.11,22.56,8.06,72.63,44.03,59.33,8.10
460.12,39.94,20.08,22.59,8.06,72.85,44.03,59.18,8.10
460.13,39.94,20.11,22.56,8.06,72.63,43.93,59.02,8.10
460.14,39.94,20.11,22.56,8.06,72.63,43.93,59.33,8.09
460.15,39.94,20.11,22.56,8.06,72.63,44.03,59.18,8.09
460.16,39.86,20.11,22.56,8.04,72.63,44.03,59.18,8.10
460.17,39.94,20.14,22.56,8.06,72.85,44.03,59.33,8.09
460.18,39.94,20.08,22.56,8.07,72.85,44.03,59.18,8.08
460.19,39.94,20.11,22.56,8.06,72.63,43.93,59.02,8.10
460.20,39.94,20.08,22.56,8.07,72.85,43.93,59.18,8.09
460.21,39.94,20.08,22.56,8.04,72.63,43.93,59.02,8.09
460.22,40.02,20.11,22.56,8.04,72.85,44.03,59.18,8.11
460.23,39.94,20.11,22.56,8.06,72.63,44.03,59.18,8.09
460.24,39.94,20.11,22.56,8.06,72.63,44.03,59.18,8.08
460.25,39.94,20.11,22.56,8.06,72.63,43.93,59.18,8.09
460.26,39.94,20.11,22.56,8.04,72.85,43.93,59.18,8.11
460.27,39.94,20.08,22.56,8.04,72.63,44.03,59.02,8.09
460.28,39.94,20.11,22.56,8.06,72.85,43.93,59.18,8.10
460.29,39.94,20.11,22.59,8.06,72.85,44.03,59.18,8.10
460.30,39.94,20.11,22.56,8.07,72.63,43.93,59.18,8.09
460.31,39.94,20.11,22.56,8.07,72.63,44.03,59.18,8.09
460.32,39.94,20.08,22.56,8.04,72.85,44.03,59.02,8.09
460.33,39.94,20.11,22.56,8.07,72.63,43.93,59.18,8.10
460.34,39.94,20.11,22.56,8.06,72.85,43.93,59.18,8.10
460.35,39.94,20.11,22.56,8.04,72.85,44.03,59.18,8.10
460.36,39.94,20.14,22.56,8.07,72.63,43.93,59.18,8.09
460.37,39.94,20.11,22.56,8.06,72.63,43.93,59.18,8.10
460.38,39.94,20.08,22.56,8.04,72.63,44.03,59.02,8.09
460.39,39.94,20.11,22.52,8.04,72.85,43.93,59.18,8.09
460.40,39.94,20.11,22.59,8.06,72.85,44.03,59.18,8.09
460.41,39.94,20.11,22.52,8.06,72.63,43.93,59.18,8.09
460.42,39.94,20.14,22.56,8.07,72.85,44.03,59.18,8.09
460.43,39.94,20.11,22.56,8.06,72.85,43.93,59.18,8.09
460.44,39.94,20.11,22.56,8.06,72.63,44.03,59.18,8.09
460.45,39.94,20.11,22.56,8.07,72.63,43.93,59.33,8.09
460.46,39.94,20.08,22.56,8.06,72.63,43.93,59.18,8.09
460.47,39.94,20.11,22.52,8.04,72.63,43.93,59.18,8.10
460.48,39.94,20.11,22.56,8.07,72.63,43.93,59.18,8.09
460.49,39.94,20.08,22.56,8.04,72.63,43.93,59.18,8.10
460.50,39.94,20.11,22.56,8.04,72.85,43.84,59.18,8.09
460.51,39.94,20.11,22.56,8.04,72.63,43.93,59.18,8.10
460.52,39.94,20.11,22.52,8.06,72.63,44.03,59.02,8.09
460.53,39.94,20.08,22.56,8.04,72.63,44.03,59.18,8.10
460.54,39.94,20.11,22.56,8.06,72.63,43.93,59.18,8.10
460.55,39.86,20.14,22.59,8.06,72.85,44.03,59.18,8.09
460.56,39.94,20.11,22.56,8.06,72.63,44.03,59.18,8.09
460.57,39.94,20.11,22.56,8.04,72.63,43.84,59.18,8.10
460.58,39.94,20.11,22.56,8.07,72.63,44.03,59.18,8.10
460.59,39.94,20.11,22.56,8.06,72.85,43.93,59.18,8.09
460.60,39.94,20.11,22.52,8.04,72.85,43.93,59.18,8.09
460.61,39.94,20.11,22.52,8.04,72.85,43.93,59.18,8.10
460.62,39.94,20.11,22.56,8.06,72.63,43.93,59.18,8.09
460.63,39.94,20.08,22.52,8.04,72.85,43.93,59.18,8.11
460.64,39.94,20.11,22.56,8.04,72.85,44.03,59.18,8.10
460.65,39.94,20.11,22.56,8.04,72.63,43.93,59.18,8.10
460.66,39.94,20.11,22.52,8.04,72.63,43.93,59.18,8.09
460.67,39.86,20.11,22.56,8.04,72.85,43.84,59.18,8.10
460.68,39.94,20.11,22.56,8.04,72.63,44.03,59.18,8.10
460.69,39.94,20.11,22.56,8.06,72.85,43.93,59.02,8.09
460.70,39.94,20.11,22.52,8.06,72.63,43.93,59.18,8.09
460.71,39.94,20.11,22.56,8.07,72.63,43.93,59.18,8.09
460.72,39.94,20.11,22.56,8.04,72.41,43.93,59.18,8.09
460.73,39.94,20.08,22.52,8.04,72.85,44.03,59.18,8.10
460.74,39.94,20.11,22.52,8.04,72.85,44.03,59.18,8.09
460.75,39.94,20.08,22.52,8.04,72.85,43.93,59.02,8.11
460.76,39.94,20.11,22.56,8.07,72.85,43.93,59.18,8.09
460.77,39.94,20.11,22.56,8.06,72.85,43.93,59.18,8.10
460.78,39.94,20.11,22.52,8.07,72.63,43.93,59.33,8.10
460.79,40.02,20.11,22.56,8.07,72.63,44.03,59.02,8.09
460.80,39.94,20.11,22.56,8.06,72.63,43.93,59.18,8.09
460.81,39.94,20.08,22.56,8.04,72.63,44.03,59.18,8.09
460.82,39.94,20.11,22.56,8.06,72.63,43.93,59.18,8.10
460.83,39.94,20.11,22.52,8.04,72.85,43.93,59.18,8.09
460.84,39.94,20.11,22.56,8.06,72.63,44.03,59.18,8.09
460.87,39.94,20.11,22.56,8.07,72.63,43.93,59.18,8.10
460.87,39.94,20.14,22.56,8.06,72.85,43.93,59.18,8.09
460.88,39.94,20.08,22.56,8.07,72.63,44.03,59.18,8.10
460.89,39.94,20.11,22.56,8.04,72.85,43.93,59.18,8.09
460.90,39.94,20.08,22.56,8.04,72.85,43.93,59.33,8.09
460.91,39.94,20.11,22.56,8.06,72.63,43.93,59.18,8.10
460.92,39.94,20.11,22.56,8.04,72.63,43.93,59.18,8.10
460.93,39.94,20.11,22.56,8.06,72.63,44.03,59.18,8.09
460.94,39.94,20.11,22.56,8.04,72.63,44.03,59.18,8.10
460.95,39.94,20.08,22.56,8.06,72.85,43.93,59.18,8.09
460.96,39.94,20.11,22.56,8.06,72.85,44.12,59.18,8.11
460.97,39.94,20.14,22.52,8.06,72.85,43.93,59.18,8.09
460.98,39.94,20.08,22.56,8.04,72.85,43.93,59.18,8.09
460.99,39.94,20.11,22.56,8.04,72.63,44.03,59.18,8.09
461.02,39.94,20.11,22.56,8.06,72.63,43.93,59.18,8.10
461.02,39.94,20.11,22.52,8.06,72.63,44.12,59.18,8.09
461.03,39.94,20.11,22.56,8.07,72.63,44.03,59.18,8.09
461.04,39.94,20.11,22.56,8.06,72.63,43.84,59.18,8.10
461.05,39.94,20.11,22.56,8.06,72.85,44.03,59.18,8.09
461.06,39.94,20.11,22.52,8.06,72.63,44.03,59.18,8.10
461.07,39.94,20.08,22.56,8.06,72.63,43.93,59.18,8.09
461.08,39.94,20.11,22.56,8.04,72.63,43.93,59.02,8.09
461.09,39.94,20.11,22.56,8.06,72.63,43.93,59.18,8.11
461.10,39.94,20.11,22.56,8.04,72.85,43.93,59.18,8.10
461.11,39.94,20.08,22.56,8.04,72.63,43.93,59.18,8.09
461.12,39.94,20.11,22.56,8.07,72.63,44.03,59.18,8.10
461.13,39.94,20.08,22.56,8.04,72.63,43.93,59.02,8.10
461.14,39.94,20.11,22.52,8.06,72.41,44.03,59.18,8.10
461.15,39.94,20.11,22.56,8.06,72.85,43.93,59.18,8.10
461.16,39.94,20.08,22.52,8.04,72.85,43.93,59.18,8.10
461.17,39.94,20.11,22.56,8.04,72.63,44.03,59.18,8.09
461.18,39.94,20.11,22.56,8.06,72.63,43.93,59.18,8.09
461.19,39.94,20.11,22.56,8.04,72.85,43.84,59.18,8.09
461.20,39.94,20.11,22.56,8.04,72.85,43.93,59.18,8.09
461.21,39.94,20.11,22.56,8.04,72.85,43.93,59.18,8.10
461.22,39.94,20.11,22.56,8.04,72.85,43.93,59.18,8.10
461.23,39.94,20.11,22.52,8.06,72.41,43.93,59.18,8.10
461.24,39.94,20.08,22.52,8.06,72.63,43.93,59.18,8.10
461.25,39.94,20.11,22.56,8.04,72.63,43.93,59.18,8.10
461.26,39.94,20.11,22.52,8.06,72.85,44.03,59.18,8.09
461.27,39.86,20.08,22.52,8.04,72.63,43.93,59.02,8.09
461.28,39.86,20.11,22.52,8.04,72.63,43.93,59.33,8.09
461.29,39.94,20.11,22.56,8.04,72.85,44.03,59.02,8.09
461.30,39.94,20.08,22.56,8.06,72.63,43.93,59.02,8.09
461.31,39.94,20.11,22.52,8.07,72.63,44.03,59.02,8.09
461.32,39.94,20.08,22.56,8.04,72.63,44.03,59.18,8.09
461.33,39.94,20.11,22.56,8.06,72.63,44.03,59.18,8.11
461.34,39.94,20.08,22.52,8.04,72.85,43.93,59.18,8.09
461.35,39.94,20.11,22.52,8.06,72.85,43.93,59.18,8.09
461.36,39.94,20.08,22.52,8.04,72.63,43.93,59.18,8.10
461.37,39.94,20.11,22.56,8.04,72.63,43.93,59.18,8.09
461.38,39.94,20.11,22.52,8.04,72.63,44.03,59.18,8.09
461.39,39.94,20.11,22.56,8.04,72.85,44.03,59.18,8.09
461.40,39.94,20.11,22.56,8.06,72.85,43.93,59.18,8.09
461.41,39.94,20.11,22.52,8.04,72.63,43.93,59.18,8.10
461.42,39.94,20.11,22.56,8.06,72.63,43.93,59.18,8.09
461.43,39.86,20.08,22.56,8.04,72.63,43.93,59.18,8.10
461.44,39.94,20.11,22.52,8.06,72.63,43.93,59.18,8.10
461.45,39.94,20.11,22.52,8.06,72.63,43.93,59.18,8.09
461.46,39.94,20.08,22.52,8.04,72.63,43.93,59.18,8.09
461.47,39.94,20.08,22.56,8.06,72.85,43.93,59.18,8.09
461.48,39.94,20.11,22.56,8.04,72.63,44.03,59.18,8.09
461.49,39.94,20.11,22.52,8.06,72.63,43.84,59.18,8.09
461.50,39.94,20.11,22.56,8.06,72.85,43.93,59.18,8.10
461.51,39.94,20.08,22.56,8.06,72.63,44.03,59.18,8.10
461.52,39.94,20.11,22.56,8.04,72.85,43.93,59.02,8.10
461.53,39.94,20.11,22.56,8.06,72.63,43.93,59.18,8.09
461.54,39.94,20.11,22.56,8.06,72.63,43.93,59.18,8.10
461.55,39.86,20.11,22.52,8.04,72.63,43.93,59.18,8.09
461.57,39.94,20.11,22.56,8.06,72.63,43.93,59.33,8.09
461.58,39.94,20.08,22.52,8.04,72.63,43.93,59.18,8.10
461.59,39.94,20.14,22.56,8.06,72.63,43.93,59.18,8.09
461.60,39.94,20.11,22.56,8.04,72.85,43.93,59.18,8.09
461.61,39.94,20.11,22.56,8.04,72.63,43.84,59.18,8.10
461.62,39.94,20.11,22.56,8.04,72.85,43.93,59.18,8.09
461.63,39.94,20.11,22.52,8.07,72.63,43.93,59.18,8.10
461.64,39.94,20.11,22.56,8.06,72.85,43.93,59.18,8.09
461.65,39.94,20.11,22.52,8.06,72.85,43.93,59.18,8.09
461.66,39.94,20.08,22.52,8.04,72.85,43.93,59.18,8.09
461.67,39.86,20.11,22.56,8.06,72.85,43.93,59.18,8.10
461.68,39.86,20.08,22.56,8.04,72.63,44.03,59.18,8.10
461.69,39.86,20.11,22.56,8.04,72.63,43.93,59.18,8.09
461.70,39.94,20.11,22.56,8.07,72.63,43.84,59.18,8.09
461.71,39.94,20.11,22.52,8.04,72.63,43.84,59.02,8.09
461.72,39.94,20.11,22.52,8.06,72.85,43.93,59.18,8.10
461.73,39.94,20.11,22.52,8.04,72.63,43.93,59.02,8.09
461.74,39.94,20.08,22.52,8.06,72.63,43.93,59.18,8.09
461.75,39.86,20.11,22.49,8.06,72.63,43.93,59.18,8.09
461.76,39.94,20.11,22.52,8.04,72.85,43.93,59.18,8.09
461.77,39.94,20.11,22.52,8.04,72.63,43.93,59.18,8.10
461.78,39.94,20.11,22.56,8.04,72.63,43.93,59.02,8.09
461.79,39.94,20.11,22.56,8.04,72.63,43.93,59.02,8.09
461.80,39.94,20.11,22.52,8.04,72.85,44.03,59.18,8.09
461.81,39.94,20.11,22.56,8.06,72.85,43.93,59.18,8.09
461.82,39.94,20.11,22.52,8.04,72.63,44.03,59.02,8.10
461.83,39.86,20.08,22.52,8.06,72.63,43.93,59.02,8.09
461.84,39.86,20.08,22.56,8.06,72.63,43.93,59.18,8.10
461.85,39.94,20.11,22.56,8.04,72.85,43.93,59.18,8.09
461.86,39.94,20.11,22.52,8.06,72.63,43.93,59.18,8.10
461.87,39.94,20.11,22.52,8.06,72.85,43.93,59.18,8.09
461.88,39.94,20.11,22.52,8.04,72.63,44.03,59.18,8.09
461.89,39.86,20.08,22.56,8.04,72.63,43.93,59.18,8.09
461.90,39.94,20.11,22.52,8.06,72.63,43.93,59.18,8.09
461.91,39.86,20.11,22.56,8.04,72.63,43.93,59.18,8.09
461.92,39.94,20.11,22.56,8.04,72.63,44.03,59.18,8.10
461.93,39.86,20.08,22.52,8.06,72.63,43.93,59.18,8.09
461.94,39.86,20.08,22.56,8.04,72.85,44.03,59.18,8.09
461.95,39.94,20.11,22.52,8.06,72.85,43.93,59.18,8.10
461.96,39.94,20.11,22.52,8.07,72.85,43.93,59.18,8.09
461.97,39.94,20.11,22.52,8.06,72.41,43.93,59.18,8.09
461.98,39.86,20.08,22.56,8.06,72.63,44.03,59.18,8.09
461.99,39.86,20.11,22.56,8.04,72.85,43.93,59.18,8.09
462.00,39.94,20.11,22.52,8.07,72.63,44.03,59.02,8.10
462.01,39.94,20.08,22.52,8.06,72.63,44.03,59.02,8.10
462.02,39.86,20.08,22.52,8.04,72.63,43.93,59.18,8.09
462.03,39.86,20.11,22.52,8.06,72.63,44.03,59.02,8.10
462.04,39.94,20.11,22.52,8.06,72.63,44.03,59.18,8.09
462.05,39.86,20.08,22.56,8.04,72.63,43.84,59.18,8.09
462.06,39.86,20.08,22.52,8.04,72.63,43.93,59.02,8.10
462.07,39.86,20.11,22.52,8.04,72.63,43.93,59.18,8.09
462.08,39.94,20.11,22.52,8.04,72.63,43.93,59.02,8.09
462.09,39.86,20.11,22.52,8.04,72.63,43.93,59.18,8.10
462.10,39.86,20.11,22.52,8.04,72.63,43.93,59.18,8.09
462.11,39.94,20.08,22.56,8.06,72.63,43.93,59.18,8.09
462.12,39.86,20.11,22.52,8.04,72.63,43.93,59.18,8.10
462.13,39.86,20.08,22.52,8.04,72.63,43.93,59.18,8.09
462.14,39.94,20.08,22.52,8.04,72.63,43.84,59.18,8.09
462.15,39.94,20.11,22.52,8.04,72.63,43.84,59.18,8.09
462.16,39.94,20.11,22.52,8.06,72.63,43.93,59.02,8.10
462.17,39.86,20.11,22.52,8.04,72.85,43.93,59.18,8.09
462.18,39.94,20.11,22.56,8.06,72.63,43.93,59.18,8.10
462.19,39.86,20.08,22.52,8.06,72.63,43.84,59.18,8.09
462.20,39.86,20.11,22.52,8.04,72.63,44.03,59.18,8.10
462.21,39.86,20.08,22.52,8.07,72.63,43.93,59.18,8.09
462.22,39.94,20.11,22.52,8.04,72.63,44.03,59.18,8.09
462.23,39.94,20.08,22.56,8.06,72.63,44.12,59.02,8.09
462.24,39.94,20.11,22.52,8.04,72.63,43.93,59.18,8.08
462.25,39.86,20.11,22.52,8.04,72.63,43.93,59.18,8.10
462.26,39.94,20.08,22.52,8.04,72.63,44.03,59.18,8.11
462.27,39.94,20.11,22.52,8.04,72.63,44.03,59.18,8.09
462.28,39.86,20.08,22.52,8.06,72.63,43.93,59.18,8.09
462.29,39.86,20.11,22.52,8.04,72.85,43.93,59.18,8.09
462.30,39.94,20.08,22.52,8.04,72.85,43.93,59.02,8.09
462.31,39.86,20.08,22.52,8.06,72.63,43.93,59.02,8.09
462.32,39.86,20.11,22.52,8.04,72.85,43.93,59.18,8.09
462.33,39.86,20.08,22.52,8.04,72.63,43.93,59.18,8.09
462.34,39.86,20.08,22.56,8.04,72.63,43.93,59.18,8.09
462.35,39.86,20.11,22.56,8.04,72.63,44.03,59.02,8.10
462.36,39.94,20.08,22.52,8.06,72.63,43.93,59.18,8.10
462.37,39.86,20.08,22.52,8.04,72.63,43.93,59.02,8.10
462.38,39.94,20.08,22.52,8.04,72.63,44.03,59.18,8.09
462.39,39.86,20.08,22.52,8.04,72.63,43.93,59.18,8.10
462.40,39.94,20.08,22.49,8.06,72.63,43.93,59.02,8.09
462.41,39.94,20.11,22.52,8.06,72.85,43.93,59.18,8.10
462.42,39.94,20.11,22.52,8.04,72.63,43.93,59.02,8.09
462.43,39.94,20.08,22.56,8.06,72.41,43.93,59.18,8.09
462.44,39.94,20.11,22.52,8.04,72.63,43.93,59.18,8.10
462.45,39.94,20.11,22.52,8.04,72.63,44.03,59.18,8.09
462.46,39.94,20.11,22.56,8.04,72.63,43.93,59.18,8.10
462.47,39.86,20.08,22.52,8.06,72.85,43.93,59.33,8.09
462.48,39.94,20.08,22.52,8.04,72.63,43.93,59.02,8.08
462.49,39.86,20.11,22.52,8.06,72.41,44.03,59.02,8.09
462.50,39.94,20.11,22.52,8.04,72.63,43.93,59.18,8.09
462.51,39.86,20.08,22.56,8.06,72.63,43.93,59.18,8.09
462.52,39.94,20.05,22.52,8.06,72.63,43.93,59.02,8.09
462.53,39.86,20.08,22.52,8.06,72.63,44.03,59.18,8.10
462.54,39.86,20.11,22.56,8.06,72.63,43.93,59.18,8.09
462.55,39.94,20.11,22.52,8.06,72.63,43.93,59.18,8.10
462.56,39.94,20.11,22.56,8.04,72.63,43.93,59.18,8.09
462.57,39.94,20.08,22.52,8.04,72.63,44.03,59.18,8.09
462.58,39.86,20.11,22.52,8.04,72.63,43.93,59.02,8.09
462.59,39.86,20.11,22.52,8.04,72.63,43.93,59.18,8.09
462.60,40.02,20.08,22.52,8.04,72.63,43.84,59.18,8.09
462.61,39.94,20.08,22.52,8.06,72.63,43.93,59.18,8.09
462.62,39.94,20.11,22.56,8.06,72.85,43.93,59.18,8.09
462.63,39.86,20.08,22.52,8.04,72.63,43.93,59.02,8.09
462.64,39.94,20.11,22.52,8.04,72.63,43.93,59.02,8.11
462.65,39.86,20.11,22.56,8.04,72.63,43.93,59.02,8.10
462.66,39.86,20.08,22.52,8.04,72.63,43.93,59.18,8.10
462.67,39.86,20.08,22.52,8.07,72.63,43.93,59.18,8.09
462.68,39.94,20.11,22.52,8.06,72.63,44.03,59.18,8.09
462.69,39.86,20.11,22.52,8.04,72.41,43.93,59.18,8.09
462.70,39.86,20.11,22.52,8.06,72.63,43.93,59.02,8.09
462.71,39.86,20.08,22.52,8.04,72.63,43.93,59.02,8.09
462.72,39.86,20.08,22.52,8.06,72.63,43.93,59.18,8.09
462.73,39.86,20.11,22.52,8.04,72.63,43.93,59.18,8.09
462.74,39.86,20.11,22.52,8.04,72.85,44.03,59.18,8.09
462.75,39.94,20.08,22.52,8.04,72.63,43.93,59.02,8.10
462.76,39.94,20.08,22.52,8.04,72.63,43.93,59.02,8.09
462.77,39.86,20.08,22.52,8.06,72.63,43.93,59.18,8.09
462.78,39.86,20.14,22.52,8.04,72.63,43.93,59.18,8.10
462.79,39.86,20.08,22.52,8.07,72.85,43.93,59.18,8.09
462.80,39.86,20.08,22.56,8.06,72.63,43.93,59.18,8.09
462.81,39.86,20.11,22.52,8.04,72.63,43.93,59.02,8.10
462.82,39.94,20.08,22.56,8.04,72.85,44.03,59.18,8.11
462.83,39.86,20.08,22.56,8.04,72.63,44.03,59.18,8.09
462.84,39.86,20.08,22.56,8.04,72.63,43.93,59.18,8.09
462.85,39.86,20.08,22.52,8.04,72.63,43.93,59.18,8.09
462.86,39.86,20.08,22.52,8.04,72.63,44.03,59.02,8.10
462.87,39.94,20.11,22.52,8.06,72.63,44.03,59.18,8.10
462.88,39.94,20.08,22.52,8.07,72.85,43.93,59.18,8.10
462.89,39.86,20.08,22.52,8.06,72.63,43.93,59.18,8.10
462.90,39.94,20.11,22.52,8.04,72.63,43.93,59.18,8.08
462.91,39.86,20.11,22.52,8.06,72.63,44.03,59.02,8.09
462.92,39.86,20.08,22.49,8.04,72.63,43.93,59.02,8.10
462.93,39.86,20.11,22.52,8.06,72.63,43.93,59.33,8.10
462.94,39.94,20.11,22.52,8.04,72.63,44.03,59.18,8.09
462.95,39.86,20.08,22.52,8.06,72.85,43.93,59.18,8.09
462.96,39.86,20.11,22.52,8.06,72.63,44.03,59.18,8.09
462.97,39.94,20.08,22.52,8.04,72.85,44.03,59.18,8.11
462.98,39.94,20.11,22.56,8.04,72.63,43.93,59.18,8.09
462.99,39.86,20.08,22.52,8.04,72.63,44.03,59.18,8.09
463.00,39.86,20.08,22.52,8.04,72.63,43.93,59.02,8.10
463.01,39.86,20.08,22.56,8.04,72.63,43.93,59.02,8.08
463.02,39.94,20.08,22.52,8.07,72.63,43.93,59.18,8.09
463.03,39.86,20.11,22.52,8.04,72.63,43.93,59.18,8.09
463.04,39.86,20.08,22.52,8.04,72.63,43.84,59.02,8.09
463.05,39.86,20.08,22.52,8.04,72.63,44.03,59.02,8.09
463.06,39.86,20.08,22.52,8.04,72.63,43.93,59.18,8.09
463.07,39.94,20.08,22.52,8.04,72.85,43.93,59.18,8.09
463.08,39.86,20.08,22.52,8.06,72.63,44.03,59.18,8.10
463.09,39.86,20.11,22.52,8.06,72.85,43.93,59.18,8.10
463.10,39.86,20.08,22.52,8.04,72.63,43.93,59.18,8.09
463.11,39.86,20.11,22.52,8.06,72.85,43.93,59.02,8.09
463.12,39.86,20.08,22.52,8.06,72.63,44.03,59.18,8.08
463.13,39.86,20.11,22.52,8.04,72.63,43.93,59.18,8.09
463.14,39.86,20.11,22.56,8.04,72.63,43.93,59.18,8.09
463.15,39.86,20.08,22.52,8.06,72.85,43.93,59.18,8.08
463.16,39.86,20.08,22.56,8.04,72.63,43.93,59.02,8.09
463.17,39.86,20.11,22.52,8.04,72.63,43.93,59.18,8.09
463.18,39.86,20.11,22.52,8.04,72.63,43.93,59.18,8.09
463.19,39.86,20.08,22.52,8.04,72.63,43.93,59.18,8.09
463.20,39.86,20.08,22.52,8.04,72.63,43.93,59.18,8.08
463.21,39.86,20.08,22.52,8.04,72.63,43.93,59.18,8.09
463.22,39.94,20.08,22.52,8.04,72.41,43.93,59.02,8.09
463.23,39.86,20.08,22.52,8.04,72.85,44.03,59.18,8.10
463.24,39.86,20.11,22.52,8.04,72.63,43.93,59.18,8.10
463.25,39.86,20.05,22.52,8.04,72.63,43.93,59.02,8.09
463.26,39.94,20.11,22.52,8.04,72.63,43.93,59.18,8.10
463.27,39.86,20.08,22.52,8.04,72.63,43.93,59.02,8.09
463.28,39.86,20.11,22.49,8.06,72.63,44.03,59.18,8.08
463.29,39.86,20.08,22.52,8.04,72.63,43.93,59.18,8.09
463.30,39.94,20.11,22.52,8.04,72.63,44.03,59.18,8.09
463.31,39.86,20.08,22.52,8.04,72.63,43.93,59.18,8.09
463.32,39.86,20.08,22.52,8.06,72.63,43.93,59.18,8.10
463.33,39.86,20.08,22.52,8.04,72.63,43.93,59.18,8.09
463.34,39.86,20.11,22.52,8.06,72.63,43.93,59.02,8.09
463.35,39.86,20.08,22.52,8.04,72.63,44.03,59.02,8.09
463.36,39.94,20.08,22.52,8.04,72.63,43.93,59.18,8.09
463.37,39.86,20.11,22.52,8.04,72.63,43.93,59.02,8.09
463.38,39.86,20.08,22.52,8.04,72.63,43.84,59.18,8.10
463.39,39.86,20.11,22.52,8.04,72.63,43.93,59.33,8.08
463.40,39.86,20.08,22.52,8.04,72.63,43.93,59.18,8.09
463.41,39.86,20.08,22.52,8.04,72.63,43.84,59.18,8.09
463.42,39.86,20.08,22.52,8.04,72.63,43.93,59.18,8.09
463.43,39.86,20.08,22.52,8.04,72.63,43.93,59.02,8.09
463.44,39.86,20.08,22.52,8.06,72.63,43.93,59.18,8.10
463.45,39.86,20.08,22.52,8.06,72.63,43.93,59.18,8.09
463.46,39.86,20.08,22.56,8.06,72.63,43.93,59.18,8.10
463.47,39.86,20.08,22.52,8.04,72.63,43.93,59.02,8.09
463.48,39.86,20.08,22.52,8.04,72.63,43.93,59.18,8.08
463.49,39.86,20.11,22.49,8.04,72.63,43.93,59.02,8.10
463.50,39.86,20.08,22.52,8.04,72.63,43.93,59.33,8.09
463.51,39.86,20.11,22.52,8.04,72.63,43.84,59.02,8.10
463.52,39.86,20.08,22.52,8.04,72.63,43.93,59.18,8.10
463.54,39.94,20.08,22.52,8.04,72.63,43.93,59.02,8.10
463.55,39.86,20.08,22.52,8.04,72.63,43.93,59.18,8.09
463.56,39.78,20.08,22.52,8.06,72.63,43.93,59.18,8.09
463.57,39.86,20.08,22.52,8.06,72.63,43.93,59.18,8.09
463.58,39.86,20.08,22.49,8.04,72.63,43.93,59.18,8.09
463.59,39.86,20.08,22.49,8.04,72.63,44.03,59.18,8.09
463.60,39.86,20.08,22.52,8.04,72.63,43.93,59.18,8.09
463.61,39.86,20.08,22.52,8.04,72.63,43.93,59.18,8.09
463.62,39.86,20.08,22.49,8.04,72.41,43.93,59.18,8.09
463.63,39.86,20.08,22.52,8.06,72.85,43.93,59.33,8.09
463.64,39.86,20.08,22.49,8.06,72.63,43.93,59.18,8.09
463.65,39.86,20.11,22.52,8.04,72.85,43.93,59.02,8.09
463.66,39.86,20.11,22.52,8.04,72.63,43.93,59.02,8.09
463.67,39.86,20.11,22.52,8.04,72.63,43.93,59.18,8.10
463.68,39.86,20.08,22.49,8.04,72.63,43.93,59.02,8.09
463.69,39.86,20.08,22.52,8.04,72.63,43.93,59.18,8.08
463.70,39.86,20.08,22.52,8.04,72.63,43.93,59.33,8.09
463.71,39.86,20.08,22.52,8.04,72.63,44.03,59.02,8.09
463.72,39.86,20.11,22.52,8.04,72.85,44.03,59.18,8.10
463.73,39.86,20.08,22.49,8.04,72.63,43.84,59.02,8.09
463.74,39.86,20.11,22.52,8.06,72.63,43.93,59.18,8.09
463.75,39.86,20.08,22.49,8.04,72.63,43.84,59.18,8.09
463.76,39.86,20.08,22.49,8.04,72.85,43.93,59.18,8.09
463.77,39.86,20.05,22.52,8.04,72.63,43.93,59.02,8.10
463.78,39.86,20.08,22.52,8.04,72.63,44.03,59.18,8.10
463.79,39.86,20.11,22.52,8.04,72.63,43.93,59.02,8.10
463.80,39.86,20.11,22.49,8.04,72.63,43.93,59.18,8.10
463.81,39.86,20.08,22.52,8.04,72.63,43.93,59.18,8.10
463.82,39.86,20.08,22.52,8.06,72.63,43.93,59.18,8.09
463.83,39.86,20.08,22.52,8.04,72.63,43.93,59.18,8.09
463.84,39.86,20.11,22.52,8.04,72.63,43.93,59.02,8.09
463.85,39.86,20.08,22.52,8.04,72.63,43.93,59.18,8.09
463.86,39.86,20.08,22.52,8.04,72.63,43.93,59.18,8.09
463.87,39.86,20.11,22.52,8.04,72.63,43.93,59.18,8.09
463.88,39.86,20.08,22.52,8.06,72.63,43.93,59.02,8.08
463.89,39.86,20.11,22.49,8.04,72.63,43.93,59.18,8.09
463.90,39.86,20.08,22.52,8.06,72.63,43.93,59.18,8.10
463.91,39.86,20.08,22.52,8.04,72.63,43.93,59.02,8.09
463.92,39.86,20.08,22.52,8.04,72.63,43.93,59.18,8.09
463.93,39.86,20.11,22.52,8.04,72.63,43.93,59.18,8.09
463.94,39.86,20.08,22.52,8.06,72.63,43.93,59.18,8.09
463.95,39.86,20.08,22.52,8.06,72.41,43.93,59.02,8.09
463.96,39.86,20.11,22.49,8.04,72.63,43.93,59.18,8.09
463.97,39.78,20.08,22.52,8.04,72.63,43.84,59.18,8.10
463.98,39.86,20.08,22.49,8.04,72.63,43.93,59.18,8.09
463.99,39.86,20.11,22.49,8.06,72.63,43.84,59.18,8.10
464.00,39.86,20.08,22.52,8.04,72.41,43.93,59.18,8.09
464.01,39.86,20.08,22.49,8.04,72.63,43.93,59.18,8.09
464.02,39.86,20.08,22.52,8.04,72.63,43.93,59.18,8.09
464.03,39.86,20.08,22.49,8.06,72.85,43.93,59.18,8.10
464.04,39.86,20.11,22.52,8.06,72.63,43.93,59.02,8.09
464.05,39.86,20.08,22.52,8.04,72.63,43.93,59.18,8.09
464.06,39.86,20.05,22.49,8.06,72.63,43.93,59.02,8.09
464.07,39.86,20.08,22.52,8.06,72.63,43.93,59.18,8.09
464.08,39.94,20.08,22.49,8.04,72.63,43.93,59.02,8.10
464.09,39.86,20.08,22.52,8.04,72.63,43.84,59.18,8.09
464.10,39.86,20.08,22.52,8.04,72.63,43.93,59.18,8.09
464.11,39.86,20.08,22.49,8.04,72.63,43.93,59.18,8.09
464.12,39.86,20.08,22.49,8.06,72.63,43.93,59.18,8.09
464.13,39.86,20.11,22.52,8.04,72.41,43.93,59.02,8.09
464.14,39.86,20.05,22.52,8.04,72.63,43.93,59.02,8.08
464.15,39.94,20.08,22.52,8.04,72.63,44.03,59.18,8.09
464.16,39.86,20.05,22.52,8.04,72.41,43.84,59.02,8.09
464.17,39.86,20.08,22.49,8.04,72.63,43.93,59.18,8.10
464.18,39.86,20.08,22.52,8.04,72.63,43.93,59.18,8.09
464.19,39.86,20.08,22.52,8.04,72.63,44.03,59.18,8.09
464.20,39.86,20.08,22.52,8.04,72.63,43.93,59.18,8.09
464.21,39.86,20.11,22.52,8.04,72.63,43.93,59.02,8.09
464.22,39.86,20.08,22.52,8.04,72.63,43.93,59.18,8.10
464.23,39.94,20.11,22.52,8.06,72.85,43.93,59.18,8.09
464.24,39.86,20.11,22.49,8.06,72.63,43.93,59.02,8.09
464.25,39.86,20.08,22.49,8.04,72.63,43.93,59.18,8.08
464.26,39.86,20.08,22.49,8.04,72.63,43.93,59.02,8.09
464.27,39.86,20.08,22.49,8.04,72.63,43.84,59.02,8.09
464.28,39.86,20.08,22.56,8.04,72.63,43.93,59.02,8.09
464.29,39.86,20.11,22.49,8.06,72.63,43.93,59.02,8.09
464.30,39.86,20.08,22.49,8.04,72.63,43.93,59.02,8.10
464.31,39.86,20.05,22.52,8.04,72.63,43.93,59.02,8.09
464.32,39.86,20.08,22.49,8.04,72.63,43.93,59.02,8.09
464.33,39.86,20.08,22.49,8.04,72.63,43.84,59.18,8.09
464.34,39.86,20.05,22.49,8.04,72.63,43.84,59.02,8.08
464.35,39.86,20.08,22.52,8.06,72.63,43.93,59.18,8.09
464.36,39.86,20.08,22.49,8.04,72.63,43.93,59.18,8.09
464.37,39.86,20.08,22.52,8.04,72.63,43.93,59.18,8.09
464.38,39.86,20.08,22.52,8.04,72.63,43.84,59.02,8.09
464.39,39.86,20.08,22.52,8.04,72.63,43.84,59.02,8.09
464.40,39.86,20.08,22.52,8.04,72.63,43.93,59.02,8.09
464.41,39.86,20.08,22.49,8.06,72.63,43.84,59.02,8.09
464.42,39.86,20.08,22.52,8.06,72.63,43.93,59.18,8.09
464.43,39.86,20.08,22.52,8.04,72.63,43.93,59.02,8.10
464.44,39.86,20.08,22.52,8.04,72.63,43.93,59.18,8.09
464.45,39.86,20.05,22.49,8.04,72.41,43.93,59.18,8.09
464.46,39.78,20.08,22.52,8.04,72.63,43.93,59.02,8.09
464.47,39.86,20.08,22.49,8.06,72.41,43.93,59.02,8.08
464.48,39.86,20.08,22.49,8.04,72.63,43.93,59.02,8.10
464.49,39.86,20.08,22.49,8.04,72.63,43.93,59.18,8.09
464.50,39.86,20.08,22.52,8.04,72.63,43.84,59.18,8.09
464.51,39.78,20.05,22.49,8.04,72.63,43.84,59.18,8.10
464.52,39.86,20.08,22.52,8.04,72.41,43.93,59.02,8.09
464.53,39.86,20.08,22.52,8.04,72.63,43.93,59.02,8.09
464.54,39.86,20.05,22.49,8.04,72.63,43.84,59.02,8.08
464.55,39.86,20.08,22.52,8.04,72.63,44.03,59.02,8.10
464.56,39.86,20.08,22.49,8.06,72.41,43.93,59.02,8.09
464.57,39.86,20.08,22.49,8.04,72.63,43.84,59.18,8.09
464.58,39.86,20.08,22.52,8.06,72.41,43.93,59.02,8.09
464.59,39.86,20.08,22.49,8.04,72.63,43.93,59.18,8.09
464.60,39.86,20.08,22.52,8.04,72.63,43.84,59.18,8.09
464.61,39.86,20.08,22.52,8.06,72.63,43.93,59.02,8.09
464.62,39.86,20.08,22.49,8.04,72.63,43.93,59.18,8.09
464.63,39.86,20.08,22.52,8.04,72.41,43.93,59.02,8.08
464.64,39.86,20.08,22.49,8.06,72.63,43.93,59.18,8.10
464.65,39.78,20.08,22.52,8.04,72.63,43.93,59.18,8.10
464.66,39.86,20.08,22.52,8.04,72.63,43.84,59.02,8.09
464.67,39.78,20.05,22.49,8.04,72.41,43.84,59.02,8.09
464.68,39.94,20.05,22.49,8.04,72.63,43.84,59.18,8.10
464.69,39.86,20.05,22.49,8.06,72.63,43.93,59.18,8.09
464.70,39.86,20.08,22.49,8.04,72.63,43.93,59.02,8.09
464.71,39.86,20.08,22.52,8.06,72.63,43.93,59.02,8.10
464.72,39.86,20.11,22.49,8.06,72.63,43.93,59.02,8.09
464.73,39.86,20.08,22.49,8.04,72.63,43.93,59.02,8.09
464.74,39.86,20.08,22.52,8.04,72.63,43.84,59.02,8.09
464.75,39.86,20.11,22.52,8.04,72.63,43.93,59.02,8.09
464.76,39.86,20.08,22.49,8.04,72.41,43.84,59.18,8.09
464.77,39.78,20.05,22.49,8.04,72.85,43.93,59.18,8.09
464.78,39.86,20.08,22.49,8.04,72.41,43.93,59.02,8.09
464.79,39.86,20.08,22.52,8.04,72.63,43.93,59.02,8.09
464.80,39.86,20.08,22.49,8.04,72.41,43.93,59.02,8.09
464.81,39.86,20.11,22.52,8.04,72.41,43.84,59.18,8.08
464.82,39.86,20.08,22.49,8.04,72.41,43.93,58.87,8.08
464.83,39.86,20.08,22.49,8.04,72.63,43.93,59.18,8.09
464.84,39.86,20.05,22.49,8.04,72.63,43.93,59.02,8.09
464.85,39.86,20.08,22.49,8.06,72.63,43.93,59.02,8.09
464.86,39.86,20.05,22.49,8.04,72.63,43.93,59.02,8.09
464.87,39.86,20.08,22.52,8.06,72.63,43.93,59.02,8.09
464.88,39.86,20.05,22.49,8.04,72.41,43.84,59.02,8.09
464.89,39.78,20.11,22.49,8.04,72.41,43.84,59.02,8.09
464.90,39.86,20.05,22.52,8.04,72.41,43.93,59.02,8.09
464.91,39.86,20.08,22.49,8.04,72.63,43.93,59.02,8.09
464.92,39.86,20.08,22.49,8.04,72.63,43.93,59.02,8.09
464.93,39.86,20.05,22.49,8.04,72.41,43.93,59.02,8.08
464.94,39.86,20.05,22.49,8.06,72.41,43.93,59.18,8.10
464.95,39.86,20.05,22.52,8.04,72.63,43.84,59.02,8.09
464.96,39.86,20.08,22.49,8.04,72.63,43.93,59.02,8.09
464.97,39.86,20.05,22.52,8.06,72.41,43.84,59.18,8.08
464.98,39.78,20.05,22.49,8.06,72.63,43.84,59.18,8.09
464.99,39.86,20.05,22.49,8.04,72.41,43.84,59.02,8.08
465.00,39.86,20.08,22.49,8.04,72.41,43.93,59.18,8.09
465.01,39.86,20.08,22.49,8.04,72.63,43.93,58.87,8.09
465.02,39.86,20.08,22.49,8.04,72.63,43.93,59.02,8.09
465.03,39.86,20.08,22.49,8.04,72.41,43.84,59.18,8.09
465.04,39.86,20.05,22.46,8.04,72.63,43.93,59.02,8.08
465.05,39.86,20.05,22.49,8.04,72.41,43.84,59.02,8.09
465.06,39.78,20.08,22.52,8.04,72.41,43.84,59.02,8.09
465.07,39.86,20.05,22.49,8.04,72.41,43.84,59.18,8.09
465.08,39.86,20.08,22.49,8.04,72.63,43.84,59.02,8.09
465.09,39.86,20.05,22.49,8.04,72.63,43.93,59.02,8.08
465.10,39.78,20.05,22.49,8.06,72.41,43.93,59.02,8.08
465.11,39.86,20.08,22.49,8.06,72.41,43.84,59.02,8.08
465.12,39.78,20.08,22.49,8.04,72.41,43.84,59.02,8.08
465.13,39.86,20.05,22.46,8.04,72.63,43.93,59.02,8.09
465.14,39.78,20.08,22.49,8.04,72.63,43.84,59.02,8.09
465.15,39.86,20.08,22.49,8.04,72.63,43.93,59.02,8.08
465.16,39.78,20.05,22.49,8.04,72.41,43.93,59.02,8.09
465.17,39.86,20.05,22.49,8.04,72.41,43.93,59.02,8.09
465.18,39.86,20.08,22.49,8.04,72.63,43.93,59.02,8.09
465.19,39.86,20.05,22.46,8.04,72.63,43.93,59.02,8.09
465.20,39.86,20.08,22.46,8.04,72.41,43.84,59.18,8.09
465.21,39.86,20.08,22.49,8.04,72.63,43.93,59.18,8.09
465.22,39.86,20.05,22.46,8.04,72.63,43.93,59.02,8.10
465.23,39.86,20.05,22.46,8.04,72.63,43.93,59.02,8.09
465.24,39.86,20.11,22.49,8.04,72.63,43.84,59.02,8.08
465.25,39.86,20.05,22.46,8.04,72.63,43.93,59.02,8.09
465.26,39.78,20.08,22.49,8.04,72.63,43.93,59.02,8.09
465.27,39.78,20.08,22.49,8.04,72.63,43.84,59.02,8.08
465.28,39.86,20.08,22.49,8.04,72.41,43.84,59.18,8.09
465.29,39.78,20.05,22.49,8.06,72.63,43.84,59.02,8.08
465.30,39.86,20.08,22.49,8.04,72.63,43.93,59.02,8.08
465.32,39.86,20.08,22.49,8.04,72.41,43.84,59.02,8.09
465.33,39.78,20.08,22.49,8.04,72.63,43.93,59.02,8.09
465.34,39.86,20.08,22.49,8.04,72.41,43.84,59.02,8.09
465.35,39.86,20.11,22.49,8.04,72.41,43.84,59.02,8.08
465.36,39.86,20.08,22.46,8.04,72.63,43.93,59.18,8.08
465.37,39.86,20.08,22.49,8.06,72.41,43.84,59.02,8.09
465.38,39.86,20.05,22.46,8.04,72.41,43.93,59.02,8.09
465.39,39.86,20.08,22.46,8.04,72.63,43.84,59.02,8.09
465.40,39.86,20.05,22.49,8.04,72.41,43.93,59.02,8.08
465.41,39.86,20.08,22.46,8.04,72.41,43.84,59.02,8.09
465.42,39.86,20.08,22.49,8.04,72.41,43.84,59.18,8.09
465.43,39.78,20.05,22.46,8.04,72.63,43.84,59.18,8.09
465.44,39.78,20.08,22.46,8.04,72.63,43.84,59.02,8.08
465.45,39.78,20.08,22.49,8.04,72.63,43.84,59.18,8.10
465.46,39.86,20.08,22.49,8.04,72.63,43.84,59.02,8.08
465.47,39.86,20.08,22.46,8.04,72.63,43.84,59.18,8.09
465.48,39.78,20.05,22.49,8.04,72.41,43.84,59.02,8.08
465.49,39.86,20.08,22.49,8.04,72.63,43.84,59.02,8.09
465.50,39.86,20.08,22.46,8.04,72.41,43.93,59.02,8.10
465.51,39.86,20.08,22.49,8.04,72.41,43.84,59.02,8.08
465.52,39.86,20.05,22.49,8.04,72.41,43.93,59.02,8.10
465.53,39.78,20.05,22.52,8.04,72.63,43.93,59.02,8.09
465.54,39.78,20.05,22.52,8.04,72.63,43.93,59.02,8.09
465.55,39.86,20.08,22.49,8.04,72.41,43.93,59.02,8.09
465.56,39.86,20.05,22.49,8.04,72.63,43.84,59.02,8.08
465.57,39.86,20.05,22.49,8.04,72.41,43.93,59.02,8.08
465.58,39.78,20.08,22.49,8.04,72.41,43.84,59.02,8.09
465.59,39.78,20.02,22.49,8.04,72.63,43.84,59.02,8.08
465.60,39.78,20.05,22.46,8.04,72.63,43.84,59.18,8.09
465.61,39.78,20.08,22.46,8.06,72.41,43.84,59.02,8.08
465.62,39.86,20.05,22.46,8.04,72.63,43.93,59.02,8.08
465.63,39.86,20.05,22.46,8.04,72.41,43.93,59.02,8.09
465.64,39.78,20.08,22.46,8.04,72.63,43.93,59.02,8.08
465.65,39.78,20.05,22.46,8.04,72.41,43.84,59.02,8.09
465.66,39.78,20.02,22.49,8.04,72.41,43.84,59.02,8.09
465.67,39.86,20.08,22.49,8.04,72.41,43.84,59.02,8.09
465.68,39.78,20.05,22.49,8.04,72.63,43.93,59.02,8.08
465.69,39.78,20.05,22.52,8.04,72.41,43.93,59.02,8.09
465.70,39.78,20.05,22.49,8.04,72.41,43.84,59.02,8.08
465.71,39.78,20.05,22.49,8.04,72.41,43.84,59.02,8.08
465.72,39.78,20.05,22.49,8.04,72.41,43.75,59.02,8.08
465.73,39.78,20.05,22.49,8.04,72.63,43.84,59.18,8.08
465.74,39.86,20.05,22.49,8.04,72.63,43.84,59.02,8.09
465.75,39.86,20.08,22.46,8.04,72.41,43.75,59.02,8.10
465.76,39.78,20.05,22.46,8.04,72.41,43.84,59.02,8.09
465.77,39.78,20.05,22.46,8.04,72.41,43.84,59.02,8.09
465.78,39.78,20.05,22.49,8.04,72.41,43.93,59.18,8.09
465.79,39.78,20.05,22.46,8.04,72.63,43.84,59.02,8.09
465.80,39.86,20.05,22.49,8.04,72.41,43.84,59.02,8.08
465.81,39.86,20.05,22.49,8.04,72.41,43.84,59.02,8.08
465.82,39.78,20.08,22.46,8.04,72.41,43.84,59.02,8.08
465.83,39.78,20.08,22.46,8.04,72.41,43.84,59.02,8.09
465.84,39.78,20.05,22.49,8.04,72.41,43.84,59.02,8.09
465.85,39.86,20.05,22.49,8.04,72.63,43.75,59.02,8.08
465.86,39.78,20.02,22.46,8.04,72.41,43.93,59.02,8.08
465.87,39.86,20.05,22.46,8.04,72.41,43.84,59.02,8.09
465.88,39.78,20.08,22.49,8.04,72.41,43.84,59.02,8.09
465.89,39.78,20.08,22.46,8.04,72.63,43.84,59.02,8.09
465.90,39.70,20.05,22.46,8.04,72.41,43.84,59.02,8.09
465.91,39.70,20.08,22.49,8.04,72.41,43.84,59.02,8.08
465.92,39.78,20.05,22.49,8.04,72.63,43.84,59.02,8.09
465.93,39.86,20.05,22.46,8.04,72.63,43.93,59.02,8.08
465.94,39.78,20.05,22.46,8.04,72.41,43.84,59.02,8.10
465.95,39.86,20.08,22.46,8.04,72.63,43.93,59.02,8.09
465.96,39.86,20.05,22.49,8.04,72.41,43.84,59.02,8.09
465.97,39.78,20.05,22.46,8.04,72.63,43.93,59.02,8.10
465.98,39.78,20.08,22.46,8.04,72.63,43.84,59.02,8.08
465.99,39.86,20.05,22.46,8.02,72.41,43.84,59.02,8.09
466.00,39.78,20.05,22.49,8.04,72.63,43.84,58.87,8.08
466.01,39.78,20.05,22.46,8.04,72.63,43.84,59.33,8.08
466.02,39.86,20.05,22.46,8.04,72.41,43.84,59.02,8.08
466.03,39.78,20.08,22.46,8.04,72.41,43.84,59.18,8.09
466.04,39.78,20.05,22.46,8.04,72.41,43.93,59.02,8.08
466.05,39.78,20.05,22.49,8.04,72.41,43.84,59.02,8.08
466.06,39.78,20.05,22.49,8.04,72.41,43.84,59.02,8.08
466.07,39.86,20.05,22.46,8.04,72.41,43.93,59.02,8.08
466.08,39.86,20.05,22.46,8.04,72.41,43.84,59.02,8.09
466.09,39.78,20.05,22.46,8.04,72.63,43.84,59.18,8.09
466.10,39.86,20.05,22.46,8.04,72.41,43.75,59.02,8.08
466.11,39.78,20.05,22.46,8.04,72.41,43.93,59.02,8.08
466.12,39.86,20.05,22.49,8.04,72.41,43.84,59.02,8.09
466.13,39.78,20.05,22.46,8.04,72.41,43.84,59.02,8.09
466.14,39.78,20.05,22.46,8.04,72.41,43.84,59.02,8.08
466.15,39.78,20.05,22.49,8.04,72.41,43.84,59.02,8.08
466.16,39.70,20.05,22.46,8.04,72.41,43.84,59.02,8.08
466.17,39.78,20.05,22.46,8.04,72.63,43.84,59.02,8.08
466.18,39.78,20.05,22.49,8.04,72.41,43.84,59.02,8.08
466.19,39.78,20.05,22.49,8.04,72.63,43.93,59.02,8.08
466.20,39.78,20.05,22.46,8.04,72.41,43.84,59.02,8.08
466.21,39.70,20.05,22.46,8.04,72.63,43.84,59.02,8.09
466.22,39.78,20.05,22.49,8.04,72.41,43.84,59.02,8.09
466.23,39.78,20.05,22.46,8.04,72.41,43.84,59.02,8.07
466.24,39.78,20.08,22.49,8.04,72.63,43.75,59.02,8.08
466.25,39.70,20.05,22.46,8.04,72.63,43.84,59.02,8.08
466.26,39.78,20.05,22.49,8.04,72.41,43.84,58.87,8.07
466.27,39.78,20.05,22.46,8.04,72.41,43.84,59.18,8.08
466.28,39.86,20.05,22.46,8.04,72.41,43.84,59.02,8.08
466.29,39.78,20.05,22.46,8.04,72.41,43.84,59.02,8.08
466.30,39.78,20.05,22.46,8.04,72.41,43.93,59.02,8.08
466.31,39.78,20.05,22.46,8.04,72.41,43.93,59.02,8.08
466.32,39.78,20.08,22.46,8.04,72.41,43.84,58.87,8.08
466.33,39.78,20.05,22.46,8.04,72.41,43.93,58.87,8.08
466.34,39.78,20.05,22.46,8.04,72.41,43.84,59.02,8.08
466.35,39.86,20.05,22.46,8.04,72.41,43.84,59.02,8.08
466.36,39.78,20.05,22.46,8.04,72.41,43.84,59.02,8.07
466.37,39.78,20.05,22.46,8.04,72.41,43.84,59.02,8.08
466.38,39.86,20.05,22.46,8.04,72.41,43.93,59.18,8.08
466.39,39.78,20.05,22.46,8.04,72.41,43.84,59.02,8.08
466.40,39.78,20.05,22.46,8.04,72.63,43.84,59.02,8.09
466.41,39.78,20.05,22.49,8.04,72.41,43.93,59.02,8.09
466.42,39.78,20.05,22.46,8.04,72.41,43.75,59.02,8.09
466.43,39.78,20.05,22.49,8.04,72.41,43.84,59.18,8.08
466.44,39.78,20.05,22.46,8.04,72.41,43.84,59.02,8.08
466.45,39.78,20.08,22.46,8.02,72.41,43.75,59.02,8.09
466.46,39.78,20.05,22.49,8.04,72.41,43.93,59.02,8.08
466.47,39.70,20.05,22.46,8.04,72.41,43.84,59.02,8.08
466.48,39.78,20.02,22.46,8.04,72.41,43.84,59.02,8.08
466.49,39.78,20.05,22.46,8.04,72.41,43.84,59.02,8.09
466.50,39.78,20.05,22.46,8.04,72.41,43.84,58.87,8.08
466.51,39.78,20.08,22.46,8.04,72.41,43.84,59.02,8.08
466.52,39.78,20.05,22.46,8.04,72.41,43.84,58.87,8.08
466.53,39.70,20.05,22.46,8.04,72.41,43.84,59.02,8.08
466.54,39.78,20.05,22.46,8.04,72.63,43.84,59.02,8.09
466.55,39.78,20.05,22.49,8.04,72.41,43.93,59.02,8.09
466.56,39.78,20.05,22.46,8.02,72.41,43.84,59.02,8.09
466.57,39.78,20.05,22.46,8.04,72.63,43.84,59.02,8.07
466.58,39.78,20.05,22.46,8.04,72.63,43.93,58.87,8.09
466.59,39.70,20.05,22.46,8.04,72.41,43.84,59.02,8.07
466.60,39.78,20.05,22.46,8.04,72.41,43.93,59.02,8.08
466.61,39.78,20.05,22.42,8.04,72.63,43.84,58.87,8.08
466.62,39.78,20.05,22.46,8.04,72.63,43.93,59.02,8.08
466.63,39.78,20.02,22.46,8.04,72.63,43.93,59.02,8.07
466.64,39.78,20.02,22.46,8.04,72.63,43.93,59.02,8.08
466.65,39.78,20.05,22.46,8.04,72.41,43.84,59.02,8.07
466.66,39.70,20.05,22.46,8.04,72.63,43.84,59.02,8.08
466.67,39.86,20.05,22.46,8.04,72.41,43.93,59.02,8.09
466.68,39.78,20.05,22.46,8.04,72.41,43.84,59.02,8.08
466.69,39.86,20.05,22.46,8.04,72.41,43.93,59.02,8.07
466.70,39.78,20.05,22.46,8.04,72.63,43.84,59.02,8.09
466.71,39.78,20.05,22.46,8.04,72.41,43.93,59.02,8.08
466.72,39.78,20.02,22.46,8.04,72.41,43.75,59.02,8.09
466.73,39.78,20.05,22.46,8.04,72.41,43.93,58.87,8.08
466.74,39.78,20.05,22.46,8.04,72.41,43.93,59.02,8.08
466.75,39.78,20.05,22.46,8.04,72.20,43.93,59.02,8.09
466.76,39.78,20.02,22.46,8.04,72.63,43.84,58.87,8.08
466.77,39.78,20.05,22.46,8.04,72.41,43.84,59.02,8.08
466.78,39.78,20.05,22.49,8.04,72.41,43.84,59.02,8.08
466.79,39.78,20.02,22.46,8.04,72.41,43.93,59.02,8.08
466.80,39.78,20.02,22.46,8.04,72.41,43.84,59.02,8.08
466.81,39.78,20.05,22.46,8.04,72.41,43.84,59.02,8.08
466.82,39.78,20.05,22.46,8.04,72.41,43.75,59.02,8.08
466.83,39.70,20.02,22.46,8.04,72.63,43.93,59.02,8.09
466.84,39.78,20.02,22.46,8.04,72.41,43.84,59.18,8.08
466.85,39.78,20.08,22.46,8.04,72.41,43.84,59.02,8.08
466.86,39.78,20.05,22.46,8.04,72.63,43.93,59.02,8.08
466.87,39.78,20.05,22.46,8.04,72.41,43.84,59.02,8.07
466.88,39.78,20.05,22.46,8.04,72.41,43.93,58.87,8.09
466.89,39.78,20.05,22.46,8.04,72.41,43.84,59.02,8.09
466.90,39.78,20.05,22.46,8.04,72.41,43.93,59.02,8.08
466.91,39.78,20.02,22.46,8.04,72.41,43.75,59.02,8.07
466.92,39.78,20.05,22.49,8.04,72.41,43.84,59.02,8.09
466.93,39.78,20.05,22.46,8.04,72.63,43.75,59.02,8.08
466.94,39.78,20.05,22.46,8.04,72.41,43.75,58.87,8.08
466.95,39.78,20.05,22.46,8.04,72.41,43.84,58.87,8.07
466.96,39.78,20.02,22.46,8.04,72.41,43.84,58.87,8.07
466.97,39.78,20.02,22.46,8.04,72.41,43.84,59.02,8.07
466.98,39.78,20.02,22.46,8.04,72.41,43.84,59.02,8.09
466.99,39.78,20.05,22.46,8.04,72.41,43.84,59.02,8.08
467.00,39.78,20.02,22.46,8.04,72.41,43.84,59.02,8.08
467.01,39.78,20.05,22.46,8.04,72.41,43.84,59.02,8.09
467.02,39.78,20.05,22.46,8.02,72.41,43.84,59.02,8.09
467.03,39.70,20.02,22.49,8.04,72.41,43.84,58.87,8.08
467.04,39.70,20.05,22.46,8.04,72.63,43.84,58.87,8.07
467.05,39.78,20.05,22.46,8.04,72.41,43.84,58.87,8.08
467.06,39.78,20.08,22.46,8.04,72.41,43.84,59.02,8.08
467.07,39.70,20.05,22.46,8.04,72.41,43.84,59.02,8.08
467.08,39.94,20.05,22.46,8.04,72.41,43.84,59.02,8.08
467.09,39.70,20.05,22.46,8.04,72.41,43.84,59.02,8.09
467.10,39.78,20.05,22.46,8.04,72.41,43.84,59.02,8.09
467.11,39.70,20.05,22.46,8.04,72.41,43.84,59.02,8.08
467.12,39.86,20.05,22.46,8.04,72.41,43.84,59.02,8.08
467.13,39.78,20.02,22.46,8.04,72.41,43.84,59.02,8.08
467.14,39.78,20.05,22.46,8.04,72.63,43.84,58.87,8.09
467.15,39.78,20.05,22.46,8.04,72.20,43.84,59.02,8.08
467.16,39.78,20.05,22.46,8.02,72.63,43.84,58.87,8.07
467.17,39.78,20.02,22.46,8.04,72.41,43.75,59.02,8.08
467.18,39.70,20.05,22.46,8.04,72.41,43.84,59.02,8.08
467.19,39.78,20.05,22.46,8.04,72.41,43.84,58.87,8.08
467.20,39.70,20.02,22.46,8.02,72.41,43.84,59.02,8.08
467.21,39.78,20.05,22.46,8.04,72.41,43.84,58.87,8.09
467.22,39.78,20.08,22.46,8.04,72.63,43.84,58.87,8.08
467.23,39.78,20.05,22.49,8.04,72.41,43.84,59.18,8.09
467.24,39.78,20.02,22.46,8.04,72.63,43.84,59.02,8.09
467.25,39.78,20.02,22.46,8.04,72.41,43.84,59.02,8.08
467.26,39.78,20.02,22.46,8.02,72.41,43.84,59.02,8.08
467.27,39.86,20.05,22.46,8.02,72.41,43.84,59.02,8.08
467.28,39.78,20.05,22.46,8.04,72.41,43.84,59.02,8.08
467.29,39.78,20.05,22.46,8.04,72.41,43.84,59.02,8.08
467.30,39.70,20.05,22.46,8.04,72.41,43.84,59.02,8.09
467.31,39.78,20.02,22.46,8.04,72.41,43.75,59.02,8.08
467.32,39.78,20.05,22.46,8.04,72.63,43.93,59.02,8.07
467.33,39.78,20.02,22.46,8.04,72.63,43.84,59.02,8.08
467.34,39.70,20.05,22.46,8.04,72.41,43.84,59.02,8.09
467.35,39.78,20.05,22.42,8.04,72.41,43.84,59.02,8.08
467.36,39.78,20.05,22.46,8.04,72.41,43.84,59.02,8.08
467.37,39.78,20.05,22.46,8.04,72.63,43.84,59.02,8.08
467.38,39.78,20.05,22.46,8.04,72.41,43.84,59.02,8.09
467.39,39.78,20.05,22.46,8.04,72.41,43.84,59.02,8.09
467.40,39.78,20.05,22.46,8.02,72.41,43.93,59.02,8.07
467.41,39.78,20.05,22.46,8.04,72.41,43.93,59.02,8.08
467.42,39.78,20.05,22.46,8.04,72.41,43.84,59.02,8.08
467.43,39.78,20.05,22.46,8.02,72.41,43.84,59.02,8.08
467.44,39.78,20.05,22.46,8.04,72.41,43.93,59.02,8.09
467.45,39.70,20.05,22.46,8.04,72.41,43.84,59.02,8.07
467.46,39.78,20.02,22.42,8.04,72.41,43.84,59.02,8.08
467.47,39.78,20.05,22.46,8.04,72.41,43.84,58.87,8.07
467.48,39.78,20.05,22.46,8.04,72.41,43.84,58.87,8.08
467.49,39.78,20.02,22.46,8.04,72.41,43.84,58.87,8.08
467.50,39.78,20.02,22.46,8.04,72.41,43.84,59.02,8.08
467.51,39.78,20.05,22.46,8.04,72.63,43.84,59.02,8.08
467.52,39.78,20.02,22.46,8.04,72.41,43.84,59.02,8.08
467.53,39.78,20.02,22.46,8.04,72.41,43.84,59.02,8.09
467.54,39.78,20.02,22.46,8.04,72.63,43.84,59.02,8.08
467.55,39.70,20.05,22.46,8.04,72.41,43.84,58.87,8.07
467.56,39.78,20.02,22.46,8.04,72.41,43.84,59.02,8.08
467.57,39.78,20.02,22.46,8.04,72.41,43.75,59.02,8.08
467.58,39.70,20.02,22.46,8.04,72.41,43.84,59.02,8.08
467.59,39.78,20.05,22.46,8.04,72.41,43.84,59.02,8.07
467.60,39.70,20.02,22.46,8.04,72.63,43.75,59.02,8.08
467.61,39.78,20.05,22.46,8.04,72.41,43.84,59.02,8.09
467.62,39.78,20.02,22.46,8.02,72.41,43.84,59.02,8.08
467.63,39.78,20.05,22.46,8.02,72.41,43.84,59.02,8.08
467.64,39.78,20.02,22.46,8.02,72.63,43.84,59.02,8.08
467.65,39.70,20.02,22.46,8.04,72.41,43.84,58.87,8.08
467.66,39.78,20.02,22.46,8.02,72.41,43.75,59.02,8.09
467.67,39.78,20.05,22.42,8.04,72.41,43.84,59.02,8.08
467.68,39.78,20.05,22.46,8.04,72.41,43.84,59.18,8.09
467.69,39.78,20.05,22.42,8.04,72.41,43.84,59.02,8.08
467.70,39.78,20.05,22.42,8.04,72.41,43.75,59.02,8.09
467.71,39.78,20.05,22.46,8.04,72.41,43.84,59.02,8.09
467.72,39.78,20.08,22.42,8.04,72.41,43.93,58.87,8.08
467.73,39.78,20.05,22.46,8.04,72.41,43.84,59.02,8.08
467.74,39.78,20.02,22.46,8.02,72.41,43.75,59.02,8.08
467.75,39.78,20.02,22.46,8.02,72.41,43.84,59.02,8.08
467.76,39.78,20.02,22.46,8.02,72.41,43.75,59.02,8.08
467.77,39.78,20.05,22.46,8.04,72.41,43.84,59.02,8.08
467.78,39.78,20.02,22.46,8.04,72.41,43.84,59.02,8.08
467.79,39.78,20.05,22.46,8.02,72.41,43.84,59.02,8.08
467.80,39.78,20.05,22.46,8.04,72.41,43.84,59.02,8.08
467.81,39.78,20.05,22.46,8.04,72.41,43.84,59.02,8.08
467.82,39.78,20.02,22.46,8.04,72.41,43.84,59.02,8.09
467.83,39.78,20.02,22.46,8.02,72.41,43.84,59.02,8.08
467.84,39.78,20.02,22.46,8.02,72.63,43.84,59.02,8.08
467.85,39.78,20.05,22.46,8.02,72.41,43.84,59.02,8.09
467.86,39.78,20.05,22.46,8.02,72.41,43.84,59.02,8.08
467.87,39.78,20.02,22.46,8.04,72.41,43.84,58.87,8.09
467.88,39.78,20.05,22.46,8.04,72.41,43.84,59.02,8.08
467.89,39.78,20.02,22.46,8.02,72.41,43.84,59.02,8.09
467.90,39.78,20.02,22.46,8.04,72.41,43.84,59.02,8.08
467.91,39.78,20.05,22.46,8.04,72.41,43.75,59.02,8.09
467.92,39.86,20.05,22.46,8.04,72.41,43.75,59.02,8.08
467.93,39.78,20.02,22.46,8.04,72.41,43.84,59.02,8.08
467.94,39.78,20.05,22.46,8.04,72.63,43.84,59.02,8.07
467.95,39.78,20.02,22.46,8.04,72.41,43.84,59.02,8.08
467.96,39.78,20.02,22.46,8.04,72.41,43.75,59.02,8.08
467.97,39.78,20.02,22.46,8.04,72.41,43.84,59.02,8.08
467.98,39.78,20.05,22.46,8.02,72.63,43.84,59.02,8.08
467.99,39.78,20.05,22.46,8.04,72.63,43.93,59.02,8.08
468.00,39.78,20.02,22.46,8.02,72.41,43.84,59.02,8.08
468.01,39.78,20.05,22.46,8.04,72.41,43.84,59.02,8.08
468.02,39.78,20.05,22.46,8.04,72.41,43.75,59.02,8.08
468.03,39.78,19.99,22.46,8.04,72.63,43.75,58.87,8.08
468.04,39.78,20.08,22.46,8.04,72.41,43.84,59.02,8.08
468.05,39.78,20.05,22.46,8.04,72.41,43.84,59.02,8.08
468.06,39.78,20.05,22.46,8.04,72.63,43.84,59.02,8.08
468.07,39.78,20.05,22.46,8.04,72.41,43.84,59.02,8.08
468.08,39.70,20.05,22.46,8.04,72.41,43.84,59.02,8.08
468.09,39.78,20.05,22.46,8.04,72.63,43.84,58.87,8.08
468.10,39.78,20.08,22.46,8.02,72.41,43.93,59.02,8.08
468.11,39.78,20.05,22.46,8.02,72.41,43.93,58.87,8.08
468.12,39.78,20.02,22.46,8.02,72.63,43.84,59.02,8.08
468.13,39.78,20.05,22.46,8.04,72.41,43.93,59.02,8.08
468.14,39.78,20.02,22.46,8.04,72.41,44.03,59.02,8.07
468.15,39.78,20.05,22.46,8.02,72.41,43.75,59.02,8.07
468.16,39.78,20.05,22.46,8.02,72.41,43.84,59.02,8.08
468.17,39.78,20.05,22.42,8.04,72.41,43.84,59.02,8.08
468.18,39.78,20.05,22.46,8.04,72.41,43.84,59.02,8.08
468.19,39.78,20.05,22.46,8.02,72.41,43.93,59.02,8.09
468.20,39.78,20.05,22.46,8.04,72.41,43.84,59.02,8.09
468.21,39.78,20.05,22.46,8.04,72.41,43.84,59.02,8.07
468.22,39.78,20.05,22.46,8.04,72.41,43.84,58.87,8.08
468.23,39.86,20.02,22.46,8.02,72.63,43.84,59.02,8.08
468.24,39.78,20.05,22.46,8.04,72.63,43.75,59.02,8.08
468.25,39.70,20.02,22.46,8.04,72.63,43.84,59.02,8.09
468.26,39.70,20.05,22.49,8.02,72.41,43.84,59.02,8.08
468.27,39.78,20.05,22.42,8.02,72.41,43.93,59.02,8.08
468.28,39.78,20.05,22.42,8.04,72.41,43.84,59.18,8.08
468.29,39.78,20.05,22.46,8.02,72.41,43.93,59.02,8.08
468.30,39.78,20.05,22.46,8.04,72.41,43.84,59.18,8.08
468.31,39.78,20.05,22.46,8.04,72.41,43.84,59.02,8.08
468.32,39.78,20.02,22.46,8.04,72.63,43.84,59.02,8.09
468.33,39.78,20.05,22.46,8.02,72.41,43.84,59.02,8.08
468.34,39.78,20.05,22.46,8.04,72.41,43.84,59.02,8.07
468.35,39.78,20.05,22.46,8.02,72.85,43.84,59.02,8.08
468.36,39.78,20.05,22.46,8.04,72.20,43.84,59.18,8.08
468.37,39.70,20.05,22.46,8.02,72.41,43.84,58.87,8.08
468.38,39.78,20.05,22.46,8.02,72.41,43.84,59.02,8.08
468.39,39.78,20.05,22.46,8.02,72.41,43.84,59.02,8.08
468.40,39.78,20.02,22.46,8.04,72.41,43.84,58.87,8.08
468.41,39.70,20.08,22.46,8.04,72.41,43.84,59.18,8.08
468.42,39.78,20.05,22.46,8.04,72.41,43.93,59.18,8.09
468.43,39.78,20.05,22.49,8.04,72.63,43.84,59.02,8.08
468.44,39.78,20.05,22.46,8.02,72.63,43.93,59.02,8.09
468.45,39.78,20.05,22.46,8.04,72.63,43.84,59.02,8.08
468.46,39.78,20.02,22.46,8.02,72.63,43.84,59.02,8.09
468.47,39.78,20.05,22.46,8.04,72.41,43.84,59.02,8.09
468.48,39.78,20.02,22.49,8.04,72.41,43.93,59.02,8.08
468.49,39.78,20.05,22.46,8.04,72.63,43.84,59.02,8.08
468.50,39.78,20.08,22.46,8.02,72.41,43.84,59.18,8.08
468.51,39.78,20.05,22.46,8.02,72.41,43.84,59.02,8.09
468.52,39.78,20.02,22.46,8.04,72.41,43.84,59.02,8.08
468.53,39.78,20.05,22.46,8.04,72.63,43.84,59.02,8.08
468.54,39.86,20.05,22.42,8.04,72.41,43.84,59.02,8.08
468.55,39.78,20.02,22.46,8.04,72.41,43.75,59.02,8.09
468.56,39.78,20.02,22.46,8.02,72.63,43.84,59.02,8.08
468.57,39.78,20.02,22.49,8.04,72.41,43.84,59.18,8.08
468.58,39.78,20.05,22.46,8.02,72.41,43.84,59.02,8.07
468.59,39.78,20.05,22.46,8.04,72.41,43.84,59.02,8.08
468.60,39.78,20.08,22.49,8.04,72.41,43.75,59.02,8.08
468.61,39.78,20.05,22.46,8.02,72.41,43.93,59.02,8.08
468.62,39.78,20.05,22.46,8.04,72.63,43.93,59.02,8.08
468.63,39.86,20.02,22.46,8.02,72.41,43.93,59.02,8.08
468.64,39.78,20.02,22.49,8.04,72.41,43.93,58.87,8.08
468.65,39.78,20.08,22.46,8.04,72.63,43.84,59.18,8.08
468.66,39.78,20.05,22.49,8.02,72.63,43.84,59.18,8.09
468.67,39.78,20.05,22.46,8.04,72.63,43.84,59.02,8.08
468.68,39.78,20.05,22.49,8.02,72.41,43.84,59.02,8.08
468.69,39.86,20.08,22.46,8.02,72.41,43.93,59.02,8.08
468.70,39.78,20.05,22.46,8.02,72.41,43.84,59.02,8.08
468.71,39.78,20.05,22.46,8.04,72.63,43.84,59.02,8.10
468.72,39.78,20.05,22.46,8.02,72.63,43.84,59.02,8.07
468.73,39.78,20.05,22.46,8.02,72.63,43.84,59.02,8.07
468.74,39.78,20.05,22.46,8.04,72.63,43.84,59.02,8.08
468.75,39.86,20.08,22.49,8.04,72.41,43.84,59.02,8.08
468.76,39.70,20.05,22.46,8.04,72.41,43.84,59.02,8.09
468.77,39.78,20.05,22.49,8.04,72.41,43.84,59.02,8.08
468.78,39.78,20.05,22.46,8.04,72.41,43.93,59.18,8.09
468.79,39.86,20.05,22.46,8.04,72.63,43.84,59.18,8.08
468.80,39.78,20.05,22.46,8.04,72.41,43.93,59.02,8.08
468.81,39.86,20.05,22.46,8.02,72.41,43.84,59.02,8.07
468.82,39.78,20.05,22.46,8.04,72.63,43.84,59.02,8.09
468.83,39.86,20.05,22.46,8.04,72.63,43.84,59.02,8.08
468.84,39.78,20.05,22.46,8.02,72.63,43.84,59.02,8.07
468.85,39.78,20.05,22.49,8.04,72.41,43.84,59.02,8.08
468.86,39.78,20.08,22.46,8.04,72.63,43.84,59.02,8.07
468.87,39.78,20.05,22.46,8.04,72.41,43.93,59.02,8.08
468.88,39.78,20.05,22.46,8.04,72.41,43.93,59.02,8.07
468.89,39.78,20.05,22.46,8.02,72.41,43.84,59.02,8.08
468.90,39.78,20.05,22.49,8.04,72.41,43.93,59.02,8.08
468.91,39.86,20.05,22.49,8.04,72.41,43.84,59.02,8.08
468.92,39.78,20.05,22.46,8.04,72.63,43.93,59.02,8.08
468.93,39.86,20.05,22.46,8.04,72.63,43.75,59.02,8.08
468.94,39.86,20.08,22.46,8.04,72.41,43.84,59.02,8.08
468.95,39.78,20.05,22.46,8.04,72.63,43.93,59.02,8.10
468.96,39.78,20.05,22.46,8.04,72.63,43.84,59.02,8.08
468.97,39.78,20.05,22.49,8.02,72.41,43.84,59.02,8.09
468.98,39.86,20.05,22.46,8.04,72.41,43.93,59.02,8.07
468.99,39.86,20.02,22.46,8.02,72.41,43.84,59.02,8.09
469.00,39.78,20.08,22.46,8.04,72.41,43.84,59.18,8.08
469.01,39.86,20.05,22.46,8.04,72.41,43.93,59.02,8.08
469.02,39.78,20.05,22.46,8.04,72.41,43.84,59.02,8.08
469.03,39.78,20.05,22.46,8.04,72.41,43.84,59.18,8.08
469.04,39.86,20.05,22.49,8.04,72.41,43.84,59.02,8.07
469.05,39.78,20.05,22.46,8.04,72.63,43.84,59.02,8.08
469.06,39.78,20.08,22.46,8.04,72.63,43.84,59.02,8.08
469.07,39.78,20.05,22.46,8.04,72.41,43.84,59.02,8.09
469.08,39.86,20.05,22.49,8.04,72.41,43.84,59.18,8.09
469.09,39.78,20.05,22.49,8.04,72.41,43.84,59.02,8.08
469.10,39.86,20.08,22.46,8.04,72.63,43.93,59.02,8.08
469.11,39.78,20.05,22.49,8.04,72.63,43.93,59.02,8.08
469.12,39.78,20.05,22.46,8.04,72.63,43.84,59.18,8.08
469.13,39.78,20.05,22.46,8.04,72.41,43.84,59.02,8.08
469.14,39.78,20.08,22.46,8.02,72.41,43.75,59.02,8.09
469.15,39.86,20.05,22.46,8.04,72.41,43.84,59.02,8.09
469.16,39.78,20.05,22.46,8.04,72.41,43.75,59.02,8.09
469.17,39.78,20.05,22.46,8.04,72.41,43.84,59.02,8.07
469.18,39.86,20.05,22.46,8.02,72.63,43.93,59.02,8.08
469.21,39.78,20.02,22.46,8.04,72.41,43.84,59.02,8.07
469.21,39.86,20.08,22.49,8.02,72.41,43.84,59.02,8.08
469.22,39.86,20.05,22.46,8.04,72.63,43.93,59.02,8.08
469.23,39.78,20.05,22.49,8.04,72.41,43.84,59.02,8.08
469.24,39.86,20.05,22.49,8.04,72.41,43.84,59.02,8.08
469.25,39.78,20.05,22.46,8.04,72.63,43.84,59.02,8.08
469.26,39.86,20.08,22.49,8.02,72.63,43.93,59.02,8.08
469.27,39.86,20.08,22.49,8.04,72.63,43.84,59.02,8.09
469.28,39.86,20.05,22.49,8.04,72.41,43.75,59.02,8.08
469.29,39.78,20.08,22.49,8.04,72.41,43.84,59.02,8.09
469.30,39.86,20.05,22.46,8.04,72.41,43.84,59.02,8.09
469.31,39.78,20.05,22.46,8.04,72.63,43.93,59.02,8.09
469.32,39.78,20.05,22.46,8.04,72.41,43.84,59.02,8.10
469.33,39.86,20.05,22.46,8.04,72.41,43.93,59.18,8.09
469.34,39.78,20.05,22.46,8.04,72.41,43.75,59.02,8.08
469.35,39.86,20.05,22.49,8.04,72.41,43.84,59.02,8.09
469.36,39.78,20.05,22.46,8.02,72.41,43.93,59.02,8.08
469.37,39.86,20.08,22.46,8.04,72.41,43.93,59.02,8.09
469.38,39.86,20.08,22.46,8.04,72.41,43.84,59.18,8.07
469.39,39.86,20.05,22.49,8.04,72.63,43.84,59.02,8.09
469.40,39.78,20.05,22.49,8.04,72.41,43.84,59.02,8.09
469.41,39.86,20.05,22.49,8.04,72.41,43.93,59.02,8.08
469.42,39.78,20.05,22.49,8.02,72.63,43.84,59.02,8.08
469.43,39.86,20.05,22.49,8.04,72.63,43.93,59.02,8.08
469.44,39.86,20.08,22.49,8.04,72.41,43.84,59.02,8.09
469.45,39.78,20.05,22.46,8.04,72.41,43.84,59.02,8.08
469.46,39.86,20.05,22.49,8.02,72.41,43.93,59.02,8.08
469.47,39.78,20.05,22.46,8.04,72.41,43.93,59.02,8.08
469.48,39.70,20.05,22.49,8.02,72.41,43.84,59.18,8.08
469.49,39.86,20.08,22.46,8.04,72.41,43.93,59.02,8.08
469.50,39.86,20.08,22.46,8.04,72.63,43.93,59.02,8.08
469.51,39.78,20.05,22.52,8.04,72.63,43.84,59.02,8.09
469.52,39.86,20.05,22.49,8.04,72.63,43.84,59.02,8.09
469.53,39.86,20.08,22.46,8.04,72.63,43.84,59.02,8.09
469.54,39.78,20.08,22.49,8.04,72.85,43.84,59.02,8.08
469.55,39.78,20.08,22.52,8.04,72.85,43.84,59.02,8.08
469.56,39.78,20.08,22.49,8.04,72.85,43.93,59.18,8.08
469.57,39.86,20.08,22.46,8.04,72.63,43.84,59.18,8.09
469.58,39.78,20.05,22.49,8.04,72.41,43.84,59.18,8.09
469.59,39.86,20.08,22.46,8.04,72.41,43.84,59.18,8.09
469.60,39.86,20.05,22.46,8.04,72.41,43.84,59.02,8.08
469.61,39.86,20.05,22.49,8.04,72.41,43.84,59.33,8.08
469.62,39.86,20.08,22.49,8.04,72.63,43.84,58.87,8.08
469.63,39.86,20.05,22.49,8.04,72.41,43.93,59.02,8.07
469.64,39.86,20.08,22.49,8.04,72.63,43.93,59.02,8.09
469.65,39.86,20.05,22.49,8.02,72.41,43.93,59.02,8.09
469.66,39.78,20.05,22.49,8.04,72.41,43.93,59.18,8.08
469.67,39.86,20.08,22.46,8.04,72.41,43.93,59.18,8.09
469.68,39.86,20.05,22.46,8.04,72.41,43.93,59.02,8.08
469.69,39.78,20.08,22.46,8.04,72.41,43.93,59.02,8.08
469.70,39.86,20.08,22.49,8.04,72.63,43.84,59.02,8.08
469.71,39.86,20.05,22.46,8.02,72.41,43.93,59.33,8.10
469.72,39.86,20.05,22.49,8.04,72.63,43.84,59.18,8.08
469.73,39.86,20.05,22.46,8.04,72.63,43.84,59.02,8.08
469.74,39.86,20.05,22.49,8.04,72.41,43.84,59.02,8.09
469.75,39.86,20.08,22.46,8.04,72.63,43.93,59.33,8.07
469.76,39.86,20.05,22.49,8.04,72.63,43.84,59.02,8.09
469.77,39.86,20.05,22.46,8.04,72.41,43.84,59.18,8.09
469.78,39.86,20.08,22.49,8.04,72.41,43.93,59.18,8.09
469.79,39.86,20.05,22.46,8.04,72.63,43.84,59.02,8.08
469.80,39.78,20.08,22.49,8.02,72.41,43.93,59.02,8.09
469.81,39.86,20.05,22.49,8.02,72.41,43.93,59.02,8.09
469.82,39.86,20.05,22.49,8.02,72.41,43.84,59.18,8.10
469.83,39.78,20.05,22.49,8.04,72.41,43.93,59.02,8.08
469.84,39.86,20.05,22.49,8.04,72.63,43.84,59.02,8.08
469.85,39.86,20.08,22.49,8.04,72.41,43.84,59.02,8.10
469.86,39.86,20.11,22.49,8.04,72.63,43.84,59.18,8.08
469.87,39.86,20.08,22.46,8.04,72.63,43.93,59.18,8.08
469.88,39.86,20.05,22.49,8.04,72.63,43.84,59.02,8.09
469.89,39.86,20.05,22.49,8.04,72.63,43.84,59.02,8.08
469.90,39.86,20.05,22.46,8.02,72.63,43.84,59.02,8.10
469.91,39.78,20.08,22.49,8.04,72.63,43.84,59.02,8.08
469.92,39.78,20.05,22.46,8.02,72.41,43.93,59.02,8.08
469.93,39.86,20.05,22.46,8.04,72.63,43.93,59.18,8.08
469.94,39.86,20.08,22.46,8.04,72.63,43.93,59.18,8.08
469.95,39.78,20.08,22.49,8.04,72.63,43.93,59.02,8.09
469.96,39.78,20.05,22.49,8.04,72.63,43.93,59.02,8.08
469.97,39.78,20.05,22.49,8.04,72.63,43.84,59.02,8.09
469.98,39.86,20.08,22.49,8.04,72.63,43.93,59.02,8.08
469.99,39.86,20.05,22.49,8.04,72.63,43.93,59.18,8.08
470.00,39.86,20.05,22.52,8.04,72.41,43.84,59.18,8.08
470.01,39.86,20.05,22.49,8.04,72.63,43.84,59.02,8.10
470.02,39.78,20.08,22.49,8.04,72.63,43.93,59.18,8.08
470.03,39.86,20.05,22.49,8.04,72.41,43.84,59.02,8.09
470.04,39.78,20.05,22.49,8.04,72.63,43.93,59.18,8.08
470.05,39.86,20.08,22.49,8.04,72.63,43.93,59.18,8.08
470.06,39.86,20.08,22.46,8.04,72.63,43.93,59.18,8.09
470.07,39.78,20.05,22.46,8.04,72.63,43.84,59.02,8.08
470.08,39.86,20.08,22.49,8.04,72.63,43.93,59.02,8.08
470.09,39.86,20.05,22.49,8.04,72.63,43.84,59.02,8.09
470.10,39.86,20.08,22.49,8.04,72.41,43.84,59.18,8.08
470.11,39.86,20.05,22.49,8.04,72.41,43.93,59.18,8.09
470.12,39.86,20.05,22.49,8.04,72.63,43.93,59.18,8.08
470.13,39.78,20.05,22.46,8.04,72.63,43.93,58.87,8.09
470.14,39.86,20.05,22.49,8.04,72.63,43.93,59.18,8.09
470.15,39.86,20.05,22.49,8.04,72.63,43.84,59.02,8.09
470.16,39.86,20.05,22.49,8.02,72.41,43.84,59.02,8.09
470.17,39.86,20.05,22.49,8.04,72.63,43.93,59.02,8.08
470.18,39.86,20.08,22.49,8.04,72.63,43.93,59.02,8.08
470.19,39.86,20.05,22.49,8.02,72.63,43.84,59.18,8.08
470.20,39.86,20.08,22.46,8.04,72.63,43.84,59.02,8.08
470.21,39.78,20.05,22.49,8.04,72.63,43.93,59.02,8.08
470.22,39.86,20.08,22.49,8.04,72.63,43.93,59.18,8.08
470.23,39.86,20.08,22.49,8.02,72.63,43.93,59.18,8.08
470.24,39.86,20.08,22.49,8.04,72.63,43.93,59.18,8.09
470.25,39.86,20.08,22.49,8.04,72.63,43.84,59.18,8.08
470.26,39.86,20.08,22.49,8.04,72.63,43.93,59.18,8.09
470.27,39.86,20.11,22.49,8.04,72.63,43.84,59.02,8.08
470.28,39.86,20.05,22.49,8.04,72.63,43.93,59.18,8.08
470.29,39.86,20.08,22.49,8.04,72.63,43.84,59.18,8.08
470.30,39.86,20.05,22.49,8.04,72.63,43.93,59.18,8.09
470.31,39.86,20.08,22.49,8.04,72.41,43.93,59.02,8.09
470.32,39.86,20.08,22.49,8.04,72.63,43.93,59.18,8.09
470.33,39.86,20.05,22.49,8.04,72.63,43.84,59.18,8.08
470.34,39.86,20.08,22.49,8.04,72.63,43.93,59.02,8.08
470.35,39.86,20.08,22.49,8.04,72.63,43.93,59.02,8.08
470.36,39.78,20.05,22.49,8.02,72.63,43.93,59.18,8.09
470.37,39.86,20.08,22.49,8.04,72.63,43.84,59.02,8.08
470.38,39.86,20.08,22.49,8.04,72.41,43.93,59.18,8.08
470.39,39.86,20.08,22.49,8.04,72.63,43.84,59.18,8.09
470.40,39.86,20.05,22.46,8.04,72.63,43.93,59.02,8.09
470.41,39.86,20.05,22.52,8.04,72.63,43.84,59.02,8.08
470.42,39.86,20.05,22.49,8.04,72.63,43.84,59.02,8.09
470.43,39.78,20.08,22.49,8.04,72.63,43.93,59.18,8.08
470.44,39.86,20.05,22.49,8.04,72.41,43.84,59.18,8.09
470.45,39.86,20.05,22.49,8.02,72.85,43.93,59.18,8.08
470.46,39.94,20.05,22.46,8.02,72.41,43.84,59.02,8.08
470.47,39.86,20.08,22.49,8.01,72.63,43.93,59.02,8.08
470.48,39.86,20.08,22.49,8.04,72.41,43.93,59.18,8.09
470.49,39.86,20.05,22.49,8.04,72.41,43.84,59.18,8.08
470.50,39.86,20.05,22.52,8.04,72.41,43.93,59.18,8.09
470.51,39.86,20.08,22.49,8.02,72.63,43.84,59.02,8.08
470.52,39.86,20.08,22.49,8.04,72.63,43.93,59.02,8.08
470.53,39.86,20.05,22.49,8.04,72.41,43.84,59.02,8.09
470.54,39.86,20.05,22.49,8.04,72.63,43.84,59.02,8.08
470.55,39.86,20.08,22.49,8.04,72.41,44.12,59.02,8.08
470.56,39.86,20.05,22.49,8.04,72.41,43.84,59.02,8.09
470.57,39.86,20.05,22.49,8.02,72.63,43.93,59.18,8.09
470.58,39.86,20.08,22.49,8.04,72.41,43.75,59.18,8.09
470.59,39.86,20.05,22.49,8.04,72.63,43.84,59.02,8.07
470.60,39.86,20.08,22.49,8.04,72.41,43.93,59.02,8.07
470.61,39.78,20.08,22.49,8.04,72.63,43.84,59.18,8.09
470.62,39.78,20.08,22.49,8.04,72.63,43.93,59.18,8.08
470.63,39.86,20.05,22.49,8.04,72.63,43.93,59.02,8.08
470.64,39.78,20.05,22.49,8.04,72.41,43.93,59.02,8.08
470.65,39.94,20.08,22.49,8.04,72.63,43.84,59.18,8.08
470.66,39.86,20.05,22.49,8.04,72.41,43.93,59.02,8.08
470.67,39.78,20.05,22.49,8.04,72.63,43.84,59.18,8.08
470.68,39.86,20.08,22.52,8.04,72.41,43.93,59.18,8.09
470.69,39.86,20.08,22.46,8.04,72.41,43.84,59.02,8.08
470.70,39.86,20.05,22.52,8.04,72.63,43.84,59.18,8.08
470.71,39.86,20.05,22.49,8.04,72.63,43.84,59.18,8.09
470.72,39.86,20.08,22.49,8.04,72.63,43.84,59.02,8.09
470.73,39.86,20.08,22.49,8.04,72.63,43.84,59.18,8.09
470.74,39.86,20.05,22.49,8.04,72.63,43.84,59.02,8.09
470.75,39.86,20.05,22.49,8.04,72.41,43.93,59.18,8.08
470.76,39.86,20.05,22.49,8.04,72.63,43.93,59.02,8.08
470.77,39.86,20.05,22.52,8.04,72.41,43.93,59.18,8.09
470.78,39.86,20.08,22.49,8.02,72.41,43.93,59.02,8.08
470.79,39.86,20.08,22.49,8.04,72.63,43.84,58.87,8.08
470.80,39.86,20.08,22.49,8.04,72.63,44.03,59.33,8.08
470.81,39.86,20.08,22.46,8.04,72.63,43.84,59.02,8.10
470.82,39.86,20.08,22.46,8.04,72.63,43.93,59.02,8.08
470.83,39.78,20.05,22.46,8.04,72.63,43.93,59.02,8.09
470.84,39.86,20.05,22.52,8.04,72.63,43.84,59.18,8.08
470.85,39.86,20.08,22.49,8.04,72.41,43.84,59.18,8.08
470.86,39.86,20.05,22.49,8.04,72.63,43.84,59.02,8.08
470.87,39.86,20.05,22.52,8.04,72.63,43.93,59.02,8.08
470.88,39.86,20.08,22.46,8.04,72.63,43.84,59.02,8.07
470.89,39.86,20.08,22.49,8.02,72.63,43.93,59.02,8.09
470.90,39.86,20.05,22.49,8.04,72.41,43.93,59.18,8.08
470.91,39.86,20.05,22.49,8.04,72.63,43.93,59.18,8.08
470.92,39.86,20.11,22.49,8.04,72.63,43.93,59.02,8.07
470.93,39.86,20.08,22.49,8.02,72.63,43.93,59.18,8.07
470.94,39.86,20.05,22.49,8.02,72.41,43.93,59.02,8.08
470.95,39.86,20.08,22.52,8.02,72.63,43.93,59.02,8.08
470.96,39.86,20.05,22.46,8.04,72.63,43.93,59.02,8.09
470.97,39.86,20.05,22.52,8.04,72.41,43.93,59.02,8.08
470.98,39.86,20.08,22.49,8.04,72.63,43.93,59.18,8.09
470.99,39.86,20.08,22.49,8.04,72.63,43.93,59.18,8.09
471.00,39.86,20.08,22.49,8.04,72.63,43.93,59.02,8.09
471.01,39.86,20.08,22.49,8.04,72.63,43.84,59.18,8.08
471.02,39.86,20.11,22.49,8.04,72.63,43.93,59.02,8.08
471.03,39.86,20.05,22.49,8.04,72.41,43.84,59.18,8.08
471.04,39.86,20.05,22.49,8.04,72.63,43.93,59.18,8.08
471.05,39.86,20.08,22.49,8.04,72.63,43.93,59.18,8.08
471.06,39.86,19.99,22.49,8.04,72.41,43.84,59.18,8.08
471.07,39.86,20.08,22.49,8.02,72.63,43.93,59.18,8.09
471.08,39.86,20.05,22.49,8.04,72.63,43.93,59.18,8.09
471.09,39.86,20.05,22.49,8.02,72.63,43.93,59.18,8.08
471.10,39.86,20.05,22.46,8.02,72.63,43.93,59.18,8.08
471.11,39.86,20.05,22.49,8.04,72.41,43.93,59.18,8.08
471.12,39.86,20.08,22.49,8.04,72.63,43.84,59.18,8.08
471.13,39.86,20.08,22.52,8.04,72.63,43.84,59.18,8.08
471.14,39.86,20.08,22.49,8.04,72.41,43.93,59.02,8.09
471.15,39.86,20.08,22.49,8.04,72.63,43.93,59.02,8.09
471.16,39.86,20.08,22.49,8.04,72.63,43.93,59.02,8.08
471.17,39.94,20.05,22.49,8.04,72.63,43.84,59.02,8.08
471.18,39.86,20.05,22.49,8.04,72.63,43.84,59.02,8.08
471.19,39.86,20.05,22.49,8.04,72.63,43.84,59.18,8.08
471.20,39.94,20.05,22.49,8.04,72.63,43.93,59.02,8.09
471.21,39.94,20.08,22.49,8.04,72.63,43.84,59.18,8.08
471.22,39.86,20.05,22.49,8.04,72.63,43.93,59.18,8.08
471.23,39.86,20.05,22.49,8.04,72.63,43.93,59.18,8.09
471.24,39.86,20.08,22.52,8.04,72.63,43.84,59.18,8.08
471.25,39.86,20.08,22.52,8.04,72.63,44.03,59.02,8.08
471.26,39.86,20.05,22.52,8.04,72.63,43.93,59.18,8.09
471.27,39.86,20.08,22.49,8.04,72.63,43.93,59.18,8.08
471.28,39.86,20.08,22.52,8.04,72.63,43.84,59.18,8.09
471.29,39.86,20.11,22.49,8.02,72.85,43.84,59.18,8.09
471.30,39.86,20.05,22.52,8.04,72.63,43.84,59.18,8.09
471.31,39.86,20.05,22.52,8.02,72.63,43.84,59.18,8.08
471.32,39.86,20.08,22.46,8.04,72.63,43.84,59.18,8.08
471.33,39.86,20.05,22.49,8.04,72.63,43.93,59.18,8.09
471.34,39.86,20.08,22.52,8.04,72.63,43.84,59.18,8.09
471.35,39.86,20.08,22.49,8.04,72.63,43.84,59.18,8.08
471.36,39.86,20.08,22.49,8.04,72.63,43.93,59.18,8.09
471.37,39.86,20.05,22.52,8.04,72.63,43.93,59.18,8.09
471.38,39.86,20.05,22.52,8.04,72.63,43.84,59.18,8.08
471.39,39.86,20.11,22.49,8.04,72.63,43.84,59.18,8.10
471.40,39.86,20.08,22.52,8.02,72.63,43.93,59.18,8.08
471.41,39.86,20.08,22.52,8.04,72.63,43.93,59.18,8.08
471.42,39.86,20.08,22.52,8.04,72.41,43.84,59.18,8.09
471.43,39.86,20.08,22.52,8.04,72.63,43.93,59.18,8.09
471.44,39.86,20.05,22.52,8.04,72.63,43.93,59.18,8.08
471.45,39.86,20.08,22.52,8.04,72.63,43.93,59.18,8.08
471.46,39.86,20.05,22.52,8.04,72.63,43.84,59.18,8.08
471.47,39.86,20.05,22.52,8.04,72.63,43.84,59.18,8.09
471.48,39.86,20.08,22.49,8.04,72.63,43.84,59.18,8.08
471.49,39.86,20.08,22.52,8.04,72.63,43.93,59.18,8.08
471.50,39.86,20.11,22.49,8.04,72.63,43.93,59.02,8.08
471.51,39.86,20.05,22.52,8.04,72.63,43.84,59.18,8.08
471.52,39.86,20.05,22.49,8.04,72.63,43.93,59.18,8.09
471.53,39.86,20.08,22.49,8.04,72.63,43.93,59.18,8.08
471.54,39.86,20.05,22.52,8.04,72.63,43.93,59.02,8.09
471.55,39.86,20.08,22.49,8.02,72.63,43.84,59.18,8.08
471.56,39.86,20.05,22.52,8.04,72.41,43.93,59.02,8.09
471.57,39.94,20.08,22.49,8.04,72.85,43.93,59.18,8.07
471.58,39.86,20.02,22.49,8.04,72.41,43.84,59.18,8.08
471.59,39.86,20.05,22.49,8.04,72.41,43.84,59.02,8.08
471.60,39.94,20.05,22.52,8.04,72.63,43.93,59.33,8.08
471.61,39.86,20.05,22.49,8.04,72.41,43.93,59.18,8.08
471.62,39.86,20.08,22.49,8.04,72.63,43.84,59.18,8.08
471.63,39.86,20.08,22.49,8.04,72.63,43.93,59.02,8.08
471.64,39.94,20.08,22.52,8.04,72.63,43.93,59.18,8.07
471.65,39.86,20.08,22.49,8.04,72.63,43.84,59.18,8.09
471.66,39.86,20.05,22.52,8.04,72.85,43.93,59.18,8.09
471.67,39.86,20.08,22.52,8.04,72.41,43.93,59.33,8.08
471.68,39.86,20.08,22.49,8.04,72.41,43.93,59.18,8.08
471.69,39.86,20.05,22.49,8.04,72.63,43.84,59.18,8.08
471.70,39.94,20.08,22.52,8.04,72.63,43.84,59.18,8.09
471.71,39.86,20.05,22.52,8.04,72.41,43.84,59.02,8.09
471.72,39.86,20.05,22.52,8.04,72.63,43.84,59.18,8.08
471.73,39.94,20.08,22.52,8.04,72.63,43.93,59.18,8.07
471.74,39.86,20.11,22.49,8.02,72.63,43.84,59.18,8.07
471.75,39.78,20.08,22.49,8.04,72.63,43.66,59.02,8.09
471.76,39.94,20.08,22.49,8.04,72.63,43.93,59.02,8.10
471.77,39.86,20.05,22.49,8.04,72.63,43.93,59.18,8.08
471.78,39.86,20.08,22.49,8.04,72.63,43.93,59.18,8.08
471.79,40.02,20.05,22.49,8.04,72.63,43.93,59.18,8.08
471.80,39.86,20.08,22.49,8.02,72.63,43.93,59.18,8.09
471.81,39.86,20.08,22.52,8.04,72.63,43.93,59.18,8.08
471.82,39.86,20.05,22.49,8.04,72.63,43.93,59.18,8.08
471.83,39.86,20.11,22.46,8.04,72.63,43.93,59.18,8.08
471.84,39.86,20.08,22.49,8.04,72.63,43.84,59.18,8.08
471.85,39.86,20.08,22.52,8.04,72.63,43.93,59.02,8.08
471.86,39.86,20.08,22.52,8.04,72.63,43.93,59.18,8.08
471.87,39.86,20.08,22.49,8.02,72.63,43.84,59.18,8.10
471.88,39.94,20.05,22.52,8.04,72.63,43.93,59.02,8.08
471.89,39.86,20.05,22.52,8.04,72.63,43.84,59.02,8.09
471.90,39.94,20.08,22.52,8.04,72.63,43.84,59.02,8.08
471.91,39.94,20.08,22.52,8.04,72.63,43.93,59.18,8.09
471.92,39.86,20.05,22.52,8.04,72.63,43.84,59.02,8.09
471.93,39.94,20.08,22.52,8.04,72.63,43.84,59.02,8.08
471.94,39.94,20.05,22.49,8.04,72.41,43.93,59.33,8.09
471.95,39.86,20.11,22.49,8.04,72.63,43.93,58.87,8.08
471.96,39.86,20.11,22.49,8.04,72.63,44.03,59.18,8.08
471.97,39.86,20.08,22.49,8.02,72.63,43.93,59.02,8.08
471.98,39.86,20.05,22.49,8.04,72.85,43.84,59.18,8.08
471.99,39.86,20.08,22.52,8.04,72.63,43.84,59.18,8.09
472.00,39.86,20.08,22.49,8.04,72.63,43.93,59.18,8.08
472.01,39.86,20.08,22.52,8.04,72.63,43.93,59.02,8.08
472.02,39.86,20.08,22.52,8.04,72.63,43.93,59.18,8.08
472.03,39.86,20.08,22.49,8.04,72.63,43.84,59.18,8.08
472.04,39.86,20.05,22.49,8.04,72.63,43.93,59.18,8.09
472.05,39.94,20.08,22.49,8.04,72.63,43.93,59.18,8.09
472.06,39.86,20.05,22.49,8.04,72.63,43.93,59.18,8.08
472.07,39.86,20.08,22.52,8.04,72.63,43.93,59.02,8.08
472.08,39.86,20.08,22.52,8.02,72.63,43.93,59.02,8.09
472.09,39.86,20.08,22.52,8.02,72.63,43.84,59.18,8.08
472.10,39.86,20.08,22.52,8.04,72.63,44.03,59.18,8.09
472.11,39.86,20.08,22.52,8.04,72.63,43.93,59.02,8.08
472.12,39.86,20.08,22.52,8.04,72.63,43.84,59.18,8.08
472.13,39.86,20.08,22.49,8.04,72.41,43.93,59.02,8.08
472.14,39.94,20.05,22.52,8.04,72.41,43.93,59.18,8.09
472.15,39.86,20.05,22.52,8.04,72.63,43.93,59.18,8.08
472.16,39.86,20.05,22.52,8.02,72.63,43.93,59.18,8.08
472.17,39.86,20.05,22.49,8.04,72.63,43.93,59.18,8.09
472.18,39.94,20.08,22.52,8.04,72.63,43.93,59.18,8.08
472.19,39.86,20.08,22.52,8.04,72.63,43.93,59.18,8.08
472.20,39.94,20.08,22.52,8.04,72.63,43.84,59.18,8.10
472.21,39.86,20.08,22.49,8.02,72.63,43.84,59.18,8.08
472.22,39.86,20.05,22.49,8.04,72.63,43.93,59.18,8.08
472.23,39.94,20.08,22.52,8.04,72.63,43.93,59.18,8.08
472.24,39.86,20.08,22.52,8.04,72.85,43.93,59.18,8.08
472.25,39.94,20.08,22.49,8.02,72.63,43.84,59.18,8.09
472.26,39.86,20.08,22.52,8.02,72.63,43.93,59.02,8.08
472.27,39.86,20.05,22.52,8.04,72.63,43.93,59.02,8.08
472.28,39.86,20.08,22.49,8.04,72.63,43.93,59.18,8.09
472.29,39.86,20.05,22.52,8.04,72.63,43.93,59.18,8.08
472.30,39.86,20.11,22.52,8.04,72.63,43.93,59.18,8.09
472.31,39.86,20.05,22.49,8.04,72.63,43.93,59.18,8.08
472.32,39.86,20.08,22.52,8.04,72.63,43.93,59.18,8.09
472.33,39.86,20.05,22.49,8.04,72.63,43.84,59.18,8.08
472.34,39.86,20.08,22.49,8.04,72.63,43.93,59.18,8.09
472.35,39.86,20.05,22.52,8.04,72.63,43.93,59.02,8.08
472.36,39.86,20.08,22.49,8.04,72.63,43.93,59.18,8.08
472.37,39.94,20.08,22.52,8.04,72.63,43.84,59.18,8.09
472.38,39.94,20.05,22.49,8.02,72.85,43.93,59.18,8.09
472.39,39.94,20.08,22.52,8.04,72.63,43.93,59.18,8.08
472.40,39.86,20.08,22.52,8.04,72.63,43.93,59.18,8.08
472.41,39.86,20.08,22.49,8.04,72.85,43.93,59.02,8.08
472.42,39.94,20.05,22.49,8.04,72.85,43.84,59.18,8.09
472.43,39.94,20.08,22.52,8.04,72.85,43.93,59.18,8.08
472.44,39.94,20.05,22.52,8.04,72.63,43.93,59.18,8.09
472.45,39.94,20.11,22.52,8.04,72.63,43.93,59.18,8.09
472.46,39.86,20.05,22.52,8.04,72.63,43.93,59.18,8.09
472.47,39.86,20.08,22.49,8.02,72.63,43.84,59.18,8.08
472.48,39.86,20.08,22.52,8.04,72.63,43.84,59.18,8.07
472.49,39.86,20.08,22.52,8.04,72.63,43.93,59.02,8.08
472.50,39.86,20.05,22.52,8.04,72.63,43.93,59.02,8.08
472.51,39.86,20.11,22.52,8.04,72.63,43.93,59.18,8.08
472.52,39.86,20.05,22.52,8.04,72.63,43.93,59.18,8.09
472.53,39.86,20.08,22.52,8.04,72.85,43.84,59.18,8.08
472.54,39.94,20.08,22.49,8.04,72.63,43.84,59.18,8.08
472.55,39.86,20.08,22.49,8.04,72.63,43.93,59.18,8.08
472.56,39.86,20.08,22.52,8.04,72.63,43.93,59.18,8.08
472.57,39.94,20.08,22.52,8.02,72.63,43.93,59.02,8.09
472.58,39.94,20.05,22.52,8.04,72.63,43.93,59.18,8.08
472.59,39.86,20.05,22.52,8.02,72.63,43.93,59.02,8.08
472.60,39.86,20.11,22.52,8.04,72.63,43.84,59.18,8.08
472.61,39.86,20.08,22.52,8.04,72.63,43.93,59.33,8.09
472.62,39.94,20.08,22.52,8.02,72.41,43.93,59.18,8.08
472.63,39.86,20.08,22.49,8.04,72.63,43.93,59.18,8.08
472.64,39.86,20.05,22.52,8.02,72.63,43.84,59.18,8.08
472.65,39.94,20.08,22.49,8.04,72.63,43.93,59.02,8.09
472.66,39.94,20.05,22.52,8.02,72.63,43.93,59.18,8.09
472.67,39.86,20.08,22.49,8.04,72.63,43.84,59.02,8.09
472.68,39.86,20.08,22.52,8.02,72.63,44.03,59.18,8.08
472.69,39.86,20.08,22.52,8.02,72.63,43.93,59.18,8.08
472.70,39.94,20.11,22.52,8.02,72.85,43.93,59.02,8.08
472.71,39.86,20.08,22.52,8.04,72.63,43.93,59.18,8.09
472.72,39.94,20.05,22.56,8.04,72.85,43.93,59.18,8.08
472.73,39.86,20.08,22.52,8.04,72.63,43.93,59.18,8.08
472.74,39.86,20.05,22.52,8.02,72.63,43.93,59.18,8.08
472.75,39.94,20.05,22.52,8.04,72.63,43.84,59.18,8.08
472.76,39.86,20.08,22.52,8.04,72.63,43.93,59.18,8.09
472.77,39.94,20.05,22.52,8.04,72.63,43.93,59.18,8.08
472.78,39.86,20.05,22.52,8.04,72.63,43.93,59.18,8.09
472.79,39.94,20.08,22.52,8.04,72.63,43.84,59.33,8.09
472.80,39.86,20.08,22.49,8.02,72.63,43.84,59.18,8.10
472.81,40.02,20.08,22.52,8.04,72.63,44.03,59.02,8.08
472.82,39.94,20.05,22.52,8.04,72.63,44.03,59.02,8.08
472.83,39.94,20.11,22.52,8.04,72.63,43.93,59.18,8.08
472.84,39.94,20.08,22.52,8.04,72.63,43.84,59.02,8.08
472.85,39.94,20.08,22.52,8.04,72.63,43.84,59.18,8.08
472.86,39.94,20.05,22.52,8.04,72.63,43.93,59.02,8.08
472.87,39.94,20.08,22.52,8.02,72.63,43.93,59.18,8.09
472.88,39.86,20.08,22.52,8.04,72.85,43.93,59.18,8.08
472.89,39.94,20.08,22.49,8.04,72.63,43.84,59.18,8.09
472.90,39.94,20.08,22.56,8.04,72.63,43.93,59.18,8.09
472.91,39.94,20.08,22.49,8.04,72.63,43.93,59.02,8.08
472.92,39.94,20.08,22.52,8.04,72.63,43.93,59.18,8.10
472.93,39.86,20.05,22.52,8.04,72.63,43.93,59.18,8.08
472.94,39.94,20.05,22.52,8.04,72.63,44.03,59.18,8.09
472.95,39.94,20.08,22.52,8.04,72.63,43.93,59.18,8.08
472.96,39.94,20.08,22.49,8.04,72.63,43.93,59.18,8.08
472.97,39.86,20.08,22.52,8.04,72.63,43.93,59.18,8.09
472.98,39.94,20.08,22.52,8.04,72.63,43.84,59.18,8.09
472.99,40.02,20.08,22.52,8.04,72.63,43.93,59.18,8.10
473.00,39.78,20.05,22.52,8.02,72.63,43.93,59.18,8.08
473.01,39.94,20.08,22.56,8.04,72.85,43.93,59.18,8.08
473.02,39.86,20.08,22.49,8.02,72.63,43.93,59.18,8.08
473.03,39.94,20.08,22.49,8.04,72.63,43.93,59.18,8.08
473.04,39.94,20.05,22.52,8.04,72.85,43.93,59.18,8.09
473.05,39.86,20.08,22.52,8.04,72.63,43.93,59.33,8.08
473.06,39.86,20.05,22.52,8.04,72.63,43.93,59.18,8.08
473.07,39.94,20.08,22.56,8.04,72.85,43.84,59.18,8.09
473.08,39.94,20.08,22.52,8.04,72.41,43.93,59.02,8.09
473.09,39.94,20.08,22.52,8.04,72.85,43.84,59.02,8.08
473.10,39.94,20.08,22.49,8.04,72.63,43.93,59.18,8.08
473.11,39.94,20.08,22.52,8.04,72.63,43.84,59.33,8.09
473.12,39.94,20.11,22.52,8.02,72.63,43.93,59.02,8.09
473.13,39.94,20.11,22.52,8.04,72.63,43.84,59.33,8.10
473.14,39.94,20.08,22.52,8.04,72.63,43.93,59.02,8.08
473.15,39.94,20.11,22.49,8.04,72.63,43.84,59.18,8.09
473.16,39.94,20.05,22.52,8.04,72.63,43.93,59.18,8.09
473.17,39.94,20.08,22.52,8.04,72.63,43.93,59.18,8.09
473.18,39.94,20.05,22.52,8.04,72.85,44.03,59.18,8.09
473.19,39.94,20.11,22.52,8.02,72.85,43.93,59.02,8.08
473.20,39.94,20.08,22.52,8.04,72.85,43.93,59.18,8.09
473.21,39.94,20.11,22.52,8.04,72.63,43.93,59.18,8.08
473.22,39.94,20.08,22.52,8.04,72.85,44.03,59.18,8.08
473.23,39.94,20.08,22.52,8.04,72.63,43.93,59.18,8.09
473.24,39.86,20.11,22.52,8.04,72.63,43.93,59.18,8.09
473.25,39.94,20.08,22.52,8.04,72.63,43.93,59.18,8.08
473.26,39.94,20.05,22.52,8.04,72.63,43.93,59.18,8.08
473.27,39.94,20.05,22.52,8.04,72.63,43.93,59.18,8.09
473.28,39.94,20.05,22.52,8.04,72.63,43.93,59.33,8.08
473.29,39.94,20.05,22.52,8.04,72.63,43.93,59.33,8.08
473.30,39.94,20.08,22.52,8.02,72.63,43.84,59.18,8.08
473.31,39.94,20.05,22.52,8.04,72.63,43.93,59.18,8.08
473.32,39.94,20.08,22.52,8.04,72.63,43.93,59.18,8.08
473.33,39.86,20.11,22.52,8.02,72.63,43.93,59.18,8.08
473.34,39.94,20.08,22.52,8.04,72.85,43.93,59.18,8.08
473.35,39.94,20.08,22.52,8.04,72.85,44.03,59.18,8.08
473.36,39.94,20.08,22.52,8.04,72.63,43.93,59.18,8.08
473.37,39.86,20.08,22.52,8.04,72.63,43.93,59.18,8.08
473.38,39.94,20.08,22.52,8.04,72.63,43.93,59.18,8.09
473.39,39.94,20.08,22.52,8.04,72.85,43.93,59.02,8.10
473.40,39.94,20.08,22.52,8.04,72.85,43.93,59.18,8.08
473.41,39.94,20.08,22.52,8.04,72.63,43.93,59.33,8.08
473.42,39.94,20.08,22.52,8.04,72.85,43.93,59.18,8.08
473.43,39.94,20.08,22.52,8.04,72.85,43.93,59.33,8.10
473.44,39.94,20.08,22.52,8.02,72.63,43.93,59.18,8.10
473.45,39.94,20.05,22.56,8.04,72.63,43.93,59.18,8.08
473.46,39.94,20.05,22.52,8.02,72.63,43.93,59.18,8.08
473.47,39.94,20.08,22.52,8.04,72.63,44.03,59.18,8.10
473.48,39.94,20.08,22.52,8.04,72.63,43.93,59.18,8.08
473.49,39.86,20.08,22.56,8.04,72.63,43.84,59.18,8.09
473.50,39.94,20.11,22.52,8.04,72.63,44.12,59.18,8.09
473.51,39.94,20.08,22.52,8.04,72.63,43.93,59.18,8.09
473.52,39.94,20.08,22.56,8.04,72.63,43.93,59.18,8.08
473.53,39.94,20.08,22.52,8.04,72.63,43.84,59.18,8.08
473.54,39.86,20.05,22.52,8.02,72.63,43.93,59.33,8.09
473.55,39.94,20.08,22.52,8.04,72.63,43.93,59.18,8.09
473.56,39.94,20.08,22.52,8.04,72.63,43.93,59.18,8.09
473.57,39.94,20.11,22.52,8.04,72.85,43.93,59.18,8.09
473.58,39.86,20.08,22.52,8.04,72.85,43.93,59.18,8.09
473.59,39.94,20.08,22.52,8.04,72.63,43.93,59.18,8.09
473.60,39.94,20.05,22.52,8.02,72.63,43.84,59.18,8.08
473.61,39.94,20.08,22.52,8.04,72.85,43.93,59.18,8.09
473.63,39.94,20.08,22.52,8.04,72.63,43.93,59.18,8.08
473.64,39.94,20.08,22.52,8.04,72.63,43.93,59.18,8.09
473.65,39.94,20.05,22.52,8.04,72.63,43.93,59.18,8.08
473.66,39.94,20.11,22.52,8.04,72.63,43.93,59.18,8.09
473.67,39.94,20.11,22.52,8.04,72.85,43.84,59.18,8.08
473.68,39.94,20.08,22.49,8.04,72.63,43.93,59.18,8.09
473.69,39.94,20.08,22.52,8.04,72.63,43.93,59.33,8.09
473.70,39.94,20.08,22.52,8.04,72.63,43.93,59.18,8.09
473.71,39.94,20.11,22.52,8.04,72.85,44.03,59.18,8.09
473.72,39.94,20.08,22.56,8.04,72.63,43.93,59.18,8.09
473.73,39.94,20.11,22.52,8.02,72.85,43.93,59.18,8.10
473.74,39.94,20.11,22.52,8.04,72.63,43.93,59.18,8.08
473.75,39.94,20.08,22.52,8.02,72.63,43.93,59.18,8.10
473.76,39.94,20.08,22.52,8.04,72.85,43.93,59.18,8.08
473.77,39.94,20.05,22.52,8.04,72.63,43.93,59.18,8.08
473.78,39.94,20.11,22.52,8.04,72.85,43.84,59.18,8.09
473.79,39.94,20.08,22.56,8.04,72.85,43.93,59.18,8.09
473.80,39.94,20.08,22.52,8.02,72.63,43.93,59.18,8.08
473.81,39.86,20.08,22.56,8.04,72.63,43.93,59.18,8.08
473.82,39.94,20.08,22.52,8.04,72.63,43.93,59.18,8.08
473.83,39.94,20.08,22.52,8.04,72.63,43.93,59.18,8.09
473.84,39.94,20.11,22.52,8.04,72.63,43.93,59.18,8.09
473.85,39.94,20.08,22.52,8.02,72.63,43.93,59.18,8.09
473.86,39.94,20.11,22.52,8.04,72.63,43.93,59.18,8.08
473.87,39.94,20.11,22.56,8.04,72.85,43.93,59.18,8.08
473.88,39.94,20.08,22.52,8.04,72.85,43.93,59.18,8.08
473.89,39.94,20.08,22.52,8.04,72.63,43.93,59.18,8.08
473.90,39.94,20.11,22.56,8.02,72.85,43.93,59.18,8.08
473.91,39.94,20.11,22.52,8.04,72.63,43.93,59.18,8.08
473.92,39.86,20.08,22.52,8.04,72.85,43.93,59.18,8.08
473.93,39.94,20.08,22.56,8.04,72.85,43.93,59.18,8.09
473.94,39.94,20.08,22.52,8.04,72.63,43.93,59.02,8.09
473.95,39.94,20.11,22.52,8.04,72.63,43.93,59.18,8.09
473.96,39.86,20.11,22.52,8.04,72.85,43.93,59.18,8.09
473.97,39.94,20.08,22.52,8.04,72.63,43.93,59.18,8.08
473.98,39.94,20.08,22.52,8.04,72.63,43.93,59.18,8.09
473.99,39.94,20.11,22.52,8.04,72.85,43.84,59.18,8.10
474.00,39.94,20.08,22.52,8.02,72.63,43.93,59.33,8.08
474.01,39.94,20.08,22.52,8.04,72.85,43.84,59.18,8.09
474.02,39.94,20.08,22.52,8.04,72.85,44.03,59.18,8.08
474.03,39.94,20.08,22.52,8.04,72.63,43.93,59.18,8.08
474.04,39.94,20.05,22.52,8.04,72.63,43.93,59.18,8.10
474.05,39.86,20.08,22.56,8.04,72.63,44.03,59.33,8.09
474.06,39.94,20.08,22.52,8.02,72.63,44.03,59.33,8.09
474.07,39.94,20.11,22.52,8.04,72.63,43.75,59.33,8.09
474.08,39.94,20.11,22.52,8.02,72.63,44.12,59.18,8.08
474.09,39.94,20.08,22.52,8.04,72.63,43.93,59.18,8.08
474.10,39.94,20.11,22.56,8.02,72.85,44.03,59.18,8.09
474.11,39.94,20.08,22.56,8.04,72.63,43.93,59.33,8.09
474.12,39.94,20.08,22.52,8.04,72.85,43.93,59.18,8.09
474.13,39.94,20.11,22.52,8.04,72.63,43.93,59.18,8.08
474.14,39.94,20.08,22.52,8.02,72.85,43.93,59.18,8.09
474.15,39.94,20.08,22.52,8.04,72.63,43.93,59.18,8.09
474.16,39.94,20.05,22.52,8.04,72.63,43.93,59.18,8.09
474.17,39.86,20.11,22.52,8.04,72.85,43.93,59.18,8.09
474.18,40.02,20.11,22.52,8.04,72.85,43.93,59.18,8.10
474.19,40.02,20.08,22.56,8.04,72.63,44.03,59.33,8.08
474.20,39.86,20.11,22.56,8.04,72.63,44.03,59.18,8.08
474.21,39.86,20.08,22.56,8.04,72.85,43.93,59.18,8.09
474.22,39.94,20.08,22.52,8.04,72.63,43.93,59.33,8.09
474.23,40.02,20.11,22.49,8.04,72.63,43.93,59.18,8.09
474.24,39.94,20.08,22.52,8.04,72.85,43.93,59.33,8.09
474.25,39.94,20.11,22.56,8.04,72.85,43.84,59.33,8.08
474.26,39.94,20.08,22.52,8.04,72.63,43.93,59.33,8.09
474.27,39.86,20.08,22.52,8.04,72.85,44.03,59.18,8.09
474.28,39.94,20.11,22.52,8.04,72.41,44.03,59.33,8.09
474.29,39.94,20.08,22.56,8.04,72.63,43.93,59.18,8.08
474.30,39.94,20.05,22.56,8.04,72.85,43.93,59.18,8.08
474.31,39.94,20.08,22.56,8.04,72.85,43.93,59.18,8.09
474.32,39.94,20.08,22.52,8.04,72.85,43.93,59.18,8.09
474.33,39.94,20.08,22.52,8.04,72.85,43.93,59.33,8.09
474.34,39.94,20.08,22.52,8.04,72.85,43.93,59.33,8.08
474.35,39.94,20.08,22.52,8.02,72.85,43.93,59.02,8.09
474.36,39.94,20.08,22.56,8.04,72.63,43.93,59.18,8.08
474.37,39.86,20.08,22.56,8.04,72.85,43.93,59.18,8.09
474.38,39.94,20.08,22.52,8.04,72.63,43.93,59.18,8.08
474.39,39.94,20.11,22.52,8.04,72.63,43.93,59.18,8.09
474.40,39.94,20.08,22.52,8.04,72.85,43.93,59.18,8.09
474.41,39.94,20.08,22.52,8.04,72.85,43.93,59.18,8.09
474.42,39.94,20.08,22.56,8.04,72.85,43.93,59.18,8.08
474.43,39.94,20.08,22.52,8.04,72.63,43.93,59.18,8.08
474.44,39.94,20.08,22.52,8.04,72.63,43.93,59.18,8.09
474.45,39.94,20.08,22.56,8.04,72.85,43.93,59.33,8.09
474.46,39.94,20.08,22.56,8.04,72.85,43.93,59.33,8.08
474.47,39.94,20.08,22.56,8.04,72.63,43.93,59.18,8.08
474.48,39.94,20.08,22.52,8.04,72.63,43.93,59.18,8.09
474.49,39.94,20.08,22.52,8.02,72.85,43.93,59.18,8.09
474.50,39.86,20.11,22.56,8.02,72.85,43.93,59.18,8.09
474.51,39.94,20.11,22.52,8.04,72.85,43.93,59.18,8.09
474.52,39.94,20.11,22.56,8.04,72.63,43.93,59.18,8.08
474.53,39.94,20.08,22.56,8.04,72.63,43.84,59.18,8.09
474.54,39.94,20.11,22.52,8.02,72.63,44.03,59.18,8.08
474.55,39.94,20.08,22.52,8.04,72.85,43.93,59.18,8.08
474.56,39.94,20.08,22.56,8.04,72.63,43.93,59.33,8.08
474.57,39.94,20.11,22.56,8.04,72.63,43.93,59.18,8.09
474.58,39.94,20.08,22.52,8.04,72.63,43.93,59.18,8.08
474.59,39.94,20.11,22.56,8.04,72.63,43.93,59.18,8.08
474.60,39.94,20.11,22.52,8.04,72.63,44.03,59.18,8.09
474.61,39.94,20.08,22.52,8.04,72.85,43.93,59.33,8.09
474.62,39.94,20.08,22.56,8.04,72.63,43.93,59.18,8.08
474.63,39.94,20.08,22.52,8.04,72.63,43.93,59.18,8.09
474.64,40.02,20.08,22.52,8.04,72.63,43.93,59.18,8.08
474.65,39.94,20.11,22.52,8.04,72.63,43.93,59.18,8.09
474.66,39.94,20.08,22.56,8.04,72.85,44.03,59.18,8.09
474.67,39.94,20.11,22.56,8.04,72.85,43.93,59.18,8.08
474.68,39.94,20.11,22.52,8.04,72.63,43.93,59.18,8.08
474.69,39.94,20.08,22.56,8.04,72.63,43.93,59.18,8.08
474.70,39.94,20.08,22.56,8.04,72.85,43.93,59.18,8.09
474.71,39.94,20.08,22.52,8.04,72.85,43.93,59.33,8.08
474.72,39.94,20.08,22.52,8.04,72.85,44.03,59.33,8.08
474.73,39.94,20.11,22.52,8.02,72.63,43.84,59.33,8.08
474.74,39.94,20.08,22.56,8.04,72.85,43.93,59.18,8.09
474.75,39.94,20.11,22.56,8.04,72.85,44.03,59.18,8.10
474.76,39.94,20.11,22.52,8.04,72.85,43.93,59.33,8.09
474.77,39.94,20.11,22.52,8.02,72.85,43.93,59.33,8.08
474.78,39.94,20.11,22.56,8.04,72.63,43.93,59.18,8.08
474.79,39.86,20.08,22.56,8.04,72.85,43.93,59.18,8.08
474.80,39.94,20.08,22.52,8.04,72.85,44.03,59.18,8.09
474.81,39.94,20.08,22.52,8.04,72.85,43.93,59.18,8.09
474.82,39.94,20.08,22.52,8.04,72.85,43.93,59.18,8.10
474.83,39.94,20.11,22.52,8.04,72.63,43.93,59.18,8.08
474.84,39.94,20.08,22.52,8.04,72.85,43.93,59.02,8.09
474.85,39.94,20.11,22.56,8.04,72.85,43.93,59.18,8.09
474.86,39.86,20.08,22.52,8.04,72.63,43.93,59.18,8.08
474.87,39.94,20.08,22.52,8.04,72.85,43.93,59.18,8.08
474.88,39.94,20.11,22.56,8.04,72.63,43.93,59.18,8.09
474.89,39.94,20.08,22.52,8.04,72.85,43.93,59.33,8.09
474.90,39.94,20.11,22.52,8.04,72.85,43.93,59.18,8.09
474.91,39.94,20.11,22.52,8.04,72.85,44.03,59.18,8.09
474.92,39.94,20.14,22.52,8.04,72.63,43.93,59.18,8.08
474.93,39.94,20.08,22.52,8.04,72.85,44.03,59.33,8.09
474.94,39.94,20.08,22.56,8.04,72.85,43.93,59.33,8.09
474.95,39.94,20.11,22.56,8.04,72.85,44.03,59.18,8.09
474.96,39.94,20.08,22.52,8.04,72.63,44.03,59.18,8.09
474.97,39.94,20.11,22.56,8.04,72.63,44.03,59.18,8.09
474.98,39.94,20.08,22.52,8.04,72.85,43.93,59.33,8.09
474.99,39.94,20.11,22.52,8.04,72.85,43.93,59.18,8.09
475.00,39.94,20.11,22.52,8.04,72.63,43.93,59.33,8.09
475.01,39.94,20.08,22.52,8.04,72.85,43.93,59.18,8.10
475.02,39.94,20.08,22.52,8.04,72.85,43.93,59.18,8.08
475.03,39.94,20.11,22.52,8.04,72.85,44.03,59.33,8.08
475.04,39.94,20.11,22.52,8.04,72.85,43.93,59.33,8.10
475.05,39.94,20.11,22.52,8.04,72.63,43.93,59.18,8.10
475.06,39.94,20.11,22.52,8.04,72.85,43.93,59.18,8.10
475.07,39.94,20.08,22.56,8.04,72.63,44.03,59.33,8.10
475.08,39.94,20.11,22.52,8.04,72.85,43.93,59.18,8.10
475.09,39.94,20.08,22.56,8.04,72.85,43.93,59.18,8.08
475.10,39.94,20.11,22.56,8.04,72.85,43.93,59.33,8.09
475.11,39.94,20.14,22.56,8.04,72.63,43.93,59.18,8.09
475.12,39.94,20.08,22.52,8.04,72.85,43.93,59.33,8.09
475.13,39.94,20.08,22.56,8.04,72.63,43.93,59.18,8.09
475.14,39.94,20.11,22.52,8.02,72.85,44.03,59.18,8.10
475.15,39.94,20.08,22.52,8.04,72.63,43.93,59.18,8.09
475.16,39.94,20.08,22.52,8.04,72.85,43.93,59.18,8.09
475.17,39.94,20.11,22.52,8.04,72.85,43.93,59.18,8.08
475.18,39.94,20.11,22.56,8.04,72.85,43.93,59.18,8.08
475.19,39.94,20.08,22.56,8.04,72.63,43.93,59.18,8.08
475.20,39.94,20.08,22.52,8.04,72.63,44.03,59.18,8.08
475.21,39.94,20.08,22.56,8.04,72.63,44.03,59.18,8.09
475.22,39.94,20.08,22.56,8.04,72.85,43.93,59.18,8.08
475.23,39.94,20.11,22.56,8.04,72.63,43.84,59.18,8.09
475.24,39.94,20.11,22.52,8.04,72.85,44.03,59.33,8.08
475.25,39.94,20.08,22.56,8.04,72.85,43.84,59.18,8.10
475.26,39.94,20.11,22.52,8.04,72.85,43.93,59.18,8.10
475.27,39.94,20.11,22.56,8.04,72.85,43.93,59.33,8.09
475.28,39.94,20.08,22.52,8.04,72.85,44.03,59.18,8.09
475.29,39.94,20.08,22.56,8.04,72.63,43.93,59.18,8.08
475.30,39.94,20.11,22.52,8.04,72.85,43.93,59.18,8.10
475.31,39.94,20.11,22.56,8.02,72.63,43.84,59.33,8.08
475.32,39.94,20.08,22.56,8.04,72.85,43.93,59.18,8.08
475.33,39.94,20.08,22.56,8.04,72.63,44.03,59.18,8.09
475.34,40.02,20.11,22.56,8.04,72.85,44.03,59.33,8.09
475.35,39.94,20.11,22.56,8.04,72.85,44.03,59.18,8.08
475.36,39.94,20.11,22.56,8.04,72.85,43.93,59.18,8.09
475.37,40.02,20.11,22.56,8.04,72.85,43.93,59.33,8.09
475.38,39.86,20.08,22.56,8.04,72.85,44.03,59.18,8.09
475.39,39.94,20.11,22.56,8.04,72.85,44.03,59.18,8.08
475.40,39.94,20.11,22.56,8.04,72.85,43.93,59.33,8.08
475.41,39.94,20.08,22.52,8.04,72.85,43.93,59.18,8.09
475.42,39.94,20.11,22.56,8.04,72.63,43.93,59.18,8.10
475.43,39.94,20.08,22.56,8.04,72.85,43.93,59.33,8.10
475.44,39.94,20.08,22.56,8.04,72.85,44.03,59.18,8.09
475.45,39.94,20.08,22.56,8.04,72.85,43.93,59.33,8.08
475.46,39.94,20.08,22.52,8.04,73.08,43.93,59.18,8.09
475.47,39.94,20.11,22.56,8.04,72.85,44.03,59.18,8.08
475.48,39.94,20.08,22.52,8.04,72.85,44.03,59.18,8.09
475.49,39.94,20.11,22.56,8.04,72.85,43.93,59.33,8.09
475.50,39.94,20.08,22.52,8.04,72.85,44.12,59.18,8.10
475.51,39.94,20.11,22.56,8.04,72.63,43.93,59.18,8.09
475.52,39.94,20.08,22.56,8.04,72.63,43.93,59.33,8.08
475.53,39.94,20.11,22.56,8.04,72.63,44.03,59.18,8.09
475.54,39.94,20.08,22.56,8.04,72.85,43.93,59.33,8.09
475.55,39.94,20.11,22.56,8.04,72.85,44.03,59.18,8.09
475.56,39.94,20.11,22.56,8.04,72.85,43.84,59.18,8.08
475.57,39.94,20.11,22.56,8.04,72.85,44.03,59.33,8.10
475.58,39.94,20.11,22.56,8.06,72.85,43.93,59.33,8.09
475.59,39.94,20.08,22.56,8.04,72.85,43.93,59.33,8.09
475.60,40.02,20.11,22.56,8.04,72.63,43.93,59.18,8.08
475.61,39.94,20.08,22.56,8.04,72.85,43.93,59.18,8.09
475.62,39.94,20.08,22.56,8.04,72.85,44.03,59.33,8.10
475.63,39.94,20.11,22.52,8.04,72.63,44.03,59.18,8.10
475.64,39.94,20.08,22.56,8.04,72.85,43.93,59.18,8.09
475.65,39.94,20.08,22.56,8.04,72.63,44.03,59.33,8.09
475.66,39.94,20.08,22.56,8.02,72.85,43.93,59.18,8.09
475.67,40.02,20.11,22.56,8.04,72.85,44.03,59.33,8.10
475.68,40.02,20.08,22.56,8.04,72.85,43.93,59.33,8.08
475.69,40.02,20.14,22.52,8.02,72.85,44.03,59.33,8.09
475.70,39.94,20.11,22.56,8.04,72.85,43.93,59.18,8.09
475.71,39.94,20.11,22.56,8.06,72.85,44.03,59.18,8.09
475.72,39.94,20.11,22.56,8.04,72.85,44.03,59.18,8.09
475.73,40.02,20.14,22.52,8.04,72.63,43.93,59.18,8.08
475.74,39.94,20.08,22.56,8.04,72.85,44.03,59.33,8.09
475.75,39.94,20.14,22.56,8.04,72.85,44.03,59.33,8.09
475.76,39.94,20.11,22.52,8.04,72.85,43.93,59.33,8.09
475.77,39.86,20.11,22.56,8.04,72.85,44.03,59.33,8.08
475.78,39.94,20.11,22.56,8.04,72.85,43.93,59.33,8.09
475.79,39.94,20.11,22.56,8.04,72.85,43.93,59.49,8.08
475.80,39.94,20.11,22.59,8.04,72.85,44.03,59.33,8.09
475.81,39.94,20.11,22.56,8.04,72.85,43.93,59.18,8.09
475.82,40.02,20.11,22.52,8.04,72.85,44.03,59.33,8.09
475.83,39.94,20.11,22.56,8.04,72.85,43.93,59.33,8.10
475.84,39.94,20.11,22.56,8.04,72.85,43.93,59.33,8.08
475.85,39.94,20.11,22.56,8.04,73.08,44.03,59.33,8.10
475.86,39.94,20.11,22.56,8.04,72.85,44.03,59.18,8.10
475.87,39.94,20.11,22.56,8.04,72.85,43.93,59.33,8.08
475.88,39.94,20.11,22.56,8.04,72.85,43.93,59.18,8.09
475.89,39.94,20.08,22.56,8.04,72.85,43.93,59.18,8.09
475.90,40.02,20.11,22.56,8.04,72.85,43.93,59.33,8.09
475.91,39.94,20.11,22.56,8.04,72.85,44.03,59.18,8.08
475.92,39.94,20.14,22.56,8.04,72.85,44.03,59.33,8.09
475.93,39.94,20.11,22.56,8.04,72.85,43.93,59.33,8.09
475.94,39.94,20.11,22.56,8.04,72.85,43.93,59.18,8.08
475.95,39.94,20.11,22.52,8.04,72.85,44.03,59.18,8.08
475.96,39.94,20.11,22.56,8.04,72.85,44.03,59.33,8.08
475.97,39.94,20.11,22.56,8.04,72.63,43.84,59.18,8.08
475.98,39.94,20.14,22.56,8.04,72.85,44.03,59.18,8.10
475.99,40.02,20.08,22.56,8.04,72.85,44.03,59.33,8.08
476.00,39.94,20.11,22.56,8.04,72.85,44.12,59.33,8.09
476.01,40.02,20.11,22.56,8.04,72.85,43.93,59.33,8.09
476.02,39.94,20.08,22.56,8.04,72.85,44.03,59.18,8.09
476.03,39.94,20.11,22.56,8.04,72.63,44.03,59.18,8.09
476.04,40.02,20.11,22.56,8.04,72.85,44.03,59.18,8.09
476.05,39.94,20.11,22.56,8.04,72.85,44.03,59.18,8.09
476.06,39.94,20.08,22.56,8.04,72.63,43.93,59.33,8.10
476.07,39.94,20.11,22.56,8.04,72.85,44.03,59.33,8.09
476.08,39.94,20.11,22.56,8.04,72.85,43.93,59.33,8.10
476.09,39.94,20.11,22.59,8.04,72.85,43.93,59.18,8.09
476.10,39.94,20.11,22.56,8.04,72.85,44.03,59.33,8.08
476.11,39.94,20.11,22.56,8.04,72.85,44.03,59.33,8.09
476.12,39.94,20.11,22.56,8.04,72.85,43.93,59.33,8.09
476.13,39.94,20.11,22.56,8.04,72.63,44.03,59.18,8.09
476.14,39.94,20.11,22.56,8.04,72.85,44.03,59.33,8.09
476.15,39.94,20.11,22.56,8.04,72.63,44.03,59.18,8.08
476.16,39.94,20.11,22.56,8.04,72.85,43.93,59.33,8.09
476.17,39.94,20.08,22.56,8.04,72.85,43.93,59.33,8.09
476.18,39.94,20.14,22.56,8.04,72.85,44.03,59.33,8.10
476.19,39.94,20.14,22.56,8.04,72.85,43.93,59.33,8.09
476.20,39.94,20.11,22.56,8.04,73.08,44.03,59.18,8.10
476.21,40.02,20.11,22.56,8.04,72.85,44.03,59.18,8.09
476.22,39.94,20.11,22.52,8.04,72.85,44.03,59.33,8.09
476.23,39.94,20.08,22.56,8.02,72.85,43.93,59.33,8.09
476.24,39.94,20.11,22.56,8.04,72.85,44.03,59.18,8.08
476.25,39.94,20.11,22.56,8.02,72.85,44.03,59.18,8.10
476.26,39.94,20.11,22.56,8.04,72.85,44.03,59.33,8.09
476.27,39.94,20.08,22.56,8.04,72.85,44.03,59.33,8.09
476.28,40.02,20.11,22.56,8.04,72.85,44.12,59.33,8.10
476.29,39.94,20.08,22.56,8.04,72.63,44.03,59.33,8.09
476.30,39.94,20.11,22.56,8.04,72.85,43.93,59.33,8.09
476.31,39.94,20.11,22.56,8.04,72.85,44.03,59.18,8.10
476.32,39.94,20.11,22.59,8.04,72.63,43.93,59.33,8.09
476.33,39.94,20.11,22.56,8.04,72.85,44.03,59.18,8.09
476.34,39.94,20.11,22.59,8.04,72.85,44.03,59.33,8.09
476.35,39.94,20.11,22.56,8.04,72.85,44.03,59.33,8.09
476.36,39.94,20.11,22.56,8.04,72.85,44.03,59.18,8.09
476.37,39.94,20.11,22.56,8.04,72.85,43.93,59.33,8.09
476.38,40.02,20.11,22.56,8.04,72.85,43.93,59.33,8.10
476.39,39.94,20.11,22.52,8.04,72.85,44.03,59.18,8.09
476.40,39.94,20.11,22.56,8.04,72.85,44.03,59.33,8.09
476.41,39.94,20.08,22.56,8.04,72.85,44.12,59.18,8.10
476.42,39.94,20.14,22.56,8.04,72.85,43.93,59.33,8.09
476.43,39.94,20.11,22.56,8.04,72.85,43.93,59.18,8.10
476.44,40.02,20.11,22.56,8.04,72.85,43.84,59.33,8.09
476.45,39.94,20.08,22.59,8.04,72.85,43.93,59.18,8.08
476.46,39.94,20.11,22.56,8.04,72.85,44.12,59.18,8.10
476.47,39.94,20.14,22.56,8.04,72.85,43.93,59.33,8.09
476.48,39.94,20.11,22.56,8.04,72.85,43.93,59.18,8.09
476.49,39.94,20.14,22.56,8.04,72.85,44.03,59.18,8.09
476.50,39.94,20.11,22.56,8.04,72.85,44.03,59.18,8.09
476.51,39.94,20.11,22.59,8.04,72.63,43.93,59.18,8.09
476.52,39.94,20.11,22.56,8.04,72.85,44.03,59.18,8.10
476.53,39.94,20.11,22.56,8.02,72.85,44.03,59.33,8.10
476.54,39.94,20.08,22.56,8.04,72.85,44.03,59.33,8.10
476.55,40.02,20.11,22.56,8.04,72.85,43.93,59.18,8.10
476.56,40.02,20.11,22.56,8.04,72.85,43.93,59.18,8.09
476.57,39.94,20.11,22.56,8.04,72.85,43.93,59.33,8.09
476.58,39.86,20.11,22.56,8.04,72.85,44.03,59.33,8.10
476.59,39.94,20.11,22.59,8.04,72.85,43.93,59.33,8.08
476.60,39.94,20.11,22.52,8.04,72.85,44.03,59.33,8.10
476.61,40.02,20.11,22.56,8.04,72.85,44.03,59.18,8.09
476.62,39.94,20.11,22.56,8.04,73.08,44.03,59.33,8.09
476.63,39.94,20.11,22.59,8.04,72.85,44.03,59.33,8.10
476.64,39.94,20.11,22.56,8.04,72.85,44.12,59.33,8.09
476.65,39.94,20.11,22.56,8.04,73.08,43.93,59.33,8.08
476.66,39.94,20.11,22.56,8.04,72.63,44.03,59.33,8.09
476.67,39.94,20.14,22.56,8.04,72.85,44.03,59.33,8.09
476.68,39.94,20.11,22.56,8.04,72.85,43.93,59.33,8.08
476.69,39.94,20.11,22.56,8.06,72.85,44.03,59.33,8.10
476.70,39.94,20.11,22.56,8.04,72.85,43.93,59.33,8.10
476.71,39.94,20.08,22.56,8.04,72.85,43.93,59.33,8.09
476.72,40.02,20.08,22.56,8.04,72.85,44.03,59.18,8.08
476.73,39.94,20.11,22.56,8.04,72.85,44.03,59.33,8.10
476.74,39.94,20.11,22.56,8.04,72.85,44.03,59.33,8.09
476.75,39.94,20.14,22.56,8.04,73.08,44.12,59.33,8.09
476.76,39.94,20.11,22.56,8.04,72.85,44.03,59.33,8.09
476.77,40.02,20.14,22.56,8.04,72.85,43.93,59.33,8.09
476.78,39.94,20.11,22.56,8.04,72.85,44.03,59.33,8.09
476.79,39.94,20.11,22.56,8.04,72.85,43.93,59.33,8.09
476.80,39.94,20.11,22.59,8.04,72.85,44.03,59.33,8.09
476.81,39.94,20.11,22.56,8.04,72.85,43.93,59.33,8.09
476.82,40.02,20.11,22.56,8.04,72.85,44.12,59.33,8.10
476.83,39.94,20.11,22.56,8.06,72.85,44.03,59.33,8.09
476.84,39.94,20.11,22.56,8.04,72.85,44.03,59.33,8.10
476.85,40.02,20.11,22.56,8.04,72.85,44.03,59.33,8.09
476.86,39.94,20.11,22.59,8.04,72.85,44.03,59.33,8.09
476.87,40.02,20.14,22.56,8.04,72.85,44.03,59.18,8.09
476.88,39.94,20.11,22.59,8.04,72.85,44.12,59.33,8.09
476.89,39.94,20.14,22.56,8.04,72.85,43.93,59.18,8.09
476.90,40.02,20.11,22.56,8.04,72.85,44.03,59.33,8.09
476.91,40.02,20.11,22.59,8.04,72.85,44.03,59.33,8.09
476.92,40.02,20.11,22.56,8.04,72.85,43.93,59.33,8.10
476.93,40.02,20.11,22.56,8.04,72.85,44.03,59.18,8.09
476.94,39.94,20.11,22.59,8.04,72.85,44.03,59.33,8.10
476.95,39.94,20.11,22.56,8.04,72.85,44.03,59.33,8.09
476.96,39.94,20.14,22.56,8.04,72.85,44.03,59.33,8.10
476.97,39.94,20.14,22.56,8.04,73.08,44.03,59.33,8.09
476.98,40.02,20.11,22.59,8.04,72.85,44.03,59.18,8.09
476.99,39.94,20.14,22.56,8.04,72.85,44.03,59.33,8.09
477.00,40.02,20.11,22.56,8.04,72.85,44.12,59.33,8.09
477.01,39.94,20.11,22.56,8.04,72.85,44.03,59.33,8.09
477.02,40.02,20.11,22.56,8.04,72.85,43.93,59.33,8.08
477.03,39.94,20.14,22.56,8.04,72.85,44.03,59.33,8.09
477.04,40.02,20.11,22.56,8.06,72.85,44.03,59.33,8.09
477.05,40.02,20.11,22.56,8.04,72.85,43.93,59.33,8.10
477.06,40.02,20.11,22.56,8.04,72.85,44.03,59.33,8.09
477.07,40.02,20.11,22.56,8.04,72.85,44.03,59.33,8.09
477.08,40.02,20.11,22.56,8.04,72.85,44.03,59.49,8.08
477.09,40.02,20.11,22.59,8.04,72.85,44.03,59.18,8.09
477.10,39.94,20.14,22.59,8.04,73.08,44.03,59.33,8.10
477.11,40.02,20.11,22.56,8.04,72.85,44.03,59.33,8.09
477.12,39.94,20.11,22.59,8.04,72.85,44.03,59.33,8.09
477.13,39.94,20.11,22.56,8.06,72.85,44.03,59.33,8.10
477.14,40.02,20.11,22.56,8.04,72.85,44.03,59.33,8.09
477.15,40.02,20.11,22.56,8.04,72.85,44.12,59.49,8.10
477.16,40.02,20.14,22.59,8.04,72.85,44.03,59.33,8.10
477.17,40.02,20.14,22.59,8.04,73.08,43.93,59.33,8.09
477.18,40.02,20.16,22.56,8.04,72.85,44.03,59.18,8.09
477.19,39.94,20.11,22.56,8.04,72.85,44.03,59.33,8.09
477.20,40.02,20.14,22.59,8.04,72.85,44.03,59.33,8.09
477.21,39.94,20.14,22.59,8.04,72.85,44.03,59.33,8.09
477.22,39.94,20.11,22.59,8.04,72.85,44.03,59.33,8.09
477.23,40.02,20.11,22.59,8.04,72.85,43.93,59.49,8.10
477.24,39.94,20.14,22.59,8.04,72.85,44.03,59.33,8.09
477.25,39.94,20.11,22.59,8.06,72.85,44.03,59.33,8.10
477.26,40.02,20.11,22.56,8.04,72.85,44.03,59.33,8.09
477.27,40.02,20.11,22.59,8.04,72.85,44.12,59.33,8.10
477.28,39.94,20.11,22.56,8.04,72.85,43.93,59.33,8.09
477.29,40.02,20.11,22.56,8.04,72.85,44.12,59.33,8.09
477.30,39.94,20.11,22.56,8.04,72.85,44.03,59.18,8.09
477.31,40.02,20.14,22.56,8.04,72.85,44.03,59.33,8.09
477.32,40.02,20.14,22.56,8.06,72.85,44.03,59.18,8.10
477.33,40.02,20.11,22.56,8.04,72.85,44.03,59.49,8.09
477.34,40.02,20.14,22.56,8.04,72.85,44.03,59.33,8.09
477.35,40.02,20.11,22.56,8.04,72.85,44.03,59.33,8.10
477.36,39.94,20.11,22.56,8.04,73.08,44.12,59.33,8.10
477.37,40.02,20.14,22.56,8.04,72.85,44.03,59.33,8.09
477.38,40.02,20.11,22.59,8.04,73.08,44.03,59.18,8.09
477.39,40.02,20.14,22.59,8.04,72.85,44.03,59.33,8.09
477.40,40.02,20.11,22.56,8.04,72.85,44.12,59.33,8.10
477.41,40.02,20.14,22.59,8.04,73.08,44.03,59.33,8.09
477.42,39.94,20.14,22.59,8.04,72.85,44.03,59.33,8.09
477.43,39.94,20.14,22.56,8.04,72.85,44.12,59.33,8.09
477.44,39.94,20.11,22.56,8.04,72.85,44.03,59.33,8.09
477.45,40.02,20.11,22.59,8.04,73.08,43.93,59.33,8.09
477.46,40.02,20.11,22.59,8.06,72.85,44.03,59.33,8.10
477.47,39.94,20.11,22.56,8.04,72.85,44.03,59.49,8.09
477.48,39.94,20.11,22.56,8.04,73.08,44.03,59.33,8.09
477.49,39.94,20.11,22.56,8.04,72.85,44.03,59.33,8.09
477.50,39.94,20.14,22.56,8.04,72.85,44.03,59.33,8.10
477.51,40.02,20.14,22.56,8.04,73.08,44.03,59.33,8.09
477.52,39.94,20.11,22.56,8.04,72.85,44.03,59.33,8.09
477.53,40.02,20.16,22.59,8.04,72.85,44.03,59.33,8.09
477.54,39.94,20.14,22.56,8.04,72.85,44.12,59.33,8.10
477.55,40.02,20.14,22.56,8.04,72.85,44.03,59.33,8.09
477.56,40.02,20.14,22.59,8.04,72.85,44.03,59.33,8.09
477.57,39.94,20.14,22.56,8.06,73.08,44.03,59.33,8.09
477.58,39.94,20.14,22.59,8.06,73.08,44.12,59.33,8.09
477.59,40.02,20.14,22.56,8.04,72.85,44.03,59.49,8.10
477.60,40.02,20.14,22.59,8.04,72.85,44.03,59.33,8.09
477.61,40.02,20.14,22.59,8.04,72.85,43.93,59.33,8.09
477.62,40.02,20.14,22.59,8.04,72.85,44.12,59.33,8.10
477.63,39.94,20.11,22.59,8.04,72.85,44.03,59.33,8.09
477.64,39.94,20.11,22.59,8.06,72.85,43.84,59.33,8.09
477.65,40.02,20.14,22.59,8.04,72.85,44.12,59.33,8.09
477.66,39.94,20.14,22.56,8.04,73.08,44.03,59.33,8.09
477.67,40.02,20.14,22.59,8.04,72.85,44.03,59.33,8.09
477.68,40.02,20.14,22.56,8.04,73.08,44.03,59.33,8.09
477.69,39.94,20.14,22.59,8.04,72.85,44.03,59.33,8.09
477.70,40.02,20.11,22.59,8.06,72.85,44.12,59.33,8.09
477.71,40.02,20.14,22.56,8.06,72.85,44.03,59.33,8.10
477.72,39.94,20.14,22.56,8.04,72.85,44.03,59.33,8.08
477.73,40.02,20.11,22.56,8.04,72.85,44.12,59.33,8.10
477.74,39.86,20.11,22.59,8.04,72.85,44.03,59.33,8.09
477.76,39.94,20.11,22.59,8.04,72.85,44.03,59.33,8.09
477.77,40.02,20.14,22.56,8.04,72.85,44.03,59.33,8.09
477.78,40.02,20.14,22.56,8.04,72.85,44.12,59.33,8.10
477.79,40.02,20.11,22.63,8.04,72.85,44.03,59.33,8.09
477.80,39.94,20.14,22.56,8.04,72.85,44.12,59.33,8.09
477.81,40.02,20.11,22.56,8.04,72.85,44.12,59.33,8.09
477.82,40.02,20.16,22.56,8.04,72.85,44.03,59.33,8.10
477.83,40.02,20.11,22.59,8.04,72.85,44.03,59.33,8.09
477.84,40.02,20.11,22.59,8.04,72.85,44.03,59.33,8.09
477.85,39.94,20.14,22.59,8.04,73.08,44.03,59.33,8.09
477.86,39.94,20.14,22.56,8.04,72.85,44.03,59.33,8.09
477.87,40.02,20.14,22.56,8.04,72.85,44.12,59.33,8.09
477.88,40.02,20.11,22.56,8.04,72.85,44.03,59.49,8.09
477.89,40.02,20.11,22.59,8.04,72.85,43.93,59.49,8.09
477.90,40.02,20.11,22.59,8.04,72.85,44.03,59.18,8.09
477.91,40.02,20.14,22.56,8.04,72.85,44.03,59.33,8.10
477.92,40.02,20.14,22.56,8.04,72.85,44.03,59.49,8.09
477.93,40.02,20.14,22.59,8.04,72.85,44.12,59.18,8.10
477.94,40.02,20.11,22.59,8.04,72.85,44.03,59.33,8.09
477.95,40.02,20.14,22.59,8.06,73.08,44.12,59.33,8.09
477.96,40.02,20.14,22.59,8.04,73.08,44.03,59.33,8.09
477.97,40.02,20.11,22.56,8.04,73.08,44.03,59.33,8.10
477.98,39.94,20.14,22.59,8.04,72.85,44.12,59.33,8.11
477.99,40.02,20.14,22.56,8.04,72.85,44.03,59.33,8.10
478.00,40.02,20.14,22.59,8.04,73.08,44.03,59.49,8.08
478.01,40.02,20.11,22.59,8.04,72.85,44.03,59.33,8.10
478.02,40.02,20.14,22.59,8.06,72.85,44.03,59.49,8.09
478.03,40.02,20.14,22.56,8.04,73.08,44.12,59.33,8.09
478.04,39.94,20.14,22.59,8.04,73.08,44.03,59.33,8.09
478.05,40.02,20.16,22.59,8.04,73.08,44.03,59.33,8.09
478.06,40.02,20.11,22.59,8.04,72.85,43.93,59.33,8.09
478.07,40.02,20.14,22.59,8.04,72.85,44.12,59.33,8.09
478.08,40.02,20.11,22.59,8.04,73.08,44.12,59.33,8.09
478.09,40.02,20.14,22.59,8.04,72.85,44.12,59.33,8.09
478.10,40.02,20.16,22.56,8.04,72.85,43.93,59.33,8.09
478.11,40.02,20.14,22.56,8.04,72.85,44.03,59.33,8.10
478.12,40.02,20.14,22.59,8.04,72.85,44.03,59.33,8.09
478.13,39.94,20.14,22.59,8.04,72.85,44.03,59.33,8.09
478.14,40.02,20.11,22.59,8.04,72.85,44.03,59.33,8.10
478.15,40.02,20.14,22.59,8.04,73.08,44.03,59.33,8.09
478.16,40.02,20.16,22.59,8.06,72.85,44.12,59.33,8.09
478.17,40.02,20.16,22.59,8.04,72.85,44.12,59.33,8.09
478.18,40.02,20.11,22.59,8.04,73.08,44.12,59.33,8.11
478.19,40.02,20.14,22.59,8.04,72.85,44.12,59.33,8.10
478.20,39.94,20.16,22.56,8.06,72.85,44.12,59.33,8.11
478.21,40.02,20.14,22.56,8.04,73.08,44.03,59.33,8.10
478.22,40.02,20.14,22.59,8.04,72.85,44.12,59.33,8.10
478.23,39.94,20.16,22.59,8.04,72.85,44.12,59.33,8.09
478.24,40.02,20.16,22.59,8.04,72.85,44.03,59.33,8.10
478.25,40.02,20.14,22.59,8.04,72.85,44.12,59.33,8.09
478.26,40.02,20.14,22.59,8.04,72.85,43.93,59.33,8.09
478.27,40.02,20.14,22.56,8.04,73.08,44.12,59.33,8.09
478.30,40.02,20.16,22.59,8.06,72.85,44.03,59.33,8.09
478.30,40.02,20.14,22.59,8.04,72.85,44.03,59.33,8.09
478.31,39.94,20.11,22.59,8.04,72.85,44.03,59.49,8.09
478.32,39.94,20.14,22.59,8.04,72.85,44.12,59.49,8.09
478.33,40.02,20.14,22.59,8.04,72.85,44.12,59.33,8.10
478.34,40.02,20.14,22.59,8.04,73.08,44.12,59.49,8.10
478.35,40.02,20.14,22.59,8.04,72.85,44.12,59.33,8.09
478.36,39.94,20.16,22.59,8.04,72.85,44.03,59.33,8.10
478.37,40.02,20.14,22.59,8.04,73.08,44.12,59.33,8.09
478.38,40.02,20.14,22.59,8.04,73.08,44.12,59.49,8.10
478.39,40.02,20.16,22.59,8.04,73.08,44.03,59.33,8.10
478.40,40.02,20.14,22.59,8.04,73.08,44.12,59.49,8.09
478.41,40.02,20.16,22.59,8.04,73.08,44.12,59.33,8.09
478.42,40.02,20.16,22.59,8.06,72.85,44.12,59.49,8.09
478.43,40.02,20.14,22.59,8.04,72.85,44.03,59.33,8.11
478.44,40.02,20.14,22.59,8.04,73.08,44.03,59.33,8.09
478.45,40.02,20.16,22.59,8.04,72.85,44.12,59.33,8.10
478.46,40.02,20.11,22.59,8.04,72.85,44.12,59.33,8.10
478.47,40.02,20.16,22.59,8.06,73.08,44.12,59.33,8.10
478.48,39.94,20.14,22.59,8.04,72.85,44.12,59.49,8.10
478.49,40.02,20.16,22.59,8.04,72.85,44.03,59.33,8.09
478.50,40.02,20.11,22.59,8.04,73.08,44.03,59.33,8.10
478.51,40.02,20.14,22.59,8.04,73.08,44.03,59.33,8.10
478.52,40.02,20.14,22.59,8.04,72.85,44.03,59.33,8.09
478.53,40.02,20.11,22.59,8.06,72.85,44.12,59.33,8.09
478.54,40.02,20.11,22.59,8.06,73.08,44.12,59.33,8.09
478.55,40.02,20.14,22.59,8.04,72.85,44.12,59.33,8.10
478.56,40.02,20.16,22.59,8.06,72.85,44.03,59.33,8.11
478.57,40.02,20.16,22.59,8.04,73.08,44.12,59.33,8.10
478.58,40.02,20.14,22.59,8.06,73.08,44.12,59.33,8.10
478.59,40.02,20.14,22.59,8.04,72.85,44.12,59.33,8.09
478.60,40.02,20.14,22.59,8.04,73.08,44.12,59.33,8.09
478.61,40.02,20.14,22.59,8.06,73.08,44.12,59.33,8.09
478.62,40.02,20.14,22.59,8.04,72.85,44.12,59.33,8.09
478.63,40.02,20.11,22.59,8.06,72.85,44.12,59.33,8.09
478.64,39.94,20.14,22.59,8.06,73.08,44.12,59.49,8.09
478.65,40.02,20.14,22.59,8.04,72.85,44.03,59.33,8.09
478.66,40.02,20.14,22.59,8.06,73.08,44.12,59.33,8.10
478.67,40.02,20.14,22.59,8.04,72.85,44.12,59.49,8.10
478.68,39.94,20.16,22.59,8.04,73.08,44.12,59.49,8.08
478.69,40.02,20.14,22.56,8.04,73.08,44.12,59.49,8.09
478.70,39.94,20.14,22.59,8.04,73.08,44.12,59.33,8.09
478.71,40.02,20.14,22.59,8.06,72.85,44.12,59.33,8.10
478.72,39.94,20.16,22.59,8.06,72.85,44.12,59.49,8.09
478.73,40.02,20.16,22.59,8.04,73.08,44.12,59.33,8.09
478.74,40.02,20.19,22.59,8.04,73.08,44.03,59.33,8.09
478.75,40.02,20.16,22.59,8.04,73.08,44.12,59.33,8.10
478.76,39.94,20.14,22.59,8.06,73.08,44.12,59.33,8.09
478.77,40.02,20.14,22.59,8.04,73.08,44.03,59.33,8.10
478.78,40.02,20.11,22.59,8.06,72.85,44.12,59.33,8.10
478.79,40.02,20.14,22.56,8.04,72.85,44.03,59.33,8.09
478.80,40.02,20.14,22.59,8.04,72.85,44.03,59.33,8.09
478.81,40.02,20.14,22.59,8.04,73.08,44.12,59.33,8.10
478.82,40.02,20.14,22.59,8.06,73.08,44.22,59.33,8.10
478.83,40.02,20.16,22.59,8.04,73.08,44.03,59.33,8.09
478.84,40.02,20.14,22.59,8.04,73.08,44.12,59.49,8.09
478.85,40.02,20.11,22.59,8.04,73.08,44.22,59.33,8.09
478.86,40.02,20.14,22.59,8.04,72.85,44.03,59.33,8.10
478.87,39.94,20.14,22.59,8.04,73.08,44.12,59.33,8.09
478.88,40.02,20.14,22.59,8.04,73.08,44.03,59.33,8.10
478.89,40.02,20.14,22.59,8.04,72.85,44.12,59.33,8.09
478.90,40.02,20.14,22.59,8.06,72.85,44.12,59.33,8.10
478.91,40.02,20.14,22.59,8.06,73.08,44.12,59.33,8.11
478.92,39.94,20.16,22.59,8.04,73.08,44.12,59.49,8.09
478.93,40.02,20.16,22.59,8.04,72.85,44.12,59.33,8.09
478.94,40.02,20.14,22.59,8.04,73.08,44.03,59.33,8.09
478.95,40.02,20.14,22.59,8.04,73.08,44.03,59.33,8.09
478.96,39.94,20.14,22.59,8.06,73.08,44.12,59.49,8.10
478.97,39.94,20.14,22.59,8.06,73.30,44.03,59.33,8.09
478.98,40.18,20.14,22.56,8.04,73.08,44.22,59.33,8.10
478.99,39.94,20.14,22.59,8.04,73.08,44.12,59.49,8.10
479.00,40.02,20.11,22.63,8.06,73.08,44.03,59.49,8.10
479.01,40.02,20.14,22.59,8.04,73.08,44.12,59.33,8.10
479.03,40.02,20.16,22.59,8.06,72.85,44.12,59.49,8.09
479.04,40.02,20.11,22.59,8.04,73.08,44.12,59.33,8.10
479.05,40.02,20.14,22.59,8.04,73.08,44.12,59.33,8.10
479.06,39.94,20.14,22.59,8.04,73.30,44.03,59.33,8.10
479.07,39.94,20.11,22.59,8.06,73.08,44.03,59.33,8.09
479.08,40.02,20.14,22.59,8.06,73.08,44.12,59.49,8.09
479.09,40.02,20.16,22.59,8.04,73.08,44.12,59.33,8.10
479.10,40.02,20.14,22.59,8.04,73.08,44.03,59.33,8.09
479.11,40.10,20.16,22.59,8.04,72.85,44.12,59.49,8.09
479.12,40.02,20.14,22.59,8.04,73.08,44.12,59.33,8.11
479.13,40.02,20.14,22.56,8.06,73.08,44.12,59.49,8.11
479.14,40.02,20.14,22.59,8.04,73.08,44.12,59.33,8.11
479.15,39.94,20.14,22.59,8.04,73.08,44.12,59.49,8.09
479.16,40.02,20.14,22.59,8.06,73.08,44.03,59.33,8.10
479.17,40.02,20.14,22.59,8.04,72.85,44.12,59.49,8.09
479.18,40.02,20.11,22.59,8.04,73.08,44.03,59.49,8.10
479.19,40.02,20.14,22.59,8.06,73.08,44.12,59.33,8.10
479.20,40.02,20.14,22.59,8.04,73.08,44.03,59.33,8.10
479.21,40.02,20.14,22.59,8.04,73.08,44.12,59.33,8.10
479.22,40.02,20.14,22.59,8.04,72.85,44.12,59.49,8.09
479.23,40.02,20.14,22.59,8.04,72.85,44.12,59.33,8.09
479.24,40.02,20.16,22.59,8.04,72.85,44.12,59.49,8.10
479.25,40.02,20.14,22.59,8.04,72.85,44.12,59.49,8.10
479.26,40.02,20.16,22.59,8.06,72.85,44.12,59.49,8.09
479.27,40.02,20.14,22.59,8.04,73.08,44.03,59.49,8.10
479.28,39.94,20.14,22.59,8.06,73.08,44.03,59.33,8.09
479.29,40.02,20.14,22.59,8.04,73.08,44.12,59.33,8.10
479.30,40.02,20.14,22.56,8.06,73.08,44.12,59.33,8.10
479.31,40.02,20.14,22.59,8.04,72.85,44.12,59.33,8.09
479.32,40.02,20.14,22.59,8.04,72.85,44.12,59.33,8.10
479.33,40.02,20.16,22.59,8.06,72.85,44.12,59.49,8.09
479.34,39.94,20.14,22.63,8.04,72.85,44.12,59.33,8.10
479.35,40.02,20.16,22.59,8.04,72.85,44.03,59.33,8.09
479.36,40.02,20.16,22.59,8.04,72.85,44.12,59.33,8.10
479.37,40.02,20.14,22.56,8.04,73.08,44.12,59.49,8.10
479.38,39.94,20.14,22.59,8.04,73.08,44.12,59.33,8.11
479.39,40.02,20.14,22.59,8.06,73.08,44.12,59.33,8.09
479.40,40.02,20.14,22.59,8.04,73.08,44.03,59.33,8.09
479.41,40.02,20.14,22.59,8.04,72.85,44.03,59.49,8.10
479.42,40.02,20.14,22.59,8.06,73.08,44.12,59.49,8.10
479.43,40.02,20.14,22.63,8.04,72.85,43.93,59.33,8.10
479.44,39.94,20.14,22.59,8.04,72.85,44.03,59.33,8.09
479.45,40.02,20.14,22.59,8.04,72.85,44.03,59.33,8.09
479.46,40.02,20.14,22.59,8.06,73.08,44.12,59.33,8.10
479.47,40.02,20.16,22.59,8.06,73.08,44.12,59.49,8.11
479.48,39.94,20.14,22.63,8.04,73.08,44.12,59.49,8.10
479.49,40.02,20.11,22.59,8.04,72.85,44.12,59.49,8.10
479.50,40.02,20.14,22.59,8.04,73.08,44.03,59.49,8.10
479.51,40.02,20.14,22.59,8.04,73.08,44.12,59.33,8.09
479.52,40.02,20.14,22.59,8.04,73.08,44.12,59.33,8.09
479.53,40.02,20.14,22.59,8.06,73.08,44.03,59.33,8.10
479.54,40.02,20.16,22.59,8.04,73.08,44.12,59.49,8.10
479.55,40.02,20.14,22.59,8.04,73.08,44.03,59.33,8.10
479.56,39.94,20.14,22.59,8.06,73.08,44.12,59.49,8.10
479.57,40.02,20.16,22.59,8.04,73.08,44.12,59.33,8.09
479.58,40.02,20.14,22.59,8.04,73.08,44.03,59.33,8.10
479.59,40.02,20.16,22.56,8.04,72.85,44.12,59.33,8.09
479.60,40.02,20.14,22.59,8.04,73.08,44.03,59.33,8.11
479.61,40.02,20.16,22.59,8.04,72.85,44.12,59.33,8.09
479.62,40.02,20.14,22.59,8.04,73.08,44.12,59.49,8.10
479.63,40.02,20.14,22.59,8.04,73.08,44.12,59.49,8.10
479.64,40.02,20.14,22.59,8.04,73.08,44.03,59.33,8.10
479.65,40.02,20.14,22.59,8.04,73.08,44.03,59.49,8.10
479.66,40.02,20.14,22.59,8.04,73.08,44.12,59.33,8.09
479.67,40.02,20.16,22.59,8.04,73.08,44.12,59.33,8.10
479.68,40.02,20.16,22.59,8.04,73.08,44.03,59.33,8.11
479.69,39.94,20.14,22.59,8.04,73.08,44.12,59.33,8.10
479.70,40.02,20.16,22.59,8.04,73.08,44.03,59.49,8.10
479.71,40.02,20.14,22.59,8.04,73.08,44.12,59.33,8.10
479.72,40.02,20.14,22.59,8.04,73.08,44.12,59.33,8.09
479.73,39.94,20.14,22.59,8.04,72.85,44.22,59.33,8.09
479.74,40.02,20.16,22.59,8.04,72.85,44.12,59.33,8.10
479.75,40.02,20.16,22.59,8.06,73.08,44.12,59.33,8.11
479.76,40.02,20.14,22.59,8.04,73.08,44.03,59.49,8.10
479.77,40.02,20.14,22.59,8.04,73.08,44.12,59.33,8.10
479.78,39.94,20.14,22.59,8.04,72.85,44.12,59.33,8.09
479.79,40.02,20.16,22.63,8.06,73.08,44.03,59.33,8.09
479.80,40.02,20.14,22.59,8.04,73.08,44.12,59.33,8.09
479.81,40.02,20.14,22.59,8.04,72.85,44.12,59.33,8.09
479.82,40.02,20.16,22.56,8.07,73.08,44.12,59.33,8.09
479.83,40.02,20.16,22.59,8.04,72.85,44.12,59.33,8.10
479.84,40.02,20.14,22.59,8.04,72.85,44.12,59.49,8.10
479.85,40.02,20.14,22.59,8.04,72.85,44.12,59.33,8.10
479.86,40.02,20.14,22.59,8.04,73.08,44.12,59.33,8.09
479.87,40.02,20.14,22.59,8.04,72.85,44.03,59.33,8.09
479.88,40.02,20.11,22.59,8.04,72.85,44.12,59.33,8.10
479.89,40.02,20.14,22.59,8.04,73.08,44.03,59.33,8.09
479.90,39.94,20.14,22.59,8.06,73.08,44.12,59.33,8.09
479.91,39.94,20.11,22.59,8.06,73.08,44.12,59.33,8.10
479.92,40.02,20.16,22.59,8.04,73.08,44.22,59.33,8.10
479.93,40.02,20.16,22.59,8.04,73.08,44.12,59.49,8.09
479.94,39.94,20.11,22.59,8.04,73.08,44.03,59.33,8.09
479.95,40.02,20.14,22.59,8.04,73.08,44.12,59.33,8.11
479.96,39.94,20.16,22.59,8.04,72.85,44.22,59.49,8.10
479.97,40.02,20.14,22.59,8.04,72.85,44.12,59.33,8.10
479.98,40.02,20.16,22.59,8.04,72.85,44.03,59.33,8.09
479.99,40.02,20.14,22.59,8.04,73.08,44.03,59.49,8.10
480.00,40.02,20.16,22.59,8.06,72.85,44.03,59.33,8.10
480.01,40.02,20.16,22.59,8.04,72.85,44.22,59.49,8.09
480.02,40.02,20.14,22.59,8.04,73.08,44.12,59.33,8.11
480.03,40.02,20.14,22.59,8.04,72.85,44.12,59.49,8.10
480.04,40.02,20.14,22.59,8.04,73.08,44.12,59.33,8.11
480.05,39.94,20.14,22.59,8.04,72.85,44.31,59.33,8.09
480.06,40.02,20.14,22.59,8.04,73.08,44.03,59.33,8.09
480.07,40.02,20.14,22.59,8.04,73.08,44.12,59.49,8.10
480.08,40.02,20.14,22.59,8.04,73.08,44.03,59.49,8.10
480.09,40.02,20.14,22.59,8.04,72.85,44.12,59.33,8.09
480.10,39.94,20.14,22.59,8.06,73.08,44.22,59.49,8.09
480.11,39.94,20.14,22.59,8.04,72.85,44.12,59.49,8.11
480.12,40.02,20.14,22.59,8.04,72.85,44.12,59.18,8.10
480.13,40.02,20.14,22.63,8.04,73.08,44.03,59.49,8.09
480.14,39.94,20.14,22.59,8.04,73.08,44.12,59.49,8.09
480.15,40.02,20.14,22.59,8.06,72.85,44.12,59.49,8.10
480.16,39.94,20.14,22.59,8.04,73.08,44.22,59.33,8.09
480.17,39.94,20.14,22.59,8.04,73.08,44.12,59.49,8.10
480.18,40.02,20.14,22.63,8.04,72.85,44.12,59.49,8.10
480.19,40.02,20.16,22.59,8.04,72.85,44.12,59.33,8.10
480.20,40.02,20.14,22.66,8.06,73.08,44.03,59.33,8.10
480.21,40.02,20.14,22.63,8.04,72.85,44.12,59.33,8.09
480.22,40.02,20.16,22.59,8.04,73.08,44.12,59.33,8.10
480.23,40.02,20.16,22.59,8.06,73.08,44.03,59.33,8.10
480.24,40.02,20.14,22.59,8.04,73.30,44.03,59.49,8.10
480.25,40.02,20.14,22.63,8.06,72.85,44.12,59.49,8.11
480.26,40.02,20.16,22.59,8.06,73.08,44.03,59.49,8.09
480.27,40.02,20.14,22.59,8.06,73.08,44.12,59.49,8.09
480.28,40.02,20.16,22.59,8.06,73.08,44.12,59.49,8.09
480.29,40.02,20.19,22.59,8.04,73.08,44.12,59.33,8.10
480.30,40.02,20.14,22.59,8.06,72.85,44.03,59.49,8.10
480.31,40.02,20.14,22.59,8.06,72.85,44.12,59.18,8.10
480.32,40.02,20.14,22.59,8.04,72.85,44.12,59.18,8.09
480.33,39.94,20.16,22.59,8.04,73.08,44.03,59.33,8.10
480.34,40.02,20.14,22.59,8.04,73.08,44.12,59.33,8.09
480.35,40.02,20.16,22.59,8.06,73.08,44.03,59.33,8.11
480.36,40.02,20.14,22.59,8.04,73.08,44.12,59.33,8.10
480.37,39.94,20.14,22.59,8.04,73.08,44.12,59.33,8.10
480.38,40.02,20.14,22.59,8.04,72.85,44.12,59.49,8.10
480.39,40.02,20.14,22.59,8.04,73.08,44.12,59.33,8.09
480.40,39.94,20.14,22.59,8.06,72.85,44.12,59.33,8.10
480.41,39.94,20.14,22.59,8.06,73.08,44.22,59.33,8.11
480.42,40.02,20.16,22.63,8.04,73.08,44.12,59.49,8.10
480.43,40.02,20.14,22.59,8.04,73.08,44.12,59.49,8.10
480.44,40.02,20.16,22.59,8.04,73.08,44.22,59.49,8.11
480.45,39.94,20.14,22.59,8.06,73.08,44.22,59.33,8.10
480.46,39.94,20.14,22.59,8.06,72.85,44.12,59.33,8.09
480.47,40.02,20.16,22.59,8.04,73.08,44.12,59.49,8.10
480.48,40.02,20.14,22.63,8.04,73.08,44.12,59.49,8.10
480.49,40.02,20.14,22.59,8.04,73.08,44.22,59.33,8.09
480.50,40.02,20.11,22.59,8.04,72.85,44.12,59.33,8.09
480.51,40.02,20.14,22.59,8.04,73.30,44.12,59.33,8.09
480.52,40.02,20.16,22.63,8.04,73.08,44.12,59.33,8.09
480.53,40.02,20.14,22.63,8.04,73.08,44.12,59.49,8.10
480.54,40.02,20.14,22.59,8.04,72.85,44.12,59.49,8.10
480.55,39.94,20.14,22.59,8.04,73.08,44.03,59.33,8.09
480.56,40.02,20.16,22.59,8.06,72.85,44.22,59.33,8.10
480.57,40.02,20.16,22.59,8.04,73.08,44.12,59.33,8.10
480.58,40.02,20.16,22.56,8.04,72.85,44.12,59.49,8.11
480.59,40.02,20.16,22.59,8.06,72.85,44.12,59.33,8.09
480.60,39.94,20.14,22.59,8.04,72.85,44.12,59.33,8.10
480.61,40.02,20.16,22.59,8.06,73.08,44.03,59.49,8.10
480.62,40.02,20.14,22.59,8.04,73.08,44.12,59.49,8.11
480.63,40.02,20.14,22.59,8.04,73.08,44.22,59.49,8.10
480.64,40.02,20.14,22.59,8.04,72.85,44.12,59.33,8.10
480.65,40.02,20.14,22.59,8.04,72.85,44.12,59.33,8.10
480.66,39.94,20.16,22.63,8.04,73.08,44.12,59.33,8.10
480.67,40.02,20.16,22.59,8.04,73.08,44.12,59.49,8.10
480.68,40.02,20.14,22.59,8.04,73.08,44.12,59.33,8.09
480.69,40.02,20.16,22.59,8.04,73.08,44.12,59.49,8.10
480.70,40.02,20.14,22.59,8.04,72.85,44.22,59.33,8.10
480.71,40.02,20.16,22.59,8.04,73.08,44.12,59.49,8.10
480.72,39.94,20.14,22.59,8.06,73.08,44.12,59.33,8.10
480.73,40.02,20.14,22.59,8.04,73.08,44.12,59.18,8.10
480.74,40.02,20.16,22.59,8.06,73.08,44.03,59.33,8.10
480.75,40.02,20.16,22.59,8.04,73.08,44.12,59.33,8.10
480.76,39.94,20.14,22.59,8.06,73.08,44.03,59.33,8.10
480.77,39.94,20.14,22.59,8.06,73.08,44.12,59.49,8.09
480.78,40.02,20.16,22.59,8.04,73.08,44.12,59.49,8.10
480.79,40.02,20.16,22.63,8.06,73.08,44.12,59.33,8.10
480.80,40.02,20.16,22.63,8.06,73.08,44.12,59.49,8.10
480.81,40.02,20.16,22.59,8.06,72.85,44.12,59.33,8.10
480.82,39.94,20.16,22.59,8.04,73.08,44.12,59.49,8.11
480.83,40.02,20.14,22.59,8.04,73.08,44.22,59.33,8.10
480.84,39.94,20.16,22.59,8.04,73.08,44.12,59.49,8.10
480.85,40.02,20.14,22.59,8.04,73.08,44.12,59.33,8.10
480.86,40.02,20.16,22.63,8.06,72.85,44.03,59.49,8.10
480.87,39.94,20.16,22.59,8.06,73.08,44.03,59.49,8.10
480.88,40.02,20.14,22.59,8.04,72.85,44.12,59.33,8.11
480.89,40.02,20.14,22.59,8.04,73.08,44.03,59.49,8.10
480.90,40.02,20.16,22.63,8.06,73.08,44.12,59.33,8.09
480.91,39.94,20.16,22.63,8.04,73.08,44.12,59.49,8.09
480.92,40.02,20.16,22.59,8.04,73.08,44.12,59.49,8.10
480.93,40.02,20.14,22.59,8.04,73.08,44.12,59.33,8.11
480.94,40.02,20.16,22.59,8.06,73.08,44.12,59.33,8.10
480.95,39.94,20.14,22.59,8.04,73.08,44.12,59.33,8.10
480.96,40.02,20.16,22.59,8.06,73.08,44.12,59.49,8.10
480.97,40.02,20.16,22.59,8.04,73.08,44.12,59.49,8.10
480.98,39.94,20.16,22.59,8.06,72.85,44.12,59.49,8.10
480.99,40.02,20.14,22.59,8.07,73.08,44.12,59.49,8.10
481.00,40.02,20.16,22.59,8.04,73.08,44.12,59.49,8.11
481.01,39.94,20.14,22.59,8.07,72.85,44.12,59.33,8.10
481.02,40.02,20.16,22.59,8.04,72.85,44.12,59.33,8.10
481.03,40.02,20.16,22.59,8.06,73.08,44.12,59.49,8.10
481.04,40.02,20.14,22.59,8.04,73.08,44.12,59.49,8.10
481.05,40.02,20.16,22.59,8.04,73.08,44.22,59.49,8.10
481.06,40.02,20.14,22.59,8.04,73.08,44.12,59.33,8.10
481.07,40.02,20.14,22.59,8.04,72.85,44.12,59.33,8.10
481.08,40.02,20.14,22.59,8.06,73.08,44.12,59.33,8.09
481.09,40.02,20.16,22.59,8.04,73.08,44.12,59.49,8.10
481.10,40.02,20.14,22.59,8.04,73.08,44.22,59.49,8.09
481.11,40.02,20.16,22.59,8.04,73.08,44.12,59.33,8.10
481.12,40.02,20.22,22.59,8.07,73.08,44.12,59.33,8.09
481.13,40.02,20.14,22.63,8.04,73.08,44.12,59.49,8.10
481.14,40.02,20.14,22.63,8.06,73.08,44.22,59.33,8.09
481.15,40.02,20.14,22.59,8.06,73.08,44.12,59.49,8.10
481.16,40.02,20.16,22.59,8.04,73.08,44.12,59.33,8.09
481.17,39.94,20.14,22.59,8.06,73.08,44.12,59.33,8.09
481.18,40.02,20.16,22.63,8.06,73.08,44.03,59.33,8.10
481.19,40.02,20.16,22.59,8.06,73.08,44.12,59.33,8.11
481.20,40.02,20.16,22.59,8.04,73.08,44.03,59.49,8.09
481.21,40.02,20.16,22.59,8.04,73.08,44.12,59.49,8.11
481.22,40.02,20.14,22.59,8.06,73.08,44.22,59.49,8.11
481.23,40.02,20.14,22.59,8.04,73.08,44.03,59.49,8.09
481.24,40.02,20.14,22.59,8.04,73.08,44.31,59.33,8.09
481.25,40.02,20.14,22.59,8.04,73.08,44.12,59.33,8.10
481.26,40.02,20.14,22.63,8.06,73.08,44.12,59.49,8.10
481.27,40.02,20.16,22.59,8.06,73.08,44.12,59.33,8.10
481.28,39.94,20.16,22.63,8.06,73.08,44.12,59.33,8.11
481.29,40.02,20.16,22.63,8.06,73.08,44.03,59.33,8.10
481.30,40.02,20.14,22.59,8.04,73.08,44.12,59.49,8.09
481.31,40.02,20.16,22.63,8.06,73.08,44.12,59.49,8.10
481.32,40.02,20.19,22.59,8.04,73.08,44.12,59.49,8.10
481.33,39.94,20.14,22.59,8.04,73.08,44.12,59.49,8.11
481.34,40.02,20.16,22.63,8.04,72.85,44.22,59.33,8.10
481.35,40.10,20.16,22.59,8.04,73.08,44.12,59.33,8.10
481.36,39.94,20.16,22.59,8.04,73.08,44.12,59.49,8.11
481.37,40.02,20.19,22.63,8.04,72.85,44.12,59.49,8.09
481.38,40.02,20.16,22.56,8.06,73.08,44.12,59.33,8.10
481.39,40.02,20.16,22.59,8.04,73.08,44.22,59.33,8.10
481.40,40.02,20.16,22.59,8.06,73.08,44.12,59.49,8.10
481.41,40.02,20.16,22.59,8.06,73.08,44.03,59.49,8.11
481.42,40.02,20.14,22.59,8.04,72.85,44.22,59.33,8.10
481.43,40.02,20.16,22.63,8.06,73.30,44.12,59.49,8.11
481.44,40.02,20.16,22.63,8.04,72.85,44.22,59.33,8.11
481.45,40.02,20.16,22.59,8.06,73.08,44.22,59.49,8.10
481.46,40.02,20.16,22.59,8.04,73.08,44.12,59.49,8.10
481.47,40.02,20.19,22.63,8.04,73.08,44.22,59.49,8.11
481.48,40.02,20.16,22.63,8.04,73.08,44.12,59.18,8.10
481.49,40.02,20.16,22.59,8.04,73.08,44.12,59.64,8.11
481.50,40.02,20.16,22.59,8.04,73.08,44.22,59.64,8.09
481.51,40.02,20.16,22.59,8.06,73.08,44.12,59.49,8.10
481.52,40.02,20.14,22.59,8.06,73.08,44.03,59.33,8.11
481.53,40.02,20.14,22.59,8.06,73.08,44.12,59.49,8.09
481.54,40.02,20.14,22.59,8.04,73.08,44.12,59.49,8.10
481.55,40.02,20.16,22.59,8.06,73.08,44.03,59.49,8.09
481.56,40.02,20.16,22.59,8.04,72.85,44.12,59.49,8.10
481.57,40.02,20.14,22.63,8.06,73.08,44.12,59.49,8.10
481.58,39.94,20.14,22.59,8.04,73.08,44.22,59.33,8.10
481.59,40.02,20.16,22.59,8.06,72.85,44.12,59.49,8.09
481.60,40.02,20.16,22.63,8.06,73.08,44.22,59.33,8.10
481.61,40.02,20.16,22.59,8.04,73.08,44.12,59.49,8.10
481.62,40.02,20.16,22.59,8.06,73.08,44.12,59.49,8.09
481.63,40.02,20.16,22.59,8.06,73.08,44.22,59.33,8.11
481.64,40.02,20.16,22.59,8.04,73.30,44.12,59.49,8.11
481.65,40.02,20.16,22.59,8.04,72.85,44.22,59.49,8.10
481.66,40.02,20.16,22.63,8.04,73.08,44.12,59.49,8.10
481.67,40.02,20.16,22.63,8.04,73.08,44.12,59.49,8.10
481.68,40.02,20.14,22.59,8.06,73.08,44.12,59.49,8.10
481.69,40.02,20.19,22.59,8.04,73.08,44.12,59.49,8.10
481.70,40.02,20.16,22.63,8.06,73.08,44.12,59.49,8.10
481.71,40.02,20.16,22.59,8.06,73.08,44.12,59.49,8.10
481.72,39.94,20.16,22.59,8.04,73.08,44.22,59.49,8.09
481.73,40.02,20.16,22.59,8.04,73.08,44.12,59.49,8.10
481.74,40.02,20.16,22.59,8.06,73.08,44.12,59.49,8.11
481.75,40.02,20.16,22.63,8.04,73.08,44.22,59.33,8.10
481.76,39.94,20.14,22.59,8.04,73.08,44.12,59.49,8.10
481.77,40.02,20.16,22.63,8.04,73.08,44.12,59.33,8.11
481.78,40.02,20.16,22.59,8.06,73.08,44.12,59.49,8.10
481.79,40.02,20.16,22.59,8.06,73.08,44.12,59.49,8.10
481.80,40.02,20.16,22.59,8.04,73.08,44.12,59.49,8.10
481.81,39.94,20.14,22.59,8.04,72.85,44.12,59.49,8.10
481.82,40.02,20.16,22.59,8.06,73.08,44.12,59.49,8.09
481.83,40.02,20.16,22.63,8.04,72.85,44.12,59.33,8.11
481.84,40.02,20.16,22.59,8.04,73.08,44.22,59.33,8.10
481.85,40.02,20.16,22.59,8.06,73.08,44.12,59.49,8.10
481.86,40.02,20.19,22.63,8.06,73.08,44.12,59.49,8.11
481.87,40.02,20.14,22.59,8.04,73.08,44.12,59.64,8.10
481.88,40.02,20.16,22.63,8.07,73.08,44.12,59.49,8.11
481.89,40.02,20.16,22.63,8.04,73.08,44.12,59.49,8.10
481.90,39.94,20.14,22.59,8.04,73.30,44.12,59.49,8.10
481.91,40.02,20.16,22.59,8.07,72.85,44.22,59.49,8.10
481.92,40.02,20.16,22.63,8.04,72.85,44.12,59.33,8.09
481.93,40.02,20.14,22.59,8.04,73.08,44.12,59.33,8.10
481.94,40.02,20.16,22.59,8.06,73.08,44.22,59.33,8.10
481.95,40.02,20.16,22.59,8.04,73.08,44.12,59.64,8.10
481.96,40.02,20.19,22.59,8.06,73.08,44.12,59.49,8.10
481.97,40.02,20.16,22.59,8.06,73.08,44.12,59.49,8.11
481.98,40.02,20.16,22.59,8.06,73.08,44.12,59.49,8.09
481.99,39.94,20.14,22.59,8.06,73.08,44.22,59.49,8.10
482.00,40.02,20.16,22.59,8.06,73.08,44.22,59.49,8.10
482.01,40.02,20.16,22.63,8.07,72.85,44.12,59.49,8.11
482.02,40.02,20.16,22.59,8.04,73.08,44.12,59.49,8.10
482.03,40.02,20.16,22.59,8.06,73.08,44.22,59.49,8.09
482.04,40.02,20.16,22.63,8.04,73.08,44.22,59.49,8.11
482.05,40.02,20.16,22.63,8.06,73.08,44.12,59.49,8.10
482.06,40.02,20.16,22.59,8.04,73.08,44.22,59.49,8.10
482.07,40.02,20.16,22.66,8.06,73.08,44.12,59.49,8.10
482.08,40.02,20.19,22.59,8.06,72.85,44.22,59.49,8.10
482.09,40.02,20.16,22.63,8.06,73.08,44.12,59.33,8.10
482.10,40.02,20.16,22.59,8.06,73.08,44.12,59.49,8.11
482.11,40.02,20.16,22.59,8.04,73.08,44.12,59.49,8.10
482.12,40.02,20.16,22.63,8.04,72.85,44.12,59.49,8.11
482.13,40.02,20.14,22.59,8.04,73.08,44.12,59.33,8.11
482.14,40.02,20.16,22.63,8.06,73.08,44.12,59.49,8.09
482.15,40.02,20.14,22.59,8.06,73.08,44.12,59.33,8.10
482.16,40.02,20.16,22.63,8.04,73.08,44.12,59.49,8.10
482.17,40.02,20.16,22.63,8.06,73.08,44.22,59.49,8.09
482.18,40.02,20.19,22.63,8.06,73.08,44.12,59.49,8.11
482.19,40.02,20.16,22.59,8.06,73.08,44.12,59.49,8.10
482.20,39.94,20.16,22.63,8.04,73.08,44.12,59.49,8.10
482.21,40.02,20.19,22.59,8.06,73.08,44.12,59.49,8.10
482.22,40.02,20.19,22.63,8.06,73.08,44.12,59.33,8.10
482.23,39.94,20.14,22.63,8.06,73.08,44.12,59.49,8.10
482.24,40.02,20.16,22.66,8.04,73.08,44.12,59.33,8.10
482.25,40.02,20.16,22.63,8.06,73.08,44.12,59.33,8.10
482.26,40.02,20.19,22.59,8.06,73.08,44.22,59.49,8.10
482.27,39.94,20.16,22.63,8.06,73.08,44.12,59.49,8.11
482.28,40.02,20.19,22.63,8.06,73.08,44.12,59.49,8.10
482.29,40.02,20.16,22.59,8.07,73.08,44.12,59.33,8.10
482.30,39.94,20.16,22.63,8.04,73.08,44.12,59.49,8.10
482.31,40.02,20.19,22.63,8.06,73.08,44.22,59.33,8.10
482.32,40.02,20.16,22.63,8.06,73.08,44.22,59.49,8.10
482.33,40.02,20.11,22.59,8.06,72.85,44.12,59.49,8.10
482.34,40.02,20.14,22.63,8.04,73.08,44.12,59.49,8.10
482.35,39.94,20.16,22.63,8.06,73.08,44.12,59.49,8.10
482.36,40.02,20.19,22.59,8.04,73.08,44.22,59.49,8.10
482.37,40.02,20.16,22.63,8.04,73.08,44.12,59.49,8.10
482.38,40.02,20.16,22.59,8.06,72.85,44.22,59.49,8.11
482.39,40.02,20.16,22.59,8.06,73.08,44.22,59.49,8.10
482.40,40.02,20.19,22.59,8.07,73.08,44.03,59.49,8.11
482.41,40.02,20.16,22.66,8.06,73.08,44.22,59.49,8.11
482.42,40.02,20.16,22.63,8.06,73.08,44.22,59.49,8.11
482.43,40.02,20.16,22.59,8.06,73.08,44.03,59.49,8.10
482.44,40.02,20.19,22.66,8.06,73.08,44.12,59.49,8.10
482.45,40.02,20.16,22.59,8.06,73.08,44.12,59.33,8.09
482.46,40.02,20.19,22.59,8.06,73.08,44.22,59.49,8.09
482.47,40.02,20.16,22.59,8.04,73.08,44.12,59.33,8.11
482.48,40.02,20.16,22.63,8.04,73.08,44.12,59.33,8.10
482.49,40.02,20.16,22.59,8.06,73.08,44.12,59.49,8.09
482.50,40.02,20.19,22.63,8.04,73.08,44.12,59.33,8.10
482.51,39.94,20.16,22.63,8.07,73.08,44.22,59.49,8.10
482.52,40.10,20.16,22.59,8.07,73.08,44.12,59.49,8.09
482.53,39.94,20.16,22.63,8.06,73.08,44.12,59.64,8.11
482.54,40.10,20.16,22.63,8.06,73.08,44.12,59.64,8.11
482.55,40.02,20.16,22.63,8.06,73.30,44.03,59.49,8.10
482.56,39.94,20.16,22.59,8.06,73.08,44.12,59.49,8.10
482.57,40.02,20.16,22.66,8.04,73.08,44.31,59.33,8.10
482.58,40.02,20.16,22.59,8.04,73.08,44.22,59.49,8.11
482.59,40.02,20.16,22.63,8.06,73.08,44.22,59.49,8.10
482.60,40.02,20.16,22.63,8.06,73.08,44.22,59.49,8.11
482.61,40.02,20.16,22.63,8.06,73.08,44.12,59.64,8.10
482.62,40.02,20.16,22.59,8.06,72.85,44.22,59.33,8.11
482.63,40.02,20.16,22.59,8.04,73.30,44.12,59.49,8.10
482.64,40.02,20.16,22.63,8.06,72.85,44.22,59.64,8.10
482.65,40.02,20.16,22.63,8.06,73.08,44.12,59.33,8.11
482.66,40.02,20.19,22.59,8.06,73.08,44.22,59.49,8.11
482.67,40.02,20.16,22.63,8.06,73.08,44.22,59.64,8.09
482.68,40.02,20.16,22.63,8.06,73.08,44.12,59.33,8.11
482.69,39.94,20.16,22.59,8.06,73.08,44.22,59.49,8.10
482.70,40.02,20.16,22.63,8.07,72.85,44.22,59.49,8.11
482.71,40.02,20.16,22.63,8.06,73.08,44.22,59.49,8.10
482.72,40.02,20.16,22.63,8.06,73.30,44.22,59.49,8.10
482.73,40.02,20.19,22.59,8.07,73.08,44.31,59.49,8.11
482.74,40.02,20.14,22.59,8.06,73.08,44.12,59.49,8.10
482.75,40.02,20.16,22.59,8.06,73.08,44.22,59.49,8.10
482.76,40.02,20.16,22.63,8.04,73.08,44.22,59.49,8.11
482.77,40.02,20.16,22.59,8.06,73.30,44.22,59.49,8.10
482.78,40.02,20.19,22.59,8.06,73.08,44.12,59.49,8.11
482.79,40.02,20.19,22.63,8.06,73.08,44.22,59.49,8.10
482.80,40.02,20.16,22.59,8.06,73.08,44.31,59.49,8.10
482.81,40.02,20.16,22.59,8.06,73.08,44.12,59.49,8.09
482.82,39.86,20.16,22.66,8.06,73.08,44.22,59.49,8.10
482.83,40.02,20.16,22.63,8.06,73.08,44.12,59.33,8.11
482.84,40.02,20.14,22.63,8.06,73.08,44.22,59.49,8.10
482.85,40.02,20.16,22.63,8.06,73.08,44.22,59.49,8.10
482.86,40.10,20.16,22.63,8.06,73.30,44.12,59.49,8.10
482.87,40.02,20.19,22.63,8.06,73.08,44.22,59.49,8.10
482.88,40.02,20.16,22.63,8.06,72.85,44.22,59.49,8.10
482.89,40.02,20.19,22.66,8.04,73.08,44.22,59.49,8.09
482.90,39.94,20.16,22.59,8.06,73.08,44.12,59.49,8.11
482.91,40.02,20.16,22.63,8.04,73.08,44.12,59.49,8.10
482.92,40.02,20.16,22.63,8.06,73.08,44.12,59.49,8.10
482.93,40.02,20.16,22.66,8.06,73.08,44.22,59.49,8.10
482.94,40.02,20.16,22.59,8.04,73.08,44.22,59.64,8.10
482.95,40.02,20.16,22.63,8.07,73.08,44.12,59.49,8.09
482.96,40.02,20.16,22.59,8.07,73.08,44.22,59.49,8.10
482.97,40.02,20.14,22.63,8.06,73.08,44.12,59.49,8.10
482.98,40.02,20.16,22.59,8.06,73.08,44.22,59.49,8.10
482.99,40.02,20.16,22.63,8.07,73.08,44.12,59.64,8.11
483.00,40.02,20.16,22.63,8.06,73.08,44.22,59.33,8.10
483.01,40.02,20.14,22.59,8.04,73.30,44.22,59.49,8.10
483.02,40.02,20.16,22.63,8.04,73.08,44.22,59.49,8.10
483.03,40.02,20.16,22.63,8.06,73.08,44.22,59.64,8.10
483.04,40.02,20.19,22.63,8.04,73.08,44.22,59.49,8.10
483.05,40.02,20.16,22.63,8.07,73.08,44.12,59.49,8.10
483.06,40.02,20.16,22.63,8.07,73.08,44.22,59.49,8.11
483.07,40.02,20.19,22.63,8.06,73.08,44.22,59.49,8.10
483.08,39.94,20.16,22.63,8.06,73.08,44.12,59.33,8.11
483.09,40.02,20.16,22.63,8.06,73.08,44.22,59.49,8.10
483.10,40.02,20.19,22.63,8.06,73.30,44.31,59.49,8.11
483.11,40.10,20.16,22.63,8.07,73.08,44.22,59.49,8.11
483.12,40.02,20.16,22.63,8.06,73.08,44.12,59.49,8.10
483.13,40.02,20.16,22.63,8.07,73.08,44.12,59.49,8.10
483.14,40.02,20.16,22.63,8.06,73.08,44.12,59.49,8.10
483.15,40.02,20.16,22.63,8.06,73.08,44.22,59.49,8.10
483.16,40.02,20.19,22.63,8.04,73.08,44.22,59.64,8.11
483.17,40.02,20.16,22.63,8.06,73.08,44.12,59.49,8.11
483.18,40.02,20.16,22.63,8.06,73.08,44.12,59.33,8.09
483.19,40.02,20.19,22.63,8.06,72.85,44.22,59.49,8.10
483.20,40.02,20.16,22.63,8.06,73.08,44.22,59.49,8.11
483.21,40.02,20.19,22.63,8.06,73.08,44.22,59.49,8.11
483.22,40.02,20.16,22.63,8.06,73.30,44.12,59.49,8.10
483.23,40.02,20.16,22.63,8.06,73.08,44.12,59.64,8.11
483.24,40.02,20.16,22.63,8.06,73.30,44.22,59.49,8.11
483.25,40.02,20.19,22.63,8.06,73.08,44.31,59.49,8.10
483.26,40.02,20.19,22.59,8.07,73.08,44.22,59.49,8.11
483.27,40.02,20.19,22.63,8.06,73.08,44.22,59.49,8.10
483.28,40.02,20.16,22.63,8.04,73.30,44.22,59.49,8.11
483.29,40.02,20.16,22.59,8.06,73.08,44.12,59.49,8.10
483.30,40.02,20.19,22.63,8.06,72.85,44.22,59.49,8.11
483.31,40.02,20.16,22.63,8.06,73.08,44.22,59.49,8.11
483.32,40.02,20.19,22.66,8.07,73.08,44.22,59.49,8.10
483.33,39.94,20.19,22.63,8.07,73.08,44.22,59.49,8.10
483.34,40.02,20.19,22.63,8.04,73.08,44.12,59.49,8.10
483.35,40.02,20.19,22.59,8.04,73.08,44.22,59.33,8.10
483.36,40.02,20.19,22.63,8.07,73.08,44.22,59.49,8.10
483.37,40.02,20.16,22.63,8.06,73.30,44.22,59.33,8.11
483.38,40.02,20.16,22.63,8.06,73.08,44.22,59.49,8.11
483.39,40.02,20.16,22.63,8.06,73.08,44.22,59.49,8.10
483.40,40.02,20.16,22.63,8.06,73.30,44.12,59.49,8.10
483.41,40.02,20.19,22.63,8.07,73.08,44.12,59.49,8.10
483.42,40.02,20.19,22.59,8.06,73.08,44.22,59.49,8.11
483.43,40.02,20.16,22.63,8.06,73.08,44.12,59.49,8.10
483.44,40.02,20.16,22.63,8.06,73.08,44.22,59.64,8.11
483.45,40.02,20.19,22.63,8.06,73.08,44.12,59.49,8.11
483.46,40.02,20.14,22.59,8.06,73.08,44.22,59.49,8.11
483.47,40.02,20.16,22.63,8.06,73.08,44.22,59.49,8.10
483.48,40.02,20.16,22.63,8.06,73.30,44.12,59.33,8.10
483.49,40.02,20.16,22.63,8.08,73.08,44.22,59.49,8.11
483.50,40.02,20.14,22.63,8.07,73.08,44.22,59.49,8.10
483.51,40.02,20.19,22.63,8.06,73.08,44.22,59.64,8.10
483.52,40.02,20.19,22.63,8.06,73.08,44.22,59.64,8.11
483.53,40.02,20.16,22.59,8.04,73.08,44.22,59.49,8.10
483.54,40.02,20.19,22.63,8.06,73.08,44.22,59.49,8.10
483.55,40.10,20.16,22.63,8.07,73.08,44.31,59.49,8.11
483.56,40.02,20.16,22.66,8.06,73.08,44.03,59.49,8.11
483.57,40.02,20.19,22.59,8.04,73.08,44.22,59.49,8.09
483.58,40.02,20.16,22.63,8.06,73.08,44.12,59.64,8.11
483.59,40.10,20.19,22.63,8.06,73.08,44.12,59.49,8.10
483.60,40.02,20.19,22.63,8.06,72.85,44.22,59.49,8.10
483.61,40.02,20.16,22.63,8.06,73.08,44.31,59.49,8.10
483.62,40.02,20.16,22.63,8.06,73.08,44.22,59.64,8.10
483.63,40.02,20.16,22.63,8.06,73.30,44.22,59.49,8.11
483.64,40.02,20.16,22.63,8.06,73.30,44.22,59.49,8.11
483.65,40.02,20.19,22.66,8.06,73.08,44.22,59.49,8.11
483.66,40.02,20.19,22.63,8.06,73.08,44.22,59.49,8.10
483.67,40.10,20.16,22.63,8.07,73.08,44.22,59.49,8.11
483.68,40.02,20.16,22.59,8.04,73.08,44.22,59.49,8.11
483.69,40.02,20.19,22.63,8.06,73.08,44.22,59.49,8.10
483.70,40.02,20.19,22.63,8.06,73.08,44.12,59.64,8.10
483.71,40.02,20.19,22.63,8.04,73.08,44.22,59.49,8.09
483.72,40.02,20.16,22.63,8.06,73.30,44.22,59.49,8.12
483.73,39.94,20.16,22.66,8.06,73.08,44.12,59.49,8.11
483.74,40.02,20.16,22.63,8.06,73.30,44.12,59.49,8.10
483.75,40.02,20.19,22.59,8.06,73.08,44.31,59.49,8.11
483.76,40.10,20.16,22.63,8.06,73.08,44.12,59.49,8.10
483.77,40.02,20.16,22.66,8.07,73.08,44.22,59.49,8.10
483.78,39.94,20.16,22.63,8.06,73.08,44.22,59.49,8.10
483.79,40.02,20.16,22.63,8.07,73.08,44.22,59.33,8.10
483.80,40.02,20.16,22.63,8.07,73.08,44.31,59.49,8.11
483.81,40.02,20.19,22.66,8.06,72.85,44.22,59.49,8.11
483.82,40.10,20.22,22.63,8.06,72.85,44.22,59.33,8.10
483.83,40.02,20.19,22.63,8.06,73.30,44.31,59.64,8.11
483.84,40.02,20.16,22.66,8.06,73.08,44.12,59.49,8.10
483.85,39.94,20.16,22.63,8.06,73.08,44.22,59.49,8.10
483.86,40.02,20.16,22.63,8.06,73.08,44.12,59.49,8.11
483.87,40.02,20.16,22.66,8.06,73.30,44.22,59.64,8.11
483.88,40.02,20.19,22.63,8.06,73.30,44.22,59.33,8.10
483.89,40.02,20.19,22.63,8.06,73.08,44.22,59.64,8.11
483.90,40.02,20.16,22.66,8.06,73.08,44.12,59.49,8.10
483.91,40.02,20.16,22.63,8.06,73.30,44.22,59.49,8.11
483.92,40.02,20.16,22.63,8.07,73.08,44.22,59.49,8.10
483.93,40.02,20.14,22.63,8.06,73.30,44.22,59.49,8.11
483.94,40.10,20.16,22.63,8.06,73.08,44.12,59.49,8.11
483.95,40.02,20.19,22.63,8.06,73.08,44.22,59.49,8.11
483.96,40.02,20.16,22.66,8.07,73.08,44.12,59.49,8.10
483.97,40.10,20.22,22.63,8.06,73.08,44.12,59.49,8.11
483.98,40.02,20.19,22.63,8.06,73.08,44.22,59.49,8.11
483.99,40.02,20.19,22.63,8.07,73.08,44.22,59.49,8.10
484.00,40.02,20.16,22.66,8.06,73.08,44.22,59.49,8.11
484.01,40.02,20.19,22.63,8.06,73.08,44.22,59.49,8.12
484.02,40.02,20.16,22.63,8.07,73.08,44.22,59.33,8.10
484.03,40.02,20.16,22.63,8.06,73.08,44.12,59.49,8.11
484.04,40.02,20.19,22.63,8.06,73.08,44.22,59.49,8.10
484.05,40.02,20.16,22.59,8.06,73.08,44.12,59.49,8.10
484.06,40.02,20.19,22.63,8.06,73.08,44.12,59.49,8.10
484.07,40.02,20.16,22.63,8.06,73.08,44.22,59.49,8.11
484.08,40.02,20.16,22.66,8.06,73.08,44.12,59.49,8.11
484.09,40.02,20.19,22.63,8.06,73.08,44.12,59.49,8.10
484.10,40.02,20.19,22.66,8.06,73.08,44.22,59.64,8.10
484.11,40.02,20.16,22.63,8.07,73.08,44.22,59.33,8.10
484.12,40.02,20.16,22.63,8.07,73.08,44.31,59.49,8.11
484.13,40.02,20.16,22.63,8.06,73.08,44.22,59.49,8.10
484.14,40.02,20.14,22.63,8.07,73.08,44.22,59.49,8.10
484.15,40.10,20.16,22.63,8.06,73.30,44.22,59.49,8.11
484.16,40.02,20.16,22.66,8.06,73.08,44.12,59.49,8.11
484.17,40.02,20.19,22.63,8.06,73.08,44.22,59.49,8.10
484.18,40.02,20.16,22.63,8.07,73.08,44.12,59.49,8.10
484.19,40.02,20.16,22.66,8.04,73.08,44.22,59.49,8.11
484.20,40.02,20.16,22.63,8.06,73.08,44.12,59.33,8.10
484.21,40.02,20.16,22.63,8.07,73.08,44.12,59.49,8.10
484.22,40.02,20.16,22.59,8.07,73.08,44.22,59.49,8.11
484.23,40.02,20.16,22.63,8.06,73.08,44.22,59.33,8.11
484.24,40.02,20.16,22.63,8.06,72.85,44.22,59.49,8.11
484.25,40.02,20.19,22.66,8.06,73.08,44.12,59.49,8.10
484.26,40.02,20.19,22.63,8.06,73.08,44.22,59.49,8.10
484.27,40.02,20.16,22.63,8.06,73.08,44.22,59.49,8.10
484.28,39.94,20.16,22.59,8.06,73.30,44.12,59.49,8.11
484.29,40.02,20.19,22.63,8.06,73.08,44.22,59.49,8.10
484.30,40.02,20.19,22.59,8.07,73.08,44.31,59.49,8.11
484.31,40.02,20.16,22.63,8.06,73.08,44.12,59.33,8.10
484.32,40.02,20.16,22.63,8.06,73.08,44.12,59.64,8.10
484.33,40.02,20.19,22.59,8.07,73.08,44.12,59.49,8.11
484.34,40.10,20.16,22.63,8.06,73.08,44.22,59.64,8.10
484.35,40.10,20.19,22.63,8.06,73.08,44.31,59.49,8.10
484.36,40.02,20.16,22.63,8.04,73.08,44.12,59.49,8.11
484.37,40.02,20.16,22.66,8.04,73.08,44.22,59.33,8.11
484.38,40.02,20.16,22.63,8.06,73.08,44.12,59.49,8.10
484.39,40.02,20.19,22.63,8.06,73.08,44.22,59.49,8.10
484.40,40.02,20.16,22.59,8.07,73.08,44.22,59.49,8.11
484.41,40.02,20.16,22.63,8.06,73.30,44.22,59.49,8.11
484.42,40.02,20.16,22.63,8.06,73.30,44.12,59.49,8.10
484.43,40.02,20.19,22.63,8.07,73.08,44.22,59.49,8.10
484.44,40.02,20.16,22.63,8.06,73.30,44.22,59.49,8.11
484.45,40.02,20.19,22.63,8.06,73.08,44.22,59.49,8.12
484.46,40.02,20.16,22.63,8.06,73.08,44.22,59.49,8.10
484.47,40.02,20.16,22.63,8.06,73.08,44.22,59.49,8.10
484.48,40.02,20.16,22.63,8.07,73.08,44.12,59.64,8.10
484.49,40.02,20.16,22.63,8.04,73.08,44.03,59.49,8.10
484.50,40.02,20.14,22.66,8.04,73.08,44.12,59.33,8.10
484.51,40.02,20.16,22.63,8.04,73.08,44.12,59.49,8.11
484.52,40.02,20.16,22.59,8.06,73.08,44.12,59.49,8.10
484.53,40.02,20.19,22.66,8.06,73.30,44.22,59.49,8.10
484.54,40.10,20.16,22.63,8.06,73.08,44.22,59.33,8.10
484.55,40.02,20.19,22.63,8.07,73.08,44.12,59.49,8.11
484.56,40.02,20.16,22.59,8.07,73.08,44.22,59.49,8.10
484.57,40.10,20.16,22.63,8.06,73.08,44.22,59.49,8.09
484.58,40.02,20.16,22.63,8.06,73.08,44.12,59.49,8.11
484.59,40.02,20.16,22.63,8.06,73.30,44.12,59.33,8.10
484.60,40.02,20.14,22.63,8.06,73.08,44.22,59.49,8.12
484.61,40.02,20.16,22.63,8.04,73.08,44.22,59.49,8.11
484.62,40.02,20.19,22.66,8.06,73.08,44.12,59.49,8.11
484.63,40.02,20.16,22.63,8.06,73.08,44.22,59.49,8.11
484.64,40.02,20.19,22.63,8.06,73.08,44.12,59.49,8.10
484.65,40.02,20.16,22.63,8.07,73.08,44.12,59.49,8.10
484.66,40.02,20.16,22.59,8.07,73.08,44.22,59.49,8.10
484.67,40.02,20.14,22.63,8.06,73.08,44.22,59.49,8.10
484.68,40.02,20.22,22.63,8.07,73.08,44.22,59.49,8.10
484.69,40.02,20.16,22.63,8.06,73.08,44.12,59.49,8.11
484.70,40.02,20.19,22.63,8.06,73.30,44.22,59.49,8.10
484.71,40.02,20.22,22.59,8.06,73.08,44.12,59.64,8.10
484.72,40.02,20.22,22.66,8.06,73.08,44.22,59.49,8.10
484.73,40.02,20.19,22.63,8.04,73.30,44.12,59.49,8.10
484.74,40.02,20.16,22.63,8.06,73.08,44.22,59.49,8.10
484.75,40.02,20.16,22.63,8.06,73.08,44.12,59.49,8.11
484.76,40.02,20.16,22.59,8.07,73.08,44.22,59.49,8.10
484.77,40.02,20.14,22.63,8.07,73.30,44.22,59.49,8.11
484.78,40.02,20.16,22.63,8.06,73.08,44.31,59.49,8.11
484.79,40.02,20.16,22.63,8.04,73.08,44.03,59.49,8.11
484.80,40.02,20.16,22.63,8.06,73.30,44.03,59.64,8.11
484.81,40.02,20.19,22.66,8.06,73.08,44.31,59.49,8.11
484.82,40.02,20.14,22.63,8.06,73.30,44.12,59.49,8.11
484.83,40.02,20.16,22.63,8.06,73.08,44.12,59.49,8.09
484.84,40.02,20.19,22.63,8.06,73.08,44.22,59.49,8.11
484.85,40.02,20.16,22.59,8.07,73.30,44.12,59.64,8.09
484.86,40.02,20.16,22.63,8.06,73.08,44.22,59.49,8.11
484.87,40.02,20.19,22.63,8.06,73.08,44.12,59.49,8.10
484.88,40.02,20.16,22.63,8.06,73.08,44.22,59.49,8.10
484.89,40.02,20.16,22.63,8.04,73.08,44.12,59.49,8.10
484.90,40.02,20.14,22.59,8.06,73.08,44.22,59.33,8.10
484.91,40.10,20.16,22.63,8.06,73.08,44.22,59.49,8.10
484.92,40.10,20.16,22.59,8.06,73.08,44.12,59.49,8.11
484.93,40.02,20.19,22.63,8.06,73.30,44.12,59.33,8.10
484.94,40.10,20.16,22.63,8.06,73.08,44.22,59.33,8.11
484.95,40.02,20.16,22.59,8.06,73.08,44.22,59.49,8.11
484.96,40.02,20.16,22.66,8.07,73.08,44.22,59.49,8.10
484.97,40.10,20.19,22.63,8.06,73.30,44.22,59.49,8.09
484.98,40.02,20.14,22.63,8.06,72.85,44.22,59.64,8.11
484.99,40.02,20.16,22.66,8.06,73.08,44.22,59.49,8.10
485.00,40.02,20.16,22.63,8.06,73.30,44.22,59.49,8.11
485.01,40.02,20.14,22.63,8.06,73.08,44.22,59.49,8.10
485.02,40.02,20.16,22.59,8.06,73.08,44.22,59.49,8.10
485.03,40.10,20.16,22.59,8.06,73.08,44.12,59.49,8.10
485.04,40.02,20.16,22.63,8.06,73.08,44.12,59.49,8.11
485.05,40.02,20.16,22.63,8.06,73.08,44.31,59.49,8.11
485.06,40.02,20.19,22.59,8.06,73.08,44.22,59.49,8.11
485.07,40.02,20.16,22.63,8.06,73.08,44.22,59.49,8.11
485.08,40.02,20.16,22.63,8.06,72.85,44.12,59.49,8.10
485.09,40.02,20.16,22.63,8.06,73.08,44.12,59.49,8.10
485.10,39.94,20.16,22.63,8.04,73.08,44.12,59.33,8.11
485.11,40.02,20.19,22.63,8.06,73.08,44.22,59.49,8.10
485.12,40.02,20.16,22.59,8.06,73.08,44.22,59.49,8.10
485.13,40.02,20.19,22.66,8.07,72.85,44.22,59.64,8.11
485.14,40.02,20.16,22.63,8.06,73.08,44.12,59.49,8.11
485.15,40.02,20.19,22.63,8.06,73.08,44.12,59.64,8.10
485.16,40.02,20.16,22.63,8.06,73.08,44.12,59.49,8.10
485.17,40.02,20.16,22.59,8.07,73.08,44.22,59.49,8.11
485.18,40.02,20.16,22.63,8.06,73.30,44.22,59.49,8.11
485.19,40.02,20.16,22.63,8.06,73.30,44.22,59.49,8.10
485.20,40.02,20.16,22.59,8.07,73.08,44.12,59.64,8.11
485.21,40.02,20.16,22.66,8.06,73.08,44.22,59.49,8.10
485.22,40.02,20.16,22.63,8.06,73.08,44.22,59.49,8.10
485.23,40.02,20.19,22.63,8.06,73.08,44.22,59.49,8.11
485.24,40.02,20.16,22.63,8.06,73.08,44.12,59.33,8.10
485.25,40.02,20.16,22.63,8.06,73.08,44.12,59.49,8.10
485.26,40.02,20.19,22.63,8.07,73.30,44.12,59.49,8.09
485.27,40.02,20.16,22.66,8.06,73.08,44.22,59.49,8.10
485.28,40.10,20.19,22.63,8.06,73.30,44.22,59.49,8.11
485.29,40.02,20.16,22.59,8.06,73.08,44.22,59.49,8.10
485.30,40.02,20.16,22.63,8.06,73.08,44.22,59.64,8.10
485.31,40.02,20.19,22.63,8.06,73.08,44.22,59.49,8.11
485.32,40.02,20.16,22.63,8.06,73.08,44.22,59.49,8.10
485.33,40.02,20.19,22.59,8.06,73.08,44.22,59.33,8.10
485.34,40.02,20.19,22.63,8.06,73.08,44.12,59.64,8.10
485.35,40.02,20.16,22.63,8.06,73.08,44.22,59.49,8.11
485.36,40.02,20.16,22.66,8.06,73.30,44.12,59.49,8.11
485.37,40.02,20.19,22.66,8.06,73.08,44.12,59.64,8.11
485.38,40.02,20.16,22.63,8.06,73.08,44.22,59.49,8.11
485.39,40.02,20.19,22.63,8.06,73.08,44.22,59.49,8.10
485.40,40.02,20.16,22.66,8.06,73.08,44.12,59.33,8.10
485.41,40.02,20.16,22.63,8.06,73.08,44.22,59.49,8.11
485.42,40.02,20.16,22.59,8.04,73.08,44.12,59.64,8.10
485.43,40.02,20.16,22.66,8.07,73.08,44.22,59.49,8.10
485.44,40.02,20.16,22.63,8.06,73.08,44.12,59.49,8.10
485.45,40.02,20.16,22.63,8.06,73.30,44.22,59.49,8.11
485.46,40.02,20.16,22.63,8.06,73.08,44.12,59.49,8.10
485.47,40.02,20.19,22.63,8.06,73.08,44.12,59.49,8.10
485.48,40.02,20.19,22.66,8.06,73.08,44.12,59.49,8.11
485.49,40.10,20.16,22.63,8.06,73.08,44.22,59.49,8.10
485.50,40.02,20.16,22.59,8.06,73.08,44.22,59.33,8.10
485.51,40.02,20.16,22.63,8.07,73.08,44.12,59.49,8.10
485.52,40.10,20.16,22.63,8.07,73.08,44.22,59.49,8.09
485.53,40.02,20.16,22.63,8.06,73.08,44.22,59.64,8.10
485.54,40.02,20.16,22.63,8.07,73.30,44.12,59.49,8.10
485.55,40.02,20.19,22.66,8.07,73.30,44.22,59.49,8.10
485.56,39.94,20.16,22.63,8.06,73.08,44.12,59.64,8.10
485.57,40.02,20.14,22.66,8.07,73.08,44.22,59.49,8.10
485.58,40.02,20.16,22.59,8.06,73.08,44.12,59.49,8.11
485.59,40.02,20.19,22.63,8.07,73.08,44.12,59.64,8.10
485.60,40.02,20.14,22.63,8.06,73.08,44.12,59.33,8.10
485.61,40.02,20.16,22.66,8.06,73.08,44.12,59.49,8.10
485.62,40.02,20.16,22.66,8.06,73.30,44.22,59.49,8.10
485.63,40.02,20.19,22.66,8.06,73.08,44.22,59.49,8.12
485.64,40.10,20.16,22.59,8.06,73.08,44.12,59.49,8.10
485.65,40.10,20.16,22.59,8.07,73.30,44.22,59.49,8.11
485.66,40.02,20.16,22.63,8.07,73.08,44.22,59.49,8.10
485.67,40.02,20.16,22.63,8.06,73.08,44.22,59.49,8.10
485.68,40.02,20.16,22.63,8.06,73.08,44.12,59.49,8.11
485.69,40.02,20.16,22.63,8.06,73.08,44.22,59.49,8.11
485.70,40.02,20.16,22.63,8.06,73.30,44.22,59.33,8.11
485.71,40.10,20.16,22.63,8.07,73.08,44.12,59.49,8.10
485.72,40.10,20.19,22.63,8.07,73.30,44.22,59.49,8.11
485.73,40.02,20.16,22.63,8.06,73.30,44.22,59.49,8.10
485.74,40.02,20.16,22.63,8.06,73.08,44.22,59.49,8.10
485.75,40.02,20.16,22.63,8.06,73.08,44.12,59.49,8.10
485.76,40.02,20.16,22.66,8.08,73.08,44.12,59.49,8.10
485.77,40.02,20.19,22.63,8.06,73.08,44.12,59.49,8.10
485.78,40.02,20.19,22.66,8.06,73.08,44.12,59.49,8.10
485.79,40.02,20.19,22.63,8.06,73.08,44.12,59.49,8.10
485.80,40.10,20.19,22.59,8.06,73.08,44.12,59.49,8.11
485.81,40.02,20.14,22.63,8.06,73.08,44.22,59.64,8.10
485.82,40.02,20.16,22.59,8.07,73.08,44.12,59.49,8.11
485.83,40.02,20.16,22.66,8.07,73.30,44.12,59.49,8.09
485.84,40.02,20.16,22.63,8.06,73.08,44.12,59.49,8.10
485.85,40.02,20.16,22.63,8.04,73.08,44.12,59.49,8.10
485.86,40.02,20.19,22.63,8.06,73.08,44.12,59.49,8.10
485.87,40.10,20.19,22.66,8.06,73.08,44.22,59.33,8.11
485.88,40.02,20.19,22.63,8.07,73.08,44.22,59.49,8.11
485.89,40.02,20.19,22.63,8.06,73.08,44.22,59.33,8.11
485.90,40.02,20.16,22.63,8.07,73.30,44.03,59.49,8.10
485.91,40.02,20.16,22.63,8.06,73.08,44.12,59.49,8.11
485.92,40.02,20.16,22.66,8.06,73.08,44.22,59.64,8.11
485.93,40.02,20.16,22.59,8.07,73.08,44.12,59.64,8.11
485.94,40.02,20.16,22.63,8.04,73.08,44.12,59.49,8.11
485.95,40.02,20.19,22.63,8.04,73.08,44.22,59.49,8.11
485.96,40.10,20.16,22.59,8.07,73.08,44.12,59.49,8.10
485.97,40.10,20.16,22.66,8.06,73.30,44.03,59.49,8.11
485.98,40.02,20.14,22.63,8.06,73.30,44.12,59.49,8.12
485.99,40.02,20.16,22.63,8.07,73.08,44.22,59.49,8.11
486.00,40.02,20.16,22.63,8.06,73.30,44.22,59.49,8.10
486.01,40.02,20.16,22.63,8.07,73.08,44.12,59.49,8.10
486.02,40.10,20.19,22.66,8.07,73.08,44.22,59.33,8.09
486.03,40.02,20.16,22.66,8.04,73.08,44.22,59.49,8.11
486.04,40.18,20.16,22.66,8.06,73.08,44.12,59.33,8.10
486.05,40.10,20.16,22.66,8.07,73.08,44.22,59.49,8.11
486.06,40.10,20.16,22.63,8.07,73.08,44.12,59.49,8.10
486.07,39.94,20.16,22.63,8.06,73.08,44.22,59.49,8.10
486.08,40.02,20.16,22.66,8.06,73.08,44.12,59.49,8.11
486.09,40.02,20.16,22.63,8.04,73.08,44.22,59.49,8.11
486.10,40.02,20.16,22.59,8.07,73.08,44.12,59.49,8.11
486.11,40.02,20.19,22.63,8.06,73.30,44.12,59.49,8.11
486.12,40.10,20.16,22.63,8.07,72.85,44.12,59.64,8.10
486.13,40.02,20.16,22.63,8.04,73.30,44.22,59.49,8.11
486.14,40.02,20.16,22.66,8.06,73.08,44.22,59.49,8.10
486.15,40.02,20.16,22.66,8.06,73.30,44.12,59.49,8.10
486.16,40.02,20.16,22.63,8.07,73.08,44.22,59.49,8.10
486.17,40.02,20.16,22.63,8.06,73.08,44.22,59.64,8.10
486.18,40.02,20.16,22.59,8.06,73.08,44.22,59.33,8.10
486.19,40.02,20.14,22.66,8.07,73.08,44.22,59.80,8.11
486.20,40.02,20.16,22.66,8.07,73.30,44.22,59.64,8.10
486.21,40.02,20.16,22.63,8.06,73.08,44.12,59.49,8.09
486.22,40.02,20.19,22.63,8.06,73.08,44.12,59.33,8.10
486.23,40.02,20.16,22.66,8.06,73.08,44.12,59.49,8.10
486.24,40.02,20.16,22.63,8.07,73.30,44.12,59.49,8.11
486.25,40.02,20.16,22.63,8.06,73.08,44.22,59.49,8.11
486.26,40.02,20.16,22.63,8.06,73.30,44.22,59.33,8.11
486.27,40.02,20.16,22.66,8.07,73.08,44.03,59.49,8.11
486.28,40.02,20.16,22.66,8.06,73.08,44.12,59.49,8.10
486.29,40.02,20.16,22.63,8.06,73.30,44.12,59.49,8.11
486.30,40.02,20.14,22.63,8.07,73.08,44.03,59.49,8.10
486.31,40.02,20.16,22.63,8.07,73.08,44.12,59.49,8.10
486.32,40.02,20.14,22.63,8.06,73.30,44.22,59.49,8.11
486.33,40.02,20.14,22.63,8.06,73.30,44.22,59.49,8.11
486.34,40.02,20.14,22.59,8.04,73.08,44.12,59.49,8.09
486.35,40.02,20.14,22.59,8.06,73.08,44.22,59.49,8.10
486.36,40.02,20.16,22.63,8.06,73.08,44.12,59.33,8.10
486.37,40.02,20.16,22.63,8.07,73.08,44.22,59.49,8.10
486.38,40.02,20.16,22.66,8.06,73.08,44.22,59.33,8.10
486.39,40.02,20.16,22.63,8.06,73.08,44.12,59.64,8.11
486.40,40.02,20.14,22.63,8.06,73.08,44.12,59.49,8.10
486.41,40.02,20.14,22.63,8.06,73.08,44.22,59.49,8.10
486.42,40.02,20.14,22.63,8.04,73.30,44.12,59.33,8.10
486.43,40.02,20.14,22.63,8.06,73.08,44.03,59.33,8.10
486.44,40.02,20.19,22.59,8.06,73.08,44.22,59.49,8.11
486.45,40.02,20.14,22.59,8.06,73.08,44.12,59.49,8.10
486.46,40.02,20.16,22.63,8.04,73.08,44.12,59.49,8.10
486.47,40.02,20.19,22.63,8.06,73.08,44.22,59.49,8.11
486.48,40.02,20.16,22.63,8.06,73.30,44.12,59.49,8.11
486.49,40.02,20.19,22.63,8.06,73.08,44.12,59.49,8.11
486.50,40.02,20.16,22.63,8.07,73.08,44.22,59.49,8.11
486.51,40.10,20.19,22.63,8.07,73.08,44.12,59.49,8.09
486.52,40.02,20.16,22.59,8.07,73.08,44.12,59.49,8.11
486.53,40.02,20.16,22.63,8.06,73.08,44.12,59.49,8.10
486.54,40.02,20.16,22.63,8.06,73.08,44.12,59.33,8.10
486.55,40.02,20.16,22.63,8.07,73.08,44.22,59.49,8.11
486.56,40.02,20.16,22.63,8.06,73.08,44.12,59.49,8.11
486.57,40.10,20.14,22.63,8.06,73.30,44.22,59.49,8.10
486.58,40.10,20.16,22.63,8.07,73.08,44.12,59.49,8.10
486.59,40.02,20.14,22.63,8.06,73.08,44.12,59.49,8.10
486.60,40.02,20.16,22.63,8.06,73.08,44.12,59.49,8.10
486.61,40.02,20.16,22.63,8.06,73.08,44.12,59.33,8.10
486.62,40.02,20.16,22.63,8.06,73.08,44.22,59.49,8.10
486.63,40.02,20.16,22.63,8.06,73.08,44.12,59.33,8.10
486.64,40.02,20.19,22.63,8.06,73.08,44.12,59.49,8.09
486.65,40.02,20.14,22.63,8.07,73.08,44.12,59.49,8.11
486.66,40.02,20.14,22.66,8.06,73.30,44.12,59.49,8.10
486.67,40.02,20.16,22.63,8.07,73.08,44.12,59.49,8.10
486.68,40.02,20.16,22.63,8.06,73.08,44.12,59.49,8.10
486.69,40.02,20.16,22.63,8.07,73.08,44.12,59.33,8.10
486.70,40.02,20.16,22.59,8.06,73.08,44.22,59.49,8.09
486.71,40.02,20.14,22.63,8.06,73.08,44.12,59.49,8.11
486.72,40.02,20.14,22.66,8.06,73.08,44.12,59.33,8.10
486.73,40.02,20.16,22.63,8.04,73.30,44.12,59.49,8.11
486.74,40.02,20.16,22.63,8.06,73.30,44.12,59.33,8.10
486.75,40.10,20.16,22.63,8.06,73.08,44.22,59.49,8.11
486.76,40.02,20.16,22.63,8.06,73.30,44.12,59.49,8.10
486.77,40.02,20.14,22.63,8.06,73.08,44.22,59.49,8.11
486.78,40.02,20.16,22.63,8.06,73.08,44.12,59.49,8.09
486.79,40.02,20.14,22.63,8.04,73.08,44.22,59.64,8.10
486.80,40.02,20.16,22.59,8.06,73.08,44.12,59.49,8.10
486.81,40.10,20.14,22.66,8.06,73.08,44.22,59.49,8.11
486.82,40.10,20.14,22.66,8.06,73.30,44.22,59.49,8.09
486.83,40.02,20.16,22.59,8.06,73.08,44.22,59.33,8.09
486.84,40.10,20.16,22.63,8.06,73.08,44.12,59.49,8.11
486.85,40.02,20.19,22.66,8.06,73.08,44.03,59.49,8.11
486.86,40.10,20.16,22.63,8.06,73.08,44.22,59.49,8.09
486.87,40.02,20.14,22.66,8.06,73.30,44.22,59.49,8.11
486.88,40.02,20.16,22.63,8.06,73.08,44.12,59.49,8.10
486.89,40.02,20.14,22.63,8.07,73.08,44.12,59.33,8.10
486.90,40.10,20.14,22.63,8.06,73.08,44.12,59.49,8.10
486.91,40.10,20.14,22.63,8.06,73.08,44.22,59.33,8.10
486.92,40.10,20.16,22.63,8.06,73.08,44.12,59.49,8.10
486.93,40.02,20.16,22.63,8.06,73.08,44.22,59.49,8.10
486.94,40.02,20.14,22.63,8.06,73.08,44.12,59.49,8.10
486.95,40.02,20.14,22.63,8.04,73.08,44.22,59.49,8.11
486.96,40.02,20.14,22.66,8.06,73.08,44.22,59.49,8.11
486.97,40.02,20.16,22.63,8.04,73.08,44.03,59.64,8.10
486.98,40.02,20.16,22.63,8.04,73.08,44.22,59.49,8.10
486.99,40.02,20.16,22.63,8.06,73.08,44.22,59.49,8.10
487.00,40.02,20.11,22.63,8.06,73.08,44.22,59.49,8.11
487.01,40.10,20.16,22.63,8.04,73.30,44.22,59.49,8.10
487.02,40.02,20.19,22.59,8.06,73.08,44.22,59.49,8.10
487.03,40.02,20.14,22.63,8.04,73.30,44.12,59.49,8.10
487.04,40.02,20.16,22.63,8.04,73.08,44.12,59.49,8.11
487.05,40.02,20.14,22.63,8.07,73.08,44.12,59.49,8.10
487.06,40.02,20.16,22.63,8.06,73.08,44.12,59.49,8.10
487.07,40.02,20.16,22.63,8.04,73.08,44.12,59.49,8.10
487.08,40.10,20.16,22.66,8.06,73.08,44.12,59.49,8.10
487.09,40.02,20.14,22.66,8.06,73.08,44.12,59.49,8.10
487.10,40.02,20.14,22.59,8.06,73.08,44.12,59.49,8.10
487.11,40.02,20.16,22.63,8.06,73.08,44.31,59.49,8.09
487.12,40.10,20.16,22.59,8.06,73.08,44.22,59.49,8.11
487.13,40.10,20.16,22.59,8.07,73.08,44.03,59.49,8.11
487.14,40.10,20.14,22.63,8.06,73.08,44.12,59.49,8.11
487.15,40.02,20.16,22.63,8.06,73.08,44.22,59.49,8.11
487.16,40.10,20.16,22.63,8.06,73.08,44.22,59.49,8.10
487.17,40.02,20.16,22.63,8.07,73.08,44.12,59.49,8.11
487.18,40.02,20.14,22.63,8.06,73.08,44.22,59.49,8.10
487.19,40.02,20.16,22.66,8.06,73.08,44.22,59.49,8.10
487.20,40.02,20.16,22.63,8.06,73.08,44.12,59.49,8.10
487.21,40.10,20.16,22.63,8.07,73.08,44.12,59.49,8.10
487.22,40.10,20.16,22.63,8.06,73.08,44.22,59.49,8.10
487.23,40.02,20.16,22.63,8.06,73.08,44.12,59.49,8.11
487.24,40.10,20.16,22.63,8.04,73.08,44.22,59.49,8.11
487.25,40.10,20.16,22.59,8.04,73.08,44.22,59.49,8.10
487.26,40.02,20.14,22.63,8.07,73.08,44.12,59.33,8.10
487.27,40.02,20.16,22.66,8.07,73.08,44.12,59.49,8.10
487.28,40.02,20.14,22.59,8.06,73.08,44.22,59.49,8.10
487.29,40.02,20.16,22.59,8.04,72.85,44.22,59.33,8.10
487.30,40.02,20.14,22.59,8.04,73.30,44.22,59.49,8.11
487.31,40.02,20.16,22.63,8.07,73.08,44.12,59.33,8.10
487.32,40.02,20.16,22.63,8.04,72.85,44.03,59.49,8.10
487.33,40.10,20.14,22.63,8.06,73.30,44.12,59.49,8.10
487.34,40.10,20.16,22.63,8.06,73.08,44.12,59.49,8.10
487.35,40.10,20.16,22.63,8.04,73.08,44.22,59.33,8.10
487.36,40.10,20.14,22.63,8.06,73.08,44.22,59.49,8.11
487.37,40.02,20.16,22.63,8.04,73.08,44.12,59.33,8.11
487.38,40.02,20.16,22.63,8.06,73.08,44.22,59.33,8.11
487.39,40.02,20.16,22.63,8.04,73.30,44.22,59.64,8.10
487.40,40.10,20.16,22.66,8.06,73.08,44.22,59.49,8.10
487.41,40.10,20.16,22.63,8.04,73.08,44.12,59.33,8.11
487.42,40.10,20.14,22.63,8.06,73.08,44.12,59.49,8.10
487.43,40.10,20.16,22.63,8.06,73.30,44.12,59.49,8.09
487.44,40.02,20.14,22.63,8.07,73.30,44.22,59.49,8.10
487.45,40.10,20.14,22.66,8.07,72.85,44.12,59.64,8.10
487.46,40.02,20.16,22.63,8.06,73.08,44.22,59.49,8.11
487.47,40.10,20.16,22.63,8.06,73.08,44.12,59.49,8.09
487.48,40.02,20.16,22.66,8.06,73.08,44.22,59.49,8.10
487.49,40.02,20.16,22.66,8.06,73.08,44.12,59.49,8.10
487.50,40.02,20.16,22.63,8.06,73.08,44.22,59.49,8.11
487.51,40.10,20.14,22.63,8.06,73.30,44.12,59.33,8.10
487.52,40.10,20.16,22.63,8.06,73.08,44.22,59.64,8.10
487.53,40.02,20.16,22.63,8.04,73.08,44.22,59.49,8.10
487.54,40.02,20.14,22.63,8.06,72.85,44.22,59.49,8.10
487.55,40.10,20.14,22.66,8.06,73.08,44.12,59.49,8.10
487.56,40.10,20.16,22.63,8.06,73.08,44.22,59.64,8.10
487.57,40.02,20.14,22.63,8.07,73.08,44.12,59.33,8.10
487.58,40.10,20.16,22.63,8.06,73.30,44.22,59.49,8.11
487.59,40.10,20.16,22.63,8.06,73.08,44.22,59.64,8.09
487.60,40.02,20.14,22.63,8.07,73.08,44.12,59.33,8.09
487.61,40.10,20.14,22.63,8.04,73.08,44.12,59.49,8.10
487.62,40.02,20.16,22.66,8.06,73.08,44.12,59.33,8.11
487.64,40.10,20.14,22.63,8.04,73.30,44.12,59.49,8.10
487.65,40.02,20.16,22.63,8.06,73.08,44.22,59.49,8.10
487.66,40.02,20.16,22.63,8.06,73.08,44.12,59.49,8.10
487.67,40.10,20.16,22.63,8.06,73.08,44.22,59.49,8.11
487.68,40.02,20.14,22.59,8.07,73.08,44.12,59.49,8.10
487.69,40.10,20.16,22.63,8.04,73.08,44.12,59.49,8.10
487.70,40.02,20.16,22.66,8.06,73.08,44.12,59.33,8.09
487.71,40.02,20.14,22.63,8.06,73.08,44.22,59.49,8.10
487.72,40.10,20.16,22.63,8.06,73.08,44.12,59.49,8.10
487.73,40.10,20.16,22.66,8.06,73.08,44.22,59.49,8.11
487.74,40.10,20.19,22.63,8.06,73.08,44.22,59.33,8.11
487.75,40.02,20.16,22.59,8.04,73.30,44.12,59.49,8.11
487.76,40.10,20.14,22.59,8.06,73.08,44.12,59.49,8.11
487.77,40.10,20.14,22.63,8.06,73.08,44.22,59.49,8.09
487.78,40.02,20.14,22.63,8.06,73.30,44.22,59.49,8.10
487.79,40.10,20.16,22.63,8.06,73.30,44.12,59.49,8.10
487.80,40.10,20.14,22.63,8.07,73.08,44.12,59.49,8.10
487.81,40.10,20.14,22.63,8.06,73.30,44.12,59.64,8.11
487.82,40.10,20.16,22.63,8.04,73.08,44.12,59.49,8.09
487.83,40.10,20.14,22.66,8.07,73.30,44.12,59.49,8.09
487.84,40.02,20.16,22.66,8.06,73.30,44.12,59.49,8.10
487.85,40.10,20.16,22.63,8.06,73.08,44.22,59.49,8.10
487.86,40.02,20.14,22.66,8.04,73.08,44.12,59.49,8.10
487.87,40.10,20.14,22.63,8.06,73.08,44.22,59.49,8.11
487.88,40.10,20.16,22.63,8.04,73.08,44.12,59.64,8.11
487.89,40.02,20.14,22.63,8.06,73.08,44.22,59.49,8.10
487.90,40.02,20.16,22.66,8.07,73.08,44.12,59.49,8.11
487.91,40.10,20.14,22.63,8.06,73.08,44.22,59.64,8.10
487.92,40.10,20.14,22.63,8.06,73.08,44.12,59.49,8.10
487.93,40.10,20.14,22.63,8.06,73.08,44.12,59.49,8.10
487.94,40.10,20.16,22.63,8.07,73.30,44.22,59.49,8.11
487.95,40.10,20.16,22.63,8.06,73.30,44.22,59.49,8.10
487.96,40.10,20.16,22.66,8.07,73.08,44.12,59.49,8.11
487.97,40.10,20.14,22.63,8.04,73.08,44.12,59.49,8.10
487.98,40.10,20.16,22.66,8.06,73.08,44.12,59.49,8.10
487.99,40.02,20.14,22.63,8.04,73.08,44.12,59.33,8.10
488.00,40.10,20.16,22.63,8.06,73.08,44.22,59.49,8.10
488.01,40.10,20.14,22.59,8.06,73.08,44.03,59.49,8.10
488.02,40.10,20.16,22.63,8.04,73.08,44.12,59.49,8.10
488.03,40.02,20.16,22.66,8.06,73.08,44.12,59.33,8.10
488.04,40.10,20.14,22.63,8.06,73.08,44.12,59.49,8.11
488.05,40.10,20.16,22.63,8.06,73.08,44.12,59.49,8.11
488.06,40.10,20.14,22.63,8.04,73.08,44.22,59.33,8.10
488.07,40.10,20.16,22.63,8.06,73.08,44.12,59.49,8.10
488.08,40.10,20.16,22.63,8.06,73.30,44.12,59.49,8.10
488.09,40.02,20.16,22.63,8.07,73.08,44.12,59.49,8.10
488.10,40.10,20.16,22.63,8.04,73.08,44.12,59.49,8.11
488.11,40.10,20.19,22.66,8.04,73.08,44.12,59.49,8.09
488.12,40.02,20.14,22.66,8.06,73.08,44.22,59.49,8.10
488.13,40.10,20.16,22.66,8.07,73.08,44.22,59.49,8.10
488.14,40.10,20.16,22.66,8.06,73.08,44.22,59.49,8.10
488.15,40.10,20.16,22.63,8.06,73.08,44.12,59.49,8.10
488.16,40.02,20.16,22.63,8.04,73.08,44.12,59.49,8.10
488.17,40.10,20.16,22.66,8.06,73.08,44.22,59.49,8.10
488.18,40.10,20.14,22.63,8.07,73.08,44.22,59.33,8.10
488.19,40.10,20.16,22.66,8.06,73.08,44.12,59.49,8.11
488.20,40.10,20.16,22.66,8.06,73.08,44.22,59.49,8.10
488.21,40.10,20.14,22.66,8.06,73.08,44.03,59.49,8.10
488.22,40.10,20.16,22.63,8.07,73.08,44.22,59.49,8.10
488.23,40.10,20.16,22.63,8.06,73.08,44.12,59.49,8.10
488.24,40.10,20.14,22.63,8.06,73.08,44.22,59.49,8.10
488.25,40.02,20.16,22.63,8.06,73.08,44.22,59.49,8.11
488.26,40.10,20.16,22.63,8.06,73.30,44.12,59.49,8.10
488.27,40.18,20.16,22.66,8.06,73.08,44.22,59.49,8.10
488.28,40.10,20.16,22.66,8.06,73.30,44.12,59.49,8.10
488.29,40.10,20.16,22.66,8.06,73.30,44.22,59.64,8.11
488.30,40.10,20.14,22.63,8.06,73.08,44.03,59.33,8.09
488.31,40.10,20.16,22.63,8.07,72.85,44.22,59.49,8.11
488.32,40.10,20.19,22.66,8.06,73.08,44.31,59.49,8.10
488.33,40.10,20.16,22.66,8.06,73.30,44.03,59.49,8.10
488.34,40.02,20.14,22.63,8.04,73.08,44.22,59.33,8.10
488.35,40.10,20.14,22.63,8.06,73.30,44.22,59.49,8.10
488.36,40.10,20.14,22.63,8.04,73.08,44.22,59.49,8.09
488.37,40.10,20.16,22.66,8.06,73.08,44.12,59.49,8.09
488.38,40.10,20.14,22.63,8.06,73.30,44.12,59.49,8.10
488.39,40.10,20.16,22.66,8.06,73.30,44.22,59.49,8.11
488.40,40.10,20.16,22.66,8.07,73.30,44.12,59.49,8.10
488.41,40.10,20.16,22.66,8.06,73.08,44.12,59.49,8.10
488.42,40.18,20.14,22.66,8.07,73.08,44.22,59.49,8.10
488.43,40.02,20.14,22.63,8.07,73.30,44.22,59.49,8.10
488.44,40.18,20.14,22.66,8.07,73.08,44.22,59.49,8.10
488.45,40.18,20.14,22.66,8.04,73.08,44.12,59.49,8.11
488.46,40.10,20.16,22.66,8.07,73.08,44.12,59.49,8.10
488.47,40.02,20.16,22.70,8.04,73.08,44.22,59.49,8.10
488.48,40.10,20.19,22.63,8.07,73.08,44.22,59.49,8.10
488.49,40.10,20.14,22.63,8.04,72.85,44.12,59.49,8.11
488.50,40.10,20.14,22.63,8.06,73.30,44.12,59.49,8.10
488.51,40.10,20.16,22.66,8.06,73.08,44.22,59.49,8.10
488.52,40.10,20.14,22.66,8.06,72.85,44.12,59.64,8.11
488.53,40.10,20.16,22.63,8.06,73.08,44.12,59.49,8.10
488.54,40.10,20.14,22.63,8.06,73.08,44.12,59.64,8.10
488.55,40.10,20.19,22.66,8.06,73.08,44.22,59.33,8.11
488.56,40.18,20.16,22.63,8.06,73.08,44.12,59.64,8.11
488.57,40.10,20.16,22.66,8.06,73.08,44.22,59.80,8.10
488.58,40.10,20.16,22.66,8.06,73.30,44.22,59.64,8.10
488.59,40.10,20.16,22.66,8.06,73.08,44.22,59.33,8.10
488.60,40.10,20.16,22.63,8.04,73.30,44.22,59.49,8.11
488.61,40.10,20.16,22.66,8.07,73.08,44.22,59.49,8.11
488.62,40.10,20.16,22.66,8.07,73.30,44.22,59.49,8.10
488.63,40.10,20.14,22.66,8.07,73.30,44.12,59.64,8.10
488.64,40.10,20.16,22.66,8.06,73.08,44.22,59.49,8.11
488.65,40.10,20.16,22.63,8.04,73.30,44.22,59.49,8.10
488.66,40.10,20.14,22.66,8.06,73.30,44.12,59.49,8.10
488.67,40.10,20.16,22.63,8.06,73.30,44.12,59.64,8.10
488.68,40.10,20.19,22.63,8.06,73.08,44.12,59.49,8.11
488.69,40.10,20.19,22.63,8.06,73.08,44.22,59.64,8.10
488.70,40.18,20.16,22.63,8.06,73.30,44.12,59.33,8.09
488.71,40.10,20.16,22.66,8.07,73.30,44.22,59.49,8.11
488.72,40.10,20.14,22.66,8.07,73.30,44.12,59.49,8.11
488.73,40.10,20.16,22.66,8.06,73.30,44.22,59.49,8.10
488.74,40.10,20.14,22.63,8.06,73.08,44.22,59.49,8.11
488.75,40.10,20.16,22.66,8.04,73.08,44.12,59.49,8.11
488.76,40.10,20.14,22.63,8.07,73.08,44.22,59.33,8.10
488.77,40.10,20.19,22.63,8.06,73.08,44.22,59.49,8.11
488.78,40.10,20.16,22.70,8.06,73.08,44.22,59.49,8.11
488.79,40.10,20.16,22.66,8.06,73.08,44.12,59.49,8.10
488.80,40.10,20.14,22.66,8.06,73.08,44.22,59.49,8.11
488.81,40.10,20.16,22.63,8.07,73.30,44.22,59.49,8.11
488.82,40.18,20.19,22.66,8.07,73.30,44.22,59.49,8.11
488.83,40.10,20.16,22.66,8.06,73.08,44.22,59.49,8.11
488.84,40.18,20.14,22.66,8.06,73.30,44.22,59.49,8.10
488.85,40.10,20.16,22.66,8.06,73.08,44.22,59.49,8.10
488.86,40.10,20.16,22.66,8.06,73.30,44.12,59.64,8.10
488.87,40.18,20.16,22.66,8.07,73.08,44.22,59.64,8.10
488.88,40.10,20.14,22.66,8.07,73.08,44.12,59.64,8.10
488.89,40.10,20.14,22.66,8.06,73.08,44.22,59.64,8.11
488.90,40.10,20.16,22.63,8.07,73.08,44.12,59.49,8.11
488.91,40.10,20.19,22.66,8.07,73.08,44.12,59.49,8.11
488.92,40.10,20.16,22.66,8.06,73.08,44.12,59.49,8.10
488.93,40.10,20.16,22.66,8.06,73.30,44.12,59.49,8.11
488.94,40.10,20.14,22.66,8.06,73.08,44.22,59.49,8.11
488.95,40.18,20.19,22.63,8.04,73.30,44.12,59.49,8.11
488.96,40.10,20.16,22.63,8.06,73.08,44.12,59.49,8.11
488.97,40.10,20.16,22.63,8.06,73.30,44.22,59.64,8.10
488.98,40.18,20.16,22.63,8.06,73.30,44.22,59.49,8.10
488.99,40.18,20.16,22.66,8.06,73.08,44.22,59.49,8.10
489.00,40.18,20.16,22.66,8.07,73.30,44.12,59.49,8.10
489.01,40.18,20.16,22.63,8.06,73.08,44.12,59.64,8.11
489.02,40.10,20.16,22.66,8.06,73.30,44.22,59.49,8.10
489.03,40.18,20.16,22.63,8.06,73.30,44.22,59.49,8.10
489.04,40.18,20.14,22.66,8.06,73.30,44.12,59.49,8.11
489.05,40.18,20.16,22.66,8.06,73.08,44.22,59.64,8.11
489.06,40.10,20.14,22.66,8.06,73.08,44.22,59.49,8.10
489.07,40.10,20.19,22.66,8.06,72.85,44.22,59.49,8.10
489.08,40.18,20.16,22.66,8.07,73.08,44.22,59.49,8.11
489.09,40.10,20.16,22.66,8.04,73.08,44.12,59.49,8.10
489.10,40.18,20.16,22.63,8.07,73.30,44.22,59.64,8.10
489.11,40.10,20.16,22.66,8.06,73.08,44.22,59.49,8.11
489.12,40.10,20.14,22.63,8.04,73.08,44.22,59.49,8.10
489.13,40.10,20.16,22.63,8.06,73.30,44.12,59.49,8.11
489.14,40.10,20.14,22.66,8.06,73.30,44.22,59.64,8.10
489.15,40.18,20.19,22.66,8.06,73.08,44.12,59.49,8.11
489.16,40.18,20.16,22.66,8.07,73.30,44.12,59.49,8.10
489.17,40.10,20.16,22.66,8.06,73.08,44.12,59.64,8.10
489.18,40.18,20.19,22.66,8.04,73.08,44.03,59.64,8.10
489.19,40.10,20.19,22.66,8.06,73.08,44.12,59.49,8.11
489.20,40.10,20.16,22.66,8.06,73.08,44.12,59.49,8.10
489.21,40.10,20.16,22.66,8.04,73.30,44.12,59.49,8.11
489.22,40.10,20.16,22.66,8.08,73.08,44.22,59.49,8.09
489.23,40.18,20.16,22.66,8.07,73.30,44.12,59.64,8.10
489.24,40.10,20.14,22.66,8.06,73.08,44.22,59.49,8.10
489.25,40.10,20.16,22.66,8.06,73.08,44.12,59.49,8.11
489.26,40.10,20.16,22.66,8.06,73.08,43.93,59.64,8.10
489.27,40.10,20.14,22.66,8.06,73.08,44.22,59.49,8.11
489.28,40.10,20.16,22.63,8.07,73.30,44.12,59.49,8.09
489.29,40.10,20.14,22.66,8.06,73.08,44.12,59.64,8.11
489.30,40.18,20.16,22.63,8.07,73.08,44.12,59.49,8.10
489.31,40.10,20.16,22.66,8.06,73.30,44.22,59.49,8.11
489.32,40.10,20.14,22.66,8.07,73.30,44.12,59.49,8.10
489.33,40.18,20.16,22.66,8.06,73.30,44.22,59.49,8.10
489.34,40.18,20.14,22.66,8.06,73.08,44.12,59.49,8.10
489.35,40.18,20.16,22.66,8.06,73.30,44.22,59.49,8.11
489.36,40.18,20.16,22.66,8.06,73.30,44.12,59.49,8.10
489.37,40.10,20.14,22.66,8.06,73.08,44.22,59.49,8.10
489.38,40.10,20.19,22.63,8.06,73.08,44.12,59.49,8.11
489.39,40.10,20.19,22.66,8.06,73.30,44.22,59.49,8.10
489.40,40.10,20.11,22.66,8.06,73.08,44.22,59.49,8.10
489.41,40.10,20.16,22.63,8.06,73.30,44.12,59.49,8.11
489.42,40.18,20.16,22.63,8.07,73.30,44.12,59.49,8.09
489.43,40.18,20.16,22.66,8.06,73.30,44.12,59.49,8.11
489.44,40.18,20.16,22.63,8.06,73.30,44.22,59.49,8.10
489.45,40.18,20.16,22.66,8.06,73.08,44.12,59.64,8.11
489.46,40.10,20.16,22.66,8.07,73.08,44.12,59.49,8.10
489.47,40.10,20.16,22.66,8.07,73.30,44.12,59.49,8.11
489.48,40.10,20.16,22.66,8.06,73.08,44.22,59.49,8.10
489.49,40.10,20.16,22.66,8.06,73.08,44.22,59.49,8.10
489.50,40.10,20.19,22.66,8.04,73.30,43.93,59.49,8.10
489.51,40.10,20.16,22.66,8.06,73.30,44.22,59.64,8.10
489.52,40.10,20.16,22.63,8.06,73.30,44.12,59.49,8.11
489.53,40.10,20.14,22.66,8.06,73.08,44.22,59.49,8.10
489.54,40.10,20.16,22.66,8.06,73.30,44.22,59.49,8.10
489.55,40.10,20.16,22.66,8.04,73.08,44.12,59.33,8.11
489.56,40.10,20.16,22.66,8.06,73.30,44.12,59.49,8.10
489.57,40.10,20.16,22.66,8.07,73.30,44.12,59.49,8.11
489.58,40.18,20.16,22.66,8.06,73.30,44.22,59.49,8.11
489.59,40.18,20.16,22.66,8.07,73.08,44.12,59.49,8.11
489.60,40.10,20.16,22.66,8.06,73.30,44.12,59.49,8.10
489.61,40.18,20.16,22.66,8.06,73.30,44.22,59.64,8.11
489.62,40.18,20.14,22.63,8.07,73.30,44.12,59.49,8.11
489.63,40.02,20.16,22.66,8.06,73.30,44.12,59.49,8.11
489.64,40.10,20.16,22.70,8.06,73.08,44.22,59.49,8.10
489.65,40.10,20.16,22.66,8.06,73.30,44.12,59.49,8.10
489.66,40.10,20.14,22.70,8.07,73.08,44.12,59.49,8.11
489.67,40.10,20.16,22.66,8.07,73.30,44.22,59.49,8.10
489.68,40.10,20.19,22.66,8.04,73.08,44.12,59.49,8.11
489.69,40.18,20.14,22.66,8.06,73.30,44.22,59.49,8.10
489.70,40.10,20.16,22.66,8.07,73.30,44.22,59.64,8.09
489.71,40.10,20.16,22.66,8.06,72.85,44.03,59.49,8.10
489.72,40.18,20.16,22.66,8.06,72.85,44.22,59.49,8.10
489.73,40.18,20.14,22.66,8.07,73.08,44.22,59.49,8.10
489.74,40.18,20.16,22.66,8.06,73.30,44.12,59.49,8.10
489.75,40.18,20.16,22.66,8.06,73.30,44.22,59.33,8.11
489.76,40.18,20.16,22.66,8.07,73.30,44.22,59.80,8.11
489.77,40.10,20.16,22.66,8.06,73.30,44.12,59.64,8.09
489.78,40.10,20.14,22.66,8.06,73.30,44.22,59.49,8.11
489.79,40.18,20.16,22.63,8.06,73.30,44.22,59.49,8.10
489.80,40.18,20.19,22.63,8.06,73.08,44.12,59.49,8.11
489.81,40.18,20.19,22.66,8.06,73.30,44.12,59.49,8.11
489.82,40.10,20.16,22.66,8.06,73.30,44.22,59.49,8.12
489.83,40.18,20.16,22.63,8.06,73.30,44.22,59.64,8.10
489.84,40.18,20.16,22.66,8.06,73.08,44.12,59.49,8.11
489.85,40.10,20.14,22.66,8.06,73.30,44.22,59.49,8.10
489.86,40.18,20.16,22.66,8.06,73.08,44.12,59.49,8.11
489.87,40.18,20.16,22.66,8.04,73.08,44.31,59.49,8.11
489.88,40.10,20.14,22.66,8.04,73.30,44.03,59.49,8.10
489.89,40.10,20.16,22.66,8.06,73.30,44.12,59.49,8.11
489.90,40.10,20.14,22.66,8.06,73.08,44.22,59.49,8.11
489.91,40.18,20.16,22.63,8.06,73.08,44.22,59.49,8.11
489.92,40.10,20.19,22.66,8.06,73.08,44.12,59.49,8.10
489.93,40.18,20.16,22.66,8.06,73.08,44.12,59.49,8.09
489.94,40.18,20.14,22.66,8.07,73.30,44.12,59.49,8.10
489.95,40.10,20.14,22.66,8.06,73.30,44.12,59.49,8.10
489.96,40.10,20.16,22.66,8.04,73.30,44.12,59.64,8.10
489.97,40.18,20.16,22.66,8.07,73.08,44.22,59.49,8.11
489.98,40.18,20.19,22.66,8.06,73.30,44.22,59.64,8.10
489.99,40.18,20.16,22.70,8.06,73.08,44.12,59.64,8.10
490.00,40.10,20.16,22.66,8.06,73.08,44.12,59.49,8.11
490.01,40.10,20.16,22.66,8.06,73.08,44.12,59.49,8.11
490.02,40.10,20.16,22.66,8.06,73.08,44.22,59.49,8.11
490.03,40.10,20.16,22.63,8.06,73.30,44.22,59.49,8.10
490.04,40.18,20.19,22.66,8.07,73.30,44.12,59.49,8.10
490.05,40.18,20.19,22.66,8.06,73.08,44.12,59.49,8.11
490.06,40.18,20.14,22.66,8.06,73.08,44.12,59.49,8.10
490.07,40.10,20.16,22.66,8.04,73.30,44.12,59.49,8.10
490.08,40.18,20.16,22.63,8.06,73.30,44.12,59.49,8.10
490.09,40.10,20.14,22.66,8.06,73.08,44.12,59.49,8.11
490.10,40.10,20.14,22.66,8.06,73.08,44.22,59.49,8.10
490.11,40.10,20.16,22.66,8.06,73.08,44.12,59.49,8.10
490.12,40.18,20.16,22.66,8.06,73.30,44.22,59.49,8.10
490.13,40.18,20.19,22.63,8.06,73.08,44.12,59.49,8.10
490.14,40.18,20.16,22.66,8.06,73.30,44.12,59.49,8.10
490.15,40.18,20.14,22.66,8.06,73.30,44.22,59.49,8.10
490.16,40.18,20.16,22.66,8.06,73.08,44.22,59.64,8.09
490.17,40.10,20.16,22.66,8.06,73.08,44.12,59.49,8.09
490.18,40.10,20.16,22.66,8.07,73.08,44.22,59.49,8.09
490.19,40.10,20.14,22.66,8.06,73.08,44.12,59.64,8.10
490.20,40.18,20.19,22.66,8.06,73.30,44.12,59.49,8.10
490.21,40.18,20.14,22.66,8.06,73.08,44.22,59.49,8.10
490.22,40.10,20.16,22.66,8.04,73.08,44.12,59.49,8.10
490.23,40.18,20.19,22.66,8.06,73.08,44.12,59.64,8.10
490.24,40.18,20.16,22.66,8.06,73.08,44.12,59.49,8.11
490.25,40.10,20.11,22.63,8.06,73.08,44.12,59.49,8.11
490.26,40.18,20.16,22.66,8.07,73.30,44.22,59.49,8.11
490.27,40.18,20.16,22.63,8.04,73.30,44.12,59.64,8.11
490.28,40.10,20.19,22.66,8.04,73.30,44.22,59.64,8.10
490.29,40.18,20.16,22.66,8.06,73.30,44.12,59.49,8.10
490.30,40.18,20.16,22.66,8.07,73.30,44.22,59.49,8.10
490.31,40.10,20.16,22.66,8.04,73.30,44.12,59.49,8.10
490.32,40.18,20.16,22.66,8.04,73.08,44.12,59.64,8.11
490.33,40.10,20.16,22.66,8.06,73.30,44.12,59.64,8.10
490.34,40.10,20.16,22.63,8.04,73.30,44.22,59.49,8.10
490.35,40.10,20.16,22.66,8.06,73.08,44.12,59.49,8.10
490.36,40.18,20.14,22.66,8.06,73.08,44.22,59.49,8.10
490.37,40.18,20.19,22.66,8.06,73.08,44.22,59.49,8.09
490.38,40.18,20.14,22.66,8.07,73.08,44.22,59.49,8.10
490.39,40.18,20.16,22.66,8.06,73.30,44.22,59.49,8.11
490.40,40.10,20.19,22.66,8.06,73.30,44.12,59.64,8.11
490.41,40.02,20.16,22.66,8.07,73.08,44.31,59.49,8.10
490.42,40.10,20.16,22.63,8.06,73.30,44.12,59.49,8.10
490.43,40.18,20.14,22.66,8.04,73.08,44.12,59.49,8.11
490.44,40.18,20.16,22.66,8.06,73.30,44.22,59.33,8.10
490.45,40.10,20.14,22.66,8.06,73.08,44.12,59.49,8.11
490.46,40.10,20.16,22.66,8.06,73.30,44.12,59.49,8.10
490.47,40.10,20.16,22.66,8.06,73.30,44.12,59.49,8.10
490.48,40.18,20.16,22.70,8.06,73.30,44.12,59.49,8.10
490.49,40.10,20.16,22.66,8.04,73.30,44.22,59.64,8.10
490.50,40.10,20.16,22.66,8.04,73.30,44.12,59.33,8.10
490.51,40.18,20.16,22.63,8.06,73.08,44.22,59.49,8.10
490.52,40.18,20.16,22.66,8.07,73.30,44.12,59.49,8.09
490.53,40.10,20.14,22.66,8.07,73.30,44.12,59.64,8.11
490.54,40.10,20.14,22.66,8.04,73.08,44.22,59.49,8.09
490.55,40.10,20.16,22.63,8.04,73.08,44.22,59.49,8.10
490.56,40.10,20.14,22.66,8.04,73.08,44.22,59.49,8.11
490.57,40.18,20.16,22.66,8.07,73.08,44.22,59.49,8.10
490.58,40.10,20.14,22.66,8.06,73.30,44.12,59.49,8.10
490.59,40.10,20.14,22.66,8.07,73.08,44.22,59.49,8.10
490.60,40.10,20.14,22.66,8.06,73.08,44.12,59.33,8.11
490.61,40.18,20.19,22.66,8.07,73.30,44.22,59.49,8.10
490.62,40.10,20.16,22.66,8.06,73.08,44.12,59.49,8.10
490.63,40.18,20.14,22.66,8.06,73.30,44.12,59.49,8.11
490.64,40.10,20.16,22.66,8.07,73.08,44.12,59.49,8.10
490.65,40.10,20.16,22.66,8.06,73.30,44.12,59.64,8.10
490.66,40.18,20.16,22.66,8.07,73.30,44.12,59.49,8.09
490.67,40.18,20.16,22.66,8.07,73.08,44.22,59.64,8.10
490.68,40.10,20.14,22.66,8.06,73.30,44.12,59.49,8.10
490.69,40.18,20.16,22.63,8.06,73.30,44.03,59.64,8.10
490.70,40.10,20.14,22.66,8.07,73.08,44.31,59.64,8.10
490.71,40.18,20.16,22.66,8.04,73.08,44.22,59.49,8.10
490.72,40.10,20.16,22.66,8.06,73.08,44.12,59.49,8.10
490.73,40.10,20.16,22.66,8.06,73.30,44.22,59.64,8.10
490.74,40.10,20.16,22.66,8.06,73.30,44.12,59.49,8.10
490.75,40.18,20.16,22.66,8.06,73.30,44.12,59.49,8.09
490.76,40.18,20.16,22.66,8.06,73.08,44.12,59.49,8.10
490.77,40.10,20.14,22.66,8.06,73.30,44.12,59.49,8.10
490.78,40.18,20.16,22.70,8.06,73.30,44.12,59.49,8.10
490.79,40.10,20.14,22.66,8.04,73.30,44.22,59.64,8.10
490.80,40.18,20.14,22.66,8.04,73.08,44.12,59.49,8.11
490.81,40.26,20.16,22.66,8.07,73.30,44.12,59.49,8.11
490.82,40.02,20.16,22.63,8.04,73.30,44.12,59.49,8.10
490.83,40.10,20.14,22.70,8.07,73.30,44.12,59.49,8.10
490.84,40.18,20.19,22.66,8.06,73.30,44.22,59.49,8.11
490.85,40.18,20.14,22.63,8.06,73.08,44.12,59.64,8.10
490.86,40.18,20.16,22.66,8.06,73.30,44.22,59.49,8.10
490.89,40.18,20.16,22.66,8.06,73.30,44.22,59.49,8.09
490.89,40.18,20.16,22.66,8.06,73.08,44.22,59.49,8.10
490.90,40.18,20.14,22.70,8.07,73.30,44.22,59.49,8.10
490.91,40.10,20.16,22.66,8.06,73.30,44.12,59.49,8.09
490.92,40.18,20.14,22.66,8.04,72.85,44.22,59.49,8.10
490.93,40.18,20.16,22.66,8.04,73.08,44.12,59.49,8.10
490.94,40.10,20.16,22.66,8.04,73.30,44.22,59.49,8.09
490.95,40.18,20.16,22.66,8.04,73.08,44.22,59.33,8.11
490.96,40.18,20.16,22.66,8.06,73.30,44.12,59.49,8.10
490.97,40.18,20.16,22.66,8.06,73.30,44.12,59.80,8.10
490.98,40.18,20.14,22.66,8.07,73.30,44.22,59.33,8.10
490.99,40.18,20.16,22.66,8.06,73.08,44.12,59.49,8.10
491.00,40.10,20.16,22.66,8.06,73.30,44.12,59.49,8.11
491.01,40.18,20.16,22.63,8.06,73.08,44.22,59.49,8.10
491.02,40.18,20.14,22.66,8.06,73.08,44.12,59.49,8.10
491.03,40.18,20.16,22.66,8.06,73.30,44.22,59.49,8.10
491.04,40.18,20.16,22.66,8.06,73.30,44.12,59.49,8.11
491.05,40.10,20.19,22.66,8.06,73.30,44.22,59.49,8.11
491.06,40.18,20.19,22.66,8.07,73.30,44.22,59.49,8.09
491.07,40.18,20.14,22.66,8.06,73.08,44.22,59.49,8.10
491.08,40.18,20.16,22.66,8.06,73.30,44.22,59.49,8.10
491.09,40.18,20.16,22.66,8.06,73.30,44.12,59.49,8.11
491.10,40.18,20.16,22.66,8.06,73.08,44.22,59.64,8.11
491.11,40.10,20.16,22.66,8.06,73.30,44.12,59.49,8.11
491.12,40.18,20.19,22.66,8.06,73.30,44.12,59.49,8.11
491.13,40.18,20.14,22.66,8.06,73.30,44.22,59.64,8.10
491.14,40.10,20.16,22.70,8.07,73.30,44.22,59.49,8.10
491.15,40.10,20.19,22.66,8.07,73.30,44.12,59.64,8.10
491.16,40.18,20.16,22.66,8.07,73.30,44.22,59.49,8.09
491.17,40.18,20.14,22.70,8.06,73.08,44.22,59.49,8.11
491.18,40.10,20.14,22.66,8.04,73.08,44.12,59.49,8.10
491.19,40.10,20.14,22.66,8.07,73.08,44.22,59.49,8.10
491.20,40.18,20.19,22.66,8.06,73.30,44.22,59.49,8.11
491.21,40.18,20.19,22.66,8.06,73.30,44.12,59.64,8.10
491.22,40.10,20.16,22.63,8.06,73.30,44.12,59.64,8.11
491.23,40.18,20.16,22.66,8.06,73.30,44.12,59.49,8.10
491.24,40.18,20.14,22.66,8.06,73.08,44.12,59.49,8.10
491.25,40.18,20.16,22.66,8.07,73.30,44.12,59.49,8.10
491.26,40.10,20.19,22.66,8.06,73.08,44.22,59.64,8.10
491.27,40.18,20.16,22.66,8.04,73.30,44.12,59.49,8.10
491.28,40.18,20.16,22.66,8.06,73.08,44.22,59.49,8.11
491.29,40.18,20.14,22.66,8.06,73.30,44.22,59.49,8.10
491.30,40.18,20.19,22.66,8.07,73.08,44.22,59.64,8.09
491.31,40.10,20.14,22.66,8.06,73.30,44.12,59.49,8.10
491.32,40.18,20.16,22.66,8.06,73.30,44.12,59.49,8.10
491.33,40.18,20.14,22.66,8.06,73.08,44.12,59.49,8.11
491.34,40.18,20.14,22.66,8.07,73.08,44.12,59.49,8.10
491.35,40.10,20.14,22.66,8.06,73.08,44.12,59.33,8.11
491.36,40.18,20.16,22.66,8.06,73.30,44.12,59.49,8.09
491.37,40.18,20.16,22.66,8.06,73.30,44.12,59.49,8.10
491.38,40.18,20.16,22.66,8.06,73.30,44.31,59.49,8.11
491.39,40.18,20.16,22.66,8.06,73.08,44.22,59.49,8.09
491.40,40.10,20.14,22.66,8.06,73.30,44.22,59.49,8.10
491.41,40.18,20.16,22.66,8.06,73.30,44.12,59.64,8.11
491.42,40.18,20.14,22.70,8.04,73.08,44.12,59.64,8.11
491.43,40.18,20.16,22.66,8.06,73.30,44.12,59.64,8.10
491.44,40.18,20.16,22.63,8.04,73.08,44.22,59.49,8.11
491.45,40.18,20.16,22.66,8.06,73.30,44.12,59.49,8.11
491.46,40.18,20.16,22.66,8.06,73.30,44.22,59.49,8.10
491.47,40.10,20.16,22.66,8.06,73.08,44.22,59.49,8.10
491.48,40.18,20.19,22.66,8.04,73.30,44.12,59.49,8.10
491.49,40.10,20.16,22.66,8.06,73.08,44.22,59.49,8.10
491.50,40.18,20.16,22.66,8.06,73.30,44.12,59.49,8.10
491.51,40.18,20.14,22.66,8.07,73.30,44.12,59.49,8.10
491.52,40.18,20.14,22.66,8.06,73.30,44.12,59.64,8.10
491.53,40.18,20.14,22.66,8.04,73.08,44.22,59.49,8.09
491.54,40.18,20.16,22.66,8.04,73.08,44.22,59.49,8.10
491.55,40.18,20.16,22.66,8.06,73.30,44.22,59.49,8.10
491.56,40.18,20.16,22.66,8.06,73.30,44.22,59.49,8.09
491.57,40.18,20.16,22.66,8.07,73.08,44.22,59.64,8.10
491.58,40.18,20.16,22.66,8.06,73.30,44.12,59.64,8.10
491.59,40.18,20.14,22.66,8.07,73.30,44.22,59.64,8.11
491.60,40.18,20.19,22.66,8.06,73.30,44.22,59.64,8.10
491.61,40.18,20.16,22.66,8.04,73.30,44.22,59.49,8.10
491.62,40.10,20.14,22.66,8.04,73.30,44.12,59.49,8.11
491.63,40.18,20.19,22.70,8.06,73.30,44.12,59.49,8.10
491.64,40.18,20.19,22.66,8.06,73.08,44.22,59.49,8.11
491.65,40.18,20.16,22.66,8.04,73.30,44.12,59.64,8.10
491.66,40.18,20.16,22.66,8.07,73.30,44.12,59.49,8.11
491.67,40.10,20.14,22.66,8.06,73.08,44.12,59.49,8.10
491.68,40.10,20.16,22.66,8.06,73.30,44.12,59.49,8.10
491.69,40.18,20.16,22.70,8.07,73.30,44.12,59.49,8.10
491.70,40.18,20.14,22.66,8.06,73.08,44.22,59.49,8.10
491.71,40.18,20.16,22.66,8.06,73.08,44.22,59.49,8.10
491.72,40.18,20.14,22.66,8.06,73.30,44.22,59.64,8.11
491.73,40.18,20.16,22.66,8.06,73.30,44.12,59.49,8.10
491.74,40.18,20.16,22.66,8.06,73.30,44.22,59.33,8.11
491.75,40.10,20.16,22.66,8.06,73.30,44.22,59.49,8.09
491.76,40.18,20.16,22.66,8.06,73.08,44.22,59.49,8.10
491.77,40.18,20.14,22.66,8.07,73.30,44.12,59.49,8.10
491.78,40.18,20.16,22.66,8.04,73.30,44.12,59.33,8.10
491.79,40.18,20.16,22.66,8.04,73.30,44.22,59.64,8.11
491.80,40.18,20.16,22.70,8.07,73.08,44.22,59.64,8.11
491.81,40.18,20.14,22.70,8.07,73.08,44.12,59.64,8.10
491.82,40.18,20.16,22.66,8.06,73.30,44.22,59.64,8.10
491.83,40.18,20.14,22.66,8.04,73.08,44.22,59.49,8.10
491.84,40.18,20.19,22.66,8.06,73.30,44.12,59.64,8.10
491.85,40.10,20.14,22.70,8.06,73.30,44.22,59.49,8.11
491.86,40.18,20.14,22.66,8.06,73.30,44.12,59.64,8.10
491.87,40.18,20.19,22.70,8.06,73.30,44.12,59.49,8.11
491.88,40.18,20.16,22.66,8.06,73.30,44.22,59.33,8.11
491.89,40.10,20.14,22.66,8.07,73.08,44.03,59.64,8.10
491.90,40.18,20.16,22.70,8.06,73.08,44.03,59.49,8.11
491.91,40.18,20.16,22.66,8.06,73.30,44.12,59.49,8.11
491.92,40.18,20.16,22.66,8.06,73.30,44.22,59.64,8.10
491.93,40.18,20.19,22.66,8.06,73.30,44.12,59.49,8.09
491.94,40.18,20.16,22.66,8.07,73.30,44.22,59.49,8.11
491.95,40.18,20.16,22.66,8.04,73.30,44.12,59.49,8.11
491.96,40.18,20.16,22.63,8.06,73.30,44.12,59.49,8.10
491.97,40.10,20.16,22.66,8.06,73.30,44.22,59.49,8.10
491.98,40.18,20.16,22.66,8.06,73.30,44.22,59.49,8.10
491.99,40.10,20.16,22.66,8.07,73.30,44.12,59.64,8.11
492.00,40.26,20.14,22.70,8.06,73.30,44.22,59.49,8.11
492.01,40.18,20.16,22.66,8.07,73.08,44.12,59.49,8.10
492.02,40.10,20.16,22.63,8.06,73.30,44.22,59.64,8.10
492.03,40.18,20.16,22.70,8.07,73.30,44.22,59.49,8.10
492.04,40.10,20.16,22.66,8.06,73.30,44.12,59.49,8.09
492.05,40.18,20.16,22.66,8.07,73.08,44.22,59.49,8.10
492.06,40.18,20.16,22.66,8.07,73.30,44.22,59.49,8.09
492.07,40.18,20.16,22.70,8.06,73.30,44.22,59.64,8.11
492.08,40.18,20.14,22.70,8.06,73.08,44.22,59.33,8.11
492.09,40.18,20.16,22.66,8.06,73.52,44.12,59.49,8.11
492.10,40.18,20.19,22.70,8.06,73.52,44.22,59.64,8.11
492.11,40.10,20.16,22.66,8.07,73.30,44.22,59.64,8.10
492.12,40.18,20.16,22.66,8.04,73.30,44.12,59.49,8.10
492.13,40.18,20.16,22.70,8.06,73.30,44.12,59.80,8.10
492.14,40.10,20.14,22.70,8.06,73.30,44.22,59.33,8.09
492.15,40.18,20.16,22.66,8.06,73.30,44.22,59.49,8.10
492.16,40.18,20.16,22.66,8.06,73.08,44.22,59.64,8.10
492.17,40.18,20.19,22.66,8.06,73.30,44.12,59.64,8.10
492.18,40.18,20.16,22.66,8.06,73.30,44.22,59.49,8.11
492.19,40.18,20.16,22.66,8.06,73.08,44.12,59.64,8.09
492.20,40.18,20.16,22.66,8.04,73.30,44.12,59.49,8.09
492.21,40.18,20.16,22.70,8.06,73.30,44.22,59.64,8.11
492.22,40.18,20.16,22.66,8.06,73.30,44.12,59.64,8.10
492.23,40.18,20.16,22.66,8.06,73.08,44.12,59.49,8.11
492.24,40.10,20.14,22.66,8.06,73.30,44.12,59.49,8.10
492.25,40.18,20.14,22.66,8.07,73.08,44.22,59.49,8.10
492.26,40.18,20.16,22.66,8.04,73.30,44.22,59.64,8.11
492.27,40.10,20.16,22.66,8.06,73.30,44.22,59.49,8.10
492.28,40.18,20.16,22.66,8.06,73.30,44.12,59.49,8.10
492.29,40.18,20.16,22.66,8.06,73.30,44.22,59.64,8.11
492.30,40.18,20.16,22.66,8.06,73.30,44.12,59.64,8.10
492.31,40.18,20.19,22.66,8.06,73.08,44.12,59.64,8.11
492.32,40.18,20.19,22.66,8.04,73.30,44.12,59.64,8.10
492.33,40.18,20.16,22.66,8.06,73.30,44.12,59.49,8.09
492.34,40.18,20.16,22.66,8.06,73.30,44.12,59.49,8.11
492.35,40.18,20.16,22.70,8.07,73.30,44.22,59.64,8.11
492.36,40.18,20.16,22.70,8.07,73.30,44.22,59.49,8.11
492.37,40.18,20.16,22.66,8.06,73.08,44.22,59.49,8.11
492.38,40.18,20.16,22.70,8.04,73.30,44.12,59.49,8.10
492.39,40.18,20.16,22.70,8.06,73.30,44.12,59.64,8.10
492.40,40.10,20.14,22.66,8.06,73.30,44.12,59.49,8.10
492.41,40.18,20.16,22.66,8.06,73.08,44.22,59.49,8.10
492.42,40.18,20.16,22.66,8.06,73.30,44.22,59.49,8.10
492.43,40.18,20.16,22.66,8.06,73.30,44.22,59.49,8.10
492.44,40.18,20.14,22.66,8.06,73.30,44.12,59.64,8.10
492.45,40.10,20.16,22.70,8.06,73.30,44.22,59.64,8.11
492.46,40.10,20.16,22.66,8.07,73.30,44.22,59.49,8.10
492.47,40.18,20.16,22.66,8.06,73.30,44.22,59.64,8.10
492.48,40.10,20.16,22.66,8.06,73.30,44.12,59.49,8.11
492.49,40.18,20.16,22.70,8.06,73.30,44.22,59.49,8.10
492.50,40.18,20.16,22.66,8.06,73.30,44.12,59.64,8.11
492.51,40.18,20.16,22.66,8.06,73.30,44.22,59.64,8.10
492.52,40.18,20.16,22.66,8.07,73.30,44.12,59.64,8.10
492.53,40.10,20.16,22.66,8.06,73.30,44.12,59.49,8.10
492.54,40.18,20.14,22.66,8.07,73.30,44.12,59.49,8.10
492.55,40.18,20.16,22.66,8.06,73.30,44.12,59.49,8.10
492.56,40.18,20.16,22.66,8.07,73.30,44.22,59.64,8.10
492.57,40.18,20.19,22.66,8.06,73.30,44.12,59.49,8.10
492.58,40.18,20.16,22.66,8.07,73.30,44.22,59.64,8.11
492.59,40.18,20.16,22.66,8.07,73.30,44.12,59.64,8.10
492.60,40.18,20.16,22.66,8.04,73.30,44.12,59.49,8.10
492.61,40.18,20.16,22.66,8.06,73.30,44.22,59.49,8.11
492.62,40.18,20.16,22.70,8.07,73.08,44.22,59.49,8.10
492.63,40.18,20.16,22.66,8.07,73.30,44.12,59.64,8.11
492.64,40.18,20.16,22.66,8.06,73.30,44.12,59.64,8.11
492.65,40.18,20.16,22.66,8.06,73.30,44.12,59.49,8.10
492.66,40.18,20.19,22.66,8.06,73.30,44.12,59.49,8.11
492.67,40.18,20.16,22.66,8.06,73.30,44.22,59.64,8.11
492.68,40.26,20.16,22.70,8.06,73.30,44.22,59.64,8.09
492.69,40.18,20.19,22.66,8.04,73.08,44.22,59.49,8.10
492.70,40.18,20.14,22.70,8.06,73.08,44.22,59.49,8.09
492.71,40.18,20.19,22.70,8.06,73.30,44.12,59.64,8.10
492.72,40.18,20.16,22.66,8.06,73.30,44.12,59.64,8.11
492.73,40.18,20.16,22.66,8.06,73.08,44.22,59.64,8.11
492.74,40.18,20.16,22.63,8.06,73.30,44.22,59.64,8.11
492.75,40.18,20.16,22.70,8.06,73.08,44.22,59.64,8.11
492.76,40.18,20.16,22.66,8.06,73.30,44.22,59.49,8.10
492.77,40.18,20.16,22.66,8.06,73.30,44.12,59.64,8.10
492.78,40.18,20.16,22.66,8.06,73.30,44.12,59.64,8.11
492.79,40.18,20.16,22.66,8.06,73.30,44.22,59.49,8.10
492.80,40.18,20.16,22.66,8.06,73.08,44.22,59.64,8.09
492.81,40.18,20.16,22.66,8.06,73.30,44.22,59.64,8.11
492.82,40.18,20.16,22.66,8.06,73.30,44.22,59.64,8.10
492.83,40.18,20.16,22.70,8.06,73.30,44.12,59.64,8.11
492.84,40.18,20.16,22.70,8.07,73.30,44.22,59.64,8.10
492.85,40.18,20.16,22.66,8.07,73.30,44.12,59.64,8.10
492.86,40.18,20.16,22.66,8.06,73.30,44.22,59.64,8.10
492.87,40.18,20.16,22.70,8.07,73.30,44.12,59.80,8.11
492.88,40.18,20.16,22.70,8.06,73.30,44.22,59.49,8.10
492.89,40.18,20.16,22.66,8.06,73.30,44.22,59.49,8.10
492.90,40.18,20.16,22.66,8.07,73.30,44.22,59.64,8.11
492.91,40.18,20.16,22.66,8.07,73.08,44.22,59.64,8.10
492.92,40.18,20.14,22.66,8.07,73.30,44.22,59.49,8.10
492.93,40.18,20.16,22.70,8.06,73.30,44.12,59.49,8.10
492.94,40.18,20.19,22.66,8.06,73.30,44.22,59.33,8.09
492.95,40.18,20.14,22.66,8.06,73.30,44.12,59.64,8.11
492.96,40.18,20.14,22.66,8.04,73.30,44.22,59.49,8.10
492.97,40.18,20.19,22.70,8.07,73.30,44.22,59.64,8.10
492.98,40.18,20.11,22.66,8.06,73.08,44.12,59.49,8.10
492.99,40.18,20.16,22.66,8.06,73.30,44.12,59.64,8.11
493.00,40.18,20.19,22.66,8.06,73.08,44.12,59.64,8.10
493.01,40.18,20.16,22.66,8.06,73.30,44.12,59.49,8.10
493.02,40.18,20.16,22.66,8.06,73.08,44.22,59.64,8.09
493.03,40.18,20.16,22.66,8.06,73.30,44.22,59.49,8.09
493.04,40.18,20.16,22.70,8.06,73.30,44.22,59.64,8.10
493.05,40.18,20.16,22.70,8.06,73.30,44.12,59.64,8.11
493.06,40.18,20.16,22.66,8.07,73.08,44.12,59.64,8.10
493.07,40.10,20.16,22.66,8.07,73.30,44.22,59.64,8.10
493.08,40.10,20.16,22.70,8.07,73.30,44.12,59.49,8.11
493.09,40.18,20.16,22.70,8.06,73.30,44.22,59.49,8.10
493.10,40.18,20.16,22.70,8.06,73.08,44.12,59.64,8.11
493.11,40.18,20.16,22.66,8.06,73.30,44.22,59.64,8.10
493.12,40.18,20.14,22.66,8.04,73.08,44.12,59.49,8.10
493.13,40.18,20.16,22.66,8.04,73.30,44.12,59.49,8.11
493.14,40.18,20.14,22.66,8.06,73.30,44.31,59.64,8.10
493.15,40.18,20.16,22.70,8.06,73.08,44.22,59.64,8.10
493.16,40.18,20.16,22.66,8.06,73.30,44.12,59.49,8.11
493.17,40.18,20.16,22.66,8.04,73.30,44.12,59.64,8.11
493.18,40.18,20.16,22.66,8.07,73.30,44.12,59.64,8.11
493.19,40.26,20.14,22.70,8.06,73.08,44.22,59.64,8.11
493.20,40.18,20.14,22.70,8.06,73.30,44.12,59.64,8.11
493.21,40.10,20.19,22.66,8.07,73.30,44.22,59.64,8.11
493.22,40.18,20.16,22.70,8.06,73.30,44.12,59.49,8.10
493.23,40.18,20.16,22.66,8.06,73.30,44.12,59.49,8.11
493.24,40.18,20.16,22.70,8.06,73.30,44.22,59.49,8.09
493.25,40.18,20.14,22.66,8.07,73.30,44.22,59.49,8.11
493.26,40.26,20.14,22.66,8.06,73.30,44.22,59.64,8.11
493.27,40.18,20.16,22.70,8.04,73.08,44.12,59.64,8.10
493.28,40.18,20.16,22.66,8.06,73.30,44.12,59.49,8.10
493.29,40.18,20.16,22.66,8.04,73.08,44.22,59.49,8.11
493.30,40.18,20.16,22.70,8.06,73.30,44.12,59.64,8.10
493.31,40.18,20.14,22.66,8.06,73.08,44.12,59.49,8.11
493.32,40.18,20.16,22.66,8.06,73.30,44.22,59.64,8.11
493.33,40.18,20.16,22.66,8.06,73.30,44.22,59.49,8.10
493.34,40.18,20.14,22.66,8.06,73.30,44.12,59.80,8.10
493.35,40.18,20.14,22.66,8.06,73.30,44.12,59.80,8.11
493.36,40.18,20.14,22.66,8.06,73.30,44.12,59.33,8.11
493.37,40.18,20.16,22.70,8.06,73.30,44.22,59.49,8.10
493.38,40.10,20.14,22.66,8.04,73.30,44.22,59.64,8.11
493.39,40.18,20.14,22.66,8.07,73.30,44.22,59.64,8.10
493.40,40.18,20.14,22.66,8.06,73.30,44.22,59.64,8.11
493.41,40.18,20.14,22.66,8.06,73.30,44.12,59.49,8.10
493.42,40.18,20.14,22.66,8.06,73.30,44.12,59.49,8.10
493.43,40.18,20.16,22.66,8.06,73.30,44.12,59.49,8.11
493.44,40.18,20.16,22.70,8.06,73.30,44.22,59.64,8.11
493.45,40.18,20.19,22.66,8.06,73.30,44.22,59.64,8.11
493.46,40.18,20.16,22.66,8.06,73.30,44.22,59.64,8.09
493.47,40.18,20.19,22.66,8.06,73.30,44.12,59.49,8.10
493.48,40.18,20.14,22.66,8.06,73.30,44.12,59.64,8.11
493.49,40.18,20.16,22.66,8.06,73.30,44.12,59.49,8.10
493.50,40.18,20.16,22.70,8.06,73.30,44.12,59.64,8.10
493.51,40.18,20.19,22.70,8.06,73.30,44.12,59.64,8.10
493.52,40.18,20.16,22.66,8.06,73.30,44.22,59.64,8.11
493.53,40.18,20.16,22.66,8.06,73.08,44.22,59.64,8.10
493.54,40.18,20.16,22.70,8.06,73.30,44.12,59.49,8.09
493.55,40.18,20.16,22.66,8.07,73.30,44.12,59.49,8.10
493.56,40.18,20.16,22.70,8.06,73.30,44.12,59.49,8.10
493.57,40.18,20.16,22.70,8.06,73.08,44.22,59.64,8.10
493.58,40.10,20.16,22.66,8.07,73.30,44.12,59.64,8.11
493.59,40.18,20.14,22.70,8.06,73.30,44.12,59.64,8.11
493.60,40.18,20.16,22.70,8.06,73.30,44.12,59.49,8.10
493.61,40.18,20.16,22.66,8.06,73.30,44.12,59.49,8.11
493.64,40.18,20.16,22.66,8.06,73.30,44.22,59.64,8.10
493.64,40.18,20.16,22.70,8.06,73.30,44.12,59.49,8.10
493.65,40.18,20.16,22.70,8.06,73.30,44.12,59.64,8.11
493.66,40.18,20.16,22.66,8.06,73.08,44.12,59.49,8.10
493.67,40.18,20.16,22.66,8.06,73.30,44.22,59.64,8.10
493.68,40.18,20.14,22.66,8.06,73.08,44.12,59.49,8.11
493.69,40.18,20.14,22.66,8.06,73.08,44.12,59.64,8.11
493.70,40.18,20.16,22.66,8.06,73.30,44.12,59.64,8.11
493.71,40.18,20.14,22.66,8.06,73.30,44.12,59.64,8.10
493.72,40.18,20.16,22.70,8.07,73.30,44.12,59.64,8.10
493.73,40.18,20.16,22.66,8.06,73.30,44.12,59.49,8.10
493.74,40.18,20.16,22.66,8.04,73.30,44.12,59.49,8.10
493.75,40.18,20.19,22.66,8.06,73.30,44.22,59.64,8.10
493.76,40.18,20.16,22.66,8.06,73.30,44.12,59.49,8.10
493.77,40.18,20.16,22.66,8.04,73.30,44.03,59.49,8.11
493.78,40.18,20.14,22.70,8.06,73.30,44.22,59.64,8.10
493.79,40.18,20.16,22.66,8.06,73.30,44.12,59.49,8.11
493.80,40.18,20.16,22.66,8.06,73.30,44.12,59.64,8.10
493.81,40.10,20.14,22.66,8.06,73.30,44.22,59.49,8.10
493.82,40.18,20.14,22.66,8.06,73.30,44.12,59.49,8.10
493.83,40.18,20.16,22.66,8.06,73.30,44.12,59.49,8.10
493.84,40.18,20.14,22.66,8.07,73.30,44.22,59.49,8.10
493.85,40.18,20.16,22.66,8.06,73.30,44.22,59.64,8.10
493.86,40.18,20.14,22.66,8.06,73.30,44.22,59.64,8.10
493.87,40.18,20.14,22.70,8.06,73.30,44.12,59.49,8.10
493.88,40.18,20.14,22.66,8.07,73.08,44.22,59.49,8.10
493.89,40.18,20.16,22.70,8.06,73.30,44.22,59.49,8.10
493.90,40.18,20.14,22.66,8.06,73.30,44.12,59.49,8.10
493.91,40.18,20.16,22.66,8.04,73.30,44.12,59.64,8.10
493.92,40.18,20.14,22.66,8.06,73.30,44.12,59.49,8.10
493.93,40.18,20.14,22.66,8.06,73.08,44.12,59.49,8.10
493.94,40.18,20.16,22.66,8.04,73.08,44.12,59.64,8.11
493.95,40.18,20.14,22.66,8.07,73.30,44.12,59.49,8.09
493.96,40.18,20.16,22.66,8.04,73.30,44.12,59.64,8.10
493.97,40.18,20.16,22.70,8.06,73.30,44.22,59.64,8.11
493.98,40.18,20.16,22.66,8.06,73.30,44.12,59.64,8.10
493.99,40.18,20.14,22.66,8.07,73.30,44.12,59.64,8.10
494.00,40.18,20.14,22.66,8.04,73.08,44.22,59.64,8.11
494.01,40.18,20.16,22.70,8.04,73.30,44.12,59.64,8.10
494.02,40.18,20.14,22.70,8.06,73.30,44.12,59.49,8.10
494.03,40.18,20.16,22.70,8.06,73.30,44.12,59.49,8.09
494.04,40.18,20.16,22.66,8.06,73.30,44.12,59.49,8.11
494.05,40.18,20.16,22.66,8.06,73.30,44.22,59.64,8.11
494.06,40.18,20.14,22.70,8.06,73.30,44.12,59.49,8.10
494.07,40.18,20.19,22.66,8.06,73.30,44.12,59.64,8.10
494.08,40.18,20.14,22.70,8.06,73.30,44.12,59.49,8.09
494.09,40.18,20.16,22.70,8.06,73.30,44.22,59.49,8.11
494.10,40.18,20.14,22.70,8.07,73.30,44.12,59.49,8.11
494.11,40.18,20.16,22.66,8.06,73.30,44.12,59.49,8.10
494.12,40.18,20.16,22.66,8.06,73.08,44.22,59.49,8.11
494.13,40.18,20.14,22.66,8.04,73.30,44.12,59.49,8.09
494.14,40.10,20.14,22.66,8.06,73.30,44.12,59.64,8.10
494.15,40.18,20.16,22.70,8.06,73.30,44.12,59.64,8.10
494.16,40.18,20.16,22.70,8.06,73.30,44.12,59.49,8.10
494.17,40.10,20.16,22.66,8.04,73.30,44.12,59.49,8.11
494.18,40.18,20.11,22.66,8.06,73.30,44.22,59.64,8.11
494.19,40.18,20.16,22.66,8.06,73.30,44.12,59.49,8.10
494.20,40.18,20.14,22.66,8.06,73.30,44.22,59.64,8.11
494.21,40.18,20.16,22.66,8.06,73.08,44.22,59.49,8.09
494.22,40.18,20.14,22.66,8.06,73.30,44.12,59.49,8.11
494.23,40.10,20.16,22.66,8.06,73.30,44.12,59.49,8.10
494.24,40.10,20.14,22.66,8.07,73.30,44.12,59.49,8.09
494.25,40.18,20.14,22.70,8.06,73.30,44.12,59.49,8.10
494.26,40.10,20.14,22.66,8.06,73.08,44.22,59.64,8.10
494.27,40.18,20.16,22.66,8.06,73.30,44.31,59.49,8.10
494.28,40.18,20.16,22.66,8.06,73.08,44.03,59.64,8.09
494.29,40.18,20.14,22.66,8.04,73.30,44.12,59.64,8.09
494.30,40.18,20.14,22.66,8.04,73.30,44.22,59.49,8.10
494.31,40.18,20.14,22.66,8.07,73.30,44.12,59.64,8.10
494.32,40.18,20.14,22.66,8.06,73.08,44.12,59.49,8.10
494.33,40.18,20.14,22.66,8.06,73.30,44.12,59.49,8.10
494.34,40.18,20.14,22.66,8.04,73.30,44.22,59.49,8.09
494.35,40.18,20.16,22.66,8.06,73.30,44.22,59.49,8.11
494.36,40.18,20.14,22.66,8.06,73.08,44.12,59.49,8.09
494.37,40.18,20.16,22.66,8.04,73.30,44.12,59.49,8.10
494.38,40.10,20.14,22.66,8.06,73.30,44.12,59.49,8.11
494.39,40.18,20.14,22.70,8.06,73.08,44.22,59.49,8.10
494.40,40.10,20.16,22.70,8.06,73.30,44.12,59.64,8.10
494.41,40.10,20.14,22.66,8.06,73.30,44.12,59.64,8.10
494.42,40.18,20.14,22.70,8.06,73.30,44.12,59.49,8.09
494.43,40.18,20.14,22.63,8.06,73.30,44.12,59.49,8.10
494.44,40.18,20.16,22.66,8.04,73.30,44.22,59.49,8.10
494.45,40.18,20.14,22.70,8.06,73.30,44.12,59.49,8.09
494.46,40.18,20.14,22.66,8.04,73.30,44.22,59.64,8.10
494.47,40.18,20.14,22.66,8.06,73.08,44.12,59.49,8.10
494.48,40.18,20.14,22.66,8.06,73.30,44.22,59.49,8.10
494.49,40.10,20.14,22.66,8.06,73.30,44.12,59.64,8.10
494.50,40.18,20.14,22.66,8.04,73.08,44.12,59.49,8.10
494.51,40.18,20.16,22.66,8.06,73.08,44.12,59.49,8.10
494.52,40.18,20.16,22.66,8.04,73.30,44.12,59.64,8.09
494.53,40.18,20.14,22.66,8.04,73.30,44.12,59.49,8.10
494.54,40.10,20.14,22.66,8.04,73.30,44.22,59.64,8.10
494.55,40.18,20.14,22.66,8.04,73.08,44.12,59.80,8.09
494.56,40.10,20.14,22.66,8.04,73.30,44.12,59.33,8.11
494.57,40.18,20.16,22.66,8.04,73.30,44.22,59.49,8.11
494.58,40.18,20.16,22.66,8.07,73.30,44.12,59.49,8.10
494.59,40.18,20.16,22.66,8.06,73.08,44.12,59.64,8.09
494.60,40.18,20.14,22.66,8.06,73.30,44.22,59.64,8.10
494.61,40.18,20.16,22.66,8.06,73.30,44.03,59.49,8.10
494.62,40.18,20.14,22.66,8.06,73.08,44.12,59.49,8.10
494.63,40.10,20.14,22.66,8.06,73.30,44.22,59.64,8.10
494.64,40.10,20.14,22.63,8.04,73.08,44.12,59.49,8.10
494.65,40.10,20.14,22.66,8.04,73.08,44.12,59.49,8.09
494.66,40.10,20.14,22.66,8.06,73.08,44.22,59.49,8.10
494.67,40.18,20.14,22.66,8.07,73.08,44.12,59.49,8.11
494.68,40.18,20.16,22.66,8.06,73.30,44.12,59.49,8.09
494.69,40.18,20.14,22.66,8.06,73.30,44.22,59.49,8.09
494.70,40.18,20.14,22.66,8.06,73.30,44.22,59.64,8.10
494.71,40.10,20.14,22.70,8.06,73.08,44.22,59.64,8.10
494.72,40.18,20.14,22.66,8.06,73.30,44.12,59.49,8.09
494.73,40.18,20.14,22.66,8.06,73.30,44.22,59.49,8.11
494.74,40.10,20.14,22.70,8.06,73.08,44.12,59.49,8.11
494.75,40.02,20.11,22.70,8.04,73.30,44.12,59.64,8.10
494.76,40.18,20.11,22.66,8.04,73.30,44.12,59.49,8.10
494.77,40.18,20.14,22.66,8.04,73.30,44.12,59.49,8.10
494.78,40.18,20.14,22.66,8.04,73.08,44.03,59.49,8.10
494.79,40.18,20.14,22.63,8.04,73.08,44.22,59.49,8.11
494.80,40.18,20.14,22.66,8.06,73.08,44.12,59.49,8.10
494.81,40.18,20.14,22.66,8.06,73.08,44.03,59.49,8.10
494.82,40.10,20.14,22.66,8.07,73.08,44.12,59.49,8.10
494.83,40.18,20.14,22.63,8.04,73.08,44.12,59.49,8.10
494.84,40.18,20.14,22.66,8.04,73.30,44.22,59.49,8.09
494.85,40.18,20.16,22.63,8.06,73.30,44.12,59.49,8.10
494.86,40.18,20.14,22.66,8.04,73.08,44.12,59.33,8.11
494.87,40.10,20.14,22.66,8.07,73.08,44.12,59.49,8.10
494.88,40.10,20.14,22.66,8.04,73.08,44.12,59.49,8.10
494.89,40.18,20.14,22.66,8.07,73.08,44.12,59.64,8.09
494.90,40.18,20.14,22.66,8.04,73.08,44.12,59.49,8.11
494.91,40.18,20.14,22.66,8.04,73.30,44.22,59.49,8.09
494.92,40.18,20.14,22.66,8.04,73.30,44.22,59.64,8.09
494.93,40.18,20.11,22.66,8.06,73.08,44.03,59.49,8.10
494.94,40.18,20.14,22.66,8.06,73.30,44.03,59.49,8.11
494.95,40.18,20.16,22.66,8.04,73.30,44.03,59.49,8.09
494.96,40.02,20.11,22.63,8.04,73.08,44.12,59.49,8.10
494.97,40.18,20.14,22.66,8.06,73.30,44.12,59.49,8.10
494.98,40.18,20.14,22.66,8.04,73.30,44.03,59.49,8.10
494.99,40.10,20.14,22.63,8.04,73.08,44.12,59.33,8.10
495.00,40.10,20.11,22.66,8.06,73.30,44.03,59.49,8.10
495.01,40.18,20.14,22.66,8.04,73.08,44.12,59.49,8.11
495.02,40.10,20.14,22.63,8.04,73.08,44.12,59.49,8.10
495.03,40.02,20.14,22.63,8.04,73.08,44.03,59.49,8.09
495.04,40.10,20.14,22.66,8.04,73.08,44.03,59.49,8.11
495.05,40.10,20.11,22.66,8.06,73.30,44.12,59.49,8.10
495.06,40.18,20.14,22.66,8.04,73.30,44.12,59.49,8.09
495.07,40.10,20.11,22.63,8.04,73.08,44.12,59.49,8.11
495.08,40.10,20.14,22.66,8.04,73.30,44.12,59.49,8.10
495.09,40.10,20.14,22.66,8.04,73.30,44.12,59.49,8.10
495.10,40.10,20.11,22.63,8.06,73.08,44.12,59.49,8.09
495.11,40.10,20.14,22.66,8.04,73.30,44.12,59.49,8.09
495.12,40.18,20.11,22.66,8.04,73.08,44.12,59.64,8.09
495.13,40.10,20.11,22.66,8.06,73.30,44.12,59.49,8.09
495.14,40.10,20.11,22.66,8.06,73.08,44.03,59.49,8.10
495.15,40.10,20.14,22.66,8.04,73.08,44.12,59.49,8.10
495.16,40.02,20.11,22.66,8.04,73.30,44.22,59.49,8.10
495.17,40.10,20.16,22.66,8.04,73.08,44.03,59.49,8.10
495.18,40.10,20.14,22.66,8.04,73.30,44.03,59.49,8.10
495.19,40.18,20.16,22.63,8.04,73.30,44.12,59.49,8.09
495.20,40.10,20.14,22.63,8.04,73.08,44.03,59.33,8.09
495.21,40.10,20.11,22.66,8.06,73.08,44.12,59.49,8.09
495.22,40.02,20.14,22.66,8.04,73.30,44.12,59.49,8.11
495.23,40.10,20.14,22.66,8.04,73.08,44.12,59.49,8.10
495.24,40.10,20.11,22.66,8.04,73.08,44.12,59.49,8.09
495.25,40.18,20.14,22.63,8.04,73.30,44.12,59.49,8.10
495.26,40.10,20.11,22.66,8.04,73.08,44.12,59.49,8.09
495.27,40.10,20.11,22.66,8.06,73.30,44.03,59.49,8.09
495.28,40.10,20.14,22.66,8.04,73.30,44.03,59.33,8.09
495.29,40.10,20.14,22.66,8.06,73.30,44.12,59.49,8.09
495.30,40.10,20.14,22.66,8.04,73.08,44.12,59.49,8.09
495.31,40.10,20.14,22.66,8.06,73.30,44.12,59.49,8.10
495.32,40.02,20.11,22.66,8.04,73.08,44.03,59.49,8.10
495.33,40.18,20.14,22.63,8.04,73.08,44.12,59.49,8.10
495.34,40.18,20.11,22.66,8.06,73.08,44.03,59.49,8.09
495.35,40.10,20.14,22.66,8.04,73.08,44.12,59.33,8.09
495.36,40.10,20.14,22.66,8.06,73.08,44.12,59.64,8.10
495.37,40.18,20.11,22.66,8.04,73.08,44.03,59.49,8.09
495.38,40.10,20.11,22.63,8.04,73.30,44.22,59.33,8.10
495.39,40.10,20.11,22.66,8.06,73.30,44.03,59.64,8.09
495.40,40.10,20.14,22.66,8.06,73.08,44.22,59.49,8.10
495.41,40.18,20.14,22.63,8.04,73.30,44.03,59.33,8.10
495.42,40.10,20.14,22.63,8.04,73.08,44.03,59.49,8.10
495.43,40.10,20.11,22.63,8.04,73.30,44.12,59.49,8.09
495.44,40.10,20.11,22.66,8.04,73.30,44.12,59.49,8.10
495.45,40.18,20.14,22.63,8.04,73.30,44.12,59.49,8.10
495.46,40.18,20.11,22.66,8.04,73.08,44.22,59.64,8.10
495.47,40.10,20.14,22.66,8.04,73.08,43.93,59.49,8.09
495.48,40.18,20.14,22.66,8.06,73.08,44.03,59.49,8.10
495.49,40.10,20.11,22.63,8.06,73.30,44.03,59.49,8.10
495.50,40.10,20.11,22.66,8.04,73.08,44.12,59.49,8.09
495.51,40.10,20.11,22.66,8.04,73.30,44.03,59.49,8.10
495.52,40.10,20.14,22.66,8.04,73.08,44.12,59.49,8.10
495.53,40.10,20.11,22.63,8.06,73.30,44.12,59.49,8.09
495.54,40.10,20.11,22.66,8.06,73.30,44.12,59.49,8.09
495.55,40.02,20.11,22.63,8.04,73.08,44.12,59.49,8.10
495.56,40.18,20.14,22.66,8.04,73.08,44.03,59.49,8.09
495.57,40.02,20.11,22.66,8.06,73.08,44.03,59.49,8.10
495.58,40.10,20.14,22.66,8.06,73.30,44.12,59.49,8.10
495.59,40.10,20.14,22.59,8.04,73.30,44.03,59.49,8.09
495.60,40.10,20.11,22.63,8.04,73.08,44.12,59.49,8.10
495.61,40.10,20.11,22.66,8.04,73.08,44.12,59.49,8.09
495.62,40.10,20.11,22.63,8.04,73.08,44.03,59.33,8.10
495.63,40.10,20.11,22.63,8.04,73.08,44.03,59.49,8.10
495.64,40.10,20.14,22.63,8.04,73.30,44.12,59.33,8.11
495.65,40.10,20.11,22.63,8.04,73.08,44.12,59.49,8.09
495.66,40.10,20.11,22.66,8.04,72.85,44.03,59.33,8.09
495.67,40.10,20.11,22.63,8.04,73.30,44.12,59.49,8.09
495.68,40.10,20.11,22.63,8.04,73.30,44.12,59.49,8.10
495.69,40.10,20.14,22.63,8.04,73.08,44.12,59.33,8.09
495.70,40.10,20.11,22.63,8.04,73.08,44.12,59.49,8.09
495.71,40.10,20.14,22.63,8.06,73.08,44.12,59.49,8.10
495.72,40.10,20.11,22.66,8.04,73.30,44.03,59.49,8.10
495.73,40.10,20.14,22.63,8.04,73.08,44.12,59.49,8.09
495.74,40.10,20.11,22.66,8.04,73.08,44.03,59.64,8.09
495.75,40.18,20.11,22.66,8.04,73.08,44.12,59.33,8.10
495.76,40.02,20.11,22.63,8.04,73.08,44.12,59.49,8.09
495.77,40.10,20.11,22.66,8.04,73.08,44.12,59.49,8.10
495.78,40.10,20.14,22.66,8.04,73.30,44.03,59.49,8.09
495.79,40.10,20.11,22.66,8.06,73.08,44.12,59.49,8.10
495.80,40.10,20.11,22.63,8.04,73.08,44.12,59.49,8.09
495.81,40.02,20.11,22.63,8.04,73.08,44.03,59.33,8.09
495.82,40.10,20.11,22.66,8.04,73.08,44.12,59.49,8.09
495.83,40.10,20.11,22.66,8.06,73.08,44.03,59.33,8.09
495.84,40.10,20.11,22.63,8.06,73.30,44.12,59.49,8.10
495.85,40.10,20.14,22.66,8.04,73.30,44.22,59.49,8.09
495.86,40.10,20.11,22.63,8.04,73.30,44.03,59.49,8.10
495.87,40.10,20.14,22.66,8.04,73.08,43.93,59.33,8.10
495.88,40.10,20.14,22.66,8.04,73.08,44.12,59.49,8.09
495.89,40.18,20.11,22.63,8.04,73.08,44.12,59.49,8.09
495.90,40.10,20.11,22.63,8.04,73.30,44.12,59.64,8.09
495.91,40.10,20.11,22.66,8.06,73.08,44.12,59.49,8.09
495.92,40.10,20.11,22.63,8.04,73.08,44.12,59.33,8.10
495.93,40.10,20.11,22.63,8.04,73.30,44.12,59.49,8.10
495.94,40.10,20.11,22.66,8.04,73.08,44.03,59.33,8.11
495.95,40.10,20.11,22.66,8.04,73.08,44.03,59.49,8.10
495.96,40.10,20.11,22.63,8.04,73.30,44.12,59.33,8.11
495.97,40.10,20.11,22.66,8.06,73.08,44.12,59.49,8.09
495.98,40.10,20.11,22.63,8.04,73.08,44.12,59.33,8.10
495.99,40.10,20.11,22.66,8.04,73.08,44.03,59.49,8.09
496.00,40.10,20.14,22.66,8.06,73.30,44.03,59.49,8.10
496.01,40.10,20.11,22.63,8.04,73.08,44.12,59.64,8.09
496.02,40.10,20.14,22.63,8.04,73.08,44.12,59.49,8.09
496.03,40.02,20.11,22.66,8.04,73.08,44.12,59.33,8.09
496.04,40.10,20.11,22.66,8.06,73.08,44.12,59.49,8.09
496.05,40.10,20.11,22.66,8.06,73.08,44.12,59.49,8.09
496.06,40.10,20.11,22.63,8.04,73.30,44.03,59.33,8.10
496.07,40.18,20.14,22.66,8.06,73.08,44.12,59.33,8.09
496.08,40.10,20.14,22.63,8.04,73.30,44.12,59.49,8.10
496.09,40.10,20.14,22.63,8.04,73.30,44.12,59.33,8.10
496.10,40.10,20.11,22.63,8.04,73.30,44.03,59.49,8.09
496.11,40.10,20.11,22.66,8.04,73.08,44.03,59.49,8.09
496.12,40.10,20.11,22.66,8.04,73.08,44.12,59.49,8.10
496.13,40.02,20.11,22.63,8.04,73.08,44.03,59.49,8.09
496.14,40.10,20.11,22.63,8.06,73.08,44.03,59.33,8.09
496.15,40.10,20.11,22.66,8.04,73.08,44.12,59.49,8.10
496.16,40.10,20.11,22.66,8.06,73.30,44.03,59.49,8.10
496.17,40.18,20.11,22.63,8.04,73.30,44.12,59.49,8.10
496.18,40.10,20.14,22.66,8.04,73.30,44.12,59.49,8.11
496.19,40.10,20.14,22.63,8.04,73.08,44.03,59.49,8.08
496.20,40.10,20.11,22.66,8.04,73.30,44.12,59.49,8.09
496.21,40.10,20.11,22.63,8.04,73.30,44.03,59.49,8.10
496.22,40.10,20.14,22.63,8.04,73.30,44.12,59.49,8.09
496.23,40.10,20.11,22.63,8.04,73.30,44.12,59.49,8.10
496.24,40.10,20.14,22.66,8.06,73.30,44.12,59.49,8.09
496.25,40.10,20.11,22.63,8.04,73.08,44.12,59.49,8.09
496.26,40.10,20.14,22.66,8.04,73.08,44.12,59.49,8.10
496.27,40.10,20.11,22.63,8.04,73.08,44.12,59.49,8.10
496.28,40.10,20.11,22.63,8.04,73.30,44.03,59.49,8.09
496.29,40.10,20.11,22.66,8.06,73.30,44.12,59.49,8.09
496.30,40.10,20.11,22.66,8.04,73.08,44.03,59.64,8.10
496.31,40.10,20.11,22.66,8.04,73.30,44.03,59.49,8.09
496.32,40.10,20.11,22.66,8.04,73.08,44.12,59.49,8.09
496.33,40.10,20.14,22.66,8.04,73.08,44.12,59.49,8.11
496.34,40.18,20.14,22.66,8.04,73.08,44.03,59.49,8.10
496.35,40.10,20.11,22.63,8.06,73.30,44.12,59.49,8.10
496.36,40.10,20.11,22.66,8.04,73.08,44.12,59.33,8.11
496.37,40.10,20.14,22.66,8.04,73.08,44.03,59.64,8.10
496.38,40.10,20.14,22.66,8.04,73.30,44.03,59.49,8.09
496.39,40.10,20.14,22.66,8.06,73.08,44.03,59.49,8.09
496.40,40.10,20.11,22.66,8.06,73.08,44.03,59.49,8.09
496.41,40.10,20.14,22.63,8.04,73.08,44.03,59.49,8.11
496.42,40.10,20.11,22.63,8.06,73.08,44.03,59.49,8.10
496.43,40.10,20.14,22.66,8.04,73.30,44.12,59.49,8.09
496.44,40.10,20.11,22.66,8.04,73.08,44.03,59.49,8.09
496.45,40.10,20.14,22.63,8.04,73.30,44.12,59.49,8.10
496.46,40.10,20.11,22.66,8.04,73.08,44.03,59.49,8.10
496.47,40.10,20.11,22.66,8.04,73.30,44.12,59.33,8.09
496.48,40.10,20.14,22.63,8.06,73.08,44.03,59.49,8.09
496.49,40.10,20.11,22.63,8.04,73.08,44.03,59.49,8.10
496.50,40.10,20.11,22.66,8.04,73.30,44.12,59.64,8.09
496.51,40.10,20.14,22.63,8.04,73.08,44.12,59.49,8.09
496.52,40.18,20.11,22.66,8.04,73.08,44.12,59.49,8.09
496.53,40.10,20.11,22.66,8.04,73.30,44.03,59.49,8.09
496.54,40.10,20.11,22.63,8.04,73.30,44.03,59.49,8.09
496.55,40.10,20.16,22.66,8.06,73.08,44.12,59.49,8.10
496.56,40.10,20.14,22.63,8.04,73.08,44.03,59.49,8.09
496.57,40.10,20.08,22.66,8.06,73.08,44.12,59.64,8.11
496.58,40.10,20.14,22.63,8.04,73.08,44.03,59.49,8.10
496.59,40.10,20.11,22.66,8.04,73.08,44.12,59.49,8.10
496.60,40.10,20.11,22.63,8.04,73.08,44.03,59.49,8.10
496.61,40.10,20.11,22.63,8.04,73.30,44.03,59.49,8.10
496.62,40.18,20.11,22.63,8.04,73.08,44.12,59.33,8.10
496.63,40.10,20.11,22.66,8.06,73.30,44.12,59.49,8.09
496.64,40.10,20.11,22.63,8.04,73.08,44.03,59.49,8.09
496.65,40.10,20.14,22.66,8.04,73.08,44.12,59.49,8.10
496.66,40.10,20.14,22.63,8.04,73.30,43.93,59.49,8.10
496.67,40.18,20.11,22.66,8.06,73.08,44.31,59.49,8.09
496.68,40.18,20.11,22.66,8.04,73.08,44.12,59.49,8.09
496.69,40.10,20.11,22.66,8.04,73.08,44.12,59.49,8.10
496.70,40.10,20.11,22.66,8.04,73.08,44.12,59.49,8.09
496.71,40.18,20.11,22.63,8.04,73.08,44.03,59.64,8.11
496.72,40.18,20.14,22.63,8.06,73.08,44.12,59.33,8.08
496.73,40.18,20.11,22.66,8.04,73.08,44.12,59.49,8.09
496.74,40.18,20.11,22.66,8.04,73.30,44.12,59.49,8.09
496.75,40.18,20.11,22.63,8.04,73.08,44.03,59.33,8.09
496.76,40.10,20.11,22.66,8.04,73.30,44.12,59.49,8.11
496.77,40.18,20.14,22.66,8.04,73.30,44.03,59.49,8.10
496.78,40.26,20.11,22.66,8.04,73.30,44.03,59.64,8.10
496.79,40.02,20.11,22.66,8.04,73.08,44.12,59.49,8.09
496.80,40.10,20.11,22.66,8.06,73.30,44.03,59.49,8.10
496.81,40.10,20.11,22.63,8.04,73.30,44.12,59.49,8.09
496.82,40.02,20.14,22.63,8.04,73.08,44.12,59.49,8.09
496.83,40.10,20.14,22.66,8.04,73.30,44.12,59.49,8.09
496.84,40.10,20.16,22.66,8.04,73.30,43.93,59.49,8.11
496.85,40.18,20.11,22.66,8.04,73.08,44.12,59.49,8.09
496.86,40.18,20.14,22.63,8.06,73.30,44.12,59.49,8.10
496.87,40.18,20.14,22.66,8.04,73.52,44.12,59.49,8.11
496.88,40.18,20.14,22.66,8.04,72.85,44.12,59.64,8.09
496.89,40.18,20.11,22.66,8.04,73.30,44.12,59.49,8.10
496.90,40.10,20.14,22.66,8.04,73.08,44.12,59.33,8.09
496.91,40.18,20.11,22.63,8.04,73.08,44.12,59.49,8.10
496.92,40.10,20.14,22.66,8.04,73.08,44.03,59.49,8.10
496.93,40.10,20.11,22.66,8.04,73.30,44.03,59.64,8.10
496.94,40.18,20.11,22.70,8.04,73.08,44.12,59.33,8.09
496.95,40.18,20.14,22.66,8.04,73.08,44.22,59.49,8.10
496.96,40.10,20.11,22.66,8.06,73.08,44.03,59.49,8.09
496.97,40.10,20.11,22.66,8.04,73.30,44.12,59.49,8.10
496.98,40.18,20.11,22.66,8.04,73.08,44.12,59.49,8.09
496.99,40.18,20.14,22.66,8.06,73.08,44.03,59.49,8.10
497.00,40.10,20.11,22.66,8.04,73.08,44.03,59.49,8.11
497.01,40.10,20.11,22.66,8.04,73.08,44.12,59.49,8.09
497.02,40.10,20.11,22.63,8.04,73.30,44.12,59.49,8.09
497.03,40.10,20.11,22.66,8.04,73.30,44.12,59.49,8.10
497.04,40.10,20.11,22.63,8.04,73.08,44.12,59.49,8.10
497.05,40.10,20.11,22.66,8.04,73.08,44.03,59.49,8.11
497.06,40.10,20.11,22.63,8.06,73.08,44.03,59.49,8.09
497.07,40.10,20.11,22.66,8.04,73.30,44.12,59.49,8.10
497.08,40.10,20.14,22.66,8.04,73.08,44.12,59.49,8.09
497.09,40.10,20.14,22.66,8.04,73.08,44.12,59.49,8.10
497.10,40.18,20.14,22.63,8.06,73.08,44.12,59.49,8.10
497.11,40.10,20.14,22.66,8.04,73.30,44.12,59.49,8.09
497.12,40.10,20.11,22.66,8.04,72.85,44.12,59.49,8.10
497.13,40.10,20.11,22.66,8.04,73.30,44.12,59.49,8.11
497.14,40.10,20.14,22.66,8.04,73.08,44.12,59.49,8.10
497.15,40.10,20.14,22.66,8.04,73.30,44.12,59.49,8.09
497.16,40.18,20.11,22.66,8.04,73.30,44.12,59.33,8.10
497.17,40.18,20.11,22.66,8.04,73.30,44.03,59.49,8.10
497.18,40.10,20.14,22.66,8.04,73.08,44.12,59.49,8.10
497.19,40.18,20.14,22.66,8.04,73.30,44.12,59.49,8.09
497.20,40.10,20.11,22.66,8.04,73.08,44.03,59.33,8.10
497.21,40.10,20.11,22.66,8.04,73.08,44.12,59.64,8.09
497.22,40.18,20.11,22.66,8.04,73.08,44.12,59.49,8.09
497.23,40.10,20.11,22.66,8.04,73.08,44.12,59.49,8.10
497.24,40.18,20.14,22.66,8.04,73.08,44.12,59.49,8.09
497.25,40.18,20.14,22.66,8.04,73.30,44.12,59.49,8.09
497.26,40.10,20.11,22.63,8.04,73.08,44.12,59.49,8.11
497.27,40.10,20.14,22.66,8.06,73.30,44.12,59.64,8.10
497.28,40.10,20.11,22.66,8.04,73.30,44.12,59.49,8.10
497.29,40.10,20.14,22.66,8.04,73.08,44.12,59.49,8.10
497.30,40.10,20.11,22.66,8.04,73.08,44.12,59.49,8.09
497.31,40.18,20.11,22.66,8.04,73.30,44.12,59.49,8.09
497.32,40.10,20.11,22.66,8.04,73.30,44.03,59.49,8.09
497.33,40.18,20.11,22.66,8.04,73.30,44.12,59.49,8.11
497.34,40.18,20.11,22.66,8.06,73.30,44.12,59.49,8.09
497.35,40.18,20.14,22.63,8.06,73.08,44.22,59.49,8.09
497.36,40.10,20.14,22.66,8.06,73.30,44.12,59.49,8.09
497.37,40.18,20.14,22.66,8.04,73.30,44.12,59.49,8.10
497.38,40.18,20.14,22.66,8.04,73.30,44.12,59.49,8.09
497.39,40.10,20.14,22.70,8.04,73.30,44.12,59.33,8.10
497.40,40.10,20.11,22.66,8.04,73.08,44.12,59.64,8.10
497.41,40.10,20.14,22.66,8.04,73.30,44.12,59.64,8.11
497.42,40.10,20.14,22.66,8.04,73.30,44.03,59.49,8.09
497.43,40.10,20.11,22.66,8.04,73.30,44.03,59.49,8.09
497.44,40.18,20.14,22.66,8.04,73.30,44.12,59.49,8.10
497.45,40.10,20.14,22.66,8.04,73.30,44.12,59.49,8.10
497.46,40.10,20.14,22.66,8.04,73.30,44.12,59.49,8.09
497.47,40.18,20.11,22.66,8.04,73.30,44.03,59.49,8.09
497.48,40.18,20.16,22.66,8.06,73.30,44.12,59.49,8.10
497.49,40.10,20.11,22.66,8.04,73.30,44.12,59.64,8.10
497.50,40.18,20.14,22.66,8.04,73.30,44.12,59.49,8.09
497.51,40.18,20.11,22.63,8.04,73.30,44.12,59.49,8.10
497.52,40.10,20.14,22.63,8.06,73.30,44.03,59.80,8.10
497.53,40.18,20.14,22.66,8.04,73.08,44.12,59.49,8.10
497.54,40.18,20.11,22.70,8.04,73.08,44.12,59.49,8.09
497.55,40.18,20.14,22.63,8.04,73.30,44.12,59.64,8.11
497.56,40.10,20.11,22.66,8.04,73.08,44.12,59.49,8.09
497.57,40.10,20.14,22.66,8.04,73.30,44.03,59.49,8.11
497.58,40.18,20.11,22.66,8.04,73.08,44.12,59.49,8.10
497.59,40.10,20.14,22.66,8.04,73.30,44.03,59.49,8.09
497.60,40.18,20.14,22.66,8.04,73.30,44.12,59.64,8.10
497.61,40.10,20.11,22.66,8.04,73.08,44.03,59.64,8.09
497.62,40.18,20.14,22.66,8.04,73.08,44.12,59.49,8.09
497.63,40.18,20.16,22.66,8.04,73.08,44.22,59.49,8.10
497.64,40.18,20.14,22.66,8.04,73.30,44.12,59.49,8.10
497.65,40.10,20.11,22.63,8.06,73.30,44.03,59.49,8.10
497.66,40.10,20.14,22.66,8.04,73.08,44.22,59.64,8.10
497.67,40.18,20.14,22.66,8.04,73.08,44.12,59.49,8.10
497.68,40.18,20.14,22.66,8.06,73.30,44.12,59.49,8.10
497.69,40.18,20.11,22.66,8.06,73.08,44.12,59.64,8.10
497.70,40.18,20.14,22.66,8.04,73.30,44.12,59.64,8.09
497.71,40.18,20.16,22.66,8.04,73.30,44.22,59.49,8.10
497.72,40.18,20.11,22.66,8.04,73.30,44.12,59.49,8.09
497.73,40.10,20.14,22.66,8.04,73.30,44.03,59.64,8.10
497.74,40.10,20.16,22.66,8.04,73.30,44.12,59.64,8.11
497.75,40.18,20.14,22.66,8.04,73.30,44.12,59.64,8.10
497.76,40.10,20.14,22.66,8.04,73.30,44.12,59.49,8.09
497.77,40.18,20.14,22.66,8.06,73.30,44.12,59.64,8.11
497.78,40.10,20.14,22.66,8.04,73.30,44.12,59.64,8.10
497.79,40.18,20.14,22.66,8.04,73.30,44.12,59.64,8.10
497.80,40.18,20.14,22.66,8.04,73.30,44.12,59.64,8.10
497.81,40.18,20.11,22.66,8.04,73.30,44.22,59.49,8.09
497.82,40.10,20.11,22.66,8.04,73.30,44.12,59.49,8.10
497.83,40.10,20.11,22.66,8.04,73.30,44.12,59.33,8.10
497.84,40.10,20.14,22.66,8.04,73.30,44.22,59.64,8.11
497.85,40.10,20.14,22.66,8.06,73.30,43.93,59.49,8.10
497.86,40.10,20.11,22.66,8.04,73.30,43.93,59.64,8.10
497.87,40.18,20.14,22.66,8.04,73.30,44.22,59.64,8.10
497.88,40.10,20.14,22.70,8.04,73.30,44.12,59.49,8.09
497.89,40.18,20.14,22.66,8.04,73.30,44.03,59.64,8.09
497.90,40.18,20.14,22.70,8.04,73.30,44.12,59.49,8.10
497.91,40.18,20.14,22.66,8.06,73.08,44.12,59.49,8.09
497.92,40.18,20.14,22.66,8.04,73.08,44.12,59.49,8.11
497.93,40.10,20.11,22.66,8.04,73.30,44.12,59.49,8.09
497.94,40.18,20.14,22.66,8.04,73.08,44.12,59.49,8.10
497.95,40.02,20.14,22.66,8.04,73.08,44.12,59.64,8.10
497.96,40.18,20.14,22.66,8.06,73.30,44.12,59.49,8.09
497.97,40.26,20.14,22.66,8.04,73.30,44.12,59.49,8.09
497.98,40.10,20.14,22.66,8.04,73.30,44.03,59.49,8.10
497.99,40.10,20.14,22.70,8.04,73.30,44.12,59.49,8.09
498.00,40.18,20.16,22.70,8.04,73.30,44.03,59.49,8.10
498.01,40.18,20.14,22.66,8.04,73.30,44.12,59.49,8.10
498.02,40.18,20.14,22.66,8.04,73.30,44.03,59.49,8.09
498.03,40.18,20.14,22.70,8.04,73.30,44.12,59.64,8.11
498.04,40.18,20.14,22.66,8.04,73.08,44.12,59.64,8.10
498.05,40.18,20.14,22.66,8.06,73.30,44.03,59.49,8.11
498.06,40.18,20.14,22.66,8.06,73.30,44.12,59.49,8.11
498.07,40.26,20.14,22.66,8.04,73.30,44.12,59.49,8.10
498.08,40.10,20.14,22.66,8.06,73.30,44.03,59.49,8.10
498.09,40.18,20.14,22.70,8.04,73.08,44.12,59.64,8.10
498.10,40.18,20.14,22.66,8.06,73.30,44.12,59.49,8.10
498.11,40.18,20.14,22.66,8.04,73.30,44.03,59.49,8.10
498.12,40.18,20.14,22.70,8.04,73.30,44.22,59.64,8.09
498.13,40.18,20.11,22.70,8.04,73.30,44.12,59.64,8.11
498.14,40.18,20.14,22.70,8.04,73.08,44.12,59.49,8.09
498.15,40.18,20.14,22.70,8.04,73.30,44.12,59.49,8.10
498.16,40.18,20.16,22.66,8.04,73.08,44.12,59.49,8.11
498.17,40.18,20.11,22.66,8.04,73.30,44.12,59.49,8.11
498.18,40.10,20.11,22.70,8.04,73.30,44.12,59.64,8.10
498.19,40.10,20.14,22.66,8.04,73.30,44.12,59.64,8.09
498.20,40.18,20.16,22.66,8.04,73.08,44.22,59.49,8.10
498.21,40.18,20.16,22.70,8.04,73.30,44.22,59.49,8.10
498.22,40.10,20.11,22.66,8.04,73.30,44.12,59.49,8.10
498.23,40.18,20.14,22.66,8.04,73.30,44.12,59.49,8.10
498.24,40.18,20.14,22.66,8.06,73.30,44.12,59.64,8.10
498.25,40.18,20.14,22.70,8.04,73.30,44.03,59.49,8.09
498.26,40.18,20.14,22.66,8.06,73.30,44.22,59.64,8.10
498.27,40.18,20.16,22.70,8.04,73.30,44.12,59.64,8.10
498.28,40.18,20.14,22.66,8.04,73.30,44.12,59.64,8.11
498.29,40.18,20.16,22.66,8.04,73.30,44.12,59.49,8.10
498.30,40.18,20.14,22.66,8.04,73.30,44.12,59.64,8.10
498.31,40.18,20.14,22.66,8.04,73.30,44.12,59.64,8.09
498.32,40.18,20.16,22.66,8.04,73.30,44.12,59.64,8.10
498.33,40.18,20.14,22.66,8.06,73.08,44.12,59.49,8.10
498.34,40.18,20.14,22.66,8.04,73.30,44.12,59.49,8.11
498.35,40.10,20.16,22.66,8.06,73.30,44.12,59.49,8.09
498.36,40.18,20.16,22.66,8.04,73.30,44.12,59.49,8.10
498.37,40.10,20.16,22.66,8.06,73.30,44.12,59.49,8.10
498.38,40.18,20.14,22.66,8.04,73.30,44.12,59.64,8.10
498.39,40.10,20.14,22.70,8.07,73.30,44.12,59.49,8.10
498.40,40.10,20.14,22.70,8.04,73.30,44.12,59.64,8.10
498.41,40.18,20.16,22.70,8.04,73.30,44.12,59.64,8.10
498.42,40.18,20.14,22.70,8.04,73.08,44.12,59.64,8.10
498.43,40.10,20.14,22.70,8.04,73.08,44.12,59.64,8.10
498.44,40.18,20.14,22.70,8.06,73.30,44.03,59.49,8.10
498.45,40.18,20.14,22.70,8.06,73.30,44.12,59.49,8.10
498.46,40.18,20.14,22.66,8.04,73.30,44.12,59.64,8.10
498.47,40.18,20.14,22.66,8.06,73.30,44.12,59.49,8.10
498.48,40.10,20.11,22.66,8.04,73.30,44.12,59.49,8.09
498.49,40.18,20.14,22.66,8.04,73.30,44.12,59.49,8.09
498.50,40.18,20.11,22.70,8.04,73.30,44.12,59.64,8.11
498.51,40.18,20.16,22.70,8.04,73.30,44.12,59.64,8.11
498.52,40.18,20.14,22.66,8.06,73.30,44.12,59.64,8.09
498.53,40.10,20.11,22.70,8.06,73.30,44.12,59.49,8.10
498.54,40.18,20.14,22.70,8.04,73.30,44.12,59.64,8.10
498.55,40.18,20.16,22.70,8.04,73.30,44.22,59.64,8.10
498.56,40.18,20.14,22.70,8.04,73.30,44.12,59.64,8.09
498.57,40.18,20.16,22.70,8.06,73.08,44.12,59.49,8.09
498.58,40.18,20.14,22.66,8.04,73.30,44.12,59.49,8.10
498.59,40.18,20.14,22.66,8.04,73.30,44.22,59.49,8.10
498.60,40.18,20.16,22.70,8.04,73.30,44.03,59.49,8.10
498.61,40.18,20.11,22.70,8.04,73.08,44.12,59.49,8.10
498.62,40.18,20.14,22.70,8.04,73.30,44.12,59.49,8.10
498.63,40.18,20.14,22.70,8.04,73.30,44.12,59.49,8.09
498.64,40.18,20.14,22.66,8.04,73.08,44.22,59.64,8.10
498.65,40.18,20.14,22.66,8.04,73.30,44.12,59.49,8.11
498.66,40.18,20.14,22.70,8.04,73.30,44.31,59.49,8.11
498.67,40.18,20.14,22.70,8.04,73.30,44.22,59.49,8.11
498.68,40.18,20.14,22.70,8.06,73.30,44.12,59.64,8.10
498.69,40.18,20.14,22.66,8.04,73.30,44.03,59.64,8.10
498.70,40.18,20.14,22.66,8.04,73.30,44.12,59.49,8.10
498.71,40.18,20.14,22.66,8.04,73.30,44.12,59.49,8.10
498.72,40.18,20.16,22.66,8.04,73.30,44.12,59.49,8.11
498.73,40.18,20.16,22.66,8.04,73.30,44.12,59.64,8.10
498.74,40.18,20.14,22.70,8.04,73.30,44.12,59.49,8.10
498.75,40.18,20.16,22.66,8.04,73.30,44.12,59.64,8.11
498.76,40.18,20.14,22.66,8.04,73.30,44.12,59.49,8.10
498.77,40.02,20.16,22.70,8.04,73.30,44.12,59.64,8.09
498.78,40.18,20.11,22.70,8.04,73.30,44.12,59.49,8.10
498.79,40.18,20.16,22.66,8.04,73.30,44.12,59.49,8.10
498.80,40.18,20.16,22.66,8.04,73.30,44.12,59.64,8.10
498.81,40.10,20.16,22.66,8.06,73.30,44.22,59.49,8.10
498.82,40.18,20.14,22.66,8.04,73.30,44.12,59.64,8.10
498.83,40.10,20.14,22.70,8.06,73.08,44.12,59.64,8.10
498.84,40.18,20.14,22.70,8.04,73.30,44.22,59.64,8.09
498.85,40.18,20.14,22.70,8.04,73.30,44.22,59.64,8.11
498.86,40.18,20.14,22.70,8.06,73.30,44.22,59.49,8.10
498.87,40.18,20.14,22.66,8.04,73.30,44.12,59.64,8.10
498.88,40.10,20.14,22.70,8.04,73.30,44.12,59.64,8.10
498.89,40.18,20.14,22.66,8.04,73.08,44.22,59.64,8.09
498.90,40.18,20.16,22.70,8.04,73.30,44.22,59.64,8.10
498.91,40.18,20.14,22.66,8.04,73.30,44.12,59.64,8.10
498.92,40.18,20.14,22.70,8.04,73.08,44.12,59.49,8.10
498.93,40.10,20.16,22.70,8.04,73.30,44.03,59.64,8.10
498.94,40.18,20.14,22.66,8.06,73.30,44.12,59.49,8.09
498.95,40.10,20.14,22.70,8.06,73.30,44.12,59.64,8.10
498.96,40.18,20.16,22.66,8.06,73.30,44.12,59.49,8.10
498.97,40.18,20.16,22.66,8.06,73.30,44.22,59.49,8.10
498.98,40.18,20.11,22.66,8.04,73.30,44.12,59.64,8.09
498.99,40.18,20.14,22.66,8.06,73.30,44.12,59.49,8.10
499.00,40.18,20.16,22.66,8.04,73.30,44.03,59.64,8.10
499.01,40.18,20.16,22.66,8.06,73.30,44.12,59.64,8.10
499.02,40.18,20.14,22.66,8.04,73.30,44.22,59.64,8.10
499.03,40.18,20.14,22.66,8.04,73.30,44.12,59.64,8.11
499.04,40.18,20.14,22.66,8.04,73.30,44.03,59.64,8.09
499.05,40.18,20.14,22.70,8.06,73.30,44.31,59.64,8.10
499.06,40.18,20.14,22.70,8.04,73.30,44.22,59.64,8.10
499.07,40.18,20.14,22.66,8.04,73.30,44.12,59.64,8.09
499.08,40.10,20.14,22.66,8.04,73.30,44.12,59.64,8.11
499.09,40.18,20.16,22.66,8.04,73.30,44.22,59.64,8.10
499.10,40.18,20.14,22.66,8.04,73.30,44.12,59.64,8.09
499.11,40.18,20.14,22.70,8.06,73.30,44.12,59.49,8.11
499.12,40.18,20.16,22.70,8.04,73.30,44.12,59.64,8.09
499.13,40.18,20.14,22.66,8.04,73.30,44.12,59.64,8.10
499.14,40.18,20.14,22.70,8.04,73.30,44.22,59.64,8.09
499.15,40.18,20.14,22.70,8.04,73.30,44.12,59.49,8.10
499.16,40.18,20.16,22.66,8.06,73.30,44.22,59.49,8.11
499.17,40.18,20.16,22.70,8.06,73.30,44.22,59.64,8.10
499.18,40.26,20.14,22.70,8.04,73.30,44.12,59.64,8.10
499.19,40.10,20.14,22.66,8.04,73.30,44.12,59.64,8.09
499.20,40.18,20.14,22.70,8.04,73.30,44.12,59.64,8.10
499.21,40.18,20.14,22.70,8.04,73.30,44.12,59.64,8.10
499.22,40.10,20.14,22.70,8.06,73.30,44.12,59.49,8.10
499.23,40.18,20.16,22.66,8.06,73.30,44.22,59.64,8.10
499.24,40.18,20.16,22.70,8.06,73.52,44.22,59.64,8.10
499.25,40.18,20.14,22.70,8.04,73.08,44.22,59.64,8.10
499.26,40.18,20.14,22.66,8.06,73.30,44.22,59.64,8.10
499.27,40.18,20.14,22.66,8.04,73.30,44.12,59.80,8.11
499.28,40.18,20.14,22.66,8.04,73.30,44.12,59.49,8.09
499.29,40.18,20.14,22.70,8.04,73.30,44.12,59.64,8.09
499.30,40.18,20.16,22.70,8.06,73.30,44.22,59.80,8.11
499.31,40.18,20.14,22.70,8.06,73.30,44.12,59.33,8.10
499.32,40.18,20.14,22.70,8.06,73.30,44.12,59.49,8.10
499.33,40.18,20.16,22.70,8.04,73.30,44.22,59.64,8.09
499.34,40.18,20.16,22.70,8.04,73.30,44.12,59.49,8.10
499.35,40.18,20.14,22.66,8.04,73.30,44.22,59.64,8.09
499.36,40.10,20.11,22.66,8.04,73.52,44.12,59.64,8.09
499.37,40.18,20.14,22.66,8.06,73.30,44.22,59.49,8.10
499.38,40.18,20.14,22.66,8.04,73.30,44.22,59.64,8.09
499.39,40.18,20.14,22.70,8.06,73.30,44.12,59.64,8.11
499.40,40.18,20.14,22.70,8.07,73.30,44.12,59.64,8.10
499.41,40.18,20.16,22.70,8.04,73.30,44.12,59.64,8.10
499.42,40.18,20.16,22.70,8.04,73.30,44.22,59.80,8.10
499.43,40.18,20.16,22.70,8.04,73.30,44.12,59.64,8.10
499.44,40.18,20.16,22.70,8.06,73.30,44.12,59.64,8.11
499.45,40.18,20.16,22.70,8.04,73.30,44.12,59.64,8.11
499.46,40.18,20.14,22.70,8.04,73.30,44.12,59.80,8.11
499.47,40.18,20.16,22.70,8.06,73.30,44.12,59.64,8.10
499.48,40.18,20.14,22.70,8.06,73.30,44.22,59.64,8.10
499.49,40.18,20.16,22.70,8.06,73.30,44.22,59.49,8.10
499.50,40.18,20.16,22.70,8.06,73.30,44.12,59.64,8.10
499.51,40.18,20.16,22.70,8.06,73.30,44.12,59.64,8.10
499.52,40.18,20.14,22.70,8.06,73.30,44.22,59.64,8.11
499.53,40.18,20.14,22.70,8.06,73.30,44.12,59.64,8.11
499.54,40.18,20.16,22.70,8.04,73.30,44.12,59.64,8.09
499.55,40.18,20.14,22.66,8.04,73.30,44.12,59.49,8.10
499.56,40.18,20.14,22.66,8.04,73.30,44.22,59.64,8.09
499.57,40.18,20.16,22.70,8.06,73.30,44.12,59.49,8.09
499.58,40.18,20.16,22.70,8.04,73.30,44.22,59.64,8.10
499.59,40.18,20.16,22.70,8.06,73.52,44.12,59.64,8.10
499.60,40.18,20.14,22.70,8.04,73.30,44.12,59.49,8.11
499.61,40.18,20.16,22.70,8.06,73.30,44.12,59.64,8.10
499.62,40.18,20.16,22.66,8.04,73.52,44.12,59.64,8.10
499.63,40.18,20.14,22.70,8.04,73.30,44.22,59.49,8.10
499.64,40.18,20.14,22.70,8.04,73.30,44.22,59.64,8.11
499.65,40.18,20.14,22.66,8.04,73.08,44.22,59.64,8.10
499.66,40.18,20.16,22.66,8.04,73.30,44.12,59.64,8.10
499.67,40.18,20.14,22.70,8.04,73.30,44.12,59.64,8.11
499.68,40.18,20.16,22.70,8.06,73.30,44.22,59.49,8.11
499.69,40.18,20.14,22.70,8.06,73.30,44.12,59.64,8.09
499.70,40.18,20.14,22.66,8.06,73.30,44.12,59.64,8.10
499.71,40.18,20.14,22.66,8.04,73.30,44.12,59.64,8.09
499.72,40.18,20.16,22.66,8.04,73.30,44.22,59.64,8.10
499.73,40.18,20.14,22.70,8.04,73.52,44.22,59.64,8.10
499.74,40.18,20.16,22.70,8.04,73.52,44.12,59.64,8.11
499.75,40.18,20.16,22.70,8.06,73.30,44.22,59.49,8.10
499.76,40.18,20.16,22.70,8.04,73.30,44.12,59.49,8.10
499.77,40.18,20.14,22.66,8.04,73.30,44.12,59.64,8.10
499.78,40.10,20.16,22.70,8.04,73.30,44.22,59.64,8.10
499.79,40.18,20.14,22.70,8.04,73.30,44.12,59.64,8.10
499.80,40.18,20.16,22.70,8.06,73.30,44.12,59.64,8.10
499.81,40.18,20.14,22.66,8.06,73.30,44.12,59.64,8.09
499.82,40.18,20.16,22.70,8.04,73.30,44.12,59.64,8.10
499.83,40.18,20.16,22.70,8.04,73.30,44.12,59.49,8.11
499.84,40.18,20.16,22.70,8.04,73.52,44.12,59.64,8.09
499.85,40.18,20.16,22.70,8.06,73.30,44.22,59.64,8.11
499.86,40.18,20.16,22.70,8.04,73.30,44.22,59.64,8.10
499.87,40.18,20.14,22.66,8.04,73.30,44.12,59.64,8.10
499.88,40.18,20.16,22.70,8.06,73.30,44.22,59.64,8.10
499.89,40.26,20.16,22.66,8.06,73.52,44.22,59.80,8.10
499.90,40.18,20.19,22.70,8.04,73.30,44.22,59.64,8.10
499.91,40.18,20.14,22.70,8.06,73.52,44.12,59.64,8.10
499.92,40.18,20.14,22.70,8.04,73.30,44.12,59.64,8.09
499.93,40.18,20.16,22.66,8.06,73.30,44.22,59.64,8.11
499.94,40.18,20.14,22.66,8.04,73.30,44.12,59.80,8.09
499.95,40.18,20.16,22.70,8.06,73.30,44.12,59.64,8.10
499.96,40.18,20.16,22.66,8.04,73.30,44.22,59.64,8.11
499.97,40.18,20.14,22.70,8.06,73.30,44.12,59.64,8.10
499.98,40.10,20.14,22.70,8.06,73.30,44.12,59.64,8.10
499.99,40.18,20.16,22.73,8.04,73.30,44.12,59.64,8.10
500.00,40.18,20.16,22.70,8.04,73.30,44.12,59.64,8.11
500.01,40.18,20.16,22.70,8.06,73.30,44.22,59.49,8.11
500.02,40.18,20.14,22.66,8.06,73.52,44.22,59.49,8.10
500.03,40.18,20.16,22.70,8.04,73.30,44.12,59.49,8.10
500.04,40.18,20.16,22.70,8.06,73.30,44.22,59.64,8.11
500.05,40.18,20.16,22.70,8.06,73.30,44.22,59.64,8.11
500.06,40.10,20.16,22.70,8.07,73.30,44.12,59.64,8.10
500.07,40.18,20.11,22.70,8.04,73.30,44.12,59.64,8.10
500.08,40.18,20.14,22.66,8.06,73.30,44.12,59.64,8.11
500.09,40.18,20.16,22.70,8.04,73.30,44.22,59.49,8.10
500.10,40.18,20.16,22.73,8.06,73.30,44.22,59.64,8.10
500.11,40.18,20.16,22.70,8.07,73.30,44.22,59.64,8.10
500.12,40.18,20.16,22.70,8.06,73.08,44.12,59.64,8.10
500.13,40.18,20.19,22.70,8.06,73.30,44.12,59.64,8.10
500.14,40.18,20.19,22.70,8.06,73.30,44.12,59.64,8.10
500.15,40.18,20.16,22.66,8.06,73.30,44.22,59.64,8.11
500.16,40.18,20.14,22.70,8.04,73.30,44.12,59.64,8.10
500.17,40.18,20.14,22.70,8.04,73.30,44.12,59.64,8.10
500.18,40.18,20.16,22.66,8.06,73.30,44.12,59.64,8.11
500.19,40.18,20.16,22.70,8.06,73.30,44.12,59.64,8.10
500.20,40.18,20.16,22.70,8.06,73.30,44.22,59.64,8.10
500.21,40.18,20.16,22.70,8.04,73.30,44.22,59.64,8.10
500.22,40.18,20.16,22.70,8.06,73.30,44.03,59.64,8.10
500.23,40.18,20.16,22.70,8.04,73.30,44.22,59.49,8.10
500.24,40.18,20.16,22.70,8.06,73.30,44.03,59.64,8.11
500.25,40.18,20.16,22.70,8.04,73.30,44.22,59.64,8.10
500.26,40.18,20.14,22.70,8.04,73.30,44.12,59.64,8.11
500.27,40.18,20.16,22.70,8.06,73.30,44.22,59.80,8.10
500.28,40.18,20.16,22.70,8.04,73.08,44.22,59.64,8.11
500.29,40.18,20.16,22.66,8.04,73.30,44.22,59.64,8.12
500.30,40.18,20.14,22.70,8.04,73.30,44.22,59.64,8.09
500.31,40.18,20.14,22.70,8.06,73.30,44.12,59.64,8.10
500.32,40.10,20.16,22.66,8.06,73.30,44.12,59.64,8.10
500.33,40.18,20.19,22.70,8.04,73.30,44.22,59.49,8.09
500.34,40.18,20.16,22.66,8.04,73.30,44.12,59.64,8.10
500.35,40.10,20.16,22.70,8.06,73.30,44.12,59.64,8.11
500.36,40.34,20.19,22.70,8.07,73.30,44.22,59.64,8.11
500.37,40.10,20.14,22.70,8.04,73.30,44.22,59.64,8.10
500.38,40.18,20.16,22.70,8.06,73.30,44.12,59.64,8.11
500.39,40.18,20.16,22.73,8.06,73.52,44.22,59.49,8.11
500.40,40.18,20.19,22.66,8.04,73.30,44.22,59.64,8.11
500.41,40.18,20.16,22.70,8.04,73.30,44.22,59.64,8.10
500.42,40.18,20.16,22.73,8.06,73.52,44.22,59.64,8.10
500.43,40.18,20.16,22.70,8.04,73.08,44.22,59.64,8.10
500.44,40.18,20.19,22.70,8.06,73.30,44.31,59.64,8.10
500.45,40.10,20.16,22.70,8.07,73.30,44.22,59.64,8.10
500.46,40.26,20.16,22.66,8.04,73.30,44.22,59.64,8.10
500.47,40.18,20.16,22.66,8.06,73.30,44.22,59.49,8.10
500.48,40.18,20.16,22.70,8.04,73.30,44.22,59.64,8.11
500.49,40.18,20.16,22.70,8.04,73.30,44.12,59.49,8.10
500.50,40.10,20.16,22.70,8.04,73.30,44.22,59.49,8.10
500.51,40.18,20.16,22.70,8.06,73.30,44.22,59.64,8.09
500.52,40.18,20.16,22.70,8.07,73.52,44.22,59.64,8.10
500.53,40.18,20.14,22.70,8.04,73.30,44.12,59.64,8.11
500.54,40.18,20.16,22.66,8.06,73.30,44.12,59.64,8.11
500.55,40.18,20.16,22.70,8.04,73.30,44.22,59.64,8.11
500.56,40.18,20.16,22.70,8.07,73.30,44.03,59.64,8.11
500.57,40.18,20.14,22.70,8.06,73.30,44.22,59.64,8.11
500.58,40.18,20.16,22.70,8.06,73.30,44.22,59.64,8.10
500.59,40.18,20.16,22.73,8.04,73.30,44.22,59.64,8.11
500.60,40.18,20.14,22.70,8.06,73.30,44.22,59.64,8.10
500.61,40.10,20.16,22.73,8.06,73.30,44.22,59.64,8.11
500.62,40.18,20.16,22.73,8.07,73.30,44.22,59.64,8.10
500.63,40.18,20.16,22.70,8.04,73.30,44.22,59.64,8.11
500.64,40.18,20.16,22.66,8.04,73.30,44.12,59.64,8.10
500.65,40.18,20.16,22.73,8.04,73.30,44.22,59.64,8.11
500.66,40.18,20.16,22.70,8.07,73.30,44.22,59.64,8.11
500.67,40.18,20.16,22.70,8.06,73.30,44.22,59.64,8.10
500.68,40.18,20.11,22.70,8.07,73.30,44.22,59.49,8.10
500.69,40.10,20.16,22.70,8.06,73.30,44.22,59.64,8.11
500.70,40.18,20.16,22.70,8.04,73.52,44.22,59.64,8.10
500.71,40.18,20.16,22.70,8.06,73.30,44.22,59.64,8.10
500.72,40.18,20.14,22.70,8.06,73.30,44.22,59.64,8.10
500.73,40.18,20.16,22.70,8.06,73.30,44.12,59.64,8.10
500.74,40.18,20.16,22.70,8.04,73.30,44.22,59.64,8.11
500.75,40.18,20.16,22.70,8.04,73.30,44.22,59.64,8.11
500.76,40.18,20.16,22.70,8.07,73.30,44.12,59.64,8.11
500.77,40.18,20.14,22.70,8.06,73.30,44.22,59.64,8.10
500.78,40.18,20.16,22.70,8.06,73.30,44.12,59.64,8.10
500.79,40.18,20.16,22.70,8.04,73.30,44.12,59.64,8.11
500.80,40.18,20.16,22.66,8.06,73.30,44.12,59.64,8.09
500.81,40.18,20.16,22.70,8.06,73.30,44.22,59.64,8.10
500.82,40.18,20.14,22.70,8.06,73.30,44.22,59.64,8.10
500.83,40.18,20.19,22.70,8.04,73.30,44.12,59.64,8.11
500.84,40.18,20.16,22.73,8.06,73.30,44.12,59.49,8.11
500.85,40.18,20.16,22.70,8.04,73.30,44.12,59.49,8.11
500.86,40.18,20.16,22.70,8.04,73.30,44.12,59.64,8.10
500.87,40.18,20.16,22.70,8.04,73.30,44.12,59.64,8.10
500.88,40.18,20.16,22.70,8.04,73.30,44.22,59.64,8.11
500.89,40.10,20.16,22.73,8.06,73.30,44.22,59.64,8.11
500.90,40.18,20.16,22.70,8.06,73.52,44.22,59.64,8.11
500.91,40.18,20.16,22.70,8.06,73.30,44.22,59.64,8.10
500.92,40.18,20.16,22.70,8.07,73.30,44.22,59.80,8.09
500.93,40.18,20.19,22.70,8.06,73.30,44.22,59.64,8.10
500.94,40.18,20.16,22.70,8.06,73.30,44.12,59.64,8.10
500.95,40.18,20.14,22.66,8.04,73.30,44.31,59.64,8.10
500.96,40.10,20.16,22.70,8.06,73.30,44.22,59.64,8.10
500.97,40.18,20.16,22.66,8.07,73.30,44.31,59.49,8.10
500.98,40.18,20.14,22.70,8.07,73.52,44.22,59.64,8.10
500.99,40.18,20.16,22.73,8.07,73.30,44.22,59.64,8.10
501.00,40.18,20.14,22.66,8.06,73.52,44.12,59.64,8.10
501.01,40.26,20.19,22.70,8.04,73.30,44.22,59.49,8.10
501.02,40.18,20.16,22.70,8.06,73.30,44.22,59.64,8.10
501.03,40.18,20.16,22.70,8.06,73.52,44.22,59.64,8.10
501.04,40.18,20.16,22.70,8.06,73.30,44.22,59.80,8.11
501.05,40.18,20.16,22.70,8.06,73.30,44.22,59.80,8.10
501.06,40.18,20.14,22.70,8.04,73.30,44.22,59.64,8.11
501.07,40.18,20.16,22.70,8.04,73.30,44.22,59.49,8.10
501.08,40.18,20.16,22.66,8.04,73.52,44.12,59.64,8.11
501.09,40.18,20.16,22.70,8.04,73.30,44.22,59.64,8.10
501.10,40.18,20.16,22.73,8.06,73.30,44.12,59.64,8.10
501.11,40.18,20.16,22.70,8.06,73.30,44.22,59.64,8.10
501.12,40.18,20.16,22.70,8.06,73.30,44.22,59.64,8.11
501.13,40.18,20.16,22.70,8.04,73.30,44.12,59.64,8.10
501.14,40.18,20.19,22.73,8.04,73.52,44.22,59.64,8.10
501.15,40.18,20.16,22.70,8.07,73.30,44.22,59.64,8.10
501.16,40.18,20.16,22.73,8.04,73.30,44.22,59.64,8.10
501.17,40.18,20.19,22.70,8.04,73.30,44.22,59.64,8.10
501.18,40.18,20.16,22.70,8.06,73.30,44.22,59.64,8.11
501.19,40.18,20.16,22.73,8.06,73.30,44.12,59.64,8.10
501.20,40.18,20.16,22.70,8.04,73.30,44.12,59.64,8.10
501.21,40.18,20.16,22.70,8.06,73.30,44.31,59.64,8.10
501.22,40.18,20.14,22.70,8.07,73.30,44.22,59.64,8.10
501.23,40.18,20.16,22.70,8.04,73.30,44.31,59.49,8.09
501.24,40.18,20.16,22.70,8.06,73.30,44.22,59.64,8.09
501.25,40.18,20.16,22.70,8.06,73.30,44.31,59.64,8.09
501.26,40.18,20.19,22.70,8.06,73.30,44.31,59.64,8.10
501.27,40.18,20.19,22.70,8.06,73.30,44.22,59.64,8.10
501.28,40.18,20.16,22.70,8.06,73.30,44.22,59.64,8.11
501.29,40.10,20.19,22.73,8.06,73.30,44.22,59.64,8.11
501.30,40.18,20.14,22.66,8.06,73.52,44.22,59.64,8.10
501.31,40.18,20.16,22.70,8.06,73.30,44.22,59.64,8.11
501.32,40.18,20.22,22.70,8.06,73.30,44.12,59.80,8.10
501.33,40.18,20.16,22.70,8.06,73.30,44.12,59.64,8.11
501.34,40.18,20.19,22.66,8.04,73.30,44.22,59.64,8.10
501.35,40.18,20.19,22.70,8.07,73.30,44.22,59.80,8.10
501.36,40.18,20.14,22.73,8.07,73.30,44.22,59.64,8.11
501.37,40.18,20.16,22.70,8.04,73.30,44.22,59.64,8.10
501.38,40.18,20.16,22.70,8.06,73.30,44.22,59.64,8.11
501.39,40.18,20.19,22.70,8.07,73.30,44.22,59.64,8.10
501.40,40.18,20.19,22.70,8.06,73.30,44.12,59.64,8.11
501.41,40.18,20.16,22.70,8.07,73.30,44.12,59.64,8.10
501.42,40.18,20.19,22.73,8.06,73.30,44.22,59.80,8.10
501.43,40.10,20.16,22.70,8.06,73.30,44.12,59.64,8.10
501.44,40.18,20.16,22.70,8.06,73.30,44.22,59.80,8.10
501.45,40.18,20.16,22.73,8.07,73.30,44.31,59.80,8.11
501.46,40.18,20.16,22.70,8.04,73.30,44.22,59.64,8.10
501.47,40.10,20.14,22.70,8.07,73.30,44.22,59.64,8.10
501.48,40.18,20.19,22.70,8.06,73.30,44.22,59.64,8.11
501.49,40.18,20.19,22.70,8.06,73.30,44.22,59.80,8.10
501.50,40.18,20.16,22.73,8.06,73.30,44.22,59.64,8.10
501.51,40.18,20.19,22.70,8.06,73.30,44.22,59.64,8.11
501.52,40.26,20.16,22.70,8.04,73.30,44.22,59.64,8.10
501.53,40.10,20.16,22.70,8.06,73.30,44.22,59.64,8.10
501.54,40.18,20.16,22.70,8.04,73.30,44.22,59.64,8.10
501.55,40.26,20.16,22.70,8.06,73.30,44.22,59.64,8.10
501.56,40.18,20.16,22.66,8.06,73.30,44.22,59.64,8.11
501.57,40.18,20.16,22.73,8.04,73.30,44.22,59.80,8.11
501.58,40.18,20.16,22.70,8.06,73.30,44.22,59.64,8.10
501.59,40.18,20.19,22.66,8.06,73.30,44.22,59.64,8.11
501.60,40.18,20.14,22.70,8.06,73.30,44.12,59.64,8.10
501.61,40.18,20.19,22.70,8.06,73.30,44.22,59.64,8.11
501.62,40.18,20.16,22.70,8.06,73.30,44.22,59.64,8.09
501.63,40.18,20.16,22.70,8.06,73.75,44.22,59.80,8.10
501.64,40.18,20.16,22.70,8.07,73.52,44.22,59.49,8.10
501.65,40.18,20.16,22.73,8.07,73.30,44.22,59.64,8.10
501.66,40.18,20.16,22.70,8.04,73.30,44.12,59.64,8.10
501.67,40.18,20.14,22.70,8.06,73.30,44.22,59.80,8.11
501.68,40.18,20.16,22.70,8.06,73.30,44.12,59.64,8.10
501.69,40.18,20.16,22.70,8.04,73.30,44.22,59.80,8.11
501.70,40.18,20.19,22.70,8.06,73.30,44.22,59.80,8.10
501.71,40.18,20.19,22.70,8.06,73.30,44.12,59.80,8.10
501.72,40.18,20.16,22.73,8.06,73.30,44.22,59.64,8.09
501.73,40.18,20.16,22.70,8.06,73.30,44.22,59.64,8.10
501.74,40.18,20.16,22.70,8.06,73.30,44.22,59.80,8.10
501.75,40.18,20.19,22.73,8.07,73.30,44.31,59.64,8.10
501.76,40.18,20.16,22.70,8.04,73.30,44.22,59.64,8.10
501.77,40.18,20.19,22.70,8.06,73.52,44.31,59.64,8.10
501.78,40.18,20.16,22.70,8.06,73.30,44.22,59.64,8.11
501.79,40.18,20.16,22.70,8.07,73.30,44.22,59.64,8.11
501.80,40.18,20.14,22.70,8.06,73.30,44.22,59.64,8.11
501.81,40.18,20.16,22.70,8.06,73.30,44.22,59.64,8.10
501.82,40.18,20.16,22.70,8.06,73.52,44.22,59.64,8.10
501.83,40.18,20.19,22.70,8.04,73.30,44.22,59.64,8.10
501.84,40.18,20.16,22.70,8.04,73.52,44.22,59.64,8.11
501.85,40.18,20.16,22.70,8.07,73.30,44.22,59.80,8.11
501.86,40.10,20.16,22.70,8.06,73.52,44.22,59.64,8.11
501.87,40.18,20.19,22.70,8.06,73.30,44.12,59.64,8.10
501.88,40.18,20.16,22.70,8.04,73.30,44.12,59.64,8.10
501.89,40.18,20.16,22.70,8.06,73.30,44.31,59.64,8.10
501.90,40.18,20.16,22.70,8.06,73.30,44.22,59.64,8.11
501.91,40.18,20.16,22.70,8.06,73.30,44.22,59.64,8.11
501.92,40.10,20.14,22.73,8.04,73.30,44.22,59.64,8.11
501.93,40.10,20.16,22.70,8.06,73.30,44.22,59.64,8.11
501.94,40.10,20.16,22.70,8.06,73.30,44.22,59.64,8.11
501.95,40.18,20.19,22.70,8.06,73.52,44.12,59.64,8.10
501.96,40.18,20.16,22.70,8.06,73.30,44.12,59.64,8.10
501.97,40.18,20.19,22.70,8.04,73.30,44.22,59.64,8.11
501.98,40.18,20.19,22.70,8.06,73.30,44.31,59.64,8.11
501.99,40.18,20.16,22.73,8.06,73.30,44.22,59.64,8.10
502.00,40.18,20.16,22.70,8.06,73.52,44.22,59.64,8.11
502.01,40.10,20.16,22.70,8.06,73.30,44.22,59.64,8.11
502.02,40.18,20.16,22.70,8.04,73.30,44.22,59.64,8.10
502.03,40.18,20.16,22.73,8.06,73.30,44.22,59.64,8.11
502.04,40.18,20.16,22.70,8.06,73.30,44.31,59.64,8.10
502.05,40.18,20.14,22.70,8.04,73.30,44.12,59.80,8.10
502.06,40.18,20.16,22.70,8.04,73.30,44.22,59.64,8.10
502.07,40.18,20.19,22.70,8.06,73.30,44.22,59.64,8.11
502.08,40.18,20.16,22.70,8.04,73.52,44.22,59.64,8.11
502.09,40.18,20.19,22.70,8.06,73.30,44.22,59.64,8.10
502.10,40.26,20.16,22.70,8.06,73.30,44.22,59.80,8.11
502.11,40.18,20.16,22.73,8.06,73.30,44.22,59.64,8.11
502.12,40.18,20.19,22.70,8.06,73.30,44.22,59.64,8.11
502.13,40.18,20.16,22.70,8.06,73.30,44.22,59.64,8.10
502.14,40.18,20.19,22.70,8.07,73.52,44.22,59.80,8.10
502.15,40.18,20.16,22.70,8.06,73.30,44.22,59.64,8.10
502.16,40.18,20.19,22.70,8.06,73.30,44.12,59.80,8.11
502.17,40.10,20.16,22.70,8.06,73.30,44.31,59.64,8.10
502.18,40.18,20.16,22.73,8.04,73.52,44.12,59.64,8.10
502.19,40.18,20.16,22.70,8.06,73.52,44.22,59.80,8.11
502.20,40.18,20.19,22.70,8.06,73.30,44.31,59.64,8.11
502.21,40.18,20.19,22.73,8.06,73.30,44.31,59.80,8.11
502.22,40.18,20.19,22.70,8.06,73.30,44.22,59.64,8.11
502.23,40.18,20.16,22.70,8.06,73.30,44.22,59.64,8.10
502.24,40.18,20.16,22.70,8.06,73.30,44.22,59.80,8.10
502.25,40.18,20.16,22.70,8.06,73.52,44.22,59.64,8.11
502.26,40.10,20.16,22.70,8.06,73.52,44.12,59.64,8.11
502.27,40.10,20.16,22.70,8.06,73.30,44.22,59.64,8.10
502.28,40.18,20.16,22.70,8.06,73.30,44.22,59.64,8.10
502.29,40.18,20.16,22.70,8.06,73.30,44.22,59.64,8.10
502.30,40.18,20.16,22.70,8.06,73.30,44.22,59.64,8.11
502.31,40.18,20.16,22.70,8.06,73.30,44.22,59.64,8.11
502.32,40.18,20.19,22.70,8.07,73.30,44.22,59.64,8.10
502.33,40.18,20.16,22.70,8.04,73.52,44.12,59.64,8.10
502.34,40.18,20.16,22.73,8.06,73.30,44.31,59.64,8.11
502.35,40.18,20.16,22.73,8.06,73.30,44.12,59.64,8.10
502.36,40.18,20.16,22.70,8.04,73.30,44.22,59.80,8.11
502.37,40.18,20.16,22.70,8.04,73.30,44.12,59.64,8.10
502.38,40.18,20.19,22.70,8.04,73.30,44.22,59.80,8.11
502.39,40.18,20.16,22.70,8.06,73.30,44.31,59.64,8.10
502.40,40.18,20.16,22.70,8.06,73.30,44.22,59.64,8.11
502.41,40.18,20.16,22.70,8.06,73.30,44.31,59.64,8.10
502.42,40.18,20.19,22.70,8.06,73.52,44.12,59.64,8.11
502.43,40.10,20.19,22.73,8.06,73.30,44.22,59.80,8.11
502.44,40.18,20.16,22.70,8.06,73.30,44.22,59.64,8.11
502.45,40.18,20.19,22.70,8.07,73.30,44.22,59.64,8.11
502.46,40.18,20.16,22.70,8.06,73.52,44.12,59.64,8.10
502.47,40.18,20.16,22.70,8.07,73.30,44.12,59.64,8.11
502.48,40.18,20.16,22.70,8.06,73.30,44.22,59.64,8.10
502.49,40.10,20.16,22.70,8.06,73.30,44.22,59.80,8.10
502.50,40.10,20.16,22.70,8.06,73.30,44.22,59.64,8.11
502.51,40.18,20.19,22.73,8.06,73.30,44.22,59.64,8.10
502.52,40.18,20.14,22.70,8.06,73.30,44.22,59.64,8.10
502.53,40.18,20.22,22.70,8.06,73.30,44.22,59.64,8.10
502.54,40.10,20.19,22.70,8.06,73.30,44.12,59.64,8.10
502.55,40.18,20.19,22.70,8.04,73.52,44.12,59.64,8.10
502.56,40.18,20.16,22.70,8.07,73.30,44.12,59.64,8.10
502.57,40.18,20.16,22.66,8.07,73.30,44.31,59.64,8.11
502.58,40.18,20.16,22.70,8.06,73.30,44.22,59.80,8.11
502.59,40.18,20.19,22.70,8.07,73.30,44.22,59.64,8.12
502.60,40.18,20.19,22.70,8.06,73.30,44.22,59.64,8.11
502.61,40.18,20.16,22.70,8.06,73.30,44.22,59.64,8.11
502.62,40.18,20.19,22.73,8.06,73.30,44.12,59.64,8.11
502.63,40.18,20.16,22.70,8.04,73.30,44.22,59.64,8.11
502.64,40.18,20.16,22.70,8.07,73.30,44.22,59.64,8.11
502.65,40.18,20.16,22.70,8.06,73.30,44.31,59.64,8.11
502.66,40.18,20.16,22.70,8.06,73.30,44.31,59.64,8.11
502.67,40.18,20.16,22.70,8.06,73.30,44.31,59.64,8.10
502.68,40.10,20.16,22.70,8.07,73.30,44.22,59.64,8.11
502.69,40.18,20.19,22.73,8.06,73.30,44.22,59.80,8.11
502.70,40.26,20.16,22.70,8.06,73.30,44.22,59.80,8.11
502.71,40.18,20.19,22.70,8.06,73.30,44.22,59.64,8.11
502.72,40.18,20.19,22.70,8.06,73.30,44.22,59.80,8.11
502.73,40.26,20.16,22.70,8.06,73.30,44.22,59.64,8.11
502.74,40.10,20.16,22.66,8.06,73.30,44.22,59.80,8.11
502.75,40.02,20.19,22.73,8.06,73.30,44.22,59.64,8.10
502.76,40.18,20.16,22.73,8.08,73.52,44.22,59.64,8.10
502.77,40.18,20.16,22.66,8.06,73.30,44.12,59.64,8.10
502.78,40.18,20.19,22.73,8.06,73.52,44.31,59.64,8.10
502.79,40.18,20.19,22.70,8.07,73.30,44.22,59.64,8.11
502.80,40.18,20.16,22.70,8.06,73.30,44.22,59.80,8.10
502.81,40.18,20.16,22.70,8.07,73.30,44.31,59.64,8.10
502.82,40.10,20.16,22.70,8.06,73.52,44.22,59.64,8.10
502.83,40.18,20.16,22.70,8.06,73.30,44.22,59.64,8.11
502.84,40.18,20.19,22.70,8.07,73.30,44.31,59.64,8.10
502.85,40.18,20.16,22.70,8.07,73.30,44.22,59.80,8.10
502.86,40.18,20.16,22.73,8.06,73.30,44.31,59.80,8.11
502.87,40.10,20.19,22.70,8.06,73.30,44.22,59.49,8.10
502.88,40.18,20.16,22.70,8.07,73.30,44.22,59.95,8.11
502.89,40.10,20.16,22.70,8.06,73.30,44.22,59.64,8.11
502.90,40.10,20.19,22.70,8.06,73.30,44.22,59.64,8.11
502.91,40.18,20.16,22.70,8.07,73.30,44.22,59.64,8.10
502.92,40.10,20.16,22.70,8.07,73.30,44.22,59.64,8.11
502.93,40.10,20.16,22.70,8.06,73.30,44.31,59.49,8.09
502.94,40.18,20.16,22.70,8.06,73.30,44.22,59.64,8.11
502.95,40.18,20.16,22.66,8.06,73.30,44.12,59.64,8.11
502.96,40.10,20.16,22.70,8.06,73.30,44.22,59.64,8.11
502.97,40.18,20.16,22.70,8.06,73.30,44.22,59.64,8.11
502.98,40.10,20.19,22.70,8.04,73.30,44.22,59.64,8.11
502.99,40.18,20.19,22.73,8.06,73.52,44.31,59.80,8.10
503.00,40.10,20.16,22.70,8.06,73.30,44.22,59.64,8.11
503.01,40.10,20.16,22.70,8.07,73.30,44.31,59.80,8.09
503.02,40.18,20.16,22.70,8.06,73.30,44.22,59.64,8.11
503.03,40.18,20.16,22.70,8.06,73.30,44.22,59.64,8.10
503.04,40.10,20.16,22.70,8.07,73.30,44.31,59.64,8.10
503.05,40.10,20.16,22.70,8.06,73.52,44.22,59.80,8.11
503.06,40.18,20.16,22.70,8.06,73.52,44.22,59.64,8.11
503.07,40.18,20.16,22.70,8.04,73.30,44.22,59.64,8.11
503.08,40.18,20.16,22.70,8.06,73.30,44.22,59.64,8.10
503.09,40.18,20.16,22.66,8.07,73.52,44.22,59.49,8.11
503.10,40.18,20.16,22.70,8.06,73.30,44.12,59.64,8.10
503.11,40.18,20.16,22.70,8.04,73.30,44.22,59.80,8.11
503.12,40.10,20.14,22.73,8.07,73.30,44.22,59.64,8.10
503.13,40.10,20.16,22.66,8.06,73.30,44.22,59.64,8.10
503.14,40.18,20.16,22.70,8.06,73.30,44.22,59.64,8.10
503.15,40.18,20.16,22.70,8.06,73.30,44.22,59.64,8.10
503.16,40.18,20.16,22.70,8.06,73.30,44.12,59.64,8.11
503.17,40.18,20.14,22.70,8.07,73.30,44.22,59.64,8.10
503.18,40.10,20.16,22.70,8.06,73.30,44.12,59.64,8.10
503.19,40.10,20.16,22.70,8.06,73.30,44.31,59.64,8.10
503.20,40.10,20.16,22.70,8.04,73.30,44.22,59.64,8.11
503.21,40.10,20.16,22.66,8.06,73.52,44.22,59.64,8.11
503.22,40.18,20.16,22.70,8.06,73.30,44.31,59.64,8.11
503.23,40.18,20.19,22.66,8.06,73.30,44.22,59.64,8.11
503.24,40.10,20.19,22.70,8.06,73.52,44.22,59.64,8.11
503.25,40.10,20.16,22.70,8.04,73.30,44.22,59.64,8.10
503.26,40.18,20.16,22.70,8.04,73.30,44.22,59.64,8.10
503.27,40.18,20.19,22.70,8.06,73.30,44.22,59.64,8.10
503.28,40.10,20.16,22.70,8.06,73.30,44.22,59.64,8.10
503.29,40.18,20.19,22.70,8.04,73.30,44.22,59.64,8.11
503.30,40.18,20.16,22.70,8.06,73.30,44.22,59.80,8.11
503.31,40.18,20.16,22.70,8.06,73.30,44.22,59.64,8.11
503.32,40.10,20.16,22.70,8.06,73.30,44.22,59.64,8.10
503.33,40.10,20.16,22.70,8.06,73.30,44.22,59.64,8.10
503.34,40.18,20.19,22.66,8.06,73.30,44.22,59.64,8.10
503.35,40.18,20.16,22.70,8.06,73.30,44.31,59.49,8.10
503.36,40.18,20.16,22.70,8.06,73.30,44.12,59.80,8.10
503.37,40.18,20.16,22.70,8.06,73.30,44.22,59.64,8.10
503.38,40.10,20.16,22.70,8.04,73.30,44.12,59.64,8.10
503.39,40.10,20.14,22.66,8.06,73.30,44.31,59.64,8.10
503.40,40.10,20.16,22.70,8.06,73.30,44.22,59.64,8.10
503.41,40.10,20.19,22.66,8.04,73.30,44.22,59.64,8.10
503.42,40.10,20.16,22.70,8.07,73.30,44.22,59.64,8.10
503.43,40.18,20.19,22.70,8.06,73.30,44.22,59.64,8.11
503.44,40.18,20.16,22.73,8.07,73.30,44.22,59.64,8.11
503.45,40.18,20.16,22.66,8.06,73.30,44.31,59.64,8.10
503.46,40.10,20.14,22.70,8.04,73.30,44.22,59.64,8.11
503.47,40.18,20.14,22.70,8.04,73.30,44.22,59.64,8.10
503.48,40.10,20.19,22.70,8.04,73.30,44.22,59.64,8.12
503.49,40.10,20.19,22.66,8.06,73.30,44.12,59.64,8.09
503.50,40.18,20.14,22.70,8.07,73.30,44.22,59.64,8.10
503.51,40.18,20.16,22.66,8.06,73.30,44.22,59.64,8.10
503.52,40.10,20.16,22.66,8.04,73.30,44.31,59.64,8.10
503.53,40.10,20.16,22.70,8.07,73.30,44.22,59.64,8.11
503.54,40.18,20.19,22.66,8.06,73.30,44.22,59.64,8.12
503.55,40.18,20.16,22.66,8.04,73.52,44.12,59.64,8.11
503.56,40.10,20.14,22.70,8.06,73.30,44.22,59.64,8.10
503.57,40.10,20.16,22.66,8.04,73.30,44.22,59.64,8.11
503.58,40.10,20.16,22.66,8.07,73.30,44.22,59.64,8.11
503.59,40.02,20.16,22.66,8.07,73.30,44.22,59.64,8.11
503.60,40.10,20.16,22.70,8.06,73.30,44.22,59.64,8.09
503.61,40.18,20.19,22.70,8.06,73.30,44.12,59.64,8.10
503.62,40.10,20.16,22.70,8.06,73.52,44.22,59.64,8.10
503.63,40.10,20.16,22.70,8.06,73.30,44.22,59.64,8.11
503.64,40.10,20.16,22.66,8.04,73.30,44.12,59.64,8.10
503.65,40.10,20.16,22.70,8.07,73.30,44.22,59.64,8.11
503.66,40.10,20.16,22.66,8.07,73.30,44.12,59.64,8.10
503.67,40.10,20.14,22.70,8.04,73.30,44.22,59.64,8.10
503.68,40.10,20.16,22.70,8.06,73.30,44.22,59.64,8.10
503.69,40.10,20.19,22.70,8.06,73.30,44.31,59.49,8.10
503.70,40.10,20.16,22.70,8.06,73.30,44.22,59.49,8.11
503.71,40.10,20.16,22.70,8.06,73.30,44.31,59.64,8.10
503.72,40.10,20.16,22.66,8.06,73.30,44.22,59.64,8.10
503.73,40.10,20.16,22.66,8.06,73.30,44.22,59.64,8.10
503.74,40.10,20.16,22.70,8.06,73.30,44.22,59.64,8.10
503.75,40.18,20.16,22.70,8.06,73.30,44.12,59.64,8.11
503.76,40.10,20.19,22.66,8.04,73.30,44.22,59.49,8.10
503.77,40.10,20.16,22.66,8.06,73.30,44.22,59.64,8.10
503.78,40.10,20.16,22.66,8.07,73.30,44.22,59.49,8.11
503.79,40.10,20.16,22.70,8.06,73.30,44.12,59.64,8.11
503.80,40.18,20.14,22.66,8.04,73.30,44.12,59.64,8.11
503.81,40.18,20.16,22.66,8.06,73.30,44.31,59.64,8.10
503.82,40.10,20.16,22.70,8.07,73.30,44.31,59.64,8.11
503.83,40.10,20.16,22.70,8.06,73.30,44.12,59.64,8.10
503.84,40.10,20.16,22.66,8.06,73.30,44.22,59.64,8.11
503.85,40.10,20.19,22.70,8.06,73.52,44.22,59.64,8.10
503.86,40.18,20.16,22.70,8.06,73.30,44.22,59.64,8.09
503.87,40.10,20.16,22.66,8.07,73.30,44.12,59.64,8.11
503.88,40.10,20.16,22.70,8.06,73.30,44.12,59.64,8.10
503.89,40.10,20.16,22.66,8.06,73.30,44.22,59.49,8.11
503.90,40.10,20.16,22.66,8.06,73.30,44.22,59.49,8.10
503.91,40.18,20.16,22.70,8.06,73.30,44.22,59.64,8.09
503.92,40.18,20.16,22.66,8.06,73.30,44.31,59.64,8.11
503.93,40.02,20.16,22.70,8.06,73.30,44.22,59.49,8.10
503.94,40.10,20.16,22.73,8.06,73.08,44.22,59.64,8.11
503.95,40.10,20.16,22.66,8.06,73.30,44.22,59.64,8.09
503.96,40.10,20.16,22.70,8.06,73.30,44.31,59.64,8.11
503.97,40.10,20.16,22.66,8.07,73.52,44.22,59.64,8.10
503.98,40.10,20.16,22.66,8.06,73.30,44.22,59.49,8.10
503.99,40.10,20.16,22.66,8.04,73.52,44.22,59.64,8.11
504.00,40.10,20.19,22.70,8.06,73.52,44.22,59.64,8.11
504.01,40.10,20.16,22.66,8.06,73.30,44.22,59.64,8.10
504.02,40.10,20.16,22.70,8.06,73.30,44.22,59.49,8.10
504.03,40.10,20.16,22.70,8.06,73.30,44.22,59.64,8.11
504.04,40.10,20.16,22.70,8.06,73.30,44.22,59.64,8.10
504.05,40.10,20.16,22.70,8.06,73.30,44.22,59.64,8.09
504.06,40.18,20.16,22.70,8.06,73.30,44.22,59.80,8.10
504.07,40.10,20.16,22.66,8.07,73.30,44.22,59.64,8.11
504.08,40.02,20.16,22.66,8.04,73.30,44.22,59.64,8.10
504.09,40.18,20.16,22.66,8.06,73.30,44.22,59.64,8.10
504.10,40.10,20.16,22.66,8.07,73.30,44.12,59.64,8.10
504.11,40.10,20.14,22.70,8.06,73.30,44.12,59.64,8.10
504.12,40.10,20.16,22.66,8.06,73.30,44.22,59.64,8.11
504.13,40.10,20.16,22.70,8.06,73.30,44.22,59.64,8.11
504.14,40.10,20.16,22.66,8.04,73.30,44.22,59.64,8.11
504.15,40.10,20.16,22.66,8.06,73.30,44.22,59.64,8.10
504.16,40.10,20.14,22.66,8.06,73.30,44.12,59.64,8.10
504.17,40.10,20.16,22.66,8.06,73.30,44.22,59.64,8.11
504.18,40.10,20.16,22.66,8.06,73.30,44.12,59.64,8.11
504.19,40.10,20.19,22.66,8.04,73.30,44.12,59.64,8.10
504.20,40.10,20.16,22.70,8.06,73.30,44.31,59.64,8.10
504.21,40.10,20.16,22.66,8.06,73.30,44.12,59.64,8.11
504.22,40.02,20.16,22.70,8.06,73.30,44.22,59.64,8.10
504.23,40.10,20.16,22.66,8.06,73.30,44.22,59.64,8.10
504.24,40.10,20.19,22.66,8.06,73.30,44.12,59.64,8.11
504.25,40.10,20.16,22.66,8.06,73.30,44.22,59.64,8.10
504.26,40.10,20.16,22.70,8.06,73.52,44.22,59.64,8.10
504.27,40.10,20.16,22.66,8.04,73.30,44.12,59.49,8.11
504.28,40.10,20.19,22.66,8.06,73.30,44.31,59.64,8.11
504.29,40.10,20.16,22.66,8.04,73.30,44.22,59.64,8.10
504.30,40.10,20.19,22.66,8.06,73.30,44.22,59.64,8.11
504.31,40.10,20.16,22.70,8.06,73.30,44.12,59.49,8.10
504.32,40.18,20.16,22.66,8.06,73.30,44.12,59.49,8.10
504.33,40.10,20.14,22.70,8.04,73.30,44.22,59.64,8.11
504.34,40.10,20.19,22.66,8.07,73.30,44.12,59.64,8.11
504.35,40.18,20.19,22.66,8.06,73.30,44.22,59.64,8.10
504.36,40.10,20.16,22.66,8.06,73.08,44.22,59.64,8.10
504.37,40.18,20.14,22.70,8.06,73.30,44.22,59.64,8.11
504.38,40.10,20.19,22.70,8.04,73.30,44.12,59.64,8.11
504.39,40.10,20.14,22.66,8.06,73.30,44.22,59.64,8.11
504.40,40.10,20.16,22.66,8.07,73.30,44.22,59.64,8.11
504.41,40.10,20.16,22.66,8.06,73.30,44.22,59.64,8.09
504.42,40.10,20.19,22.66,8.04,73.30,44.22,59.49,8.11
504.43,40.02,20.16,22.66,8.04,73.30,44.22,59.64,8.10
504.44,40.10,20.16,22.66,8.04,73.08,44.22,59.49,8.10
504.45,40.10,20.14,22.66,8.06,73.30,44.12,59.64,8.10
504.46,40.02,20.14,22.66,8.06,73.30,44.22,59.64,8.10
504.47,40.10,20.16,22.66,8.06,73.30,44.22,59.49,8.11
504.48,40.10,20.16,22.66,8.06,73.30,44.22,59.64,8.11
504.49,40.10,20.16,22.66,8.06,73.30,44.22,59.49,8.10
504.50,40.10,20.16,22.66,8.04,73.30,44.22,59.64,8.10
504.51,40.10,20.16,22.66,8.06,73.30,44.22,59.64,8.11
504.52,40.10,20.14,22.70,8.06,73.30,44.12,59.64,8.11
504.53,40.10,20.16,22.66,8.07,73.30,44.22,59.64,8.10
504.54,40.10,20.19,22.66,8.06,73.30,44.12,59.64,8.11
504.55,40.10,20.16,22.70,8.06,73.30,44.12,59.64,8.11
504.56,40.10,20.14,22.66,8.06,73.30,44.22,59.49,8.09
504.57,40.10,20.16,22.70,8.07,73.08,44.22,59.49,8.11
504.58,40.10,20.16,22.66,8.07,73.30,44.12,59.64,8.10
504.59,40.02,20.14,22.66,8.06,73.30,44.22,59.64,8.10
504.60,40.10,20.16,22.70,8.06,73.30,44.22,59.49,8.10
504.61,40.02,20.14,22.66,8.07,73.30,44.12,59.64,8.10
504.62,40.10,20.16,22.66,8.06,73.30,44.22,59.64,8.11
504.63,40.10,20.16,22.66,8.06,73.30,44.22,59.64,8.10
504.64,40.10,20.14,22.66,8.06,73.30,44.22,59.49,8.11
504.65,40.10,20.14,22.66,8.04,73.30,44.22,59.64,8.10
504.66,40.10,20.16,22.66,8.06,73.30,44.22,59.64,8.10
504.67,40.10,20.14,22.70,8.07,73.30,44.22,59.64,8.10
504.68,40.02,20.16,22.66,8.06,73.30,44.22,59.64,8.10
504.69,40.10,20.16,22.63,8.06,73.30,44.12,59.64,8.11
504.70,40.10,20.16,22.70,8.06,73.30,44.22,59.64,8.11
504.71,40.10,20.16,22.66,8.04,73.30,44.22,59.64,8.10
504.72,40.10,20.16,22.66,8.06,73.30,44.22,59.64,8.10
504.73,40.10,20.14,22.66,8.04,73.30,44.22,59.49,8.10
504.74,40.10,20.14,22.66,8.04,73.30,44.22,59.49,8.10
504.75,40.02,20.14,22.63,8.04,73.30,44.22,59.49,8.10
504.76,40.10,20.14,22.66,8.06,73.30,44.22,59.64,8.09
504.77,40.10,20.16,22.66,8.06,73.30,44.22,59.49,8.11
504.78,40.02,20.16,22.66,8.04,73.30,44.22,59.64,8.09
504.79,40.02,20.14,22.66,8.07,73.30,44.22,59.80,8.10
504.80,40.10,20.16,22.66,8.04,73.30,44.12,59.64,8.10
504.81,40.10,20.16,22.66,8.04,73.30,44.12,59.64,8.10
504.82,40.10,20.16,22.66,8.06,73.30,44.22,59.64,8.11
504.83,40.10,20.16,22.66,8.06,73.30,44.22,59.64,8.11
504.84,40.10,20.19,22.70,8.06,73.30,44.22,59.49,8.10
504.85,40.10,20.14,22.66,8.04,73.30,44.22,59.64,8.10
504.86,40.10,20.14,22.66,8.06,73.30,44.12,59.64,8.11
504.87,40.10,20.14,22.66,8.06,73.08,44.22,59.64,8.09
504.88,40.02,20.11,22.70,8.07,73.30,44.22,59.64,8.10
504.89,40.02,20.14,22.66,8.06,73.30,44.22,59.64,8.10
504.90,40.10,20.19,22.66,8.04,73.30,44.12,59.64,8.09
504.91,40.02,20.16,22.66,8.04,73.30,44.12,59.49,8.10
504.92,40.10,20.14,22.63,8.04,73.30,44.12,59.49,8.09
504.93,40.10,20.14,22.66,8.06,73.30,44.12,59.64,8.10
504.94,40.10,20.16,22.66,8.06,73.30,44.22,59.49,8.10
504.95,40.10,20.16,22.66,8.04,73.30,44.22,59.49,8.10
504.96,40.02,20.14,22.66,8.06,73.08,44.12,59.64,8.10
504.97,40.02,20.14,22.66,8.04,73.30,44.12,59.64,8.11
504.98,40.02,20.14,22.66,8.06,73.30,44.03,59.49,8.10
504.99,40.10,20.14,22.70,8.04,73.30,44.22,59.64,8.10
505.00,40.10,20.16,22.66,8.04,73.30,44.31,59.64,8.10
505.01,40.10,20.16,22.66,8.04,73.30,44.03,59.64,8.11
505.02,40.10,20.14,22.66,8.04,73.30,44.22,59.49,8.10
505.03,40.02,20.16,22.66,8.04,73.30,44.22,59.49,8.10
505.04,40.02,20.14,22.66,8.06,73.30,44.12,59.49,8.10
505.05,40.02,20.14,22.66,8.06,73.30,44.12,59.49,8.09
505.06,40.02,20.16,22.66,8.04,73.30,44.12,59.64,8.11
505.07,40.02,20.14,22.66,8.04,73.30,44.12,59.64,8.10
505.08,40.02,20.16,22.66,8.06,73.30,44.22,59.49,8.09
505.09,40.02,20.14,22.66,8.06,73.30,44.22,59.64,8.10
505.10,40.02,20.14,22.66,8.06,73.30,44.22,59.64,8.10
505.11,40.10,20.16,22.66,8.04,73.30,44.12,59.64,8.11
505.12,40.02,20.14,22.66,8.06,73.30,44.22,59.49,8.10
505.13,40.10,20.14,22.66,8.04,73.30,44.12,59.64,8.11
505.14,39.94,20.14,22.66,8.04,73.30,44.22,59.49,8.10
505.15,40.02,20.16,22.66,8.06,73.08,44.22,59.64,8.10
505.16,40.02,20.16,22.66,8.04,73.30,44.12,59.64,8.10
505.17,40.10,20.16,22.66,8.06,73.30,44.12,59.64,8.10
505.18,40.02,20.14,22.66,8.06,73.30,44.12,59.64,8.10
505.19,40.02,20.16,22.70,8.04,73.30,44.12,59.49,8.11
505.20,40.02,20.14,22.66,8.07,73.08,44.22,59.49,8.10
505.21,40.10,20.14,22.66,8.06,73.30,44.12,59.49,8.10
505.22,40.10,20.16,22.66,8.04,73.30,44.12,59.64,8.10
505.23,40.10,20.16,22.66,8.04,73.30,44.22,59.64,8.10
505.24,40.10,20.16,22.66,8.04,73.30,44.12,59.49,8.10
505.25,40.02,20.14,22.66,8.06,73.30,44.22,59.80,8.10
505.26,40.02,20.16,22.66,8.06,73.30,44.22,59.33,8.09
505.27,40.02,20.16,22.63,8.06,73.30,44.22,59.64,8.11
505.28,40.02,20.14,22.66,8.04,73.30,44.22,59.80,8.10
505.29,40.02,20.11,22.63,8.04,73.30,44.22,59.49,8.09
505.30,40.02,20.16,22.66,8.04,73.30,44.22,59.49,8.10
505.33,40.10,20.16,22.66,8.06,73.30,44.12,59.64,8.11
505.33,40.10,20.14,22.66,8.04,73.30,44.12,59.64,8.10
505.34,40.10,20.14,22.66,8.04,73.30,44.12,59.64,8.10
505.35,40.02,20.16,22.63,8.04,73.30,44.12,59.64,8.10
505.36,40.02,20.14,22.66,8.04,73.30,44.22,59.64,8.10
505.37,40.10,20.14,22.66,8.06,73.30,44.12,59.49,8.10
505.38,40.02,20.16,22.63,8.06,73.30,44.22,59.64,8.09
505.39,40.02,20.16,22.66,8.04,73.30,44.22,59.64,8.11
505.40,40.10,20.14,22.66,8.07,73.30,44.12,59.49,8.11
505.41,40.02,20.16,22.66,8.06,73.30,44.22,59.49,8.10
505.42,40.02,20.16,22.66,8.06,73.30,44.12,59.49,8.10
505.43,40.02,20.14,22.63,8.04,73.30,44.22,59.49,8.11
505.44,40.02,20.16,22.66,8.04,73.30,44.22,59.49,8.10
505.45,40.10,20.16,22.66,8.06,73.30,44.12,59.49,8.10
505.46,40.02,20.14,22.63,8.06,73.30,44.22,59.49,8.10
505.47,40.02,20.14,22.66,8.07,73.30,44.12,59.64,8.10
505.48,40.02,20.14,22.66,8.04,73.30,44.12,59.64,8.10
505.49,40.02,20.16,22.66,8.06,73.30,44.12,59.64,8.10
505.50,40.10,20.16,22.63,8.04,73.30,44.12,59.49,8.10
505.51,40.10,20.14,22.66,8.06,73.30,44.12,59.64,8.10
505.52,40.02,20.14,22.66,8.04,73.30,44.12,59.64,8.10
505.53,40.02,20.16,22.66,8.04,73.30,44.12,59.64,8.10
505.54,40.10,20.14,22.63,8.06,73.30,44.22,59.49,8.09
505.55,40.10,20.14,22.63,8.04,73.30,44.12,59.64,8.11
505.56,40.02,20.14,22.66,8.04,73.30,44.12,59.33,8.10
505.57,40.02,20.14,22.66,8.04,73.30,44.22,59.49,8.10
505.58,40.02,20.14,22.63,8.06,73.30,44.22,59.49,8.11
505.59,40.02,20.14,22.66,8.04,73.08,44.22,59.49,8.10
505.60,40.02,20.16,22.63,8.06,73.30,44.12,59.49,8.11
505.61,40.02,20.14,22.66,8.06,73.30,44.22,59.49,8.09
505.62,40.02,20.14,22.66,8.04,73.30,44.12,59.49,8.10
505.63,40.02,20.14,22.63,8.06,73.30,44.22,59.49,8.10
505.64,40.02,20.14,22.66,8.04,73.30,44.12,59.64,8.11
505.65,40.02,20.14,22.63,8.04,73.30,44.12,59.64,8.10
505.66,40.02,20.14,22.66,8.04,73.30,44.12,59.49,8.11
505.67,40.02,20.14,22.66,8.04,73.08,44.22,59.49,8.11
505.68,40.02,20.14,22.66,8.06,73.30,44.22,59.49,8.10
505.69,40.02,20.11,22.63,8.04,73.08,44.12,59.49,8.10
505.70,40.02,20.16,22.63,8.04,73.30,44.22,59.64,8.10
505.71,40.02,20.14,22.66,8.04,73.30,44.12,59.49,8.10
505.72,40.02,20.14,22.66,8.04,73.30,44.22,59.49,8.10
505.73,40.02,20.14,22.63,8.06,73.30,44.22,59.49,8.10
505.74,40.02,20.14,22.66,8.04,73.08,44.12,59.49,8.11
505.75,40.02,20.14,22.66,8.04,73.30,44.12,59.49,8.10
505.76,40.02,20.16,22.66,8.06,73.30,44.22,59.49,8.09
505.77,40.02,20.14,22.63,8.04,73.30,44.22,59.49,8.09
505.78,40.02,20.14,22.66,8.04,73.30,44.12,59.64,8.11
505.79,40.10,20.14,22.63,8.06,73.30,44.22,59.49,8.11
505.80,40.02,20.11,22.66,8.06,73.08,44.12,59.49,8.10
505.81,40.02,20.11,22.66,8.06,73.08,44.12,59.64,8.10
505.82,40.02,20.16,22.66,8.06,73.30,44.12,59.33,8.09
505.83,40.02,20.16,22.66,8.04,73.30,44.12,59.49,8.10
505.84,40.02,20.11,22.66,8.06,73.08,44.12,59.64,8.10
505.85,40.02,20.14,22.66,8.04,73.08,44.22,59.49,8.09
505.86,40.02,20.14,22.66,8.06,73.30,44.12,59.64,8.10
505.87,40.02,20.11,22.63,8.04,73.30,44.12,59.64,8.10
505.88,40.02,20.14,22.66,8.04,73.30,44.12,59.49,8.10
505.89,40.02,20.14,22.66,8.04,73.30,44.22,59.49,8.09
505.90,40.02,20.14,22.66,8.06,73.30,44.12,59.64,8.10
505.91,40.02,20.11,22.66,8.04,73.30,44.12,59.64,8.10
505.92,40.02,20.14,22.63,8.04,73.30,44.12,59.64,8.09
505.93,40.02,20.14,22.63,8.06,73.30,44.12,59.49,8.10
505.94,40.10,20.14,22.66,8.04,73.30,44.12,59.49,8.10
505.95,40.02,20.14,22.63,8.04,73.08,44.12,59.49,8.09
505.96,40.02,20.14,22.63,8.04,73.30,44.12,59.64,8.10
505.97,40.02,20.16,22.63,8.06,73.08,44.12,59.49,8.11
505.98,40.02,20.14,22.66,8.04,73.30,44.12,59.49,8.10
505.99,40.02,20.16,22.63,8.06,73.30,44.12,59.64,8.11
506.00,40.02,20.16,22.63,8.04,73.30,44.22,59.49,8.10
506.01,40.02,20.14,22.66,8.04,73.30,44.12,59.49,8.10
506.02,40.02,20.11,22.66,8.04,73.30,44.12,59.49,8.09
506.03,40.02,20.14,22.63,8.04,73.08,44.03,59.49,8.11
506.04,40.02,20.14,22.66,8.06,73.08,44.22,59.49,8.10
506.05,40.02,20.16,22.63,8.04,73.30,44.12,59.49,8.11
506.06,40.02,20.14,22.66,8.04,73.30,44.12,59.49,8.10
506.07,40.02,20.14,22.63,8.04,73.30,44.12,59.49,8.09
506.08,40.02,20.16,22.63,8.04,73.30,44.12,59.49,8.11
506.09,40.02,20.11,22.63,8.04,73.08,44.22,59.49,8.09
506.10,40.02,20.19,22.66,8.04,73.30,44.12,59.64,8.10
506.11,40.02,20.14,22.63,8.04,73.30,44.22,59.49,8.10
506.12,40.02,20.14,22.63,8.04,73.08,44.12,59.49,8.10
506.13,40.02,20.14,22.63,8.04,73.30,44.03,59.49,8.09
506.14,40.02,20.11,22.66,8.04,73.08,44.12,59.49,8.10
506.15,40.02,20.14,22.66,8.04,73.08,44.22,59.49,8.11
506.16,40.02,20.14,22.63,8.06,73.08,44.22,59.49,8.10
506.17,40.02,20.14,22.66,8.04,73.30,44.22,59.49,8.10
506.18,40.02,20.11,22.63,8.04,73.30,44.12,59.64,8.10
506.19,40.02,20.16,22.63,8.06,73.08,44.12,59.49,8.10
506.20,40.02,20.14,22.63,8.04,73.08,44.31,59.49,8.10
506.21,40.02,20.11,22.63,8.06,73.30,44.12,59.49,8.09
506.22,40.02,20.14,22.63,8.04,73.08,44.22,59.49,8.09
506.23,40.02,20.16,22.63,8.04,73.30,44.22,59.49,8.10
506.24,40.02,20.11,22.63,8.04,73.30,44.12,59.49,8.09
506.25,40.02,20.11,22.63,8.04,73.30,44.22,59.49,8.10
506.26,40.02,20.14,22.66,8.06,73.08,44.12,59.49,8.11
506.27,40.02,20.14,22.66,8.04,73.08,44.12,59.49,8.09
506.28,40.02,20.14,22.63,8.04,73.08,44.12,59.49,8.10
506.29,40.02,20.14,22.63,8.04,73.30,44.22,59.64,8.10
506.30,40.02,20.14,22.63,8.06,73.30,44.12,59.49,8.10
506.31,40.02,20.16,22.59,8.04,73.30,44.22,59.49,8.11
506.32,39.94,20.14,22.66,8.04,73.30,44.12,59.49,8.09
506.33,40.10,20.14,22.66,8.04,73.08,44.12,59.49,8.11
506.34,40.02,20.14,22.63,8.06,73.08,44.22,59.49,8.11
506.35,40.02,20.14,22.66,8.04,73.08,44.22,59.64,8.10
506.36,40.02,20.16,22.66,8.06,73.30,44.12,59.49,8.10
506.37,40.02,20.14,22.63,8.04,73.08,44.12,59.64,8.10
506.38,40.02,20.14,22.66,8.07,73.30,44.12,59.64,8.09
506.39,40.02,20.16,22.63,8.04,73.08,44.12,59.49,8.10
506.40,40.02,20.16,22.63,8.04,73.08,44.12,59.49,8.11
506.41,40.02,20.16,22.63,8.06,73.52,44.22,59.49,8.10
506.42,40.02,20.14,22.66,8.06,73.30,44.22,59.49,8.11
506.43,40.02,20.14,22.66,8.04,73.08,44.12,59.49,8.10
506.44,40.02,20.16,22.66,8.04,73.30,44.22,59.64,8.11
506.45,40.10,20.14,22.66,8.06,73.30,44.12,59.64,8.10
506.46,40.02,20.16,22.66,8.06,73.30,44.22,59.49,8.10
506.47,40.02,20.16,22.63,8.04,73.30,44.12,59.80,8.10
506.48,40.02,20.14,22.66,8.04,73.30,44.12,59.49,8.11
506.49,40.02,20.14,22.63,8.06,73.30,44.12,59.49,8.10
506.50,40.02,20.14,22.66,8.06,73.30,44.12,59.49,8.10
506.51,40.02,20.14,22.66,8.04,73.08,44.12,59.49,8.10
506.52,40.02,20.16,22.63,8.04,73.30,44.22,59.64,8.11
506.53,40.02,20.14,22.66,8.06,73.30,44.12,59.49,8.10
506.54,40.02,20.16,22.63,8.04,73.30,44.22,59.49,8.10
506.55,40.02,20.14,22.66,8.06,73.30,44.22,59.49,8.10
506.56,40.02,20.11,22.66,8.06,73.30,44.22,59.64,8.09
506.57,40.02,20.11,22.66,8.04,73.08,44.22,59.49,8.10
506.58,40.02,20.14,22.66,8.04,73.30,44.12,59.49,8.10
506.59,40.02,20.14,22.66,8.04,73.30,44.12,59.64,8.10
506.60,40.10,20.16,22.63,8.04,73.08,44.22,59.64,8.11
506.61,40.02,20.14,22.63,8.04,73.08,44.12,59.49,8.09
506.62,40.02,20.14,22.63,8.06,73.30,44.22,59.64,8.11
506.63,40.02,20.16,22.63,8.04,73.08,44.12,59.49,8.09
506.64,40.02,20.14,22.63,8.04,73.08,44.12,59.49,8.10
506.65,40.02,20.14,22.63,8.04,73.08,44.22,59.64,8.10
506.66,40.10,20.14,22.66,8.07,73.30,44.12,59.49,8.10
506.67,40.02,20.14,22.63,8.04,73.30,44.22,59.49,8.10
506.68,40.02,20.14,22.63,8.06,73.30,44.12,59.64,8.10
506.69,40.02,20.14,22.66,8.04,73.08,44.12,59.49,8.10
506.70,40.10,20.14,22.66,8.06,73.08,44.22,59.33,8.11
506.71,40.02,20.16,22.63,8.06,73.30,44.12,59.49,8.10
506.72,40.02,20.16,22.63,8.04,73.08,44.12,59.49,8.10
506.73,40.02,20.14,22.63,8.06,73.30,44.22,59.49,8.10
506.74,40.02,20.16,22.63,8.04,73.30,44.03,59.49,8.10
506.75,40.02,20.14,22.66,8.04,73.08,44.12,59.49,8.10
506.76,40.02,20.14,22.63,8.04,73.08,44.12,59.49,8.10
506.77,40.02,20.14,22.66,8.04,73.08,44.22,59.64,8.10
506.78,40.02,20.14,22.66,8.06,73.08,44.12,59.49,8.10
506.79,40.02,20.14,22.66,8.04,73.30,44.12,59.49,8.11
506.80,40.02,20.16,22.63,8.04,73.30,44.12,59.64,8.11
506.81,40.02,20.14,22.66,8.04,73.30,44.12,59.49,8.10
506.82,40.02,20.14,22.66,8.04,73.30,44.22,59.49,8.10
506.83,40.02,20.14,22.63,8.04,73.30,44.12,59.49,8.10
506.84,40.02,20.16,22.66,8.06,73.30,44.22,59.49,8.10
506.85,40.02,20.14,22.63,8.06,73.30,44.12,59.49,8.10
506.86,40.02,20.14,22.63,8.04,73.30,44.12,59.49,8.10
506.87,40.02,20.11,22.63,8.07,73.30,44.12,59.49,8.09
506.88,40.02,20.11,22.63,8.06,73.30,44.12,59.49,8.10
506.89,40.02,20.14,22.63,8.04,73.30,44.22,59.49,8.09
506.90,40.02,20.14,22.63,8.06,73.08,44.12,59.49,8.11
506.91,40.10,20.11,22.66,8.04,73.30,44.12,59.49,8.11
506.92,40.10,20.14,22.66,8.04,73.08,44.12,59.49,8.10
506.93,40.02,20.14,22.63,8.04,73.08,44.12,59.49,8.09
506.94,40.02,20.14,22.66,8.04,73.08,44.12,59.64,8.10
506.95,40.10,20.14,22.66,8.04,73.30,44.12,59.64,8.10
506.96,39.94,20.14,22.66,8.04,73.08,44.31,59.64,8.10
506.97,40.02,20.14,22.66,8.04,73.30,44.12,59.64,8.10
506.98,40.02,20.14,22.63,8.06,73.30,44.12,59.49,8.10
506.99,40.02,20.16,22.63,8.04,73.08,44.12,59.64,8.11
507.00,40.02,20.14,22.63,8.04,73.30,44.12,59.49,8.09
507.01,40.02,20.14,22.66,8.04,73.08,44.12,59.49,8.10
507.02,40.02,20.14,22.66,8.04,73.08,44.12,59.49,8.10
507.03,40.02,20.16,22.63,8.06,73.08,44.12,59.49,8.10
507.04,40.10,20.16,22.63,8.04,73.30,44.12,59.49,8.10
507.05,40.02,20.14,22.63,8.06,73.30,44.22,59.49,8.10
507.06,40.02,20.14,22.63,8.07,73.08,44.12,59.49,8.11
507.07,40.02,20.16,22.66,8.04,73.30,44.22,59.49,8.10
507.08,40.02,20.14,22.66,8.06,73.30,44.22,59.64,8.10
507.09,40.02,20.14,22.63,8.04,73.08,44.12,59.49,8.10
507.10,40.02,20.11,22.63,8.04,73.30,44.12,59.64,8.10
507.11,40.02,20.14,22.63,8.06,73.08,44.12,59.49,8.11
507.12,40.02,20.14,22.63,8.04,73.30,44.12,59.49,8.10
507.13,40.02,20.14,22.63,8.04,73.30,44.12,59.49,8.11
507.14,40.10,20.16,22.63,8.04,73.08,44.12,59.49,8.09
507.15,40.02,20.16,22.66,8.04,73.30,44.12,59.49,8.10
507.16,40.10,20.16,22.63,8.04,73.30,44.12,59.49,8.10
507.17,40.02,20.14,22.66,8.04,73.30,44.12,59.49,8.10
507.18,40.02,20.14,22.63,8.06,73.30,44.12,59.49,8.09
507.19,40.02,20.14,22.66,8.04,73.08,44.22,59.64,8.09
507.20,40.02,20.14,22.66,8.04,73.08,44.22,59.64,8.10
507.21,40.02,20.14,22.63,8.04,73.30,44.12,59.49,8.09
507.22,40.10,20.14,22.66,8.04,73.08,44.22,59.64,8.10
507.23,40.02,20.14,22.63,8.07,73.30,44.12,59.49,8.10
507.24,40.02,20.14,22.66,8.06,73.08,44.12,59.64,8.10
507.25,40.10,20.14,22.63,8.04,73.30,44.12,59.49,8.10
507.26,40.02,20.14,22.66,8.04,73.30,44.12,59.49,8.10
507.27,40.10,20.14,22.63,8.04,73.30,44.12,59.49,8.10
507.28,40.10,20.11,22.63,8.04,73.30,44.12,59.49,8.10
507.29,40.02,20.16,22.66,8.06,73.30,44.22,59.49,8.10
507.30,40.02,20.16,22.66,8.04,73.08,44.12,59.64,8.11
507.31,40.10,20.16,22.63,8.04,73.30,44.12,59.49,8.10
507.32,40.02,20.16,22.63,8.04,73.30,44.12,59.49,8.10
507.33,40.10,20.14,22.66,8.04,73.08,44.12,59.49,8.10
507.34,40.02,20.14,22.66,8.06,73.30,44.12,59.49,8.10
507.35,40.10,20.14,22.66,8.04,73.08,44.22,59.49,8.10
507.36,40.02,20.16,22.63,8.06,73.08,44.12,59.49,8.10
507.37,40.02,20.14,22.66,8.04,73.08,44.12,59.49,8.10
507.38,40.02,20.14,22.63,8.04,73.08,44.31,59.49,8.10
507.39,40.02,20.14,22.63,8.06,73.30,44.03,59.49,8.10
507.40,40.10,20.14,22.63,8.04,73.30,44.03,59.49,8.10
507.41,39.94,20.14,22.66,8.04,73.30,44.03,59.49,8.10
507.42,40.10,20.14,22.66,8.04,73.08,44.22,59.49,8.10
507.43,40.02,20.14,22.66,8.04,73.30,44.12,59.64,8.09
507.44,40.02,20.14,22.66,8.04,73.30,44.12,59.49,8.12
507.45,40.02,20.14,22.66,8.04,73.30,44.12,59.49,8.11
507.46,40.02,20.14,22.66,8.04,73.08,44.12,59.49,8.10
507.47,40.02,20.16,22.66,8.04,73.08,44.12,59.49,8.11
507.48,40.10,20.14,22.66,8.04,73.08,44.22,59.49,8.10
507.49,40.02,20.14,22.66,8.04,73.30,44.12,59.49,8.09
507.50,40.02,20.14,22.66,8.06,73.30,44.03,59.64,8.10
507.51,40.18,20.14,22.63,8.06,73.08,44.12,59.49,8.10
507.52,40.02,20.16,22.63,8.04,73.30,44.12,59.49,8.10
507.53,40.10,20.14,22.66,8.04,73.30,44.22,59.33,8.10
507.54,40.10,20.14,22.63,8.04,73.08,44.12,59.64,8.10
507.55,40.10,20.14,22.66,8.04,73.30,44.12,59.49,8.11
507.56,40.10,20.14,22.66,8.04,73.08,44.12,59.64,8.10
507.57,40.02,20.14,22.66,8.04,73.30,44.12,59.49,8.10
507.58,40.02,20.14,22.63,8.06,73.08,44.22,59.49,8.10
507.59,40.10,20.16,22.66,8.04,73.08,44.03,59.49,8.10
507.60,40.02,20.14,22.66,8.06,73.30,44.22,59.64,8.11
507.61,40.02,20.14,22.66,8.04,73.30,44.22,59.64,8.10
507.62,40.02,20.16,22.66,8.06,73.30,44.22,59.49,8.09
507.63,40.02,20.14,22.66,8.04,73.08,44.22,59.64,8.10
507.64,40.10,20.14,22.63,8.06,73.30,44.22,59.33,8.10
507.65,40.02,20.14,22.66,8.04,73.08,44.22,59.33,8.10
507.66,40.02,20.16,22.66,8.04,73.08,44.22,59.80,8.11
507.67,40.02,20.16,22.66,8.04,73.30,44.12,59.49,8.10
507.68,40.02,20.16,22.66,8.06,73.30,44.22,59.64,8.11
507.69,40.10,20.14,22.66,8.06,73.08,44.22,59.49,8.09
507.70,40.10,20.16,22.66,8.04,73.08,44.12,59.49,8.11
507.71,40.02,20.14,22.66,8.06,73.08,44.12,59.49,8.10
507.72,40.02,20.16,22.66,8.04,73.30,44.22,59.64,8.10
507.73,40.10,20.14,22.66,8.04,73.30,44.12,59.49,8.10
507.74,40.10,20.16,22.66,8.04,73.30,44.22,59.64,8.11
507.75,40.10,20.14,22.63,8.04,73.08,44.12,59.49,8.11
507.76,40.10,20.16,22.66,8.06,73.30,44.12,59.49,8.10
507.77,40.10,20.16,22.66,8.04,73.30,44.12,59.49,8.10
507.78,40.10,20.16,22.66,8.06,73.08,44.12,59.33,8.10
507.79,40.10,20.16,22.66,8.04,73.08,44.22,59.64,8.10
507.80,40.10,20.14,22.66,8.04,73.30,44.22,59.49,8.10
507.81,40.10,20.11,22.66,8.06,73.30,44.12,59.64,8.10
507.82,40.02,20.14,22.66,8.06,73.08,44.22,59.64,8.09
507.83,40.02,20.16,22.66,8.04,73.30,44.22,59.64,8.10
507.84,40.02,20.14,22.66,8.04,73.08,44.12,59.49,8.10
507.85,40.02,20.14,22.63,8.06,73.30,44.12,59.64,8.10
507.86,40.02,20.16,22.66,8.04,73.30,44.12,59.49,8.10
507.87,40.10,20.16,22.66,8.04,73.30,44.22,59.49,8.10
507.88,40.10,20.11,22.66,8.06,73.30,44.12,59.64,8.10
507.89,40.10,20.14,22.66,8.04,73.08,44.22,59.64,8.09
507.90,40.10,20.14,22.63,8.04,73.30,44.12,59.49,8.11
507.91,40.10,20.16,22.66,8.04,73.08,44.12,59.49,8.11
507.92,40.10,20.14,22.66,8.04,73.30,44.12,59.49,8.10
507.93,40.10,20.16,22.63,8.04,73.30,44.12,59.49,8.10
507.94,40.10,20.14,22.63,8.04,73.08,44.22,59.49,8.10
507.95,40.10,20.11,22.66,8.04,73.30,44.12,59.49,8.10
507.96,40.10,20.11,22.66,8.04,73.30,44.12,59.49,8.11
507.97,40.10,20.14,22.63,8.04,73.08,44.22,59.49,8.10
507.98,40.10,20.16,22.66,8.04,73.30,44.12,59.64,8.11
507.99,40.02,20.16,22.66,8.04,73.30,44.12,59.64,8.11
508.00,40.10,20.14,22.66,8.04,73.30,44.12,59.49,8.10
508.01,40.02,20.14,22.63,8.04,73.30,44.12,59.49,8.10
508.02,40.10,20.14,22.66,8.04,73.30,44.12,59.49,8.10
508.03,40.10,20.14,22.66,8.06,73.30,44.22,59.49,8.10
508.04,40.10,20.14,22.63,8.04,73.30,44.12,59.49,8.11
508.05,40.02,20.14,22.66,8.06,73.30,44.12,59.64,8.11
508.06,40.02,20.14,22.63,8.06,73.30,44.22,59.49,8.11
508.07,40.02,20.16,22.66,8.06,73.08,44.12,59.49,8.10
508.08,40.10,20.16,22.66,8.07,73.30,44.12,59.49,8.10
508.09,40.02,20.14,22.66,8.04,73.30,44.12,59.49,8.10
508.10,40.10,20.14,22.66,8.04,73.30,44.12,59.49,8.10
508.11,40.10,20.14,22.66,8.04,73.08,44.22,59.49,8.10
508.12,40.10,20.16,22.63,8.04,73.30,44.22,59.64,8.11
508.13,40.10,20.16,22.66,8.04,73.08,44.22,59.49,8.10
508.14,40.02,20.16,22.66,8.04,73.30,44.12,59.64,8.10
508.15,40.10,20.16,22.66,8.04,73.30,44.12,59.49,8.10
508.16,40.10,20.16,22.66,8.04,73.08,44.12,59.49,8.11
508.17,40.10,20.14,22.66,8.06,73.30,44.22,59.49,8.10
508.18,40.10,20.16,22.66,8.06,73.30,44.12,59.49,8.10
508.19,40.10,20.16,22.66,8.06,73.30,44.22,59.64,8.10
508.20,40.02,20.14,22.66,8.06,73.30,44.12,59.49,8.09
508.21,40.10,20.16,22.63,8.04,73.30,44.22,59.64,8.10
508.22,40.10,20.14,22.66,8.06,73.30,44.12,59.64,8.10
508.23,40.10,20.16,22.63,8.06,73.30,44.12,59.49,8.11
508.24,40.10,20.14,22.66,8.04,73.30,44.12,59.49,8.10
508.25,40.10,20.14,22.66,8.04,73.30,44.12,59.64,8.11
508.26,40.10,20.14,22.66,8.07,73.08,44.22,59.64,8.11
508.27,40.10,20.16,22.66,8.04,73.30,44.12,59.49,8.10
508.28,40.10,20.14,22.66,8.04,73.08,44.22,59.49,8.11
508.29,40.10,20.16,22.66,8.06,73.08,44.22,59.64,8.10
508.30,40.10,20.16,22.66,8.04,73.30,44.12,59.64,8.11
508.31,40.10,20.14,22.66,8.04,73.08,44.12,59.49,8.10
508.32,40.10,20.16,22.63,8.04,73.30,44.12,59.64,8.11
508.33,40.10,20.14,22.66,8.04,73.30,44.22,59.64,8.11
508.34,40.10,20.14,22.70,8.06,73.08,44.22,59.64,8.10
508.35,40.10,20.16,22.63,8.04,73.30,44.22,59.64,8.11
508.36,40.10,20.16,22.66,8.04,73.30,44.12,59.64,8.10
508.37,40.10,20.16,22.66,8.04,73.30,44.22,59.49,8.10
508.38,40.10,20.14,22.63,8.04,73.30,44.22,59.49,8.11
508.39,40.10,20.14,22.66,8.04,73.30,44.22,59.49,8.10
508.40,40.10,20.16,22.66,8.06,73.30,44.12,59.49,8.10
508.41,40.10,20.14,22.66,8.04,73.30,44.22,59.49,8.11
508.42,40.10,20.14,22.63,8.06,73.08,44.22,59.64,8.09
508.43,40.10,20.11,22.66,8.04,73.30,44.22,59.64,8.10
508.44,40.02,20.16,22.63,8.06,73.30,44.12,59.49,8.10
508.45,40.10,20.14,22.66,8.04,73.30,44.12,59.49,8.10
508.46,40.10,20.16,22.66,8.06,73.30,44.22,59.49,8.11
508.47,40.10,20.14,22.70,8.06,73.30,44.22,59.49,8.10
508.48,40.10,20.14,22.66,8.06,73.08,44.12,59.49,8.10
508.49,40.10,20.19,22.63,8.04,73.30,44.12,59.64,8.10
508.50,40.10,20.16,22.66,8.06,73.30,44.12,59.49,8.09
508.51,40.10,20.14,22.63,8.06,73.30,44.22,59.64,8.11
508.52,40.10,20.11,22.66,8.04,73.30,44.12,59.64,8.10
508.53,40.10,20.14,22.66,8.04,73.30,44.12,59.49,8.10
508.54,40.10,20.14,22.66,8.04,73.30,44.22,59.64,8.10
508.55,40.10,20.14,22.66,8.04,73.30,44.22,59.64,8.10
508.56,40.10,20.14,22.66,8.06,73.08,44.22,59.64,8.10
508.57,40.10,20.11,22.66,8.06,73.30,44.22,59.64,8.10
508.58,40.10,20.14,22.66,8.04,73.30,44.03,59.49,8.10
508.59,40.10,20.16,22.63,8.04,73.30,44.31,59.49,8.10
508.60,40.10,20.14,22.66,8.04,73.30,44.22,59.49,8.10
508.61,40.10,20.16,22.63,8.04,73.30,44.22,59.64,8.11
508.62,40.10,20.14,22.66,8.04,73.30,44.12,59.64,8.11
508.63,40.10,20.16,22.66,8.04,73.30,44.22,59.33,8.09
508.64,40.10,20.16,22.66,8.07,73.30,44.12,59.64,8.10
508.65,40.02,20.14,22.66,8.04,73.30,44.22,59.49,8.10
508.66,40.10,20.14,22.66,8.06,73.30,44.22,59.49,8.10
508.67,40.10,20.16,22.63,8.06,73.30,44.12,59.49,8.11
508.68,40.10,20.14,22.66,8.04,73.30,44.12,59.49,8.10
508.69,40.10,20.14,22.66,8.04,73.30,44.12,59.49,8.10
508.70,40.10,20.14,22.70,8.04,73.30,44.22,59.49,8.10
508.71,40.10,20.14,22.63,8.04,73.30,44.12,59.49,8.10
508.72,40.10,20.14,22.70,8.06,73.30,44.12,59.49,8.10
508.73,40.10,20.14,22.59,8.04,73.30,44.22,59.49,8.10
508.74,40.10,20.14,22.66,8.06,73.30,44.12,59.49,8.09
508.75,40.10,20.14,22.70,8.06,73.30,44.22,59.49,8.11
508.76,40.10,20.11,22.63,8.06,73.08,44.12,59.49,8.10
508.77,40.10,20.16,22.66,8.04,73.08,44.22,59.49,8.10
508.78,40.10,20.14,22.66,8.04,73.52,44.22,59.64,8.09
508.79,40.10,20.14,22.66,8.04,73.30,44.12,59.64,8.11
508.80,40.10,20.14,22.66,8.07,73.30,44.12,59.64,8.10
508.81,40.10,20.16,22.66,8.04,73.30,44.12,59.64,8.11
508.82,40.10,20.16,22.66,8.06,73.30,44.22,59.49,8.10
508.83,40.10,20.14,22.66,8.04,73.08,44.22,59.49,8.10
508.84,40.10,20.14,22.66,8.06,73.08,44.12,59.80,8.09
508.85,40.10,20.14,22.66,8.04,73.08,44.12,59.64,8.11
508.86,40.10,20.14,22.66,8.06,73.30,44.12,59.33,8.10
508.87,40.10,20.16,22.66,8.04,73.52,44.22,59.64,8.10
508.88,40.10,20.16,22.66,8.06,73.30,44.12,59.64,8.11
508.89,40.10,20.16,22.66,8.06,73.30,44.12,59.49,8.11
508.90,40.10,20.14,22.66,8.06,73.30,44.22,59.64,8.10
508.91,40.18,20.16,22.66,8.04,73.30,44.22,59.49,8.11
508.92,40.10,20.16,22.66,8.04,73.30,44.22,59.64,8.10
508.93,40.10,20.16,22.66,8.07,73.30,44.12,59.64,8.09
508.94,40.10,20.14,22.66,8.06,73.30,44.22,59.49,8.11
508.95,40.18,20.16,22.66,8.06,73.30,44.22,59.49,8.11
508.96,40.10,20.14,22.66,8.04,73.30,44.22,59.49,8.10
508.97,40.10,20.16,22.66,8.04,73.30,44.22,59.64,8.09
508.98,40.18,20.14,22.66,8.04,73.30,44.22,59.64,8.11
508.99,40.18,20.16,22.66,8.06,73.30,44.12,59.64,8.11
509.00,40.10,20.16,22.66,8.04,73.30,44.03,59.49,8.11
509.01,40.10,20.14,22.66,8.06,73.08,44.12,59.49,8.11
509.02,40.10,20.14,22.66,8.04,73.30,44.12,59.64,8.10
509.03,40.10,20.14,22.66,8.04,73.30,44.22,59.49,8.10
509.04,40.10,20.14,22.66,8.04,73.08,44.22,59.64,8.10
509.05,40.10,20.14,22.66,8.04,73.30,44.12,59.49,8.10
509.06,40.10,20.14,22.66,8.04,73.30,44.22,59.49,8.11
509.07,40.10,20.14,22.66,8.04,73.30,44.22,59.49,8.10
509.08,40.10,20.14,22.66,8.06,73.08,44.12,59.64,8.10
509.09,40.10,20.16,22.66,8.04,73.30,44.22,59.64,8.10
509.10,40.10,20.16,22.70,8.06,73.08,44.12,59.49,8.11
509.11,40.10,20.16,22.66,8.04,73.08,44.22,59.64,8.11
509.12,40.18,20.16,22.66,8.04,73.30,44.22,59.64,8.10
509.13,40.10,20.14,22.66,8.07,73.08,44.22,59.49,8.10
509.14,40.18,20.16,22.66,8.06,73.30,44.12,59.64,8.11
509.15,40.10,20.16,22.66,8.04,73.30,44.22,59.64,8.10
509.16,40.18,20.14,22.66,8.04,73.30,44.22,59.49,8.10
509.17,40.10,20.14,22.63,8.04,73.30,44.22,59.64,8.11
509.18,40.10,20.16,22.66,8.06,73.30,44.22,59.49,8.10
509.19,40.18,20.16,22.66,8.04,73.30,44.22,59.49,8.11
509.20,40.10,20.16,22.70,8.06,73.30,44.22,59.64,8.11
509.21,40.18,20.14,22.66,8.04,73.30,44.22,59.49,8.10
509.22,40.10,20.14,22.70,8.06,73.30,44.22,59.64,8.10
509.23,40.10,20.16,22.66,8.04,73.30,44.22,59.64,8.10
509.24,40.10,20.16,22.70,8.04,73.30,44.12,59.49,8.10
509.25,40.10,20.16,22.66,8.06,73.30,44.22,59.64,8.09
509.26,40.18,20.14,22.70,8.04,73.30,44.22,59.49,8.11
509.27,40.10,20.16,22.70,8.07,73.30,44.22,59.64,8.10
509.28,40.18,20.14,22.66,8.07,73.30,44.22,59.49,8.10
509.29,40.10,20.16,22.66,8.04,73.30,44.12,59.49,8.10
509.30,40.10,20.16,22.66,8.04,73.08,44.22,59.64,8.11
509.31,40.10,20.14,22.66,8.06,73.30,44.12,59.64,8.10
509.32,40.10,20.14,22.66,8.04,73.30,44.22,59.64,8.10
509.33,40.10,20.14,22.66,8.06,73.30,44.12,59.64,8.10
509.34,40.18,20.16,22.66,8.04,73.30,44.22,59.49,8.11
509.35,40.10,20.14,22.66,8.06,73.30,44.12,59.49,8.10
509.36,40.10,20.14,22.66,8.04,73.08,44.22,59.64,8.10
509.37,40.10,20.16,22.66,8.06,73.30,44.22,59.64,8.10
509.38,40.10,20.16,22.66,8.04,73.30,44.22,59.64,8.11
509.39,40.18,20.16,22.66,8.06,73.30,44.12,59.64,8.10
509.40,40.10,20.16,22.66,8.04,73.08,44.22,59.64,8.10
509.41,40.10,20.16,22.66,8.04,73.30,44.22,59.64,8.10
509.42,40.18,20.16,22.66,8.04,73.30,44.22,59.49,8.10
509.43,40.10,20.14,22.66,8.04,73.08,44.12,59.49,8.11
509.44,40.10,20.14,22.70,8.04,73.30,44.22,59.49,8.10
509.45,40.10,20.19,22.66,8.04,73.30,44.22,59.49,8.10
509.46,40.10,20.16,22.66,8.06,73.30,44.22,59.64,8.11
509.47,40.10,20.14,22.66,8.06,73.30,44.12,59.64,8.10
509.48,40.10,20.14,22.66,8.06,73.30,44.31,59.64,8.10
509.49,40.10,20.14,22.66,8.06,73.30,44.22,59.49,8.10
509.50,40.18,20.16,22.66,8.06,73.30,44.12,59.49,8.10
509.51,40.18,20.16,22.66,8.04,73.30,44.22,59.49,8.11
509.52,40.10,20.16,22.66,8.04,73.30,44.22,59.80,8.11
509.53,40.10,20.14,22.66,8.06,73.30,44.22,59.49,8.11
509.54,40.02,20.14,22.66,8.04,73.30,44.22,59.49,8.11
509.55,40.18,20.16,22.66,8.04,73.30,44.12,59.49,8.11
509.56,40.10,20.14,22.66,8.04,73.30,44.22,59.64,8.10
509.57,40.10,20.14,22.66,8.04,73.30,44.31,59.49,8.11
509.58,40.10,20.14,22.66,8.06,73.30,44.22,59.64,8.10
509.59,40.10,20.16,22.70,8.04,73.30,44.22,59.80,8.10
509.60,40.10,20.14,22.66,8.04,73.30,44.22,59.64,8.11
509.61,40.18,20.16,22.66,8.06,73.30,44.22,59.49,8.10
509.62,40.18,20.16,22.70,8.04,73.30,44.22,59.64,8.10
509.63,40.18,20.16,22.66,8.04,73.30,44.22,59.49,8.10
509.64,40.18,20.16,22.66,8.06,73.30,44.22,59.49,8.11
509.65,40.10,20.16,22.66,8.04,73.30,44.22,59.49,8.10
509.66,40.18,20.16,22.70,8.06,73.30,44.12,59.64,8.09
509.67,40.18,20.16,22.66,8.04,73.30,44.12,59.49,8.11
509.68,40.10,20.16,22.66,8.06,73.30,44.22,59.49,8.10
509.69,40.18,20.14,22.66,8.06,73.30,44.22,59.64,8.10
509.70,40.10,20.14,22.66,8.06,73.08,44.12,59.64,8.11
509.71,40.10,20.14,22.66,8.04,73.08,44.22,59.49,8.10
509.72,40.18,20.14,22.66,8.04,73.30,44.22,59.64,8.10
509.73,40.18,20.19,22.66,8.04,73.30,44.12,59.64,8.10
509.74,40.18,20.14,22.66,8.06,73.08,44.22,59.49,8.10
509.75,40.10,20.16,22.66,8.04,73.30,44.31,59.64,8.10
509.76,40.10,20.16,22.66,8.04,73.30,44.22,59.64,8.09
509.77,40.10,20.16,22.66,8.04,73.30,44.41,59.49,8.10
509.78,40.10,20.16,22.70,8.04,73.30,44.22,59.64,8.10
509.79,40.10,20.16,22.66,8.04,73.30,44.22,59.49,8.11
509.80,40.10,20.16,22.66,8.04,73.30,44.22,59.64,8.11
509.81,40.18,20.16,22.70,8.04,73.30,44.12,59.64,8.10
509.82,40.10,20.16,22.70,8.06,73.08,44.22,59.64,8.10
509.83,40.18,20.14,22.66,8.06,73.30,44.22,59.64,8.11
509.84,40.10,20.16,22.66,8.04,73.30,44.22,59.49,8.10
509.85,40.10,20.19,22.63,8.06,73.08,44.12,59.64,8.11
509.86,40.10,20.14,22.66,8.04,73.08,44.12,59.49,8.10
509.87,40.18,20.19,22.66,8.04,73.30,44.22,59.64,8.10
509.88,40.18,20.16,22.66,8.04,73.30,44.12,59.49,8.10
509.89,40.18,20.16,22.70,8.06,73.30,44.12,59.64,8.10
509.90,40.18,20.16,22.66,8.04,73.30,44.22,59.49,8.10
509.91,40.10,20.16,22.66,8.04,73.30,44.12,59.64,8.10
509.92,40.10,20.14,22.70,8.04,73.30,44.31,59.49,8.10
509.93,40.10,20.14,22.66,8.06,73.30,44.22,59.64,8.10
509.94,40.18,20.14,22.66,8.06,73.30,44.22,59.49,8.10
509.95,40.18,20.16,22.66,8.06,73.30,44.12,59.64,8.11
509.96,40.10,20.16,22.66,8.04,73.30,44.12,59.49,8.10
509.97,40.10,20.16,22.66,8.04,73.08,44.12,59.64,8.10
509.98,40.10,20.14,22.70,8.04,73.30,44.22,59.49,8.10
509.99,40.18,20.16,22.66,8.04,73.30,44.22,59.49,8.10
510.00,40.18,20.16,22.66,8.04,73.30,44.12,59.64,8.10
510.01,40.10,20.14,22.70,8.04,73.30,44.22,59.49,8.11
510.02,40.18,20.16,22.66,8.04,73.08,44.12,59.80,8.11
510.03,40.10,20.14,22.66,8.04,73.30,44.12,59.33,8.11
510.04,40.18,20.19,22.66,8.06,73.30,44.22,59.49,8.10
510.05,40.18,20.14,22.70,8.07,73.30,44.22,59.64,8.11
510.06,40.18,20.14,22.66,8.04,73.30,44.22,59.64,8.10
510.07,40.10,20.16,22.70,8.04,73.30,44.22,59.64,8.10
510.08,40.10,20.16,22.66,8.07,73.08,44.12,59.64,8.10
510.09,40.18,20.19,22.66,8.04,73.08,44.12,59.49,8.11
510.10,40.10,20.16,22.66,8.06,73.30,44.03,59.64,8.10
510.11,40.18,20.14,22.66,8.04,73.30,44.22,59.64,8.11
510.12,40.18,20.16,22.66,8.06,73.08,44.22,59.64,8.10
510.13,40.18,20.16,22.70,8.04,73.30,44.12,59.49,8.10
510.14,40.10,20.16,22.70,8.04,73.30,44.12,59.49,8.10
510.15,40.10,20.16,22.66,8.07,73.30,44.22,59.64,8.10
510.16,40.18,20.14,22.66,8.06,73.30,44.12,59.49,8.09
510.17,40.18,20.16,22.66,8.06,73.30,44.22,59.64,8.11
510.18,40.10,20.16,22.66,8.04,73.30,44.22,59.64,8.10
510.19,40.18,20.16,22.66,8.07,73.30,44.22,59.49,8.11
510.20,40.18,20.16,22.66,8.04,73.30,44.22,59.49,8.10
510.21,40.10,20.16,22.66,8.06,73.30,44.22,59.64,8.11
510.22,40.18,20.16,22.63,8.06,73.08,44.22,59.64,8.10
510.23,40.10,20.16,22.66,8.04,73.30,44.12,59.64,8.10
510.24,40.18,20.16,22.66,8.04,73.08,44.22,59.64,8.10
510.25,40.10,20.16,22.66,8.04,73.30,44.22,59.64,8.09
510.26,40.10,20.16,22.70,8.04,73.30,44.22,59.49,8.11
510.27,40.10,20.14,22.66,8.04,73.30,44.22,59.49,8.09
510.28,40.18,20.14,22.66,8.06,73.30,44.22,59.64,8.10
510.29,40.18,20.16,22.70,8.06,73.30,44.22,59.64,8.10
510.30,40.18,20.16,22.70,8.06,73.30,44.22,59.64,8.10
510.31,40.10,20.16,22.66,8.06,73.30,44.22,59.64,8.10
510.32,40.18,20.19,22.66,8.04,73.30,44.12,59.64,8.10
510.33,40.02,20.14,22.66,8.04,73.30,44.22,59.64,8.10
510.34,40.18,20.16,22.66,8.06,73.30,44.22,59.64,8.11
510.35,40.10,20.14,22.66,8.06,73.30,44.12,59.64,8.11
510.36,40.18,20.16,22.66,8.06,73.30,44.22,59.49,8.11
510.37,40.18,20.16,22.66,8.04,73.08,44.22,59.49,8.10
510.38,40.18,20.16,22.66,8.04,73.30,44.12,59.64,8.10
510.39,40.18,20.16,22.70,8.04,73.08,44.12,59.64,8.10
510.40,40.26,20.16,22.66,8.04,73.30,44.12,59.64,8.11
510.41,40.10,20.14,22.66,8.06,73.30,44.22,59.64,8.10
510.42,40.10,20.16,22.70,8.04,73.30,44.22,59.64,8.11
510.43,40.18,20.16,22.66,8.04,73.30,44.12,59.49,8.11
510.44,40.10,20.16,22.66,8.06,73.08,44.22,59.64,8.11
510.45,40.10,20.16,22.70,8.06,73.30,44.31,59.49,8.10
510.46,40.10,20.16,22.66,8.04,73.30,44.22,59.64,8.10
510.47,40.18,20.19,22.66,8.04,73.30,44.22,59.64,8.11
510.48,40.18,20.14,22.66,8.04,73.30,44.12,59.64,8.11
510.49,40.18,20.14,22.70,8.06,73.30,44.12,59.64,8.10
510.50,40.18,20.14,22.66,8.04,73.30,44.22,59.64,8.10
510.51,40.10,20.16,22.66,8.04,73.30,44.22,59.49,8.10
510.52,40.10,20.16,22.66,8.04,73.30,44.12,59.64,8.10
510.53,40.18,20.16,22.66,8.04,73.30,44.31,59.64,8.10
510.54,40.18,20.16,22.66,8.07,73.30,44.22,59.80,8.10
510.55,40.18,20.16,22.66,8.04,73.30,44.22,59.49,8.11
510.56,40.18,20.16,22.66,8.06,73.30,44.22,59.64,8.10
510.57,40.18,20.16,22.66,8.04,73.30,44.22,59.49,8.10
510.58,40.18,20.19,22.66,8.06,73.30,44.22,59.64,8.09
510.59,40.18,20.16,22.66,8.06,73.30,44.22,59.64,8.10
510.60,40.18,20.16,22.66,8.06,73.30,44.22,59.64,8.10
510.61,40.18,20.16,22.66,8.04,73.30,44.22,59.64,8.10
510.62,40.10,20.16,22.66,8.04,73.30,44.22,59.64,8.11
510.63,40.10,20.16,22.66,8.04,73.08,44.22,59.49,8.09
510.64,40.18,20.16,22.66,8.04,73.30,44.12,59.64,8.10
510.65,40.18,20.16,22.66,8.06,73.30,44.12,59.64,8.10
510.66,40.18,20.16,22.66,8.04,73.30,44.22,59.64,8.11
510.67,40.18,20.16,22.66,8.04,73.30,44.12,59.64,8.11
510.68,40.18,20.16,22.66,8.04,73.30,44.22,59.49,8.11
510.69,40.18,20.16,22.66,8.06,73.30,44.22,59.49,8.10
510.70,40.10,20.16,22.70,8.06,73.30,44.22,59.64,8.10
510.71,40.18,20.14,22.66,8.07,73.08,44.12,59.64,8.10
510.72,40.18,20.16,22.66,8.06,73.30,44.22,59.64,8.11
510.73,40.18,20.16,22.66,8.06,73.30,44.22,59.64,8.10
510.74,40.18,20.14,22.70,8.04,73.30,44.12,59.64,8.10
510.75,40.10,20.14,22.70,8.06,73.30,44.22,59.64,8.10
510.76,40.18,20.16,22.66,8.06,73.30,44.22,59.64,8.11
510.77,40.18,20.16,22.66,8.04,73.30,44.22,59.64,8.09
510.78,40.10,20.16,22.66,8.04,73.30,44.22,59.64,8.11
510.79,40.18,20.16,22.66,8.06,73.30,44.12,59.64,8.11
510.80,40.02,20.16,22.66,8.06,73.30,44.22,59.33,8.11
510.81,40.10,20.16,22.66,8.07,73.30,44.22,59.64,8.10
510.82,40.18,20.16,22.70,8.04,73.30,44.12,59.64,8.11
510.83,40.18,20.16,22.66,8.04,73.08,44.22,59.64,8.10
510.84,40.18,20.16,22.66,8.04,73.30,44.22,59.64,8.10
510.85,40.10,20.14,22.70,8.06,73.30,44.22,59.49,8.11
510.86,40.18,20.19,22.66,8.04,73.30,44.12,59.64,8.11
510.87,40.10,20.14,22.70,8.06,73.30,44.22,59.64,8.10
510.88,40.10,20.16,22.66,8.04,73.30,44.22,59.64,8.11
510.89,40.18,20.14,22.66,8.06,73.30,44.22,59.64,8.10
510.90,40.10,20.16,22.66,8.04,73.30,44.22,59.64,8.10
510.91,40.18,20.14,22.70,8.06,73.30,44.22,59.49,8.10
510.92,40.10,20.16,22.66,8.06,73.30,44.22,59.64,8.10
510.93,40.10,20.16,22.70,8.06,73.30,44.12,59.64,8.11
510.94,40.18,20.14,22.66,8.06,73.30,44.22,59.49,8.10
510.95,40.18,20.16,22.66,8.06,73.30,44.12,59.64,8.11
510.96,40.18,20.14,22.63,8.04,73.30,44.22,59.64,8.11
510.97,40.10,20.16,22.66,8.04,73.30,44.12,59.64,8.11
510.98,40.18,20.14,22.66,8.04,73.30,44.22,59.64,8.10
510.99,40.18,20.16,22.66,8.07,73.30,44.22,59.64,8.11
511.00,40.18,20.16,22.66,8.06,73.30,44.22,59.49,8.10
511.01,40.18,20.16,22.66,8.06,73.30,44.12,59.49,8.10
511.02,40.18,20.14,22.66,8.04,73.30,44.22,59.49,8.11
511.03,40.18,20.16,22.70,8.06,73.30,44.22,59.49,8.09
511.04,40.18,20.14,22.70,8.04,73.30,44.22,59.64,8.11
511.05,40.10,20.14,22.66,8.06,73.30,44.22,59.49,8.11
511.06,40.18,20.16,22.70,8.04,73.30,44.12,59.64,8.10
511.07,40.02,20.14,22.66,8.04,73.30,44.12,59.49,8.10
511.08,40.18,20.16,22.66,8.07,73.30,44.22,59.64,8.10
511.09,40.18,20.16,22.66,8.06,73.30,44.22,59.64,8.10
511.10,40.02,20.16,22.66,8.06,73.30,44.22,59.49,8.11
511.11,40.18,20.14,22.66,8.04,73.30,44.22,59.64,8.10
511.12,40.18,20.16,22.70,8.04,73.30,44.12,59.64,8.10
511.13,40.18,20.16,22.66,8.04,73.30,44.22,59.64,8.10
511.14,40.18,20.16,22.66,8.04,73.30,44.12,59.64,8.11
511.15,40.18,20.16,22.66,8.04,73.30,44.22,59.64,8.10
511.16,40.18,20.16,22.66,8.06,73.30,44.22,59.49,8.10
511.17,40.18,20.16,22.66,8.06,73.52,44.22,59.64,8.10
511.18,40.18,20.14,22.66,8.04,73.08,44.22,59.64,8.10
511.19,40.10,20.16,22.66,8.06,73.30,44.12,59.64,8.10
511.20,40.18,20.16,22.70,8.04,73.08,44.12,59.64,8.11
511.21,40.10,20.14,22.66,8.04,73.30,44.22,59.64,8.11
511.22,40.10,20.14,22.70,8.06,73.30,44.22,59.33,8.10
511.23,40.10,20.16,22.66,8.04,73.30,44.22,59.80,8.11
511.24,40.18,20.14,22.66,8.06,73.30,44.22,59.49,8.11
511.25,40.10,20.16,22.70,8.06,73.08,44.22,59.64,8.10
511.26,40.10,20.16,22.70,8.06,73.30,44.22,59.64,8.10
511.27,40.10,20.14,22.66,8.04,73.30,44.31,59.64,8.10
511.28,40.10,20.14,22.70,8.04,73.30,44.22,59.49,8.10
511.29,40.10,20.14,22.66,8.04,73.30,44.22,59.64,8.10
511.30,40.18,20.16,22.63,8.06,73.30,44.22,59.64,8.11
511.31,40.18,20.14,22.66,8.06,73.30,44.22,59.64,8.11
511.32,40.10,20.14,22.66,8.06,73.30,44.22,59.64,8.10
511.33,40.18,20.14,22.66,8.07,73.08,44.12,59.64,8.10
511.34,40.18,20.16,22.66,8.04,73.30,44.22,59.49,8.10
511.35,40.10,20.16,22.66,8.06,73.08,44.12,59.64,8.11
511.36,40.18,20.16,22.66,8.04,73.30,44.12,59.64,8.10
511.37,40.10,20.16,22.66,8.06,73.30,44.22,59.64,8.09
511.38,40.10,20.16,22.70,8.04,73.30,44.22,59.64,8.11
511.39,40.18,20.14,22.66,8.04,73.08,44.22,59.64,8.09
511.40,40.18,20.16,22.66,8.04,73.30,44.22,59.49,8.10
511.41,40.10,20.16,22.66,8.04,73.30,44.22,59.49,8.11
511.42,40.10,20.16,22.70,8.06,73.30,44.22,59.49,8.10
511.43,40.10,20.14,22.66,8.04,73.08,44.22,59.49,8.10
511.44,40.18,20.16,22.66,8.06,73.30,44.22,59.64,8.10
511.45,40.10,20.16,22.66,8.04,73.30,44.12,59.49,8.09
511.46,40.10,20.14,22.70,8.06,73.30,44.12,59.64,8.11
511.47,40.18,20.14,22.66,8.04,73.30,44.12,59.49,8.11
511.48,40.10,20.14,22.66,8.04,73.08,44.12,59.49,8.11
511.49,40.10,20.16,22.66,8.06,73.30,44.22,59.64,8.10
511.50,40.18,20.14,22.66,8.04,73.30,44.22,59.64,8.10
511.51,40.10,20.19,22.70,8.04,73.30,44.12,59.64,8.10
511.52,40.18,20.19,22.66,8.04,73.08,44.22,59.64,8.11
511.53,40.18,20.16,22.66,8.06,73.30,44.22,59.64,8.11
511.54,40.10,20.14,22.66,8.04,73.30,44.22,59.49,8.10
511.55,40.18,20.14,22.66,8.04,73.30,44.22,59.49,8.10
511.56,40.18,20.14,22.66,8.07,73.30,44.12,59.64,8.10
511.57,40.18,20.16,22.66,8.06,73.30,44.12,59.64,8.09
511.58,40.18,20.14,22.66,8.04,73.08,44.12,59.49,8.10
511.59,40.10,20.14,22.66,8.06,73.30,44.22,59.49,8.10
511.60,40.18,20.14,22.66,8.04,73.30,44.22,59.64,8.10
511.61,40.10,20.16,22.66,8.06,73.30,44.12,59.64,8.10
511.62,40.10,20.14,22.66,8.06,73.08,44.12,59.49,8.11
511.63,40.18,20.11,22.66,8.04,73.30,44.22,59.49,8.10
511.64,40.10,20.16,22.66,8.04,73.30,44.12,59.49,8.10
511.65,40.10,20.14,22.66,8.04,73.30,44.22,59.64,8.10
511.66,40.10,20.14,22.66,8.07,73.30,44.22,59.49,8.10
511.67,40.18,20.14,22.66,8.04,73.30,44.22,59.64,8.10
511.68,40.10,20.16,22.66,8.06,73.30,44.22,59.64,8.10
511.69,40.18,20.16,22.66,8.06,73.30,44.22,59.64,8.09
511.70,40.10,20.16,22.66,8.06,73.08,44.12,59.64,8.11
511.71,40.10,20.16,22.66,8.04,73.30,44.12,59.64,8.10
511.72,40.10,20.16,22.66,8.04,73.30,44.12,59.49,8.11
511.73,40.10,20.16,22.66,8.07,73.08,44.22,59.64,8.10
511.74,40.10,20.16,22.66,8.04,73.30,44.22,59.64,8.10
511.75,40.10,20.16,22.66,8.07,73.30,44.22,59.64,8.10
511.76,40.10,20.14,22.66,8.04,73.30,44.22,59.49,8.10
511.77,40.18,20.14,22.66,8.04,73.30,44.22,59.49,8.10
511.78,40.10,20.16,22.63,8.06,73.08,44.22,59.64,8.10
511.79,40.10,20.14,22.66,8.06,73.30,44.22,59.64,8.10
511.80,40.10,20.14,22.66,8.06,73.30,44.22,59.49,8.10
511.81,40.10,20.16,22.66,8.04,73.30,44.12,59.64,8.10
511.82,40.10,20.16,22.66,8.04,73.30,44.22,59.49,8.10
511.83,40.18,20.14,22.66,8.04,73.30,44.22,59.64,8.10
511.84,40.18,20.16,22.66,8.06,73.30,44.22,59.64,8.10
511.85,40.10,20.14,22.66,8.04,73.30,44.12,59.64,8.10
511.86,40.02,20.14,22.63,8.04,73.30,44.22,59.64,8.11
511.87,40.18,20.16,22.66,8.04,73.30,44.22,59.64,8.10
511.88,40.18,20.14,22.66,8.04,73.30,44.22,59.64,8.10
511.89,40.10,20.19,22.66,8.04,73.08,44.22,59.64,8.10
511.90,40.18,20.14,22.66,8.04,73.30,44.22,59.64,8.11
511.91,40.10,20.16,22.66,8.06,73.30,44.22,59.49,8.11
511.92,40.10,20.14,22.66,8.06,73.30,44.22,59.64,8.11
511.93,40.10,20.16,22.66,8.04,73.30,44.12,59.64,8.10
511.94,40.10,20.14,22.66,8.04,73.30,44.22,59.64,8.11
511.95,40.10,20.14,22.63,8.04,73.30,44.31,59.64,8.11
511.96,40.18,20.14,22.66,8.06,73.30,44.12,59.49,8.11
511.97,40.18,20.16,22.66,8.04,73.30,44.12,59.64,8.10
511.98,40.10,20.14,22.66,8.06,73.08,44.22,59.64,8.10
511.99,40.10,20.14,22.66,8.06,73.08,44.12,59.64,8.10
512.00,40.18,20.14,22.66,8.06,73.30,44.12,59.64,8.10
512.01,40.10,20.14,22.66,8.04,73.30,44.22,59.64,8.11
512.02,40.18,20.14,22.66,8.06,73.30,44.22,59.64,8.10
512.03,40.18,20.14,22.66,8.04,73.08,44.22,59.49,8.11
512.04,40.10,20.16,22.66,8.04,73.08,44.12,59.64,8.11
512.05,40.18,20.14,22.63,8.04,73.30,44.31,59.64,8.12
512.06,40.18,20.11,22.66,8.04,73.30,44.22,59.64,8.10
512.07,40.18,20.16,22.66,8.04,73.30,44.22,59.64,8.10
512.08,40.10,20.14,22.66,8.04,73.30,44.22,59.64,8.10
512.09,40.18,20.14,22.66,8.04,73.30,44.22,59.64,8.10
512.10,40.18,20.16,22.66,8.04,73.30,44.12,59.49,8.11
512.11,40.10,20.14,22.66,8.04,73.30,44.22,59.64,8.10
512.12,40.10,20.14,22.66,8.06,73.30,44.12,59.64,8.10
512.13,40.10,20.14,22.70,8.04,73.30,44.22,59.64,8.09
512.14,40.10,20.14,22.66,8.06,73.08,44.31,59.49,8.10
512.15,40.18,20.14,22.66,8.04,73.30,44.12,59.64,8.10
512.16,40.10,20.16,22.66,8.04,73.30,44.22,59.64,8.10
512.17,40.10,20.16,22.66,8.06,73.08,44.22,59.64,8.10
512.18,40.18,20.16,22.66,8.04,73.30,44.22,59.64,8.10
512.19,40.18,20.14,22.63,8.04,73.30,44.22,59.64,8.11
512.20,40.10,20.16,22.66,8.06,73.30,44.22,59.64,8.11
512.21,40.10,20.14,22.66,8.04,73.30,44.22,59.64,8.11
512.22,40.10,20.16,22.70,8.04,73.30,44.22,59.64,8.10
512.23,40.18,20.16,22.66,8.04,73.30,44.22,59.64,8.11
512.24,40.18,20.14,22.66,8.04,73.08,44.31,59.49,8.10
512.25,40.10,20.14,22.66,8.04,73.08,44.22,59.49,8.10
512.26,40.18,20.16,22.66,8.04,73.08,44.22,59.64,8.10
512.27,40.18,20.14,22.66,8.06,73.30,44.22,59.49,8.10
512.28,40.02,20.14,22.66,8.04,73.30,44.22,59.64,8.11
512.29,40.10,20.16,22.66,8.04,73.52,44.12,59.64,8.10
512.30,40.18,20.14,22.66,8.04,73.08,44.12,59.64,8.10
512.31,40.02,20.16,22.66,8.04,73.30,44.22,59.64,8.10
512.32,40.10,20.11,22.66,8.04,73.08,44.12,59.64,8.10
512.33,40.18,20.14,22.66,8.06,73.30,44.12,59.49,8.10
512.34,40.10,20.11,22.66,8.04,73.08,44.12,59.64,8.11
512.35,40.10,20.14,22.66,8.04,73.30,44.22,59.64,8.10
512.36,40.10,20.14,22.66,8.04,73.52,44.22,59.49,8.10
512.37,40.10,20.16,22.66,8.04,73.08,44.12,59.64,8.10
512.38,40.10,20.14,22.66,8.06,73.30,44.12,59.64,8.10
512.39,40.18,20.14,22.66,8.06,73.30,44.22,59.49,8.10
512.40,40.18,20.14,22.66,8.04,73.30,44.22,59.49,8.11
512.41,40.10,20.14,22.66,8.04,73.30,44.22,59.80,8.11
512.42,40.10,20.14,22.66,8.06,73.30,44.12,59.80,8.10
512.43,40.10,20.14,22.66,8.04,73.30,44.12,59.33,8.11
512.44,40.18,20.16,22.66,8.04,73.08,44.12,59.64,8.10
512.45,40.18,20.16,22.66,8.04,73.30,44.12,59.49,8.11
512.46,40.10,20.16,22.66,8.04,73.30,44.12,59.64,8.10
512.47,40.10,20.16,22.66,8.06,73.30,44.22,59.64,8.10
512.48,40.10,20.16,22.66,8.04,73.30,44.12,59.49,8.11
512.49,40.18,20.16,22.66,8.04,73.30,44.12,59.64,8.11
512.50,40.18,20.16,22.66,8.04,73.08,44.22,59.49,8.11
512.51,40.10,20.16,22.66,8.04,73.30,44.12,59.64,8.10
512.52,40.18,20.14,22.66,8.04,73.30,44.12,59.64,8.11
512.53,40.10,20.16,22.63,8.04,73.30,44.22,59.49,8.11
512.54,40.10,20.14,22.66,8.04,73.30,44.22,59.49,8.10
512.55,40.10,20.16,22.63,8.04,73.30,44.12,59.64,8.11
512.56,40.10,20.14,22.66,8.04,73.30,44.22,59.64,8.11
512.57,40.18,20.16,22.66,8.06,73.30,44.22,59.64,8.11
512.58,40.18,20.16,22.66,8.06,73.30,44.12,59.64,8.10
512.59,40.18,20.16,22.66,8.04,73.30,44.12,59.49,8.10
512.60,40.10,20.14,22.66,8.04,73.30,44.22,59.64,8.10
512.61,40.10,20.14,22.66,8.04,73.08,44.22,59.64,8.11
512.62,40.10,20.14,22.66,8.06,73.30,44.22,59.64,8.11
512.63,40.10,20.16,22.66,8.04,73.30,44.22,59.49,8.11
512.64,40.18,20.16,22.66,8.06,73.30,44.22,59.64,8.11
512.65,40.10,20.14,22.66,8.06,73.30,44.22,59.64,8.10
512.66,40.18,20.16,22.66,8.06,73.30,44.12,59.64,8.10
512.67,40.10,20.14,22.66,8.04,73.30,44.22,59.64,8.10
512.68,40.10,20.19,22.66,8.06,73.08,44.22,59.64,8.10
512.69,40.10,20.14,22.66,8.06,73.30,44.03,59.64,8.10
512.70,40.10,20.16,22.66,8.06,73.30,44.12,59.64,8.11
512.71,40.10,20.16,22.66,8.04,73.30,44.22,59.49,8.09
512.72,40.10,20.14,22.66,8.06,73.30,44.12,59.64,8.10
512.73,40.10,20.14,22.66,8.04,73.30,44.12,59.64,8.11
512.74,40.10,20.14,22.66,8.04,73.30,44.12,59.49,8.11
512.75,40.18,20.14,22.66,8.04,73.30,44.12,59.49,8.10
512.76,40.18,20.16,22.66,8.04,73.30,44.12,59.64,8.10
512.77,40.18,20.14,22.66,8.06,73.30,44.12,59.64,8.10
512.78,40.10,20.14,22.66,8.04,73.08,44.12,59.64,8.10
512.79,40.10,20.16,22.66,8.06,73.08,44.12,59.49,8.10
512.80,40.10,20.11,22.63,8.07,73.30,44.22,59.64,8.10
512.81,40.10,20.16,22.66,8.06,73.30,44.22,59.49,8.10
512.82,40.10,20.16,22.63,8.06,73.30,44.22,59.49,8.11
512.83,40.10,20.14,22.66,8.06,73.30,44.22,59.64,8.11
512.84,40.10,20.16,22.70,8.06,73.30,44.22,59.64,8.10
512.85,40.10,20.16,22.66,8.06,73.30,44.22,59.64,8.10
512.86,40.10,20.14,22.66,8.04,73.30,44.22,59.64,8.10
512.87,40.18,20.16,22.66,8.04,73.30,44.22,59.64,8.10
512.88,40.10,20.14,22.63,8.04,73.30,44.12,59.64,8.10
512.89,40.10,20.14,22.63,8.04,73.30,44.22,59.64,8.10
512.90,40.10,20.14,22.66,8.04,73.30,44.22,59.64,8.10
512.91,40.10,20.14,22.66,8.04,73.30,44.22,59.64,8.10
512.92,40.10,20.16,22.66,8.04,73.30,44.12,59.64,8.10
512.93,40.10,20.16,22.66,8.04,73.30,44.22,59.64,8.11
512.94,40.10,20.16,22.66,8.04,73.08,44.22,59.49,8.09
512.95,40.10,20.14,22.63,8.06,73.08,44.12,59.64,8.11
512.96,40.10,20.14,22.66,8.04,73.08,44.12,59.64,8.10
512.97,40.18,20.16,22.63,8.06,73.30,44.12,59.49,8.10
512.98,40.18,20.16,22.66,8.06,73.30,44.12,59.64,8.09
512.99,40.10,20.16,22.66,8.04,73.30,44.22,59.64,8.10
513.00,40.10,20.16,22.66,8.06,73.30,44.12,59.64,8.11
513.01,40.10,20.14,22.66,8.04,73.30,44.12,59.64,8.10
513.02,40.18,20.16,22.66,8.06,73.30,44.22,59.64,8.10
513.03,40.18,20.19,22.66,8.04,73.30,44.12,59.49,8.10
513.04,40.18,20.16,22.63,8.06,73.30,44.12,59.64,8.11
513.05,40.10,20.16,22.66,8.04,73.30,44.03,59.64,8.10
513.06,40.10,20.14,22.66,8.04,73.30,44.22,59.49,8.10
513.07,40.10,20.14,22.66,8.04,73.30,44.22,59.64,8.11
513.08,40.10,20.16,22.66,8.06,73.30,44.22,59.49,8.10
513.09,40.10,20.14,22.66,8.04,73.52,44.22,59.64,8.11
513.10,40.10,20.16,22.66,8.04,73.30,44.12,59.64,8.10
513.11,40.18,20.14,22.63,8.04,73.30,44.12,59.64,8.10
513.12,40.18,20.16,22.66,8.04,73.30,44.12,59.64,8.10
513.13,40.10,20.16,22.66,8.04,73.30,44.22,59.49,8.11
513.14,40.10,20.14,22.66,8.04,73.30,44.12,59.64,8.09
513.15,40.18,20.16,22.66,8.04,73.30,44.22,59.64,8.11
513.16,40.10,20.16,22.66,8.06,73.30,44.12,59.64,8.10
513.17,40.10,20.14,22.66,8.07,73.30,44.22,59.64,8.10
513.18,40.18,20.16,22.66,8.04,73.30,44.31,59.49,8.11
513.19,40.10,20.19,22.66,8.04,73.30,44.22,59.64,8.10
513.20,40.02,20.16,22.66,8.04,73.30,44.22,59.64,8.11
513.21,40.10,20.14,22.66,8.04,73.30,44.31,59.64,8.11
513.22,40.10,20.19,22.66,8.06,73.30,44.22,59.49,8.10
513.23,40.10,20.16,22.66,8.04,73.30,44.22,59.49,8.11
513.24,40.10,20.11,22.63,8.06,73.30,44.22,59.64,8.10
513.25,40.18,20.14,22.63,8.04,73.30,44.22,59.49,8.11
513.26,40.10,20.16,22.66,8.06,73.30,44.22,59.64,8.10
513.27,40.18,20.16,22.66,8.07,73.30,44.12,59.64,8.10
513.28,40.10,20.16,22.66,8.04,73.30,44.22,59.64,8.11
513.29,40.10,20.14,22.66,8.04,73.30,44.22,59.64,8.10
513.30,40.18,20.14,22.66,8.06,73.08,44.22,59.64,8.10
513.31,40.10,20.14,22.66,8.04,73.30,44.22,59.64,8.12
513.32,40.18,20.16,22.66,8.04,73.30,44.12,59.64,8.11
513.33,40.10,20.14,22.66,8.04,73.08,44.22,59.64,8.10
513.34,40.10,20.14,22.66,8.04,73.30,44.22,59.64,8.11
513.35,40.10,20.16,22.66,8.04,73.30,44.22,59.80,8.11
513.36,40.18,20.16,22.66,8.04,73.08,44.31,59.64,8.10
513.37,40.10,20.16,22.66,8.04,73.30,44.12,59.64,8.10
513.38,40.10,20.16,22.66,8.04,73.30,44.22,59.49,8.11
513.39,40.02,20.14,22.66,8.04,73.30,44.12,59.49,8.10
513.40,40.18,20.16,22.66,8.06,73.30,44.22,59.64,8.10
513.41,40.02,20.14,22.66,8.06,73.30,44.22,59.64,8.10
513.42,40.10,20.14,22.66,8.06,73.30,44.22,59.64,8.10
513.43,40.18,20.14,22.63,8.04,73.30,44.12,59.64,8.10
513.44,40.18,20.16,22.66,8.04,73.30,44.22,59.49,8.10
513.45,40.10,20.16,22.63,8.04,73.08,44.12,59.49,8.10
513.46,40.10,20.16,22.66,8.04,73.30,44.12,59.64,8.11
513.47,40.10,20.16,22.66,8.04,73.30,44.22,59.64,8.10
513.48,40.10,20.11,22.70,8.06,73.30,44.12,59.49,8.10
513.49,40.18,20.16,22.66,8.06,73.30,44.31,59.80,8.11
513.50,40.10,20.16,22.66,8.04,72.85,44.22,59.64,8.10
513.51,40.18,20.14,22.66,8.04,73.08,44.22,59.64,8.10
513.52,40.10,20.16,22.66,8.06,73.30,44.31,59.64,8.10
513.53,40.10,20.14,22.66,8.04,73.30,44.22,59.64,8.11
513.54,40.10,20.14,22.66,8.04,73.30,44.22,59.64,8.10
513.55,40.10,20.16,22.66,8.04,73.30,44.22,59.80,8.11
513.56,40.10,20.14,22.66,8.06,73.30,44.22,59.49,8.10
513.57,40.10,20.14,22.66,8.04,73.08,44.12,59.49,8.10
513.58,40.18,20.16,22.70,8.06,73.30,44.22,59.64,8.11
513.59,40.18,20.16,22.70,8.04,73.30,44.22,59.80,8.11
513.60,40.10,20.16,22.66,8.04,73.30,44.12,59.64,8.10
513.61,40.10,20.16,22.63,8.06,73.30,44.22,59.49,8.10
513.62,40.10,20.14,22.66,8.04,73.30,44.12,59.64,8.11
513.63,40.18,20.16,22.66,8.04,73.30,44.22,59.64,8.11
513.64,40.10,20.16,22.66,8.04,73.30,44.22,59.64,8.11
513.65,40.10,20.14,22.66,8.04,73.30,44.22,59.49,8.10
513.66,40.10,20.16,22.66,8.04,73.30,44.22,59.64,8.10
513.67,40.18,20.16,22.66,8.04,73.30,44.22,59.64,8.10
513.68,40.18,20.16,22.66,8.04,73.30,44.12,59.49,8.10
513.69,40.10,20.19,22.66,8.06,73.30,44.22,59.64,8.10
513.70,40.18,20.16,22.66,8.04,73.30,44.22,59.64,8.11
513.71,40.18,20.14,22.66,8.07,73.30,44.22,59.49,8.10
513.72,40.10,20.14,22.70,8.07,73.30,44.12,59.64,8.11
513.73,40.10,20.16,22.70,8.06,73.30,44.22,59.64,8.10
513.74,40.18,20.16,22.66,8.04,73.30,44.22,59.64,8.10
513.75,40.10,20.16,22.66,8.04,73.30,44.22,59.64,8.11
513.76,40.10,20.14,22.66,8.04,73.30,44.31,59.64,8.10
513.77,40.18,20.16,22.66,8.06,73.30,44.22,59.64,8.09
513.78,40.10,20.19,22.66,8.04,73.30,44.22,59.64,8.11
513.79,40.10,20.16,22.66,8.07,73.30,44.12,59.64,8.11
513.80,40.10,20.16,22.66,8.06,73.30,44.22,59.64,8.10
513.81,40.10,20.16,22.66,8.06,73.30,44.22,59.64,8.10
513.82,40.10,20.16,22.70,8.06,73.30,44.22,59.64,8.11
513.83,40.10,20.14,22.66,8.06,73.30,44.12,59.64,8.10
513.84,40.10,20.16,22.66,8.04,73.30,44.22,59.64,8.10
513.85,40.18,20.16,22.66,8.06,73.30,44.22,59.80,8.11
513.86,40.10,20.16,22.66,8.04,73.30,44.22,59.49,8.12
513.87,40.10,20.14,22.66,8.04,73.30,44.12,59.64,8.10
513.88,40.10,20.16,22.66,8.06,73.30,44.22,59.64,8.10
513.89,40.10,20.16,22.70,8.06,73.30,44.22,59.64,8.10
513.90,40.10,20.16,22.66,8.04,73.30,44.22,59.64,8.09
513.91,40.18,20.19,22.66,8.06,73.30,44.31,59.64,8.10
513.92,40.18,20.14,22.66,8.06,73.30,44.31,59.64,8.10
513.93,40.10,20.19,22.66,8.04,73.30,44.31,59.64,8.09
513.94,40.18,20.16,22.66,8.06,73.30,44.22,59.64,8.10
513.95,40.10,20.14,22.66,8.06,73.30,44.22,59.64,8.10
513.96,40.18,20.16,22.66,8.04,73.30,44.22,59.64,8.10
513.97,40.10,20.19,22.66,8.04,73.30,44.22,59.64,8.10
513.98,40.18,20.16,22.66,8.06,73.30,44.22,59.64,8.10
513.99,40.10,20.16,22.66,8.04,73.30,44.22,59.64,8.10
514.00,40.10,20.16,22.66,8.06,73.30,44.22,59.64,8.10
514.01,40.10,20.16,22.66,8.04,73.30,44.22,59.64,8.11
514.02,40.10,20.16,22.66,8.07,73.30,44.22,59.64,8.10
514.03,40.18,20.16,22.66,8.07,73.30,44.22,59.49,8.11
514.04,40.10,20.16,22.66,8.04,73.30,44.22,59.64,8.10
514.05,40.18,20.16,22.66,8.04,73.30,44.22,59.64,8.11
514.06,40.10,20.14,22.63,8.06,73.30,44.12,59.64,8.10
514.07,40.18,20.16,22.66,8.07,73.30,44.12,59.64,8.11
514.08,40.18,20.16,22.66,8.04,73.30,44.22,59.64,8.11
514.09,40.10,20.16,22.66,8.07,73.30,44.31,59.64,8.11
514.10,40.18,20.16,22.70,8.04,73.30,44.22,59.80,8.10
514.11,40.10,20.16,22.66,8.04,73.30,44.22,59.64,8.10
514.12,40.10,20.19,22.66,8.06,73.30,44.22,59.64,8.10
514.13,40.10,20.16,22.66,8.04,73.30,44.12,59.64,8.10
514.14,40.10,20.16,22.66,8.06,73.08,44.22,59.64,8.11
514.15,40.10,20.19,22.70,8.04,73.30,44.22,59.64,8.11
514.16,40.10,20.14,22.70,8.06,73.30,44.22,59.64,8.10
514.17,40.18,20.16,22.66,8.06,73.30,44.22,59.64,8.10
514.18,40.10,20.14,22.66,8.06,73.30,44.22,59.64,8.10
514.19,40.10,20.16,22.63,8.04,73.30,44.22,59.64,8.10
514.20,40.10,20.19,22.66,8.06,73.30,44.22,59.64,8.10
514.21,40.10,20.14,22.66,8.04,73.30,44.22,59.80,8.10
514.22,40.10,20.16,22.66,8.04,73.30,44.22,59.64,8.11
514.23,40.18,20.16,22.66,8.06,73.30,44.31,59.64,8.11
514.24,40.18,20.16,22.66,8.04,73.30,44.22,59.64,8.11
514.25,40.10,20.16,22.66,8.04,73.30,44.22,59.80,8.11
514.26,40.10,20.16,22.66,8.07,73.30,44.22,59.64,8.11
514.27,40.10,20.16,22.66,8.04,73.30,44.12,59.64,8.11
514.28,40.18,20.16,22.66,8.07,73.30,44.22,59.64,8.11
514.29,40.10,20.19,22.66,8.04,73.30,44.22,59.64,8.10
514.30,40.10,20.16,22.70,8.04,73.30,44.22,59.64,8.10
514.31,40.18,20.16,22.66,8.06,73.30,44.22,59.64,8.11
514.32,40.18,20.19,22.70,8.06,73.30,44.22,59.49,8.10
514.33,40.18,20.19,22.66,8.06,73.30,44.12,59.64,8.11
514.34,40.10,20.14,22.66,8.04,73.30,44.22,59.64,8.10
514.35,40.10,20.16,22.66,8.06,73.30,44.12,59.80,8.11
514.36,40.10,20.19,22.66,8.06,73.30,44.22,59.64,8.10
514.37,40.18,20.16,22.66,8.06,73.30,44.12,59.49,8.10
514.38,40.18,20.16,22.66,8.04,73.30,44.22,59.64,8.10
514.39,40.18,20.16,22.66,8.04,73.30,44.22,59.64,8.11
514.40,40.18,20.16,22.63,8.06,73.08,44.22,59.64,8.10
514.41,40.10,20.16,22.66,8.04,73.30,44.22,59.64,8.11
514.42,40.10,20.16,22.66,8.04,73.30,44.22,59.80,8.10
514.43,40.18,20.16,22.66,8.04,73.30,44.22,59.64,8.10
514.44,40.18,20.16,22.66,8.06,73.30,44.22,59.64,8.11
514.45,40.18,20.16,22.70,8.04,73.30,44.12,59.80,8.11
514.46,40.10,20.16,22.70,8.04,73.30,44.22,59.64,8.11
514.47,40.10,20.16,22.66,8.04,73.30,44.22,59.64,8.10
514.48,40.10,20.14,22.70,8.06,73.30,44.12,59.80,8.10
514.49,40.18,20.16,22.66,8.04,73.30,44.31,59.80,8.11
514.50,40.10,20.19,22.70,8.04,73.30,44.31,59.64,8.11
514.51,40.10,20.19,22.66,8.06,73.30,44.31,59.64,8.10
514.52,40.10,20.16,22.66,8.06,73.30,44.22,59.64,8.11
514.53,40.18,20.16,22.66,8.04,73.30,44.22,59.64,8.11
514.54,40.10,20.14,22.66,8.04,73.30,44.22,59.64,8.10
514.55,40.18,20.16,22.66,8.04,73.30,44.22,59.64,8.11
514.56,40.18,20.16,22.70,8.06,73.30,44.12,59.64,8.09
514.57,40.10,20.16,22.66,8.04,73.30,44.22,59.64,8.10
514.58,40.10,20.16,22.66,8.07,73.30,44.22,59.64,8.10
514.59,40.10,20.16,22.66,8.06,73.30,44.22,59.64,8.10
514.60,40.10,20.16,22.70,8.06,73.30,44.22,59.64,8.10
514.61,40.02,20.16,22.66,8.06,73.30,44.22,59.64,8.11
514.62,40.18,20.19,22.66,8.06,73.30,44.22,59.64,8.11
514.63,40.18,20.16,22.66,8.04,73.30,44.22,59.80,8.10
514.64,40.10,20.16,22.66,8.04,73.30,44.22,59.64,8.10
514.65,40.10,20.16,22.66,8.06,73.30,44.22,59.64,8.11
514.66,40.18,20.14,22.66,8.06,73.08,44.22,59.64,8.10
514.67,40.10,20.16,22.66,8.04,73.30,44.22,59.64,8.11
514.68,40.18,20.16,22.66,8.07,73.30,44.31,59.64,8.11
514.69,40.02,20.16,22.66,8.04,73.30,44.22,59.80,8.10
514.70,40.18,20.16,22.66,8.06,73.30,44.12,59.64,8.11
514.71,40.18,20.16,22.66,8.04,73.30,44.22,59.64,8.11
514.72,40.10,20.16,22.66,8.07,73.30,44.22,59.80,8.11
514.73,40.10,20.16,22.66,8.04,73.30,44.22,59.64,8.11
514.74,40.18,20.19,22.66,8.07,73.30,44.22,59.80,8.11
514.75,40.10,20.16,22.66,8.06,73.52,44.22,59.64,8.11
514.76,40.18,20.16,22.66,8.04,73.30,44.22,59.49,8.11
514.77,40.10,20.16,22.66,8.04,73.30,44.22,59.80,8.10
514.78,40.10,20.16,22.66,8.06,73.30,44.22,59.64,8.10
514.79,40.10,20.16,22.66,8.06,73.30,44.22,59.80,8.10
514.80,40.18,20.16,22.66,8.04,73.30,44.31,59.80,8.10
514.81,40.10,20.16,22.70,8.04,73.30,44.12,59.64,8.10
514.82,40.18,20.16,22.66,8.06,73.30,44.22,59.80,8.10
514.83,40.10,20.16,22.70,8.06,73.30,44.12,59.64,8.11
514.84,40.10,20.16,22.70,8.06,73.30,44.12,59.64,8.10
514.85,40.10,20.14,22.66,8.06,73.30,44.22,59.64,8.11
514.86,40.10,20.16,22.70,8.04,73.30,44.22,59.64,8.10
514.87,40.10,20.14,22.66,8.06,73.30,44.31,59.64,8.11
514.88,40.10,20.16,22.70,8.06,73.08,44.22,59.64,8.10
514.89,40.10,20.16,22.66,8.06,73.30,44.22,59.64,8.11
514.90,40.10,20.16,22.66,8.06,73.30,44.22,59.64,8.09
514.91,40.18,20.16,22.66,8.06,73.30,44.31,59.64,8.10
514.92,40.10,20.16,22.66,8.06,73.08,44.31,59.64,8.10
514.93,40.10,20.16,22.66,8.04,73.30,44.22,59.64,8.11
514.94,40.18,20.14,22.66,8.04,73.30,44.22,59.64,8.11
514.95,40.10,20.14,22.66,8.07,73.30,44.22,59.64,8.09
514.96,40.10,20.16,22.70,8.06,73.30,44.31,59.64,8.10
514.97,40.10,20.16,22.66,8.06,73.30,44.31,59.64,8.10
514.98,40.10,20.19,22.70,8.06,73.30,44.22,59.64,8.11
514.99,40.18,20.16,22.66,8.06,73.30,44.22,59.64,8.11
515.00,40.10,20.14,22.66,8.06,73.08,44.22,59.64,8.11
515.01,40.18,20.16,22.66,8.06,73.30,44.22,59.64,8.10
515.02,40.10,20.19,22.66,8.06,73.08,44.12,59.64,8.11
515.03,40.10,20.16,22.66,8.04,73.30,44.22,59.64,8.10
515.04,40.10,20.19,22.66,8.06,73.30,44.22,59.64,8.10
515.05,40.10,20.16,22.66,8.07,73.30,44.22,59.64,8.11
515.06,40.10,20.16,22.66,8.04,73.30,44.22,59.64,8.10
515.07,40.10,20.19,22.66,8.04,73.30,44.22,59.64,8.10
515.08,40.10,20.16,22.66,8.07,73.30,44.31,59.64,8.11
515.09,40.10,20.16,22.66,8.06,73.30,44.22,59.64,8.11
515.10,40.02,20.16,22.66,8.06,73.30,44.31,59.64,8.11
515.11,40.10,20.16,22.66,8.06,73.30,44.22,59.64,8.10
515.12,40.18,20.16,22.66,8.06,73.30,44.22,59.64,8.09
515.13,40.10,20.16,22.66,8.06,73.30,44.22,59.64,8.11
515.14,40.10,20.19,22.66,8.06,73.30,44.22,59.64,8.11
515.15,40.10,20.14,22.70,8.06,73.30,44.22,59.64,8.11
515.16,40.10,20.16,22.66,8.04,73.30,44.22,59.80,8.11
515.17,40.10,20.16,22.70,8.07,73.08,44.22,59.64,8.11
515.18,40.10,20.19,22.66,8.06,73.30,44.22,59.49,8.11
515.19,40.10,20.19,22.66,8.04,73.30,44.22,59.49,8.11
515.20,40.10,20.14,22.66,8.06,73.30,44.22,59.64,8.10
515.21,40.10,20.19,22.70,8.06,73.30,44.22,59.64,8.11
515.22,40.10,20.16,22.66,8.04,73.30,44.31,59.64,8.11
515.23,40.10,20.16,22.66,8.06,73.30,44.22,59.64,8.10
515.24,40.10,20.14,22.66,8.04,73.30,44.22,59.64,8.11
515.25,40.10,20.19,22.66,8.04,73.30,44.12,59.64,8.10
515.26,40.10,20.16,22.63,8.06,73.30,44.22,59.64,8.11
515.27,40.10,20.16,22.66,8.04,73.30,44.22,59.64,8.11
515.28,40.10,20.16,22.66,8.06,73.08,44.22,59.64,8.11
515.29,40.10,20.16,22.66,8.04,73.08,44.22,59.64,8.11
515.30,40.10,20.16,22.70,8.07,73.30,44.22,59.64,8.11
515.31,40.10,20.19,22.66,8.04,73.30,44.12,59.64,8.11
515.32,40.18,20.16,22.66,8.04,73.30,44.31,59.64,8.11
515.33,40.10,20.14,22.70,8.06,73.30,44.22,59.64,8.10
515.34,40.10,20.19,22.66,8.04,73.30,44.22,59.64,8.10
515.35,40.18,20.16,22.66,8.06,73.30,44.22,59.64,8.10
515.36,40.18,20.16,22.66,8.04,73.30,44.22,59.80,8.11
515.37,40.10,20.16,22.66,8.06,73.30,44.22,59.64,8.10
515.38,40.10,20.16,22.66,8.06,73.30,44.22,59.64,8.10
515.39,40.10,20.14,22.66,8.04,73.30,44.22,59.64,8.10
515.40,40.02,20.16,22.66,8.06,73.08,44.22,59.64,8.10
515.41,40.10,20.16,22.66,8.06,73.30,44.22,59.64,8.11
515.42,40.18,20.19,22.66,8.06,73.30,44.31,59.80,8.11
515.43,40.10,20.16,22.66,8.04,73.30,44.22,59.64,8.11
515.44,40.10,20.16,22.66,8.06,73.30,44.22,59.64,8.11
515.45,40.10,20.16,22.66,8.04,73.30,44.22,59.64,8.11
515.46,40.10,20.16,22.66,8.04,73.30,44.22,59.49,8.10
515.47,40.10,20.16,22.66,8.04,73.30,44.31,59.64,8.11
515.48,40.10,20.19,22.66,8.04,73.30,44.22,59.64,8.11
515.49,40.10,20.16,22.66,8.06,73.30,44.12,59.64,8.11
515.50,40.10,20.16,22.66,8.06,73.30,44.22,59.80,8.10
515.51,40.18,20.16,22.66,8.06,73.30,44.22,59.80,8.10
515.52,40.10,20.16,22.66,8.04,73.30,44.22,59.64,8.11
515.53,40.10,20.16,22.66,8.04,73.30,44.22,59.64,8.10
515.54,40.10,20.16,22.66,8.04,73.30,44.22,59.64,8.11
515.55,40.10,20.16,22.66,8.06,73.30,44.22,59.49,8.10
515.56,40.10,20.16,22.70,8.04,73.30,44.22,59.64,8.10
515.57,40.10,20.14,22.70,8.04,73.30,44.31,59.80,8.11
515.58,40.10,20.22,22.66,8.04,73.30,44.22,59.64,8.10
515.59,40.10,20.16,22.66,8.04,73.08,44.31,59.64,8.10
515.60,40.10,20.16,22.66,8.06,73.30,44.22,59.80,8.11
515.61,40.10,20.14,22.66,8.04,73.30,44.22,59.64,8.11
515.62,40.10,20.16,22.66,8.06,73.30,44.22,59.64,8.10
515.63,40.10,20.19,22.66,8.04,73.30,44.22,59.49,8.10
515.64,40.10,20.19,22.66,8.06,73.30,44.22,59.80,8.10
515.65,40.10,20.16,22.66,8.04,73.30,44.22,59.64,8.10
515.66,40.10,20.16,22.70,8.04,73.30,44.22,59.80,8.10
515.67,40.10,20.16,22.66,8.04,73.30,44.22,59.64,8.10
515.68,40.02,20.16,22.66,8.07,73.30,44.41,59.80,8.11
515.69,40.10,20.14,22.66,8.06,73.30,44.22,59.64,8.11
515.70,40.10,20.14,22.66,8.04,73.30,44.22,59.64,8.10
515.71,40.10,20.16,22.63,8.06,73.30,44.22,59.64,8.11
515.72,40.10,20.16,22.66,8.06,73.30,44.22,59.64,8.10
515.73,40.10,20.16,22.66,8.06,73.30,44.22,59.80,8.09
515.74,40.10,20.16,22.66,8.04,73.30,44.22,59.64,8.10
515.75,40.18,20.16,22.66,8.07,73.30,44.22,59.64,8.11
515.76,40.10,20.16,22.66,8.06,73.30,44.22,59.64,8.11
515.77,40.10,20.16,22.70,8.06,73.30,44.22,59.49,8.10
515.78,40.10,20.16,22.66,8.04,73.30,44.22,59.64,8.11
515.79,40.02,20.16,22.66,8.06,73.30,44.22,59.64,8.10
515.80,40.02,20.16,22.70,8.04,73.30,44.22,59.64,8.10
515.81,40.10,20.16,22.70,8.06,73.30,44.22,59.64,8.11
515.82,40.10,20.19,22.66,8.06,73.30,44.22,59.64,8.11
515.83,40.02,20.16,22.66,8.04,73.30,44.31,59.64,8.10
515.84,40.10,20.19,22.66,8.06,73.30,44.22,59.49,8.11
515.85,40.10,20.14,22.66,8.04,73.30,44.12,59.64,8.10
515.86,40.10,20.16,22.63,8.04,73.30,44.22,59.64,8.10
515.87,40.10,20.16,22.66,8.04,73.30,44.22,59.80,8.10
515.88,40.02,20.16,22.66,8.04,73.08,44.22,59.64,8.10
515.89,40.10,20.16,22.66,8.06,73.30,44.22,59.64,8.10
515.90,40.10,20.14,22.66,8.04,73.30,44.22,59.64,8.10
515.91,40.10,20.16,22.66,8.04,73.30,44.31,59.64,8.10
515.92,40.10,20.14,22.70,8.04,73.30,44.22,59.49,8.11
515.93,40.10,20.16,22.66,8.06,73.30,44.31,59.80,8.11
515.94,40.10,20.16,22.66,8.06,73.30,44.22,59.64,8.11
515.95,40.10,20.16,22.66,8.06,73.30,44.31,59.49,8.11
515.96,40.10,20.16,22.66,8.06,73.30,44.22,59.64,8.11
515.97,40.10,20.14,22.66,8.04,73.30,44.22,59.64,8.10
515.98,40.10,20.16,22.66,8.06,73.30,44.22,59.64,8.11
515.99,40.18,20.16,22.66,8.06,73.30,44.22,59.64,8.10
516.00,40.10,20.16,22.66,8.06,73.30,44.22,59.64,8.11
516.01,40.10,20.19,22.66,8.04,73.30,44.12,59.64,8.11
516.02,40.10,20.16,22.66,8.07,73.30,44.22,59.64,8.10
516.03,40.10,20.16,22.66,8.06,73.30,44.12,59.64,8.10
516.04,40.10,20.16,22.66,8.07,73.30,44.31,59.64,8.10
516.05,40.10,20.19,22.66,8.04,73.30,44.22,59.80,8.10
516.06,40.10,20.16,22.70,8.06,73.30,44.22,59.64,8.11
516.07,40.18,20.16,22.70,8.07,73.30,44.22,59.64,8.10
516.08,40.10,20.16,22.66,8.06,73.30,44.31,59.64,8.11
516.09,40.10,20.16,22.66,8.07,73.30,44.31,59.64,8.10
516.10,40.02,20.16,22.66,8.04,73.08,44.31,59.64,8.11
516.11,40.10,20.16,22.66,8.06,73.30,44.12,59.64,8.10
516.12,40.10,20.16,22.66,8.04,73.30,44.22,59.64,8.11
516.13,40.10,20.19,22.63,8.04,73.30,44.22,59.64,8.09
516.14,40.10,20.16,22.66,8.06,73.30,44.22,59.64,8.11
516.15,40.02,20.16,22.66,8.06,73.30,44.22,59.49,8.10
516.16,40.18,20.16,22.66,8.04,73.30,44.22,59.64,8.10
516.17,40.10,20.16,22.66,8.04,73.30,44.22,59.80,8.10
516.18,40.10,20.16,22.66,8.06,73.30,44.22,59.64,8.11
516.19,40.10,20.16,22.66,8.04,73.30,44.22,59.64,8.10
516.20,40.10,20.16,22.66,8.04,73.30,44.22,59.64,8.10
516.21,40.10,20.14,22.66,8.04,73.30,44.22,59.80,8.11
516.22,40.10,20.16,22.66,8.06,73.30,44.22,59.64,8.10
516.23,40.10,20.16,22.66,8.06,73.30,44.31,59.80,8.10
516.24,40.10,20.16,22.66,8.04,73.30,44.03,59.64,8.10
516.25,40.10,20.16,22.66,8.07,73.30,44.31,59.64,8.10
516.26,40.10,20.16,22.66,8.06,73.30,44.22,59.64,8.11
516.27,40.10,20.16,22.66,8.06,73.30,44.22,59.64,8.10
516.28,40.10,20.16,22.70,8.06,73.30,44.22,59.80,8.11
516.29,40.02,20.16,22.66,8.06,73.30,44.22,59.64,8.11
516.30,40.10,20.19,22.66,8.04,73.30,44.31,59.64,8.10
516.31,40.10,20.16,22.66,8.04,73.30,44.22,59.64,8.11
516.32,40.10,20.14,22.66,8.04,73.30,44.22,59.64,8.11
516.33,40.10,20.19,22.66,8.07,73.30,44.22,59.64,8.11
516.34,40.10,20.16,22.70,8.07,73.30,44.22,59.64,8.11
516.35,40.18,20.16,22.66,8.04,73.30,44.22,59.64,8.10
516.36,40.18,20.19,22.66,8.06,73.08,44.22,59.64,8.11
516.37,40.10,20.16,22.66,8.04,73.30,44.31,59.80,8.10
516.38,40.10,20.16,22.70,8.04,73.30,44.22,59.80,8.10
516.39,40.10,20.19,22.66,8.06,73.30,44.12,59.64,8.10
516.40,40.10,20.16,22.66,8.04,73.30,44.12,59.64,8.10
516.41,40.10,20.14,22.66,8.06,73.08,44.22,59.64,8.10
516.42,40.10,20.16,22.66,8.06,73.30,44.12,59.64,8.10
516.43,40.10,20.19,22.66,8.04,73.30,44.12,59.64,8.10
516.44,40.10,20.16,22.66,8.04,73.30,44.31,59.64,8.11
516.45,40.18,20.16,22.66,8.04,73.30,44.22,59.64,8.11
516.46,40.10,20.16,22.66,8.06,73.30,44.31,59.64,8.11
516.47,40.18,20.16,22.66,8.06,73.30,44.22,59.64,8.10
516.48,40.10,20.16,22.70,8.07,73.30,44.22,59.64,8.11
516.49,40.02,20.16,22.66,8.06,73.30,44.22,59.64,8.11
516.50,40.10,20.19,22.66,8.04,73.30,44.22,59.64,8.09
516.51,40.10,20.16,22.66,8.04,73.30,44.22,59.80,8.10
516.52,40.10,20.16,22.66,8.04,73.30,44.12,59.64,8.10
516.53,40.10,20.16,22.66,8.04,73.30,44.22,59.64,8.11
516.54,40.10,20.14,22.66,8.06,73.30,44.22,59.64,8.11
516.55,40.18,20.16,22.66,8.06,73.30,44.22,59.64,8.10
516.56,40.10,20.16,22.66,8.06,73.30,44.22,59.64,8.10
516.57,40.10,20.16,22.70,8.06,73.30,44.31,59.80,8.11
516.58,40.10,20.16,22.66,8.06,73.30,44.22,59.64,8.10
516.59,40.10,20.16,22.66,8.04,73.30,44.31,59.64,8.10
516.60,40.10,20.16,22.66,8.04,73.30,44.31,59.64,8.11
516.61,40.10,20.14,22.66,8.04,73.30,44.22,59.64,8.11
516.62,40.10,20.16,22.66,8.06,73.30,44.22,59.64,8.11
516.63,40.10,20.19,22.66,8.06,73.30,44.22,59.64,8.10
516.64,40.02,20.16,22.66,8.06,73.30,44.22,59.64,8.10
516.65,40.10,20.16,22.66,8.04,73.30,44.31,59.64,8.11
516.66,40.10,20.19,22.66,8.04,73.30,44.31,59.64,8.11
516.67,40.10,20.19,22.63,8.06,73.30,44.12,59.80,8.10
516.68,40.10,20.16,22.66,8.06,73.30,44.22,59.80,8.11
516.69,40.02,20.19,22.66,8.04,73.52,44.22,59.64,8.10
516.70,40.10,20.14,22.66,8.04,73.30,44.22,59.64,8.10
516.71,40.10,20.16,22.70,8.06,73.30,44.22,59.64,8.11
516.72,40.10,20.16,22.66,8.06,73.30,44.22,59.64,8.11
516.73,40.10,20.16,22.66,8.06,73.30,44.22,59.64,8.11
516.74,40.10,20.16,22.66,8.04,73.30,44.22,59.64,8.11
516.75,40.10,20.19,22.66,8.07,73.30,44.22,59.64,8.11
516.76,40.10,20.16,22.66,8.04,73.30,44.31,59.80,8.11
516.77,40.10,20.14,22.66,8.06,73.30,44.22,59.64,8.11
516.78,40.02,20.19,22.66,8.04,73.30,44.31,59.64,8.10
516.79,40.10,20.16,22.66,8.06,73.30,44.22,59.64,8.10
516.80,40.10,20.16,22.66,8.04,73.30,44.22,59.80,8.10
516.81,40.10,20.16,22.66,8.06,73.30,44.12,59.64,8.10
516.82,40.10,20.16,22.66,8.04,73.30,44.22,59.80,8.10
516.83,40.10,20.16,22.66,8.04,73.30,44.22,59.64,8.11
516.84,40.10,20.16,22.70,8.06,73.30,44.22,59.64,8.11
516.85,40.10,20.16,22.66,8.06,73.30,44.22,59.80,8.11
516.86,40.10,20.16,22.66,8.06,73.30,44.12,59.64,8.10
516.87,40.10,20.16,22.70,8.06,73.30,44.12,59.49,8.10
516.88,40.10,20.16,22.66,8.07,73.30,44.22,59.64,8.11
516.89,40.10,20.16,22.66,8.06,73.30,44.22,59.64,8.10
516.90,40.10,20.16,22.66,8.06,73.30,44.22,59.64,8.10
516.91,40.10,20.19,22.66,8.04,73.30,44.22,59.64,8.12
516.92,40.18,20.16,22.66,8.06,73.30,44.22,59.64,8.09
516.93,40.10,20.16,22.66,8.04,73.30,44.12,59.64,8.11
516.94,40.10,20.16,22.66,8.06,73.30,44.22,59.64,8.10
516.95,40.10,20.19,22.66,8.06,73.30,44.22,59.64,8.10
516.96,40.10,20.16,22.66,8.04,73.30,44.22,59.64,8.10
516.97,40.02,20.16,22.66,8.06,73.30,44.22,59.33,8.10
516.98,40.10,20.16,22.66,8.04,73.30,44.22,59.64,8.11
516.99,40.02,20.16,22.66,8.04,73.30,44.22,59.64,8.11
517.00,40.26,20.16,22.66,8.04,73.30,44.31,59.64,8.11
517.01,40.18,20.16,22.66,8.06,73.30,44.22,59.64,8.10
517.02,40.10,20.16,22.66,8.06,73.30,44.22,59.64,8.09
517.03,40.10,20.19,22.70,8.04,73.30,44.22,59.64,8.11
517.04,40.10,20.14,22.66,8.06,73.52,44.22,59.64,8.11
517.05,40.10,20.14,22.66,8.04,73.30,44.22,59.64,8.10
517.06,40.10,20.16,22.70,8.04,73.52,44.31,59.64,8.11
517.07,40.10,20.19,22.66,8.06,73.30,44.31,59.64,8.11
517.08,40.10,20.16,22.70,8.06,73.08,44.22,59.95,8.10
517.09,40.10,20.19,22.66,8.04,73.52,44.12,59.49,8.11
517.10,40.10,20.16,22.66,8.04,73.30,44.22,59.64,8.11
517.11,40.10,20.19,22.66,8.04,73.52,44.22,59.64,8.10
517.12,40.18,20.16,22.66,8.04,73.30,44.22,59.80,8.10
517.13,40.10,20.14,22.66,8.07,73.30,44.31,59.64,8.10
517.14,40.10,20.16,22.66,8.06,73.30,44.22,59.64,8.10
517.15,40.10,20.14,22.66,8.04,73.30,44.22,59.64,8.11
517.16,40.10,20.16,22.66,8.06,73.30,44.22,59.64,8.10
517.17,40.10,20.16,22.66,8.07,73.30,44.22,59.64,8.11
517.18,40.10,20.16,22.66,8.06,73.30,44.12,59.64,8.10
517.19,40.10,20.16,22.66,8.04,73.30,44.12,59.64,8.10
517.20,40.10,20.16,22.66,8.07,73.30,44.22,59.64,8.11
517.21,40.10,20.16,22.66,8.06,73.30,44.22,59.64,8.11
517.22,40.10,20.16,22.70,8.06,73.30,44.22,59.64,8.10
517.23,40.02,20.16,22.66,8.04,73.30,44.22,59.64,8.10
517.24,40.10,20.16,22.70,8.06,73.30,44.31,59.64,8.10
517.25,40.10,20.16,22.66,8.06,73.30,44.22,59.80,8.11
517.26,40.10,20.16,22.66,8.04,73.30,44.22,59.64,8.11
517.27,40.10,20.16,22.66,8.07,73.30,44.22,59.64,8.11
517.28,40.10,20.14,22.66,8.06,73.30,44.22,59.64,8.11
517.29,40.10,20.16,22.66,8.06,73.30,44.22,59.80,8.11
517.30,40.10,20.16,22.66,8.06,73.30,44.22,59.64,8.11
517.31,40.10,20.16,22.70,8.06,73.30,44.31,59.64,8.10
517.32,40.10,20.19,22.66,8.04,73.30,44.22,59.64,8.11
517.33,40.10,20.19,22.66,8.06,73.30,44.22,59.80,8.11
517.34,40.10,20.16,22.63,8.06,73.30,44.22,59.64,8.12
517.35,40.18,20.16,22.66,8.04,73.30,44.31,59.80,8.11
517.36,40.10,20.16,22.66,8.06,73.30,44.22,59.64,8.11
517.37,40.18,20.19,22.66,8.06,73.30,44.12,59.80,8.11
517.38,40.10,20.16,22.66,8.06,73.30,44.31,59.64,8.11
517.39,40.10,20.16,22.70,8.04,73.30,44.31,59.80,8.11
517.40,40.10,20.16,22.70,8.06,73.30,44.31,59.80,8.10
517.41,40.10,20.16,22.66,8.04,73.30,44.22,59.64,8.10
517.42,40.10,20.16,22.66,8.04,73.30,44.31,59.80,8.11
517.43,40.10,20.16,22.66,8.06,73.30,44.22,59.64,8.10
517.44,40.10,20.16,22.66,8.04,73.30,44.22,59.80,8.11
517.45,40.10,20.16,22.66,8.06,73.30,44.31,59.64,8.11
517.46,40.10,20.16,22.66,8.04,73.30,44.31,59.64,8.10
517.47,40.10,20.19,22.66,8.04,73.30,44.12,59.64,8.11
517.48,40.10,20.19,22.66,8.06,73.30,44.22,59.49,8.11
517.49,40.10,20.16,22.66,8.06,73.30,44.31,59.64,8.10
517.50,40.10,20.16,22.66,8.06,73.30,44.22,59.64,8.10
517.51,40.10,20.14,22.66,8.04,73.30,44.22,59.64,8.10
517.52,40.10,20.16,22.70,8.06,73.30,44.31,59.64,8.11
517.53,40.10,20.16,22.66,8.06,73.30,44.22,59.64,8.11
517.54,40.10,20.16,22.70,8.06,73.52,44.31,59.64,8.10
517.55,40.10,20.16,22.70,8.06,73.30,44.22,59.64,8.10
517.56,40.10,20.16,22.66,8.06,73.30,44.22,59.80,8.11
517.57,40.10,20.16,22.70,8.06,73.30,44.31,59.80,8.11
517.58,40.10,20.19,22.70,8.04,73.30,44.22,59.80,8.10
517.59,40.18,20.14,22.66,8.07,73.30,44.22,59.64,8.11
517.60,40.10,20.16,22.66,8.04,73.30,44.31,59.64,8.10
517.61,40.10,20.14,22.70,8.06,73.30,44.31,59.64,8.11
517.62,40.10,20.16,22.66,8.06,73.30,44.12,59.64,8.11
517.63,40.10,20.16,22.66,8.04,73.30,44.22,59.64,8.11
517.64,40.10,20.16,22.66,8.04,73.30,44.31,59.64,8.10
517.65,40.10,20.16,22.66,8.06,73.30,44.31,59.64,8.10
517.66,40.18,20.16,22.66,8.06,73.30,44.22,59.80,8.11
517.67,40.10,20.16,22.66,8.04,73.30,44.31,59.64,8.10
517.68,40.10,20.16,22.66,8.04,73.30,44.22,59.64,8.11
517.69,40.10,20.16,22.66,8.04,73.30,44.12,59.80,8.11
517.70,40.18,20.14,22.66,8.04,73.30,44.31,59.64,8.10
517.71,40.10,20.16,22.66,8.04,73.30,44.22,59.80,8.10
517.72,40.10,20.19,22.66,8.07,73.30,44.31,59.64,8.11
517.73,40.10,20.16,22.66,8.07,73.30,44.22,59.80,8.10
517.74,40.10,20.16,22.70,8.07,73.30,44.22,59.64,8.10
517.75,40.10,20.14,22.66,8.06,73.30,44.22,59.64,8.10
517.76,40.10,20.16,22.66,8.06,73.30,44.31,59.64,8.11
517.77,40.10,20.16,22.66,8.04,73.30,44.22,59.80,8.11
517.78,40.18,20.16,22.66,8.06,73.30,44.22,59.64,8.11
517.79,40.18,20.19,22.66,8.04,73.30,44.31,59.64,8.10
517.80,40.10,20.19,22.66,8.06,73.30,44.22,59.64,8.10
517.81,40.10,20.16,22.70,8.06,73.30,44.22,59.64,8.10
517.82,40.18,20.16,22.70,8.07,73.30,44.31,59.80,8.10
517.83,40.18,20.16,22.66,8.04,73.30,44.22,59.64,8.10
517.84,40.18,20.19,22.66,8.06,73.30,44.22,59.64,8.10
517.85,40.18,20.16,22.66,8.06,73.30,44.22,59.64,8.10
517.86,40.10,20.16,22.66,8.06,73.30,44.31,59.64,8.12
517.87,40.10,20.16,22.66,8.06,73.30,44.31,59.80,8.11
517.88,40.10,20.14,22.66,8.06,73.30,44.31,59.80,8.11
517.89,40.18,20.16,22.66,8.04,73.30,44.22,59.64,8.12
517.90,40.10,20.16,22.70,8.04,73.30,44.22,59.64,8.10
517.91,40.10,20.19,22.66,8.04,73.30,44.31,59.64,8.10
517.92,40.10,20.16,22.66,8.06,73.30,44.22,59.64,8.10
517.93,40.10,20.16,22.66,8.04,73.30,44.22,59.64,8.11
517.94,40.18,20.16,22.66,8.04,73.30,44.22,59.64,8.11
517.95,40.10,20.16,22.70,8.06,73.30,44.22,59.64,8.11
517.96,40.10,20.14,22.66,8.04,73.30,44.31,59.64,8.11
517.97,40.18,20.19,22.70,8.04,73.30,44.31,59.64,8.10
517.98,40.10,20.16,22.70,8.06,73.30,44.22,59.64,8.11
517.99,40.10,20.16,22.70,8.06,73.52,44.31,59.64,8.11
518.00,40.10,20.16,22.70,8.06,73.30,44.22,59.64,8.10
518.01,40.10,20.16,22.66,8.04,73.52,44.22,59.64,8.11
518.02,40.10,20.19,22.66,8.06,73.52,44.22,59.64,8.11
518.03,40.10,20.16,22.70,8.06,73.30,44.31,59.64,8.11
518.04,40.02,20.19,22.66,8.04,73.30,44.31,59.64,8.11
518.05,40.10,20.19,22.70,8.06,73.30,44.31,59.64,8.10
518.06,40.10,20.19,22.70,8.06,73.30,44.22,59.64,8.11
518.07,40.10,20.16,22.70,8.06,73.30,44.22,59.64,8.11
518.08,40.10,20.14,22.66,8.07,73.30,44.12,59.80,8.11
518.09,40.10,20.19,22.66,8.06,73.30,44.31,59.64,8.10
518.10,40.10,20.16,22.70,8.06,73.30,44.22,59.64,8.11
518.11,40.10,20.16,22.66,8.06,73.30,44.22,59.64,8.10
518.12,40.10,20.16,22.66,8.06,73.30,44.31,59.64,8.11
518.13,40.18,20.16,22.70,8.04,73.30,44.31,59.64,8.10
518.14,40.18,20.16,22.70,8.04,73.30,44.31,59.64,8.10
518.15,40.10,20.19,22.70,8.06,73.30,44.22,59.64,8.10
518.16,40.10,20.22,22.66,8.04,73.30,44.22,59.64,8.11
518.17,40.10,20.19,22.66,8.06,73.30,44.31,59.64,8.11
518.18,40.10,20.16,22.70,8.04,73.30,44.12,59.64,8.11
518.19,40.18,20.16,22.70,8.06,73.30,44.31,59.64,8.10
518.20,40.10,20.16,22.66,8.06,73.30,44.31,59.64,8.11
518.21,40.18,20.16,22.70,8.06,73.30,44.12,59.64,8.10
518.22,40.10,20.19,22.70,8.06,73.30,44.31,59.64,8.11
518.23,40.10,20.16,22.66,8.04,73.30,44.12,59.80,8.10
518.24,40.10,20.14,22.66,8.06,73.30,44.31,59.64,8.11
518.25,40.18,20.22,22.66,8.06,73.30,44.22,59.64,8.11
518.26,40.10,20.16,22.70,8.06,73.30,44.31,59.64,8.11
518.27,40.10,20.19,22.66,8.06,73.30,44.22,59.64,8.10
518.28,40.10,20.19,22.66,8.06,73.30,44.31,59.64,8.11
518.29,40.10,20.14,22.70,8.06,73.30,44.31,59.80,8.11
518.30,40.10,20.16,22.70,8.06,73.30,44.31,59.64,8.11
518.31,40.10,20.16,22.70,8.06,73.30,44.31,59.80,8.11
518.32,40.10,20.19,22.66,8.04,73.30,44.31,59.64,8.10
518.33,40.10,20.16,22.66,8.06,73.30,44.31,59.64,8.10
518.34,40.18,20.19,22.70,8.06,73.30,44.22,59.80,8.10
518.35,40.10,20.16,22.66,8.06,73.30,44.22,59.64,8.11
518.36,40.10,20.16,22.70,8.06,73.30,44.31,59.64,8.10
518.37,40.10,20.19,22.66,8.04,73.52,44.22,59.80,8.11
518.38,40.10,20.16,22.70,8.06,73.30,44.22,59.64,8.10
518.39,40.10,20.16,22.70,8.06,73.52,44.31,59.64,8.10
518.40,40.10,20.16,22.66,8.06,73.30,44.31,59.64,8.11
518.41,40.10,20.19,22.66,8.06,73.30,44.31,59.64,8.11
518.42,40.10,20.16,22.66,8.06,73.30,44.31,59.80,8.11
518.43,40.10,20.16,22.66,8.06,73.30,44.31,59.64,8.10
518.44,40.10,20.19,22.70,8.06,73.30,44.22,59.80,8.10
518.45,40.10,20.19,22.66,8.04,73.30,44.22,59.80,8.11
518.46,40.02,20.16,22.70,8.06,73.30,44.31,59.64,8.10
518.47,40.10,20.16,22.70,8.06,73.52,44.22,59.64,8.11
518.48,40.10,20.19,22.66,8.06,73.30,44.22,59.64,8.10
518.49,40.18,20.16,22.70,8.07,73.52,44.12,59.80,8.10
518.50,40.10,20.16,22.66,8.07,73.30,44.22,59.80,8.10
518.51,40.10,20.16,22.70,8.06,73.30,44.31,59.64,8.10
518.52,40.10,20.19,22.66,8.06,73.30,44.22,59.80,8.10
518.53,40.10,20.19,22.70,8.06,73.30,44.22,59.64,8.11
518.54,40.10,20.19,22.70,8.06,73.30,44.22,59.64,8.10
518.55,40.10,20.14,22.70,8.06,73.30,44.31,59.64,8.10
518.56,40.10,20.22,22.70,8.06,73.30,44.31,59.80,8.11
518.57,40.02,20.19,22.66,8.06,73.52,44.31,59.80,8.11
518.58,40.10,20.19,22.66,8.07,73.30,44.22,59.80,8.11
518.59,40.10,20.16,22.66,8.06,73.30,44.22,59.80,8.11
518.60,40.10,20.16,22.70,8.07,73.30,44.22,59.80,8.10
518.61,40.10,20.19,22.66,8.06,73.30,44.22,59.64,8.10
518.62,40.10,20.19,22.66,8.07,73.30,44.31,59.80,8.11
518.63,40.10,20.16,22.70,8.06,73.52,44.22,59.80,8.11
518.64,40.18,20.19,22.70,8.06,73.30,44.22,59.80,8.10
518.65,40.18,20.16,22.70,8.06,73.30,44.22,59.80,8.11
518.66,40.10,20.19,22.70,8.06,73.30,44.22,59.80,8.11
518.67,40.10,20.19,22.66,8.04,73.30,44.31,59.64,8.10
518.68,40.10,20.16,22.66,8.07,73.30,44.22,59.64,8.10
518.69,40.10,20.19,22.70,8.04,73.30,44.22,59.80,8.11
518.70,40.10,20.16,22.70,8.04,73.30,44.31,59.64,8.11
518.71,40.18,20.19,22.66,8.06,73.30,44.31,59.64,8.11
518.72,40.10,20.19,22.70,8.04,73.30,44.31,59.80,8.11
518.73,40.10,20.16,22.66,8.04,73.52,44.31,59.64,8.11
518.74,40.10,20.16,22.66,8.06,73.30,44.22,59.49,8.10
518.75,40.18,20.19,22.70,8.06,73.30,44.22,59.64,8.11
518.76,40.18,20.16,22.70,8.06,73.30,44.31,59.64,8.10
518.77,40.18,20.19,22.70,8.06,73.30,44.31,59.80,8.11
518.78,40.10,20.16,22.66,8.04,73.30,44.22,59.64,8.11
518.79,40.18,20.19,22.66,8.06,73.30,44.22,59.64,8.11
518.80,40.10,20.22,22.66,8.07,73.30,44.31,59.64,8.11
518.81,40.18,20.19,22.70,8.04,73.30,44.22,59.64,8.11
518.82,40.10,20.19,22.66,8.06,73.30,44.22,59.64,8.10
518.83,40.10,20.19,22.66,8.06,73.30,44.22,59.80,8.11
518.84,40.10,20.16,22.66,8.06,73.30,44.31,59.64,8.10
518.85,40.18,20.16,22.66,8.04,73.30,44.31,59.64,8.11
518.86,40.10,20.16,22.70,8.06,73.30,44.31,59.64,8.11
518.87,40.10,20.16,22.66,8.07,73.30,44.31,59.80,8.11
518.88,40.18,20.16,22.66,8.04,73.30,44.31,59.64,8.11
518.89,40.18,20.16,22.66,8.06,73.30,44.31,59.64,8.10
518.90,40.10,20.19,22.66,8.06,73.30,44.31,59.80,8.11
518.91,40.18,20.19,22.70,8.06,73.30,44.31,59.64,8.11
518.92,40.18,20.22,22.70,8.06,73.30,44.31,59.64,8.10
518.93,40.10,20.16,22.66,8.06,73.30,44.31,59.64,8.10
518.94,40.10,20.16,22.66,8.06,73.30,44.22,59.80,8.11
518.95,40.10,20.19,22.66,8.07,73.30,44.31,59.80,8.12
518.96,40.10,20.16,22.70,8.06,73.30,44.31,59.64,8.10
518.97,40.18,20.16,22.66,8.07,73.30,44.22,59.64,8.11
518.98,40.10,20.16,22.66,8.06,73.30,44.31,59.64,8.11
518.99,40.10,20.16,22.70,8.06,73.52,44.22,59.64,8.10
519.00,40.10,20.16,22.66,8.06,73.30,44.22,59.64,8.12
519.01,40.10,20.19,22.70,8.06,73.30,44.22,59.64,8.11
519.02,40.10,20.16,22.66,8.04,73.30,44.31,59.80,8.10
519.03,40.18,20.19,22.66,8.06,73.30,44.22,59.80,8.11
519.04,40.10,20.16,22.70,8.06,73.52,44.31,59.80,8.11
519.05,40.18,20.16,22.66,8.07,73.30,44.22,59.64,8.11
519.06,40.10,20.16,22.70,8.06,73.30,44.22,59.64,8.10
519.07,40.10,20.16,22.66,8.07,73.30,44.22,59.80,8.11
519.08,40.18,20.16,22.66,8.04,73.30,44.31,59.64,8.11
519.09,40.10,20.16,22.70,8.04,73.52,44.22,59.80,8.11
519.10,40.10,20.19,22.66,8.04,73.30,44.31,59.64,8.12
519.11,40.10,20.16,22.70,8.07,73.30,44.22,59.64,8.11
519.12,40.10,20.19,22.70,8.04,73.30,44.22,59.80,8.10
519.13,40.18,20.19,22.66,8.06,73.30,44.31,59.64,8.11
519.14,40.10,20.14,22.70,8.06,73.30,44.31,59.64,8.11
519.15,40.18,20.19,22.70,8.06,73.30,44.22,59.64,8.11
519.16,40.10,20.16,22.66,8.04,73.52,44.31,59.64,8.11
519.17,40.18,20.19,22.70,8.06,73.30,44.22,59.80,8.11
519.18,40.10,20.19,22.66,8.07,73.30,44.12,59.64,8.11
519.19,40.10,20.19,22.66,8.04,73.30,44.22,59.80,8.10
519.20,40.18,20.19,22.70,8.04,73.30,44.12,59.64,8.10
519.21,40.10,20.16,22.70,8.06,73.30,44.31,59.80,8.11
519.22,40.18,20.16,22.70,8.06,73.30,44.22,59.64,8.10
519.23,40.02,20.19,22.66,8.04,73.30,44.31,59.64,8.10
519.24,40.10,20.16,22.70,8.06,73.30,44.22,59.64,8.10
519.25,40.18,20.16,22.66,8.04,73.30,44.22,59.80,8.11
519.26,40.10,20.16,22.66,8.06,73.30,44.22,59.64,8.10
519.27,40.10,20.16,22.70,8.06,73.52,44.22,59.64,8.10
519.28,40.10,20.16,22.70,8.04,73.30,44.22,59.64,8.11
519.29,40.10,20.16,22.70,8.06,73.30,44.31,59.80,8.12
519.30,40.02,20.14,22.70,8.07,73.30,44.31,59.80,8.12
519.31,40.10,20.19,22.70,8.06,73.30,44.22,59.64,8.11
519.32,40.10,20.16,22.66,8.07,73.30,44.31,59.64,8.11
519.33,40.10,20.19,22.66,8.04,73.30,44.31,59.80,8.11
519.34,40.10,20.16,22.70,8.06,73.30,44.31,59.64,8.11
519.35,40.10,20.14,22.66,8.04,73.30,44.22,59.64,8.10
519.36,40.02,20.16,22.66,8.04,73.30,44.22,59.80,8.11
519.37,40.26,20.16,22.70,8.04,73.30,44.31,59.64,8.10
519.38,40.18,20.16,22.66,8.06,73.30,44.31,59.64,8.11
519.39,40.10,20.16,22.66,8.06,73.30,44.22,59.64,8.10
519.40,40.18,20.19,22.70,8.04,73.30,44.22,59.64,8.10
519.41,40.10,20.16,22.70,8.06,73.30,44.22,59.64,8.11
519.42,40.10,20.16,22.66,8.06,73.30,44.22,59.64,8.11
519.43,40.18,20.19,22.70,8.04,73.30,44.31,59.80,8.10
519.44,40.10,20.16,22.66,8.06,73.30,44.22,59.80,8.11
519.45,40.18,20.16,22.66,8.04,73.30,44.31,59.64,8.11
519.46,40.10,20.16,22.66,8.06,73.52,44.22,59.64,8.11
519.47,40.18,20.19,22.66,8.06,73.30,44.31,59.64,8.11
519.48,40.10,20.16,22.70,8.07,73.30,44.31,59.64,8.10
519.49,40.10,20.19,22.70,8.07,73.30,44.22,59.64,8.11
519.50,40.10,20.16,22.70,8.06,73.52,44.22,59.80,8.11
519.51,40.10,20.19,22.66,8.06,73.30,44.31,59.33,8.10
519.52,40.10,20.19,22.66,8.06,73.30,44.22,59.64,8.11
519.53,40.10,20.16,22.66,8.06,73.30,44.31,59.80,8.10
519.54,40.10,20.19,22.66,8.06,73.30,44.22,59.64,8.11
519.55,40.10,20.16,22.66,8.06,73.30,44.31,59.80,8.11
519.56,40.10,20.16,22.70,8.06,73.30,44.31,59.80,8.11
519.57,40.02,20.19,22.66,8.06,73.30,44.12,59.64,8.11
519.58,40.10,20.16,22.70,8.06,73.30,44.31,59.80,8.11
519.59,40.10,20.16,22.66,8.07,73.52,44.22,59.64,8.10
519.60,40.10,20.16,22.70,8.06,73.30,44.31,59.64,8.11
519.61,40.10,20.19,22.66,8.07,73.30,44.31,59.80,8.10
519.62,40.10,20.19,22.66,8.07,73.30,44.12,59.80,8.11
519.63,40.10,20.16,22.66,8.06,73.30,44.22,59.64,8.10
519.64,40.10,20.16,22.66,8.04,73.30,44.22,59.64,8.11
519.65,40.10,20.14,22.70,8.06,73.30,44.31,59.80,8.10
519.66,40.10,20.19,22.66,8.06,73.30,44.22,59.80,8.11
519.67,40.10,20.16,22.70,8.06,73.30,44.22,59.80,8.11
519.68,40.10,20.16,22.70,8.06,73.30,44.31,59.80,8.11
519.69,40.10,20.16,22.66,8.06,73.30,44.22,59.64,8.11
519.70,40.10,20.16,22.70,8.06,73.30,44.22,59.64,8.11
519.71,40.10,20.19,22.66,8.04,73.30,44.22,59.64,8.11
519.72,40.10,20.16,22.70,8.07,73.30,44.22,59.64,8.11
519.73,40.10,20.16,22.66,8.07,73.30,44.22,59.64,8.11
519.74,40.10,20.16,22.70,8.06,73.30,44.22,59.64,8.11
519.75,40.10,20.19,22.66,8.06,73.30,44.22,59.80,8.11
519.76,40.10,20.16,22.66,8.06,73.30,44.31,59.80,8.12
519.77,40.10,20.16,22.70,8.06,73.30,44.22,59.64,8.11
519.78,40.10,20.19,22.70,8.06,73.30,44.22,59.80,8.11
519.79,40.10,20.19,22.66,8.06,73.30,44.22,59.64,8.11
519.80,40.18,20.16,22.70,8.06,73.30,44.22,59.64,8.10
519.81,40.18,20.16,22.66,8.06,73.30,44.31,59.64,8.11
519.82,40.18,20.19,22.66,8.06,73.52,44.22,59.64,8.11
519.83,40.10,20.16,22.70,8.06,73.30,44.31,59.64,8.11
519.84,40.10,20.19,22.70,8.06,73.30,44.22,59.80,8.10
519.85,40.10,20.16,22.66,8.06,73.30,44.31,59.64,8.11
519.86,40.10,20.16,22.70,8.06,73.30,44.22,59.64,8.11
519.87,40.18,20.19,22.66,8.06,73.30,44.22,59.80,8.10
519.88,40.10,20.16,22.70,8.06,73.30,44.31,59.64,8.12
519.89,40.10,20.19,22.66,8.06,73.30,44.22,59.80,8.10
519.90,40.10,20.16,22.66,8.06,73.30,44.31,59.64,8.10
519.91,40.10,20.16,22.66,8.06,73.30,44.31,59.64,8.10
519.92,40.10,20.16,22.70,8.07,73.30,44.22,59.64,8.11
519.93,40.10,20.16,22.66,8.07,73.30,44.31,59.80,8.12
519.94,40.10,20.19,22.66,8.06,73.30,44.31,59.64,8.11
519.95,40.10,20.16,22.66,8.06,73.30,44.22,59.64,8.10
519.96,40.10,20.16,22.70,8.06,73.30,44.31,59.80,8.11
519.97,40.10,20.16,22.70,8.06,73.30,44.31,59.80,8.11
519.98,40.10,20.19,22.70,8.06,73.30,44.31,59.64,8.11
519.99,40.18,20.16,22.66,8.06,73.30,44.31,59.64,8.11
520.00,40.02,20.16,22.66,8.06,73.30,44.31,59.64,8.10
520.01,40.10,20.16,22.70,8.07,73.30,44.31,59.80,8.10
520.02,40.18,20.19,22.70,8.04,73.30,44.31,59.64,8.11
520.03,40.18,20.19,22.66,8.06,73.30,44.31,59.64,8.10
520.04,40.18,20.16,22.66,8.07,73.30,44.31,59.80,8.12
520.05,40.10,20.16,22.66,8.07,73.30,44.31,59.64,8.12
520.06,40.10,20.16,22.66,8.04,73.52,44.22,59.64,8.10
520.07,40.10,20.19,22.70,8.04,73.30,44.22,59.64,8.10
520.08,40.10,20.16,22.66,8.04,73.30,44.22,59.80,8.11
520.09,40.10,20.19,22.70,8.04,73.30,44.31,59.64,8.10
520.10,40.10,20.19,22.66,8.06,73.30,44.31,59.80,8.11
520.11,40.10,20.16,22.70,8.06,73.30,44.31,59.64,8.12
520.12,40.10,20.19,22.70,8.07,73.30,44.31,59.80,8.11
520.13,40.10,20.16,22.66,8.06,73.52,44.31,59.64,8.11
520.15,40.10,20.19,22.66,8.07,73.30,44.31,59.64,8.11
520.16,40.10,20.19,22.66,8.06,73.30,44.22,59.64,8.11
520.17,40.18,20.16,22.70,8.06,73.52,44.31,59.64,8.10
520.18,40.10,20.16,22.66,8.06,73.30,44.31,59.64,8.11
520.19,40.10,20.16,22.66,8.06,73.30,44.31,59.80,8.11
520.20,40.10,20.19,22.66,8.04,73.30,44.31,59.64,8.11
520.21,40.18,20.19,22.66,8.07,73.30,44.31,59.80,8.11
520.22,40.10,20.16,22.70,8.04,73.52,44.22,59.80,8.11
520.23,40.02,20.16,22.70,8.06,73.30,44.31,59.64,8.10
520.24,40.10,20.16,22.66,8.06,73.30,44.22,59.64,8.11
520.25,40.10,20.16,22.66,8.06,73.30,44.31,59.64,8.10
520.26,40.10,20.16,22.70,8.06,73.30,44.31,59.64,8.11
520.27,40.10,20.19,22.70,8.07,73.52,44.22,59.64,8.10
520.28,40.10,20.16,22.66,8.07,73.30,44.22,59.64,8.11
520.29,40.10,20.19,22.70,8.06,73.30,44.22,59.80,8.11
520.30,40.10,20.19,22.66,8.06,73.30,44.31,59.64,8.10
520.31,40.10,20.16,22.66,8.06,73.30,44.31,59.64,8.11
520.32,40.10,20.16,22.70,8.06,73.30,44.22,59.64,8.11
520.33,40.18,20.16,22.70,8.06,73.30,44.31,59.64,8.11
520.34,40.10,20.16,22.66,8.04,73.52,44.22,59.64,8.11
520.35,40.10,20.19,22.70,8.06,73.30,44.31,59.64,8.11
520.36,40.10,20.14,22.70,8.06,73.30,44.22,59.64,8.10
520.37,40.10,20.19,22.70,8.04,73.30,44.31,59.64,8.11
520.38,40.10,20.14,22.70,8.06,73.30,44.31,59.64,8.11
520.39,40.10,20.16,22.66,8.04,73.52,44.22,59.64,8.11
520.40,40.10,20.16,22.70,8.04,73.30,44.22,59.64,8.11
520.41,40.10,20.16,22.66,8.06,73.52,44.31,59.64,8.11
520.42,40.02,20.19,22.70,8.06,73.30,44.22,59.64,8.10
520.43,40.18,20.16,22.66,8.06,73.30,44.12,59.64,8.11
520.44,40.10,20.19,22.66,8.07,73.30,44.12,59.80,8.11
520.45,40.10,20.19,22.66,8.06,73.30,44.22,59.64,8.11
520.46,40.10,20.19,22.70,8.06,73.30,44.31,59.64,8.11
520.47,40.10,20.16,22.70,8.06,73.30,44.22,59.64,8.11
520.48,40.18,20.19,22.66,8.06,73.30,44.31,59.64,8.12
520.49,40.10,20.16,22.70,8.06,73.30,44.31,59.80,8.10
520.50,40.10,20.19,22.70,8.07,73.30,44.31,59.64,8.12
520.51,40.10,20.16,22.66,8.06,73.30,44.22,59.64,8.11
520.52,40.10,20.19,22.66,8.06,73.30,44.31,59.64,8.10
520.53,40.10,20.16,22.66,8.07,73.30,44.31,59.64,8.11
520.54,40.10,20.16,22.70,8.07,73.30,44.22,59.64,8.10
520.55,40.10,20.19,22.66,8.06,73.30,44.31,59.80,8.11
520.56,40.10,20.19,22.70,8.06,73.30,44.31,59.64,8.10
520.57,40.18,20.19,22.66,8.06,73.52,44.31,59.64,8.10
520.58,40.02,20.19,22.66,8.06,73.30,44.22,59.64,8.11
520.59,40.02,20.19,22.66,8.06,73.30,44.22,59.80,8.10
520.60,40.10,20.16,22.70,8.07,73.52,44.31,59.64,8.10
520.61,40.10,20.16,22.70,8.04,73.30,44.31,59.64,8.11
520.62,40.10,20.19,22.70,8.06,73.52,44.22,59.80,8.11
520.63,40.18,20.16,22.70,8.06,73.52,44.31,59.64,8.10
520.64,40.10,20.19,22.70,8.06,73.30,44.31,59.80,8.10
520.65,40.18,20.19,22.66,8.04,73.30,44.22,59.64,8.11
520.66,40.10,20.19,22.70,8.06,73.30,44.22,59.64,8.11
520.67,40.18,20.16,22.70,8.06,73.30,44.22,59.80,8.11
520.68,40.10,20.16,22.70,8.06,73.30,44.22,59.64,8.11
520.69,40.10,20.19,22.66,8.06,73.30,44.22,59.80,8.11
520.70,40.10,20.16,22.70,8.04,73.30,44.22,59.64,8.12
520.71,40.10,20.16,22.66,8.06,73.30,44.31,59.64,8.10
520.72,40.18,20.16,22.66,8.04,73.30,44.22,59.64,8.11
520.73,40.10,20.16,22.66,8.07,73.30,44.31,59.80,8.11
520.74,40.10,20.19,22.70,8.06,73.30,44.31,59.64,8.10
520.75,40.10,20.16,22.70,8.06,73.30,44.31,59.80,8.11
520.76,40.10,20.16,22.66,8.04,73.52,44.31,59.64,8.10
520.77,40.10,20.16,22.66,8.07,73.52,44.22,59.80,8.11
520.78,40.10,20.19,22.70,8.06,73.30,44.22,59.64,8.10
520.79,40.18,20.19,22.70,8.06,73.30,44.31,59.64,8.11
520.80,40.10,20.19,22.66,8.06,73.30,44.31,59.64,8.11
520.81,40.10,20.16,22.70,8.06,73.52,44.31,59.80,8.11
520.82,40.18,20.16,22.66,8.04,73.30,44.31,59.80,8.10
520.83,40.18,20.19,22.66,8.06,73.52,44.22,59.64,8.11
520.84,40.10,20.19,22.66,8.06,73.30,44.31,59.64,8.11
520.85,40.10,20.19,22.73,8.06,73.52,44.31,59.80,8.11
520.86,40.10,20.16,22.66,8.06,73.30,44.31,59.64,8.11
520.87,40.10,20.19,22.70,8.06,73.30,44.31,59.64,8.11
520.88,40.18,20.19,22.70,8.06,73.30,44.31,59.80,8.10
520.89,40.10,20.16,22.66,8.06,73.30,44.31,59.64,8.11
520.90,40.10,20.19,22.70,8.07,73.52,44.31,59.64,8.11
520.91,40.18,20.19,22.66,8.07,73.30,44.31,59.64,8.11
520.92,40.10,20.16,22.70,8.06,73.30,44.22,59.64,8.11
520.93,40.18,20.16,22.70,8.07,73.30,44.31,59.80,8.11
520.94,40.10,20.19,22.66,8.06,73.30,44.31,59.64,8.12
520.95,40.10,20.16,22.66,8.06,73.30,44.22,59.64,8.11
520.96,40.18,20.16,22.66,8.06,73.52,44.31,59.64,8.11
520.97,40.02,20.16,22.70,8.06,73.30,44.22,59.64,8.11
520.98,40.18,20.16,22.70,8.06,73.30,44.31,59.64,8.11
520.99,40.10,20.16,22.70,8.06,73.30,44.22,59.64,8.10
521.00,40.02,20.16,22.70,8.06,73.52,44.31,59.64,8.11
521.01,40.10,20.19,22.66,8.06,73.52,44.31,59.80,8.12
521.02,40.10,20.16,22.70,8.07,73.52,44.31,59.64,8.12
521.03,40.18,20.19,22.70,8.06,73.30,44.31,59.64,8.10
521.04,40.10,20.16,22.70,8.06,73.30,44.22,59.80,8.11
521.05,40.10,20.19,22.66,8.06,73.30,44.31,59.64,8.11
521.06,40.10,20.19,22.66,8.04,73.30,44.31,59.80,8.10
521.07,40.10,20.16,22.70,8.06,73.30,44.31,59.64,8.10
521.08,40.18,20.16,22.70,8.04,73.30,44.31,59.64,8.11
521.09,40.18,20.16,22.70,8.06,73.30,44.31,59.64,8.12
521.10,40.10,20.16,22.70,8.04,73.30,44.22,59.80,8.11
521.11,40.10,20.22,22.70,8.07,73.30,44.22,59.64,8.11
521.12,40.18,20.19,22.70,8.06,73.30,44.22,59.80,8.11
521.13,40.18,20.16,22.66,8.06,73.52,44.31,59.64,8.10
521.14,40.10,20.16,22.70,8.07,73.30,44.31,59.80,8.10
521.15,40.10,20.16,22.66,8.04,73.30,44.31,59.64,8.10
521.16,40.10,20.19,22.70,8.06,73.30,44.31,59.64,8.10
521.17,40.10,20.16,22.66,8.06,73.30,44.31,59.64,8.10
521.18,40.10,20.16,22.66,8.06,73.30,44.22,59.64,8.11
521.19,40.10,20.16,22.70,8.07,73.52,44.31,59.64,8.11
521.20,40.10,20.16,22.66,8.06,73.30,44.22,59.80,8.11
521.21,40.10,20.19,22.70,8.06,73.52,44.31,59.64,8.11
521.22,40.10,20.19,22.70,8.06,73.30,44.31,59.80,8.11
521.23,40.10,20.22,22.66,8.06,73.30,44.31,59.64,8.11
521.24,40.18,20.16,22.66,8.06,73.30,44.31,59.64,8.11
521.25,40.10,20.19,22.66,8.06,73.30,44.31,59.80,8.11
521.26,40.10,20.16,22.70,8.06,73.30,44.22,59.64,8.11
521.27,40.18,20.16,22.66,8.07,73.30,44.31,59.64,8.12
521.28,40.18,20.16,22.70,8.06,73.30,44.31,59.80,8.11
521.29,40.10,20.19,22.70,8.06,73.30,44.22,59.80,8.11
521.30,40.10,20.19,22.66,8.06,73.30,44.31,59.64,8.11
521.31,40.18,20.19,22.70,8.06,73.30,44.31,59.80,8.11
521.32,40.10,20.19,22.70,8.06,73.52,44.31,59.80,8.12
521.33,40.10,20.16,22.70,8.06,73.30,44.22,59.64,8.10
521.34,40.02,20.19,22.70,8.07,73.52,44.22,59.64,8.12
521.35,40.10,20.16,22.66,8.06,73.52,44.31,59.80,8.11
521.36,40.18,20.19,22.70,8.06,73.30,44.31,59.80,8.11
521.37,40.10,20.19,22.70,8.06,73.30,44.31,59.64,8.11
521.38,40.10,20.19,22.70,8.07,73.30,44.31,59.64,8.11
521.39,40.10,20.19,22.70,8.06,73.30,44.22,59.80,8.11
521.40,40.10,20.19,22.66,8.06,73.52,44.31,59.64,8.11
521.41,40.10,20.19,22.70,8.06,73.30,44.31,59.64,8.10
521.42,40.18,20.16,22.70,8.07,73.52,44.31,59.80,8.11
521.43,40.02,20.19,22.70,8.07,73.52,44.22,59.64,8.11
521.44,40.02,20.16,22.70,8.06,73.30,44.31,59.80,8.11
521.45,40.10,20.19,22.66,8.06,73.30,44.31,59.80,8.12
521.46,40.10,20.19,22.66,8.06,73.30,44.31,59.64,8.11
521.47,40.10,20.19,22.66,8.07,73.30,44.22,59.64,8.11
521.48,40.18,20.19,22.66,8.07,73.52,44.31,59.80,8.11
521.49,40.10,20.19,22.70,8.06,73.52,44.31,59.80,8.11
521.50,40.10,20.19,22.70,8.06,73.52,44.22,59.80,8.11
521.51,40.10,20.16,22.70,8.06,73.52,44.31,59.80,8.10
521.52,40.18,20.16,22.70,8.06,73.30,44.31,59.80,8.10
521.53,40.18,20.19,22.70,8.07,73.30,44.31,59.64,8.12
521.54,40.10,20.22,22.70,8.06,73.30,44.31,59.64,8.11
521.55,40.10,20.16,22.70,8.06,73.30,44.31,59.80,8.11
521.56,40.10,20.16,22.70,8.06,73.52,44.31,59.64,8.11
521.57,40.18,20.19,22.70,8.07,73.30,44.31,59.80,8.11
521.58,40.10,20.16,22.70,8.06,73.30,44.31,59.64,8.11
521.59,40.18,20.19,22.70,8.07,73.52,44.22,59.64,8.12
521.60,40.10,20.19,22.70,8.06,73.52,44.31,59.64,8.10
521.61,40.18,20.19,22.70,8.04,73.30,44.31,59.64,8.11
521.62,40.18,20.16,22.70,8.07,73.30,44.31,59.64,8.12
521.63,40.18,20.19,22.70,8.07,73.30,44.41,59.64,8.11
521.64,40.18,20.16,22.70,8.06,73.30,44.31,59.80,8.11
521.65,40.10,20.19,22.70,8.07,73.30,44.31,59.80,8.10
521.66,40.10,20.19,22.70,8.06,73.30,44.31,59.80,8.11
521.67,40.18,20.16,22.70,8.07,73.30,44.31,59.64,8.10
521.68,40.10,20.19,22.70,8.06,73.30,44.31,59.64,8.11
521.69,40.18,20.16,22.66,8.06,73.30,44.31,59.64,8.11
521.70,40.10,20.16,22.70,8.06,73.30,44.22,59.64,8.10
521.71,40.10,20.19,22.66,8.04,73.52,44.22,59.64,8.10
521.72,40.10,20.16,22.70,8.07,73.30,44.31,59.64,8.12
521.73,40.18,20.19,22.70,8.06,73.30,44.31,59.64,8.11
521.74,40.10,20.19,22.66,8.06,73.30,44.22,59.80,8.11
521.75,40.10,20.22,22.73,8.07,73.30,44.22,59.64,8.12
521.76,40.10,20.19,22.66,8.06,73.30,44.22,59.80,8.11
521.77,40.10,20.19,22.66,8.06,73.30,44.31,59.80,8.10
521.78,40.18,20.19,22.66,8.06,73.30,44.31,59.64,8.12
521.79,40.18,20.19,22.66,8.06,73.52,44.31,59.64,8.11
521.80,40.10,20.19,22.70,8.06,73.30,44.22,59.64,8.10
521.81,40.10,20.16,22.66,8.06,73.30,44.31,59.80,8.11
521.82,40.10,20.16,22.70,8.07,73.52,44.22,59.64,8.11
521.83,40.10,20.19,22.70,8.07,73.30,44.22,59.80,8.10
521.84,40.10,20.16,22.66,8.06,73.30,44.22,59.80,8.11
521.85,40.10,20.16,22.70,8.06,73.52,44.31,59.80,8.11
521.86,40.10,20.19,22.70,8.06,73.52,44.31,59.64,8.10
521.87,40.18,20.22,22.66,8.06,73.30,44.31,59.80,8.11
521.88,40.10,20.19,22.66,8.06,73.30,44.41,59.80,8.10
521.89,40.10,20.19,22.70,8.06,73.52,44.31,59.64,8.12
521.90,40.10,20.19,22.70,8.06,73.30,44.31,59.80,8.10
521.91,40.10,20.19,22.70,8.06,73.30,44.31,59.95,8.11
521.92,40.10,20.16,22.66,8.06,73.30,44.31,59.49,8.12
521.93,40.10,20.19,22.66,8.06,73.30,44.41,59.64,8.11
521.94,40.10,20.19,22.66,8.07,73.52,44.22,59.80,8.11
521.95,40.10,20.16,22.66,8.07,73.52,44.22,59.64,8.11
521.96,40.18,20.19,22.66,8.06,73.30,44.31,59.64,8.11
521.97,40.10,20.16,22.66,8.06,73.52,44.31,59.64,8.11
521.98,40.10,20.19,22.73,8.07,73.30,44.31,59.64,8.11
521.99,40.10,20.19,22.66,8.06,73.30,44.22,59.80,8.11
522.00,40.18,20.19,22.70,8.06,73.30,44.31,59.64,8.11
522.01,40.10,20.16,22.70,8.06,73.30,44.31,59.64,8.12
522.02,40.10,20.19,22.70,8.06,73.52,44.22,59.64,8.11
522.03,40.10,20.19,22.70,8.06,73.30,44.31,59.64,8.11
522.04,40.10,20.16,22.70,8.06,73.30,44.31,59.64,8.11
522.05,40.18,20.16,22.70,8.07,73.30,44.31,59.64,8.12
522.06,40.10,20.16,22.70,8.06,73.30,44.22,59.64,8.11
522.07,40.10,20.19,22.70,8.06,73.30,44.31,59.64,8.10
522.08,40.18,20.19,22.66,8.06,73.30,44.31,59.80,8.11
522.09,40.10,20.19,22.70,8.07,73.30,44.31,59.80,8.11
522.10,40.10,20.16,22.66,8.06,73.52,44.22,59.80,8.12
522.11,40.10,20.19,22.70,8.06,73.30,44.31,59.64,8.11
522.12,40.10,20.16,22.70,8.06,73.30,44.31,59.64,8.10
522.13,40.10,20.19,22.70,8.07,73.30,44.31,59.64,8.10
522.14,40.10,20.19,22.66,8.07,73.52,44.22,59.64,8.11
522.15,40.18,20.19,22.70,8.06,73.52,44.31,59.64,8.11
522.16,40.10,20.16,22.70,8.07,73.52,44.31,59.80,8.10
522.17,40.10,20.19,22.70,8.06,73.30,44.22,59.80,8.12
522.18,40.18,20.19,22.70,8.06,73.30,44.31,59.64,8.12
522.19,40.10,20.16,22.70,8.06,73.30,44.31,59.64,8.11
522.20,40.10,20.19,22.70,8.06,73.30,44.31,59.80,8.11
522.21,40.10,20.19,22.70,8.06,73.52,44.31,59.64,8.11
522.22,40.10,20.19,22.70,8.06,73.30,44.22,59.64,8.11
522.23,40.10,20.19,22.66,8.06,73.30,44.31,59.64,8.11
522.24,40.10,20.19,22.70,8.06,73.30,44.31,59.80,8.11
522.25,40.10,20.19,22.66,8.07,73.30,44.31,59.64,8.10
522.26,40.10,20.19,22.66,8.06,73.30,44.31,59.64,8.11
522.27,40.10,20.19,22.66,8.07,73.52,44.31,59.80,8.11
522.28,40.02,20.16,22.66,8.07,73.30,44.31,59.64,8.12
522.29,40.10,20.19,22.70,8.06,73.30,44.22,59.80,8.11
522.30,40.10,20.19,22.66,8.06,73.52,44.41,59.64,8.11
522.31,40.10,20.19,22.66,8.06,73.30,44.22,59.64,8.11
522.32,40.10,20.19,22.70,8.06,73.30,44.31,59.64,8.10
522.33,40.10,20.19,22.66,8.06,73.30,44.31,59.80,8.11
522.34,40.18,20.19,22.70,8.06,73.52,44.31,59.80,8.11
522.35,40.10,20.19,22.70,8.06,73.30,44.22,59.64,8.10
522.36,40.10,20.19,22.70,8.07,73.30,44.31,59.80,8.12
522.37,40.10,20.19,22.70,8.06,73.30,44.22,59.80,8.11
522.38,40.10,20.16,22.66,8.06,73.30,44.22,59.64,8.11
522.39,40.10,20.16,22.70,8.06,73.30,44.31,59.64,8.11
522.40,40.10,20.16,22.66,8.06,73.52,44.31,59.80,8.11
522.41,40.18,20.19,22.66,8.06,73.30,44.22,59.64,8.11
522.42,40.10,20.16,22.70,8.06,73.30,44.22,59.80,8.11
522.43,40.10,20.22,22.66,8.06,73.30,44.31,59.64,8.11
522.44,40.10,20.16,22.66,8.04,73.30,44.31,59.64,8.12
522.45,40.10,20.16,22.66,8.07,73.30,44.31,59.80,8.11
522.46,40.18,20.19,22.66,8.06,73.30,44.31,59.64,8.12
522.47,40.10,20.19,22.70,8.06,73.30,44.31,59.64,8.11
522.48,40.18,20.16,22.70,8.06,73.30,44.31,59.80,8.11
522.49,40.10,20.19,22.70,8.06,73.30,44.22,59.80,8.11
522.50,40.10,20.16,22.70,8.07,73.52,44.31,59.80,8.11
522.51,40.10,20.19,22.66,8.06,73.30,44.22,59.64,8.11
522.52,40.10,20.19,22.66,8.06,73.30,44.22,59.64,8.11
522.53,40.10,20.16,22.70,8.06,73.30,44.31,59.64,8.11
522.54,40.18,20.19,22.66,8.06,73.30,44.22,59.64,8.11
522.55,40.10,20.19,22.66,8.06,73.30,44.31,59.64,8.11
522.56,40.10,20.19,22.70,8.06,73.30,44.31,59.64,8.11
522.57,40.10,20.19,22.70,8.06,73.30,44.22,59.64,8.11
522.58,40.10,20.16,22.70,8.06,73.30,44.31,59.64,8.10
522.59,40.18,20.19,22.66,8.07,73.52,44.22,59.80,8.11
522.60,40.10,20.16,22.70,8.06,73.30,44.31,59.64,8.11
522.61,40.10,20.19,22.66,8.07,73.30,44.31,59.64,8.12
522.62,40.18,20.16,22.66,8.06,73.30,44.22,59.64,8.11
522.63,40.10,20.19,22.66,8.07,73.30,44.22,59.80,8.11
522.64,40.10,20.19,22.70,8.06,73.30,44.31,59.80,8.11
522.65,40.10,20.16,22.70,8.06,73.30,44.31,59.64,8.11
522.66,40.10,20.19,22.66,8.06,73.52,44.22,59.64,8.11
522.67,40.10,20.19,22.66,8.06,73.30,44.22,59.64,8.11
522.68,40.10,20.16,22.66,8.07,73.52,44.22,59.80,8.11
522.69,40.10,20.19,22.70,8.06,73.30,44.31,59.80,8.11
522.70,40.10,20.16,22.66,8.07,73.52,44.31,59.80,8.11
522.71,40.18,20.16,22.66,8.07,73.30,44.22,59.64,8.10
522.72,40.10,20.19,22.66,8.06,73.30,44.22,59.64,8.11
522.73,40.10,20.16,22.66,8.06,73.30,44.31,59.64,8.11
522.74,40.10,20.16,22.70,8.06,73.30,44.31,59.64,8.11
522.75,40.10,20.22,22.66,8.06,73.30,44.31,59.64,8.11
522.76,40.10,20.16,22.70,8.06,73.30,44.31,59.64,8.11
522.77,40.10,20.19,22.70,8.04,73.30,44.22,59.80,8.11
522.78,40.10,20.16,22.70,8.04,73.52,44.31,59.64,8.11
522.79,40.10,20.16,22.66,8.06,73.30,44.22,59.80,8.11
522.80,40.02,20.16,22.66,8.06,73.30,44.22,59.64,8.11
522.81,40.18,20.16,22.66,8.07,73.30,44.31,59.64,8.11
522.82,40.10,20.19,22.66,8.06,73.30,44.31,59.64,8.11
522.83,40.10,20.22,22.66,8.04,73.30,44.22,59.64,8.11
522.84,40.10,20.19,22.66,8.06,73.30,44.31,59.64,8.11
522.85,40.10,20.16,22.70,8.06,73.30,44.31,59.64,8.11
522.86,40.10,20.19,22.66,8.06,73.30,44.31,59.64,8.10
522.87,40.10,20.19,22.66,8.07,73.30,44.31,59.80,8.10
522.88,40.10,20.16,22.70,8.06,73.30,44.22,59.64,8.11
522.89,40.10,20.19,22.66,8.06,73.30,44.31,59.64,8.11
522.90,40.10,20.16,22.66,8.06,73.30,44.12,59.64,8.11
522.91,40.10,20.19,22.66,8.06,73.30,44.22,59.64,8.11
522.92,40.10,20.19,22.66,8.07,73.30,44.31,59.64,8.11
522.93,40.10,20.16,22.70,8.06,73.52,44.31,59.95,8.11
522.94,40.10,20.16,22.66,8.06,73.30,44.22,59.64,8.11
522.95,40.18,20.16,22.66,8.06,73.30,44.22,59.64,8.10
522.96,40.02,20.16,22.66,8.07,73.30,44.31,59.64,8.10
522.97,40.02,20.16,22.70,8.06,73.30,44.22,59.80,8.11
522.98,40.18,20.16,22.70,8.06,73.30,44.22,59.64,8.10
522.99,40.10,20.16,22.63,8.07,73.30,44.31,59.64,8.11
523.00,40.10,20.19,22.70,8.04,73.30,44.31,59.64,8.11
523.01,40.10,20.16,22.70,8.06,73.52,44.31,59.64,8.12
523.02,40.10,20.16,22.66,8.06,73.30,44.31,59.64,8.11
523.03,40.10,20.16,22.66,8.06,73.30,44.31,59.80,8.10
523.04,40.10,20.19,22.66,8.06,73.30,44.31,59.64,8.10
523.05,40.10,20.19,22.66,8.06,73.30,44.22,59.64,8.11
523.06,40.10,20.19,22.66,8.04,73.30,44.31,59.64,8.11
523.07,40.10,20.19,22.66,8.06,73.30,44.22,59.64,8.11
523.08,40.10,20.19,22.66,8.06,73.30,44.22,59.64,8.11
523.09,40.10,20.16,22.66,8.06,73.30,44.22,59.64,8.10
523.10,40.10,20.16,22.66,8.06,73.30,44.31,59.64,8.11
523.11,40.10,20.16,22.66,8.06,73.30,44.22,59.64,8.10
523.12,40.10,20.19,22.66,8.06,73.30,44.31,59.64,8.11
523.13,40.10,20.16,22.66,8.04,73.52,44.22,59.64,8.11
523.14,40.02,20.16,22.66,8.06,73.30,44.31,59.49,8.10
523.15,40.10,20.16,22.66,8.06,73.30,44.31,59.64,8.10
523.16,40.02,20.16,22.66,8.07,73.30,44.31,59.64,8.11
523.17,40.10,20.16,22.70,8.06,73.30,44.22,59.64,8.11
523.18,40.10,20.16,22.66,8.06,73.30,44.22,59.64,8.11
523.19,40.10,20.16,22.66,8.06,73.30,44.22,59.64,8.11
523.20,40.10,20.16,22.66,8.06,73.30,44.31,59.64,8.11
523.21,40.10,20.19,22.66,8.06,73.30,44.31,59.64,8.11
523.22,40.10,20.16,22.70,8.07,73.30,44.22,59.64,8.09
523.23,40.02,20.16,22.66,8.06,73.30,44.22,59.64,8.11
523.24,40.10,20.16,22.66,8.06,73.30,44.31,59.64,8.11
523.25,40.02,20.16,22.66,8.07,73.30,44.22,59.64,8.10
523.26,40.10,20.16,22.66,8.04,73.30,44.22,59.64,8.10
523.27,40.02,20.16,22.66,8.06,73.30,44.22,59.64,8.10
523.28,40.18,20.16,22.66,8.04,73.30,44.31,59.64,8.11
523.29,40.10,20.19,22.66,8.04,73.30,44.31,59.49,8.10
523.30,40.10,20.16,22.70,8.06,73.30,44.31,59.64,8.11
523.31,40.02,20.16,22.66,8.04,73.30,44.22,59.64,8.10
523.32,40.10,20.16,22.66,8.07,73.30,44.31,59.64,8.11
523.33,40.10,20.16,22.66,8.06,73.30,44.22,59.64,8.11
523.34,40.10,20.16,22.66,8.06,73.52,44.31,59.64,8.11
523.35,40.02,20.16,22.66,8.04,73.30,44.22,59.64,8.10
523.36,40.10,20.14,22.66,8.06,73.30,44.22,59.49,8.10
523.37,40.10,20.16,22.66,8.07,73.30,44.22,59.64,8.11
523.38,40.10,20.16,22.66,8.06,73.30,44.31,59.64,8.11
523.39,40.10,20.16,22.66,8.04,73.30,44.31,59.64,8.10
523.40,40.10,20.16,22.66,8.06,73.30,44.31,59.64,8.10
523.41,40.10,20.16,22.66,8.04,73.30,44.31,59.64,8.10
523.42,40.10,20.14,22.63,8.06,73.30,44.31,59.64,8.11
523.43,40.10,20.16,22.63,8.06,73.30,44.12,59.64,8.11
523.44,40.02,20.16,22.66,8.06,73.30,44.31,59.80,8.11
523.45,40.02,20.16,22.66,8.06,73.30,44.31,59.64,8.10
523.46,40.10,20.16,22.66,8.04,73.30,44.22,59.64,8.11
523.47,40.02,20.16,22.66,8.06,73.30,44.22,59.64,8.11
523.48,40.10,20.16,22.66,8.07,73.30,44.31,59.64,8.11
523.49,40.02,20.16,22.66,8.06,73.30,44.31,59.64,8.11
523.50,40.02,20.14,22.66,8.04,73.30,44.22,59.49,8.10
523.51,40.10,20.16,22.70,8.07,73.30,44.22,59.64,8.11
523.52,40.10,20.16,22.66,8.06,73.30,44.22,59.64,8.10
523.53,40.02,20.16,22.66,8.04,73.30,44.22,59.64,8.10
523.54,40.02,20.16,22.70,8.06,73.52,44.22,59.49,8.11
523.55,40.10,20.16,22.66,8.04,73.30,44.12,59.64,8.11
523.56,40.02,20.19,22.66,8.07,73.30,44.31,59.64,8.11
523.57,40.10,20.16,22.66,8.04,73.30,44.22,59.64,8.10
523.58,40.10,20.16,22.66,8.06,73.30,44.22,59.64,8.10
523.59,40.02,20.14,22.66,8.04,73.30,44.22,59.49,8.10
523.60,40.10,20.16,22.66,8.06,73.30,44.31,59.64,8.10
523.61,40.02,20.16,22.66,8.06,73.30,44.22,59.64,8.10
523.62,40.10,20.16,22.63,8.07,73.30,44.22,59.49,8.11
523.63,40.10,20.16,22.66,8.06,73.30,44.22,59.64,8.11
523.64,40.10,20.14,22.66,8.04,73.30,44.12,59.64,8.10
523.65,40.10,20.16,22.63,8.04,73.30,44.22,59.64,8.11
523.66,40.10,20.19,22.66,8.07,73.30,44.31,59.64,8.10
523.67,40.02,20.16,22.66,8.07,73.30,44.31,59.64,8.10
523.68,40.10,20.16,22.66,8.04,73.30,44.22,59.64,8.10
523.69,40.10,20.19,22.63,8.07,73.30,44.22,59.49,8.11
523.70,40.02,20.16,22.66,8.04,73.30,44.31,59.64,8.10
523.71,40.10,20.14,22.63,8.04,73.30,44.22,59.64,8.10
523.72,40.02,20.14,22.66,8.06,73.30,44.22,59.64,8.11
523.73,40.02,20.16,22.66,8.07,73.30,44.22,59.64,8.11
523.74,40.02,20.16,22.66,8.06,73.30,44.22,59.64,8.11
523.75,40.10,20.14,22.66,8.06,73.30,44.31,59.64,8.11
523.76,40.02,20.16,22.66,8.06,73.30,44.22,59.64,8.11
523.77,40.02,20.14,22.66,8.04,73.30,44.31,59.64,8.11
523.78,40.10,20.16,22.66,8.06,73.30,44.22,59.64,8.10
523.79,40.02,20.16,22.66,8.06,73.30,44.22,59.64,8.10
523.80,40.10,20.19,22.66,8.06,73.30,44.22,59.64,8.10
523.81,40.10,20.16,22.66,8.04,73.30,44.31,59.64,8.10
523.82,40.02,20.16,22.66,8.04,73.30,44.31,59.64,8.11
523.83,40.02,20.16,22.70,8.06,73.30,44.22,59.64,8.11
523.84,40.02,20.16,22.66,8.06,73.30,44.22,59.64,8.11
523.85,40.02,20.16,22.66,8.06,73.30,44.22,59.64,8.11
523.86,40.10,20.16,22.66,8.07,73.30,44.22,59.64,8.11
523.87,40.02,20.14,22.63,8.06,73.30,44.22,59.80,8.10
523.88,40.02,20.16,22.66,8.07,73.52,44.12,59.64,8.11
523.89,40.02,20.16,22.66,8.06,73.30,44.22,59.49,8.10
523.90,40.10,20.14,22.66,8.06,73.30,44.31,59.64,8.11
523.91,40.10,20.16,22.66,8.06,73.30,44.22,59.64,8.11
523.92,40.02,20.16,22.66,8.04,73.30,44.22,59.64,8.11
523.93,40.10,20.14,22.63,8.06,73.30,44.31,59.64,8.10
523.94,40.02,20.16,22.66,8.04,73.30,44.31,59.64,8.11
523.95,40.02,20.16,22.66,8.07,73.30,44.22,59.64,8.10
523.96,40.10,20.14,22.66,8.06,73.30,44.22,59.64,8.10
523.97,40.10,20.19,22.63,8.04,73.30,44.12,59.64,8.11
523.98,40.02,20.16,22.66,8.04,73.30,44.22,59.64,8.11
523.99,40.10,20.19,22.66,8.04,73.30,44.12,59.64,8.11
524.00,40.02,20.16,22.66,8.06,73.52,44.12,59.64,8.10
524.01,40.02,20.14,22.66,8.04,73.30,44.31,59.49,8.11
524.02,40.02,20.16,22.66,8.06,73.30,44.22,59.64,8.11
524.03,40.10,20.16,22.66,8.07,73.30,44.31,59.64,8.10
524.04,40.02,20.14,22.66,8.06,73.30,44.31,59.49,8.10
524.05,40.02,20.16,22.63,8.07,73.30,44.22,59.64,8.10
524.06,40.02,20.16,22.63,8.06,73.30,44.31,59.49,8.11
524.07,40.10,20.19,22.66,8.04,73.30,44.22,59.80,8.11
524.08,40.10,20.14,22.66,8.06,73.30,44.22,59.49,8.11
524.09,40.02,20.16,22.63,8.07,73.30,44.22,59.64,8.11
524.10,40.02,20.16,22.66,8.06,73.30,44.22,59.64,8.11
524.11,40.02,20.14,22.66,8.07,73.30,44.22,59.49,8.10
524.12,40.02,20.16,22.63,8.06,73.30,44.22,59.64,8.10
524.13,40.02,20.16,22.63,8.06,73.08,44.31,59.64,8.10
524.14,40.18,20.16,22.66,8.06,73.30,44.31,59.64,8.11
524.15,40.02,20.16,22.66,8.06,73.30,44.31,59.49,8.10
524.16,40.02,20.14,22.66,8.06,73.30,44.12,59.49,8.11
524.17,40.02,20.16,22.66,8.04,73.30,44.22,59.64,8.11
524.18,40.02,20.16,22.66,8.07,73.30,44.31,59.64,8.10
524.19,40.10,20.16,22.66,8.06,73.30,44.31,59.64,8.12
524.20,40.02,20.16,22.66,8.06,73.08,44.22,59.64,8.10
524.21,40.02,20.16,22.66,8.06,73.30,44.22,59.64,8.11
524.22,40.02,20.14,22.66,8.06,73.30,44.31,59.49,8.10
524.23,40.10,20.16,22.63,8.06,73.52,44.22,59.64,8.10
524.24,40.02,20.16,22.63,8.07,73.08,44.22,59.49,8.11
524.25,40.02,20.16,22.63,8.04,73.30,44.22,59.64,8.10
524.26,40.02,20.16,22.66,8.06,73.30,44.22,59.64,8.10
524.27,40.10,20.14,22.66,8.04,73.30,44.22,59.64,8.11
524.28,40.02,20.16,22.66,8.06,73.30,44.22,59.64,8.11
524.29,40.02,20.16,22.66,8.06,73.30,44.22,59.49,8.10
524.30,40.10,20.16,22.66,8.07,73.30,44.31,59.49,8.10
524.31,40.02,20.14,22.66,8.04,73.30,44.31,59.64,8.10
524.32,40.02,20.16,22.66,8.04,73.30,44.31,59.49,8.11
524.33,40.02,20.16,22.66,8.04,73.30,44.22,59.49,8.11
524.34,40.02,20.14,22.63,8.04,73.30,44.22,59.64,8.10
524.35,40.02,20.16,22.66,8.06,73.30,44.12,59.64,8.11
524.36,40.02,20.14,22.66,8.04,73.30,44.22,59.49,8.11
524.37,40.02,20.14,22.63,8.04,73.08,44.22,59.49,8.10
524.38,40.02,20.16,22.66,8.06,73.30,44.22,59.80,8.11
524.39,40.10,20.16,22.66,8.06,73.30,44.22,59.64,8.10
524.40,40.10,20.14,22.66,8.06,73.30,44.31,59.64,8.10
524.41,40.10,20.16,22.63,8.07,73.30,44.31,59.49,8.09
524.42,40.02,20.14,22.63,8.04,73.30,44.22,59.64,8.11
524.43,40.02,20.16,22.66,8.06,73.30,44.22,59.64,8.10
524.44,40.10,20.14,22.66,8.06,73.30,44.12,59.64,8.11
524.45,40.02,20.14,22.66,8.04,73.30,44.22,59.64,8.11
524.46,40.02,20.14,22.63,8.06,73.30,44.31,59.64,8.10
524.47,39.94,20.14,22.63,8.06,73.30,44.12,59.49,8.10
524.48,40.02,20.14,22.66,8.06,73.30,44.31,59.49,8.10
524.49,40.10,20.16,22.63,8.06,73.30,44.22,59.64,8.11
524.50,40.10,20.16,22.66,8.04,73.30,44.22,59.49,8.11
524.51,40.10,20.14,22.66,8.06,73.30,44.22,59.64,8.11
524.52,40.10,20.14,22.66,8.07,73.30,44.22,59.64,8.10
524.53,40.10,20.16,22.66,8.06,73.30,44.31,59.64,8.11
524.54,40.02,20.14,22.66,8.06,73.30,44.12,59.64,8.10
524.55,40.02,20.16,22.66,8.07,73.30,44.22,59.64,8.10
524.56,40.02,20.14,22.66,8.04,73.30,44.22,59.64,8.11
524.57,40.10,20.19,22.66,8.06,73.30,44.22,59.49,8.10
524.58,40.10,20.14,22.66,8.04,73.30,44.22,59.64,8.11
524.59,40.02,20.16,22.66,8.04,73.30,44.22,59.64,8.10
524.60,40.02,20.16,22.63,8.06,73.30,44.22,59.64,8.10
524.61,40.10,20.14,22.63,8.04,73.30,44.31,59.64,8.11
524.62,40.10,20.16,22.63,8.07,73.08,44.22,59.64,8.10
524.63,40.10,20.14,22.66,8.04,73.30,44.22,59.64,8.11
524.64,40.10,20.16,22.66,8.06,73.30,44.12,59.49,8.11
524.65,40.02,20.14,22.66,8.06,73.30,44.22,59.49,8.11
524.66,40.10,20.16,22.63,8.06,73.30,44.22,59.49,8.11
524.67,40.02,20.16,22.66,8.04,73.30,44.22,59.49,8.11
524.68,40.02,20.14,22.66,8.06,73.30,44.22,59.64,8.10
524.69,40.02,20.14,22.63,8.06,73.30,44.12,59.49,8.11
524.70,40.02,20.16,22.63,8.04,73.30,44.22,59.64,8.10
524.71,40.10,20.16,22.66,8.06,73.30,44.22,59.49,8.11
524.72,40.02,20.16,22.66,8.06,73.30,44.22,59.49,8.11
524.73,40.10,20.14,22.66,8.04,73.30,44.22,59.64,8.11
524.74,40.02,20.14,22.63,8.04,73.30,44.31,59.49,8.11
524.75,40.02,20.14,22.66,8.04,73.30,44.22,59.64,8.10
524.76,40.02,20.14,22.63,8.06,73.30,44.22,59.80,8.09
524.77,40.10,20.14,22.63,8.06,73.30,44.12,59.49,8.10
524.78,40.02,20.14,22.66,8.04,73.08,44.22,59.64,8.10
524.79,40.02,20.14,22.63,8.04,73.30,44.22,59.64,8.10
524.80,40.02,20.14,22.66,8.06,73.30,44.22,59.64,8.11
524.81,40.10,20.14,22.63,8.04,73.30,44.22,59.64,8.10
524.82,40.10,20.16,22.66,8.04,73.30,44.12,59.64,8.11
524.83,40.02,20.14,22.63,8.04,73.30,44.31,59.64,8.11
524.84,40.02,20.16,22.66,8.07,73.30,44.12,59.64,8.11
524.85,40.02,20.14,22.66,8.06,73.30,44.12,59.64,8.11
524.86,40.10,20.14,22.66,8.06,73.30,44.22,59.49,8.11
524.87,40.02,20.14,22.66,8.04,73.08,44.12,59.49,8.10
524.88,40.02,20.14,22.63,8.06,73.30,44.22,59.64,8.10
524.89,40.02,20.16,22.66,8.04,73.30,44.22,59.64,8.11
524.90,40.02,20.16,22.63,8.04,73.30,44.22,59.64,8.10
524.91,40.02,20.14,22.63,8.04,73.30,44.22,59.64,8.11
524.92,40.10,20.16,22.63,8.06,73.30,44.22,59.49,8.11
524.93,40.02,20.16,22.66,8.06,73.30,44.22,59.64,8.10
524.94,40.02,20.14,22.63,8.06,73.30,44.22,59.64,8.11
524.95,40.10,20.14,22.66,8.04,73.08,44.22,59.49,8.10
524.96,40.02,20.14,22.63,8.04,73.30,44.22,59.64,8.10
524.97,40.10,20.14,22.63,8.06,73.30,44.22,59.49,8.10
524.98,40.10,20.16,22.63,8.04,73.30,44.22,59.64,8.10
524.99,40.02,20.11,22.66,8.06,73.30,44.22,59.64,8.10
525.00,40.02,20.14,22.63,8.06,73.30,44.12,59.64,8.11
525.01,40.02,20.14,22.66,8.04,73.30,44.31,59.64,8.11
525.02,40.02,20.14,22.66,8.04,73.30,44.22,59.64,8.10
525.03,40.02,20.16,22.63,8.06,73.30,44.22,59.49,8.10
525.04,40.02,20.16,22.66,8.04,73.30,44.12,59.64,8.10
525.05,40.02,20.11,22.63,8.04,73.30,44.22,59.49,8.10
525.06,40.02,20.14,22.66,8.06,73.30,44.22,59.64,8.10
525.07,40.10,20.14,22.63,8.07,73.30,44.22,59.64,8.10
525.08,40.02,20.16,22.66,8.04,73.30,44.12,59.49,8.10
525.09,40.02,20.14,22.66,8.04,73.30,44.31,59.49,8.11
525.10,40.02,20.19,22.66,8.04,73.08,44.22,59.49,8.10
525.11,40.02,20.14,22.66,8.06,73.30,44.22,59.49,8.10
525.12,40.02,20.16,22.63,8.04,73.30,44.31,59.64,8.11
525.13,40.10,20.16,22.63,8.06,73.30,44.22,59.64,8.10
525.14,40.02,20.16,22.63,8.04,73.30,44.12,59.49,8.10
525.15,40.02,20.16,22.63,8.04,73.30,44.22,59.49,8.10
525.16,40.02,20.14,22.63,8.04,73.30,44.12,59.64,8.10
525.17,40.02,20.14,22.63,8.06,73.30,44.22,59.64,8.10
525.18,40.10,20.14,22.63,8.06,73.30,44.22,59.49,8.11
525.19,40.02,20.16,22.63,8.06,73.30,44.22,59.64,8.10
525.20,40.02,20.14,22.63,8.04,73.30,44.12,59.49,8.11
525.21,40.02,20.16,22.66,8.04,73.30,44.12,59.49,8.10
525.22,40.10,20.14,22.63,8.06,73.30,44.31,59.49,8.11
525.23,40.02,20.14,22.63,8.04,73.30,44.22,59.49,8.10
525.24,40.02,20.16,22.63,8.06,73.30,44.22,59.64,8.10
525.25,40.02,20.16,22.66,8.04,73.30,44.22,59.49,8.11
525.26,40.10,20.14,22.66,8.04,73.08,44.22,59.49,8.11
525.27,40.02,20.16,22.66,8.04,73.30,44.12,59.64,8.11
525.28,40.02,20.16,22.66,8.04,73.30,44.22,59.49,8.10
525.29,40.02,20.16,22.63,8.06,73.30,44.22,59.49,8.10
525.30,40.02,20.14,22.66,8.06,73.30,44.31,59.64,8.10
525.31,40.02,20.16,22.63,8.04,73.30,44.22,59.49,8.10
525.32,40.10,20.16,22.63,8.04,73.30,44.22,59.64,8.10
525.33,40.10,20.14,22.66,8.07,73.30,44.22,59.64,8.11
525.34,39.94,20.11,22.66,8.04,73.30,44.22,59.49,8.10
525.35,40.02,20.14,22.66,8.04,73.30,44.31,59.64,8.11
525.36,40.02,20.14,22.66,8.04,73.30,44.31,59.64,8.10
525.37,40.02,20.14,22.63,8.06,73.08,44.22,59.49,8.10
525.38,40.02,20.16,22.66,8.04,73.30,44.22,59.49,8.09
525.39,40.02,20.14,22.63,8.04,73.30,44.12,59.49,8.11
525.40,40.02,20.14,22.63,8.04,73.08,44.22,59.49,8.10
525.41,40.02,20.11,22.63,8.04,73.52,44.22,59.64,8.11
525.42,40.02,20.14,22.63,8.04,73.08,44.12,59.49,8.10
525.43,40.02,20.14,22.63,8.06,73.30,44.22,59.64,8.11
525.44,40.10,20.14,22.63,8.04,73.30,44.22,59.64,8.10
525.45,40.02,20.16,22.63,8.04,73.30,44.12,59.64,8.10
525.46,40.10,20.14,22.59,8.06,73.30,44.12,59.33,8.11
525.47,40.02,20.14,22.63,8.04,73.30,44.12,59.64,8.10
525.48,40.02,20.11,22.63,8.04,73.30,44.12,59.33,8.10
525.49,40.10,20.14,22.63,8.04,73.30,44.22,59.49,8.10
525.50,40.10,20.14,22.63,8.04,73.30,44.22,59.49,8.10
525.51,40.02,20.14,22.66,8.06,73.30,44.22,59.49,8.10
525.52,40.02,20.16,22.63,8.04,73.08,44.22,59.64,8.11
525.53,40.02,20.16,22.66,8.04,73.08,44.31,59.49,8.11
525.54,40.02,20.14,22.63,8.04,73.30,44.22,59.49,8.10
525.55,40.02,20.16,22.63,8.04,73.30,44.22,59.49,8.10
525.56,40.02,20.14,22.63,8.06,73.08,44.22,59.49,8.10
525.57,40.02,20.14,22.63,8.04,73.30,44.22,59.49,8.11
525.58,40.02,20.14,22.63,8.04,73.30,44.22,59.49,8.10
525.59,40.02,20.14,22.63,8.04,73.08,44.22,59.64,8.10
525.60,40.10,20.14,22.59,8.06,73.30,44.12,59.64,8.10
525.61,40.02,20.16,22.63,8.04,73.30,44.31,59.64,8.11
525.62,40.02,20.14,22.66,8.04,73.30,44.22,59.64,8.10
525.63,40.02,20.14,22.66,8.04,73.30,44.22,59.64,8.10
525.64,40.02,20.14,22.63,8.06,73.08,44.22,59.64,8.11
525.65,40.10,20.14,22.66,8.04,73.30,44.22,59.49,8.10
525.66,40.02,20.14,22.66,8.04,73.30,44.12,59.64,8.11
525.67,40.02,20.14,22.63,8.04,73.30,44.22,59.64,8.11
525.68,40.02,20.14,22.66,8.04,73.08,44.22,59.49,8.10
525.69,40.02,20.14,22.63,8.04,73.30,44.22,59.64,8.10
525.70,40.02,20.14,22.66,8.06,73.30,44.22,59.49,8.09
525.71,40.02,20.14,22.63,8.06,73.08,44.12,59.49,8.10
525.72,40.02,20.14,22.66,8.06,73.30,44.22,59.64,8.10
525.73,40.02,20.11,22.63,8.04,73.30,44.12,59.49,8.11
525.74,40.02,20.16,22.63,8.06,73.30,44.12,59.49,8.11
525.75,40.02,20.14,22.66,8.04,73.30,44.22,59.49,8.09
525.76,40.02,20.16,22.59,8.06,73.30,44.22,59.49,8.11
525.77,40.10,20.14,22.63,8.06,73.30,44.22,59.49,8.10
525.78,40.02,20.14,22.63,8.04,73.08,44.12,59.49,8.10
525.79,40.02,20.14,22.66,8.06,73.08,44.22,59.49,8.09
525.80,40.02,20.14,22.59,8.06,73.30,44.03,59.64,8.11
525.81,40.02,20.14,22.63,8.04,73.30,44.22,59.64,8.10
525.82,40.02,20.14,22.66,8.04,73.30,44.22,59.49,8.11
525.83,40.02,20.14,22.63,8.04,73.30,44.22,59.64,8.10
525.84,40.02,20.16,22.63,8.04,73.30,44.22,59.64,8.10
525.85,40.02,20.14,22.63,8.04,73.08,44.12,59.49,8.11
525.86,40.02,20.14,22.63,8.04,73.08,44.22,59.64,8.10
525.87,40.02,20.14,22.63,8.07,73.30,44.22,59.64,8.11
525.88,40.02,20.16,22.59,8.04,73.08,44.22,59.49,8.09
525.89,40.02,20.16,22.63,8.06,73.30,44.12,59.49,8.10
525.90,40.02,20.14,22.63,8.04,73.08,44.12,59.49,8.10
525.91,40.02,20.14,22.63,8.06,73.30,44.22,59.49,8.11
525.92,40.02,20.14,22.63,8.04,73.30,44.12,59.49,8.10
525.93,40.10,20.16,22.59,8.06,73.08,44.12,59.64,8.10
525.94,40.02,20.16,22.63,8.04,73.30,44.12,59.49,8.11
525.95,40.02,20.14,22.63,8.04,73.30,44.22,59.64,8.11
525.96,40.02,20.14,22.59,8.04,73.30,44.22,59.49,8.10
525.97,40.02,20.14,22.63,8.06,73.30,44.22,59.49,8.10
525.98,40.02,20.14,22.63,8.04,73.30,44.22,59.49,8.10
525.99,40.02,20.14,22.66,8.06,73.08,44.22,59.49,8.11
526.00,40.10,20.14,22.63,8.04,73.08,44.22,59.49,8.10
526.01,40.02,20.14,22.66,8.04,73.08,44.12,59.49,8.10
526.02,40.02,20.14,22.63,8.04,73.30,44.22,59.49,8.09
526.03,40.02,20.14,22.59,8.04,73.30,44.22,59.64,8.10
526.04,40.02,20.14,22.63,8.06,73.30,44.22,59.49,8.10
526.05,40.02,20.14,22.63,8.04,73.30,44.22,59.64,8.11
526.06,40.02,20.14,22.63,8.04,73.30,44.12,59.49,8.10
526.07,40.02,20.11,22.63,8.06,73.08,44.22,59.64,8.10
526.08,40.02,20.14,22.63,8.06,73.08,44.12,59.49,8.10
526.09,40.02,20.14,22.63,8.06,73.30,44.22,59.49,8.11
526.10,40.02,20.14,22.63,8.04,73.30,44.12,59.64,8.11
526.11,40.10,20.14,22.59,8.06,73.08,44.12,59.49,8.10
526.12,40.02,20.14,22.63,8.04,73.30,44.22,59.49,8.10
526.13,40.02,20.16,22.63,8.04,73.08,44.12,59.49,8.10
526.14,40.02,20.11,22.59,8.06,73.30,44.12,59.64,8.10
526.15,40.02,20.14,22.63,8.04,73.30,44.22,59.64,8.10
526.16,40.02,20.11,22.59,8.06,73.08,44.12,59.49,8.11
526.17,40.02,20.14,22.63,8.04,73.30,44.22,59.64,8.10
526.18,40.10,20.11,22.59,8.06,73.08,44.12,59.49,8.10
526.19,40.02,20.11,22.63,8.04,73.30,44.22,59.49,8.11
526.20,40.02,20.14,22.63,8.04,73.30,44.12,59.49,8.11
526.21,40.02,20.14,22.63,8.04,73.08,44.12,59.49,8.10
526.22,40.10,20.14,22.63,8.04,73.08,44.12,59.49,8.11
526.23,40.02,20.14,22.59,8.04,73.30,44.12,59.49,8.10
526.24,40.02,20.14,22.63,8.04,73.30,44.12,59.49,8.11
526.25,40.02,20.11,22.63,8.04,73.30,44.12,59.49,8.10
526.26,40.02,20.14,22.63,8.06,73.08,44.22,59.64,8.09
526.27,40.02,20.11,22.63,8.04,73.30,44.12,59.64,8.10
526.28,40.02,20.11,22.63,8.04,73.08,44.22,59.64,8.10
526.29,40.02,20.11,22.63,8.04,73.30,44.12,59.64,8.09
526.30,40.02,20.11,22.63,8.04,73.30,44.12,59.49,8.10
526.31,40.02,20.14,22.63,8.04,73.30,44.22,59.64,8.10
526.32,40.02,20.14,22.63,8.06,73.30,44.12,59.49,8.10
526.33,40.02,20.11,22.59,8.04,73.08,44.22,59.49,8.11
526.34,40.02,20.11,22.63,8.06,73.30,44.12,59.49,8.10
526.35,40.02,20.14,22.59,8.06,73.08,44.22,59.64,8.10
526.36,40.02,20.16,22.63,8.04,73.30,44.12,59.49,8.11
526.37,40.02,20.14,22.66,8.06,73.08,44.12,59.49,8.10
526.38,40.02,20.16,22.63,8.04,73.30,44.22,59.49,8.11
526.39,40.02,20.11,22.63,8.04,73.30,44.12,59.64,8.10
526.40,40.02,20.14,22.63,8.04,73.30,44.12,59.49,8.10
526.41,40.02,20.14,22.63,8.06,73.30,44.22,59.49,8.10
526.42,40.02,20.19,22.59,8.04,73.08,44.12,59.49,8.10
526.43,40.02,20.14,22.63,8.04,73.08,44.12,59.49,8.10
526.44,40.02,20.14,22.63,8.04,73.30,44.12,59.49,8.10
526.45,40.02,20.11,22.63,8.06,73.30,44.22,59.49,8.10
526.46,40.02,20.11,22.63,8.04,73.30,44.22,59.49,8.09
526.47,40.02,20.11,22.59,8.04,73.30,44.22,59.49,8.11
526.48,40.02,20.11,22.63,8.06,73.08,44.22,59.49,8.10
526.49,40.02,20.14,22.63,8.04,73.08,44.22,59.49,8.10
526.50,40.02,20.16,22.63,8.04,73.30,44.12,59.49,8.10
526.51,40.02,20.11,22.63,8.04,73.30,44.12,59.33,8.09
526.52,40.02,20.14,22.59,8.04,73.08,44.12,59.49,8.11
526.53,39.94,20.11,22.63,8.04,73.08,44.22,59.64,8.10
526.54,40.18,20.14,22.63,8.06,73.08,44.12,59.49,8.11
526.55,40.02,20.11,22.59,8.04,73.08,44.12,59.49,8.09
526.56,40.02,20.11,22.59,8.04,73.30,44.12,59.49,8.10
526.57,40.02,20.14,22.63,8.04,73.30,44.12,59.49,8.10
526.58,40.02,20.11,22.63,8.04,73.08,44.12,59.49,8.11
526.59,40.02,20.11,22.59,8.06,73.08,44.22,59.49,8.11
526.60,40.10,20.11,22.63,8.06,73.30,44.12,59.49,8.10
526.61,40.02,20.11,22.59,8.04,73.30,44.12,59.49,8.11
526.62,40.02,20.11,22.63,8.04,73.08,44.12,59.49,8.09
526.63,40.02,20.14,22.59,8.04,73.30,44.22,59.49,8.10
526.64,40.02,20.11,22.63,8.04,73.30,44.22,59.49,8.11
526.65,40.02,20.14,22.63,8.04,73.08,44.22,59.33,8.11
526.66,40.02,20.11,22.59,8.04,73.08,44.22,59.49,8.10
526.67,40.02,20.11,22.63,8.04,73.30,44.22,59.18,8.10
526.68,40.02,20.14,22.63,8.04,73.08,44.12,59.33,8.10
526.69,40.02,20.11,22.63,8.04,73.30,44.22,59.33,8.10
526.70,40.02,20.11,22.59,8.04,73.30,44.22,59.49,8.09
526.71,40.02,20.14,22.63,8.06,73.30,44.22,59.49,8.10
526.72,40.02,20.11,22.63,8.04,73.08,44.12,59.49,8.10
526.73,40.02,20.11,22.59,8.04,73.08,44.22,59.49,8.10
526.74,40.02,20.11,22.59,8.04,73.08,44.12,59.49,8.10
526.75,40.02,20.14,22.59,8.04,73.30,44.12,59.49,8.10
526.76,40.02,20.11,22.63,8.04,73.08,44.12,59.33,8.09
526.77,40.02,20.14,22.63,8.04,73.30,44.12,59.49,8.11
526.78,40.02,20.14,22.59,8.06,73.30,44.22,59.33,8.09
526.79,40.02,20.11,22.59,8.04,73.30,44.22,59.49,8.09
526.80,40.02,20.14,22.63,8.04,73.30,44.12,59.49,8.10
526.81,40.02,20.11,22.59,8.06,73.08,44.22,59.49,8.09
526.82,40.02,20.16,22.63,8.04,73.30,44.12,59.49,8.09
526.83,40.02,20.11,22.59,8.04,73.30,44.12,59.33,8.10
526.84,40.02,20.11,22.59,8.04,73.08,44.12,59.49,8.10
526.85,40.02,20.14,22.59,8.04,73.30,44.12,59.49,8.11
526.86,40.02,20.11,22.63,8.04,73.30,44.22,59.49,8.09
526.87,40.02,20.11,22.59,8.06,73.30,44.12,59.49,8.09
526.88,40.02,20.11,22.63,8.06,73.30,44.12,59.49,8.10
526.89,40.02,20.14,22.63,8.04,73.30,44.12,59.49,8.09
526.90,40.02,20.14,22.63,8.04,73.30,44.22,59.49,8.10
526.91,40.02,20.11,22.59,8.06,73.08,44.12,59.49,8.10
526.92,40.02,20.14,22.63,8.06,73.08,44.22,59.64,8.11
526.93,40.02,20.11,22.59,8.04,73.08,44.12,59.64,8.10
526.94,40.02,20.11,22.59,8.04,73.30,44.22,59.64,8.10
526.95,40.02,20.11,22.59,8.04,73.08,44.12,59.49,8.09
526.96,40.10,20.11,22.63,8.06,73.30,44.12,59.49,8.10
526.97,40.02,20.11,22.59,8.04,73.08,44.12,59.49,8.10
526.98,40.02,20.14,22.59,8.06,73.08,44.12,59.64,8.10
526.99,40.02,20.11,22.59,8.04,73.08,44.03,59.49,8.10
527.00,40.02,20.11,22.63,8.04,73.30,44.12,59.33,8.09
527.01,40.02,20.11,22.59,8.04,73.08,44.12,59.49,8.09
527.02,40.02,20.11,22.63,8.04,73.08,44.22,59.49,8.10
527.03,40.02,20.11,22.59,8.04,73.08,44.12,59.49,8.10
527.04,40.02,20.14,22.59,8.04,73.30,44.22,59.49,8.10
527.05,40.02,20.14,22.59,8.06,73.08,44.12,59.49,8.10
527.06,40.02,20.11,22.59,8.04,73.08,44.12,59.49,8.11
527.07,40.02,20.11,22.63,8.04,73.08,44.12,59.49,8.10
527.08,40.02,20.14,22.63,8.04,73.08,44.12,59.49,8.09
527.09,40.02,20.08,22.59,8.04,73.08,44.12,59.49,8.10
527.10,40.02,20.14,22.59,8.04,73.08,44.12,59.64,8.11
527.11,40.02,20.11,22.59,8.04,73.30,44.12,59.64,8.10
527.12,40.02,20.14,22.59,8.04,73.08,44.12,59.64,8.10
527.13,40.02,20.11,22.59,8.06,73.30,44.22,59.49,8.10
527.14,40.02,20.11,22.59,8.04,73.08,44.12,59.49,8.10
527.15,40.02,20.11,22.63,8.04,73.30,44.22,59.49,8.10
527.16,40.02,20.11,22.59,8.06,73.08,44.22,59.49,8.10
527.17,40.02,20.11,22.59,8.04,73.30,44.12,59.49,8.11
527.18,40.02,20.11,22.63,8.04,73.30,44.12,59.33,8.09
527.19,40.02,20.14,22.59,8.04,73.30,44.12,59.49,8.10
527.20,40.02,20.11,22.59,8.06,73.30,44.12,59.33,8.10
527.21,40.02,20.11,22.59,8.06,73.08,44.12,59.49,8.09
527.22,40.02,20.14,22.59,8.04,73.30,44.12,59.49,8.09
527.23,39.94,20.11,22.63,8.04,73.08,44.12,59.49,8.10
527.24,40.02,20.14,22.59,8.04,73.08,44.12,59.49,8.10
527.25,40.02,20.11,22.63,8.04,73.08,44.12,59.33,8.11
527.26,39.94,20.11,22.59,8.04,73.08,44.12,59.49,8.10
527.27,39.94,20.11,22.59,8.06,73.08,44.12,59.49,8.11
527.28,40.02,20.14,22.59,8.04,73.30,44.12,59.33,8.09
527.29,40.10,20.14,22.59,8.04,73.08,44.22,59.49,8.11
527.30,40.02,20.11,22.63,8.04,73.08,44.03,59.49,8.11
527.31,40.02,20.14,22.63,8.04,73.30,44.12,59.49,8.09
527.32,40.10,20.11,22.59,8.04,73.08,44.12,59.33,8.09
527.33,40.02,20.11,22.59,8.04,73.08,44.22,59.49,8.10
527.34,40.02,20.14,22.59,8.04,73.30,44.12,59.49,8.09
527.35,40.02,20.14,22.59,8.06,73.08,44.12,59.49,8.10
527.36,40.02,20.11,22.59,8.04,73.30,44.12,59.64,8.09
527.37,40.02,20.11,22.63,8.04,73.08,44.22,59.33,8.09
527.38,40.02,20.11,22.63,8.04,73.30,44.12,59.49,8.10
527.39,40.02,20.11,22.59,8.04,73.08,44.12,59.33,8.09
527.40,40.02,20.11,22.59,8.04,73.08,44.22,59.33,8.09
527.41,40.02,20.08,22.59,8.04,73.30,44.12,59.49,8.10
527.42,40.02,20.11,22.59,8.04,73.30,44.12,59.49,8.09
527.43,40.02,20.11,22.59,8.04,73.08,44.22,59.33,8.09
527.44,40.02,20.11,22.59,8.04,73.08,44.22,59.33,8.10
527.45,40.02,20.11,22.59,8.04,73.08,44.22,59.49,8.11
527.46,40.02,20.11,22.63,8.04,73.08,44.12,59.49,8.10
527.47,40.02,20.08,22.59,8.06,73.30,44.12,59.49,8.10
527.48,40.02,20.11,22.59,8.04,73.08,44.12,59.49,8.10
527.49,40.02,20.08,22.59,8.04,73.08,44.12,59.49,8.10
527.50,40.02,20.08,22.59,8.04,73.30,44.12,59.49,8.09
527.51,40.02,20.11,22.59,8.04,73.08,44.12,59.49,8.10
527.52,40.02,20.11,22.59,8.06,73.08,44.12,59.49,8.11
527.53,40.02,20.11,22.56,8.04,73.08,44.12,59.49,8.10
527.54,40.02,20.14,22.59,8.04,73.08,44.12,59.49,8.11
527.55,40.02,20.11,22.59,8.04,73.08,44.12,59.33,8.09
527.56,40.02,20.14,22.59,8.04,73.08,44.12,59.49,8.11
527.57,39.94,20.14,22.59,8.04,73.08,44.22,59.33,8.10
527.58,40.02,20.11,22.59,8.04,73.08,44.22,59.49,8.10
527.59,39.94,20.11,22.59,8.04,73.30,44.12,59.33,8.09
527.60,40.02,20.11,22.59,8.04,73.08,44.22,59.33,8.10
527.61,40.02,20.11,22.59,8.06,73.08,44.12,59.49,8.09
527.62,40.02,20.11,22.59,8.04,73.08,44.12,59.49,8.09
527.63,40.02,20.11,22.59,8.04,73.08,44.12,59.49,8.10
527.64,40.02,20.11,22.59,8.04,73.08,44.12,59.49,8.09
527.65,40.02,20.11,22.59,8.04,73.08,44.12,59.33,8.09
527.66,40.02,20.11,22.59,8.04,73.08,44.22,59.33,8.11
527.67,40.02,20.11,22.59,8.04,73.08,44.12,59.49,8.09
527.68,40.02,20.11,22.59,8.04,73.08,44.12,59.64,8.10
527.69,39.94,20.11,22.59,8.04,73.08,44.12,59.49,8.10
527.70,40.02,20.14,22.59,8.04,73.08,44.12,59.49,8.10
527.71,40.02,20.08,22.56,8.04,73.30,44.12,59.49,8.09
527.72,39.94,20.11,22.59,8.04,73.08,44.22,59.49,8.10
527.73,40.02,20.11,22.63,8.04,73.30,44.12,59.49,8.09
527.74,40.02,20.11,22.56,8.04,73.08,44.03,59.49,8.10
527.75,40.02,20.11,22.59,8.04,73.08,44.12,59.33,8.10
527.76,40.02,20.02,22.59,8.04,73.08,44.22,59.33,8.10
527.77,40.02,20.11,22.59,8.04,73.08,44.03,59.49,8.09
527.78,40.02,20.11,22.59,8.04,73.30,44.12,59.49,8.09
527.79,40.02,20.11,22.59,8.04,73.30,44.12,59.49,8.10
527.80,40.02,20.11,22.59,8.06,73.08,44.12,59.33,8.10
527.81,39.94,20.08,22.59,8.04,73.08,44.03,59.33,8.09
527.82,40.02,20.11,22.59,8.04,73.08,44.12,59.33,8.10
527.83,40.02,20.11,22.59,8.04,73.08,44.12,59.33,8.10
527.84,39.94,20.11,22.59,8.06,73.08,44.12,59.33,8.09
527.85,40.02,20.11,22.56,8.04,73.08,44.03,59.64,8.11
527.86,40.02,20.08,22.59,8.04,73.30,44.12,59.33,8.10
527.87,40.02,20.11,22.59,8.04,73.08,44.12,59.64,8.10
527.88,40.02,20.11,22.59,8.06,73.30,44.12,59.33,8.11
527.89,40.02,20.14,22.59,8.04,73.08,44.12,59.49,8.09
527.90,40.02,20.11,22.59,8.04,73.08,44.03,59.33,8.09
527.91,40.02,20.11,22.59,8.04,73.08,44.03,59.33,8.10
527.92,40.02,20.11,22.59,8.04,73.08,44.03,59.33,8.08
527.93,40.02,20.11,22.63,8.04,73.08,44.12,59.33,8.09
527.94,40.02,20.08,22.56,8.04,73.08,44.12,59.33,8.09
527.95,40.02,20.11,22.59,8.06,73.08,44.12,59.49,8.09
527.96,40.02,20.11,22.59,8.04,73.08,44.12,59.49,8.09
527.97,40.02,20.11,22.59,8.04,73.08,44.12,59.33,8.09
527.98,40.02,20.11,22.59,8.04,73.08,44.12,59.49,8.10
527.99,40.02,20.11,22.59,8.04,73.08,44.12,59.33,8.10
528.00,40.02,20.11,22.59,8.04,73.30,44.12,59.49,8.10
528.01,40.02,20.11,22.59,8.04,73.08,44.12,59.49,8.10
528.02,39.94,20.08,22.59,8.04,73.08,44.12,59.49,8.10
528.03,40.02,20.11,22.59,8.04,73.08,44.12,59.33,8.09
528.04,40.02,20.11,22.59,8.04,73.08,44.12,59.49,8.09
528.05,40.02,20.11,22.59,8.04,73.08,44.12,59.49,8.09
528.06,40.02,20.14,22.59,8.04,73.08,44.12,59.33,8.09
528.07,39.94,20.11,22.59,8.04,72.85,44.03,59.49,8.09
528.08,40.02,20.11,22.59,8.04,73.08,44.03,59.49,8.10
528.09,40.02,20.11,22.59,8.04,73.08,44.12,59.49,8.09
528.10,39.94,20.08,22.59,8.04,73.08,44.12,59.33,8.10
528.11,40.02,20.11,22.59,8.04,73.08,44.12,59.33,8.09
528.12,40.02,20.08,22.59,8.06,73.08,44.12,59.33,8.10
528.13,40.02,20.11,22.59,8.04,73.08,44.12,59.49,8.10
528.14,39.94,20.11,22.59,8.04,73.08,44.12,59.33,8.09
528.15,40.02,20.08,22.59,8.04,73.08,44.12,59.49,8.10
528.16,40.02,20.11,22.59,8.04,73.08,44.12,59.33,8.10
528.17,40.02,20.11,22.59,8.06,73.08,44.12,59.49,8.09
528.18,40.02,20.08,22.59,8.04,73.08,44.12,59.49,8.10
528.19,39.94,20.11,22.59,8.04,72.85,44.03,59.33,8.10
528.20,39.94,20.11,22.59,8.04,73.08,44.12,59.33,8.09
528.21,39.94,20.11,22.59,8.04,73.08,44.12,59.33,8.10
528.22,40.02,20.11,22.59,8.04,73.08,44.03,59.33,8.10
528.23,40.02,20.11,22.56,8.04,73.08,44.12,59.49,8.08
528.24,40.02,20.11,22.59,8.04,73.08,44.12,59.49,8.10
528.25,40.02,20.08,22.56,8.06,73.08,44.03,59.49,8.09
528.26,39.94,20.08,22.59,8.04,73.08,44.12,59.33,8.10
528.27,39.94,20.11,22.59,8.04,73.08,44.03,59.49,8.11
528.28,40.02,20.11,22.59,8.04,73.08,44.12,59.33,8.10
528.29,40.02,20.11,22.59,8.04,73.08,44.22,59.49,8.10
528.30,40.02,20.11,22.59,8.04,73.08,44.12,59.33,8.10
528.31,39.94,20.11,22.59,8.04,73.08,44.03,59.33,8.09
528.32,40.02,20.11,22.59,8.04,73.30,44.12,59.33,8.10
528.33,39.94,20.11,22.59,8.04,73.08,44.12,59.49,8.09
528.34,40.02,20.08,22.59,8.04,73.08,44.12,59.49,8.10
528.35,39.94,20.11,22.59,8.04,72.85,44.12,59.33,8.09
528.36,40.02,20.08,22.56,8.04,73.08,44.12,59.33,8.10
528.37,40.02,20.11,22.59,8.04,73.08,44.12,59.49,8.09
528.38,40.02,20.11,22.56,8.04,73.08,44.03,59.33,8.10
528.39,39.94,20.08,22.59,8.04,73.08,44.03,59.49,8.09
528.40,40.02,20.11,22.59,8.04,73.08,44.12,59.33,8.10
528.41,39.94,20.11,22.59,8.04,73.08,44.12,59.33,8.09
528.42,40.02,20.08,22.59,8.04,73.08,44.12,59.49,8.11
528.43,39.94,20.08,22.59,8.04,73.08,44.12,59.33,8.10
528.44,39.94,20.11,22.56,8.04,73.08,44.03,59.49,8.09
528.45,40.02,20.11,22.59,8.04,73.08,44.12,59.49,8.09
528.46,40.02,20.14,22.59,8.04,73.08,44.12,59.64,8.10
528.47,39.94,20.11,22.56,8.04,73.08,44.12,59.33,8.09
528.48,40.02,20.11,22.59,8.04,73.08,44.03,59.49,8.09
528.49,40.02,20.11,22.56,8.04,73.08,44.12,59.33,8.08
528.50,40.02,20.08,22.59,8.04,73.08,44.03,59.33,8.09
528.51,39.94,20.08,22.59,8.04,73.08,44.12,59.49,8.11
528.52,39.94,20.11,22.56,8.04,73.08,44.03,59.49,8.09
528.53,40.02,20.11,22.59,8.04,73.08,44.12,59.49,8.09
528.54,40.02,20.11,22.59,8.04,73.08,44.12,59.49,8.09
528.55,40.02,20.11,22.59,8.04,73.08,44.22,59.33,8.08
528.56,40.02,20.11,22.56,8.04,73.08,44.03,59.33,8.09
528.57,40.02,20.11,22.59,8.04,73.08,44.22,59.33,8.09
528.58,40.02,20.11,22.59,8.04,73.08,44.12,59.33,8.09
528.59,40.02,20.11,22.56,8.04,73.08,44.12,59.33,8.09
528.60,40.02,20.08,22.56,8.04,73.08,44.03,59.33,8.09
528.61,40.02,20.08,22.56,8.04,73.08,44.12,59.49,8.10
528.63,40.02,20.08,22.59,8.04,73.08,44.12,59.49,8.10
528.64,40.02,20.08,22.56,8.04,73.08,44.12,59.49,8.09
528.65,40.02,20.08,22.59,8.04,73.08,44.03,59.49,8.10
528.66,40.02,20.08,22.59,8.04,73.08,44.12,59.33,8.09
528.67,40.02,20.11,22.56,8.04,72.85,44.03,59.49,8.10
528.68,40.02,20.11,22.56,8.04,73.08,44.03,59.33,8.09
528.69,40.02,20.08,22.59,8.04,73.08,44.03,59.49,8.08
528.70,40.02,20.11,22.59,8.04,73.08,44.03,59.33,8.09
528.71,39.94,20.11,22.59,8.04,73.08,44.03,59.49,8.09
528.72,40.02,20.08,22.56,8.04,73.08,44.12,59.49,8.09
528.73,40.02,20.08,22.56,8.04,73.08,44.12,59.33,8.09
528.74,40.02,20.08,22.59,8.04,73.08,44.12,59.33,8.09
528.75,39.94,20.11,22.59,8.04,73.08,44.12,59.33,8.08
528.76,40.02,20.11,22.56,8.04,73.08,44.12,59.49,8.09
528.77,40.02,20.11,22.56,8.04,73.08,44.12,59.33,8.09
528.78,40.02,20.08,22.59,8.04,73.08,44.03,59.33,8.10
528.79,39.94,20.08,22.59,8.04,73.08,43.93,59.49,8.10
528.80,40.02,20.08,22.59,8.04,73.08,44.31,59.49,8.08
528.81,39.94,20.11,22.59,8.04,73.08,44.03,59.49,8.09
528.82,40.02,20.11,22.56,8.04,73.08,44.12,59.33,8.09
528.83,39.94,20.11,22.59,8.04,73.08,44.03,59.33,8.11
528.84,40.02,20.11,22.59,8.04,73.08,44.12,59.49,8.09
528.85,40.02,20.11,22.59,8.04,73.08,44.12,59.33,8.10
528.86,39.94,20.08,22.59,8.04,73.08,44.12,59.49,8.10
528.87,39.94,20.11,22.59,8.04,73.08,44.12,59.49,8.09
528.88,40.02,20.11,22.59,8.04,73.08,44.12,59.33,8.09
528.89,39.94,20.08,22.56,8.04,73.08,44.12,59.33,8.10
528.90,40.02,20.08,22.59,8.04,73.08,44.03,59.33,8.09
528.91,39.94,20.08,22.56,8.04,73.08,44.03,59.49,8.09
528.92,39.86,20.11,22.56,8.04,72.85,44.03,59.49,8.09
528.93,40.10,20.08,22.56,8.04,73.08,44.03,59.33,8.10
528.94,40.02,20.14,22.56,8.04,73.08,44.03,59.33,8.10
528.95,39.94,20.11,22.59,8.04,72.85,44.03,59.33,8.10
528.96,40.02,20.08,22.59,8.04,73.08,44.12,59.49,8.10
528.97,40.02,20.11,22.59,8.04,73.08,44.03,59.49,8.09
528.98,40.02,20.08,22.59,8.04,72.85,44.03,59.33,8.09
528.99,40.02,20.11,22.59,8.04,73.30,44.03,59.49,8.09
529.00,40.02,20.08,22.59,8.04,72.85,44.03,59.33,8.09
529.01,40.02,20.11,22.56,8.04,73.08,44.03,59.33,8.09
529.02,40.02,20.11,22.56,8.04,73.08,44.12,59.49,8.09
529.03,39.94,20.11,22.59,8.04,72.85,44.03,59.49,8.10
529.04,39.94,20.08,22.59,8.04,72.85,44.12,59.33,8.09
529.05,40.02,20.11,22.56,8.04,73.08,44.12,59.49,8.09
529.06,40.02,20.11,22.59,8.04,73.30,44.03,59.33,8.09
529.07,40.02,20.08,22.59,8.04,73.30,44.03,59.18,8.09
529.08,39.94,20.08,22.59,8.04,73.08,44.12,59.49,8.10
529.09,39.94,20.08,22.59,8.04,73.30,44.12,59.33,8.10
529.10,40.02,20.11,22.56,8.04,72.85,44.03,59.49,8.10
529.11,39.94,20.08,22.56,8.04,73.08,44.03,59.33,8.09
529.12,39.94,20.11,22.56,8.04,73.08,44.12,59.33,8.09
529.13,40.02,20.08,22.56,8.04,73.08,44.03,59.49,8.09
529.14,40.02,20.11,22.59,8.04,73.08,44.03,59.49,8.09
529.15,40.02,20.08,22.59,8.04,73.08,44.03,59.33,8.09
529.16,40.02,20.11,22.59,8.04,72.85,44.12,59.49,8.10
529.17,39.94,20.08,22.59,8.04,73.08,44.03,59.33,8.09
529.20,40.02,20.08,22.59,8.04,73.08,44.12,59.33,8.08
529.20,39.94,20.08,22.56,8.04,73.08,44.03,59.49,8.10
529.21,40.02,20.11,22.56,8.04,73.08,44.12,59.49,8.09
529.22,39.94,20.14,22.56,8.04,73.08,44.03,59.33,8.09
529.23,39.94,20.11,22.59,8.04,73.08,44.12,59.49,8.09
529.24,39.94,20.11,22.59,8.04,73.08,44.03,59.49,8.09
529.25,40.02,20.11,22.59,8.04,73.08,44.03,59.49,8.09
529.26,40.02,20.11,22.56,8.04,73.08,44.12,59.49,8.10
529.27,40.02,20.08,22.56,8.04,73.08,44.03,59.49,8.09
529.28,40.02,20.11,22.59,8.04,73.08,44.12,59.33,8.09
529.29,40.02,20.11,22.56,8.04,73.08,44.12,59.33,8.10
529.30,39.94,20.08,22.59,8.04,73.08,44.03,59.33,8.10
529.31,40.02,20.11,22.59,8.04,73.08,44.03,59.33,8.09
529.32,40.02,20.11,22.59,8.04,73.08,44.03,59.49,8.10
529.33,40.02,20.11,22.56,8.04,72.85,44.12,59.49,8.09
529.34,39.94,20.11,22.59,8.04,72.85,44.12,59.49,8.09
529.35,40.02,20.11,22.56,8.04,72.85,44.22,59.33,8.09
529.36,39.94,20.08,22.59,8.04,73.08,44.03,59.33,8.10
529.37,40.02,20.11,22.59,8.04,73.08,44.12,59.49,8.10
529.38,40.02,20.08,22.63,8.04,73.08,44.03,59.33,8.09
529.39,40.02,20.08,22.59,8.04,73.08,44.12,59.33,8.11
529.40,40.02,20.11,22.59,8.04,73.08,44.12,59.33,8.09
529.41,40.02,20.08,22.56,8.04,73.08,44.03,59.33,8.09
529.42,40.02,20.08,22.59,8.04,73.08,44.03,59.33,8.09
529.43,40.02,20.11,22.56,8.04,73.08,44.12,59.33,8.09
529.44,40.02,20.08,22.56,8.04,73.08,44.03,59.33,8.09
529.45,39.94,20.08,22.59,8.04,73.08,44.03,59.33,8.10
529.46,39.94,20.05,22.56,8.04,73.08,44.03,59.33,8.10
529.47,40.02,20.11,22.56,8.04,73.08,44.03,59.33,8.10
529.48,40.02,20.08,22.59,8.02,73.08,44.12,59.49,8.09
529.49,40.02,20.08,22.56,8.04,72.85,44.12,59.33,8.09
529.50,40.02,20.11,22.56,8.04,73.08,44.03,59.49,8.09
529.51,40.02,20.11,22.59,8.04,72.85,44.03,59.33,8.09
529.52,39.94,20.08,22.56,8.04,73.08,44.12,59.33,8.08
529.53,40.02,20.11,22.56,8.04,73.08,44.12,59.49,8.09
529.54,40.02,20.08,22.59,8.04,73.08,44.03,59.49,8.09
529.55,40.02,20.11,22.59,8.04,73.08,44.12,59.49,8.10
529.56,40.02,20.08,22.56,8.04,72.85,44.12,59.33,8.09
529.57,40.02,20.11,22.59,8.04,73.08,44.12,59.33,8.09
529.58,40.02,20.08,22.59,8.04,72.85,44.03,59.33,8.09
529.59,39.94,20.08,22.59,8.04,73.08,44.12,59.33,8.09
529.60,40.02,20.08,22.56,8.04,73.08,44.12,59.33,8.09
529.61,40.02,20.11,22.56,8.04,73.08,44.03,59.33,8.08
529.62,40.02,20.08,22.59,8.04,73.08,44.12,59.33,8.09
529.63,40.02,20.11,22.59,8.04,72.85,44.03,59.49,8.09
529.64,40.02,20.11,22.59,8.04,73.08,44.12,59.33,8.09
529.65,40.02,20.08,22.59,8.04,73.08,44.03,59.49,8.10
529.66,39.94,20.11,22.59,8.04,72.85,44.03,59.49,8.09
529.67,40.02,20.08,22.59,8.04,73.08,44.12,59.33,8.09
529.68,40.02,20.08,22.56,8.04,73.08,44.12,59.49,8.09
529.69,40.02,20.11,22.59,8.04,73.08,44.03,59.33,8.08
529.70,40.02,20.08,22.59,8.04,73.08,44.03,59.33,8.10
529.71,40.02,20.08,22.56,8.04,73.08,44.22,59.33,8.10
529.72,40.02,20.11,22.56,8.04,72.85,44.12,59.33,8.09
529.73,39.94,20.11,22.59,8.04,73.08,44.12,59.49,8.09
529.74,39.94,20.08,22.59,8.04,73.08,44.12,59.33,8.09
529.75,40.02,20.11,22.59,8.04,73.08,44.03,59.33,8.10
529.76,39.94,20.11,22.56,8.04,72.85,44.12,59.49,8.09
529.77,40.02,20.11,22.59,8.04,73.08,44.12,59.33,8.09
529.78,40.02,20.08,22.56,8.04,73.08,44.12,59.49,8.10
529.79,40.02,20.08,22.59,8.04,73.08,44.03,59.49,8.10
529.80,40.02,20.08,22.56,8.04,73.08,44.03,59.33,8.09
529.81,40.02,20.11,22.56,8.04,73.08,44.12,59.49,8.09
529.82,39.94,20.08,22.59,8.04,73.30,44.03,59.33,8.09
529.83,40.02,20.08,22.59,8.04,72.85,44.12,59.33,8.09
529.84,40.02,20.11,22.59,8.04,73.08,44.03,59.49,8.10
529.85,40.02,20.11,22.59,8.04,73.08,44.12,59.33,8.09
529.86,40.02,20.11,22.59,8.04,73.08,44.03,59.49,8.09
529.87,40.02,20.11,22.59,8.04,72.85,44.03,59.33,8.10
529.88,40.02,20.11,22.59,8.04,73.08,44.12,59.02,8.10
529.89,40.02,20.05,22.59,8.04,73.08,44.03,59.33,8.09
529.90,40.02,20.11,22.56,8.04,73.08,44.12,59.49,8.09
529.91,40.02,20.11,22.59,8.04,73.08,44.03,59.33,8.09
529.92,39.94,20.08,22.56,8.04,73.08,44.12,59.49,8.09
529.93,40.02,20.11,22.56,8.04,73.08,44.03,59.49,8.09
529.94,40.02,20.11,22.56,8.04,73.08,44.03,59.33,8.09
529.95,39.94,20.11,22.59,8.04,73.08,44.12,59.33,8.09
529.96,40.02,20.08,22.56,8.04,73.08,44.03,59.49,8.09
529.97,40.02,20.11,22.56,8.04,72.85,44.12,59.49,8.09
529.98,40.02,20.11,22.59,8.04,73.08,43.93,59.49,8.10
529.99,40.02,20.11,22.59,8.04,73.08,43.93,59.33,8.08
530.00,40.02,20.11,22.59,8.04,73.08,44.22,59.49,8.09
530.01,40.02,20.11,22.59,8.04,73.08,44.12,59.33,8.09
530.02,40.02,20.11,22.59,8.04,73.08,44.03,59.33,8.09
530.03,40.02,20.08,22.59,8.04,73.08,44.03,59.49,8.09
530.04,40.02,20.11,22.59,8.04,73.08,44.03,59.49,8.10
530.05,40.02,20.08,22.59,8.04,73.30,44.12,59.33,8.08
530.06,40.02,20.11,22.59,8.04,72.85,44.12,59.33,8.09
530.07,40.02,20.11,22.59,8.04,73.08,44.03,59.49,8.10
530.08,39.94,20.11,22.59,8.04,73.08,44.12,59.49,8.09
530.09,39.94,20.08,22.59,8.04,73.08,44.03,59.33,8.09
530.10,40.02,20.11,22.59,8.04,73.08,44.12,59.49,8.09
530.11,39.94,20.08,22.59,8.02,73.08,44.03,59.49,8.09
530.12,39.86,20.11,22.56,8.04,73.08,44.03,59.33,8.09
530.13,40.02,20.11,22.59,8.04,73.08,44.12,59.49,8.09
530.14,40.02,20.08,22.59,8.04,73.30,44.03,59.49,8.11
530.15,40.02,20.08,22.59,8.04,72.85,44.12,59.49,8.10
530.16,40.02,20.08,22.59,8.04,73.08,44.03,59.49,8.09
530.17,39.94,20.11,22.59,8.04,72.85,44.12,59.33,8.09
530.18,40.02,20.11,22.59,8.04,72.85,44.12,59.33,8.11
530.19,40.02,20.08,22.59,8.04,73.30,44.03,59.33,8.09
530.20,40.02,20.11,22.59,8.04,73.08,44.03,59.49,8.09
530.21,40.02,20.08,22.56,8.04,72.85,44.03,59.33,8.10
530.22,40.02,20.11,22.59,8.02,73.08,44.12,59.49,8.09
530.23,40.02,20.11,22.59,8.04,73.30,44.03,59.64,8.09
530.24,39.94,20.08,22.59,8.04,73.08,44.12,59.33,8.09
530.25,39.94,20.08,22.59,8.04,72.85,44.12,59.49,8.09
530.26,40.02,20.11,22.59,8.04,73.08,44.12,59.33,8.08
530.27,40.02,20.11,22.59,8.04,73.08,44.03,59.33,8.09
530.28,40.02,20.08,22.59,8.04,73.08,44.12,59.33,8.10
530.29,40.02,20.08,22.59,8.04,73.08,44.03,59.49,8.10
530.30,40.02,20.11,22.59,8.04,72.85,44.12,59.33,8.09
530.31,40.02,20.08,22.59,8.04,73.08,44.12,59.33,8.10
530.32,40.02,20.11,22.59,8.04,73.08,44.12,59.33,8.11
530.33,40.02,20.11,22.59,8.04,73.08,44.03,59.49,8.10
530.34,40.02,20.08,22.59,8.04,72.85,44.12,59.33,8.10
530.35,40.02,20.08,22.59,8.04,73.08,44.12,59.33,8.11
530.36,40.02,20.11,22.59,8.04,72.85,44.12,59.33,8.10
530.37,40.02,20.11,22.59,8.04,73.08,44.12,59.49,8.09
530.38,40.02,20.11,22.56,8.04,72.85,44.12,59.33,8.09
530.39,40.02,20.08,22.56,8.04,73.08,44.12,59.49,8.10
530.40,40.02,20.11,22.59,8.04,73.08,44.03,59.49,8.10
530.41,40.02,20.11,22.59,8.04,73.08,44.12,59.33,8.10
530.42,40.02,20.08,22.59,8.04,73.08,44.03,59.49,8.10
530.43,40.02,20.11,22.59,8.02,73.08,44.12,59.49,8.10
530.44,40.02,20.08,22.56,8.04,73.08,44.03,59.33,8.09
530.45,40.02,20.11,22.59,8.04,73.08,44.03,59.33,8.09
530.46,40.02,20.11,22.59,8.04,73.30,44.03,59.33,8.09
530.47,40.02,20.11,22.56,8.04,73.08,44.12,59.49,8.09
530.48,40.02,20.08,22.56,8.04,73.08,44.03,59.49,8.09
530.49,40.02,20.08,22.59,8.04,73.08,44.12,59.49,8.10
530.50,40.02,20.08,22.59,8.04,73.30,44.03,59.33,8.09
530.51,40.02,20.11,22.59,8.04,73.30,44.12,59.33,8.09
530.52,40.02,20.11,22.59,8.04,73.08,44.12,59.33,8.09
530.53,40.02,20.08,22.59,8.04,73.08,44.03,59.49,8.10
530.54,40.02,20.08,22.59,8.04,73.08,44.03,59.33,8.09
530.55,40.02,20.08,22.59,8.04,73.08,44.12,59.33,8.09
530.56,40.02,20.11,22.59,8.04,73.08,44.12,59.49,8.09
530.57,40.02,20.11,22.59,8.04,73.08,44.03,59.49,8.09
530.58,40.02,20.08,22.56,8.04,73.08,44.03,59.49,8.09
530.59,40.02,20.11,22.56,8.04,72.85,44.12,59.33,8.09
530.60,39.94,20.11,22.59,8.04,73.08,44.03,59.49,8.09
530.61,40.02,20.11,22.56,8.04,73.08,44.12,59.33,8.10
530.62,40.02,20.08,22.56,8.04,73.08,44.12,59.49,8.09
530.63,40.02,20.11,22.59,8.04,73.08,44.22,59.49,8.09
530.64,40.02,20.11,22.59,8.04,73.08,44.12,59.33,8.10
530.65,40.02,20.11,22.59,8.04,73.08,44.12,59.33,8.11
530.66,40.02,20.11,22.59,8.04,73.08,44.12,59.33,8.11
530.67,40.02,20.14,22.56,8.02,73.08,44.12,59.49,8.08
530.68,40.02,20.11,22.59,8.04,73.08,44.12,59.49,8.09
530.69,40.02,20.08,22.59,8.04,73.08,44.03,59.33,8.10
530.70,40.02,20.11,22.59,8.04,73.08,44.12,59.33,8.10
530.71,40.02,20.11,22.59,8.04,73.08,44.12,59.33,8.10
530.72,40.02,20.11,22.59,8.04,73.08,44.12,59.49,8.09
530.75,40.02,20.11,22.59,8.04,73.30,44.12,59.33,8.09
530.75,40.02,20.11,22.59,8.04,73.08,44.12,59.33,8.10
530.76,40.02,20.11,22.59,8.04,73.08,44.12,59.33,8.09
530.77,40.02,20.11,22.59,8.04,73.08,44.12,59.49,8.09
530.78,40.02,20.08,22.59,8.04,72.85,44.12,59.33,8.09
530.79,40.02,20.11,22.59,8.04,73.08,44.12,59.49,8.10
530.80,40.02,20.11,22.56,8.04,73.30,44.03,59.49,8.09
530.81,40.02,20.11,22.59,8.04,73.08,44.12,59.49,8.09
530.82,40.02,20.11,22.63,8.04,73.08,44.12,59.33,8.10
530.83,39.94,20.11,22.59,8.04,73.30,44.03,59.49,8.10
530.84,40.02,20.11,22.59,8.04,73.08,44.12,59.49,8.09
530.85,40.02,20.11,22.59,8.04,73.08,44.12,59.33,8.09
530.86,40.02,20.11,22.59,8.04,73.08,44.22,59.49,8.09
530.87,40.02,20.11,22.59,8.04,73.08,44.12,59.49,8.10
530.88,40.02,20.11,22.59,8.04,73.08,44.12,59.49,8.09
530.89,40.02,20.11,22.59,8.04,73.08,44.12,59.49,8.10
530.90,40.02,20.11,22.59,8.04,73.08,44.22,59.33,8.09
530.91,40.02,20.11,22.59,8.04,73.08,44.03,59.49,8.10
530.92,40.02,20.11,22.59,8.04,73.08,44.12,59.33,8.09
530.93,40.02,20.11,22.59,8.04,73.08,44.12,59.49,8.09
530.94,40.02,20.11,22.59,8.04,73.08,44.03,59.64,8.10
530.95,40.02,20.11,22.59,8.04,73.08,44.12,59.49,8.09
530.96,40.10,20.11,22.59,8.04,73.08,44.12,59.49,8.09
530.97,40.02,20.11,22.59,8.04,73.08,44.12,59.49,8.09
530.98,40.02,20.11,22.59,8.04,73.08,44.03,59.49,8.09
530.99,40.02,20.11,22.59,8.04,73.08,44.12,59.33,8.10
531.00,40.02,20.11,22.59,8.04,73.08,44.12,59.49,8.10
531.01,40.02,20.11,22.59,8.04,73.08,44.12,59.49,8.10
531.02,40.02,20.11,22.59,8.06,73.08,44.12,59.49,8.09
531.03,40.02,20.11,22.63,8.04,73.08,44.12,59.49,8.10
531.04,40.10,20.11,22.59,8.04,73.08,44.12,59.49,8.10
531.05,40.02,20.08,22.59,8.04,73.08,44.12,59.33,8.10
531.06,40.02,20.11,22.59,8.04,73.08,44.12,59.49,8.09
531.07,40.02,20.14,22.59,8.04,73.08,44.12,59.49,8.09
531.08,40.02,20.11,22.59,8.04,73.08,44.03,59.64,8.10
531.09,40.02,20.08,22.59,8.04,73.08,44.12,59.49,8.09
531.10,39.94,20.11,22.59,8.04,73.08,44.12,59.49,8.10
531.11,39.94,20.11,22.63,8.06,73.08,44.12,59.49,8.09
531.12,40.02,20.11,22.59,8.04,73.08,44.12,59.49,8.10
531.13,40.02,20.11,22.59,8.04,73.08,44.12,59.49,8.10
531.14,40.02,20.11,22.63,8.04,73.08,44.12,59.49,8.10
531.15,40.02,20.11,22.59,8.04,73.30,44.12,59.49,8.09
531.16,40.02,20.11,22.59,8.04,73.08,44.12,59.49,8.10
531.17,40.02,20.11,22.59,8.04,73.08,44.12,59.33,8.09
531.18,40.02,20.11,22.59,8.04,73.30,44.12,59.49,8.10
531.19,40.02,20.11,22.59,8.04,73.08,44.12,59.33,8.10
531.20,40.02,20.11,22.59,8.04,73.08,44.31,59.49,8.09
531.21,40.02,20.08,22.59,8.04,73.08,44.12,59.49,8.10
531.22,40.02,20.11,22.63,8.04,73.08,44.12,59.49,8.09
531.23,40.02,20.11,22.59,8.04,73.08,44.03,59.49,8.11
531.24,40.10,20.11,22.59,8.04,73.08,44.22,59.49,8.10
531.25,40.02,20.11,22.59,8.04,73.08,44.03,59.49,8.09
531.26,40.02,20.11,22.59,8.04,73.30,44.12,59.33,8.09
531.27,40.10,20.11,22.59,8.04,73.08,44.12,59.49,8.10
531.28,40.02,20.11,22.59,8.04,73.08,44.12,59.49,8.09
531.29,40.02,20.08,22.63,8.04,73.30,44.12,59.64,8.10
531.30,40.10,20.11,22.59,8.04,73.08,44.03,59.49,8.11
531.31,40.02,20.11,22.59,8.04,73.08,44.22,59.49,8.09
531.32,39.94,20.11,22.59,8.04,73.08,44.12,59.49,8.09
531.33,40.02,20.11,22.59,8.04,73.08,44.12,59.49,8.09
531.34,40.02,20.11,22.59,8.04,73.08,44.22,59.49,8.09
531.35,40.02,20.11,22.63,8.04,73.08,44.12,59.49,8.09
531.36,40.02,20.08,22.63,8.04,73.08,44.22,59.64,8.09
531.37,40.02,20.11,22.59,8.04,73.08,44.12,59.49,8.09
531.38,40.02,20.11,22.59,8.04,73.30,44.12,59.49,8.10
531.39,40.02,20.11,22.59,8.04,73.30,44.22,59.49,8.09
531.40,40.10,20.11,22.59,8.04,73.08,44.12,59.49,8.09
531.41,40.02,20.11,22.59,8.04,73.30,44.12,59.33,8.10
531.42,40.02,20.11,22.63,8.04,73.08,44.22,59.49,8.09
531.43,40.02,20.11,22.59,8.04,73.08,44.31,59.64,8.10
531.44,40.02,20.11,22.63,8.04,73.08,44.12,59.64,8.09
531.45,40.10,20.11,22.59,8.04,73.08,44.12,59.80,8.09
531.46,40.02,20.14,22.63,8.04,73.08,44.12,59.33,8.09
531.47,40.02,20.11,22.63,8.04,73.30,44.03,59.64,8.09
531.48,40.02,20.14,22.63,8.04,73.30,44.12,59.33,8.09
531.49,40.02,20.11,22.59,8.04,73.08,44.22,59.49,8.10
531.50,40.02,20.11,22.59,8.04,73.08,44.12,59.49,8.10
531.51,40.10,20.11,22.59,8.04,73.08,44.12,59.49,8.10
531.52,40.02,20.14,22.63,8.04,73.30,44.03,59.49,8.09
531.53,40.02,20.14,22.59,8.04,73.08,44.12,59.49,8.10
531.54,40.10,20.11,22.59,8.04,73.30,44.12,59.49,8.09
531.55,40.02,20.11,22.59,8.04,73.08,44.12,59.49,8.09
531.56,40.02,20.11,22.59,8.04,73.08,44.12,59.49,8.10
531.57,40.02,20.11,22.59,8.06,73.30,44.12,59.49,8.10
531.58,40.02,20.14,22.59,8.04,73.08,44.22,59.64,8.10
531.59,40.02,20.11,22.59,8.04,73.30,44.12,59.49,8.09
531.60,40.02,20.11,22.63,8.04,73.30,44.22,59.49,8.11
531.61,40.10,20.11,22.63,8.04,73.08,44.12,59.64,8.09
531.62,40.10,20.14,22.63,8.04,73.08,44.22,59.49,8.10
531.63,40.10,20.11,22.63,8.04,73.08,44.12,59.49,8.10
531.64,40.10,20.11,22.63,8.04,73.08,44.12,59.49,8.08
531.65,40.02,20.11,22.59,8.04,73.08,44.22,59.49,8.09
531.66,40.10,20.11,22.63,8.04,73.08,44.22,59.49,8.09
531.67,40.02,20.11,22.63,8.02,73.30,44.12,59.49,8.09
531.68,40.02,20.14,22.63,8.04,73.08,44.12,59.49,8.10
531.69,40.10,20.11,22.59,8.04,73.08,44.12,59.64,8.09
531.70,40.02,20.14,22.63,8.04,73.08,44.22,59.49,8.09
531.71,40.02,20.14,22.59,8.04,73.08,44.12,59.49,8.10
531.72,40.02,20.11,22.63,8.04,73.30,44.12,59.49,8.10
531.73,40.10,20.11,22.63,8.04,73.30,44.12,59.49,8.11
531.74,40.10,20.11,22.63,8.04,73.30,44.22,59.49,8.09
531.75,40.10,20.14,22.59,8.04,73.08,44.22,59.49,8.10
531.76,40.10,20.14,22.59,8.04,73.30,44.12,59.64,8.09
531.77,40.02,20.11,22.59,8.04,73.08,44.12,59.49,8.09
531.78,40.10,20.14,22.63,8.04,73.30,44.22,59.49,8.09
531.79,40.10,20.11,22.63,8.04,73.08,44.12,59.49,8.10
531.80,40.10,20.11,22.59,8.04,73.08,44.12,59.49,8.09
531.81,40.10,20.11,22.59,8.04,73.08,44.22,59.49,8.10
531.82,40.02,20.11,22.59,8.04,73.08,44.12,59.49,8.09
531.83,40.10,20.11,22.63,8.04,73.30,44.12,59.49,8.10
531.84,40.02,20.11,22.63,8.04,73.08,44.12,59.49,8.11
531.85,40.02,20.11,22.59,8.04,73.30,44.12,59.64,8.10
531.86,40.10,20.11,22.63,8.04,73.30,44.12,59.64,8.10
531.87,40.10,20.11,22.63,8.04,73.30,44.12,59.49,8.10
531.88,40.02,20.11,22.59,8.04,73.08,44.12,59.49,8.09
531.89,40.10,20.11,22.59,8.04,73.30,44.12,59.49,8.10
531.90,40.10,20.14,22.63,8.04,73.08,44.12,59.49,8.09
531.91,40.10,20.11,22.63,8.04,73.08,44.12,59.49,8.09
531.92,40.10,20.11,22.63,8.04,73.08,44.12,59.49,8.10
531.93,40.10,20.11,22.59,8.04,73.30,44.22,59.49,8.09
531.94,40.10,20.11,22.63,8.04,73.08,44.12,59.49,8.10
531.95,40.10,20.11,22.63,8.06,73.30,44.22,59.64,8.10
531.96,40.10,20.11,22.63,8.04,73.08,44.12,59.49,8.09
531.97,40.10,20.11,22.66,8.04,73.30,44.12,59.49,8.10
531.98,40.10,20.11,22.63,8.04,73.30,44.12,59.49,8.10
531.99,40.10,20.11,22.59,8.04,73.08,44.12,59.49,8.10
532.00,40.10,20.11,22.59,8.04,73.08,44.12,59.64,8.11
532.01,40.10,20.11,22.59,8.04,73.08,44.12,59.49,8.10
532.02,40.10,20.11,22.63,8.04,73.08,44.12,59.49,8.10
532.03,40.10,20.11,22.59,8.04,73.30,44.22,59.49,8.09
532.04,40.02,20.14,22.63,8.02,73.08,44.22,59.49,8.09
532.05,40.10,20.11,22.63,8.04,73.08,44.12,59.49,8.10
532.06,40.02,20.11,22.63,8.04,73.08,44.03,59.49,8.10
532.07,40.02,20.14,22.59,8.04,73.08,44.22,59.64,8.09
532.08,40.10,20.11,22.63,8.04,73.08,44.22,59.49,8.10
532.09,40.10,20.14,22.63,8.04,73.08,44.22,59.49,8.09
532.10,40.02,20.11,22.63,8.04,73.08,44.12,59.49,8.09
532.11,40.18,20.14,22.63,8.04,73.08,44.12,59.49,8.11
532.12,40.10,20.11,22.63,8.04,73.08,44.12,59.49,8.10
532.13,40.10,20.11,22.63,8.04,73.30,44.22,59.49,8.09
532.14,40.10,20.14,22.63,8.04,73.08,44.12,59.49,8.10
532.15,40.02,20.11,22.59,8.04,73.30,44.12,59.49,8.10
532.16,40.10,20.14,22.63,8.06,73.08,44.22,59.64,8.10
532.17,40.10,20.11,22.63,8.04,73.30,44.12,59.64,8.09
532.18,40.10,20.14,22.59,8.04,73.30,44.12,59.49,8.09
532.19,40.10,20.14,22.59,8.04,73.08,44.12,59.49,8.09
532.20,40.10,20.11,22.63,8.04,73.08,44.22,59.49,8.11
532.21,40.10,20.11,22.63,8.04,73.30,44.12,59.64,8.09
532.22,40.10,20.14,22.63,8.04,73.30,44.22,59.49,8.09
532.23,40.10,20.14,22.66,8.04,73.30,44.12,59.49,8.10
532.24,40.02,20.14,22.59,8.04,73.08,44.12,59.49,8.09
532.25,40.10,20.11,22.66,8.04,73.30,44.12,59.49,8.09
532.26,40.10,20.14,22.59,8.04,73.08,44.12,59.64,8.10
532.27,40.02,20.11,22.63,8.04,73.08,44.12,59.49,8.09
532.28,40.10,20.11,22.59,8.04,73.08,44.22,59.49,8.10
532.29,40.10,20.16,22.63,8.04,73.08,44.22,59.49,8.10
532.30,40.10,20.11,22.63,8.04,73.08,44.12,59.49,8.10
532.31,40.10,20.14,22.66,8.04,73.30,44.12,59.49,8.11
532.32,40.10,20.14,22.59,8.04,73.08,44.12,59.64,8.09
532.33,40.10,20.14,22.59,8.04,73.08,44.22,59.64,8.10
532.34,40.02,20.14,22.63,8.04,73.08,44.12,59.49,8.10
532.35,40.10,20.14,22.59,8.04,73.08,44.22,59.49,8.10
532.36,40.10,20.14,22.63,8.04,73.08,44.22,59.49,8.10
532.37,40.10,20.14,22.63,8.04,73.08,44.12,59.49,8.10
532.38,40.10,20.11,22.66,8.04,73.30,44.22,59.64,8.10
532.39,40.10,20.11,22.63,8.04,73.30,44.03,59.49,8.11
532.40,40.10,20.14,22.63,8.04,73.08,44.12,59.64,8.10
532.41,40.10,20.11,22.63,8.04,73.30,44.12,59.49,8.09
532.42,40.18,20.14,22.63,8.04,73.08,44.12,59.64,8.10
532.43,40.10,20.11,22.63,8.04,73.08,44.22,59.49,8.10
532.44,40.10,20.14,22.63,8.04,73.08,44.22,59.49,8.10
532.45,40.10,20.11,22.63,8.04,73.30,44.12,59.49,8.11
532.46,40.10,20.14,22.63,8.04,73.30,44.22,59.64,8.10
532.47,40.02,20.14,22.63,8.04,73.30,44.12,59.49,8.10
532.48,40.10,20.14,22.63,8.04,73.30,44.12,59.49,8.11
532.49,40.18,20.14,22.63,8.04,73.30,44.12,59.49,8.10
532.50,40.02,20.14,22.63,8.04,73.30,44.22,59.49,8.10
532.51,40.18,20.14,22.63,8.04,73.08,44.12,59.64,8.10
532.52,40.10,20.14,22.59,8.04,73.30,44.12,59.49,8.11
532.53,40.02,20.14,22.59,8.04,73.08,44.12,59.64,8.10
532.54,40.10,20.11,22.59,8.04,73.08,44.22,59.64,8.09
532.55,40.10,20.14,22.59,8.04,73.08,44.22,59.49,8.10
532.56,40.10,20.11,22.63,8.04,73.08,44.22,59.49,8.09
532.57,40.02,20.14,22.63,8.04,73.30,44.22,59.49,8.10
532.58,40.10,20.14,22.63,8.04,73.08,44.22,59.49,8.10
532.59,40.10,20.14,22.63,8.04,73.08,44.12,59.49,8.11
532.60,40.10,20.14,22.63,8.04,73.52,44.22,59.49,8.09
532.61,40.18,20.11,22.66,8.04,73.30,44.22,59.49,8.10
532.62,40.10,20.11,22.63,8.04,73.30,44.12,59.49,8.10
532.63,40.10,20.14,22.63,8.04,73.08,44.12,59.80,8.11
532.64,40.18,20.14,22.66,8.04,73.30,44.12,59.49,8.11
532.65,40.10,20.14,22.63,8.04,73.08,44.12,59.33,8.09
532.66,40.10,20.14,22.63,8.04,73.08,44.12,59.49,8.10
532.67,40.10,20.14,22.63,8.04,73.08,44.31,59.64,8.10
532.68,40.10,20.14,22.63,8.04,73.08,44.12,59.64,8.10
532.69,40.10,20.14,22.63,8.04,73.08,44.12,59.49,8.10
532.70,40.10,20.14,22.63,8.04,73.08,44.12,59.64,8.11
532.71,40.10,20.14,22.66,8.04,73.30,44.22,59.49,8.10
532.72,40.10,20.14,22.63,8.04,73.30,44.12,59.49,8.09
532.73,40.10,20.16,22.66,8.04,73.30,44.12,59.64,8.10
532.74,40.18,20.11,22.63,8.04,73.08,44.12,59.64,8.09
532.75,40.10,20.16,22.63,8.04,73.30,44.12,59.64,8.10
532.76,40.10,20.16,22.66,8.04,73.08,44.12,59.64,8.10
532.77,40.10,20.14,22.63,8.04,73.30,44.12,59.49,8.10
532.78,40.10,20.14,22.66,8.04,73.08,44.22,59.49,8.09
532.79,40.10,20.11,22.63,8.04,73.08,44.22,59.49,8.10
532.80,40.10,20.16,22.66,8.04,73.08,44.12,59.64,8.11
532.81,40.10,20.14,22.63,8.04,73.08,44.12,59.64,8.09
532.82,40.10,20.14,22.59,8.04,73.30,44.22,59.64,8.10
532.83,40.10,20.14,22.66,8.04,73.30,44.22,59.64,8.10
532.84,40.10,20.14,22.63,8.04,73.30,44.22,59.64,8.11
532.85,40.10,20.14,22.66,8.06,73.30,44.22,59.49,8.09
532.86,40.02,20.14,22.66,8.04,73.08,44.12,59.64,8.09
532.87,40.10,20.16,22.66,8.04,73.08,44.22,59.49,8.11
532.88,40.18,20.14,22.66,8.04,73.30,44.22,59.64,8.10
532.89,40.10,20.14,22.63,8.04,73.30,44.22,59.49,8.09
532.90,40.10,20.16,22.63,8.04,73.30,44.22,59.49,8.09
532.91,40.10,20.14,22.63,8.04,73.08,44.12,59.64,8.09
532.92,40.10,20.11,22.66,8.04,73.30,44.12,59.49,8.09
532.93,40.18,20.11,22.66,8.04,73.30,44.12,59.64,8.10
532.94,40.18,20.16,22.66,8.06,73.30,44.12,59.64,8.09
532.95,40.10,20.14,22.66,8.04,73.30,44.31,59.64,8.09
532.96,40.18,20.14,22.63,8.04,73.30,44.31,59.49,8.10
532.97,40.10,20.11,22.63,8.04,73.30,44.22,59.49,8.10
532.98,40.10,20.14,22.63,8.04,73.08,44.12,59.64,8.09
532.99,40.18,20.11,22.66,8.04,73.08,44.22,59.64,8.09
533.00,40.18,20.16,22.66,8.04,73.30,44.22,59.49,8.10
533.01,40.10,20.11,22.63,8.04,73.30,44.22,59.49,8.11
533.02,40.18,20.14,22.66,8.04,73.30,44.12,59.64,8.09
533.03,40.18,20.14,22.63,8.04,73.08,44.12,59.49,8.09
533.04,40.10,20.16,22.66,8.04,73.30,44.22,59.49,8.11
533.05,40.10,20.14,22.63,8.06,73.30,44.22,59.64,8.10
533.06,40.18,20.14,22.63,8.04,73.08,44.22,59.64,8.11
533.07,40.10,20.14,22.66,8.04,73.08,44.22,59.49,8.10
533.08,40.10,20.14,22.63,8.06,73.30,44.12,59.64,8.10
533.09,40.18,20.14,22.63,8.04,73.30,44.22,59.49,8.11
533.10,40.10,20.11,22.66,8.04,73.08,44.22,59.64,8.09
533.11,40.18,20.14,22.63,8.06,73.30,44.22,59.64,8.11
533.12,40.10,20.11,22.66,8.04,73.30,44.12,59.64,8.10
533.13,40.18,20.14,22.63,8.04,73.30,44.12,59.64,8.10
533.14,40.18,20.14,22.63,8.06,73.30,44.12,59.49,8.09
533.15,40.10,20.14,22.63,8.04,73.30,44.12,59.64,8.11
533.16,40.18,20.14,22.63,8.04,73.08,44.22,59.64,8.10
533.17,40.18,20.16,22.63,8.04,73.30,44.12,59.64,8.10
533.18,40.10,20.14,22.66,8.04,73.30,44.22,59.64,8.09
533.19,40.10,20.14,22.63,8.04,73.08,44.12,59.49,8.10
533.20,40.10,20.14,22.66,8.04,73.30,44.12,59.49,8.10
533.21,40.18,20.14,22.66,8.04,73.30,44.12,59.49,8.11
533.22,40.10,20.14,22.63,8.04,73.30,44.12,59.64,8.10
533.23,40.18,20.14,22.66,8.04,73.30,44.12,59.64,8.10
533.24,40.10,20.14,22.66,8.04,73.30,44.22,59.64,8.10
533.25,40.10,20.16,22.63,8.04,73.30,44.22,59.64,8.10
533.26,40.18,20.11,22.66,8.04,73.30,44.22,59.64,8.10
533.27,40.18,20.14,22.66,8.04,73.30,44.22,59.64,8.11
533.28,40.10,20.14,22.66,8.04,73.30,44.22,59.64,8.10
533.29,40.10,20.11,22.66,8.04,73.30,44.22,59.64,8.10
533.30,40.18,20.14,22.66,8.04,73.08,44.12,59.49,8.10
533.31,40.18,20.16,22.66,8.04,73.08,44.22,59.49,8.10
533.32,40.18,20.16,22.66,8.04,73.30,44.22,59.64,8.10
533.33,40.18,20.16,22.63,8.04,73.30,44.22,59.64,8.10
533.34,40.18,20.16,22.63,8.04,73.30,44.22,59.64,8.10
533.35,40.10,20.14,22.66,8.04,73.08,44.12,59.49,8.10
533.36,40.18,20.14,22.66,8.04,73.30,44.22,59.80,8.09
533.37,40.10,20.14,22.66,8.04,73.30,44.12,59.64,8.10
533.38,40.18,20.14,22.66,8.04,73.30,44.22,59.64,8.10
533.39,40.18,20.14,22.66,8.04,73.30,44.22,59.49,8.10
533.40,40.10,20.16,22.66,8.04,73.08,44.31,59.64,8.10
533.41,40.10,20.16,22.66,8.06,73.30,44.12,59.64,8.10
533.42,40.10,20.14,22.66,8.04,73.30,44.22,59.64,8.10
533.43,40.18,20.16,22.66,8.06,73.30,44.22,59.64,8.10
533.44,40.18,20.16,22.66,8.04,73.30,44.22,59.64,8.11
533.45,40.18,20.14,22.63,8.04,73.30,44.12,59.64,8.10
533.46,40.10,20.11,22.66,8.04,73.30,44.22,59.64,8.10
533.47,40.18,20.14,22.66,8.04,73.30,44.03,59.64,8.09
533.48,40.18,20.16,22.66,8.04,73.30,44.22,59.64,8.10
533.49,40.18,20.16,22.63,8.04,73.30,44.12,59.64,8.10
533.50,40.10,20.14,22.66,8.04,73.30,44.12,59.64,8.10
533.51,40.18,20.14,22.66,8.04,73.30,44.22,59.49,8.10
533.52,40.10,20.14,22.66,8.04,73.30,44.03,59.64,8.10
533.53,40.18,20.14,22.63,8.04,73.30,44.12,59.49,8.10
533.54,40.10,20.16,22.66,8.04,73.30,44.12,59.49,8.09
533.55,40.18,20.14,22.66,8.04,73.30,44.22,59.64,8.10
533.56,40.18,20.16,22.66,8.04,73.30,44.22,59.64,8.10
533.57,40.18,20.14,22.66,8.04,73.30,44.22,59.64,8.10
533.58,40.18,20.16,22.66,8.04,73.30,44.03,59.64,8.10
533.59,40.18,20.14,22.66,8.04,73.08,44.22,59.49,8.10
533.60,40.02,20.11,22.63,8.04,73.30,44.22,59.64,8.10
533.61,40.18,20.14,22.66,8.04,73.30,44.22,59.49,8.09
533.62,40.10,20.14,22.66,8.04,73.08,44.12,59.64,8.09
533.63,40.18,20.14,22.63,8.04,73.30,44.22,59.64,8.11
533.64,40.18,20.14,22.63,8.04,73.30,44.12,59.64,8.09
533.65,40.18,20.11,22.66,8.04,73.30,44.12,59.64,8.11
533.66,40.10,20.14,22.66,8.04,73.08,44.22,59.64,8.11
533.67,40.18,20.14,22.63,8.04,73.30,44.22,59.64,8.10
533.68,40.10,20.14,22.66,8.04,73.30,44.22,59.64,8.10
533.69,40.18,20.16,22.66,8.06,73.52,44.22,59.49,8.09
533.70,40.18,20.14,22.66,8.04,73.30,44.22,59.64,8.10
533.71,40.18,20.14,22.63,8.04,73.30,44.22,59.64,8.11
533.72,40.18,20.14,22.66,8.04,73.30,44.12,59.64,8.10
533.73,40.18,20.11,22.63,8.04,73.30,44.22,59.49,8.11
533.74,40.18,20.14,22.66,8.04,73.08,44.12,59.64,8.10
533.75,40.18,20.14,22.66,8.04,73.30,44.22,59.64,8.10
533.76,40.18,20.14,22.66,8.04,73.30,44.22,59.64,8.10
533.77,40.18,20.14,22.63,8.04,73.30,44.12,59.64,8.11
533.78,40.18,20.14,22.66,8.06,73.52,44.22,59.49,8.09
533.79,40.18,20.11,22.66,8.04,73.30,44.12,59.64,8.09
533.80,40.18,20.14,22.63,8.04,73.30,44.22,59.64,8.09
533.81,40.18,20.14,22.66,8.06,73.30,44.12,59.64,8.09
533.82,40.10,20.14,22.66,8.04,73.30,44.22,59.80,8.11
533.83,40.18,20.16,22.66,8.04,73.30,44.12,59.33,8.10
533.84,40.18,20.14,22.66,8.04,73.30,44.22,59.95,8.10
533.85,40.18,20.14,22.66,8.04,73.30,44.22,59.64,8.11
533.86,40.18,20.14,22.66,8.04,73.30,44.22,59.64,8.10
533.87,40.18,20.16,22.63,8.04,73.30,44.22,59.64,8.10
533.88,40.10,20.14,22.66,8.06,73.30,44.03,59.64,8.10
533.89,40.10,20.14,22.66,8.04,73.30,44.22,59.64,8.11
533.90,40.18,20.14,22.66,8.04,73.30,44.12,59.64,8.10
533.91,40.18,20.14,22.63,8.04,73.30,44.12,59.64,8.09
533.92,40.18,20.14,22.66,8.04,73.30,44.12,59.64,8.10
533.93,40.18,20.14,22.66,8.04,73.30,44.12,59.64,8.10
533.94,40.18,20.14,22.63,8.04,73.30,44.22,59.64,8.10
533.95,40.10,20.14,22.66,8.04,73.30,44.22,59.64,8.11
533.96,40.18,20.14,22.66,8.04,73.30,44.22,59.64,8.11
533.97,40.18,20.14,22.66,8.04,73.30,44.22,59.64,8.10
533.98,40.18,20.14,22.66,8.04,73.30,44.22,59.80,8.10
533.99,40.18,20.14,22.66,8.04,73.30,44.12,59.64,8.10
534.00,40.18,20.16,22.66,8.04,73.30,44.12,59.64,8.10
534.01,40.18,20.16,22.63,8.04,73.30,44.22,59.49,8.09
534.02,40.18,20.14,22.66,8.04,73.30,44.22,59.49,8.10
534.03,40.18,20.11,22.66,8.04,73.08,44.22,59.49,8.10
534.04,40.10,20.14,22.66,8.04,73.30,44.22,59.64,8.10
534.05,40.10,20.14,22.63,8.04,73.30,44.12,59.64,8.10
534.06,40.18,20.11,22.66,8.04,73.30,44.22,59.64,8.10
534.07,40.18,20.16,22.66,8.04,73.30,44.22,59.64,8.10
534.08,40.18,20.11,22.63,8.04,73.08,44.22,59.49,8.11
534.09,40.10,20.14,22.66,8.04,73.30,44.22,59.64,8.11
534.10,40.18,20.16,22.66,8.04,73.30,44.22,59.64,8.10
534.11,40.10,20.14,22.63,8.06,73.30,44.22,59.64,8.10
534.12,40.18,20.14,22.63,8.04,73.08,44.12,59.64,8.10
534.13,40.10,20.16,22.63,8.04,73.30,44.22,59.64,8.11
534.14,40.18,20.14,22.63,8.04,73.30,44.22,59.49,8.10
534.15,40.18,20.14,22.66,8.04,73.30,44.12,59.64,8.09
534.16,40.10,20.14,22.66,8.04,73.30,44.22,59.49,8.09
534.17,40.10,20.16,22.66,8.04,73.30,44.22,59.64,8.09
534.18,40.18,20.14,22.63,8.04,73.30,44.22,59.64,8.10
534.19,40.18,20.14,22.63,8.04,73.30,44.22,59.49,8.11
534.20,40.18,20.14,22.66,8.04,73.30,44.22,59.64,8.10
534.21,40.18,20.16,22.63,8.04,73.30,44.22,59.49,8.10
534.22,40.18,20.14,22.66,8.04,73.30,44.12,59.64,8.09
534.23,40.18,20.14,22.66,8.04,73.30,44.22,59.64,8.09
534.24,40.10,20.14,22.63,8.04,73.08,44.22,59.64,8.10
534.25,40.18,20.14,22.63,8.04,73.30,44.22,59.49,8.10
534.26,40.10,20.11,22.66,8.04,73.08,44.12,59.64,8.10
534.27,40.10,20.14,22.66,8.04,73.30,44.22,59.49,8.10
534.28,40.18,20.14,22.66,8.04,73.30,44.12,59.64,8.09
534.29,40.18,20.11,22.63,8.04,73.08,44.12,59.64,8.10
534.30,40.18,20.14,22.66,8.04,73.30,44.12,59.64,8.10
534.31,40.18,20.14,22.66,8.04,73.08,44.22,59.49,8.10
534.32,40.18,20.14,22.66,8.04,73.30,44.12,59.64,8.09
534.33,40.18,20.16,22.66,8.04,73.30,44.22,59.64,8.10
534.34,40.18,20.14,22.66,8.04,73.30,44.12,59.49,8.10
534.35,40.18,20.14,22.63,8.04,73.30,44.12,59.64,8.09
534.36,40.18,20.11,22.63,8.04,73.30,44.12,59.64,8.10
534.37,40.18,20.11,22.66,8.04,73.08,44.12,59.64,8.10
534.38,40.18,20.11,22.63,8.04,73.30,44.22,59.64,8.10
534.39,40.18,20.16,22.66,8.04,73.08,44.12,59.64,8.09
534.40,40.10,20.14,22.66,8.04,73.30,44.22,59.64,8.10
534.41,40.10,20.11,22.66,8.04,73.30,44.22,59.64,8.11
534.42,40.26,20.11,22.66,8.04,73.30,44.22,59.64,8.10
534.43,40.10,20.14,22.66,8.04,73.30,44.12,59.64,8.09
534.44,40.10,20.14,22.63,8.04,73.30,44.12,59.64,8.09
534.45,40.10,20.11,22.63,8.06,73.30,44.22,59.64,8.10
534.46,40.10,20.14,22.63,8.06,73.30,44.22,59.64,8.09
534.47,40.10,20.11,22.66,8.04,73.30,44.22,59.64,8.10
534.48,40.18,20.11,22.66,8.04,73.08,44.22,59.64,8.10
534.49,40.18,20.16,22.63,8.04,73.30,44.12,59.64,8.10
534.50,40.10,20.11,22.66,8.04,73.30,44.12,59.64,8.10
534.51,40.10,20.11,22.63,8.04,73.30,44.22,59.49,8.09
534.52,40.10,20.11,22.66,8.04,73.30,44.22,59.64,8.10
534.53,40.18,20.11,22.63,8.04,73.30,44.31,59.64,8.09
534.54,40.18,20.11,22.66,8.04,73.30,44.22,59.64,8.09
534.55,40.18,20.14,22.66,8.04,73.30,44.12,59.64,8.09
534.56,40.10,20.11,22.66,8.04,73.30,44.12,59.64,8.10
534.57,40.18,20.14,22.66,8.04,73.30,44.12,59.49,8.10
534.58,40.18,20.14,22.66,8.04,73.30,44.12,59.64,8.10
534.59,40.10,20.14,22.63,8.04,73.30,44.12,59.49,8.09
534.60,40.18,20.14,22.66,8.04,73.30,44.12,59.64,8.10
534.61,40.18,20.11,22.66,8.04,73.30,44.12,59.64,8.10
534.62,40.18,20.11,22.66,8.04,73.30,44.22,59.64,8.09
534.63,40.18,20.16,22.66,8.04,73.08,44.12,59.64,8.10
534.64,40.10,20.11,22.66,8.04,73.08,44.22,59.64,8.11
534.65,40.18,20.16,22.66,8.04,73.08,44.22,59.64,8.09
534.66,40.18,20.11,22.63,8.04,73.30,44.22,59.49,8.09
534.67,40.18,20.11,22.66,8.04,73.08,44.12,59.64,8.10
534.68,40.18,20.16,22.66,8.04,73.30,44.22,59.64,8.09
534.69,40.18,20.16,22.63,8.04,73.30,44.12,59.64,8.09
534.70,40.18,20.14,22.66,8.04,73.30,44.03,59.64,8.11
534.71,40.18,20.14,22.66,8.04,73.30,44.22,59.49,8.10
534.72,40.18,20.14,22.63,8.04,73.30,44.22,59.64,8.10
534.73,40.10,20.14,22.63,8.04,73.30,44.12,59.64,8.10
534.74,40.18,20.11,22.63,8.04,73.08,44.12,59.49,8.09
534.75,40.10,20.11,22.66,8.06,73.30,44.22,59.64,8.09
534.76,40.10,20.11,22.63,8.04,73.30,44.03,59.49,8.10
534.77,40.18,20.11,22.63,8.04,73.30,44.12,59.64,8.09
534.78,40.10,20.14,22.63,8.04,73.30,44.22,59.64,8.10
534.79,40.18,20.14,22.66,8.04,73.30,44.12,59.64,8.09
534.80,40.18,20.11,22.66,8.04,73.30,44.12,59.49,8.10
534.81,40.10,20.11,22.66,8.04,73.30,44.12,59.64,8.10
534.82,40.18,20.14,22.63,8.04,73.08,44.22,59.64,8.10
534.83,40.10,20.14,22.63,8.04,73.30,44.12,59.64,8.10
534.84,40.18,20.11,22.63,8.04,73.30,44.12,59.49,8.09
534.85,40.10,20.11,22.63,8.04,73.08,44.22,59.64,8.10
534.86,40.18,20.14,22.66,8.04,73.30,44.22,59.49,8.09
534.87,40.10,20.11,22.63,8.04,73.30,44.12,59.64,8.10
534.88,40.10,20.14,22.66,8.04,73.30,44.22,59.64,8.10
534.89,40.10,20.14,22.66,8.04,73.08,44.22,59.49,8.09
534.90,40.18,20.14,22.66,8.04,73.08,44.12,59.49,8.09
534.91,40.10,20.14,22.63,8.04,73.30,44.12,59.64,8.10
534.92,40.26,20.11,22.63,8.04,73.08,44.12,59.64,8.11
534.93,40.10,20.11,22.66,8.04,73.30,44.22,59.64,8.09
534.94,40.18,20.14,22.63,8.04,73.08,44.12,59.64,8.09
534.95,40.18,20.14,22.66,8.04,73.08,44.12,59.49,8.09
534.96,40.18,20.11,22.66,8.04,73.30,44.12,59.49,8.09
534.97,40.18,20.14,22.63,8.04,73.08,44.12,59.64,8.09
534.98,40.18,20.11,22.66,8.04,73.08,44.12,59.49,8.10
534.99,40.10,20.14,22.66,8.04,73.30,44.12,59.64,8.10
535.00,40.10,20.14,22.63,8.04,73.30,44.12,59.64,8.09
535.01,40.18,20.11,22.63,8.04,73.30,44.12,59.49,8.10
535.02,40.10,20.11,22.66,8.04,73.30,44.22,59.80,8.09
535.03,40.18,20.11,22.66,8.04,73.30,44.12,59.33,8.09
535.04,40.18,20.11,22.63,8.04,73.08,44.22,59.64,8.09
535.05,40.18,20.11,22.66,8.04,73.30,44.22,59.64,8.09
535.06,40.18,20.14,22.63,8.04,73.30,44.22,59.49,8.09
535.07,40.18,20.16,22.63,8.04,73.30,44.12,59.64,8.09
535.08,40.18,20.14,22.63,8.04,73.30,44.22,59.64,8.09
535.09,40.10,20.11,22.66,8.04,73.08,44.12,59.64,8.09
535.10,40.10,20.11,22.63,8.04,73.30,44.22,59.49,8.09
535.11,40.18,20.11,22.63,8.04,73.30,44.12,59.49,8.10
535.12,40.18,20.11,22.63,8.04,73.30,44.12,59.64,8.10
535.13,40.10,20.14,22.63,8.04,73.30,44.12,59.64,8.09
535.14,40.10,20.11,22.66,8.04,73.08,44.12,59.64,8.09
535.15,40.18,20.14,22.63,8.04,73.08,44.12,59.64,8.11
535.16,40.18,20.11,22.63,8.04,73.30,44.12,59.49,8.10
535.17,40.18,20.11,22.63,8.04,73.08,44.22,59.49,8.09
535.18,40.10,20.14,22.63,8.02,73.08,44.22,59.64,8.10
535.19,40.10,20.11,22.66,8.04,73.30,44.12,59.49,8.10
535.20,40.10,20.11,22.63,8.04,73.08,44.22,59.49,8.09
535.21,40.10,20.11,22.63,8.04,73.30,44.12,59.64,8.09
535.22,40.10,20.11,22.66,8.04,73.30,44.12,59.64,8.09
535.23,40.10,20.11,22.66,8.04,73.30,44.12,59.49,8.10
535.24,40.10,20.11,22.66,8.04,73.30,44.22,59.49,8.09
535.25,40.10,20.14,22.66,8.04,73.08,44.12,59.64,8.10
535.26,40.10,20.14,22.63,8.04,73.30,44.12,59.49,8.10
535.27,40.10,20.11,22.66,8.04,73.30,44.12,59.64,8.10
535.28,40.18,20.11,22.63,8.04,73.30,44.12,59.64,8.10
535.29,40.10,20.11,22.63,8.04,73.08,44.22,59.64,8.09
535.30,40.10,20.11,22.63,8.04,73.30,44.22,59.64,8.10
535.31,40.10,20.11,22.63,8.04,73.30,44.12,59.49,8.11
535.32,40.10,20.11,22.66,8.04,73.30,44.12,59.64,8.10
535.33,40.18,20.11,22.63,8.04,73.30,44.22,59.49,8.10
535.34,40.18,20.11,22.63,8.04,73.30,44.12,59.49,8.09
535.35,40.18,20.14,22.63,8.04,73.30,44.22,59.64,8.10
535.36,40.10,20.11,22.63,8.04,73.08,44.12,59.64,8.09
535.37,40.10,20.11,22.63,8.04,73.08,44.22,59.64,8.10
535.38,40.10,20.14,22.63,8.04,73.30,44.12,59.49,8.10
535.39,40.18,20.11,22.63,8.04,73.30,44.12,59.64,8.09
535.40,40.18,20.11,22.63,8.04,73.08,44.22,59.49,8.10
535.41,40.18,20.08,22.66,8.04,73.08,44.22,59.49,8.10
535.42,40.18,20.14,22.63,8.04,73.30,44.22,59.64,8.10
535.43,40.18,20.11,22.66,8.04,73.30,44.03,59.49,8.09
535.44,40.18,20.14,22.63,8.04,73.30,44.12,59.64,8.10
535.45,40.18,20.11,22.63,8.04,73.30,44.22,59.49,8.10
535.46,40.18,20.11,22.63,8.04,73.30,44.03,59.49,8.09
535.47,40.10,20.14,22.66,8.04,73.08,44.12,59.64,8.09
535.48,40.10,20.14,22.66,8.04,73.30,44.22,59.64,8.09
535.49,40.10,20.11,22.66,8.04,73.30,44.12,59.49,8.10
535.50,40.18,20.14,22.63,8.04,73.30,44.12,59.64,8.10
535.51,40.10,20.11,22.66,8.04,73.30,44.22,59.64,8.10
535.52,40.10,20.14,22.63,8.04,73.30,44.12,59.49,8.09
535.53,40.10,20.11,22.63,8.04,73.30,44.22,59.64,8.09
535.54,40.18,20.11,22.63,8.04,73.30,44.12,59.64,8.09
535.55,40.10,20.14,22.66,8.04,73.30,44.22,59.64,8.10
535.56,40.10,20.11,22.66,8.04,73.08,44.12,59.64,8.10
535.57,40.10,20.11,22.63,8.04,73.30,44.12,59.64,8.10
535.58,40.10,20.11,22.63,8.04,73.30,44.12,59.64,8.09
535.59,40.10,20.14,22.63,8.04,73.08,44.12,59.49,8.09
535.60,40.10,20.11,22.66,8.04,73.30,44.12,59.64,8.09
535.61,40.10,20.11,22.63,8.04,73.30,44.22,59.49,8.09
535.62,40.10,20.14,22.66,8.04,73.08,44.12,59.49,8.09
535.63,40.10,20.11,22.66,8.04,73.30,44.12,59.64,8.09
535.64,40.10,20.11,22.66,8.04,73.30,44.12,59.64,8.10
535.65,40.10,20.11,22.66,8.04,73.30,44.12,59.64,8.11
535.66,40.10,20.11,22.66,8.04,73.30,44.12,59.64,8.09
535.67,40.10,20.11,22.63,8.04,73.30,44.22,59.64,8.09
535.68,40.10,20.11,22.63,8.04,73.30,44.12,59.49,8.10
535.69,40.10,20.11,22.66,8.04,73.08,44.12,59.49,8.09
535.70,40.10,20.14,22.66,8.04,73.30,44.12,59.64,8.10
535.71,40.10,20.14,22.63,8.04,73.08,44.12,59.49,8.10
535.72,40.18,20.11,22.63,8.04,73.08,44.12,59.64,8.09
535.73,40.18,20.11,22.63,8.04,73.30,44.12,59.49,8.09
535.74,40.18,20.14,22.63,8.04,73.30,44.12,59.64,8.10
535.75,40.10,20.14,22.63,8.04,73.08,44.22,59.49,8.10
535.76,40.10,20.11,22.66,8.04,73.08,44.12,59.49,8.09
535.77,40.10,20.11,22.66,8.04,73.30,44.12,59.64,8.10
535.78,40.10,20.14,22.63,8.04,73.30,44.12,59.64,8.09
535.79,40.10,20.14,22.63,8.04,73.30,44.12,59.49,8.10
535.80,40.10,20.11,22.63,8.04,73.30,44.22,59.49,8.09
535.81,40.10,20.11,22.66,8.04,73.30,44.12,59.64,8.10
535.82,40.10,20.11,22.63,8.04,73.30,44.12,59.64,8.09
535.83,40.10,20.11,22.63,8.04,73.08,44.12,59.64,8.09
535.84,40.10,20.08,22.66,8.04,73.30,44.12,59.64,8.11
535.85,40.18,20.11,22.63,8.04,73.30,44.22,59.49,8.10
535.86,40.10,20.14,22.63,8.04,73.30,44.12,59.64,8.09
535.87,40.10,20.11,22.66,8.04,73.30,44.12,59.49,8.09
535.88,40.10,20.11,22.66,8.04,73.30,44.12,59.64,8.09
535.89,40.18,20.11,22.66,8.04,73.30,44.22,59.49,8.09
535.90,40.18,20.14,22.59,8.04,73.30,44.12,59.64,8.10
535.91,40.10,20.11,22.63,8.04,73.30,44.03,59.64,8.10
535.92,40.18,20.11,22.63,8.04,73.08,44.22,59.64,8.09
535.93,40.10,20.11,22.63,8.04,73.30,44.12,59.49,8.09
535.94,40.10,20.11,22.63,8.04,73.30,44.12,59.49,8.10
535.95,40.10,20.11,22.63,8.04,73.30,44.22,59.49,8.10
535.96,40.10,20.14,22.63,8.04,73.30,44.12,59.64,8.10
535.97,40.02,20.11,22.63,8.04,73.08,44.03,59.64,8.10
535.98,40.10,20.11,22.63,8.04,73.30,44.22,59.49,8.09
535.99,40.10,20.11,22.63,8.02,73.30,44.03,59.64,8.09
536.00,40.10,20.14,22.66,8.04,73.30,44.12,59.49,8.09
536.01,40.10,20.14,22.63,8.04,73.30,44.12,59.64,8.09
536.02,40.02,20.11,22.63,8.04,73.30,44.12,59.64,8.10
536.03,40.10,20.11,22.63,8.04,73.30,44.12,59.64,8.10
536.04,40.10,20.11,22.63,8.04,73.30,44.12,59.49,8.09
536.05,40.10,20.11,22.66,8.04,73.30,44.12,59.49,8.10
536.06,40.10,20.11,22.63,8.04,73.30,44.12,59.49,8.09
536.07,40.02,20.11,22.66,8.04,73.30,44.12,59.64,8.09
536.08,40.10,20.11,22.63,8.04,73.30,44.12,59.64,8.09
536.09,40.18,20.14,22.63,8.04,73.30,44.12,59.49,8.09
536.10,40.18,20.11,22.63,8.04,73.30,44.12,59.33,8.09
536.11,40.10,20.14,22.63,8.04,73.08,44.12,59.49,8.10
536.12,40.18,20.14,22.63,8.04,73.30,44.12,59.49,8.09
536.13,40.10,20.11,22.66,8.04,73.08,44.12,59.49,8.10
536.14,40.10,20.11,22.66,8.04,73.30,44.12,59.49,8.09
536.15,40.10,20.11,22.63,8.04,73.08,44.12,59.49,8.10
536.16,40.10,20.14,22.66,8.04,73.30,44.12,59.49,8.09
536.17,40.10,20.11,22.63,8.04,73.30,44.03,59.49,8.09
536.18,40.10,20.11,22.63,8.04,73.30,44.12,59.64,8.10
536.19,40.10,20.11,22.66,8.04,73.30,44.12,59.64,8.10
536.20,40.10,20.11,22.66,8.04,73.08,44.12,59.64,8.10
536.21,40.18,20.11,22.63,8.04,73.30,44.12,59.64,8.09
536.22,40.10,20.11,22.63,8.04,73.30,44.12,59.33,8.09
536.23,40.10,20.11,22.63,8.04,73.30,44.12,59.80,8.09
536.24,40.18,20.11,22.63,8.04,73.08,44.12,59.64,8.10
536.25,40.10,20.11,22.66,8.04,73.08,44.12,59.49,8.09
536.26,40.18,20.14,22.63,8.04,73.08,44.12,59.49,8.10
536.27,40.10,20.14,22.63,8.04,73.30,44.12,59.49,8.09
536.28,40.10,20.11,22.63,8.04,73.08,44.12,59.49,8.10
536.29,40.10,20.11,22.63,8.04,73.08,44.12,59.49,8.09
536.30,40.10,20.14,22.63,8.04,73.30,44.22,59.49,8.10
536.31,40.10,20.11,22.66,8.04,73.30,44.12,59.64,8.09
536.32,40.10,20.08,22.66,8.04,73.30,44.12,59.49,8.09
536.33,40.10,20.08,22.63,8.04,73.08,44.12,59.49,8.09
536.34,40.10,20.11,22.66,8.04,73.30,44.12,59.64,8.09
536.35,40.10,20.11,22.63,8.04,73.08,44.12,59.64,8.09
536.36,40.10,20.11,22.63,8.04,73.08,44.12,59.49,8.10
536.37,40.10,20.14,22.63,8.04,73.08,44.22,59.49,8.10
536.38,40.10,20.11,22.63,8.04,73.08,44.22,59.49,8.11
536.39,40.10,20.11,22.63,8.04,73.30,44.03,59.49,8.10
536.40,40.10,20.11,22.59,8.04,73.08,44.22,59.49,8.09
536.41,40.10,20.11,22.63,8.04,73.08,44.12,59.49,8.10
536.42,40.10,20.14,22.59,8.04,73.08,44.12,59.64,8.09
536.43,40.10,20.11,22.63,8.04,73.30,44.03,59.49,8.09
536.44,40.10,20.14,22.59,8.02,73.08,44.12,59.49,8.09
536.45,40.10,20.08,22.66,8.04,73.08,44.22,59.64,8.10
536.46,40.10,20.11,22.59,8.04,73.30,44.12,59.64,8.09
536.47,40.10,20.11,22.63,8.04,73.08,44.12,59.64,8.10
536.48,40.10,20.11,22.63,8.02,73.08,44.12,59.49,8.09
536.49,40.02,20.11,22.63,8.04,73.30,44.22,59.64,8.10
536.50,40.10,20.11,22.63,8.04,73.08,44.22,59.64,8.09
536.51,40.10,20.11,22.63,8.04,73.30,44.12,59.49,8.09
536.52,40.10,20.08,22.63,8.04,73.08,44.12,59.49,8.08
536.53,40.02,20.14,22.63,8.04,73.30,44.12,59.64,8.09
536.54,40.10,20.11,22.63,8.04,73.08,44.22,59.49,8.09
536.55,40.10,20.11,22.63,8.04,73.30,44.12,59.49,8.09
536.56,40.10,20.11,22.63,8.04,73.30,44.12,59.49,8.10
536.57,40.10,20.11,22.63,8.04,73.08,44.12,59.64,8.09
536.58,40.10,20.11,22.59,8.04,73.30,44.12,59.49,8.10
536.59,40.10,20.14,22.63,8.04,73.30,44.12,59.49,8.09
536.60,40.10,20.11,22.59,8.04,73.08,44.12,59.49,8.10
536.61,40.10,20.11,22.63,8.02,73.08,44.12,59.64,8.10
536.62,40.10,20.11,22.63,8.02,73.30,44.12,59.49,8.08
536.63,40.10,20.11,22.59,8.04,73.08,44.12,59.49,8.09
536.64,40.10,20.11,22.63,8.04,73.30,44.12,59.49,8.09
536.65,40.10,20.08,22.63,8.04,73.08,44.22,59.64,8.09
536.66,40.10,20.14,22.66,8.04,73.08,44.12,59.49,8.09
536.67,40.10,20.11,22.63,8.04,73.08,44.12,59.49,8.08
536.68,40.10,20.11,22.63,8.04,73.30,44.12,59.49,8.09
536.69,40.02,20.08,22.59,8.04,73.30,44.12,59.49,8.09
536.70,40.10,20.08,22.59,8.04,73.08,44.12,59.64,8.09
536.71,40.10,20.11,22.63,8.02,73.08,44.12,59.64,8.09
536.72,40.10,20.14,22.63,8.04,73.08,44.03,59.49,8.09
536.73,40.10,20.11,22.63,8.04,73.08,44.12,59.64,8.10
536.74,40.10,20.11,22.59,8.04,73.08,44.03,59.64,8.10
536.75,40.10,20.11,22.63,8.04,73.08,44.22,59.49,8.09
536.76,40.10,20.11,22.63,8.04,73.30,44.12,59.49,8.09
536.77,40.10,20.11,22.63,8.04,73.08,44.12,59.49,8.09
536.78,40.10,20.11,22.63,8.04,73.08,44.12,59.49,8.09
536.79,40.10,20.08,22.59,8.04,73.30,44.12,59.64,8.09
536.80,40.02,20.11,22.63,8.04,73.08,44.12,59.49,8.10
536.81,40.10,20.08,22.59,8.04,73.30,44.12,59.33,8.09
536.82,40.02,20.11,22.63,8.04,73.30,44.12,59.49,8.10
536.83,40.10,20.11,22.59,8.04,73.08,44.22,59.64,8.09
536.84,40.10,20.11,22.59,8.04,73.08,44.12,59.49,8.09
536.85,40.10,20.11,22.59,8.04,73.08,44.12,59.49,8.10
536.86,40.10,20.08,22.63,8.04,73.08,44.12,59.49,8.09
536.87,40.10,20.08,22.59,8.04,73.08,44.22,59.33,8.09
536.88,40.10,20.11,22.59,8.04,73.08,44.03,59.49,8.10
536.89,40.10,20.14,22.63,8.04,73.08,44.03,59.49,8.09
536.90,40.02,20.11,22.63,8.04,73.08,44.12,59.64,8.09
536.91,40.02,20.11,22.63,8.04,73.08,44.03,59.49,8.09
536.92,40.10,20.11,22.59,8.04,73.08,44.03,59.49,8.09
536.93,40.02,20.11,22.63,8.04,73.08,44.22,59.64,8.09
536.94,40.10,20.11,22.59,8.04,73.08,44.03,59.49,8.09
536.95,40.10,20.08,22.59,8.04,73.08,44.12,59.49,8.09
536.96,40.10,20.11,22.63,8.04,73.08,44.12,59.49,8.09
536.97,40.02,20.11,22.63,8.04,73.08,44.12,59.49,8.09
536.98,40.02,20.11,22.59,8.04,73.30,44.03,59.64,8.09
536.99,40.10,20.08,22.63,8.04,73.30,44.12,59.49,8.09
537.00,40.02,20.08,22.59,8.02,73.08,44.12,59.64,8.10
537.01,40.10,20.11,22.59,8.02,73.08,44.12,59.33,8.10
537.02,40.10,20.08,22.59,8.04,73.08,44.03,59.64,8.09
537.03,40.02,20.11,22.59,8.04,73.30,44.12,59.49,8.09
537.04,40.10,20.11,22.59,8.04,73.30,44.12,59.64,8.09
537.05,40.02,20.11,22.59,8.04,73.08,44.03,59.49,8.09
537.06,40.02,20.08,22.63,8.04,73.30,44.12,59.49,8.09
537.07,40.10,20.11,22.63,8.04,73.30,44.03,59.64,8.09
537.08,40.10,20.11,22.59,8.02,73.08,44.12,59.64,8.10
537.09,40.10,20.11,22.59,8.04,73.08,44.03,59.49,8.08
537.10,40.02,20.08,22.59,8.04,73.08,44.22,59.49,8.10
537.11,40.10,20.08,22.63,8.04,73.08,44.03,59.49,8.10
537.12,40.10,20.11,22.59,8.04,73.30,44.03,59.64,8.09
537.13,40.10,20.08,22.63,8.04,73.08,44.12,59.49,8.09
537.14,40.02,20.08,22.63,8.04,73.30,44.12,59.49,8.09
537.15,40.02,20.08,22.59,8.02,73.08,44.12,59.33,8.09
537.16,40.02,20.11,22.59,8.04,73.08,44.22,59.49,8.10
537.17,40.02,20.08,22.59,8.04,73.30,44.12,59.49,8.09
537.18,40.02,20.08,22.63,8.02,73.08,44.12,59.49,8.09
537.19,40.02,20.11,22.63,8.04,73.30,44.03,59.49,8.09
537.20,40.02,20.11,22.59,8.04,73.08,44.12,59.49,8.09
537.21,40.02,20.08,22.63,8.04,73.08,44.03,59.49,8.08
537.22,40.02,20.11,22.59,8.04,73.30,44.03,59.49,8.11
537.23,40.02,20.08,22.59,8.02,73.08,44.03,59.49,8.10
537.24,40.02,20.08,22.59,8.04,73.08,44.12,59.33,8.09
537.25,40.02,20.08,22.63,8.04,73.08,44.03,59.49,8.09
537.26,40.10,20.08,22.59,8.04,73.30,44.12,59.64,8.10
537.27,40.02,20.11,22.59,8.04,73.08,44.12,59.49,8.09
537.28,39.94,20.08,22.59,8.04,73.08,44.12,59.49,8.09
537.29,40.10,20.08,22.59,8.04,73.08,44.12,59.49,8.08
537.30,40.02,20.08,22.59,8.02,73.08,44.12,59.49,8.09
537.31,40.02,20.08,22.59,8.04,73.30,44.03,59.64,8.09
537.32,40.02,20.08,22.59,8.04,73.08,44.12,59.49,8.10
537.33,40.02,20.08,22.59,8.02,73.08,44.03,59.49,8.09
537.34,40.02,20.08,22.59,8.04,73.30,44.12,59.49,8.09
537.35,40.02,20.08,22.59,8.04,73.30,44.12,59.49,8.10
537.36,40.02,20.11,22.59,8.02,73.08,44.22,59.49,8.09
537.37,40.02,20.08,22.59,8.02,73.08,44.12,59.33,8.09
537.38,40.02,20.08,22.59,8.04,73.30,44.12,59.49,8.10
537.39,40.02,20.08,22.59,8.04,73.08,44.12,59.49,8.09
537.40,40.02,20.08,22.59,8.04,73.08,44.03,59.33,8.09
537.41,40.02,20.08,22.59,8.04,73.08,44.03,59.64,8.08
537.42,40.02,20.11,22.59,8.04,73.30,44.12,59.49,8.09
537.43,40.02,20.08,22.59,8.04,73.08,44.03,59.49,8.09
537.44,40.02,20.08,22.59,8.04,73.08,44.12,59.49,8.09
537.45,40.02,20.11,22.59,8.04,73.08,44.12,59.49,8.09
537.46,40.10,20.11,22.59,8.02,73.30,44.03,59.49,8.08
537.47,40.10,20.08,22.63,8.04,73.08,44.22,59.49,8.09
537.48,40.02,20.08,22.59,8.04,73.08,44.03,59.33,8.09
537.49,40.02,20.08,22.59,8.02,73.08,44.03,59.64,8.09
537.50,40.02,20.08,22.59,8.04,73.30,44.03,59.49,8.09
537.51,40.02,20.08,22.59,8.04,73.30,44.03,59.49,8.09
537.52,40.02,20.08,22.59,8.04,73.08,44.12,59.49,8.09
537.53,40.02,20.08,22.63,8.04,73.08,44.03,59.49,8.09
537.54,40.02,20.11,22.59,8.04,73.08,44.03,59.49,8.09
537.55,40.02,20.11,22.59,8.04,73.08,44.12,59.49,8.10
537.56,40.02,20.11,22.59,8.04,73.08,44.12,59.33,8.09
537.57,40.02,20.11,22.59,8.02,73.08,44.03,59.64,8.11
537.58,40.02,20.11,22.56,8.04,72.85,44.12,59.33,8.09
537.59,40.02,20.08,22.59,8.04,73.30,44.03,59.64,8.09
537.60,40.02,20.08,22.56,8.04,73.08,44.03,59.64,8.09
537.61,40.10,20.11,22.59,8.04,73.08,44.12,59.49,8.09
537.62,40.02,20.11,22.56,8.04,73.08,44.03,59.49,8.08
537.63,40.02,20.11,22.59,8.02,73.08,44.03,59.49,8.08
537.64,40.02,20.08,22.59,8.04,73.08,43.93,59.49,8.08
537.65,40.02,20.08,22.59,8.04,73.08,44.03,59.33,8.09
537.66,40.02,20.08,22.59,8.02,73.08,44.12,59.49,8.08
537.67,40.02,20.08,22.59,8.04,73.08,44.03,59.49,8.09
537.68,40.02,20.08,22.59,8.04,73.08,44.12,59.33,8.09
537.69,40.02,20.08,22.59,8.02,73.08,44.03,59.49,8.09
537.70,40.02,20.08,22.59,8.02,73.08,43.93,59.49,8.09
537.71,40.02,20.08,22.59,8.02,73.08,44.03,59.49,8.09
537.72,40.02,20.08,22.59,8.04,73.08,44.12,59.33,8.09
537.73,40.02,20.11,22.59,8.04,73.08,44.03,59.33,8.09
537.74,40.02,20.08,22.59,8.02,73.08,44.12,59.33,8.08
537.75,40.02,20.08,22.59,8.02,73.08,44.03,59.49,8.09
537.76,40.02,20.08,22.59,8.04,73.08,44.12,59.49,8.08
537.77,40.02,20.08,22.59,8.04,73.30,44.03,59.49,8.10
537.78,40.02,20.08,22.59,8.04,73.08,44.03,59.49,8.10
537.79,39.86,20.08,22.59,8.04,73.08,44.12,59.49,8.10
537.80,40.02,20.08,22.56,8.02,73.08,44.03,59.33,8.08
537.81,40.02,20.11,22.59,8.02,73.08,44.03,59.49,8.09
537.82,40.02,20.08,22.59,8.02,73.08,43.93,59.49,8.09
537.83,40.02,20.08,22.59,8.02,73.08,44.03,59.49,8.09
537.84,40.02,20.08,22.56,8.04,72.85,44.03,59.49,8.09
537.85,40.02,20.05,22.59,8.01,73.08,44.03,59.49,8.09
537.86,40.02,20.11,22.56,8.04,73.08,44.03,59.49,8.10
537.87,40.02,20.08,22.59,8.04,73.08,44.22,59.49,8.09
537.88,40.02,20.08,22.56,8.04,73.08,44.03,59.49,8.08
537.89,40.02,20.08,22.59,8.02,73.08,44.03,59.33,8.08
537.90,40.02,20.11,22.59,8.02,73.08,44.12,59.49,8.09
537.91,40.02,20.05,22.56,8.02,73.08,43.93,59.49,8.10
537.92,40.02,20.11,22.59,8.04,73.08,44.03,59.49,8.09
537.93,40.02,20.08,22.59,8.02,73.08,44.12,59.33,8.09
537.94,40.02,20.08,22.59,8.02,72.85,44.12,59.49,8.08
537.95,39.94,20.08,22.56,8.04,73.08,44.12,59.33,8.08
537.96,39.94,20.08,22.56,8.04,73.08,44.03,59.49,8.09
537.97,40.02,20.08,22.59,8.02,73.08,44.03,59.49,8.09
537.98,40.02,20.08,22.59,8.02,73.08,43.93,59.33,8.09
537.99,39.94,20.08,22.56,8.02,73.08,44.03,59.33,8.08
538.00,39.94,20.05,22.56,8.02,73.08,44.12,59.49,8.09
538.01,40.02,20.11,22.56,8.02,73.08,44.12,59.33,8.09
538.02,40.02,20.08,22.56,8.02,73.08,44.03,59.49,8.10
538.03,40.02,20.05,22.56,8.04,73.08,44.12,59.33,8.10
538.04,39.94,20.08,22.59,8.04,73.08,44.12,59.49,8.09
538.05,39.94,20.08,22.59,8.02,73.08,44.03,59.49,8.09
538.06,40.02,20.08,22.56,8.02,72.85,44.03,59.33,8.09
538.07,39.94,20.08,22.56,8.02,73.08,44.12,59.33,8.09
538.08,40.02,20.08,22.56,8.02,73.08,43.93,59.33,8.08
538.09,39.94,20.08,22.59,8.02,73.08,44.03,59.49,8.09
538.10,40.02,20.11,22.56,8.02,73.08,44.03,59.33,8.09
538.11,39.94,20.05,22.56,8.02,73.08,44.12,59.49,8.08
538.12,40.02,20.05,22.59,8.04,73.08,44.12,59.49,8.09
538.13,39.94,20.11,22.59,8.02,73.08,44.03,59.33,8.08
538.14,40.02,20.08,22.56,8.02,73.08,44.03,59.33,8.09
538.15,39.94,20.08,22.56,8.04,72.85,44.03,59.49,8.08
538.16,40.02,20.05,22.56,8.02,72.85,44.03,59.33,8.10
538.17,40.02,20.08,22.59,8.04,73.08,44.03,59.49,8.09
538.18,40.02,20.11,22.56,8.02,73.08,44.12,59.33,8.08
538.19,40.02,20.11,22.59,8.04,73.08,44.03,59.33,8.08
538.20,39.94,20.05,22.59,8.02,73.08,44.03,59.49,8.09
538.21,39.94,20.08,22.56,8.04,73.08,44.03,59.49,8.10
538.22,40.02,20.11,22.56,8.02,72.85,44.12,59.33,8.10
538.23,40.02,20.08,22.56,8.04,73.08,44.03,59.49,8.10
538.24,40.02,20.05,22.56,8.01,73.08,43.93,59.33,8.08
538.25,40.02,20.08,22.59,8.02,73.08,44.12,59.49,8.09
538.26,40.02,20.08,22.59,8.02,73.08,44.12,59.33,8.09
538.27,40.02,20.08,22.56,8.02,73.08,44.03,59.33,8.08
538.28,40.02,20.08,22.56,8.04,73.08,44.12,59.33,8.08
538.29,40.02,20.08,22.59,8.04,73.08,44.12,59.33,8.08
538.30,39.94,20.08,22.59,8.02,73.08,44.03,59.49,8.09
538.31,39.94,20.08,22.56,8.04,73.08,44.22,59.49,8.09
538.32,39.94,20.08,22.56,8.02,73.08,43.93,59.49,8.09
538.33,39.94,20.08,22.56,8.02,72.85,44.12,59.33,8.09
538.34,39.94,20.05,22.56,8.02,73.08,44.12,59.49,8.09
538.35,40.02,20.05,22.56,8.04,73.08,44.12,59.33,8.08
538.36,39.94,20.08,22.56,8.02,73.08,44.12,59.33,8.09
538.37,39.94,20.08,22.56,8.02,73.08,44.03,59.33,8.08
538.38,39.94,20.05,22.56,8.04,73.08,44.03,59.33,8.09
538.39,40.02,20.08,22.59,8.04,72.85,44.03,59.33,8.09
538.40,39.94,20.05,22.59,8.02,73.08,44.03,59.33,8.08
538.41,40.02,20.08,22.56,8.04,72.85,44.03,59.49,8.09
538.42,40.02,20.05,22.56,8.02,73.08,44.03,59.33,8.09
538.43,39.94,20.08,22.56,8.02,73.08,44.03,59.33,8.09
538.44,39.94,20.08,22.59,8.04,73.30,44.03,59.33,8.09
538.45,39.94,20.05,22.52,8.04,73.08,44.03,59.49,8.08
538.46,40.02,20.05,22.56,8.04,73.08,44.12,59.49,8.09
538.47,39.94,20.08,22.56,8.04,73.08,44.03,59.33,8.09
538.48,39.94,20.08,22.56,8.04,73.08,44.03,59.33,8.08
538.49,39.94,20.08,22.56,8.04,73.08,44.12,59.33,8.09
538.50,39.94,20.05,22.56,8.02,73.08,44.03,59.33,8.09
538.51,39.94,20.05,22.59,8.04,73.08,44.03,59.49,8.09
538.52,39.94,20.08,22.56,8.02,72.85,44.12,59.33,8.08
538.53,40.02,20.08,22.56,8.02,73.08,44.03,59.33,8.09
538.54,40.02,20.08,22.56,8.02,73.08,44.12,59.49,8.08
538.55,40.02,20.08,22.59,8.02,73.08,44.12,59.33,8.09
538.56,40.02,20.05,22.56,8.02,73.08,43.93,59.49,8.09
538.57,40.02,20.08,22.56,8.02,73.08,44.03,59.49,8.08
538.58,39.94,20.08,22.59,8.04,73.08,44.03,59.18,8.09
538.59,39.94,20.08,22.59,8.04,72.85,44.03,59.49,8.09
538.60,39.94,20.05,22.56,8.02,73.08,44.12,59.33,8.08
538.61,39.94,20.05,22.56,8.04,73.08,44.03,59.33,8.08
538.62,39.94,20.08,22.56,8.04,73.08,44.03,59.33,8.10
538.63,39.94,20.08,22.56,8.02,73.08,44.03,59.33,8.09
538.64,39.94,20.08,22.56,8.02,73.08,44.03,59.33,8.08
538.65,39.94,20.05,22.56,8.02,73.08,44.12,59.49,8.08
538.66,39.94,20.05,22.56,8.02,73.08,44.03,59.33,8.08
538.67,39.94,20.05,22.56,8.04,72.85,44.03,59.33,8.08
538.68,40.02,20.05,22.56,8.04,73.08,43.93,59.33,8.08
538.69,39.94,20.08,22.56,8.02,72.85,44.03,59.49,8.09
538.70,39.94,20.08,22.56,8.04,72.85,44.03,59.49,8.09
538.71,39.94,20.08,22.56,8.02,73.08,44.03,59.33,8.09
538.72,39.94,20.08,22.52,8.02,73.08,43.93,59.49,8.09
538.73,39.94,20.05,22.59,8.01,72.85,44.12,59.33,8.09
538.74,39.94,20.05,22.56,8.04,73.08,44.12,59.49,8.08
538.75,39.94,20.08,22.56,8.01,73.08,44.03,59.33,8.08
538.76,39.94,20.05,22.56,8.02,72.85,44.03,59.49,8.09
538.77,39.94,20.05,22.56,8.02,72.85,44.12,59.33,8.08
538.78,39.94,20.08,22.56,8.02,72.85,43.93,59.49,8.09
538.79,39.94,20.08,22.56,8.02,73.08,44.03,59.49,8.08
538.80,39.94,20.08,22.56,8.02,73.08,44.03,59.33,8.08
538.81,39.94,20.08,22.52,8.01,73.08,43.93,59.33,8.09
538.82,39.94,20.05,22.56,8.02,73.08,44.03,59.49,8.10
538.83,39.94,20.05,22.56,8.04,73.08,44.03,59.33,8.08
538.84,40.02,20.08,22.56,8.02,73.08,44.03,59.33,8.08
538.85,39.94,20.08,22.56,8.02,72.85,44.12,59.33,8.08
538.86,40.02,20.05,22.59,8.02,73.08,43.93,59.33,8.09
538.87,40.02,20.08,22.56,8.01,73.08,43.93,59.49,8.08
538.88,39.94,20.08,22.56,8.02,73.08,44.03,59.33,8.09
538.89,39.94,20.08,22.56,8.02,73.08,44.03,59.49,8.08
538.90,39.94,20.05,22.56,8.04,72.85,44.12,59.33,8.09
538.91,39.94,20.08,22.56,8.04,72.85,44.03,59.33,8.09
538.92,39.94,20.05,22.56,8.02,72.85,44.03,59.33,8.08
538.93,39.94,20.08,22.56,8.01,73.08,44.03,59.33,8.08
538.94,39.94,20.08,22.56,8.02,72.85,44.03,59.33,8.08
538.95,39.94,20.08,22.56,8.02,73.08,44.03,59.49,8.09
538.96,39.94,20.08,22.59,8.02,73.08,43.93,59.49,8.08
538.97,39.94,20.08,22.56,8.02,73.08,44.03,59.33,8.08
538.98,39.94,20.08,22.56,8.02,72.85,44.03,59.33,8.09
538.99,39.94,20.08,22.56,8.02,72.85,44.03,59.33,8.08
539.00,39.94,20.05,22.56,8.04,73.08,44.03,59.33,8.08
539.01,39.94,20.11,22.56,8.02,73.08,44.03,59.49,8.08
539.02,40.02,20.11,22.52,8.04,72.85,44.03,59.33,8.08
539.03,39.94,20.08,22.56,8.02,72.85,44.03,59.33,8.09
539.04,40.02,20.05,22.56,8.04,73.08,44.03,59.33,8.08
539.05,39.94,20.08,22.56,8.01,73.08,44.03,59.33,8.10
539.06,39.94,20.05,22.56,8.02,73.08,44.03,59.33,8.09
539.07,39.94,20.08,22.56,8.02,72.85,44.03,59.49,8.10
539.08,39.94,20.08,22.56,8.02,73.08,44.03,59.49,8.08
539.09,39.94,20.05,22.56,8.02,72.85,44.03,59.33,8.09
539.10,39.94,20.05,22.56,8.02,73.08,44.03,59.33,8.09
539.11,40.02,20.08,22.56,8.02,73.08,44.03,59.33,8.08
539.12,39.94,20.05,22.56,8.02,72.85,43.93,59.33,8.08
539.13,39.94,20.05,22.56,8.04,72.85,44.03,59.49,8.08
539.14,39.94,20.08,22.56,8.02,73.08,44.03,59.49,8.08
539.15,39.94,20.05,22.56,8.01,73.08,44.03,59.33,8.09
539.16,39.94,20.08,22.56,8.04,72.85,44.03,59.33,8.09
539.17,39.94,20.05,22.56,8.02,73.08,44.03,59.33,8.08
539.18,39.94,20.05,22.56,8.04,73.30,44.03,59.33,8.08
539.19,39.94,20.08,22.52,8.02,72.85,44.03,59.33,8.09
539.20,39.94,20.08,22.56,8.01,73.08,44.03,59.33,8.08
539.21,39.94,20.08,22.56,8.04,73.08,44.12,59.33,8.09
539.22,39.94,20.05,22.56,8.04,72.85,43.93,59.33,8.09
539.23,39.94,20.08,22.52,8.02,72.85,44.03,59.33,8.08
539.24,39.94,20.08,22.56,8.02,73.08,44.03,59.33,8.10
539.25,39.94,20.05,22.56,8.02,73.08,44.03,59.33,8.09
539.26,39.94,20.08,22.56,8.02,72.85,44.12,59.33,8.08
539.27,39.94,20.05,22.56,8.02,73.08,43.93,59.33,8.08
539.28,39.94,20.05,22.56,8.04,73.08,44.03,59.33,8.09
539.29,39.94,20.08,22.56,8.02,72.85,43.93,59.33,8.09
539.30,39.86,20.08,22.56,8.02,73.08,44.12,59.33,8.09
539.31,39.94,20.08,22.56,8.02,73.08,44.03,59.49,8.09
539.32,39.94,20.05,22.56,8.01,72.85,44.12,59.33,8.08
539.33,39.94,20.05,22.56,8.04,73.08,44.03,59.33,8.09
539.34,39.94,20.05,22.52,8.02,72.85,44.12,59.33,8.09
539.35,39.94,20.05,22.56,8.02,73.08,44.03,59.33,8.08
539.36,39.94,20.05,22.56,8.02,72.85,44.03,59.33,8.07
539.37,39.94,20.11,22.56,8.02,73.08,44.03,59.49,8.09
539.38,39.94,20.11,22.52,8.01,72.85,44.03,59.33,8.08
539.39,39.94,20.02,22.56,8.02,73.08,44.03,59.33,8.09
539.40,39.94,20.08,22.56,8.02,73.08,44.03,59.33,8.08
539.41,39.94,20.05,22.56,8.04,73.08,44.03,59.33,8.08
539.42,39.94,20.05,22.52,8.01,73.08,44.03,59.33,8.09
539.43,39.94,20.08,22.59,8.04,73.08,43.93,59.33,8.09
539.44,39.94,20.08,22.56,8.02,72.85,43.93,59.33,8.08
539.45,39.94,20.08,22.56,8.04,73.08,43.93,59.33,8.08
539.46,39.94,20.05,22.52,8.04,73.08,44.03,59.49,8.08
539.47,40.02,20.08,22.56,8.01,73.08,43.93,59.49,8.09
539.48,39.94,20.05,22.56,8.02,72.85,43.93,59.33,8.09
539.49,39.94,20.08,22.52,8.02,72.85,44.03,59.33,8.08
539.50,39.94,20.05,22.56,8.04,72.85,44.22,59.33,8.09
539.51,39.94,20.08,22.56,8.01,73.08,44.12,59.33,8.09
539.52,39.94,20.05,22.56,8.02,72.85,43.93,59.49,8.08
539.53,39.94,20.08,22.56,8.02,72.85,43.93,59.49,8.08
539.54,39.94,20.05,22.52,8.04,73.08,44.03,59.49,8.08
539.55,39.94,20.08,22.56,8.01,73.08,43.93,59.33,8.08
539.56,39.94,20.05,22.52,8.02,72.85,44.03,59.33,8.09
539.57,39.86,20.05,22.56,8.02,72.85,44.03,59.49,8.08
539.58,39.94,20.08,22.56,8.02,73.08,44.03,59.33,8.07
539.59,39.94,20.05,22.56,8.02,72.85,44.03,59.33,8.10
539.60,40.02,20.05,22.56,8.02,72.85,44.03,59.49,8.09
539.61,39.86,20.08,22.52,8.04,72.85,44.03,59.33,8.08
539.62,39.86,20.08,22.56,8.04,72.85,44.03,59.33,8.09
539.63,40.02,20.05,22.56,8.04,72.85,44.12,59.33,8.08
539.64,39.86,20.08,22.52,8.02,73.08,44.03,59.33,8.09
539.65,39.94,20.05,22.59,8.02,73.08,43.93,59.33,8.09
539.66,39.94,20.08,22.52,8.02,73.08,44.12,59.33,8.09
539.67,39.94,20.08,22.56,8.02,72.85,44.03,59.33,8.07
539.68,39.86,20.08,22.56,8.02,73.08,44.03,59.49,8.08
539.69,39.94,20.05,22.56,8.04,73.08,44.03,59.33,8.08
539.70,39.94,20.05,22.56,8.01,72.63,44.03,59.33,8.09
539.71,39.94,20.08,22.56,8.04,73.08,44.03,59.33,8.09
539.72,39.94,20.08,22.56,8.04,72.85,44.12,59.33,8.10
539.73,39.94,20.05,22.56,8.01,72.85,44.03,59.49,8.09
539.74,39.86,20.05,22.52,8.04,73.08,44.03,59.49,8.09
539.75,39.86,20.05,22.56,8.01,73.08,44.03,59.49,8.08
539.76,39.94,20.08,22.56,8.02,73.08,44.12,59.33,8.08
539.77,39.94,20.08,22.52,8.02,73.30,44.03,59.33,8.09
539.78,39.94,20.05,22.52,8.02,72.85,44.03,59.49,8.09
539.79,39.94,20.11,22.56,8.02,73.08,44.12,59.33,8.08
539.80,39.94,20.05,22.56,8.02,72.85,43.93,59.33,8.09
539.81,39.94,20.05,22.56,8.04,73.08,43.93,59.33,8.08
539.82,39.94,20.05,22.56,8.02,73.08,44.03,59.33,8.08
539.83,39.86,20.08,22.56,8.02,72.85,44.03,59.49,8.09
539.84,39.94,20.08,22.52,8.02,72.85,44.03,59.49,8.09
539.85,39.94,20.08,22.56,8.02,72.85,44.03,59.33,8.09
539.86,39.86,20.08,22.56,8.02,73.08,44.03,59.49,8.08
539.87,39.86,20.08,22.56,8.04,72.85,44.03,59.33,8.08
539.88,39.94,20.05,22.56,8.02,73.08,44.03,59.49,8.08
539.89,39.94,20.08,22.52,8.02,72.85,44.03,59.33,8.09
539.90,39.86,20.05,22.52,8.02,72.85,44.03,59.33,8.09
539.91,39.94,20.05,22.52,8.04,73.08,44.03,59.49,8.09
539.92,39.86,20.08,22.56,8.02,72.85,43.93,59.33,8.08
539.93,39.94,20.05,22.52,8.02,73.08,44.03,59.49,8.08
539.94,39.94,20.05,22.56,8.02,73.08,44.03,59.33,8.10
539.95,39.86,20.08,22.56,8.01,73.08,44.03,59.33,8.08
539.96,39.94,20.08,22.52,8.01,72.85,43.93,59.49,8.08
539.97,39.94,20.05,22.56,8.02,73.08,44.03,59.49,8.09
539.98,39.94,20.08,22.52,8.01,73.08,44.03,59.33,8.08
539.99,39.86,20.05,22.56,8.02,73.08,44.03,59.33,8.09
540.00,39.94,20.08,22.56,8.04,72.85,44.12,59.33,8.09
540.01,39.94,20.05,22.52,8.02,72.85,44.03,59.49,8.09
540.02,39.94,20.08,22.56,8.04,73.08,44.03,59.49,8.09
540.03,39.86,20.08,22.56,8.04,72.85,44.12,59.33,8.08
540.04,39.94,20.05,22.56,8.02,73.08,43.93,59.33,8.08
540.05,39.94,20.05,22.56,8.04,72.85,43.93,59.33,8.08
540.06,39.94,20.08,22.52,8.01,72.85,44.03,59.33,8.08
540.07,39.94,20.11,22.52,8.02,73.08,44.03,59.49,8.08
540.08,39.94,20.05,22.56,8.04,72.85,43.93,59.49,8.09
540.09,39.94,20.05,22.56,8.02,72.85,43.93,59.49,8.08
540.10,39.86,20.08,22.52,8.02,72.85,44.12,59.33,8.09
540.11,39.94,20.08,22.52,8.02,72.85,44.03,59.49,8.09
540.12,39.86,20.05,22.56,8.02,73.08,44.03,59.49,8.07
540.13,39.94,20.08,22.56,8.01,73.08,44.03,59.33,8.08
540.16,39.86,20.08,22.56,8.02,73.08,44.03,59.49,8.10
540.16,39.94,20.05,22.56,8.02,72.85,44.12,59.33,8.08
540.17,39.94,20.05,22.59,8.02,72.85,44.03,59.33,8.09
540.18,39.94,20.08,22.56,8.02,73.08,44.12,59.33,8.10
540.19,39.94,20.08,22.56,8.02,73.08,44.03,59.33,8.09
540.20,39.94,20.08,22.56,8.02,72.85,44.12,59.33,8.09
540.21,39.94,20.08,22.56,8.02,72.85,44.03,59.18,8.09
540.22,39.94,20.05,22.56,8.04,72.85,44.03,59.33,8.09
540.23,39.94,20.08,22.56,8.04,73.08,44.03,59.49,8.08
540.24,39.94,20.08,22.56,8.02,72.85,44.03,59.33,8.09
540.25,39.86,20.08,22.52,8.04,72.85,44.03,59.33,8.09
540.26,39.94,20.05,22.52,8.04,72.85,44.12,59.33,8.09
540.27,39.86,20.08,22.52,8.02,72.85,44.03,59.33,8.08
540.28,39.94,20.08,22.52,8.04,73.08,44.03,59.33,8.09
540.29,39.94,20.08,22.52,8.02,73.08,43.93,59.49,8.09
540.30,39.94,20.05,22.56,8.02,73.08,43.93,59.33,8.09
540.31,39.94,20.08,22.56,8.02,72.85,44.03,59.33,8.08
540.32,39.94,20.05,22.52,8.04,73.08,44.03,59.49,8.09
540.33,39.94,20.05,22.56,8.04,73.08,44.03,59.49,8.08
540.34,39.94,20.08,22.56,8.02,73.08,44.03,59.33,8.09
540.35,39.94,20.08,22.56,8.02,73.08,44.03,59.49,8.09
540.36,39.94,20.08,22.56,8.02,73.08,44.03,59.33,8.09
540.37,39.86,20.08,22.56,8.02,72.85,44.12,59.33,8.09
540.38,39.94,20.05,22.56,8.02,73.08,44.03,59.33,8.09
540.39,39.94,20.08,22.56,8.04,72.85,44.12,59.33,8.08
540.40,39.94,20.08,22.56,8.04,72.85,44.03,59.33,8.09
540.41,39.94,20.08,22.56,8.02,72.85,44.03,59.33,8.09
540.42,39.94,20.08,22.52,8.04,73.08,44.12,59.33,8.09
540.43,39.94,20.08,22.52,8.02,73.08,44.12,59.33,8.09
540.44,39.86,20.08,22.56,8.04,72.85,44.12,59.49,8.09
540.45,40.02,20.08,22.56,8.02,72.85,43.93,59.33,8.09
540.46,39.94,20.08,22.56,8.02,72.85,44.03,59.33,8.09
540.47,39.94,20.05,22.56,8.04,73.08,43.93,59.49,8.10
540.48,39.86,20.05,22.52,8.02,72.85,44.03,59.49,8.09
540.49,39.94,20.05,22.56,8.02,72.85,44.03,59.33,8.08
540.50,39.94,20.05,22.56,8.04,72.85,44.03,59.49,8.08
540.51,39.86,20.08,22.52,8.02,72.85,44.03,59.33,8.09
540.52,39.86,20.08,22.56,8.02,73.08,44.12,59.33,8.08
540.53,39.94,20.05,22.56,8.02,72.85,43.93,59.33,8.09
540.54,39.94,20.08,22.52,8.02,73.08,44.03,59.33,8.09
540.55,39.94,20.05,22.56,8.02,73.08,44.03,59.33,8.09
540.56,39.94,20.08,22.56,8.02,72.85,44.03,59.33,8.08
540.57,39.94,20.11,22.56,8.04,72.85,43.93,59.33,8.09
540.58,39.86,20.08,22.56,8.02,72.85,44.03,59.49,8.09
540.59,39.94,20.05,22.56,8.02,73.08,44.03,59.33,8.08
540.60,39.94,20.14,22.52,8.04,72.85,44.03,59.49,8.09
540.61,39.94,20.05,22.52,8.02,73.08,44.03,59.33,8.09
540.62,39.94,20.08,22.56,8.02,73.08,44.03,59.49,8.08
540.63,39.94,20.05,22.52,8.01,72.85,44.12,59.49,8.09
540.64,39.86,20.05,22.56,8.02,72.85,44.03,59.33,8.09
540.65,39.94,20.05,22.56,8.04,72.85,44.12,59.33,8.09
540.66,39.94,20.08,22.52,8.02,72.85,44.03,59.33,8.09
540.67,39.94,20.05,22.56,8.02,72.85,44.03,59.33,8.08
540.68,39.94,20.05,22.56,8.02,72.85,44.12,59.33,8.09
540.69,39.94,20.05,22.56,8.02,72.85,43.93,59.49,8.09
540.70,39.86,20.08,22.56,8.02,73.08,44.12,59.33,8.10
540.71,39.86,20.08,22.56,8.02,72.85,44.03,59.33,8.09
540.72,39.94,20.11,22.56,8.02,72.85,44.12,59.49,8.08
540.73,39.86,20.08,22.56,8.02,73.08,44.03,59.49,8.09
540.74,39.86,20.05,22.52,8.02,72.85,44.03,59.18,8.09
540.75,39.94,20.08,22.56,8.02,73.08,43.93,59.49,8.08
540.76,39.86,20.11,22.56,8.02,73.08,44.12,59.33,8.08
540.77,39.94,20.08,22.56,8.02,73.08,43.93,59.33,8.08
540.78,39.94,20.05,22.52,8.02,73.08,44.12,59.64,8.09
540.79,39.86,20.08,22.56,8.02,72.85,44.03,59.49,8.09
540.80,39.94,20.08,22.56,8.04,73.08,44.03,59.33,8.09
540.81,39.94,20.08,22.56,8.01,73.08,44.12,59.33,8.09
540.82,39.86,20.08,22.56,8.04,72.85,43.93,59.49,8.09
540.83,39.94,20.08,22.59,8.02,73.08,44.03,59.49,8.09
540.84,39.94,20.08,22.52,8.01,72.85,43.93,59.33,8.08
540.85,39.94,20.08,22.56,8.04,73.08,44.03,59.33,8.09
540.86,39.94,20.08,22.56,8.02,73.08,44.12,59.33,8.08
540.87,39.94,20.08,22.56,8.04,73.08,44.03,59.49,8.08
540.88,40.02,20.08,22.52,8.02,72.85,43.93,59.33,8.09
540.89,39.86,20.08,22.56,8.04,73.08,44.12,59.33,8.09
540.90,39.86,20.08,22.52,8.02,72.85,44.12,59.49,8.09
540.91,39.86,20.05,22.52,8.01,72.85,44.12,59.49,8.09
540.92,39.94,20.05,22.56,8.02,73.08,44.03,59.33,8.09
540.93,39.94,20.08,22.56,8.02,72.85,44.03,59.33,8.08
540.94,39.94,20.05,22.56,8.02,73.08,44.12,59.49,8.08
540.95,39.86,20.08,22.56,8.04,73.08,44.03,59.49,8.09
540.96,39.94,20.08,22.56,8.01,73.08,44.03,59.18,8.09
540.97,39.86,20.05,22.56,8.02,73.08,44.03,59.33,8.09
540.98,39.94,20.08,22.56,8.02,72.85,44.12,59.33,8.10
540.99,39.86,20.08,22.56,8.04,72.85,44.03,59.33,8.08
541.00,39.94,20.08,22.52,8.01,72.85,44.03,59.33,8.09
541.01,39.94,20.08,22.56,8.02,73.08,44.03,59.33,8.09
541.02,39.94,20.08,22.52,8.02,73.08,44.03,59.33,8.09
541.03,39.94,20.05,22.56,8.02,72.85,44.12,59.33,8.09
541.04,39.94,20.11,22.56,8.02,73.08,44.03,59.49,8.10
541.05,39.94,20.05,22.56,8.04,73.08,44.03,59.49,8.09
541.06,39.86,20.08,22.52,8.02,72.85,43.93,59.49,8.08
541.07,39.94,20.08,22.52,8.02,72.85,44.12,59.33,8.09
541.08,39.86,20.05,22.52,8.02,72.85,44.12,59.33,8.09
541.09,39.86,20.08,22.52,8.02,72.85,44.03,59.33,8.09
541.10,39.94,20.08,22.56,8.04,72.85,44.12,59.33,8.09
541.11,39.94,20.08,22.52,8.02,73.08,44.12,59.33,8.09
541.12,39.94,20.08,22.52,8.01,72.85,44.03,59.33,8.08
541.13,39.86,20.08,22.52,8.02,73.08,44.12,59.33,8.08
541.14,39.94,20.05,22.56,8.02,73.08,44.03,59.33,8.09
541.15,39.94,20.08,22.56,8.02,73.08,44.12,59.33,8.08
541.16,39.94,20.11,22.52,8.04,72.85,44.03,59.33,8.08
541.17,39.94,20.08,22.56,8.02,72.85,44.03,59.33,8.08
541.18,39.94,20.08,22.52,8.04,72.85,44.03,59.33,8.09
541.19,39.94,20.08,22.52,8.04,72.85,44.03,59.33,8.09
541.20,39.94,20.08,22.56,8.01,73.08,44.03,59.49,8.09
541.21,39.94,20.08,22.56,8.04,72.85,44.03,59.33,8.09
541.22,39.94,20.08,22.52,8.02,72.85,44.03,59.33,8.08
541.23,39.86,20.08,22.52,8.02,73.08,44.03,59.33,8.09
541.24,39.94,20.08,22.52,8.01,72.85,43.93,59.33,8.09
541.25,39.94,20.08,22.56,8.04,73.08,44.12,59.33,8.09
541.26,39.94,20.08,22.52,8.02,72.85,44.03,59.33,8.08
541.27,39.94,20.05,22.56,8.02,73.08,44.03,59.49,8.09
541.28,39.94,20.08,22.52,8.02,72.85,44.12,59.49,8.08
541.29,39.94,20.08,22.56,8.02,72.85,44.03,59.49,8.09
541.30,39.86,20.08,22.56,8.04,73.08,44.03,59.33,8.09
541.31,39.94,20.11,22.52,8.01,72.85,44.03,59.33,8.08
541.32,39.94,20.11,22.56,8.02,72.85,43.93,59.33,8.09
541.33,39.94,20.08,22.56,8.04,73.08,44.22,59.33,8.08
541.34,39.94,20.08,22.52,8.02,73.08,44.12,59.49,8.09
541.35,39.94,20.08,22.56,8.02,72.85,44.03,59.33,8.09
541.36,39.94,20.08,22.56,8.04,73.08,44.12,59.33,8.09
541.37,39.94,20.08,22.56,8.02,72.85,44.03,59.33,8.08
541.38,39.94,20.08,22.52,8.02,72.85,44.12,59.33,8.10
541.39,39.94,20.08,22.56,8.02,73.08,44.03,59.33,8.09
541.40,39.94,20.08,22.56,8.04,72.85,44.03,59.49,8.09
541.41,39.94,20.08,22.52,8.02,72.85,43.93,59.49,8.09
541.42,39.86,20.08,22.56,8.02,72.85,43.93,59.33,8.08
541.43,39.94,20.08,22.52,8.02,72.85,44.03,59.49,8.09
541.44,39.86,20.11,22.52,8.02,73.08,44.12,59.49,8.09
541.45,39.94,20.08,22.56,8.02,73.08,43.93,59.49,8.09
541.46,39.94,20.08,22.56,8.04,73.08,44.03,59.33,8.09
541.47,39.86,20.08,22.56,8.02,72.85,44.12,59.33,8.08
541.48,39.94,20.08,22.52,8.02,72.85,44.03,59.33,8.09
541.49,39.94,20.08,22.56,8.02,72.85,44.03,59.49,8.08
541.50,39.86,20.08,22.52,8.01,72.85,43.93,59.49,8.09
541.51,39.86,20.08,22.52,8.02,72.85,43.93,59.49,8.09
541.52,39.94,20.08,22.56,8.02,73.08,44.03,59.33,8.09
541.53,39.94,20.08,22.52,8.02,72.85,44.12,59.33,8.09
541.54,39.94,20.08,22.52,8.04,73.08,44.12,59.33,8.08
541.55,39.94,20.08,22.52,8.02,72.85,44.12,59.49,8.08
541.56,39.86,20.08,22.56,8.02,73.08,44.03,59.49,8.08
541.57,39.94,20.05,22.52,8.02,72.85,44.12,59.33,8.10
541.58,39.94,20.08,22.52,8.02,72.85,43.93,59.33,8.08
541.59,39.94,20.08,22.52,8.04,72.85,44.03,59.33,8.10
541.60,39.94,20.08,22.52,8.02,72.85,44.03,59.49,8.09
541.61,39.94,20.11,22.56,8.02,72.85,44.12,59.33,8.08
541.62,39.94,20.08,22.52,8.02,73.08,44.12,59.49,8.09
541.63,39.86,20.08,22.52,8.04,73.08,44.03,59.33,8.09
541.64,39.86,20.11,22.52,8.04,73.08,44.12,59.49,8.10
541.65,39.86,20.08,22.56,8.02,73.08,44.03,59.33,8.10
541.66,39.94,20.11,22.52,8.02,72.85,44.12,59.33,8.08
541.67,39.94,20.08,22.52,8.02,73.08,44.12,59.49,8.08
541.68,39.94,20.11,22.52,8.04,73.08,43.93,59.33,8.09
541.69,39.94,20.11,22.52,8.02,73.08,44.03,59.33,8.09
541.70,39.94,20.05,22.52,8.02,73.08,44.03,59.33,8.10
541.71,39.94,20.08,22.56,8.02,73.08,44.03,59.33,8.09
541.72,39.94,20.08,22.56,8.02,73.08,44.12,59.33,8.09
541.73,39.86,20.05,22.56,8.01,73.08,44.03,59.49,8.10
541.74,39.94,20.08,22.56,8.04,73.08,44.12,59.49,8.09
541.75,39.86,20.08,22.52,8.02,73.08,44.12,59.33,8.09
541.76,39.94,20.11,22.52,8.02,72.85,44.12,59.33,8.09
541.77,39.94,20.08,22.52,8.04,73.08,44.03,59.33,8.09
541.78,39.86,20.02,22.56,8.02,72.85,44.12,59.49,8.10
541.79,39.94,20.08,22.52,8.02,73.08,44.03,59.49,8.09
541.80,39.94,20.11,22.56,8.02,73.08,44.03,59.33,8.09
541.81,39.94,20.11,22.52,8.01,72.85,44.03,59.33,8.08
541.82,39.94,20.11,22.56,8.01,72.85,43.93,59.49,8.09
541.83,39.94,20.08,22.56,8.04,73.08,44.03,59.49,8.10
541.84,39.94,20.08,22.56,8.02,73.08,44.03,59.49,8.09
541.85,39.86,20.08,22.56,8.02,72.85,44.03,59.33,8.09
541.86,39.86,20.11,22.56,8.02,72.85,44.03,59.49,8.08
541.87,39.86,20.05,22.52,8.02,72.85,44.22,59.33,8.09
541.88,39.94,20.08,22.52,8.04,72.85,43.93,59.49,8.09
541.89,39.86,20.05,22.52,8.02,72.85,44.12,59.49,8.10
541.90,39.94,20.08,22.56,8.04,73.08,44.12,59.33,8.09
541.91,39.94,20.08,22.56,8.01,72.85,44.12,59.49,8.09
541.92,39.86,20.08,22.56,8.02,72.85,43.93,59.33,8.10
541.93,39.94,20.08,22.52,8.02,73.08,44.12,59.33,8.08
541.94,39.94,20.08,22.56,8.02,73.08,44.03,59.33,8.09
541.95,39.86,20.11,22.56,8.04,72.85,44.12,59.49,8.09
541.96,40.02,20.08,22.56,8.02,72.85,44.12,59.49,8.08
541.97,39.94,20.08,22.56,8.02,72.85,44.12,59.33,8.09
541.98,39.86,20.08,22.56,8.04,73.08,44.12,59.33,8.09
541.99,39.94,20.11,22.56,8.02,72.85,44.12,59.33,8.09
542.00,39.86,20.11,22.52,8.02,72.85,44.03,59.33,8.09
542.01,39.86,20.08,22.56,8.04,72.85,44.03,59.49,8.09
542.02,39.86,20.08,22.56,8.01,72.85,44.03,59.49,8.08
542.03,39.94,20.08,22.52,8.02,73.08,43.93,59.49,8.09
542.04,39.94,20.08,22.52,8.04,72.85,44.03,59.49,8.08
542.05,39.86,20.08,22.52,8.02,73.08,44.12,59.33,8.08
542.06,39.86,20.08,22.56,8.02,72.85,44.03,59.33,8.09
542.07,39.94,20.08,22.56,8.02,72.85,44.03,59.33,8.09
542.08,39.94,20.08,22.56,8.04,73.08,44.03,59.33,8.09
542.09,39.94,20.08,22.56,8.01,72.63,44.03,59.33,8.09
542.10,39.94,20.05,22.56,8.04,72.85,44.03,59.33,8.09
542.11,39.86,20.08,22.52,8.02,72.85,43.93,59.33,8.09
542.12,39.86,20.05,22.56,8.04,72.85,44.12,59.33,8.09
542.13,39.94,20.08,22.52,8.02,73.08,44.03,59.33,8.09
542.14,39.86,20.11,22.56,8.04,73.08,44.03,59.64,8.08
542.15,39.94,20.08,22.56,8.04,73.08,44.12,59.49,8.09
542.16,39.94,20.11,22.52,8.02,72.85,44.03,59.33,8.09
542.17,39.86,20.08,22.56,8.04,72.85,44.03,59.49,8.08
542.18,39.94,20.08,22.56,8.02,73.08,44.03,59.49,8.10
542.19,39.94,20.08,22.52,8.02,72.85,44.12,59.49,8.09
542.20,39.94,20.08,22.52,8.02,72.85,44.12,59.33,8.09
542.21,39.94,20.08,22.56,8.02,72.85,44.12,59.33,8.08
542.22,39.94,20.11,22.56,8.02,73.08,44.12,59.49,8.10
542.23,39.94,20.08,22.56,8.02,72.85,44.12,59.33,8.09
542.24,39.86,20.08,22.52,8.02,73.08,44.12,59.49,8.08
542.25,39.86,20.08,22.52,8.02,72.85,44.03,59.49,8.08
542.26,39.94,20.08,22.56,8.02,73.08,44.12,59.33,8.09
542.27,39.94,20.08,22.56,8.02,72.85,44.03,59.33,8.09
542.28,39.86,20.08,22.52,8.02,73.08,44.12,59.49,8.09
542.29,39.94,20.08,22.56,8.04,72.85,44.03,59.33,8.08
542.30,39.94,20.08,22.56,8.02,73.08,44.03,59.33,8.10
542.31,39.86,20.08,22.56,8.04,73.08,44.03,59.33,8.08
542.32,39.86,20.08,22.56,8.02,73.08,44.03,59.33,8.09
542.33,39.86,20.05,22.52,8.02,73.08,44.12,59.33,8.09
542.34,39.94,20.08,22.56,8.02,72.85,44.12,59.49,8.09
542.35,39.94,20.11,22.52,8.04,73.08,44.03,59.33,8.09
542.36,39.94,20.08,22.52,8.04,73.08,44.03,59.33,8.08
542.37,39.86,20.08,22.56,8.02,73.08,44.12,59.49,8.09
542.38,39.94,20.08,22.56,8.02,72.85,44.12,59.33,8.09
542.39,39.86,20.08,22.52,8.02,72.85,44.03,59.49,8.09
542.40,39.86,20.11,22.52,8.02,73.08,44.03,59.33,8.10
542.41,39.86,20.05,22.52,8.02,73.08,44.03,59.33,8.09
542.42,39.86,20.08,22.56,8.02,73.08,44.03,59.33,8.09
542.43,39.94,20.08,22.52,8.02,73.08,44.12,59.33,8.09
542.44,39.86,20.08,22.52,8.04,73.08,44.12,59.33,8.09
542.45,39.86,20.11,22.56,8.04,72.85,44.03,59.33,8.09
542.46,39.86,20.08,22.56,8.02,73.08,44.03,59.49,8.09
542.47,39.86,20.11,22.56,8.02,73.08,44.03,59.33,8.09
542.48,39.94,20.08,22.52,8.04,72.85,44.12,59.33,8.09
542.49,39.86,20.08,22.56,8.02,72.85,43.93,59.33,8.08
542.50,39.86,20.08,22.56,8.02,73.08,44.03,59.49,8.09
542.51,39.94,20.08,22.56,8.04,73.08,44.03,59.33,8.09
542.52,39.86,20.11,22.56,8.04,72.85,44.12,59.49,8.09
542.53,39.86,20.08,22.56,8.01,72.85,44.12,59.49,8.09
542.54,39.94,20.08,22.52,8.02,73.08,44.12,59.33,8.09
542.55,39.94,20.11,22.56,8.02,72.85,44.12,59.33,8.10
542.56,39.86,20.08,22.56,8.02,73.08,44.12,59.33,8.09
542.57,39.86,20.08,22.56,8.02,72.85,44.03,59.33,8.08
542.58,39.86,20.08,22.56,8.02,72.85,44.12,59.33,8.09
542.59,39.94,20.11,22.52,8.04,72.85,44.03,59.49,8.09
542.60,39.86,20.08,22.52,8.02,72.85,44.03,59.33,8.09
542.61,39.86,20.11,22.52,8.02,72.85,44.03,59.49,8.09
542.62,39.94,20.08,22.52,8.02,72.85,44.03,59.33,8.08
542.63,39.86,20.05,22.52,8.02,73.08,44.03,59.33,8.09
542.64,39.86,20.08,22.52,8.02,73.08,44.03,59.33,8.08
542.65,39.86,20.05,22.52,8.02,72.85,44.03,59.49,8.08
542.66,39.94,20.08,22.56,8.04,72.85,44.03,59.33,8.09
542.67,39.86,20.11,22.52,8.02,72.63,44.03,59.33,8.09
542.68,39.86,20.11,22.56,8.02,73.08,44.03,59.49,8.09
542.69,39.86,20.08,22.52,8.02,72.85,44.12,59.49,8.09
542.70,39.94,20.08,22.52,8.01,72.85,44.03,59.49,8.10
542.71,39.94,20.08,22.52,8.02,72.85,44.12,59.33,8.09
542.72,39.86,20.05,22.52,8.04,72.85,44.12,59.33,8.08
542.73,39.86,20.08,22.52,8.02,72.85,44.03,59.33,8.09
542.74,39.86,20.08,22.52,8.02,72.85,44.03,59.49,8.09
542.75,39.86,20.08,22.52,8.02,73.08,44.03,59.49,8.09
542.76,39.86,20.05,22.52,8.01,72.85,44.03,59.33,8.09
542.77,39.94,20.08,22.56,8.02,72.85,44.03,59.33,8.10
542.78,39.86,20.08,22.52,8.02,72.85,44.03,59.33,8.09
542.79,39.86,20.08,22.56,8.02,72.85,44.03,59.33,8.09
542.80,39.86,20.05,22.52,8.02,72.85,44.12,59.33,8.09
542.81,39.94,20.08,22.52,8.02,72.85,44.03,59.33,8.09
542.82,39.94,20.08,22.52,8.02,73.08,43.93,59.33,8.09
542.83,39.94,20.11,22.52,8.02,72.85,44.03,59.49,8.09
542.84,39.94,20.08,22.52,8.02,72.85,44.03,59.33,8.09
542.85,39.94,20.08,22.56,8.04,72.85,44.03,59.33,8.09
542.86,39.94,20.08,22.56,8.02,72.85,44.03,59.33,8.10
542.87,39.94,20.08,22.52,8.02,73.08,44.03,59.49,8.10
542.88,39.86,20.08,22.56,8.02,72.85,44.03,59.33,8.08
542.89,39.86,20.08,22.56,8.04,72.85,44.03,59.33,8.08
542.90,39.86,20.11,22.52,8.01,73.08,43.93,59.33,8.08
542.91,39.86,20.08,22.56,8.02,73.08,44.12,59.49,8.09
542.92,39.86,20.08,22.56,8.02,73.08,44.12,59.33,8.08
542.93,39.86,20.08,22.56,8.04,72.85,44.12,59.33,8.08
542.94,39.86,20.08,22.56,8.02,72.85,44.03,59.49,8.08
542.95,39.86,20.08,22.56,8.04,72.85,43.93,59.49,8.09
542.96,39.86,20.08,22.56,8.02,73.08,44.03,59.49,8.09
542.97,40.02,20.11,22.52,8.04,72.85,44.03,59.33,8.09
542.98,39.86,20.05,22.52,8.04,72.85,44.12,59.49,8.09
542.99,39.86,20.11,22.56,8.02,73.08,44.12,59.33,8.10
543.00,39.86,20.08,22.56,8.02,72.85,44.03,59.33,8.09
543.01,39.86,20.08,22.52,8.01,72.85,44.03,59.33,8.08
543.02,39.86,20.08,22.56,8.02,72.85,44.03,59.49,8.09
543.03,39.86,20.08,22.56,8.02,73.08,44.12,59.33,8.08
543.04,39.86,20.08,22.52,8.02,72.85,44.03,59.33,8.09
543.05,39.86,20.08,22.52,8.01,72.85,43.93,59.33,8.09
543.06,39.86,20.08,22.52,8.04,73.08,44.12,59.49,8.09
543.07,39.86,20.08,22.52,8.02,73.08,43.93,59.49,8.09
543.08,39.86,20.08,22.52,8.02,72.85,44.12,59.33,8.07
543.09,39.94,20.08,22.52,8.02,72.85,44.12,59.33,8.10
543.10,39.86,20.08,22.52,8.02,73.08,44.03,59.33,8.08
543.11,39.94,20.08,22.52,8.02,73.08,44.03,59.33,8.09
543.12,39.86,20.08,22.56,8.02,72.85,44.03,59.33,8.09
543.13,39.86,20.08,22.56,8.02,72.85,44.03,59.33,8.07
543.14,39.86,20.08,22.52,8.02,72.85,44.12,59.33,8.08
543.15,39.94,20.08,22.52,8.04,73.08,44.03,59.33,8.09
543.16,39.86,20.08,22.52,8.04,73.08,43.93,59.49,8.09
543.17,39.94,20.08,22.52,8.02,73.08,44.03,59.33,8.09
543.18,39.86,20.08,22.52,8.01,73.08,44.03,59.33,8.08
543.19,39.94,20.11,22.56,8.02,72.85,43.93,59.49,8.10
543.20,39.86,20.11,22.52,8.02,72.85,44.03,59.33,8.09
543.21,39.86,20.08,22.56,8.02,72.85,44.03,59.49,8.09
543.22,39.94,20.08,22.56,8.02,72.85,44.03,59.33,8.09
543.23,39.78,20.08,22.52,8.02,73.08,44.12,59.33,8.09
543.24,39.94,20.11,22.56,8.02,73.08,44.12,59.33,8.10
543.25,39.86,20.08,22.52,8.02,73.08,43.93,59.33,8.08
543.26,39.86,20.08,22.56,8.02,72.85,43.93,59.49,8.08
543.27,39.86,20.08,22.52,8.02,72.85,44.12,59.33,8.08
543.28,39.86,20.11,22.52,8.04,73.08,44.12,59.33,8.09
543.29,39.86,20.08,22.52,8.02,72.85,44.03,59.33,8.09
543.30,39.86,20.11,22.56,8.02,72.85,44.03,59.33,8.09
543.31,39.86,20.08,22.52,8.01,72.85,44.12,59.33,8.09
543.32,39.86,20.08,22.56,8.02,72.85,44.12,59.49,8.09
543.33,39.86,20.08,22.52,8.02,73.08,44.03,59.33,8.08
543.34,39.86,20.08,22.52,8.02,73.08,44.03,59.64,8.09
543.35,39.86,20.08,22.56,8.02,72.85,44.12,59.33,8.09
543.36,39.86,20.11,22.56,8.02,72.85,44.12,59.49,8.08
543.37,39.86,20.08,22.52,8.04,72.85,44.12,59.33,8.09
543.38,39.86,20.08,22.52,8.02,73.08,44.03,59.33,8.09
543.39,39.86,20.11,22.52,8.02,73.08,44.12,59.49,8.08
543.40,39.86,20.08,22.52,8.04,72.85,44.03,59.33,8.09
543.41,39.86,20.08,22.56,8.02,73.08,44.03,59.33,8.09
543.42,39.86,20.08,22.52,8.02,72.85,44.03,59.49,8.09
543.43,39.86,20.08,22.56,8.02,72.85,44.12,59.33,8.09
543.44,39.86,20.08,22.56,8.02,72.85,44.03,59.33,8.09
543.45,39.86,20.08,22.52,8.02,73.08,44.03,59.49,8.08
543.46,39.86,20.08,22.52,8.04,73.08,44.12,59.33,8.09
543.47,39.94,20.11,22.56,8.02,72.85,44.03,59.33,8.09
543.48,39.86,20.08,22.52,8.02,73.08,43.93,59.33,8.09
543.49,39.86,20.08,22.52,8.02,72.85,44.12,59.33,8.10
543.50,39.86,20.08,22.52,8.02,72.85,44.12,59.49,8.08
543.51,39.94,20.08,22.56,8.02,72.85,44.03,59.33,8.09
543.52,39.86,20.08,22.56,8.02,73.08,44.12,59.33,8.08
543.53,39.94,20.11,22.52,8.02,72.85,44.03,59.33,8.09
543.54,39.86,20.11,22.56,8.02,73.08,44.03,59.33,8.08
543.55,39.86,20.05,22.56,8.02,72.85,43.93,59.33,8.08
543.56,39.86,20.08,22.52,8.04,72.85,44.03,59.33,8.09
543.57,39.86,20.08,22.56,8.02,73.08,44.12,59.33,8.09
543.58,39.94,20.08,22.56,8.01,72.85,44.12,59.49,8.09
543.59,39.94,20.08,22.56,8.02,73.08,44.03,59.33,8.09
543.60,39.86,20.08,22.52,8.01,72.85,44.03,59.33,8.08
543.61,39.86,20.11,22.52,8.01,72.85,44.12,59.33,8.09
543.64,39.86,20.11,22.56,8.02,72.85,44.12,59.49,8.10
543.64,39.86,20.08,22.56,8.02,72.85,44.03,59.33,8.08
543.65,39.86,20.08,22.52,8.02,72.85,44.12,59.33,8.09
543.66,39.86,20.08,22.52,8.04,72.85,44.12,59.33,8.09
543.67,39.86,20.11,22.56,8.02,72.85,44.12,59.49,8.08
543.68,39.86,20.08,22.52,8.02,72.85,44.12,59.33,8.09
543.69,39.94,20.08,22.56,8.04,73.08,43.93,59.49,8.09
543.70,39.94,20.08,22.52,8.04,73.08,44.03,59.49,8.09
543.71,39.86,20.08,22.56,8.02,72.85,44.12,59.33,8.09
543.72,39.86,20.08,22.56,8.02,72.85,44.12,59.33,8.08
543.73,39.86,20.08,22.52,8.04,73.08,44.12,59.33,8.09
543.74,39.86,20.08,22.52,8.02,73.08,44.03,59.49,8.08
543.75,39.86,20.08,22.52,8.04,72.85,44.03,59.33,8.08
543.76,39.94,20.08,22.52,8.02,72.85,44.12,59.49,8.09
543.77,39.86,20.11,22.52,8.02,72.85,44.12,59.33,8.08
543.78,39.86,20.08,22.52,8.01,73.08,44.12,59.33,8.08
543.79,39.86,20.08,22.52,8.02,72.85,44.03,59.49,8.08
543.80,39.94,20.08,22.56,8.04,72.85,44.12,59.49,8.09
543.81,39.94,20.08,22.52,8.02,72.85,44.12,59.49,8.09
543.82,39.86,20.11,22.52,8.01,72.85,44.12,59.49,8.08
543.83,39.86,20.08,22.56,8.02,72.85,44.03,59.33,8.09
543.84,39.86,20.08,22.52,8.04,73.08,44.03,59.33,8.09
543.85,39.86,20.11,22.56,8.02,72.85,44.03,59.33,8.09
543.86,39.86,20.08,22.52,8.02,72.85,43.93,59.33,8.09
543.87,39.86,20.08,22.52,8.02,72.85,44.03,59.18,8.08
543.88,39.86,20.08,22.52,8.01,72.85,44.12,59.33,8.09
543.89,39.86,20.08,22.52,8.02,72.85,44.03,59.33,8.08
543.90,39.94,20.08,22.56,8.02,72.85,44.03,59.33,8.09
543.91,39.86,20.08,22.52,8.02,73.08,44.03,59.33,8.10
543.92,39.86,20.11,22.52,8.02,73.08,44.12,59.49,8.09
543.93,39.94,20.08,22.56,8.02,72.85,44.12,59.33,8.09
543.94,39.86,20.08,22.52,8.02,73.08,44.03,59.33,8.10
543.95,39.86,20.08,22.56,8.02,72.85,44.12,59.33,8.08
543.96,39.86,20.08,22.52,8.02,72.85,43.93,59.33,8.09
543.97,39.86,20.08,22.52,8.04,72.85,44.22,59.49,8.09
543.98,39.86,20.05,22.52,8.02,73.08,44.12,59.33,8.09
543.99,39.86,20.05,22.52,8.04,72.85,44.03,59.33,8.08
544.00,39.86,20.08,22.52,8.01,72.85,44.12,59.33,8.09
544.01,39.94,20.11,22.52,8.02,72.85,44.03,59.33,8.08
544.02,39.86,20.11,22.52,8.04,73.08,44.12,59.49,8.08
544.03,39.86,20.08,22.52,8.04,72.85,44.03,59.33,8.08
544.04,39.86,20.08,22.49,8.01,73.08,44.12,59.33,8.09
544.05,39.86,20.11,22.52,8.04,72.85,44.03,59.49,8.09
544.06,39.86,20.08,22.52,8.02,73.08,44.03,59.33,8.09
544.07,39.86,20.08,22.52,8.02,72.85,44.12,59.33,8.08
544.08,39.86,20.11,22.52,8.02,73.08,44.03,59.33,8.08
544.09,39.94,20.11,22.52,8.01,73.08,44.03,59.33,8.09
544.10,39.86,20.08,22.52,8.02,72.85,44.12,59.33,8.09
544.11,39.86,20.05,22.52,8.04,72.85,44.12,59.33,8.08
544.12,39.94,20.08,22.56,8.02,73.08,44.12,59.33,8.08
544.13,39.86,20.08,22.56,8.02,72.85,44.12,59.49,8.08
544.14,39.86,20.11,22.52,8.02,72.85,44.12,59.33,8.08
544.15,39.86,20.05,22.52,8.02,72.85,44.03,59.49,8.09
544.16,39.86,20.11,22.52,8.04,72.85,44.12,59.49,8.09
544.17,39.94,20.16,22.52,8.04,72.85,44.12,59.33,8.08
544.18,39.94,20.08,22.52,8.02,73.08,44.03,59.33,8.09
544.19,39.86,20.08,22.52,8.02,72.85,44.03,59.33,8.10
544.20,39.94,20.08,22.52,8.02,72.85,44.12,59.49,8.08
544.21,39.86,20.08,22.52,8.02,72.85,44.03,59.33,8.09
544.22,39.86,20.08,22.52,8.02,72.85,43.93,59.33,8.08
544.23,39.86,20.08,22.56,8.02,72.85,44.03,59.33,8.09
544.24,39.86,20.08,22.52,8.02,72.85,44.12,59.49,8.09
544.25,39.86,20.08,22.52,8.02,73.08,44.03,59.33,8.09
544.26,39.86,20.11,22.52,8.02,72.85,44.03,59.49,8.08
544.27,39.94,20.08,22.52,8.04,72.85,44.03,59.33,8.08
544.28,39.86,20.11,22.52,8.02,72.85,43.93,59.33,8.08
544.29,39.86,20.08,22.52,8.02,72.85,44.12,59.33,8.08
544.30,39.86,20.08,22.52,8.04,73.08,44.12,59.49,8.09
544.31,39.94,20.08,22.52,8.01,73.08,44.12,59.33,8.08
544.32,39.86,20.08,22.56,8.04,72.85,44.03,59.49,8.09
544.33,39.86,20.08,22.52,8.04,72.85,44.03,59.33,8.08
544.34,39.86,20.08,22.52,8.01,73.08,44.12,59.49,8.09
544.35,39.94,20.08,22.52,8.02,72.85,44.12,59.33,8.09
544.36,39.94,20.08,22.56,8.02,73.08,44.03,59.33,8.08
544.37,39.86,20.08,22.52,8.01,72.85,44.12,59.33,8.09
544.38,39.86,20.11,22.52,8.02,73.08,44.12,59.33,8.09
544.39,40.02,20.08,22.52,8.02,72.85,44.12,59.33,8.09
544.40,39.86,20.08,22.52,8.01,72.85,44.03,59.49,8.09
544.41,39.86,20.08,22.52,8.02,73.08,44.12,59.33,8.09
544.42,39.86,20.08,22.56,8.01,73.08,44.12,59.33,8.10
544.43,39.86,20.08,22.52,8.02,72.85,44.03,59.49,8.09
544.44,39.86,20.08,22.56,8.02,72.63,44.12,59.49,8.09
544.45,39.86,20.08,22.52,8.02,72.85,44.03,59.33,8.09
544.46,39.86,20.08,22.52,8.01,72.85,43.93,59.33,8.09
544.47,39.94,20.08,22.52,8.02,72.85,44.12,59.49,8.08
544.48,39.86,20.08,22.52,8.02,73.30,44.03,59.33,8.08
544.49,39.94,20.08,22.56,8.04,73.08,44.03,59.33,8.09
544.50,39.86,20.08,22.52,8.02,72.85,44.03,59.33,8.08
544.51,39.86,20.08,22.52,8.02,73.08,44.03,59.33,8.10
544.52,39.86,20.08,22.52,8.02,72.85,44.12,59.49,8.09
544.53,39.86,20.11,22.56,8.02,72.85,44.12,59.18,8.08
544.54,39.86,20.11,22.52,8.01,73.08,44.03,59.64,8.09
544.55,39.94,20.05,22.52,8.02,73.08,44.12,59.49,8.09
544.56,39.86,20.08,22.52,8.01,72.85,44.03,59.33,8.09
544.57,39.86,20.08,22.56,8.02,72.85,44.12,59.33,8.09
544.58,39.86,20.11,22.56,8.02,72.85,44.12,59.33,8.08
544.59,39.86,20.08,22.52,8.02,72.85,44.12,59.33,8.08
544.60,39.86,20.08,22.52,8.02,72.85,44.12,59.49,8.09
544.61,39.86,20.08,22.52,8.02,72.85,44.03,59.49,8.09
544.62,39.94,20.08,22.56,8.02,72.85,44.03,59.49,8.09
544.63,39.86,20.08,22.52,8.04,72.85,44.12,59.49,8.09
544.64,39.86,20.05,22.52,8.01,72.85,44.03,59.33,8.08
544.65,39.86,20.08,22.52,8.01,72.85,44.03,59.33,8.08
544.66,39.86,20.08,22.52,8.04,72.85,44.12,59.33,8.08
544.67,39.86,20.11,22.56,8.02,73.08,44.12,59.33,8.09
544.68,39.86,20.08,22.52,8.02,73.08,44.03,59.49,8.09
544.69,39.86,20.11,22.56,8.02,73.08,44.03,59.33,8.09
544.70,39.86,20.08,22.52,8.04,73.08,44.03,59.49,8.10
544.71,39.86,20.05,22.52,8.04,72.85,44.12,59.49,8.08
544.72,39.86,20.08,22.56,8.02,72.85,44.12,59.33,8.09
544.73,39.86,20.08,22.52,8.02,72.85,44.12,59.33,8.09
544.74,39.94,20.08,22.52,8.04,72.85,44.03,59.33,8.09
544.75,39.86,20.08,22.52,8.02,72.85,44.12,59.49,8.09
544.76,39.94,20.08,22.52,8.02,72.85,44.03,59.33,8.09
544.77,39.86,20.08,22.52,8.04,72.85,44.12,59.49,8.10
544.78,39.86,20.08,22.56,8.01,72.85,44.12,59.33,8.09
544.79,39.94,20.08,22.52,8.04,72.85,44.03,59.18,8.09
544.80,39.86,20.08,22.56,8.02,72.85,44.12,59.33,8.09
544.81,39.86,20.08,22.52,8.01,72.85,44.12,59.33,8.09
544.82,39.86,20.08,22.52,8.02,73.08,44.12,59.33,8.09
544.83,39.94,20.08,22.52,8.04,73.08,44.12,59.33,8.08
544.84,39.86,20.08,22.56,8.04,72.85,44.12,59.49,8.08
544.85,39.86,20.11,22.56,8.02,72.85,44.12,59.33,8.08
544.86,39.94,20.11,22.56,8.02,72.85,44.03,59.33,8.09
544.87,39.86,20.11,22.52,8.02,72.85,43.93,59.49,8.09
544.88,39.86,20.11,22.52,8.02,72.85,44.12,59.33,8.09
544.89,39.94,20.11,22.52,8.02,72.85,44.12,59.33,8.09
544.90,39.94,20.08,22.56,8.02,72.85,44.12,59.33,8.08
544.91,39.86,20.08,22.52,8.02,72.85,44.03,59.49,8.08
544.92,39.86,20.08,22.52,8.02,72.85,44.12,59.33,8.09
544.93,39.86,20.08,22.52,8.02,72.85,44.03,59.49,8.09
544.94,39.94,20.08,22.56,8.04,73.08,44.12,59.49,8.09
544.95,39.86,20.08,22.52,8.04,72.85,44.03,59.33,8.08
544.96,39.86,20.11,22.56,8.02,73.08,44.03,59.33,8.09
544.97,39.86,20.11,22.52,8.02,72.85,44.03,59.33,8.09
544.98,39.94,20.11,22.52,8.02,72.85,44.12,59.33,8.08
544.99,39.94,20.08,22.52,8.01,73.08,44.12,59.33,8.08
545.00,39.94,20.08,22.52,8.04,72.85,44.12,59.33,8.08
545.01,39.86,20.11,22.52,8.04,72.85,44.03,59.49,8.08
545.02,39.94,20.08,22.52,8.04,72.85,44.12,59.49,8.09
545.03,39.86,20.08,22.52,8.02,72.85,44.12,59.49,8.09
545.04,39.86,20.08,22.52,8.04,72.85,44.12,59.33,8.09
545.05,39.86,20.08,22.56,8.02,73.08,44.12,59.49,8.09
545.06,39.86,20.08,22.52,8.02,72.85,43.93,59.49,8.09
545.07,39.94,20.08,22.52,8.04,72.85,44.03,59.33,8.09
545.08,39.86,20.11,22.56,8.02,73.08,44.03,59.33,8.09
545.09,39.86,20.08,22.52,8.01,72.85,44.12,59.49,8.08
545.10,39.94,20.08,22.52,8.02,72.85,44.12,59.33,8.09
545.11,39.94,20.08,22.52,8.04,72.85,44.03,59.33,8.09
545.12,39.86,20.08,22.52,8.02,72.85,44.03,59.33,8.09
545.13,39.86,20.08,22.56,8.02,72.85,44.12,59.33,8.09
545.14,39.86,20.08,22.52,8.02,73.08,44.03,59.33,8.09
545.15,39.86,20.08,22.49,8.02,72.85,44.12,59.49,8.09
545.16,39.86,20.11,22.56,8.02,73.08,44.12,59.33,8.09
545.17,39.86,20.11,22.52,8.01,72.85,44.03,59.33,8.07
545.18,39.86,20.08,22.52,8.01,72.85,44.12,59.33,8.08
545.19,39.86,20.08,22.52,8.04,72.85,44.03,59.33,8.08
545.20,39.86,20.11,22.52,8.04,72.85,44.12,59.49,8.10
545.21,39.86,20.05,22.52,8.04,72.85,44.03,59.33,8.08
545.22,39.86,20.08,22.52,8.02,73.08,44.12,59.33,8.08
545.23,39.86,20.11,22.52,8.01,73.08,44.12,59.49,8.08
545.24,39.94,20.11,22.52,8.02,72.85,44.12,59.49,8.09
545.25,39.86,20.08,22.56,8.02,72.85,44.03,59.49,8.09
545.26,39.94,20.08,22.52,8.02,72.85,44.03,59.33,8.09
545.27,39.86,20.08,22.52,8.02,73.08,44.03,59.49,8.09
545.28,39.86,20.08,22.56,8.02,72.85,44.03,59.33,8.08
545.29,39.94,20.08,22.52,8.04,73.08,44.03,59.33,8.10
545.30,39.86,20.08,22.56,8.02,73.08,44.12,59.49,8.10
545.31,39.86,20.11,22.56,8.02,72.85,44.12,59.33,8.09
545.32,39.94,20.08,22.52,8.02,72.85,44.12,59.33,8.08
545.33,39.86,20.08,22.52,8.01,72.85,44.03,59.33,8.08
545.34,39.86,20.08,22.56,8.02,72.85,44.12,59.49,8.09
545.37,39.86,20.05,22.56,8.01,72.85,44.03,59.49,8.09
545.37,39.86,20.08,22.52,8.02,72.85,44.12,59.33,8.08
545.38,39.86,20.08,22.52,8.04,72.85,44.03,59.33,8.09
545.39,39.86,20.08,22.56,8.04,72.85,43.93,59.33,8.08
545.40,39.86,20.08,22.56,8.04,72.85,44.03,59.33,8.09
545.41,39.86,20.11,22.52,8.02,72.85,44.03,59.33,8.09
545.42,39.86,20.08,22.52,8.04,72.85,44.03,59.33,8.09
545.43,39.94,20.11,22.52,8.02,72.85,43.93,59.49,8.09
545.44,39.86,20.08,22.56,8.04,72.85,44.22,59.33,8.08
545.45,39.86,20.11,22.56,8.02,72.85,43.93,59.33,8.09
545.46,39.86,20.11,22.56,8.04,73.08,44.12,59.49,8.08
545.47,39.86,20.11,22.52,8.02,72.85,44.12,59.33,8.09
545.48,39.86,20.11,22.52,8.02,72.85,44.12,59.33,8.09
545.49,39.86,20.08,22.52,8.02,72.85,44.03,59.33,8.08
545.50,39.86,20.11,22.52,8.02,72.85,44.12,59.49,8.10
545.51,39.86,20.11,22.52,8.02,72.85,44.03,59.49,8.09
545.52,39.86,20.08,22.56,8.02,73.08,44.12,59.49,8.08
545.53,39.86,20.11,22.52,8.02,72.85,44.03,59.49,8.09
545.54,39.94,20.08,22.56,8.02,72.85,44.03,59.33,8.09
545.55,39.86,20.11,22.52,8.02,72.85,44.12,59.49,8.09
545.56,39.78,20.11,22.52,8.02,73.08,44.03,59.49,8.10
545.57,39.94,20.08,22.52,8.02,72.85,44.12,59.49,8.10
545.58,39.86,20.08,22.52,8.04,73.08,44.12,59.33,8.10
545.59,39.94,20.11,22.52,8.02,72.85,44.12,59.33,8.08
545.60,39.94,20.08,22.56,8.02,72.85,44.03,59.33,8.09
545.61,39.86,20.11,22.52,8.02,72.85,44.12,59.49,8.08
545.62,39.86,20.08,22.59,8.02,72.85,44.12,59.33,8.09
545.63,39.86,20.08,22.52,8.04,73.08,44.03,59.33,8.09
545.64,39.86,20.08,22.56,8.02,72.85,44.12,59.33,8.09
545.65,39.94,20.11,22.52,8.02,73.08,44.12,59.33,8.09
545.66,39.86,20.08,22.52,8.02,72.85,43.93,59.49,8.08
545.67,39.86,20.08,22.52,8.04,72.85,44.12,59.33,8.09
545.68,39.86,20.11,22.52,8.02,72.85,44.12,59.33,8.10
545.69,39.86,20.08,22.56,8.02,73.08,44.03,59.49,8.10
545.70,39.86,20.08,22.52,8.04,72.85,44.12,59.49,8.08
545.71,39.86,20.08,22.52,8.01,72.85,44.12,59.49,8.09
545.72,39.86,20.08,22.52,8.02,72.85,44.12,59.64,8.09
545.73,39.86,20.08,22.52,8.01,72.85,44.12,59.18,8.09
545.74,39.86,20.08,22.52,8.02,73.08,44.12,59.49,8.09
545.75,39.86,20.11,22.52,8.02,73.08,44.03,59.49,8.09
545.76,39.86,20.11,22.52,8.02,72.85,44.12,59.49,8.09
545.77,39.86,20.08,22.52,8.04,72.85,44.12,59.33,8.08
545.78,39.86,20.08,22.52,8.02,72.85,44.03,59.33,8.08
545.79,39.86,20.08,22.52,8.02,72.85,44.12,59.33,8.10
545.80,39.86,20.08,22.52,8.01,72.85,44.12,59.49,8.09
545.81,39.86,20.08,22.52,8.02,72.85,44.12,59.33,8.08
545.82,39.86,20.08,22.52,8.02,72.85,44.12,59.49,8.09
545.83,39.86,20.11,22.52,8.04,73.08,44.12,59.33,8.08
545.84,39.86,20.11,22.52,8.02,72.85,44.12,59.49,8.09
545.85,39.86,20.08,22.52,8.04,73.08,44.03,59.33,8.10
545.86,39.86,20.08,22.52,8.02,72.85,44.22,59.33,8.08
545.87,39.86,20.11,22.56,8.04,72.85,44.03,59.33,8.08
545.88,39.86,20.08,22.52,8.02,73.08,44.12,59.49,8.08
545.89,39.86,20.08,22.52,8.02,72.85,44.03,59.33,8.09
545.90,39.86,20.11,22.52,8.02,72.85,44.12,59.49,8.08
545.91,39.86,20.11,22.52,8.02,73.08,44.12,59.33,8.09
545.92,39.86,20.11,22.52,8.02,72.85,44.12,59.33,8.09
545.93,39.86,20.08,22.52,8.04,73.08,44.12,59.49,8.09
545.94,39.86,20.11,22.52,8.01,73.08,44.12,59.33,8.09
545.95,39.86,20.11,22.52,8.04,72.85,44.12,59.49,8.08
545.96,39.86,20.08,22.56,8.04,72.85,44.12,59.49,8.10
545.97,39.86,20.11,22.56,8.04,72.85,44.03,59.49,8.09
545.98,39.86,20.11,22.52,8.02,73.08,44.03,59.33,8.10
545.99,39.86,20.08,22.52,8.02,72.85,44.12,59.49,8.10
546.00,39.94,20.08,22.56,8.02,72.85,44.12,59.49,8.09
546.01,39.86,20.08,22.52,8.02,72.85,44.03,59.49,8.09
546.02,39.86,20.08,22.52,8.02,72.85,44.12,59.33,8.09
546.03,39.86,20.11,22.52,8.01,73.08,44.12,59.33,8.08
546.04,39.94,20.11,22.52,8.04,73.08,44.12,59.33,8.09
546.05,39.86,20.08,22.56,8.02,72.85,44.12,59.33,8.10
546.06,39.86,20.11,22.52,8.04,73.08,44.03,59.33,8.08
546.07,39.94,20.11,22.56,8.04,72.85,43.93,59.33,8.08
546.08,39.86,20.08,22.52,8.02,72.85,44.12,59.33,8.09
546.09,39.86,20.08,22.52,8.02,73.08,44.12,59.49,8.09
546.10,39.86,20.08,22.52,8.02,72.85,44.12,59.49,8.08
546.11,39.86,20.11,22.56,8.02,73.08,44.12,59.33,8.09
546.12,39.86,20.11,22.52,8.04,72.85,44.12,59.64,8.09
546.13,39.86,20.08,22.56,8.04,73.08,44.12,59.49,8.08
546.14,39.86,20.08,22.52,8.01,72.85,44.03,59.33,8.09
546.15,39.86,20.11,22.56,8.04,73.08,44.03,59.49,8.08
546.16,39.86,20.11,22.56,8.04,73.08,44.12,59.49,8.09
546.17,39.86,20.11,22.52,8.02,72.85,44.03,59.49,8.09
546.18,39.86,20.08,22.56,8.02,73.08,44.03,59.49,8.09
546.19,39.94,20.11,22.52,8.02,73.08,44.03,59.33,8.09
546.20,39.86,20.08,22.52,8.02,72.85,44.12,59.49,8.08
546.21,39.86,20.11,22.52,8.01,72.85,44.03,59.49,8.09
546.22,39.86,20.08,22.56,8.02,73.08,44.12,59.49,8.09
546.23,39.86,20.08,22.52,8.02,72.85,44.12,59.49,8.10
546.24,39.86,20.11,22.52,8.04,73.08,44.12,59.49,8.09
546.25,39.86,20.08,22.52,8.02,72.85,44.12,59.33,8.09
546.26,39.86,20.11,22.52,8.02,73.08,44.12,59.33,8.08
546.27,39.86,20.08,22.52,8.02,72.85,44.12,59.33,8.09
546.28,39.86,20.14,22.52,8.04,72.85,44.03,59.49,8.09
546.29,39.94,20.08,22.52,8.02,73.08,44.12,59.49,8.09
546.30,39.86,20.11,22.52,8.04,73.08,44.03,59.33,8.08
546.31,39.86,20.08,22.52,8.04,73.08,44.12,59.33,8.10
546.32,39.86,20.11,22.52,8.01,73.08,44.12,59.33,8.08
546.33,39.94,20.11,22.52,8.02,73.08,44.12,59.33,8.09
546.34,39.86,20.08,22.56,8.02,72.85,44.03,59.49,8.09
546.35,39.86,20.11,22.52,8.02,73.08,44.12,59.49,8.09
546.36,39.86,20.08,22.52,8.02,72.85,44.12,59.49,8.10
546.37,39.94,20.08,22.52,8.04,72.85,44.12,59.49,8.09
546.38,39.86,20.11,22.52,8.01,72.85,44.12,59.49,8.09
546.39,39.86,20.08,22.52,8.01,73.08,44.03,59.49,8.09
546.40,39.86,20.08,22.52,8.02,72.85,44.12,59.49,8.09
546.41,39.86,20.11,22.52,8.04,73.08,44.12,59.49,8.09
546.42,39.94,20.08,22.56,8.02,73.08,44.12,59.33,8.09
546.43,39.86,20.11,22.56,8.02,72.85,44.12,59.33,8.09
546.44,39.86,20.11,22.52,8.02,72.85,44.12,59.49,8.09
546.45,39.94,20.08,22.52,8.01,73.08,44.12,59.49,8.09
546.46,39.86,20.08,22.56,8.02,73.08,44.12,59.49,8.09
546.47,39.86,20.08,22.56,8.04,72.85,44.12,59.49,8.09
546.48,39.86,20.08,22.52,8.02,72.85,44.12,59.33,8.09
546.49,39.86,20.11,22.52,8.02,72.85,44.03,59.33,8.10
546.50,39.86,20.08,22.52,8.02,73.08,44.03,59.49,8.08
546.51,39.86,20.05,22.52,8.02,72.85,44.12,59.33,8.09
546.52,39.86,20.08,22.52,8.02,73.08,44.03,59.33,8.08
546.53,39.86,20.08,22.52,8.02,72.85,44.03,59.49,8.09
546.54,39.94,20.14,22.52,8.02,73.08,44.03,59.49,8.08
546.55,39.94,20.08,22.52,8.02,72.85,44.03,59.33,8.09
546.56,39.86,20.11,22.52,8.02,73.08,44.03,59.33,8.10
546.57,39.86,20.08,22.56,8.04,72.85,43.93,59.33,8.09
546.58,39.86,20.08,22.56,8.02,73.08,44.12,59.49,8.10
546.59,39.86,20.11,22.52,8.02,73.08,44.12,59.33,8.09
546.60,39.94,20.11,22.52,8.04,72.85,44.03,59.49,8.09
546.61,39.86,20.11,22.52,8.04,73.08,44.12,59.33,8.09
546.62,39.86,20.11,22.52,8.02,73.08,44.12,59.33,8.09
546.63,39.86,20.08,22.52,8.02,73.08,44.22,59.33,8.09
546.64,39.86,20.11,22.52,8.02,73.08,44.12,59.33,8.09
546.65,39.94,20.11,22.56,8.02,73.08,44.12,59.49,8.08
546.66,39.86,20.11,22.52,8.02,73.08,44.22,59.33,8.09
546.67,39.94,20.08,22.52,8.02,72.85,44.03,59.49,8.08
546.68,39.94,20.11,22.52,8.04,72.85,44.03,59.49,8.08
546.69,39.94,20.11,22.52,8.02,72.85,44.03,59.33,8.08
546.70,39.86,20.11,22.52,8.02,72.85,44.12,59.49,8.10
546.71,39.94,20.11,22.52,8.02,73.08,44.03,59.33,8.08
546.72,39.86,20.11,22.56,8.02,72.85,44.03,59.49,8.10
546.73,39.86,20.08,22.52,8.02,72.85,44.12,59.33,8.09
546.74,39.86,20.11,22.52,8.04,72.85,44.22,59.49,8.08
546.75,39.86,20.11,22.56,8.02,72.85,44.12,59.33,8.08
546.76,39.94,20.11,22.56,8.04,72.85,44.12,59.33,8.09
546.77,39.86,20.11,22.52,8.04,72.85,44.12,59.33,8.09
546.78,39.78,20.11,22.56,8.02,73.08,44.12,59.49,8.09
546.79,39.78,20.08,22.56,8.02,73.08,44.12,59.33,8.08
546.80,39.86,20.08,22.52,8.02,72.85,44.12,59.49,8.10
546.81,39.94,20.08,22.52,8.02,73.08,44.12,59.49,8.09
546.82,39.86,20.08,22.56,8.04,73.08,44.12,59.49,8.09
546.83,39.86,20.08,22.56,8.04,72.85,44.12,59.49,8.09
546.84,39.94,20.11,22.52,8.04,72.85,44.12,59.49,8.09
546.85,39.94,20.11,22.56,8.02,73.08,44.12,59.49,8.08
546.86,39.94,20.11,22.56,8.04,72.85,44.12,59.49,8.09
546.87,39.94,20.08,22.56,8.04,72.85,44.12,59.49,8.10
546.88,39.86,20.11,22.52,8.01,73.08,44.03,59.49,8.10
546.89,39.86,20.08,22.52,8.02,72.85,44.03,59.49,8.09
546.90,39.94,20.11,22.56,8.02,73.08,44.12,59.49,8.08
546.91,39.86,20.08,22.56,8.04,73.08,44.12,59.64,8.09
546.92,39.94,20.08,22.52,8.02,72.85,44.03,59.33,8.08
546.93,39.94,20.08,22.52,8.04,73.08,44.22,59.33,8.08
546.94,39.86,20.11,22.56,8.02,72.85,44.12,59.49,8.08
546.95,39.86,20.08,22.56,8.02,73.08,44.12,59.49,8.09
546.96,39.86,20.11,22.56,8.02,72.85,44.12,59.33,8.09
546.97,39.86,20.08,22.56,8.02,72.85,44.22,59.33,8.08
546.98,39.86,20.08,22.56,8.04,73.08,44.12,59.49,8.09
546.99,39.94,20.08,22.56,8.02,73.08,44.12,59.49,8.09
547.00,39.94,20.14,22.52,8.02,72.85,44.12,59.49,8.09
547.01,39.86,20.11,22.52,8.02,72.85,44.12,59.33,8.09
547.02,39.86,20.11,22.52,8.02,73.08,44.12,59.49,8.09
547.03,39.86,20.08,22.56,8.02,72.85,44.22,59.33,8.09
547.04,39.94,20.08,22.52,8.04,73.08,44.12,59.33,8.09
547.05,39.94,20.08,22.52,8.02,72.85,44.03,59.49,8.09
547.06,39.94,20.11,22.56,8.02,73.08,44.03,59.49,8.09
547.07,39.86,20.08,22.52,8.04,73.08,44.03,59.33,8.09
547.08,39.94,20.08,22.56,8.04,73.08,44.03,59.49,8.09
547.09,39.86,20.11,22.56,8.04,73.08,44.12,59.33,8.09
547.10,39.86,20.08,22.56,8.02,73.08,44.12,59.33,8.08
547.11,39.86,20.11,22.56,8.02,72.85,44.12,59.33,8.09
547.12,39.86,20.11,22.52,8.04,73.08,44.22,59.49,8.09
547.13,39.86,20.08,22.56,8.02,73.08,44.12,59.33,8.09
547.14,39.94,20.11,22.56,8.02,73.08,44.12,59.49,8.09
547.15,39.86,20.11,22.52,8.04,73.08,44.12,59.49,8.08
547.16,39.86,20.11,22.56,8.02,73.08,44.12,59.49,8.11
547.17,39.94,20.11,22.56,8.02,72.85,44.12,59.49,8.09
547.18,39.94,20.11,22.56,8.02,72.85,44.03,59.33,8.09
547.19,39.86,20.11,22.56,8.02,73.08,44.12,59.33,8.10
547.20,39.94,20.11,22.56,8.01,72.85,44.03,59.49,8.09
547.21,39.94,20.11,22.56,8.01,73.08,44.12,59.49,8.08
547.22,39.94,20.11,22.52,8.02,73.08,44.12,59.49,8.09
547.23,39.94,20.11,22.56,8.04,73.08,44.22,59.33,8.09
547.24,39.86,20.11,22.56,8.02,72.85,44.12,59.49,8.10
547.25,39.94,20.08,22.56,8.02,72.85,44.12,59.49,8.09
547.26,39.94,20.11,22.56,8.02,72.85,44.12,59.49,8.09
547.27,39.94,20.11,22.52,8.04,72.85,44.12,59.49,8.10
547.28,39.86,20.08,22.52,8.04,72.85,44.12,59.49,8.09
547.29,39.94,20.11,22.56,8.02,73.08,44.12,59.49,8.09
547.30,39.94,20.08,22.56,8.04,73.08,44.12,59.33,8.10
547.31,39.94,20.11,22.52,8.04,72.85,44.12,59.49,8.08
547.32,39.86,20.11,22.52,8.02,73.08,44.12,59.49,8.09
547.33,39.94,20.11,22.52,8.02,72.85,44.03,59.49,8.10
547.34,39.94,20.11,22.52,8.04,73.08,44.12,59.33,8.09
547.35,39.86,20.14,22.56,8.02,73.08,44.12,59.49,8.09
547.36,39.94,20.11,22.56,8.02,72.85,44.12,59.49,8.09
547.37,39.94,20.14,22.56,8.02,72.85,44.12,59.49,8.08
547.38,39.94,20.08,22.52,8.02,73.08,44.03,59.49,8.09
547.39,39.86,20.11,22.52,8.04,73.08,44.03,59.49,8.09
547.40,39.94,20.11,22.52,8.02,73.08,44.22,59.33,8.09
547.41,39.86,20.11,22.52,8.02,73.08,44.12,59.33,8.09
547.42,39.86,20.08,22.56,8.02,73.08,44.12,59.33,8.09
547.43,39.86,20.08,22.56,8.04,73.08,44.12,59.49,8.09
547.44,39.86,20.11,22.56,8.04,73.08,44.22,59.49,8.09
547.45,39.94,20.11,22.52,8.02,72.85,44.12,59.33,8.08
547.46,39.94,20.11,22.56,8.02,72.85,44.12,59.49,8.09
547.47,39.86,20.11,22.56,8.02,73.08,44.12,59.49,8.09
547.48,39.86,20.11,22.56,8.02,73.08,44.12,59.49,8.09
547.49,39.86,20.11,22.56,8.01,73.08,44.12,59.49,8.08
547.50,39.94,20.11,22.56,8.04,73.08,44.12,59.49,8.10
547.51,39.86,20.11,22.56,8.02,73.08,44.12,59.49,8.09
547.52,39.86,20.11,22.52,8.02,73.08,44.12,59.49,8.09
547.53,39.86,20.11,22.56,8.04,73.08,44.12,59.49,8.09
547.54,39.94,20.11,22.52,8.02,73.08,44.12,59.33,8.09
547.55,39.94,20.11,22.56,8.04,73.08,44.12,59.49,8.10
547.56,39.94,20.08,22.56,8.02,73.08,44.12,59.49,8.09
547.57,39.86,20.11,22.56,8.02,72.85,44.12,59.49,8.10
547.58,39.94,20.11,22.56,8.02,73.08,44.12,59.33,8.09
547.59,39.86,20.11,22.56,8.01,72.85,44.12,59.64,8.09
547.60,39.86,20.11,22.56,8.04,73.08,44.12,59.49,8.10
547.61,39.94,20.11,22.56,8.02,72.85,44.22,59.49,8.09
547.62,39.94,20.11,22.56,8.02,73.08,44.12,59.33,8.09
547.63,39.94,20.08,22.52,8.02,73.08,44.03,59.49,8.09
547.64,39.94,20.11,22.56,8.02,73.08,44.12,59.64,8.10
547.65,39.94,20.11,22.56,8.04,72.85,44.12,59.49,8.10
547.66,39.94,20.11,22.52,8.02,73.08,44.22,59.33,8.09
547.67,39.86,20.08,22.56,8.02,73.08,44.12,59.49,8.10
547.68,39.94,20.11,22.56,8.02,73.08,44.12,59.49,8.09
547.69,39.94,20.11,22.56,8.02,72.85,44.12,59.33,8.10
547.70,39.94,20.08,22.52,8.02,73.08,44.12,59.33,8.09
547.71,39.94,20.08,22.52,8.02,73.08,44.12,59.33,8.09
547.72,39.86,20.14,22.56,8.02,73.08,44.12,59.49,8.09
547.73,39.94,20.14,22.56,8.04,72.85,44.22,59.49,8.10
547.74,39.86,20.11,22.56,8.04,72.85,44.12,59.49,8.09
547.75,39.94,20.14,22.56,8.02,72.85,44.12,59.49,8.09
547.76,39.94,20.11,22.56,8.02,73.08,44.12,59.49,8.10
547.77,39.86,20.11,22.56,8.04,73.08,44.03,59.49,8.09
547.78,39.94,20.11,22.56,8.04,73.08,44.22,59.49,8.09
547.79,39.86,20.11,22.56,8.04,73.08,44.12,59.49,8.09
547.80,39.94,20.11,22.56,8.02,73.08,44.12,59.49,8.09
547.81,39.94,20.11,22.56,8.04,73.08,44.03,59.49,8.09
547.82,39.86,20.11,22.56,8.02,73.08,44.12,59.49,8.09
547.83,39.94,20.11,22.56,8.02,73.08,44.22,59.49,8.10
547.84,39.94,20.11,22.56,8.02,72.85,44.03,59.33,8.08
547.85,39.94,20.11,22.56,8.04,73.08,44.31,59.49,8.09
547.86,39.86,20.11,22.56,8.04,72.85,44.12,59.49,8.09
547.87,39.94,20.11,22.52,8.02,72.85,44.12,59.49,8.08
547.88,39.94,20.11,22.52,8.02,73.08,44.12,59.49,8.09
547.89,39.86,20.11,22.56,8.04,72.85,44.12,59.49,8.09
547.90,39.86,20.08,22.56,8.04,73.08,44.12,59.49,8.09
547.91,39.86,20.08,22.56,8.02,72.85,44.22,59.49,8.08
547.92,39.94,20.08,22.56,8.04,73.08,44.12,59.49,8.09
547.93,39.94,20.14,22.56,8.02,73.08,44.12,59.49,8.09
547.94,39.86,20.11,22.52,8.02,73.08,44.12,59.49,8.09
547.95,39.94,20.14,22.52,8.02,73.08,44.12,59.49,8.09
547.96,40.02,20.11,22.56,8.02,73.08,44.12,59.49,8.09
547.97,39.86,20.11,22.56,8.02,73.08,44.12,59.33,8.09
547.98,39.86,20.11,22.56,8.02,73.08,44.12,59.33,8.09
547.99,39.86,20.11,22.52,8.02,73.08,44.12,59.33,8.10
548.00,39.94,20.11,22.56,8.02,73.08,44.12,59.49,8.09
548.01,39.94,20.11,22.56,8.02,73.08,44.12,59.49,8.09
548.02,39.94,20.11,22.56,8.02,73.08,44.12,59.33,8.09
548.03,39.94,20.08,22.52,8.02,72.85,44.12,59.49,8.09
548.04,39.86,20.11,22.56,8.02,73.30,44.03,59.49,8.09
548.05,39.86,20.14,22.56,8.02,72.85,44.12,59.49,8.08
548.06,39.94,20.11,22.52,8.02,72.63,44.12,59.33,8.09
548.07,39.94,20.11,22.56,8.04,72.85,44.12,59.64,8.09
548.08,39.86,20.11,22.56,8.02,73.08,44.12,59.64,8.10
548.09,39.94,20.11,22.56,8.02,73.08,44.12,59.33,8.09
548.10,39.94,20.11,22.56,8.02,73.08,44.12,59.49,8.09
548.11,39.86,20.11,22.56,8.02,73.08,44.03,59.49,8.09
548.12,39.86,20.11,22.52,8.04,72.85,44.03,59.18,8.08
548.13,39.86,20.11,22.56,8.04,72.85,44.12,59.33,8.09
548.14,39.94,20.14,22.56,8.04,73.08,44.12,59.49,8.09
548.15,39.94,20.11,22.56,8.02,73.08,44.12,59.49,8.09
548.16,39.94,20.14,22.56,8.02,73.08,44.12,59.49,8.09
548.17,39.86,20.11,22.56,8.04,72.85,44.12,59.49,8.09
548.18,39.94,20.11,22.52,8.04,73.08,44.12,59.49,8.09
548.19,39.86,20.11,22.56,8.02,72.85,44.12,59.49,8.09
548.20,39.94,20.11,22.56,8.04,73.08,44.22,59.49,8.08
548.21,39.94,20.11,22.56,8.04,72.85,44.12,59.49,8.09
548.22,39.94,20.08,22.56,8.02,73.08,44.12,59.33,8.10
548.23,39.94,20.11,22.56,8.04,73.08,44.12,59.49,8.10
548.24,39.94,20.11,22.56,8.02,73.08,44.12,59.49,8.10
548.25,39.94,20.14,22.56,8.02,73.08,44.22,59.33,8.08
548.26,39.94,20.11,22.56,8.04,73.08,44.12,59.49,8.09
548.27,39.94,20.11,22.56,8.02,73.08,44.12,59.49,8.10
548.28,39.94,20.14,22.56,8.01,73.08,44.12,59.49,8.10
548.29,39.94,20.11,22.56,8.02,73.08,44.12,59.33,8.09
548.30,39.86,20.11,22.56,8.04,73.08,44.12,59.49,8.09
548.31,39.86,20.11,22.56,8.02,73.08,44.22,59.49,8.09
548.32,39.94,20.08,22.56,8.04,73.08,44.12,59.49,8.09
548.33,39.94,20.11,22.56,8.04,73.08,44.12,59.33,8.09
548.34,39.94,20.11,22.56,8.02,72.85,44.12,59.49,8.10
548.35,39.86,20.11,22.52,8.04,73.08,44.12,59.49,8.10
548.36,39.94,20.11,22.52,8.02,72.85,44.03,59.33,8.09
548.37,39.94,20.11,22.56,8.04,73.08,44.22,59.49,8.10
548.38,39.86,20.11,22.56,8.04,73.30,44.12,59.33,8.10
548.39,39.94,20.11,22.56,8.02,73.08,44.12,59.49,8.10
548.40,39.86,20.11,22.56,8.04,73.08,44.12,59.49,8.09
548.41,39.86,20.14,22.56,8.02,72.85,44.12,59.64,8.09
548.42,39.94,20.11,22.56,8.02,73.08,44.12,59.49,8.08
548.43,39.94,20.14,22.56,8.02,73.08,44.12,59.64,8.09
548.44,39.94,20.11,22.56,8.02,73.08,44.12,59.49,8.10
548.45,39.86,20.11,22.56,8.02,73.30,44.12,59.49,8.09
548.46,39.94,20.14,22.56,8.04,73.08,44.12,59.33,8.09
548.47,39.94,20.11,22.56,8.02,73.08,44.22,59.49,8.09
548.48,39.94,20.08,22.56,8.04,72.85,44.22,59.49,8.09
548.49,39.94,20.11,22.56,8.02,73.08,44.12,59.49,8.09
548.50,39.86,20.11,22.56,8.02,72.85,44.03,59.49,8.08
548.51,39.94,20.14,22.56,8.02,73.08,44.12,59.49,8.09
548.52,39.94,20.11,22.56,8.04,73.08,44.12,59.49,8.09
548.53,39.94,20.11,22.56,8.04,73.08,44.12,59.49,8.10
548.54,39.94,20.11,22.56,8.02,73.08,44.12,59.49,8.09
548.55,39.94,20.08,22.56,8.04,73.08,44.12,59.49,8.09
548.56,39.94,20.11,22.56,8.02,73.08,44.22,59.33,8.08
548.57,39.86,20.14,22.56,8.02,73.08,44.03,59.33,8.09
548.58,39.94,20.11,22.52,8.04,73.08,44.12,59.49,8.10
548.59,39.94,20.11,22.56,8.02,72.85,44.12,59.49,8.09
548.62,39.86,20.11,22.56,8.04,73.08,44.12,59.33,8.09
548.62,39.94,20.11,22.56,8.04,73.08,44.12,59.49,8.09
548.63,39.94,20.11,22.56,8.04,73.08,44.12,59.49,8.09
548.64,39.94,20.11,22.56,8.02,73.08,44.12,59.49,8.10
548.65,39.94,20.11,22.56,8.02,72.85,44.12,59.33,8.11
548.66,39.94,20.14,22.52,8.02,73.08,44.03,59.33,8.09
548.67,39.94,20.14,22.56,8.02,73.08,44.22,59.64,8.10
548.68,39.94,20.11,22.56,8.04,73.08,44.22,59.49,8.09
548.69,39.94,20.11,22.56,8.04,72.85,44.12,59.49,8.09
548.70,39.94,20.11,22.56,8.04,73.08,44.12,59.49,8.09
548.71,39.94,20.14,22.56,8.02,73.08,44.12,59.49,8.09
548.72,39.94,20.14,22.56,8.04,73.08,44.22,59.49,8.09
548.73,39.94,20.11,22.56,8.02,73.08,44.12,59.49,8.09
548.74,39.94,20.11,22.56,8.04,73.08,44.12,59.49,8.09
548.75,39.94,20.11,22.56,8.04,73.08,44.22,59.49,8.09
548.76,39.86,20.11,22.56,8.02,73.08,44.12,59.49,8.09
548.77,39.94,20.11,22.56,8.04,73.08,44.03,59.49,8.08
548.78,39.94,20.11,22.56,8.04,72.85,44.12,59.49,8.09
548.79,39.94,20.11,22.56,8.02,73.08,44.12,59.49,8.08
548.80,39.94,20.08,22.56,8.02,73.08,44.22,59.33,8.09
548.81,39.86,20.14,22.56,8.02,73.08,44.12,59.49,8.09
548.82,39.94,20.11,22.56,8.04,73.08,44.22,59.49,8.09
548.83,39.94,20.11,22.56,8.02,73.08,44.12,59.33,8.09
548.84,39.94,20.11,22.56,8.02,73.08,44.12,59.49,8.09
548.85,39.94,20.11,22.56,8.04,72.85,44.22,59.49,8.10
548.86,39.86,20.11,22.56,8.04,73.08,44.03,59.49,8.09
548.87,39.94,20.14,22.56,8.04,73.08,44.12,59.33,8.09
548.88,39.94,20.11,22.56,8.02,73.08,44.12,59.49,8.09
548.89,39.94,20.11,22.56,8.02,72.85,44.12,59.49,8.10
548.90,39.94,20.11,22.56,8.04,73.08,44.12,59.49,8.09
548.91,39.94,20.11,22.56,8.04,73.08,44.12,59.49,8.09
548.92,39.94,20.14,22.56,8.04,73.08,44.12,59.64,8.09
548.93,39.94,20.11,22.56,8.02,73.08,44.12,59.49,8.10
548.94,39.94,20.08,22.56,8.02,72.85,44.12,59.49,8.09
548.95,39.94,20.11,22.56,8.02,73.08,44.22,59.49,8.10
548.96,39.94,20.11,22.56,8.04,73.08,44.12,59.49,8.10
548.97,39.94,20.11,22.56,8.04,73.08,44.12,59.49,8.10
548.98,39.86,20.08,22.56,8.02,73.08,44.12,59.49,8.09
548.99,39.86,20.11,22.59,8.04,73.08,44.03,59.33,8.10
549.00,39.94,20.11,22.59,8.04,73.08,44.12,59.64,8.11
549.01,39.94,20.11,22.56,8.02,73.08,44.12,59.49,8.09
549.02,39.94,20.11,22.59,8.04,73.08,44.12,59.64,8.10
549.03,39.94,20.11,22.56,8.04,73.08,44.12,59.49,8.09
549.04,39.94,20.11,22.56,8.02,73.08,44.03,59.49,8.10
549.05,39.94,20.11,22.56,8.02,73.08,44.22,59.49,8.09
549.06,39.94,20.08,22.52,8.04,72.85,44.22,59.49,8.10
549.07,39.94,20.08,22.56,8.02,73.08,44.22,59.33,8.09
549.08,39.86,20.11,22.56,8.04,73.08,44.03,59.49,8.09
549.09,39.94,20.11,22.56,8.04,72.85,44.12,59.49,8.10
549.10,39.94,20.11,22.56,8.04,73.08,44.22,59.49,8.08
549.11,39.94,20.11,22.56,8.04,73.08,44.22,59.49,8.10
549.12,39.94,20.11,22.56,8.02,73.08,44.22,59.49,8.09
549.13,39.94,20.11,22.56,8.02,73.30,44.12,59.64,8.09
549.14,39.94,20.11,22.56,8.02,73.08,44.12,59.49,8.10
549.15,39.86,20.11,22.56,8.04,73.08,44.12,59.33,8.09
549.16,39.94,20.11,22.56,8.02,73.08,44.22,59.49,8.10
549.17,39.86,20.11,22.56,8.04,73.08,44.12,59.49,8.09
549.18,40.02,20.11,22.56,8.04,73.08,44.12,59.49,8.09
549.19,40.02,20.11,22.56,8.04,73.08,44.12,59.49,8.10
549.20,39.94,20.11,22.56,8.02,73.08,44.22,59.33,8.09
549.21,39.94,20.11,22.56,8.04,73.08,44.12,59.49,8.09
549.22,39.94,20.11,22.56,8.04,73.08,44.12,59.64,8.09
549.23,39.94,20.11,22.56,8.04,73.08,44.22,59.64,8.08
549.24,39.94,20.11,22.56,8.02,73.30,44.12,59.49,8.10
549.25,39.86,20.11,22.56,8.02,73.30,44.12,59.49,8.09
549.26,39.94,20.11,22.59,8.02,72.85,44.12,59.49,8.09
549.27,39.94,20.11,22.56,8.04,73.30,44.12,59.49,8.09
549.28,39.94,20.11,22.56,8.04,73.08,44.22,59.49,8.09
549.29,39.94,20.11,22.56,8.04,73.08,44.12,59.33,8.10
549.30,39.94,20.14,22.56,8.02,73.08,44.12,59.49,8.09
549.31,39.94,20.11,22.59,8.04,73.08,44.22,59.33,8.09
549.32,39.94,20.11,22.56,8.02,73.08,44.12,59.49,8.10
549.33,39.94,20.11,22.56,8.02,73.08,44.22,59.49,8.10
549.34,39.94,20.11,22.56,8.04,73.08,44.12,59.49,8.10
549.35,39.94,20.11,22.59,8.02,73.08,44.12,59.49,8.10
549.36,39.86,20.11,22.56,8.02,72.85,44.22,59.49,8.10
549.37,39.94,20.11,22.56,8.04,73.08,44.12,59.49,8.10
549.38,39.94,20.14,22.56,8.04,73.08,44.12,59.49,8.08
549.39,39.94,20.14,22.56,8.04,73.08,44.12,59.80,8.09
549.40,39.94,20.14,22.56,8.04,73.08,44.12,59.49,8.09
549.41,39.94,20.11,22.59,8.02,73.08,44.12,59.33,8.09
549.42,39.94,20.11,22.56,8.04,73.30,44.12,59.49,8.10
549.43,39.94,20.11,22.56,8.02,72.85,44.22,59.49,8.09
549.44,39.94,20.08,22.56,8.04,73.08,44.12,59.64,8.09
549.45,39.94,20.14,22.56,8.02,73.08,44.12,59.49,8.10
549.46,39.94,20.08,22.59,8.02,73.08,44.12,59.49,8.10
549.47,39.94,20.11,22.56,8.02,73.08,44.12,59.33,8.09
549.48,39.94,20.11,22.59,8.04,73.08,44.22,59.49,8.09
549.49,39.94,20.11,22.59,8.04,72.85,44.22,59.49,8.09
549.50,39.94,20.11,22.56,8.04,73.08,44.22,59.49,8.09
549.51,39.94,20.14,22.56,8.04,73.08,44.12,59.33,8.11
549.52,39.94,20.14,22.56,8.04,73.08,44.12,59.49,8.09
549.53,39.94,20.11,22.56,8.04,73.08,44.12,59.49,8.10
549.54,39.94,20.14,22.56,8.04,73.30,44.12,59.49,8.10
549.55,39.94,20.11,22.59,8.04,73.30,44.22,59.49,8.10
549.56,39.94,20.11,22.59,8.04,73.08,44.22,59.49,8.09
549.57,39.94,20.11,22.56,8.04,73.08,44.12,59.49,8.09
549.58,39.94,20.11,22.56,8.04,73.08,44.12,59.49,8.09
549.59,39.94,20.11,22.56,8.02,73.08,44.12,59.49,8.09
549.60,39.94,20.11,22.59,8.04,72.85,44.22,59.49,8.10
549.61,39.94,20.11,22.59,8.02,73.08,44.12,59.49,8.10
549.62,39.94,20.11,22.56,8.04,73.08,44.12,59.49,8.09
549.63,39.94,20.11,22.56,8.04,73.08,44.12,59.49,8.10
549.64,39.94,20.11,22.56,8.04,73.08,44.22,59.49,8.09
549.65,39.94,20.14,22.56,8.02,73.30,44.22,59.49,8.09
549.66,39.94,20.11,22.56,8.02,73.08,44.03,59.64,8.09
549.67,39.94,20.14,22.56,8.04,73.08,44.12,59.49,8.10
549.68,39.94,20.11,22.56,8.02,73.30,44.12,59.49,8.09
549.69,39.94,20.14,22.56,8.04,73.08,44.22,59.49,8.10
549.70,39.94,20.11,22.56,8.04,73.30,44.12,59.49,8.10
549.71,39.94,20.14,22.59,8.04,73.08,44.22,59.64,8.10
549.72,39.94,20.11,22.56,8.04,73.08,44.22,59.49,8.09
549.73,39.94,20.11,22.59,8.04,73.08,44.12,59.49,8.09
549.74,39.94,20.11,22.59,8.04,73.08,44.22,59.49,8.09
549.75,39.94,20.08,22.56,8.02,73.08,44.12,59.49,8.09
549.76,39.94,20.11,22.56,8.02,73.08,44.22,59.49,8.09
549.77,39.94,20.14,22.59,8.04,73.08,44.22,59.49,8.10
549.78,40.02,20.11,22.56,8.04,73.08,44.12,59.49,8.10
549.79,39.94,20.11,22.56,8.02,73.08,44.22,59.49,8.09
549.80,39.94,20.11,22.59,8.04,73.08,44.22,59.49,8.09
549.81,39.94,20.11,22.59,8.02,73.08,44.12,59.49,8.09
549.82,39.94,20.14,22.56,8.04,73.08,44.22,59.33,8.09
549.83,39.94,20.11,22.56,8.04,73.08,44.12,59.49,8.10
549.84,39.94,20.11,22.56,8.04,73.08,44.12,59.49,8.09
549.85,39.94,20.14,22.59,8.04,73.08,44.03,59.64,8.10
549.86,39.94,20.11,22.56,8.04,73.08,44.12,59.33,8.09
549.87,39.94,20.11,22.56,8.02,73.08,44.22,59.49,8.09
549.88,39.94,20.11,22.56,8.02,73.08,44.12,59.33,8.09
549.89,39.94,20.11,22.56,8.02,72.85,44.12,59.49,8.10
549.90,39.94,20.11,22.56,8.02,73.08,44.22,59.49,8.09
549.91,39.94,20.08,22.56,8.04,73.30,44.22,59.49,8.09
549.92,39.94,20.11,22.59,8.04,73.08,44.22,59.49,8.10
549.93,39.86,20.14,22.59,8.02,73.08,44.12,59.49,8.09
549.94,39.94,20.11,22.56,8.02,73.08,44.22,59.49,8.09
549.95,39.94,20.11,22.59,8.02,73.08,44.12,59.33,8.09
549.96,39.94,20.11,22.56,8.02,73.08,44.22,59.49,8.10
549.97,39.94,20.11,22.56,8.04,73.08,44.22,59.49,8.09
549.98,39.94,20.14,22.56,8.02,73.08,44.22,59.49,8.09
549.99,39.94,20.11,22.56,8.02,73.08,44.22,59.49,8.09
550.00,39.94,20.11,22.56,8.02,73.08,44.12,59.49,8.09
550.01,39.94,20.11,22.59,8.02,73.08,44.12,59.49,8.10
550.02,39.94,20.11,22.59,8.02,73.08,44.22,59.64,8.09
550.03,39.94,20.11,22.59,8.04,73.08,44.22,59.49,8.09
550.04,39.94,20.11,22.56,8.04,73.08,44.22,59.49,8.09
550.05,39.94,20.11,22.56,8.02,73.08,44.12,59.49,8.09
550.06,39.94,20.14,22.59,8.02,73.08,44.12,59.64,8.10
550.07,40.02,20.14,22.59,8.02,73.08,44.12,59.33,8.09
550.08,39.94,20.14,22.59,8.02,73.30,44.22,59.64,8.09
550.09,39.94,20.14,22.59,8.04,73.08,44.12,59.33,8.09
550.10,39.94,20.14,22.59,8.04,73.30,44.22,59.49,8.09
550.11,39.94,20.11,22.59,8.04,73.08,44.12,59.49,8.10
550.12,39.94,20.11,22.56,8.04,72.85,44.22,59.49,8.09
550.13,39.94,20.08,22.59,8.02,73.08,44.12,59.49,8.10
550.14,39.94,20.11,22.56,8.04,73.08,44.03,59.49,8.09
550.15,39.94,20.14,22.56,8.04,73.30,44.12,59.49,8.10
550.16,39.94,20.11,22.59,8.04,73.08,44.12,59.49,8.11
550.17,40.02,20.11,22.59,8.04,73.08,44.12,59.33,8.10
550.18,39.94,20.11,22.59,8.04,73.30,44.12,59.49,8.10
550.19,39.94,20.11,22.59,8.04,73.08,44.12,59.64,8.09
550.20,39.94,20.11,22.56,8.04,73.08,44.12,59.49,8.10
550.21,39.94,20.11,22.59,8.04,73.08,44.22,59.49,8.09
550.22,39.94,20.11,22.56,8.04,73.08,44.12,59.49,8.11
550.23,39.94,20.11,22.56,8.02,73.08,44.12,59.49,8.09
550.24,39.94,20.11,22.56,8.04,73.30,44.12,59.33,8.10
550.25,39.94,20.11,22.56,8.02,73.08,44.22,59.49,8.10
550.26,39.94,20.11,22.56,8.02,73.08,44.12,59.49,8.09
550.27,39.94,20.11,22.56,8.04,73.08,44.22,59.49,8.10
550.28,39.94,20.14,22.59,8.04,73.08,44.22,59.49,8.10
550.29,39.94,20.11,22.59,8.04,73.08,44.22,59.64,8.08
550.30,39.94,20.14,22.59,8.04,73.08,44.12,59.49,8.11
550.31,40.02,20.14,22.59,8.04,73.08,44.22,59.49,8.09
550.32,39.94,20.11,22.56,8.04,73.30,44.22,59.49,8.10
550.33,39.94,20.14,22.56,8.02,73.08,44.12,59.49,8.10
550.34,40.02,20.11,22.56,8.04,73.08,44.22,59.49,8.10
550.35,39.94,20.11,22.59,8.02,73.08,44.22,59.49,8.09
550.36,39.86,20.11,22.56,8.02,73.08,44.12,59.49,8.10
550.37,40.02,20.11,22.59,8.02,73.08,44.12,59.64,8.09
550.38,39.94,20.11,22.56,8.04,73.08,44.22,59.49,8.09
550.39,39.94,20.16,22.59,8.02,73.08,44.22,59.49,8.10
550.40,40.02,20.11,22.63,8.04,73.08,44.22,59.49,8.09
550.41,39.94,20.11,22.59,8.04,73.08,44.12,59.64,8.10
550.42,39.94,20.14,22.56,8.04,73.08,44.22,59.49,8.09
550.43,39.94,20.11,22.59,8.02,73.30,44.22,59.49,8.09
550.44,39.94,20.14,22.56,8.04,72.85,44.12,59.49,8.09
550.45,39.94,20.14,22.56,8.04,72.85,44.12,59.49,8.10
550.46,39.94,20.11,22.59,8.02,73.08,44.22,59.64,8.10
550.47,39.94,20.11,22.56,8.04,73.08,44.22,59.49,8.09
550.48,39.94,20.11,22.56,8.04,73.08,44.22,59.49,8.09
550.49,40.02,20.14,22.56,8.04,73.08,44.12,59.64,8.09
550.50,39.94,20.11,22.56,8.02,73.30,44.12,59.64,8.10
550.51,40.02,20.11,22.56,8.02,73.08,44.22,59.64,8.10
550.52,39.94,20.11,22.56,8.04,73.08,44.22,59.64,8.09
550.53,39.94,20.11,22.56,8.04,73.08,44.22,59.49,8.11
550.54,40.02,20.14,22.56,8.04,73.08,44.12,59.49,8.09
550.55,39.94,20.11,22.59,8.04,73.30,44.22,59.49,8.09
550.56,39.94,20.14,22.56,8.04,73.08,44.12,59.49,8.10
550.57,40.02,20.11,22.59,8.02,73.08,44.31,59.49,8.10
550.58,39.94,20.14,22.59,8.04,73.08,44.22,59.49,8.09
550.59,39.94,20.11,22.59,8.02,73.08,44.22,59.49,8.11
550.60,39.94,20.11,22.59,8.04,73.08,44.22,59.49,8.09
550.61,39.94,20.11,22.59,8.04,73.08,44.12,59.64,8.10
550.62,39.94,20.11,22.59,8.04,73.08,44.22,59.49,8.09
550.63,39.94,20.14,22.59,8.02,73.08,44.22,59.49,8.10
550.64,39.94,20.11,22.56,8.04,73.08,44.31,59.49,8.09
550.65,39.94,20.14,22.56,8.04,73.08,44.12,59.64,8.09
550.66,39.94,20.14,22.59,8.02,73.30,44.12,59.64,8.10
550.67,40.02,20.11,22.56,8.02,73.30,44.22,59.49,8.10
550.68,40.02,20.11,22.56,8.04,73.08,44.12,59.49,8.09
550.69,39.94,20.11,22.59,8.04,73.30,44.22,59.49,8.09
550.70,40.02,20.14,22.59,8.04,73.08,44.12,59.49,8.10
550.71,39.94,20.11,22.59,8.04,73.08,44.22,59.49,8.10
550.72,40.02,20.11,22.59,8.04,73.08,44.12,59.49,8.10
550.73,40.02,20.11,22.59,8.04,73.08,44.12,59.49,8.10
550.74,39.94,20.11,22.59,8.04,73.30,44.22,59.49,8.10
550.75,39.94,20.11,22.59,8.02,73.30,44.12,59.49,8.10
550.76,40.02,20.14,22.56,8.04,73.08,44.12,59.49,8.09
550.77,39.94,20.11,22.56,8.02,73.08,44.22,59.64,8.09
550.78,39.94,20.11,22.59,8.04,73.08,44.22,59.49,8.09
550.79,40.02,20.11,22.59,8.02,73.30,44.22,59.49,8.09
550.80,40.02,20.14,22.59,8.02,73.08,44.12,59.49,8.09
550.81,40.02,20.14,22.56,8.04,73.30,44.22,59.49,8.09
550.82,39.94,20.14,22.59,8.04,73.08,44.12,59.64,8.09
550.83,39.94,20.14,22.59,8.04,73.30,44.22,59.64,8.10
550.84,39.94,20.14,22.59,8.02,73.08,44.12,59.49,8.11
550.85,39.94,20.11,22.59,8.04,73.08,44.22,59.49,8.09
550.86,40.02,20.14,22.56,8.04,73.08,44.22,59.49,8.09
550.87,39.94,20.14,22.59,8.04,73.30,44.22,59.49,8.10
550.88,39.94,20.11,22.59,8.04,73.08,44.12,59.49,8.10
550.89,40.02,20.16,22.59,8.04,73.30,44.12,59.64,8.10
550.90,39.94,20.11,22.56,8.04,73.08,44.12,59.49,8.09
550.91,39.94,20.11,22.59,8.04,73.08,44.22,59.49,8.09
550.92,40.02,20.14,22.59,8.02,73.08,44.22,59.49,8.09
550.93,40.02,20.14,22.59,8.04,73.08,44.22,59.49,8.09
550.94,39.94,20.11,22.59,8.04,73.08,44.22,59.49,8.09
550.95,39.94,20.14,22.59,8.04,73.08,44.22,59.64,8.10
550.96,40.02,20.14,22.59,8.04,73.08,44.22,59.64,8.09
550.97,39.94,20.14,22.59,8.02,73.08,44.22,59.49,8.10
550.98,40.02,20.11,22.59,8.02,73.08,44.22,59.49,8.10
550.99,39.94,20.14,22.56,8.02,73.08,44.22,59.33,8.10
551.00,40.02,20.14,22.59,8.04,73.08,44.22,59.49,8.09
551.01,39.94,20.14,22.59,8.04,73.30,44.12,59.49,8.09
551.02,40.02,20.11,22.59,8.04,73.30,44.12,59.64,8.09
551.03,40.02,20.11,22.59,8.04,73.08,44.22,59.49,8.10
551.04,40.02,20.14,22.63,8.02,73.30,44.22,59.49,8.09
551.05,39.94,20.14,22.59,8.04,73.08,44.22,59.64,8.10
551.06,40.02,20.14,22.59,8.04,73.30,44.12,59.49,8.10
551.07,40.02,20.16,22.59,8.04,73.08,44.12,59.64,8.10
551.08,39.94,20.14,22.59,8.04,73.08,44.22,59.49,8.09
551.09,40.02,20.14,22.59,8.04,73.30,44.22,59.49,8.11
551.10,40.02,20.14,22.59,8.04,73.08,44.12,59.49,8.09
551.11,39.94,20.14,22.59,8.04,73.30,44.22,59.64,8.09
551.12,40.02,20.14,22.56,8.02,73.08,44.22,59.49,8.11
551.13,40.02,20.14,22.59,8.04,73.08,44.22,59.49,8.10
551.14,40.02,20.14,22.59,8.04,73.08,44.22,59.49,8.09
551.15,40.02,20.11,22.59,8.04,73.30,44.12,59.49,8.09
551.16,39.94,20.11,22.59,8.04,73.08,44.12,59.64,8.10
551.17,40.02,20.11,22.59,8.04,73.08,44.12,59.49,8.10
551.18,40.02,20.14,22.59,8.04,73.08,44.22,59.49,8.09
551.19,39.94,20.11,22.59,8.04,73.08,44.22,59.49,8.09
551.20,40.02,20.14,22.59,8.02,73.08,44.31,59.64,8.09
551.21,40.02,20.14,22.59,8.02,73.30,44.22,59.49,8.09
551.22,40.02,20.14,22.59,8.04,73.08,44.12,59.64,8.09
551.23,40.02,20.14,22.59,8.04,73.08,44.22,59.64,8.10
551.24,40.02,20.14,22.59,8.04,73.08,44.22,59.49,8.10
551.25,40.02,20.14,22.56,8.04,73.30,44.22,59.49,8.09
551.26,40.02,20.14,22.56,8.04,73.08,44.22,59.49,8.09
551.27,39.94,20.14,22.59,8.04,73.08,44.22,59.49,8.09
551.28,40.02,20.16,22.59,8.04,73.08,44.22,59.49,8.09
551.29,40.02,20.14,22.56,8.04,73.08,44.22,59.49,8.10
551.30,39.94,20.14,22.63,8.04,73.08,44.22,59.64,8.09
551.31,40.02,20.14,22.59,8.04,73.30,44.31,59.64,8.11
551.32,39.94,20.08,22.59,8.04,73.30,44.22,59.49,8.10
551.33,40.02,20.14,22.59,8.02,73.08,44.22,59.64,8.11
551.34,39.94,20.16,22.59,8.02,73.30,44.22,59.64,8.09
551.36,39.94,20.11,22.59,8.04,73.08,44.22,59.49,8.10
551.37,39.94,20.11,22.59,8.04,73.08,44.22,59.49,8.09
551.38,40.02,20.14,22.59,8.04,73.08,44.22,59.64,8.10
551.39,39.94,20.14,22.59,8.04,73.08,44.12,59.49,8.10
551.40,40.02,20.16,22.59,8.02,73.08,44.12,59.49,8.09
551.41,39.94,20.14,22.59,8.04,73.08,44.31,59.49,8.09
551.42,40.02,20.11,22.59,8.02,73.08,44.22,59.64,8.10
551.43,40.02,20.14,22.59,8.04,73.08,44.31,59.49,8.10
551.44,39.94,20.14,22.63,8.04,73.08,44.31,59.64,8.10
551.47,40.02,20.14,22.59,8.04,73.30,44.12,59.64,8.10
551.47,40.02,20.14,22.59,8.02,73.08,44.22,59.33,8.10
551.48,40.02,20.16,22.59,8.04,73.08,44.22,59.49,8.09
551.49,40.02,20.11,22.59,8.04,73.30,44.22,59.64,8.09
551.50,40.02,20.11,22.59,8.04,73.30,44.22,59.49,8.11
551.51,40.02,20.14,22.63,8.04,73.30,44.22,59.64,8.11
551.52,40.02,20.11,22.59,8.04,73.30,44.22,59.64,8.10
551.53,39.94,20.11,22.59,8.04,73.30,44.31,59.49,8.11
551.54,40.02,20.14,22.59,8.04,73.08,44.22,59.64,8.11
551.55,40.02,20.16,22.59,8.04,73.08,44.22,59.49,8.10
551.56,39.94,20.14,22.59,8.04,73.30,44.22,59.49,8.10
551.57,40.10,20.14,22.59,8.04,73.08,44.22,59.49,8.10
551.58,40.02,20.14,22.56,8.04,73.08,44.22,59.49,8.09
551.59,40.02,20.14,22.59,8.04,73.08,44.22,59.49,8.09
551.60,40.02,20.11,22.59,8.04,73.08,44.22,59.49,8.09
551.61,40.02,20.14,22.56,8.04,73.08,44.22,59.49,8.09
551.62,40.02,20.14,22.63,8.04,73.08,44.22,59.64,8.09
551.63,40.02,20.11,22.59,8.04,73.30,44.12,59.49,8.10
551.64,39.94,20.14,22.59,8.04,73.30,44.12,59.49,8.10
551.65,40.02,20.14,22.59,8.04,72.85,44.12,59.49,8.10
551.66,40.02,20.14,22.59,8.04,73.30,44.12,59.49,8.11
551.67,40.02,20.14,22.59,8.04,73.08,44.31,59.64,8.09
551.68,40.02,20.14,22.59,8.04,73.08,44.22,59.64,8.10
551.69,40.02,20.11,22.59,8.02,73.08,44.12,59.64,8.09
551.70,40.02,20.14,22.59,8.04,73.30,44.22,59.49,8.10
551.71,40.02,20.14,22.59,8.04,73.08,44.12,59.33,8.10
551.72,39.94,20.14,22.59,8.04,73.30,44.22,59.80,8.10
551.73,40.02,20.14,22.59,8.04,73.08,44.22,59.64,8.11
551.74,40.02,20.14,22.59,8.04,73.30,44.22,59.64,8.09
551.75,40.02,20.14,22.59,8.04,73.08,44.22,59.64,8.09
551.76,40.02,20.16,22.63,8.04,73.08,44.31,59.64,8.09
551.78,40.02,20.14,22.59,8.04,73.08,44.22,59.64,8.10
551.79,39.94,20.14,22.59,8.04,73.08,44.22,59.49,8.10
551.80,40.02,20.14,22.63,8.04,73.30,44.22,59.64,8.11
551.81,40.02,20.14,22.59,8.04,73.08,44.22,59.64,8.11
551.82,40.02,20.14,22.59,8.04,73.30,44.22,59.49,8.11
551.83,39.94,20.16,22.59,8.04,73.08,44.22,59.49,8.10
551.84,40.02,20.14,22.59,8.04,73.08,44.12,59.49,8.10
551.85,39.94,20.16,22.59,8.04,73.30,44.22,59.33,8.11
551.86,40.02,20.14,22.59,8.04,73.08,44.31,59.64,8.10
551.87,40.02,20.14,22.59,8.04,73.30,44.22,59.49,8.09
551.88,40.02,20.16,22.59,8.04,73.08,44.31,59.49,8.09
551.89,39.94,20.14,22.59,8.04,73.08,44.22,59.64,8.09
551.90,40.02,20.14,22.59,8.02,73.30,44.22,59.64,8.11
551.91,40.02,20.14,22.59,8.02,73.30,44.22,59.49,8.10
551.92,40.02,20.14,22.59,8.04,73.30,44.12,59.49,8.11
551.93,40.02,20.14,22.59,8.04,73.30,44.22,59.64,8.09
551.94,40.02,20.16,22.59,8.04,73.08,44.22,59.49,8.11
551.95,40.02,20.14,22.63,8.04,73.30,44.22,59.64,8.10
551.96,40.02,20.11,22.59,8.04,73.08,44.12,59.64,8.10
551.97,40.02,20.14,22.59,8.04,73.08,44.22,59.64,8.10
551.98,40.02,20.14,22.59,8.04,73.30,44.22,59.64,8.11
551.99,40.02,20.14,22.59,8.04,73.08,44.22,59.49,8.10
552.00,40.02,20.14,22.59,8.02,73.30,44.31,59.49,8.10
552.01,40.02,20.11,22.59,8.04,73.30,44.22,59.49,8.10
552.02,40.02,20.14,22.59,8.04,73.30,44.22,59.49,8.10
552.03,40.02,20.14,22.59,8.04,73.30,44.22,59.64,8.10
552.04,40.02,20.16,22.59,8.04,73.30,44.22,59.64,8.09
552.05,40.02,20.16,22.59,8.04,73.08,44.31,59.49,8.10
552.06,40.02,20.14,22.59,8.02,73.08,44.22,59.64,8.10
552.07,40.02,20.14,22.59,8.04,73.08,44.22,59.64,8.11
552.08,40.02,20.14,22.63,8.04,73.30,44.22,59.49,8.11
552.09,40.02,20.11,22.59,8.04,73.30,44.22,59.49,8.09
552.10,39.94,20.14,22.59,8.04,73.08,44.12,59.49,8.11
552.11,40.02,20.14,22.59,8.04,73.08,44.22,59.64,8.10
552.12,40.02,20.14,22.63,8.04,73.30,44.22,59.64,8.09
552.13,40.02,20.14,22.59,8.04,73.08,44.22,59.49,8.09
552.14,40.02,20.16,22.59,8.04,73.30,44.22,59.49,8.10
552.15,40.02,20.11,22.59,8.04,73.08,44.22,59.49,8.10
552.16,40.02,20.14,22.59,8.04,73.30,44.31,59.64,8.10
552.17,40.02,20.14,22.59,8.04,73.30,44.22,59.49,8.10
552.18,40.02,20.14,22.59,8.04,73.30,44.22,59.64,8.10
552.19,40.02,20.14,22.59,8.04,73.08,44.22,59.64,8.11
552.20,40.02,20.14,22.59,8.04,73.08,44.22,59.49,8.10
552.21,40.02,20.14,22.63,8.04,73.30,44.31,59.64,8.10
552.22,40.02,20.16,22.63,8.04,73.30,44.31,59.49,8.10
552.23,40.02,20.14,22.63,8.04,73.30,44.22,59.64,8.09
552.24,40.02,20.14,22.59,8.04,73.08,44.22,59.49,8.09
552.25,40.02,20.14,22.59,8.04,73.30,44.12,59.64,8.09
552.26,40.02,20.14,22.59,8.04,73.30,44.31,59.49,8.10
552.27,40.02,20.16,22.59,8.04,73.30,44.22,59.64,8.09
552.28,40.02,20.14,22.59,8.04,73.30,44.12,59.49,8.11
552.29,40.02,20.16,22.59,8.04,73.08,44.22,59.64,8.09
552.30,40.02,20.14,22.59,8.04,73.30,44.22,59.64,8.09
552.31,40.02,20.16,22.59,8.04,73.30,44.22,59.64,8.10
552.32,40.02,20.11,22.59,8.04,73.30,44.31,59.49,8.10
552.33,40.02,20.16,22.59,8.04,73.30,44.22,59.64,8.10
552.34,40.02,20.16,22.59,8.04,73.08,44.22,59.49,8.10
552.35,40.02,20.14,22.63,8.04,73.30,44.22,59.49,8.11
552.36,40.02,20.14,22.59,8.04,73.30,44.22,59.64,8.10
552.37,40.02,20.14,22.63,8.04,73.30,44.22,59.49,8.10
552.38,40.02,20.16,22.59,8.04,73.08,44.31,59.49,8.10
552.39,40.02,20.14,22.59,8.04,73.30,44.22,59.49,8.11
552.40,40.02,20.14,22.63,8.04,73.08,44.22,59.64,8.10
552.41,39.94,20.14,22.63,8.04,73.30,44.22,59.64,8.09
552.42,40.02,20.14,22.59,8.04,73.30,44.31,59.64,8.10
552.43,40.02,20.14,22.59,8.04,73.08,44.22,59.64,8.11
552.44,40.02,20.14,22.59,8.04,73.30,44.12,59.49,8.09
552.45,40.02,20.14,22.59,8.04,73.30,44.31,59.64,8.09
552.46,40.02,20.16,22.59,8.04,73.08,44.31,59.64,8.09
552.47,40.02,20.14,22.63,8.04,73.08,44.31,59.49,8.10
552.48,40.02,20.14,22.63,8.04,73.30,44.12,59.64,8.10
552.49,40.02,20.14,22.59,8.04,73.08,44.22,59.64,8.10
552.50,40.02,20.14,22.59,8.04,73.30,44.31,59.64,8.11
552.51,40.02,20.16,22.59,8.04,73.08,44.31,59.64,8.10
552.52,40.02,20.14,22.59,8.04,73.08,44.22,59.64,8.10
552.53,40.02,20.11,22.59,8.04,73.30,44.22,59.64,8.10
552.54,40.02,20.16,22.59,8.04,73.30,44.22,59.49,8.11
552.55,40.02,20.16,22.59,8.04,73.30,44.31,59.64,8.11
552.56,40.02,20.11,22.63,8.04,73.08,44.22,59.64,8.10
552.57,39.94,20.16,22.59,8.04,73.08,44.22,59.64,8.11
552.58,40.02,20.14,22.59,8.02,73.30,44.22,59.49,8.10
552.59,40.02,20.14,22.63,8.04,73.08,44.22,59.49,8.10
552.60,40.02,20.11,22.59,8.04,73.08,44.22,59.64,8.09
552.61,40.02,20.14,22.59,8.04,73.30,44.22,59.64,8.11
552.62,40.02,20.14,22.59,8.04,73.30,44.22,59.49,8.11
552.63,40.02,20.14,22.59,8.04,73.30,44.22,59.64,8.10
552.64,40.02,20.14,22.59,8.04,73.30,44.31,59.64,8.09
552.65,40.02,20.14,22.59,8.04,73.08,44.22,59.64,8.10
552.66,40.02,20.16,22.59,8.04,73.30,44.31,59.64,8.09
552.67,40.02,20.16,22.63,8.04,73.30,44.22,59.64,8.09
552.68,40.02,20.16,22.59,8.04,73.30,44.12,59.49,8.09
552.69,40.10,20.16,22.59,8.04,73.30,44.22,59.64,8.10
552.70,40.02,20.14,22.63,8.04,73.30,44.31,59.49,8.10
552.71,40.02,20.14,22.63,8.04,73.08,44.12,59.49,8.10
552.72,40.10,20.14,22.63,8.04,73.30,44.31,59.49,8.09
552.73,40.02,20.14,22.59,8.04,73.30,44.22,59.64,8.10
552.74,40.02,20.14,22.63,8.04,73.30,44.22,59.64,8.10
552.75,39.94,20.16,22.63,8.04,73.30,44.22,59.49,8.10
552.76,40.10,20.14,22.63,8.04,73.30,44.31,59.49,8.10
552.77,40.10,20.14,22.63,8.04,73.30,44.22,59.64,8.10
552.78,39.94,20.14,22.59,8.04,73.08,44.12,59.64,8.10
552.79,40.02,20.14,22.63,8.04,73.08,44.31,59.64,8.10
552.80,40.02,20.14,22.59,8.04,73.08,44.12,59.49,8.10
552.81,40.02,20.16,22.56,8.04,73.30,44.12,59.64,8.10
552.82,40.02,20.16,22.63,8.04,73.08,44.22,59.49,8.10
552.83,40.02,20.16,22.59,8.04,73.30,44.31,59.64,8.11
552.84,40.02,20.14,22.59,8.04,73.08,44.31,59.64,8.11
552.85,40.02,20.16,22.63,8.04,73.30,44.12,59.49,8.11
552.86,40.02,20.14,22.63,8.04,73.08,44.22,59.64,8.11
552.87,40.02,20.14,22.63,8.04,73.08,44.12,59.64,8.09
552.88,40.02,20.14,22.63,8.04,73.30,44.31,59.64,8.10
552.89,40.02,20.14,22.63,8.04,73.30,44.22,59.64,8.10
552.90,40.02,20.16,22.59,8.04,73.30,44.22,59.49,8.10
552.91,40.02,20.14,22.59,8.04,73.30,44.31,59.64,8.11
552.92,40.02,20.14,22.59,8.04,73.30,44.22,59.80,8.10
552.93,40.02,20.16,22.63,8.04,73.08,44.22,59.33,8.09
552.94,40.02,20.14,22.63,8.04,73.30,44.22,59.64,8.10
552.95,40.02,20.14,22.63,8.04,73.30,44.22,59.64,8.10
552.96,40.02,20.14,22.63,8.04,73.30,44.22,59.64,8.11
552.97,40.02,20.14,22.63,8.04,73.30,44.22,59.64,8.10
552.98,40.02,20.16,22.59,8.04,73.30,44.31,59.64,8.11
552.99,40.02,20.14,22.59,8.04,73.30,44.31,59.49,8.10
553.00,40.02,20.14,22.63,8.04,73.08,44.22,59.64,8.11
553.01,40.02,20.14,22.63,8.04,73.30,44.22,59.64,8.11
553.02,40.02,20.14,22.59,8.04,73.30,44.22,59.33,8.09
553.03,40.02,20.16,22.63,8.04,73.30,44.22,59.64,8.10
553.04,40.02,20.14,22.63,8.04,73.30,44.31,59.64,8.10
553.05,40.02,20.14,22.59,8.04,73.30,44.22,59.64,8.10
553.06,40.02,20.16,22.63,8.04,73.08,44.22,59.49,8.10
553.07,40.02,20.14,22.59,8.04,73.08,44.22,59.64,8.10
553.08,40.02,20.16,22.59,8.04,73.08,44.22,59.64,8.10
553.09,40.02,20.19,22.63,8.04,73.08,44.31,59.49,8.10
553.10,40.02,20.14,22.59,8.04,73.30,44.22,59.64,8.11
553.11,40.02,20.16,22.63,8.04,73.30,44.22,59.64,8.10
553.12,40.02,20.16,22.63,8.04,73.30,44.31,59.64,8.09
553.13,40.02,20.14,22.63,8.04,73.30,44.22,59.49,8.10
553.14,40.02,20.16,22.59,8.04,73.30,44.22,59.64,8.11
553.15,40.02,20.14,22.63,8.04,73.30,44.22,59.49,8.10
553.16,40.02,20.14,22.63,8.04,73.30,44.31,59.49,8.10
553.17,40.02,20.16,22.59,8.04,73.08,44.22,59.64,8.10
553.18,40.02,20.16,22.63,8.04,73.30,44.22,59.64,8.10
553.19,40.02,20.16,22.63,8.04,73.30,44.31,59.64,8.10
553.20,40.02,20.14,22.59,8.04,73.30,44.22,59.64,8.09
553.21,40.02,20.16,22.59,8.04,73.08,44.31,59.64,8.11
553.22,40.02,20.14,22.63,8.04,73.30,44.31,59.64,8.10
553.23,40.02,20.16,22.59,8.04,73.08,44.31,59.49,8.09
553.24,40.02,20.14,22.66,8.04,73.30,44.31,59.64,8.09
553.25,40.02,20.14,22.63,8.04,73.08,44.22,59.49,8.09
553.26,40.02,20.14,22.59,8.04,73.30,44.31,59.64,8.10
553.27,40.02,20.14,22.59,8.04,73.30,44.22,59.64,8.10
553.28,40.02,20.14,22.59,8.04,73.30,44.22,59.64,8.09
553.29,39.94,20.14,22.63,8.04,73.30,44.22,59.49,8.10
553.30,40.02,20.16,22.63,8.04,73.08,44.22,59.49,8.10
553.31,40.02,20.14,22.63,8.04,73.30,44.22,59.64,8.11
553.32,40.02,20.14,22.63,8.04,73.30,44.31,59.49,8.11
553.33,40.02,20.14,22.59,8.04,73.30,44.22,59.64,8.10
553.34,40.02,20.14,22.59,8.06,73.30,44.22,59.64,8.11
553.35,40.02,20.16,22.59,8.04,73.30,44.22,59.49,8.10
553.36,40.02,20.14,22.59,8.04,73.08,44.22,59.64,8.10
553.37,40.02,20.16,22.59,8.04,73.30,44.12,59.64,8.11
553.38,40.02,20.16,22.63,8.04,73.30,44.22,59.64,8.09
553.39,40.02,20.14,22.63,8.04,73.30,44.12,59.64,8.10
553.40,40.02,20.16,22.63,8.04,73.08,44.22,59.64,8.10
553.41,40.02,20.14,22.63,8.04,73.08,44.22,59.64,8.09
553.42,40.02,20.16,22.63,8.04,73.30,44.22,59.64,8.11
553.43,40.02,20.16,22.66,8.04,73.30,44.31,59.64,8.10
553.44,40.02,20.16,22.59,8.04,73.08,44.31,59.64,8.11
553.45,40.02,20.16,22.63,8.04,73.08,44.22,59.64,8.11
553.46,40.02,20.14,22.59,8.04,73.30,44.31,59.64,8.10
553.47,40.02,20.16,22.63,8.04,73.30,44.31,59.64,8.10
553.48,39.94,20.14,22.59,8.04,73.30,44.22,59.49,8.11
553.49,40.02,20.16,22.59,8.04,73.30,44.22,59.64,8.11
553.50,40.02,20.14,22.63,8.04,73.30,44.22,59.64,8.11
553.51,39.94,20.14,22.59,8.04,73.30,44.22,59.64,8.10
553.52,40.02,20.14,22.63,8.04,73.30,44.31,59.49,8.10
553.53,40.02,20.16,22.63,8.04,73.30,44.31,59.49,8.09
553.54,40.02,20.16,22.63,8.04,73.30,44.22,59.64,8.11
553.55,40.02,20.14,22.63,8.04,73.30,44.22,59.49,8.10
553.56,40.02,20.14,22.63,8.04,73.08,44.22,59.49,8.10
553.57,40.10,20.16,22.63,8.04,73.30,44.22,59.64,8.11
553.58,40.02,20.14,22.63,8.04,73.08,44.31,59.49,8.11
553.59,40.02,20.14,22.63,8.04,73.08,44.31,59.64,8.10
553.60,40.02,20.14,22.59,8.04,73.30,44.22,59.64,8.11
553.61,40.02,20.14,22.63,8.04,73.08,44.22,59.64,8.11
553.62,40.02,20.14,22.63,8.04,73.30,44.31,59.64,8.10
553.63,40.02,20.14,22.63,8.04,73.30,44.22,59.64,8.10
553.64,40.02,20.16,22.59,8.04,73.30,44.22,59.49,8.09
553.65,40.02,20.14,22.66,8.04,73.30,44.22,59.64,8.10
553.66,40.02,20.16,22.63,8.04,73.08,44.22,59.64,8.10
553.67,40.02,20.14,22.63,8.04,73.08,44.31,59.49,8.10
553.68,40.02,20.14,22.63,8.04,73.52,44.31,59.49,8.10
553.69,40.02,20.16,22.59,8.04,73.08,44.31,59.64,8.09
553.70,40.02,20.16,22.59,8.04,73.30,44.22,59.64,8.11
553.71,40.02,20.14,22.59,8.04,73.30,44.22,59.64,8.10
553.72,40.02,20.14,22.63,8.04,73.30,44.31,59.49,8.09
553.73,40.02,20.16,22.63,8.04,73.30,44.22,59.64,8.10
553.74,40.02,20.14,22.59,8.04,73.08,44.31,59.64,8.09
553.75,40.02,20.16,22.63,8.04,73.08,44.22,59.49,8.11
553.76,40.02,20.14,22.63,8.04,73.30,44.31,59.49,8.09
553.77,40.02,20.16,22.63,8.04,73.08,44.22,59.49,8.10
553.78,40.02,20.14,22.59,8.04,73.08,44.22,59.49,8.10
553.79,40.02,20.14,22.63,8.04,73.30,44.31,59.64,8.10
553.80,40.02,20.14,22.59,8.04,73.30,44.22,59.80,8.11
553.81,40.02,20.14,22.59,8.04,73.08,44.22,59.49,8.10
553.82,40.02,20.14,22.63,8.04,73.30,44.31,59.64,8.09
553.83,40.02,20.16,22.63,8.04,73.30,44.22,59.64,8.10
553.84,40.02,20.16,22.63,8.04,73.30,44.31,59.64,8.10
553.85,40.02,20.14,22.63,8.04,73.30,44.31,59.49,8.10
553.86,40.02,20.14,22.63,8.04,73.30,44.22,59.64,8.10
553.87,40.02,20.16,22.63,8.04,73.30,44.12,59.64,8.10
553.88,40.02,20.14,22.63,8.04,73.30,44.12,59.64,8.10
553.89,40.02,20.14,22.63,8.04,73.08,44.31,59.64,8.09
553.90,40.02,20.16,22.63,8.04,73.30,44.22,59.64,8.09
553.91,40.02,20.14,22.63,8.04,73.30,44.22,59.64,8.10
553.92,40.10,20.14,22.63,8.04,73.30,44.22,59.49,8.10
553.93,40.02,20.14,22.63,8.04,73.30,44.22,59.64,8.10
553.94,40.02,20.14,22.63,8.04,73.08,44.22,59.64,8.10
553.95,40.02,20.16,22.63,8.06,73.30,44.31,59.64,8.10
553.96,39.94,20.11,22.59,8.04,73.30,44.31,59.49,8.10
553.97,40.02,20.14,22.63,8.06,73.30,44.31,59.64,8.10
553.98,40.02,20.19,22.63,8.04,73.30,44.22,59.64,8.11
553.99,40.02,20.11,22.63,8.04,73.08,44.22,59.64,8.10
554.00,40.02,20.14,22.63,8.04,73.08,44.31,59.80,8.10
554.01,40.02,20.14,22.59,8.04,73.08,44.12,59.64,8.09
554.02,40.02,20.16,22.63,8.04,73.30,44.31,59.64,8.10
554.03,40.02,20.16,22.63,8.06,73.30,44.22,59.49,8.10
554.04,40.02,20.14,22.63,8.04,73.08,44.31,59.64,8.11
554.05,40.02,20.16,22.63,8.04,73.08,44.22,59.64,8.11
554.06,40.02,20.14,22.59,8.04,73.30,44.22,59.64,8.10
554.07,40.02,20.14,22.66,8.06,73.30,44.31,59.64,8.09
554.08,40.02,20.14,22.63,8.04,73.08,44.31,59.49,8.10
554.09,40.02,20.14,22.59,8.04,73.30,44.22,59.64,8.10
554.10,40.02,20.14,22.63,8.04,73.30,44.22,59.80,8.10
554.11,40.02,20.14,22.63,8.04,73.30,44.22,59.49,8.10
554.12,40.02,20.16,22.59,8.04,73.30,44.31,59.64,8.10
554.13,40.02,20.14,22.66,8.04,73.30,44.22,59.64,8.11
554.14,40.02,20.16,22.63,8.06,73.30,44.31,59.64,8.11
554.15,40.02,20.16,22.63,8.04,73.30,44.22,59.49,8.10
554.16,40.02,20.14,22.59,8.04,73.30,44.31,59.80,8.10
554.17,39.94,20.14,22.63,8.04,73.30,44.22,59.64,8.09
554.18,40.10,20.14,22.59,8.04,73.30,44.31,59.64,8.11
554.19,40.02,20.16,22.63,8.04,73.08,44.22,59.64,8.11
554.20,40.02,20.14,22.59,8.04,73.30,44.22,59.64,8.10
554.21,40.02,20.16,22.59,8.04,73.30,44.31,59.49,8.10
554.22,40.02,20.14,22.63,8.06,73.30,44.22,59.64,8.10
554.23,40.02,20.16,22.59,8.06,73.30,44.22,59.64,8.11
554.24,40.02,20.16,22.59,8.04,73.08,44.31,59.64,8.10
554.25,40.02,20.16,22.63,8.04,73.30,44.31,59.64,8.11
554.26,40.02,20.14,22.63,8.04,73.30,44.31,59.64,8.10
554.27,40.02,20.14,22.63,8.04,73.08,44.22,59.49,8.09
554.28,40.02,20.14,22.63,8.04,73.08,44.31,59.64,8.10
554.29,40.02,20.16,22.63,8.04,73.08,44.22,59.64,8.10
554.30,40.02,20.14,22.59,8.04,73.30,44.22,59.49,8.10
554.31,40.02,20.14,22.63,8.04,73.30,44.12,59.64,8.09
554.32,40.02,20.14,22.59,8.04,73.30,44.22,59.64,8.11
554.33,40.02,20.14,22.63,8.04,73.30,44.12,59.64,8.10
554.34,40.02,20.14,22.63,8.04,73.30,44.22,59.64,8.10
554.35,40.02,20.16,22.59,8.04,73.30,44.22,59.49,8.10
554.36,40.02,20.16,22.59,8.04,73.08,44.31,59.49,8.10
554.37,40.02,20.14,22.59,8.04,73.30,44.31,59.64,8.10
554.38,39.94,20.16,22.63,8.06,73.30,44.22,59.64,8.10
554.39,40.02,20.14,22.59,8.04,73.30,44.12,59.64,8.10
554.40,40.02,20.14,22.63,8.04,73.30,44.22,59.49,8.10
554.41,40.02,20.16,22.59,8.04,73.30,44.22,59.49,8.11
554.42,40.02,20.16,22.63,8.04,73.30,44.22,59.64,8.10
554.43,40.02,20.14,22.63,8.04,73.30,44.22,59.49,8.10
554.44,40.02,20.16,22.59,8.04,73.30,44.31,59.64,8.10
554.45,40.02,20.14,22.59,8.04,73.08,44.22,59.80,8.10
554.46,40.02,20.16,22.59,8.04,73.30,44.22,59.64,8.10
554.47,40.02,20.14,22.63,8.04,73.30,44.31,59.64,8.11
554.48,40.02,20.14,22.63,8.04,73.30,44.31,59.64,8.11
554.49,40.02,20.16,22.59,8.04,73.30,44.12,59.64,8.09
554.50,40.02,20.14,22.59,8.04,73.30,44.22,59.64,8.10
554.51,40.02,20.16,22.63,8.04,73.30,44.22,59.64,8.10
554.52,40.02,20.14,22.59,8.04,73.30,44.22,59.64,8.11
554.53,40.02,20.16,22.59,8.04,73.30,44.22,59.49,8.09
554.54,40.02,20.16,22.63,8.04,73.08,44.31,59.49,8.11
554.55,40.02,20.14,22.63,8.04,73.30,44.22,59.64,8.10
554.56,40.02,20.11,22.63,8.04,73.30,44.31,59.64,8.10
554.57,40.02,20.14,22.59,8.04,73.30,44.22,59.64,8.10
554.58,40.02,20.16,22.59,8.04,73.30,44.22,59.64,8.09
554.59,40.02,20.14,22.63,8.04,73.30,44.31,59.64,8.10
554.60,40.02,20.14,22.63,8.04,73.08,44.22,59.49,8.10
554.61,40.02,20.16,22.59,8.04,73.08,44.31,59.64,8.10
554.62,40.02,20.14,22.63,8.04,73.08,44.22,59.49,8.10
554.63,40.02,20.16,22.59,8.04,73.30,44.22,59.64,8.10
554.64,40.02,20.14,22.63,8.04,73.08,44.22,59.49,8.10
554.65,40.02,20.14,22.59,8.04,73.30,44.31,59.64,8.10
554.66,40.02,20.16,22.59,8.04,73.30,44.31,59.64,8.10
554.67,40.02,20.14,22.59,8.04,73.30,44.31,59.49,8.10
554.68,40.02,20.14,22.59,8.04,73.30,44.22,59.49,8.09
554.69,40.02,20.14,22.59,8.06,73.30,44.22,59.64,8.11
554.70,39.94,20.14,22.63,8.04,73.30,44.22,59.64,8.10
554.71,40.02,20.14,22.63,8.04,73.08,44.22,59.64,8.10
554.72,40.02,20.14,22.63,8.04,73.30,44.22,59.49,8.10
554.73,40.02,20.14,22.59,8.04,73.08,44.22,59.64,8.10
554.74,40.02,20.14,22.63,8.04,73.08,44.22,59.64,8.11
554.75,40.02,20.14,22.59,8.04,73.08,44.22,59.64,8.09
554.76,40.02,20.16,22.63,8.04,73.30,44.22,59.49,8.10
554.77,40.02,20.14,22.63,8.04,73.30,44.22,59.64,8.10
554.78,40.02,20.16,22.63,8.04,73.08,44.31,59.64,8.11
554.79,40.02,20.16,22.59,8.04,73.30,44.22,59.64,8.10
554.80,40.02,20.16,22.63,8.04,73.08,44.31,59.64,8.11
554.81,40.02,20.14,22.59,8.06,73.30,44.31,59.49,8.10
554.82,40.02,20.16,22.63,8.04,73.08,44.22,59.49,8.10
554.83,40.02,20.14,22.59,8.04,73.30,44.31,59.64,8.09
554.84,40.02,20.14,22.66,8.04,73.30,44.22,59.64,8.09
554.85,40.02,20.16,22.63,8.04,73.08,44.22,59.64,8.11
554.86,40.02,20.14,22.59,8.04,73.30,44.22,59.49,8.10
554.87,40.02,20.11,22.59,8.04,73.30,44.31,59.49,8.09
554.88,40.02,20.14,22.63,8.04,73.08,44.12,59.49,8.09
554.89,40.02,20.14,22.63,8.04,73.30,44.22,59.64,8.10
554.90,40.02,20.14,22.59,8.04,73.30,44.22,59.64,8.10
554.91,40.02,20.16,22.59,8.04,73.08,44.22,59.49,8.10
554.92,40.02,20.14,22.63,8.04,73.08,44.22,59.64,8.10
554.93,40.02,20.16,22.59,8.04,73.30,44.22,59.49,8.11
554.94,40.02,20.11,22.59,8.04,73.30,44.22,59.49,8.10
554.95,40.02,20.11,22.63,8.04,73.08,44.31,59.49,8.10
554.96,40.02,20.16,22.63,8.04,73.52,44.22,59.64,8.10
554.97,40.02,20.14,22.59,8.06,73.30,44.31,59.49,8.10
554.98,40.02,20.14,22.59,8.04,73.30,44.12,59.49,8.10
554.99,40.02,20.14,22.63,8.06,73.08,44.22,59.49,8.09
555.00,40.02,20.16,22.63,8.04,73.08,44.22,59.64,8.09
555.01,40.02,20.16,22.59,8.04,73.30,44.22,59.49,8.09
555.02,40.02,20.16,22.59,8.04,73.08,44.22,59.64,8.10
555.03,40.02,20.14,22.63,8.04,73.30,44.31,59.49,8.11
555.04,40.02,20.11,22.63,8.06,73.30,44.22,59.64,8.09
555.05,40.02,20.16,22.63,8.04,73.30,44.12,59.64,8.11
555.06,40.02,20.14,22.59,8.04,73.30,44.22,59.64,8.09
555.07,40.02,20.14,22.59,8.04,73.30,44.22,59.33,8.10
555.08,39.94,20.14,22.63,8.04,73.30,44.31,59.64,8.11
555.09,40.02,20.14,22.59,8.04,73.30,44.31,59.64,8.11
555.10,40.02,20.14,22.63,8.04,73.08,44.22,59.49,8.11
555.11,40.02,20.14,22.63,8.04,73.08,44.22,59.64,8.10
555.12,40.02,20.16,22.59,8.06,73.30,44.31,59.49,8.11
555.13,40.02,20.14,22.59,8.04,73.30,44.22,59.64,8.10
555.14,40.02,20.14,22.59,8.04,73.08,44.31,59.64,8.10
555.15,40.02,20.16,22.63,8.04,73.30,44.22,59.64,8.11
555.16,40.02,20.14,22.63,8.04,73.30,44.22,59.64,8.10
555.17,39.94,20.14,22.59,8.04,73.30,44.31,59.64,8.10
555.18,40.02,20.14,22.63,8.04,73.30,44.22,59.64,8.09
555.19,40.02,20.14,22.63,8.06,73.08,44.31,59.64,8.10
555.20,40.02,20.14,22.56,8.04,73.08,44.22,59.49,8.09
555.21,40.02,20.14,22.59,8.04,73.30,44.41,59.49,8.11
555.22,39.94,20.14,22.63,8.04,73.30,44.22,59.49,8.09
555.23,40.02,20.14,22.63,8.04,73.08,44.22,59.64,8.10
555.24,40.02,20.14,22.59,8.04,73.30,44.31,59.49,8.09
555.25,40.02,20.14,22.63,8.04,73.30,44.22,59.64,8.10
555.26,40.02,20.14,22.59,8.04,73.30,44.22,59.64,8.10
555.27,40.02,20.14,22.63,8.04,73.30,44.31,59.49,8.10
555.28,40.02,20.14,22.63,8.04,73.08,44.22,59.64,8.10
555.29,40.02,20.16,22.59,8.04,73.30,44.22,59.33,8.10
555.30,40.02,20.16,22.59,8.04,73.30,44.22,59.49,8.11
555.31,40.02,20.16,22.63,8.04,73.08,44.22,59.80,8.10
555.32,40.02,20.14,22.59,8.04,73.08,44.12,59.64,8.10
555.33,40.02,20.16,22.59,8.04,73.08,44.22,59.64,8.10
555.34,40.02,20.14,22.59,8.04,73.08,44.22,59.64,8.10
555.35,40.02,20.16,22.63,8.04,73.30,44.22,59.64,8.10
555.36,40.02,20.14,22.63,8.04,73.30,44.22,59.64,8.09
555.37,40.02,20.11,22.63,8.04,73.30,44.22,59.64,8.10
555.38,40.02,20.14,22.59,8.04,73.30,44.22,59.49,8.10
555.39,40.02,20.14,22.63,8.04,73.30,44.31,59.49,8.11
555.40,39.94,20.14,22.63,8.04,73.08,44.22,59.49,8.10
555.41,40.02,20.14,22.59,8.06,73.30,44.22,59.49,8.11
555.42,40.02,20.14,22.59,8.04,73.08,44.31,59.49,8.09
555.43,40.02,20.14,22.63,8.04,73.30,44.22,59.64,8.10
555.44,40.02,20.14,22.63,8.04,73.08,44.31,59.64,8.10
555.45,40.02,20.14,22.63,8.04,73.08,44.22,59.49,8.11
555.46,40.02,20.16,22.59,8.04,73.08,44.22,59.64,8.11
555.47,40.10,20.14,22.59,8.04,73.08,44.12,59.49,8.10
555.48,40.02,20.14,22.63,8.04,73.30,44.22,59.64,8.10
555.49,40.02,20.14,22.59,8.04,73.30,44.31,59.49,8.10
555.50,40.02,20.16,22.63,8.04,73.30,44.22,59.64,8.10
555.51,40.02,20.14,22.63,8.04,73.08,44.22,59.64,8.10
555.52,40.02,20.14,22.59,8.04,73.30,44.22,59.49,8.10
555.53,40.02,20.14,22.59,8.04,73.08,44.22,59.49,8.10
555.54,40.02,20.14,22.63,8.04,73.30,44.22,59.49,8.09
555.55,40.02,20.14,22.59,8.04,73.08,44.22,59.49,8.10
555.56,40.02,20.14,22.59,8.04,73.08,44.31,59.49,8.10
555.57,40.02,20.14,22.59,8.04,73.30,44.31,59.49,8.10
555.58,40.02,20.14,22.59,8.04,73.30,44.22,59.64,8.10
555.59,40.02,20.14,22.63,8.04,73.30,44.22,59.64,8.09
555.60,40.02,20.14,22.59,8.04,73.08,44.22,59.64,8.10
555.61,40.02,20.14,22.59,8.04,73.08,44.22,59.49,8.09
555.62,40.02,20.14,22.59,8.04,73.08,44.22,59.64,8.10
555.63,40.02,20.14,22.59,8.04,73.30,44.22,59.64,8.10
555.64,40.02,20.14,22.63,8.04,73.08,44.22,59.49,8.10
555.65,40.02,20.14,22.59,8.06,73.30,44.12,59.64,8.11
555.66,40.02,20.14,22.63,8.04,73.08,44.22,59.49,8.11
555.67,40.02,20.14,22.63,8.04,73.30,44.22,59.49,8.10
555.68,40.02,20.14,22.63,8.04,73.30,44.22,59.49,8.10
555.69,40.02,20.14,22.59,8.04,73.08,44.22,59.64,8.10
555.70,40.02,20.16,22.59,8.04,73.08,44.22,59.49,8.09
555.71,40.02,20.14,22.59,8.04,73.30,44.31,59.49,8.10
555.72,40.02,20.14,22.63,8.04,73.30,44.22,59.64,8.11
555.73,40.02,20.16,22.59,8.04,73.30,44.22,59.64,8.10
555.74,40.02,20.14,22.63,8.04,73.08,44.12,59.49,8.10
555.75,40.02,20.14,22.59,8.04,73.08,44.22,59.64,8.11
555.76,40.02,20.14,22.59,8.04,73.30,44.22,59.64,8.11
555.77,40.02,20.14,22.59,8.04,73.08,44.22,59.49,8.09
555.78,40.02,20.14,22.63,8.04,73.08,44.22,59.64,8.10
555.79,40.02,20.14,22.63,8.04,73.30,44.22,59.49,8.11
555.80,40.02,20.14,22.63,8.04,73.08,44.22,59.49,8.11
555.81,40.02,20.14,22.59,8.04,73.30,44.22,59.64,8.10
555.82,40.02,20.14,22.59,8.04,73.30,44.22,59.64,8.10
555.83,40.02,20.16,22.63,8.04,73.30,44.22,59.64,8.10
555.84,40.02,20.14,22.63,8.04,73.30,44.22,59.64,8.10
555.85,40.02,20.14,22.59,8.04,73.30,44.31,59.49,8.09
555.86,40.02,20.19,22.63,8.04,73.30,44.41,59.49,8.10
555.87,40.10,20.16,22.59,8.04,73.08,44.31,59.64,8.10
555.88,39.94,20.14,22.59,8.04,73.30,44.31,59.64,8.09
555.89,40.02,20.14,22.59,8.04,73.30,44.22,59.64,8.11
555.90,40.02,20.14,22.59,8.04,73.08,44.31,59.64,8.10
555.91,40.02,20.11,22.63,8.04,73.30,44.22,59.64,8.10
555.92,40.02,20.16,22.63,8.04,73.08,44.31,59.64,8.10
555.93,40.02,20.14,22.63,8.04,73.30,44.31,59.64,8.10
555.94,40.02,20.14,22.63,8.04,73.08,44.31,59.49,8.10
555.95,40.02,20.16,22.59,8.04,73.08,44.22,59.64,8.11
555.96,40.02,20.14,22.63,8.04,73.30,44.22,59.64,8.10
555.97,40.02,20.14,22.63,8.04,73.30,44.22,59.49,8.11
555.98,40.02,20.14,22.63,8.04,73.08,44.22,59.49,8.09
555.99,40.02,20.16,22.59,8.04,73.30,44.22,59.64,8.10
556.00,40.02,20.16,22.63,8.04,73.08,44.31,59.49,8.11
556.01,40.02,20.14,22.63,8.04,73.30,44.31,59.64,8.11
556.02,40.02,20.14,22.59,8.04,73.30,44.22,59.64,8.10
556.03,40.02,20.14,22.59,8.06,73.08,44.22,59.64,8.10
556.04,40.02,20.14,22.59,8.04,73.08,44.31,59.64,8.10
556.05,40.02,20.14,22.59,8.04,73.30,44.22,59.64,8.10
556.06,40.02,20.14,22.63,8.04,73.30,44.22,59.64,8.10
556.07,40.02,20.14,22.59,8.06,73.30,44.22,59.64,8.10
556.08,40.02,20.14,22.59,8.04,73.08,44.31,59.49,8.09
556.09,40.02,20.16,22.59,8.04,73.30,44.31,59.64,8.10
556.10,40.10,20.16,22.63,8.04,73.08,44.22,59.64,8.10
556.11,40.02,20.14,22.63,8.04,73.30,44.31,59.49,8.10
556.12,40.02,20.19,22.59,8.04,73.08,44.31,59.49,8.10
556.13,40.02,20.11,22.59,8.04,73.30,44.22,59.64,8.10
556.14,40.02,20.16,22.63,8.04,73.30,44.12,59.64,8.10
556.15,40.02,20.14,22.59,8.04,73.30,44.22,59.49,8.09
556.16,40.02,20.14,22.63,8.04,73.08,44.22,59.64,8.10
556.17,40.10,20.16,22.59,8.04,73.08,44.31,59.64,8.10
556.18,40.02,20.16,22.63,8.04,73.08,44.22,59.64,8.10
556.19,40.02,20.14,22.59,8.04,73.30,44.22,59.49,8.10
556.20,40.02,20.16,22.63,8.04,73.30,44.12,59.64,8.11
556.21,40.02,20.11,22.59,8.04,73.30,44.22,59.64,8.10
556.22,40.10,20.16,22.59,8.04,73.30,44.31,59.49,8.10
556.23,40.02,20.14,22.63,8.04,73.30,44.12,59.64,8.10
556.24,40.02,20.16,22.63,8.04,73.30,44.31,59.64,8.10
556.25,40.02,20.14,22.63,8.04,73.30,44.12,59.80,8.10
556.26,40.02,20.16,22.63,8.04,73.30,44.22,59.49,8.11
556.27,40.02,20.14,22.59,8.04,73.08,44.12,59.64,8.10
556.28,40.02,20.16,22.59,8.04,73.30,44.22,59.49,8.10
556.29,40.02,20.14,22.63,8.04,73.30,44.22,59.49,8.10
556.30,40.02,20.16,22.63,8.06,73.30,44.31,59.64,8.10
556.31,40.02,20.14,22.63,8.04,73.30,44.22,59.64,8.11
556.32,40.02,20.16,22.63,8.04,73.30,44.22,59.64,8.09
556.33,40.10,20.14,22.59,8.04,73.30,44.31,59.64,8.10
556.34,40.02,20.14,22.59,8.02,73.08,44.31,59.64,8.10
556.35,40.02,20.14,22.59,8.04,73.30,44.22,59.64,8.11
556.36,40.02,20.14,22.59,8.04,73.30,44.22,59.64,8.11
556.37,40.02,20.14,22.63,8.04,73.30,44.31,59.49,8.10
556.38,40.02,20.14,22.63,8.04,73.30,44.22,59.49,8.09
556.39,40.02,20.14,22.63,8.04,73.08,44.31,59.49,8.11
556.40,40.02,20.16,22.63,8.04,73.30,44.31,59.64,8.09
556.41,40.02,20.16,22.59,8.06,73.08,44.31,59.64,8.10
556.42,40.02,20.14,22.63,8.04,73.30,44.22,59.64,8.10
556.43,40.02,20.14,22.59,8.04,73.30,44.22,59.64,8.09
556.44,40.02,20.16,22.63,8.04,73.30,44.22,59.49,8.10
556.45,40.02,20.16,22.59,8.04,73.30,44.22,59.49,8.10
556.46,40.02,20.16,22.63,8.06,73.08,44.31,59.64,8.11
556.47,40.02,20.14,22.63,8.04,73.30,44.31,59.64,8.09
556.48,40.10,20.16,22.59,8.04,73.30,44.22,59.49,8.10
556.49,40.02,20.16,22.63,8.04,73.30,44.31,59.80,8.10
556.50,40.02,20.16,22.59,8.04,73.08,44.22,59.80,8.10
556.51,40.02,20.14,22.63,8.04,73.30,44.31,59.49,8.10
556.52,40.02,20.14,22.63,8.04,73.30,44.22,59.64,8.10
556.53,40.02,20.14,22.63,8.04,73.30,44.22,59.64,8.10
556.54,40.02,20.14,22.63,8.04,73.30,44.22,59.64,8.11
556.55,40.02,20.14,22.63,8.04,73.08,44.22,59.64,8.10
556.56,40.02,20.14,22.59,8.04,73.08,44.22,59.49,8.10
556.57,40.02,20.14,22.63,8.04,73.30,44.22,59.64,8.11
556.58,40.10,20.16,22.63,8.04,73.08,44.31,59.49,8.10
556.59,40.02,20.14,22.59,8.04,73.30,44.31,59.64,8.10
556.60,40.02,20.14,22.63,8.04,73.30,44.22,59.49,8.10
556.61,40.02,20.14,22.59,8.04,73.08,44.31,59.64,8.10
556.62,40.18,20.14,22.59,8.04,73.30,44.22,59.64,8.10
556.63,40.02,20.14,22.63,8.04,73.30,44.12,59.64,8.10
556.64,40.02,20.14,22.63,8.04,73.30,44.31,59.64,8.11
556.65,40.02,20.14,22.63,8.04,73.30,44.31,59.49,8.10
556.66,40.02,20.11,22.63,8.04,73.08,44.22,59.49,8.10
556.67,40.02,20.16,22.63,8.04,73.30,44.22,59.64,8.11
556.68,40.02,20.16,22.63,8.04,73.30,44.22,59.64,8.10
556.69,40.02,20.14,22.63,8.04,73.30,44.31,59.64,8.10
556.70,40.02,20.14,22.63,8.04,73.08,44.31,59.49,8.09
556.71,40.02,20.16,22.59,8.04,73.30,44.22,59.64,8.11
556.72,40.02,20.16,22.59,8.04,73.08,44.22,59.49,8.11
556.73,40.02,20.14,22.63,8.04,73.30,44.22,59.64,8.10
556.74,40.02,20.14,22.59,8.04,73.30,44.22,59.64,8.10
556.75,40.02,20.14,22.63,8.04,73.30,44.22,59.49,8.10
556.76,40.02,20.14,22.63,8.04,73.30,44.31,59.49,8.10
556.77,40.02,20.14,22.63,8.04,73.08,44.22,59.64,8.11
556.78,40.02,20.11,22.63,8.04,73.30,44.31,59.64,8.10
556.79,40.02,20.14,22.63,8.04,73.08,44.22,59.64,8.10
556.80,40.02,20.16,22.59,8.04,73.30,44.31,59.64,8.11
556.81,40.02,20.16,22.63,8.04,73.08,44.22,59.49,8.10
556.82,40.02,20.14,22.59,8.04,73.30,44.22,59.49,8.10
556.83,40.02,20.16,22.63,8.04,73.08,44.31,59.49,8.11
556.84,40.10,20.14,22.63,8.06,73.08,44.31,59.64,8.10
556.85,40.02,20.16,22.59,8.04,73.08,44.31,59.49,8.11
556.86,40.02,20.14,22.63,8.04,73.08,44.12,59.64,8.11
556.87,40.02,20.14,22.63,8.04,73.30,44.12,59.49,8.09
556.88,39.94,20.14,22.63,8.04,73.30,44.31,59.49,8.10
556.89,40.10,20.14,22.63,8.04,73.08,44.22,59.64,8.10
556.90,40.02,20.16,22.59,8.04,73.30,44.22,59.64,8.10
556.91,40.02,20.16,22.63,8.04,73.30,44.22,59.49,8.10
556.92,40.10,20.14,22.63,8.04,73.30,44.22,59.64,8.10
556.93,40.02,20.16,22.59,8.04,73.30,44.22,59.49,8.10
556.94,40.02,20.14,22.66,8.04,73.30,44.22,59.64,8.11
556.95,40.10,20.16,22.63,8.04,73.08,44.31,59.64,8.11
556.96,40.02,20.16,22.59,8.04,73.30,44.31,59.49,8.10
556.97,40.02,20.14,22.63,8.04,73.08,44.22,59.49,8.09
556.98,40.02,20.11,22.63,8.04,73.08,44.31,59.64,8.10
556.99,40.02,20.14,22.59,8.04,73.30,44.31,59.64,8.10
557.00,40.10,20.16,22.63,8.04,73.30,44.31,59.64,8.09
557.01,40.02,20.14,22.63,8.04,73.08,44.31,59.49,8.10
557.02,40.02,20.14,22.63,8.04,73.30,44.31,59.64,8.10
557.03,40.02,20.14,22.63,8.04,73.30,44.22,59.49,8.11
557.04,40.02,20.16,22.63,8.04,73.08,44.22,59.64,8.09
557.05,40.02,20.14,22.59,8.04,73.08,44.22,59.64,8.11
557.06,40.02,20.14,22.59,8.04,73.08,44.22,59.49,8.09
557.07,40.02,20.14,22.59,8.04,73.08,44.31,59.64,8.11
557.08,40.02,20.16,22.59,8.04,73.30,44.31,59.64,8.11
557.09,40.02,20.16,22.63,8.04,73.30,44.31,59.64,8.10
557.10,40.10,20.14,22.63,8.06,73.30,44.22,59.64,8.10
557.11,40.02,20.16,22.63,8.04,73.08,44.31,59.64,8.10
557.12,40.02,20.16,22.63,8.04,73.30,44.22,59.64,8.10
557.13,40.02,20.16,22.63,8.04,73.08,44.22,59.64,8.11
557.14,40.02,20.14,22.63,8.04,73.30,44.22,59.64,8.11
557.15,40.02,20.14,22.63,8.04,73.30,44.22,59.49,8.11
557.16,40.02,20.16,22.59,8.04,73.30,44.22,59.49,8.10
557.17,40.02,20.16,22.63,8.04,73.30,44.31,59.64,8.09
557.18,40.02,20.14,22.63,8.04,73.08,44.22,59.64,8.10
557.19,40.02,20.16,22.63,8.04,73.30,44.22,59.64,8.11
557.20,40.02,20.14,22.63,8.04,73.08,44.31,59.49,8.10
557.21,40.10,20.16,22.63,8.04,73.08,44.22,59.49,8.09
557.22,40.02,20.14,22.63,8.04,73.08,44.31,59.64,8.10
557.23,40.10,20.16,22.63,8.06,73.08,44.31,59.64,8.11
557.24,40.02,20.14,22.63,8.04,73.30,44.31,59.49,8.10
557.25,40.02,20.14,22.63,8.04,73.30,44.22,59.49,8.10
557.26,40.02,20.14,22.63,8.04,73.08,44.31,59.49,8.09
557.27,40.02,20.14,22.63,8.04,73.08,44.31,59.64,8.11
557.28,40.02,20.16,22.63,8.04,73.30,44.31,59.64,8.10
557.29,40.10,20.14,22.63,8.04,73.30,44.12,59.49,8.11
557.30,40.02,20.14,22.59,8.04,73.30,44.31,59.64,8.10
557.31,40.02,20.16,22.59,8.04,73.30,44.22,59.49,8.11
557.32,40.02,20.16,22.63,8.04,73.30,44.22,59.64,8.11
557.33,40.02,20.14,22.63,8.04,73.30,44.31,59.49,8.10
557.34,40.02,20.16,22.63,8.04,73.30,44.22,59.49,8.11
557.35,40.02,20.16,22.66,8.06,73.08,44.31,59.64,8.10
557.36,40.02,20.14,22.63,8.04,73.08,44.31,59.49,8.11
557.37,40.02,20.14,22.63,8.04,73.08,44.22,59.64,8.11
557.38,40.10,20.14,22.59,8.04,73.30,44.41,59.64,8.11
557.39,40.02,20.16,22.63,8.04,73.30,44.31,59.64,8.10
557.40,40.02,20.14,22.63,8.04,73.30,44.31,59.64,8.10
557.41,40.02,20.16,22.63,8.04,73.30,44.22,59.64,8.11
557.42,40.02,20.14,22.63,8.04,73.30,44.22,59.64,8.11
557.43,40.02,20.14,22.63,8.04,73.30,44.31,59.64,8.11
557.44,40.02,20.14,22.63,8.04,73.30,44.22,59.64,8.10
557.45,40.02,20.14,22.63,8.04,73.08,44.22,59.49,8.10
557.46,40.10,20.14,22.59,8.04,73.08,44.31,59.49,8.10
557.47,40.02,20.16,22.59,8.04,73.30,44.31,59.49,8.10
557.48,40.02,20.14,22.59,8.04,73.08,44.31,59.64,8.10
557.49,40.02,20.16,22.59,8.04,73.30,44.22,59.64,8.10
557.50,40.02,20.14,22.59,8.04,73.30,44.22,59.64,8.10
557.51,40.02,20.16,22.63,8.06,73.30,44.22,59.80,8.11
557.52,40.02,20.14,22.63,8.04,73.30,44.22,59.64,8.10
557.53,40.02,20.14,22.63,8.04,73.08,44.31,59.49,8.10
557.54,40.02,20.14,22.66,8.06,73.30,44.22,59.64,8.11
557.55,40.02,20.14,22.59,8.04,73.30,44.22,59.64,8.11
557.56,40.02,20.14,22.63,8.04,73.08,44.31,59.64,8.11
557.57,40.02,20.14,22.66,8.04,73.30,44.31,59.49,8.11
557.58,40.10,20.14,22.63,8.04,73.30,44.31,59.64,8.10
557.59,40.02,20.16,22.59,8.04,73.08,44.12,59.49,8.09
557.60,40.02,20.16,22.59,8.04,73.30,44.31,59.64,8.10
557.61,40.02,20.16,22.63,8.06,73.30,44.31,59.49,8.11
557.62,40.02,20.19,22.59,8.06,73.30,44.31,59.49,8.09
557.63,40.02,20.16,22.59,8.04,73.30,44.22,59.64,8.10
557.64,40.02,20.16,22.63,8.04,73.30,44.31,59.80,8.10
557.65,40.10,20.16,22.59,8.04,73.30,44.22,59.33,8.10
557.66,40.02,20.16,22.66,8.04,73.08,44.31,59.64,8.10
557.67,40.02,20.16,22.63,8.04,73.30,44.12,59.64,8.10
557.68,40.02,20.14,22.63,8.04,73.30,44.22,59.64,8.10
557.69,40.02,20.16,22.63,8.04,73.30,44.31,59.64,8.10
557.70,40.02,20.16,22.63,8.06,73.30,44.31,59.64,8.10
557.71,40.10,20.14,22.63,8.06,73.08,44.31,59.49,8.10
557.72,40.02,20.14,22.59,8.04,73.30,44.22,59.64,8.10
557.73,40.10,20.14,22.63,8.06,73.30,44.22,59.49,8.11
557.74,40.10,20.16,22.59,8.04,73.30,44.31,59.64,8.11
557.75,40.02,20.16,22.59,8.04,73.30,44.22,59.49,8.10
557.76,40.02,20.16,22.66,8.04,73.30,44.31,59.64,8.11
557.77,40.10,20.19,22.59,8.04,73.08,44.31,59.49,8.10
557.78,40.02,20.14,22.63,8.04,73.30,44.31,59.49,8.11
557.79,40.02,20.14,22.63,8.04,73.30,44.22,59.64,8.10
557.80,40.02,20.14,22.66,8.04,73.30,44.22,59.49,8.10
557.81,40.02,20.16,22.63,8.06,73.08,44.41,59.64,8.10
557.82,40.10,20.14,22.63,8.04,73.30,44.31,59.64,8.11
557.83,40.10,20.16,22.63,8.04,73.30,44.22,59.64,8.10
557.84,40.02,20.16,22.59,8.04,73.08,44.22,59.64,8.11
557.85,40.10,20.14,22.63,8.04,73.08,44.22,59.49,8.10
557.86,40.10,20.14,22.59,8.04,73.30,44.22,59.64,8.11
557.87,40.10,20.16,22.63,8.06,73.08,44.22,59.49,8.10
557.88,40.02,20.19,22.59,8.04,73.30,44.22,59.64,8.10
557.89,40.10,20.16,22.63,8.04,73.08,44.22,59.49,8.09
557.90,40.02,20.14,22.63,8.04,73.30,44.22,59.64,8.11
557.91,39.94,20.16,22.59,8.04,73.30,44.22,59.64,8.10
557.92,40.02,20.14,22.63,8.04,73.30,44.22,59.64,8.10
557.93,40.10,20.14,22.63,8.04,73.30,44.22,59.64,8.10
557.94,40.02,20.16,22.59,8.04,73.30,44.22,59.80,8.10
557.95,40.10,20.16,22.63,8.04,73.30,44.22,59.64,8.10
557.96,40.02,20.16,22.66,8.04,73.30,44.31,59.64,8.11
557.97,40.10,20.16,22.63,8.04,73.30,44.31,59.64,8.11
557.98,40.10,20.14,22.63,8.04,73.30,44.31,59.64,8.11
557.99,40.10,20.14,22.66,8.04,73.08,44.22,59.64,8.11
558.00,40.02,20.14,22.63,8.04,73.30,44.22,59.64,8.10
558.01,40.02,20.14,22.63,8.04,73.08,44.31,59.64,8.10
558.02,40.02,20.14,22.63,8.04,73.30,44.22,59.64,8.11
558.03,40.10,20.16,22.63,8.04,73.08,44.31,59.49,8.09
558.04,40.02,20.14,22.63,8.04,73.30,44.22,59.64,8.10
558.05,40.10,20.16,22.59,8.04,73.08,44.22,59.64,8.11
558.06,40.02,20.14,22.63,8.06,73.30,44.22,59.64,8.10
558.07,40.02,20.14,22.63,8.04,73.30,44.22,59.64,8.10
558.08,40.10,20.16,22.66,8.04,73.30,44.31,59.49,8.10
558.09,40.02,20.16,22.63,8.04,73.30,44.22,59.64,8.10
558.10,40.02,20.16,22.66,8.04,73.08,44.31,59.64,8.10
558.11,40.10,20.14,22.66,8.04,73.30,44.31,59.64,8.10
558.12,40.10,20.16,22.59,8.04,73.30,44.31,59.64,8.10
558.13,40.10,20.14,22.63,8.04,73.30,44.22,59.64,8.11
558.14,40.02,20.16,22.63,8.04,73.30,44.22,59.64,8.11
558.15,40.02,20.16,22.63,8.04,73.30,44.22,59.49,8.10
558.16,40.10,20.16,22.63,8.04,73.08,44.31,59.64,8.10
558.17,40.10,20.16,22.63,8.04,73.08,44.31,59.49,8.11
558.18,40.02,20.16,22.59,8.04,73.30,44.22,59.64,8.11
558.19,40.02,20.14,22.59,8.04,73.30,44.22,59.64,8.11
558.20,40.02,20.16,22.63,8.04,73.30,44.31,59.64,8.10
558.21,40.02,20.16,22.63,8.04,73.30,44.12,59.64,8.10
558.22,40.10,20.14,22.63,8.04,73.30,44.31,59.64,8.10
558.23,40.10,20.16,22.63,8.06,73.30,44.31,59.49,8.09
558.24,40.10,20.14,22.63,8.04,73.08,44.22,59.49,8.10
558.25,40.02,20.14,22.59,8.04,73.08,44.31,59.64,8.10
558.26,40.02,20.14,22.63,8.04,73.30,44.31,59.64,8.11
558.27,40.02,20.16,22.59,8.04,73.08,44.22,59.49,8.10
558.28,40.10,20.14,22.63,8.04,73.08,44.22,59.64,8.12
558.29,40.02,20.14,22.63,8.04,73.30,44.12,59.64,8.10
558.30,40.10,20.16,22.63,8.04,73.08,44.22,59.64,8.10
558.31,40.10,20.14,22.63,8.04,73.30,44.22,59.64,8.11
558.32,40.02,20.16,22.63,8.04,73.30,44.31,59.64,8.10
558.33,40.10,20.14,22.63,8.04,73.30,44.22,59.64,8.10
558.34,40.02,20.16,22.59,8.04,73.30,44.31,59.64,8.10
558.35,40.02,20.16,22.63,8.04,73.30,44.22,59.64,8.10
558.36,40.10,20.14,22.63,8.04,73.30,44.22,59.49,8.10
558.37,40.02,20.16,22.63,8.04,73.08,44.31,59.49,8.11
558.38,40.02,20.16,22.59,8.04,73.30,44.22,59.49,8.11
558.39,40.02,20.16,22.63,8.04,73.08,44.22,59.49,8.10
558.40,40.02,20.16,22.63,8.04,73.30,44.22,59.64,8.11
558.41,40.10,20.14,22.66,8.04,73.30,44.22,59.64,8.10
558.42,40.02,20.16,22.63,8.04,73.08,44.22,59.64,8.10
558.43,40.02,20.16,22.63,8.04,73.30,44.31,59.64,8.10
558.44,40.02,20.14,22.63,8.04,73.30,44.22,59.64,8.10
558.45,40.10,20.14,22.63,8.04,73.30,44.22,59.64,8.10
558.46,40.02,20.14,22.63,8.04,73.08,44.31,59.64,8.09
558.47,40.02,20.14,22.66,8.06,73.30,44.22,59.64,8.11
558.48,40.02,20.14,22.63,8.04,73.30,44.22,59.64,8.10
558.49,40.02,20.16,22.59,8.04,73.30,44.31,59.64,8.11
558.50,40.02,20.16,22.66,8.06,73.30,44.22,59.64,8.11
558.51,40.02,20.14,22.63,8.04,73.30,44.31,59.64,8.11
558.52,40.02,20.16,22.63,8.04,73.30,44.31,59.64,8.11
558.53,40.02,20.14,22.63,8.04,73.30,44.22,59.49,8.10
558.54,40.02,20.14,22.63,8.04,73.08,44.31,59.64,8.10
558.55,40.02,20.14,22.63,8.04,73.30,44.22,59.64,8.11
558.56,40.02,20.14,22.63,8.04,73.08,44.12,59.64,8.10
558.57,40.02,20.14,22.63,8.04,73.08,44.31,59.64,8.10
558.58,40.10,20.14,22.59,8.06,73.08,44.12,59.64,8.10
558.59,40.10,20.14,22.63,8.04,73.30,44.22,59.64,8.10
558.60,40.10,20.14,22.59,8.04,73.30,44.22,59.64,8.11
558.61,40.02,20.14,22.63,8.04,73.30,44.31,59.64,8.10
558.62,40.02,20.11,22.63,8.04,73.30,44.22,59.64,8.10
558.63,40.02,20.16,22.63,8.04,73.30,44.22,59.64,8.11
558.64,40.10,20.14,22.63,8.04,73.30,44.22,59.49,8.09
558.65,40.02,20.14,22.59,8.04,73.08,44.31,59.64,8.10
558.66,39.94,20.16,22.63,8.04,73.30,44.22,59.64,8.10
558.67,40.10,20.14,22.63,8.04,73.30,44.31,59.64,8.09
558.68,40.02,20.14,22.59,8.04,73.30,44.22,59.64,8.11
558.69,39.94,20.14,22.59,8.04,73.30,44.22,59.64,8.10
558.70,40.10,20.16,22.59,8.04,73.30,44.22,59.64,8.11
558.71,40.02,20.14,22.59,8.04,73.30,44.22,59.64,8.11
558.72,40.02,20.16,22.63,8.04,73.30,44.22,59.49,8.10
558.73,40.10,20.16,22.66,8.04,73.30,44.22,59.49,8.10
558.74,40.02,20.14,22.59,8.04,73.30,44.22,59.64,8.11
558.75,40.02,20.14,22.63,8.04,73.08,44.22,59.64,8.09
558.76,40.02,20.14,22.59,8.04,73.30,44.22,59.64,8.11
558.77,40.02,20.14,22.63,8.04,73.08,44.22,59.64,8.10
558.78,40.02,20.11,22.59,8.04,73.30,44.22,59.49,8.10
558.79,40.02,20.14,22.63,8.04,73.30,44.22,59.64,8.10
558.80,40.10,20.16,22.59,8.04,73.30,44.31,59.64,8.10
558.81,40.10,20.14,22.59,8.04,73.30,44.22,59.49,8.10
558.82,40.02,20.14,22.59,8.04,73.30,44.31,59.64,8.10
558.83,40.10,20.14,22.59,8.04,73.08,44.22,59.49,8.09
558.84,40.02,20.14,22.63,8.04,73.30,44.22,59.64,8.09
558.85,40.02,20.16,22.59,8.04,73.08,44.22,59.49,8.09
558.86,40.10,20.16,22.59,8.04,73.30,44.22,59.64,8.10
558.87,40.02,20.14,22.63,8.04,73.30,44.22,59.64,8.10
558.88,40.02,20.14,22.63,8.04,73.30,44.22,59.64,8.09
558.89,40.10,20.14,22.63,8.04,73.30,44.22,59.64,8.09
558.90,40.02,20.16,22.63,8.04,73.08,44.22,59.64,8.11
558.91,40.02,20.14,22.63,8.04,73.30,44.22,59.49,8.11
558.92,40.02,20.14,22.63,8.04,73.08,44.22,59.64,8.10
558.93,40.02,20.14,22.59,8.04,73.30,44.31,59.64,8.11
558.94,40.02,20.14,22.63,8.04,73.30,44.31,59.49,8.10
558.95,40.02,20.14,22.63,8.04,73.30,44.31,59.64,8.10
558.96,40.02,20.16,22.63,8.04,73.30,44.22,59.80,8.10
558.97,40.02,20.16,22.59,8.04,73.30,44.22,59.64,8.11
558.98,40.02,20.16,22.63,8.04,73.30,44.31,59.64,8.11
558.99,40.02,20.14,22.63,8.04,73.08,44.22,59.64,8.10
559.00,40.02,20.16,22.59,8.04,73.08,44.22,59.64,8.10
559.01,40.02,20.14,22.59,8.04,73.30,44.22,59.64,8.10
559.02,40.02,20.14,22.63,8.04,73.30,44.22,59.64,8.11
559.03,40.02,20.14,22.59,8.04,73.30,44.22,59.49,8.10
559.04,40.10,20.14,22.59,8.04,73.08,44.22,59.49,8.10
559.05,40.02,20.14,22.59,8.04,73.08,44.22,59.64,8.10
559.06,40.02,20.14,22.59,8.04,73.08,44.31,59.49,8.10
559.07,40.02,20.14,22.59,8.04,73.30,44.22,59.49,8.11
559.08,40.02,20.14,22.66,8.04,73.30,44.22,59.49,8.09
559.09,40.02,20.16,22.63,8.04,73.30,44.22,59.49,8.11
559.10,40.02,20.14,22.63,8.04,73.30,44.31,59.49,8.10
559.11,40.02,20.14,22.63,8.04,73.30,44.31,59.64,8.11
559.12,40.02,20.14,22.59,8.04,73.08,44.31,59.64,8.10
559.13,40.10,20.14,22.59,8.04,73.08,44.12,59.64,8.11
559.14,40.02,20.14,22.63,8.04,73.30,44.22,59.64,8.10
559.15,40.02,20.16,22.63,8.04,73.30,44.22,59.49,8.09
559.16,40.02,20.14,22.59,8.04,73.30,44.22,59.64,8.10
559.17,40.02,20.14,22.63,8.04,73.30,44.22,59.49,8.10
559.18,40.02,20.16,22.59,8.04,73.30,44.22,59.64,8.10
559.19,40.02,20.14,22.63,8.04,73.30,44.22,59.49,8.09
559.20,40.02,20.14,22.59,8.04,73.30,44.22,59.64,8.10
559.21,40.02,20.14,22.59,8.04,73.30,44.22,59.64,8.10
559.22,40.02,20.11,22.59,8.04,73.08,44.31,59.64,8.10
559.23,40.02,20.14,22.63,8.04,73.08,44.22,59.64,8.11
559.24,40.02,20.14,22.63,8.04,73.30,44.22,59.64,8.09
559.25,40.02,20.14,22.63,8.04,73.08,44.22,59.64,8.11
559.26,40.02,20.11,22.63,8.04,73.08,44.22,59.49,8.10
559.27,40.02,20.14,22.59,8.04,73.30,44.22,59.64,8.10
559.28,40.02,20.14,22.59,8.04,73.30,44.22,59.64,8.10
559.29,40.02,20.14,22.59,8.04,73.30,44.22,59.49,8.10
559.30,40.02,20.11,22.59,8.04,73.30,44.22,59.64,8.11
559.31,40.02,20.14,22.59,8.04,73.30,44.22,59.64,8.09
559.32,40.02,20.14,22.59,8.04,73.30,44.12,59.64,8.10
559.33,40.02,20.14,22.59,8.04,73.30,44.22,59.49,8.10
559.34,40.02,20.14,22.59,8.04,73.30,44.31,59.49,8.09
559.35,40.02,20.14,22.63,8.04,73.08,44.22,59.64,8.09
559.36,40.02,20.14,22.59,8.04,73.30,44.22,59.49,8.10
559.37,40.02,20.16,22.59,8.04,73.08,44.31,59.64,8.10
559.38,40.02,20.11,22.59,8.04,73.08,44.22,59.49,8.10
559.39,40.02,20.11,22.63,8.04,73.30,44.22,59.64,8.11
559.40,40.02,20.14,22.59,8.04,73.08,44.22,59.64,8.11
559.41,40.02,20.14,22.59,8.04,73.08,44.22,59.49,8.11
559.42,40.02,20.14,22.63,8.04,73.30,44.22,59.80,8.11
559.43,40.02,20.14,22.59,8.04,73.08,44.31,59.64,8.10
559.44,40.02,20.14,22.59,8.06,73.30,44.22,59.49,8.11
559.45,40.02,20.14,22.59,8.04,73.08,44.31,59.49,8.10
559.46,40.02,20.14,22.59,8.04,73.08,44.22,59.49,8.10
559.47,40.02,20.14,22.59,8.04,73.08,44.22,59.49,8.10
559.48,40.02,20.14,22.59,8.04,73.08,44.22,59.49,8.10
559.49,40.02,20.14,22.59,8.04,73.30,44.22,59.49,8.09
559.50,40.02,20.14,22.59,8.04,73.30,44.22,59.64,8.10
559.51,40.02,20.14,22.63,8.06,73.08,44.22,59.64,8.11
559.52,40.02,20.14,22.59,8.04,73.30,44.22,59.64,8.10
559.53,40.02,20.14,22.59,8.04,73.30,44.22,59.64,8.11
559.54,40.02,20.14,22.63,8.06,73.08,44.31,59.49,8.10
559.55,39.94,20.14,22.59,8.04,73.08,44.31,59.64,8.09
559.56,40.02,20.14,22.59,8.04,73.08,44.22,59.49,8.10
559.57,40.02,20.11,22.59,8.04,73.08,44.12,59.49,8.10
559.58,39.94,20.11,22.59,8.04,73.08,44.22,59.49,8.10
559.59,40.02,20.11,22.59,8.04,73.30,44.22,59.49,8.10
559.60,40.02,20.11,22.63,8.06,73.08,44.31,59.49,8.11
559.61,40.02,20.11,22.63,8.04,73.30,44.22,59.64,8.11
559.62,40.02,20.14,22.59,8.04,73.08,44.22,59.64,8.10
559.63,40.02,20.14,22.59,8.04,73.08,44.31,59.49,8.10
559.64,40.02,20.11,22.59,8.04,73.08,44.22,59.49,8.10
559.65,40.02,20.11,22.63,8.04,73.08,44.22,59.49,8.09
559.66,40.02,20.14,22.59,8.04,73.30,44.22,59.64,8.10
559.67,40.02,20.11,22.59,8.04,73.08,44.22,59.49,8.10
559.68,40.02,20.14,22.59,8.04,73.30,44.31,59.49,8.10
559.69,40.02,20.14,22.59,8.04,73.08,44.22,59.64,8.11
559.70,40.02,20.14,22.59,8.04,73.08,44.22,59.64,8.09
559.71,40.02,20.14,22.59,8.04,73.30,44.22,59.64,8.09
559.72,40.02,20.14,22.59,8.04,73.08,44.22,59.49,8.10
559.73,40.02,20.11,22.59,8.04,73.08,44.31,59.49,8.10
559.74,40.02,20.14,22.63,8.04,73.08,44.22,59.64,8.10
559.75,40.02,20.11,22.59,8.04,73.08,44.22,59.49,8.10
559.76,40.02,20.16,22.59,8.04,73.08,44.31,59.49,8.10
559.77,40.02,20.11,22.59,8.04,73.08,44.22,59.49,8.10
559.78,40.02,20.11,22.59,8.04,73.30,44.22,59.49,8.09
559.79,40.02,20.14,22.59,8.04,73.08,44.22,59.49,8.10
559.80,40.02,20.11,22.59,8.04,73.08,44.22,59.64,8.10
559.81,40.02,20.14,22.59,8.04,73.08,44.22,59.49,8.09
559.82,40.02,20.14,22.59,8.04,73.08,44.22,59.49,8.10
559.83,40.02,20.11,22.59,8.04,73.08,44.22,59.49,8.10
559.84,40.02,20.14,22.59,8.04,73.08,44.12,59.49,8.11
559.85,40.02,20.14,22.59,8.04,73.08,44.22,59.49,8.10
559.86,40.02,20.14,22.59,8.04,73.30,44.31,59.49,8.10
559.87,39.94,20.16,22.59,8.04,73.30,44.12,59.49,8.10
559.88,39.94,20.11,22.59,8.04,73.08,44.22,59.64,8.09
559.89,40.02,20.14,22.59,8.04,73.08,44.22,59.64,8.10
559.90,40.02,20.14,22.59,8.04,73.08,44.22,59.49,8.09
559.91,40.02,20.11,22.59,8.04,73.08,44.31,59.64,8.10
559.92,40.02,20.11,22.59,8.04,73.08,44.22,59.64,8.10
559.93,40.02,20.11,22.59,8.04,73.30,44.31,59.64,8.11
559.94,39.94,20.11,22.63,8.04,73.30,44.22,59.49,8.10
559.95,40.02,20.11,22.63,8.04,73.30,44.22,59.49,8.10
559.96,40.02,20.11,22.59,8.04,72.85,44.22,59.64,8.09
559.97,40.02,20.11,22.59,8.04,73.08,44.22,59.49,8.10
559.98,40.02,20.14,22.59,8.04,73.08,44.22,59.49,8.10
559.99,40.02,20.11,22.59,8.04,73.30,44.22,59.49,8.10
560.00,40.02,20.11,22.59,8.04,73.30,44.22,59.33,8.10
560.01,40.02,20.14,22.63,8.04,73.30,44.22,59.49,8.10
560.02,40.02,20.14,22.59,8.02,73.08,44.31,59.33,8.09
560.03,40.02,20.11,22.59,8.04,73.08,44.22,59.33,8.09
560.04,40.02,20.11,22.56,8.04,73.08,44.12,59.49,8.10
560.05,40.02,20.14,22.59,8.04,73.08,44.22,59.64,8.11
560.06,40.02,20.11,22.59,8.04,73.08,44.22,59.49,8.11
560.07,40.02,20.14,22.59,8.04,73.08,44.22,59.49,8.10
560.08,39.94,20.11,22.59,8.02,73.30,44.22,59.64,8.10
560.09,40.02,20.11,22.59,8.04,73.08,44.22,59.64,8.11
560.10,40.02,20.11,22.59,8.06,73.30,44.22,59.64,8.10
560.11,40.02,20.11,22.59,8.04,73.30,44.22,59.64,8.11
560.12,40.02,20.11,22.59,8.06,73.30,44.22,59.49,8.10
560.13,40.02,20.11,22.59,8.04,73.08,44.22,59.64,8.10
560.14,40.02,20.11,22.59,8.04,73.08,44.22,59.49,8.09
560.15,40.02,20.11,22.59,8.04,73.30,44.12,59.49,8.10
560.16,39.94,20.11,22.59,8.04,73.08,44.12,59.49,8.11
560.17,40.02,20.16,22.59,8.04,73.30,44.22,59.33,8.11
560.18,40.02,20.11,22.63,8.04,73.30,44.12,59.64,8.10
560.19,39.94,20.11,22.56,8.04,73.08,44.22,59.49,8.10
560.20,40.02,20.14,22.59,8.04,73.08,44.12,59.49,8.11
560.21,40.02,20.11,22.59,8.04,73.08,44.22,59.64,8.10
560.22,40.02,20.14,22.56,8.04,73.08,44.12,59.49,8.09
560.23,39.94,20.11,22.59,8.04,73.08,44.22,59.49,8.10
560.24,40.02,20.11,22.59,8.04,73.08,44.12,59.64,8.11
560.25,40.02,20.14,22.59,8.04,73.08,44.31,59.49,8.10
560.26,40.02,20.14,22.59,8.04,73.30,44.22,59.49,8.10
560.27,40.02,20.11,22.59,8.04,73.30,44.12,59.49,8.10
560.28,40.02,20.11,22.59,8.04,73.08,44.12,59.49,8.10
560.29,40.02,20.16,22.59,8.04,73.08,44.22,59.49,8.09
560.30,40.02,20.11,22.59,8.04,73.08,44.22,59.49,8.10
560.31,40.02,20.11,22.59,8.04,73.08,44.22,59.49,8.11
560.32,40.02,20.11,22.59,8.04,73.30,44.22,59.64,8.10
560.33,40.02,20.14,22.59,8.04,73.08,44.22,59.49,8.10
560.34,40.02,20.14,22.59,8.04,73.30,44.22,59.49,8.10
560.35,40.02,20.14,22.59,8.04,73.08,44.22,59.49,8.10
560.36,40.02,20.11,22.59,8.04,73.08,44.12,59.64,8.10
560.37,39.94,20.11,22.59,8.04,73.08,44.12,59.49,8.09
560.38,40.02,20.11,22.59,8.04,73.30,44.12,59.49,8.10
560.39,40.02,20.14,22.59,8.04,73.08,44.12,59.49,8.11
560.40,40.02,20.14,22.59,8.04,73.08,44.22,59.49,8.09
560.41,39.94,20.11,22.59,8.04,73.08,44.22,59.49,8.10
560.42,39.94,20.11,22.59,8.04,73.08,44.22,59.49,8.09
560.43,40.02,20.11,22.59,8.04,73.30,44.22,59.49,8.09
560.44,39.94,20.11,22.59,8.04,73.08,44.22,59.64,8.10
560.45,40.02,20.14,22.59,8.04,73.08,44.12,59.49,8.09
560.46,40.02,20.11,22.59,8.04,73.08,44.22,59.49,8.10
560.47,40.02,20.11,22.59,8.04,73.08,44.22,59.49,8.10
560.48,40.02,20.14,22.63,8.04,73.08,44.22,59.49,8.10
560.49,40.02,20.11,22.59,8.04,73.30,44.12,59.64,8.09
560.50,40.02,20.14,22.59,8.04,73.08,44.31,59.49,8.10
560.51,40.02,20.14,22.59,8.04,73.08,44.12,59.49,8.09
560.52,39.94,20.14,22.59,8.04,73.08,44.22,59.49,8.10
560.53,40.02,20.11,22.59,8.04,73.08,44.22,59.49,8.10
560.54,40.02,20.11,22.59,8.02,73.08,44.22,59.49,8.09
560.55,40.02,20.11,22.59,8.04,73.30,44.22,59.64,8.11
560.56,40.02,20.11,22.59,8.04,73.08,44.22,59.64,8.09
560.57,40.02,20.14,22.59,8.04,73.08,44.22,59.49,8.10
560.58,40.02,20.11,22.59,8.04,73.08,44.12,59.64,8.10
560.59,40.02,20.14,22.59,8.04,73.08,44.22,59.49,8.09
560.60,40.02,20.11,22.59,8.04,73.08,44.22,59.64,8.09
560.61,40.02,20.14,22.59,8.04,73.08,44.12,59.49,8.11
560.62,40.02,20.11,22.59,8.04,73.30,44.22,59.49,8.10
560.63,40.02,20.14,22.59,8.04,73.30,44.22,59.64,8.11
560.64,40.02,20.11,22.59,8.04,73.30,44.22,59.49,8.09
560.65,40.02,20.11,22.56,8.04,73.30,44.22,59.64,8.10
560.66,40.02,20.11,22.59,8.04,73.30,44.22,59.64,8.09
560.67,39.94,20.14,22.59,8.04,73.08,44.22,59.49,8.11
560.68,39.94,20.11,22.59,8.04,73.08,44.12,59.64,8.09
560.69,40.02,20.16,22.59,8.04,73.08,44.22,59.49,8.10
560.70,40.02,20.11,22.59,8.04,73.08,44.22,59.49,8.10
560.71,39.94,20.14,22.56,8.04,73.30,44.22,59.49,8.09
560.72,39.94,20.11,22.59,8.04,73.30,44.22,59.64,8.10
560.73,40.02,20.11,22.59,8.04,73.30,44.22,59.64,8.10
560.74,39.94,20.11,22.59,8.04,73.30,44.22,59.49,8.10
560.75,40.02,20.11,22.59,8.04,73.08,44.12,59.49,8.09
560.76,40.02,20.11,22.59,8.04,72.85,44.31,59.49,8.10
560.77,40.02,20.14,22.59,8.04,73.08,44.22,59.49,8.10
560.78,40.02,20.11,22.59,8.04,73.30,44.22,59.49,8.09
560.79,40.02,20.11,22.56,8.04,73.08,44.22,59.33,8.10
560.80,40.02,20.11,22.59,8.04,73.30,44.22,59.49,8.11
560.81,40.02,20.11,22.59,8.04,73.08,44.22,59.49,8.10
560.82,40.02,20.11,22.59,8.04,73.30,44.12,59.49,8.10
560.83,40.02,20.14,22.63,8.04,73.08,44.22,59.64,8.10
560.84,39.94,20.08,22.59,8.04,73.08,44.22,59.49,8.11
560.85,40.02,20.14,22.59,8.04,73.08,44.12,59.49,8.09
560.86,40.02,20.16,22.59,8.04,73.08,44.22,59.49,8.10
560.87,40.02,20.08,22.59,8.04,73.08,44.22,59.64,8.11
560.88,40.02,20.14,22.59,8.04,73.30,44.22,59.49,8.09
560.89,39.94,20.14,22.59,8.04,73.30,44.22,59.49,8.10
560.90,40.02,20.14,22.59,8.04,73.08,44.22,59.49,8.09
560.91,39.94,20.11,22.59,8.04,73.08,44.22,59.49,8.11
560.92,40.02,20.11,22.59,8.04,73.08,44.31,59.64,8.10
560.93,40.02,20.11,22.59,8.04,73.08,44.12,59.64,8.10
560.94,40.02,20.14,22.59,8.04,73.08,44.12,59.49,8.09
560.95,40.02,20.11,22.59,8.04,73.08,44.31,59.64,8.09
560.96,40.02,20.14,22.59,8.04,73.30,44.12,59.64,8.10
560.97,39.94,20.14,22.59,8.06,73.30,44.31,59.64,8.09
560.98,40.02,20.14,22.59,8.04,73.08,44.22,59.64,8.10
560.99,40.02,20.16,22.59,8.04,73.30,44.22,59.49,8.10
561.00,40.02,20.11,22.59,8.04,73.08,44.12,59.49,8.11
561.01,40.02,20.14,22.59,8.04,73.08,44.22,59.49,8.11
561.02,40.02,20.11,22.59,8.04,73.08,44.22,59.49,8.10
561.03,39.94,20.11,22.59,8.04,73.08,44.22,59.49,8.11
561.04,40.02,20.14,22.59,8.04,73.08,44.12,59.49,8.10
561.05,40.02,20.11,22.59,8.04,73.08,44.22,59.64,8.10
561.06,40.02,20.14,22.59,8.04,73.08,44.22,59.49,8.10
561.07,39.94,20.14,22.59,8.04,73.30,44.31,59.49,8.10
561.08,40.10,20.11,22.59,8.04,73.30,44.22,59.49,8.10
561.09,39.86,20.14,22.59,8.04,73.08,44.22,59.49,8.09
561.10,40.02,20.14,22.59,8.04,73.30,44.22,59.49,8.09
561.11,40.02,20.11,22.59,8.04,73.30,44.22,59.64,8.10
561.12,40.02,20.14,22.59,8.04,73.08,44.22,59.49,8.11
561.13,40.02,20.11,22.59,8.04,73.08,44.22,59.49,8.09
561.14,40.02,20.14,22.56,8.04,73.30,44.22,59.49,8.10
561.15,39.94,20.11,22.59,8.04,72.85,44.31,59.49,8.09
561.16,40.02,20.11,22.59,8.04,73.30,44.22,59.33,8.10
561.17,40.02,20.14,22.59,8.04,73.08,44.22,59.49,8.10
561.18,40.02,20.11,22.56,8.04,73.08,44.22,59.49,8.10
561.19,40.02,20.11,22.59,8.04,73.08,44.22,59.33,8.09
561.20,40.02,20.14,22.63,8.04,73.30,44.22,59.80,8.10
561.21,40.02,20.14,22.59,8.04,73.08,44.22,59.33,8.10
561.22,40.02,20.14,22.59,8.04,73.08,44.22,59.49,8.10
561.23,40.02,20.11,22.59,8.04,73.08,44.31,59.64,8.09
561.24,40.02,20.14,22.59,8.04,73.08,44.22,59.49,8.10
561.25,40.02,20.14,22.59,8.04,73.08,44.22,59.64,8.10
561.26,40.02,20.14,22.59,8.04,73.08,44.22,59.64,8.09
561.27,40.02,20.11,22.59,8.04,73.08,44.22,59.49,8.11
561.28,40.02,20.11,22.59,8.04,73.30,44.12,59.49,8.10
561.29,40.02,20.14,22.59,8.04,73.08,44.12,59.49,8.11
561.30,40.02,20.14,22.59,8.04,73.30,44.12,59.49,8.09
561.31,40.02,20.11,22.56,8.04,73.08,44.22,59.49,8.10
561.32,40.02,20.14,22.59,8.02,73.08,44.31,59.49,8.10
561.33,40.02,20.11,22.63,8.04,73.30,44.22,59.64,8.10
561.34,40.02,20.11,22.59,8.06,73.30,44.22,59.49,8.10
561.35,39.94,20.14,22.59,8.04,73.30,44.22,59.49,8.10
561.36,40.02,20.11,22.59,8.04,73.08,44.22,59.64,8.10
561.37,40.02,20.14,22.59,8.04,73.08,44.22,59.49,8.11
561.38,40.02,20.11,22.59,8.04,73.08,44.22,59.49,8.10
561.39,40.02,20.16,22.59,8.04,73.30,44.22,59.49,8.10
561.40,40.02,20.11,22.59,8.04,73.08,44.22,59.49,8.10
561.41,40.02,20.11,22.59,8.04,73.30,44.22,59.49,8.10
561.42,39.94,20.11,22.59,8.04,73.08,44.22,59.64,8.10
561.43,40.02,20.14,22.59,8.04,73.08,44.31,59.64,8.11
561.44,40.02,20.11,22.56,8.04,73.08,44.22,59.49,8.09
561.45,39.94,20.11,22.59,8.04,73.08,44.31,59.49,8.09
561.46,40.02,20.14,22.59,8.04,73.08,44.22,59.64,8.11
561.47,39.94,20.11,22.59,8.04,73.30,44.12,59.49,8.09
561.48,40.02,20.11,22.59,8.04,73.30,44.31,59.64,8.10
561.49,40.02,20.16,22.59,8.04,73.08,44.22,59.49,8.10
561.50,40.02,20.11,22.59,8.04,73.08,44.12,59.49,8.10
561.51,39.94,20.14,22.59,8.04,73.08,44.31,59.49,8.10
561.52,40.02,20.14,22.59,8.04,73.08,44.22,59.49,8.09
561.53,40.02,20.14,22.59,8.04,73.08,44.22,59.49,8.11
561.54,40.02,20.14,22.59,8.04,73.08,44.22,59.49,8.11
561.55,40.02,20.11,22.63,8.04,73.30,44.22,59.49,8.10
561.56,40.02,20.14,22.59,8.04,73.30,44.22,59.49,8.09
561.57,40.02,20.11,22.59,8.04,73.08,44.22,59.64,8.10
561.58,40.02,20.14,22.59,8.04,73.08,44.22,59.49,8.10
561.59,40.02,20.14,22.59,8.04,73.08,44.22,59.49,8.09
561.60,39.94,20.11,22.63,8.04,73.08,44.22,59.49,8.10
561.61,40.02,20.16,22.59,8.04,73.08,44.22,59.49,8.10
561.62,40.02,20.14,22.59,8.04,73.08,44.12,59.49,8.10
561.63,40.02,20.11,22.59,8.04,73.08,44.22,59.49,8.10
561.64,40.02,20.14,22.59,8.04,73.08,44.22,59.49,8.10
561.65,40.02,20.14,22.59,8.04,73.08,44.12,59.49,8.09
561.66,40.02,20.14,22.59,8.04,73.08,44.22,59.49,8.10
561.67,40.02,20.14,22.59,8.04,73.08,44.22,59.49,8.10
561.68,40.02,20.16,22.59,8.04,73.08,44.31,59.64,8.10
561.69,40.02,20.11,22.59,8.04,73.08,44.22,59.64,8.11
561.70,40.02,20.11,22.56,8.04,73.08,44.22,59.49,8.09
561.71,40.02,20.16,22.59,8.04,73.30,44.22,59.49,8.10
561.72,40.02,20.16,22.59,8.04,73.08,44.22,59.49,8.11
561.73,40.02,20.16,22.56,8.04,73.08,44.22,59.49,8.10
561.74,40.02,20.16,22.59,8.04,73.08,44.22,59.49,8.10
561.75,40.02,20.11,22.59,8.04,73.08,44.22,59.64,8.10
561.76,39.94,20.11,22.59,8.04,73.08,44.22,59.64,8.10
561.77,40.02,20.14,22.63,8.04,73.08,44.22,59.64,8.10
561.78,40.02,20.11,22.59,8.04,73.08,44.22,59.64,8.10
561.79,40.02,20.14,22.59,8.04,73.08,44.22,59.49,8.09
561.80,40.02,20.14,22.59,8.04,73.08,44.22,59.49,8.10
561.81,40.02,20.14,22.59,8.04,73.08,44.22,59.64,8.10
561.82,40.02,20.14,22.59,8.04,73.08,44.22,59.64,8.10
561.83,39.94,20.11,22.59,8.04,73.08,44.22,59.64,8.10
561.84,40.02,20.14,22.59,8.04,73.08,44.12,59.64,8.11
561.85,39.94,20.14,22.59,8.06,73.30,44.22,59.49,8.10
561.86,40.02,20.11,22.59,8.04,73.08,44.31,59.49,8.10
561.87,40.02,20.14,22.59,8.04,73.08,44.22,59.49,8.09
561.88,40.02,20.14,22.59,8.04,73.08,44.22,59.64,8.11
561.89,39.94,20.11,22.59,8.04,73.08,44.22,59.49,8.11
561.90,40.02,20.14,22.56,8.04,73.08,44.22,59.49,8.10
561.91,39.94,20.14,22.59,8.04,73.08,44.22,59.49,8.11
561.92,40.02,20.11,22.59,8.04,73.08,44.22,59.49,8.09
561.93,40.02,20.14,22.56,8.04,73.30,44.22,59.49,8.10
561.94,40.02,20.11,22.59,8.04,73.30,44.31,59.49,8.10
561.95,39.94,20.14,22.59,8.04,73.08,44.12,59.64,8.10
561.96,40.02,20.14,22.59,8.04,73.08,44.22,59.49,8.09
561.97,39.94,20.11,22.59,8.04,73.08,44.22,59.64,8.10
561.98,39.94,20.11,22.59,8.04,73.08,44.22,59.49,8.10
561.99,40.02,20.11,22.59,8.04,73.08,44.22,59.49,8.10
562.00,39.94,20.14,22.59,8.04,73.08,44.31,59.49,8.09
562.01,40.02,20.14,22.59,8.04,73.08,44.12,59.64,8.10
562.02,40.02,20.11,22.56,8.04,73.08,44.22,59.49,8.10
562.03,40.02,20.11,22.59,8.04,73.08,44.22,59.49,8.11
562.04,40.02,20.16,22.59,8.04,73.08,44.22,59.64,8.10
562.05,40.02,20.11,22.59,8.04,73.08,44.12,59.49,8.11
562.06,40.02,20.14,22.56,8.04,73.08,44.22,59.64,8.10
562.07,40.02,20.11,22.56,8.04,73.08,44.22,59.64,8.10
562.08,40.02,20.14,22.59,8.04,73.08,44.31,59.49,8.11
562.09,40.02,20.11,22.59,8.04,73.08,44.22,59.49,8.10
562.10,40.02,20.14,22.59,8.04,73.08,44.22,59.49,8.10
562.11,40.02,20.14,22.59,8.04,73.08,44.22,59.49,8.10
562.12,40.02,20.14,22.56,8.04,73.08,44.12,59.49,8.11
562.13,40.02,20.11,22.59,8.04,73.08,44.12,59.49,8.10
562.14,39.94,20.11,22.59,8.04,73.08,44.31,59.64,8.10
562.15,40.02,20.11,22.59,8.04,73.08,44.12,59.49,8.11
562.16,40.02,20.11,22.59,8.04,73.30,44.31,59.49,8.10
562.17,40.02,20.14,22.59,8.04,73.08,44.22,59.49,8.10
562.18,40.02,20.11,22.59,8.04,73.08,44.12,59.49,8.10
562.19,40.02,20.11,22.59,8.04,73.30,44.22,59.49,8.10
562.20,40.02,20.16,22.59,8.04,73.08,44.31,59.49,8.09
562.21,40.02,20.14,22.59,8.04,73.08,44.12,59.49,8.10
562.22,39.94,20.11,22.59,8.04,73.08,44.22,59.64,8.10
562.23,40.02,20.11,22.59,8.04,73.08,44.22,59.64,8.10
562.24,40.02,20.14,22.59,8.04,73.08,44.22,59.64,8.10
562.25,39.94,20.11,22.59,8.04,73.30,44.22,59.64,8.10
562.26,40.10,20.14,22.59,8.04,73.08,44.22,59.49,8.10
562.27,40.02,20.14,22.59,8.04,73.08,44.31,59.64,8.10
562.28,40.02,20.14,22.59,8.04,73.08,44.22,59.49,8.09
562.29,39.94,20.11,22.59,8.04,73.08,44.31,59.49,8.10
562.30,40.02,20.11,22.59,8.06,73.08,44.22,59.49,8.10
562.31,40.02,20.11,22.56,8.04,73.08,44.22,59.64,8.09
562.32,40.02,20.16,22.59,8.04,73.30,44.22,59.49,8.10
562.33,40.02,20.14,22.59,8.04,73.08,44.22,59.49,8.09
562.34,40.02,20.14,22.59,8.04,72.85,44.22,59.49,8.09
562.35,40.02,20.11,22.59,8.04,73.52,44.22,59.49,8.10
562.36,40.02,20.11,22.56,8.04,73.08,44.22,59.64,8.10
562.37,40.02,20.14,22.59,8.04,73.08,44.22,59.33,8.11
562.38,39.94,20.11,22.59,8.04,73.08,44.22,59.49,8.10
562.39,39.94,20.11,22.59,8.04,73.08,44.22,59.33,8.10
562.40,40.02,20.11,22.59,8.04,73.08,44.22,59.33,8.09
562.41,40.02,20.11,22.59,8.04,73.30,44.22,59.33,8.10
562.42,40.02,20.14,22.59,8.04,73.08,44.22,59.64,8.10
562.43,39.94,20.14,22.56,8.04,73.08,44.12,59.49,8.11
562.44,39.94,20.11,22.59,8.04,73.08,44.12,59.49,8.09
562.45,40.02,20.11,22.59,8.04,73.08,44.22,59.49,8.10
562.46,39.94,20.14,22.59,8.04,73.08,44.22,59.64,8.10
562.47,40.02,20.14,22.59,8.04,73.08,44.12,59.49,8.09
562.48,40.02,20.11,22.56,8.04,73.08,44.12,59.64,8.09
562.49,39.94,20.11,22.56,8.04,73.08,44.12,59.49,8.09
562.50,40.02,20.11,22.56,8.04,73.30,44.31,59.49,8.10
562.51,40.02,20.14,22.59,8.04,73.30,44.22,59.49,8.11
562.52,40.02,20.11,22.56,8.04,73.08,44.31,59.49,8.11
562.53,40.02,20.14,22.56,8.04,73.08,44.12,59.49,8.10
562.54,39.94,20.11,22.59,8.04,73.08,44.22,59.49,8.09
562.55,40.02,20.11,22.59,8.04,73.08,44.12,59.49,8.10
562.56,39.94,20.08,22.59,8.04,73.08,44.12,59.49,8.09
562.57,39.86,20.11,22.59,8.04,73.08,44.22,59.49,8.10
562.58,40.02,20.11,22.59,8.04,73.30,44.22,59.49,8.09
562.59,40.02,20.11,22.56,8.04,73.08,44.22,59.49,8.11
562.60,40.02,20.14,22.59,8.04,73.08,44.12,59.49,8.10
562.61,40.02,20.14,22.59,8.04,73.30,44.22,59.64,8.10
562.62,39.94,20.14,22.59,8.04,73.08,44.31,59.64,8.10
562.63,40.02,20.14,22.59,8.04,73.30,44.22,59.49,8.10
562.64,40.02,20.11,22.59,8.04,73.08,44.22,59.49,8.09
562.65,40.02,20.14,22.59,8.04,73.08,44.22,59.49,8.10
562.66,39.94,20.11,22.59,8.04,73.08,44.12,59.49,8.09
562.67,40.02,20.14,22.59,8.04,73.08,44.22,59.64,8.10
562.68,40.02,20.14,22.59,8.04,73.08,44.22,59.64,8.11
562.69,40.02,20.14,22.59,8.04,73.08,44.12,59.49,8.10
562.70,39.94,20.16,22.59,8.04,73.30,44.12,59.49,8.10
562.71,40.02,20.11,22.59,8.04,73.08,44.12,59.49,8.09
562.72,39.94,20.14,22.59,8.04,73.08,44.22,59.64,8.11
562.73,40.02,20.14,22.59,8.04,73.30,44.22,59.49,8.11
562.74,39.94,20.11,22.59,8.04,73.30,44.12,59.49,8.09
562.75,39.94,20.14,22.59,8.04,73.30,44.12,59.64,8.11
562.76,39.94,20.11,22.59,8.04,73.08,44.22,59.64,8.10
562.77,39.94,20.14,22.59,8.04,73.08,44.22,59.49,8.10
562.78,40.02,20.11,22.59,8.04,73.08,44.22,59.33,8.09
562.79,40.02,20.11,22.59,8.04,73.30,44.22,59.49,8.10
562.80,40.02,20.11,22.59,8.04,73.08,44.22,59.49,8.10
562.81,40.02,20.14,22.59,8.04,73.08,44.12,59.49,8.10
562.82,39.94,20.14,22.59,8.04,73.08,44.22,59.49,8.11
562.83,39.94,20.11,22.59,8.04,73.08,44.22,59.64,8.10
562.84,39.94,20.11,22.56,8.04,73.08,44.22,59.49,8.09
562.85,40.02,20.14,22.59,8.04,73.30,44.22,59.49,8.09
562.86,40.10,20.14,22.59,8.04,73.08,44.22,59.49,8.11
562.87,40.02,20.11,22.56,8.04,73.30,44.22,59.49,8.10
562.88,40.02,20.16,22.56,8.04,73.30,44.22,59.49,8.10
562.89,40.02,20.11,22.56,8.04,73.30,44.12,59.64,8.10
562.90,39.94,20.14,22.59,8.04,73.08,44.22,59.64,8.10
562.91,40.02,20.14,22.59,8.04,73.08,44.12,59.64,8.11
562.92,40.02,20.11,22.59,8.04,73.08,44.22,59.64,8.11
562.93,40.02,20.16,22.59,8.04,73.30,44.22,59.49,8.09
562.94,40.02,20.14,22.56,8.04,73.08,44.22,59.49,8.10
562.95,40.02,20.11,22.59,8.04,73.08,44.22,59.49,8.10
562.96,39.94,20.14,22.59,8.04,73.08,44.12,59.49,8.10
562.97,39.94,20.11,22.59,8.04,73.08,44.31,59.49,8.10
562.98,39.94,20.11,22.59,8.04,73.08,44.22,59.64,8.10
562.99,40.02,20.14,22.59,8.04,73.08,44.12,59.64,8.10
563.00,39.94,20.14,22.59,8.04,73.30,44.12,59.49,8.09
563.01,39.94,20.14,22.59,8.04,73.08,44.12,59.49,8.10
563.02,40.02,20.14,22.59,8.04,73.08,44.12,59.33,8.11
563.03,39.94,20.14,22.59,8.04,73.08,44.22,59.49,8.10
563.04,40.02,20.14,22.59,8.04,73.30,44.31,59.49,8.09
563.05,40.02,20.14,22.59,8.04,73.08,44.22,59.64,8.10
563.06,40.02,20.14,22.59,8.04,73.30,44.22,59.64,8.10
563.07,40.02,20.14,22.59,8.04,73.08,44.22,59.64,8.09
563.08,39.94,20.11,22.59,8.04,73.08,44.12,59.64,8.09
563.09,39.94,20.14,22.59,8.04,73.30,44.03,59.49,8.10
563.10,40.02,20.11,22.59,8.04,73.30,44.22,59.49,8.10
563.11,39.94,20.11,22.56,8.04,73.08,44.22,59.49,8.09
563.12,39.94,20.14,22.59,8.04,73.08,44.22,59.49,8.10
563.13,40.02,20.11,22.59,8.04,73.08,44.22,59.49,8.10
563.14,40.02,20.14,22.59,8.04,73.08,44.31,59.64,8.10
563.15,40.02,20.11,22.59,8.04,73.08,44.22,59.64,8.10
563.16,40.02,20.11,22.56,8.04,73.08,44.22,59.33,8.10
563.17,39.94,20.14,22.59,8.04,73.08,44.22,59.49,8.10
563.18,39.94,20.14,22.59,8.02,73.08,44.22,59.49,8.10
563.19,40.02,20.11,22.59,8.06,73.30,44.12,59.49,8.10
563.20,40.02,20.14,22.59,8.04,73.08,44.31,59.49,8.09
563.21,40.02,20.14,22.56,8.04,73.30,44.12,59.49,8.11
563.22,39.94,20.08,22.59,8.04,73.08,44.12,59.49,8.10
563.23,39.94,20.14,22.56,8.04,73.08,44.12,59.49,8.10
563.24,39.94,20.14,22.56,8.04,73.08,44.22,59.49,8.09
563.25,40.02,20.14,22.59,8.04,73.08,44.22,59.64,8.09
563.26,40.02,20.11,22.56,8.04,73.08,44.22,59.49,8.09
563.27,40.02,20.11,22.59,8.04,73.08,44.22,59.49,8.10
563.28,39.94,20.14,22.59,8.04,73.08,44.12,59.64,8.09
563.29,40.02,20.11,22.59,8.04,73.08,44.12,59.49,8.11
563.30,39.94,20.14,22.59,8.04,73.08,44.31,59.64,8.10
563.31,39.94,20.11,22.59,8.04,73.08,44.12,59.49,8.10
563.32,39.94,20.11,22.59,8.04,73.30,44.22,59.49,8.10
563.33,40.02,20.14,22.59,8.04,73.08,44.22,59.49,8.11
563.34,39.94,20.11,22.59,8.04,73.08,44.12,59.49,8.10
563.35,39.94,20.11,22.59,8.04,73.08,44.22,59.64,8.09
563.36,40.02,20.11,22.59,8.04,73.08,44.22,59.49,8.10
563.37,40.02,20.11,22.59,8.04,73.08,44.12,59.64,8.10
563.38,39.94,20.11,22.59,8.04,73.08,44.22,59.49,8.09
563.39,39.94,20.11,22.59,8.04,73.08,44.31,59.49,8.11
563.40,39.94,20.11,22.59,8.04,73.08,44.12,59.49,8.10
563.41,39.94,20.16,22.56,8.04,73.08,44.22,59.49,8.10
563.42,39.94,20.14,22.59,8.04,73.30,44.12,59.49,8.10
563.43,40.02,20.11,22.59,8.04,73.30,44.22,59.49,8.09
563.44,39.86,20.14,22.56,8.04,73.08,44.22,59.64,8.10
563.45,39.94,20.14,22.59,8.04,73.08,44.22,59.49,8.10
563.46,40.02,20.11,22.59,8.04,73.08,44.31,59.49,8.09
563.47,39.94,20.14,22.59,8.04,73.08,44.22,59.49,8.10
563.48,40.02,20.11,22.59,8.04,73.30,44.31,59.49,8.10
563.49,39.94,20.11,22.59,8.04,73.08,44.22,59.49,8.10
563.50,39.94,20.11,22.59,8.04,73.30,44.12,59.49,8.11
563.51,40.02,20.14,22.56,8.04,73.30,44.22,59.49,8.09
563.52,39.94,20.11,22.59,8.04,73.30,44.22,59.49,8.10
563.53,40.02,20.11,22.59,8.04,72.85,44.22,59.49,8.10
563.54,39.94,20.11,22.59,8.04,73.08,44.22,59.49,8.11
563.55,40.02,20.11,22.59,8.04,73.08,44.22,59.64,8.10
563.56,39.94,20.11,22.59,8.04,73.30,44.22,59.49,8.11
563.57,39.94,20.14,22.56,8.04,73.08,44.22,59.33,8.09
563.58,39.94,20.14,22.56,8.04,73.08,44.22,59.64,8.10
563.59,40.02,20.11,22.59,8.04,73.08,44.12,59.33,8.10
563.60,40.02,20.11,22.59,8.04,73.08,44.22,59.64,8.10
563.61,39.94,20.11,22.59,8.04,73.08,44.31,59.49,8.11
563.62,39.94,20.14,22.59,8.04,73.08,44.12,59.49,8.10
563.63,39.94,20.11,22.59,8.04,73.08,44.12,59.49,8.11
563.64,39.94,20.14,22.59,8.04,73.08,44.22,59.49,8.11
563.65,40.02,20.11,22.59,8.04,73.08,44.12,59.64,8.11
563.66,40.02,20.14,22.59,8.04,73.08,44.12,59.64,8.09
563.67,40.02,20.16,22.56,8.04,73.08,44.22,59.49,8.10
563.68,40.02,20.11,22.59,8.04,73.08,44.22,59.64,8.09
563.69,39.94,20.14,22.56,8.04,73.08,44.22,59.49,8.10
563.70,40.02,20.11,22.59,8.04,73.08,44.22,59.49,8.10
563.71,39.94,20.14,22.59,8.04,73.08,44.22,59.49,8.10
563.72,40.02,20.14,22.59,8.04,73.08,44.22,59.64,8.10
563.73,40.02,20.14,22.59,8.04,73.08,44.31,59.49,8.10
563.74,39.94,20.11,22.59,8.04,73.08,44.12,59.64,8.10
563.75,39.94,20.11,22.59,8.04,73.08,44.12,59.49,8.10
563.76,39.94,20.11,22.59,8.04,73.08,44.22,59.64,8.10
563.77,40.02,20.11,22.59,8.04,73.08,44.12,59.49,8.10
563.78,40.02,20.14,22.59,8.04,73.08,44.22,59.49,8.10
563.79,40.02,20.11,22.56,8.04,73.08,44.22,59.64,8.10
563.80,39.94,20.14,22.59,8.04,72.85,44.12,59.64,8.10
563.81,40.02,20.11,22.59,8.04,73.08,44.22,59.49,8.10
563.82,40.02,20.14,22.59,8.04,73.08,44.22,59.49,8.10
563.83,40.02,20.11,22.59,8.04,73.08,44.22,59.49,8.11
563.84,39.94,20.11,22.56,8.04,73.08,44.12,59.49,8.10
563.85,40.02,20.14,22.56,8.04,73.08,44.12,59.49,8.11
563.86,39.94,20.14,22.56,8.04,73.08,44.22,59.64,8.09
563.87,39.94,20.11,22.59,8.04,73.30,44.22,59.49,8.10
563.88,39.94,20.14,22.59,8.04,73.08,44.22,59.49,8.10
563.89,39.94,20.11,22.59,8.04,73.08,44.31,59.49,8.10
563.90,40.02,20.11,22.56,8.04,73.30,44.22,59.49,8.09
563.91,40.02,20.14,22.59,8.04,73.30,44.22,59.64,8.11
563.92,39.94,20.11,22.56,8.04,73.08,44.22,59.49,8.09
563.93,40.02,20.11,22.59,8.04,73.08,44.22,59.49,8.10
563.94,39.94,20.11,22.59,8.04,73.08,44.22,59.49,8.11
563.95,39.94,20.11,22.59,8.02,73.08,44.22,59.64,8.10
563.96,39.94,20.11,22.59,8.04,73.08,44.22,59.49,8.09
563.97,39.94,20.11,22.56,8.04,73.08,44.12,59.49,8.09
563.98,40.02,20.11,22.56,8.04,73.08,44.12,59.49,8.10
563.99,40.02,20.11,22.59,8.04,73.08,44.22,59.49,8.10
564.00,39.94,20.14,22.59,8.04,73.08,44.22,59.49,8.10
564.01,40.02,20.14,22.63,8.04,73.08,44.22,59.49,8.10
564.02,39.94,20.11,22.56,8.04,73.08,44.22,59.49,8.09
564.03,40.02,20.11,22.56,8.04,73.30,44.12,59.49,8.10
564.04,39.94,20.11,22.59,8.04,73.08,44.22,59.49,8.10
564.05,39.94,20.11,22.56,8.04,73.30,44.12,59.49,8.10
564.06,40.02,20.11,22.59,8.04,73.30,44.12,59.49,8.10
564.07,39.94,20.11,22.56,8.04,73.08,44.12,59.49,8.10
564.08,39.94,20.14,22.59,8.04,73.08,44.12,59.49,8.10
564.09,39.94,20.11,22.56,8.04,73.08,44.22,59.49,8.10
564.10,39.94,20.14,22.56,8.04,73.08,44.22,59.49,8.10
564.11,39.94,20.11,22.56,8.04,73.08,44.22,59.64,8.10
564.12,40.02,20.14,22.59,8.04,73.08,44.12,59.49,8.11
564.13,39.94,20.14,22.59,8.04,73.08,44.12,59.64,8.10
564.14,40.02,20.14,22.59,8.04,73.30,44.22,59.49,8.09
564.15,40.02,20.14,22.56,8.04,73.08,44.12,59.49,8.09
564.16,39.94,20.11,22.56,8.04,73.08,44.12,59.49,8.10
564.17,39.94,20.11,22.59,8.04,73.08,44.22,59.49,8.10
564.18,39.94,20.14,22.59,8.04,73.30,44.22,59.49,8.10
564.19,39.94,20.11,22.59,8.04,73.08,44.22,59.49,8.09
564.20,39.94,20.11,22.59,8.04,73.08,44.22,59.49,8.09
564.21,39.94,20.08,22.56,8.04,73.08,44.22,59.49,8.10
564.22,39.94,20.11,22.59,8.04,73.08,44.22,59.49,8.10
564.23,39.94,20.11,22.56,8.04,73.08,44.22,59.49,8.09
564.24,39.94,20.11,22.59,8.04,73.08,44.12,59.49,8.09
564.25,39.94,20.11,22.56,8.04,73.08,44.22,59.49,8.09
564.26,39.94,20.14,22.59,8.04,73.08,44.22,59.49,8.10
564.27,40.02,20.11,22.59,8.04,73.08,44.22,59.64,8.10
564.28,40.02,20.14,22.59,8.04,73.08,44.12,59.64,8.10
564.29,39.94,20.14,22.59,8.04,73.08,44.12,59.49,8.09
564.30,40.02,20.11,22.59,8.04,73.08,44.22,59.49,8.09
564.31,39.94,20.11,22.59,8.04,73.08,44.22,59.49,8.09
564.32,40.02,20.14,22.56,8.02,73.08,44.22,59.49,8.09
564.33,39.94,20.11,22.59,8.04,73.08,44.22,59.49,8.11
564.34,40.02,20.11,22.56,8.04,72.85,44.12,59.49,8.10
564.35,40.02,20.11,22.59,8.04,73.08,44.31,59.64,8.10
564.36,39.94,20.11,22.59,8.04,73.08,44.12,59.64,8.11
564.37,40.02,20.16,22.56,8.04,73.08,44.22,59.33,8.11
564.38,39.94,20.11,22.59,8.04,73.08,44.12,59.49,8.10
564.39,40.02,20.14,22.56,8.04,73.08,44.12,59.49,8.10
564.40,40.02,20.11,22.59,8.04,73.08,44.22,59.49,8.09
564.41,40.02,20.11,22.56,8.04,73.08,44.22,59.49,8.09
564.42,39.94,20.14,22.56,8.04,73.08,44.12,59.49,8.10
564.43,39.94,20.11,22.56,8.04,73.08,44.22,59.49,8.10
564.44,39.86,20.08,22.59,8.04,73.08,44.22,59.49,8.10
564.45,39.94,20.11,22.59,8.04,73.08,44.22,59.49,8.10
564.46,40.02,20.11,22.56,8.04,73.08,44.22,59.49,8.09
564.47,39.94,20.11,22.59,8.04,73.08,44.12,59.49,8.10
564.48,40.02,20.11,22.59,8.04,73.08,44.12,59.33,8.09
564.49,39.94,20.11,22.56,8.04,73.08,44.22,59.49,8.11
564.50,40.02,20.11,22.56,8.04,73.08,44.22,59.33,8.09
564.51,39.94,20.14,22.56,8.04,73.08,44.22,59.49,8.10
564.52,40.02,20.14,22.56,8.04,73.08,44.31,59.49,8.10
564.53,40.02,20.11,22.56,8.04,73.08,44.12,59.49,8.10
564.54,40.02,20.11,22.59,8.02,73.08,44.22,59.49,8.09
564.55,39.94,20.11,22.56,8.04,73.08,44.22,59.49,8.11
564.56,39.94,20.11,22.56,8.02,72.85,44.22,59.49,8.09
564.57,40.02,20.11,22.56,8.04,73.08,44.22,59.49,8.10
564.58,39.94,20.11,22.59,8.04,73.08,44.22,59.49,8.11
564.59,39.94,20.11,22.59,8.04,73.08,44.12,59.49,8.10
564.60,39.86,20.11,22.56,8.04,73.08,44.12,59.49,8.10
564.61,39.94,20.11,22.56,8.04,73.30,44.12,59.49,8.10
564.62,39.94,20.11,22.59,8.04,73.08,44.22,59.49,8.09
564.63,39.94,20.08,22.56,8.04,73.08,44.12,59.49,8.09
564.64,39.94,20.11,22.59,8.04,73.08,44.12,59.33,8.09
564.65,40.02,20.11,22.59,8.04,73.08,44.22,59.64,8.10
564.66,40.02,20.11,22.56,8.04,73.30,44.31,59.49,8.11
564.67,39.94,20.11,22.59,8.04,73.08,44.22,59.49,8.09
564.68,39.94,20.08,22.59,8.04,73.08,44.22,59.49,8.09
564.69,39.94,20.11,22.59,8.04,73.08,44.22,59.64,8.09
564.70,40.02,20.14,22.56,8.04,73.08,44.22,59.49,8.09
564.71,39.94,20.14,22.59,8.04,73.30,44.22,59.49,8.10
564.72,40.02,20.11,22.56,8.04,72.85,44.22,59.49,8.09
564.73,39.94,20.11,22.59,8.04,73.30,44.22,59.64,8.10
564.74,39.94,20.14,22.56,8.04,73.30,44.12,59.64,8.10
564.75,40.02,20.14,22.59,8.04,73.08,44.22,59.49,8.11
564.76,39.94,20.11,22.59,8.04,73.08,44.12,59.49,8.09
564.77,39.94,20.11,22.59,8.04,73.30,44.22,59.64,8.10
564.78,40.02,20.11,22.59,8.04,73.08,44.22,59.33,8.11
564.79,39.94,20.11,22.56,8.04,73.08,44.22,59.80,8.10
564.80,39.94,20.11,22.56,8.04,73.08,44.22,59.49,8.10
564.81,39.94,20.14,22.56,8.04,73.08,44.22,59.49,8.11
564.82,39.94,20.11,22.59,8.04,73.08,44.12,59.49,8.10
564.83,39.94,20.11,22.59,8.04,73.08,44.12,59.49,8.10
564.84,40.02,20.11,22.56,8.04,73.08,44.22,59.49,8.10
564.85,40.02,20.11,22.59,8.04,73.08,44.12,59.49,8.09
564.86,39.94,20.11,22.56,8.02,73.08,44.12,59.49,8.10
564.87,40.02,20.11,22.59,8.04,73.08,44.22,59.64,8.10
564.88,39.94,20.11,22.59,8.04,73.08,44.12,59.49,8.09
564.89,39.94,20.11,22.59,8.04,73.08,44.12,59.49,8.09
564.90,40.02,20.11,22.59,8.04,72.85,44.22,59.33,8.10
564.91,39.94,20.11,22.59,8.04,73.08,44.22,59.49,8.11
564.92,39.94,20.11,22.59,8.04,73.08,44.12,59.64,8.10
564.93,39.94,20.14,22.59,8.04,73.08,44.12,59.64,8.10
564.94,39.94,20.11,22.59,8.04,73.08,44.22,59.64,8.10
564.95,39.94,20.11,22.59,8.04,73.08,44.22,59.49,8.10
564.96,39.94,20.11,22.59,8.04,73.08,44.12,59.49,8.09
564.97,39.94,20.11,22.56,8.04,73.08,44.22,59.49,8.09
564.98,39.94,20.14,22.59,8.04,73.30,44.12,59.64,8.09
564.99,39.94,20.11,22.59,8.04,73.08,44.22,59.49,8.09
565.00,39.94,20.14,22.59,8.04,73.08,44.22,59.64,8.10
565.01,39.94,20.14,22.56,8.04,73.08,44.22,59.49,8.11
565.02,39.94,20.11,22.56,8.02,73.08,44.22,59.49,8.11
565.03,40.02,20.11,22.59,8.04,73.08,44.22,59.49,8.10
565.04,39.94,20.11,22.56,8.04,73.08,44.22,59.64,8.10
565.05,39.86,20.11,22.59,8.04,73.08,44.22,59.49,8.10
565.06,39.94,20.14,22.59,8.04,73.08,44.12,59.49,8.09
565.07,39.94,20.14,22.56,8.04,73.08,44.12,59.49,8.09
565.08,39.86,20.11,22.59,8.04,73.08,44.22,59.64,8.10
565.09,40.02,20.14,22.59,8.04,73.08,44.12,59.64,8.10
565.10,39.94,20.11,22.59,8.04,73.08,44.22,59.49,8.09
565.11,40.02,20.11,22.59,8.04,73.30,44.12,59.49,8.10
565.12,39.94,20.11,22.56,8.04,73.08,44.22,59.49,8.10
565.13,39.94,20.11,22.56,8.02,73.30,44.12,59.64,8.10
565.14,39.94,20.11,22.59,8.04,73.08,44.12,59.64,8.09
565.15,39.86,20.11,22.56,8.04,73.30,44.12,59.64,8.10
565.16,39.94,20.11,22.59,8.04,73.08,44.12,59.49,8.10
565.17,39.94,20.11,22.56,8.04,73.08,44.12,59.49,8.10
565.18,39.94,20.11,22.59,8.04,73.08,44.22,59.49,8.10
565.19,39.94,20.11,22.59,8.04,73.08,44.12,59.64,8.10
565.20,40.02,20.14,22.56,8.04,72.85,44.03,59.49,8.11
565.21,39.94,20.11,22.56,8.04,73.08,44.12,59.49,8.11
565.22,39.94,20.11,22.56,8.04,73.08,44.03,59.64,8.10
565.23,39.94,20.11,22.59,8.04,73.08,44.31,59.49,8.10
565.24,39.94,20.14,22.56,8.04,73.08,44.12,59.49,8.09
565.25,40.02,20.11,22.59,8.04,73.08,44.12,59.49,8.10
565.26,39.94,20.11,22.59,8.04,73.30,44.22,59.49,8.09
565.27,39.94,20.14,22.56,8.04,73.08,44.22,59.49,8.10
565.28,39.94,20.14,22.59,8.04,73.08,44.12,59.49,8.09
565.29,39.94,20.08,22.56,8.04,73.08,44.22,59.49,8.10
565.30,40.02,20.11,22.56,8.04,72.85,44.12,59.49,8.09
565.31,40.02,20.11,22.56,8.04,73.08,44.12,59.49,8.09
565.32,39.94,20.11,22.59,8.04,73.08,44.22,59.49,8.10
565.33,40.02,20.11,22.56,8.04,73.08,44.22,59.49,8.10
565.34,40.02,20.14,22.59,8.04,73.08,44.22,59.49,8.10
565.35,40.02,20.11,22.59,8.04,73.08,44.12,59.49,8.10
565.36,39.94,20.11,22.59,8.04,73.08,44.22,59.49,8.11
565.37,39.94,20.11,22.59,8.04,73.30,44.22,59.49,8.09
565.38,39.94,20.11,22.59,8.04,73.08,44.12,59.49,8.09
565.39,39.94,20.14,22.59,8.04,73.30,44.12,59.49,8.10
565.40,40.02,20.11,22.56,8.04,73.08,44.12,59.49,8.10
565.41,39.94,20.14,22.56,8.04,73.08,44.22,59.49,8.09
565.42,40.02,20.11,22.59,8.04,73.08,44.12,59.64,8.09
565.43,39.94,20.11,22.56,8.04,73.30,44.22,59.49,8.10
565.44,40.02,20.11,22.59,8.04,73.08,44.22,59.49,8.10
565.45,40.02,20.14,22.56,8.04,73.08,44.31,59.49,8.09
565.46,40.02,20.11,22.59,8.04,73.30,44.12,59.49,8.09
565.47,40.02,20.11,22.59,8.04,73.08,44.22,59.49,8.11
565.48,40.02,20.11,22.59,8.04,73.08,44.12,59.49,8.09
565.49,40.02,20.14,22.59,8.02,73.08,44.12,59.64,8.10
565.50,39.94,20.11,22.59,8.04,73.30,44.22,59.49,8.10
565.51,39.94,20.11,22.59,8.02,73.08,44.22,59.49,8.09
565.52,39.94,20.11,22.59,8.04,73.08,44.12,59.64,8.10
565.53,40.02,20.14,22.59,8.04,73.08,44.22,59.49,8.10
565.54,39.94,20.11,22.56,8.04,73.08,44.12,59.49,8.09
565.55,39.94,20.11,22.56,8.04,73.08,44.12,59.49,8.10
565.56,39.94,20.11,22.59,8.04,73.08,44.22,59.49,8.09
565.57,40.02,20.11,22.59,8.04,73.08,44.22,59.64,8.11
565.58,40.02,20.11,22.59,8.04,73.08,44.12,59.49,8.10
565.59,40.02,20.11,22.56,8.04,73.08,44.22,59.49,8.10
565.60,40.02,20.16,22.56,8.04,73.08,44.22,59.49,8.10
565.61,39.94,20.16,22.59,8.04,73.08,44.22,59.49,8.09
565.62,40.02,20.05,22.59,8.04,73.08,44.22,59.49,8.10
565.63,40.02,20.11,22.56,8.04,73.30,44.22,59.49,8.09
565.64,40.02,20.11,22.59,8.04,73.08,44.12,59.49,8.10
565.65,39.94,20.11,22.59,8.04,73.30,44.12,59.49,8.10
565.66,39.94,20.11,22.59,8.04,73.08,44.12,59.64,8.10
565.67,40.02,20.14,22.59,8.04,73.08,44.12,59.49,8.10
565.68,39.94,20.11,22.59,8.04,73.08,44.12,59.64,8.10
565.69,39.94,20.11,22.56,8.02,73.08,44.22,59.49,8.10
565.70,40.02,20.11,22.59,8.02,73.08,44.31,59.49,8.10
565.71,40.02,20.14,22.56,8.04,73.08,44.22,59.64,8.09
565.72,40.02,20.11,22.59,8.04,73.30,44.12,59.64,8.09
565.73,39.94,20.14,22.56,8.02,73.08,44.31,59.33,8.10
565.74,40.02,20.11,22.59,8.04,73.30,44.22,59.64,8.10
565.75,40.02,20.11,22.56,8.04,73.08,44.22,59.49,8.10
565.76,40.02,20.14,22.56,8.02,73.08,44.22,59.49,8.09
565.77,40.02,20.11,22.59,8.04,73.30,44.22,59.49,8.11
565.78,40.02,20.11,22.59,8.04,73.08,44.12,59.49,8.09
565.79,39.94,20.11,22.59,8.04,73.08,44.12,59.49,8.11
565.80,40.02,20.14,22.59,8.04,73.08,44.22,59.49,8.10
565.81,39.94,20.11,22.56,8.02,73.08,44.22,59.64,8.10
565.82,39.94,20.11,22.59,8.04,73.30,44.22,59.49,8.09
565.83,40.02,20.14,22.59,8.04,73.08,44.22,59.49,8.09
565.84,40.02,20.11,22.59,8.04,73.30,44.12,59.64,8.10
565.85,39.94,20.08,22.59,8.04,73.08,44.12,59.64,8.11
565.86,39.94,20.11,22.59,8.04,73.08,44.22,59.49,8.09
565.87,39.94,20.14,22.59,8.04,73.08,44.22,59.49,8.10
565.88,40.02,20.11,22.56,8.04,73.08,44.12,59.49,8.11
565.89,39.94,20.14,22.56,8.04,73.08,44.22,59.49,8.10
565.90,39.94,20.11,22.59,8.04,73.08,44.12,59.49,8.10
565.91,39.94,20.11,22.59,8.04,73.30,44.22,59.49,8.10
565.92,40.02,20.08,22.59,8.04,73.08,44.12,59.49,8.10
565.93,40.02,20.14,22.56,8.04,73.08,44.22,59.49,8.10
565.94,40.02,20.11,22.59,8.04,73.08,44.22,59.49,8.10
565.95,39.94,20.11,22.59,8.04,73.08,44.12,59.64,8.10
565.96,40.02,20.11,22.59,8.04,73.30,44.12,59.02,8.10
565.97,40.02,20.11,22.59,8.04,73.30,44.22,59.49,8.11
565.98,39.94,20.14,22.59,8.04,73.30,44.22,59.64,8.11
565.99,40.02,20.11,22.59,8.02,73.08,44.22,59.49,8.11
566.00,39.94,20.11,22.59,8.04,73.08,44.22,59.49,8.10
566.01,40.02,20.11,22.56,8.04,73.08,44.22,59.33,8.11
566.02,39.94,20.11,22.59,8.04,73.08,44.22,59.49,8.10
566.03,39.94,20.11,22.59,8.04,73.08,44.12,59.64,8.10
566.04,39.94,20.11,22.59,8.04,73.08,44.22,59.64,8.09
566.05,39.94,20.08,22.59,8.04,73.08,44.12,59.49,8.09
566.06,39.94,20.11,22.59,8.04,73.08,44.22,59.49,8.09
566.07,39.94,20.11,22.59,8.04,73.30,44.12,59.49,8.10
566.08,40.02,20.14,22.59,8.04,73.08,44.12,59.64,8.09
566.09,39.94,20.11,22.59,8.04,73.08,44.22,59.49,8.10
566.10,39.94,20.11,22.63,8.04,73.08,44.12,59.49,8.10
566.11,39.94,20.11,22.59,8.04,73.08,44.22,59.49,8.09
566.12,40.02,20.14,22.56,8.04,73.08,44.22,59.49,8.10
566.13,39.94,20.11,22.59,8.04,73.08,44.12,59.49,8.10
566.14,39.94,20.11,22.59,8.04,73.08,44.12,59.49,8.10
566.15,40.02,20.11,22.59,8.02,73.30,44.22,59.49,8.09
566.16,39.94,20.16,22.59,8.04,73.30,44.12,59.64,8.10
566.17,40.02,20.11,22.56,8.04,73.30,44.22,59.49,8.09
566.18,40.02,20.11,22.56,8.04,73.08,44.22,59.49,8.09
566.19,40.02,20.14,22.56,8.02,73.08,44.12,59.33,8.10
566.20,40.02,20.11,22.59,8.04,73.08,44.12,59.49,8.10
566.21,39.94,20.11,22.59,8.04,73.08,44.22,59.49,8.11
566.22,39.94,20.14,22.56,8.04,73.08,44.22,59.49,8.09
566.23,40.02,20.11,22.56,8.04,73.08,44.22,59.49,8.09
566.24,40.02,20.11,22.59,8.04,73.08,44.22,59.49,8.11
566.25,40.02,20.14,22.56,8.04,73.30,44.22,59.49,8.10
566.26,40.10,20.14,22.59,8.04,73.08,44.12,59.49,8.10
566.27,39.94,20.08,22.59,8.04,73.08,44.12,59.49,8.10
566.28,40.02,20.11,22.59,8.04,73.08,44.22,59.49,8.10
566.29,40.02,20.11,22.59,8.04,73.08,44.22,59.49,8.09
566.30,40.02,20.11,22.59,8.04,73.30,44.22,59.64,8.09
566.31,39.94,20.11,22.59,8.04,73.30,44.22,59.64,8.10
566.32,40.02,20.11,22.59,8.02,73.08,44.22,59.49,8.09
566.33,40.02,20.11,22.56,8.04,73.08,44.12,59.33,8.10
566.34,40.02,20.11,22.56,8.02,73.30,44.22,59.49,8.10
566.35,40.02,20.11,22.59,8.04,73.08,44.12,59.64,8.09
566.36,40.02,20.11,22.56,8.04,73.08,44.22,59.49,8.10
566.37,40.02,20.11,22.56,8.04,73.08,44.22,59.64,8.09
566.38,39.94,20.11,22.59,8.04,73.08,44.22,59.49,8.09
566.39,40.02,20.11,22.59,8.02,73.08,44.12,59.49,8.09
566.40,40.02,20.11,22.59,8.04,73.08,44.22,59.64,8.10
566.41,40.02,20.11,22.59,8.04,73.08,44.12,59.49,8.09
566.42,40.02,20.11,22.56,8.04,73.08,44.22,59.49,8.09
566.43,40.02,20.11,22.59,8.04,73.08,44.22,59.49,8.11
566.44,40.02,20.11,22.56,8.04,73.08,44.12,59.49,8.09
566.45,39.94,20.11,22.56,8.04,73.08,44.12,59.49,8.10
566.46,39.94,20.11,22.59,8.02,73.08,44.03,59.49,8.10
566.47,40.02,20.14,22.59,8.04,73.08,44.22,59.64,8.10
566.48,39.94,20.14,22.59,8.04,73.08,44.31,59.64,8.09
566.49,40.02,20.11,22.59,8.04,73.08,44.12,59.49,8.10
566.50,40.02,20.11,22.56,8.04,73.08,44.12,59.49,8.09
566.51,40.02,20.11,22.59,8.04,73.08,44.22,59.49,8.09
566.52,39.94,20.11,22.59,8.04,73.30,44.22,59.49,8.10
566.53,39.94,20.11,22.59,8.04,73.08,44.22,59.49,8.09
566.54,40.02,20.11,22.59,8.04,73.08,44.12,59.33,8.09
566.55,40.02,20.08,22.59,8.04,73.08,44.22,59.49,8.09
566.56,40.02,20.11,22.59,8.02,73.08,44.12,59.49,8.11
566.57,40.02,20.11,22.59,8.02,73.08,44.22,59.49,8.10
566.58,40.02,20.11,22.59,8.02,73.08,44.22,59.49,8.11
566.59,40.02,20.14,22.59,8.04,73.08,44.12,59.49,8.09
566.60,40.02,20.11,22.59,8.04,73.08,44.22,59.49,8.11
566.61,40.02,20.11,22.56,8.02,73.08,44.22,59.49,8.09
566.62,40.02,20.11,22.56,8.04,73.08,44.12,59.49,8.09
566.63,40.02,20.11,22.56,8.04,73.08,44.22,59.49,8.09
566.64,40.02,20.11,22.59,8.04,73.08,44.12,59.49,8.10
566.65,40.02,20.11,22.59,8.04,73.08,44.03,59.49,8.09
566.66,40.02,20.11,22.59,8.04,73.08,44.22,59.64,8.10
566.67,40.02,20.11,22.59,8.02,73.08,44.12,59.49,8.09
566.68,40.02,20.14,22.59,8.04,73.08,44.22,59.49,8.09
566.69,40.02,20.14,22.59,8.04,73.08,44.22,59.64,8.10
566.70,40.02,20.11,22.56,8.04,73.08,44.12,59.49,8.10
566.71,40.02,20.14,22.59,8.02,73.08,44.12,59.64,8.09
566.72,40.02,20.11,22.59,8.04,73.08,44.12,59.64,8.10
566.73,40.02,20.11,22.56,8.02,72.85,44.22,59.33,8.09
566.74,40.02,20.11,22.59,8.02,73.08,44.22,59.64,8.10
566.75,40.02,20.08,22.59,8.04,73.08,44.22,59.64,8.09
566.76,40.02,20.11,22.59,8.02,73.08,44.12,59.49,8.10
566.77,40.02,20.14,22.59,8.04,73.30,44.03,59.49,8.10
566.78,40.02,20.11,22.59,8.04,73.08,44.12,59.49,8.10
566.79,40.02,20.11,22.59,8.04,73.08,44.22,59.49,8.09
566.80,40.02,20.08,22.59,8.04,73.30,44.22,59.64,8.11
566.81,40.02,20.11,22.59,8.04,73.08,44.22,59.49,8.10
566.82,40.02,20.11,22.59,8.04,73.08,44.22,59.49,8.11
566.83,40.02,20.14,22.56,8.04,73.08,44.12,59.49,8.09
566.84,40.02,20.14,22.59,8.02,73.30,44.31,59.64,8.10
566.85,40.02,20.11,22.59,8.04,73.08,44.22,59.49,8.10
566.86,40.02,20.11,22.59,8.02,73.30,44.12,59.64,8.11
566.87,40.02,20.11,22.59,8.04,73.30,44.22,59.49,8.10
566.88,40.02,20.14,22.56,8.04,73.08,44.12,59.49,8.10
566.89,40.02,20.11,22.59,8.04,73.08,44.22,59.49,8.09
566.90,40.02,20.11,22.56,8.04,73.08,44.22,59.49,8.10
566.91,40.02,20.11,22.59,8.04,73.08,44.22,59.49,8.09
566.92,39.94,20.11,22.59,8.04,73.08,44.12,59.49,8.10
566.93,40.02,20.11,22.63,8.04,73.30,44.12,59.49,8.10
566.94,40.02,20.11,22.59,8.04,73.08,44.12,59.49,8.10
566.95,40.02,20.11,22.59,8.04,73.08,44.12,59.64,8.10
566.96,40.02,20.11,22.59,8.04,73.08,44.12,59.49,8.10
566.97,40.02,20.14,22.59,8.04,73.08,44.12,59.49,8.10
566.98,40.02,20.11,22.59,8.04,73.08,44.22,59.64,8.10
566.99,40.02,20.11,22.59,8.04,73.08,44.22,59.64,8.10
567.00,39.94,20.11,22.59,8.04,73.08,44.12,59.49,8.10
567.01,40.02,20.11,22.59,8.04,73.08,44.22,59.33,8.10
567.02,40.10,20.14,22.59,8.04,73.30,44.12,59.49,8.10
567.03,39.94,20.11,22.59,8.04,73.30,44.22,59.49,8.09
567.04,40.10,20.11,22.63,8.04,73.30,44.22,59.33,8.09
567.05,40.10,20.14,22.56,8.02,73.08,44.12,59.49,8.11
567.06,39.94,20.11,22.56,8.04,73.08,44.12,59.64,8.10
567.07,40.02,20.11,22.59,8.04,73.30,44.22,59.64,8.10
567.08,40.02,20.11,22.59,8.04,73.08,44.22,59.64,8.10
567.09,40.02,20.11,22.59,8.04,73.08,44.12,59.49,8.09
567.10,40.02,20.11,22.59,8.04,73.08,44.22,59.49,8.09
567.11,40.02,20.11,22.56,8.04,73.30,44.12,59.49,8.09
567.12,40.02,20.11,22.59,8.04,73.08,44.12,59.33,8.09
567.13,40.02,20.11,22.59,8.04,73.08,44.22,59.49,8.10
567.14,40.02,20.14,22.59,8.04,73.08,44.22,59.49,8.09
567.15,40.02,20.11,22.59,8.02,73.08,44.22,59.49,8.09
567.16,40.02,20.11,22.59,8.04,73.08,44.12,59.64,8.09
567.17,40.02,20.11,22.59,8.04,73.30,44.31,59.49,8.09
567.18,40.02,20.11,22.59,8.04,73.08,44.22,59.49,8.10
567.19,40.02,20.11,22.59,8.04,73.08,44.12,59.49,8.10
567.20,40.02,20.11,22.59,8.04,73.08,44.22,59.49,8.09
567.21,40.02,20.14,22.59,8.02,73.08,44.12,59.49,8.10
567.22,40.02,20.11,22.59,8.04,73.30,44.31,59.49,8.11
567.23,40.02,20.11,22.59,8.04,73.08,44.12,59.49,8.10
567.24,40.02,20.11,22.59,8.02,73.08,44.22,59.49,8.09
567.25,40.02,20.14,22.63,8.04,73.30,44.22,59.49,8.11
567.26,40.02,20.08,22.59,8.04,73.08,44.12,59.33,8.09
567.27,40.02,20.11,22.59,8.04,73.30,44.22,59.64,8.10
567.28,40.02,20.11,22.63,8.04,73.08,44.22,59.49,8.09
567.29,40.02,20.11,22.56,8.04,73.08,44.22,59.64,8.09
567.30,40.02,20.14,22.59,8.04,73.08,44.12,59.33,8.09
567.31,40.02,20.11,22.59,8.04,73.08,44.22,59.49,8.11
567.32,40.02,20.11,22.59,8.04,73.08,44.22,59.49,8.11
567.33,40.02,20.11,22.59,8.04,73.08,44.12,59.49,8.09
567.34,40.02,20.11,22.59,8.04,73.08,44.12,59.49,8.10
567.35,40.02,20.14,22.59,8.04,73.08,44.22,59.49,8.09
567.36,40.02,20.11,22.59,8.04,73.30,44.22,59.49,8.11
567.37,40.02,20.11,22.59,8.04,73.08,44.22,59.49,8.09
567.38,40.02,20.08,22.59,8.02,73.30,44.12,59.49,8.09
567.39,40.02,20.11,22.59,8.04,73.30,44.22,59.49,8.08
567.40,40.02,20.11,22.59,8.04,73.30,44.22,59.49,8.09
567.41,40.02,20.11,22.59,8.04,73.30,44.22,59.49,8.10
567.42,40.02,20.14,22.59,8.04,73.08,44.12,59.49,8.11
567.43,40.02,20.11,22.59,8.04,73.08,44.22,59.49,8.09
567.44,40.02,20.11,22.59,8.04,73.08,44.12,59.64,8.10
567.45,40.02,20.14,22.59,8.04,73.08,44.22,59.49,8.10
567.46,40.02,20.11,22.59,8.04,73.08,44.22,59.49,8.09
567.47,40.02,20.14,22.59,8.04,73.08,44.22,59.64,8.09
567.48,40.02,20.14,22.59,8.04,73.08,44.12,59.64,8.10
567.49,39.94,20.11,22.59,8.04,73.08,44.12,59.49,8.10
567.50,40.02,20.11,22.59,8.04,73.08,44.22,59.49,8.11
567.51,40.02,20.11,22.59,8.04,73.30,44.22,59.64,8.10
567.52,40.02,20.14,22.59,8.04,73.30,44.22,59.64,8.10
567.53,40.02,20.11,22.59,8.04,73.08,44.22,59.64,8.11
567.54,40.02,20.11,22.59,8.04,73.30,44.12,59.49,8.10
567.55,40.02,20.11,22.59,8.04,73.08,44.22,59.49,8.09
567.56,40.02,20.08,22.63,8.04,73.30,44.22,59.64,8.09
567.57,40.02,20.11,22.63,8.04,73.08,44.12,59.49,8.10
567.58,40.02,20.11,22.59,8.04,73.30,44.22,59.64,8.10
567.59,40.02,20.11,22.59,8.04,73.08,44.22,59.49,8.09
567.60,40.02,20.11,22.59,8.04,73.08,44.22,59.49,8.10
567.61,40.02,20.11,22.59,8.04,73.08,44.22,59.64,8.10
567.62,40.02,20.11,22.59,8.02,73.08,44.22,59.49,8.11
567.63,40.02,20.11,22.59,8.04,73.08,44.22,59.49,8.09
567.64,40.10,20.14,22.59,8.04,73.08,44.12,59.49,8.10
567.65,40.02,20.11,22.59,8.04,73.08,44.22,59.49,8.10
567.66,40.02,20.11,22.59,8.04,73.30,44.22,59.49,8.10
567.67,40.02,20.14,22.63,8.04,73.30,44.22,59.64,8.10
567.68,40.02,20.11,22.59,8.04,73.30,44.12,59.49,8.10
567.69,40.10,20.14,22.59,8.04,73.08,44.22,59.64,8.09
567.70,40.02,20.11,22.59,8.04,73.08,44.22,59.64,8.11
567.71,40.02,20.14,22.59,8.04,73.30,44.12,59.49,8.10
567.72,40.02,20.11,22.59,8.04,73.30,44.22,59.49,8.10
567.73,40.02,20.11,22.63,8.04,73.30,44.22,59.49,8.10
567.74,40.02,20.11,22.59,8.04,73.30,44.22,59.49,8.10
567.75,40.02,20.11,22.59,8.04,73.08,44.22,59.49,8.10
567.76,40.10,20.14,22.59,8.04,73.08,44.22,59.64,8.10
567.77,40.02,20.14,22.59,8.04,73.30,44.31,59.49,8.10
567.78,40.02,20.14,22.59,8.04,73.08,44.12,59.49,8.10
567.79,40.02,20.14,22.59,8.04,73.30,44.12,59.64,8.09
567.80,40.02,20.14,22.59,8.04,73.08,44.22,59.64,8.10
567.81,40.02,20.14,22.59,8.04,73.08,44.22,59.64,8.10
567.82,40.02,20.11,22.63,8.04,73.30,44.22,59.64,8.11
567.83,39.94,20.11,22.59,8.04,73.30,44.31,59.49,8.10
567.84,40.02,20.14,22.59,8.04,73.30,44.22,59.49,8.09
567.85,40.02,20.14,22.63,8.04,73.08,44.22,59.64,8.10
567.86,40.02,20.11,22.59,8.04,73.08,44.22,59.49,8.10
567.87,40.02,20.14,22.59,8.04,73.08,44.12,59.64,8.09
567.88,40.02,20.14,22.59,8.04,73.30,44.22,59.64,8.10
567.89,39.94,20.11,22.59,8.04,73.08,44.22,59.64,8.09
567.90,40.02,20.11,22.59,8.04,73.30,44.22,59.49,8.09
567.91,40.02,20.14,22.59,8.04,73.08,44.22,59.64,8.09
567.92,40.10,20.14,22.59,8.04,73.08,44.22,59.64,8.09
567.93,40.02,20.11,22.59,8.04,73.08,44.12,59.49,8.09
567.94,40.02,20.11,22.59,8.04,73.30,44.22,59.64,8.09
567.95,40.02,20.14,22.63,8.04,73.30,44.22,59.64,8.11
567.96,40.02,20.14,22.59,8.04,73.08,44.22,59.64,8.10
567.97,40.02,20.14,22.59,8.04,73.08,44.22,59.49,8.10
567.98,40.02,20.14,22.59,8.02,73.08,44.22,59.49,8.10
567.99,40.02,20.08,22.63,8.04,73.30,44.22,59.49,8.11
568.00,40.02,20.11,22.59,8.04,73.08,44.22,59.49,8.09
568.01,40.02,20.11,22.63,8.04,73.08,44.22,59.64,8.10
568.02,40.02,20.11,22.59,8.04,73.30,44.12,59.49,8.09
568.03,40.02,20.14,22.59,8.04,73.08,44.22,59.49,8.11
568.04,40.02,20.11,22.59,8.04,73.30,44.12,59.49,8.10
568.05,40.10,20.14,22.59,8.04,73.08,44.22,59.49,8.09
568.06,40.02,20.14,22.59,8.04,73.08,44.12,59.49,8.09
568.07,40.02,20.14,22.59,8.04,73.08,44.31,59.64,8.09
568.08,40.10,20.11,22.63,8.04,73.08,44.12,59.64,8.10
568.09,40.02,20.14,22.59,8.04,73.08,44.22,59.49,8.10
568.10,40.10,20.11,22.66,8.04,73.30,44.22,59.49,8.10
568.11,40.02,20.14,22.59,8.04,73.30,44.22,59.64,8.10
568.12,40.02,20.11,22.59,8.04,73.30,44.22,59.49,8.09
568.13,40.02,20.14,22.59,8.04,73.08,44.22,59.49,8.10
568.14,40.02,20.11,22.59,8.04,73.30,44.12,59.49,8.09
568.15,40.02,20.11,22.59,8.04,73.30,44.22,59.49,8.09
568.16,40.02,20.11,22.63,8.04,73.08,44.22,59.64,8.11
568.17,40.02,20.14,22.63,8.04,73.08,44.31,59.64,8.09
568.18,40.10,20.14,22.59,8.04,73.30,44.22,59.64,8.10
568.19,40.02,20.14,22.59,8.04,73.30,44.22,59.64,8.11
568.20,40.02,20.11,22.59,8.04,73.30,44.22,59.64,8.09
568.21,40.02,20.11,22.63,8.04,73.30,44.12,59.64,8.10
568.22,40.02,20.16,22.63,8.04,73.08,44.22,59.49,8.10
568.23,40.10,20.14,22.63,8.02,73.30,44.12,59.64,8.10
568.24,40.10,20.14,22.59,8.04,73.30,44.22,59.64,8.10
568.25,40.10,20.14,22.59,8.04,73.30,44.31,59.49,8.10
568.26,40.02,20.11,22.66,8.04,73.30,44.22,59.64,8.09
568.27,40.02,20.11,22.63,8.04,73.08,44.31,59.49,8.09
568.28,40.02,20.14,22.63,8.04,73.08,44.22,59.64,8.11
568.29,40.02,20.11,22.59,8.04,73.30,44.22,59.64,8.11
568.30,40.02,20.14,22.63,8.04,73.08,44.22,59.64,8.09
568.31,40.10,20.11,22.59,8.04,72.85,44.22,59.64,8.11
568.32,40.10,20.11,22.59,8.04,73.30,44.12,59.64,8.10
568.33,40.02,20.14,22.59,8.04,73.30,44.22,59.64,8.10
568.34,40.02,20.14,22.63,8.04,73.08,44.22,59.49,8.11
568.35,39.94,20.11,22.59,8.04,73.30,44.22,59.64,8.09
568.36,40.10,20.14,22.59,8.04,73.30,44.22,59.64,8.10
568.37,40.10,20.14,22.63,8.04,73.30,44.22,59.33,8.09
568.38,40.02,20.14,22.63,8.04,73.30,44.22,59.49,8.10
568.39,40.02,20.11,22.59,8.04,73.08,44.22,59.64,8.10
568.40,40.02,20.14,22.59,8.04,73.30,44.12,59.64,8.10
568.41,40.10,20.14,22.63,8.04,73.30,44.22,59.64,8.10
568.42,40.02,20.14,22.63,8.04,73.30,44.22,59.64,8.11
568.43,40.10,20.11,22.63,8.04,73.30,44.22,59.64,8.10
568.44,40.10,20.14,22.59,8.04,73.08,44.22,59.64,8.10
568.45,40.02,20.14,22.63,8.04,73.08,44.22,59.64,8.09
568.46,40.10,20.11,22.63,8.04,73.30,44.22,59.64,8.10
568.47,40.02,20.11,22.63,8.04,73.30,44.12,59.64,8.10
568.48,40.10,20.14,22.66,8.04,73.08,44.22,59.64,8.11
568.49,40.02,20.14,22.59,8.04,73.30,44.31,59.49,8.10
568.50,40.10,20.11,22.59,8.04,73.30,44.22,59.49,8.10
568.51,40.02,20.11,22.59,8.04,73.30,44.31,59.64,8.10
568.52,40.02,20.14,22.63,8.04,73.30,44.22,59.64,8.11
568.53,40.02,20.16,22.59,8.04,73.30,44.22,59.49,8.11
568.54,40.10,20.14,22.63,8.04,73.30,44.22,59.49,8.11
568.55,40.10,20.11,22.63,8.04,73.30,44.22,59.64,8.10
568.57,40.02,20.14,22.63,8.04,73.30,44.31,59.64,8.10
568.58,40.02,20.14,22.66,8.04,73.30,44.22,59.64,8.10
568.59,40.10,20.11,22.63,8.04,73.30,44.22,59.64,8.11
568.60,40.02,20.11,22.59,8.04,73.30,44.31,59.64,8.10
568.61,40.10,20.11,22.63,8.04,73.30,44.12,59.64,8.10
568.62,40.02,20.11,22.59,8.04,73.08,44.22,59.64,8.10
568.63,40.02,20.11,22.63,8.04,73.08,44.22,59.64,8.10
568.64,40.02,20.14,22.59,8.04,73.30,44.22,59.64,8.10
568.65,40.10,20.14,22.63,8.04,73.30,44.22,59.64,8.11
568.66,40.10,20.11,22.63,8.04,73.30,44.22,59.64,8.10
568.67,40.10,20.14,22.63,8.04,73.08,44.31,59.64,8.11
568.68,40.10,20.14,22.63,8.04,73.30,44.31,59.64,8.11
568.69,40.10,20.14,22.66,8.04,73.30,44.22,59.64,8.10
568.70,40.10,20.11,22.63,8.04,73.08,44.22,59.49,8.10
568.71,40.02,20.14,22.63,8.04,73.30,44.22,59.49,8.10
568.72,40.02,20.14,22.59,8.04,73.30,44.31,59.64,8.10
568.73,40.10,20.11,22.63,8.04,73.30,44.22,59.64,8.10
568.74,40.10,20.11,22.63,8.04,73.30,44.22,59.64,8.09
568.75,40.10,20.14,22.63,8.04,73.08,44.22,59.49,8.10
568.76,40.10,20.14,22.63,8.04,73.30,44.22,59.64,8.10
568.77,40.02,20.14,22.63,8.04,73.30,44.31,59.64,8.11
568.78,40.10,20.14,22.59,8.04,73.30,44.31,59.64,8.11
568.79,40.02,20.14,22.59,8.04,73.30,44.22,59.64,8.09
568.80,40.10,20.14,22.63,8.04,73.30,44.22,59.64,8.10
568.81,40.10,20.14,22.63,8.04,73.30,44.22,59.49,8.10
568.82,40.02,20.14,22.63,8.04,73.30,44.22,59.64,8.10
568.83,40.02,20.14,22.63,8.04,73.30,44.22,59.64,8.10
568.84,40.10,20.14,22.63,8.04,73.30,44.31,59.64,8.10
568.85,40.10,20.14,22.63,8.04,73.30,44.22,59.64,8.11
568.86,40.10,20.14,22.63,8.04,73.30,44.22,59.64,8.11
568.87,40.10,20.11,22.59,8.04,73.30,44.22,59.64,8.10
568.88,40.02,20.14,22.63,8.04,73.30,44.31,59.64,8.11
568.89,40.10,20.16,22.59,8.04,73.30,44.22,59.64,8.10
568.90,40.10,20.14,22.63,8.04,73.08,44.22,59.64,8.09
568.91,40.02,20.14,22.63,8.04,73.30,44.22,59.49,8.09
568.92,40.18,20.14,22.66,8.04,73.30,44.22,59.64,8.10
568.93,40.10,20.14,22.59,8.04,73.30,44.22,59.49,8.10
568.94,40.10,20.14,22.63,8.04,73.30,44.12,59.64,8.09
568.95,40.10,20.11,22.63,8.04,73.30,44.31,59.49,8.10
568.96,40.02,20.11,22.63,8.04,73.30,44.22,59.64,8.11
568.97,40.02,20.11,22.59,8.04,73.30,44.22,59.64,8.10
568.98,40.10,20.16,22.59,8.04,73.08,44.22,59.49,8.10
568.99,40.10,20.14,22.63,8.06,73.30,44.31,59.64,8.10
569.00,40.10,20.14,22.63,8.04,73.30,44.22,59.64,8.10
569.01,40.02,20.14,22.59,8.04,73.30,44.22,59.64,8.10
569.02,40.10,20.14,22.63,8.04,73.08,44.31,59.64,8.09
569.03,40.02,20.14,22.63,8.04,73.30,44.22,59.64,8.10
569.04,40.02,20.14,22.59,8.04,73.30,44.22,59.49,8.10
569.05,40.10,20.16,22.63,8.04,73.30,44.22,59.64,8.11
569.06,40.10,20.14,22.63,8.04,73.30,44.31,59.64,8.09
569.07,40.10,20.14,22.59,8.04,73.30,44.22,59.64,8.10
569.08,40.10,20.14,22.63,8.04,73.30,44.22,59.64,8.11
569.09,40.02,20.11,22.63,8.04,73.30,44.22,59.64,8.10
569.10,40.10,20.14,22.63,8.04,73.30,44.22,59.64,8.09
569.11,40.10,20.14,22.63,8.02,73.30,44.31,59.64,8.10
569.12,40.10,20.14,22.66,8.04,73.30,44.31,59.64,8.09
569.13,40.10,20.11,22.63,8.02,73.30,44.22,59.49,8.09
569.14,40.10,20.16,22.63,8.04,73.30,44.22,59.64,8.09
569.15,40.10,20.14,22.63,8.04,73.30,44.22,59.64,8.10
569.16,40.02,20.11,22.66,8.04,73.30,44.22,59.64,8.10
569.17,40.10,20.11,22.63,8.06,73.30,44.22,59.64,8.10
569.18,40.10,20.19,22.59,8.04,73.30,44.22,59.80,8.10
569.19,40.02,20.14,22.63,8.04,73.30,44.31,59.64,8.11
569.20,40.10,20.11,22.66,8.04,73.30,44.22,59.64,8.09
569.21,40.10,20.14,22.63,8.04,73.30,44.31,59.64,8.11
569.22,40.10,20.14,22.66,8.04,73.30,44.22,59.64,8.10
569.23,40.10,20.14,22.63,8.04,73.30,44.22,59.64,8.10
569.24,40.10,20.14,22.63,8.04,73.30,44.31,59.49,8.10
569.25,40.10,20.14,22.63,8.04,73.30,44.31,59.64,8.10
569.26,40.10,20.14,22.63,8.04,73.08,44.12,59.64,8.10
569.27,40.02,20.14,22.63,8.04,73.08,44.22,59.64,8.10
569.28,40.10,20.14,22.63,8.04,73.30,44.12,59.80,8.10
569.29,40.02,20.16,22.63,8.04,73.30,44.12,59.64,8.10
569.30,40.10,20.16,22.63,8.04,73.30,44.22,59.64,8.10
569.31,40.10,20.14,22.59,8.04,73.30,44.22,59.64,8.11
569.32,40.10,20.11,22.66,8.04,73.30,44.22,59.64,8.10
569.33,40.10,20.14,22.63,8.04,73.30,44.22,59.64,8.10
569.34,40.10,20.16,22.63,8.04,73.30,44.22,59.64,8.10
569.35,40.10,20.14,22.63,8.06,73.30,44.22,59.49,8.09
569.36,40.02,20.14,22.66,8.04,73.30,44.22,59.64,8.11
569.37,40.02,20.14,22.66,8.04,73.30,44.31,59.64,8.10
569.38,40.10,20.14,22.63,8.04,73.30,44.12,59.64,8.10
569.39,40.02,20.14,22.63,8.04,73.30,44.31,59.64,8.11
569.40,40.18,20.14,22.63,8.04,73.30,44.31,59.64,8.10
569.41,40.18,20.14,22.59,8.04,73.30,44.31,59.64,8.10
569.42,40.02,20.14,22.59,8.06,73.30,44.22,59.64,8.10
569.43,40.10,20.14,22.66,8.04,73.30,44.22,59.64,8.11
569.44,40.10,20.14,22.59,8.04,73.30,44.22,59.64,8.11
569.45,40.10,20.14,22.59,8.04,73.30,44.31,59.64,8.10
569.46,40.10,20.14,22.63,8.04,73.30,44.31,59.64,8.11
569.47,40.18,20.14,22.63,8.04,73.30,44.22,59.64,8.10
569.48,40.10,20.14,22.66,8.04,73.08,44.22,59.64,8.10
569.49,40.10,20.16,22.63,8.04,73.52,44.31,59.64,8.11
569.50,40.10,20.14,22.63,8.06,73.30,44.22,59.49,8.10
569.51,40.10,20.14,22.63,8.04,73.08,44.22,59.64,8.11
569.52,40.10,20.16,22.63,8.04,73.30,44.22,59.64,8.10
569.53,40.10,20.14,22.63,8.04,73.30,44.22,59.80,8.09
569.54,40.10,20.14,22.63,8.04,73.30,44.22,59.80,8.11
569.55,40.10,20.16,22.66,8.04,73.30,44.22,59.80,8.11
569.56,40.10,20.14,22.63,8.04,73.30,44.22,59.80,8.10
569.57,40.10,20.14,22.63,8.04,73.30,44.31,59.49,8.10
569.58,40.10,20.14,22.63,8.04,73.30,44.22,59.64,8.10
569.59,40.10,20.14,22.63,8.04,73.30,44.22,59.64,8.10
569.60,40.18,20.14,22.66,8.04,73.30,44.22,59.64,8.10
569.61,40.10,20.14,22.63,8.04,73.30,44.31,59.64,8.11
569.62,40.10,20.14,22.66,8.04,73.30,44.22,59.64,8.10
569.63,40.10,20.16,22.63,8.04,73.30,44.31,59.64,8.10
569.64,40.10,20.16,22.63,8.04,73.30,44.22,59.64,8.10
569.65,40.10,20.16,22.63,8.04,73.30,44.22,59.80,8.10
569.66,40.10,20.16,22.63,8.04,73.30,44.22,59.80,8.11
569.67,40.10,20.14,22.66,8.04,73.52,44.31,59.80,8.10
569.68,40.10,20.14,22.63,8.04,73.30,44.12,59.64,8.10
569.69,40.10,20.14,22.63,8.04,73.30,44.22,59.80,8.10
569.70,40.18,20.14,22.66,8.04,73.30,44.22,59.49,8.11
569.71,40.10,20.16,22.66,8.04,73.30,44.22,59.64,8.10
569.72,40.02,20.14,22.63,8.04,73.30,44.31,59.64,8.10
569.73,40.10,20.16,22.66,8.04,73.30,44.22,59.64,8.10
569.74,40.10,20.14,22.63,8.04,73.30,44.22,59.64,8.10
569.75,40.10,20.14,22.66,8.04,73.30,44.22,59.64,8.10
569.76,40.10,20.14,22.63,8.04,73.30,44.22,59.64,8.11
569.77,40.10,20.14,22.63,8.04,73.30,44.22,59.80,8.10
569.78,40.10,20.16,22.66,8.04,73.30,44.31,59.64,8.11
569.79,40.10,20.16,22.63,8.04,73.30,44.22,59.64,8.10
569.80,40.02,20.11,22.66,8.04,73.30,44.22,59.64,8.10
569.81,40.10,20.16,22.66,8.04,73.30,44.31,59.64,8.11
569.82,40.10,20.14,22.63,8.04,73.30,44.22,59.80,8.11
569.83,40.10,20.14,22.63,8.04,73.08,44.31,59.64,8.10
569.84,40.10,20.16,22.63,8.04,73.30,44.12,59.64,8.10
569.85,40.10,20.14,22.63,8.04,73.30,44.22,59.80,8.10
569.86,40.10,20.14,22.66,8.04,73.30,44.31,59.64,8.10
569.87,40.10,20.14,22.63,8.04,73.30,44.22,59.64,8.10
569.88,40.10,20.16,22.66,8.04,73.30,44.12,59.64,8.10
569.89,40.10,20.14,22.66,8.04,73.30,44.31,59.80,8.10
569.90,40.10,20.14,22.66,8.04,73.30,44.22,59.64,8.10
569.91,40.10,20.14,22.66,8.04,73.30,44.22,59.64,8.11
569.92,40.18,20.16,22.63,8.04,73.30,44.31,59.64,8.10
569.93,40.10,20.14,22.66,8.04,73.30,44.22,59.64,8.11
569.94,40.10,20.14,22.66,8.04,73.30,44.22,59.64,8.11
569.95,40.10,20.14,22.66,8.04,73.30,44.22,59.64,8.11
569.96,40.10,20.16,22.66,8.04,73.52,44.22,59.64,8.10
569.97,40.02,20.14,22.66,8.04,73.30,44.31,59.64,8.10
569.98,40.10,20.14,22.66,8.04,73.30,44.22,59.80,8.11
569.99,40.18,20.14,22.63,8.04,73.30,44.22,59.64,8.11
570.00,40.18,20.16,22.66,8.04,73.30,44.31,59.64,8.10
570.01,40.10,20.16,22.63,8.04,73.30,44.22,59.64,8.10
570.02,40.18,20.16,22.63,8.04,73.30,44.31,59.64,8.10
570.03,40.10,20.16,22.66,8.04,73.08,44.31,59.64,8.10
570.04,40.10,20.14,22.66,8.04,73.30,44.22,59.64,8.09
570.05,40.18,20.16,22.63,8.04,73.30,44.31,59.64,8.11
570.06,40.02,20.16,22.63,8.04,73.30,44.22,59.64,8.10
570.07,40.10,20.14,22.63,8.04,73.30,44.31,59.64,8.11
570.08,40.10,20.14,22.66,8.04,73.30,44.31,59.64,8.10
570.09,40.10,20.14,22.66,8.06,73.30,44.31,59.64,8.10
570.10,40.10,20.16,22.63,8.04,73.30,44.22,59.80,8.10
570.11,40.10,20.14,22.63,8.04,73.30,44.31,59.64,8.10
570.12,40.02,20.14,22.63,8.04,73.30,44.22,59.64,8.11
570.13,40.10,20.14,22.66,8.04,73.30,44.31,59.64,8.10
570.14,40.10,20.14,22.63,8.04,73.30,44.31,59.64,8.10
570.15,40.10,20.16,22.63,8.04,73.30,44.22,59.64,8.11
570.16,40.10,20.16,22.63,8.04,73.30,44.22,59.64,8.10
570.17,40.18,20.14,22.66,8.04,73.30,44.31,59.80,8.11
570.18,40.10,20.16,22.63,8.04,73.30,44.31,59.64,8.10
570.19,40.10,20.19,22.66,8.04,73.30,44.31,59.64,8.10
570.20,40.10,20.16,22.66,8.06,73.30,44.22,59.64,8.10
570.21,40.10,20.14,22.63,8.04,73.30,44.22,59.64,8.11
570.22,40.18,20.16,22.66,8.04,73.30,44.31,59.64,8.10
570.23,40.10,20.16,22.63,8.04,73.30,44.22,59.64,8.10
570.24,40.18,20.14,22.66,8.04,73.30,44.31,59.64,8.11
570.25,40.10,20.16,22.66,8.04,73.30,44.22,59.64,8.11
570.26,40.18,20.14,22.63,8.04,73.30,44.22,59.80,8.10
570.27,40.10,20.14,22.66,8.04,73.30,44.22,59.80,8.10
570.28,40.10,20.16,22.63,8.04,73.30,44.31,59.64,8.10
570.29,40.10,20.14,22.63,8.04,73.30,44.22,59.64,8.10
570.30,40.10,20.16,22.63,8.04,73.30,44.22,59.64,8.11
570.31,40.10,20.14,22.66,8.04,73.30,44.31,59.80,8.11
570.32,40.10,20.14,22.63,8.04,73.30,44.22,59.64,8.10
570.33,40.10,20.14,22.66,8.04,73.30,44.22,59.64,8.10
570.34,40.10,20.14,22.66,8.04,73.30,44.22,59.64,8.10
570.35,40.18,20.14,22.66,8.04,73.30,44.31,59.64,8.11
570.36,40.18,20.14,22.66,8.04,73.30,44.31,59.80,8.10
570.37,40.10,20.16,22.66,8.04,73.30,44.22,59.64,8.11
570.38,40.10,20.14,22.63,8.04,73.30,44.31,59.64,8.11
570.39,40.18,20.19,22.63,8.04,73.30,44.31,59.64,8.11
570.40,40.10,20.16,22.66,8.04,73.30,44.22,59.64,8.10
570.41,40.10,20.16,22.66,8.04,73.30,44.31,59.64,8.10
570.42,40.10,20.16,22.63,8.04,73.30,44.31,59.64,8.12
570.43,40.10,20.16,22.63,8.06,73.30,44.22,59.64,8.10
570.44,40.10,20.16,22.66,8.04,73.30,44.22,59.64,8.11
570.45,40.10,20.14,22.66,8.04,73.30,44.31,59.80,8.11
570.46,40.10,20.14,22.66,8.04,73.30,44.31,59.64,8.10
570.47,40.18,20.16,22.66,8.04,73.30,44.22,59.64,8.11
570.48,40.10,20.14,22.66,8.04,73.30,44.31,59.64,8.10
570.49,40.10,20.14,22.66,8.04,73.30,44.50,59.64,8.10
570.50,40.18,20.16,22.66,8.04,73.30,44.22,59.80,8.11
570.51,40.18,20.14,22.66,8.04,73.30,44.22,59.64,8.10
570.52,40.10,20.16,22.66,8.06,73.30,44.31,59.64,8.11
570.53,40.18,20.16,22.66,8.04,73.30,44.31,59.64,8.10
570.54,40.10,20.16,22.66,8.04,73.30,44.22,59.64,8.10
570.55,40.18,20.14,22.63,8.04,73.30,44.22,59.80,8.12
570.56,40.18,20.16,22.66,8.04,73.30,44.31,59.80,8.10
570.57,40.10,20.14,22.66,8.04,73.30,44.31,59.80,8.10
570.58,40.10,20.16,22.66,8.04,73.30,44.22,59.64,8.11
570.59,40.18,20.16,22.66,8.04,73.30,44.22,59.64,8.11
570.60,40.10,20.16,22.66,8.04,73.30,44.31,59.64,8.10
570.61,40.02,20.16,22.66,8.04,73.30,44.22,59.64,8.11
570.62,40.26,20.14,22.66,8.04,73.30,44.31,59.64,8.10
570.63,40.10,20.14,22.66,8.04,73.30,44.31,59.64,8.10
570.64,40.18,20.14,22.70,8.04,73.30,44.31,59.64,8.11
570.65,40.10,20.16,22.66,8.06,73.52,44.22,59.80,8.10
570.66,40.18,20.16,22.66,8.04,73.30,44.41,59.64,8.10
570.67,40.18,20.16,22.66,8.04,73.30,44.31,59.64,8.11
570.68,40.10,20.16,22.66,8.04,73.30,44.31,59.64,8.11
570.69,40.10,20.16,22.66,8.04,73.30,44.22,59.80,8.11
570.70,40.10,20.14,22.66,8.04,73.52,44.22,59.64,8.10
570.71,40.02,20.14,22.66,8.04,73.30,44.31,59.80,8.11
570.72,40.10,20.19,22.63,8.04,73.30,44.31,59.80,8.10
570.73,40.10,20.16,22.66,8.04,73.30,44.31,59.64,8.11
570.74,40.10,20.14,22.66,8.04,73.30,44.31,59.64,8.11
570.75,40.10,20.16,22.66,8.04,73.30,44.31,59.64,8.10
570.76,40.10,20.16,22.66,8.04,73.30,44.22,59.80,8.10
570.77,40.18,20.14,22.66,8.04,73.30,44.22,59.80,8.10
570.78,40.18,20.16,22.66,8.04,73.30,44.22,59.80,8.11
570.79,40.10,20.16,22.66,8.04,73.30,44.31,59.80,8.11
570.80,40.10,20.16,22.66,8.04,73.30,44.31,59.64,8.11
570.81,40.10,20.14,22.66,8.04,73.30,44.12,59.80,8.10
570.82,40.10,20.16,22.66,8.04,73.30,44.31,59.64,8.11
570.83,40.10,20.14,22.66,8.04,73.30,44.31,59.80,8.10
570.84,40.18,20.14,22.66,8.04,73.30,44.31,59.80,8.11
570.85,40.18,20.16,22.63,8.06,73.30,44.22,59.80,8.11
570.86,40.10,20.16,22.66,8.04,73.30,44.31,59.64,8.09
570.87,40.10,20.19,22.66,8.04,73.30,44.22,59.64,8.11
570.88,40.18,20.16,22.66,8.04,73.30,44.31,59.64,8.11
570.89,40.10,20.14,22.66,8.04,73.30,44.22,59.64,8.11
570.90,40.18,20.16,22.66,8.06,73.30,44.22,59.80,8.11
570.91,40.18,20.16,22.66,8.04,73.30,44.31,59.80,8.11
570.92,40.10,20.16,22.66,8.04,73.30,44.31,59.64,8.11
570.93,40.18,20.16,22.66,8.04,73.30,44.31,59.80,8.11
570.94,40.10,20.14,22.66,8.04,73.30,44.31,59.80,8.11
570.95,40.18,20.16,22.70,8.04,73.30,44.31,59.64,8.11
570.96,40.10,20.14,22.66,8.04,73.30,44.12,59.64,8.10
570.97,40.10,20.14,22.63,8.04,73.30,44.22,59.80,8.10
570.98,40.18,20.16,22.66,8.04,73.30,44.31,59.64,8.10
570.99,40.18,20.16,22.66,8.04,73.30,44.31,59.64,8.10
571.00,40.18,20.16,22.66,8.04,73.30,44.31,59.80,8.10
571.01,40.18,20.16,22.66,8.04,73.30,44.31,59.64,8.11
571.02,40.18,20.16,22.66,8.04,73.30,44.31,59.64,8.11
571.03,40.18,20.16,22.66,8.06,73.30,44.22,59.80,8.10
571.04,40.18,20.16,22.66,8.04,73.30,44.22,59.64,8.10
571.05,40.18,20.16,22.66,8.06,73.30,44.31,59.64,8.11
571.06,40.10,20.16,22.70,8.04,73.52,44.31,59.64,8.10
571.07,40.18,20.16,22.66,8.04,73.30,44.22,59.80,8.10
571.08,40.02,20.16,22.66,8.04,73.30,44.31,59.64,8.10
571.09,40.18,20.16,22.66,8.06,73.30,44.31,59.64,8.10
571.10,40.18,20.16,22.66,8.04,73.52,44.31,59.80,8.10
571.11,40.18,20.14,22.66,8.04,73.30,44.31,59.64,8.10
571.12,40.18,20.16,22.66,8.04,73.30,44.31,59.64,8.11
571.13,40.18,20.14,22.66,8.04,73.30,44.31,59.64,8.11
571.14,40.18,20.16,22.66,8.04,73.30,44.31,59.80,8.10
571.15,40.10,20.16,22.66,8.04,73.30,44.31,59.64,8.11
571.16,40.18,20.16,22.66,8.04,73.30,44.31,59.80,8.11
571.17,40.18,20.16,22.70,8.06,73.30,44.31,59.80,8.10
571.18,40.10,20.16,22.66,8.04,73.30,44.22,59.80,8.11
571.19,40.18,20.16,22.66,8.04,73.30,44.31,59.64,8.11
571.20,40.10,20.16,22.66,8.04,73.30,44.31,59.80,8.10
571.21,40.18,20.16,22.66,8.04,73.30,44.31,59.64,8.10
571.22,40.10,20.14,22.66,8.04,73.30,44.22,59.64,8.10
571.23,40.18,20.14,22.66,8.04,73.30,44.31,59.80,8.10
571.24,40.18,20.16,22.66,8.06,73.30,44.31,59.64,8.10
571.25,40.18,20.16,22.70,8.04,73.52,44.31,59.64,8.10
571.26,40.18,20.16,22.66,8.04,73.30,44.31,59.64,8.11
571.27,40.10,20.14,22.66,8.04,73.30,44.22,59.80,8.10
571.28,40.18,20.16,22.66,8.04,73.52,44.31,59.64,8.11
571.29,40.18,20.16,22.66,8.04,73.30,44.31,59.64,8.11
571.30,40.18,20.14,22.66,8.04,73.30,44.31,59.80,8.11
571.31,40.18,20.16,22.63,8.06,73.30,44.31,59.80,8.10
571.32,40.18,20.16,22.66,8.04,73.30,44.31,59.80,8.11
571.33,40.18,20.16,22.66,8.04,73.30,44.31,59.64,8.11
571.34,40.18,20.16,22.66,8.06,73.30,44.31,59.80,8.11
571.35,40.18,20.16,22.66,8.06,73.30,44.22,59.80,8.11
571.36,40.18,20.19,22.66,8.06,73.30,44.31,59.80,8.11
571.37,40.10,20.16,22.66,8.06,73.30,44.31,59.64,8.11
571.38,40.18,20.16,22.70,8.04,73.30,44.22,59.64,8.11
571.39,40.18,20.16,22.66,8.04,73.30,44.31,59.64,8.11
571.40,40.18,20.16,22.70,8.06,73.30,44.31,59.64,8.10
571.41,40.18,20.16,22.66,8.04,73.30,44.31,59.80,8.10
571.42,40.18,20.16,22.70,8.04,73.30,44.31,59.64,8.11
571.43,40.18,20.16,22.66,8.04,73.30,44.31,59.64,8.12
571.44,40.18,20.16,22.66,8.04,73.30,44.31,59.80,8.11
571.45,40.10,20.14,22.66,8.04,73.30,44.31,59.80,8.10
571.46,40.18,20.14,22.66,8.04,73.30,44.31,59.80,8.11
571.47,40.18,20.16,22.70,8.06,73.52,44.22,59.64,8.11
571.48,40.10,20.14,22.66,8.04,73.30,44.31,59.80,8.10
571.49,40.18,20.16,22.70,8.04,73.30,44.31,59.64,8.10
571.50,40.18,20.14,22.70,8.06,73.30,44.22,59.80,8.10
571.51,40.18,20.16,22.66,8.04,73.30,44.31,59.64,8.10
571.52,40.18,20.19,22.66,8.04,73.30,44.22,59.80,8.11
571.53,40.10,20.16,22.66,8.04,73.30,44.31,59.80,8.10
571.54,40.18,20.16,22.66,8.04,73.30,44.31,59.64,8.10
571.55,40.18,20.16,22.66,8.04,73.30,44.31,59.80,8.11
571.56,40.18,20.16,22.66,8.04,73.30,44.31,59.64,8.10
571.57,40.18,20.19,22.66,8.06,73.30,44.31,59.64,8.10
571.58,40.18,20.14,22.66,8.04,73.30,44.22,59.64,8.09
571.59,40.18,20.16,22.66,8.04,73.30,44.22,59.64,8.10
571.60,40.18,20.16,22.66,8.04,73.30,44.31,59.80,8.10
571.61,40.18,20.16,22.66,8.04,73.52,44.31,59.80,8.11
571.62,40.18,20.16,22.66,8.04,73.30,44.31,59.95,8.11
571.63,40.18,20.16,22.66,8.04,73.52,44.31,59.80,8.11
571.64,40.18,20.16,22.66,8.04,73.30,44.31,59.64,8.11
571.65,40.18,20.16,22.70,8.04,73.52,44.22,59.80,8.11
571.66,40.10,20.14,22.66,8.04,73.30,44.31,59.80,8.10
571.67,40.18,20.14,22.66,8.04,73.30,44.41,59.95,8.10
571.68,40.18,20.16,22.66,8.04,73.30,44.22,59.80,8.11
571.69,40.18,20.16,22.66,8.04,73.52,44.31,59.95,8.10
571.70,40.18,20.16,22.66,8.04,73.30,44.31,59.64,8.10
571.71,40.18,20.16,22.66,8.04,73.52,44.31,59.95,8.11
571.72,40.18,20.16,22.70,8.06,73.30,44.31,59.80,8.12
571.73,40.18,20.16,22.66,8.04,73.30,44.31,59.80,8.10
571.74,40.18,20.14,22.66,8.04,73.52,44.31,59.64,8.10
571.75,40.10,20.14,22.70,8.04,73.30,44.31,59.64,8.10
571.76,40.18,20.16,22.66,8.04,73.52,44.31,59.64,8.11
571.77,40.18,20.16,22.66,8.04,73.52,44.31,59.80,8.10
571.78,40.10,20.19,22.66,8.04,73.30,44.31,59.64,8.11
571.79,40.18,20.16,22.66,8.04,73.30,44.41,59.80,8.11
571.80,40.26,20.14,22.66,8.04,73.30,44.41,59.64,8.11
571.81,40.10,20.19,22.66,8.04,73.30,44.31,59.80,8.11
571.82,40.18,20.19,22.70,8.04,73.30,44.31,59.80,8.10
571.83,40.18,20.19,22.63,8.04,73.52,44.31,59.64,8.11
571.84,40.10,20.16,22.70,8.06,73.30,44.31,59.80,8.11
571.85,40.18,20.19,22.66,8.04,73.30,44.31,59.80,8.11
571.86,40.18,20.14,22.66,8.04,73.30,44.31,59.64,8.10
571.87,40.18,20.14,22.66,8.04,73.30,44.31,59.80,8.11
571.88,40.18,20.16,22.70,8.04,73.75,44.31,59.64,8.10
571.89,40.18,20.16,22.66,8.06,73.30,44.31,59.64,8.10
571.90,40.18,20.16,22.66,8.04,73.30,44.31,59.80,8.12
571.91,40.18,20.16,22.66,8.04,73.30,44.22,59.64,8.10
571.92,40.18,20.16,22.66,8.06,73.30,44.31,59.64,8.11
571.93,40.18,20.16,22.66,8.04,73.52,44.41,59.64,8.11
571.94,40.10,20.16,22.66,8.04,73.30,44.31,59.80,8.11
571.95,40.18,20.16,22.70,8.04,73.30,44.31,59.80,8.11
571.96,40.10,20.16,22.70,8.04,73.52,44.31,59.80,8.11
571.97,40.10,20.14,22.66,8.04,73.30,44.31,59.80,8.11
571.98,40.18,20.16,22.66,8.04,73.30,44.31,59.64,8.10
571.99,40.18,20.19,22.66,8.04,73.30,44.31,59.64,8.11
572.00,40.18,20.16,22.66,8.04,73.30,44.31,59.80,8.11
572.01,40.10,20.14,22.66,8.04,73.30,44.31,59.80,8.10
572.02,40.10,20.14,22.70,8.04,73.30,44.31,59.64,8.10
572.03,40.18,20.14,22.66,8.04,73.30,44.22,59.80,8.11
572.04,40.10,20.19,22.66,8.06,73.30,44.31,59.64,8.11
572.05,40.10,20.16,22.70,8.04,73.52,44.31,59.80,8.11
572.06,40.18,20.16,22.66,8.06,73.30,44.31,59.80,8.11
572.07,40.18,20.16,22.66,8.04,73.52,44.31,59.80,8.10
572.08,40.18,20.16,22.70,8.04,73.30,44.31,59.64,8.11
572.09,40.18,20.16,22.66,8.04,73.30,44.31,59.80,8.11
572.10,40.18,20.16,22.70,8.04,73.30,44.31,59.80,8.10
572.11,40.18,20.19,22.66,8.04,73.30,44.31,59.64,8.11
572.12,40.18,20.16,22.70,8.06,73.30,44.31,59.80,8.11
572.13,40.18,20.16,22.66,8.04,73.30,44.31,59.80,8.10
572.14,40.18,20.16,22.66,8.04,73.52,44.31,59.64,8.11
572.15,40.18,20.16,22.66,8.04,73.30,44.22,59.80,8.10
572.16,40.18,20.19,22.70,8.04,73.52,44.31,59.80,8.11
572.17,40.18,20.16,22.66,8.06,73.52,44.31,59.80,8.11
572.18,40.10,20.14,22.66,8.04,73.30,44.31,59.80,8.11
572.19,40.18,20.16,22.66,8.04,73.30,44.31,59.64,8.10
572.20,40.18,20.16,22.66,8.04,73.30,44.31,59.64,8.11
572.21,40.18,20.16,22.66,8.04,73.30,44.31,59.80,8.10
572.22,40.18,20.16,22.66,8.04,73.30,44.31,59.80,8.11
572.23,40.18,20.16,22.66,8.04,73.52,44.31,59.80,8.11
572.24,40.18,20.14,22.66,8.04,73.30,44.31,59.80,8.12
572.25,40.18,20.16,22.70,8.04,73.30,44.31,59.64,8.10
572.26,40.18,20.16,22.70,8.04,73.30,44.31,59.64,8.11
572.27,40.18,20.16,22.63,8.04,73.30,44.22,59.64,8.11
572.28,40.18,20.14,22.66,8.06,73.30,44.31,59.64,8.10
572.29,40.18,20.16,22.66,8.04,73.52,44.31,59.64,8.11
572.30,40.18,20.16,22.66,8.06,73.30,44.31,59.64,8.10
572.31,40.18,20.16,22.66,8.04,73.52,44.31,59.80,8.10
572.32,40.18,20.16,22.66,8.04,73.30,44.22,59.80,8.10
572.33,40.18,20.16,22.66,8.04,73.52,44.31,59.64,8.11
572.35,40.18,20.16,22.70,8.04,73.30,44.31,59.80,8.11
572.36,40.18,20.16,22.63,8.06,73.52,44.31,59.80,8.11
572.37,40.18,20.16,22.66,8.04,73.30,44.31,59.80,8.10
572.38,40.18,20.16,22.70,8.04,73.30,44.22,59.64,8.11
572.39,40.10,20.16,22.66,8.04,73.30,44.31,59.64,8.11
572.40,40.18,20.19,22.66,8.04,73.30,44.31,59.80,8.11
572.41,40.18,20.16,22.70,8.04,73.30,44.31,59.64,8.11
572.42,40.18,20.19,22.70,8.04,73.30,44.31,59.64,8.10
572.43,40.18,20.16,22.66,8.04,73.30,44.31,59.80,8.11
572.44,40.18,20.14,22.66,8.04,73.30,44.31,59.80,8.10
572.45,40.18,20.16,22.66,8.06,73.30,44.31,59.80,8.10
572.46,40.18,20.19,22.66,8.04,73.30,44.31,59.64,8.10
572.47,40.18,20.16,22.66,8.06,73.30,44.31,59.49,8.11
572.48,40.18,20.16,22.66,8.04,73.30,44.31,59.64,8.11
572.49,40.10,20.16,22.66,8.04,73.30,44.31,59.80,8.10
572.50,40.10,20.16,22.66,8.04,73.30,44.31,59.64,8.11
572.51,40.18,20.16,22.66,8.04,73.52,44.31,59.80,8.10
572.52,40.10,20.16,22.66,8.04,73.30,44.31,59.80,8.11
572.53,40.18,20.16,22.66,8.04,73.52,44.31,59.80,8.11
572.54,40.18,20.16,22.66,8.04,73.30,44.22,59.64,8.10
572.55,40.10,20.16,22.70,8.04,73.52,44.31,59.80,8.11
572.56,40.10,20.16,22.66,8.04,73.30,44.31,59.80,8.11
572.57,40.18,20.16,22.66,8.04,73.30,44.31,59.80,8.11
572.58,40.18,20.14,22.66,8.04,73.30,44.31,59.64,8.10
572.59,40.18,20.14,22.66,8.04,73.30,44.31,59.80,8.11
572.60,40.18,20.16,22.66,8.04,73.30,44.31,59.80,8.11
572.61,40.10,20.16,22.66,8.04,73.30,44.31,59.80,8.10
572.62,40.18,20.16,22.66,8.04,73.52,44.31,59.80,8.11
572.63,40.18,20.16,22.66,8.04,73.30,44.31,59.80,8.11
572.64,40.18,20.16,22.66,8.04,73.52,44.31,59.64,8.10
572.65,40.18,20.16,22.66,8.06,73.52,44.31,59.80,8.11
572.66,40.10,20.14,22.70,8.04,73.30,44.41,59.64,8.10
572.67,40.18,20.16,22.66,8.04,73.30,44.31,59.80,8.12
572.68,40.18,20.14,22.70,8.04,73.30,44.31,59.80,8.10
572.69,40.18,20.16,22.66,8.04,73.30,44.31,59.64,8.12
572.70,40.18,20.16,22.70,8.04,73.52,44.22,59.80,8.11
572.71,40.18,20.19,22.66,8.04,73.52,44.31,59.80,8.11
572.72,40.18,20.16,22.66,8.04,73.30,44.22,59.49,8.11
572.73,40.26,20.14,22.66,8.04,73.30,44.31,59.80,8.11
572.74,40.18,20.14,22.66,8.04,73.30,44.22,59.80,8.11
572.75,40.10,20.14,22.66,8.04,73.30,44.31,59.64,8.11
572.76,40.18,20.16,22.66,8.04,73.30,44.31,59.64,8.10
572.77,40.18,20.14,22.66,8.04,73.30,44.31,59.80,8.10
572.78,40.18,20.14,22.70,8.04,73.30,44.31,59.80,8.10
572.79,40.18,20.14,22.70,8.06,73.30,44.31,59.80,8.10
572.80,40.18,20.19,22.66,8.04,73.30,44.31,59.80,8.11
572.81,40.18,20.14,22.66,8.04,73.30,44.22,59.80,8.10
572.82,40.18,20.16,22.63,8.06,73.30,44.22,59.80,8.10
572.83,40.18,20.16,22.66,8.06,73.30,44.31,59.80,8.10
572.84,40.18,20.16,22.66,8.04,73.52,44.31,59.80,8.10
572.85,40.18,20.19,22.66,8.04,73.30,44.31,59.64,8.10
572.86,40.18,20.16,22.66,8.04,73.30,44.41,59.64,8.10
572.87,40.18,20.16,22.66,8.04,73.30,44.22,59.80,8.11
572.88,40.10,20.14,22.70,8.06,73.30,44.31,59.80,8.10
572.89,40.10,20.14,22.63,8.04,73.30,44.31,59.80,8.12
572.90,40.18,20.16,22.66,8.04,73.30,44.31,59.64,8.10
572.91,40.18,20.16,22.66,8.04,73.52,44.31,59.80,8.10
572.92,40.18,20.14,22.66,8.04,73.30,44.31,59.80,8.10
572.93,40.18,20.14,22.66,8.04,73.30,44.31,59.64,8.11
572.94,40.10,20.16,22.66,8.04,73.52,44.31,59.80,8.11
572.95,40.18,20.16,22.66,8.04,73.30,44.31,59.64,8.11
572.96,40.18,20.16,22.66,8.04,73.30,44.31,59.64,8.11
572.97,40.18,20.14,22.63,8.04,73.30,44.22,59.80,8.10
572.98,40.10,20.16,22.66,8.04,73.30,44.31,59.80,8.11
572.99,40.18,20.16,22.70,8.06,73.30,44.31,59.80,8.10
573.00,40.10,20.19,22.66,8.06,73.30,44.31,59.80,8.11
573.01,40.18,20.14,22.66,8.04,73.30,44.22,59.64,8.10
573.02,40.26,20.16,22.66,8.04,73.30,44.31,59.49,8.11
573.03,40.18,20.14,22.66,8.04,73.52,44.31,59.80,8.12
573.04,40.18,20.16,22.66,8.04,73.30,44.31,59.64,8.11
573.05,40.18,20.16,22.66,8.04,73.30,44.31,59.80,8.11
573.06,40.10,20.14,22.66,8.04,73.30,44.22,59.80,8.11
573.07,40.10,20.14,22.66,8.04,73.52,44.31,59.64,8.11
573.08,40.18,20.16,22.70,8.04,73.52,44.22,59.80,8.10
573.09,40.10,20.14,22.66,8.04,73.30,44.31,59.80,8.11
573.10,40.10,20.14,22.66,8.04,73.30,44.31,59.64,8.11
573.11,40.18,20.14,22.66,8.04,73.52,44.31,59.80,8.10
573.12,40.10,20.14,22.66,8.04,73.30,44.31,59.64,8.12
573.13,40.10,20.16,22.66,8.04,73.30,44.22,59.64,8.10
573.14,40.18,20.16,22.66,8.04,73.30,44.31,59.95,8.10
573.15,40.10,20.14,22.66,8.04,73.30,44.31,59.64,8.11
573.16,40.10,20.14,22.66,8.04,73.30,44.31,59.80,8.11
573.17,40.18,20.16,22.66,8.04,73.30,44.22,59.64,8.11
573.18,40.10,20.16,22.66,8.04,73.30,44.31,59.64,8.10
573.19,40.18,20.14,22.66,8.06,73.30,44.31,59.64,8.11
573.20,40.18,20.14,22.66,8.06,73.52,44.31,59.64,8.11
573.21,40.18,20.19,22.70,8.04,73.52,44.31,59.64,8.11
573.22,40.18,20.16,22.66,8.04,73.30,44.31,59.80,8.11
573.23,40.10,20.16,22.66,8.06,73.30,44.31,59.64,8.11
573.24,40.10,20.16,22.70,8.06,73.30,44.31,59.80,8.11
573.25,40.18,20.14,22.66,8.04,73.30,44.22,59.64,8.11
573.26,40.10,20.16,22.66,8.06,73.30,44.31,59.80,8.11
573.27,40.10,20.16,22.66,8.04,73.30,44.31,59.80,8.11
573.28,40.18,20.14,22.66,8.04,73.30,44.31,59.80,8.10
573.29,40.18,20.16,22.66,8.06,73.30,44.31,59.64,8.11
573.30,40.18,20.16,22.66,8.04,73.30,44.22,59.64,8.11
573.31,40.10,20.14,22.66,8.04,73.30,44.31,59.80,8.11
573.32,40.10,20.14,22.66,8.04,73.30,44.22,59.64,8.10
573.33,40.10,20.14,22.66,8.04,73.30,44.31,59.80,8.11
573.34,40.18,20.14,22.66,8.04,73.30,44.22,59.64,8.10
573.35,40.18,20.16,22.66,8.06,73.30,44.31,59.64,8.10
573.36,40.10,20.16,22.66,8.04,73.30,44.31,59.80,8.10
573.37,40.18,20.16,22.66,8.04,73.30,44.31,59.64,8.11
573.38,40.18,20.16,22.66,8.06,73.30,44.22,59.80,8.10
573.39,40.10,20.11,22.66,8.06,73.30,44.22,59.64,8.10
573.40,40.18,20.16,22.70,8.04,73.30,44.31,59.64,8.11
573.41,40.18,20.16,22.66,8.04,73.30,44.31,59.64,8.10
573.42,40.18,20.14,22.66,8.04,73.52,44.31,59.80,8.11
573.43,40.10,20.16,22.66,8.04,73.30,44.22,59.80,8.10
573.44,40.18,20.14,22.66,8.04,73.30,44.22,59.80,8.11
573.45,40.18,20.19,22.66,8.04,73.30,44.31,59.64,8.11
573.46,40.10,20.16,22.66,8.04,73.52,44.22,59.64,8.11
573.47,40.18,20.16,22.66,8.04,73.30,44.31,59.80,8.11
573.48,40.18,20.16,22.70,8.04,73.30,44.31,59.80,8.11
573.49,40.10,20.14,22.66,8.04,73.30,44.31,59.64,8.11
573.50,40.18,20.14,22.66,8.04,73.30,44.41,59.64,8.11
573.51,40.10,20.14,22.66,8.04,73.30,44.22,59.64,8.10
573.52,40.10,20.16,22.66,8.06,73.52,44.31,59.80,8.11
573.53,40.18,20.16,22.66,8.04,73.30,44.22,59.80,8.10
573.54,40.10,20.14,22.66,8.04,73.30,44.22,59.80,8.10
573.55,40.18,20.14,22.66,8.04,73.30,44.31,59.64,8.10
573.56,40.10,20.14,22.66,8.04,73.30,44.22,59.64,8.11
573.57,40.18,20.19,22.66,8.04,73.30,44.22,59.64,8.10
573.58,40.10,20.14,22.66,8.04,73.52,44.22,59.64,8.10
573.59,40.10,20.14,22.70,8.04,73.30,44.22,59.80,8.11
573.60,40.10,20.16,22.66,8.04,73.30,44.31,59.64,8.11
573.61,40.18,20.16,22.66,8.04,73.30,44.22,59.64,8.10
573.63,40.10,20.16,22.66,8.04,73.30,44.31,59.80,8.11
573.64,40.10,20.14,22.66,8.04,73.30,44.31,59.80,8.11
573.65,40.10,20.16,22.66,8.04,73.30,44.31,59.64,8.10
573.66,40.18,20.14,22.66,8.04,73.30,44.31,59.64,8.10
573.67,40.18,20.11,22.66,8.04,73.30,44.22,59.64,8.10
573.68,40.18,20.14,22.66,8.04,73.30,44.31,59.64,8.11
573.69,40.10,20.16,22.66,8.04,73.30,44.31,59.64,8.11
573.70,40.10,20.16,22.66,8.04,73.30,44.31,59.80,8.11
573.71,40.18,20.14,22.63,8.04,73.30,44.31,59.80,8.10
573.72,40.18,20.14,22.66,8.04,73.30,44.31,59.64,8.10
573.73,40.10,20.14,22.66,8.04,73.30,44.31,59.80,8.10
573.74,40.18,20.14,22.66,8.04,73.30,44.31,59.64,8.11
573.75,40.10,20.14,22.66,8.06,73.30,44.31,59.64,8.11
573.76,40.10,20.16,22.66,8.04,73.30,44.31,59.64,8.11
573.77,40.18,20.14,22.66,8.04,73.30,44.22,59.64,8.10
573.78,40.18,20.14,22.66,8.06,73.30,44.22,59.64,8.10
573.79,40.10,20.16,22.66,8.04,73.52,44.22,59.64,8.11
573.80,40.10,20.14,22.66,8.04,73.30,44.22,59.64,8.10
573.81,40.18,20.11,22.66,8.04,73.30,44.31,59.80,8.11
573.82,40.10,20.14,22.66,8.04,73.30,44.31,59.64,8.11
573.83,40.10,20.11,22.66,8.04,73.30,44.31,59.80,8.10
573.84,40.18,20.14,22.66,8.04,73.30,44.22,59.64,8.10
573.85,40.18,20.16,22.66,8.04,73.30,44.31,59.64,8.11
573.86,40.10,20.14,22.66,8.04,73.30,44.31,59.49,8.10
573.87,40.10,20.14,22.63,8.04,73.30,44.22,59.80,8.11
573.88,40.10,20.14,22.66,8.04,73.30,44.22,59.64,8.11
573.89,40.10,20.14,22.66,8.04,73.30,44.31,59.64,8.11
573.90,40.18,20.14,22.63,8.06,73.30,44.31,59.64,8.11
573.91,40.10,20.14,22.66,8.04,73.30,44.22,59.80,8.11
573.92,40.10,20.14,22.66,8.04,73.30,44.22,59.64,8.10
573.93,40.10,20.14,22.66,8.04,73.08,44.22,59.64,8.11
573.94,40.10,20.14,22.66,8.04,73.30,44.31,59.64,8.10
573.95,40.10,20.11,22.66,8.04,73.30,44.22,59.64,8.11
573.96,40.10,20.14,22.63,8.04,73.30,44.31,59.64,8.11
573.97,40.18,20.14,22.66,8.04,73.30,44.31,59.80,8.10
573.98,40.10,20.11,22.66,8.04,73.30,44.31,59.80,8.10
573.99,40.10,20.14,22.66,8.04,73.30,44.31,59.64,8.10
574.00,40.18,20.14,22.66,8.04,73.30,44.31,59.64,8.10
574.01,40.10,20.14,22.66,8.04,73.30,44.31,59.64,8.10
574.02,40.10,20.16,22.66,8.06,73.30,44.22,59.80,8.10
574.03,40.10,20.14,22.66,8.06,73.30,44.31,59.80,8.10
574.04,40.10,20.11,22.63,8.04,73.52,44.31,59.64,8.10
574.05,40.18,20.16,22.66,8.04,73.30,44.31,59.64,8.11
574.06,40.10,20.14,22.63,8.04,73.30,44.31,59.80,8.11
574.07,40.10,20.14,22.63,8.06,73.30,44.22,59.64,8.11
574.08,40.10,20.14,22.66,8.04,73.30,44.50,59.64,8.10
574.09,40.10,20.14,22.66,8.04,73.30,44.31,59.80,8.10
574.10,40.18,20.16,22.63,8.04,73.30,44.22,59.64,8.10
574.11,40.10,20.14,22.66,8.04,73.30,44.31,59.64,8.10
574.12,40.18,20.14,22.66,8.04,73.30,44.31,59.64,8.11
574.13,40.10,20.14,22.66,8.04,73.30,44.31,59.64,8.09
574.14,40.10,20.14,22.66,8.04,73.30,44.22,59.64,8.11
574.15,40.10,20.16,22.63,8.04,73.30,44.22,59.64,8.11
574.16,40.18,20.11,22.63,8.04,73.30,44.31,59.64,8.11
574.17,40.10,20.16,22.66,8.04,73.30,44.31,59.64,8.10
574.18,40.10,20.16,22.66,8.04,73.30,44.22,59.64,8.10
574.19,40.18,20.16,22.66,8.04,73.30,44.22,59.80,8.10
574.20,39.94,20.14,22.66,8.04,73.30,44.22,59.80,8.10
574.21,40.18,20.08,22.66,8.04,73.30,44.22,59.64,8.10
574.22,40.10,20.16,22.63,8.04,73.30,44.31,59.64,8.10
574.23,40.18,20.14,22.63,8.04,73.30,44.22,59.64,8.10
574.24,40.10,20.16,22.66,8.04,73.30,44.31,59.80,8.10
574.25,40.10,20.14,22.66,8.04,73.30,44.31,59.64,8.10
574.26,40.18,20.14,22.66,8.04,73.30,44.31,59.64,8.10
574.27,40.02,20.14,22.66,8.04,73.52,44.22,59.80,8.11
574.28,40.10,20.14,22.66,8.04,73.30,44.31,59.80,8.10
574.29,40.10,20.14,22.66,8.04,73.30,44.22,59.64,8.11
574.30,40.10,20.14,22.66,8.04,73.30,44.22,59.64,8.11
574.31,40.18,20.11,22.63,8.04,73.30,44.22,59.64,8.11
574.32,40.10,20.14,22.66,8.04,73.30,44.22,59.64,8.10
574.33,40.10,20.16,22.66,8.04,73.52,44.22,59.80,8.10
574.34,40.18,20.14,22.66,8.04,73.30,44.22,59.95,8.11
574.35,40.10,20.14,22.66,8.04,73.30,44.31,59.49,8.11
574.36,40.10,20.16,22.66,8.04,73.30,44.31,59.80,8.10
574.37,40.18,20.14,22.70,8.04,73.30,44.22,59.64,8.11
574.38,40.10,20.14,22.66,8.04,73.30,44.31,59.64,8.11
574.39,40.10,20.14,22.66,8.04,73.30,44.22,59.80,8.11
574.40,40.18,20.16,22.63,8.04,73.30,44.31,59.64,8.11
574.41,40.10,20.14,22.66,8.04,73.30,44.22,59.64,8.11
574.42,40.10,20.14,22.63,8.04,73.30,44.22,59.64,8.11
574.43,40.18,20.16,22.66,8.04,73.30,44.31,59.80,8.10
574.44,40.10,20.11,22.63,8.04,73.30,44.22,59.64,8.10
574.45,40.10,20.16,22.63,8.04,73.30,44.31,59.64,8.11
574.46,40.10,20.14,22.66,8.04,73.30,44.22,59.80,8.11
574.47,40.10,20.14,22.63,8.04,73.30,44.31,59.64,8.11
574.48,40.10,20.16,22.66,8.04,73.30,44.22,59.64,8.11
574.49,40.10,20.11,22.66,8.06,73.30,44.31,59.64,8.11
574.50,40.10,20.14,22.63,8.04,73.30,44.31,59.64,8.10
574.51,40.10,20.14,22.66,8.04,73.30,44.22,59.64,8.10
574.52,40.10,20.14,22.66,8.04,73.30,44.31,59.64,8.11
574.53,40.10,20.14,22.66,8.04,73.30,44.22,59.64,8.11
574.54,40.18,20.16,22.66,8.06,73.30,44.22,59.80,8.11
574.55,40.18,20.14,22.63,8.04,73.30,44.31,59.80,8.11
574.56,40.10,20.16,22.66,8.04,73.30,44.31,59.64,8.10
574.57,40.10,20.14,22.66,8.04,73.30,44.22,59.64,8.10
574.58,40.10,20.14,22.63,8.04,73.30,44.31,59.80,8.11
574.59,40.10,20.14,22.66,8.04,73.30,44.22,59.64,8.10
574.60,40.10,20.14,22.66,8.04,73.30,44.31,59.64,8.10
574.61,40.10,20.14,22.66,8.04,73.30,44.22,59.64,8.10
574.62,40.10,20.14,22.66,8.04,73.30,44.22,59.64,8.09
574.63,40.10,20.14,22.66,8.04,73.30,44.22,59.64,8.10
574.64,40.10,20.11,22.66,8.04,73.30,44.22,59.64,8.10
574.65,40.02,20.11,22.63,8.04,73.30,44.22,59.64,8.11
574.66,40.10,20.11,22.66,8.04,73.30,44.31,59.80,8.10
574.67,40.10,20.14,22.66,8.04,73.30,44.22,59.64,8.10
574.68,40.10,20.14,22.66,8.04,73.30,44.31,59.64,8.12
574.69,40.10,20.14,22.63,8.04,73.30,44.31,59.64,8.11
574.70,40.10,20.14,22.66,8.04,73.30,44.22,59.64,8.11
574.71,40.10,20.14,22.63,8.04,73.30,44.22,59.64,8.10
574.72,40.10,20.14,22.63,8.04,73.52,44.22,59.64,8.10
574.73,40.10,20.14,22.66,8.04,73.30,44.22,59.64,8.10
574.74,40.10,20.14,22.66,8.04,73.30,44.22,59.64,8.10
574.75,40.10,20.11,22.66,8.04,73.30,44.22,59.64,8.11
574.76,40.10,20.14,22.66,8.04,73.30,44.31,59.64,8.11
574.77,40.10,20.14,22.63,8.04,73.30,44.22,59.80,8.10
574.78,40.10,20.14,22.66,8.04,73.30,44.22,59.64,8.10
574.79,40.10,20.14,22.66,8.04,73.30,44.22,59.64,8.10
574.80,40.10,20.11,22.66,8.04,73.30,44.22,59.64,8.10
574.81,40.10,20.14,22.66,8.04,73.30,44.22,59.64,8.11
574.82,40.10,20.14,22.66,8.04,73.30,44.31,59.64,8.10
574.83,40.10,20.14,22.66,8.06,73.30,44.22,59.64,8.10
574.84,40.10,20.11,22.66,8.04,73.30,44.31,59.64,8.11
574.85,40.10,20.14,22.66,8.04,73.30,44.22,59.80,8.11
574.86,40.10,20.14,22.63,8.04,73.30,44.31,59.64,8.11
574.87,40.10,20.11,22.66,8.04,73.30,44.31,59.64,8.10
574.88,40.10,20.14,22.63,8.06,73.30,44.31,59.64,8.11
574.89,40.10,20.14,22.63,8.04,73.30,44.22,59.64,8.10
574.90,40.10,20.14,22.63,8.04,73.30,44.31,59.64,8.10
574.91,40.10,20.14,22.66,8.04,73.30,44.12,59.64,8.10
574.92,40.10,20.14,22.66,8.04,73.30,44.22,59.64,8.10
574.93,40.10,20.14,22.63,8.04,73.30,44.22,59.80,8.10
574.94,40.18,20.16,22.63,8.04,73.30,44.12,59.64,8.09
574.95,40.10,20.14,22.66,8.04,73.52,44.22,59.64,8.10
574.96,40.10,20.14,22.66,8.04,73.30,44.22,59.64,8.11
574.97,40.10,20.11,22.63,8.04,73.30,44.22,59.80,8.11
574.98,40.10,20.14,22.63,8.04,73.30,44.12,59.64,8.09
574.99,40.10,20.14,22.66,8.04,73.30,44.22,59.64,8.10
575.00,40.10,20.14,22.63,8.04,73.30,44.31,59.64,8.10
575.01,40.18,20.14,22.66,8.04,73.30,44.31,59.80,8.10
575.02,40.10,20.14,22.66,8.04,73.30,44.31,59.80,8.09
575.03,40.10,20.14,22.66,8.04,73.30,44.22,59.64,8.10
575.04,40.10,20.11,22.63,8.04,73.30,44.22,59.64,8.10
575.05,40.10,20.14,22.66,8.04,73.30,44.22,59.64,8.10
575.06,40.10,20.14,22.66,8.04,73.30,44.22,59.64,8.10
575.07,40.10,20.11,22.66,8.04,73.30,44.12,59.64,8.10
575.08,40.10,20.14,22.63,8.04,73.30,44.22,59.80,8.10
575.09,40.10,20.14,22.63,8.04,73.30,44.22,59.64,8.10
575.10,40.10,20.14,22.63,8.06,73.30,44.31,59.64,8.11
575.11,40.10,20.14,22.63,8.04,73.30,44.22,59.64,8.10
575.12,40.10,20.14,22.63,8.04,73.30,44.22,59.64,8.11
575.13,40.10,20.11,22.63,8.04,73.30,44.31,59.49,8.10
575.14,40.10,20.11,22.66,8.04,73.30,44.22,59.80,8.10
575.15,40.10,20.14,22.66,8.04,73.30,44.22,59.64,8.11
575.16,40.10,20.11,22.63,8.06,73.30,44.31,59.80,8.11
575.17,40.10,20.11,22.66,8.04,73.30,44.31,59.64,8.10
575.18,40.10,20.11,22.63,8.04,73.30,44.22,59.64,8.10
575.19,40.10,20.14,22.63,8.04,73.30,44.22,59.80,8.10
575.20,40.10,20.14,22.63,8.04,73.30,44.31,59.64,8.11
575.21,40.10,20.14,22.66,8.04,73.30,44.22,59.64,8.11
575.22,40.10,20.16,22.66,8.04,73.30,44.31,59.64,8.10
575.23,40.10,20.16,22.66,8.04,73.30,44.22,59.64,8.11
575.24,40.18,20.11,22.63,8.04,73.30,44.22,59.64,8.10
575.25,40.10,20.14,22.66,8.04,73.30,44.22,59.64,8.10
575.26,40.10,20.11,22.66,8.04,73.30,44.22,59.64,8.10
575.27,40.10,20.11,22.66,8.04,73.30,44.31,59.64,8.11
575.28,40.10,20.14,22.63,8.04,73.30,44.31,59.64,8.11
575.29,40.10,20.14,22.66,8.04,73.30,44.31,59.64,8.10
575.30,40.10,20.14,22.63,8.04,73.30,44.31,59.64,8.10
575.31,40.10,20.14,22.66,8.04,73.30,44.22,59.64,8.11
575.32,40.10,20.14,22.66,8.04,73.30,44.12,59.64,8.09
575.33,40.10,20.11,22.63,8.04,73.30,44.22,59.64,8.10
575.34,40.10,20.16,22.66,8.04,73.52,44.22,59.64,8.10
575.35,40.18,20.11,22.66,8.04,73.30,44.12,59.64,8.09
575.36,40.10,20.11,22.63,8.04,73.30,44.22,59.64,8.11
575.37,40.18,20.11,22.66,8.04,73.30,44.22,59.64,8.11
575.38,40.02,20.11,22.66,8.04,73.52,44.22,59.64,8.10
575.39,40.02,20.11,22.63,8.04,73.30,44.22,59.64,8.10
575.41,40.18,20.14,22.63,8.04,73.30,44.31,59.64,8.09
575.42,40.10,20.11,22.63,8.04,73.30,44.22,59.64,8.11
575.43,40.10,20.11,22.66,8.06,73.30,44.31,59.80,8.11
575.44,40.10,20.11,22.66,8.04,73.30,44.22,59.80,8.10
575.45,40.10,20.11,22.66,8.04,73.30,44.22,59.64,8.10
575.46,40.10,20.14,22.63,8.04,73.30,44.22,59.64,8.10
575.47,40.10,20.14,22.66,8.04,73.52,44.22,59.64,8.10
575.48,40.10,20.14,22.63,8.06,73.30,44.31,59.64,8.10
575.49,40.10,20.11,22.63,8.04,73.30,44.22,59.64,8.10
575.50,40.10,20.11,22.63,8.04,73.30,44.22,59.64,8.10
575.51,40.10,20.11,22.63,8.04,73.30,44.22,59.49,8.10
575.52,40.02,20.14,22.66,8.04,73.30,44.22,59.64,8.10
575.53,40.10,20.11,22.63,8.04,73.30,44.31,59.80,8.09
575.54,40.10,20.11,22.63,8.04,73.30,44.22,59.80,8.10
575.55,40.10,20.11,22.63,8.04,73.30,44.22,59.49,8.10
575.56,40.10,20.14,22.66,8.04,73.30,44.31,59.80,8.09
575.57,40.10,20.14,22.66,8.04,73.30,44.22,59.64,8.10
575.58,40.10,20.14,22.63,8.04,73.30,44.22,59.64,8.10
575.59,40.10,20.11,22.63,8.04,73.30,44.22,59.80,8.11
575.60,40.10,20.14,22.63,8.04,73.30,44.22,59.64,8.10
575.61,40.10,20.11,22.66,8.04,73.30,44.22,59.80,8.10
575.62,40.10,20.14,22.63,8.04,73.30,44.22,59.64,8.10
575.63,40.10,20.08,22.63,8.04,73.30,44.31,59.64,8.10
575.64,40.10,20.14,22.63,8.04,73.30,44.22,59.64,8.11
575.65,40.10,20.11,22.63,8.04,73.30,44.22,59.64,8.10
575.66,40.10,20.11,22.66,8.04,73.30,44.31,59.64,8.11
575.67,40.02,20.11,22.66,8.04,73.30,44.22,59.80,8.10
575.68,40.10,20.14,22.66,8.04,73.30,44.22,59.64,8.09
575.69,40.10,20.11,22.63,8.04,73.30,44.31,59.64,8.11
575.70,40.10,20.14,22.66,8.04,73.08,44.12,59.64,8.10
575.71,40.18,20.14,22.63,8.02,73.30,44.22,59.64,8.09
575.72,40.10,20.14,22.63,8.06,73.30,44.22,59.64,8.10
575.73,40.10,20.14,22.66,8.04,73.30,44.22,59.64,8.10
575.74,40.10,20.11,22.66,8.04,73.30,44.22,59.64,8.10
575.75,40.10,20.14,22.63,8.04,73.30,44.22,59.64,8.11
575.76,40.10,20.14,22.66,8.04,73.30,44.31,59.64,8.11
575.77,40.10,20.14,22.66,8.04,73.30,44.22,59.64,8.10
575.78,40.18,20.16,22.66,8.04,73.30,44.22,59.64,8.11
575.79,40.10,20.11,22.63,8.04,73.30,44.22,59.64,8.10
575.80,40.02,20.11,22.63,8.04,73.30,44.22,59.80,8.09
575.81,40.10,20.11,22.63,8.04,73.30,44.22,59.64,8.10
575.82,40.10,20.11,22.66,8.04,73.30,44.12,59.64,8.10
575.83,40.10,20.11,22.66,8.04,73.30,44.22,59.80,8.10
575.84,40.10,20.14,22.63,8.04,73.30,44.22,59.64,8.10
575.85,40.10,20.14,22.63,8.04,73.30,44.22,59.64,8.11
575.86,40.10,20.14,22.63,8.04,73.30,44.22,59.64,8.11
575.87,40.10,20.14,22.59,8.04,73.30,44.22,59.64,8.11
575.88,40.10,20.11,22.66,8.04,73.30,44.22,59.80,8.11
575.89,40.10,20.14,22.63,8.04,73.30,44.22,59.64,8.10
575.90,40.10,20.14,22.66,8.04,73.30,44.22,59.64,8.11
575.91,40.18,20.11,22.66,8.04,73.30,44.31,59.64,8.09
575.92,40.10,20.14,22.66,8.04,73.30,44.31,59.64,8.11
575.93,40.10,20.14,22.66,8.04,73.30,44.22,59.64,8.10
575.94,40.10,20.14,22.63,8.04,73.30,44.12,59.64,8.09
575.95,40.10,20.11,22.63,8.04,73.30,44.31,59.80,8.10
575.96,40.10,20.14,22.66,8.04,73.30,44.22,59.64,8.11
575.97,40.10,20.11,22.66,8.04,73.08,44.31,59.64,8.10
575.98,40.10,20.11,22.63,8.04,73.30,44.22,59.64,8.10
575.99,40.10,20.11,22.66,8.04,73.30,44.22,59.80,8.11
576.00,40.10,20.11,22.66,8.04,73.30,44.31,59.64,8.11
576.01,40.10,20.11,22.63,8.04,73.30,44.31,59.64,8.10
576.02,40.02,20.14,22.63,8.04,73.30,44.22,59.64,8.10
576.03,40.02,20.11,22.66,8.04,73.30,44.22,59.64,8.10
576.04,40.18,20.14,22.63,8.04,73.30,44.31,59.64,8.10
576.05,40.10,20.14,22.66,8.04,73.30,44.22,59.64,8.09
576.06,40.10,20.14,22.63,8.04,73.30,44.22,59.64,8.09
576.07,40.10,20.11,22.66,8.04,73.30,44.31,59.64,8.10
576.08,40.02,20.11,22.66,8.04,73.30,44.22,59.80,8.10
576.09,40.10,20.14,22.66,8.04,73.30,44.22,59.64,8.10
576.10,40.10,20.16,22.66,8.04,73.30,44.31,59.64,8.11
576.11,40.02,20.11,22.66,8.04,73.30,44.12,59.64,8.10
576.12,40.18,20.11,22.66,8.04,73.30,44.22,59.80,8.10
576.13,40.10,20.14,22.66,8.04,73.30,44.22,59.80,8.10
576.14,40.10,20.14,22.63,8.04,73.30,44.22,59.64,8.10
576.15,40.10,20.11,22.66,8.04,73.30,44.22,59.64,8.10
576.16,40.10,20.14,22.66,8.04,73.52,44.22,59.80,8.10
576.17,40.10,20.11,22.63,8.04,73.30,44.31,59.64,8.11
576.18,40.02,20.11,22.63,8.04,73.30,44.22,59.64,8.10
576.19,40.10,20.14,22.66,8.04,73.30,44.22,59.64,8.10
576.20,40.10,20.11,22.66,8.04,73.30,44.31,59.80,8.10
576.21,40.10,20.14,22.63,8.04,73.30,44.22,59.80,8.11
576.22,40.10,20.11,22.63,8.04,73.30,44.22,59.64,8.10
576.23,40.10,20.14,22.66,8.04,73.30,44.22,59.49,8.10
576.24,40.10,20.14,22.66,8.04,73.30,44.22,59.64,8.10
576.25,40.10,20.14,22.63,8.04,73.30,44.12,59.64,8.10
576.26,40.10,20.14,22.63,8.04,73.30,44.22,59.80,8.10
576.27,40.10,20.11,22.63,8.04,73.30,44.31,59.64,8.11
576.28,40.10,20.14,22.63,8.04,73.30,44.22,59.64,8.10
576.29,40.10,20.11,22.63,8.04,73.30,44.22,59.64,8.11
576.30,40.10,20.11,22.66,8.06,73.30,44.22,59.64,8.10
576.31,40.10,20.11,22.66,8.04,73.30,44.22,59.64,8.10
576.32,40.02,20.11,22.63,8.04,73.30,44.22,59.64,8.11
576.33,40.10,20.16,22.63,8.04,73.30,44.31,59.64,8.11
576.34,40.10,20.11,22.63,8.04,73.30,44.22,59.64,8.10
576.35,40.10,20.11,22.63,8.04,73.30,44.22,59.64,8.10
576.36,40.10,20.14,22.66,8.04,73.30,44.22,59.64,8.10
576.37,40.10,20.14,22.63,8.02,73.30,44.22,59.64,8.10
576.38,40.10,20.11,22.63,8.04,73.30,44.22,59.64,8.10
576.39,40.10,20.11,22.66,8.04,73.30,44.22,59.64,8.11
576.40,40.10,20.11,22.63,8.04,73.30,44.22,59.64,8.10
576.41,40.10,20.14,22.66,8.06,73.30,44.12,59.64,8.10
576.42,40.10,20.14,22.66,8.04,73.30,44.22,59.64,8.10
576.43,40.10,20.14,22.63,8.04,73.30,44.31,59.64,8.10
576.44,40.18,20.11,22.66,8.04,73.30,44.12,59.64,8.11
576.45,40.10,20.11,22.66,8.04,73.30,44.22,59.64,8.11
576.46,40.10,20.14,22.63,8.04,73.30,44.31,59.80,8.10
576.47,40.10,20.11,22.66,8.04,73.30,44.31,59.80,8.09
576.48,40.10,20.16,22.63,8.04,73.30,44.31,59.64,8.10
576.49,40.10,20.16,22.66,8.04,73.30,44.22,59.64,8.11
576.50,40.18,20.11,22.66,8.04,73.30,44.22,59.64,8.10
576.51,40.10,20.14,22.63,8.04,73.30,44.31,59.64,8.10
576.52,40.10,20.11,22.66,8.04,73.30,44.22,59.64,8.11
576.53,40.10,20.11,22.66,8.04,73.30,44.31,59.64,8.11
576.54,40.02,20.14,22.66,8.04,73.30,44.31,59.64,8.10
576.55,40.10,20.14,22.66,8.04,73.30,44.22,59.64,8.11
576.56,40.10,20.14,22.63,8.04,73.30,44.22,59.64,8.11
576.57,40.02,20.14,22.66,8.04,73.30,44.22,59.64,8.10
576.58,40.10,20.11,22.59,8.04,73.30,44.22,59.64,8.11
576.59,40.10,20.14,22.63,8.04,73.30,44.22,59.64,8.10
576.60,40.10,20.16,22.66,8.04,73.08,44.22,59.64,8.09
576.61,40.10,20.14,22.66,8.04,73.52,44.31,59.80,8.10
576.62,40.10,20.14,22.63,8.04,73.08,44.12,59.80,8.10
576.63,40.10,20.14,22.63,8.04,73.30,44.22,59.64,8.10
576.64,40.10,20.11,22.63,8.04,73.52,44.31,59.64,8.09
576.65,40.10,20.14,22.63,8.04,73.30,44.22,59.64,8.10
576.66,40.10,20.14,22.66,8.04,73.30,44.22,59.64,8.10
576.67,40.10,20.11,22.66,8.04,73.30,44.12,59.64,8.11
576.68,40.10,20.11,22.66,8.04,73.30,44.22,59.64,8.10
576.69,40.10,20.14,22.63,8.04,73.30,44.12,59.49,8.10
576.70,40.18,20.14,22.66,8.04,73.30,44.22,59.95,8.11
576.71,40.10,20.16,22.66,8.04,73.30,44.22,59.64,8.11
576.72,40.10,20.14,22.63,8.04,73.30,44.31,59.64,8.10
576.73,40.10,20.16,22.66,8.06,73.30,44.22,59.64,8.11
576.74,40.10,20.14,22.63,8.04,73.08,44.22,59.64,8.11
576.75,40.10,20.11,22.63,8.04,73.30,44.22,59.64,8.10
576.76,40.18,20.11,22.63,8.04,73.30,44.31,59.64,8.11
576.77,40.10,20.11,22.66,8.04,73.30,44.31,59.64,8.11
576.78,40.10,20.11,22.63,8.04,73.30,44.22,59.64,8.11
576.79,40.10,20.14,22.63,8.04,73.30,44.22,59.64,8.11
576.80,40.10,20.11,22.66,8.04,73.30,44.22,59.64,8.11
576.81,40.10,20.16,22.63,8.04,73.30,44.22,59.64,8.10
576.82,40.10,20.11,22.66,8.04,73.30,44.22,59.64,8.11
576.83,40.10,20.14,22.66,8.04,73.30,44.22,59.64,8.10
576.84,40.10,20.16,22.63,8.04,73.30,44.22,59.64,8.10
576.85,40.18,20.11,22.66,8.04,73.30,44.12,59.64,8.10
576.86,40.10,20.11,22.66,8.04,73.30,44.12,59.64,8.10
576.87,40.10,20.11,22.66,8.04,73.30,44.12,59.64,8.09
576.88,40.10,20.11,22.66,8.04,73.30,44.12,59.64,8.09
576.89,40.10,20.11,22.66,8.04,73.30,44.22,59.80,8.11
576.90,40.18,20.14,22.66,8.04,73.30,44.31,59.64,8.11
576.91,40.10,20.11,22.66,8.04,73.30,44.12,59.64,8.10
576.92,40.10,20.11,22.66,8.04,73.30,44.31,59.64,8.11
576.93,40.10,20.16,22.66,8.04,73.30,44.22,59.64,8.10
576.94,40.10,20.11,22.66,8.04,73.30,44.31,59.64,8.10
576.95,40.10,20.11,22.66,8.04,73.30,44.31,59.80,8.09
576.96,40.10,20.14,22.63,8.04,73.30,44.12,59.64,8.11
576.97,40.10,20.11,22.63,8.04,73.30,44.31,59.64,8.10
576.98,40.10,20.11,22.63,8.04,73.30,44.22,59.64,8.11
576.99,40.10,20.11,22.66,8.04,73.30,44.22,59.64,8.10
577.00,40.10,20.11,22.63,8.04,73.30,44.12,59.80,8.10
577.01,40.10,20.11,22.63,8.04,73.30,44.12,59.80,8.10
577.02,40.10,20.11,22.66,8.04,73.30,44.31,59.64,8.10
577.03,40.10,20.14,22.66,8.04,73.30,44.12,59.64,8.11
577.04,40.10,20.11,22.66,8.04,73.30,44.12,59.64,8.11
577.05,40.10,20.14,22.66,8.04,73.30,44.22,59.64,8.10
577.06,40.18,20.14,22.66,8.04,73.30,44.22,59.64,8.11
577.07,40.10,20.14,22.66,8.04,73.30,44.31,59.64,8.11
577.08,40.10,20.11,22.63,8.04,73.30,44.31,59.80,8.10
577.09,40.10,20.14,22.66,8.04,73.30,44.22,59.80,8.10
577.10,40.10,20.14,22.63,8.04,73.30,44.22,59.64,8.10
577.11,40.10,20.14,22.66,8.04,73.30,44.22,59.64,8.11
577.12,40.10,20.14,22.66,8.04,73.30,44.31,59.64,8.10
577.13,40.10,20.14,22.66,8.04,73.30,44.31,59.80,8.10
577.14,40.10,20.11,22.63,8.04,73.30,44.22,59.64,8.10
577.15,40.10,20.11,22.63,8.04,73.52,44.22,59.64,8.10
577.16,40.10,20.11,22.66,8.04,73.30,44.22,59.64,8.10
577.17,40.10,20.11,22.63,8.04,73.08,44.22,59.64,8.10
577.18,40.10,20.11,22.63,8.04,73.30,44.22,59.64,8.11
577.19,40.10,20.14,22.66,8.04,73.30,44.22,59.64,8.10
577.20,40.10,20.11,22.63,8.04,73.30,44.22,59.64,8.10
577.21,40.10,20.11,22.66,8.04,73.30,44.22,59.64,8.11
577.22,40.10,20.14,22.63,8.04,73.30,44.22,59.64,8.10
577.23,40.10,20.11,22.66,8.04,73.30,44.22,59.80,8.10
577.24,40.10,20.14,22.66,8.04,73.30,44.22,59.64,8.11
577.25,40.10,20.11,22.66,8.04,73.30,44.22,59.64,8.10
577.26,40.10,20.14,22.66,8.04,73.30,44.31,59.64,8.10
577.27,40.10,20.11,22.66,8.04,73.30,44.31,59.64,8.09
577.28,40.18,20.11,22.63,8.04,73.30,44.22,59.64,8.11
577.29,40.10,20.11,22.63,8.04,73.30,44.22,59.64,8.10
577.30,40.10,20.11,22.66,8.04,73.30,44.22,59.64,8.10
577.31,40.10,20.11,22.66,8.04,73.30,44.12,59.64,8.10
577.32,40.10,20.16,22.63,8.04,73.08,44.22,59.64,8.11
577.33,40.10,20.11,22.63,8.02,73.30,44.22,59.64,8.10
577.34,40.10,20.14,22.63,8.04,73.30,44.22,59.64,8.11
577.35,40.10,20.14,22.63,8.04,73.30,44.22,59.64,8.10
577.36,40.10,20.11,22.63,8.04,73.30,44.12,59.64,8.10
577.37,40.10,20.11,22.66,8.04,73.30,44.22,59.64,8.10
577.38,40.10,20.11,22.66,8.04,73.30,44.22,59.64,8.11
577.39,40.10,20.11,22.63,8.04,73.30,44.22,59.64,8.10
577.40,40.10,20.11,22.66,8.04,73.30,44.22,59.64,8.10
577.41,40.10,20.14,22.66,8.04,73.30,44.22,59.64,8.10
577.42,40.10,20.11,22.66,8.04,73.30,44.12,59.64,8.10
577.43,40.18,20.11,22.66,8.04,73.30,44.22,59.64,8.10
577.44,40.10,20.14,22.66,8.04,73.30,44.22,59.64,8.11
577.45,40.18,20.11,22.66,8.04,73.30,44.22,59.64,8.09
577.46,40.10,20.11,22.66,8.04,73.30,44.31,59.64,8.10
577.47,40.02,20.11,22.66,8.04,73.08,44.22,59.64,8.10
577.48,40.18,20.14,22.66,8.06,73.30,44.22,59.64,8.10
577.49,40.10,20.11,22.66,8.04,73.30,44.22,59.64,8.11
577.50,40.10,20.11,22.63,8.04,73.30,44.31,59.64,8.10
577.51,40.10,20.14,22.66,8.02,73.30,44.22,59.64,8.10
577.52,40.10,20.14,22.66,8.04,73.30,44.22,59.64,8.10
577.53,40.18,20.08,22.63,8.04,73.30,44.31,59.64,8.10
577.54,40.10,20.11,22.66,8.04,73.30,44.22,59.64,8.10
577.55,40.10,20.14,22.66,8.04,73.30,44.12,59.64,8.10
577.56,40.10,20.11,22.63,8.04,73.30,44.22,59.64,8.10
577.57,40.10,20.14,22.66,8.04,73.30,44.22,59.64,8.10
577.58,40.10,20.11,22.66,8.04,73.08,44.31,59.64,8.10
577.59,40.10,20.14,22.63,8.04,73.52,44.22,59.64,8.10
577.60,40.10,20.11,22.66,8.04,73.30,44.12,59.64,8.10
577.61,40.10,20.11,22.66,8.04,73.30,44.31,59.64,8.11
577.62,40.10,20.11,22.63,8.04,73.30,44.22,59.64,8.11
577.63,40.18,20.14,22.63,8.04,73.30,44.12,59.64,8.10
577.64,40.18,20.14,22.63,8.04,73.30,44.31,59.64,8.11
577.65,40.10,20.11,22.66,8.04,73.30,44.31,59.64,8.09
577.66,40.10,20.11,22.66,8.04,73.30,44.22,59.64,8.10
577.67,40.10,20.14,22.63,8.04,73.30,44.22,59.64,8.09
577.68,40.10,20.11,22.66,8.04,73.30,44.31,59.64,8.11
577.69,40.10,20.11,22.66,8.04,73.30,44.22,59.64,8.11
577.70,40.10,20.11,22.66,8.04,73.30,44.12,59.64,8.10
577.71,40.10,20.11,22.66,8.04,73.30,44.22,59.64,8.10
577.72,40.10,20.14,22.66,8.04,73.30,44.22,59.64,8.10
577.73,40.10,20.11,22.66,8.04,73.30,44.22,59.64,8.11
577.74,40.18,20.16,22.66,8.04,73.30,44.22,59.64,8.10
577.75,40.10,20.11,22.63,8.04,73.30,44.22,59.80,8.11
577.76,40.10,20.14,22.66,8.04,73.30,44.31,59.64,8.10
577.77,40.10,20.14,22.59,8.04,73.30,44.31,59.64,8.09
577.78,40.18,20.11,22.63,8.04,73.30,44.22,59.49,8.10
577.79,40.10,20.14,22.66,8.04,73.30,44.12,59.80,8.11
577.80,40.18,20.11,22.66,8.04,73.30,44.22,59.64,8.09
577.81,40.10,20.14,22.66,8.04,73.30,44.22,59.80,8.11
577.82,40.10,20.14,22.63,8.04,73.52,44.31,59.64,8.10
577.83,40.18,20.14,22.66,8.04,73.52,44.22,59.80,8.11
577.84,40.18,20.14,22.66,8.04,73.30,44.22,59.80,8.10
577.85,40.18,20.14,22.66,8.04,73.30,44.22,59.64,8.11
577.86,40.10,20.11,22.66,8.04,73.30,44.31,59.80,8.10
577.87,40.10,20.11,22.66,8.04,73.30,44.22,59.33,8.10
577.88,40.10,20.14,22.63,8.04,73.30,44.31,59.49,8.10
577.89,40.18,20.11,22.63,8.04,73.30,44.12,59.80,8.10
577.90,40.10,20.11,22.63,8.04,73.30,44.22,59.80,8.10
577.91,40.18,20.11,22.66,8.04,73.30,44.12,59.64,8.11
577.92,40.10,20.14,22.63,8.04,73.30,44.22,59.64,8.10
577.93,40.10,20.11,22.63,8.04,73.30,44.12,59.64,8.10
577.94,40.10,20.11,22.66,8.04,73.30,44.22,59.64,8.10
577.95,40.10,20.14,22.66,8.04,73.30,44.12,59.64,8.09
577.96,40.10,20.14,22.63,8.02,73.30,44.31,59.80,8.10
577.98,40.18,20.14,22.66,8.04,73.30,44.31,59.64,8.11
577.99,40.10,20.11,22.66,8.04,73.30,44.22,59.64,8.10
578.00,40.10,20.14,22.66,8.04,73.30,44.12,59.64,8.10
578.01,40.10,20.11,22.63,8.04,73.30,44.22,59.64,8.09
578.02,40.10,20.14,22.63,8.04,73.30,44.22,59.49,8.10
578.03,40.10,20.11,22.63,8.04,73.30,44.31,59.80,8.10
578.04,40.18,20.14,22.66,8.04,73.30,44.22,59.64,8.10
578.05,40.10,20.11,22.63,8.04,73.30,44.22,59.64,8.11
578.06,40.10,20.11,22.66,8.04,73.30,44.22,59.80,8.11
578.07,40.10,20.14,22.63,8.04,73.52,44.22,59.64,8.10
578.08,40.18,20.14,22.63,8.04,73.30,44.12,59.64,8.11
578.09,40.10,20.14,22.66,8.04,73.30,44.31,59.64,8.09
578.10,40.18,20.11,22.66,8.04,73.30,44.12,59.80,8.10
578.11,40.10,20.11,22.66,8.04,73.30,44.22,59.64,8.11
578.12,40.10,20.11,22.63,8.04,73.30,44.22,59.64,8.10
578.13,40.10,20.11,22.63,8.04,73.30,44.12,59.64,8.11
578.14,40.10,20.14,22.66,8.04,73.30,44.22,59.64,8.10
578.15,40.10,20.11,22.66,8.04,73.30,44.22,59.64,8.09
578.16,40.02,20.11,22.66,8.04,73.30,44.31,59.64,8.10
578.17,40.10,20.14,22.63,8.04,73.30,44.22,59.64,8.09
578.18,40.18,20.14,22.63,8.04,73.30,44.22,59.80,8.10
578.19,40.18,20.11,22.66,8.04,73.30,44.22,59.64,8.10
578.20,40.10,20.14,22.66,8.04,73.30,44.31,59.64,8.10
578.21,40.18,20.14,22.66,8.04,73.30,44.22,59.64,8.10
578.22,40.10,20.11,22.66,8.04,73.08,44.31,59.64,8.10
578.23,40.18,20.14,22.63,8.04,73.30,44.22,59.64,8.10
578.24,40.18,20.11,22.63,8.04,73.30,44.31,59.64,8.10
578.25,40.18,20.11,22.63,8.04,73.30,44.22,59.64,8.11
578.26,40.10,20.11,22.66,8.04,73.30,44.22,59.80,8.11
578.27,40.18,20.14,22.63,8.04,73.30,44.22,59.64,8.10
578.28,40.10,20.11,22.66,8.04,73.30,44.22,59.64,8.09
578.29,40.10,20.11,22.66,8.04,73.52,44.31,59.64,8.09
578.30,40.10,20.11,22.63,8.04,73.30,44.22,59.64,8.10
578.31,40.10,20.11,22.66,8.04,73.30,44.22,59.64,8.10
578.32,40.18,20.14,22.63,8.04,73.30,44.22,59.64,8.10
578.33,40.10,20.11,22.66,8.04,73.30,44.31,59.64,8.11
578.34,40.18,20.11,22.63,8.04,73.30,44.22,59.64,8.09
578.35,40.10,20.11,22.63,8.04,73.30,44.22,59.80,8.10
578.36,40.18,20.11,22.66,8.04,73.30,44.22,59.64,8.10
578.37,40.10,20.11,22.63,8.04,73.30,44.22,59.64,8.10
578.38,40.10,20.11,22.63,8.04,73.30,44.31,59.64,8.09
578.39,40.10,20.11,22.63,8.04,73.30,44.22,59.64,8.09
578.40,40.18,20.16,22.63,8.02,73.30,44.22,59.64,8.10
578.41,40.18,20.11,22.66,8.04,73.30,44.22,59.64,8.10
578.42,40.10,20.11,22.66,8.04,73.30,44.22,59.80,8.11
578.43,40.10,20.14,22.63,8.04,73.30,44.22,59.64,8.10
578.44,40.10,20.11,22.66,8.04,73.30,44.31,59.64,8.11
578.45,40.10,20.11,22.66,8.04,73.30,44.31,59.64,8.10
578.46,40.10,20.08,22.63,8.04,73.30,44.12,59.64,8.10
578.47,40.18,20.11,22.66,8.04,73.30,44.22,59.64,8.10
578.48,40.10,20.11,22.63,8.04,73.30,44.22,59.64,8.11
578.49,40.18,20.14,22.66,8.04,73.30,44.22,59.64,8.09
578.50,40.10,20.14,22.63,8.04,73.30,44.22,59.64,8.11
578.51,40.10,20.14,22.63,8.04,73.30,44.22,59.64,8.11
578.52,40.10,20.11,22.63,8.04,73.52,44.31,59.80,8.11
578.53,40.10,20.14,22.63,8.04,73.30,44.22,59.64,8.09
578.54,40.10,20.11,22.66,8.04,73.30,44.22,59.80,8.10
578.55,40.10,20.14,22.63,8.04,73.30,44.22,59.64,8.10
578.56,40.10,20.14,22.63,8.04,73.30,44.22,59.64,8.10
578.57,40.18,20.14,22.63,8.04,73.30,44.22,59.49,8.10
578.58,40.18,20.14,22.66,8.04,73.30,44.22,59.64,8.10
578.59,40.18,20.14,22.66,8.04,73.30,44.22,59.80,8.10
578.60,40.18,20.14,22.66,8.04,73.30,44.22,59.64,8.10
578.61,40.10,20.11,22.63,8.04,73.30,44.12,59.64,8.10
578.62,40.10,20.11,22.66,8.04,73.30,44.22,59.64,8.10
578.65,40.10,20.11,22.63,8.04,73.30,44.22,59.80,8.11
578.65,40.10,20.11,22.66,8.04,73.30,44.22,59.64,8.10
578.66,40.10,20.11,22.66,8.04,73.30,44.22,59.64,8.10
578.67,40.18,20.11,22.66,8.04,73.30,44.22,59.64,8.10
578.68,40.10,20.14,22.66,8.04,73.30,44.22,59.64,8.10
578.69,40.10,20.14,22.63,8.04,73.30,44.31,59.64,8.10
578.70,40.18,20.08,22.63,8.04,73.30,44.22,59.64,8.10
578.71,40.18,20.11,22.66,8.04,73.30,44.22,59.64,8.10
578.72,40.18,20.14,22.63,8.04,73.30,44.22,59.64,8.09
578.73,40.10,20.11,22.66,8.04,73.30,44.31,59.64,8.11
578.74,40.10,20.14,22.66,8.04,73.30,44.31,59.64,8.10
578.75,40.10,20.14,22.63,8.04,73.30,44.12,59.64,8.09
578.76,40.18,20.11,22.66,8.02,73.30,44.12,59.64,8.09
578.77,40.10,20.11,22.66,8.04,73.30,44.12,59.64,8.11
578.78,40.18,20.11,22.66,8.04,73.30,44.22,59.64,8.11
578.79,40.18,20.11,22.66,8.04,73.30,44.22,59.64,8.10
578.80,40.10,20.11,22.63,8.04,73.30,44.22,59.64,8.09
578.81,40.10,20.11,22.63,8.02,73.30,44.12,59.64,8.10
578.82,40.10,20.14,22.66,8.04,73.30,44.22,59.49,8.10
578.83,40.10,20.11,22.63,8.04,73.30,44.22,59.64,8.10
578.84,40.10,20.11,22.63,8.04,73.30,44.22,59.64,8.11
578.85,40.10,20.11,22.63,8.04,73.30,44.03,59.64,8.09
578.86,40.10,20.11,22.66,8.04,73.30,44.22,59.64,8.11
578.87,40.18,20.14,22.63,8.04,73.30,44.22,59.64,8.10
578.88,40.10,20.11,22.66,8.04,73.30,44.22,59.80,8.10
578.89,40.10,20.11,22.66,8.04,73.30,44.31,59.80,8.09
578.90,40.18,20.11,22.66,8.04,73.30,44.22,59.64,8.10
578.91,40.10,20.11,22.63,8.04,73.30,44.22,59.80,8.10
578.92,40.10,20.11,22.63,8.04,73.30,44.12,59.64,8.10
578.93,40.10,20.11,22.66,8.04,73.30,44.31,59.64,8.10
578.94,40.18,20.11,22.66,8.04,73.30,44.22,59.49,8.11
578.95,40.10,20.11,22.66,8.04,73.30,44.12,59.64,8.10
578.96,40.18,20.08,22.66,8.04,73.30,44.22,59.64,8.10
578.97,40.26,20.11,22.66,8.04,73.30,44.22,59.64,8.10
578.98,40.02,20.11,22.63,8.04,73.30,44.22,59.64,8.10
578.99,40.10,20.11,22.66,8.04,73.30,44.12,59.49,8.09
579.00,40.18,20.11,22.63,8.04,73.30,44.22,59.64,8.10
579.01,40.18,20.14,22.66,8.04,73.30,44.22,59.64,8.10
579.02,40.10,20.11,22.66,8.04,73.30,44.12,59.80,8.10
579.03,40.10,20.11,22.63,8.04,73.30,44.22,59.64,8.11
579.04,40.10,20.11,22.63,8.04,73.08,44.22,59.64,8.10
579.05,40.18,20.11,22.66,8.04,73.08,44.22,59.64,8.10
579.06,40.10,20.11,22.63,8.04,73.30,44.31,59.80,8.10
579.07,40.10,20.11,22.66,8.04,73.30,44.12,59.64,8.10
579.08,40.10,20.11,22.66,8.04,73.30,44.22,59.64,8.10
579.09,40.18,20.14,22.66,8.04,73.30,44.22,59.95,8.10
579.10,40.18,20.11,22.66,8.04,73.30,44.22,59.49,8.10
579.11,40.18,20.11,22.66,8.04,73.30,44.22,59.80,8.10
579.12,40.18,20.11,22.66,8.04,73.30,44.22,59.64,8.10
579.13,40.10,20.11,22.66,8.04,73.30,44.22,59.49,8.09
579.14,40.18,20.11,22.63,8.04,73.30,44.31,59.64,8.10
579.15,40.10,20.11,22.66,8.02,73.52,44.22,59.64,8.10
579.16,40.18,20.14,22.66,8.04,73.30,44.31,59.64,8.11
579.17,40.10,20.11,22.66,8.04,73.30,44.22,59.64,8.11
579.18,40.10,20.11,22.63,8.04,73.30,44.22,59.80,8.10
579.19,40.10,20.11,22.66,8.04,73.30,44.22,59.80,8.10
579.20,40.18,20.11,22.66,8.04,73.30,44.22,59.64,8.10
579.21,40.18,20.11,22.63,8.04,73.30,44.22,59.80,8.10
579.22,40.10,20.11,22.66,8.04,73.30,44.22,59.64,8.10
579.23,40.10,20.11,22.63,8.04,73.30,44.22,59.64,8.10
579.24,40.10,20.11,22.66,8.04,73.30,44.22,59.64,8.10
579.25,40.18,20.11,22.66,8.04,73.30,44.12,59.64,8.10
579.26,40.18,20.11,22.63,8.04,73.30,44.22,59.80,8.10
579.27,40.10,20.11,22.66,8.04,73.30,44.22,59.64,8.10
579.28,40.18,20.14,22.66,8.02,73.30,44.22,59.64,8.09
579.29,40.18,20.11,22.66,8.04,73.30,44.22,59.64,8.10
579.30,40.18,20.11,22.63,8.04,73.30,44.31,59.64,8.10
579.31,40.10,20.14,22.66,8.04,73.30,44.22,59.64,8.11
579.32,40.18,20.11,22.66,8.04,73.30,44.22,59.64,8.10
579.33,40.18,20.11,22.63,8.04,73.52,44.22,59.80,8.10
579.34,40.10,20.11,22.66,8.04,73.52,44.12,59.64,8.09
579.35,40.10,20.11,22.66,8.04,73.30,44.22,59.64,8.10
579.36,40.18,20.11,22.63,8.04,73.30,44.22,59.64,8.11
579.37,40.10,20.11,22.66,8.04,73.30,44.22,59.64,8.11
579.38,40.10,20.11,22.63,8.04,73.30,44.22,59.64,8.10
579.39,40.10,20.11,22.66,8.04,73.30,44.12,59.64,8.09
579.40,40.10,20.11,22.66,8.02,73.30,44.12,59.64,8.10
579.41,40.10,20.11,22.63,8.04,73.30,44.12,59.64,8.09
579.42,40.18,20.11,22.63,8.04,73.30,44.22,59.64,8.10
579.43,40.10,20.14,22.66,8.04,73.30,44.22,59.64,8.10
579.44,40.18,20.11,22.66,8.04,73.30,44.22,59.64,8.09
579.45,40.18,20.11,22.66,8.04,73.30,44.12,59.64,8.10
579.46,40.18,20.08,22.66,8.04,73.30,44.22,59.64,8.09
579.47,40.10,20.11,22.66,8.04,73.30,44.22,59.64,8.11
579.48,40.18,20.11,22.66,8.04,73.08,44.12,59.64,8.11
579.49,40.10,20.11,22.66,8.04,73.30,44.12,59.64,8.10
579.50,40.18,20.11,22.66,8.04,73.30,44.12,59.64,8.10
579.51,40.10,20.14,22.63,8.04,73.30,44.22,59.64,8.10
579.52,40.18,20.14,22.66,8.04,73.30,44.12,59.64,8.09
579.53,40.18,20.11,22.63,8.04,73.30,44.22,59.64,8.10
579.54,40.10,20.11,22.66,8.04,73.30,44.22,59.64,8.09
579.55,40.18,20.11,22.66,8.04,73.30,44.12,59.80,8.10
579.56,40.10,20.11,22.66,8.04,73.30,44.22,59.80,8.10
579.57,40.10,20.08,22.63,8.04,73.30,44.22,59.80,8.09
579.58,40.18,20.11,22.66,8.04,73.30,44.22,59.64,8.11
579.59,40.10,20.11,22.66,8.04,73.30,44.22,59.64,8.09
579.60,40.18,20.11,22.63,8.04,73.30,44.22,59.80,8.10
579.61,40.18,20.14,22.63,8.04,73.52,44.22,59.64,8.10
579.62,40.18,20.11,22.66,8.04,73.30,44.12,59.64,8.10
579.63,40.18,20.11,22.66,8.04,73.30,44.22,59.49,8.10
579.64,40.10,20.08,22.66,8.04,73.30,44.22,59.64,8.11
579.65,40.18,20.08,22.66,8.04,73.30,44.22,59.64,8.09
579.66,40.18,20.11,22.66,8.04,73.30,44.12,59.64,8.10
579.67,40.18,20.11,22.66,8.04,73.30,44.12,59.64,8.09
579.68,40.18,20.14,22.66,8.04,73.30,44.22,59.64,8.09
579.69,40.18,20.14,22.63,8.04,73.30,44.22,59.64,8.10
579.70,40.18,20.11,22.63,8.04,73.30,44.22,59.64,8.10
579.71,40.18,20.11,22.66,8.04,73.30,44.22,59.64,8.10
579.72,40.10,20.14,22.66,8.04,73.30,44.22,59.80,8.09
579.73,40.18,20.14,22.66,8.04,73.30,44.22,59.64,8.10
579.74,40.10,20.11,22.66,8.04,73.30,44.22,59.64,8.09
579.75,40.10,20.11,22.66,8.04,73.30,44.12,59.64,8.10
579.76,40.18,20.14,22.63,8.04,73.30,44.31,59.64,8.11
579.77,40.10,20.14,22.66,8.04,73.30,44.12,59.64,8.10
579.78,40.18,20.14,22.66,8.04,73.30,44.22,59.64,8.11
579.79,40.18,20.11,22.66,8.02,73.30,44.22,59.64,8.09
579.80,40.10,20.11,22.66,8.04,73.30,44.22,59.64,8.09
579.81,40.18,20.11,22.63,8.04,73.30,44.12,59.64,8.10
579.82,40.18,20.11,22.66,8.04,73.30,44.12,59.64,8.10
579.83,40.18,20.14,22.66,8.04,73.30,44.22,59.64,8.10
579.84,40.10,20.11,22.66,8.04,73.30,44.22,59.80,8.10
579.85,40.18,20.11,22.66,8.04,73.30,44.22,59.64,8.10
579.86,40.18,20.14,22.63,8.04,73.30,44.22,59.64,8.10
579.87,40.02,20.11,22.66,8.04,73.30,44.22,59.64,8.10
579.88,40.18,20.11,22.66,8.04,73.30,44.22,59.64,8.09
579.89,40.18,20.14,22.63,8.04,73.30,44.31,59.64,8.10
579.90,40.18,20.11,22.63,8.04,73.52,44.22,59.64,8.10
579.91,40.18,20.08,22.66,8.04,73.30,44.22,59.33,8.10
579.92,40.10,20.14,22.66,8.04,73.30,44.12,59.64,8.10
579.93,40.10,20.14,22.66,8.04,73.30,44.12,59.80,8.10
579.94,40.18,20.11,22.66,8.04,73.30,44.31,59.64,8.10
579.95,40.18,20.11,22.63,8.04,73.30,44.22,59.64,8.10
579.96,40.18,20.11,22.63,8.04,73.30,44.22,59.64,8.10
579.97,40.18,20.11,22.66,8.04,73.30,44.12,59.64,8.11
579.98,40.18,20.11,22.63,8.04,73.52,44.31,59.64,8.09
579.99,40.18,20.08,22.66,8.04,73.30,44.22,59.64,8.10
580.00,40.18,20.11,22.66,8.04,73.30,44.31,59.64,8.11
580.01,40.18,20.11,22.63,8.04,73.30,44.22,59.64,8.10
580.02,40.18,20.11,22.66,8.04,73.30,44.12,59.64,8.11
580.03,40.10,20.11,22.66,8.04,73.52,44.12,59.64,8.10
580.04,40.18,20.11,22.66,8.04,73.30,44.22,59.64,8.11
580.05,40.18,20.11,22.66,8.04,73.30,44.31,59.64,8.10
580.06,40.18,20.11,22.63,8.04,73.30,44.22,59.80,8.10
580.07,40.18,20.08,22.66,8.02,73.30,44.22,59.64,8.10
580.08,40.18,20.11,22.66,8.02,73.30,44.12,59.80,8.11
580.09,40.18,20.14,22.66,8.04,73.30,44.22,59.64,8.10
580.10,40.18,20.11,22.66,8.04,73.30,44.22,59.64,8.10
580.11,40.10,20.14,22.63,8.04,73.30,44.12,59.64,8.10
580.12,40.18,20.11,22.66,8.04,73.30,44.22,59.64,8.09
580.13,40.10,20.11,22.63,8.04,73.30,44.22,59.64,8.10
580.14,40.26,20.11,22.66,8.02,73.30,44.12,59.64,8.10
580.15,40.26,20.11,22.66,8.04,73.30,44.22,59.64,8.11
580.16,40.10,20.11,22.63,8.04,73.30,44.12,59.64,8.10
580.17,40.18,20.11,22.66,8.04,73.30,44.12,59.64,8.11
580.18,40.10,20.14,22.63,8.04,73.30,44.22,59.64,8.10
580.19,40.10,20.11,22.63,8.04,73.30,44.31,59.80,8.11
580.20,40.18,20.11,22.66,8.04,73.30,44.12,59.64,8.10
580.21,40.18,20.08,22.66,8.04,73.30,44.22,59.64,8.10
580.22,40.18,20.11,22.66,8.04,73.08,44.22,59.80,8.10
580.23,40.10,20.11,22.66,8.02,73.52,44.12,59.64,8.10
580.24,40.18,20.14,22.70,8.04,73.30,44.22,59.64,8.11
580.25,40.18,20.11,22.66,8.04,73.52,44.12,59.64,8.10
580.26,40.18,20.14,22.63,8.04,73.30,44.22,59.64,8.09
580.27,40.18,20.11,22.66,8.02,73.30,44.12,59.80,8.11
580.28,40.18,20.11,22.66,8.02,73.52,44.12,59.49,8.10
580.29,40.18,20.11,22.70,8.04,73.30,44.31,59.80,8.09
580.30,40.18,20.08,22.66,8.04,73.30,44.22,59.95,8.10
580.31,40.18,20.11,22.66,8.04,73.30,44.22,59.64,8.10
580.32,40.18,20.11,22.66,8.04,73.30,44.22,59.64,8.10
580.33,40.10,20.11,22.66,8.04,73.30,44.22,59.80,8.11
580.34,40.18,20.11,22.66,8.04,73.30,44.22,59.64,8.11
580.35,40.10,20.14,22.63,8.04,73.30,44.22,59.80,8.10
580.36,40.18,20.11,22.66,8.04,73.30,44.12,59.80,8.10
580.37,40.18,20.11,22.66,8.04,73.30,44.22,59.64,8.09
580.38,40.18,20.14,22.66,8.04,73.30,44.22,59.64,8.11
580.39,40.18,20.14,22.66,8.04,73.30,44.22,59.80,8.10
580.40,40.18,20.11,22.66,8.04,73.30,44.22,59.64,8.10
580.41,40.18,20.11,22.66,8.04,73.30,44.22,59.80,8.10
580.42,40.18,20.11,22.66,8.04,73.30,44.22,59.64,8.09
580.43,40.18,20.14,22.66,8.04,73.30,44.22,59.80,8.10
580.44,40.10,20.08,22.66,8.04,73.52,44.22,59.49,8.10
580.45,40.18,20.11,22.66,8.04,73.30,44.12,59.64,8.09
580.46,40.18,20.14,22.70,8.04,73.30,44.31,59.64,8.10
580.47,40.18,20.14,22.66,8.04,73.30,44.22,59.80,8.11
580.48,40.18,20.11,22.66,8.04,73.30,44.22,59.64,8.11
580.49,40.18,20.11,22.66,8.04,73.30,44.22,59.80,8.10
580.50,40.18,20.11,22.70,8.04,73.30,44.22,59.64,8.10
580.51,40.18,20.14,22.66,8.04,73.30,44.22,59.80,8.10
580.52,40.18,20.11,22.66,8.04,73.30,44.22,59.64,8.11
580.53,40.18,20.11,22.66,8.04,73.30,44.22,59.80,8.09
580.54,40.18,20.11,22.66,8.02,73.30,44.31,59.64,8.10
580.55,40.18,20.08,22.66,8.02,73.30,44.22,59.64,8.10
580.56,40.18,20.11,22.66,8.04,73.30,44.22,59.80,8.11
580.57,40.18,20.11,22.63,8.04,73.30,44.22,59.80,8.10
580.58,40.18,20.11,22.66,8.04,73.30,44.31,59.64,8.09
580.59,40.18,20.11,22.66,8.04,73.30,44.22,59.64,8.10
580.60,40.18,20.11,22.66,8.04,73.30,44.22,59.80,8.10
580.61,40.18,20.14,22.66,8.04,73.30,44.22,59.80,8.09
580.62,40.10,20.14,22.66,8.04,73.30,44.31,59.64,8.10
580.63,40.18,20.11,22.66,8.04,73.30,44.22,59.64,8.09
580.64,40.18,20.11,22.66,8.04,73.30,44.22,59.80,8.09
580.65,40.18,20.11,22.66,8.04,73.30,44.12,59.80,8.09
580.66,40.18,20.11,22.66,8.04,73.30,44.22,59.80,8.10
580.67,40.18,20.11,22.66,8.04,73.30,44.31,59.64,8.10
580.68,40.18,20.14,22.66,8.04,73.30,44.31,59.80,8.10
580.69,40.10,20.11,22.66,8.04,73.30,44.22,59.64,8.10
580.70,40.18,20.11,22.66,8.04,73.30,44.31,59.80,8.11
580.71,40.18,20.14,22.66,8.02,73.30,44.22,59.80,8.10
580.72,40.18,20.11,22.66,8.04,73.30,44.22,59.64,8.10
580.73,40.18,20.14,22.66,8.04,73.30,44.22,59.64,8.10
580.74,40.18,20.14,22.66,8.04,73.52,44.22,59.80,8.11
580.75,40.18,20.14,22.66,8.04,73.52,44.22,59.64,8.10
580.76,40.18,20.11,22.66,8.04,73.30,44.22,59.80,8.09
580.77,40.18,20.11,22.66,8.02,73.30,44.22,59.80,8.09
580.78,40.18,20.11,22.66,8.04,73.30,44.22,59.64,8.11
580.79,40.18,20.11,22.66,8.04,73.52,44.31,59.64,8.11
580.80,40.18,20.16,22.66,8.04,73.30,44.22,59.80,8.10
580.81,40.18,20.11,22.70,8.04,73.52,44.22,59.80,8.10
580.82,40.18,20.11,22.63,8.04,73.30,44.22,59.64,8.10
580.83,40.18,20.11,22.70,8.04,73.52,44.22,59.64,8.11
580.84,40.18,20.14,22.66,8.04,73.30,44.22,59.64,8.10
580.85,40.18,20.14,22.70,8.04,73.30,44.22,59.80,8.10
580.86,40.18,20.14,22.66,8.02,73.30,44.22,59.64,8.10
580.87,40.18,20.11,22.66,8.04,73.30,44.22,59.64,8.10
580.88,40.10,20.11,22.70,8.04,73.30,44.22,59.64,8.10
580.89,40.18,20.11,22.66,8.04,73.30,44.31,59.80,8.10
580.90,40.18,20.11,22.66,8.04,73.30,44.22,59.80,8.10
580.91,40.18,20.11,22.66,8.04,73.52,44.22,59.64,8.10
580.92,40.18,20.11,22.66,8.04,73.30,44.12,59.64,8.10
580.93,40.18,20.11,22.66,8.04,73.52,44.22,59.64,8.10
580.94,40.18,20.11,22.66,8.04,73.52,44.22,59.80,8.11
580.95,40.18,20.14,22.66,8.04,73.30,44.31,59.80,8.10
580.96,40.18,20.11,22.70,8.04,73.30,44.31,59.80,8.10
580.97,40.18,20.14,22.66,8.04,73.30,44.22,59.64,8.10
580.98,40.10,20.14,22.66,8.04,73.30,44.22,59.64,8.09
580.99,40.18,20.11,22.66,8.04,73.30,44.31,59.64,8.10
581.00,40.18,20.14,22.66,8.04,73.52,44.22,59.64,8.10
581.01,40.18,20.11,22.66,8.04,73.30,44.12,59.64,8.10
581.02,40.18,20.11,22.66,8.04,73.30,44.22,59.64,8.10
581.03,40.18,20.11,22.66,8.04,73.52,44.22,59.80,8.09
581.04,40.18,20.14,22.66,8.04,73.30,44.22,59.64,8.11
581.05,40.18,20.14,22.66,8.04,73.52,44.31,59.80,8.10
581.06,40.18,20.14,22.66,8.04,73.30,44.12,59.64,8.09
581.07,40.18,20.11,22.66,8.04,73.30,44.22,59.64,8.11
581.08,40.18,20.14,22.63,8.04,73.30,44.31,59.64,8.11
581.09,40.18,20.11,22.66,8.04,73.52,44.22,59.80,8.10
581.10,40.18,20.14,22.66,8.02,73.30,44.31,59.80,8.10
581.11,40.18,20.16,22.66,8.04,73.30,44.22,59.80,8.10
581.12,40.18,20.14,22.66,8.04,73.52,44.31,59.64,8.10
581.13,40.18,20.14,22.70,8.04,73.30,44.22,59.80,8.11
581.14,40.18,20.14,22.66,8.04,73.30,44.22,59.64,8.10
581.15,40.18,20.11,22.66,8.04,73.30,44.31,59.64,8.10
581.16,40.18,20.14,22.70,8.04,73.52,44.31,59.80,8.10
581.17,40.18,20.11,22.66,8.04,73.52,44.31,59.80,8.10
581.18,40.18,20.14,22.66,8.04,73.30,44.22,59.64,8.10
581.19,40.18,20.14,22.66,8.04,73.30,44.12,59.64,8.09
581.20,40.18,20.14,22.66,8.04,73.52,44.31,59.80,8.11
581.21,40.10,20.11,22.66,8.04,73.30,43.93,59.80,8.09
581.22,40.18,20.11,22.66,8.04,73.30,44.12,59.64,8.10
581.23,40.18,20.14,22.66,8.04,73.30,44.31,59.80,8.11
581.24,40.18,20.14,22.66,8.04,73.30,44.22,59.64,8.11
581.25,40.18,20.11,22.66,8.04,73.30,44.22,59.80,8.09
581.26,40.18,20.11,22.66,8.04,73.30,44.22,59.80,8.10
581.27,40.18,20.14,22.70,8.04,73.30,44.22,59.64,8.09
581.28,40.18,20.11,22.66,8.02,73.30,44.31,59.80,8.09
581.29,40.18,20.11,22.66,8.04,73.30,44.22,59.64,8.09
581.30,40.18,20.14,22.66,8.04,73.30,44.22,59.80,8.10
581.31,40.18,20.11,22.70,8.04,73.30,44.31,59.64,8.09
581.32,40.02,20.14,22.66,8.04,73.30,44.31,59.80,8.09
581.33,40.26,20.14,22.66,8.04,73.52,44.31,59.80,8.11
581.34,40.10,20.11,22.66,8.04,73.30,44.22,59.64,8.11
581.35,40.18,20.14,22.66,8.04,73.52,44.31,59.64,8.10
581.36,40.10,20.11,22.70,8.04,73.52,44.31,59.64,8.11
581.37,40.18,20.14,22.63,8.04,73.52,44.22,59.80,8.10
581.38,40.18,20.11,22.66,8.04,73.52,44.22,59.64,8.10
581.39,40.18,20.11,22.66,8.04,73.30,44.22,59.80,8.10
581.40,40.18,20.14,22.66,8.04,73.52,44.31,59.80,8.10
581.41,40.18,20.14,22.66,8.04,73.30,44.22,59.64,8.10
581.42,40.18,20.14,22.66,8.04,73.30,44.22,59.80,8.09
581.43,40.18,20.11,22.70,8.04,73.30,44.22,59.80,8.10
581.44,40.18,20.14,22.70,8.04,73.30,44.22,59.64,8.10
581.45,40.10,20.11,22.66,8.04,73.30,44.22,59.80,8.10
581.46,40.18,20.14,22.70,8.04,73.30,44.12,59.49,8.10
581.47,40.18,20.14,22.70,8.04,73.30,44.22,59.80,8.10
581.48,40.18,20.14,22.66,8.04,73.52,44.22,59.95,8.09
581.49,40.18,20.11,22.66,8.04,73.30,44.31,59.49,8.10
581.50,40.18,20.14,22.66,8.04,73.30,44.31,59.64,8.10
581.51,40.18,20.14,22.66,8.04,73.30,44.12,59.80,8.10
581.52,40.18,20.14,22.66,8.04,73.52,44.22,59.80,8.09
581.53,40.18,20.14,22.70,8.04,73.30,44.12,59.64,8.11
581.54,40.18,20.14,22.66,8.04,73.30,44.22,59.64,8.10
581.55,40.18,20.14,22.66,8.04,73.52,44.22,59.64,8.09
581.56,40.18,20.14,22.66,8.04,73.30,44.22,59.80,8.11
581.57,40.18,20.14,22.66,8.04,73.30,44.22,59.64,8.11
581.58,40.18,20.11,22.70,8.04,73.30,44.22,59.80,8.11
581.59,40.18,20.14,22.66,8.04,73.30,44.31,59.64,8.11
581.60,40.18,20.11,22.70,8.04,73.30,44.31,59.80,8.10
581.61,40.18,20.11,22.70,8.04,73.52,44.22,59.80,8.11
581.62,40.18,20.16,22.66,8.04,73.52,44.31,59.64,8.10
581.63,40.18,20.14,22.70,8.04,73.52,44.22,59.80,8.10
581.64,40.18,20.11,22.70,8.02,73.30,44.22,59.64,8.09
581.65,40.18,20.14,22.66,8.04,73.30,44.31,59.64,8.10
581.66,40.18,20.11,22.70,8.04,73.30,44.22,59.80,8.10
581.67,40.18,20.11,22.70,8.04,73.52,44.22,59.64,8.10
581.68,40.18,20.11,22.66,8.04,73.30,44.31,59.80,8.10
581.69,40.18,20.11,22.66,8.04,73.30,44.12,59.80,8.10
581.70,40.18,20.14,22.66,8.04,73.30,44.22,59.64,8.09
581.71,40.18,20.14,22.66,8.04,73.30,44.31,59.80,8.10
581.72,40.18,20.11,22.66,8.02,73.30,44.31,59.80,8.10
581.73,40.18,20.14,22.66,8.04,73.30,44.31,59.80,8.10
581.74,40.18,20.14,22.66,8.04,73.30,44.12,59.80,8.11
581.75,40.18,20.11,22.70,8.02,73.30,44.22,59.64,8.10
581.76,40.18,20.14,22.66,8.04,73.30,44.22,59.80,8.10
581.77,40.18,20.14,22.66,8.04,73.52,44.22,59.80,8.10
581.78,40.18,20.14,22.70,8.04,73.52,44.22,59.80,8.10
581.79,40.18,20.14,22.70,8.04,73.30,44.22,59.80,8.11
581.80,40.18,20.14,22.66,8.04,73.30,44.22,59.64,8.11
581.81,40.18,20.14,22.66,8.04,73.52,44.22,59.80,8.10
581.82,40.18,20.16,22.70,8.04,73.30,44.22,59.80,8.10
581.83,40.18,20.11,22.70,8.04,73.30,44.31,59.80,8.09
581.84,40.18,20.16,22.66,8.04,73.52,44.31,59.80,8.10
581.85,40.10,20.14,22.70,8.04,73.52,44.22,59.80,8.09
581.86,40.18,20.11,22.66,8.04,73.30,44.31,59.80,8.10
581.87,40.26,20.14,22.70,8.04,73.30,44.31,59.64,8.10
581.88,40.18,20.14,22.70,8.04,73.52,44.31,59.80,8.10
581.89,40.18,20.14,22.70,8.04,73.52,44.22,59.80,8.10
581.90,40.18,20.14,22.70,8.04,73.52,44.22,59.80,8.10
581.91,40.18,20.11,22.70,8.04,73.30,44.22,59.80,8.10
581.92,40.18,20.14,22.70,8.02,73.30,44.22,59.80,8.12
581.93,40.26,20.14,22.66,8.04,73.30,44.22,59.64,8.11
581.94,40.18,20.14,22.66,8.04,73.52,44.22,59.80,8.10
581.95,40.18,20.14,22.66,8.04,73.30,44.22,59.64,8.11
581.96,40.18,20.14,22.70,8.04,73.30,44.31,59.80,8.10
581.97,40.18,20.11,22.70,8.04,73.30,44.31,59.80,8.10
581.98,40.18,20.14,22.66,8.06,73.52,44.22,59.80,8.10
581.99,40.18,20.16,22.70,8.04,73.52,44.31,59.64,8.11
582.00,40.18,20.14,22.70,8.04,73.52,44.31,59.64,8.10
582.01,40.18,20.16,22.66,8.04,73.52,44.31,59.80,8.11
582.02,40.18,20.14,22.66,8.04,73.30,44.22,59.80,8.10
582.03,40.26,20.16,22.70,8.04,73.30,44.22,59.80,8.09
582.04,40.18,20.11,22.70,8.04,73.30,44.22,59.80,8.10
582.05,40.18,20.14,22.70,8.04,73.30,44.22,59.95,8.10
582.06,40.18,20.14,22.70,8.04,73.52,44.31,59.80,8.11
582.07,40.18,20.14,22.66,8.04,73.30,44.22,59.64,8.11
582.08,40.10,20.14,22.70,8.04,73.75,44.31,59.80,8.11
582.09,40.18,20.14,22.70,8.04,73.30,44.31,59.64,8.10
582.10,40.18,20.14,22.70,8.04,73.52,44.31,59.80,8.11
582.11,40.18,20.11,22.66,8.04,73.52,44.31,59.80,8.10
582.12,40.18,20.14,22.70,8.04,73.52,44.22,59.80,8.10
582.13,40.18,20.11,22.70,8.04,73.52,44.22,59.80,8.10
582.14,40.18,20.16,22.66,8.04,73.30,44.22,59.80,8.10
582.15,40.18,20.14,22.66,8.04,73.52,44.22,59.80,8.11
582.16,40.26,20.16,22.70,8.04,73.30,44.31,59.95,8.11
582.17,40.18,20.14,22.70,8.04,73.30,44.22,59.80,8.10
582.18,40.18,20.16,22.66,8.04,73.52,44.31,59.80,8.10
582.19,40.26,20.14,22.66,8.04,73.52,44.22,59.80,8.10
582.20,40.18,20.14,22.70,8.04,73.52,44.31,59.80,8.10
582.21,40.18,20.14,22.70,8.04,73.52,44.22,59.64,8.11
582.22,40.18,20.14,22.70,8.04,73.30,44.22,59.80,8.11
582.23,40.18,20.14,22.66,8.04,73.30,44.12,59.80,8.10
582.24,40.18,20.14,22.70,8.04,73.30,44.31,59.80,8.10
582.25,40.18,20.14,22.70,8.04,73.30,44.31,59.80,8.11
582.26,40.26,20.14,22.66,8.02,73.52,44.22,59.80,8.10
582.27,40.18,20.11,22.70,8.04,73.30,44.22,59.80,8.10
582.28,40.10,20.14,22.70,8.04,73.30,44.31,59.80,8.10
582.29,40.18,20.14,22.70,8.04,73.52,44.31,59.80,8.09
582.30,40.18,20.14,22.70,8.04,73.52,44.22,59.64,8.11
582.31,40.18,20.11,22.70,8.04,73.52,44.22,59.80,8.11
582.32,40.18,20.19,22.70,8.04,73.30,44.31,59.64,8.11
582.33,40.18,20.14,22.70,8.04,73.52,44.22,59.64,8.11
582.34,40.18,20.14,22.70,8.04,73.52,44.22,59.80,8.10
582.35,40.18,20.16,22.70,8.04,73.30,44.22,59.80,8.10
582.36,40.18,20.14,22.70,8.04,73.30,44.22,59.64,8.11
582.37,40.18,20.14,22.70,8.04,73.52,44.22,59.80,8.10
582.38,40.26,20.11,22.70,8.04,73.52,44.22,59.80,8.10
582.39,40.26,20.14,22.70,8.04,73.30,44.31,59.80,8.09
582.40,40.18,20.11,22.70,8.04,73.52,44.22,59.80,8.10
582.41,40.18,20.14,22.70,8.04,73.52,44.31,59.80,8.10
582.42,40.18,20.14,22.70,8.04,73.52,44.31,59.80,8.11
582.43,40.26,20.11,22.66,8.06,73.30,44.22,59.80,8.11
582.44,40.26,20.14,22.66,8.04,73.52,44.31,59.80,8.11
582.45,40.18,20.14,22.73,8.04,73.30,44.31,59.80,8.11
582.46,40.18,20.16,22.66,8.04,73.30,44.31,59.80,8.11
582.47,40.18,20.14,22.70,8.04,73.30,44.31,59.80,8.11
582.48,40.18,20.16,22.66,8.04,73.52,44.22,59.80,8.10
582.49,40.18,20.14,22.70,8.04,73.52,44.31,59.64,8.10
582.50,40.18,20.14,22.70,8.04,73.52,44.31,59.80,8.10
582.51,40.18,20.14,22.66,8.04,73.30,44.22,59.80,8.10
582.52,40.18,20.14,22.70,8.04,73.52,44.31,59.95,8.10
582.53,40.18,20.14,22.70,8.04,73.52,44.31,59.80,8.11
582.54,40.26,20.14,22.70,8.04,73.52,44.22,59.80,8.10
582.55,40.26,20.14,22.70,8.04,73.52,44.22,59.95,8.10
582.56,40.26,20.14,22.70,8.04,73.52,44.31,59.80,8.11
582.57,40.18,20.14,22.70,8.04,73.52,44.22,59.80,8.11
582.58,40.18,20.14,22.70,8.04,73.52,44.31,59.95,8.10
582.59,40.18,20.14,22.66,8.04,73.52,44.31,59.80,8.10
582.60,40.26,20.14,22.70,8.04,73.52,44.22,59.80,8.10
582.61,40.18,20.14,22.70,8.04,73.52,44.31,59.80,8.09
582.62,40.18,20.14,22.70,8.04,73.30,44.22,59.80,8.10
582.63,40.18,20.16,22.66,8.04,73.52,44.31,59.80,8.10
582.64,40.26,20.16,22.70,8.04,73.52,44.22,59.80,8.10
582.65,40.18,20.14,22.70,8.04,73.52,44.22,59.64,8.10
582.66,40.26,20.16,22.70,8.04,73.30,44.22,59.95,8.11
582.67,40.26,20.14,22.70,8.04,73.52,44.22,59.95,8.12
582.68,40.18,20.14,22.66,8.04,73.30,44.22,59.95,8.10
582.69,40.26,20.14,22.70,8.04,73.52,44.22,59.95,8.10
582.70,40.18,20.14,22.70,8.04,73.52,44.41,59.80,8.10
582.71,40.26,20.14,22.70,8.04,73.52,44.22,59.80,8.11
582.72,40.26,20.14,22.66,8.04,73.30,44.22,59.80,8.10
582.73,40.18,20.14,22.70,8.04,73.30,44.31,59.80,8.11
582.74,40.26,20.14,22.70,8.04,73.52,44.31,59.80,8.10
582.75,40.18,20.14,22.70,8.04,73.52,44.22,59.80,8.10
582.76,40.18,20.14,22.70,8.04,73.52,44.22,59.80,8.10
582.77,40.18,20.16,22.70,8.04,73.52,44.31,59.95,8.11
582.78,40.26,20.16,22.70,8.04,73.52,44.22,59.80,8.10
582.79,40.26,20.14,22.73,8.06,73.30,44.31,59.80,8.11
582.80,40.18,20.16,22.70,8.04,73.52,44.22,59.80,8.11
582.81,40.26,20.14,22.70,8.04,73.52,44.31,59.80,8.10
582.82,40.26,20.14,22.66,8.04,73.30,44.31,59.80,8.11
582.83,40.18,20.14,22.70,8.04,73.75,44.31,59.80,8.12
582.84,40.18,20.14,22.70,8.04,73.52,44.31,59.80,8.11
582.85,40.26,20.16,22.70,8.04,73.52,44.31,59.80,8.11
582.86,40.26,20.16,22.70,8.04,73.52,44.31,59.80,8.10
582.87,40.18,20.16,22.70,8.04,73.52,44.31,59.80,8.10
582.88,40.18,20.14,22.70,8.04,73.52,44.31,59.80,8.10
582.89,40.26,20.14,22.70,8.04,73.52,44.31,59.95,8.11
582.90,40.26,20.14,22.70,8.04,73.52,44.31,59.80,8.11
582.91,40.26,20.16,22.70,8.04,73.52,44.31,59.64,8.11
582.92,40.26,20.16,22.66,8.04,73.52,44.31,59.64,8.11
582.93,40.18,20.14,22.70,8.06,73.52,44.31,59.80,8.10
582.94,40.18,20.14,22.70,8.02,73.52,44.22,59.80,8.11
582.95,40.18,20.16,22.70,8.04,73.52,44.31,59.80,8.10
582.96,40.26,20.16,22.70,8.04,73.30,44.22,59.80,8.10
582.97,40.18,20.16,22.70,8.04,73.30,44.22,59.80,8.11
582.98,40.26,20.16,22.70,8.04,73.30,44.31,59.80,8.11
582.99,40.18,20.14,22.70,8.04,73.52,44.31,59.80,8.10
583.00,40.26,20.14,22.73,8.04,73.52,44.22,59.80,8.11
583.01,40.26,20.14,22.70,8.04,73.52,44.22,59.80,8.11
583.02,40.18,20.14,22.70,8.04,73.52,44.22,59.80,8.11
583.03,40.18,20.14,22.70,8.04,73.52,44.31,59.80,8.10
583.04,40.26,20.14,22.70,8.04,73.30,44.12,59.95,8.10
583.05,40.18,20.14,22.70,8.04,73.30,44.31,59.80,8.10
583.06,40.18,20.14,22.73,8.04,73.30,44.31,59.80,8.11
583.07,40.18,20.14,22.70,8.04,73.52,44.31,59.80,8.11
583.08,40.26,20.16,22.70,8.04,73.52,44.31,59.80,8.11
583.09,40.26,20.16,22.70,8.04,73.52,44.31,59.80,8.10
583.10,40.18,20.14,22.73,8.04,73.75,44.31,59.95,8.11
583.11,40.18,20.16,22.73,8.04,73.52,44.31,59.80,8.12
583.12,40.18,20.14,22.73,8.04,73.30,44.22,59.80,8.10
583.13,40.26,20.16,22.70,8.04,73.52,44.22,59.80,8.10
583.14,40.18,20.14,22.70,8.04,73.52,44.31,59.80,8.10
583.15,40.18,20.14,22.73,8.04,73.52,44.31,59.80,8.10
583.16,40.26,20.14,22.70,8.04,73.30,44.22,59.80,8.10
583.17,40.26,20.14,22.70,8.04,73.75,44.31,59.80,8.10
583.18,40.26,20.14,22.70,8.04,73.52,44.22,59.95,8.11
583.19,40.18,20.16,22.70,8.04,73.52,44.31,59.95,8.10
583.20,40.26,20.16,22.70,8.04,73.30,44.31,59.80,8.11
583.21,40.18,20.14,22.70,8.04,73.52,44.31,59.64,8.10
583.22,40.26,20.16,22.70,8.04,73.30,44.31,59.80,8.10
583.23,40.26,20.14,22.73,8.04,73.52,44.31,59.80,8.10
583.24,40.18,20.16,22.70,8.04,73.75,44.31,59.64,8.10
583.25,40.26,20.16,22.70,8.04,73.52,44.31,59.80,8.10
583.26,40.18,20.16,22.70,8.04,73.52,44.31,59.80,8.09
583.27,40.18,20.16,22.70,8.04,73.52,44.31,59.80,8.10
583.28,40.18,20.14,22.70,8.04,73.52,44.31,59.80,8.10
583.29,40.18,20.14,22.73,8.04,73.52,44.22,59.80,8.10
583.30,40.18,20.14,22.73,8.04,73.52,44.22,59.95,8.11
583.31,40.18,20.14,22.70,8.04,73.52,44.31,59.80,8.12
583.32,40.26,20.16,22.70,8.06,73.30,44.31,59.80,8.10
583.33,40.26,20.16,22.70,8.04,73.52,44.22,59.80,8.11
583.34,40.26,20.16,22.73,8.04,73.52,44.31,59.64,8.10
583.35,40.26,20.16,22.70,8.04,73.52,44.31,59.80,8.10
583.36,40.26,20.16,22.70,8.04,73.52,44.31,59.80,8.10
583.37,40.18,20.16,22.70,8.04,73.52,44.31,59.80,8.11
583.38,40.26,20.14,22.70,8.04,73.52,44.31,59.80,8.11
583.39,40.18,20.16,22.70,8.04,73.52,44.31,59.80,8.11
583.40,40.18,20.14,22.70,8.04,73.52,44.31,59.80,8.11
583.41,40.26,20.16,22.73,8.04,73.52,44.31,59.80,8.11
583.42,40.18,20.14,22.70,8.02,73.52,44.31,59.80,8.11
583.43,40.18,20.14,22.73,8.04,73.52,44.31,59.95,8.11
583.44,40.18,20.16,22.70,8.04,73.52,44.31,59.80,8.11
583.45,40.26,20.14,22.70,8.04,73.52,44.31,59.80,8.11
583.46,40.18,20.16,22.70,8.04,73.30,44.31,59.80,8.10
583.47,40.26,20.19,22.70,8.04,73.52,44.31,59.80,8.11
583.48,40.26,20.16,22.70,8.04,73.52,44.31,59.95,8.11
583.49,40.26,20.14,22.73,8.04,73.30,44.31,59.80,8.11
583.50,40.26,20.22,22.70,8.04,73.52,44.31,59.80,8.11
583.51,40.26,20.14,22.73,8.04,73.52,44.22,59.80,8.11
583.52,40.26,20.16,22.70,8.04,73.52,44.31,59.80,8.11
583.53,40.18,20.14,22.70,8.04,73.52,44.31,59.80,8.12
583.54,40.18,20.16,22.70,8.06,73.52,44.22,59.80,8.11
583.55,40.18,20.14,22.70,8.04,73.52,44.31,59.80,8.11
583.56,40.18,20.16,22.70,8.04,73.52,44.31,59.95,8.11
583.57,40.18,20.16,22.70,8.06,73.30,44.31,59.95,8.10
583.58,40.26,20.16,22.70,8.04,73.52,44.31,59.80,8.11
583.59,40.18,20.14,22.73,8.04,73.52,44.41,59.95,8.11
583.61,40.26,20.16,22.70,8.04,73.52,44.31,59.80,8.11
583.62,40.26,20.16,22.66,8.04,73.52,44.22,59.80,8.10
583.63,40.26,20.16,22.70,8.04,73.52,44.22,59.80,8.11
583.64,40.18,20.14,22.70,8.04,73.75,44.31,59.80,8.11
583.65,40.18,20.14,22.70,8.04,73.52,44.31,59.80,8.10
583.66,40.26,20.16,22.70,8.04,73.52,44.31,59.80,8.11
583.67,40.18,20.19,22.70,8.06,73.52,44.31,59.80,8.11
583.68,40.18,20.14,22.70,8.04,73.52,44.31,59.80,8.10
583.69,40.18,20.16,22.70,8.04,73.52,44.31,59.80,8.10
583.70,40.26,20.14,22.70,8.04,73.52,44.31,59.80,8.11
583.71,40.26,20.14,22.73,8.04,73.52,44.31,59.80,8.10
583.72,40.18,20.16,22.66,8.04,73.30,44.31,59.80,8.11
583.73,40.26,20.16,22.73,8.06,73.52,44.31,59.80,8.10
583.74,40.26,20.16,22.66,8.04,73.52,44.22,59.80,8.11
583.75,40.18,20.16,22.70,8.04,73.52,44.31,59.80,8.11
583.76,40.26,20.16,22.73,8.04,73.52,44.31,59.95,8.10
583.77,40.18,20.16,22.70,8.04,73.52,44.22,59.64,8.11
583.78,40.26,20.14,22.70,8.04,73.30,44.31,59.80,8.11
583.79,40.18,20.16,22.70,8.04,73.52,44.41,59.80,8.10
583.80,40.18,20.14,22.70,8.04,73.75,44.31,59.80,8.12
583.81,40.18,20.16,22.73,8.04,73.30,44.31,59.80,8.11
583.82,40.18,20.19,22.70,8.04,73.52,44.31,59.95,8.11
583.83,40.26,20.14,22.70,8.06,73.52,44.31,59.95,8.11
583.84,40.18,20.14,22.73,8.04,73.52,44.31,59.80,8.11
583.85,40.18,20.16,22.70,8.04,73.30,44.31,59.95,8.11
583.86,40.26,20.14,22.73,8.06,73.52,44.31,59.95,8.11
583.87,40.26,20.14,22.70,8.06,73.52,44.31,59.64,8.11
583.88,40.18,20.14,22.70,8.04,73.52,44.31,59.95,8.10
583.89,40.26,20.16,22.73,8.04,73.52,44.31,59.95,8.11
583.90,40.18,20.14,22.70,8.04,73.30,44.31,59.80,8.11
583.91,40.18,20.16,22.73,8.04,73.52,44.31,59.80,8.11
583.92,40.26,20.16,22.73,8.06,73.52,44.31,59.80,8.10
583.93,40.18,20.16,22.70,8.04,73.52,44.31,59.80,8.11
583.94,40.18,20.16,22.73,8.04,73.52,44.31,59.80,8.10
583.95,40.26,20.16,22.70,8.04,73.52,44.22,59.80,8.11
583.96,40.26,20.16,22.70,8.04,73.30,44.31,59.95,8.11
583.97,40.26,20.19,22.73,8.04,73.52,44.31,59.95,8.11
583.98,40.26,20.19,22.70,8.04,73.52,44.31,59.80,8.10
583.99,40.18,20.14,22.73,8.04,73.30,44.31,59.80,8.10
584.00,40.18,20.16,22.70,8.04,73.30,44.31,59.80,8.11
584.01,40.18,20.16,22.70,8.04,73.52,44.31,59.80,8.11
584.02,40.18,20.14,22.70,8.04,73.52,44.31,59.64,8.11
584.03,40.26,20.16,22.70,8.04,73.52,44.31,59.95,8.11
584.04,40.18,20.16,22.70,8.04,73.52,44.31,59.80,8.10
584.05,40.18,20.16,22.73,8.04,73.52,44.31,59.80,8.11
584.06,40.26,20.14,22.73,8.04,73.52,44.31,59.95,8.11
584.07,40.26,20.16,22.70,8.04,73.52,44.31,59.80,8.11
584.08,40.26,20.16,22.70,8.04,73.52,44.31,59.95,8.10
584.09,40.18,20.16,22.73,8.04,73.30,44.31,59.95,8.11
584.10,40.18,20.16,22.73,8.04,73.52,44.31,59.80,8.11
584.11,40.18,20.16,22.70,8.04,73.52,44.31,59.80,8.11
584.12,40.26,20.14,22.73,8.04,73.52,44.22,59.80,8.11
584.13,40.26,20.16,22.70,8.04,73.52,44.31,59.80,8.10
584.14,40.26,20.16,22.70,8.04,73.52,44.31,59.80,8.10
584.15,40.26,20.19,22.70,8.04,73.52,44.31,59.80,8.10
584.16,40.18,20.16,22.70,8.04,73.52,44.31,59.80,8.10
584.17,40.26,20.16,22.70,8.04,73.52,44.31,59.95,8.10
584.18,40.26,20.16,22.70,8.04,73.52,44.31,59.80,8.11
584.19,40.18,20.16,22.70,8.04,73.30,44.41,59.80,8.10
584.20,40.26,20.19,22.73,8.04,73.52,44.31,59.80,8.11
584.21,40.26,20.16,22.73,8.04,73.52,44.31,59.80,8.11
584.22,40.18,20.16,22.70,8.04,73.52,44.22,59.80,8.11
584.23,40.26,20.19,22.70,8.04,73.52,44.31,59.80,8.10
584.24,40.26,20.16,22.70,8.04,73.52,44.31,59.80,8.10
584.25,40.26,20.16,22.70,8.04,73.52,44.31,59.80,8.10
584.26,40.26,20.19,22.70,8.04,73.52,44.31,59.80,8.12
584.27,40.18,20.16,22.70,8.04,73.52,44.31,59.80,8.11
584.28,40.26,20.16,22.73,8.04,73.52,44.31,59.80,8.10
584.29,40.18,20.14,22.73,8.04,73.52,44.31,59.80,8.10
584.30,40.18,20.16,22.70,8.04,73.30,44.22,59.95,8.10
584.31,40.26,20.16,22.70,8.04,73.52,44.31,59.80,8.11
584.32,40.18,20.16,22.73,8.04,73.52,44.31,59.80,8.10
584.33,40.18,20.16,22.70,8.04,73.52,44.31,59.80,8.11
584.34,40.18,20.14,22.70,8.06,73.52,44.31,59.95,8.11
584.35,40.26,20.16,22.73,8.04,73.52,44.31,59.95,8.11
584.36,40.18,20.16,22.70,8.04,73.52,44.31,59.80,8.11
584.37,40.18,20.16,22.70,8.04,73.52,44.31,59.95,8.10
584.38,40.18,20.16,22.70,8.04,73.52,44.31,59.95,8.10
584.39,40.18,20.19,22.73,8.04,73.52,44.22,59.80,8.11
584.40,40.26,20.14,22.70,8.04,73.52,44.31,59.80,8.11
584.41,40.26,20.16,22.73,8.04,73.52,44.31,59.80,8.11
584.42,40.18,20.16,22.70,8.04,73.52,44.31,59.80,8.10
584.43,40.26,20.19,22.73,8.06,73.52,44.31,59.80,8.11
584.44,40.26,20.16,22.70,8.04,73.52,44.31,59.80,8.11
584.45,40.26,20.16,22.73,8.04,73.52,44.31,59.95,8.11
584.46,40.18,20.16,22.70,8.04,73.52,44.31,59.95,8.11
584.47,40.26,20.16,22.70,8.04,73.52,44.31,59.80,8.11
584.48,40.18,20.16,22.70,8.04,73.30,44.31,59.80,8.10
584.49,40.26,20.16,22.70,8.04,73.52,44.31,59.95,8.11
584.50,40.18,20.14,22.73,8.04,73.52,44.31,59.95,8.11
584.51,40.18,20.14,22.73,8.04,73.52,44.31,59.95,8.11
584.52,40.26,20.16,22.70,8.06,73.52,44.31,59.80,8.10
584.53,40.26,20.16,22.73,8.04,73.52,44.31,59.80,8.11
584.54,40.26,20.16,22.70,8.06,73.52,44.31,59.80,8.11
584.55,40.26,20.16,22.70,8.04,73.52,44.31,59.80,8.11
584.56,40.26,20.16,22.70,8.06,73.52,44.22,59.95,8.11
584.57,40.26,20.16,22.73,8.04,73.30,44.41,59.95,8.11
584.58,40.18,20.19,22.70,8.04,73.52,44.31,59.80,8.11
584.59,40.18,20.16,22.70,8.04,73.52,44.31,59.80,8.10
584.60,40.18,20.16,22.73,8.04,73.52,44.31,59.80,8.11
584.61,40.26,20.19,22.70,8.04,73.52,44.31,59.95,8.11
584.62,40.26,20.16,22.73,8.04,73.52,44.31,59.80,8.11
584.63,40.26,20.19,22.70,8.04,73.52,44.31,59.95,8.11
584.64,40.26,20.16,22.73,8.04,73.52,44.31,59.80,8.10
584.65,40.26,20.16,22.73,8.04,73.30,44.31,59.80,8.11
584.66,40.18,20.16,22.70,8.04,73.52,44.31,59.95,8.10
584.67,40.26,20.16,22.70,8.04,73.52,44.22,59.80,8.11
584.68,40.18,20.11,22.70,8.04,73.52,44.31,59.95,8.11
584.69,40.26,20.16,22.70,8.06,73.52,44.31,59.95,8.11
584.70,40.18,20.19,22.70,8.04,73.52,44.31,59.95,8.11
584.71,40.18,20.14,22.73,8.04,73.52,44.31,59.80,8.11
584.72,40.26,20.16,22.70,8.04,73.52,44.22,59.80,8.12
584.73,40.26,20.16,22.73,8.04,73.52,44.31,59.95,8.12
584.74,40.26,20.16,22.70,8.04,73.30,44.31,59.80,8.11
584.75,40.26,20.16,22.73,8.04,73.52,44.31,59.95,8.11
584.76,40.18,20.16,22.73,8.04,73.52,44.31,59.80,8.11
584.77,40.18,20.16,22.73,8.04,73.30,44.22,59.80,8.10
584.78,40.18,20.16,22.70,8.04,73.52,44.31,59.80,8.12
584.79,40.26,20.16,22.70,8.04,73.52,44.41,59.80,8.11
584.80,40.18,20.16,22.70,8.04,73.52,44.31,59.80,8.11
584.81,40.18,20.16,22.73,8.04,73.52,44.31,59.80,8.11
584.82,40.18,20.16,22.70,8.04,73.52,44.31,59.95,8.12
584.83,40.26,20.16,22.73,8.04,73.52,44.31,59.80,8.11
584.84,40.18,20.16,22.73,8.04,73.52,44.31,59.95,8.11
584.85,40.18,20.16,22.70,8.04,73.75,44.31,59.80,8.12
584.86,40.26,20.14,22.70,8.04,73.52,44.31,59.95,8.10
584.87,40.26,20.16,22.70,8.04,73.52,44.31,59.80,8.11
584.88,40.18,20.19,22.73,8.04,73.52,44.31,59.95,8.11
584.89,40.26,20.16,22.70,8.04,73.52,44.31,59.95,8.11
584.90,40.18,20.19,22.70,8.04,73.52,44.31,59.80,8.11
584.91,40.18,20.16,22.73,8.04,73.52,44.31,59.95,8.11
584.92,40.26,20.16,22.73,8.04,73.52,44.41,59.95,8.11
584.93,40.18,20.19,22.70,8.04,73.52,44.31,59.80,8.11
584.94,40.26,20.16,22.73,8.04,73.52,44.31,59.95,8.10
584.95,40.26,20.16,22.70,8.04,73.52,44.22,59.95,8.11
584.96,40.18,20.16,22.70,8.04,73.30,44.50,59.80,8.11
584.97,40.18,20.16,22.73,8.04,73.52,44.41,59.95,8.11
584.98,40.18,20.16,22.70,8.06,73.75,44.31,59.95,8.11
584.99,40.26,20.16,22.70,8.06,73.52,44.31,59.80,8.11
585.00,40.26,20.14,22.73,8.04,73.75,44.31,59.80,8.10
585.01,40.18,20.16,22.70,8.04,73.52,44.31,59.95,8.10
585.02,40.26,20.16,22.73,8.04,73.52,44.31,59.95,8.12
585.03,40.18,20.16,22.70,8.04,73.75,44.22,59.95,8.11
585.04,40.26,20.16,22.70,8.04,73.52,44.31,59.64,8.11
585.05,40.26,20.16,22.70,8.04,73.52,44.31,59.80,8.11
585.06,40.18,20.16,22.73,8.06,73.52,44.41,59.95,8.11
585.07,40.18,20.16,22.70,8.04,73.52,44.22,59.95,8.10
585.08,40.18,20.16,22.70,8.04,73.52,44.41,59.80,8.11
585.09,40.26,20.16,22.70,8.04,73.52,44.31,59.80,8.12
585.10,40.18,20.16,22.73,8.06,73.52,44.31,59.95,8.11
585.11,40.18,20.16,22.73,8.06,73.52,44.22,59.80,8.11
585.12,40.18,20.16,22.73,8.04,73.52,44.31,59.80,8.11
585.13,40.18,20.16,22.73,8.04,73.52,44.22,59.80,8.10
585.14,40.18,20.16,22.73,8.04,73.52,44.31,59.80,8.11
585.15,40.18,20.16,22.70,8.04,73.52,44.31,59.80,8.11
585.16,40.18,20.19,22.73,8.04,73.52,44.31,59.80,8.12
585.17,40.26,20.16,22.70,8.06,73.52,44.31,59.95,8.10
585.18,40.18,20.16,22.70,8.04,73.30,44.31,59.80,8.11
585.19,40.18,20.19,22.70,8.04,73.75,44.31,59.80,8.11
585.20,40.18,20.19,22.70,8.06,73.75,44.31,59.95,8.11
585.21,40.26,20.19,22.73,8.04,73.52,44.31,59.80,8.10
585.22,40.18,20.16,22.73,8.04,73.52,44.31,59.80,8.10
585.23,40.18,20.16,22.70,8.04,73.52,44.31,59.80,8.11
585.24,40.26,20.16,22.70,8.04,73.52,44.31,59.95,8.11
585.25,40.18,20.16,22.70,8.04,73.52,44.41,59.95,8.11
585.26,40.26,20.14,22.73,8.04,73.52,44.31,59.95,8.11
585.27,40.26,20.16,22.73,8.04,73.30,44.31,59.80,8.10
585.28,40.26,20.16,22.73,8.04,73.52,44.31,59.80,8.11
585.29,40.26,20.16,22.70,8.06,73.52,44.31,59.95,8.11
585.30,40.18,20.16,22.70,8.04,73.52,44.31,59.95,8.11
585.31,40.18,20.19,22.70,8.04,73.52,44.31,59.80,8.10
585.32,40.18,20.16,22.73,8.06,73.52,44.31,59.95,8.10
585.33,40.18,20.16,22.73,8.04,73.52,44.41,59.80,8.11
585.34,40.18,20.16,22.73,8.04,73.52,44.31,59.95,8.10
585.35,40.18,20.16,22.70,8.04,73.52,44.31,59.80,8.11
585.36,40.18,20.14,22.73,8.04,73.52,44.31,59.80,8.10
585.37,40.26,20.16,22.73,8.04,73.52,44.31,59.95,8.11
585.38,40.26,20.16,22.73,8.06,73.75,44.31,59.95,8.11
585.39,40.18,20.16,22.70,8.04,73.52,44.31,59.95,8.11
585.40,40.26,20.16,22.70,8.04,73.52,44.31,59.95,8.11
585.43,40.18,20.16,22.73,8.04,73.52,44.41,59.95,8.12
585.43,40.18,20.16,22.70,8.04,73.52,44.31,59.95,8.11
585.44,40.18,20.19,22.73,8.04,73.52,44.31,59.80,8.10
585.45,40.18,20.16,22.70,8.04,73.30,44.31,59.80,8.11
585.46,40.26,20.16,22.70,8.04,73.52,44.31,59.80,8.11
585.47,40.26,20.14,22.70,8.04,73.52,44.31,59.95,8.12
585.48,40.26,20.16,22.70,8.04,73.52,44.31,59.95,8.10
585.49,40.18,20.19,22.73,8.04,73.52,44.31,59.95,8.11
585.51,40.18,20.19,22.73,8.04,73.52,44.31,59.80,8.12
585.52,40.26,20.16,22.73,8.04,73.52,44.31,59.95,8.12
585.53,40.18,20.16,22.73,8.04,73.75,44.41,59.95,8.12
585.54,40.18,20.16,22.73,8.04,73.75,44.31,59.80,8.12
585.55,40.18,20.16,22.73,8.04,73.52,44.41,59.95,8.11
585.56,40.26,20.16,22.70,8.06,73.52,44.31,59.95,8.11
585.57,40.18,20.16,22.70,8.04,73.52,44.31,59.80,8.11
585.58,40.26,20.14,22.73,8.04,73.52,44.31,59.80,8.11
585.59,40.18,20.16,22.70,8.06,73.75,44.31,59.80,8.11
585.61,40.18,20.19,22.73,8.04,73.52,44.31,59.80,8.12
585.62,40.26,20.14,22.73,8.04,73.52,44.41,59.80,8.10
585.63,40.26,20.16,22.73,8.06,73.52,44.31,59.95,8.11
585.64,40.26,20.19,22.70,8.06,73.52,44.31,59.95,8.11
585.65,40.18,20.16,22.73,8.04,73.52,44.31,59.80,8.11
585.66,40.26,20.16,22.70,8.04,73.52,44.31,59.95,8.11
585.67,40.26,20.22,22.70,8.04,73.52,44.31,59.95,8.11
585.68,40.26,20.16,22.70,8.04,73.52,44.31,59.80,8.11
585.69,40.18,20.19,22.73,8.04,73.52,44.41,59.95,8.11
585.70,40.18,20.16,22.70,8.04,73.52,44.31,59.80,8.10
585.71,40.26,20.16,22.73,8.04,73.52,44.31,59.95,8.11
585.72,40.26,20.16,22.73,8.04,73.52,44.31,59.95,8.12
585.73,40.18,20.16,22.73,8.04,73.52,44.31,59.80,8.11
585.74,40.26,20.19,22.73,8.04,73.52,44.31,59.95,8.11
585.75,40.26,20.16,22.73,8.04,73.52,44.31,59.95,8.11
585.76,40.26,20.14,22.70,8.04,73.75,44.31,59.95,8.12
585.77,40.26,20.16,22.73,8.06,73.75,44.31,59.95,8.11
585.78,40.18,20.16,22.73,8.06,73.52,44.31,59.95,8.11
585.79,40.26,20.16,22.70,8.04,73.52,44.31,59.80,8.11
585.80,40.26,20.16,22.73,8.04,73.52,44.31,59.80,8.11
585.81,40.26,20.16,22.70,8.04,73.52,44.31,59.80,8.11
585.82,40.26,20.16,22.70,8.04,73.52,44.22,59.80,8.12
585.83,40.26,20.16,22.73,8.04,73.52,44.31,59.80,8.11
585.84,40.18,20.16,22.70,8.04,73.52,44.31,59.95,8.11
585.85,40.18,20.16,22.73,8.04,73.52,44.31,59.80,8.12
585.86,40.18,20.16,22.73,8.06,73.75,44.31,59.95,8.11
585.87,40.18,20.19,22.73,8.04,73.75,44.31,59.95,8.11
585.88,40.18,20.16,22.73,8.04,73.52,44.31,59.95,8.11
585.89,40.18,20.16,22.70,8.04,73.52,44.31,59.95,8.12
585.90,40.26,20.19,22.70,8.04,73.52,44.41,59.80,8.11
585.91,40.18,20.16,22.73,8.04,73.52,44.31,59.95,8.11
585.92,40.18,20.14,22.70,8.04,73.52,44.31,59.80,8.11
585.93,40.26,20.16,22.70,8.04,73.52,44.41,59.80,8.11
585.94,40.18,20.16,22.70,8.06,73.52,44.31,59.95,8.11
585.95,40.26,20.14,22.73,8.04,73.52,44.41,59.80,8.11
585.96,40.18,20.16,22.73,8.04,73.52,44.31,59.95,8.11
585.97,40.18,20.16,22.73,8.04,73.52,44.31,59.95,8.11
585.98,40.18,20.16,22.73,8.04,73.52,44.31,59.95,8.11
585.99,40.26,20.19,22.70,8.06,73.52,44.31,59.95,8.12
586.00,40.26,20.16,22.73,8.04,73.52,44.41,59.80,8.11
586.01,40.26,20.14,22.70,8.06,73.75,44.22,59.80,8.12
586.02,40.26,20.16,22.73,8.04,73.52,44.31,59.95,8.11
586.03,40.18,20.14,22.70,8.04,73.30,44.41,59.80,8.11
586.04,40.26,20.16,22.70,8.04,73.52,44.22,59.80,8.11
586.05,40.18,20.19,22.73,8.04,73.75,44.41,59.80,8.11
586.06,40.26,20.16,22.73,8.04,73.52,44.31,59.95,8.11
586.07,40.26,20.16,22.73,8.04,73.52,44.31,59.80,8.10
586.08,40.26,20.19,22.73,8.04,73.52,44.31,59.95,8.11
586.09,40.18,20.22,22.70,8.04,73.52,44.31,59.95,8.11
586.10,40.26,20.19,22.70,8.04,73.75,44.41,59.95,8.11
586.11,40.18,20.16,22.70,8.04,73.52,44.31,59.95,8.11
586.12,40.26,20.19,22.70,8.06,73.52,44.31,59.80,8.11
586.13,40.26,20.19,22.70,8.04,73.52,44.31,59.95,8.11
586.14,40.10,20.16,22.73,8.04,73.52,44.31,59.80,8.12
586.15,40.18,20.16,22.73,8.06,73.52,44.31,59.95,8.12
586.16,40.26,20.16,22.73,8.04,73.52,44.31,59.80,8.12
586.17,40.18,20.16,22.70,8.04,73.52,44.31,59.95,8.11
586.18,40.18,20.16,22.76,8.04,73.52,44.31,59.95,8.11
586.19,40.26,20.16,22.73,8.04,73.52,44.31,59.95,8.11
586.20,40.18,20.19,22.70,8.04,73.52,44.31,59.95,8.11
586.21,40.26,20.19,22.73,8.04,73.75,44.31,59.95,8.11
586.22,40.18,20.16,22.73,8.04,73.75,44.41,59.95,8.11
586.23,40.26,20.16,22.73,8.04,73.30,44.31,59.95,8.12
586.24,40.18,20.19,22.73,8.04,73.75,44.31,59.80,8.11
586.25,40.18,20.19,22.73,8.04,73.75,44.41,59.95,8.10
586.26,40.18,20.16,22.73,8.04,73.52,44.31,59.80,8.11
586.27,40.26,20.19,22.70,8.06,73.75,44.31,60.11,8.11
586.28,40.26,20.16,22.73,8.04,73.52,44.31,59.95,8.10
586.29,40.18,20.16,22.73,8.04,73.52,44.41,59.64,8.11
586.30,40.18,20.19,22.70,8.04,73.52,44.31,59.80,8.10
586.31,40.18,20.19,22.70,8.04,73.52,44.31,59.80,8.11
586.32,40.18,20.16,22.73,8.04,73.52,44.41,59.80,8.11
586.33,40.26,20.16,22.70,8.04,73.52,44.31,59.95,8.11
586.34,40.18,20.19,22.73,8.04,73.52,44.41,59.80,8.11
586.35,40.26,20.16,22.70,8.06,73.75,44.31,59.95,8.11
586.36,40.26,20.16,22.73,8.04,73.52,44.31,59.95,8.11
586.37,40.18,20.16,22.73,8.04,73.52,44.41,59.95,8.11
586.38,40.18,20.16,22.70,8.04,73.52,44.31,59.80,8.11
586.39,40.18,20.19,22.73,8.06,73.52,44.41,59.80,8.11
586.40,40.18,20.19,22.73,8.06,73.52,44.31,59.95,8.11
586.41,40.26,20.19,22.70,8.04,73.52,44.31,59.95,8.12
586.42,40.18,20.19,22.73,8.04,73.52,44.22,59.95,8.11
586.43,40.18,20.16,22.70,8.04,73.75,44.41,59.95,8.11
586.44,40.26,20.16,22.73,8.04,73.75,44.31,59.95,8.10
586.45,40.26,20.16,22.73,8.04,73.75,44.31,59.95,8.12
586.46,40.18,20.19,22.73,8.04,73.52,44.31,59.80,8.12
586.47,40.18,20.19,22.73,8.04,73.75,44.31,59.95,8.11
586.48,40.18,20.19,22.73,8.04,73.75,44.31,59.80,8.11
586.49,40.18,20.16,22.73,8.04,73.52,44.31,59.80,8.11
586.50,40.26,20.19,22.73,8.04,73.52,44.31,59.95,8.11
586.51,40.18,20.16,22.73,8.04,73.52,44.41,59.95,8.11
586.52,40.18,20.19,22.73,8.04,73.52,44.41,59.80,8.11
586.53,40.26,20.19,22.70,8.06,73.52,44.31,59.80,8.12
586.54,40.18,20.19,22.73,8.04,73.52,44.31,59.80,8.11
586.55,40.18,20.16,22.73,8.04,73.75,44.41,59.95,8.11
586.56,40.26,20.16,22.73,8.04,73.52,44.31,59.95,8.11
586.57,40.26,20.19,22.73,8.06,73.75,44.31,59.95,8.11
586.58,40.18,20.16,22.73,8.06,73.52,44.31,59.95,8.11
586.59,40.26,20.19,22.73,8.04,73.52,44.31,59.95,8.11
586.60,40.18,20.16,22.73,8.06,73.52,44.41,59.95,8.11
586.61,40.26,20.19,22.70,8.04,73.52,44.41,59.80,8.11
586.62,40.26,20.19,22.73,8.06,73.52,44.31,59.80,8.11
586.63,40.26,20.19,22.73,8.04,73.75,44.31,59.95,8.11
586.64,40.18,20.16,22.73,8.06,73.52,44.31,59.95,8.11
586.65,40.18,20.16,22.73,8.04,73.75,44.41,59.95,8.11
586.66,40.18,20.16,22.73,8.04,73.52,44.50,59.95,8.11
586.67,40.26,20.16,22.70,8.04,73.52,44.31,59.95,8.11
586.68,40.18,20.16,22.73,8.04,73.75,44.31,59.95,8.11
586.69,40.18,20.16,22.73,8.04,73.52,44.41,59.80,8.10
586.70,40.26,20.16,22.70,8.06,73.52,44.31,59.95,8.10
586.71,40.18,20.14,22.73,8.04,73.52,44.22,59.80,8.11
586.72,40.18,20.19,22.73,8.06,73.75,44.31,59.95,8.11
586.73,40.18,20.19,22.73,8.04,73.52,44.31,59.95,8.10
586.74,40.26,20.19,22.70,8.06,73.52,44.41,59.80,8.10
586.75,40.18,20.16,22.73,8.04,73.52,44.31,59.95,8.11
586.76,40.26,20.19,22.73,8.06,73.75,44.31,59.95,8.12
586.77,40.18,20.16,22.73,8.06,73.75,44.31,59.95,8.11
586.78,40.18,20.19,22.73,8.04,73.52,44.31,59.95,8.11
586.79,40.18,20.16,22.73,8.04,73.52,44.31,59.95,8.11
586.80,40.26,20.19,22.73,8.04,73.52,44.41,59.80,8.12
586.81,40.18,20.16,22.70,8.04,73.52,44.41,59.95,8.11
586.82,40.26,20.22,22.73,8.04,73.52,44.31,59.95,8.12
586.83,40.26,20.16,22.73,8.04,73.52,44.41,59.95,8.11
586.84,40.18,20.16,22.73,8.04,73.52,44.41,59.80,8.11
586.85,40.18,20.19,22.73,8.04,73.52,44.41,59.95,8.11
586.86,40.18,20.16,22.73,8.04,73.52,44.41,59.80,8.11
586.87,40.18,20.16,22.73,8.06,73.52,44.31,59.95,8.11
586.88,40.18,20.16,22.70,8.04,73.52,44.31,59.95,8.12
586.89,40.18,20.19,22.73,8.06,73.52,44.31,59.95,8.11
586.90,40.26,20.19,22.73,8.06,73.52,44.41,59.80,8.10
586.91,40.26,20.14,22.73,8.04,73.52,44.31,59.95,8.10
586.92,40.18,20.16,22.73,8.04,73.52,44.22,59.95,8.11
586.93,40.18,20.19,22.70,8.04,73.52,44.41,59.95,8.11
586.94,40.18,20.16,22.73,8.04,73.52,44.41,59.95,8.11
586.95,40.18,20.19,22.73,8.04,73.75,44.41,59.80,8.11
586.96,40.26,20.19,22.73,8.04,73.52,44.31,59.95,8.12
586.97,40.18,20.19,22.70,8.04,73.52,44.31,59.95,8.11
586.98,40.26,20.16,22.73,8.04,73.52,44.41,59.95,8.11
586.99,40.18,20.16,22.73,8.06,73.52,44.41,59.95,8.11
587.00,40.26,20.16,22.70,8.04,73.75,44.31,59.80,8.11
587.01,40.18,20.16,22.70,8.06,73.52,44.31,59.95,8.11
587.02,40.18,20.19,22.73,8.04,73.52,44.41,59.95,8.11
587.03,40.18,20.16,22.73,8.04,73.75,44.31,59.95,8.11
587.04,40.26,20.16,22.73,8.04,73.52,44.31,59.80,8.12
587.05,40.18,20.19,22.70,8.04,73.75,44.31,59.95,8.11
587.06,40.18,20.16,22.73,8.06,73.30,44.31,59.95,8.11
587.07,40.18,20.19,22.70,8.04,73.52,44.41,59.80,8.11
587.08,40.18,20.19,22.73,8.04,73.52,44.41,59.95,8.11
587.09,40.18,20.19,22.70,8.04,73.52,44.31,59.80,8.11
587.10,40.18,20.16,22.73,8.04,73.52,44.31,59.80,8.11
587.11,40.18,20.19,22.70,8.04,73.52,44.41,59.95,8.11
587.12,40.18,20.16,22.73,8.06,73.52,44.41,59.95,8.12
587.13,40.18,20.16,22.73,8.04,73.75,44.31,59.80,8.11
587.14,40.26,20.19,22.73,8.06,73.52,44.41,59.80,8.11
587.15,40.26,20.16,22.73,8.04,73.52,44.31,59.95,8.11
587.16,40.18,20.19,22.73,8.06,73.52,44.31,59.95,8.11
587.17,40.18,20.19,22.73,8.04,73.52,44.31,59.95,8.12
587.18,40.18,20.19,22.73,8.06,73.52,44.41,59.95,8.12
587.19,40.18,20.16,22.70,8.04,73.52,44.31,59.95,8.11
587.20,40.18,20.19,22.73,8.04,73.75,44.31,59.95,8.10
587.21,40.18,20.19,22.73,8.04,73.52,44.50,59.95,8.12
587.22,40.18,20.19,22.73,8.04,73.52,44.22,59.80,8.12
587.23,40.18,20.19,22.73,8.04,73.52,44.41,59.95,8.12
587.24,40.18,20.19,22.70,8.04,73.52,44.31,59.95,8.12
587.25,40.18,20.19,22.73,8.06,73.75,44.41,59.95,8.11
587.26,40.18,20.16,22.73,8.06,73.52,44.31,59.95,8.10
587.27,40.18,20.19,22.73,8.04,73.75,44.31,59.95,8.12
587.28,40.18,20.22,22.70,8.04,73.52,44.41,59.95,8.11
587.29,40.18,20.16,22.73,8.04,73.52,44.41,59.95,8.12
587.30,40.26,20.19,22.73,8.04,73.52,44.31,59.95,8.11
587.31,40.26,20.19,22.73,8.04,73.52,44.31,59.95,8.11
587.32,40.10,20.16,22.73,8.04,73.52,44.31,59.95,8.11
587.33,40.02,20.16,22.73,8.04,73.52,44.31,59.95,8.12
587.34,40.34,20.19,22.76,8.04,73.75,44.41,59.95,8.11
587.35,40.18,20.16,22.73,8.04,73.75,44.31,59.95,8.10
587.36,40.18,20.16,22.73,8.04,73.52,44.31,59.95,8.11
587.37,40.18,20.16,22.73,8.06,73.52,44.31,59.95,8.12
587.38,40.26,20.16,22.70,8.04,73.52,44.41,59.95,8.11
587.39,40.18,20.16,22.73,8.04,73.52,44.31,59.95,8.11
587.40,40.26,20.19,22.73,8.04,73.52,44.41,59.80,8.11
587.41,40.18,20.16,22.73,8.04,73.30,44.41,59.95,8.11
587.42,40.18,20.19,22.70,8.06,73.75,44.41,59.80,8.11
587.43,40.18,20.16,22.73,8.04,73.75,44.41,59.95,8.11
587.44,40.26,20.16,22.73,8.04,73.52,44.31,59.80,8.11
587.45,40.26,20.19,22.73,8.04,73.52,44.31,59.95,8.11
587.46,40.18,20.19,22.73,8.06,73.52,44.41,60.11,8.13
587.47,40.18,20.22,22.73,8.04,73.75,44.41,59.80,8.12
587.48,40.18,20.19,22.73,8.04,73.52,44.41,60.27,8.11
587.49,40.18,20.16,22.73,8.04,73.52,44.31,59.95,8.11
587.50,40.26,20.16,22.73,8.04,73.75,44.41,59.80,8.12
587.51,40.18,20.16,22.70,8.04,73.52,44.41,59.95,8.11
587.52,40.18,20.19,22.73,8.04,73.52,44.31,59.80,8.11
587.53,40.26,20.16,22.73,8.04,73.75,44.31,59.95,8.11
587.54,40.26,20.19,22.73,8.04,73.52,44.31,59.95,8.11
587.55,40.18,20.16,22.73,8.06,73.75,44.41,59.95,8.12
587.56,40.26,20.22,22.70,8.06,73.52,44.31,59.80,8.11
587.57,40.18,20.19,22.73,8.06,73.52,44.31,59.95,8.11
587.58,40.26,20.19,22.73,8.04,73.75,44.31,59.95,8.11
587.59,40.18,20.19,22.73,8.07,73.52,44.41,59.95,8.12
587.60,40.26,20.16,22.76,8.04,73.52,44.41,59.95,8.11
587.61,40.26,20.14,22.73,8.06,73.52,44.31,60.11,8.12
587.62,40.26,20.19,22.73,8.04,73.52,44.41,59.95,8.11
587.63,40.26,20.16,22.73,8.04,73.52,44.41,59.80,8.11
587.64,40.26,20.22,22.73,8.06,73.52,44.41,59.95,8.11
587.65,40.26,20.16,22.73,8.04,73.52,44.41,59.80,8.11
587.66,40.26,20.19,22.73,8.04,73.52,44.41,59.95,8.11
587.67,40.26,20.19,22.73,8.04,73.52,44.31,59.95,8.12
587.68,40.18,20.16,22.73,8.04,73.75,44.41,59.95,8.11
587.69,40.18,20.16,22.73,8.04,73.75,44.41,59.95,8.12
587.70,40.18,20.19,22.73,8.04,73.75,44.31,59.95,8.11
587.71,40.18,20.19,22.73,8.04,73.52,44.41,59.80,8.11
587.72,40.18,20.19,22.73,8.06,73.52,44.41,59.80,8.11
587.73,40.18,20.19,22.73,8.04,73.52,44.41,59.95,8.12
587.74,40.26,20.16,22.73,8.06,73.52,44.41,59.95,8.11
587.75,40.18,20.22,22.73,8.06,73.75,44.41,59.95,8.11
587.76,40.26,20.19,22.73,8.04,73.52,44.31,59.95,8.11
587.77,40.18,20.19,22.73,8.04,73.75,44.31,59.80,8.12
587.78,40.18,20.16,22.73,8.06,73.52,44.41,59.95,8.11
587.79,40.18,20.19,22.70,8.06,73.52,44.31,59.95,8.11
587.80,40.26,20.19,22.73,8.04,73.52,44.31,59.80,8.11
587.81,40.18,20.19,22.70,8.04,73.75,44.41,59.80,8.11
587.82,40.18,20.19,22.73,8.04,73.75,44.31,59.95,8.11
587.83,40.18,20.16,22.73,8.04,73.52,44.31,59.95,8.12
587.84,40.18,20.19,22.73,8.04,73.52,44.41,59.95,8.11
587.85,40.18,20.19,22.73,8.04,73.52,44.31,59.80,8.10
587.86,40.18,20.16,22.73,8.04,73.52,44.41,59.95,8.11
587.87,40.18,20.19,22.73,8.04,73.52,44.41,59.95,8.11
587.88,40.26,20.22,22.73,8.04,73.52,44.41,59.95,8.12
587.89,40.18,20.19,22.73,8.04,73.52,44.41,59.95,8.11
587.90,40.18,20.19,22.73,8.04,73.52,44.31,59.95,8.11
587.91,40.26,20.19,22.73,8.04,73.75,44.41,59.95,8.12
587.92,40.26,20.19,22.73,8.06,73.75,44.31,59.95,8.12
587.93,40.18,20.19,22.70,8.06,73.52,44.31,59.95,8.11
587.94,40.26,20.19,22.73,8.06,73.75,44.41,59.95,8.11
587.95,40.18,20.19,22.73,8.04,73.52,44.31,59.95,8.11
587.96,40.18,20.16,22.73,8.04,73.52,44.41,59.95,8.10
587.97,40.18,20.16,22.73,8.04,73.52,44.31,59.95,8.11
587.98,40.18,20.16,22.73,8.04,73.52,44.41,59.95,8.12
587.99,40.18,20.19,22.73,8.04,73.75,44.31,59.95,8.11
588.00,40.18,20.16,22.73,8.04,73.52,44.41,60.11,8.11
588.01,40.26,20.16,22.73,8.04,73.75,44.31,59.95,8.11
588.02,40.26,20.16,22.73,8.04,73.52,44.41,59.95,8.11
588.03,40.18,20.22,22.73,8.04,73.52,44.41,59.80,8.11
588.04,40.18,20.16,22.73,8.04,73.52,44.41,59.95,8.12
588.05,40.26,20.19,22.73,8.04,73.52,44.41,59.95,8.11
588.06,40.18,20.16,22.70,8.04,73.52,44.41,59.95,8.12
588.07,40.26,20.19,22.73,8.04,73.52,44.50,59.95,8.11
588.08,40.18,20.19,22.73,8.04,73.52,44.41,59.95,8.11
588.09,40.18,20.19,22.73,8.04,73.52,44.31,59.95,8.12
588.10,40.26,20.19,22.73,8.04,73.52,44.31,59.95,8.12
588.11,40.26,20.16,22.73,8.04,73.75,44.41,59.95,8.12
588.12,40.18,20.19,22.73,8.06,73.52,44.31,59.80,8.11
588.13,40.18,20.16,22.73,8.06,73.52,44.41,59.80,8.11
588.14,40.26,20.16,22.73,8.06,73.75,44.31,59.95,8.12
588.15,40.18,20.16,22.70,8.06,73.75,44.41,59.95,8.11
588.16,40.26,20.19,22.73,8.04,73.52,44.31,59.95,8.12
588.17,40.18,20.19,22.73,8.06,73.52,44.41,59.95,8.11
588.18,40.26,20.22,22.73,8.07,73.75,44.41,59.95,8.11
588.19,40.18,20.19,22.73,8.06,73.75,44.31,59.95,8.11
588.20,40.18,20.19,22.70,8.04,73.52,44.41,59.95,8.11
588.21,40.18,20.19,22.73,8.04,73.75,44.41,60.11,8.11
588.22,40.18,20.19,22.73,8.04,73.75,44.31,59.95,8.11
588.23,40.26,20.19,22.73,8.04,73.52,44.41,59.95,8.11
588.24,40.18,20.16,22.70,8.06,73.52,44.41,59.95,8.11
588.25,40.18,20.19,22.73,8.04,73.52,44.41,59.95,8.11
588.26,40.18,20.19,22.73,8.04,73.75,44.31,59.95,8.12
588.27,40.18,20.19,22.73,8.06,73.52,44.31,59.95,8.10
588.28,40.18,20.16,22.73,8.06,73.52,44.41,59.95,8.12
588.29,40.18,20.16,22.70,8.04,73.52,44.41,59.95,8.11
588.30,40.18,20.22,22.73,8.04,73.52,44.31,59.95,8.12
588.31,40.18,20.16,22.73,8.04,73.75,44.41,59.95,8.11
588.32,40.18,20.25,22.73,8.04,73.52,44.31,59.95,8.11
588.33,40.18,20.22,22.73,8.04,73.52,44.31,59.95,8.11
588.34,40.18,20.19,22.73,8.06,73.52,44.41,59.95,8.12
588.35,40.18,20.16,22.73,8.06,73.52,44.41,59.95,8.12
588.36,40.18,20.16,22.73,8.04,73.52,44.41,59.95,8.11
588.37,40.18,20.19,22.73,8.04,73.52,44.41,59.95,8.11
588.38,40.18,20.19,22.73,8.04,73.75,44.31,59.95,8.12
588.39,40.18,20.16,22.73,8.06,73.52,44.41,59.80,8.12
588.40,40.18,20.19,22.73,8.04,73.52,44.31,59.80,8.11
588.41,40.18,20.19,22.73,8.04,73.75,44.22,59.95,8.12
588.42,40.18,20.19,22.73,8.04,73.52,44.41,59.95,8.11
588.43,40.18,20.19,22.73,8.04,73.75,44.31,59.95,8.12
588.44,40.18,20.19,22.73,8.04,73.52,44.41,59.95,8.11
588.45,40.26,20.19,22.73,8.06,73.52,44.31,59.95,8.11
588.46,40.18,20.16,22.73,8.04,73.52,44.41,59.95,8.10
588.47,40.18,20.19,22.73,8.04,73.52,44.31,59.95,8.10
588.48,40.18,20.16,22.73,8.04,73.52,44.41,59.80,8.11
588.49,40.26,20.19,22.73,8.06,73.52,44.41,59.95,8.12
588.50,40.18,20.19,22.73,8.04,73.52,44.31,59.95,8.11
588.51,40.18,20.19,22.73,8.04,73.75,44.41,59.95,8.12
588.52,40.26,20.16,22.73,8.06,73.52,44.41,59.95,8.12
588.53,40.10,20.16,22.73,8.04,73.52,44.31,59.95,8.11
588.54,40.18,20.19,22.73,8.04,73.52,44.31,59.95,8.11
588.55,40.18,20.16,22.73,8.06,73.52,44.31,59.95,8.11
588.57,40.18,20.19,22.70,8.04,73.52,44.41,59.95,8.11
588.58,40.18,20.19,22.73,8.06,73.52,44.31,59.95,8.12
588.59,40.18,20.19,22.73,8.04,73.52,44.31,59.95,8.10
588.60,40.18,20.22,22.73,8.06,73.52,44.41,59.95,8.11
588.61,40.18,20.16,22.70,8.04,73.75,44.31,59.95,8.11
588.62,40.26,20.16,22.70,8.07,73.97,44.41,59.95,8.11
588.63,40.18,20.19,22.70,8.06,73.52,44.31,59.95,8.11
588.64,40.18,20.16,22.70,8.04,73.75,44.31,59.95,8.11
588.65,40.18,20.16,22.73,8.04,73.52,44.31,59.95,8.11
588.66,40.18,20.16,22.73,8.04,73.52,44.41,59.80,8.11
588.67,40.18,20.16,22.73,8.04,73.75,44.31,59.80,8.11
588.68,40.18,20.16,22.73,8.04,73.52,44.41,60.11,8.11
588.69,40.18,20.19,22.73,8.04,73.52,44.31,59.80,8.12
588.70,40.18,20.19,22.73,8.04,73.75,44.41,59.95,8.11
588.71,40.18,20.16,22.73,8.04,73.52,44.41,59.80,8.11
588.72,40.18,20.19,22.70,8.04,73.52,44.31,59.95,8.12
588.73,40.18,20.19,22.73,8.06,73.52,44.31,59.80,8.12
588.74,40.18,20.19,22.70,8.06,73.52,44.41,59.95,8.11
588.75,40.18,20.16,22.70,8.06,73.52,44.41,59.95,8.11
588.76,40.18,20.16,22.73,8.06,73.52,44.41,59.95,8.11
588.77,40.18,20.16,22.73,8.04,73.75,44.41,59.95,8.11
588.78,40.18,20.19,22.73,8.04,73.52,44.41,59.95,8.11
588.79,40.18,20.16,22.73,8.06,73.52,44.31,59.80,8.11
588.80,40.18,20.16,22.73,8.06,73.75,44.31,59.80,8.11
588.81,40.18,20.22,22.73,8.04,73.52,44.31,59.95,8.11
588.82,40.18,20.19,22.73,8.06,73.52,44.31,59.80,8.11
588.83,40.18,20.19,22.73,8.04,73.75,44.41,59.80,8.11
588.84,40.18,20.19,22.73,8.04,73.52,44.31,59.80,8.11
588.85,40.18,20.19,22.73,8.04,73.52,44.41,59.95,8.11
588.86,40.18,20.16,22.73,8.06,73.52,44.31,59.80,8.11
588.87,40.18,20.19,22.70,8.06,73.52,44.41,59.95,8.11
588.88,40.26,20.19,22.73,8.04,73.52,44.31,59.80,8.11
588.89,40.18,20.16,22.73,8.06,73.52,44.31,59.95,8.11
588.90,40.18,20.19,22.70,8.06,73.52,44.31,59.80,8.12
588.91,40.18,20.19,22.73,8.04,73.52,44.31,59.95,8.11
588.92,40.18,20.19,22.70,8.04,73.52,44.31,59.95,8.12
588.93,40.26,20.19,22.70,8.04,73.52,44.41,59.80,8.11
588.94,40.18,20.19,22.73,8.04,73.52,44.41,59.95,8.11
588.95,40.18,20.16,22.70,8.04,73.52,44.41,59.80,8.11
588.96,40.18,20.16,22.73,8.04,73.52,44.41,59.95,8.11
588.97,40.18,20.16,22.70,8.04,73.52,44.41,59.80,8.11
588.98,40.18,20.16,22.73,8.04,73.52,44.41,59.80,8.11
588.99,40.26,20.16,22.70,8.04,73.52,44.31,59.95,8.11
589.00,40.18,20.16,22.73,8.06,73.52,44.31,59.95,8.11
589.01,40.18,20.19,22.73,8.04,73.75,44.31,59.95,8.11
589.02,40.18,20.16,22.70,8.06,73.75,44.31,59.95,8.11
589.03,40.18,20.19,22.70,8.04,73.52,44.31,59.80,8.11
589.04,40.18,20.19,22.73,8.06,73.52,44.31,59.95,8.11
589.05,40.18,20.16,22.73,8.06,73.52,44.41,59.95,8.11
589.06,40.18,20.19,22.73,8.04,73.75,44.31,59.95,8.12
589.07,40.18,20.19,22.70,8.04,73.75,44.31,59.95,8.11
589.08,40.18,20.16,22.73,8.06,73.75,44.31,59.80,8.11
589.09,40.18,20.19,22.73,8.04,73.52,44.41,59.80,8.11
589.10,40.18,20.16,22.70,8.04,73.52,44.31,59.95,8.11
589.11,40.18,20.16,22.73,8.04,73.75,44.31,59.95,8.11
589.12,40.18,20.19,22.73,8.04,73.52,44.31,59.80,8.11
589.13,40.18,20.19,22.73,8.04,73.52,44.41,59.80,8.11
589.14,40.18,20.19,22.70,8.04,73.52,44.31,59.80,8.11
589.15,40.18,20.16,22.73,8.04,73.52,44.31,59.95,8.12
589.16,40.10,20.16,22.73,8.04,73.52,44.31,59.95,8.11
589.17,40.18,20.16,22.73,8.07,73.52,44.31,59.80,8.10
589.18,40.18,20.19,22.70,8.04,73.52,44.31,59.80,8.11
589.19,40.18,20.16,22.70,8.04,73.75,44.31,59.95,8.11
589.20,40.18,20.16,22.73,8.04,73.52,44.31,59.95,8.11
589.21,40.18,20.19,22.73,8.04,73.52,44.31,59.80,8.11
589.22,40.18,20.14,22.70,8.04,73.52,44.31,59.95,8.11
589.23,40.18,20.16,22.73,8.04,73.52,44.31,59.95,8.11
589.24,40.18,20.16,22.73,8.04,73.52,44.31,59.80,8.11
589.25,40.18,20.19,22.70,8.04,73.52,44.31,59.95,8.11
589.26,40.18,20.19,22.73,8.04,73.52,44.31,59.95,8.11
589.27,40.18,20.16,22.70,8.04,73.52,44.41,59.95,8.11
589.28,40.18,20.16,22.70,8.06,73.75,44.41,59.95,8.11
589.29,40.18,20.19,22.70,8.06,73.52,44.31,59.80,8.11
589.30,40.18,20.16,22.70,8.06,73.75,44.41,59.80,8.11
589.31,40.18,20.16,22.70,8.06,73.52,44.31,59.95,8.11
589.32,40.18,20.19,22.70,8.04,73.52,44.41,59.80,8.11
589.33,40.18,20.16,22.70,8.06,73.52,44.41,59.95,8.11
589.34,40.18,20.19,22.73,8.04,73.52,44.31,59.95,8.11
589.35,40.18,20.19,22.73,8.04,73.52,44.31,59.95,8.11
589.36,40.18,20.16,22.70,8.04,73.52,44.31,59.80,8.11
589.37,40.18,20.16,22.70,8.04,73.52,44.31,59.80,8.11
589.38,40.18,20.16,22.73,8.04,73.52,44.31,59.95,8.11
589.39,40.18,20.16,22.73,8.04,73.52,44.31,59.95,8.11
589.40,40.18,20.14,22.73,8.04,73.52,44.41,59.95,8.12
589.41,40.18,20.16,22.70,8.04,73.52,44.31,59.95,8.12
589.42,40.18,20.19,22.70,8.06,73.52,44.31,59.95,8.11
589.43,40.10,20.16,22.73,8.04,73.52,44.31,59.80,8.11
589.44,40.18,20.14,22.73,8.04,73.52,44.31,59.95,8.11
589.45,40.18,20.19,22.70,8.04,73.52,44.31,59.80,8.11
589.46,40.18,20.16,22.73,8.04,73.52,44.31,59.95,8.11
589.47,40.18,20.16,22.70,8.04,73.52,44.31,59.95,8.11
589.48,40.18,20.14,22.70,8.04,73.52,44.31,59.80,8.11
589.49,40.18,20.19,22.70,8.04,73.75,44.41,59.80,8.11
589.50,40.18,20.16,22.70,8.06,73.52,44.31,59.80,8.11
589.51,40.18,20.16,22.73,8.04,73.52,44.31,59.95,8.12
589.52,40.18,20.19,22.70,8.04,73.52,44.31,59.80,8.12
589.53,40.18,20.19,22.73,8.04,73.52,44.31,59.80,8.11
589.54,40.18,20.16,22.73,8.04,73.75,44.31,59.95,8.11
589.55,40.18,20.16,22.70,8.06,73.52,44.31,59.95,8.11
589.56,40.10,20.16,22.73,8.04,73.52,44.31,59.80,8.11
589.57,40.18,20.16,22.70,8.06,73.75,44.31,59.95,8.11
589.58,40.18,20.14,22.70,8.04,73.52,44.31,59.80,8.11
589.59,40.18,20.16,22.70,8.04,73.52,44.41,59.95,8.11
589.60,40.18,20.16,22.73,8.06,73.52,44.31,59.95,8.11
589.61,40.18,20.16,22.70,8.04,73.52,44.22,59.95,8.11
589.62,40.18,20.19,22.70,8.06,73.52,44.31,59.80,8.11
589.63,40.18,20.16,22.73,8.04,73.52,44.31,59.80,8.11
589.64,40.18,20.16,22.73,8.06,73.52,44.31,59.80,8.11
589.65,40.18,20.16,22.70,8.04,73.30,44.41,59.80,8.11
589.66,40.18,20.16,22.73,8.04,73.75,44.41,59.80,8.10
589.67,40.18,20.16,22.70,8.04,73.52,44.31,59.80,8.12
589.68,40.18,20.16,22.73,8.04,73.52,44.31,59.80,8.11
589.69,40.26,20.19,22.73,8.04,73.52,44.41,59.95,8.10
589.70,40.18,20.19,22.70,8.04,73.75,44.41,59.80,8.11
589.71,40.18,20.16,22.73,8.04,73.52,44.31,59.80,8.11
589.72,40.26,20.16,22.70,8.04,73.52,44.31,59.80,8.11
589.73,40.02,20.19,22.70,8.04,73.30,44.31,59.95,8.12
589.74,40.18,20.19,22.73,8.04,73.52,44.31,59.80,8.11
589.75,40.18,20.16,22.66,8.04,73.52,44.31,59.80,8.11
589.76,40.18,20.16,22.66,8.06,73.52,44.31,59.80,8.11
589.77,40.18,20.16,22.73,8.04,73.52,44.31,59.95,8.11
589.78,40.10,20.14,22.70,8.04,73.75,44.31,59.80,8.11
589.79,40.18,20.16,22.73,8.04,73.30,44.31,59.80,8.11
589.80,40.10,20.16,22.70,8.04,73.75,44.22,59.80,8.11
589.81,40.18,20.16,22.70,8.04,73.52,44.31,59.95,8.11
589.82,40.18,20.16,22.73,8.06,73.52,44.41,59.80,8.11
589.83,40.10,20.19,22.70,8.04,73.52,44.31,59.95,8.11
589.84,40.18,20.16,22.70,8.04,73.75,44.31,59.95,8.12
589.85,40.18,20.19,22.70,8.04,73.75,44.31,59.80,8.12
589.86,40.18,20.16,22.70,8.04,73.52,44.31,59.95,8.11
589.87,40.18,20.19,22.73,8.06,73.52,44.50,59.80,8.10
589.88,40.18,20.16,22.70,8.04,73.52,44.41,59.64,8.11
589.89,40.18,20.19,22.73,8.04,73.52,44.41,59.80,8.12
589.90,40.18,20.16,22.70,8.04,73.52,44.31,59.95,8.11
589.91,40.18,20.19,22.70,8.04,73.52,44.31,59.80,8.12
589.92,40.18,20.19,22.70,8.06,73.52,44.41,59.95,8.12
589.93,40.18,20.16,22.70,8.04,73.52,44.31,59.95,8.11
589.94,40.18,20.16,22.70,8.04,73.75,44.31,59.95,8.11
589.95,40.18,20.16,22.70,8.04,73.52,44.31,59.95,8.11
589.96,40.18,20.19,22.73,8.06,73.52,44.31,59.80,8.11
589.97,40.18,20.16,22.70,8.06,73.52,44.31,59.80,8.11
589.98,40.18,20.16,22.73,8.04,73.52,44.31,59.95,8.11
589.99,40.18,20.16,22.70,8.04,73.75,44.41,59.80,8.11
590.00,40.10,20.16,22.70,8.04,73.52,44.31,59.80,8.11
590.01,40.18,20.16,22.73,8.04,73.52,44.41,59.80,8.11
590.02,40.18,20.14,22.70,8.04,73.52,44.31,59.95,8.11
590.03,40.18,20.19,22.70,8.04,73.52,44.31,59.80,8.12
590.04,40.18,20.16,22.70,8.04,73.52,44.31,59.95,8.11
590.05,40.18,20.14,22.70,8.04,73.52,44.31,59.80,8.11
590.06,40.18,20.19,22.70,8.04,73.52,44.31,59.95,8.12
590.07,40.18,20.16,22.73,8.04,73.52,44.41,59.95,8.11
590.08,40.18,20.19,22.70,8.04,73.52,44.31,59.95,8.10
590.09,40.18,20.16,22.70,8.04,73.52,44.31,59.95,8.11
590.10,40.10,20.19,22.70,8.06,73.52,44.41,59.80,8.10
590.11,40.18,20.16,22.73,8.04,73.52,44.41,59.95,8.11
590.12,40.18,20.16,22.70,8.04,73.52,44.41,59.95,8.12
590.13,40.18,20.16,22.70,8.04,73.52,44.31,59.80,8.11
590.14,40.18,20.16,22.73,8.04,73.52,44.31,59.80,8.11
590.15,40.18,20.16,22.73,8.06,73.52,44.22,59.95,8.11
590.16,40.18,20.16,22.70,8.04,73.52,44.41,59.95,8.11
590.17,40.18,20.16,22.73,8.06,73.52,44.41,59.80,8.11
590.18,40.18,20.16,22.70,8.04,73.52,44.41,59.80,8.12
590.19,40.18,20.19,22.73,8.04,73.52,44.31,59.80,8.11
590.20,40.18,20.14,22.73,8.04,73.52,44.31,59.95,8.11
590.21,40.18,20.16,22.73,8.04,73.52,44.31,59.80,8.12
590.22,40.18,20.14,22.73,8.04,73.52,44.31,59.80,8.11
590.23,40.18,20.16,22.73,8.06,73.52,44.31,59.80,8.11
590.24,40.10,20.16,22.70,8.04,73.52,44.31,59.95,8.11
590.25,40.18,20.19,22.70,8.06,73.52,44.41,59.80,8.11
590.26,40.18,20.16,22.70,8.04,73.30,44.31,59.80,8.11
590.27,40.18,20.16,22.70,8.04,73.52,44.31,59.80,8.11
590.28,40.18,20.16,22.70,8.04,73.52,44.31,59.80,8.11
590.29,40.18,20.14,22.70,8.04,73.52,44.41,59.80,8.11
590.30,40.18,20.16,22.70,8.04,73.52,44.31,59.80,8.11
590.31,40.18,20.16,22.70,8.04,73.52,44.41,59.80,8.11
590.32,40.18,20.14,22.70,8.04,73.52,44.41,59.80,8.11
590.33,40.18,20.16,22.70,8.06,73.52,44.22,59.80,8.11
590.34,40.18,20.19,22.70,8.04,73.52,44.41,59.95,8.10
590.35,40.18,20.16,22.70,8.06,73.52,44.31,59.80,8.12
590.36,40.10,20.16,22.73,8.04,73.52,44.31,59.80,8.11
590.37,40.18,20.16,22.70,8.04,73.52,44.31,59.95,8.11
590.38,40.18,20.16,22.73,8.06,73.52,44.41,59.80,8.11
590.39,40.18,20.14,22.66,8.06,73.52,44.31,59.95,8.12
590.40,40.18,20.19,22.70,8.04,73.52,44.31,59.80,8.12
590.41,40.10,20.16,22.70,8.04,73.52,44.41,59.95,8.11
590.42,40.18,20.19,22.73,8.04,73.52,44.41,59.80,8.11
590.43,40.18,20.16,22.70,8.04,73.52,44.31,59.95,8.11
590.44,40.18,20.14,22.70,8.04,73.52,44.41,59.80,8.11
590.45,40.10,20.16,22.70,8.06,73.52,44.31,59.80,8.11
590.46,40.18,20.16,22.70,8.04,73.52,44.31,59.95,8.11
590.47,40.18,20.19,22.70,8.04,73.52,44.41,59.95,8.11
590.48,40.18,20.16,22.70,8.04,73.52,44.31,59.80,8.11
590.49,40.10,20.16,22.73,8.06,73.52,44.31,59.80,8.11
590.50,40.10,20.16,22.70,8.04,73.52,44.31,59.95,8.11
590.51,40.18,20.19,22.70,8.04,73.52,44.31,59.80,8.11
590.52,40.18,20.16,22.70,8.06,73.52,44.31,59.80,8.11
590.53,40.18,20.16,22.70,8.04,73.52,44.31,59.80,8.11
590.54,40.18,20.14,22.73,8.04,73.52,44.31,59.80,8.11
590.55,40.18,20.19,22.70,8.06,73.52,44.31,59.80,8.11
590.56,40.18,20.16,22.70,8.04,73.52,44.41,59.95,8.11
590.57,40.10,20.16,22.70,8.04,73.52,44.41,59.80,8.11
590.58,40.18,20.19,22.70,8.06,73.52,44.41,59.80,8.11
590.59,40.18,20.19,22.70,8.06,73.52,44.31,59.80,8.11
590.60,40.18,20.19,22.70,8.06,73.52,44.31,59.80,8.11
590.61,40.10,20.19,22.66,8.04,73.52,44.31,59.95,8.11
590.62,40.10,20.14,22.70,8.04,73.52,44.31,59.80,8.10
590.63,40.18,20.16,22.70,8.06,73.30,44.31,59.80,8.10
590.64,40.18,20.14,22.70,8.04,73.52,44.31,59.80,8.11
590.65,40.18,20.16,22.70,8.04,73.52,44.31,59.95,8.12
590.66,40.18,20.16,22.70,8.04,73.52,44.41,59.80,8.11
590.67,40.18,20.16,22.70,8.04,73.52,44.31,59.80,8.11
590.68,40.18,20.19,22.70,8.04,73.52,44.31,59.64,8.11
590.69,40.18,20.14,22.73,8.06,73.75,44.31,59.95,8.11
590.70,40.18,20.16,22.70,8.06,73.52,44.31,59.80,8.11
590.71,40.18,20.16,22.70,8.06,73.52,44.41,59.80,8.12
590.72,40.18,20.19,22.70,8.04,73.52,44.31,59.95,8.11
590.73,40.18,20.16,22.73,8.06,73.52,44.31,59.80,8.12
590.74,40.18,20.16,22.70,8.06,73.52,44.31,59.80,8.11
590.75,40.18,20.19,22.70,8.04,73.52,44.31,59.80,8.11
590.76,40.10,20.16,22.73,8.04,73.52,44.31,59.80,8.11
590.77,40.18,20.16,22.70,8.04,73.52,44.41,59.80,8.12
590.78,40.18,20.16,22.70,8.04,73.30,44.31,59.80,8.11
590.79,40.02,20.16,22.70,8.04,73.52,44.31,59.95,8.12
590.80,40.18,20.16,22.70,8.04,73.52,44.41,59.95,8.11
590.81,40.10,20.16,22.73,8.04,73.52,44.22,59.80,8.11
590.82,40.18,20.16,22.70,8.06,73.30,44.41,59.95,8.11
590.83,40.18,20.14,22.70,8.06,73.52,44.31,59.95,8.11
590.84,40.18,20.16,22.70,8.04,73.75,44.41,59.95,8.11
590.85,40.18,20.16,22.70,8.04,73.30,44.31,59.80,8.11
590.86,40.18,20.16,22.70,8.06,73.52,44.31,59.80,8.12
590.87,40.10,20.19,22.70,8.04,73.52,44.31,59.80,8.11
590.88,40.18,20.16,22.70,8.06,73.52,44.31,59.80,8.11
590.89,40.18,20.19,22.66,8.04,73.52,44.31,59.80,8.12
590.90,40.18,20.16,22.73,8.04,73.52,44.31,59.95,8.11
590.91,40.18,20.16,22.73,8.04,73.52,44.31,59.80,8.11
590.92,40.10,20.16,22.70,8.04,73.52,44.31,59.95,8.11
590.93,40.18,20.16,22.66,8.06,73.52,44.31,59.80,8.11
590.94,40.18,20.19,22.70,8.04,73.52,44.31,59.80,8.12
590.95,40.18,20.16,22.70,8.04,73.52,44.31,59.95,8.11
590.96,40.18,20.16,22.70,8.04,73.52,44.31,59.80,8.11
590.97,40.18,20.16,22.70,8.04,73.52,44.31,59.80,8.11
590.98,40.18,20.16,22.70,8.04,73.52,44.31,59.95,8.11
590.99,40.18,20.16,22.70,8.04,73.52,44.31,59.95,8.11
591.00,40.18,20.16,22.70,8.04,73.52,44.41,59.64,8.11
591.01,40.18,20.16,22.70,8.04,73.52,44.31,59.95,8.11
591.02,40.18,20.16,22.70,8.04,73.52,44.31,59.95,8.11
591.03,40.10,20.16,22.70,8.06,73.52,44.31,59.64,8.12
591.04,40.18,20.16,22.70,8.04,73.52,44.31,59.95,8.11
591.05,40.10,20.16,22.70,8.04,73.52,44.22,59.80,8.11
591.06,40.18,20.16,22.70,8.04,73.52,44.31,59.95,8.11
591.07,40.18,20.14,22.70,8.04,73.52,44.31,59.95,8.11
591.08,40.18,20.16,22.70,8.04,73.52,44.31,59.80,8.11
591.09,40.10,20.16,22.70,8.04,73.52,44.31,59.95,8.11
591.10,40.18,20.16,22.70,8.04,73.52,44.31,59.49,8.11
591.11,40.18,20.16,22.70,8.04,73.52,44.41,59.80,8.12
591.12,40.18,20.16,22.70,8.04,73.52,44.31,59.80,8.10
591.13,40.18,20.14,22.70,8.06,73.52,44.31,59.80,8.11
591.14,40.10,20.16,22.70,8.04,73.52,44.31,59.80,8.12
591.15,40.10,20.16,22.70,8.04,73.52,44.41,59.80,8.10
591.16,40.10,20.16,22.73,8.04,73.75,44.31,59.80,8.12
591.17,40.18,20.16,22.70,8.04,73.52,44.31,59.95,8.12
591.18,40.10,20.19,22.70,8.04,73.52,44.31,59.80,8.11
591.19,40.18,20.16,22.73,8.04,73.52,44.31,59.80,8.12
591.20,40.18,20.16,22.70,8.04,73.52,44.31,59.95,8.11
591.21,40.18,20.16,22.73,8.04,73.52,44.31,59.80,8.12
591.22,40.10,20.16,22.70,8.04,73.52,44.31,59.80,8.11
591.23,40.18,20.16,22.70,8.04,73.52,44.31,59.95,8.11
591.24,40.18,20.16,22.70,8.04,73.52,44.31,59.80,8.12
591.25,40.18,20.16,22.70,8.04,73.52,44.31,59.80,8.11
591.26,40.10,20.16,22.70,8.04,73.75,44.41,59.95,8.12
591.27,40.10,20.19,22.70,8.04,73.52,44.31,59.80,8.11
591.28,40.18,20.14,22.70,8.06,73.52,44.31,59.80,8.10
591.29,40.10,20.16,22.70,8.04,73.52,44.41,59.95,8.11
591.30,40.18,20.19,22.70,8.06,73.52,44.31,59.80,8.12
591.31,40.18,20.16,22.70,8.04,73.52,44.31,59.95,8.11
591.32,40.18,20.16,22.70,8.04,73.52,44.31,59.80,8.11
591.33,40.18,20.16,22.70,8.04,73.52,44.31,59.80,8.11
591.34,40.18,20.16,22.70,8.04,73.52,44.31,59.95,8.11
591.35,40.10,20.16,22.70,8.04,73.52,44.31,59.95,8.11
591.36,40.18,20.16,22.70,8.04,73.52,44.31,59.80,8.11
591.37,40.18,20.16,22.70,8.04,73.52,44.31,59.80,8.12
591.38,40.18,20.14,22.66,8.04,73.52,44.31,59.80,8.11
591.39,40.10,20.14,22.73,8.04,73.30,44.31,59.80,8.12
591.40,40.18,20.16,22.73,8.04,73.52,44.31,59.80,8.10
591.41,40.18,20.16,22.70,8.04,73.52,44.31,59.95,8.11
591.42,40.18,20.16,22.70,8.06,73.52,44.31,59.80,8.11
591.43,40.18,20.16,22.73,8.04,73.52,44.31,59.80,8.11
591.44,40.18,20.16,22.73,8.04,73.75,44.31,59.80,8.11
591.45,40.10,20.14,22.70,8.04,73.52,44.41,59.80,8.11
591.46,40.18,20.16,22.73,8.04,73.52,44.31,59.95,8.11
591.47,40.10,20.16,22.66,8.06,73.52,44.41,59.95,8.11
591.48,40.18,20.16,22.70,8.04,73.52,44.41,59.80,8.11
591.49,40.18,20.16,22.70,8.04,73.52,44.31,59.95,8.11
591.50,40.18,20.16,22.73,8.04,73.52,44.31,59.95,8.11
591.51,40.18,20.14,22.70,8.04,73.52,44.31,59.80,8.11
591.52,40.18,20.16,22.73,8.04,73.30,44.31,59.95,8.12
591.53,40.18,20.16,22.70,8.04,73.52,44.31,59.80,8.11
591.54,40.18,20.16,22.73,8.04,73.30,44.22,59.80,8.12
591.55,40.18,20.16,22.73,8.04,73.52,44.31,59.80,8.12
591.56,40.18,20.16,22.70,8.04,73.52,44.31,59.80,8.11
591.57,40.18,20.16,22.70,8.04,73.52,44.31,59.95,8.10
591.58,40.10,20.16,22.70,8.04,73.30,44.41,59.80,8.11
591.59,40.18,20.19,22.70,8.04,73.52,44.31,59.95,8.12
591.60,40.18,20.14,22.70,8.06,73.52,44.41,59.80,8.11
591.61,40.18,20.16,22.70,8.04,73.52,44.41,59.80,8.11
591.62,40.18,20.19,22.70,8.04,73.52,44.31,59.80,8.11
591.63,40.18,20.19,22.70,8.04,73.30,44.31,59.80,8.12
591.65,40.18,20.16,22.70,8.04,73.52,44.31,59.80,8.12
591.66,40.18,20.16,22.70,8.04,73.75,44.31,59.80,8.11
591.67,40.18,20.16,22.70,8.04,73.52,44.41,59.80,8.11
591.68,40.18,20.19,22.70,8.04,73.52,44.31,59.95,8.11
591.69,40.10,20.16,22.73,8.06,73.52,44.31,59.64,8.12
591.70,40.18,20.16,22.70,8.04,73.52,44.31,59.80,8.11
591.71,40.18,20.16,22.73,8.04,73.52,44.41,59.95,8.12
591.72,40.18,20.19,22.70,8.04,73.52,44.41,59.80,8.11
591.73,40.18,20.16,22.70,8.06,73.30,44.31,59.95,8.11
591.74,40.10,20.16,22.73,8.06,73.52,44.31,59.95,8.11
591.75,40.18,20.19,22.70,8.04,73.52,44.41,59.95,8.11
591.76,40.10,20.16,22.70,8.04,73.52,44.31,59.80,8.11
591.77,40.10,20.14,22.73,8.06,73.52,44.31,59.95,8.12
591.78,40.18,20.19,22.73,8.04,73.52,44.31,59.95,8.11
591.79,40.18,20.19,22.70,8.04,73.52,44.31,59.80,8.11
591.80,40.18,20.16,22.73,8.06,73.52,44.31,59.80,8.13
591.81,40.18,20.19,22.73,8.04,73.52,44.31,59.95,8.11
591.82,40.10,20.16,22.70,8.06,73.52,44.31,59.80,8.11
591.83,40.18,20.22,22.70,8.04,73.52,44.31,59.80,8.11
591.84,40.18,20.19,22.70,8.04,73.52,44.31,59.95,8.12
591.85,40.18,20.19,22.70,8.04,73.52,44.41,59.80,8.12
591.86,40.18,20.19,22.70,8.06,73.52,44.31,59.80,8.12
591.87,40.18,20.16,22.70,8.04,73.52,44.41,59.95,8.11
591.88,40.18,20.19,22.70,8.04,73.75,44.31,59.80,8.10
591.89,40.18,20.19,22.73,8.04,73.52,44.31,59.80,8.11
591.90,40.18,20.16,22.73,8.04,73.52,44.41,59.95,8.11
591.91,40.18,20.16,22.70,8.04,73.52,44.31,59.80,8.11
591.92,40.18,20.16,22.70,8.06,73.52,44.31,59.80,8.11
591.93,40.18,20.16,22.73,8.04,73.52,44.50,59.95,8.11
591.94,40.18,20.19,22.70,8.04,73.52,44.31,59.95,8.11
591.95,40.18,20.16,22.70,8.06,73.52,44.50,59.95,8.11
591.96,40.18,20.16,22.70,8.04,73.52,44.31,59.95,8.11
591.97,40.18,20.16,22.70,8.06,73.52,44.41,59.95,8.11
591.98,40.18,20.16,22.73,8.06,73.52,44.41,59.80,8.10
591.99,40.18,20.16,22.70,8.04,73.52,44.31,59.95,8.12
592.00,40.18,20.19,22.70,8.04,73.52,44.41,59.95,8.11
592.01,40.18,20.16,22.73,8.06,73.52,44.31,59.95,8.12
592.02,40.18,20.19,22.70,8.06,73.52,44.31,59.95,8.11
592.03,40.10,20.16,22.66,8.04,73.52,44.41,59.80,8.11
592.04,40.18,20.19,22.70,8.06,73.52,44.31,59.80,8.11
592.05,40.18,20.16,22.70,8.04,73.75,44.31,59.95,8.11
592.06,40.26,20.16,22.70,8.04,73.75,44.31,59.95,8.11
592.07,40.02,20.19,22.73,8.06,73.52,44.31,59.80,8.11
592.08,40.18,20.16,22.70,8.04,73.52,44.31,59.80,8.11
592.09,40.18,20.16,22.73,8.04,73.52,44.31,59.80,8.11
592.10,40.18,20.16,22.70,8.04,73.52,44.31,59.80,8.10
592.11,40.18,20.19,22.66,8.04,73.52,44.31,59.80,8.11
592.12,40.18,20.19,22.70,8.06,73.52,44.31,59.80,8.13
592.13,40.18,20.16,22.70,8.04,73.52,44.31,59.80,8.11
592.14,40.18,20.16,22.70,8.04,73.52,44.31,59.80,8.11
592.15,40.18,20.19,22.73,8.04,73.75,44.31,59.95,8.11
592.16,40.18,20.19,22.70,8.04,73.52,44.31,59.80,8.11
592.17,40.18,20.14,22.70,8.06,73.52,44.31,59.80,8.11
592.18,40.18,20.16,22.70,8.04,73.52,44.31,59.95,8.12
592.19,40.18,20.19,22.70,8.04,73.52,44.31,59.64,8.11
592.20,40.18,20.19,22.70,8.04,73.75,44.31,59.95,8.11
592.21,40.18,20.19,22.70,8.04,73.52,44.31,59.80,8.12
592.22,40.18,20.16,22.73,8.04,73.52,44.31,59.95,8.11
592.23,40.18,20.16,22.70,8.04,73.52,44.41,59.80,8.11
592.24,40.18,20.19,22.70,8.04,73.52,44.41,59.95,8.11
592.25,40.18,20.14,22.70,8.04,73.52,44.31,59.95,8.12
592.26,40.18,20.16,22.70,8.06,73.52,44.31,59.95,8.11
592.27,40.18,20.16,22.73,8.04,73.52,44.31,59.80,8.11
592.28,40.18,20.16,22.70,8.04,73.52,44.31,59.95,8.12
592.29,40.18,20.16,22.70,8.04,73.52,44.31,59.95,8.11
592.30,40.18,20.16,22.70,8.06,73.52,44.31,59.95,8.11
592.31,40.18,20.16,22.70,8.04,73.75,44.31,59.95,8.11
592.32,40.18,20.16,22.70,8.04,73.52,44.31,59.95,8.11
592.33,40.18,20.19,22.73,8.04,73.75,44.41,59.80,8.12
592.34,40.10,20.16,22.70,8.06,73.52,44.31,59.95,8.11
592.35,40.10,20.16,22.70,8.04,73.52,44.41,59.95,8.10
592.36,40.18,20.16,22.73,8.06,73.52,44.31,59.80,8.11
592.37,40.18,20.16,22.73,8.04,73.52,44.31,59.80,8.11
592.38,40.18,20.16,22.70,8.04,73.52,44.31,59.95,8.11
592.39,40.02,20.16,22.73,8.04,73.52,44.41,59.95,8.11
592.40,40.18,20.16,22.73,8.06,73.52,44.31,59.95,8.11
592.41,40.10,20.16,22.70,8.06,73.75,44.31,59.95,8.12
592.42,40.18,20.16,22.70,8.04,73.52,44.31,59.95,8.12
592.43,40.18,20.16,22.73,8.04,73.52,44.31,59.80,8.11
592.44,40.10,20.16,22.73,8.06,73.52,44.31,59.95,8.11
592.45,40.18,20.19,22.70,8.04,73.52,44.41,59.80,8.12
592.46,40.18,20.19,22.70,8.04,73.52,44.41,59.80,8.11
592.47,40.18,20.16,22.70,8.04,73.52,44.31,59.80,8.11
592.48,40.10,20.16,22.70,8.06,73.52,44.31,59.95,8.11
592.49,40.18,20.16,22.73,8.04,73.75,44.31,59.95,8.11
592.50,40.18,20.19,22.73,8.06,73.52,44.31,59.95,8.11
592.51,40.18,20.19,22.73,8.04,73.52,44.41,59.95,8.11
592.52,40.18,20.16,22.70,8.04,73.52,44.31,59.80,8.11
592.53,40.18,20.16,22.70,8.04,73.75,44.31,59.95,8.11
592.54,40.18,20.16,22.70,8.04,73.52,44.41,59.80,8.11
592.55,40.18,20.16,22.70,8.04,73.52,44.31,59.80,8.12
592.56,40.18,20.19,22.73,8.06,73.52,44.41,59.95,8.11
592.57,40.18,20.19,22.70,8.06,73.52,44.31,59.95,8.11
592.58,40.18,20.19,22.70,8.04,73.52,44.41,59.80,8.12
592.59,40.18,20.16,22.73,8.04,73.52,44.41,59.95,8.10
592.60,40.18,20.16,22.70,8.06,73.52,44.31,59.95,8.11
592.61,40.10,20.16,22.73,8.06,73.75,44.31,59.80,8.10
592.62,40.18,20.16,22.73,8.04,73.52,44.31,59.95,8.11
592.63,40.18,20.16,22.73,8.04,73.52,44.31,59.80,8.11
592.64,40.18,20.16,22.70,8.04,73.52,44.31,59.80,8.11
592.65,40.18,20.16,22.73,8.04,73.52,44.31,59.80,8.11
592.66,40.18,20.16,22.70,8.06,73.52,44.41,59.95,8.10
592.67,40.18,20.14,22.70,8.04,73.52,44.31,59.80,8.11
592.68,40.18,20.16,22.70,8.06,73.52,44.31,59.80,8.11
592.69,40.18,20.16,22.73,8.04,73.52,44.31,59.80,8.11
592.70,40.18,20.16,22.70,8.04,73.52,44.41,59.95,8.11
592.71,40.18,20.16,22.70,8.04,73.52,44.31,59.95,8.11
592.72,40.10,20.16,22.70,8.06,73.52,44.31,59.95,8.12
592.73,40.18,20.16,22.73,8.06,73.52,44.31,59.80,8.10
592.74,40.18,20.16,22.70,8.04,73.52,44.31,59.80,8.11
592.75,40.18,20.19,22.70,8.04,73.52,44.31,59.95,8.12
592.76,40.18,20.19,22.70,8.04,73.75,44.41,59.95,8.11
592.77,40.18,20.16,22.70,8.04,73.52,44.31,59.80,8.11
592.78,40.18,20.19,22.70,8.06,73.52,44.31,59.80,8.11
592.79,40.18,20.14,22.70,8.04,73.52,44.41,59.95,8.11
592.80,40.18,20.16,22.73,8.04,73.52,44.31,59.95,8.11
592.81,40.10,20.16,22.70,8.06,73.52,44.22,59.95,8.12
592.82,40.18,20.19,22.70,8.04,73.52,44.31,59.95,8.11
592.83,40.18,20.16,22.70,8.06,73.52,44.31,59.80,8.11
592.84,40.18,20.19,22.66,8.04,73.30,44.31,59.95,8.12
592.85,40.10,20.19,22.70,8.04,73.52,44.41,59.80,8.12
592.86,40.18,20.16,22.70,8.04,73.75,44.31,59.80,8.12
592.87,40.18,20.16,22.70,8.06,73.52,44.41,59.95,8.11
592.88,40.18,20.16,22.70,8.04,73.52,44.31,59.80,8.11
592.89,40.18,20.16,22.70,8.04,73.52,44.31,59.80,8.11
592.90,40.18,20.16,22.70,8.04,73.52,44.31,59.80,8.12
592.91,40.18,20.16,22.70,8.04,73.52,44.31,59.80,8.11
592.92,40.18,20.16,22.70,8.04,73.52,44.31,59.80,8.11
592.93,40.10,20.16,22.70,8.04,73.52,44.31,59.95,8.11
592.94,40.18,20.16,22.70,8.04,73.75,44.31,59.95,8.11
592.95,40.18,20.16,22.70,8.04,73.52,44.22,59.80,8.11
592.96,40.10,20.16,22.70,8.06,73.30,44.31,59.95,8.11
592.97,40.18,20.16,22.70,8.04,73.52,44.41,59.80,8.11
592.98,40.18,20.16,22.73,8.04,73.52,44.41,59.80,8.11
592.99,40.18,20.19,22.70,8.04,73.30,44.31,59.80,8.11
593.00,40.18,20.16,22.70,8.04,73.30,44.31,59.80,8.11
593.01,40.18,20.16,22.70,8.04,73.75,44.31,59.80,8.11
593.02,40.18,20.16,22.70,8.04,73.52,44.31,59.80,8.11
593.03,40.18,20.16,22.70,8.04,73.52,44.31,59.95,8.12
593.04,40.10,20.22,22.70,8.04,73.52,44.31,59.95,8.11
593.05,40.18,20.16,22.73,8.04,73.52,44.31,59.80,8.11
593.06,40.18,20.16,22.70,8.04,73.30,44.31,59.80,8.11
593.07,40.18,20.16,22.70,8.04,73.52,44.31,59.80,8.11
593.08,40.18,20.16,22.73,8.04,73.52,44.31,59.95,8.11
593.09,40.10,20.16,22.70,8.06,73.52,44.41,59.80,8.11
593.10,40.10,20.19,22.73,8.06,73.52,44.41,59.95,8.10
593.11,40.18,20.16,22.70,8.06,73.52,44.31,59.80,8.10
593.12,40.18,20.19,22.70,8.04,73.52,44.22,59.80,8.10
593.13,40.18,20.19,22.73,8.06,73.52,44.31,59.95,8.11
593.14,40.18,20.16,22.70,8.04,73.75,44.50,59.95,8.11
593.15,40.18,20.16,22.73,8.06,73.52,44.22,59.80,8.11
593.16,40.18,20.19,22.70,8.04,73.52,44.31,59.80,8.11
593.17,40.10,20.16,22.70,8.06,73.52,44.31,59.80,8.11
593.18,40.18,20.16,22.70,8.04,73.52,44.31,59.80,8.10
593.19,40.18,20.16,22.73,8.06,73.52,44.31,59.95,8.11
593.20,40.18,20.16,22.70,8.04,73.52,44.31,59.80,8.11
593.21,40.18,20.16,22.70,8.04,73.52,44.31,59.80,8.11
593.22,40.10,20.16,22.70,8.04,73.52,44.31,59.80,8.12
593.23,40.26,20.19,22.70,8.04,73.52,44.31,59.80,8.11
593.24,40.18,20.16,22.73,8.04,73.52,44.31,59.95,8.11
593.25,40.02,20.19,22.70,8.04,73.52,44.31,59.80,8.11
593.26,40.18,20.16,22.70,8.06,73.52,44.41,59.80,8.12
593.27,40.18,20.16,22.66,8.04,73.52,44.31,59.95,8.11
593.28,40.10,20.16,22.73,8.04,73.75,44.31,59.95,8.11
593.29,40.18,20.19,22.73,8.04,73.52,44.31,59.80,8.11
593.30,40.18,20.14,22.66,8.06,73.30,44.31,59.64,8.11
593.31,40.10,20.19,22.70,8.06,73.52,44.41,59.95,8.11
593.32,40.10,20.19,22.66,8.06,73.52,44.22,59.95,8.11
593.33,40.18,20.16,22.73,8.04,73.52,44.31,59.95,8.12
593.34,40.18,20.14,22.70,8.04,73.52,44.41,59.95,8.11
593.35,40.18,20.16,22.70,8.04,73.52,44.31,59.80,8.11
593.36,40.10,20.14,22.70,8.04,73.75,44.31,59.80,8.11
593.37,40.18,20.16,22.70,8.04,73.52,44.31,59.80,8.11
593.38,40.18,20.16,22.66,8.04,73.52,44.31,59.64,8.11
593.39,40.10,20.16,22.70,8.04,73.52,44.41,59.95,8.11
593.40,40.18,20.16,22.66,8.04,73.52,44.31,59.80,8.11
593.41,40.18,20.14,22.70,8.04,73.52,44.31,59.80,8.11
593.42,40.18,20.16,22.70,8.06,73.52,44.31,59.95,8.11
593.43,40.18,20.16,22.70,8.04,73.52,44.31,59.80,8.11
593.44,40.18,20.16,22.70,8.06,73.30,44.31,59.80,8.11
593.45,40.18,20.16,22.70,8.04,73.52,44.41,59.80,8.12
593.46,40.18,20.19,22.70,8.04,73.52,44.22,59.80,8.11
593.47,40.18,20.16,22.70,8.04,73.52,44.41,59.95,8.10
593.48,40.18,20.19,22.70,8.04,73.52,44.31,59.64,8.11
593.49,40.18,20.16,22.73,8.06,73.52,44.31,59.80,8.11
593.50,40.10,20.16,22.70,8.04,73.52,44.31,59.80,8.12
593.51,40.18,20.19,22.70,8.04,73.75,44.31,59.95,8.11
593.52,40.10,20.16,22.73,8.04,73.52,44.31,59.80,8.11
593.53,40.18,20.16,22.70,8.04,73.52,44.41,59.80,8.13
593.54,40.10,20.16,22.70,8.04,73.52,44.31,59.95,8.12
593.55,40.10,20.19,22.70,8.06,73.52,44.31,59.80,8.12
593.56,40.18,20.16,22.70,8.04,73.52,44.31,59.95,8.11
593.57,40.10,20.16,22.70,8.04,73.52,44.31,59.80,8.12
593.58,40.18,20.16,22.70,8.06,73.52,44.31,59.80,8.11
593.59,40.18,20.16,22.70,8.06,73.52,44.31,59.80,8.11
593.60,40.10,20.16,22.70,8.04,73.52,44.31,59.95,8.11
593.61,40.18,20.16,22.70,8.04,73.52,44.31,59.80,8.10
593.62,40.18,20.14,22.70,8.04,73.52,44.31,59.80,8.11
593.63,40.18,20.16,22.70,8.04,73.52,44.22,59.80,8.11
593.64,40.10,20.16,22.70,8.04,73.52,44.31,59.80,8.11
593.65,40.10,20.16,22.70,8.04,73.52,44.31,59.80,8.11
593.66,40.18,20.16,22.73,8.06,73.52,44.31,59.95,8.11
593.67,40.10,20.16,22.70,8.04,73.52,44.31,59.80,8.11
593.68,40.10,20.16,22.70,8.04,73.52,44.31,59.95,8.11
593.69,40.10,20.19,22.73,8.04,73.52,44.31,59.80,8.11
593.70,40.18,20.16,22.70,8.06,73.52,44.31,59.80,8.11
593.71,40.18,20.16,22.66,8.04,73.52,44.31,59.95,8.11
593.72,40.10,20.16,22.73,8.04,73.52,44.31,59.80,8.11
593.73,40.10,20.16,22.70,8.06,73.52,44.31,59.95,8.12
593.74,40.18,20.14,22.70,8.06,73.52,44.31,59.80,8.11
593.75,40.18,20.16,22.73,8.04,73.52,44.31,59.80,8.10
593.76,40.10,20.16,22.70,8.04,73.52,44.31,59.95,8.11
593.77,40.10,20.14,22.70,8.04,73.52,44.41,59.80,8.11
593.78,40.18,20.16,22.70,8.06,73.52,44.31,59.80,8.11
593.79,40.18,20.16,22.70,8.06,73.52,44.31,59.95,8.11
593.80,40.18,20.16,22.70,8.04,73.52,44.31,59.80,8.11
593.81,40.02,20.14,22.66,8.04,73.52,44.31,59.80,8.11
593.82,40.10,20.16,22.70,8.04,73.52,44.31,59.80,8.11
593.83,40.18,20.14,22.70,8.04,73.52,44.31,59.95,8.11
593.84,40.10,20.16,22.66,8.06,73.52,44.31,59.95,8.11
593.85,40.18,20.16,22.70,8.04,73.52,44.31,59.95,8.11
593.86,40.10,20.16,22.70,8.04,73.30,44.31,59.95,8.12
593.87,40.18,20.16,22.70,8.04,73.52,44.31,59.80,8.11
593.88,40.18,20.14,22.70,8.04,73.52,44.31,59.80,8.11
593.89,40.10,20.16,22.70,8.04,73.52,44.31,59.80,8.12
593.90,40.10,20.16,22.70,8.04,73.52,44.31,59.95,8.12
593.91,40.18,20.16,22.70,8.06,73.52,44.31,59.95,8.11
593.92,40.18,20.16,22.70,8.06,73.30,44.50,59.80,8.11
593.93,40.10,20.19,22.70,8.04,73.52,44.31,59.95,8.11
593.94,40.18,20.16,22.73,8.04,73.75,44.31,59.80,8.10
593.95,40.18,20.16,22.70,8.04,73.30,44.31,59.80,8.11
593.96,40.18,20.16,22.73,8.04,73.52,44.31,59.80,8.11
593.97,40.10,20.16,22.70,8.04,73.52,44.31,59.80,8.12
593.98,40.18,20.14,22.70,8.04,73.52,44.31,59.80,8.11
593.99,40.18,20.16,22.70,8.04,73.30,44.41,59.80,8.11
594.00,40.10,20.16,22.70,8.04,73.52,44.31,59.80,8.12
594.01,40.10,20.16,22.70,8.04,73.52,44.41,59.80,8.11
594.02,40.18,20.16,22.70,8.04,73.52,44.41,59.95,8.11
594.03,40.18,20.16,22.70,8.06,73.52,44.31,59.95,8.11
594.04,40.18,20.14,22.70,8.04,73.52,44.31,59.95,8.11
594.05,40.10,20.16,22.66,8.04,73.52,44.41,59.80,8.11
594.06,40.10,20.16,22.70,8.07,73.30,44.22,59.80,8.11
594.07,40.18,20.16,22.70,8.04,73.52,44.22,59.80,8.11
594.08,40.18,20.16,22.70,8.04,73.52,44.31,59.80,8.12
594.09,40.18,20.16,22.70,8.04,73.52,44.41,59.95,8.12
594.10,40.18,20.14,22.66,8.04,73.30,44.41,59.80,8.11
594.11,40.10,20.16,22.70,8.04,73.52,44.22,59.95,8.11
594.12,40.10,20.16,22.70,8.04,73.52,44.41,59.80,8.12
594.13,40.18,20.16,22.73,8.06,73.52,44.31,59.80,8.11
594.14,40.10,20.16,22.70,8.04,73.52,44.31,59.80,8.11
594.15,40.10,20.16,22.66,8.04,73.52,44.31,59.95,8.11
594.16,40.18,20.16,22.70,8.04,73.52,44.31,59.80,8.11
594.17,40.10,20.14,22.70,8.06,73.52,44.31,59.80,8.11
594.18,40.18,20.14,22.70,8.04,73.30,44.31,59.80,8.11
594.19,40.10,20.16,22.70,8.04,73.52,44.31,59.80,8.11
594.20,40.10,20.16,22.70,8.04,73.52,44.31,59.80,8.12
594.21,40.18,20.16,22.70,8.04,73.52,44.31,59.80,8.11
594.22,40.10,20.16,22.70,8.04,73.52,44.31,59.95,8.11
594.23,40.10,20.14,22.70,8.06,73.52,44.31,59.80,8.11
594.24,40.10,20.16,22.66,8.04,73.52,44.31,59.80,8.11
594.25,40.18,20.16,22.66,8.06,73.52,44.31,59.95,8.11
594.26,40.10,20.16,22.66,8.06,73.30,44.31,59.80,8.12
594.27,40.18,20.16,22.66,8.04,73.52,44.31,59.95,8.11
594.28,40.10,20.16,22.70,8.04,73.52,44.31,59.80,8.11
594.29,40.18,20.16,22.70,8.06,73.52,44.31,59.80,8.11
594.30,40.10,20.16,22.70,8.06,73.30,44.22,59.80,8.11
594.31,40.18,20.16,22.70,8.04,73.52,44.31,59.80,8.11
594.32,40.10,20.16,22.70,8.04,73.52,44.31,59.80,8.11
594.33,40.18,20.19,22.70,8.04,73.52,44.31,59.80,8.10
594.34,40.10,20.16,22.70,8.04,73.52,44.41,59.80,8.12
594.35,40.10,20.14,22.70,8.04,73.52,44.31,59.64,8.12
594.36,40.10,20.16,22.70,8.04,73.52,44.22,59.80,8.11
594.37,40.10,20.19,22.70,8.04,73.52,44.31,59.80,8.11
594.38,40.18,20.16,22.70,8.04,73.30,44.31,59.80,8.11
594.39,40.10,20.14,22.70,8.04,73.30,44.31,59.80,8.12
594.40,40.18,20.16,22.70,8.06,73.52,44.31,59.80,8.11
594.41,40.18,20.14,22.66,8.04,73.30,44.41,59.80,8.11
594.42,40.10,20.16,22.66,8.04,73.52,44.31,59.95,8.11
594.43,40.10,20.16,22.70,8.04,73.52,44.31,59.80,8.11
594.44,40.18,20.16,22.66,8.04,73.52,44.31,59.80,8.11
594.45,40.02,20.14,22.70,8.04,73.52,44.31,59.80,8.11
594.46,40.10,20.16,22.66,8.04,73.52,44.31,59.64,8.11
594.47,40.18,20.14,22.66,8.04,73.52,44.31,59.80,8.11
594.48,40.10,20.14,22.66,8.04,73.52,44.22,59.80,8.10
594.49,40.10,20.16,22.70,8.04,73.52,44.31,59.80,8.10
594.50,40.18,20.16,22.73,8.04,73.52,44.31,59.80,8.12
594.51,40.18,20.16,22.66,8.04,73.52,44.22,59.80,8.11
594.52,40.18,20.16,22.70,8.04,73.52,44.31,59.80,8.11
594.53,40.10,20.16,22.70,8.04,73.30,44.50,59.80,8.11
594.54,40.10,20.19,22.70,8.04,73.30,44.31,59.80,8.11
594.55,40.10,20.16,22.70,8.06,73.52,44.31,59.80,8.11
594.56,40.10,20.16,22.70,8.04,73.52,44.31,59.80,8.12
594.57,40.10,20.16,22.70,8.06,73.52,44.31,59.95,8.11
594.58,40.10,20.16,22.70,8.06,73.52,44.31,59.64,8.11
594.59,40.10,20.14,22.66,8.04,73.52,44.31,59.95,8.11
594.60,40.02,20.14,22.70,8.04,73.52,44.31,59.80,8.11
594.61,40.10,20.16,22.66,8.04,73.52,44.31,59.64,8.12
594.62,40.18,20.14,22.70,8.04,73.52,44.31,59.80,8.11
594.63,40.10,20.14,22.66,8.04,73.52,44.31,59.80,8.10
594.64,40.18,20.16,22.70,8.04,73.52,44.31,59.80,8.10
594.65,40.10,20.16,22.66,8.04,73.52,44.31,59.80,8.11
594.66,40.10,20.16,22.66,8.04,73.75,44.31,59.80,8.11
594.67,40.10,20.14,22.70,8.04,73.52,44.31,59.80,8.11
594.68,40.10,20.14,22.70,8.06,73.52,44.31,59.80,8.11
594.69,40.18,20.16,22.70,8.04,73.52,44.31,59.95,8.11
594.70,40.10,20.14,22.70,8.06,73.52,44.31,59.80,8.11
594.71,40.18,20.16,22.66,8.04,73.52,44.31,59.80,8.11
594.72,40.10,20.16,22.66,8.04,73.52,44.41,59.80,8.10
594.73,40.18,20.16,22.66,8.04,73.30,44.31,59.80,8.11
594.74,40.10,20.16,22.66,8.04,73.52,44.31,59.80,8.11
594.75,40.10,20.14,22.70,8.04,73.52,44.31,59.95,8.12
594.76,40.10,20.16,22.70,8.04,73.30,44.31,59.80,8.11
594.77,40.10,20.14,22.70,8.04,73.52,44.31,59.80,8.11
594.78,40.10,20.11,22.70,8.04,73.52,44.31,59.95,8.11
594.79,40.10,20.14,22.66,8.04,73.30,44.31,59.80,8.11
594.80,40.10,20.16,22.70,8.04,73.52,44.22,59.80,8.11
594.81,40.18,20.16,22.66,8.04,73.52,44.31,59.80,8.11
594.82,40.18,20.19,22.70,8.04,73.30,44.31,59.80,8.11
594.83,40.10,20.14,22.70,8.04,73.52,44.31,59.80,8.11
594.84,40.10,20.16,22.66,8.04,73.52,44.31,59.80,8.12
594.85,40.10,20.16,22.66,8.04,73.52,44.31,59.80,8.12
594.86,40.18,20.14,22.66,8.04,73.52,44.31,59.80,8.10
594.87,40.10,20.16,22.70,8.04,73.52,44.31,59.80,8.11
594.88,40.10,20.14,22.70,8.04,73.52,44.31,59.95,8.11
594.89,40.10,20.16,22.70,8.04,73.52,44.31,59.80,8.11
594.90,40.02,20.16,22.70,8.04,73.52,44.31,59.80,8.10
594.91,40.10,20.16,22.66,8.04,73.52,44.22,59.80,8.11
594.92,40.10,20.16,22.66,8.04,73.52,44.31,59.80,8.11
594.93,40.10,20.16,22.70,8.04,73.30,44.31,59.80,8.11
594.94,40.10,20.16,22.70,8.04,73.52,44.31,59.95,8.12
594.95,40.18,20.19,22.70,8.04,73.52,44.31,59.64,8.11
594.96,40.18,20.14,22.66,8.04,73.52,44.31,59.80,8.11
594.97,40.18,20.19,22.70,8.06,73.30,44.31,59.64,8.11
594.98,40.10,20.14,22.70,8.04,73.30,44.31,59.64,8.11
594.99,40.10,20.16,22.66,8.06,73.52,44.31,59.80,8.12
595.00,40.02,20.14,22.70,8.04,73.52,44.31,59.95,8.11
595.01,40.10,20.16,22.66,8.04,73.52,44.31,59.64,8.11
595.02,40.10,20.16,22.66,8.04,73.52,44.22,59.80,8.11
595.03,40.10,20.14,22.70,8.04,73.52,44.31,59.80,8.11
595.04,40.10,20.14,22.66,8.06,73.52,44.31,59.80,8.11
595.05,40.10,20.14,22.70,8.04,73.75,44.31,59.80,8.10
595.06,40.18,20.14,22.66,8.06,73.30,44.31,59.80,8.11
595.07,40.10,20.14,22.70,8.06,73.30,44.22,59.80,8.10
595.08,40.10,20.14,22.70,8.04,73.52,44.31,59.80,8.11
595.09,40.10,20.14,22.70,8.06,73.52,44.31,59.64,8.11
595.10,40.10,20.16,22.66,8.06,73.30,44.31,59.80,8.11
595.11,40.10,20.16,22.66,8.04,73.52,44.22,59.80,8.11
595.12,40.10,20.14,22.73,8.04,73.30,44.31,59.80,8.12
595.13,40.10,20.16,22.66,8.04,73.52,44.31,59.80,8.11
595.14,40.10,20.16,22.70,8.04,73.52,44.31,59.80,8.11
595.15,40.18,20.14,22.66,8.06,73.30,44.31,59.80,8.11
595.16,40.10,20.14,22.70,8.04,73.52,44.22,59.80,8.11
595.17,40.10,20.14,22.70,8.04,73.52,44.31,59.64,8.11
595.18,40.10,20.16,22.66,8.04,73.52,44.22,59.80,8.11
595.19,40.18,20.16,22.70,8.04,73.52,44.31,59.80,8.11
595.20,40.10,20.16,22.66,8.04,73.30,44.31,59.64,8.11
595.21,40.18,20.14,22.66,8.06,73.52,44.22,59.95,8.11
595.22,40.10,20.16,22.70,8.04,73.52,44.31,59.80,8.11
595.23,40.10,20.16,22.70,8.04,73.52,44.22,59.80,8.11
595.24,40.10,20.14,22.66,8.04,73.52,44.31,59.80,8.10
595.25,40.10,20.16,22.70,8.04,73.52,44.31,59.80,8.11
595.26,40.10,20.19,22.70,8.04,73.52,44.31,59.80,8.12
595.27,40.10,20.14,22.70,8.06,73.30,44.31,59.80,8.11
595.28,40.10,20.14,22.66,8.04,73.30,44.31,59.80,8.12
595.29,40.10,20.16,22.66,8.04,73.52,44.31,59.80,8.12
595.30,40.10,20.14,22.66,8.04,73.52,44.31,59.80,8.11
595.31,40.18,20.14,22.66,8.04,73.52,44.31,59.80,8.11
595.32,40.10,20.11,22.66,8.06,73.52,44.31,59.80,8.11
595.33,40.18,20.14,22.70,8.04,73.52,44.22,59.80,8.11
595.34,40.18,20.16,22.70,8.04,73.52,44.22,59.80,8.11
595.35,40.10,20.14,22.70,8.04,73.30,44.22,59.80,8.11
595.36,40.18,20.16,22.66,8.04,73.52,44.31,59.80,8.10
595.37,40.10,20.14,22.66,8.04,73.52,44.31,59.80,8.11
595.38,40.18,20.14,22.70,8.04,73.52,44.31,59.95,8.11
595.39,40.18,20.16,22.70,8.04,73.52,44.31,59.80,8.10
595.40,40.10,20.14,22.66,8.04,73.52,44.31,59.80,8.11
595.41,40.10,20.14,22.70,8.04,73.52,44.31,59.80,8.10
595.42,40.10,20.16,22.70,8.04,73.52,44.31,59.80,8.11
595.43,40.10,20.16,22.66,8.04,73.30,44.31,59.80,8.11
595.44,40.18,20.19,22.66,8.04,73.30,44.31,59.80,8.11
595.45,40.18,20.16,22.70,8.04,73.30,44.31,59.64,8.11
595.46,40.18,20.11,22.66,8.04,73.30,44.31,59.80,8.11
595.47,40.02,20.16,22.66,8.04,73.52,44.31,59.80,8.11
595.48,40.18,20.14,22.66,8.04,73.52,44.22,59.80,8.11
595.49,40.10,20.16,22.70,8.04,73.52,44.31,59.80,8.11
595.50,40.10,20.16,22.66,8.04,73.52,44.31,59.80,8.10
595.51,40.10,20.16,22.70,8.04,73.52,44.31,59.95,8.11
595.52,40.18,20.16,22.70,8.04,73.52,44.22,59.80,8.11
595.53,40.18,20.14,22.70,8.04,73.52,44.31,59.80,8.10
595.54,40.10,20.16,22.70,8.04,73.30,44.31,59.80,8.11
595.55,40.10,20.14,22.66,8.04,73.30,44.31,59.95,8.11
595.56,40.10,20.16,22.70,8.04,73.52,44.22,59.80,8.12
595.57,40.10,20.14,22.70,8.04,73.52,44.31,59.80,8.11
595.58,40.10,20.14,22.66,8.04,73.30,44.31,59.95,8.12
595.59,40.18,20.16,22.70,8.04,73.52,44.31,59.80,8.11
595.60,40.02,20.14,22.66,8.06,73.52,44.31,59.80,8.11
595.61,40.10,20.16,22.66,8.04,73.52,44.31,59.80,8.11
595.62,40.18,20.16,22.70,8.04,73.52,44.22,59.80,8.12
595.63,40.18,20.16,22.66,8.04,73.30,44.31,59.80,8.11
595.64,40.10,20.14,22.70,8.04,73.52,44.31,59.80,8.11
595.65,40.10,20.14,22.70,8.04,73.30,44.31,59.64,8.11
595.66,40.18,20.16,22.66,8.04,73.52,44.31,59.64,8.11
595.67,40.10,20.16,22.66,8.04,73.75,44.31,59.80,8.11
595.68,40.18,20.14,22.70,8.06,73.30,44.31,59.80,8.11
595.69,40.18,20.14,22.70,8.04,73.30,44.31,59.80,8.11
595.70,40.10,20.16,22.66,8.04,73.52,44.31,59.80,8.11
595.71,40.10,20.14,22.66,8.04,73.52,44.31,59.80,8.11
595.72,40.10,20.14,22.66,8.04,73.30,44.31,59.64,8.11
595.73,40.10,20.19,22.66,8.04,73.52,44.31,59.64,8.11
595.74,40.18,20.14,22.66,8.04,73.30,44.31,59.95,8.11
595.75,40.18,20.16,22.66,8.04,73.52,44.31,59.64,8.11
595.76,40.10,20.16,22.66,8.04,73.30,44.41,59.80,8.12
595.77,40.10,20.16,22.70,8.04,73.52,44.31,59.80,8.11
595.78,40.18,20.16,22.70,8.04,73.52,44.31,59.80,8.11
595.79,40.18,20.14,22.66,8.04,73.52,44.31,59.80,8.11
595.80,40.10,20.16,22.66,8.04,73.52,44.31,59.80,8.10
595.81,40.18,20.16,22.66,8.06,73.52,44.31,59.80,8.11
595.82,40.10,20.14,22.70,8.04,73.52,44.31,59.80,8.11
595.83,40.10,20.14,22.70,8.04,73.52,44.31,59.64,8.11
595.84,40.18,20.16,22.66,8.04,73.52,44.31,59.80,8.11
595.85,40.18,20.16,22.66,8.04,73.30,44.31,59.80,8.11
595.86,40.18,20.14,22.70,8.06,73.52,44.31,59.80,8.11
595.87,40.10,20.19,22.66,8.04,73.52,44.31,59.95,8.11
595.88,40.10,20.14,22.70,8.04,73.52,44.50,59.80,8.12
595.89,40.18,20.14,22.66,8.04,73.52,44.22,59.80,8.10
595.90,40.10,20.14,22.70,8.06,73.52,44.31,59.80,8.10
595.91,40.10,20.16,22.66,8.04,73.52,44.31,59.80,8.11
595.92,40.18,20.16,22.66,8.06,73.52,44.31,59.80,8.11
595.93,40.10,20.16,22.66,8.04,73.52,44.31,59.95,8.11
595.94,40.10,20.14,22.70,8.04,73.52,44.31,59.80,8.11
595.95,40.10,20.14,22.66,8.04,73.52,44.31,59.80,8.11
595.96,40.10,20.16,22.66,8.04,73.52,44.31,59.80,8.11
595.97,40.02,20.14,22.66,8.04,73.52,44.31,59.64,8.11
595.98,40.18,20.14,22.66,8.04,73.30,44.31,59.80,8.11
595.99,40.10,20.16,22.70,8.04,73.52,44.31,59.80,8.11
596.00,40.10,20.16,22.66,8.04,73.52,44.31,59.80,8.11
596.01,40.10,20.16,22.66,8.04,73.52,44.31,59.80,8.11
596.02,40.10,20.14,22.70,8.04,73.52,44.41,59.80,8.10
596.03,40.18,20.16,22.70,8.04,73.52,44.41,59.80,8.11
596.04,40.10,20.16,22.70,8.04,73.30,44.31,59.80,8.11
596.05,40.10,20.19,22.70,8.06,73.30,44.31,59.80,8.11
596.06,40.18,20.16,22.66,8.04,73.30,44.41,59.80,8.11
596.07,40.18,20.14,22.70,8.04,73.52,44.31,59.80,8.11
596.08,40.18,20.16,22.70,8.04,73.30,44.22,59.80,8.12
596.09,40.02,20.16,22.66,8.04,73.52,44.31,59.80,8.11
596.10,40.10,20.14,22.70,8.04,73.52,44.31,59.80,8.11
596.11,40.18,20.16,22.66,8.04,73.52,44.31,59.80,8.11
596.12,40.18,20.16,22.66,8.06,73.52,44.31,59.80,8.11
596.13,40.10,20.19,22.70,8.04,73.52,44.31,59.80,8.11
596.14,40.10,20.16,22.70,8.04,73.30,44.31,59.80,8.10
596.15,40.18,20.16,22.70,8.04,73.30,44.41,59.80,8.11
596.16,40.10,20.16,22.66,8.04,73.52,44.31,59.80,8.11
596.17,40.10,20.16,22.70,8.04,73.30,44.31,59.80,8.10
596.18,40.10,20.16,22.70,8.04,73.75,44.31,59.80,8.11
596.19,40.10,20.14,22.66,8.04,73.52,44.31,59.80,8.12
596.20,40.18,20.16,22.66,8.04,73.52,44.31,59.80,8.12
596.21,40.10,20.14,22.70,8.06,73.52,44.41,59.64,8.10
596.22,40.18,20.16,22.70,8.04,73.52,44.31,59.80,8.10
596.23,40.10,20.16,22.70,8.04,73.52,44.22,59.80,8.11
596.24,40.18,20.16,22.66,8.04,73.30,44.31,59.80,8.11
596.25,40.18,20.16,22.70,8.04,73.52,44.31,59.80,8.12
596.26,40.18,20.14,22.70,8.04,73.52,44.31,59.80,8.12
596.27,40.10,20.16,22.66,8.04,73.30,44.31,59.80,8.11
596.28,40.10,20.16,22.66,8.06,73.52,44.41,59.80,8.11
596.29,40.10,20.14,22.66,8.06,73.30,44.31,59.80,8.11
596.30,40.10,20.16,22.66,8.04,73.52,44.31,59.64,8.12
596.31,40.10,20.14,22.66,8.04,73.52,44.31,59.64,8.10
596.32,40.10,20.16,22.66,8.04,73.52,44.31,59.80,8.11
596.33,40.10,20.16,22.66,8.06,73.52,44.31,59.80,8.11
596.34,40.10,20.16,22.66,8.04,73.52,44.31,59.80,8.11
596.35,40.10,20.14,22.66,8.04,73.30,44.31,59.80,8.11
596.36,40.10,20.16,22.66,8.04,73.52,44.31,59.80,8.11
596.37,40.10,20.16,22.66,8.04,73.30,44.22,59.80,8.11
596.38,40.10,20.16,22.70,8.04,73.52,44.31,59.80,8.10
596.39,40.18,20.16,22.70,8.06,73.52,44.31,59.80,8.11
596.40,40.10,20.16,22.70,8.06,73.52,44.22,59.80,8.10
596.41,40.10,20.16,22.70,8.04,73.52,44.31,59.80,8.11
596.42,40.18,20.14,22.70,8.04,73.30,44.31,59.80,8.10
596.43,40.10,20.16,22.66,8.04,73.52,44.31,59.80,8.12
596.44,40.10,20.14,22.66,8.04,73.52,44.31,59.80,8.11
596.45,40.18,20.16,22.70,8.04,73.30,44.31,59.80,8.11
596.46,40.18,20.16,22.70,8.04,73.30,44.31,59.64,8.11
596.47,40.10,20.16,22.66,8.04,73.52,44.31,59.80,8.11
596.48,40.10,20.14,22.66,8.04,73.52,44.31,59.80,8.11
596.49,40.10,20.14,22.66,8.04,73.52,44.22,59.80,8.11
596.50,40.18,20.14,22.66,8.04,73.52,44.31,59.80,8.11
596.51,40.10,20.14,22.66,8.04,73.52,44.31,59.95,8.11
596.52,40.10,20.16,22.66,8.04,73.52,44.31,59.80,8.11
596.53,40.10,20.14,22.66,8.04,73.52,44.22,59.80,8.11
596.54,40.10,20.16,22.70,8.04,73.52,44.31,59.80,8.11
596.55,40.18,20.16,22.66,8.04,73.52,44.31,59.80,8.11
596.56,40.10,20.14,22.66,8.04,73.52,44.31,59.80,8.11
596.57,40.18,20.19,22.70,8.04,73.52,44.22,59.80,8.11
596.58,40.10,20.16,22.66,8.04,73.52,44.31,59.80,8.12
596.59,40.10,20.16,22.66,8.04,73.52,44.31,59.80,8.10
596.60,40.18,20.16,22.66,8.04,73.52,44.41,59.80,8.10
596.61,40.10,20.14,22.66,8.04,73.52,44.22,59.80,8.11
596.62,40.18,20.14,22.70,8.04,73.52,44.31,59.80,8.11
596.63,40.10,20.16,22.70,8.04,73.52,44.31,59.80,8.12
596.64,40.10,20.14,22.66,8.04,73.52,44.41,59.64,8.11
596.65,40.10,20.14,22.66,8.04,73.30,44.22,59.64,8.11
596.66,40.10,20.16,22.66,8.04,73.30,44.41,59.80,8.10
596.67,40.10,20.14,22.70,8.04,73.52,44.31,59.80,8.11
596.68,40.10,20.19,22.70,8.04,73.30,44.22,59.80,8.11
596.69,40.10,20.16,22.70,8.04,73.52,44.31,59.80,8.11
596.70,40.18,20.16,22.70,8.04,73.52,44.31,59.80,8.11
596.71,40.18,20.16,22.66,8.04,73.30,44.31,59.64,8.10
596.72,40.10,20.14,22.66,8.06,73.52,44.31,59.80,8.11
596.73,40.10,20.16,22.66,8.04,73.52,44.31,59.49,8.11
596.74,40.18,20.14,22.66,8.06,73.52,44.41,59.80,8.11
596.75,40.10,20.16,22.66,8.04,73.52,44.31,59.95,8.12
596.76,40.10,20.16,22.66,8.06,73.52,44.31,59.80,8.10
596.77,40.18,20.16,22.66,8.06,73.30,44.31,59.80,8.11
596.78,40.02,20.16,22.66,8.04,73.30,44.31,59.80,8.11
596.79,40.02,20.19,22.70,8.06,73.52,44.31,59.80,8.11
596.80,40.18,20.16,22.70,8.04,73.30,44.41,59.80,8.10
596.81,40.10,20.14,22.66,8.04,73.30,44.31,59.80,8.11
596.82,40.10,20.16,22.73,8.06,73.52,44.31,60.11,8.11
596.83,40.18,20.16,22.73,8.06,73.52,44.31,59.80,8.11
596.84,40.10,20.16,22.70,8.04,73.30,44.31,59.80,8.11
596.85,40.10,20.14,22.70,8.04,73.52,44.22,59.64,8.11
596.86,40.18,20.16,22.66,8.04,73.52,44.31,59.95,8.11
596.87,40.18,20.16,22.66,8.04,73.30,44.31,59.80,8.11
596.88,40.10,20.16,22.66,8.04,73.30,44.22,59.64,8.11
596.89,40.10,20.14,22.66,8.04,73.52,44.41,59.80,8.11
596.90,40.18,20.14,22.70,8.04,73.52,44.41,59.80,8.10
596.91,40.10,20.14,22.70,8.04,73.52,44.31,59.64,8.11
596.92,40.18,20.14,22.70,8.04,73.52,44.31,60.11,8.11
596.93,40.18,20.16,22.66,8.04,73.52,44.31,59.64,8.12
596.94,40.10,20.14,22.66,8.06,73.30,44.41,59.80,8.11
596.95,40.18,20.16,22.66,8.04,73.52,44.31,59.80,8.11
596.96,40.10,20.14,22.66,8.06,73.30,44.31,59.80,8.11
596.97,40.18,20.16,22.70,8.04,73.52,44.31,59.80,8.11
596.98,40.10,20.16,22.70,8.04,73.30,44.31,59.80,8.12
596.99,40.18,20.14,22.66,8.04,73.52,44.31,59.80,8.11
597.00,40.18,20.16,22.70,8.04,73.52,44.31,59.80,8.11
597.01,40.10,20.14,22.70,8.04,73.52,44.41,59.80,8.11
597.02,40.18,20.14,22.70,8.06,73.30,44.41,59.64,8.11
597.03,40.10,20.16,22.70,8.04,73.52,44.31,59.80,8.11
597.04,40.10,20.14,22.66,8.04,73.52,44.22,59.80,8.11
597.05,40.18,20.14,22.70,8.04,73.52,44.31,59.95,8.11
597.06,40.18,20.14,22.70,8.04,73.52,44.31,59.80,8.11
597.07,40.10,20.16,22.66,8.06,73.52,44.31,59.80,8.10
597.08,40.10,20.16,22.66,8.06,73.52,44.31,59.80,8.11
597.09,40.18,20.16,22.66,8.04,73.30,44.31,59.95,8.11
597.10,40.10,20.16,22.66,8.06,73.30,44.31,59.80,8.11
597.11,40.10,20.16,22.66,8.04,73.52,44.31,59.80,8.11
597.12,40.18,20.16,22.66,8.06,73.52,44.31,59.80,8.11
597.13,40.18,20.16,22.66,8.06,73.52,44.31,59.80,8.11
597.14,40.10,20.16,22.70,8.04,73.52,44.31,59.80,8.12
597.15,40.10,20.16,22.70,8.04,73.30,44.31,59.64,8.11
597.16,40.10,20.16,22.70,8.04,73.52,44.31,59.80,8.11
597.17,40.18,20.16,22.70,8.06,73.30,44.31,59.80,8.11
597.18,40.10,20.16,22.70,8.04,73.30,44.31,59.80,8.11
597.19,40.18,20.16,22.66,8.04,73.52,44.31,59.80,8.11
597.20,40.18,20.14,22.66,8.04,73.30,44.31,59.80,8.11
597.21,40.18,20.16,22.70,8.06,73.52,44.31,59.80,8.11
597.22,40.18,20.14,22.70,8.04,73.52,44.31,59.80,8.11
597.23,40.18,20.19,22.66,8.04,73.52,44.31,59.80,8.11
597.24,40.10,20.19,22.70,8.04,73.52,44.31,59.95,8.12
597.25,40.10,20.16,22.66,8.04,73.52,44.31,59.80,8.11
597.26,40.18,20.16,22.70,8.06,73.30,44.31,59.80,8.11
597.27,40.18,20.14,22.70,8.04,73.52,44.31,59.80,8.11
597.28,40.18,20.16,22.70,8.04,73.52,44.31,59.80,8.11
597.29,40.10,20.16,22.66,8.04,73.52,44.31,59.80,8.11
597.30,40.18,20.16,22.70,8.04,73.52,44.31,59.80,8.11
597.31,40.18,20.16,22.66,8.06,73.52,44.31,59.80,8.11
597.32,40.18,20.16,22.66,8.04,73.52,44.31,59.80,8.11
597.33,40.10,20.16,22.70,8.04,73.52,44.31,59.80,8.10
597.34,40.18,20.19,22.66,8.04,73.30,44.41,59.80,8.11
597.35,40.18,20.19,22.66,8.04,73.30,44.22,59.80,8.11
597.36,40.18,20.16,22.70,8.04,73.52,44.31,59.80,8.12
597.37,40.18,20.16,22.70,8.04,73.52,44.31,59.80,8.11
597.38,40.10,20.14,22.70,8.04,73.52,44.31,59.80,8.11
597.39,40.10,20.14,22.70,8.06,73.75,44.41,59.95,8.11
597.40,40.10,20.16,22.66,8.04,73.52,44.31,59.80,8.10
597.41,40.10,20.14,22.66,8.04,73.30,44.41,59.80,8.11
597.42,40.10,20.19,22.70,8.04,73.30,44.31,59.80,8.12
597.43,40.10,20.19,22.70,8.04,73.52,44.31,59.80,8.11
597.44,40.10,20.16,22.70,8.06,73.52,44.31,59.80,8.11
597.45,40.18,20.19,22.66,8.04,73.52,44.31,59.95,8.11
597.46,40.18,20.16,22.70,8.04,73.52,44.31,59.80,8.11
597.47,40.18,20.16,22.70,8.04,73.30,44.31,59.80,8.11
597.48,40.10,20.16,22.70,8.04,73.52,44.31,59.95,8.12
597.49,40.18,20.14,22.70,8.04,73.52,44.31,59.80,8.12
597.50,40.18,20.16,22.70,8.06,73.30,44.31,59.80,8.11
597.51,40.18,20.14,22.70,8.04,73.52,44.31,59.80,8.11
597.52,40.10,20.19,22.66,8.04,73.52,44.41,59.80,8.11
597.53,40.10,20.19,22.70,8.04,73.30,44.31,59.64,8.11
597.54,40.18,20.14,22.70,8.04,73.52,44.31,59.95,8.11
597.55,40.10,20.16,22.66,8.04,73.52,44.31,59.95,8.11
597.56,40.10,20.14,22.66,8.04,73.52,44.41,59.80,8.12
597.57,40.18,20.16,22.66,8.04,73.30,44.22,59.80,8.11
597.58,40.10,20.19,22.70,8.04,73.52,44.31,59.80,8.11
597.59,40.10,20.16,22.70,8.06,73.52,44.41,59.80,8.11
597.60,40.18,20.16,22.66,8.04,73.52,44.31,59.80,8.10
597.61,40.18,20.16,22.70,8.04,73.75,44.31,59.80,8.12
597.62,40.10,20.16,22.70,8.04,73.52,44.31,59.80,8.11
597.63,40.18,20.14,22.66,8.04,73.52,44.31,59.95,8.12
597.64,40.10,20.16,22.70,8.04,73.52,44.41,59.80,8.11
597.65,40.18,20.16,22.70,8.04,73.52,44.41,59.80,8.11
597.66,40.10,20.16,22.66,8.04,73.52,44.22,59.80,8.11
597.67,40.18,20.16,22.70,8.06,73.52,44.31,59.80,8.11
597.68,40.18,20.16,22.66,8.04,73.52,44.31,59.80,8.11
597.69,40.18,20.14,22.70,8.04,73.52,44.31,59.95,8.11
597.70,40.10,20.16,22.70,8.06,73.52,44.31,59.80,8.11
597.71,40.18,20.14,22.73,8.04,73.52,44.31,59.80,8.11
597.72,40.10,20.19,22.66,8.04,73.52,44.31,59.80,8.11
597.73,40.10,20.16,22.70,8.04,73.30,44.41,59.80,8.11
597.74,40.10,20.16,22.66,8.04,73.52,44.31,59.80,8.11
597.75,40.18,20.16,22.70,8.04,73.52,44.41,59.95,8.11
597.76,40.10,20.19,22.66,8.04,73.52,44.31,59.95,8.11
597.77,40.10,20.16,22.66,8.04,73.52,44.31,59.80,8.11
597.78,40.10,20.22,22.70,8.06,73.75,44.31,59.80,8.11
597.79,40.18,20.16,22.70,8.06,73.52,44.31,59.80,8.11
597.80,40.10,20.16,22.70,8.04,73.52,44.31,59.80,8.11
597.81,40.18,20.16,22.70,8.04,73.30,44.31,59.80,8.11
597.82,40.18,20.14,22.70,8.06,73.30,44.41,59.80,8.11
597.83,40.18,20.19,22.70,8.04,73.52,44.31,59.80,8.12
597.84,40.18,20.19,22.66,8.04,73.52,44.31,59.80,8.11
597.85,40.10,20.14,22.66,8.04,73.52,44.41,59.80,8.11
597.86,40.10,20.14,22.73,8.04,73.52,44.12,59.80,8.11
597.87,40.10,20.16,22.66,8.04,73.52,44.31,59.95,8.11
597.88,40.18,20.19,22.70,8.04,73.30,44.41,59.80,8.11
597.89,40.18,20.19,22.70,8.04,73.52,44.41,59.80,8.11
597.90,40.18,20.16,22.70,8.04,73.52,44.31,59.80,8.11
597.91,40.18,20.16,22.70,8.04,73.30,44.41,59.80,8.13
597.92,40.18,20.16,22.66,8.04,73.52,44.31,59.80,8.11
597.93,40.10,20.16,22.70,8.04,73.52,44.31,59.80,8.11
597.94,40.10,20.16,22.70,8.04,73.30,44.41,59.80,8.11
597.95,40.18,20.16,22.66,8.04,73.52,44.41,59.95,8.11
597.96,40.10,20.19,22.70,8.04,73.30,44.31,59.95,8.12
597.97,40.10,20.16,22.70,8.04,73.52,44.31,59.80,8.11
597.98,40.18,20.16,22.70,8.06,73.52,44.31,59.80,8.11
597.99,40.10,20.14,22.70,8.04,73.52,44.41,59.80,8.11
598.00,39.94,20.16,22.70,8.04,73.52,44.31,59.80,8.11
598.01,40.18,20.16,22.70,8.04,73.52,44.31,59.80,8.11
598.02,40.18,20.16,22.66,8.04,73.52,44.41,59.80,8.11
598.03,40.10,20.16,22.70,8.06,73.52,44.41,59.80,8.11
598.04,40.18,20.16,22.70,8.04,73.52,44.31,59.80,8.11
598.05,40.18,20.16,22.70,8.04,73.52,44.31,59.80,8.11
598.06,40.18,20.16,22.70,8.04,73.75,44.31,59.80,8.11
598.07,40.10,20.19,22.70,8.04,73.75,44.31,59.80,8.11
598.08,40.18,20.19,22.70,8.06,73.52,44.41,59.64,8.11
598.09,40.10,20.16,22.70,8.04,73.52,44.31,59.80,8.11
598.10,40.18,20.16,22.70,8.06,73.52,44.31,59.95,8.11
598.11,40.18,20.16,22.66,8.04,73.52,44.31,59.64,8.11
598.12,40.18,20.16,22.70,8.04,73.30,44.22,59.80,8.11
598.13,40.18,20.16,22.70,8.06,73.52,44.41,59.95,8.11
598.14,40.18,20.19,22.70,8.04,73.52,44.31,59.64,8.11
598.15,40.18,20.16,22.66,8.04,73.52,44.31,59.95,8.11
598.16,40.10,20.16,22.70,8.06,73.52,44.41,59.80,8.11
598.17,40.10,20.16,22.66,8.04,73.52,44.31,59.80,8.11
598.18,40.18,20.16,22.70,8.04,73.52,44.41,59.95,8.11
598.19,40.18,20.16,22.70,8.04,73.52,44.41,59.80,8.12
598.20,40.18,20.16,22.70,8.04,73.52,44.41,59.80,8.11
598.21,40.18,20.16,22.70,8.04,73.52,44.31,59.80,8.11
598.22,40.10,20.16,22.70,8.04,73.52,44.31,59.80,8.12
598.23,40.10,20.19,22.73,8.04,73.52,44.31,59.80,8.11
598.24,40.18,20.16,22.70,8.04,73.52,44.31,59.80,8.12
598.25,40.10,20.16,22.70,8.04,73.52,44.31,59.80,8.11
598.26,40.18,20.19,22.70,8.04,73.52,44.41,59.95,8.11
598.27,40.10,20.19,22.66,8.04,73.52,44.31,59.80,8.11
598.28,40.18,20.16,22.70,8.04,73.52,44.41,59.80,8.13
598.29,40.10,20.19,22.70,8.04,73.52,44.41,59.80,8.11
598.30,40.10,20.16,22.70,8.04,73.75,44.31,59.95,8.12
598.31,40.10,20.16,22.70,8.06,73.52,44.31,59.95,8.12
598.32,40.18,20.16,22.70,8.04,73.75,44.41,59.95,8.12
598.33,40.18,20.16,22.70,8.04,73.52,44.31,59.95,8.11
598.34,40.18,20.19,22.70,8.04,73.52,44.41,59.80,8.12
598.35,40.18,20.16,22.70,8.06,73.52,44.41,59.80,8.11
598.36,40.18,20.19,22.66,8.04,73.52,44.31,59.80,8.12
598.37,40.18,20.16,22.70,8.04,73.52,44.41,59.95,8.12
598.38,40.18,20.16,22.73,8.04,73.52,44.41,59.95,8.11
598.39,40.18,20.19,22.70,8.06,73.52,44.31,59.80,8.11
598.40,40.10,20.16,22.70,8.04,73.52,44.31,59.80,8.11
598.41,40.18,20.16,22.66,8.06,73.52,44.31,59.80,8.12
598.42,40.18,20.19,22.70,8.04,73.52,44.31,59.80,8.12
598.43,40.18,20.19,22.70,8.04,73.52,44.31,59.80,8.11
598.44,40.10,20.19,22.66,8.04,73.52,44.41,59.95,8.11
598.45,40.10,20.16,22.70,8.04,73.52,44.31,59.80,8.12
598.46,40.18,20.16,22.70,8.04,73.52,44.41,59.80,8.11
598.47,40.18,20.16,22.70,8.06,73.30,44.31,59.80,8.11
598.48,40.18,20.16,22.70,8.04,73.52,44.41,59.80,8.12
598.49,40.18,20.16,22.70,8.04,73.52,44.31,59.80,8.11
598.50,40.18,20.16,22.70,8.04,73.52,44.31,59.95,8.11
598.51,40.10,20.19,22.70,8.06,73.52,44.31,59.80,8.12
598.52,40.18,20.19,22.70,8.04,73.52,44.41,59.95,8.11
598.53,40.10,20.16,22.73,8.04,73.52,44.31,59.80,8.11
598.54,40.18,20.16,22.66,8.04,73.52,44.41,59.95,8.11
598.55,40.18,20.19,22.70,8.04,73.52,44.31,59.95,8.12
598.56,40.18,20.19,22.66,8.04,73.52,44.41,59.80,8.11
598.57,40.18,20.19,22.70,8.04,73.52,44.41,59.80,8.12
598.58,40.18,20.16,22.70,8.07,73.52,44.41,59.80,8.11
598.59,40.02,20.16,22.70,8.04,73.52,44.31,59.80,8.11
598.62,40.18,20.16,22.70,8.04,73.52,44.41,59.80,8.11
598.62,40.18,20.19,22.70,8.04,73.52,44.41,59.95,8.12
598.63,40.18,20.16,22.66,8.04,73.52,44.41,59.80,8.11
598.64,40.10,20.16,22.70,8.04,73.52,44.31,59.80,8.12
598.65,40.18,20.22,22.70,8.06,73.52,44.41,59.80,8.11
598.66,40.18,20.16,22.70,8.04,73.52,44.31,59.80,8.11
598.67,40.10,20.19,22.70,8.04,73.52,44.41,59.95,8.12
598.68,40.18,20.19,22.66,8.04,73.52,44.41,59.95,8.12
598.69,40.18,20.19,22.70,8.04,73.52,44.31,59.80,8.12
598.70,40.10,20.16,22.70,8.04,73.75,44.31,59.80,8.11
598.71,40.18,20.19,22.70,8.04,73.52,44.41,59.95,8.11
598.72,40.18,20.19,22.70,8.04,73.52,44.31,59.80,8.12
598.73,40.18,20.19,22.66,8.04,73.52,44.31,59.80,8.12
598.74,40.18,20.19,22.70,8.04,73.30,44.31,59.95,8.11
598.75,40.18,20.16,22.73,8.04,73.52,44.31,59.95,8.11
598.76,40.18,20.19,22.70,8.04,73.52,44.31,59.95,8.12
598.77,40.18,20.19,22.70,8.06,73.52,44.41,59.80,8.12
598.78,40.18,20.16,22.70,8.04,73.52,44.41,59.80,8.13
598.79,40.18,20.16,22.66,8.04,73.52,44.31,59.95,8.12
598.80,40.18,20.19,22.66,8.06,73.52,44.31,59.80,8.11
598.81,40.10,20.19,22.70,8.04,73.52,44.31,59.95,8.11
598.82,40.18,20.16,22.70,8.04,73.52,44.31,59.80,8.12
598.83,40.18,20.16,22.70,8.06,73.52,44.31,59.95,8.12
598.84,40.18,20.19,22.70,8.04,73.52,44.41,59.95,8.11
598.85,40.18,20.19,22.70,8.06,73.30,44.41,59.80,8.11
598.86,40.18,20.16,22.70,8.06,73.75,44.41,59.80,8.11
598.87,40.18,20.19,22.70,8.04,73.52,44.41,59.80,8.12
598.88,40.18,20.19,22.70,8.04,73.52,44.31,59.80,8.11
598.89,40.18,20.16,22.70,8.06,73.52,44.31,59.80,8.12
598.90,40.10,20.19,22.70,8.04,73.52,44.31,59.80,8.11
598.91,40.18,20.16,22.70,8.06,73.52,44.41,59.95,8.11
598.92,40.18,20.19,22.70,8.04,73.52,44.31,59.95,8.11
598.93,40.18,20.16,22.70,8.04,73.52,44.31,59.80,8.11
598.94,40.18,20.19,22.70,8.04,73.52,44.31,59.95,8.11
598.95,40.18,20.19,22.73,8.06,73.52,44.31,59.80,8.11
598.96,40.18,20.19,22.70,8.06,73.52,44.41,59.80,8.11
598.97,40.18,20.19,22.70,8.04,73.52,44.41,59.80,8.11
598.98,40.18,20.19,22.73,8.06,73.52,44.41,59.95,8.11
598.99,40.18,20.19,22.66,8.04,73.52,44.31,59.80,8.11
599.00,40.18,20.19,22.70,8.06,73.52,44.31,59.80,8.12
599.01,40.18,20.16,22.70,8.06,73.52,44.31,59.80,8.12
599.02,40.18,20.16,22.70,8.04,73.52,44.41,59.80,8.11
599.03,40.18,20.19,22.70,8.06,73.52,44.41,59.95,8.11
599.04,40.18,20.19,22.70,8.06,73.52,44.41,59.80,8.11
599.05,40.18,20.22,22.70,8.04,73.52,44.31,59.80,8.11
599.06,40.18,20.16,22.70,8.06,73.75,44.50,59.80,8.11
599.07,40.18,20.16,22.70,8.04,73.52,44.31,59.80,8.11
599.08,40.18,20.16,22.70,8.07,73.52,44.31,59.80,8.11
599.09,40.18,20.16,22.70,8.04,73.52,44.31,59.80,8.12
599.10,40.18,20.19,22.70,8.04,73.52,44.41,59.95,8.11
599.11,40.18,20.19,22.70,8.04,73.52,44.41,59.95,8.11
599.12,40.18,20.19,22.70,8.06,73.52,44.31,59.95,8.11
599.13,40.18,20.19,22.73,8.04,73.52,44.31,59.80,8.13
599.14,40.18,20.19,22.73,8.04,73.52,44.31,59.80,8.12
599.15,40.10,20.19,22.70,8.06,73.52,44.31,59.80,8.11
599.16,40.18,20.19,22.73,8.04,73.75,44.41,59.80,8.11
599.17,40.18,20.19,22.70,8.06,73.52,44.41,59.95,8.11
599.18,40.10,20.22,22.66,8.04,73.52,44.31,59.80,8.11
599.19,40.18,20.19,22.73,8.06,73.52,44.41,59.95,8.11
599.20,40.18,20.19,22.70,8.04,73.52,44.41,59.80,8.12
599.21,40.18,20.16,22.70,8.06,73.52,44.50,59.95,8.12
599.22,40.18,20.16,22.73,8.06,73.75,44.50,59.95,8.11
599.23,40.10,20.16,22.73,8.07,73.52,44.41,59.95,8.12
599.24,40.18,20.16,22.73,8.04,73.52,44.41,59.80,8.11
599.25,40.18,20.16,22.73,8.04,73.52,44.41,59.80,8.11
599.26,40.18,20.19,22.73,8.07,73.52,44.41,59.95,8.12
599.27,40.18,20.16,22.70,8.04,73.30,44.41,59.95,8.11
599.28,40.18,20.19,22.73,8.04,73.75,44.31,59.95,8.12
599.29,40.18,20.19,22.70,8.06,73.52,44.50,59.95,8.12
599.30,40.10,20.19,22.70,8.06,73.52,44.41,59.95,8.11
599.31,40.18,20.22,22.70,8.04,73.52,44.41,59.95,8.12
599.32,40.10,20.19,22.70,8.04,73.52,44.41,59.80,8.12
599.33,40.18,20.19,22.70,8.06,73.52,44.41,59.64,8.11
599.34,40.18,20.19,22.66,8.07,73.75,44.31,59.95,8.12
599.35,40.18,20.19,22.70,8.06,73.75,44.31,59.95,8.11
599.36,40.18,20.22,22.70,8.04,73.75,44.41,59.95,8.12
599.37,40.10,20.19,22.70,8.06,73.52,44.41,59.80,8.11
599.38,40.18,20.16,22.70,8.04,73.52,44.41,59.80,8.11
599.39,40.18,20.19,22.73,8.04,73.52,44.31,59.80,8.12
599.40,40.18,20.22,22.70,8.04,73.52,44.31,59.95,8.11
599.41,40.18,20.19,22.70,8.07,73.52,44.41,59.95,8.12
599.42,40.18,20.19,22.70,8.04,73.52,44.31,59.80,8.11
599.43,40.18,20.19,22.73,8.04,73.52,44.41,59.80,8.12
599.44,40.18,20.19,22.73,8.04,73.52,44.41,59.95,8.12
599.45,40.18,20.19,22.70,8.04,73.52,44.31,59.95,8.11
599.46,40.18,20.16,22.73,8.06,73.52,44.31,59.95,8.11
599.47,40.18,20.19,22.70,8.07,73.52,44.41,59.95,8.11
599.48,40.18,20.19,22.70,8.06,73.52,44.41,59.95,8.12
599.49,40.18,20.22,22.70,8.06,73.52,44.31,59.80,8.11
599.50,40.10,20.16,22.70,8.04,73.52,44.41,59.95,8.12
599.51,40.18,20.19,22.70,8.04,73.52,44.41,59.80,8.11
599.52,40.18,20.19,22.70,8.06,73.52,44.41,59.95,8.11
599.53,40.18,20.19,22.70,8.04,73.52,44.31,59.95,8.11
599.54,40.18,20.22,22.70,8.07,73.30,44.41,59.80,8.11
599.55,40.18,20.19,22.70,8.07,73.52,44.41,59.80,8.11
599.56,40.18,20.19,22.70,8.04,73.52,44.31,59.95,8.11
599.57,40.18,20.16,22.70,8.04,73.52,44.41,59.95,8.11
599.58,40.18,20.19,22.73,8.06,73.52,44.31,59.95,8.11
599.59,40.18,20.19,22.70,8.06,73.52,44.31,59.80,8.12
599.60,40.18,20.19,22.70,8.06,73.75,44.41,59.95,8.11
599.61,40.18,20.19,22.73,8.04,73.75,44.41,59.95,8.11
599.62,40.10,20.19,22.70,8.04,73.52,44.31,59.80,8.12
599.63,40.18,20.22,22.73,8.06,73.75,44.31,59.80,8.13
599.64,40.18,20.19,22.70,8.04,73.75,44.50,59.95,8.11
599.65,40.10,20.19,22.70,8.06,73.75,44.41,59.95,8.13
599.66,40.18,20.22,22.73,8.04,73.52,44.31,59.95,8.13
599.67,40.18,20.19,22.70,8.04,73.52,44.41,59.80,8.11
599.68,40.10,20.19,22.70,8.06,73.52,44.50,59.95,8.11
599.69,40.18,20.19,22.73,8.06,73.75,44.41,59.95,8.12
599.70,40.18,20.19,22.70,8.04,73.52,44.41,59.95,8.11
599.71,40.18,20.19,22.70,8.04,73.52,44.50,59.80,8.11
599.72,40.26,20.19,22.73,8.06,73.52,44.41,59.95,8.11
599.73,40.18,20.22,22.70,8.04,73.52,44.41,59.80,8.12
599.74,40.18,20.22,22.70,8.06,73.52,44.41,59.95,8.12
599.75,40.18,20.22,22.70,8.04,73.52,44.50,59.95,8.12
599.76,40.18,20.19,22.70,8.06,73.75,44.50,59.95,8.11
599.77,40.18,20.19,22.70,8.06,73.52,44.41,59.95,8.11
599.78,40.18,20.22,22.70,8.06,73.52,44.41,59.80,8.11
599.79,40.18,20.19,22.70,8.06,73.75,44.31,59.95,8.12
599.80,40.18,20.19,22.73,8.06,73.52,44.41,59.80,8.12
599.81,40.18,20.19,22.70,8.04,73.52,44.41,59.80,8.11
599.82,40.18,20.19,22.73,8.07,73.75,44.41,59.95,8.11
599.83,40.18,20.19,22.73,8.06,73.52,44.41,59.95,8.11
599.84,40.18,20.19,22.70,8.06,73.52,44.31,59.95,8.12
599.85,40.18,20.19,22.70,8.06,73.52,44.41,59.95,8.12
599.86,40.18,20.19,22.73,8.04,73.75,44.41,59.95,8.12
599.87,40.18,20.19,22.70,8.06,73.52,44.41,59.80,8.11
599.88,40.18,20.19,22.70,8.04,73.52,44.41,59.95,8.12
599.89,40.18,20.19,22.73,8.06,73.52,44.41,59.80,8.11
599.90,40.18,20.22,22.70,8.04,73.75,44.31,59.80,8.13
599.91,40.18,20.22,22.70,8.06,73.75,44.31,59.95,8.12
599.92,40.18,20.22,22.73,8.04,73.52,44.41,59.95,8.12
599.93,40.18,20.19,22.70,8.06,73.75,44.41,59.95,8.12
599.94,40.18,20.19,22.70,8.04,73.75,44.50,59.95,8.11
599.95,40.18,20.19,22.73,8.04,73.52,44.41,59.95,8.12
599.96,40.18,20.22,22.70,8.06,73.52,44.41,59.95,8.11
599.97,40.18,20.19,22.73,8.06,73.52,44.31,59.80,8.11
599.98,40.18,20.22,22.70,8.06,73.52,44.50,59.95,8.12
599.99,40.26,20.19,22.73,8.06,73.52,44.41,59.95,8.11
