timestamp,TGS2611-5.65,TGS2612-5.65,TGS2610-5.65,TGS2602-5.65,TGS2611 5.00,TGS2612-5.00,TGS2610-5.00,TGS2602-5.00
0.00,35.28,21.41,23.01,21.52,98.64,57.07,49.98,39.59
0.01,35.28,21.41,23.01,21.55,98.64,57.21,49.87,39.59
0.02,35.34,21.38,23.01,21.55,98.64,57.21,49.98,39.59
0.03,35.28,21.38,23.01,21.52,98.64,57.07,49.98,39.59
0.04,35.34,21.38,22.97,21.55,98.64,57.21,49.98,39.59
0.05,35.34,21.38,23.01,21.55,98.64,57.21,49.87,39.59
0.06,35.34,21.38,23.01,21.52,99.02,57.07,49.98,39.59
0.07,35.34,21.38,23.01,21.55,98.64,57.07,49.87,39.59
0.08,35.28,21.38,23.01,21.55,98.64,57.07,49.87,39.59
0.09,35.34,21.38,22.97,21.55,98.64,57.07,49.98,39.59
0.10,35.41,21.41,23.01,21.52,98.64,57.07,49.87,39.59
0.11,35.41,21.41,23.01,21.52,98.64,57.21,49.87,39.59
0.12,35.28,21.38,23.01,21.55,98.64,57.21,49.87,39.59
0.13,35.28,21.38,23.01,21.52,98.64,57.07,49.87,39.59
0.14,35.34,21.38,23.01,21.52,98.64,57.21,49.98,39.59
0.15,35.34,21.41,23.01,21.55,98.64,57.21,49.98,39.59
0.16,35.34,21.41,23.01,21.55,99.02,57.21,49.98,39.59
0.17,35.34,21.41,23.01,21.52,98.64,57.07,49.87,39.59
0.18,35.28,21.38,23.01,21.52,98.64,57.07,49.98,39.59
0.19,35.34,21.38,23.01,21.52,98.64,57.07,49.87,39.59
0.20,35.34,21.38,23.01,21.52,99.02,57.07,49.98,39.59
0.21,35.41,21.41,23.01,21.55,99.02,57.21,49.98,39.59
0.22,35.28,21.41,23.01,21.55,98.64,57.21,49.98,39.59
0.23,35.34,21.38,23.01,21.52,98.64,57.21,49.87,39.59
0.24,35.28,21.41,23.01,21.55,99.02,57.21,49.98,39.59
0.25,35.34,21.41,23.01,21.52,99.02,57.21,49.98,39.59
0.26,35.34,21.41,23.01,21.52,98.64,57.21,49.87,39.59
0.27,35.34,21.41,23.01,21.55,98.64,57.21,49.98,39.59
0.28,35.34,21.41,23.01,21.55,98.64,57.07,49.98,39.59
0.29,35.28,21.41,23.01,21.52,98.64,57.07,49.98,39.59
0.30,35.41,21.41,23.01,21.55,99.02,57.07,49.98,39.59
0.31,35.34,21.41,23.01,21.52,98.64,57.21,49.87,39.59
0.32,35.34,21.41,23.01,21.52,98.64,57.21,49.87,39.59
0.33,35.34,21.41,23.01,21.52,98.64,57.07,49.87,39.51
0.34,35.34,21.41,23.01,21.55,98.64,57.21,49.98,39.59
0.35,35.34,21.41,23.01,21.55,98.64,57.21,49.98,39.59
0.36,35.34,21.41,23.01,21.55,99.02,57.21,50.10,39.59
0.37,35.34,21.41,23.01,21.52,99.02,57.21,49.98,39.59
0.38,35.28,21.41,23.01,21.55,99.02,57.21,49.98,39.59
0.39,35.41,21.41,23.01,21.52,99.02,57.21,49.87,39.59
0.40,35.28,21.45,23.01,21.52,98.64,57.21,49.87,39.59
0.41,35.41,21.41,23.04,21.52,99.02,57.07,49.98,39.59
0.42,35.41,21.41,23.01,21.52,98.64,57.21,49.98,39.59
0.43,35.34,21.41,23.01,21.55,98.64,57.21,49.98,39.59
0.44,35.34,21.41,23.01,21.55,99.02,57.21,49.98,39.59
0.45,35.41,21.41,23.04,21.55,99.02,57.21,49.98,39.59
0.46,35.34,21.41,23.04,21.55,98.64,57.21,49.98,39.59
0.47,35.34,21.41,23.01,21.55,98.64,57.21,49.98,39.59
0.48,35.34,21.41,23.04,21.52,99.02,57.21,49.87,39.59
0.49,35.41,21.41,23.04,21.52,99.02,56.92,49.98,39.67
0.50,35.41,21.41,23.04,21.55,99.02,57.07,49.98,39.59
0.51,35.41,21.45,23.04,21.52,98.64,57.07,49.98,39.59
0.52,35.41,21.41,23.04,21.52,99.02,57.07,49.98,39.59
0.53,35.34,21.41,23.01,21.52,98.64,57.21,49.98,39.59
0.54,35.34,21.41,23.04,21.55,99.40,57.07,49.98,39.59
0.55,35.41,21.41,23.04,21.55,99.02,57.07,49.98,39.59
0.56,35.41,21.41,23.04,21.55,98.64,57.07,49.98,39.59
0.57,35.41,21.41,23.04,21.52,99.02,57.07,49.98,39.59
0.58,35.34,21.45,23.01,21.55,99.02,57.07,49.98,39.59
0.59,35.34,21.38,23.01,21.52,98.64,57.07,49.98,39.59
0.60,35.34,21.45,23.01,21.55,99.02,57.21,49.98,39.59
0.61,35.41,21.45,23.04,21.52,99.02,57.21,49.98,39.59
0.62,35.34,21.41,23.04,21.55,99.02,57.21,49.98,39.59
0.63,35.34,21.41,23.01,21.55,99.02,57.21,49.98,39.59
0.64,35.34,21.41,23.01,21.52,99.02,57.21,49.98,39.59
0.65,35.41,21.45,23.04,21.55,99.02,57.21,49.98,39.59
0.66,35.41,21.45,23.04,21.52,99.02,57.07,49.98,39.59
0.67,35.41,21.45,23.04,21.52,98.64,57.21,49.98,39.59
0.68,35.34,21.41,23.04,21.52,98.64,57.07,49.98,39.59
0.69,35.34,21.41,23.01,21.52,98.64,57.07,49.98,39.59
0.70,35.41,21.45,23.04,21.55,99.02,57.36,49.98,39.67
0.71,35.34,21.45,23.04,21.55,98.64,57.21,49.98,39.51
0.72,35.41,21.45,23.04,21.55,98.64,57.21,49.98,39.59
0.73,35.34,21.41,23.04,21.52,99.02,57.21,49.98,39.59
0.74,35.34,21.41,23.04,21.55,98.64,57.21,49.98,39.59
0.75,35.41,21.45,23.04,21.55,99.02,57.21,49.87,39.59
0.76,35.34,21.45,23.04,21.55,99.02,57.21,49.98,39.59
0.77,35.34,21.41,23.04,21.55,99.02,57.21,49.98,39.59
0.78,35.34,21.45,23.04,21.52,99.02,57.07,49.98,39.59
0.79,35.34,21.45,23.04,21.52,98.64,57.21,49.98,39.59
0.80,35.41,21.45,23.04,21.52,99.02,57.21,49.98,39.59
0.81,35.34,21.45,23.04,21.52,99.02,57.21,49.98,39.59
0.82,35.41,21.45,23.04,21.52,99.02,57.07,49.98,39.59
0.83,35.41,21.41,23.01,21.52,98.64,57.21,49.98,39.67
0.84,35.28,21.45,23.04,21.52,99.02,57.21,49.98,39.59
0.85,35.41,21.41,23.04,21.55,99.02,57.21,49.98,39.59
0.86,35.41,21.41,23.04,21.52,99.02,57.36,49.98,39.59
0.87,35.41,21.45,23.04,21.52,99.02,57.21,49.98,39.59
0.88,35.41,21.45,23.04,21.55,98.64,57.07,49.98,39.59
0.89,35.41,21.45,23.04,21.52,99.02,57.21,49.98,39.59
0.90,35.41,21.41,23.04,21.52,99.02,57.21,50.10,39.59
0.91,35.41,21.45,23.08,21.52,99.02,57.21,49.98,39.59
0.92,35.41,21.45,23.04,21.55,99.02,57.21,49.98,39.59
0.93,35.34,21.41,23.04,21.55,99.02,57.21,49.98,39.59
0.94,35.41,21.45,23.04,21.55,99.40,57.36,49.98,39.59
0.95,35.41,21.45,23.08,21.55,99.02,57.21,49.98,39.67
0.96,35.48,21.45,23.04,21.52,99.02,57.07,49.87,39.59
0.97,35.41,21.45,23.08,21.55,99.02,57.21,50.10,39.59
0.98,35.41,21.41,23.04,21.52,99.02,57.21,49.98,39.59
0.99,35.41,21.45,23.04,21.55,99.02,57.21,49.98,39.59
1.00,35.41,21.45,23.08,21.52,99.02,57.21,49.98,39.59
1.01,35.41,21.45,23.08,21.52,99.02,57.21,50.10,39.59
1.02,35.41,21.45,23.04,21.55,99.02,57.21,49.98,39.59
1.03,35.41,21.45,23.04,21.55,99.02,57.21,49.98,39.59
1.04,35.34,21.45,23.04,21.55,99.02,57.21,49.98,39.59
1.05,35.48,21.45,23.04,21.55,99.02,57.36,50.10,39.67
1.06,35.48,21.45,23.04,21.52,99.02,57.21,49.98,39.59
1.07,35.41,21.45,23.04,21.52,99.02,57.21,49.98,39.59
1.08,35.41,21.45,23.04,21.55,99.02,57.21,49.98,39.59
1.09,35.34,21.45,23.04,21.55,99.02,57.21,49.98,39.59
1.10,35.41,21.45,23.04,21.55,99.02,57.21,49.98,39.59
1.11,35.41,21.45,23.08,21.55,99.02,57.21,49.98,39.59
1.12,35.34,21.45,23.04,21.52,99.02,57.07,49.98,39.59
1.13,35.41,21.41,23.04,21.52,99.02,57.21,49.98,39.59
1.14,35.48,21.45,23.04,21.55,99.02,57.21,49.98,39.59
1.15,35.41,21.45,23.08,21.52,99.02,57.21,49.98,39.67
1.16,35.48,21.45,23.04,21.52,99.02,57.21,49.98,39.59
1.17,35.41,21.45,23.04,21.52,99.02,57.21,49.98,39.59
1.18,35.41,21.41,23.04,21.55,98.64,57.07,49.98,39.59
1.19,35.34,21.45,23.04,21.55,99.02,57.21,50.10,39.59
1.20,35.41,21.45,23.04,21.55,98.64,57.21,49.98,39.59
1.21,35.48,21.48,23.04,21.55,99.02,57.21,50.10,39.59
1.22,35.41,21.45,23.04,21.55,99.02,57.21,49.98,39.59
1.23,35.34,21.41,23.04,21.55,99.02,57.21,49.98,39.59
1.24,35.34,21.41,23.04,21.55,99.02,57.21,49.98,39.59
1.25,35.34,21.45,23.04,21.55,99.02,57.21,49.98,39.59
1.26,35.41,21.45,23.04,21.55,99.02,57.21,49.98,39.59
1.27,35.34,21.45,23.04,21.52,99.02,57.21,49.98,39.59
1.28,35.41,21.41,23.04,21.55,99.02,57.21,49.98,39.59
1.29,35.41,21.41,23.04,21.52,99.02,57.07,50.10,39.59
1.30,35.41,21.41,23.04,21.55,99.02,57.21,49.98,39.59
1.31,35.41,21.45,23.04,21.55,99.02,57.21,49.98,39.59
1.32,35.41,21.45,23.04,21.55,98.64,57.07,49.98,39.59
1.33,35.34,21.41,23.04,21.55,99.02,57.07,49.98,39.59
1.34,35.41,21.41,23.04,21.55,98.64,57.21,49.98,39.59
1.35,35.41,21.45,23.04,21.52,99.02,57.21,49.98,39.59
1.36,35.41,21.45,23.04,21.55,99.02,57.07,50.10,39.59
1.37,35.41,21.45,23.04,21.55,98.64,57.21,49.98,39.59
1.38,35.41,21.38,23.04,21.55,99.02,57.21,49.98,39.59
1.39,35.41,21.45,23.04,21.55,99.02,57.21,49.98,39.59
1.40,35.41,21.45,23.04,21.52,99.02,57.21,49.98,39.59
1.41,35.41,21.45,23.04,21.55,99.02,57.21,49.98,39.59
1.42,35.41,21.41,23.04,21.55,99.02,57.21,49.98,39.59
1.43,35.41,21.38,23.04,21.55,99.02,57.07,49.98,39.59
1.44,35.41,21.41,23.04,21.52,99.02,57.21,49.98,39.59
1.45,35.34,21.45,23.04,21.55,99.02,57.21,49.98,39.59
1.46,35.41,21.41,23.04,21.55,98.64,57.07,49.98,39.59
1.47,35.34,21.41,23.04,21.52,99.02,57.07,49.98,39.59
1.48,35.41,21.41,23.01,21.55,98.64,57.07,49.98,39.59
1.49,35.34,21.41,23.04,21.55,98.64,57.21,49.98,39.59
1.50,35.34,21.45,23.04,21.55,99.02,57.21,49.98,39.59
1.51,35.34,21.45,23.04,21.55,99.02,57.21,49.98,39.59
1.52,35.41,21.45,23.04,21.55,99.02,57.21,49.98,39.59
1.53,35.34,21.41,23.04,21.52,99.02,57.21,49.98,39.59
1.54,35.41,21.41,23.04,21.52,98.64,57.21,49.98,39.59
1.55,35.41,21.45,23.04,21.55,99.02,57.21,49.98,39.59
1.56,35.34,21.45,23.04,21.55,99.02,57.21,49.98,39.59
1.57,35.41,21.41,23.04,21.55,99.02,57.21,49.98,39.59
1.58,35.34,21.41,23.01,21.55,99.02,57.21,49.98,39.59
1.59,35.41,21.41,23.01,21.55,99.02,57.21,49.98,39.59
1.60,35.41,21.45,23.04,21.55,99.02,57.21,49.98,39.59
1.61,35.41,21.45,23.04,21.52,99.02,57.21,49.98,39.59
1.62,35.34,21.41,23.04,21.52,98.64,57.07,49.98,39.59
1.63,35.41,21.41,23.04,21.52,99.02,57.21,49.98,39.59
1.64,35.28,21.41,23.04,21.55,99.02,57.21,49.98,39.59
1.65,35.41,21.38,23.04,21.52,99.02,57.21,49.98,39.59
1.66,35.34,21.45,23.04,21.55,99.02,57.21,49.98,39.59
1.67,35.34,21.41,23.04,21.55,99.02,57.21,49.98,39.59
1.68,35.34,21.41,23.01,21.55,99.02,57.21,49.98,39.59
1.69,35.41,21.41,23.04,21.55,98.64,57.21,49.98,39.59
1.70,35.34,21.45,23.04,21.55,99.02,57.21,49.98,39.67
1.71,35.41,21.45,23.04,21.52,99.02,57.21,49.98,39.59
1.72,35.41,21.41,23.04,21.52,99.02,57.21,49.98,39.59
1.73,35.34,21.41,23.01,21.55,99.02,57.21,49.98,39.59
1.74,35.41,21.41,23.04,21.55,98.64,57.21,49.98,39.59
1.75,35.41,21.45,23.04,21.55,99.02,57.21,49.98,39.59
1.76,35.41,21.41,23.04,21.55,99.02,57.21,49.98,39.59
1.77,35.34,21.41,23.04,21.55,99.02,57.21,49.98,39.67
1.78,35.34,21.41,23.04,21.55,98.64,57.21,49.98,39.59
1.79,35.28,21.41,23.04,21.55,99.02,57.21,49.98,39.67
1.80,35.34,21.41,23.01,21.52,99.02,57.21,49.98,39.59
1.81,35.34,21.45,23.04,21.55,99.02,57.21,49.98,39.59
1.82,35.34,21.41,23.01,21.52,98.64,57.07,49.98,39.59
1.83,35.34,21.45,23.01,21.55,99.02,57.21,49.98,39.59
1.84,35.34,21.35,23.01,21.52,98.64,57.21,49.98,39.59
1.85,35.41,21.45,23.04,21.55,99.02,57.21,49.98,39.59
1.86,35.34,21.45,23.04,21.55,98.64,57.21,49.98,39.59
1.87,35.34,21.38,23.01,21.52,99.02,57.07,49.98,39.59
1.88,35.34,21.41,23.01,21.55,99.02,57.21,49.98,39.59
1.89,35.28,21.41,23.01,21.55,98.64,57.21,49.98,39.59
1.90,35.41,21.41,23.04,21.52,99.02,57.07,49.98,39.59
1.91,35.34,21.41,23.01,21.55,99.02,57.21,49.98,39.59
1.92,35.41,21.41,23.01,21.52,99.02,57.07,49.98,39.59
1.93,35.28,21.38,23.01,21.55,98.64,57.21,49.98,39.67
1.94,35.41,21.41,23.01,21.55,99.02,56.92,49.98,39.51
1.95,35.41,21.41,23.04,21.55,99.02,57.21,49.98,39.67
1.96,35.41,21.45,23.04,21.55,99.02,57.21,49.98,39.67
1.97,35.28,21.41,23.01,21.52,99.02,57.21,49.98,39.43
1.98,35.34,21.41,23.01,21.55,99.02,57.21,49.98,39.67
1.99,35.34,21.38,23.01,21.55,98.64,57.07,49.98,39.59
2.00,35.41,21.41,23.01,21.55,99.02,57.07,49.98,39.59
2.01,35.34,21.41,23.01,21.55,99.02,57.21,49.98,39.67
2.02,35.28,21.38,23.01,21.55,99.02,57.07,49.98,39.59
2.03,35.34,21.41,23.01,21.52,98.64,57.21,49.98,39.59
2.04,35.34,21.41,23.01,21.55,98.64,57.07,49.98,39.59
2.05,35.28,21.38,23.04,21.55,99.02,57.21,49.98,39.67
2.06,35.34,21.41,23.04,21.55,99.02,57.21,49.98,39.59
2.07,35.34,21.41,23.04,21.55,99.02,57.21,49.98,39.59
2.08,35.41,21.38,23.01,21.55,98.64,57.21,49.98,39.67
2.09,35.28,21.38,23.01,21.55,98.64,57.21,49.98,39.59
2.10,35.34,21.41,23.04,21.55,99.02,57.21,49.98,39.59
2.11,35.28,21.41,23.01,21.55,98.64,57.21,49.98,39.59
2.12,35.28,21.38,23.04,21.55,98.64,57.21,49.98,39.59
2.13,35.28,21.38,22.97,21.55,98.64,57.07,49.87,39.59
2.14,35.28,21.38,23.01,21.55,98.64,57.07,49.98,39.59
2.15,35.34,21.41,23.01,21.55,99.02,57.21,49.98,39.59
2.16,35.34,21.45,23.01,21.55,98.64,57.21,49.98,39.51
2.17,35.28,21.38,23.01,21.55,98.64,57.21,49.87,39.59
2.18,35.28,21.38,23.01,21.55,98.64,57.07,49.87,39.59
2.19,35.21,21.38,23.01,21.55,98.64,57.21,49.98,39.59
2.20,35.34,21.41,23.01,21.55,99.02,57.21,49.98,39.59
2.21,35.34,21.41,23.01,21.55,99.02,57.07,49.75,39.59
2.22,35.34,21.41,23.01,21.55,98.64,57.21,50.10,39.59
2.23,35.34,21.38,23.01,21.55,98.64,57.07,49.87,39.59
2.24,35.34,21.38,23.01,21.55,98.64,57.07,49.98,39.59
2.25,35.34,21.41,23.01,21.52,99.02,57.07,49.98,39.59
2.26,35.34,21.41,23.04,21.55,99.02,57.21,49.98,39.59
2.27,35.34,21.41,23.01,21.52,99.02,57.21,49.98,39.59
2.28,35.28,21.38,23.01,21.55,98.64,57.21,49.87,39.59
2.29,35.34,21.38,23.01,21.55,98.64,57.07,49.98,39.59
2.30,35.34,21.41,23.01,21.52,98.64,57.07,49.98,39.59
2.31,35.41,21.41,23.01,21.55,99.02,57.21,49.87,39.59
2.32,35.34,21.41,23.01,21.52,99.02,57.21,49.98,39.59
2.33,35.28,21.38,23.01,21.55,98.64,57.07,49.98,39.59
2.34,35.28,21.38,23.01,21.55,99.02,57.21,49.87,39.59
2.35,35.34,21.41,23.01,21.55,99.02,57.07,49.87,39.59
2.36,35.34,21.41,23.01,21.55,98.64,57.21,49.87,39.67
2.37,35.34,21.38,23.01,21.55,98.64,57.07,49.98,39.59
2.38,35.34,21.35,23.01,21.52,98.64,57.07,49.98,39.59
2.39,35.28,21.35,23.01,21.55,99.02,57.07,49.98,39.59
2.40,35.41,21.38,23.01,21.55,98.64,57.07,49.87,39.59
2.41,35.34,21.41,23.01,21.55,99.02,57.07,49.98,39.59
2.42,35.34,21.38,23.01,21.52,98.64,57.21,49.87,39.59
2.43,35.28,21.38,23.01,21.55,98.64,57.21,49.87,39.59
2.44,35.34,21.41,22.97,21.55,99.02,57.07,49.87,39.59
2.45,35.34,21.38,23.01,21.55,99.02,57.07,49.87,39.67
2.46,35.34,21.41,23.01,21.55,98.64,57.07,49.98,39.59
2.47,35.28,21.38,23.01,21.52,99.02,57.07,49.87,39.67
2.48,35.28,21.38,22.97,21.52,98.64,57.07,49.87,39.59
2.49,35.34,21.38,23.01,21.55,98.64,57.21,49.87,39.59
2.50,35.34,21.38,23.01,21.55,98.64,57.07,49.98,39.59
2.51,35.34,21.38,23.01,21.55,99.02,57.21,49.98,39.59
2.52,35.28,21.35,23.01,21.52,98.64,57.07,49.98,39.59
2.53,35.34,21.38,23.01,21.55,98.64,57.07,49.98,39.59
2.54,35.34,21.38,23.01,21.52,98.64,57.07,49.98,39.59
2.55,35.34,21.38,23.01,21.55,98.64,57.07,49.98,39.67
2.56,35.41,21.38,23.01,21.55,99.02,57.21,49.98,39.59
2.57,35.28,21.38,23.01,21.52,98.64,57.07,49.87,39.59
2.58,35.28,21.38,23.01,21.55,99.02,57.07,49.87,39.59
2.59,35.28,21.38,23.01,21.55,99.02,57.07,49.98,39.59
2.60,35.34,21.41,23.01,21.55,98.64,57.21,49.98,39.59
2.61,35.34,21.41,23.01,21.52,98.64,57.07,49.98,39.59
2.62,35.34,21.38,23.01,21.55,98.64,57.21,49.87,39.59
2.63,35.28,21.38,22.97,21.55,99.02,57.07,49.98,39.59
2.64,35.28,21.38,23.01,21.55,98.64,57.07,49.98,39.59
2.65,35.34,21.38,23.01,21.55,99.02,57.21,49.98,39.59
2.66,35.34,21.41,23.01,21.55,98.64,57.21,49.87,39.59
2.67,35.28,21.38,23.01,21.55,99.02,57.07,49.87,39.59
2.68,35.28,21.38,22.97,21.52,98.64,57.21,49.87,39.59
2.69,35.28,21.38,23.01,21.55,99.02,57.07,49.87,39.59
2.70,35.34,21.41,23.01,21.55,98.64,57.21,49.98,39.59
2.71,35.41,21.41,23.01,21.55,98.64,57.21,49.87,39.59
2.72,35.21,21.38,23.01,21.55,98.64,57.07,49.98,39.59
2.73,35.34,21.38,23.01,21.52,98.64,57.07,49.98,39.59
2.74,35.34,21.38,22.97,21.52,98.64,57.07,49.87,39.59
2.75,35.41,21.38,23.01,21.52,99.02,57.07,49.98,39.59
2.76,35.28,21.41,23.01,21.55,98.64,57.21,49.87,39.59
2.77,35.34,21.38,23.01,21.55,98.64,57.07,49.98,39.59
2.78,35.28,21.38,22.97,21.55,98.64,57.21,49.87,39.59
2.79,35.34,21.38,22.97,21.55,98.64,57.07,49.98,39.59
2.80,35.34,21.38,23.01,21.55,98.64,57.21,49.98,39.59
2.81,35.34,21.38,23.01,21.55,98.64,57.21,49.98,39.59
2.82,35.34,21.38,23.01,21.55,98.64,57.07,49.98,39.59
2.83,35.34,21.38,22.97,21.55,98.64,57.07,49.98,39.59
2.84,35.28,21.38,22.97,21.55,98.64,57.21,49.98,39.59
2.85,35.34,21.38,22.97,21.55,98.64,57.21,49.98,39.59
2.86,35.34,21.38,23.01,21.52,98.64,57.07,49.98,39.59
2.87,35.34,21.38,22.97,21.52,98.64,57.07,49.98,39.59
2.88,35.34,21.35,23.01,21.55,98.64,57.07,49.87,39.59
2.89,35.34,21.35,22.97,21.52,98.64,57.07,49.87,39.59
2.90,35.34,21.38,23.01,21.52,98.64,57.07,49.98,39.59
2.91,35.34,21.38,23.01,21.55,98.64,57.07,49.98,39.59
2.92,35.28,21.35,23.01,21.52,98.64,57.07,49.98,39.59
2.93,35.34,21.35,23.01,21.55,98.64,57.07,49.87,39.59
2.94,35.28,21.38,22.97,21.52,98.64,57.07,49.87,39.59
2.95,35.34,21.38,23.01,21.55,99.02,57.07,49.98,39.59
2.96,35.34,21.38,23.01,21.55,98.64,57.07,49.98,39.59
2.97,35.34,21.38,23.01,21.52,98.64,57.07,49.87,39.59
2.98,35.34,21.38,22.97,21.52,98.64,57.07,49.87,39.59
2.99,35.28,21.35,22.97,21.55,98.64,57.07,49.87,39.59
3.00,35.28,21.38,23.01,21.55,98.64,57.07,49.87,39.67
3.01,35.28,21.38,23.01,21.55,98.64,57.07,49.87,39.67
3.02,35.34,21.38,23.01,21.55,98.64,57.07,49.87,39.59
3.03,35.34,21.35,22.97,21.52,98.64,57.07,49.87,39.59
3.04,35.34,21.35,22.97,21.52,98.64,57.07,49.98,39.59
3.05,35.34,21.35,22.97,21.52,98.64,57.21,49.98,39.59
3.06,35.34,21.41,23.01,21.52,98.64,57.07,49.98,39.59
3.07,35.34,21.38,23.01,21.52,98.64,57.07,49.98,39.59
3.08,35.28,21.35,22.97,21.52,98.64,57.07,49.87,39.59
3.09,35.28,21.38,23.01,21.52,98.64,57.07,49.98,39.59
3.10,35.34,21.38,23.01,21.52,98.64,57.07,49.98,39.59
3.11,35.28,21.41,23.01,21.55,98.64,57.21,49.87,39.59
3.12,35.34,21.38,23.01,21.52,98.64,57.07,49.87,39.59
3.13,35.28,21.35,22.97,21.52,98.64,57.07,49.87,39.59
3.14,35.28,21.38,22.97,21.52,99.02,57.21,49.98,39.59
3.15,35.34,21.38,23.01,21.52,99.02,57.07,49.98,39.59
3.16,35.34,21.38,23.01,21.52,98.64,57.07,49.98,39.59
3.17,35.34,21.38,22.97,21.55,98.64,57.07,49.98,39.59
3.18,35.34,21.35,22.97,21.52,98.64,57.21,49.98,39.59
3.19,35.28,21.38,22.97,21.55,98.64,57.07,49.98,39.59
3.20,35.34,21.38,23.01,21.52,98.64,56.78,49.87,39.59
3.21,35.34,21.41,23.01,21.52,99.02,57.21,49.98,39.74
3.22,35.34,21.35,22.97,21.52,98.64,57.07,49.87,39.51
3.23,35.34,21.38,23.01,21.52,98.64,56.92,49.87,39.67
3.24,35.28,21.38,23.01,21.52,98.64,56.92,49.87,39.59
3.25,35.34,21.38,23.01,21.52,98.64,57.07,49.87,39.59
3.26,35.41,21.41,23.01,21.52,99.02,57.07,49.87,39.59
3.27,35.34,21.38,23.01,21.52,98.64,57.07,49.87,39.59
3.28,35.28,21.38,22.97,21.55,98.64,57.21,49.87,39.59
3.29,35.28,21.38,23.01,21.52,99.02,57.07,49.98,39.67
3.30,35.28,21.38,23.01,21.55,99.02,57.07,49.98,39.59
3.31,35.34,21.38,23.01,21.52,99.02,57.07,49.98,39.59
3.32,35.34,21.35,22.97,21.55,98.64,57.07,49.98,39.59
3.33,35.28,21.38,22.97,21.52,99.02,56.92,49.98,39.59
3.34,35.28,21.35,22.97,21.55,98.64,57.07,49.98,39.59
3.35,35.34,21.38,23.04,21.52,99.02,57.07,49.87,39.59
3.36,35.41,21.38,23.01,21.55,98.64,57.07,49.98,39.59
3.37,35.28,21.35,22.97,21.52,99.02,57.07,49.87,39.59
3.38,35.28,21.35,23.01,21.52,98.64,57.07,49.87,39.67
3.39,35.28,21.35,23.01,21.52,98.64,57.07,49.87,39.59
3.40,35.34,21.38,23.01,21.52,98.64,57.07,49.87,39.59
3.41,35.28,21.41,23.01,21.55,99.02,57.21,49.98,39.67
3.42,35.28,21.38,23.01,21.52,99.02,57.07,49.87,39.59
3.43,35.28,21.35,22.97,21.52,98.64,57.21,49.98,39.59
3.44,35.34,21.38,23.01,21.55,98.64,57.07,49.87,39.59
3.45,35.34,21.38,23.01,21.52,99.02,57.07,49.98,39.59
3.46,35.34,21.41,23.01,21.55,98.26,57.21,49.87,39.59
3.47,35.34,21.35,23.01,21.52,98.64,57.07,49.98,39.67
3.48,35.21,21.35,22.97,21.52,98.64,57.07,49.87,39.59
3.49,35.28,21.38,23.01,21.52,98.64,57.21,49.87,39.59
3.50,35.28,21.38,23.01,21.52,98.64,57.07,49.87,39.59
3.51,35.34,21.38,23.01,21.55,98.64,57.21,49.98,39.59
3.52,35.34,21.38,23.01,21.52,98.64,57.07,49.98,39.59
3.53,35.34,21.38,22.97,21.52,98.64,57.21,49.87,39.67
3.54,35.34,21.38,23.01,21.52,98.64,57.07,49.87,39.59
3.55,35.28,21.38,23.01,21.52,98.64,57.21,49.98,39.59
3.56,35.41,21.38,23.01,21.55,98.64,57.21,49.98,39.59
3.57,35.21,21.38,23.01,21.52,98.64,57.07,49.98,39.67
3.58,35.28,21.38,22.97,21.52,98.64,57.07,49.87,39.59
3.59,35.28,21.38,22.97,21.52,98.64,57.07,49.98,39.67
3.60,35.34,21.38,23.01,21.52,98.64,57.07,49.98,39.59
3.61,35.34,21.38,23.01,21.52,98.64,57.07,49.87,39.59
3.62,35.28,21.35,23.01,21.52,98.64,57.07,49.98,39.59
3.63,35.34,21.38,22.97,21.52,98.64,57.07,49.87,39.59
3.64,35.28,21.38,22.97,21.52,98.64,57.07,49.87,39.59
3.65,35.34,21.38,23.01,21.52,99.02,57.07,49.98,39.59
3.66,35.34,21.38,23.01,21.52,98.64,57.07,49.87,39.59
3.67,35.28,21.38,23.01,21.55,98.64,57.07,49.87,39.67
3.68,35.34,21.38,23.01,21.55,98.64,57.07,49.87,39.59
3.69,35.34,21.35,22.97,21.52,98.64,57.07,49.87,39.59
3.70,35.34,21.35,23.01,21.52,98.64,57.07,49.98,39.67
3.71,35.34,21.38,23.01,21.52,98.64,57.07,49.87,39.59
3.72,35.34,21.38,23.01,21.52,98.64,57.07,49.87,39.59
3.73,35.34,21.35,23.01,21.52,98.64,57.07,49.87,39.59
3.74,35.34,21.35,22.97,21.52,98.64,57.07,49.87,39.59
3.75,35.34,21.38,23.01,21.52,98.64,57.07,49.98,39.59
3.76,35.28,21.35,23.01,21.52,99.02,57.07,49.98,39.59
3.77,35.34,21.35,22.97,21.52,98.64,56.92,49.98,39.59
3.78,35.34,21.35,23.01,21.52,98.64,56.92,49.87,39.51
3.79,35.34,21.38,23.01,21.52,98.64,56.92,49.87,39.59
3.80,35.34,21.38,23.01,21.52,99.02,57.07,49.87,39.59
3.81,35.34,21.38,23.01,21.55,98.64,57.07,49.98,39.67
3.82,35.28,21.38,23.01,21.52,98.64,56.92,49.98,39.59
3.83,35.34,21.38,23.01,21.52,98.64,56.92,49.87,39.59
3.84,35.34,21.35,23.01,21.52,99.02,56.92,49.98,39.59
3.85,35.41,21.38,23.01,21.52,98.64,56.92,49.98,39.59
3.86,35.34,21.38,23.01,21.52,98.64,57.07,49.98,39.59
3.87,35.34,21.38,23.01,21.52,98.64,57.07,49.87,39.59
3.88,35.34,21.38,23.01,21.52,98.64,57.07,49.87,39.59
3.89,35.34,21.41,23.01,21.52,98.64,57.07,49.98,39.51
3.90,35.34,21.38,23.01,21.55,98.64,57.07,49.98,39.67
3.91,35.34,21.38,23.01,21.52,98.64,57.07,49.98,39.59
3.92,35.28,21.38,23.01,21.52,98.64,57.07,49.98,39.59
3.93,35.34,21.38,23.01,21.52,99.02,57.07,49.98,39.59
3.94,35.34,21.38,23.01,21.55,99.02,57.07,49.87,39.59
3.95,35.34,21.41,23.01,21.52,99.02,57.07,49.98,39.59
3.96,35.34,21.38,23.01,21.52,98.64,57.07,49.98,39.59
3.97,35.28,21.35,23.01,21.55,99.02,57.07,49.87,39.67
3.98,35.28,21.35,23.01,21.55,99.02,57.21,49.98,39.59
3.99,35.28,21.38,23.01,21.52,98.64,57.07,49.98,39.67
4.00,35.28,21.38,23.01,21.55,98.64,57.21,49.87,39.67
4.01,35.34,21.41,23.01,21.55,99.02,57.07,49.98,39.67
4.02,35.34,21.35,23.01,21.55,99.02,57.07,49.87,39.67
4.03,35.34,21.35,23.01,21.52,98.64,57.07,49.87,39.67
4.04,35.34,21.38,23.01,21.55,98.64,57.07,49.98,39.59
4.05,35.34,21.38,23.01,21.55,98.64,57.07,49.98,39.59
4.06,35.41,21.38,23.01,21.55,98.64,57.07,49.87,39.59
4.07,35.34,21.35,23.01,21.55,99.02,57.07,49.98,39.59
4.08,35.34,21.38,23.01,21.52,98.64,56.92,49.87,39.59
4.09,35.34,21.38,23.01,21.52,99.02,57.21,49.98,39.59
4.10,35.34,21.38,23.01,21.52,99.02,57.21,49.98,39.59
4.11,35.34,21.38,23.01,21.55,98.64,57.07,49.98,39.59
4.12,35.34,21.38,23.01,21.52,98.64,56.92,49.87,39.59
4.13,35.34,21.38,23.01,21.55,99.02,56.92,49.98,39.67
4.14,35.28,21.35,23.01,21.52,99.02,57.07,49.87,39.59
4.15,35.34,21.38,23.01,21.52,98.64,57.07,49.98,39.51
4.16,35.34,21.41,23.01,21.52,99.02,57.07,49.98,39.59
4.17,35.34,21.35,23.01,21.52,98.64,57.07,49.87,39.59
4.18,35.28,21.35,23.01,21.52,98.64,57.07,49.98,39.59
4.19,35.34,21.38,23.01,21.55,99.02,57.07,49.98,39.59
4.20,35.34,21.41,23.01,21.52,99.02,57.07,49.98,39.59
4.21,35.41,21.38,23.01,21.52,99.02,57.07,49.98,39.59
4.22,35.34,21.38,23.01,21.55,98.64,57.07,49.98,39.67
4.23,35.34,21.38,23.01,21.55,98.64,57.07,49.98,39.67
4.24,35.34,21.35,23.01,21.52,98.64,57.07,49.87,39.67
4.25,35.34,21.41,23.01,21.52,99.02,57.07,49.87,39.67
4.26,35.34,21.38,23.01,21.55,99.02,57.21,49.98,39.59
4.27,35.34,21.38,23.01,21.55,98.64,57.07,49.87,39.67
4.28,35.34,21.35,23.01,21.52,98.64,57.07,49.87,39.59
4.29,35.34,21.38,23.01,21.52,98.64,57.07,49.98,39.67
4.30,35.34,21.38,23.01,21.52,98.64,57.07,49.98,39.67
4.31,35.41,21.38,23.04,21.52,99.02,57.21,49.87,39.59
4.32,35.34,21.35,23.04,21.52,98.64,57.07,49.87,39.59
4.33,35.34,21.32,23.01,21.52,98.64,57.07,49.87,39.67
4.34,35.34,21.38,23.01,21.52,98.64,57.07,49.87,39.59
4.35,35.34,21.35,23.01,21.55,99.02,57.21,49.98,39.67
4.36,35.34,21.41,23.01,21.55,99.02,57.21,49.98,39.67
4.37,35.34,21.35,23.01,21.52,98.64,57.21,49.87,39.59
4.38,35.34,21.38,23.01,21.55,98.64,57.07,49.87,39.59
4.39,35.34,21.38,23.01,21.52,98.64,57.07,49.87,39.67
4.40,35.34,21.38,23.01,21.55,99.02,57.07,49.98,39.59
4.41,35.34,21.38,23.01,21.55,99.02,57.21,49.98,39.67
4.42,35.34,21.38,23.01,21.52,98.64,57.07,49.98,39.59
4.43,35.34,21.38,23.01,21.55,98.64,57.21,49.87,39.67
4.44,35.28,21.38,23.01,21.55,98.64,57.21,49.87,39.67
4.45,35.34,21.38,23.01,21.55,99.02,57.07,49.87,39.59
4.46,35.34,21.38,23.01,21.52,98.64,57.21,49.98,39.67
4.47,35.34,21.35,23.01,21.52,98.64,57.07,49.98,39.59
4.48,35.34,21.38,22.97,21.52,98.64,57.07,49.87,39.74
4.49,35.34,21.38,23.01,21.55,98.64,57.07,49.98,39.67
4.50,35.34,21.38,23.01,21.55,99.02,56.92,49.87,39.67
4.51,35.34,21.38,23.01,21.52,99.02,57.07,49.98,39.59
4.52,35.34,21.35,23.01,21.52,98.64,57.07,49.98,39.67
4.53,35.34,21.38,23.01,21.52,98.64,57.07,49.87,39.59
4.54,35.34,21.38,23.01,21.55,98.64,57.07,49.87,39.67
4.55,35.34,21.38,23.01,21.55,98.64,56.92,49.98,39.59
4.56,35.41,21.38,23.01,21.55,98.64,57.07,49.98,39.67
4.57,35.28,21.35,23.01,21.55,99.02,57.07,49.87,39.67
4.58,35.34,21.38,23.01,21.52,99.02,57.07,49.98,39.59
4.59,35.21,21.38,22.97,21.55,98.64,57.07,49.98,39.67
4.60,35.28,21.38,23.01,21.55,99.02,57.07,49.98,39.67
4.61,35.34,21.38,23.01,21.52,99.02,57.07,49.87,39.67
4.62,35.21,21.38,23.01,21.55,98.64,57.07,49.87,39.67
4.63,35.34,21.35,23.01,21.55,98.64,57.07,49.87,39.59
4.64,35.34,21.38,22.97,21.52,98.64,57.07,49.87,39.67
4.65,35.34,21.38,23.01,21.55,99.02,57.21,49.98,39.67
4.66,35.34,21.38,23.01,21.55,98.64,57.07,49.87,39.59
4.67,35.34,21.38,23.01,21.52,98.64,57.21,49.87,39.67
4.68,35.34,21.32,22.97,21.52,99.02,57.07,49.87,39.59
4.69,35.34,21.38,23.01,21.55,98.64,57.07,49.87,39.67
4.70,35.28,21.38,23.01,21.55,99.02,57.07,49.98,39.59
4.71,35.34,21.38,23.01,21.55,98.64,57.07,49.87,39.67
4.72,35.34,21.38,23.01,21.55,99.02,57.07,49.98,39.67
4.73,35.34,21.38,23.01,21.55,98.64,57.07,49.98,39.59
4.74,35.34,21.35,22.97,21.55,98.64,57.07,49.75,39.67
4.75,35.34,21.38,23.01,21.55,99.02,57.07,49.98,39.67
4.76,35.34,21.38,23.01,21.52,98.64,57.07,49.98,39.59
4.77,35.34,21.38,23.01,21.52,99.02,57.07,49.87,39.67
4.78,35.34,21.38,23.01,21.55,98.64,57.07,49.87,39.67
4.79,35.34,21.38,23.01,21.55,98.64,57.07,49.87,39.59
4.80,35.34,21.38,23.01,21.52,99.02,57.07,49.98,39.59
4.81,35.34,21.38,23.01,21.55,99.02,57.07,49.98,39.59
4.82,35.28,21.38,23.01,21.52,98.64,57.07,49.87,39.67
4.83,35.34,21.35,23.01,21.55,98.64,56.92,49.98,39.67
4.84,35.34,21.35,22.97,21.52,98.64,57.07,49.87,39.59
4.85,35.34,21.38,23.01,21.52,98.64,57.07,49.98,39.67
4.86,35.34,21.35,23.01,21.52,98.64,57.07,49.98,39.59
4.87,35.34,21.38,22.97,21.55,98.64,57.07,49.87,39.67
4.88,35.34,21.35,23.01,21.52,98.64,57.07,49.87,39.67
4.89,35.34,21.38,23.01,21.52,99.02,56.92,49.98,39.67
4.90,35.34,21.38,23.01,21.52,98.64,57.07,49.87,39.59
4.91,35.28,21.38,23.01,21.55,98.64,57.07,49.98,39.59
4.92,35.34,21.35,23.01,21.52,98.64,57.07,49.87,39.67
4.93,35.34,21.32,23.01,21.55,98.64,56.92,49.87,39.59
4.94,35.28,21.35,23.01,21.55,98.64,57.07,49.87,39.59
4.95,35.41,21.38,23.01,21.55,98.64,57.07,49.98,39.59
4.96,35.34,21.38,23.01,21.52,99.02,57.07,49.87,39.59
4.97,35.34,21.35,22.97,21.52,98.64,57.07,49.87,39.67
4.98,35.34,21.35,23.01,21.55,98.64,57.07,49.87,39.67
4.99,35.34,21.35,23.01,21.55,98.64,56.92,49.87,39.59
5.00,35.28,21.35,23.01,21.52,98.64,56.92,49.98,39.67
5.01,35.34,21.35,23.01,21.52,99.02,57.07,49.87,39.67
5.02,35.28,21.38,23.01,21.52,98.64,57.07,49.87,39.59
5.03,35.28,21.35,23.01,21.55,98.64,57.07,49.87,39.59
5.04,35.28,21.38,23.01,21.52,99.02,57.07,49.87,39.59
5.05,35.34,21.38,22.97,21.52,98.64,57.07,49.98,39.67
5.06,35.34,21.38,23.01,21.55,98.64,57.07,49.87,39.67
5.07,35.34,21.35,23.01,21.52,98.64,57.07,49.87,39.67
5.08,35.28,21.35,23.01,21.55,98.64,56.92,49.98,39.67
5.09,35.34,21.35,23.01,21.52,99.02,57.07,49.87,39.59
5.10,35.34,21.38,22.97,21.55,98.64,57.07,49.87,39.67
5.11,35.28,21.32,23.01,21.55,98.64,56.92,49.87,39.67
5.12,35.28,21.32,23.01,21.52,98.64,57.07,49.87,39.67
5.13,35.28,21.35,22.97,21.52,98.64,57.07,49.87,39.59
5.14,35.34,21.35,23.01,21.55,99.02,57.07,49.87,39.59
5.15,35.34,21.35,23.01,21.55,98.64,56.92,49.98,39.59
5.16,35.34,21.35,23.01,21.55,98.64,57.07,49.87,39.67
5.17,35.34,21.35,23.01,21.52,98.64,57.07,49.87,39.67
5.18,35.34,21.35,22.97,21.52,98.64,57.07,49.87,39.67
5.19,35.28,21.35,22.97,21.55,98.64,56.92,49.98,39.59
5.20,35.34,21.35,22.97,21.52,98.64,56.92,49.87,39.59
5.21,35.28,21.38,23.01,21.52,98.64,57.07,49.87,39.67
5.22,35.34,21.35,22.97,21.52,98.64,56.92,49.87,39.67
5.23,35.28,21.35,22.97,21.52,98.64,56.92,49.87,39.67
5.24,35.28,21.35,22.97,21.55,98.64,57.07,49.87,39.59
5.25,35.34,21.35,23.01,21.55,98.64,57.07,49.87,39.67
5.26,35.34,21.35,23.01,21.52,98.64,56.92,49.98,39.59
5.27,35.34,21.35,23.01,21.55,98.64,57.07,49.87,39.67
5.28,35.28,21.35,22.97,21.55,98.64,56.92,49.87,39.59
5.29,35.34,21.35,22.97,21.52,98.64,57.07,49.87,39.59
5.30,35.28,21.38,23.01,21.52,98.64,57.07,49.87,39.59
5.31,35.34,21.38,23.01,21.52,98.64,57.07,49.87,39.67
5.32,35.28,21.35,22.97,21.52,98.64,57.07,49.87,39.59
5.33,35.34,21.35,22.97,21.52,98.64,57.07,49.87,39.67
5.34,35.34,21.35,22.97,21.55,98.64,57.07,49.87,39.59
5.35,35.28,21.38,22.97,21.55,98.64,57.07,49.87,39.67
5.36,35.34,21.35,23.01,21.52,98.64,57.07,49.87,39.51
5.37,35.28,21.35,23.01,21.52,98.64,57.07,49.87,39.59
5.38,35.28,21.35,22.97,21.52,98.64,57.07,49.87,39.67
5.39,35.28,21.35,22.97,21.55,98.64,57.07,49.87,39.59
5.40,35.28,21.38,23.01,21.55,98.64,57.07,49.87,39.67
5.41,35.28,21.38,23.01,21.52,98.64,57.07,49.87,39.67
5.42,35.28,21.35,22.97,21.52,98.64,57.07,49.87,39.59
5.43,35.21,21.35,22.97,21.55,98.64,57.07,49.87,39.67
5.44,35.28,21.35,22.97,21.52,98.64,57.07,49.87,39.67
5.45,35.21,21.35,22.97,21.52,98.64,57.07,49.87,39.67
5.46,35.28,21.35,22.97,21.55,99.02,57.07,49.98,39.67
5.47,35.28,21.35,22.97,21.55,98.64,57.07,49.87,39.67
5.48,35.28,21.32,22.97,21.55,99.02,57.07,49.87,39.67
5.49,35.28,21.35,22.97,21.55,98.64,57.07,49.87,39.67
5.50,35.34,21.35,22.97,21.55,99.02,57.07,49.87,39.67
5.51,35.28,21.35,23.01,21.55,98.64,57.07,49.87,39.59
5.52,35.28,21.35,22.97,21.52,98.64,57.07,49.87,39.59
5.53,35.28,21.35,22.97,21.52,98.64,56.92,49.87,39.67
5.54,35.28,21.35,22.97,21.52,99.02,57.07,49.87,39.67
5.55,35.21,21.35,22.97,21.55,99.02,56.92,49.87,39.59
5.56,35.34,21.35,22.97,21.55,98.64,56.92,49.87,39.59
5.57,35.28,21.35,22.97,21.55,98.64,57.07,49.87,39.67
5.58,35.28,21.35,22.97,21.55,98.64,56.92,49.87,39.67
5.59,35.21,21.35,22.97,21.55,98.64,57.07,49.87,39.59
5.60,35.34,21.35,23.01,21.52,98.64,57.07,49.87,39.59
5.61,35.28,21.35,22.97,21.52,98.64,57.07,49.87,39.67
5.62,35.34,21.32,22.97,21.55,98.64,56.92,49.87,39.59
5.63,35.28,21.35,22.97,21.55,99.02,56.92,49.87,39.67
5.64,35.28,21.35,22.97,21.52,98.64,57.07,49.87,39.59
5.65,35.34,21.32,23.01,21.52,98.64,57.07,49.87,39.67
5.66,35.34,21.35,22.97,21.55,98.64,57.07,49.87,39.51
5.67,35.28,21.35,22.97,21.55,99.02,56.92,49.87,39.67
5.68,35.34,21.32,22.97,21.55,98.64,57.07,49.87,39.67
5.69,35.28,21.35,22.97,21.55,98.64,56.92,49.87,39.67
5.70,35.34,21.35,22.97,21.52,98.64,57.07,49.87,39.67
5.71,35.28,21.35,22.97,21.52,98.64,57.07,49.87,39.67
5.72,35.21,21.35,22.97,21.55,98.64,56.92,49.87,39.59
5.73,35.28,21.32,22.97,21.52,98.64,57.07,49.87,39.74
5.74,35.34,21.35,22.97,21.55,98.64,57.07,49.87,39.51
5.75,35.21,21.35,22.97,21.55,98.64,57.07,49.87,39.74
5.76,35.34,21.35,22.97,21.55,98.64,57.07,49.87,39.67
5.77,35.21,21.35,22.97,21.52,98.64,57.07,49.87,39.59
5.78,35.28,21.35,22.97,21.52,98.64,56.92,49.87,39.67
5.79,35.28,21.32,22.97,21.52,98.64,56.92,49.87,39.59
5.80,35.28,21.35,22.97,21.55,99.02,56.92,49.98,39.59
5.81,35.34,21.35,22.97,21.52,98.64,57.07,49.75,39.67
5.82,35.28,21.32,22.97,21.55,98.64,57.07,49.87,39.67
5.83,35.28,21.32,22.97,21.55,98.64,56.78,49.87,39.59
5.84,35.28,21.35,22.97,21.52,98.64,57.07,49.87,39.59
5.85,35.21,21.35,22.97,21.52,98.64,57.07,49.87,39.67
5.86,35.21,21.35,22.97,21.52,98.64,56.92,49.87,39.67
5.87,35.34,21.35,22.97,21.55,98.64,57.21,49.87,39.67
5.88,35.28,21.32,22.94,21.52,98.26,57.07,49.87,39.59
5.89,35.28,21.35,22.94,21.55,98.64,57.07,49.87,39.67
5.90,35.34,21.35,23.01,21.55,98.64,56.92,49.98,39.67
5.91,35.21,21.35,22.97,21.55,98.64,57.07,49.75,39.67
5.92,35.28,21.35,22.97,21.55,98.64,57.07,49.87,39.67
5.93,35.28,21.32,22.97,21.55,98.64,57.07,49.87,39.59
5.94,35.28,21.35,22.97,21.55,98.64,57.07,49.87,39.59
5.95,35.34,21.35,22.97,21.52,99.02,57.07,49.98,39.59
5.96,35.28,21.35,22.97,21.55,98.26,57.07,49.87,39.67
5.97,35.21,21.35,22.97,21.55,98.64,57.07,49.98,39.67
5.98,35.28,21.35,22.97,21.55,98.64,56.92,49.87,39.59
5.99,35.28,21.35,22.97,21.55,98.64,57.07,49.98,39.59
6.00,35.34,21.38,22.97,21.52,99.02,57.07,49.87,39.67
6.01,35.28,21.35,23.01,21.55,98.64,56.92,49.87,39.67
6.02,35.28,21.38,22.97,21.52,98.64,57.07,49.87,39.67
6.03,35.28,21.35,22.97,21.52,98.64,56.92,49.87,39.67
6.04,35.28,21.35,22.97,21.52,99.02,57.07,49.87,39.59
6.05,35.28,21.35,23.01,21.55,98.64,56.92,49.87,39.59
6.06,35.28,21.38,23.01,21.52,98.64,56.92,49.87,39.67
6.07,35.28,21.35,23.01,21.52,98.64,56.92,49.87,39.67
6.08,35.28,21.32,22.97,21.52,98.64,57.07,49.87,39.67
6.09,35.28,21.35,22.97,21.52,98.64,57.07,49.87,39.59
6.10,35.34,21.35,23.01,21.52,98.64,57.07,49.98,39.67
6.11,35.34,21.35,23.01,21.55,98.64,57.21,49.87,39.67
6.12,35.21,21.35,23.01,21.55,98.64,57.07,49.87,39.67
6.13,35.28,21.35,22.97,21.55,98.64,57.07,49.87,39.67
6.14,35.28,21.35,22.97,21.55,98.64,57.07,49.87,39.59
6.15,35.28,21.38,23.01,21.52,98.64,56.92,49.87,39.67
6.16,35.28,21.35,23.01,21.52,98.64,57.07,49.87,39.67
6.17,35.28,21.35,22.97,21.55,98.64,57.07,49.87,39.67
6.18,35.28,21.35,22.97,21.55,98.64,57.07,49.87,39.67
6.19,35.34,21.35,22.97,21.55,98.64,56.92,49.87,39.67
6.20,35.28,21.35,22.97,21.52,98.64,57.07,49.87,39.67
6.21,35.28,21.35,23.01,21.52,98.64,57.07,49.87,39.67
6.22,35.34,21.35,22.97,21.55,98.64,57.07,49.87,39.67
6.23,35.28,21.35,22.97,21.55,98.64,56.92,49.87,39.67
6.24,35.28,21.32,22.97,21.55,98.64,56.92,49.87,39.67
6.25,35.34,21.35,23.01,21.52,98.64,57.07,49.87,39.67
6.26,35.34,21.35,23.01,21.52,98.64,57.07,49.87,39.67
6.27,35.34,21.35,22.97,21.52,98.64,56.92,49.87,39.67
6.28,35.28,21.32,22.97,21.52,98.64,56.92,49.87,39.67
6.29,35.34,21.35,22.97,21.55,98.64,57.07,49.87,39.67
6.30,35.34,21.35,22.97,21.52,98.64,57.07,49.87,39.67
6.31,35.28,21.35,23.01,21.55,98.64,57.07,49.87,39.67
6.32,35.34,21.35,22.97,21.52,98.64,56.92,49.87,39.67
6.33,35.28,21.35,22.97,21.52,98.64,57.07,49.87,39.67
6.34,35.28,21.35,22.97,21.52,98.64,57.07,49.87,39.67
6.35,35.28,21.35,23.01,21.55,99.02,57.07,49.98,39.67
6.36,35.34,21.38,23.01,21.52,98.64,57.07,49.87,39.67
6.37,35.28,21.35,22.97,21.55,99.02,57.07,49.87,39.67
6.38,35.28,21.35,22.97,21.55,98.64,56.92,49.87,39.67
6.39,35.34,21.35,22.97,21.55,98.64,57.07,49.87,39.67
6.40,35.34,21.35,22.97,21.55,98.64,57.07,49.87,39.67
6.41,35.28,21.35,23.01,21.52,98.64,57.07,49.87,39.59
6.42,35.34,21.32,22.97,21.55,98.64,57.07,49.87,39.67
6.43,35.34,21.35,22.97,21.55,98.64,57.07,49.87,39.67
6.44,35.28,21.35,22.97,21.55,98.64,57.07,49.87,39.67
6.45,35.28,21.32,22.97,21.52,99.02,57.07,49.87,39.59
6.46,35.34,21.35,23.01,21.55,98.64,57.07,49.87,39.59
6.47,35.28,21.35,22.97,21.52,98.64,57.07,49.87,39.67
6.48,35.28,21.32,22.94,21.52,98.64,57.07,49.75,39.67
6.49,35.28,21.35,23.01,21.52,98.64,56.92,49.87,39.67
6.50,35.28,21.35,22.97,21.55,98.64,57.07,49.87,39.67
6.51,35.34,21.38,22.97,21.55,98.64,57.07,49.87,39.67
6.52,35.28,21.35,22.97,21.55,98.64,56.92,49.87,39.67
6.53,35.28,21.32,22.97,21.55,98.64,56.92,49.87,39.67
6.54,35.34,21.32,22.97,21.55,98.64,56.92,49.87,39.67
6.55,35.34,21.35,23.01,21.55,98.64,56.92,49.87,39.59
6.56,35.21,21.35,23.01,21.55,98.64,57.07,49.87,39.67
6.57,35.21,21.32,22.97,21.55,98.64,57.07,49.87,39.67
6.58,35.28,21.32,22.97,21.52,98.64,56.78,49.87,39.59
6.59,35.28,21.35,22.97,21.52,98.64,57.07,49.87,39.67
6.60,35.34,21.35,22.97,21.52,98.64,56.92,49.87,39.67
6.61,35.28,21.35,23.01,21.55,98.64,56.92,49.98,39.67
6.62,35.28,21.35,22.97,21.52,98.64,57.07,49.87,39.59
6.63,35.34,21.32,22.97,21.55,98.64,57.07,49.87,39.67
6.64,35.21,21.32,22.97,21.55,98.64,57.07,49.75,39.67
6.65,35.34,21.35,22.97,21.55,98.64,57.07,49.87,39.67
6.66,35.34,21.35,22.97,21.55,98.64,56.92,49.87,39.59
6.67,35.34,21.32,22.97,21.55,98.64,56.92,49.75,39.67
6.68,35.28,21.35,22.97,21.55,98.64,56.92,49.87,39.67
6.69,35.28,21.35,22.97,21.55,98.64,57.07,49.87,39.67
6.70,35.34,21.35,22.97,21.52,99.02,57.07,49.87,39.67
6.71,35.28,21.35,22.97,21.55,98.64,57.07,49.87,39.67
6.72,35.34,21.32,22.97,21.55,98.64,56.92,49.87,39.67
6.73,35.28,21.32,22.97,21.55,98.64,56.92,49.75,39.59
6.74,35.21,21.35,22.97,21.55,98.64,57.07,49.87,39.67
6.75,35.28,21.35,22.97,21.55,98.64,57.07,49.87,39.67
6.76,35.34,21.35,22.97,21.55,98.64,57.07,49.75,39.67
6.77,35.28,21.32,22.97,21.55,98.64,57.07,49.87,39.67
6.78,35.28,21.32,22.97,21.52,98.64,56.92,49.87,39.59
6.79,35.21,21.32,22.97,21.52,98.64,56.92,49.64,39.67
6.80,35.34,21.32,22.97,21.55,99.02,57.07,49.87,39.59
6.81,35.21,21.35,22.97,21.55,98.64,56.92,49.87,39.67
6.82,35.21,21.32,22.97,21.55,98.64,57.07,49.87,39.67
6.83,35.28,21.32,22.97,21.55,98.64,56.92,49.87,39.67
6.84,35.28,21.35,22.97,21.55,99.02,57.07,49.87,39.67
6.85,35.34,21.35,23.01,21.52,99.02,56.92,49.87,39.67
6.86,35.34,21.32,22.97,21.52,98.64,57.07,49.87,39.67
6.87,35.34,21.32,22.97,21.52,98.64,56.92,49.87,39.67
6.88,35.28,21.38,22.97,21.55,98.64,57.07,49.87,39.67
6.89,35.34,21.35,22.97,21.55,98.64,57.07,49.87,39.67
6.90,35.34,21.35,22.97,21.52,98.64,56.92,49.87,39.67
6.91,35.28,21.35,22.97,21.52,98.64,57.07,49.87,39.67
6.92,35.28,21.32,22.97,21.52,98.64,57.07,49.87,39.67
6.93,35.28,21.32,22.97,21.55,98.64,57.07,49.87,39.67
6.94,35.34,21.32,22.97,21.52,98.64,57.07,49.87,39.67
6.95,35.34,21.35,22.97,21.55,98.64,57.21,49.87,39.59
6.96,35.34,21.35,22.97,21.52,98.64,57.07,49.75,39.59
6.97,35.34,21.35,22.97,21.52,98.64,56.78,49.87,39.59
6.98,35.28,21.32,22.97,21.55,98.64,57.07,49.87,39.74
6.99,35.34,21.32,22.97,21.55,98.64,56.92,49.87,39.59
7.00,35.21,21.32,22.97,21.52,98.64,56.92,49.87,39.74
7.01,35.34,21.32,22.97,21.55,98.64,56.92,49.87,39.59
7.02,35.34,21.32,22.97,21.52,98.64,56.92,49.87,39.59
7.03,35.28,21.32,22.97,21.52,98.64,56.92,49.87,39.67
7.04,35.28,21.32,22.97,21.55,98.64,57.07,49.87,39.67
7.05,35.28,21.32,22.97,21.52,98.64,57.07,49.87,39.67
7.06,35.34,21.35,22.97,21.55,98.64,57.07,49.87,39.67
7.07,35.21,21.35,22.97,21.52,98.64,57.07,49.87,39.67
7.08,35.21,21.32,22.97,21.52,98.64,56.92,49.75,39.67
7.09,35.28,21.35,22.97,21.55,98.64,57.07,49.87,39.59
7.10,35.34,21.35,22.97,21.55,98.64,57.07,49.87,39.59
7.11,35.21,21.35,22.97,21.52,99.02,57.07,49.98,39.67
7.12,35.41,21.32,22.97,21.55,98.64,57.07,49.87,39.67
7.13,35.21,21.29,22.94,21.55,98.64,56.92,49.87,39.67
7.14,35.28,21.32,22.94,21.55,98.64,57.07,49.87,39.67
7.15,35.34,21.35,23.01,21.55,98.64,56.78,49.87,39.67
7.16,35.34,21.35,22.97,21.55,98.64,57.07,49.87,39.67
7.17,35.28,21.35,22.94,21.52,98.64,57.07,49.75,39.67
7.18,35.28,21.32,22.97,21.52,98.64,56.92,49.87,39.67
7.19,35.28,21.32,22.97,21.55,98.26,56.92,49.87,39.67
7.20,35.34,21.35,23.01,21.55,99.02,56.92,49.87,39.67
7.21,35.34,21.32,22.97,21.55,98.26,56.92,49.87,39.67
7.22,35.28,21.32,22.97,21.52,99.02,56.92,49.87,39.67
7.23,35.21,21.32,22.97,21.52,98.64,56.92,49.87,39.67
7.24,35.28,21.32,22.97,21.55,98.64,57.07,49.87,39.67
7.25,35.28,21.35,22.97,21.55,99.02,56.92,49.98,39.67
7.26,35.34,21.35,23.01,21.52,98.64,56.92,49.87,39.67
7.27,35.28,21.32,22.97,21.52,98.64,57.07,49.87,39.67
7.28,35.28,21.32,22.97,21.52,98.64,56.92,49.87,39.67
7.29,35.28,21.35,22.97,21.52,98.64,56.92,49.75,39.67
7.30,35.34,21.35,22.97,21.52,98.64,57.07,49.87,39.59
7.31,35.21,21.35,22.97,21.55,98.64,57.07,49.87,39.59
7.32,35.28,21.32,22.97,21.52,98.64,56.92,49.87,39.67
7.33,35.21,21.32,22.97,21.52,98.64,56.92,49.87,39.67
7.34,35.21,21.32,22.97,21.52,98.64,56.92,49.87,39.67
7.35,35.28,21.35,22.97,21.55,98.64,56.92,49.87,39.67
7.36,35.34,21.35,22.97,21.52,98.64,56.78,49.87,39.67
7.37,35.28,21.32,22.97,21.55,98.64,57.07,49.75,39.67
7.38,35.28,21.32,22.97,21.55,98.64,57.07,49.87,39.59
7.39,35.28,21.32,22.97,21.52,98.64,56.92,49.87,39.74
7.40,35.34,21.35,22.97,21.55,98.64,56.92,49.87,39.67
7.41,35.34,21.32,22.97,21.52,98.64,57.07,49.87,39.67
7.42,35.28,21.32,22.97,21.55,98.64,56.92,49.75,39.59
7.43,35.28,21.29,22.97,21.55,98.64,57.07,49.87,39.67
7.44,35.21,21.35,22.97,21.52,98.64,57.07,49.87,39.67
7.45,35.28,21.35,22.97,21.55,98.64,56.92,49.87,39.67
7.46,35.21,21.32,23.01,21.55,98.64,56.92,49.87,39.67
7.47,35.28,21.32,22.97,21.52,98.64,56.92,49.87,39.67
7.48,35.28,21.32,22.94,21.52,98.64,57.07,49.75,39.59
7.49,35.21,21.32,22.97,21.55,98.64,57.07,49.87,39.67
7.50,35.34,21.35,22.97,21.52,98.64,57.07,49.87,39.67
7.51,35.34,21.35,22.97,21.52,98.64,57.07,49.87,39.67
7.52,35.28,21.35,22.97,21.55,98.64,57.07,49.87,39.67
7.53,35.21,21.32,22.97,21.52,98.64,56.92,49.87,39.67
7.54,35.21,21.32,22.97,21.52,98.64,57.07,49.87,39.67
7.55,35.28,21.35,22.97,21.52,99.02,56.92,49.87,39.67
7.56,35.28,21.35,22.97,21.55,98.64,56.92,49.87,39.67
7.57,35.28,21.32,22.97,21.52,98.64,57.07,49.75,39.67
7.58,35.28,21.32,22.94,21.55,98.64,56.92,49.87,39.67
7.59,35.28,21.32,22.97,21.52,98.64,57.07,49.87,39.67
7.60,35.34,21.32,22.97,21.52,98.64,56.92,49.87,39.67
7.61,35.28,21.32,22.97,21.55,98.64,56.92,49.87,39.67
7.62,35.21,21.32,22.97,21.55,98.64,57.07,49.87,39.67
7.63,35.28,21.32,22.97,21.55,98.64,56.92,49.87,39.59
7.64,35.21,21.32,22.97,21.52,98.64,56.92,49.87,39.67
7.65,35.28,21.35,22.97,21.55,98.64,56.92,49.87,39.67
7.66,35.28,21.35,22.97,21.55,98.64,56.92,49.87,39.67
7.67,35.28,21.32,22.97,21.52,98.64,56.92,49.87,39.67
7.68,35.28,21.32,22.97,21.52,98.64,56.92,49.75,39.67
7.69,35.28,21.32,22.94,21.52,98.64,56.92,49.87,39.59
7.70,35.34,21.35,22.97,21.55,98.64,56.92,49.87,39.67
7.71,35.28,21.32,22.97,21.55,98.64,56.92,49.87,39.67
7.72,35.28,21.32,22.97,21.55,98.64,57.07,49.87,39.67
7.73,35.21,21.32,22.94,21.52,98.64,57.07,49.87,39.67
7.74,35.28,21.32,22.97,21.55,98.64,57.07,49.87,39.67
7.75,35.28,21.35,22.97,21.55,98.64,56.92,49.87,39.67
7.76,35.28,21.32,22.97,21.55,98.64,56.92,49.87,39.59
7.77,35.28,21.32,22.94,21.52,98.64,57.07,49.75,39.67
7.78,35.28,21.32,22.97,21.52,98.64,56.92,49.75,39.67
7.79,35.21,21.32,22.97,21.55,98.64,56.92,49.75,39.67
7.80,35.28,21.32,22.97,21.55,98.64,56.92,49.87,39.59
7.81,35.28,21.32,22.97,21.52,98.64,57.07,49.87,39.67
7.82,35.21,21.32,22.97,21.52,98.64,56.92,49.75,39.59
7.83,35.34,21.32,22.94,21.52,98.64,57.07,49.87,39.67
7.84,35.34,21.35,22.94,21.52,98.64,57.07,49.87,39.67
7.85,35.21,21.32,23.01,21.55,98.64,57.07,49.87,39.67
7.86,35.21,21.32,22.97,21.55,98.64,56.92,49.87,39.67
7.87,35.28,21.32,22.97,21.52,98.64,56.92,49.87,39.67
7.88,35.28,21.35,22.97,21.52,98.64,56.92,49.75,39.67
7.89,35.21,21.32,22.94,21.55,99.02,56.92,49.87,39.67
7.90,35.28,21.32,22.97,21.52,98.64,56.92,49.87,39.67
7.91,35.28,21.32,22.97,21.52,98.64,56.92,49.87,39.59
7.92,35.21,21.32,22.97,21.52,98.64,56.92,49.75,39.67
7.93,35.28,21.32,22.97,21.52,98.64,56.92,49.87,39.67
7.94,35.21,21.29,22.97,21.52,98.64,57.07,49.87,39.67
7.95,35.21,21.32,22.97,21.55,98.64,56.92,49.87,39.67
7.96,35.34,21.32,22.97,21.55,98.64,56.92,49.87,39.67
7.97,35.28,21.32,22.97,21.52,98.64,56.92,49.75,39.67
7.98,35.21,21.29,22.94,21.52,98.64,56.92,49.75,39.59
7.99,35.28,21.32,22.97,21.52,98.64,56.92,49.75,39.67
8.00,35.28,21.29,22.97,21.55,99.02,56.92,49.75,39.67
8.01,35.28,21.32,22.97,21.52,98.64,57.07,49.87,39.67
8.02,35.28,21.32,22.94,21.52,98.64,56.92,49.87,39.67
8.03,35.28,21.32,22.97,21.52,98.64,56.92,49.87,39.67
8.04,35.21,21.32,22.97,21.52,98.64,56.92,49.75,39.67
8.05,35.34,21.35,22.97,21.55,98.64,57.07,49.87,39.67
8.06,35.34,21.35,22.97,21.55,98.64,56.92,49.87,39.67
8.07,35.21,21.32,23.01,21.52,98.64,56.92,49.75,39.67
8.08,35.28,21.32,22.97,21.55,98.64,56.92,49.75,39.67
8.09,35.28,21.35,22.97,21.55,98.64,57.07,49.87,39.67
8.10,35.34,21.32,23.01,21.52,98.64,56.92,49.87,39.67
8.11,35.28,21.35,22.97,21.55,98.64,57.07,49.87,39.67
8.12,35.28,21.32,22.97,21.52,98.64,57.07,49.87,39.67
8.13,35.28,21.38,22.94,21.52,98.64,56.92,49.87,39.67
8.14,35.28,21.32,22.97,21.55,98.64,56.92,49.75,39.67
8.15,35.21,21.32,22.97,21.52,98.64,57.07,49.75,39.67
8.16,35.34,21.32,22.97,21.52,98.64,56.92,49.87,39.59
8.17,35.28,21.32,22.97,21.52,98.64,56.92,49.87,39.67
8.18,35.28,21.32,22.94,21.52,98.64,56.92,49.75,39.59
8.19,35.28,21.32,22.97,21.52,98.64,57.07,49.87,39.67
8.20,35.21,21.35,22.97,21.52,98.64,56.92,49.87,39.67
8.21,35.34,21.35,22.97,21.52,98.64,57.07,49.75,39.67
8.22,35.34,21.35,22.97,21.55,98.64,57.07,49.87,39.67
8.23,35.28,21.32,22.97,21.52,98.64,56.92,49.87,39.74
8.24,35.28,21.32,22.97,21.52,98.64,57.07,49.87,39.74
8.25,35.28,21.32,23.01,21.55,98.64,56.92,49.87,39.59
8.26,35.28,21.32,22.97,21.52,99.02,56.92,49.87,39.67
8.27,35.28,21.35,22.97,21.55,98.64,56.92,49.87,39.67
8.28,35.28,21.29,22.97,21.52,98.64,56.92,49.87,39.59
8.29,35.28,21.32,22.97,21.52,98.64,56.92,49.87,39.67
8.30,35.28,21.32,23.01,21.55,98.64,56.92,49.87,39.67
8.31,35.34,21.32,22.97,21.52,98.64,56.92,49.87,39.67
8.32,35.28,21.32,22.97,21.52,98.64,56.92,49.87,39.67
8.33,35.28,21.32,22.94,21.52,98.64,56.92,49.87,39.59
8.34,35.34,21.29,22.97,21.55,98.64,56.92,49.87,39.67
8.35,35.28,21.29,22.97,21.52,98.64,56.92,49.87,39.67
8.36,35.34,21.35,23.01,21.55,98.64,56.92,49.75,39.59
8.37,35.28,21.32,22.97,21.52,98.64,57.07,49.87,39.67
8.38,35.28,21.32,22.97,21.52,98.64,57.07,49.75,39.67
8.39,35.34,21.32,22.97,21.52,98.64,56.92,49.87,39.67
8.40,35.34,21.35,22.97,21.52,99.02,57.07,49.87,39.67
8.41,35.34,21.35,22.97,21.52,98.64,56.92,49.87,39.67
8.42,35.28,21.32,22.97,21.52,98.64,56.92,49.75,39.67
8.43,35.21,21.32,22.97,21.55,98.64,57.07,49.75,39.67
8.44,35.34,21.32,22.97,21.55,98.64,57.07,49.87,39.59
8.45,35.34,21.35,22.97,21.52,98.64,57.07,49.87,39.67
8.46,35.34,21.35,23.01,21.55,99.02,57.07,49.87,39.67
8.47,35.28,21.32,22.97,21.52,98.26,56.92,49.87,39.67
8.48,35.28,21.32,22.97,21.55,98.64,56.92,49.98,39.67
8.49,35.34,21.35,22.97,21.55,98.64,56.92,49.87,39.67
8.50,35.34,21.35,23.01,21.55,98.64,56.92,49.75,39.67
8.51,35.28,21.35,23.01,21.52,99.02,57.07,49.87,39.67
8.52,35.34,21.32,22.97,21.55,98.64,56.92,49.87,39.67
8.53,35.28,21.32,22.97,21.55,98.64,56.92,49.87,39.67
8.54,35.28,21.35,22.97,21.55,98.64,57.07,49.75,39.67
8.55,35.34,21.35,23.01,21.55,98.64,57.07,49.87,39.67
8.56,35.34,21.35,22.97,21.52,98.64,57.07,49.87,39.67
8.57,35.34,21.35,22.97,21.52,98.26,56.92,49.75,39.67
8.58,35.28,21.32,22.97,21.52,98.64,57.07,49.87,39.67
8.59,35.34,21.35,22.97,21.52,98.64,57.07,49.75,39.67
8.60,35.34,21.35,23.01,21.55,98.64,57.07,49.87,39.59
8.61,35.34,21.35,23.01,21.55,99.02,57.07,49.87,39.67
8.62,35.34,21.35,22.97,21.52,99.02,57.07,49.87,39.67
8.63,35.28,21.35,22.97,21.55,98.64,57.07,49.87,39.67
8.64,35.34,21.32,23.01,21.55,98.64,57.07,49.87,39.67
8.65,35.28,21.35,23.01,21.55,98.64,57.07,49.87,39.67
8.66,35.28,21.35,23.01,21.52,98.64,56.92,49.87,39.67
8.67,35.34,21.35,23.01,21.55,98.64,57.07,49.87,39.67
8.68,35.34,21.35,23.01,21.52,98.64,57.07,49.87,39.67
8.69,35.34,21.35,22.97,21.52,98.64,57.07,49.87,39.67
8.70,35.28,21.38,23.01,21.55,98.64,57.21,49.87,39.67
8.71,35.34,21.35,23.01,21.55,98.64,57.07,49.87,39.67
8.72,35.34,21.35,23.01,21.52,98.64,57.07,49.87,39.67
8.73,35.34,21.35,23.01,21.55,99.02,57.07,49.87,39.67
8.74,35.34,21.32,23.01,21.52,98.64,57.07,49.87,39.67
8.75,35.34,21.35,23.01,21.55,99.02,56.92,49.87,39.67
8.76,35.34,21.35,23.01,21.52,98.64,57.07,49.87,39.67
8.77,35.34,21.35,23.01,21.52,98.64,57.07,49.87,39.67
8.78,35.34,21.35,23.01,21.52,98.64,56.92,49.87,39.67
8.79,35.28,21.35,23.01,21.52,98.64,57.07,49.87,39.67
8.80,35.34,21.35,23.01,21.52,98.64,56.92,49.87,39.67
8.81,35.34,21.35,23.01,21.52,98.64,57.07,49.87,39.67
8.82,35.34,21.32,22.97,21.52,98.64,56.92,49.87,39.67
8.83,35.34,21.35,22.97,21.52,98.64,56.92,49.87,39.67
8.84,35.28,21.35,23.01,21.55,98.64,57.07,49.87,39.67
8.85,35.34,21.35,23.01,21.52,99.02,57.07,49.87,39.67
8.86,35.34,21.35,23.01,21.55,99.02,57.07,49.87,39.67
8.87,35.41,21.35,23.01,21.55,99.02,57.07,49.87,39.67
8.88,35.34,21.35,22.97,21.52,98.64,56.92,49.87,39.67
8.89,35.28,21.35,23.01,21.52,98.64,57.07,49.87,39.67
8.90,35.41,21.38,23.01,21.52,99.02,57.07,49.87,39.67
8.91,35.34,21.35,23.01,21.52,99.02,57.07,49.98,39.67
8.92,35.34,21.35,22.97,21.52,98.64,57.07,49.87,39.67
8.93,35.28,21.35,22.97,21.52,98.64,57.07,49.87,39.67
8.94,35.34,21.35,23.01,21.55,98.64,57.07,49.87,39.67
8.95,35.34,21.35,23.01,21.55,98.64,57.07,49.87,39.67
8.96,35.28,21.35,23.04,21.55,99.02,57.07,49.98,39.67
8.97,35.34,21.35,23.01,21.52,98.64,57.07,49.87,39.67
8.98,35.28,21.35,23.01,21.55,98.64,57.07,49.87,39.59
8.99,35.34,21.35,23.01,21.55,98.64,57.07,49.87,39.74
9.00,35.41,21.38,23.01,21.55,98.64,57.07,49.98,39.67
9.01,35.34,21.35,23.04,21.55,99.02,57.07,49.98,39.67
9.02,35.34,21.38,23.01,21.55,98.64,57.07,49.87,39.67
9.03,35.34,21.35,23.01,21.52,98.64,57.07,49.87,39.67
9.04,35.34,21.38,23.01,21.55,98.64,57.07,49.87,39.67
9.05,35.34,21.38,23.01,21.52,98.64,57.07,49.98,39.67
9.06,35.28,21.38,23.01,21.55,99.02,57.07,49.87,39.67
9.07,35.34,21.35,23.01,21.55,98.64,57.07,49.98,39.67
9.08,35.28,21.35,23.01,21.55,98.64,57.07,49.87,39.67
9.09,35.34,21.35,23.01,21.55,98.64,57.07,49.87,39.67
9.10,35.41,21.38,23.01,21.52,99.02,56.92,49.87,39.67
9.11,35.34,21.35,23.01,21.55,99.02,57.07,49.98,39.67
9.12,35.34,21.35,23.01,21.55,98.64,57.07,49.87,39.67
9.13,35.34,21.35,23.01,21.52,99.02,56.92,49.87,39.67
9.14,35.34,21.35,23.01,21.55,99.02,57.07,49.87,39.67
9.15,35.34,21.35,23.04,21.55,99.02,57.07,49.98,39.67
9.16,35.34,21.38,23.04,21.55,99.02,57.07,49.98,39.67
9.17,35.41,21.35,22.97,21.52,98.64,56.92,49.87,39.67
9.18,35.34,21.32,23.01,21.55,98.64,57.07,49.87,39.67
9.19,35.34,21.35,23.01,21.52,98.64,56.92,49.87,39.67
9.20,35.41,21.38,23.01,21.55,98.64,57.07,49.87,39.67
9.21,35.34,21.38,23.01,21.55,99.02,57.07,49.87,39.67
9.22,35.34,21.35,23.01,21.55,99.02,56.92,49.87,39.67
9.23,35.34,21.35,23.01,21.55,99.02,57.07,49.87,39.67
9.24,35.34,21.35,23.01,21.52,99.02,57.07,49.87,39.67
9.25,35.34,21.38,23.01,21.55,99.02,57.07,49.98,39.67
9.26,35.41,21.38,23.04,21.52,99.02,56.92,49.98,39.67
9.27,35.34,21.35,23.01,21.55,99.02,56.92,49.87,39.67
9.28,35.34,21.35,23.01,21.52,99.02,57.07,49.87,39.67
9.29,35.34,21.38,23.01,21.55,99.02,56.92,49.87,39.67
9.30,35.34,21.35,23.01,21.55,99.02,56.92,49.87,39.67
9.31,35.41,21.38,23.01,21.55,99.02,57.21,49.87,39.67
9.32,35.34,21.35,23.01,21.55,99.02,57.07,49.87,39.67
9.33,35.34,21.35,23.01,21.55,98.64,56.92,49.87,39.67
9.34,35.34,21.35,23.01,21.55,99.02,56.92,49.87,39.67
9.35,35.41,21.35,23.04,21.52,99.02,57.07,49.98,39.67
9.36,35.34,21.38,23.04,21.52,98.64,57.07,49.98,39.67
9.37,35.28,21.35,23.01,21.52,99.02,57.07,49.87,39.67
9.38,35.28,21.35,23.01,21.55,98.64,56.92,49.87,39.67
9.39,35.34,21.38,23.01,21.52,98.64,57.07,49.98,39.67
9.40,35.34,21.38,23.01,21.55,99.02,57.07,49.98,39.67
9.41,35.41,21.35,23.04,21.52,99.02,57.07,49.98,39.67
9.42,35.34,21.38,23.01,21.55,99.02,57.07,49.98,39.67
9.43,35.41,21.35,23.01,21.55,98.64,57.07,49.98,39.67
9.44,35.28,21.35,23.01,21.55,99.02,57.07,49.87,39.74
9.45,35.34,21.38,23.04,21.52,99.02,57.07,49.98,39.67
9.46,35.34,21.38,23.04,21.52,99.02,57.07,49.98,39.67
9.47,35.34,21.35,23.01,21.55,98.64,57.21,49.87,39.67
9.48,35.34,21.35,23.01,21.55,99.02,57.21,49.87,39.67
9.49,35.41,21.35,23.01,21.55,99.02,57.07,49.98,39.59
9.50,35.41,21.38,23.04,21.55,99.02,57.07,49.98,39.83
9.51,35.41,21.38,23.04,21.55,99.02,57.07,49.87,39.67
9.52,35.34,21.35,23.01,21.52,98.64,57.07,49.98,39.67
9.53,35.28,21.35,23.04,21.55,99.02,57.07,49.98,39.67
9.54,35.34,21.35,23.01,21.55,99.02,57.07,49.87,39.67
9.55,35.34,21.38,23.04,21.55,99.02,57.07,49.98,39.67
9.56,35.34,21.38,23.04,21.55,99.02,57.07,49.98,39.67
9.57,35.34,21.35,23.01,21.55,98.64,57.07,49.87,39.67
9.58,35.34,21.38,23.01,21.55,99.02,57.07,49.87,39.67
9.59,35.28,21.38,23.04,21.55,99.02,57.07,49.87,39.67
9.60,35.41,21.38,23.01,21.55,98.64,57.07,49.98,39.67
9.61,35.34,21.38,23.04,21.55,99.02,57.07,49.98,39.67
9.62,35.41,21.38,23.04,21.52,98.64,56.92,49.87,39.67
9.63,35.34,21.35,23.01,21.55,99.02,56.92,49.98,39.74
9.64,35.34,21.38,23.01,21.52,99.02,57.07,49.98,39.67
9.65,35.41,21.38,23.04,21.55,99.02,57.07,49.87,39.67
9.66,35.41,21.38,23.01,21.52,99.02,57.07,49.98,39.67
9.67,35.28,21.38,23.04,21.55,99.02,57.07,49.87,39.67
9.68,35.34,21.35,23.01,21.55,98.64,56.92,49.87,39.67
9.69,35.34,21.38,23.04,21.55,98.64,57.07,49.87,39.67
9.70,35.34,21.38,23.04,21.55,99.02,57.07,49.98,39.67
9.71,35.34,21.38,23.04,21.52,98.64,57.07,49.87,39.67
9.72,35.41,21.38,23.01,21.55,99.02,57.07,49.98,39.67
9.73,35.41,21.35,23.01,21.52,98.64,57.07,49.87,39.67
9.74,35.41,21.35,23.04,21.52,99.02,57.07,49.87,39.67
9.75,35.41,21.38,23.04,21.55,98.64,57.21,49.98,39.67
10.09,35.41,21.38,23.04,21.55,99.02,57.07,49.75,39.67
10.10,35.28,21.35,23.01,21.55,99.02,57.07,49.87,39.67
10.11,35.34,21.38,23.01,21.52,99.02,57.21,49.87,39.67
10.12,35.28,21.35,23.04,21.52,99.02,57.21,49.98,39.67
10.15,35.41,21.38,23.04,21.55,99.02,57.07,49.87,39.67
10.16,35.41,21.38,23.01,21.55,99.02,57.07,49.98,39.74
10.17,35.34,21.38,23.01,21.55,99.02,57.07,49.98,39.67
10.18,35.34,21.38,23.01,21.55,98.64,57.07,49.87,39.67
10.19,35.41,21.38,23.01,21.55,99.02,57.07,49.98,39.67
10.20,35.41,21.38,23.04,21.55,99.02,57.07,49.98,39.67
10.21,35.34,21.38,23.04,21.55,99.02,57.21,49.98,39.67
10.22,35.41,21.35,23.04,21.55,99.02,57.21,49.87,39.67
10.23,35.34,21.35,23.01,21.52,99.02,57.21,49.98,39.67
10.24,35.34,21.35,23.04,21.55,99.02,57.07,49.87,39.67
10.25,35.41,21.38,23.04,21.55,99.02,57.21,49.98,39.67
10.26,35.41,21.38,23.04,21.55,99.02,57.07,49.98,39.67
10.27,35.41,21.38,23.04,21.55,98.64,57.07,49.87,39.67
10.28,35.34,21.38,23.01,21.55,99.02,57.07,49.98,39.67
10.29,35.34,21.38,23.04,21.55,99.02,57.21,49.98,39.74
10.30,35.41,21.38,23.04,21.55,99.02,57.21,49.98,39.74
10.31,35.34,21.38,23.04,21.55,99.02,57.07,49.98,39.74
10.32,35.34,21.38,23.01,21.55,99.02,57.07,49.98,39.67
10.33,35.34,21.38,23.04,21.52,99.02,57.07,49.87,39.67
10.34,35.41,21.38,23.04,21.52,99.02,57.07,49.98,39.67
10.35,35.41,21.41,23.04,21.55,99.02,57.21,49.98,39.74
10.36,35.41,21.38,23.04,21.55,99.02,57.07,49.98,39.67
10.37,35.34,21.38,23.04,21.55,99.02,57.07,49.98,39.67
10.38,35.34,21.38,23.01,21.55,99.02,57.07,49.87,39.67
10.39,35.41,21.38,23.04,21.55,99.02,57.07,49.98,39.67
10.40,35.41,21.38,23.04,21.55,99.02,57.21,49.98,39.67
10.41,35.41,21.38,23.04,21.55,99.02,57.21,49.98,39.67
10.42,35.41,21.38,23.04,21.52,99.02,57.07,49.98,39.67
10.43,35.41,21.38,23.04,21.55,99.02,56.92,49.98,39.67
10.44,35.34,21.38,23.04,21.55,99.02,57.07,49.98,39.67
10.45,35.41,21.41,23.08,21.52,99.02,57.21,49.98,39.67
10.46,35.41,21.41,23.04,21.55,99.02,57.21,49.98,39.74
10.47,35.41,21.38,23.04,21.55,99.02,57.07,49.98,39.67
10.48,35.34,21.38,23.04,21.55,99.02,57.21,49.98,39.74
10.49,35.41,21.38,23.04,21.55,99.02,57.21,49.87,39.74
10.50,35.41,21.38,23.04,21.55,99.02,57.07,49.98,39.67
10.51,35.41,21.41,23.04,21.55,99.02,57.07,49.98,39.67
10.52,35.34,21.38,23.04,21.55,99.02,57.07,49.98,39.67
10.53,35.41,21.35,23.04,21.55,99.02,57.07,49.98,39.67
10.54,35.41,21.38,23.04,21.55,99.02,57.07,50.10,39.74
10.55,35.48,21.41,23.04,21.55,99.02,57.07,49.98,39.74
10.56,35.41,21.41,23.04,21.55,99.02,57.21,49.98,39.74
10.57,35.41,21.38,23.04,21.55,99.02,57.21,49.87,39.67
10.58,35.34,21.41,23.04,21.55,99.02,57.07,49.98,39.67
10.59,35.41,21.41,23.04,21.55,99.02,57.07,49.98,39.67
10.60,35.34,21.41,23.04,21.55,99.02,57.21,49.98,39.67
10.61,35.41,21.41,23.04,21.55,99.02,57.07,49.98,39.67
10.62,35.41,21.38,23.04,21.55,99.02,57.07,49.98,39.67
10.63,35.41,21.38,23.04,21.55,99.02,57.07,49.98,39.67
10.64,35.41,21.38,23.04,21.55,99.02,57.07,49.98,39.67
10.65,35.41,21.41,23.08,21.55,99.02,57.07,49.98,39.74
10.66,35.41,21.41,23.04,21.55,99.02,57.21,49.98,39.67
10.67,35.41,21.35,23.08,21.55,99.02,57.21,49.98,39.67
10.68,35.41,21.38,23.04,21.55,99.02,57.07,49.98,39.67
10.69,35.41,21.38,23.04,21.55,99.02,57.21,49.98,39.74
10.70,35.41,21.41,23.08,21.52,99.02,57.07,49.98,39.67
10.71,35.41,21.38,23.04,21.55,99.02,57.07,49.98,39.67
10.72,35.41,21.38,23.04,21.52,99.02,57.07,49.98,39.67
10.73,35.41,21.38,23.04,21.52,99.02,57.07,49.98,39.67
10.74,35.41,21.35,23.04,21.55,99.02,57.07,49.87,39.67
10.75,35.41,21.41,23.04,21.55,99.02,57.21,49.98,39.67
10.76,35.41,21.38,23.04,21.55,99.02,57.07,49.98,39.74
10.77,35.41,21.41,23.04,21.55,99.02,57.07,49.98,39.67
10.78,35.41,21.38,23.04,21.55,99.02,57.21,49.98,39.67
10.79,35.34,21.38,23.04,21.52,99.02,57.21,49.98,39.74
10.80,35.41,21.41,23.04,21.55,98.64,57.21,49.98,39.67
10.81,35.34,21.38,23.08,21.55,99.02,57.07,49.98,39.67
10.82,35.34,21.38,23.04,21.55,99.02,57.21,49.98,39.67
10.83,35.41,21.38,23.04,21.52,99.02,57.07,49.98,39.67
10.84,35.41,21.38,23.04,21.52,99.02,57.07,49.98,39.67
10.85,35.48,21.41,23.04,21.55,99.02,57.21,49.98,39.74
10.86,35.41,21.41,23.04,21.55,99.02,57.07,49.98,39.67
10.87,35.41,21.38,23.04,21.55,99.02,57.07,49.98,39.67
10.88,35.34,21.38,23.04,21.55,99.02,57.07,49.98,39.67
10.89,35.41,21.38,23.04,21.55,99.40,57.07,49.98,39.67
10.90,35.41,21.38,23.04,21.55,99.02,57.21,49.98,39.67
10.91,35.41,21.38,23.04,21.52,99.02,57.21,49.87,39.74
10.92,35.41,21.38,23.04,21.55,99.02,57.07,49.87,39.67
10.93,35.41,21.38,23.01,21.55,98.64,57.21,49.87,39.74
10.94,35.41,21.38,23.04,21.52,99.02,57.07,49.87,39.67
10.95,35.34,21.38,23.04,21.55,99.02,57.21,49.98,39.67
10.96,35.34,21.41,23.04,21.55,99.02,57.07,49.98,39.67
10.97,35.34,21.38,23.04,21.55,99.02,57.07,49.87,39.67
10.98,35.28,21.38,23.01,21.55,99.02,57.21,49.87,39.67
10.99,35.41,21.35,23.04,21.55,99.02,57.07,49.98,39.67
11.00,35.41,21.38,23.04,21.52,99.02,57.21,49.98,39.67
11.01,35.34,21.41,23.04,21.55,99.02,57.21,49.98,39.67
11.02,35.28,21.38,23.04,21.52,99.02,57.07,49.87,39.67
11.03,35.28,21.38,23.04,21.55,99.02,57.07,49.98,39.67
11.04,35.34,21.38,23.04,21.55,99.02,57.21,49.87,39.74
11.05,35.34,21.38,23.04,21.55,98.64,57.07,49.98,39.67
11.06,35.41,21.38,23.04,21.55,99.02,57.21,49.98,39.74
11.07,35.34,21.35,23.04,21.55,99.02,56.92,49.87,39.67
11.08,35.28,21.38,23.04,21.52,99.02,57.21,49.98,39.74
11.09,35.34,21.38,23.04,21.55,99.02,56.92,49.98,39.74
11.10,35.41,21.38,23.04,21.55,99.02,57.07,50.10,39.67
11.11,35.41,21.38,23.04,21.55,99.02,57.07,49.98,39.74
11.12,35.41,21.38,23.04,21.55,99.02,57.07,49.98,39.74
11.13,35.34,21.35,23.04,21.55,98.64,57.07,49.87,39.67
11.14,35.34,21.38,23.01,21.55,99.02,57.07,49.87,39.74
11.15,35.34,21.38,23.04,21.55,99.02,57.21,49.98,39.67
11.16,35.41,21.38,23.04,21.55,99.02,57.21,49.98,39.67
11.17,35.28,21.35,23.01,21.55,99.02,57.07,49.98,39.74
11.18,35.34,21.35,23.01,21.55,99.02,57.21,49.98,39.67
11.19,35.41,21.38,23.04,21.55,99.02,57.07,49.98,39.67
11.20,35.34,21.38,23.04,21.52,99.02,57.07,49.98,39.67
11.21,35.41,21.38,23.04,21.55,99.02,57.07,49.98,39.67
11.22,35.34,21.35,23.04,21.52,99.02,57.07,49.98,39.67
11.23,35.34,21.35,23.04,21.55,99.02,57.07,49.87,39.67
11.24,35.34,21.38,23.01,21.55,99.02,57.07,49.98,39.67
11.25,35.41,21.38,23.04,21.55,99.02,57.07,49.98,39.74
11.26,35.34,21.35,23.04,21.55,99.02,56.92,49.98,39.67
11.27,35.34,21.38,23.04,21.52,99.02,57.07,49.87,39.67
11.28,35.34,21.38,23.04,21.55,99.02,56.92,49.98,39.67
11.29,35.41,21.35,23.04,21.52,98.64,57.07,49.98,39.67
11.30,35.34,21.38,23.04,21.52,99.02,57.07,49.98,39.67
11.31,35.34,21.38,23.04,21.55,99.02,56.92,49.98,39.74
11.32,35.34,21.38,23.01,21.55,98.26,56.92,49.87,39.67
11.33,35.34,21.32,23.01,21.55,99.40,57.07,49.98,39.74
11.34,35.41,21.35,23.04,21.52,99.02,57.07,49.75,39.67
11.35,35.41,21.38,23.04,21.55,99.02,57.07,49.87,39.67
11.36,35.41,21.38,23.04,21.55,98.64,57.07,49.87,39.67
11.37,35.34,21.35,23.04,21.52,99.02,57.21,49.98,39.67
11.38,35.34,21.38,23.01,21.55,99.02,57.07,49.98,39.74
11.39,35.34,21.35,23.01,21.55,99.02,57.07,49.87,39.67
11.40,35.34,21.38,23.04,21.55,99.02,57.07,49.98,39.67
11.41,35.28,21.38,23.04,21.55,99.02,57.21,49.98,39.67
11.42,35.28,21.35,23.04,21.55,99.02,56.92,49.98,39.74
11.43,35.41,21.35,23.01,21.55,99.02,57.07,49.87,39.67
11.44,35.34,21.38,23.04,21.55,99.02,57.07,49.87,39.67
11.45,35.34,21.38,23.01,21.55,99.02,57.07,49.98,39.67
11.46,35.34,21.38,23.01,21.55,98.64,57.07,49.98,39.67
11.47,35.34,21.35,23.01,21.55,98.64,57.07,49.98,39.74
11.48,35.34,21.35,23.01,21.55,99.02,57.07,49.98,39.67
11.49,35.28,21.38,23.01,21.52,99.02,57.07,49.98,39.67
11.50,35.34,21.35,23.04,21.55,99.02,56.92,49.98,39.67
11.51,35.41,21.38,23.04,21.55,99.02,56.92,49.98,39.67
11.52,35.34,21.35,23.04,21.55,99.02,57.07,49.98,39.67
11.53,35.28,21.35,23.01,21.52,99.02,57.07,49.98,39.74
11.54,35.34,21.35,23.01,21.55,99.02,57.07,49.98,39.67
11.55,35.41,21.35,23.04,21.55,99.02,57.07,49.87,39.67
11.56,35.34,21.38,23.01,21.52,99.02,57.07,49.87,39.67
11.57,35.34,21.35,23.04,21.55,99.02,57.07,49.87,39.67
11.58,35.34,21.35,23.01,21.55,99.02,56.92,49.98,39.67
11.59,35.34,21.35,23.01,21.52,99.02,56.92,49.87,39.67
11.60,35.41,21.35,23.04,21.52,99.02,57.07,49.87,39.67
11.61,35.34,21.38,23.04,21.52,99.02,57.07,49.98,39.67
11.62,35.34,21.35,23.01,21.52,98.64,57.07,49.98,39.74
11.63,35.34,21.35,23.01,21.52,99.02,56.92,49.98,39.67
11.64,35.34,21.32,23.01,21.52,98.64,57.07,49.87,39.74
11.65,35.34,21.38,23.01,21.55,99.02,56.92,49.87,39.67
11.66,35.41,21.35,23.04,21.55,99.02,56.92,49.98,39.74
11.67,35.34,21.35,23.01,21.52,99.02,56.92,49.87,39.67
11.68,35.34,21.35,23.01,21.55,99.02,57.07,49.87,39.67
11.69,35.34,21.32,23.01,21.55,99.02,57.07,49.87,39.67
11.70,35.34,21.38,23.04,21.52,99.02,57.07,49.98,39.74
11.71,35.41,21.38,23.04,21.55,99.02,57.07,49.98,39.67
11.72,35.34,21.35,23.01,21.55,98.64,57.07,49.98,39.74
11.73,35.34,21.35,23.01,21.52,98.64,56.92,49.87,39.67
11.74,35.28,21.35,23.01,21.52,99.02,56.92,49.98,39.67
11.75,35.28,21.38,23.04,21.52,99.02,57.07,49.87,39.67
11.76,35.34,21.38,23.01,21.55,99.02,57.07,49.98,39.74
11.77,35.34,21.35,23.01,21.55,98.64,56.92,49.98,39.67
11.78,35.34,21.35,23.04,21.55,99.02,56.92,49.87,39.67
11.79,35.34,21.35,23.01,21.52,99.02,56.92,49.98,39.67
11.80,35.34,21.38,23.04,21.52,99.02,57.07,49.98,39.67
11.81,35.41,21.38,23.04,21.52,99.02,57.07,49.98,39.67
11.82,35.34,21.35,23.01,21.52,99.02,57.07,49.87,39.67
11.83,35.34,21.32,23.01,21.52,98.64,57.07,49.87,39.67
11.84,35.34,21.35,23.01,21.55,99.02,56.92,49.87,39.67
11.85,35.34,21.38,23.04,21.55,99.02,57.07,49.87,39.67
11.86,35.34,21.38,23.01,21.55,99.02,57.07,49.98,39.67
11.87,35.34,21.35,23.01,21.52,99.02,57.07,49.87,39.67
11.88,35.34,21.35,23.01,21.52,98.64,56.92,49.98,39.67
11.89,35.34,21.35,23.01,21.55,98.64,56.92,49.87,39.67
11.90,35.28,21.35,23.01,21.55,99.02,56.92,49.87,39.67
11.91,35.34,21.35,23.04,21.52,98.64,56.92,49.87,39.67
11.92,35.28,21.35,23.04,21.52,99.02,56.92,49.98,39.74
11.93,35.34,21.32,23.01,21.52,98.64,57.07,49.98,39.67
11.94,35.34,21.35,23.01,21.55,98.64,57.07,49.87,39.74
11.95,35.34,21.35,23.01,21.52,99.02,57.07,49.98,39.67
11.96,35.34,21.38,23.01,21.52,99.02,57.07,49.98,39.67
11.97,35.34,21.35,23.01,21.52,98.64,56.92,49.87,39.67
11.98,35.34,21.35,23.01,21.52,98.64,56.92,49.87,39.67
11.99,35.34,21.32,23.01,21.52,99.02,57.07,49.98,39.67
12.00,35.34,21.32,23.01,21.55,98.64,56.92,49.87,39.67
12.01,35.34,21.38,23.04,21.55,99.02,56.92,49.87,39.67
12.02,35.28,21.32,23.01,21.55,99.02,57.07,49.98,39.67
12.03,35.34,21.35,23.01,21.52,99.02,57.07,49.87,39.67
12.04,35.41,21.32,23.01,21.55,99.02,56.92,49.98,39.74
12.05,35.34,21.35,23.04,21.52,99.02,57.07,49.98,39.67
12.06,35.34,21.32,23.04,21.52,99.02,57.07,49.98,39.67
12.07,35.21,21.35,23.04,21.52,99.02,56.92,49.87,39.67
12.08,35.34,21.35,23.01,21.52,99.02,56.92,49.87,39.74
12.09,35.34,21.35,23.01,21.52,99.02,57.07,49.87,39.67
12.10,35.34,21.32,23.04,21.52,98.64,57.07,49.98,39.67
12.11,35.34,21.35,23.04,21.52,99.02,57.07,49.87,39.67
12.12,35.34,21.35,23.01,21.52,98.64,56.92,49.87,39.67
12.13,35.34,21.35,23.01,21.55,99.02,57.07,49.87,39.67
12.14,35.34,21.35,23.01,21.55,98.64,57.07,49.87,39.67
12.15,35.34,21.35,23.01,21.52,99.02,57.07,49.87,39.67
12.16,35.34,21.38,23.04,21.55,98.64,56.92,49.87,39.67
12.17,35.34,21.35,23.01,21.55,99.02,57.07,49.87,39.67
12.18,35.34,21.35,23.01,21.52,98.64,56.92,49.87,39.74
12.19,35.28,21.35,23.01,21.52,99.02,57.07,49.87,39.67
12.20,35.34,21.38,23.04,21.55,99.02,57.07,49.87,39.74
12.21,35.34,21.35,23.01,21.52,99.02,57.07,49.87,39.74
12.22,35.34,21.35,23.01,21.55,98.64,57.07,49.98,39.67
12.23,35.28,21.35,23.01,21.52,99.02,57.07,49.87,39.67
12.24,35.34,21.41,23.01,21.58,98.64,57.07,49.87,39.67
12.25,35.28,21.35,23.04,21.55,99.02,57.07,49.98,39.67
12.26,35.34,21.35,23.04,21.55,99.02,57.07,49.98,39.74
12.27,35.34,21.35,23.01,21.55,99.02,57.07,49.87,39.67
12.28,35.34,21.35,23.01,21.52,98.64,57.07,49.87,39.67
12.29,35.28,21.35,23.01,21.55,99.02,57.21,49.87,39.67
12.30,35.34,21.38,23.01,21.55,99.02,57.07,49.87,39.67
12.31,35.41,21.38,23.04,21.55,99.02,57.07,49.98,39.74
12.32,35.28,21.38,23.01,21.55,99.02,57.21,49.98,39.67
12.33,35.28,21.35,23.01,21.55,99.02,56.92,49.87,39.67
12.34,35.28,21.35,23.01,21.52,99.02,57.21,49.98,39.67
12.35,35.34,21.38,23.01,21.55,98.64,56.92,49.98,39.59
12.36,35.28,21.38,23.01,21.55,99.02,57.07,49.98,39.67
12.37,35.34,21.35,23.01,21.52,99.02,57.07,49.87,39.74
12.38,35.28,21.35,23.01,21.52,99.02,57.07,49.87,39.67
12.39,35.34,21.35,23.01,21.55,99.02,57.07,49.87,39.67
12.40,35.41,21.35,23.01,21.55,99.02,57.07,49.98,39.67
12.41,35.34,21.38,23.04,21.52,99.02,57.07,49.98,39.67
12.42,35.34,21.35,23.01,21.52,99.02,56.92,49.87,39.67
12.43,35.34,21.35,23.01,21.52,98.64,56.92,49.98,39.67
12.44,35.34,21.35,23.04,21.52,99.02,56.92,49.98,39.67
12.45,35.41,21.38,23.04,21.55,99.02,57.07,49.98,39.67
12.46,35.28,21.35,23.04,21.52,99.02,57.07,49.98,39.67
12.47,35.41,21.35,23.01,21.52,99.02,56.92,49.87,39.67
12.48,35.28,21.32,23.01,21.55,99.02,56.92,49.98,39.67
12.49,35.41,21.35,23.04,21.52,98.64,57.07,49.87,39.67
12.50,35.34,21.38,23.01,21.52,99.02,57.07,49.98,39.67
12.51,35.34,21.38,23.04,21.55,99.02,57.07,49.98,39.67
12.52,35.34,21.35,23.01,21.55,99.02,56.92,49.87,39.67
12.53,35.34,21.35,23.04,21.52,98.64,57.07,49.87,39.74
12.54,35.41,21.38,23.01,21.55,99.02,57.07,49.87,39.67
12.55,35.41,21.38,23.04,21.55,98.64,56.92,49.98,39.67
12.56,35.34,21.38,23.01,21.52,99.40,57.07,49.87,39.67
12.57,35.34,21.35,23.04,21.55,98.64,56.92,49.98,39.67
12.58,35.34,21.35,23.01,21.55,99.02,56.92,49.98,39.67
12.59,35.34,21.35,23.04,21.55,99.02,57.07,49.98,39.67
12.60,35.34,21.35,23.04,21.55,99.02,57.07,49.87,39.67
12.61,35.34,21.38,23.04,21.55,99.02,57.07,50.21,39.67
12.62,35.34,21.38,23.01,21.55,99.02,57.07,49.98,39.67
12.63,35.34,21.35,23.01,21.55,99.02,57.07,49.87,39.67
12.64,35.41,21.38,23.04,21.55,98.64,57.07,49.98,39.74
12.65,35.41,21.38,23.04,21.55,99.02,57.07,49.98,39.74
12.66,35.28,21.35,23.04,21.55,99.02,56.92,49.98,39.74
12.67,35.34,21.35,23.01,21.55,98.64,57.21,49.87,39.74
12.68,35.34,21.35,23.01,21.55,99.02,57.07,49.98,39.67
12.69,35.34,21.35,23.04,21.55,99.02,57.07,49.98,39.67
12.70,35.34,21.38,23.04,21.55,98.64,57.07,49.87,39.67
12.71,35.34,21.35,23.01,21.55,99.02,57.07,49.98,39.67
12.72,35.34,21.35,23.01,21.55,99.02,57.21,49.98,39.74
12.73,35.34,21.35,23.01,21.55,99.02,57.07,49.87,39.67
12.74,35.41,21.35,23.01,21.52,98.64,57.07,49.98,39.67
12.75,35.34,21.38,23.04,21.55,99.02,57.07,49.87,39.67
12.76,35.34,21.38,23.04,21.55,99.02,57.07,49.98,39.74
12.77,35.34,21.35,23.04,21.55,98.64,57.07,49.98,39.74
12.78,35.28,21.35,23.01,21.55,99.02,57.07,49.98,39.67
12.79,35.34,21.35,23.01,21.55,99.02,57.07,49.87,39.74
12.80,35.41,21.35,23.01,21.55,99.02,57.07,49.98,39.74
12.81,35.34,21.38,23.01,21.52,99.02,57.07,49.98,39.67
12.82,35.34,21.35,23.01,21.52,98.64,57.07,49.98,39.67
12.83,35.28,21.35,23.01,21.52,99.02,57.07,49.98,39.67
12.84,35.34,21.35,23.04,21.55,99.02,57.07,49.98,39.67
12.85,35.34,21.35,23.04,21.55,99.02,56.92,49.98,39.67
12.86,35.34,21.38,23.01,21.55,98.64,57.07,49.98,39.67
12.87,35.34,21.38,23.01,21.55,99.02,56.92,49.98,39.67
12.88,35.34,21.35,23.01,21.55,98.64,56.92,49.98,39.74
12.89,35.34,21.35,23.04,21.52,99.02,57.07,49.98,39.67
12.90,35.34,21.38,23.01,21.55,99.02,57.21,49.98,39.67
12.91,35.34,21.38,23.04,21.55,99.02,57.07,49.98,39.67
12.92,35.34,21.38,23.04,21.52,99.02,57.07,49.98,39.74
12.93,35.34,21.35,23.01,21.55,98.64,56.92,49.98,39.67
12.94,35.41,21.38,23.01,21.52,98.64,56.92,49.87,39.67
12.95,35.34,21.38,23.04,21.52,99.02,57.07,49.98,39.67
12.96,35.34,21.35,23.01,21.52,98.64,57.07,49.87,39.67
12.97,35.34,21.35,23.01,21.52,99.02,56.92,49.87,39.67
12.98,35.28,21.35,23.04,21.52,98.64,57.07,49.98,39.74
12.99,35.34,21.32,23.01,21.52,99.02,56.92,49.87,39.74
13.00,35.34,21.38,23.04,21.52,99.02,57.07,49.98,39.74
13.01,35.34,21.38,23.04,21.55,99.02,57.07,49.98,39.74
13.02,35.34,21.35,23.01,21.55,99.02,56.92,49.98,39.67
13.03,35.34,21.35,23.01,21.52,99.02,56.92,49.98,39.67
13.04,35.34,21.32,23.01,21.52,99.02,57.07,49.87,39.67
13.05,35.41,21.38,23.04,21.55,99.02,57.07,49.98,39.67
13.06,35.41,21.38,23.04,21.55,99.02,57.07,49.98,39.67
13.07,35.28,21.35,23.04,21.52,99.02,57.07,49.87,39.67
13.08,35.34,21.32,23.01,21.55,99.02,56.92,49.98,39.67
13.09,35.34,21.35,23.01,21.52,99.02,56.92,49.98,39.74
13.10,35.34,21.35,23.01,21.52,99.02,57.07,49.98,39.74
13.11,35.34,21.38,23.04,21.52,99.02,56.92,49.98,39.67
13.12,35.34,21.35,23.01,21.55,99.02,57.07,49.98,39.67
13.13,35.34,21.38,23.01,21.55,99.02,57.07,49.98,39.74
13.14,35.34,21.38,23.01,21.55,99.02,57.07,49.98,39.74
13.15,35.34,21.38,23.04,21.55,99.02,57.07,49.98,39.67
13.16,35.34,21.38,23.04,21.55,99.02,57.07,49.98,39.67
13.17,35.41,21.38,23.01,21.55,98.64,57.07,49.98,39.74
13.18,35.28,21.35,23.01,21.55,99.02,57.07,49.87,39.74
13.19,35.34,21.35,23.01,21.55,99.02,57.07,49.87,39.74
13.20,35.28,21.38,23.04,21.55,99.02,57.07,49.98,39.67
13.21,35.34,21.38,23.04,21.55,99.02,57.07,49.98,39.67
13.22,35.34,21.35,23.04,21.52,98.64,57.07,49.98,39.74
13.23,35.34,21.35,23.01,21.55,99.02,57.07,49.87,39.74
13.24,35.28,21.38,23.04,21.52,99.02,57.07,49.87,39.74
13.25,35.41,21.35,23.01,21.55,99.02,57.07,49.98,39.74
13.26,35.41,21.38,23.04,21.55,99.02,57.07,49.98,39.74
13.27,35.28,21.38,23.01,21.55,99.02,57.07,49.98,39.67
13.28,35.34,21.38,23.01,21.55,99.02,57.07,49.98,39.74
13.29,35.34,21.38,23.01,21.55,99.02,57.07,49.98,39.67
13.30,35.28,21.38,23.01,21.55,99.02,57.07,49.98,39.74
13.31,35.34,21.38,23.01,21.55,99.02,57.07,49.98,39.74
13.32,35.34,21.38,23.01,21.55,98.64,57.07,49.98,39.67
13.33,35.28,21.35,23.01,21.55,98.64,57.07,49.98,39.74
13.34,35.34,21.38,23.04,21.55,99.02,57.07,49.98,39.74
13.35,35.28,21.35,23.04,21.55,99.02,57.07,49.87,39.67
13.36,35.41,21.38,23.04,21.55,99.02,56.92,49.98,39.67
13.37,35.34,21.35,23.01,21.55,99.02,56.92,49.87,39.67
13.38,35.34,21.35,23.01,21.55,99.02,57.07,49.87,39.67
13.39,35.34,21.35,23.01,21.55,99.02,57.07,50.10,39.74
13.40,35.34,21.35,23.04,21.55,99.02,57.07,49.87,39.74
13.41,35.34,21.32,23.04,21.52,99.02,57.07,49.98,39.67
13.42,35.34,21.38,23.01,21.55,99.02,57.07,49.98,39.74
13.43,35.34,21.32,23.01,21.52,99.02,56.92,49.98,39.67
13.44,35.34,21.32,23.01,21.52,99.02,56.92,49.98,39.74
13.45,35.34,21.38,23.01,21.55,99.02,57.07,49.87,39.67
13.46,35.34,21.35,23.04,21.55,99.02,57.07,49.98,39.67
13.47,35.34,21.35,23.01,21.55,98.64,57.07,49.87,39.67
13.48,35.34,21.35,23.01,21.55,99.02,56.92,49.87,39.67
13.49,35.34,21.32,23.01,21.55,99.02,57.07,49.98,39.67
13.50,35.34,21.32,23.01,21.55,99.02,57.07,49.87,39.67
13.51,35.34,21.38,23.01,21.58,99.02,56.92,49.98,39.67
13.52,35.28,21.35,23.01,21.55,99.02,57.07,49.87,39.74
13.53,35.34,21.35,23.01,21.55,98.64,57.07,49.87,39.67
13.54,35.34,21.35,23.01,21.52,99.02,57.07,49.98,39.74
13.55,35.34,21.35,23.01,21.55,99.02,57.07,49.98,39.67
13.56,35.34,21.38,23.04,21.52,98.64,57.07,49.98,39.67
13.57,35.34,21.35,23.01,21.55,99.02,57.21,49.98,39.74
13.58,35.34,21.32,23.01,21.52,99.02,56.78,49.87,39.67
13.59,35.34,21.35,23.01,21.55,99.02,57.21,49.98,39.74
13.60,35.34,21.38,23.01,21.55,99.02,57.07,49.87,39.67
13.61,35.34,21.35,23.04,21.55,99.02,56.92,49.98,39.67
13.62,35.34,21.38,23.01,21.52,99.02,57.07,49.98,39.83
13.63,35.34,21.35,23.01,21.55,98.64,57.07,49.87,39.67
13.64,35.28,21.35,23.01,21.55,99.02,57.07,49.87,39.67
13.65,35.41,21.35,23.04,21.55,99.02,57.07,49.87,39.74
13.66,35.41,21.38,23.04,21.55,99.02,56.92,49.87,39.74
13.67,35.34,21.35,23.01,21.52,98.64,57.07,49.98,39.74
13.68,35.34,21.32,23.01,21.52,99.02,56.92,49.87,39.67
13.69,35.28,21.35,23.01,21.55,99.02,56.92,49.98,39.74
13.70,35.41,21.38,23.04,21.55,98.64,57.07,49.98,39.67
13.71,35.28,21.38,23.04,21.58,99.02,57.07,49.87,39.74
13.72,35.34,21.32,23.01,21.55,99.02,57.07,49.98,39.67
13.73,35.28,21.35,23.01,21.52,99.02,57.07,49.87,39.67
13.74,35.28,21.35,23.01,21.58,98.64,57.07,49.87,39.67
13.75,35.34,21.35,23.01,21.55,99.02,57.07,49.98,39.67
13.76,35.28,21.38,23.01,21.55,99.02,57.07,49.98,39.67
13.77,35.34,21.35,23.01,21.55,99.02,57.07,49.98,39.74
13.78,35.34,21.35,23.01,21.55,98.64,57.07,49.87,39.74
13.79,35.28,21.35,23.01,21.55,98.64,56.92,49.87,39.74
13.80,35.28,21.38,23.01,21.52,99.02,57.07,49.98,39.74
13.81,35.41,21.38,23.04,21.55,99.02,57.07,49.98,39.67
13.82,35.34,21.35,23.01,21.55,99.02,57.07,49.98,39.74
13.83,35.28,21.35,23.01,21.55,98.26,57.07,49.87,39.67
13.84,35.34,21.35,23.01,21.55,99.02,57.07,49.98,39.74
13.85,35.34,21.38,23.04,21.55,98.64,57.07,49.87,39.74
13.86,35.34,21.38,23.01,21.55,99.02,57.07,50.10,39.74
13.87,35.34,21.35,23.01,21.55,98.64,57.07,49.98,39.67
13.88,35.28,21.35,23.01,21.55,98.64,57.07,49.87,39.74
13.89,35.41,21.35,23.01,21.55,98.64,57.07,49.87,39.74
13.90,35.34,21.38,23.04,21.55,99.02,57.07,49.98,39.67
13.91,35.28,21.35,23.01,21.55,99.02,57.07,49.87,39.74
13.92,35.28,21.35,23.01,21.52,99.02,57.07,49.98,39.74
13.93,35.34,21.35,23.01,21.55,98.64,57.07,49.98,39.74
13.94,35.34,21.32,23.01,21.55,98.64,57.07,49.98,39.74
13.95,35.34,21.35,23.01,21.55,99.02,57.07,49.98,39.74
13.96,35.34,21.35,23.04,21.55,99.02,57.07,49.98,39.74
13.97,35.34,21.35,23.01,21.55,99.02,57.07,49.87,39.67
13.98,35.34,21.35,23.01,21.55,99.02,57.07,49.98,39.74
13.99,35.34,21.38,23.01,21.55,98.64,57.21,49.98,39.67
14.00,35.34,21.35,23.01,21.52,99.02,57.07,49.98,39.67
14.01,35.34,21.38,23.01,21.55,99.02,56.92,49.98,39.74
14.02,35.34,21.35,23.01,21.55,99.02,57.07,49.98,39.74
14.03,35.34,21.32,23.01,21.55,98.64,56.92,49.98,39.74
14.04,35.34,21.35,23.01,21.55,98.64,57.07,49.87,39.67
14.05,35.34,21.38,23.01,21.55,99.02,56.92,49.98,39.74
14.06,35.28,21.35,23.04,21.52,99.02,57.07,49.98,39.67
14.07,35.34,21.35,23.01,21.55,98.64,56.92,49.87,39.67
14.08,35.34,21.35,23.01,21.55,99.02,57.07,49.87,39.67
14.09,35.34,21.35,23.01,21.55,98.64,57.07,49.98,39.74
14.10,35.28,21.38,23.01,21.55,99.02,57.07,49.98,39.74
14.11,35.28,21.35,23.04,21.55,99.02,57.07,49.87,39.67
14.12,35.28,21.35,23.01,21.55,99.02,57.07,49.87,39.74
14.13,35.34,21.35,23.01,21.55,98.64,56.92,49.98,39.67
14.14,35.28,21.38,23.01,21.52,98.64,57.07,49.87,39.74
14.15,35.34,21.35,23.01,21.55,99.02,57.07,49.98,39.67
14.16,35.41,21.35,23.04,21.55,99.02,57.07,49.87,39.67
14.17,35.28,21.35,23.01,21.55,98.64,57.07,49.87,39.67
14.18,35.28,21.35,23.01,21.55,98.64,56.92,49.98,39.67
14.19,35.34,21.38,23.01,21.55,99.02,57.07,49.98,39.74
14.20,35.34,21.35,23.01,21.55,99.02,57.07,49.87,39.74
14.21,35.34,21.35,23.01,21.52,98.64,57.07,49.87,39.74
14.22,35.28,21.32,23.01,21.55,99.02,56.92,49.87,39.67
14.23,35.28,21.32,23.01,21.52,98.64,57.07,49.87,39.74
14.24,35.34,21.35,23.01,21.55,99.02,57.07,49.87,39.74
14.25,35.34,21.38,23.01,21.55,99.02,57.07,49.87,39.74
14.26,35.34,21.35,23.01,21.55,99.02,57.07,49.87,39.74
14.27,35.28,21.35,23.01,21.55,99.02,56.92,49.87,39.67
14.28,35.28,21.32,22.97,21.55,99.02,57.07,49.98,39.67
14.29,35.28,21.35,23.01,21.55,99.02,57.07,49.87,39.74
14.30,35.34,21.38,23.01,21.55,99.02,57.07,49.98,39.67
14.31,35.34,21.35,23.01,21.55,99.02,57.07,49.87,39.74
14.32,35.34,21.35,23.01,21.55,99.02,56.92,49.87,39.67
14.33,35.28,21.35,23.01,21.55,98.64,57.07,49.87,39.74
14.34,35.28,21.35,23.01,21.55,99.02,56.92,49.87,39.74
14.35,35.28,21.35,23.01,21.55,99.02,57.07,49.87,39.74
14.36,35.34,21.35,23.01,21.55,98.64,57.07,49.87,39.67
14.37,35.28,21.35,23.01,21.55,98.64,57.07,49.87,39.67
14.38,35.28,21.35,23.01,21.55,98.64,56.92,49.87,39.67
14.39,35.34,21.35,22.97,21.52,98.64,57.07,49.87,39.67
14.40,35.34,21.35,23.01,21.55,99.02,57.07,49.98,39.74
14.41,35.34,21.35,23.01,21.55,99.02,57.07,49.87,39.74
14.42,35.34,21.35,23.01,21.55,99.02,56.92,49.87,39.74
14.43,35.34,21.35,23.01,21.52,98.64,56.92,49.87,39.74
14.44,35.34,21.35,23.01,21.55,99.02,56.78,49.87,39.74
14.45,35.34,21.35,23.01,21.55,99.02,57.07,49.87,39.74
14.46,35.34,21.35,23.01,21.55,99.02,57.07,49.87,39.67
14.47,35.34,21.32,23.01,21.55,99.02,57.07,49.87,39.74
14.48,35.34,21.32,23.01,21.55,99.02,56.92,49.87,39.67
14.49,35.28,21.35,23.01,21.55,99.02,57.07,49.87,39.74
14.50,35.34,21.35,23.04,21.55,99.02,57.07,49.98,39.74
14.51,35.28,21.35,23.01,21.55,99.02,56.92,49.98,39.74
14.52,35.28,21.35,23.01,21.55,99.02,57.07,49.87,39.74
14.53,35.28,21.32,22.97,21.55,98.64,56.92,49.87,39.74
14.54,35.28,21.32,23.01,21.55,98.64,57.07,49.87,39.67
14.55,35.34,21.35,23.01,21.55,99.02,57.07,49.98,39.67
14.56,35.28,21.35,23.01,21.55,99.02,57.07,49.87,39.74
14.57,35.28,21.35,23.01,21.55,99.02,57.07,49.87,39.74
14.58,35.28,21.32,23.01,21.55,98.64,57.07,49.87,39.74
14.59,35.34,21.35,23.01,21.55,99.02,57.07,49.87,39.74
14.60,35.34,21.35,23.01,21.55,98.64,57.07,49.87,39.74
14.61,35.34,21.35,23.01,21.52,99.02,56.92,49.98,39.74
14.62,35.34,21.35,23.01,21.52,99.02,57.07,49.87,39.74
14.63,35.34,21.32,23.01,21.55,98.64,56.92,49.87,39.67
14.64,35.34,21.32,23.01,21.55,98.64,57.07,49.87,39.67
14.65,35.34,21.35,23.01,21.55,99.02,57.07,49.98,39.74
14.66,35.28,21.35,23.01,21.55,99.02,56.92,49.98,39.67
14.67,35.28,21.35,23.01,21.52,98.64,56.92,49.87,39.67
14.68,35.28,21.32,23.01,21.55,99.02,56.92,49.87,39.74
14.69,35.28,21.35,23.01,21.52,99.02,57.07,49.98,39.67
14.70,35.34,21.35,23.01,21.52,98.64,57.07,49.98,39.74
14.71,35.34,21.35,23.01,21.55,98.64,57.07,49.87,39.74
14.72,35.34,21.35,23.01,21.52,98.64,56.92,49.87,39.74
14.73,35.34,21.35,23.01,21.55,98.64,56.92,49.87,39.74
14.74,35.34,21.32,23.01,21.55,99.02,56.92,49.87,39.74
14.75,35.34,21.35,23.01,21.55,99.02,56.92,49.87,39.67
14.76,35.34,21.35,23.04,21.55,99.02,57.07,49.98,39.74
14.77,35.34,21.32,22.97,21.55,99.02,56.92,49.87,39.67
14.78,35.28,21.32,23.01,21.55,98.64,57.07,49.87,39.67
14.79,35.34,21.35,23.01,21.55,98.64,56.92,49.87,39.74
14.80,35.28,21.35,23.01,21.55,99.02,57.07,49.87,39.67
14.81,35.34,21.35,23.01,21.52,98.64,56.92,49.87,39.67
14.82,35.28,21.35,22.97,21.55,98.64,57.07,49.87,39.74
14.83,35.28,21.35,22.97,21.55,98.64,56.92,49.98,39.67
14.84,35.28,21.35,23.01,21.55,98.64,56.78,49.87,39.67
14.85,35.34,21.35,23.01,21.55,99.02,57.21,49.87,39.74
14.86,35.28,21.35,23.01,21.55,98.64,57.07,49.87,39.59
14.87,35.28,21.32,22.97,21.55,98.64,57.07,49.87,39.74
14.88,35.28,21.35,22.97,21.55,99.02,56.92,49.87,39.74
14.89,35.21,21.32,23.01,21.55,99.02,57.07,49.87,39.74
14.90,35.28,21.35,23.01,21.55,98.64,57.07,49.87,39.74
14.91,35.34,21.35,23.01,21.55,99.02,57.07,49.87,39.74
14.92,35.21,21.32,22.97,21.52,98.64,57.07,49.87,39.74
14.93,35.28,21.29,22.97,21.55,98.64,56.92,49.87,39.74
14.94,35.28,21.32,23.01,21.52,98.64,56.92,49.87,39.74
14.95,35.34,21.32,23.01,21.55,99.02,57.07,49.87,39.74
14.96,35.34,21.35,23.01,21.55,99.02,56.92,49.87,39.74
14.97,35.28,21.29,22.97,21.55,98.64,56.92,49.87,39.67
14.98,35.34,21.32,22.97,21.52,98.64,56.92,49.87,39.67
14.99,35.21,21.32,23.01,21.55,98.64,56.92,49.87,39.67
15.00,35.34,21.32,23.01,21.55,98.64,56.92,49.87,39.74
15.01,35.34,21.35,22.97,21.55,98.64,57.07,49.87,39.74
15.02,35.28,21.32,22.97,21.52,98.64,57.07,49.75,39.74
15.03,35.28,21.32,22.97,21.52,98.64,56.92,49.87,39.67
15.04,35.28,21.35,23.01,21.55,98.64,57.07,49.87,39.67
15.05,35.28,21.35,23.01,21.52,99.02,57.07,49.87,39.74
15.06,35.34,21.32,23.01,21.55,98.64,56.92,49.87,39.67
15.07,35.28,21.32,22.97,21.52,99.02,57.07,49.87,39.74
15.08,35.21,21.32,23.01,21.55,98.64,56.92,49.87,39.74
15.09,35.28,21.35,22.97,21.55,99.02,56.92,49.87,39.67
15.10,35.21,21.35,23.01,21.55,98.64,57.07,49.98,39.74
15.11,35.34,21.35,22.97,21.55,98.64,57.07,49.98,39.74
15.12,35.28,21.32,22.97,21.55,98.64,56.92,49.87,39.67
15.13,35.28,21.35,22.97,21.55,98.64,56.92,49.87,39.67
15.14,35.28,21.32,23.01,21.55,99.02,57.07,49.87,39.74
15.15,35.28,21.35,23.01,21.55,99.02,57.07,49.87,39.74
15.16,35.34,21.35,23.01,21.55,99.02,57.07,49.87,39.67
15.17,35.28,21.32,22.97,21.55,98.64,56.92,49.87,39.74
15.18,35.28,21.29,23.01,21.55,98.64,56.92,49.98,39.67
15.19,35.34,21.35,22.97,21.55,99.02,56.78,49.87,39.67
15.20,35.34,21.32,23.01,21.55,98.64,56.92,49.87,39.74
15.21,35.34,21.35,23.01,21.55,98.64,57.07,49.87,39.74
15.22,35.28,21.32,23.01,21.55,98.64,56.92,49.87,39.74
15.23,35.28,21.35,22.97,21.55,99.02,57.07,49.87,39.74
15.24,35.28,21.32,23.01,21.55,98.64,56.92,49.87,39.67
15.25,35.34,21.35,23.01,21.52,98.64,57.07,49.98,39.67
15.26,35.34,21.32,22.97,21.55,98.64,56.92,49.87,39.67
15.27,35.21,21.35,22.97,21.52,98.64,56.92,49.87,39.74
15.28,35.28,21.32,22.97,21.55,98.64,57.07,49.87,39.67
15.29,35.21,21.32,22.97,21.55,98.64,57.07,49.87,39.74
15.30,35.21,21.35,23.01,21.55,98.64,57.07,49.87,39.67
15.31,35.28,21.35,23.01,21.55,98.64,57.07,49.87,39.67
15.32,35.21,21.32,22.97,21.55,99.02,56.92,49.87,39.74
15.33,35.28,21.29,22.97,21.55,98.64,56.92,49.87,39.67
15.34,35.28,21.32,22.97,21.52,98.64,56.92,49.87,39.67
15.35,35.28,21.32,23.01,21.52,98.64,56.92,49.87,39.67
15.36,35.28,21.35,22.97,21.55,98.64,57.07,49.87,39.74
15.37,35.28,21.29,22.97,21.52,98.64,56.92,49.87,39.67
15.38,35.21,21.32,22.97,21.52,98.64,57.07,49.87,39.67
15.39,35.28,21.29,23.01,21.55,98.64,56.92,49.87,39.67
15.40,35.28,21.35,22.97,21.55,98.64,56.92,49.87,39.67
15.41,35.28,21.32,23.01,21.55,99.02,57.07,49.87,39.67
15.42,35.28,21.32,22.97,21.55,98.64,56.92,49.87,39.74
15.43,35.28,21.32,22.97,21.52,98.64,56.92,49.87,39.74
15.44,35.15,21.35,22.97,21.55,98.64,56.92,49.98,39.74
15.45,35.28,21.32,22.97,21.55,98.64,57.07,49.87,39.74
15.46,35.21,21.35,22.97,21.55,98.64,56.92,49.87,39.74
15.47,35.21,21.32,22.97,21.55,98.64,56.92,49.87,39.74
15.48,35.21,21.32,22.97,21.55,98.64,56.92,49.87,39.67
15.49,35.28,21.32,22.97,21.55,99.02,56.92,49.87,39.74
15.50,35.21,21.32,23.01,21.55,99.02,56.92,49.87,39.67
15.51,35.28,21.32,22.97,21.55,98.64,57.07,49.87,39.67
15.52,35.28,21.32,22.97,21.55,98.64,56.92,49.87,39.67
15.53,35.21,21.32,22.97,21.52,99.02,56.92,49.87,39.74
15.54,35.28,21.32,22.97,21.55,98.64,56.92,49.87,39.74
15.55,35.28,21.35,22.97,21.52,99.02,57.07,49.87,39.74
15.56,35.28,21.32,22.97,21.55,98.64,56.92,49.87,39.74
15.57,35.28,21.32,22.97,21.55,98.64,56.92,49.87,39.67
15.58,35.21,21.32,22.97,21.52,98.64,56.92,49.87,39.74
15.59,35.28,21.35,22.97,21.55,98.64,56.92,49.87,39.74
15.60,35.28,21.32,22.97,21.55,98.64,57.07,49.87,39.74
15.61,35.28,21.32,22.97,21.52,98.64,56.92,49.87,39.74
15.62,35.28,21.32,22.97,21.52,98.64,56.92,49.75,39.74
15.63,35.28,21.29,22.94,21.55,98.64,56.92,49.87,39.67
15.64,35.28,21.29,22.97,21.52,98.64,56.92,49.87,39.67
15.65,35.28,21.35,22.97,21.52,98.64,56.92,49.87,39.67
15.66,35.28,21.29,22.97,21.55,99.02,56.92,49.98,39.67
15.67,35.28,21.32,22.97,21.52,98.64,56.78,49.87,39.67
15.68,35.28,21.26,22.97,21.52,98.64,56.78,49.87,39.67
15.69,35.21,21.29,22.97,21.52,98.64,56.92,49.87,39.67
15.70,35.28,21.32,22.97,21.52,98.64,56.92,49.87,39.74
15.71,35.28,21.32,22.97,21.52,98.64,56.92,49.87,39.74
15.72,35.21,21.32,22.97,21.52,98.64,56.92,49.75,39.74
15.73,35.28,21.32,22.94,21.52,98.64,56.92,49.87,39.74
15.74,35.28,21.32,22.97,21.55,98.64,56.92,49.75,39.74
15.75,35.28,21.32,23.01,21.55,98.64,57.07,49.87,39.74
15.76,35.28,21.32,22.97,21.52,98.64,56.92,49.87,39.67
15.77,35.28,21.29,22.97,21.55,98.64,57.07,49.87,39.67
15.78,35.15,21.29,22.94,21.55,98.64,56.92,49.75,39.67
15.79,35.28,21.29,22.97,21.52,98.64,56.92,49.75,39.67
15.80,35.34,21.32,22.97,21.55,98.64,56.78,49.87,39.74
15.81,35.21,21.32,22.97,21.52,98.64,56.92,49.87,39.67
15.82,35.21,21.32,22.97,21.55,98.64,56.92,49.87,39.67
15.83,35.21,21.29,22.97,21.55,98.64,56.78,49.75,39.74
15.84,35.28,21.29,22.97,21.55,98.64,56.92,49.87,39.67
15.85,35.28,21.32,22.97,21.55,99.02,57.07,49.87,39.74
15.86,35.28,21.29,22.97,21.52,98.64,56.92,49.87,39.74
15.87,35.28,21.29,22.97,21.55,98.64,56.92,49.87,39.67
15.88,35.28,21.29,22.94,21.55,98.64,56.92,49.87,39.74
15.89,35.21,21.32,22.97,21.55,98.64,56.92,49.87,39.67
15.90,35.21,21.32,22.97,21.55,98.64,56.92,49.87,39.74
15.91,35.28,21.29,22.97,21.52,98.64,56.92,49.87,39.67
15.92,35.28,21.29,22.97,21.52,98.64,56.92,49.75,39.67
15.93,35.21,21.32,22.94,21.52,98.64,56.78,49.75,39.74
15.94,35.28,21.32,22.94,21.52,98.64,56.78,49.87,39.74
15.95,35.28,21.26,22.97,21.55,98.64,56.78,49.87,39.74
15.96,35.28,21.32,23.01,21.55,98.64,56.92,49.87,39.74
15.97,35.28,21.29,22.97,21.52,98.64,56.92,49.87,39.74
15.98,35.21,21.29,22.97,21.52,98.64,56.78,49.75,39.74
15.99,35.21,21.26,22.97,21.55,98.64,56.92,49.87,39.74
16.00,35.28,21.32,22.97,21.52,98.64,56.92,49.87,39.74
16.01,35.28,21.29,22.97,21.52,98.64,56.92,49.87,39.67
16.02,35.21,21.29,22.97,21.55,98.64,56.92,49.87,39.74
16.03,35.28,21.29,22.94,21.55,98.64,56.92,49.75,39.74
16.04,35.21,21.29,22.97,21.52,98.64,56.78,49.87,39.74
16.05,35.28,21.32,22.94,21.55,98.64,56.92,49.75,39.67
16.06,35.28,21.32,22.97,21.55,98.64,56.92,49.87,39.67
16.07,35.21,21.29,22.97,21.52,98.64,56.92,49.75,39.67
16.08,35.28,21.29,22.94,21.55,98.64,56.78,49.87,39.67
16.09,35.15,21.29,22.97,21.55,98.64,56.78,49.87,39.67
16.10,35.28,21.32,22.97,21.52,98.64,57.21,49.75,39.74
16.11,35.28,21.32,22.97,21.52,98.64,56.78,49.75,39.67
16.12,35.21,21.29,22.97,21.55,98.64,56.92,49.75,39.74
16.13,35.21,21.29,22.97,21.55,98.64,56.92,49.75,39.74
16.14,35.21,21.29,22.94,21.55,98.64,56.92,49.75,39.74
16.15,35.28,21.32,22.97,21.55,98.64,56.92,49.87,39.67
16.16,35.28,21.32,22.97,21.55,98.64,56.92,49.87,39.74
16.17,35.21,21.29,22.94,21.55,98.64,56.92,49.75,39.74
16.18,35.21,21.29,22.94,21.55,98.64,56.92,49.75,39.67
16.19,35.21,21.29,22.97,21.52,98.64,56.92,49.87,39.67
16.20,35.21,21.29,22.97,21.55,98.64,56.92,49.87,39.74
16.21,35.21,21.32,22.97,21.55,98.64,57.07,49.87,39.67
16.22,35.21,21.29,22.94,21.55,98.64,56.92,49.75,39.74
16.23,35.21,21.29,22.94,21.55,98.64,56.92,49.75,39.67
16.24,35.15,21.32,22.94,21.52,98.64,56.92,49.75,39.74
16.25,35.21,21.32,22.97,21.55,98.64,56.92,49.87,39.74
16.26,35.21,21.32,22.97,21.55,98.64,56.92,49.87,39.67
16.27,35.21,21.29,22.97,21.55,98.64,56.92,49.87,39.74
16.28,35.15,21.29,22.94,21.52,98.64,56.92,49.75,39.67
16.29,35.21,21.29,22.94,21.55,98.64,56.92,49.75,39.74
16.30,35.28,21.32,22.97,21.55,98.64,57.07,49.75,39.74
16.31,35.28,21.29,22.94,21.55,98.64,56.92,49.87,39.74
16.32,35.21,21.29,22.97,21.55,98.64,56.92,49.87,39.67
16.33,35.15,21.29,22.94,21.55,98.64,56.92,49.75,39.67
16.34,35.21,21.29,22.94,21.55,98.26,56.78,49.75,39.67
16.35,35.21,21.32,22.97,21.55,99.02,56.92,49.87,39.74
16.36,35.28,21.29,22.94,21.55,98.64,56.92,49.75,39.67
16.37,35.15,21.29,22.94,21.52,98.64,56.92,49.87,39.67
16.38,35.15,21.29,22.94,21.55,98.64,56.92,49.64,39.67
16.39,35.21,21.29,22.94,21.55,98.64,56.92,49.75,39.74
16.40,35.28,21.32,22.97,21.55,99.02,56.92,49.75,39.74
16.41,35.28,21.32,22.94,21.52,98.64,56.92,49.75,39.74
16.42,35.21,21.29,22.94,21.55,98.64,56.92,49.75,39.67
16.43,35.21,21.26,22.94,21.55,98.64,56.92,49.75,39.67
16.44,35.15,21.29,22.94,21.55,98.64,56.78,49.87,39.67
16.45,35.21,21.29,22.94,21.55,98.64,56.92,49.87,39.74
16.46,35.21,21.32,22.94,21.52,98.64,56.78,49.75,39.74
16.47,35.21,21.29,22.94,21.52,98.64,56.92,49.75,39.67
16.48,35.28,21.29,22.94,21.55,98.26,56.92,49.75,39.67
16.49,35.21,21.29,22.94,21.55,98.64,56.92,49.75,39.74
16.50,35.28,21.29,22.97,21.52,98.26,56.92,49.75,39.74
16.51,35.28,21.32,22.94,21.52,98.64,56.92,49.87,39.74
16.52,35.21,21.29,22.94,21.55,98.64,56.92,49.75,39.67
16.53,35.21,21.29,22.94,21.52,98.64,56.92,49.75,39.74
16.54,35.15,21.29,22.94,21.55,98.64,56.92,49.75,39.67
16.55,35.28,21.29,22.94,21.52,98.64,56.92,49.75,39.74
16.56,35.21,21.29,22.97,21.52,98.64,56.92,49.75,39.74
16.57,35.21,21.29,22.94,21.55,98.64,56.78,49.75,39.67
16.58,35.21,21.29,22.94,21.55,98.64,56.92,49.75,39.74
16.59,35.21,21.29,22.94,21.52,98.64,56.78,49.75,39.74
16.60,35.28,21.29,22.97,21.55,98.64,56.92,49.75,39.74
16.61,35.28,21.32,22.94,21.52,98.64,56.92,49.75,39.74
16.62,35.21,21.29,22.94,21.55,98.64,56.92,49.75,39.67
16.63,35.21,21.26,22.94,21.55,98.64,56.92,49.75,39.67
16.64,35.28,21.29,22.94,21.52,98.64,56.92,49.75,39.74
16.65,35.28,21.29,22.94,21.55,98.64,56.92,49.87,39.67
16.66,35.21,21.29,22.94,21.55,98.64,56.92,49.75,39.74
16.67,35.21,21.29,22.94,21.55,98.64,56.92,49.75,39.74
16.68,35.21,21.29,22.94,21.55,98.64,56.78,49.75,39.74
16.69,35.28,21.29,22.94,21.52,98.64,56.92,49.75,39.74
16.70,35.21,21.29,22.97,21.55,98.64,56.92,49.75,39.74
16.71,35.28,21.32,22.97,21.55,98.64,56.92,49.75,39.74
16.72,35.21,21.29,22.94,21.55,98.64,56.92,49.75,39.74
16.73,35.28,21.29,22.94,21.52,98.64,56.92,49.75,39.74
16.74,35.21,21.29,22.94,21.55,98.64,56.92,49.75,39.74
16.75,35.21,21.29,22.94,21.52,98.64,56.92,49.75,39.74
16.76,35.21,21.29,22.97,21.55,98.64,56.92,49.75,39.67
16.77,35.21,21.29,22.94,21.55,98.64,56.92,49.75,39.74
16.78,35.15,21.29,22.94,21.52,98.64,56.92,49.75,39.74
16.79,35.21,21.29,22.94,21.55,98.64,56.92,49.87,39.74
16.80,35.28,21.29,22.94,21.55,98.64,56.92,49.87,39.74
16.81,35.21,21.29,22.94,21.55,98.64,56.92,49.75,39.67
16.82,35.21,21.29,22.94,21.55,98.64,56.92,49.75,39.74
16.83,35.21,21.29,22.94,21.52,98.64,56.78,49.75,39.74
16.84,35.21,21.29,22.94,21.52,98.64,56.92,49.75,39.74
16.85,35.21,21.32,22.94,21.52,98.64,56.92,49.75,39.74
16.86,35.21,21.29,22.94,21.55,98.64,56.92,49.75,39.67
16.87,35.21,21.29,22.94,21.55,98.64,56.92,49.75,39.74
16.88,35.28,21.29,22.94,21.52,98.64,56.92,49.87,39.67
16.89,35.28,21.32,22.94,21.52,98.64,56.92,49.75,39.67
16.90,35.28,21.32,22.97,21.52,98.64,57.07,49.87,39.74
16.91,35.21,21.29,22.94,21.52,98.64,56.78,49.75,39.67
16.92,35.15,21.29,22.94,21.52,98.64,56.92,49.75,39.74
16.93,35.21,21.32,22.94,21.55,98.64,56.92,49.75,39.74
16.94,35.28,21.32,22.94,21.52,98.64,56.92,49.75,39.74
16.95,35.21,21.32,22.97,21.55,98.64,56.92,49.75,39.67
16.96,35.15,21.29,22.94,21.52,98.64,56.78,49.75,39.74
16.97,35.21,21.32,22.94,21.55,98.64,56.92,49.75,39.67
16.98,35.21,21.26,22.94,21.52,98.64,56.92,49.75,39.67
16.99,35.28,21.32,22.97,21.52,98.64,56.92,49.75,39.74
17.00,35.21,21.29,22.97,21.55,98.64,56.92,49.75,39.74
17.01,35.28,21.26,22.94,21.52,98.64,56.78,49.75,39.67
17.02,35.28,21.29,22.94,21.55,98.64,56.78,49.75,39.74
17.03,35.28,21.29,22.94,21.55,98.64,56.92,49.75,39.74
17.04,35.34,21.32,22.97,21.52,98.64,56.92,49.75,39.67
17.05,35.34,21.32,22.94,21.55,98.64,56.92,49.87,39.74
17.06,35.28,21.29,22.94,21.55,98.64,56.78,49.75,39.67
17.07,35.21,21.29,22.94,21.52,98.64,56.92,49.75,39.67
17.08,35.21,21.26,22.94,21.52,98.64,57.07,49.87,39.74
17.09,35.28,21.32,22.97,21.55,98.64,56.92,49.75,39.67
17.10,35.21,21.29,22.97,21.55,98.64,56.78,49.75,39.67
17.11,35.28,21.29,22.94,21.52,98.64,56.78,49.87,39.74
17.12,35.28,21.29,22.94,21.52,98.64,56.92,49.75,39.83
17.13,35.28,21.29,22.97,21.55,98.64,56.92,49.75,39.67
17.14,35.21,21.32,22.94,21.52,98.64,56.92,49.75,39.74
17.15,35.28,21.32,22.94,21.55,98.64,56.92,49.75,39.74
17.16,35.21,21.29,22.94,21.52,98.64,56.92,49.75,39.67
17.17,35.28,21.29,22.94,21.52,98.64,56.92,49.75,39.74
17.18,35.28,21.29,22.94,21.52,98.64,56.78,49.87,39.67
17.19,35.21,21.32,22.94,21.55,98.64,56.92,49.75,39.74
17.20,35.28,21.29,22.97,21.52,98.64,56.92,49.87,39.67
17.21,35.28,21.26,22.94,21.52,98.64,56.92,49.75,39.67
17.22,35.28,21.29,22.97,21.52,98.64,56.78,49.87,39.67
17.23,35.21,21.29,22.94,21.52,98.64,56.92,49.75,39.74
17.24,35.21,21.32,22.94,21.52,98.64,56.92,49.87,39.67
17.25,35.28,21.32,22.94,21.52,98.64,56.78,49.87,39.74
17.26,35.21,21.29,22.94,21.52,98.64,56.78,49.75,39.67
17.27,35.28,21.29,22.94,21.55,98.64,56.92,49.75,39.74
17.28,35.28,21.32,22.94,21.55,98.64,56.92,49.75,39.74
17.29,35.21,21.29,22.97,21.55,98.64,56.92,49.87,39.74
17.30,35.21,21.32,22.97,21.55,98.64,56.78,49.75,39.74
17.31,35.28,21.29,22.94,21.52,98.64,56.78,49.75,39.67
17.32,35.21,21.29,22.94,21.52,98.64,56.92,49.87,39.74
17.33,35.21,21.29,22.94,21.52,98.26,56.92,49.75,39.67
17.34,35.28,21.32,22.94,21.55,99.02,56.92,49.75,39.74
17.35,35.28,21.29,22.94,21.52,99.02,56.78,49.75,39.74
17.36,35.28,21.29,22.94,21.52,98.64,56.92,49.98,39.74
17.37,35.21,21.29,22.94,21.55,98.64,56.78,49.75,39.74
17.38,35.28,21.26,22.94,21.55,98.26,56.78,49.75,39.67
17.39,35.28,21.32,22.94,21.55,98.64,56.92,49.75,39.74
17.40,35.28,21.32,22.94,21.55,98.64,56.92,49.75,39.74
17.41,35.21,21.29,22.94,21.55,98.64,56.92,49.75,39.74
17.42,35.21,21.29,22.94,21.55,98.64,56.92,49.75,39.74
17.43,35.21,21.29,22.94,21.52,98.64,56.92,49.75,39.74
17.44,35.21,21.29,22.94,21.55,98.64,56.92,49.75,39.74
17.45,35.21,21.29,22.94,21.52,98.26,56.92,49.75,39.74
17.46,35.21,21.29,22.94,21.55,98.64,56.92,49.75,39.74
17.47,35.21,21.29,22.94,21.52,98.64,56.78,49.75,39.74
17.48,35.21,21.29,22.94,21.55,98.64,56.92,49.75,39.67
17.49,35.21,21.29,22.94,21.55,98.64,56.92,49.75,39.74
17.50,35.21,21.29,22.94,21.55,98.26,56.92,49.75,39.74
17.51,35.28,21.29,22.94,21.55,98.64,56.64,49.75,39.74
17.52,35.21,21.29,22.94,21.52,98.64,56.92,49.75,39.67
17.53,35.28,21.29,22.94,21.52,98.64,56.92,49.75,39.74
17.54,35.28,21.29,22.94,21.52,98.64,56.92,49.75,39.67
17.55,35.28,21.29,22.94,21.52,98.64,56.92,49.75,39.74
17.56,35.28,21.29,22.94,21.52,98.64,56.78,49.75,39.74
17.57,35.21,21.29,22.94,21.52,98.64,56.92,49.75,39.74
17.58,35.21,21.29,22.94,21.55,98.64,56.92,49.75,39.74
17.59,35.28,21.32,22.94,21.52,98.64,56.92,49.75,39.74
17.60,35.21,21.29,22.94,21.52,98.64,56.92,49.75,39.67
17.61,35.21,21.29,22.94,21.52,98.64,56.92,49.75,39.74
17.62,35.21,21.29,22.94,21.55,98.64,56.92,49.75,39.74
17.63,35.28,21.29,22.94,21.52,98.64,56.92,49.75,39.74
17.64,35.21,21.26,22.97,21.55,98.64,56.92,49.75,39.74
17.65,35.21,21.29,22.97,21.52,98.64,56.92,49.87,39.74
17.66,35.21,21.29,22.94,21.52,98.64,56.92,49.64,39.74
17.67,35.21,21.26,22.94,21.52,98.64,56.78,49.75,39.74
17.68,35.28,21.29,22.94,21.52,98.64,56.78,49.87,39.67
17.69,35.28,21.29,22.97,21.55,98.26,56.92,49.75,39.74
17.70,35.21,21.29,22.94,21.55,98.64,56.92,49.75,39.74
17.71,35.21,21.29,22.94,21.52,98.64,56.78,49.75,39.67
17.72,35.21,21.29,22.94,21.52,98.64,56.92,49.75,39.74
17.73,35.21,21.29,22.94,21.55,98.64,56.92,49.87,39.67
17.74,35.21,21.29,22.94,21.55,98.64,56.92,49.75,39.67
17.75,35.28,21.29,22.94,21.52,98.64,56.92,49.75,39.74
17.76,35.28,21.29,22.94,21.55,98.64,56.78,49.75,39.67
17.77,35.28,21.29,22.94,21.52,98.64,56.92,49.75,39.67
17.78,35.28,21.29,22.94,21.52,98.64,56.78,49.87,39.67
17.79,35.28,21.29,22.94,21.52,98.64,56.78,49.75,39.67
17.80,35.28,21.29,22.97,21.52,98.64,56.78,49.75,39.67
17.81,35.21,21.29,22.94,21.52,98.64,56.78,49.75,39.74
17.82,35.21,21.29,22.94,21.55,98.64,56.92,49.75,39.74
17.83,35.21,21.29,22.94,21.52,98.64,56.92,49.75,39.74
17.84,35.28,21.29,22.97,21.52,98.64,56.78,49.87,39.74
17.85,35.28,21.26,22.97,21.52,98.64,56.78,49.87,39.67
17.86,35.21,21.29,22.94,21.52,98.64,56.92,49.87,39.67
17.87,35.21,21.29,22.94,21.55,98.64,56.78,49.75,39.67
17.88,35.21,21.29,22.97,21.55,98.64,56.92,49.75,39.74
17.89,35.21,21.29,22.94,21.55,98.26,56.92,49.75,39.74
17.90,35.21,21.29,22.94,21.55,98.64,56.92,49.87,39.67
17.91,35.28,21.29,22.94,21.52,98.64,56.92,49.75,39.74
17.92,35.28,21.29,22.94,21.52,98.64,56.92,49.75,39.74
17.93,35.28,21.29,22.94,21.55,98.64,56.92,49.75,39.67
17.94,35.21,21.29,22.94,21.55,98.64,56.92,49.75,39.67
17.95,35.28,21.29,22.94,21.55,98.64,56.92,49.75,39.74
17.96,35.21,21.29,22.94,21.55,98.64,57.07,49.75,39.74
17.97,35.21,21.29,22.94,21.55,98.64,56.92,49.75,39.67
17.98,35.28,21.29,22.94,21.55,98.26,56.78,49.75,39.74
17.99,35.21,21.29,22.94,21.55,98.64,56.92,49.75,39.67
18.00,35.21,21.29,22.94,21.52,98.64,56.92,49.75,39.74
18.01,35.21,21.29,22.94,21.52,98.64,56.92,49.75,39.67
18.02,35.28,21.26,22.94,21.55,98.64,56.92,49.75,39.74
18.03,35.28,21.29,22.94,21.55,98.64,56.78,49.75,39.74
18.04,35.28,21.29,22.94,21.52,98.64,56.92,49.75,39.67
18.05,35.28,21.29,22.94,21.55,98.64,56.64,49.75,39.74
18.06,35.28,21.29,22.94,21.52,98.26,56.78,49.75,39.67
18.07,35.15,21.29,22.94,21.52,98.64,56.78,49.64,39.67
18.08,35.28,21.26,22.94,21.55,98.64,56.92,49.75,39.74
18.09,35.28,21.29,22.94,21.52,98.64,56.92,49.75,39.74
18.10,35.28,21.29,22.94,21.52,98.64,56.78,49.75,39.74
18.11,35.21,21.29,22.94,21.52,98.64,56.78,49.75,39.67
18.12,35.21,21.29,22.94,21.55,98.26,56.92,49.75,39.67
18.13,35.21,21.26,22.94,21.55,98.64,56.92,49.75,39.74
18.14,35.28,21.29,22.94,21.52,98.64,56.78,49.75,39.74
18.15,35.28,21.29,22.94,21.55,98.64,56.78,49.75,39.74
18.16,35.28,21.26,22.94,21.52,98.64,56.92,49.75,39.67
18.17,35.28,21.26,22.94,21.55,98.26,56.92,49.75,39.74
18.18,35.28,21.29,22.94,21.52,98.64,56.92,49.75,39.74
18.19,35.34,21.32,22.94,21.52,98.64,56.92,49.87,39.74
18.20,35.28,21.29,22.94,21.52,98.26,56.92,49.75,39.74
18.21,35.15,21.26,22.94,21.55,98.64,56.78,49.75,39.67
18.22,35.21,21.26,22.94,21.52,98.26,56.92,49.75,39.67
18.23,35.28,21.29,22.94,21.52,98.64,56.78,49.75,39.74
18.24,35.28,21.29,22.97,21.52,98.64,56.78,49.75,39.74
18.25,35.21,21.29,22.97,21.55,98.64,56.78,49.87,39.74
18.26,35.28,21.26,22.94,21.52,98.64,56.78,49.75,39.74
18.27,35.21,21.29,22.94,21.52,98.64,56.92,49.75,39.67
18.28,35.21,21.29,22.94,21.52,98.26,56.92,49.75,39.67
18.29,35.21,21.29,22.97,21.52,98.64,56.92,49.87,39.74
18.30,35.28,21.32,22.94,21.55,98.64,56.92,49.75,39.74
18.31,35.28,21.29,22.94,21.55,98.64,56.78,49.75,39.74
18.32,35.15,21.29,22.94,21.52,98.64,56.92,49.75,39.67
18.33,35.21,21.29,22.94,21.55,98.64,56.92,49.75,39.74
18.34,35.28,21.32,22.94,21.52,98.64,56.78,49.75,39.74
18.35,35.28,21.29,22.94,21.55,98.64,57.07,49.75,39.74
18.36,35.21,21.26,22.94,21.55,98.64,56.78,49.75,39.67
18.37,35.21,21.26,22.94,21.55,98.64,56.78,49.75,39.74
18.38,35.28,21.29,22.94,21.52,98.64,56.64,49.75,39.74
18.39,35.28,21.29,22.97,21.55,98.64,56.92,49.75,39.74
18.40,35.21,21.26,22.94,21.52,98.64,56.92,49.75,39.67
18.41,35.21,21.26,22.94,21.55,98.64,56.78,49.75,39.67
18.42,35.21,21.29,22.94,21.52,98.64,56.92,49.75,39.67
18.43,35.21,21.26,22.94,21.55,98.64,56.92,49.75,39.74
18.44,35.28,21.29,22.97,21.52,98.64,56.92,49.75,39.67
18.45,35.21,21.29,22.94,21.55,98.64,56.92,49.75,39.67
18.46,35.28,21.29,22.94,21.52,98.64,56.92,49.75,39.67
18.47,35.28,21.26,22.94,21.52,98.64,56.92,49.75,39.74
18.48,35.28,21.29,22.94,21.52,98.64,56.92,49.75,39.74
18.49,35.28,21.29,22.94,21.52,98.64,57.07,49.75,39.74
18.50,35.28,21.29,22.97,21.52,98.64,56.92,49.75,39.74
18.51,35.21,21.29,22.94,21.52,98.64,56.78,49.75,39.74
18.52,35.21,21.26,22.94,21.55,98.64,56.92,49.75,39.67
18.53,35.21,21.29,22.97,21.55,98.64,56.92,49.75,39.67
18.54,35.28,21.29,22.94,21.55,98.64,56.92,49.75,39.67
18.55,35.28,21.29,22.94,21.52,98.64,56.92,49.75,39.74
18.56,35.28,21.29,22.94,21.52,98.64,56.92,49.75,39.67
18.57,35.28,21.29,22.94,21.52,98.64,56.78,49.75,39.67
18.58,35.28,21.29,22.94,21.55,98.64,56.92,49.75,39.74
18.59,35.28,21.29,22.94,21.55,98.64,56.78,49.75,39.67
18.60,35.28,21.29,22.94,21.52,98.64,56.78,49.87,39.67
18.61,35.21,21.29,22.94,21.52,98.64,56.78,49.75,39.67
18.62,35.21,21.26,22.94,21.52,98.64,56.78,49.87,39.67
18.63,35.21,21.26,22.94,21.52,98.64,56.92,49.87,39.74
18.64,35.28,21.29,22.94,21.52,98.64,56.92,49.75,39.67
18.65,35.28,21.29,22.94,21.52,98.64,56.78,49.87,39.74
18.66,35.28,21.29,22.94,21.52,98.64,56.64,49.75,39.67
18.67,35.21,21.26,22.94,21.52,98.64,56.78,49.75,39.67
18.68,35.28,21.26,22.94,21.52,98.64,56.78,49.75,39.67
18.69,35.28,21.29,22.94,21.55,98.64,56.78,49.75,39.74
18.70,35.28,21.29,22.97,21.52,98.64,56.92,49.75,39.67
18.71,35.28,21.29,22.94,21.55,98.64,56.78,49.75,39.67
18.72,35.21,21.26,22.94,21.55,98.64,56.78,49.75,39.74
18.73,35.28,21.29,22.94,21.52,98.64,56.92,49.75,39.67
18.74,35.28,21.32,22.97,21.52,98.64,56.78,49.75,39.74
18.75,35.28,21.32,22.97,21.52,98.64,56.92,49.75,39.67
18.76,35.21,21.29,22.94,21.55,98.64,56.92,49.75,39.74
18.77,35.28,21.26,22.94,21.52,98.64,56.78,49.75,39.67
18.78,35.21,21.29,22.94,21.55,98.64,56.78,49.75,39.74
18.79,35.28,21.29,22.97,21.55,98.64,56.92,49.87,39.67
18.80,35.28,21.32,22.97,21.52,98.64,56.92,49.75,39.74
18.81,35.28,21.29,22.97,21.52,98.64,56.92,49.75,39.67
18.82,35.28,21.29,22.94,21.52,98.64,56.92,49.75,39.74
18.83,35.28,21.29,22.94,21.52,98.64,56.92,49.75,39.67
18.84,35.28,21.29,22.97,21.52,98.64,56.78,49.75,39.74
18.85,35.28,21.29,22.97,21.55,98.64,56.92,49.75,39.67
18.86,35.28,21.29,22.97,21.52,98.64,56.92,49.75,39.74
18.87,35.21,21.29,22.94,21.55,98.64,56.78,49.75,39.67
18.88,35.28,21.29,22.94,21.52,98.64,56.92,49.87,39.74
18.89,35.28,21.29,22.97,21.52,98.64,56.64,49.75,39.74
18.90,35.34,21.26,22.94,21.52,98.64,56.92,49.75,39.74
18.91,35.28,21.26,22.94,21.52,98.64,56.64,49.75,39.74
18.92,35.21,21.26,22.94,21.52,98.64,56.78,49.75,39.74
18.93,35.21,21.29,22.94,21.52,98.64,56.92,49.75,39.74
18.94,35.28,21.26,22.97,21.55,98.64,56.92,49.75,39.74
18.95,35.34,21.29,22.97,21.52,98.64,56.78,49.87,39.67
18.96,35.28,21.29,22.97,21.52,98.64,56.78,49.75,39.74
18.97,35.21,21.29,22.94,21.52,98.64,56.78,49.87,39.74
18.98,35.28,21.29,22.94,21.52,98.64,56.78,49.75,39.74
18.99,35.21,21.29,22.97,21.52,98.64,56.92,49.75,39.74
19.00,35.28,21.29,22.97,21.55,98.64,56.78,49.75,39.74
19.01,35.28,21.29,22.94,21.52,98.64,56.78,49.87,39.74
19.02,35.21,21.26,22.97,21.52,98.64,56.92,49.75,39.74
19.03,35.28,21.29,22.94,21.55,98.64,56.78,49.87,39.74
19.04,35.34,21.29,22.94,21.55,98.64,56.92,49.75,39.74
19.05,35.34,21.32,22.94,21.52,98.64,56.92,49.75,39.74
19.06,35.28,21.29,22.94,21.52,98.64,56.78,49.75,39.74
19.07,35.21,21.26,22.94,21.55,98.26,56.78,49.75,39.67
19.08,35.21,21.26,22.94,21.52,98.64,56.78,49.75,39.74
19.09,35.34,21.29,22.94,21.52,98.64,56.92,49.75,39.67
19.10,35.21,21.29,22.94,21.55,98.64,56.78,49.87,39.74
19.11,35.28,21.29,22.94,21.52,98.64,56.78,49.75,39.74
19.12,35.28,21.26,22.94,21.52,98.64,56.92,49.75,39.67
19.13,35.28,21.29,22.94,21.55,98.64,56.64,49.75,39.67
19.14,35.28,21.29,22.94,21.52,98.64,56.92,49.75,39.74
19.15,35.28,21.29,22.94,21.55,98.64,56.92,49.75,39.67
19.16,35.28,21.29,22.94,21.55,98.64,56.78,49.75,39.74
19.17,35.28,21.26,22.94,21.55,98.64,56.92,49.75,39.74
19.18,35.28,21.29,22.94,21.55,98.64,56.78,49.75,39.74
19.19,35.28,21.29,22.94,21.55,98.64,56.92,49.75,39.74
19.20,35.28,21.29,22.94,21.55,98.64,56.78,49.75,39.67
19.21,35.21,21.29,22.94,21.52,98.64,56.78,49.75,39.74
19.22,35.21,21.26,22.94,21.55,98.64,56.78,49.75,39.67
19.23,35.28,21.29,22.94,21.52,98.26,56.78,49.75,39.67
19.24,35.28,21.26,22.94,21.55,98.64,56.78,49.87,39.74
19.25,35.28,21.29,22.97,21.52,98.26,56.78,49.75,39.74
19.26,35.21,21.29,22.94,21.52,98.64,56.78,49.75,39.67
19.27,35.21,21.26,22.94,21.52,98.64,56.92,49.75,39.67
19.28,35.21,21.29,22.94,21.52,98.64,56.78,49.75,39.74
19.29,35.28,21.29,22.94,21.52,98.64,56.92,49.75,39.74
19.30,35.21,21.29,22.94,21.52,98.26,56.92,49.75,39.67
19.31,35.21,21.29,22.97,21.52,98.26,56.92,49.75,39.74
19.32,35.21,21.26,22.94,21.55,98.64,56.78,49.75,39.74
19.33,35.21,21.26,22.94,21.52,98.64,56.92,49.75,39.67
19.34,35.28,21.29,22.94,21.52,98.64,56.78,49.75,39.74
19.35,35.28,21.29,22.94,21.52,98.64,56.78,49.75,39.74
19.36,35.21,21.26,22.94,21.52,98.64,56.92,49.75,39.67
19.37,35.21,21.26,22.94,21.52,98.64,56.92,49.75,39.74
19.38,35.28,21.26,22.94,21.55,98.64,56.92,49.75,39.74
19.39,35.28,21.29,22.94,21.55,98.64,56.78,49.75,39.74
19.40,35.34,21.29,22.94,21.55,98.64,56.92,49.75,39.74
19.41,35.28,21.29,22.94,21.55,98.26,56.78,49.75,39.67
19.42,35.21,21.26,22.94,21.55,98.64,56.92,49.75,39.74
19.43,35.21,21.29,22.94,21.55,98.64,56.78,49.75,39.74
19.44,35.21,21.29,22.94,21.55,98.64,56.92,49.75,39.74
19.45,35.28,21.29,22.94,21.55,98.26,56.92,49.75,39.67
19.46,35.28,21.29,22.94,21.52,98.64,56.92,49.75,39.74
19.47,35.21,21.29,22.94,21.55,98.64,56.78,49.75,39.74
19.48,35.21,21.26,22.94,21.55,98.64,56.78,49.75,39.67
19.49,35.21,21.32,22.94,21.55,98.64,56.92,49.87,39.74
19.50,35.28,21.26,22.94,21.52,98.64,56.92,49.75,39.74
19.51,35.21,21.26,22.94,21.52,98.64,56.78,49.75,39.74
19.52,35.28,21.29,22.94,21.55,98.64,56.78,49.75,39.67
19.53,35.28,21.23,22.94,21.52,98.64,56.64,49.75,39.74
19.54,35.28,21.29,22.94,21.55,98.64,56.92,49.75,39.74
19.55,35.28,21.29,22.94,21.52,98.64,56.78,49.75,39.67
19.56,35.21,21.29,22.94,21.52,98.64,56.92,49.75,39.67
19.57,35.21,21.29,22.94,21.55,98.64,56.92,49.75,39.74
19.58,35.21,21.26,22.94,21.55,98.64,56.78,49.75,39.67
19.59,35.34,21.29,22.94,21.52,98.64,56.92,49.87,39.67
19.60,35.28,21.32,22.94,21.55,98.64,56.78,49.75,39.67
19.61,35.28,21.29,22.94,21.52,98.26,56.78,49.75,39.74
19.62,35.21,21.29,22.94,21.52,98.64,56.78,49.75,39.74
19.63,35.21,21.26,22.94,21.52,98.64,56.92,49.75,39.74
19.64,35.34,21.29,22.94,21.55,98.64,56.92,49.87,39.74
19.65,35.21,21.29,22.94,21.55,98.64,56.92,49.75,39.74
19.66,35.28,21.29,22.94,21.52,98.26,56.78,49.75,39.74
19.67,35.28,21.29,22.94,21.52,98.64,56.78,49.75,39.74
19.68,35.28,21.29,22.94,21.55,98.64,56.92,49.75,39.74
19.69,35.21,21.29,22.97,21.55,98.64,56.92,49.75,39.74
19.70,35.21,21.29,22.94,21.52,98.64,56.92,49.75,39.67
19.71,35.28,21.26,22.94,21.52,98.64,56.78,49.75,39.74
19.72,35.34,21.29,22.94,21.52,98.64,56.92,49.75,39.67
19.73,35.15,21.29,22.94,21.52,98.26,56.92,49.75,39.74
19.74,35.34,21.29,22.94,21.52,98.64,56.92,49.87,39.74
19.75,35.21,21.29,22.94,21.52,98.64,56.92,49.75,39.74
19.76,35.21,21.29,22.94,21.52,98.64,56.92,49.75,39.67
19.77,35.21,21.29,22.90,21.52,98.64,56.92,49.75,39.74
19.78,35.28,21.29,22.97,21.52,98.64,56.92,49.75,39.67
19.79,35.21,21.32,22.97,21.52,98.64,56.92,49.75,39.74
19.80,35.28,21.29,22.94,21.52,98.64,56.78,49.75,39.74
19.81,35.21,21.26,22.94,21.52,98.64,56.92,49.75,39.74
19.82,35.28,21.26,22.94,21.55,98.64,56.78,49.75,39.74
19.83,35.28,21.26,22.94,21.55,98.64,56.78,49.75,39.67
19.84,35.28,21.29,22.94,21.52,98.64,56.78,49.87,39.74
19.85,35.34,21.29,22.94,21.52,98.26,56.78,49.75,39.74
19.86,35.28,21.26,22.94,21.52,98.26,56.92,49.87,39.74
19.87,35.28,21.29,22.94,21.52,98.64,56.78,49.75,39.67
19.88,35.28,21.26,22.94,21.52,98.64,56.92,49.64,39.67
19.89,35.28,21.26,22.94,21.52,98.64,56.92,49.75,39.67
19.90,35.28,21.29,22.94,21.52,98.64,56.78,49.75,39.67
19.91,35.28,21.29,22.94,21.52,98.26,56.78,49.75,39.67
19.92,35.28,21.29,22.97,21.52,98.64,56.78,49.75,39.74
19.93,35.28,21.29,22.94,21.55,98.64,56.92,49.75,39.74
19.94,35.34,21.29,22.97,21.52,98.64,56.78,49.75,39.74
19.95,35.28,21.29,22.94,21.55,98.64,56.92,49.75,39.74
19.96,35.21,21.26,22.94,21.52,98.64,56.78,49.87,39.67
19.97,35.28,21.26,22.94,21.52,98.64,56.78,49.75,39.74
19.98,35.28,21.26,22.94,21.55,98.64,56.92,49.75,39.74
19.99,35.34,21.29,22.94,21.55,98.64,56.92,49.75,39.74
20.00,35.34,21.32,22.94,21.52,98.64,56.92,49.75,39.74
20.01,35.28,21.29,22.94,21.52,98.64,56.78,49.75,39.67
20.02,35.28,21.29,22.94,21.52,98.64,56.78,49.75,39.74
20.03,35.28,21.29,22.94,21.55,98.64,56.92,49.75,39.74
20.04,35.28,21.29,22.94,21.55,98.64,56.78,49.75,39.74
20.05,35.28,21.32,22.97,21.52,98.64,56.78,49.87,39.67
20.06,35.28,21.29,22.94,21.55,98.64,56.78,49.75,39.74
20.07,35.21,21.29,22.94,21.52,98.26,56.92,49.75,39.67
20.08,35.21,21.26,22.94,21.52,98.64,56.78,49.75,39.74
20.09,35.21,21.29,22.94,21.52,98.64,56.92,49.75,39.74
20.10,35.28,21.29,22.97,21.55,98.64,56.92,49.87,39.74
20.11,35.28,21.29,22.94,21.52,98.64,56.78,49.75,39.74
20.12,35.28,21.29,22.94,21.52,98.64,56.78,49.75,39.74
20.13,35.28,21.29,22.94,21.55,98.64,56.92,49.75,39.74
20.14,35.28,21.32,22.94,21.55,98.64,56.92,49.75,39.83
20.15,35.28,21.29,22.97,21.52,98.64,56.78,49.75,39.74
20.16,35.28,21.29,22.94,21.52,98.64,56.92,49.75,39.74
20.17,35.28,21.29,22.94,21.55,98.64,56.92,49.75,39.74
20.18,35.28,21.29,22.94,21.55,98.64,56.92,49.75,39.74
20.19,35.28,21.32,22.94,21.55,98.64,56.92,49.87,39.74
20.20,35.28,21.29,22.94,21.55,98.64,56.78,49.75,39.74
20.21,35.28,21.26,22.94,21.55,98.64,56.78,49.75,39.74
20.22,35.28,21.29,22.94,21.52,98.64,56.78,49.75,39.74
20.23,35.28,21.26,22.97,21.52,98.64,56.92,49.75,39.74
20.24,35.34,21.29,22.94,21.55,98.64,56.92,49.75,39.74
20.25,35.28,21.29,22.97,21.55,98.64,56.92,49.75,39.74
20.26,35.21,21.29,22.94,21.55,98.64,56.78,49.75,39.67
20.27,35.28,21.29,22.94,21.52,98.64,56.92,49.75,39.74
20.28,35.28,21.29,22.94,21.55,98.64,57.07,49.75,39.74
20.29,35.28,21.26,22.97,21.52,98.64,56.78,49.87,39.67
20.30,35.28,21.32,22.97,21.52,98.64,56.78,49.64,39.67
20.31,35.34,21.29,22.94,21.55,98.64,56.78,49.87,39.74
20.32,35.28,21.29,22.94,21.52,98.64,56.92,49.75,39.74
20.33,35.28,21.29,22.94,21.55,98.64,56.78,49.75,39.74
20.34,35.28,21.32,22.94,21.52,98.64,56.78,49.75,39.74
20.35,35.28,21.32,22.94,21.55,98.64,56.92,49.75,39.74
20.36,35.21,21.29,22.94,21.55,98.64,56.78,49.75,39.74
20.37,35.28,21.29,22.94,21.52,98.64,56.92,49.75,39.74
20.38,35.28,21.29,22.94,21.52,98.64,56.92,49.75,39.74
20.39,35.34,21.29,22.94,21.55,98.64,56.92,49.75,39.74
20.40,35.28,21.26,22.94,21.55,98.64,56.92,49.75,39.74
20.41,35.28,21.29,22.94,21.55,98.64,56.92,49.75,39.74
20.42,35.28,21.29,22.94,21.52,98.64,56.78,49.75,39.67
20.43,35.21,21.26,22.94,21.55,98.64,56.92,49.75,39.74
20.44,35.28,21.29,22.97,21.52,98.64,56.78,49.75,39.74
20.45,35.28,21.29,22.97,21.55,98.64,56.78,49.75,39.74
20.46,35.28,21.26,22.94,21.55,98.64,56.78,49.75,39.67
20.47,35.28,21.29,22.94,21.55,98.64,56.78,49.75,39.74
20.48,35.21,21.29,22.94,21.52,98.64,56.78,49.75,39.67
20.49,35.28,21.32,22.97,21.55,98.64,56.92,49.75,39.74
20.50,35.28,21.29,22.94,21.55,98.64,56.78,49.87,39.74
20.51,35.21,21.29,22.94,21.52,98.64,56.78,49.75,39.74
20.52,35.28,21.26,22.94,21.55,98.64,56.92,49.75,39.74
20.53,35.28,21.29,22.94,21.52,98.64,56.78,49.75,39.74
20.54,35.34,21.32,22.97,21.55,98.64,56.92,49.75,39.74
20.55,35.28,21.29,22.97,21.55,98.64,56.92,49.87,39.74
20.56,35.21,21.29,22.94,21.55,98.26,56.78,49.75,39.74
20.57,35.21,21.29,22.94,21.55,98.64,56.92,49.75,39.74
20.58,35.28,21.29,22.97,21.52,98.64,56.78,49.75,39.83
20.59,35.28,21.29,22.97,21.52,98.64,56.92,49.75,39.74
20.60,35.28,21.29,22.94,21.52,98.64,56.92,49.75,39.74
20.61,35.28,21.29,22.94,21.52,98.26,56.92,49.64,39.74
20.62,35.28,21.26,22.94,21.52,98.64,56.92,49.75,39.74
20.63,35.28,21.29,22.94,21.52,98.64,56.92,49.87,39.74
20.64,35.28,21.32,22.94,21.55,98.64,56.92,49.75,39.74
20.65,35.28,21.29,22.97,21.52,98.64,56.92,49.75,39.74
20.66,35.28,21.26,22.94,21.55,98.64,56.64,49.75,39.67
20.67,35.28,21.29,22.94,21.52,98.64,56.78,49.75,39.74
20.68,35.21,21.29,22.94,21.55,98.64,56.92,49.75,39.74
20.69,35.28,21.29,22.97,21.55,98.64,56.78,49.87,39.74
20.70,35.34,21.29,22.94,21.52,98.64,56.92,49.75,39.74
20.71,35.28,21.29,22.94,21.52,98.64,56.78,49.75,39.74
20.72,35.28,21.26,22.94,21.55,98.64,56.78,49.75,39.74
20.73,35.28,21.29,22.94,21.55,98.26,56.78,49.75,39.74
20.74,35.28,21.29,22.97,21.55,98.64,56.92,49.75,39.74
20.75,35.28,21.32,22.97,21.55,98.64,56.92,49.75,39.74
20.76,35.28,21.29,22.94,21.55,98.64,56.78,49.75,39.74
20.77,35.28,21.29,22.94,21.52,98.64,56.92,49.75,39.74
20.78,35.28,21.29,22.94,21.55,98.64,56.92,49.87,39.67
20.79,35.28,21.32,22.94,21.55,98.64,56.92,49.87,39.74
20.80,35.28,21.29,22.97,21.52,98.64,56.92,49.75,39.74
20.81,35.28,21.26,22.94,21.55,98.64,56.78,49.75,39.74
20.82,35.21,21.29,22.94,21.55,98.64,56.92,49.75,39.74
20.83,35.28,21.29,22.94,21.52,98.64,56.78,49.75,39.74
20.84,35.28,21.29,22.94,21.55,98.64,56.92,49.75,39.67
20.85,35.28,21.29,22.97,21.55,98.64,56.92,49.75,39.74
20.86,35.28,21.29,22.94,21.55,98.64,56.92,49.75,39.74
20.87,35.21,21.29,22.94,21.52,98.64,56.92,49.75,39.67
20.88,35.28,21.29,22.94,21.55,98.64,56.92,49.75,39.83
20.89,35.34,21.32,22.94,21.55,98.64,56.92,49.87,39.67
20.90,35.21,21.32,22.97,21.52,98.64,56.78,49.75,39.74
20.91,35.28,21.26,22.94,21.52,98.64,56.92,49.75,39.74
20.92,35.28,21.26,22.94,21.55,98.64,56.78,49.75,39.74
20.93,35.28,21.29,22.94,21.52,98.26,56.92,49.75,39.74
20.94,35.34,21.32,22.97,21.55,98.64,56.78,49.75,39.74
20.95,35.28,21.29,22.97,21.52,98.64,56.92,49.87,39.74
20.96,35.34,21.32,22.94,21.52,98.64,56.78,49.75,39.74
20.97,35.28,21.29,22.94,21.55,98.64,56.92,49.75,39.74
20.98,35.28,21.29,22.97,21.52,98.64,56.92,49.75,39.74
20.99,35.28,21.32,22.97,21.55,98.64,56.92,49.87,39.74
21.00,35.28,21.29,22.94,21.55,98.64,56.92,49.87,39.67
21.01,35.28,21.29,22.94,21.55,98.64,56.92,49.75,39.74
21.02,35.28,21.29,22.97,21.52,98.64,56.78,49.87,39.67
21.03,35.28,21.29,22.97,21.55,98.64,56.92,49.75,39.74
21.04,35.21,21.32,22.94,21.52,98.64,56.92,49.75,39.67
21.05,35.34,21.29,22.97,21.55,98.64,56.92,49.75,39.74
21.06,35.28,21.26,22.94,21.55,98.64,56.78,49.75,39.74
21.07,35.28,21.29,22.94,21.52,98.26,56.92,49.75,39.74
21.08,35.28,21.29,22.97,21.52,99.02,56.92,49.75,39.74
21.09,35.21,21.29,22.97,21.55,98.26,56.92,49.75,39.74
21.10,35.34,21.32,22.97,21.52,99.02,56.92,49.87,39.74
21.11,35.28,21.29,22.97,21.52,99.02,56.78,49.87,39.74
21.12,35.28,21.26,22.97,21.52,98.64,56.78,49.75,39.74
21.13,35.34,21.29,22.94,21.52,98.64,56.78,49.75,39.74
21.14,35.28,21.32,22.94,21.52,98.64,56.92,49.75,39.74
21.15,35.34,21.29,22.94,21.55,98.64,56.92,49.87,39.74
21.16,35.28,21.29,22.94,21.55,98.64,56.78,49.75,39.74
21.17,35.28,21.29,22.94,21.52,98.64,56.92,49.87,39.74
21.18,35.21,21.29,22.97,21.55,98.64,56.92,49.87,39.74
21.19,35.28,21.32,22.97,21.52,98.64,56.92,49.87,39.74
21.20,35.28,21.32,22.97,21.52,98.64,56.92,49.87,39.67
21.21,35.28,21.29,22.97,21.52,98.64,56.78,49.75,39.74
21.22,35.28,21.29,22.94,21.52,98.64,56.92,49.75,39.67
21.23,35.28,21.29,22.94,21.55,98.64,56.92,49.87,39.74
21.24,35.34,21.32,22.97,21.52,98.64,57.07,49.75,39.74
21.25,35.34,21.32,22.97,21.52,98.64,56.92,49.75,39.74
21.26,35.34,21.29,22.97,21.52,98.64,56.92,49.75,39.74
21.27,35.28,21.32,22.94,21.55,98.64,56.92,49.75,39.74
21.28,35.28,21.29,22.97,21.52,98.64,56.92,49.75,39.74
21.29,35.28,21.32,22.97,21.55,99.02,56.78,49.75,39.74
21.30,35.34,21.32,22.97,21.52,98.64,56.78,49.75,39.67
21.31,35.34,21.29,22.97,21.52,98.64,56.78,49.75,39.74
21.32,35.28,21.26,22.97,21.55,98.64,56.78,49.75,39.74
21.33,35.28,21.29,22.97,21.55,98.64,56.78,49.75,39.74
21.34,35.28,21.29,22.97,21.52,98.64,56.78,49.87,39.74
21.35,35.34,21.29,22.97,21.52,98.64,56.92,49.87,39.74
21.36,35.28,21.29,22.97,21.52,98.64,56.92,49.87,39.67
21.37,35.21,21.29,22.97,21.52,98.64,56.92,49.87,39.74
21.38,35.34,21.29,22.97,21.52,98.64,56.92,49.87,39.74
21.39,35.34,21.32,22.97,21.55,98.64,56.92,49.87,39.74
21.40,35.28,21.32,22.97,21.52,98.64,56.92,49.87,39.74
21.41,35.28,21.29,22.97,21.52,98.64,56.78,49.75,39.74
21.42,35.28,21.26,22.94,21.55,98.64,56.92,49.87,39.74
21.43,35.34,21.29,22.94,21.55,98.26,56.78,49.87,39.74
21.44,35.28,21.35,22.97,21.52,98.64,56.92,49.87,39.74
21.45,35.34,21.32,22.97,21.55,98.64,56.78,49.87,39.74
21.46,35.34,21.29,22.97,21.55,98.64,56.78,49.87,39.74
21.47,35.28,21.29,22.97,21.55,98.64,56.92,49.87,39.74
21.48,35.34,21.32,22.97,21.52,98.64,56.92,49.87,39.74
21.49,35.34,21.32,22.97,21.55,98.64,56.92,49.87,39.83
21.50,35.34,21.29,22.97,21.52,98.64,56.92,49.87,39.74
21.51,35.28,21.29,22.97,21.52,98.64,56.92,49.75,39.74
21.52,35.34,21.29,22.97,21.52,98.64,56.78,49.87,39.74
21.53,35.28,21.29,22.94,21.55,98.64,56.78,49.87,39.74
21.54,35.34,21.32,22.97,21.52,98.64,56.92,49.87,39.74
21.55,35.34,21.32,22.97,21.55,98.64,56.92,49.87,39.74
21.56,35.28,21.29,22.97,21.55,98.64,56.78,49.87,39.74
21.57,35.34,21.32,22.97,21.55,98.64,56.92,49.75,39.74
21.58,35.28,21.29,22.97,21.55,98.64,56.92,49.87,39.74
21.59,35.28,21.32,22.97,21.55,98.64,56.92,49.87,39.74
21.60,35.34,21.32,22.97,21.55,98.64,56.92,49.75,39.74
21.61,35.34,21.32,22.97,21.55,98.64,56.92,49.87,39.74
21.62,35.34,21.29,22.97,21.52,98.64,56.78,49.87,39.74
21.63,35.28,21.29,22.97,21.55,98.64,56.92,49.87,39.74
21.64,35.34,21.32,23.01,21.55,98.64,56.92,49.87,39.74
21.65,35.41,21.29,23.01,21.52,98.64,56.92,49.87,39.74
21.66,35.34,21.29,22.97,21.52,98.64,56.92,49.87,39.74
21.67,35.28,21.32,22.97,21.55,98.64,56.78,49.87,39.74
21.68,35.34,21.32,22.97,21.55,98.64,56.92,49.75,39.74
21.69,35.34,21.29,22.97,21.55,98.64,56.92,49.87,39.74
21.70,35.34,21.32,22.97,21.52,98.64,56.92,49.87,39.74
21.71,35.28,21.32,22.97,21.55,98.64,56.92,49.87,39.67
21.72,35.28,21.32,22.97,21.55,98.64,56.92,49.87,39.74
21.73,35.34,21.29,22.97,21.52,98.64,56.92,49.87,39.74
21.74,35.34,21.32,23.01,21.52,98.64,57.07,49.87,39.74
21.75,35.34,21.29,22.97,21.55,98.64,56.92,49.87,39.74
21.76,35.28,21.32,22.97,21.55,98.64,56.78,49.75,39.74
21.77,35.34,21.32,22.97,21.55,98.64,56.92,49.87,39.74
21.78,35.28,21.35,22.97,21.55,98.64,57.07,49.87,39.74
21.79,35.34,21.35,23.01,21.55,98.64,56.92,49.87,39.74
21.80,35.41,21.35,22.97,21.55,98.64,57.07,49.87,39.74
21.81,35.34,21.32,22.97,21.55,98.64,56.92,49.87,39.74
21.82,35.21,21.32,23.01,21.52,98.64,56.92,49.87,39.74
21.83,35.28,21.32,22.97,21.55,98.64,56.92,49.87,39.83
21.84,35.34,21.32,22.97,21.55,98.64,56.92,49.98,39.67
21.85,35.34,21.35,23.01,21.55,98.64,56.92,49.87,39.74
21.86,35.34,21.32,22.97,21.55,98.64,56.78,49.75,39.67
21.87,35.28,21.32,22.97,21.52,98.64,56.92,49.87,39.74
21.88,35.28,21.32,22.97,21.52,98.64,56.92,49.87,39.74
21.89,35.34,21.29,23.01,21.55,99.02,56.92,49.87,39.74
21.90,35.41,21.35,22.97,21.52,98.64,56.92,49.87,39.74
21.91,35.34,21.32,23.01,21.55,98.64,56.78,49.87,39.74
21.92,35.28,21.32,22.97,21.55,98.64,56.78,49.87,39.74
21.93,35.34,21.32,22.97,21.55,98.64,56.92,49.98,39.74
21.94,35.34,21.32,23.01,21.55,98.64,56.92,49.87,39.74
21.95,35.34,21.29,23.01,21.52,98.64,57.07,49.75,39.74
21.96,35.28,21.32,22.97,21.52,98.64,56.92,49.87,39.74
21.97,35.34,21.32,23.01,21.55,98.64,56.92,49.87,39.74
21.98,35.34,21.32,22.97,21.55,98.64,56.78,49.75,39.83
21.99,35.34,21.32,23.01,21.55,98.64,57.07,49.87,39.74
22.00,35.34,21.35,23.01,21.55,98.64,56.92,49.87,39.74
22.01,35.34,21.29,22.97,21.52,98.64,56.92,49.87,39.74
22.02,35.34,21.35,22.97,21.55,99.02,56.78,49.87,39.74
22.03,35.34,21.29,22.97,21.52,98.64,56.92,49.75,39.74
22.04,35.34,21.35,23.01,21.55,98.64,56.92,49.87,39.74
22.05,35.34,21.29,23.01,21.55,98.64,56.92,49.87,39.67
22.06,35.34,21.32,22.97,21.52,98.64,56.92,49.87,39.74
22.07,35.34,21.29,22.97,21.55,98.64,56.92,49.87,39.67
22.08,35.34,21.29,23.01,21.55,98.64,56.92,49.87,39.74
22.09,35.34,21.32,22.97,21.55,99.02,56.78,49.87,39.67
22.10,35.34,21.35,23.01,21.55,98.64,57.07,49.75,39.83
22.11,35.34,21.32,22.97,21.55,98.64,56.78,49.87,39.67
22.12,35.34,21.29,22.97,21.55,98.64,57.07,49.87,39.67
22.13,35.34,21.32,22.97,21.55,98.64,56.92,49.87,39.67
22.14,35.34,21.32,23.01,21.52,98.64,56.92,49.87,39.74
22.15,35.34,21.35,23.01,21.52,98.64,56.92,49.87,39.74
22.16,35.34,21.32,22.97,21.55,98.64,56.92,49.87,39.74
22.17,35.34,21.29,22.97,21.52,98.64,56.92,49.87,39.74
22.18,35.34,21.32,22.97,21.55,98.64,56.92,49.87,39.74
22.19,35.41,21.35,22.97,21.55,98.64,56.92,49.87,39.74
22.20,35.41,21.32,23.01,21.52,98.64,56.92,49.87,39.74
22.21,35.28,21.32,22.97,21.55,98.64,56.92,49.87,39.74
22.22,35.34,21.32,22.97,21.55,98.64,56.92,49.87,39.74
22.23,35.41,21.32,23.01,21.55,98.64,56.92,49.87,39.74
22.24,35.21,21.35,22.97,21.55,99.02,56.92,49.87,39.74
22.25,35.34,21.32,22.97,21.55,98.64,56.92,49.87,39.74
22.26,35.21,21.32,23.01,21.55,98.64,56.92,49.87,39.74
22.27,35.34,21.32,22.97,21.55,98.64,56.92,49.87,39.74
22.28,35.28,21.32,22.97,21.55,98.64,56.92,49.87,39.74
22.29,35.41,21.32,23.01,21.55,98.64,57.07,49.87,39.74
22.30,35.34,21.35,23.01,21.55,98.64,57.07,49.87,39.74
22.31,35.34,21.32,22.97,21.55,98.64,56.92,49.87,39.74
22.32,35.28,21.32,22.97,21.55,99.02,56.92,49.87,39.74
22.33,35.28,21.32,22.97,21.55,99.02,56.92,49.87,39.74
22.34,35.28,21.35,23.01,21.55,98.64,56.92,49.87,39.74
22.35,35.34,21.32,23.01,21.55,98.64,56.78,49.87,39.74
22.36,35.34,21.32,22.97,21.52,98.64,56.78,49.87,39.67
22.37,35.34,21.32,22.97,21.55,98.64,56.92,49.87,39.74
22.38,35.34,21.29,23.01,21.55,99.02,56.92,49.75,39.74
22.39,35.34,21.32,23.01,21.55,98.64,56.92,50.10,39.74
22.40,35.28,21.32,23.01,21.55,98.64,56.92,49.87,39.74
22.41,35.34,21.32,22.97,21.55,98.64,56.92,49.87,39.74
22.42,35.34,21.32,22.97,21.55,98.64,56.92,49.87,39.74
22.43,35.28,21.32,22.97,21.55,98.64,56.92,49.87,39.74
22.44,35.34,21.35,23.01,21.55,99.02,56.92,49.87,39.74
22.45,35.28,21.32,22.97,21.55,98.64,57.07,49.87,39.83
22.46,35.28,21.32,22.97,21.55,98.64,56.92,49.87,39.74
22.47,35.34,21.32,22.97,21.55,98.64,56.92,49.87,39.74
22.48,35.34,21.32,22.97,21.55,98.64,57.07,49.87,39.74
22.49,35.34,21.32,23.01,21.52,98.64,57.21,49.87,39.74
22.50,35.34,21.32,23.01,21.52,98.64,56.92,49.87,39.67
22.51,35.28,21.32,22.97,21.55,98.64,56.92,49.87,39.74
22.52,35.34,21.29,22.97,21.52,98.64,56.92,49.87,39.74
22.53,35.34,21.32,23.01,21.55,98.64,56.92,49.87,39.74
22.54,35.41,21.32,23.01,21.55,98.64,57.07,49.87,39.67
22.55,35.34,21.32,23.01,21.52,98.64,56.92,49.87,39.67
22.56,35.34,21.29,22.97,21.55,98.64,56.78,49.87,39.74
22.57,35.28,21.29,22.97,21.55,98.64,56.92,49.87,39.67
22.58,35.34,21.32,22.97,21.55,98.64,56.92,49.87,39.67
22.59,35.34,21.35,23.01,21.55,98.64,56.92,49.87,39.74
22.60,35.28,21.32,22.97,21.52,99.02,56.92,49.87,39.74
22.61,35.34,21.32,22.97,21.52,98.64,56.92,49.87,39.74
22.62,35.34,21.32,22.97,21.55,98.64,56.92,49.87,39.74
22.63,35.34,21.32,22.97,21.55,99.02,56.92,49.87,39.74
22.64,35.34,21.32,23.01,21.55,99.02,56.78,49.87,39.74
22.65,35.34,21.32,23.01,21.55,98.64,56.92,49.87,39.74
22.66,35.34,21.32,22.97,21.55,98.64,56.92,49.87,39.74
22.67,35.34,21.32,22.97,21.52,99.02,56.92,49.87,39.74
22.68,35.34,21.32,22.97,21.55,98.64,56.92,49.87,39.74
22.69,35.34,21.32,23.01,21.55,98.64,56.92,49.87,39.74
22.70,35.34,21.32,22.97,21.52,98.64,56.92,49.87,39.74
22.71,35.34,21.32,22.97,21.52,98.64,56.92,49.87,39.74
22.72,35.34,21.29,22.97,21.52,98.64,56.92,49.87,39.74
22.73,35.34,21.32,22.97,21.52,98.64,56.92,49.87,39.74
22.74,35.41,21.32,23.01,21.52,98.64,56.92,49.98,39.74
22.75,35.34,21.29,23.01,21.55,99.02,56.92,49.87,39.74
22.76,35.28,21.32,22.97,21.55,98.64,56.92,49.87,39.74
22.77,35.34,21.32,22.97,21.55,98.64,56.92,49.87,39.74
22.78,35.28,21.32,22.97,21.55,98.64,56.92,49.75,39.74
22.79,35.41,21.32,22.97,21.52,98.64,56.92,49.87,39.74
22.80,35.41,21.35,23.01,21.55,99.02,56.92,49.87,39.74
22.81,35.34,21.32,22.97,21.55,98.64,56.92,49.75,39.74
22.82,35.34,21.32,22.97,21.55,98.64,56.78,49.87,39.74
22.83,35.34,21.32,22.97,21.52,98.64,56.92,49.87,39.74
22.84,35.41,21.32,23.01,21.55,98.64,56.92,49.87,39.74
22.85,35.34,21.32,23.01,21.52,98.64,56.92,49.87,39.74
22.86,35.34,21.32,23.01,21.52,98.64,56.92,49.87,39.74
22.87,35.28,21.29,22.97,21.55,98.64,56.92,49.87,39.74
22.88,35.34,21.29,22.97,21.55,98.64,57.07,49.87,39.74
22.89,35.41,21.32,23.01,21.55,98.64,56.92,49.87,39.74
22.90,35.28,21.32,23.01,21.55,98.64,56.92,49.87,39.74
22.91,35.28,21.32,22.97,21.55,98.64,56.78,49.87,39.74
22.92,35.34,21.32,22.97,21.55,98.64,56.92,49.87,39.74
22.93,35.28,21.32,23.01,21.52,98.64,56.92,49.87,39.74
22.94,35.34,21.35,23.01,21.55,98.64,56.92,49.87,39.74
22.95,35.34,21.32,23.01,21.55,98.64,56.92,49.98,39.74
22.96,35.34,21.32,22.97,21.52,98.64,56.92,49.87,39.74
22.97,35.34,21.32,22.97,21.55,98.64,56.92,49.87,39.83
22.98,35.34,21.32,22.97,21.52,98.64,57.21,49.87,39.74
22.99,35.34,21.32,23.01,21.55,98.64,56.92,49.87,39.74
23.00,35.41,21.32,22.97,21.55,99.02,56.92,49.87,39.74
23.01,35.34,21.32,22.97,21.55,98.64,56.92,49.87,39.83
23.02,35.34,21.32,22.97,21.52,98.26,56.92,49.87,39.74
23.03,35.41,21.32,22.97,21.52,98.26,57.07,49.87,39.67
23.04,35.34,21.32,23.01,21.55,99.02,56.92,49.87,39.74
23.05,35.34,21.32,23.01,21.55,99.02,56.78,49.87,39.74
23.06,35.34,21.32,22.97,21.52,98.64,56.92,49.87,39.74
23.07,35.28,21.32,22.97,21.55,98.64,56.92,49.87,39.74
23.08,35.34,21.32,22.97,21.52,98.64,56.78,49.87,39.74
23.09,35.34,21.32,23.01,21.55,98.64,56.92,49.87,39.74
23.10,35.28,21.35,23.01,21.52,98.64,56.92,49.87,39.74
23.11,35.34,21.32,22.97,21.52,98.64,56.92,49.87,39.74
23.12,35.34,21.29,22.97,21.55,99.02,56.92,49.87,39.74
23.13,35.34,21.29,22.97,21.55,98.64,56.92,49.98,39.74
23.14,35.41,21.32,23.01,21.55,98.64,56.92,49.98,39.74
23.15,35.34,21.29,23.01,21.55,98.64,56.92,49.87,39.74
23.16,35.28,21.32,22.97,21.52,98.64,56.78,49.87,39.74
23.17,35.34,21.29,22.97,21.55,98.64,56.78,49.87,39.74
23.18,35.34,21.29,23.01,21.55,98.64,56.92,49.87,39.74
23.19,35.34,21.32,23.01,21.52,98.64,56.92,49.87,39.74
23.20,35.34,21.32,23.01,21.52,98.64,56.92,49.87,39.74
23.21,35.34,21.29,22.97,21.55,98.64,56.92,49.87,39.74
23.22,35.34,21.29,22.97,21.52,98.64,56.92,49.87,39.74
23.23,35.34,21.32,22.97,21.52,98.64,56.92,49.87,39.74
23.24,35.34,21.32,23.01,21.52,98.64,56.92,49.87,39.74
23.25,35.34,21.32,23.01,21.52,98.64,56.92,49.87,39.74
23.26,35.34,21.32,22.97,21.55,98.64,56.92,49.87,39.74
23.27,35.34,21.29,22.97,21.52,98.64,56.78,49.87,39.74
23.28,35.34,21.32,22.97,21.55,98.64,56.92,49.87,39.74
23.29,35.34,21.35,23.01,21.55,98.64,56.92,49.87,39.74
23.30,35.28,21.32,22.97,21.55,98.64,56.92,49.87,39.74
23.31,35.34,21.32,22.97,21.55,98.64,56.92,49.87,39.74
23.32,35.34,21.32,22.97,21.55,98.64,56.92,49.75,39.74
23.33,35.34,21.32,22.97,21.55,98.64,56.92,49.87,39.74
23.34,35.41,21.32,23.01,21.55,98.64,56.78,49.87,39.74
23.35,35.28,21.29,23.01,21.55,98.64,56.92,49.87,39.74
23.36,35.28,21.32,22.97,21.52,98.64,56.92,49.87,39.83
23.37,35.28,21.29,22.97,21.55,98.64,56.78,49.87,39.67
23.38,35.34,21.32,22.97,21.52,98.64,56.92,49.87,39.90
23.39,35.34,21.32,23.01,21.52,99.02,56.92,49.87,39.74
23.40,35.34,21.29,23.01,21.55,98.64,56.92,49.87,39.83
23.41,35.34,21.29,22.97,21.55,98.64,56.92,49.87,39.83
23.42,35.34,21.29,22.97,21.52,98.64,56.92,49.75,39.74
23.43,35.41,21.35,22.97,21.55,98.64,56.92,49.87,39.74
23.44,35.41,21.35,23.01,21.55,98.64,56.92,49.87,39.74
23.45,35.34,21.32,22.97,21.52,98.64,56.92,49.98,39.74
23.46,35.34,21.29,22.97,21.55,98.64,56.92,49.87,39.74
23.47,35.28,21.32,22.97,21.52,98.64,56.78,49.87,39.74
23.48,35.34,21.32,23.01,21.55,98.64,56.92,49.98,39.74
23.49,35.41,21.32,23.01,21.58,99.02,56.92,49.87,39.74
23.50,35.28,21.32,23.01,21.55,98.64,56.92,49.87,39.74
23.51,35.34,21.29,22.97,21.52,98.64,57.07,49.87,39.74
23.52,35.34,21.32,22.97,21.55,99.02,56.92,49.87,39.74
23.53,35.34,21.32,23.01,21.52,98.64,56.92,49.87,39.74
23.54,35.41,21.32,23.01,21.55,98.64,56.92,49.87,39.74
23.55,35.34,21.32,23.01,21.55,98.64,56.92,49.87,39.74
23.56,35.28,21.35,22.97,21.55,98.64,56.92,49.75,39.74
23.57,35.34,21.32,22.97,21.55,98.64,56.92,49.87,39.74
23.58,35.34,21.32,22.97,21.55,98.64,56.92,49.87,39.74
23.59,35.34,21.35,23.01,21.55,98.64,57.07,49.87,39.74
23.60,35.34,21.32,23.01,21.55,99.02,56.92,49.87,39.74
23.61,35.34,21.32,22.97,21.55,98.26,56.92,49.87,39.74
23.62,35.28,21.32,22.97,21.55,98.64,56.92,49.87,39.74
23.63,35.28,21.32,23.01,21.55,99.02,56.92,49.87,39.74
23.64,35.41,21.32,23.01,21.55,98.64,56.92,49.87,39.74
23.65,35.34,21.32,23.01,21.55,98.64,56.92,49.87,39.74
23.66,35.34,21.29,23.01,21.55,98.64,56.92,49.87,39.74
23.67,35.34,21.32,23.01,21.52,98.64,56.92,49.87,39.74
23.68,35.34,21.32,23.01,21.55,98.64,56.92,49.87,39.74
23.69,35.41,21.32,23.01,21.55,98.64,57.07,49.87,39.83
23.70,35.34,21.32,22.97,21.55,99.02,56.92,49.87,39.67
23.71,35.34,21.32,23.01,21.55,99.02,56.92,49.75,39.74
23.72,35.34,21.32,22.97,21.52,98.64,56.92,49.87,39.74
23.73,35.41,21.32,22.97,21.55,98.64,57.07,49.87,39.83
23.74,35.41,21.35,23.01,21.55,99.02,56.92,49.87,39.83
23.75,35.41,21.35,23.01,21.55,98.64,57.07,49.87,39.83
23.76,35.34,21.32,22.97,21.52,98.64,56.78,49.87,39.74
23.77,35.34,21.32,23.01,21.55,98.64,56.92,49.87,39.74
23.78,35.34,21.32,22.97,21.55,98.64,56.92,49.87,39.83
23.79,35.34,21.32,23.01,21.55,99.02,57.07,49.87,39.83
23.80,35.34,21.35,23.01,21.55,98.64,56.92,49.87,39.83
23.81,35.28,21.32,22.97,21.55,98.64,56.92,49.87,39.74
23.82,35.34,21.32,22.97,21.55,98.64,56.92,49.87,39.74
23.83,35.34,21.32,22.97,21.55,99.02,56.92,49.87,39.83
23.84,35.34,21.35,23.01,21.55,99.02,57.07,49.87,39.83
23.85,35.41,21.32,23.01,21.55,99.02,57.07,49.87,39.74
23.86,35.28,21.32,22.97,21.55,98.64,56.92,49.87,39.74
23.87,35.34,21.32,22.97,21.55,98.64,56.92,49.87,39.74
23.88,35.28,21.32,23.01,21.55,98.64,57.07,49.87,39.83
23.89,35.34,21.35,23.01,21.55,99.02,56.92,49.98,39.74
23.90,35.34,21.32,23.01,21.55,98.64,56.78,49.87,39.74
23.91,35.28,21.32,22.97,21.55,98.64,56.92,49.87,39.74
23.92,35.28,21.32,22.97,21.55,98.64,56.92,49.87,39.83
23.93,35.34,21.32,23.01,21.55,98.64,56.92,49.87,39.74
23.94,35.41,21.35,23.01,21.55,98.64,56.92,49.87,39.74
23.95,35.41,21.35,23.01,21.55,98.64,57.07,49.87,39.74
23.96,35.28,21.32,22.97,21.55,98.64,56.92,49.87,39.74
23.97,35.34,21.32,23.01,21.55,98.64,56.92,49.98,39.83
23.98,35.34,21.29,23.01,21.55,98.64,56.92,49.87,39.83
23.99,35.34,21.32,23.01,21.55,98.64,57.07,49.87,39.74
24.00,35.34,21.32,23.01,21.52,99.02,56.92,49.87,39.74
24.01,35.34,21.32,23.01,21.55,98.64,56.92,49.87,39.83
24.02,35.34,21.29,22.97,21.55,98.64,56.92,49.87,39.83
24.03,35.34,21.29,23.01,21.55,98.64,56.92,49.87,39.83
24.04,35.34,21.35,23.01,21.52,98.64,56.92,49.87,39.83
24.05,35.41,21.35,23.01,21.55,99.02,57.07,49.87,39.74
24.06,35.28,21.32,22.97,21.55,99.02,56.92,49.87,39.83
24.07,35.41,21.32,22.97,21.55,99.02,56.92,49.87,39.74
24.08,35.41,21.32,23.01,21.55,98.64,56.92,49.87,39.74
24.09,35.34,21.35,23.01,21.55,99.02,57.07,49.87,39.83
24.10,35.41,21.35,23.01,21.55,99.02,57.07,49.87,39.74
24.11,35.34,21.32,23.01,21.55,98.64,56.92,49.87,39.83
24.12,35.34,21.32,23.01,21.55,98.64,56.92,49.87,39.74
24.13,35.34,21.32,23.01,21.55,98.64,57.07,49.87,39.74
24.14,35.41,21.35,23.01,21.55,98.64,57.07,49.98,39.83
24.15,35.34,21.32,23.01,21.55,98.64,56.92,49.87,39.74
24.16,35.28,21.32,22.97,21.55,98.64,56.92,49.87,39.83
24.17,35.34,21.32,22.97,21.55,98.64,56.92,49.87,39.74
24.18,35.34,21.32,23.01,21.55,98.64,56.92,49.87,39.74
24.19,35.41,21.35,23.01,21.55,98.64,57.07,49.98,39.83
24.20,35.34,21.32,23.01,21.55,98.64,56.92,49.87,39.83
24.21,35.34,21.32,23.01,21.55,98.64,56.78,49.87,39.74
24.22,35.34,21.32,23.01,21.55,98.64,57.07,49.87,39.74
24.23,35.34,21.32,23.01,21.55,98.64,56.92,49.98,39.83
24.24,35.41,21.32,23.01,21.55,98.64,57.07,49.87,39.83
24.25,35.34,21.32,23.01,21.52,98.64,56.92,49.87,39.74
24.26,35.34,21.32,23.01,21.55,98.64,56.92,49.87,39.83
24.27,35.34,21.32,22.97,21.52,98.64,56.78,49.87,39.74
24.28,35.28,21.32,23.01,21.55,98.64,56.92,49.87,39.83
24.29,35.41,21.35,23.01,21.55,99.02,56.92,49.87,39.83
24.30,35.41,21.32,23.01,21.55,98.64,57.07,49.87,39.74
24.31,35.34,21.32,23.01,21.55,98.64,56.92,49.98,39.74
24.32,35.34,21.32,23.01,21.55,98.64,56.92,49.87,39.83
24.33,35.34,21.32,23.01,21.55,98.64,56.92,49.87,39.74
24.34,35.34,21.35,23.01,21.55,98.64,57.07,49.98,39.83
24.35,35.41,21.35,23.01,21.55,98.64,56.92,49.87,39.83
24.36,35.34,21.32,22.97,21.55,98.64,56.92,49.87,39.74
24.37,35.34,21.32,23.01,21.55,98.64,56.92,49.87,39.83
24.38,35.34,21.32,23.01,21.55,98.64,56.92,49.98,39.83
24.39,35.41,21.35,23.01,21.55,99.02,57.07,49.98,39.83
24.40,35.34,21.35,23.01,21.55,98.64,57.07,49.98,39.74
24.41,35.41,21.32,23.01,21.55,98.64,56.92,49.87,39.83
24.42,35.34,21.32,23.01,21.55,98.64,57.07,49.87,39.83
24.43,35.34,21.35,23.01,21.55,98.64,56.92,49.87,39.74
24.44,35.34,21.35,23.01,21.55,99.02,56.92,49.87,39.74
24.45,35.34,21.32,23.01,21.55,98.64,56.92,49.87,39.83
24.46,35.34,21.35,23.01,21.55,98.64,56.92,49.87,39.83
24.47,35.28,21.32,23.01,21.55,99.02,57.07,49.98,39.74
24.48,35.34,21.32,23.01,21.55,98.64,57.07,49.87,39.74
24.49,35.34,21.35,23.01,21.55,99.02,57.07,49.98,39.74
24.50,35.41,21.35,23.01,21.55,99.02,57.07,49.87,39.83
24.51,35.34,21.32,23.01,21.55,99.02,56.92,49.87,39.74
24.52,35.34,21.35,23.01,21.55,99.02,56.92,49.87,39.74
24.53,35.34,21.35,23.01,21.58,99.02,57.07,49.87,39.74
24.54,35.41,21.35,23.04,21.55,99.02,56.92,49.98,39.83
24.55,35.34,21.35,23.01,21.55,98.64,57.07,49.98,39.83
24.56,35.34,21.32,23.01,21.55,98.64,56.92,49.98,39.74
24.57,35.34,21.32,23.01,21.55,98.64,56.92,49.87,39.83
24.58,35.34,21.32,23.01,21.55,99.02,56.78,49.87,39.83
24.59,35.34,21.35,23.01,21.55,98.64,57.07,49.98,39.74
24.60,35.41,21.35,23.01,21.55,99.02,57.07,49.98,39.74
24.61,35.34,21.35,23.01,21.55,98.64,57.07,49.98,39.74
24.62,35.41,21.32,23.04,21.55,98.64,56.92,49.87,39.83
24.63,35.34,21.35,23.01,21.55,99.02,56.92,49.98,39.74
24.64,35.34,21.32,23.01,21.55,98.64,56.92,49.87,39.74
24.65,35.28,21.35,23.01,21.55,98.64,57.07,49.98,39.83
24.66,35.28,21.35,23.01,21.55,99.02,57.07,49.98,39.83
24.67,35.34,21.32,23.01,21.55,98.64,57.07,49.98,39.83
24.68,35.28,21.35,23.01,21.55,98.64,57.07,49.87,39.83
24.69,35.41,21.35,23.01,21.55,99.02,57.07,49.87,39.83
24.70,35.34,21.35,23.01,21.55,98.64,56.92,49.98,39.83
24.71,35.41,21.35,23.04,21.58,98.64,57.07,49.98,39.74
24.72,35.41,21.35,23.01,21.58,99.02,56.92,49.98,39.74
24.73,35.41,21.35,23.01,21.55,99.02,57.07,49.87,39.74
24.74,35.41,21.35,23.01,21.58,99.02,56.92,49.87,39.74
24.75,35.41,21.35,23.01,21.55,98.64,57.07,49.98,39.74
24.76,35.34,21.35,23.04,21.58,99.02,57.07,49.98,39.83
24.77,35.41,21.35,23.01,21.55,98.64,56.92,49.87,39.74
24.78,35.28,21.32,23.01,21.55,99.02,57.07,49.98,39.74
24.79,35.34,21.35,23.01,21.55,99.02,57.07,49.87,39.74
24.80,35.41,21.35,23.01,21.55,98.64,56.92,49.98,39.83
24.81,35.41,21.35,23.01,21.55,99.02,57.07,49.98,39.83
24.82,35.34,21.35,23.01,21.58,98.64,57.07,49.87,39.74
24.83,35.41,21.32,23.01,21.55,99.02,57.07,49.87,39.83
24.84,35.34,21.35,23.01,21.55,98.64,56.92,49.87,39.83
24.85,35.41,21.35,23.01,21.55,98.64,57.07,49.87,39.83
24.86,35.34,21.35,23.01,21.58,99.02,56.92,49.98,39.83
24.87,35.41,21.35,23.01,21.55,99.02,57.07,49.98,39.74
24.88,35.41,21.35,23.01,21.55,98.64,56.92,49.98,39.83
24.89,35.34,21.35,23.01,21.55,98.64,57.07,49.98,39.83
24.90,35.41,21.35,23.01,21.55,99.02,57.07,49.87,39.74
24.91,35.41,21.35,23.01,21.55,99.02,57.07,49.98,39.83
24.92,35.41,21.35,23.04,21.55,99.02,56.92,49.98,39.74
24.93,35.41,21.32,23.01,21.55,98.64,57.07,49.98,39.83
24.94,35.34,21.32,23.01,21.55,99.02,57.07,49.98,39.83
24.95,35.28,21.35,23.01,21.55,99.02,56.92,49.98,39.74
24.96,35.34,21.35,23.04,21.55,99.02,57.07,49.98,39.83
24.97,35.41,21.35,23.01,21.55,99.02,57.07,49.98,39.74
24.98,35.34,21.32,23.01,21.55,99.02,56.92,49.98,39.83
24.99,35.41,21.32,23.01,21.55,98.64,57.07,49.87,39.83
25.00,35.41,21.35,23.01,21.55,98.64,56.92,49.98,39.83
25.01,35.41,21.35,23.04,21.55,99.02,57.07,49.87,39.74
25.02,35.41,21.35,23.01,21.55,98.64,57.07,49.98,39.83
25.03,35.34,21.32,23.01,21.55,98.64,56.92,49.98,39.83
25.04,35.34,21.32,23.01,21.55,98.64,56.92,49.87,39.83
25.05,35.41,21.35,23.01,21.55,98.64,56.92,49.98,39.83
25.06,35.41,21.35,23.01,21.55,98.64,57.07,49.98,39.74
25.07,35.41,21.35,23.01,21.55,98.64,57.07,49.87,39.83
25.08,35.34,21.35,23.01,21.55,98.64,56.92,49.98,39.74
25.09,35.34,21.35,23.01,21.55,99.02,57.07,49.87,39.83
25.10,35.41,21.35,23.01,21.58,99.02,56.92,49.98,39.83
25.11,35.41,21.35,23.04,21.58,99.02,57.07,49.87,39.83
25.12,35.34,21.35,23.01,21.55,99.02,57.07,49.87,39.83
25.13,35.41,21.32,23.01,21.55,98.64,56.92,49.87,39.83
25.14,35.34,21.35,23.01,21.55,99.02,57.07,49.87,39.83
25.15,35.41,21.35,23.01,21.58,99.02,57.07,49.98,39.83
25.16,35.48,21.35,23.04,21.55,99.02,57.07,49.98,39.83
25.17,35.34,21.35,23.01,21.55,99.02,57.07,49.98,39.74
25.18,35.34,21.35,23.01,21.55,98.64,57.07,49.98,39.83
25.19,35.34,21.32,23.01,21.55,98.64,56.92,49.87,39.74
25.20,35.41,21.35,23.01,21.55,99.02,57.07,49.87,39.83
25.21,35.41,21.35,23.04,21.58,99.02,56.92,49.98,39.74
25.22,35.34,21.35,23.01,21.55,99.02,56.92,49.98,39.83
25.23,35.41,21.32,23.01,21.55,98.64,56.92,49.87,39.74
25.24,35.34,21.32,23.01,21.58,98.64,57.07,49.87,39.83
25.25,35.41,21.35,23.04,21.58,98.64,56.92,49.98,39.74
25.26,35.41,21.35,23.01,21.55,99.02,57.07,49.98,39.83
25.27,35.41,21.35,23.04,21.52,99.02,57.07,49.98,39.83
25.28,35.41,21.35,23.01,21.58,99.02,56.92,49.87,39.74
25.29,35.34,21.35,23.01,21.55,99.02,56.92,49.98,39.83
25.30,35.41,21.35,23.01,21.55,99.02,57.07,49.98,39.83
25.31,35.41,21.35,23.01,21.55,99.02,57.07,49.98,39.74
25.32,35.41,21.32,23.01,21.55,99.02,56.92,49.98,39.83
25.33,35.41,21.32,23.01,21.55,98.64,56.92,49.87,39.74
25.34,35.41,21.32,23.01,21.55,98.64,56.92,49.98,39.83
25.35,35.41,21.32,23.01,21.55,99.02,56.92,49.87,39.83
25.36,35.41,21.32,23.01,21.55,99.02,56.92,49.98,39.83
25.37,35.41,21.35,23.01,21.55,98.64,57.07,49.98,39.83
25.38,35.34,21.32,23.01,21.55,98.64,56.92,49.87,39.74
25.39,35.41,21.32,23.01,21.55,99.02,56.92,49.98,39.83
25.40,35.41,21.35,23.01,21.55,99.02,57.07,49.87,39.74
25.41,35.41,21.35,23.01,21.55,99.02,57.07,49.98,39.74
25.42,35.41,21.35,23.01,21.55,98.64,57.07,49.87,39.74
25.43,35.41,21.35,23.01,21.55,98.64,57.07,49.98,39.83
25.44,35.34,21.32,23.01,21.58,98.64,57.07,49.87,39.83
25.45,35.34,21.35,23.01,21.55,99.02,56.92,49.87,39.74
25.46,35.41,21.35,23.01,21.55,99.02,57.07,49.98,39.74
25.47,35.34,21.35,23.01,21.58,99.02,57.07,49.98,39.83
25.48,35.41,21.35,22.97,21.55,98.64,56.92,49.87,39.83
25.49,35.34,21.32,23.01,21.55,99.02,57.07,49.98,39.74
25.50,35.28,21.35,23.01,21.58,99.02,57.07,49.98,39.83
25.51,35.41,21.35,23.01,21.55,99.02,56.92,49.98,39.83
25.52,35.34,21.35,23.01,21.55,98.64,57.07,49.98,39.74
25.53,35.41,21.35,22.97,21.55,98.64,56.92,49.87,39.83
25.54,35.28,21.32,23.01,21.55,98.64,57.07,49.87,39.83
25.55,35.41,21.35,23.01,21.55,99.02,57.07,49.98,39.74
25.56,35.41,21.32,23.01,21.55,99.02,57.07,49.87,39.83
25.57,35.34,21.35,23.01,21.58,98.64,56.92,49.87,39.74
25.58,35.41,21.32,22.97,21.55,98.64,56.92,49.98,39.83
25.59,35.34,21.32,23.01,21.55,98.64,57.07,49.98,39.83
25.60,35.34,21.35,23.01,21.55,99.02,56.92,49.98,39.83
25.61,35.34,21.35,23.01,21.55,98.64,57.07,49.87,39.83
25.62,35.41,21.35,23.01,21.55,98.64,57.07,49.87,39.83
25.63,35.41,21.35,23.01,21.55,98.64,57.07,49.87,39.74
25.64,35.34,21.32,23.01,21.55,98.64,56.92,49.87,39.83
25.65,35.34,21.32,23.01,21.55,99.02,56.92,49.98,39.83
25.66,35.41,21.35,23.01,21.55,99.02,56.92,49.98,39.83
25.67,35.34,21.32,23.01,21.55,99.02,57.07,49.98,39.74
25.68,35.34,21.32,23.01,21.55,98.64,56.92,49.87,39.83
25.69,35.28,21.29,23.01,21.55,99.02,56.92,49.87,39.74
25.70,35.41,21.38,23.01,21.58,98.64,56.92,49.98,39.83
25.71,35.34,21.32,23.01,21.55,99.02,57.07,49.98,39.83
25.72,35.34,21.32,23.01,21.58,98.64,56.92,49.98,39.83
25.73,35.34,21.32,23.01,21.55,98.64,57.07,49.87,39.83
25.74,35.34,21.32,23.01,21.55,98.64,56.92,49.87,39.83
25.75,35.41,21.35,23.01,21.55,99.02,57.07,49.98,39.83
25.76,35.41,21.32,23.01,21.55,99.02,57.07,49.87,39.83
25.77,35.41,21.32,23.01,21.55,99.02,57.07,49.87,39.74
25.78,35.34,21.32,23.01,21.55,98.64,57.07,49.98,39.83
25.79,35.34,21.32,23.01,21.55,98.64,56.78,49.87,39.74
25.80,35.34,21.35,23.01,21.55,98.64,57.07,49.98,39.83
25.81,35.41,21.35,23.01,21.55,99.02,57.07,49.98,39.83
25.82,35.41,21.35,23.01,21.55,99.02,56.92,49.98,39.83
25.83,35.34,21.32,23.01,21.55,99.02,57.07,49.87,39.74
25.84,35.34,21.32,23.01,21.55,99.02,57.07,49.98,39.83
25.85,35.41,21.35,23.01,21.58,99.02,57.07,49.87,39.74
25.86,35.48,21.35,23.01,21.55,99.02,57.07,49.98,39.74
25.87,35.34,21.35,23.01,21.55,99.02,56.92,49.98,39.83
25.88,35.34,21.32,23.01,21.55,99.02,56.92,49.98,39.74
25.89,35.34,21.32,23.01,21.55,99.02,56.92,49.98,39.83
25.90,35.28,21.32,23.01,21.55,99.02,56.92,49.98,39.83
25.91,35.41,21.35,23.04,21.55,98.64,57.07,49.98,39.83
25.92,35.34,21.35,23.01,21.55,99.02,56.92,49.87,39.83
25.93,35.34,21.32,23.01,21.55,99.02,57.07,49.87,39.83
25.94,35.34,21.32,22.97,21.55,98.64,56.92,49.87,39.90
25.95,35.41,21.35,23.04,21.58,98.64,56.92,49.87,39.90
25.96,35.41,21.35,22.97,21.55,99.02,57.07,49.98,39.74
25.97,35.41,21.32,23.01,21.55,98.64,57.07,49.98,39.83
25.98,35.34,21.32,23.01,21.55,99.02,56.92,49.87,39.74
25.99,35.34,21.32,23.01,21.55,98.64,57.07,49.87,39.74
26.00,35.34,21.35,23.01,21.55,99.02,56.92,49.75,39.83
26.01,35.41,21.35,23.01,21.58,99.02,56.92,49.98,39.83
26.02,35.34,21.35,23.01,21.55,99.02,57.07,49.98,39.83
26.03,35.28,21.32,22.97,21.55,99.02,57.07,49.98,39.74
26.04,35.34,21.32,23.01,21.55,98.64,57.07,49.87,39.83
26.05,35.34,21.32,23.01,21.55,99.02,57.07,49.98,39.83
26.06,35.41,21.35,23.01,21.58,99.02,57.07,49.87,39.83
26.07,35.34,21.35,23.01,21.55,99.02,57.07,49.98,39.83
26.08,35.34,21.32,23.01,21.55,98.64,56.92,49.98,39.74
26.09,35.34,21.32,23.01,21.55,98.64,56.92,49.87,39.83
26.10,35.41,21.32,23.01,21.55,98.64,57.07,49.98,39.83
26.11,35.34,21.35,23.01,21.55,99.02,57.07,49.98,39.74
26.12,35.34,21.32,23.01,21.55,99.02,56.92,49.98,39.83
26.13,35.34,21.32,23.01,21.55,99.02,57.07,49.87,39.74
26.14,35.34,21.32,23.01,21.55,99.02,56.92,49.87,39.83
26.15,35.28,21.32,23.01,21.55,99.02,57.07,49.98,39.83
26.16,35.48,21.35,23.01,21.55,99.02,57.07,49.98,39.83
26.17,35.34,21.35,23.01,21.55,99.02,57.07,49.87,39.83
26.18,35.41,21.29,23.01,21.55,99.02,56.92,49.98,39.83
26.19,35.34,21.32,23.01,21.55,98.64,56.92,49.87,39.83
26.20,35.41,21.35,23.01,21.55,99.02,57.07,49.98,39.83
26.21,35.41,21.35,23.01,21.55,98.64,57.07,49.98,39.83
26.22,35.41,21.35,23.04,21.58,99.02,56.92,49.98,39.83
26.23,35.41,21.32,23.01,21.55,99.02,56.92,49.98,39.83
26.24,35.34,21.35,23.01,21.55,98.64,56.92,49.98,39.83
26.25,35.41,21.32,23.01,21.55,99.02,56.92,49.98,39.83
26.26,35.41,21.38,23.04,21.58,99.02,57.07,49.87,39.83
26.27,35.41,21.35,23.01,21.55,99.02,57.07,49.98,39.83
26.28,35.41,21.32,23.01,21.55,99.02,57.07,49.98,39.83
26.29,35.41,21.35,23.01,21.52,99.02,56.92,49.87,39.83
26.30,35.41,21.35,23.01,21.55,99.02,56.92,49.98,39.83
26.31,35.41,21.35,23.04,21.55,99.02,57.07,49.98,39.83
26.32,35.41,21.32,23.01,21.55,98.64,56.92,49.98,39.83
26.33,35.41,21.32,23.01,21.55,98.64,56.92,49.87,39.83
26.34,35.41,21.32,23.01,21.55,99.02,56.92,49.87,39.83
26.35,35.41,21.35,23.01,21.58,99.02,57.07,49.98,39.83
26.36,35.41,21.35,23.01,21.55,99.02,56.92,49.98,39.83
26.37,35.41,21.32,23.01,21.55,99.02,57.07,49.98,39.83
26.38,35.34,21.35,23.01,21.58,99.02,57.07,49.98,39.83
26.39,35.41,21.35,23.01,21.58,99.02,57.07,49.87,39.83
26.40,35.34,21.35,23.01,21.55,99.02,56.92,49.98,39.83
26.41,35.41,21.35,23.01,21.55,99.02,57.07,49.98,39.74
26.42,35.34,21.32,23.01,21.58,99.02,57.07,49.98,39.83
26.43,35.34,21.32,23.01,21.55,98.64,56.92,49.87,39.83
26.44,35.34,21.32,23.01,21.58,99.02,56.92,49.98,39.74
26.45,35.34,21.35,23.04,21.55,99.02,56.92,49.98,39.83
26.46,35.41,21.35,23.01,21.58,99.02,56.92,49.98,39.83
26.47,35.41,21.35,23.01,21.55,99.02,57.07,49.98,39.83
26.48,35.34,21.32,23.01,21.55,98.64,56.92,49.98,39.83
26.49,35.41,21.32,23.01,21.55,98.64,57.07,49.87,39.74
26.50,35.41,21.35,23.01,21.55,99.02,56.92,49.98,39.83
26.51,35.41,21.35,23.01,21.55,99.02,57.07,49.98,39.83
26.52,35.34,21.35,23.01,21.55,98.64,56.92,49.87,39.83
26.53,35.41,21.32,23.01,21.55,98.64,57.07,49.98,39.83
26.54,35.34,21.32,23.01,21.58,99.02,56.92,49.98,39.83
26.55,35.34,21.32,23.01,21.58,99.02,57.07,49.98,39.74
26.56,35.34,21.35,23.04,21.58,99.02,57.07,49.98,39.83
26.57,35.34,21.35,23.01,21.55,99.02,56.92,49.98,39.83
26.58,35.34,21.32,23.01,21.55,98.64,57.07,49.87,39.83
26.59,35.34,21.32,23.01,21.55,99.02,57.07,49.98,39.83
26.60,35.41,21.35,23.01,21.58,98.64,57.07,49.98,39.83
26.61,35.34,21.35,23.01,21.58,99.02,57.07,49.98,39.83
26.62,35.41,21.32,23.01,21.58,99.02,56.92,49.87,39.83
26.63,35.34,21.32,23.01,21.58,98.64,56.92,49.87,39.83
26.64,35.34,21.32,23.01,21.58,98.64,57.07,49.98,39.83
26.65,35.41,21.32,23.01,21.58,99.02,57.07,49.98,39.83
26.66,35.48,21.35,23.04,21.55,99.02,56.92,49.98,39.83
26.67,35.41,21.32,23.01,21.58,98.64,57.07,49.87,39.83
26.68,35.34,21.35,23.01,21.55,99.02,56.92,49.87,39.83
26.69,35.34,21.32,23.01,21.55,98.64,57.07,49.87,39.83
26.70,35.34,21.32,23.01,21.55,99.02,56.92,49.98,39.83
26.71,35.34,21.35,23.01,21.55,99.02,57.07,49.98,39.83
26.72,35.34,21.35,23.01,21.58,99.02,57.07,49.87,39.83
26.73,35.34,21.32,23.01,21.55,99.02,56.92,49.98,39.83
26.74,35.41,21.32,23.01,21.55,98.64,56.92,49.87,39.83
26.75,35.34,21.35,23.01,21.58,98.64,57.07,49.98,39.83
26.76,35.41,21.32,23.01,21.58,98.64,57.07,49.98,39.83
26.77,35.41,21.32,23.01,21.58,98.64,57.07,49.98,39.83
26.78,35.34,21.29,23.01,21.55,98.64,56.92,49.87,39.83
26.79,35.41,21.32,23.01,21.58,98.64,56.92,49.98,39.83
26.80,35.34,21.32,23.01,21.55,98.64,56.92,49.98,39.83
26.81,35.41,21.35,23.01,21.58,98.64,56.92,49.98,39.83
26.82,35.41,21.32,23.01,21.58,99.02,57.07,49.87,39.83
26.83,35.34,21.32,23.01,21.55,98.64,57.07,49.87,39.83
26.84,35.41,21.32,23.01,21.55,99.02,57.07,49.98,39.74
26.85,35.41,21.35,23.01,21.55,99.02,56.92,49.98,39.83
26.86,35.41,21.35,23.01,21.58,99.02,56.92,49.98,39.83
26.87,35.41,21.35,23.01,21.55,99.02,56.92,49.98,39.74
26.88,35.41,21.32,23.01,21.55,98.64,57.07,49.98,39.83
26.89,35.41,21.32,23.01,21.55,99.02,57.07,49.87,39.83
26.90,35.41,21.35,23.01,21.58,99.02,56.92,49.98,39.83
26.91,35.34,21.32,23.01,21.58,99.02,56.92,49.98,39.83
26.92,35.41,21.32,23.01,21.58,98.64,56.92,49.98,39.83
26.93,35.34,21.32,23.01,21.55,98.64,56.92,49.87,39.74
26.94,35.41,21.35,23.01,21.58,99.02,56.92,49.98,39.83
26.95,35.41,21.32,23.01,21.55,99.02,56.92,49.98,39.83
26.96,35.41,21.35,23.01,21.55,99.02,56.92,49.98,39.83
26.97,35.41,21.29,23.01,21.58,98.64,56.92,49.87,39.74
26.98,35.34,21.29,23.01,21.52,98.64,56.92,49.87,39.74
26.99,35.34,21.32,23.01,21.55,98.64,56.78,49.87,39.83
27.00,35.34,21.35,23.01,21.55,99.02,57.07,49.98,39.83
27.01,35.41,21.32,23.01,21.58,98.64,57.07,49.98,39.83
27.02,35.41,21.35,23.01,21.55,99.02,56.92,49.98,39.83
27.03,35.34,21.32,23.01,21.58,98.64,56.92,49.87,39.83
27.04,35.34,21.32,23.01,21.55,99.02,57.21,49.98,39.90
27.05,35.28,21.32,23.01,21.58,99.02,56.78,49.98,39.74
27.06,35.34,21.35,23.04,21.55,99.02,57.07,49.87,39.90
27.07,35.34,21.35,23.01,21.55,99.02,57.07,49.87,39.83
27.08,35.34,21.32,23.01,21.55,98.64,56.92,49.98,39.74
27.09,35.34,21.32,23.01,21.55,99.02,56.92,49.98,39.83
27.10,35.41,21.32,23.01,21.55,98.64,57.07,49.87,39.83
27.11,35.34,21.32,23.01,21.58,99.02,56.92,49.98,39.83
27.12,35.41,21.32,23.01,21.55,99.02,56.92,49.87,39.83
27.13,35.34,21.32,22.97,21.55,98.64,56.92,49.87,39.83
27.14,35.41,21.32,22.97,21.55,99.02,56.92,49.87,39.83
27.15,35.34,21.32,23.01,21.58,99.02,57.07,49.98,39.74
27.16,35.34,21.32,23.01,21.58,99.02,56.92,49.87,39.83
27.17,35.34,21.32,23.01,21.55,98.64,56.92,49.98,39.74
27.18,35.28,21.32,23.01,21.55,98.64,56.92,49.98,39.83
27.19,35.41,21.32,23.01,21.55,98.64,56.92,49.87,39.83
27.20,35.34,21.32,23.04,21.55,98.64,56.92,49.98,39.83
27.21,35.34,21.32,23.04,21.55,99.02,56.92,49.98,39.83
27.22,35.41,21.32,22.97,21.55,98.64,57.07,49.98,39.83
27.23,35.34,21.32,23.01,21.55,99.02,56.92,49.98,39.83
27.24,35.34,21.32,23.01,21.58,99.02,56.92,49.98,39.83
27.25,35.34,21.29,23.01,21.58,98.64,56.92,49.98,39.83
27.26,35.41,21.32,23.04,21.55,99.02,56.92,49.98,39.83
27.27,35.34,21.35,23.01,21.55,98.64,57.07,49.87,39.83
27.28,35.34,21.32,23.01,21.58,99.02,57.07,49.87,39.83
27.29,35.34,21.32,23.01,21.55,98.64,56.92,49.98,39.83
27.30,35.41,21.35,23.01,21.55,98.64,56.92,49.98,39.83
27.31,35.41,21.35,23.04,21.55,99.02,56.92,50.10,39.83
27.32,35.41,21.32,23.01,21.55,99.02,56.92,49.87,39.83
27.33,35.34,21.32,23.01,21.55,98.64,57.07,50.10,39.83
27.34,35.41,21.32,23.01,21.55,99.02,56.92,49.98,39.83
27.35,35.41,21.35,23.04,21.55,98.64,56.92,49.98,39.83
27.36,35.41,21.35,23.04,21.55,99.02,56.92,49.98,39.83
27.37,35.34,21.32,23.01,21.55,99.02,56.92,49.98,39.83
27.38,35.34,21.32,23.01,21.55,99.02,56.92,49.98,39.83
27.39,35.41,21.32,23.01,21.55,99.02,56.92,49.98,39.83
27.40,35.41,21.32,23.01,21.55,99.02,56.92,49.87,39.83
27.41,35.41,21.32,23.04,21.55,99.02,56.92,49.98,39.83
27.42,35.41,21.32,23.01,21.55,98.64,56.92,49.98,39.83
27.43,35.41,21.32,23.01,21.55,98.64,56.92,49.98,39.83
27.44,35.28,21.32,23.01,21.55,99.02,56.92,49.98,39.83
27.45,35.41,21.35,23.01,21.58,99.02,57.07,49.98,39.83
27.46,35.41,21.35,23.04,21.55,99.02,57.07,49.98,39.83
27.47,35.34,21.35,23.01,21.55,99.02,57.07,49.98,39.83
27.48,35.34,21.32,23.01,21.55,99.02,56.92,49.98,39.83
27.49,35.41,21.32,23.01,21.58,98.64,56.92,49.98,39.83
27.50,35.34,21.35,23.01,21.55,98.64,56.92,49.98,39.83
27.51,35.41,21.35,23.04,21.55,99.02,57.07,49.98,39.83
27.52,35.41,21.35,23.01,21.58,99.02,56.92,49.98,39.83
27.53,35.41,21.32,23.01,21.55,99.02,57.07,49.87,39.83
27.54,35.34,21.32,23.04,21.58,98.64,56.92,49.98,39.83
27.55,35.41,21.35,23.01,21.55,98.64,57.07,49.98,39.83
27.56,35.41,21.38,23.01,21.55,99.02,57.07,49.98,39.83
27.57,35.34,21.35,23.04,21.58,99.02,57.07,49.98,39.83
27.58,35.34,21.35,23.01,21.55,99.02,57.07,49.98,39.83
27.59,35.34,21.35,23.01,21.55,99.02,57.07,49.98,39.83
27.60,35.34,21.35,23.04,21.58,99.02,57.07,49.98,39.83
27.61,35.41,21.35,23.04,21.55,99.02,56.92,49.98,39.83
27.62,35.41,21.35,23.04,21.55,99.02,56.92,49.98,39.83
27.63,35.34,21.32,23.04,21.58,98.64,56.92,49.98,39.83
27.64,35.34,21.35,23.01,21.58,99.02,57.07,49.98,39.83
27.65,35.41,21.35,23.04,21.58,99.02,57.07,49.98,39.83
27.66,35.48,21.35,23.04,21.55,99.02,57.07,49.98,39.83
27.67,35.41,21.35,23.01,21.58,99.02,57.07,49.87,39.83
27.68,35.41,21.35,23.01,21.55,99.02,57.07,49.98,39.83
27.69,35.41,21.32,23.04,21.58,99.02,56.92,49.98,39.83
27.70,35.41,21.35,23.04,21.58,99.02,56.92,49.98,39.83
27.71,35.48,21.35,23.04,21.55,99.02,57.07,49.98,39.83
27.72,35.41,21.35,23.04,21.58,99.02,57.07,49.98,39.74
27.73,35.41,21.35,23.04,21.58,99.02,57.07,49.98,39.90
27.74,35.41,21.35,23.04,21.55,99.02,57.07,49.98,39.83
27.75,35.41,21.35,23.04,21.58,98.64,57.07,50.10,39.83
27.76,35.41,21.35,23.04,21.55,99.02,57.07,49.98,39.83
27.77,35.48,21.35,23.04,21.58,99.02,57.07,49.98,39.83
27.78,35.41,21.35,23.04,21.55,99.02,57.07,49.98,39.83
27.79,35.34,21.32,23.04,21.55,99.02,57.07,49.98,39.83
27.80,35.48,21.35,23.04,21.58,99.02,57.07,49.98,39.83
27.81,35.48,21.35,23.04,21.55,99.02,57.07,50.10,39.83
27.82,35.41,21.35,23.04,21.58,99.02,57.07,49.98,39.83
27.83,35.41,21.35,23.04,21.58,99.02,57.07,49.98,39.83
27.84,35.41,21.35,23.04,21.58,99.02,56.92,49.98,39.83
27.85,35.41,21.35,23.04,21.58,99.02,57.07,49.98,39.74
27.86,35.41,21.38,23.08,21.55,99.02,57.07,49.98,39.83
27.87,35.48,21.35,23.04,21.55,99.02,57.07,49.98,39.83
27.88,35.41,21.35,23.04,21.55,99.02,57.07,49.98,39.83
27.89,35.41,21.35,23.04,21.58,99.02,57.07,49.98,39.83
27.90,35.48,21.35,23.04,21.58,99.02,57.07,49.98,39.83
27.91,35.41,21.38,23.04,21.58,99.02,57.07,50.10,39.83
27.92,35.48,21.35,23.04,21.55,99.02,57.07,49.98,39.83
27.93,35.41,21.35,23.04,21.55,99.02,57.07,49.98,39.83
27.94,35.41,21.35,23.04,21.55,99.02,57.07,49.98,39.83
27.95,35.48,21.35,23.04,21.58,99.02,57.07,49.98,39.83
27.96,35.48,21.35,23.08,21.58,99.02,57.07,49.98,39.83
27.97,35.41,21.35,23.04,21.58,99.02,57.07,49.98,39.83
27.98,35.48,21.35,23.04,21.58,99.02,56.92,49.98,39.83
27.99,35.34,21.35,23.04,21.58,99.02,57.07,49.98,39.83
28.00,35.48,21.35,23.04,21.58,99.02,57.07,49.98,39.83
28.01,35.48,21.38,23.04,21.55,99.02,57.07,49.98,39.83
28.02,35.41,21.35,23.04,21.55,99.02,57.07,49.98,39.83
28.03,35.41,21.35,23.04,21.55,98.64,57.07,49.98,39.83
28.04,35.48,21.35,23.04,21.58,99.02,57.07,49.87,39.83
28.05,35.41,21.35,23.04,21.55,99.02,57.07,49.98,39.83
28.06,35.48,21.38,23.04,21.55,99.02,57.07,49.98,39.83
28.07,35.34,21.35,23.04,21.58,98.64,57.07,49.98,39.83
28.08,35.34,21.35,23.04,21.58,99.02,57.07,49.98,39.83
28.09,35.41,21.35,23.04,21.55,99.02,57.07,49.98,39.83
28.10,35.41,21.35,23.08,21.55,99.02,57.07,49.98,39.83
28.11,35.48,21.38,23.08,21.55,99.02,57.21,49.98,39.83
28.12,35.41,21.35,23.08,21.58,99.02,57.07,50.10,39.83
28.13,35.48,21.35,23.04,21.58,99.02,57.07,49.98,39.83
28.14,35.48,21.35,23.04,21.58,99.02,56.92,49.98,39.83
28.15,35.41,21.35,23.04,21.58,99.02,57.07,50.10,39.83
28.16,35.48,21.35,23.08,21.55,98.64,57.07,49.98,39.83
28.17,35.48,21.38,23.08,21.58,99.02,56.92,50.10,39.83
28.18,35.48,21.35,23.04,21.58,98.64,56.92,49.98,39.83
28.19,35.41,21.35,23.08,21.58,99.02,57.07,49.98,39.83
28.20,35.41,21.38,23.08,21.62,99.02,57.07,50.10,39.83
28.21,35.48,21.32,23.08,21.55,99.02,57.07,49.98,39.83
28.22,35.34,21.38,23.08,21.55,99.02,57.07,49.98,39.83
28.23,35.41,21.35,23.04,21.58,99.02,57.07,49.98,39.83
28.24,35.41,21.35,23.04,21.58,99.02,56.92,49.98,39.83
28.25,35.48,21.38,23.08,21.58,99.02,57.07,49.98,39.83
28.26,35.48,21.35,23.08,21.58,99.02,57.07,49.98,39.83
28.27,35.48,21.35,23.08,21.58,99.02,57.21,49.98,39.83
28.28,35.48,21.35,23.04,21.58,99.02,57.07,50.10,39.83
28.29,35.41,21.35,23.08,21.55,99.02,57.21,50.10,39.83
28.30,35.48,21.38,23.08,21.58,99.02,57.21,49.98,39.90
28.31,35.48,21.38,23.08,21.58,99.02,56.92,49.98,39.74
28.32,35.48,21.35,23.08,21.58,99.02,57.07,50.10,39.90
28.33,35.48,21.35,23.04,21.55,99.02,57.07,49.98,39.74
28.34,35.41,21.35,23.04,21.58,99.02,57.07,49.98,39.83
28.35,35.54,21.38,23.08,21.58,99.02,57.21,49.98,39.90
28.36,35.48,21.38,23.04,21.55,99.02,57.07,49.98,39.90
28.37,35.48,21.38,23.04,21.55,99.02,57.07,49.98,39.83
28.38,35.41,21.35,23.04,21.55,99.02,56.92,49.98,39.83
28.39,35.41,21.35,23.08,21.58,99.02,57.07,50.10,39.83
28.40,35.48,21.38,23.08,21.55,99.02,57.07,49.98,39.83
28.41,35.48,21.38,23.08,21.58,99.02,57.21,49.98,39.83
28.42,35.48,21.35,23.08,21.55,99.02,57.07,49.98,39.83
28.43,35.48,21.35,23.04,21.55,99.02,56.92,49.98,39.83
28.44,35.41,21.35,23.08,21.55,99.02,57.07,49.98,39.83
28.45,35.54,21.38,23.04,21.58,99.02,57.07,50.10,39.83
28.46,35.48,21.38,23.08,21.58,99.02,57.07,49.98,39.83
28.47,35.41,21.35,23.08,21.58,99.02,57.07,49.98,39.83
28.48,35.48,21.35,23.04,21.55,99.02,57.07,49.98,39.90
28.49,35.41,21.35,23.04,21.58,99.02,57.07,49.98,39.83
28.50,35.48,21.35,23.08,21.58,99.02,57.07,49.98,39.83
28.51,35.48,21.35,23.08,21.58,99.02,57.07,50.10,39.90
28.52,35.48,21.35,23.04,21.58,99.02,57.07,49.98,39.90
28.53,35.48,21.35,23.04,21.58,99.02,57.07,49.98,39.83
28.54,35.41,21.32,23.04,21.58,99.40,57.07,50.10,39.83
28.55,35.54,21.32,23.08,21.58,98.64,57.07,50.21,39.83
28.56,35.48,21.38,23.08,21.58,99.02,57.07,49.98,39.83
28.57,35.48,21.38,23.08,21.58,99.02,57.07,50.10,39.83
28.58,35.48,21.35,23.04,21.58,99.02,56.92,49.87,39.83
28.59,35.48,21.35,23.04,21.58,99.02,56.92,49.98,39.83
28.60,35.48,21.35,23.08,21.55,99.02,57.07,50.10,39.83
28.61,35.48,21.38,23.08,21.58,99.02,57.07,50.10,39.83
28.62,35.41,21.38,23.08,21.58,99.02,57.07,49.98,39.83
28.63,35.48,21.35,23.04,21.58,99.02,57.07,49.98,39.83
28.64,35.41,21.32,23.08,21.58,99.02,57.07,49.98,39.83
28.65,35.48,21.38,23.08,21.58,99.02,57.07,50.10,39.83
28.66,35.48,21.38,23.08,21.58,99.02,56.92,50.10,39.90
28.67,35.54,21.35,23.04,21.58,99.02,57.07,49.98,39.83
28.68,35.48,21.35,23.08,21.55,99.02,57.07,49.98,39.83
28.69,35.48,21.35,23.04,21.58,99.02,57.07,49.98,39.83
28.70,35.48,21.38,23.08,21.58,99.02,57.07,49.98,39.90
28.71,35.48,21.38,23.08,21.58,99.02,57.07,50.10,39.83
28.72,35.48,21.32,23.08,21.55,99.02,56.92,49.98,39.83
28.73,35.41,21.32,23.04,21.58,99.02,57.07,49.98,39.83
28.74,35.48,21.35,23.04,21.58,99.02,57.07,49.98,39.83
28.75,35.48,21.38,23.08,21.58,99.02,57.07,50.10,39.98
28.76,35.48,21.38,23.08,21.58,99.02,57.07,50.10,39.83
28.77,35.48,21.35,23.08,21.55,99.02,57.07,49.98,39.90
28.78,35.48,21.35,23.04,21.58,99.02,57.07,49.98,39.83
28.79,35.48,21.35,23.04,21.58,99.02,57.07,49.98,39.83
28.80,35.48,21.38,23.04,21.58,99.02,57.07,49.98,39.90
28.81,35.48,21.38,23.08,21.55,99.02,57.07,49.98,39.83
28.82,35.41,21.38,23.04,21.58,99.02,57.07,49.98,39.90
28.83,35.48,21.35,23.04,21.55,99.02,57.07,50.10,39.83
28.84,35.41,21.35,23.08,21.58,99.02,57.07,50.10,39.83
28.85,35.41,21.35,23.08,21.58,99.02,57.07,49.98,39.90
28.86,35.41,21.38,23.08,21.58,99.02,57.07,50.10,39.90
28.87,35.48,21.35,23.08,21.55,99.02,57.21,49.87,39.83
28.88,35.48,21.35,23.08,21.58,99.02,56.92,49.98,39.83
28.89,35.48,21.35,23.04,21.58,99.02,56.92,49.98,39.83
28.90,35.48,21.38,23.08,21.58,99.02,57.07,49.98,39.90
28.91,35.48,21.38,23.08,21.55,99.02,56.92,49.98,39.83
28.92,35.48,21.38,23.04,21.58,99.02,57.07,49.98,39.83
28.93,35.48,21.35,23.08,21.55,99.02,56.92,50.10,39.83
28.94,35.48,21.35,23.04,21.55,99.02,56.92,49.98,39.83
28.95,35.48,21.35,23.08,21.58,99.02,57.07,49.98,39.83
28.96,35.48,21.35,23.08,21.55,99.02,56.92,49.98,39.83
28.97,35.41,21.38,23.08,21.58,99.02,57.07,50.10,39.83
28.98,35.41,21.35,23.04,21.58,99.02,57.07,49.98,39.83
28.99,35.48,21.35,23.08,21.58,99.02,57.07,49.98,39.83
29.00,35.48,21.38,23.08,21.58,99.02,57.07,50.10,39.90
29.01,35.48,21.38,23.08,21.58,99.02,57.07,49.98,39.83
29.02,35.48,21.38,23.08,21.58,99.02,57.07,49.98,39.74
29.03,35.41,21.35,23.04,21.58,99.02,57.07,49.98,39.83
29.04,35.48,21.35,23.08,21.58,99.02,57.07,50.10,39.83
29.05,35.48,21.38,23.08,21.58,99.02,57.07,49.98,39.83
29.06,35.48,21.35,23.08,21.58,99.02,57.07,50.10,39.83
29.07,35.41,21.38,23.08,21.58,99.02,57.07,49.98,39.83
29.08,35.48,21.35,23.08,21.58,99.02,57.07,49.98,39.83
29.09,35.48,21.35,23.08,21.58,99.02,57.07,49.98,39.90
29.10,35.41,21.35,23.08,21.58,99.02,57.07,49.98,39.83
29.11,35.48,21.38,23.08,21.58,99.02,57.07,49.98,39.90
29.12,35.48,21.35,23.04,21.58,99.02,57.07,50.10,39.90
29.13,35.34,21.35,23.08,21.58,99.02,57.07,50.10,39.83
29.14,35.48,21.38,23.08,21.58,99.02,57.07,50.10,39.83
29.15,35.48,21.35,23.08,21.58,99.02,57.07,50.10,39.90
29.16,35.48,21.38,23.08,21.58,99.02,57.07,49.98,39.90
29.17,35.48,21.35,23.08,21.58,99.02,57.07,49.98,39.83
29.18,35.48,21.35,23.04,21.58,99.02,57.07,49.98,39.83
29.19,35.48,21.35,23.04,21.58,99.02,57.07,49.98,39.90
29.20,35.41,21.35,23.08,21.55,99.40,56.92,50.10,39.90
29.21,35.54,21.38,23.08,21.58,99.02,57.07,50.10,39.90
29.22,35.48,21.35,23.08,21.55,99.02,57.07,49.98,39.90
29.23,35.41,21.35,23.04,21.58,99.02,57.07,49.98,39.83
29.24,35.48,21.35,23.04,21.58,99.02,57.07,49.98,39.83
29.25,35.48,21.35,23.08,21.58,99.02,57.07,49.98,39.90
29.26,35.48,21.35,23.08,21.58,99.02,57.07,49.98,39.90
29.27,35.48,21.35,23.04,21.55,99.02,56.92,49.98,39.83
29.28,35.41,21.32,23.04,21.55,99.02,56.92,50.10,39.83
29.29,35.48,21.35,23.08,21.58,99.02,56.78,49.98,39.83
29.30,35.48,21.35,23.08,21.58,99.02,57.07,50.10,39.90
29.31,35.48,21.35,23.08,21.58,99.02,57.07,50.10,39.90
29.32,35.48,21.35,23.04,21.55,99.02,56.92,49.98,39.83
29.33,35.48,21.32,23.08,21.58,99.02,56.92,49.98,39.83
29.34,35.48,21.32,23.08,21.58,99.02,56.92,49.98,39.83
29.35,35.48,21.35,23.08,21.55,99.02,56.92,49.98,39.83
29.36,35.48,21.38,23.08,21.55,99.02,57.07,49.98,39.90
29.37,35.48,21.35,23.08,21.55,99.02,57.07,50.10,39.83
29.38,35.48,21.35,23.08,21.55,99.02,56.92,49.98,39.83
29.39,35.48,21.35,23.04,21.58,99.02,57.07,50.10,39.83
29.40,35.48,21.35,23.08,21.58,99.02,57.07,49.98,39.83
29.41,35.48,21.35,23.08,21.55,99.02,57.07,49.98,39.83
29.42,35.48,21.35,23.08,21.55,99.02,56.92,49.98,39.83
29.43,35.48,21.32,23.04,21.55,99.02,56.92,50.10,39.90
29.44,35.41,21.35,23.08,21.58,99.02,57.07,49.98,39.90
29.45,35.48,21.32,23.08,21.58,99.02,56.92,49.98,39.83
29.46,35.48,21.38,23.08,21.62,99.02,57.07,49.98,39.90
29.47,35.48,21.35,23.04,21.58,99.02,57.07,49.98,39.83
29.48,35.48,21.35,23.04,21.58,99.02,56.92,49.98,39.83
29.49,35.48,21.32,23.04,21.55,99.02,56.92,49.98,39.83
29.50,35.48,21.35,23.04,21.58,99.02,57.07,49.98,39.83
29.51,35.48,21.35,23.08,21.58,99.02,57.07,50.10,39.83
29.52,35.48,21.35,23.08,21.55,99.02,56.92,50.10,39.90
29.53,35.41,21.35,23.04,21.58,99.02,57.07,50.10,39.83
29.54,35.48,21.35,23.08,21.58,99.02,57.21,49.98,39.90
29.55,35.48,21.35,23.08,21.55,99.02,56.92,50.10,39.83
29.56,35.48,21.35,23.08,21.58,99.02,57.21,50.10,39.90
29.57,35.48,21.35,23.08,21.58,99.02,57.07,50.10,39.74
29.58,35.41,21.35,23.04,21.58,99.02,57.07,49.98,39.90
29.59,35.41,21.35,23.08,21.58,99.02,57.07,49.98,39.90
29.60,35.48,21.35,23.08,21.58,99.02,56.92,50.10,39.90
29.61,35.41,21.38,23.08,21.58,99.02,57.07,49.98,39.83
29.62,35.48,21.35,23.08,21.58,99.02,57.07,49.98,39.90
29.63,35.48,21.35,23.04,21.58,99.02,57.07,49.98,39.83
29.64,35.41,21.32,23.04,21.58,99.40,56.92,50.10,39.83
29.65,35.48,21.35,23.08,21.55,99.40,57.07,50.10,39.90
29.66,35.48,21.38,23.08,21.58,99.02,57.07,49.98,39.90
29.67,35.54,21.35,23.04,21.58,99.02,56.92,49.98,39.90
29.68,35.41,21.32,23.04,21.55,99.02,57.07,49.98,39.83
29.69,35.48,21.35,23.08,21.58,99.02,56.92,49.98,39.90
29.70,35.48,21.35,23.08,21.58,99.02,56.92,50.10,39.83
29.71,35.41,21.35,23.08,21.58,99.02,56.92,50.10,39.83
29.72,35.41,21.35,23.04,21.55,99.02,57.07,49.98,39.83
29.73,35.41,21.32,23.08,21.58,99.02,57.07,49.98,39.83
29.74,35.48,21.35,23.04,21.58,99.02,57.07,50.10,39.90
29.75,35.48,21.35,23.04,21.58,99.02,57.07,50.10,39.83
29.76,35.48,21.38,23.08,21.58,99.02,57.07,50.10,39.90
29.77,35.41,21.35,23.08,21.58,99.02,57.07,49.98,39.83
29.78,35.48,21.35,23.04,21.58,99.02,57.07,49.98,39.83
29.79,35.48,21.35,23.04,21.58,98.64,57.07,50.10,39.83
29.80,35.48,21.38,23.08,21.58,99.02,57.07,49.98,39.83
29.81,35.48,21.35,23.04,21.58,99.02,57.07,50.10,39.83
29.82,35.41,21.35,23.08,21.58,99.02,57.07,49.87,39.83
29.83,35.41,21.35,23.08,21.58,99.02,56.92,49.98,39.90
29.84,35.48,21.35,23.04,21.58,99.02,57.07,49.98,39.90
29.85,35.48,21.35,23.04,21.58,99.02,57.07,50.10,39.90
29.86,35.48,21.35,23.08,21.58,99.02,57.07,49.98,39.83
29.87,35.48,21.35,23.04,21.58,99.02,57.07,49.98,39.83
29.88,35.41,21.35,23.04,21.58,99.02,56.92,49.98,39.83
29.89,35.48,21.35,23.04,21.58,99.02,56.92,49.98,39.83
29.90,35.48,21.35,23.08,21.58,99.40,56.92,50.10,39.90
29.91,35.48,21.35,23.08,21.58,99.02,57.07,49.98,39.83
29.92,35.41,21.35,23.04,21.55,99.02,56.92,49.98,39.83
29.93,35.41,21.32,23.08,21.58,99.02,56.92,49.98,39.83
29.94,35.41,21.32,23.08,21.58,99.02,56.92,49.98,39.83
29.95,35.48,21.35,23.04,21.58,99.02,57.07,49.98,39.90
29.96,35.48,21.35,23.08,21.58,99.02,57.07,49.98,39.90
29.97,35.48,21.32,23.08,21.58,99.02,57.07,49.98,39.90
29.98,35.34,21.32,23.04,21.58,99.02,56.92,49.98,39.90
29.99,35.41,21.35,23.04,21.58,99.02,57.07,50.10,39.90
30.00,35.41,21.35,23.04,21.58,99.02,56.92,49.98,39.90
30.01,35.48,21.35,23.08,21.55,99.02,56.92,49.98,39.90
30.02,35.48,21.35,23.04,21.58,99.02,57.07,50.10,39.90
30.03,35.48,21.35,23.04,21.58,98.64,56.92,49.98,39.83
30.04,35.41,21.32,23.04,21.58,99.02,56.92,49.98,39.83
30.05,35.48,21.35,23.08,21.58,99.02,57.07,50.10,39.90
30.06,35.48,21.35,23.08,21.58,99.02,57.07,49.98,39.83
30.07,35.48,21.35,23.08,21.55,99.02,56.92,49.98,39.83
30.08,35.41,21.32,23.04,21.58,99.02,56.92,49.98,39.83
30.09,35.41,21.32,23.04,21.58,99.02,56.92,49.98,39.83
30.10,35.41,21.35,23.08,21.58,99.02,56.92,50.10,39.90
30.11,35.48,21.32,23.04,21.58,99.02,56.92,49.98,39.83
30.12,35.41,21.32,23.08,21.58,99.02,56.92,49.98,39.83
30.13,35.41,21.32,23.04,21.58,99.02,56.92,49.98,39.83
30.14,35.41,21.35,23.04,21.55,99.02,57.07,49.98,39.83
30.15,35.41,21.32,23.08,21.58,99.02,56.92,49.98,39.83
30.16,35.41,21.35,23.04,21.58,99.02,57.07,49.98,39.83
30.17,35.41,21.32,23.04,21.58,99.02,56.92,49.98,39.90
30.18,35.41,21.32,23.04,21.55,99.02,56.92,49.98,39.83
30.19,35.41,21.32,23.04,21.58,99.02,56.92,49.98,39.83
30.20,35.48,21.29,23.08,21.55,99.02,57.07,49.98,39.90
30.21,35.41,21.29,23.08,21.55,99.02,56.92,49.98,39.90
30.22,35.48,21.35,23.04,21.55,99.02,56.92,49.98,39.83
30.23,35.41,21.32,23.04,21.58,98.64,56.92,49.98,39.90
30.24,35.41,21.32,23.04,21.58,99.02,56.92,49.98,39.83
30.25,35.48,21.35,23.08,21.58,99.02,57.07,49.98,39.83
30.26,35.48,21.35,23.08,21.55,99.02,57.07,49.98,39.90
30.27,35.41,21.32,23.08,21.58,99.02,56.92,49.98,39.83
30.28,35.41,21.32,23.04,21.58,99.02,56.92,49.98,39.83
30.29,35.41,21.35,23.04,21.55,99.02,56.92,49.98,39.83
30.30,35.41,21.35,23.08,21.58,99.40,56.92,49.98,39.83
30.31,35.48,21.32,23.04,21.55,99.02,56.92,49.98,39.83
30.32,35.41,21.29,23.08,21.58,99.02,56.92,49.98,39.83
30.33,35.48,21.29,23.04,21.58,99.02,56.92,49.98,39.90
30.34,35.48,21.32,23.04,21.58,99.02,56.92,49.98,39.83
30.35,35.48,21.35,23.08,21.58,99.02,57.07,49.98,39.90
30.36,35.48,21.35,23.08,21.55,99.02,56.92,50.10,39.90
30.37,35.41,21.32,23.04,21.58,99.02,57.07,49.98,39.83
30.38,35.41,21.35,23.04,21.55,99.02,56.92,49.98,39.90
30.39,35.48,21.32,23.04,21.58,99.02,56.92,49.98,39.90
30.40,35.41,21.32,23.04,21.58,99.02,56.92,49.98,39.90
30.41,35.48,21.35,23.08,21.58,99.02,56.92,49.98,39.90
30.42,35.41,21.35,23.04,21.55,99.02,56.92,49.98,39.90
30.43,35.41,21.32,23.04,21.58,99.02,56.92,49.98,39.90
30.44,35.41,21.32,23.04,21.58,99.02,56.92,49.98,39.83
30.45,35.48,21.35,23.04,21.58,99.02,56.92,49.98,39.90
30.46,35.48,21.35,23.08,21.55,99.02,56.92,49.98,39.90
30.47,35.41,21.32,23.04,21.58,99.02,57.07,49.98,39.83
30.48,35.41,21.32,23.04,21.55,99.02,56.92,49.98,39.83
30.49,35.41,21.32,23.04,21.58,99.02,56.92,49.98,39.83
30.50,35.48,21.35,23.08,21.55,99.02,57.07,50.10,39.83
30.51,35.48,21.35,23.04,21.55,99.02,56.92,49.98,39.90
30.52,35.41,21.32,23.04,21.55,99.02,56.92,49.98,39.90
30.53,35.41,21.32,23.04,21.58,99.02,56.92,49.98,39.83
30.54,35.48,21.35,23.04,21.55,99.02,56.92,49.98,39.90
30.55,35.48,21.32,23.08,21.58,99.02,56.92,49.98,39.83
30.56,35.48,21.35,23.08,21.58,99.02,56.92,50.10,39.90
30.57,35.48,21.32,23.04,21.58,99.02,56.92,49.98,39.90
30.58,35.34,21.32,23.04,21.55,99.02,56.92,49.98,39.83
30.59,35.41,21.35,23.04,21.55,99.02,56.92,49.98,39.90
30.60,35.41,21.35,23.04,21.58,99.02,56.92,49.98,39.90
30.61,35.48,21.32,23.08,21.58,99.02,57.07,49.98,39.90
30.62,35.41,21.32,23.04,21.58,99.02,56.92,49.98,39.83
30.63,35.48,21.35,23.04,21.58,99.02,57.07,49.98,39.90
30.64,35.48,21.35,23.04,21.58,99.02,56.92,49.98,39.90
30.65,35.48,21.35,23.04,21.55,99.02,56.92,49.98,39.83
30.66,35.48,21.32,23.08,21.58,99.02,56.92,50.10,39.83
30.67,35.41,21.35,23.04,21.55,99.02,57.07,49.98,39.90
30.68,35.41,21.35,23.04,21.58,99.02,57.07,49.98,39.83
30.69,35.41,21.29,23.04,21.58,99.02,56.92,50.10,39.83
30.70,35.41,21.35,23.04,21.58,99.02,56.92,49.98,39.90
30.71,35.48,21.32,23.04,21.58,99.02,57.07,49.98,39.83
30.72,35.41,21.35,23.04,21.55,99.02,56.92,49.98,39.90
30.73,35.41,21.35,23.04,21.58,99.02,57.07,49.98,39.90
30.74,35.41,21.35,23.04,21.55,99.02,57.07,49.98,39.83
30.75,35.41,21.32,23.08,21.58,99.02,57.07,49.98,39.90
30.76,35.48,21.35,23.08,21.58,99.02,56.92,49.98,39.83
30.77,35.48,21.35,23.04,21.58,99.02,57.07,49.98,39.83
30.78,35.34,21.32,23.04,21.55,99.02,57.07,49.98,39.90
30.79,35.41,21.35,23.04,21.58,99.02,56.92,49.98,39.90
30.80,35.48,21.35,23.08,21.58,99.02,57.21,50.10,39.90
30.81,35.41,21.35,23.08,21.58,99.02,56.78,49.98,39.83
30.82,35.48,21.32,23.04,21.58,99.02,56.92,49.98,39.83
30.83,35.41,21.32,23.04,21.55,99.02,56.92,49.98,39.90
30.84,35.48,21.35,23.04,21.58,99.02,56.92,49.98,39.90
30.85,35.48,21.35,23.08,21.58,99.02,56.92,50.10,39.83
30.86,35.48,21.35,23.08,21.55,99.02,56.92,49.98,39.90
30.87,35.41,21.32,23.08,21.58,99.02,57.07,49.98,39.90
30.88,35.41,21.32,23.04,21.58,99.02,56.92,49.98,39.83
30.89,35.41,21.32,23.04,21.58,99.02,56.92,49.98,39.90
30.90,35.48,21.35,23.04,21.58,99.02,56.92,49.98,39.90
30.91,35.48,21.35,23.04,21.58,99.02,57.07,49.98,39.90
30.92,35.34,21.32,23.04,21.58,99.02,57.07,49.98,39.90
30.93,35.48,21.35,23.04,21.58,99.02,57.07,49.98,39.83
30.94,35.34,21.32,23.04,21.55,99.02,56.92,49.98,39.90
30.95,35.41,21.35,23.08,21.58,99.02,56.92,50.10,39.90
30.96,35.41,21.35,23.04,21.58,99.02,57.07,49.98,39.90
30.97,35.28,21.32,23.08,21.58,99.02,56.92,49.98,39.90
30.98,35.41,21.35,23.01,21.58,99.02,56.92,49.98,39.83
30.99,35.41,21.35,23.08,21.58,99.02,57.07,49.98,39.90
31.00,35.48,21.35,23.08,21.58,99.40,57.07,49.98,39.83
31.01,35.41,21.38,23.08,21.55,99.02,56.92,49.98,39.90
31.02,35.48,21.35,23.04,21.58,99.02,56.92,50.10,39.90
31.03,35.48,21.32,23.08,21.58,99.02,57.07,50.10,39.90
31.04,35.41,21.35,23.08,21.58,99.02,56.92,49.98,39.90
31.05,35.48,21.35,23.08,21.58,99.40,57.07,50.10,39.90
31.06,35.41,21.35,23.08,21.58,99.02,57.07,49.87,39.90
31.07,35.48,21.32,23.08,21.58,99.02,57.07,50.10,39.90
31.08,35.41,21.35,23.04,21.58,99.02,56.92,49.98,39.90
31.09,35.41,21.32,23.08,21.58,99.02,57.07,49.98,39.90
31.10,35.48,21.32,23.08,21.58,99.02,56.92,49.98,39.90
31.11,35.48,21.35,23.08,21.58,99.02,57.07,49.98,39.90
31.12,35.41,21.35,23.04,21.58,99.02,57.07,49.98,39.83
31.13,35.41,21.35,23.08,21.58,99.02,57.07,49.98,39.90
31.14,35.48,21.29,23.08,21.55,99.02,56.92,49.98,39.90
31.15,35.41,21.35,23.08,21.58,99.02,57.07,50.10,39.90
31.16,35.48,21.35,23.08,21.58,99.02,57.07,49.98,39.90
31.17,35.41,21.32,23.04,21.58,99.02,57.07,49.98,39.90
31.18,35.48,21.35,23.04,21.58,99.02,56.92,49.98,39.90
31.19,35.48,21.35,23.08,21.58,99.02,57.07,49.98,39.90
31.20,35.48,21.35,23.08,21.58,99.40,56.92,50.10,39.90
31.21,35.48,21.35,23.08,21.58,99.02,57.07,49.98,39.90
31.22,35.41,21.35,23.08,21.58,99.02,57.07,50.10,39.90
31.23,35.48,21.35,23.04,21.58,99.02,57.07,49.98,39.90
31.24,35.48,21.35,23.08,21.58,99.02,57.07,49.98,39.83
31.25,35.48,21.35,23.08,21.58,99.40,57.07,50.10,39.90
31.26,35.48,21.35,23.08,21.55,99.02,56.92,50.10,39.90
31.27,35.48,21.32,23.08,21.58,99.02,56.92,49.98,39.90
31.28,35.48,21.35,23.08,21.58,99.02,56.92,49.98,39.90
31.29,35.41,21.35,23.08,21.58,99.02,57.07,50.10,39.90
31.30,35.54,21.38,23.08,21.58,99.40,57.07,50.10,39.83
31.31,35.48,21.35,23.08,21.58,99.02,57.07,50.10,39.90
31.32,35.48,21.35,23.08,21.58,99.02,57.07,50.10,39.83
31.33,35.41,21.35,23.08,21.58,99.02,57.07,50.10,39.90
31.34,35.48,21.35,23.08,21.58,99.02,57.07,49.98,39.90
31.35,35.48,21.38,23.08,21.58,99.02,56.92,50.10,39.90
31.36,35.41,21.35,23.08,21.58,99.02,57.07,49.98,39.83
31.37,35.41,21.35,23.08,21.58,99.02,57.07,49.98,39.90
31.38,35.48,21.35,23.08,21.58,99.02,57.07,49.98,39.90
31.39,35.48,21.35,23.08,21.58,99.02,57.07,49.98,39.90
31.40,35.48,21.38,23.08,21.58,99.02,57.07,50.10,39.90
31.41,35.48,21.35,23.08,21.58,99.02,57.07,50.10,39.90
31.42,35.41,21.35,23.08,21.58,99.02,57.07,49.98,39.90
31.43,35.48,21.35,23.08,21.58,99.02,57.07,50.10,39.90
31.44,35.41,21.35,23.08,21.58,99.02,57.07,50.10,39.90
31.45,35.48,21.35,23.11,21.58,99.02,57.07,49.98,39.90
31.46,35.48,21.35,23.08,21.58,99.02,57.21,50.10,39.90
31.47,35.48,21.35,23.08,21.58,99.02,57.07,50.10,39.90
31.48,35.48,21.35,23.08,21.58,99.02,57.07,50.10,39.90
31.49,35.48,21.35,23.08,21.58,98.64,57.07,49.98,39.90
31.50,35.54,21.38,23.08,21.58,99.02,57.07,50.10,39.90
31.51,35.48,21.38,23.08,21.58,99.02,57.07,49.98,39.90
31.52,35.48,21.35,23.08,21.58,99.02,57.07,50.10,39.90
31.53,35.41,21.35,23.08,21.58,99.02,57.07,50.10,39.90
31.54,35.48,21.35,23.08,21.58,99.02,57.07,49.98,39.90
31.55,35.54,21.35,23.11,21.58,99.02,57.07,50.10,39.90
31.56,35.48,21.35,23.11,21.58,99.40,57.07,49.98,39.90
31.57,35.41,21.35,23.08,21.58,99.02,57.07,49.98,39.90
31.58,35.48,21.35,23.08,21.58,99.02,57.07,50.10,39.90
31.59,35.48,21.35,23.08,21.58,99.02,57.07,50.10,39.90
31.60,35.48,21.38,23.08,21.58,99.02,57.07,49.98,39.83
31.61,35.48,21.35,23.11,21.58,99.02,57.07,49.98,39.90
31.62,35.54,21.38,23.08,21.58,99.02,57.07,49.98,39.90
31.63,35.48,21.35,23.08,21.58,99.02,57.07,50.10,39.90
31.64,35.54,21.38,23.08,21.58,99.40,57.07,50.10,39.90
31.65,35.54,21.38,23.08,21.58,99.02,57.07,50.10,39.90
31.66,35.48,21.35,23.11,21.58,99.02,57.07,50.10,39.90
31.67,35.41,21.35,23.08,21.58,99.02,57.07,50.10,39.90
31.68,35.48,21.35,23.08,21.58,99.02,57.07,50.10,39.83
31.69,35.41,21.38,23.11,21.58,99.02,57.07,50.10,39.90
31.70,35.48,21.41,23.11,21.58,99.02,57.07,50.10,39.90
31.71,35.48,21.38,23.08,21.58,99.02,57.21,50.10,39.90
31.72,35.41,21.35,23.08,21.58,99.40,56.92,50.10,39.90
31.73,35.41,21.35,23.08,21.58,99.02,57.07,50.10,39.90
31.74,35.48,21.35,23.08,21.58,99.02,57.07,50.10,39.90
31.75,35.54,21.38,23.11,21.58,99.02,57.07,50.10,39.90
31.76,35.48,21.38,23.08,21.58,99.02,57.07,50.10,39.90
31.77,35.54,21.35,23.08,21.58,99.02,57.07,49.98,39.90
31.78,35.48,21.35,23.08,21.58,99.02,57.07,49.98,39.90
31.79,35.41,21.35,23.08,21.58,99.40,57.07,50.10,39.90
31.80,35.48,21.38,23.11,21.58,99.40,57.07,50.10,39.90
31.81,35.48,21.35,23.11,21.58,99.40,57.07,50.10,39.90
31.82,35.48,21.35,23.08,21.58,99.40,56.92,50.10,39.90
31.83,35.48,21.35,23.08,21.58,99.02,57.07,50.10,39.90
31.84,35.48,21.35,23.08,21.58,99.40,57.07,50.10,39.90
31.85,35.54,21.35,23.08,21.58,99.02,57.21,50.10,39.90
31.86,35.54,21.35,23.11,21.55,99.02,57.07,49.98,39.90
31.87,35.48,21.35,23.08,21.58,99.02,57.07,50.10,39.83
31.88,35.41,21.35,23.08,21.58,99.02,57.07,49.98,39.90
31.89,35.48,21.35,23.08,21.58,99.02,57.07,50.10,39.90
31.90,35.48,21.38,23.11,21.58,99.02,57.07,50.10,39.90
31.91,35.54,21.38,23.08,21.58,99.02,57.07,50.10,39.90
31.92,35.48,21.35,23.11,21.58,99.02,57.07,49.98,39.90
31.93,35.48,21.35,23.08,21.55,99.02,57.07,49.98,39.90
31.94,35.48,21.35,23.08,21.58,99.02,57.07,50.10,39.90
31.95,35.54,21.38,23.08,21.58,99.02,57.07,50.10,39.90
31.96,35.54,21.38,23.11,21.58,99.02,57.07,50.10,39.90
31.97,35.48,21.35,23.08,21.55,99.02,57.21,50.10,39.90
31.98,35.48,21.35,23.08,21.55,99.02,57.07,49.98,39.83
31.99,35.48,21.35,23.11,21.58,99.02,56.92,50.10,39.90
32.00,35.54,21.35,23.11,21.55,99.40,57.07,50.10,39.83
32.01,35.48,21.38,23.11,21.58,99.02,56.92,50.10,39.90
32.02,35.48,21.35,23.08,21.58,99.02,57.07,50.10,39.90
32.03,35.48,21.35,23.08,21.58,99.40,57.07,49.98,39.90
32.04,35.41,21.35,23.08,21.58,99.02,57.21,50.10,39.98
32.05,35.48,21.38,23.08,21.58,99.40,56.92,50.10,39.83
32.06,35.48,21.38,23.11,21.58,99.40,56.92,50.10,39.98
32.07,35.48,21.35,23.08,21.58,99.02,57.07,50.10,39.83
32.08,35.48,21.35,23.08,21.58,99.02,57.07,49.98,39.90
32.09,35.48,21.35,23.11,21.58,99.40,57.07,50.10,39.90
32.10,35.54,21.38,23.08,21.58,99.40,57.07,50.10,39.90
32.11,35.48,21.38,23.11,21.58,99.40,57.07,50.10,39.90
32.12,35.48,21.35,23.08,21.58,99.40,57.07,50.10,39.90
32.13,35.48,21.35,23.08,21.58,99.02,57.07,50.10,39.90
32.14,35.48,21.35,23.11,21.55,99.02,56.92,50.10,39.83
32.15,35.48,21.38,23.11,21.58,99.40,57.07,50.10,39.90
32.16,35.48,21.35,23.11,21.58,99.40,57.07,50.10,39.90
32.17,35.41,21.35,23.08,21.58,99.02,57.07,49.98,39.90
32.18,35.41,21.35,23.11,21.58,99.40,57.07,50.10,39.90
32.19,35.48,21.35,23.11,21.58,99.02,57.07,50.10,39.90
32.20,35.48,21.38,23.08,21.58,99.40,57.07,50.10,39.90
32.21,35.48,21.35,23.11,21.58,99.02,56.92,50.10,39.90
32.22,35.48,21.38,23.08,21.58,99.02,57.07,50.10,39.90
32.23,35.48,21.35,23.08,21.58,99.02,57.07,50.10,39.90
32.24,35.48,21.35,23.08,21.58,99.02,56.92,50.10,39.90
32.25,35.54,21.35,23.11,21.58,99.40,57.07,50.10,39.90
32.26,35.48,21.38,23.11,21.58,99.40,57.07,50.10,39.90
32.27,35.48,21.32,23.08,21.58,99.02,57.07,50.10,39.83
32.28,35.48,21.35,23.08,21.58,99.40,57.07,49.98,39.90
32.29,35.41,21.35,23.11,21.58,99.02,57.07,50.10,39.90
32.30,35.54,21.38,23.11,21.58,99.40,57.07,49.98,39.90
32.31,35.48,21.38,23.11,21.58,99.79,57.21,50.10,39.90
32.32,35.48,21.35,23.08,21.58,99.40,57.07,49.98,39.90
32.33,35.48,21.35,23.08,21.58,99.02,57.07,50.21,39.90
32.34,35.41,21.35,23.11,21.58,99.40,57.07,50.10,39.90
32.35,35.48,21.38,23.11,21.58,99.40,57.07,50.10,39.90
32.36,35.54,21.38,23.11,21.58,99.40,57.21,50.10,39.90
32.37,35.48,21.35,23.08,21.62,99.40,57.07,50.10,39.90
32.38,35.48,21.35,23.11,21.58,99.02,57.07,50.10,39.90
32.39,35.48,21.35,23.11,21.58,99.40,57.07,50.10,39.90
32.40,35.48,21.38,23.11,21.58,99.40,57.07,50.10,39.90
32.41,35.54,21.35,23.11,21.58,99.02,57.07,50.10,39.90
32.42,35.41,21.38,23.11,21.58,99.02,57.07,49.98,39.90
32.43,35.48,21.35,23.08,21.58,99.40,57.07,49.98,39.90
32.44,35.48,21.35,23.11,21.58,99.02,57.07,50.10,39.90
32.45,35.54,21.38,23.11,21.58,99.40,57.07,50.10,39.90
32.46,35.48,21.38,23.11,21.58,99.40,57.07,50.10,39.90
32.47,35.48,21.35,23.11,21.58,99.02,57.07,50.10,39.90
32.48,35.41,21.35,23.11,21.58,99.02,57.07,50.10,39.90
32.49,35.48,21.35,23.08,21.58,99.02,57.07,50.10,39.90
32.50,35.48,21.38,23.11,21.58,99.02,57.21,50.10,39.90
32.51,35.54,21.38,23.11,21.55,99.02,56.92,50.10,39.90
32.52,35.41,21.35,23.08,21.58,99.02,57.21,50.10,39.90
32.53,35.48,21.35,23.11,21.58,99.02,57.07,50.10,39.90
32.54,35.48,21.38,23.11,21.58,99.40,57.07,50.10,39.90
32.55,35.54,21.35,23.11,21.58,99.40,57.07,50.10,39.90
32.56,35.48,21.38,23.11,21.58,99.40,57.07,50.21,39.90
32.57,35.48,21.38,23.08,21.58,99.02,57.07,49.98,39.90
32.58,35.54,21.35,23.08,21.55,99.40,57.07,50.10,39.90
32.59,35.48,21.38,23.11,21.55,99.40,57.07,50.10,39.90
32.60,35.48,21.38,23.11,21.58,99.02,57.07,50.10,39.90
32.61,35.54,21.38,23.11,21.55,99.02,57.21,50.10,39.98
32.62,35.48,21.35,23.11,21.58,99.40,57.07,50.10,39.90
32.63,35.54,21.35,23.11,21.58,99.40,57.07,50.10,39.90
32.64,35.54,21.35,23.11,21.58,99.40,57.07,50.10,39.90
32.65,35.48,21.35,23.11,21.58,99.40,57.07,50.10,39.90
32.66,35.48,21.35,23.11,21.58,99.40,57.07,50.10,39.90
32.67,35.48,21.35,23.08,21.58,99.40,57.07,50.10,39.90
32.68,35.48,21.38,23.08,21.58,99.40,57.07,50.10,39.90
32.69,35.54,21.38,23.11,21.58,99.40,57.07,50.10,39.90
32.70,35.54,21.38,23.11,21.58,99.40,57.07,50.10,39.90
32.71,35.48,21.35,23.11,21.58,99.40,57.07,50.10,39.90
32.72,35.41,21.35,23.08,21.58,99.40,57.07,50.10,39.90
32.73,35.48,21.38,23.11,21.58,99.40,57.07,50.10,39.90
32.74,35.48,21.38,23.11,21.58,99.40,57.07,50.10,39.90
32.75,35.48,21.38,23.11,21.58,99.40,57.07,50.10,39.90
32.76,35.48,21.35,23.11,21.58,99.40,57.07,50.10,39.90
32.77,35.54,21.35,23.08,21.58,99.02,57.07,50.10,39.90
32.78,35.41,21.35,23.11,21.58,99.02,56.92,50.10,39.90
32.79,35.54,21.38,23.11,21.58,99.02,57.07,50.10,39.90
32.80,35.48,21.38,23.11,21.58,99.40,57.07,50.10,39.90
32.81,35.48,21.38,23.11,21.58,99.40,57.07,50.10,39.90
32.82,35.54,21.35,23.11,21.58,99.02,57.07,50.10,39.90
32.83,35.41,21.35,23.11,21.58,99.40,57.07,50.10,39.90
32.84,35.48,21.38,23.11,21.58,99.40,57.07,50.10,39.90
32.85,35.48,21.35,23.11,21.58,99.40,57.07,50.10,39.90
32.86,35.48,21.35,23.11,21.58,99.02,57.07,50.10,39.90
32.87,35.54,21.35,23.08,21.58,99.02,57.07,50.10,39.83
32.88,35.48,21.35,23.11,21.58,99.02,57.07,50.10,39.90
32.89,35.48,21.35,23.11,21.58,99.40,57.07,50.10,39.90
32.90,35.54,21.38,23.11,21.58,99.40,57.21,50.10,39.90
32.91,35.54,21.35,23.11,21.58,99.40,57.07,50.10,39.90
32.92,35.48,21.35,23.08,21.58,99.02,57.07,50.10,39.90
32.93,35.48,21.35,23.11,21.58,99.40,57.07,50.10,39.90
32.94,35.48,21.35,23.11,21.58,99.02,57.07,50.10,39.90
32.95,35.54,21.38,23.11,21.58,99.40,57.07,50.10,39.90
32.96,35.48,21.38,23.11,21.58,99.40,57.07,50.10,39.90
32.97,35.48,21.35,23.08,21.58,99.02,57.07,49.98,39.98
32.98,35.48,21.35,23.11,21.58,99.40,56.92,50.10,39.90
32.99,35.54,21.35,23.11,21.58,99.40,57.07,50.10,39.90
33.00,35.48,21.38,23.11,21.58,99.40,57.21,50.10,39.90
33.01,35.54,21.38,23.11,21.58,99.02,57.07,50.10,39.90
33.02,35.54,21.38,23.11,21.58,99.40,57.07,50.10,39.90
33.03,35.54,21.35,23.11,21.58,99.40,57.07,50.10,39.90
33.04,35.54,21.35,23.11,21.58,99.40,57.07,50.10,39.90
33.05,35.54,21.38,23.11,21.58,99.40,57.07,50.10,39.90
33.06,35.48,21.35,23.11,21.58,99.40,56.92,50.10,39.90
33.07,35.48,21.38,23.11,21.58,99.02,57.07,50.10,39.90
33.08,35.41,21.35,23.11,21.58,99.40,57.07,50.10,39.83
33.09,35.48,21.35,23.11,21.55,99.40,57.21,50.10,39.90
33.10,35.54,21.38,23.11,21.58,99.40,57.07,50.10,39.90
33.11,35.48,21.38,23.11,21.58,99.40,57.07,50.10,39.90
33.12,35.48,21.35,23.11,21.55,99.02,57.07,50.10,39.90
33.13,35.48,21.35,23.11,21.58,99.02,57.07,50.10,39.90
33.14,35.48,21.35,23.11,21.58,99.40,57.07,50.21,39.90
33.15,35.54,21.38,23.15,21.55,99.40,56.92,50.21,39.90
33.16,35.54,21.35,23.11,21.55,99.40,56.92,50.10,39.90
33.17,35.48,21.35,23.11,21.58,99.40,57.07,50.10,39.90
33.18,35.48,21.35,23.11,21.58,99.02,57.07,50.10,39.90
33.19,35.48,21.38,23.11,21.58,99.40,57.07,50.10,39.83
33.20,35.54,21.38,23.11,21.58,99.40,57.07,50.10,39.90
33.21,35.54,21.32,23.11,21.55,99.40,57.07,50.10,39.90
33.22,35.48,21.38,23.11,21.58,99.02,57.07,50.10,39.98
33.23,35.41,21.32,23.11,21.58,99.40,57.07,50.10,39.90
33.24,35.54,21.38,23.11,21.62,99.02,57.07,50.10,39.90
33.25,35.54,21.38,23.11,21.58,99.40,57.07,50.10,39.90
33.26,35.54,21.38,23.11,21.55,99.40,57.07,50.10,39.90
33.27,35.54,21.35,23.11,21.58,99.40,57.21,50.10,39.98
33.28,35.48,21.35,23.11,21.58,99.40,56.92,50.10,39.90
33.29,35.54,21.38,23.11,21.58,99.02,57.07,50.10,39.90
33.30,35.54,21.35,23.11,21.58,99.02,57.07,50.10,39.90
33.31,35.48,21.35,23.15,21.55,99.40,56.92,50.10,39.90
33.32,35.48,21.35,23.11,21.58,99.02,57.07,50.10,40.06
33.33,35.48,21.35,23.11,21.58,99.02,57.07,50.10,39.83
33.34,35.48,21.35,23.11,21.58,99.40,57.07,50.10,39.90
33.35,35.54,21.38,23.15,21.58,99.40,57.07,50.10,39.98
33.36,35.48,21.35,23.11,21.58,99.02,57.07,50.21,39.90
33.37,35.48,21.35,23.11,21.58,99.40,57.07,49.98,39.83
33.38,35.48,21.32,23.11,21.55,99.02,57.07,50.10,39.90
33.39,35.54,21.35,23.11,21.55,99.40,56.92,50.10,39.90
33.40,35.54,21.38,23.11,21.58,99.40,57.07,50.10,39.90
33.41,35.48,21.38,23.11,21.58,99.02,57.07,50.10,39.90
33.42,35.54,21.35,23.11,21.58,99.02,57.07,50.10,39.90
33.43,35.54,21.35,23.08,21.58,99.02,57.07,50.10,39.90
33.44,35.54,21.35,23.11,21.58,99.02,57.07,50.10,39.90
33.45,35.54,21.35,23.11,21.58,99.40,56.92,50.10,39.90
33.46,35.41,21.35,23.11,21.55,99.40,56.92,50.10,39.90
33.47,35.61,21.35,23.11,21.58,99.02,57.07,50.10,39.90
33.48,35.48,21.38,23.08,21.58,99.40,56.92,50.10,39.90
33.49,35.48,21.35,23.11,21.58,99.40,56.92,50.10,39.90
33.50,35.48,21.38,23.11,21.58,99.40,57.07,50.10,39.90
33.51,35.48,21.38,23.11,21.58,99.02,57.07,50.10,39.90
33.52,35.48,21.35,23.08,21.58,99.02,56.92,50.10,39.90
33.53,35.48,21.35,23.11,21.58,99.02,57.07,49.98,39.90
33.54,35.54,21.38,23.11,21.58,99.40,57.07,50.10,39.90
33.55,35.48,21.38,23.11,21.58,99.02,57.21,50.10,39.90
33.56,35.48,21.38,23.11,21.58,99.40,57.07,50.10,39.90
33.57,35.48,21.35,23.08,21.55,99.02,57.07,49.98,39.90
33.58,35.41,21.35,23.11,21.58,99.02,57.07,50.10,39.90
33.59,35.48,21.38,23.08,21.58,99.40,57.07,50.21,39.90
33.60,35.48,21.35,23.11,21.58,99.40,57.07,50.10,39.90
33.61,35.54,21.32,23.11,21.55,99.02,57.07,50.10,39.90
33.62,35.48,21.35,23.11,21.58,99.02,56.92,49.98,39.90
33.63,35.48,21.35,23.08,21.58,99.40,56.92,49.98,39.90
33.64,35.54,21.35,23.11,21.58,99.40,57.07,50.10,39.90
33.65,35.54,21.35,23.11,21.58,99.40,57.07,50.10,39.98
33.66,35.48,21.35,23.11,21.58,99.40,57.07,50.10,39.90
33.67,35.48,21.35,23.11,21.58,99.40,57.07,49.98,39.90
33.68,35.48,21.35,23.11,21.58,99.40,56.92,50.10,39.90
33.69,35.48,21.35,23.11,21.58,99.02,56.92,50.10,39.90
33.70,35.48,21.38,23.11,21.58,99.40,57.07,50.10,39.90
33.71,35.48,21.35,23.11,21.58,99.40,57.07,50.10,39.90
33.72,35.41,21.35,23.08,21.58,99.40,57.07,50.10,39.90
33.73,35.48,21.35,23.11,21.58,99.40,56.92,50.10,39.90
33.74,35.48,21.35,23.11,21.58,99.02,57.07,50.10,39.90
33.75,35.54,21.38,23.11,21.58,99.40,57.07,50.10,39.90
33.76,35.48,21.35,23.11,21.58,99.40,57.07,50.10,39.90
33.77,35.48,21.35,23.11,21.58,99.02,57.07,50.10,39.90
33.78,35.48,21.35,23.11,21.55,99.02,57.07,50.10,39.90
33.79,35.48,21.35,23.11,21.55,99.02,56.92,50.10,39.90
33.80,35.48,21.35,23.11,21.55,99.40,56.92,50.10,39.90
33.81,35.48,21.38,23.11,21.55,99.40,56.92,50.10,39.90
33.82,35.48,21.35,23.11,21.58,99.40,56.92,49.98,39.90
33.83,35.48,21.35,23.08,21.58,99.40,56.92,50.10,39.90
33.84,35.48,21.32,23.11,21.55,99.40,56.92,50.10,39.98
33.85,35.54,21.35,23.11,21.55,99.40,56.92,50.10,39.90
33.86,35.54,21.35,23.11,21.58,99.40,57.07,50.10,39.90
33.87,35.48,21.35,23.11,21.58,99.02,57.07,49.98,39.90
33.88,35.41,21.35,23.08,21.58,99.02,57.07,49.98,39.90
33.89,35.48,21.35,23.11,21.58,99.02,57.07,50.10,39.90
33.90,35.48,21.38,23.11,21.58,99.40,57.07,50.10,39.90
33.91,35.48,21.35,23.11,21.58,99.02,57.07,50.10,39.90
33.92,35.48,21.35,23.11,21.58,99.02,56.92,50.10,39.90
33.93,35.48,21.32,23.08,21.55,99.02,56.92,50.10,39.90
33.94,35.48,21.35,23.11,21.58,99.40,57.07,50.10,39.90
33.95,35.54,21.35,23.11,21.58,99.40,56.92,50.10,39.90
33.96,35.48,21.35,23.11,21.58,99.40,56.92,50.10,39.90
33.97,35.48,21.35,23.11,21.58,99.02,56.92,50.10,39.90
33.98,35.48,21.35,23.11,21.55,99.02,56.92,50.21,39.90
33.99,35.48,21.35,23.11,21.55,99.40,57.07,50.10,39.90
34.00,35.54,21.35,23.11,21.58,99.40,57.07,50.10,39.90
34.01,35.41,21.35,23.08,21.58,99.02,57.07,50.10,39.90
34.02,35.41,21.35,23.08,21.58,99.40,57.07,50.10,39.90
34.03,35.48,21.35,23.11,21.58,99.02,57.07,49.98,39.90
34.04,35.48,21.35,23.11,21.58,99.40,57.07,50.10,39.90
34.05,35.48,21.35,23.11,21.55,99.40,56.92,50.10,39.90
34.06,35.48,21.35,23.11,21.55,99.40,57.07,50.10,39.90
34.07,35.48,21.29,23.08,21.58,99.40,57.07,50.10,39.90
34.08,35.48,21.35,23.11,21.58,99.02,57.07,50.10,39.90
34.09,35.48,21.38,23.11,21.58,99.02,57.07,50.10,39.90
34.10,35.48,21.35,23.11,21.58,99.40,57.07,50.21,39.90
34.11,35.48,21.35,23.11,21.58,99.02,56.92,50.10,39.90
34.12,35.48,21.35,23.11,21.55,99.02,57.07,50.10,39.90
34.13,35.48,21.35,23.08,21.58,99.40,56.92,50.10,39.90
34.14,35.48,21.32,23.11,21.55,99.40,57.07,50.10,39.90
34.15,35.48,21.38,23.11,21.55,99.40,57.07,50.10,39.90
34.16,35.48,21.35,23.11,21.55,99.40,56.92,50.10,39.90
34.17,35.48,21.32,23.11,21.58,99.02,56.92,50.10,39.90
34.18,35.48,21.32,23.08,21.55,99.02,57.07,49.98,39.90
34.19,35.48,21.35,23.11,21.58,99.02,57.07,50.10,39.90
34.20,35.54,21.35,23.11,21.58,99.40,57.07,50.10,39.90
34.21,35.41,21.32,23.11,21.58,99.02,57.07,50.10,39.90
34.22,35.48,21.35,23.11,21.55,99.02,57.07,49.98,39.90
34.23,35.48,21.32,23.11,21.58,99.02,57.07,50.10,39.90
34.24,35.48,21.35,23.11,21.58,99.40,57.07,50.10,39.90
34.25,35.54,21.35,23.11,21.58,99.40,57.07,50.10,39.90
34.26,35.48,21.35,23.11,21.58,99.02,57.07,50.10,39.90
34.27,35.41,21.32,23.11,21.58,99.40,57.07,50.10,39.90
34.28,35.48,21.32,23.11,21.58,99.40,57.07,50.10,39.90
34.29,35.54,21.38,23.11,21.58,99.02,57.07,49.98,39.90
34.30,35.54,21.38,23.11,21.58,99.40,56.92,50.10,39.90
34.31,35.48,21.35,23.11,21.55,99.40,56.92,50.10,39.90
34.32,35.48,21.35,23.11,21.58,99.40,56.92,50.10,39.90
34.33,35.48,21.32,23.11,21.58,99.02,57.07,50.10,39.90
34.34,35.54,21.35,23.11,21.58,99.40,56.92,50.10,39.98
34.35,35.48,21.35,23.11,21.58,99.02,56.92,50.10,39.90
34.36,35.48,21.32,23.11,21.55,99.40,56.92,50.10,39.90
34.37,35.48,21.32,23.08,21.58,99.40,57.07,50.10,39.98
34.38,35.48,21.35,23.11,21.58,99.40,57.07,50.10,39.90
34.39,35.54,21.35,23.11,21.55,99.40,57.07,50.10,39.90
34.40,35.48,21.35,23.11,21.55,99.02,57.07,50.10,39.90
34.41,35.48,21.35,23.11,21.58,99.02,57.07,50.10,39.90
34.42,35.48,21.35,23.11,21.58,99.02,57.07,49.98,39.90
34.43,35.41,21.35,23.11,21.58,99.02,57.07,50.10,39.90
34.44,35.54,21.35,23.11,21.58,99.40,57.07,49.98,39.90
34.45,35.54,21.35,23.11,21.58,99.02,57.21,50.10,39.98
34.46,35.48,21.35,23.11,21.58,99.40,57.07,50.10,39.98
34.47,35.41,21.32,23.11,21.55,99.40,56.92,50.10,39.90
34.48,35.41,21.35,23.08,21.58,99.02,56.92,50.10,39.90
34.49,35.48,21.35,23.11,21.55,99.40,57.07,50.10,39.98
34.50,35.48,21.35,23.11,21.58,99.40,57.07,50.10,39.90
34.51,35.48,21.35,23.11,21.58,99.40,57.07,50.10,39.98
34.52,35.48,21.35,23.08,21.55,99.02,57.07,50.10,39.90
34.53,35.41,21.35,23.11,21.58,99.40,57.07,50.10,39.90
34.54,35.54,21.35,23.11,21.58,99.02,57.07,50.10,39.98
34.55,35.54,21.35,23.11,21.58,99.40,57.21,50.10,39.98
34.56,35.48,21.35,23.11,21.55,99.02,57.07,50.10,39.98
34.57,35.48,21.35,23.08,21.58,99.40,56.78,50.10,39.90
34.58,35.48,21.35,23.11,21.58,99.02,57.07,50.10,39.98
34.59,35.48,21.35,23.11,21.58,99.40,57.07,50.10,39.83
34.60,35.54,21.35,23.11,21.58,99.40,56.92,50.10,39.90
34.61,35.48,21.35,23.11,21.58,99.02,57.07,50.10,39.90
34.62,35.41,21.32,23.11,21.58,99.40,57.07,50.10,39.90
34.63,35.48,21.35,23.11,21.58,99.40,57.07,50.10,39.90
34.64,35.54,21.35,23.11,21.55,99.02,57.07,50.10,39.90
34.65,35.48,21.35,23.11,21.55,99.40,56.92,50.10,39.90
34.66,35.48,21.35,23.11,21.55,99.02,56.92,50.10,39.90
34.67,35.48,21.35,23.11,21.55,99.02,56.92,49.98,39.90
34.68,35.48,21.35,23.11,21.55,99.40,56.92,50.10,39.90
34.69,35.54,21.35,23.11,21.58,99.40,57.07,50.10,39.90
34.70,35.48,21.35,23.11,21.55,99.40,57.07,50.10,39.90
34.71,35.54,21.35,23.11,21.58,99.02,56.92,50.10,39.90
34.72,35.48,21.35,23.11,21.55,99.02,57.07,50.10,39.90
34.73,35.48,21.32,23.15,21.58,99.02,57.07,50.10,39.90
34.74,35.48,21.38,23.11,21.58,99.40,57.07,50.10,39.90
34.75,35.48,21.35,23.11,21.55,99.40,57.07,50.10,39.90
34.76,35.48,21.35,23.11,21.55,99.40,57.07,50.21,39.90
34.77,35.48,21.35,23.11,21.58,99.02,57.07,50.10,39.90
34.78,35.54,21.35,23.08,21.58,99.40,56.92,50.10,39.90
34.79,35.54,21.35,23.11,21.58,99.02,57.07,50.10,39.90
34.80,35.48,21.35,23.11,21.58,99.79,57.07,50.10,39.90
34.81,35.48,21.35,23.11,21.58,99.02,56.92,50.10,39.90
34.82,35.48,21.35,23.11,21.58,99.40,57.07,50.21,39.90
34.83,35.48,21.35,23.08,21.58,99.02,57.07,50.10,39.90
34.84,35.48,21.35,23.11,21.58,99.40,57.07,49.98,39.90
34.85,35.54,21.35,23.11,21.58,99.02,57.07,50.21,39.90
34.86,35.41,21.35,23.11,21.58,99.40,57.07,50.10,39.90
34.87,35.48,21.32,23.08,21.58,99.02,57.07,49.98,39.90
34.88,35.48,21.35,23.11,21.58,99.40,57.07,50.10,39.90
34.89,35.54,21.35,23.11,21.58,99.40,57.07,50.10,39.98
34.90,35.54,21.35,23.11,21.55,99.40,57.07,50.10,39.90
34.91,35.48,21.35,23.08,21.58,99.02,56.92,50.10,39.98
34.92,35.48,21.35,23.08,21.58,99.02,57.07,49.98,39.90
34.93,35.48,21.35,23.11,21.58,99.40,57.07,49.98,39.90
34.94,35.48,21.35,23.11,21.58,99.40,57.07,50.10,39.98
34.95,35.48,21.35,23.11,21.58,99.02,57.07,50.10,39.90
34.96,35.48,21.35,23.11,21.58,99.02,56.92,50.10,39.90
34.97,35.48,21.35,23.08,21.58,99.40,57.07,49.98,39.90
34.98,35.48,21.35,23.08,21.58,99.02,56.92,50.10,39.90
34.99,35.48,21.35,23.11,21.55,99.02,57.07,49.98,39.90
35.00,35.48,21.32,23.11,21.58,99.40,57.07,50.10,39.90
35.01,35.48,21.32,23.08,21.55,99.02,56.92,50.10,39.98
35.02,35.48,21.32,23.08,21.58,99.02,56.92,50.10,39.90
35.03,35.48,21.32,23.11,21.55,99.02,56.92,49.98,39.90
35.04,35.48,21.32,23.11,21.58,99.02,56.92,50.10,39.98
35.05,35.48,21.35,23.11,21.58,99.02,57.07,49.98,39.90
35.06,35.48,21.35,23.11,21.58,99.40,56.92,50.10,39.90
35.07,35.48,21.35,23.08,21.58,99.02,57.07,49.98,39.90
35.08,35.48,21.35,23.08,21.58,99.02,56.92,50.10,39.90
35.09,35.48,21.35,23.11,21.58,99.02,57.07,49.98,39.90
35.10,35.48,21.32,23.11,21.58,99.40,57.07,50.10,39.98
35.11,35.48,21.35,23.08,21.58,99.02,57.07,49.98,39.90
35.12,35.48,21.32,23.08,21.58,99.02,57.07,49.98,39.90
35.13,35.41,21.32,23.08,21.58,99.40,57.07,49.98,39.90
35.14,35.48,21.35,23.11,21.58,99.02,57.07,50.10,39.90
35.15,35.48,21.35,23.11,21.55,99.40,57.07,50.10,39.90
35.16,35.48,21.32,23.08,21.58,99.02,56.92,49.98,39.98
35.17,35.48,21.32,23.08,21.58,99.40,57.07,49.98,39.90
35.18,35.41,21.32,23.08,21.58,99.02,57.07,50.10,39.90
35.19,35.48,21.35,23.08,21.58,99.02,57.07,50.10,39.98
35.20,35.48,21.35,23.08,21.58,99.02,56.92,50.10,39.90
35.21,35.41,21.35,23.08,21.58,99.40,56.92,50.10,39.90
35.22,35.48,21.32,23.08,21.58,99.02,56.92,50.10,39.90
35.23,35.41,21.32,23.08,21.58,99.02,57.07,49.98,39.90
35.24,35.41,21.35,23.08,21.58,99.40,56.92,50.10,39.90
35.25,35.54,21.32,23.11,21.58,99.02,56.92,49.98,39.90
35.26,35.41,21.32,23.08,21.58,99.02,57.07,49.98,39.90
35.27,35.48,21.32,23.08,21.55,99.02,56.92,49.98,39.90
35.28,35.34,21.32,23.08,21.55,99.40,56.92,50.10,39.90
35.29,35.48,21.35,23.08,21.58,99.02,56.92,50.10,39.90
35.30,35.48,21.35,23.11,21.58,99.02,57.07,50.10,39.90
35.31,35.41,21.32,23.08,21.55,99.02,56.92,49.98,39.83
35.32,35.48,21.32,23.08,21.55,99.02,56.92,50.10,39.90
35.33,35.48,21.35,23.11,21.58,99.40,57.07,50.10,39.98
35.34,35.48,21.35,23.08,21.58,99.02,56.92,50.10,39.98
35.35,35.48,21.35,23.08,21.58,99.40,57.07,50.10,39.98
35.36,35.41,21.35,23.08,21.55,99.02,57.07,49.98,39.90
35.37,35.34,21.32,23.08,21.58,99.02,56.92,49.98,39.90
35.38,35.41,21.35,23.08,21.58,99.02,57.07,50.10,39.90
35.39,35.41,21.35,23.11,21.58,99.02,57.07,50.10,39.98
35.40,35.48,21.35,23.08,21.58,99.02,57.07,50.10,39.90
35.41,35.34,21.32,23.08,21.58,99.02,56.92,49.98,39.90
35.42,35.48,21.32,23.08,21.58,99.40,57.07,50.10,39.90
35.43,35.48,21.32,23.08,21.58,99.02,57.07,49.98,39.90
35.44,35.41,21.32,23.08,21.58,99.02,56.92,49.98,39.90
35.45,35.41,21.35,23.08,21.58,99.02,57.07,50.10,39.90
35.46,35.34,21.32,23.08,21.58,99.02,57.07,49.98,39.90
35.47,35.41,21.35,23.08,21.58,99.02,56.92,49.98,39.98
35.48,35.41,21.32,23.08,21.58,99.02,56.92,49.98,39.90
35.49,35.48,21.32,23.08,21.55,99.02,56.92,49.98,39.90
35.50,35.48,21.32,23.08,21.58,99.40,56.92,50.10,39.90
35.51,35.48,21.35,23.08,21.58,99.02,56.92,49.98,39.90
35.52,35.41,21.32,23.04,21.55,99.02,56.92,49.98,39.90
35.53,35.48,21.32,23.08,21.58,99.02,56.92,49.98,39.90
35.54,35.41,21.32,23.08,21.58,99.40,56.92,49.98,39.98
35.55,35.48,21.32,23.08,21.58,99.02,57.07,49.98,39.90
35.56,35.41,21.29,23.08,21.58,99.02,56.78,49.98,39.90
35.57,35.41,21.32,23.04,21.55,99.02,56.92,49.98,39.90
35.58,35.48,21.32,23.08,21.58,99.02,56.92,49.98,39.90
35.59,35.48,21.32,23.08,21.58,99.02,56.92,50.10,39.90
35.60,35.48,21.35,23.08,21.58,99.02,56.92,49.98,39.90
35.61,35.41,21.32,23.08,21.58,99.02,57.07,49.98,39.90
35.62,35.41,21.32,23.08,21.58,99.02,56.92,49.98,39.90
35.63,35.41,21.29,23.08,21.58,99.02,56.92,49.98,39.90
35.64,35.41,21.32,23.08,21.58,99.02,56.92,49.98,39.90
35.65,35.48,21.35,23.08,21.55,99.40,57.07,49.98,39.90
35.66,35.41,21.32,23.08,21.58,99.02,56.92,49.98,39.98
35.67,35.41,21.32,23.08,21.58,99.02,56.78,49.98,39.90
35.68,35.41,21.29,23.08,21.55,99.02,56.92,49.98,39.90
35.69,35.48,21.32,23.08,21.58,99.40,56.92,49.98,39.90
35.70,35.48,21.32,23.08,21.58,99.40,56.78,49.98,39.83
35.71,35.41,21.29,23.08,21.58,99.02,56.92,49.98,39.90
35.72,35.34,21.32,23.04,21.58,99.02,56.92,49.98,39.90
35.73,35.41,21.29,23.04,21.55,99.02,56.92,50.10,39.90
35.74,35.41,21.35,23.08,21.58,99.02,56.92,49.98,39.90
35.75,35.41,21.29,23.08,21.58,99.02,56.92,50.10,39.90
35.76,35.41,21.29,23.04,21.58,99.02,56.92,49.98,39.90
35.77,35.41,21.29,23.04,21.58,99.02,56.92,49.98,39.90
35.78,35.41,21.29,23.04,21.58,99.02,56.92,49.98,39.90
35.79,35.41,21.32,23.08,21.58,99.02,56.78,49.98,39.90
35.80,35.41,21.29,23.08,21.55,99.02,56.92,49.98,39.90
35.81,35.41,21.29,23.04,21.58,99.02,57.07,49.98,39.90
35.82,35.34,21.29,23.08,21.58,99.02,57.07,49.87,39.98
35.83,35.41,21.29,23.04,21.58,99.02,56.78,49.98,39.83
35.84,35.34,21.32,23.08,21.58,99.02,56.92,49.98,39.90
35.85,35.34,21.29,23.08,21.58,99.02,56.92,49.98,39.90
35.86,35.41,21.29,23.04,21.58,99.02,56.78,49.98,39.90
35.87,35.41,21.29,23.04,21.58,98.64,57.07,49.98,39.98
35.88,35.41,21.29,23.04,21.58,99.02,56.92,49.98,39.90
35.89,35.41,21.32,23.08,21.58,99.02,56.92,49.98,39.90
35.90,35.48,21.32,23.08,21.55,99.02,56.92,49.98,39.90
35.91,35.34,21.26,23.04,21.58,99.02,56.78,49.98,39.90
35.92,35.41,21.29,23.04,21.55,99.02,56.92,49.98,39.90
35.93,35.41,21.29,23.04,21.58,99.02,56.78,49.98,39.90
35.94,35.34,21.29,23.04,21.58,99.02,56.92,49.98,39.90
35.95,35.48,21.29,23.08,21.55,99.02,56.92,49.98,39.90
35.96,35.28,21.29,23.08,21.58,99.02,56.92,49.98,39.90
35.97,35.41,21.29,23.04,21.58,98.64,56.92,49.98,39.90
35.98,35.28,21.32,23.04,21.58,99.02,56.92,49.98,39.90
35.99,35.41,21.29,23.08,21.58,99.02,56.92,49.98,39.90
36.00,35.41,21.32,23.04,21.55,99.02,56.92,49.98,39.90
36.01,35.41,21.29,23.04,21.58,99.40,56.92,49.98,39.90
36.02,35.34,21.29,23.04,21.58,99.02,56.92,49.98,39.90
36.03,35.41,21.29,23.04,21.58,99.02,56.78,49.98,39.90
36.04,35.34,21.29,23.08,21.55,99.40,56.78,50.10,39.90
36.05,35.41,21.29,23.04,21.58,98.64,56.92,49.98,39.90
36.06,35.34,21.29,23.04,21.55,99.02,56.78,49.98,39.90
36.07,35.34,21.26,23.01,21.58,98.64,56.78,49.87,39.90
36.08,35.34,21.29,23.04,21.58,99.02,56.78,49.87,39.90
36.09,35.34,21.29,23.04,21.55,99.02,56.92,50.10,39.90
36.10,35.48,21.32,23.04,21.58,99.02,56.92,49.98,39.90
36.11,35.28,21.26,23.04,21.58,99.02,56.92,49.87,39.90
36.12,35.41,21.29,23.04,21.55,98.64,56.92,49.87,39.90
36.13,35.34,21.29,23.04,21.55,99.02,56.78,49.87,39.90
36.14,35.41,21.32,23.04,21.58,99.02,56.92,49.98,39.90
36.15,35.41,21.29,23.04,21.55,99.02,56.92,49.98,39.90
36.16,35.41,21.26,23.04,21.55,99.02,56.92,49.98,39.90
36.17,35.34,21.23,23.04,21.55,99.02,56.78,49.98,39.90
36.18,35.41,21.26,23.04,21.58,99.02,56.78,49.98,39.90
36.19,35.41,21.29,23.04,21.58,99.02,56.92,49.98,39.90
36.20,35.41,21.29,23.04,21.55,99.02,56.92,49.98,39.90
36.21,35.34,21.26,23.04,21.55,98.64,56.78,49.87,39.90
36.22,35.34,21.26,23.04,21.58,99.02,56.92,49.98,39.90
36.23,35.34,21.26,23.04,21.55,99.02,56.92,49.87,39.83
36.24,35.41,21.26,23.04,21.58,99.02,56.78,49.98,39.90
36.25,35.34,21.29,23.04,21.52,99.02,56.78,49.87,39.90
36.26,35.34,21.26,23.04,21.58,98.64,56.78,49.87,39.90
36.27,35.34,21.29,23.01,21.55,99.02,56.92,49.98,39.90
36.28,35.34,21.26,23.01,21.58,98.64,56.78,49.87,39.90
36.29,35.34,21.26,23.04,21.55,99.02,56.92,49.98,39.90
36.30,35.41,21.29,23.04,21.58,99.02,56.78,49.98,39.90
36.31,35.34,21.26,23.04,21.55,99.02,56.78,49.98,39.90
36.32,35.34,21.26,23.04,21.55,99.02,56.92,49.87,39.90
36.33,35.34,21.23,23.01,21.55,99.02,56.78,49.98,39.90
36.34,35.41,21.29,23.01,21.58,99.02,56.92,49.98,39.90
36.35,35.34,21.29,23.04,21.58,99.02,56.92,49.87,39.98
36.36,35.34,21.26,23.01,21.55,99.02,56.92,49.98,39.90
36.37,35.34,21.26,23.01,21.55,99.02,56.92,49.98,39.90
36.38,35.28,21.29,23.01,21.55,99.02,56.92,49.98,39.90
36.39,35.34,21.29,23.01,21.55,99.02,56.92,49.87,39.90
36.40,35.34,21.26,23.04,21.58,99.02,56.92,49.98,39.90
36.41,35.34,21.26,23.01,21.58,99.02,56.78,49.98,39.90
36.42,35.28,21.26,23.01,21.55,99.02,56.78,49.98,39.90
36.43,35.28,21.26,23.01,21.58,99.02,56.78,49.98,39.90
36.44,35.28,21.26,23.04,21.55,99.02,56.92,49.98,39.90
36.45,35.28,21.29,23.04,21.58,99.02,56.92,49.98,39.90
36.46,35.41,21.26,23.04,21.55,99.02,56.78,49.87,39.90
36.47,35.34,21.29,23.01,21.58,98.64,56.78,49.87,39.90
36.48,35.34,21.23,23.04,21.55,99.02,56.78,49.87,39.90
36.49,35.34,21.26,23.04,21.55,99.02,56.78,49.98,39.90
36.50,35.34,21.29,23.04,21.55,99.02,56.78,49.87,39.90
36.51,35.28,21.26,23.01,21.58,99.02,56.78,49.87,39.90
36.52,35.34,21.26,23.01,21.55,99.02,56.78,49.98,39.90
36.53,35.34,21.26,23.04,21.55,98.64,56.78,49.87,39.90
36.54,35.34,21.26,23.04,21.58,99.02,56.78,49.87,39.90
36.55,35.41,21.26,23.04,21.55,99.02,56.78,49.98,39.90
36.56,35.34,21.29,23.01,21.55,99.02,56.78,49.87,39.90
36.57,35.34,21.26,23.01,21.58,99.02,56.78,49.87,39.90
36.58,35.34,21.26,23.01,21.55,99.02,56.78,49.98,39.90
36.59,35.41,21.29,23.04,21.55,99.02,56.78,49.98,39.90
36.60,35.34,21.26,23.01,21.58,99.02,56.78,49.87,39.83
36.61,35.34,21.26,23.01,21.55,99.02,56.78,49.87,39.83
36.62,35.34,21.23,23.04,21.58,99.02,56.78,49.87,39.90
36.63,35.34,21.26,23.01,21.55,98.64,56.78,49.87,39.90
36.64,35.41,21.26,23.01,21.55,99.02,56.92,49.98,39.98
36.65,35.28,21.26,23.01,21.58,98.64,56.78,49.87,39.90
36.66,35.28,21.26,23.01,21.58,99.02,56.78,49.87,39.90
36.67,35.34,21.23,23.01,21.58,98.64,56.78,49.87,39.83
36.68,35.34,21.26,23.01,21.58,99.02,56.78,49.87,39.90
36.69,35.34,21.29,23.01,21.58,99.02,56.92,49.87,39.90
36.70,35.34,21.26,23.04,21.58,99.02,56.92,49.87,39.90
36.71,35.28,21.26,23.01,21.58,99.02,56.92,49.87,39.90
36.72,35.28,21.26,23.01,21.58,99.02,56.78,49.87,39.90
36.73,35.28,21.26,23.01,21.58,99.02,56.92,49.87,39.90
36.74,35.28,21.26,23.01,21.58,99.02,56.78,49.87,39.98
36.75,35.34,21.26,23.04,21.55,99.02,56.78,49.87,39.90
36.76,35.34,21.26,23.01,21.58,99.02,56.78,49.87,39.90
36.77,35.34,21.23,23.01,21.55,98.64,56.78,49.87,39.90
36.78,35.28,21.26,23.01,21.58,99.02,56.78,49.87,39.90
36.79,35.34,21.26,23.01,21.58,99.02,56.92,49.98,39.90
36.80,35.34,21.26,23.01,21.55,99.02,56.78,49.87,39.90
36.81,35.34,21.26,23.01,21.55,98.64,56.78,49.87,39.90
36.82,35.34,21.23,23.01,21.55,98.64,56.78,49.87,39.90
36.83,35.34,21.26,23.01,21.58,99.02,56.78,49.87,39.90
36.84,35.34,21.26,23.01,21.55,98.64,56.78,49.87,39.90
36.85,35.28,21.26,23.01,21.55,99.02,56.78,49.87,39.90
36.86,35.34,21.26,23.01,21.55,98.64,56.78,49.87,39.90
36.87,35.28,21.26,23.01,21.55,98.64,56.64,49.98,39.90
36.88,35.28,21.26,23.01,21.58,99.02,56.78,49.87,39.90
36.89,35.34,21.26,23.01,21.58,99.02,56.92,49.87,39.90
36.90,35.34,21.26,23.01,21.55,99.02,56.78,49.98,39.90
36.91,35.28,21.26,23.01,21.55,99.02,56.78,49.87,39.90
36.92,35.28,21.23,23.01,21.58,98.64,56.64,49.87,39.90
36.93,35.28,21.26,23.01,21.58,98.64,56.78,49.87,39.90
36.94,35.34,21.26,23.01,21.58,98.64,56.78,49.87,39.98
36.95,35.34,21.26,23.01,21.55,98.64,56.78,49.87,39.90
36.96,35.34,21.26,23.01,21.55,98.64,56.78,49.87,39.90
36.97,35.28,21.26,23.01,21.58,98.64,56.78,49.87,39.90
36.98,35.34,21.26,23.01,21.58,98.64,56.78,49.87,39.90
36.99,35.34,21.26,23.01,21.55,99.02,56.78,49.87,39.90
37.00,35.34,21.26,23.04,21.55,99.02,56.64,49.87,39.90
37.01,35.34,21.23,23.01,21.55,98.64,56.78,49.87,39.90
37.02,35.34,21.26,22.97,21.55,98.64,56.78,49.98,39.90
37.03,35.28,21.26,23.01,21.55,99.02,56.78,49.87,39.90
37.04,35.34,21.26,23.01,21.58,98.64,56.78,49.87,39.90
37.05,35.28,21.26,23.01,21.58,98.64,56.78,49.87,39.90
37.06,35.28,21.26,23.01,21.55,98.64,56.64,49.87,39.90
37.07,35.28,21.26,22.97,21.55,98.64,56.92,49.98,39.90
37.08,35.34,21.26,23.01,21.58,99.02,56.92,49.87,39.90
37.09,35.28,21.26,23.01,21.55,98.64,56.78,49.75,39.98
37.10,35.34,21.26,23.01,21.58,99.02,56.78,49.87,39.90
37.11,35.28,21.23,22.97,21.58,99.02,56.78,49.87,39.90
37.12,35.28,21.23,23.01,21.55,99.02,56.78,49.87,39.90
37.13,35.34,21.26,23.01,21.58,99.02,56.78,49.87,39.90
37.14,35.28,21.23,23.04,21.55,99.02,56.64,49.87,39.90
37.15,35.28,21.26,23.01,21.58,98.64,56.78,49.87,39.90
37.16,35.34,21.26,23.01,21.55,98.64,56.78,49.87,39.90
37.17,35.28,21.26,23.01,21.58,99.02,56.78,49.87,39.90
37.18,35.34,21.26,23.01,21.58,99.02,56.78,49.87,39.90
37.19,35.34,21.26,23.01,21.58,99.02,56.78,49.87,39.90
37.20,35.41,21.29,23.04,21.58,99.02,56.78,49.87,39.98
37.21,35.21,21.26,23.01,21.55,99.02,56.78,49.87,39.90
37.22,35.34,21.26,23.01,21.58,99.02,56.78,49.87,39.90
37.23,35.34,21.23,22.97,21.58,99.02,56.78,49.98,39.90
37.24,35.34,21.26,23.04,21.58,99.02,56.78,49.87,39.90
37.25,35.34,21.26,23.04,21.55,99.02,56.78,49.87,39.90
37.26,35.28,21.23,23.01,21.55,98.64,56.78,49.87,39.90
37.27,35.34,21.26,23.01,21.55,98.64,56.92,49.87,39.90
37.28,35.28,21.26,23.01,21.58,99.02,56.78,49.87,39.90
37.29,35.34,21.26,23.01,21.55,98.64,56.64,49.87,39.90
37.30,35.34,21.23,23.01,21.58,99.02,56.78,49.98,39.98
37.31,35.34,21.23,23.01,21.55,98.64,56.92,49.87,39.83
37.32,35.28,21.26,23.01,21.55,99.02,56.78,49.87,39.90
37.33,35.34,21.23,23.01,21.55,98.64,56.78,49.87,39.90
37.34,35.28,21.26,23.01,21.58,98.64,56.64,49.98,39.90
37.35,35.34,21.26,23.01,21.58,99.02,56.78,49.75,39.90
37.36,35.28,21.23,23.01,21.55,98.64,56.78,49.87,39.90
37.37,35.28,21.23,23.01,21.58,98.64,56.78,49.87,39.90
37.38,35.34,21.26,23.01,21.55,99.02,56.78,49.87,39.90
37.39,35.34,21.26,23.01,21.55,99.02,56.78,49.87,39.90
37.40,35.34,21.26,23.01,21.55,98.64,56.78,49.87,39.83
37.41,35.34,21.23,23.01,21.55,98.64,56.64,49.87,39.90
37.42,35.28,21.26,23.01,21.58,98.64,56.78,49.87,39.90
37.43,35.34,21.23,22.97,21.55,99.02,56.78,49.87,39.90
37.44,35.34,21.26,23.01,21.58,99.02,56.78,49.87,39.90
37.45,35.34,21.26,23.01,21.55,99.02,56.78,49.87,39.90
37.46,35.28,21.23,23.01,21.58,98.64,56.78,49.87,39.90
37.47,35.28,21.23,23.01,21.58,99.02,56.92,49.87,39.90
37.48,35.28,21.26,23.01,21.55,98.64,56.78,49.87,39.90
37.49,35.34,21.26,23.01,21.55,99.02,56.78,49.87,39.90
37.50,35.28,21.26,23.01,21.55,99.02,56.78,49.98,39.90
37.51,35.34,21.23,23.01,21.55,99.02,56.78,49.98,39.90
37.52,35.34,21.23,23.01,21.58,99.02,56.64,49.87,39.90
37.53,35.34,21.23,23.01,21.55,99.02,56.78,49.87,39.83
37.54,35.34,21.23,23.01,21.55,98.64,56.78,49.98,39.90
37.55,35.34,21.26,23.01,21.58,99.02,56.64,49.87,39.90
37.56,35.28,21.23,23.01,21.55,98.64,56.64,49.87,39.90
37.57,35.34,21.26,22.97,21.55,99.02,56.92,49.87,39.90
37.58,35.34,21.26,23.01,21.55,98.64,56.78,49.87,39.90
37.59,35.34,21.29,23.01,21.58,99.02,56.92,49.87,39.90
37.60,35.34,21.26,23.01,21.58,99.02,56.92,49.87,39.90
37.61,35.28,21.26,23.01,21.58,98.64,56.78,49.87,39.90
37.62,35.34,21.26,23.01,21.58,99.02,56.78,49.87,39.90
37.63,35.34,21.26,23.01,21.58,99.02,56.78,49.87,39.90
37.64,35.34,21.29,23.01,21.58,99.02,56.78,49.87,39.90
37.65,35.34,21.29,23.01,21.58,98.64,56.78,49.87,39.83
37.66,35.34,21.26,23.01,21.58,98.64,56.78,49.87,39.90
37.67,35.34,21.26,23.01,21.58,98.64,56.78,49.87,39.90
37.68,35.34,21.26,23.01,21.58,99.02,56.92,49.87,39.90
37.69,35.28,21.29,23.04,21.58,99.02,56.78,49.98,39.90
37.70,35.34,21.29,23.04,21.58,99.02,56.78,49.98,39.90
37.71,35.34,21.26,23.01,21.58,99.02,56.78,49.87,39.90
37.72,35.34,21.26,23.01,21.58,99.02,56.78,49.87,39.90
37.73,35.34,21.26,23.01,21.58,99.02,56.78,49.87,39.90
37.74,35.34,21.29,23.04,21.55,99.02,56.78,49.98,39.90
37.75,35.34,21.26,23.01,21.58,99.02,56.78,49.98,39.90
37.76,35.34,21.26,23.01,21.55,99.02,56.92,49.98,39.90
37.77,35.28,21.26,23.01,21.55,99.02,56.78,49.87,39.83
37.78,35.34,21.26,23.01,21.58,99.02,56.92,49.87,39.90
37.79,35.34,21.26,23.04,21.55,98.64,56.78,49.87,39.83
37.80,35.34,21.29,23.04,21.55,99.02,56.78,49.98,39.98
37.81,35.28,21.26,23.01,21.55,99.02,56.78,49.87,39.90
37.82,35.34,21.29,23.01,21.55,99.02,56.92,49.87,39.90
37.83,35.34,21.26,23.04,21.55,99.02,56.78,49.87,39.90
37.84,35.41,21.29,23.01,21.58,99.02,56.78,49.87,39.90
37.85,35.41,21.29,23.04,21.58,99.02,56.92,49.98,39.83
37.86,35.34,21.26,23.01,21.58,99.02,56.78,49.98,39.90
37.87,35.28,21.26,23.01,21.55,98.64,56.92,49.98,39.90
37.88,35.34,21.26,23.01,21.55,99.02,56.78,49.87,39.90
37.89,35.28,21.29,23.01,21.58,99.02,56.92,49.98,39.90
37.90,35.41,21.26,23.04,21.58,98.64,56.78,49.98,39.90
37.91,35.34,21.26,23.01,21.55,98.64,56.78,49.98,39.90
37.92,35.28,21.26,23.01,21.55,99.02,56.78,49.87,39.90
37.93,35.28,21.29,23.04,21.58,99.02,56.78,49.87,39.90
37.94,35.34,21.29,23.04,21.62,99.02,56.92,49.98,39.90
37.95,35.41,21.29,23.04,21.58,99.02,56.92,49.98,39.90
37.96,35.34,21.26,23.01,21.58,99.02,56.92,49.98,39.90
37.97,35.34,21.29,23.04,21.58,99.02,56.92,49.98,39.90
37.98,35.34,21.29,23.04,21.58,99.02,56.78,49.98,39.83
37.99,35.34,21.29,23.04,21.58,99.02,56.92,49.87,39.90
38.00,35.41,21.29,23.04,21.58,99.02,56.92,49.98,39.90
38.01,35.34,21.26,23.01,21.58,98.64,56.78,49.87,39.90
38.02,35.34,21.26,23.04,21.55,99.02,56.92,49.87,39.90
38.03,35.34,21.26,23.04,21.58,99.02,56.92,49.98,39.90
38.04,35.41,21.29,23.04,21.58,99.02,56.92,49.98,39.90
38.05,35.34,21.29,23.04,21.58,99.02,56.92,49.87,39.90
38.06,35.34,21.29,23.04,21.55,99.02,56.78,49.87,39.90
38.07,35.34,21.29,23.04,21.58,99.02,56.78,49.98,39.90
38.08,35.41,21.29,23.04,21.58,99.02,56.92,49.87,39.90
38.09,35.41,21.32,23.04,21.55,99.02,56.78,49.98,39.90
38.10,35.34,21.29,23.04,21.55,99.02,56.92,49.98,39.90
38.11,35.34,21.29,23.04,21.58,99.02,56.78,49.98,39.90
38.12,35.34,21.29,23.04,21.55,99.02,56.92,49.98,39.90
38.13,35.34,21.29,23.04,21.58,99.40,56.92,49.98,39.90
38.14,35.41,21.29,23.04,21.55,98.64,56.92,49.98,39.98
38.15,35.34,21.29,23.04,21.55,99.02,56.92,49.98,39.90
38.16,35.34,21.29,23.04,21.55,99.02,57.07,49.98,39.90
38.17,35.34,21.26,23.04,21.58,99.02,56.78,49.98,39.90
38.18,35.41,21.26,23.04,21.55,99.02,56.92,49.98,39.90
38.19,35.41,21.29,23.08,21.58,99.40,56.92,49.98,39.90
38.20,35.41,21.29,23.08,21.58,99.02,56.92,49.98,39.90
38.21,35.41,21.32,23.04,21.58,99.02,56.92,49.87,39.98
38.22,35.34,21.26,23.04,21.58,99.02,56.92,49.87,39.90
38.23,35.34,21.29,23.04,21.58,99.02,56.92,49.98,39.90
38.24,35.41,21.35,23.04,21.58,99.40,56.92,49.98,39.90
38.25,35.34,21.29,23.08,21.55,99.02,56.92,49.98,39.90
38.26,35.41,21.32,23.04,21.55,99.02,56.92,49.98,39.98
38.27,35.41,21.32,23.04,21.58,99.02,56.92,49.98,39.90
38.28,35.41,21.32,23.04,21.58,99.02,56.92,49.98,39.90
38.29,35.34,21.32,23.08,21.58,99.02,57.07,49.98,39.90
38.30,35.41,21.32,23.04,21.58,99.02,56.78,49.98,39.90
38.31,35.41,21.32,23.08,21.58,99.02,57.07,49.98,39.90
38.32,35.41,21.29,23.04,21.58,99.02,56.78,49.98,39.98
38.33,35.48,21.32,23.08,21.58,99.02,56.78,49.98,39.83
38.34,35.48,21.35,23.08,21.58,99.02,57.07,50.10,39.90
38.35,35.41,21.32,23.08,21.58,99.02,57.07,49.98,39.83
38.36,35.41,21.32,23.04,21.58,99.02,56.92,49.98,39.90
38.37,35.41,21.29,23.04,21.55,99.02,56.92,49.98,39.98
38.38,35.41,21.32,23.04,21.58,99.02,56.92,49.98,39.98
38.39,35.41,21.32,23.08,21.58,99.02,56.92,49.98,39.90
38.40,35.41,21.32,23.04,21.58,99.02,56.92,49.98,39.90
38.41,35.41,21.29,23.04,21.58,99.02,56.92,49.98,39.90
38.42,35.34,21.32,23.04,21.58,99.02,56.92,49.98,39.90
38.43,35.41,21.32,23.04,21.58,99.02,56.92,49.98,39.90
38.44,35.41,21.32,23.08,21.58,99.02,56.92,49.98,39.90
38.45,35.34,21.29,23.04,21.55,99.02,56.78,49.98,39.90
38.46,35.48,21.32,23.04,21.58,99.02,56.92,49.98,39.90
38.47,35.41,21.32,23.04,21.58,99.02,56.92,49.98,39.98
38.48,35.34,21.32,23.08,21.58,99.02,57.07,49.98,39.90
38.49,35.41,21.32,23.04,21.58,99.02,56.92,49.98,39.98
38.50,35.41,21.32,23.08,21.58,99.02,56.92,49.98,39.90
38.51,35.41,21.32,23.04,21.58,99.02,56.92,49.98,39.98
38.52,35.34,21.32,23.08,21.55,99.02,56.92,49.98,39.90
38.53,35.34,21.32,23.08,21.58,99.02,57.07,49.98,39.98
38.54,35.41,21.35,23.08,21.58,99.02,57.07,49.98,39.98
38.55,35.48,21.32,23.08,21.58,99.02,56.92,49.98,39.98
38.56,35.41,21.32,23.08,21.55,99.02,56.92,50.10,39.98
38.57,35.41,21.29,23.08,21.58,98.64,56.92,49.98,39.90
38.58,35.41,21.32,23.08,21.55,99.02,56.78,50.10,39.90
38.59,35.34,21.32,23.08,21.58,99.02,56.92,49.98,39.90
38.60,35.41,21.32,23.08,21.55,99.02,56.92,49.98,39.90
38.61,35.34,21.32,23.08,21.58,99.02,56.92,49.98,39.98
38.62,35.41,21.32,23.04,21.58,99.02,56.92,49.98,39.90
38.63,35.34,21.32,23.08,21.58,99.02,56.92,49.98,39.98
38.64,35.41,21.35,23.08,21.58,99.40,56.92,50.10,39.90
38.65,35.41,21.32,23.08,21.58,99.02,56.92,50.10,39.90
38.66,35.41,21.32,23.08,21.58,99.02,56.92,49.98,39.90
38.67,35.41,21.32,23.04,21.58,99.40,56.92,49.98,39.90
38.68,35.41,21.32,23.08,21.58,99.02,57.07,50.10,39.98
38.69,35.48,21.35,23.08,21.58,99.02,56.92,49.98,39.90
38.70,35.34,21.32,23.08,21.58,99.02,56.92,49.98,39.90
38.71,35.41,21.32,23.08,21.58,99.02,56.92,49.98,39.90
38.72,35.41,21.32,23.04,21.58,99.02,56.92,49.98,39.98
38.73,35.41,21.32,23.08,21.58,99.02,56.92,49.98,39.98
38.74,35.48,21.32,23.08,21.58,99.02,56.92,49.98,39.90
38.75,35.41,21.32,23.08,21.58,99.02,57.07,49.98,39.98
38.76,35.41,21.32,23.08,21.58,99.02,56.92,50.10,39.90
38.77,35.41,21.32,23.04,21.58,99.02,56.92,49.98,39.90
38.78,35.48,21.32,23.08,21.58,99.02,56.92,49.98,39.90
38.79,35.41,21.32,23.08,21.58,99.40,56.92,49.98,39.98
38.80,35.48,21.35,23.08,21.58,99.02,56.92,49.98,39.98
38.81,35.41,21.32,23.08,21.58,99.02,56.92,49.98,39.98
38.82,35.41,21.32,23.08,21.62,99.02,56.92,49.98,39.90
38.83,35.41,21.32,23.08,21.58,99.02,57.07,49.98,39.98
38.84,35.54,21.35,23.08,21.58,99.02,57.07,50.10,39.90
38.85,35.48,21.35,23.08,21.58,99.02,56.92,50.10,39.90
38.86,35.41,21.32,23.08,21.58,99.02,56.92,49.98,39.98
38.87,35.41,21.32,23.08,21.58,99.02,56.92,49.98,39.90
38.88,35.41,21.35,23.08,21.58,99.02,56.92,49.98,39.98
38.89,35.48,21.35,23.08,21.58,99.02,57.07,50.10,39.98
38.90,35.48,21.35,23.08,21.58,99.02,57.07,49.98,39.90
38.91,35.41,21.35,23.08,21.58,99.02,56.92,49.98,39.90
38.92,35.41,21.35,23.08,21.58,99.02,56.92,50.10,39.98
38.93,35.41,21.35,23.08,21.58,99.02,56.92,49.98,39.90
38.94,35.41,21.35,23.08,21.58,99.02,57.07,50.10,39.90
38.95,35.41,21.35,23.08,21.58,99.02,56.92,50.10,39.98
38.96,35.41,21.32,23.08,21.58,99.02,56.92,49.98,39.98
38.97,35.34,21.32,23.08,21.58,99.02,57.07,49.98,39.90
38.98,35.48,21.35,23.08,21.58,99.02,56.92,49.98,39.98
38.99,35.48,21.35,23.11,21.58,99.02,57.07,50.10,39.98
39.00,35.48,21.35,23.08,21.58,99.02,56.92,49.98,39.90
39.01,35.48,21.32,23.08,21.58,99.02,57.07,49.98,39.98
39.02,35.41,21.32,23.08,21.58,99.02,57.07,49.98,39.98
39.03,35.48,21.35,23.08,21.58,99.02,56.92,49.98,39.98
39.04,35.48,21.35,23.11,21.58,99.40,56.92,50.10,39.90
39.05,35.48,21.35,23.08,21.58,99.02,57.07,50.10,39.98
39.06,35.48,21.35,23.08,21.58,99.02,57.07,50.10,39.90
39.07,35.48,21.35,23.08,21.58,99.40,56.92,50.10,39.90
39.08,35.48,21.35,23.08,21.58,99.02,57.07,50.10,39.98
39.09,35.41,21.35,23.11,21.58,99.02,57.07,50.10,39.90
39.10,35.48,21.35,23.08,21.58,99.02,57.07,49.98,39.90
39.11,35.41,21.35,23.08,21.58,99.02,57.07,49.98,39.98
39.12,35.41,21.32,23.08,21.58,99.02,56.92,50.10,39.90
39.13,35.48,21.35,23.08,21.58,99.02,57.07,50.10,39.98
39.14,35.48,21.35,23.08,21.58,99.40,57.07,49.98,39.98
39.15,35.41,21.32,23.08,21.58,99.02,56.92,50.10,39.90
39.16,35.41,21.29,23.08,21.58,99.02,56.92,50.10,39.90
39.17,35.41,21.35,23.08,21.58,99.02,57.07,50.10,39.98
39.18,35.48,21.35,23.08,21.58,99.02,57.07,50.10,39.98
39.19,35.41,21.35,23.11,21.58,99.40,57.07,50.10,39.98
39.20,35.48,21.35,23.08,21.58,99.02,57.07,50.10,39.98
39.21,35.41,21.32,23.08,21.58,99.02,56.92,49.98,39.90
39.22,35.48,21.35,23.08,21.58,99.02,56.92,49.98,39.98
39.23,35.48,21.35,23.08,21.58,99.02,57.07,49.98,39.98
39.24,35.48,21.35,23.11,21.62,99.02,57.07,50.10,39.90
39.25,35.41,21.35,23.08,21.58,99.02,56.92,49.98,39.98
39.26,35.34,21.35,23.08,21.58,99.02,56.92,49.98,39.90
39.27,35.48,21.35,23.08,21.58,99.02,57.07,49.98,39.90
39.28,35.41,21.35,23.08,21.58,99.40,56.92,50.10,39.90
39.29,35.41,21.35,23.08,21.58,99.40,57.07,50.10,39.90
39.30,35.48,21.35,23.11,21.58,99.02,57.07,50.10,39.98
39.31,35.34,21.32,23.08,21.58,99.02,56.92,49.98,39.90
39.32,35.48,21.32,23.08,21.58,99.02,56.92,49.98,39.90
39.33,35.48,21.35,23.08,21.58,99.40,57.07,50.10,39.90
39.34,35.48,21.35,23.11,21.58,99.02,56.92,50.10,39.90
39.35,35.48,21.35,23.08,21.58,99.02,56.92,50.10,39.90
39.36,35.41,21.35,23.08,21.58,99.02,57.07,50.10,39.98
39.37,35.48,21.32,23.08,21.55,99.02,56.92,50.10,39.98
39.38,35.48,21.35,23.11,21.58,99.40,56.92,49.98,39.90
39.39,35.48,21.35,23.11,21.58,99.02,57.07,50.10,39.98
39.40,35.48,21.35,23.11,21.58,99.40,56.92,50.10,39.98
39.41,35.41,21.35,23.08,21.58,99.02,56.92,50.10,39.98
39.42,35.41,21.35,23.08,21.58,99.02,56.92,49.98,39.98
39.43,35.48,21.35,23.08,21.58,99.02,57.07,50.10,39.98
39.44,35.48,21.35,23.11,21.58,99.40,57.07,50.10,39.98
39.45,35.41,21.35,23.08,21.58,99.40,57.07,50.10,39.98
39.46,35.48,21.32,23.08,21.58,99.02,56.92,49.98,39.98
39.47,35.41,21.35,23.11,21.62,99.02,56.92,50.10,39.90
39.48,35.48,21.35,23.08,21.58,99.40,56.92,50.10,39.98
39.49,35.48,21.35,23.11,21.55,99.40,56.92,50.10,39.98
39.50,35.48,21.35,23.08,21.58,99.02,56.92,50.10,39.90
39.51,35.48,21.35,23.08,21.62,99.02,56.92,49.98,39.98
39.52,35.48,21.35,23.08,21.58,99.02,57.07,49.98,39.90
39.53,35.41,21.35,23.08,21.58,99.02,56.92,50.10,39.90
39.54,35.48,21.35,23.11,21.58,99.40,56.92,50.10,39.98
39.55,35.48,21.35,23.11,21.58,99.40,57.07,50.10,39.98
39.56,35.48,21.35,23.08,21.62,99.02,56.78,49.98,39.90
39.57,35.48,21.35,23.08,21.58,99.02,57.07,50.10,39.98
39.58,35.41,21.32,23.08,21.62,99.40,56.78,49.98,39.83
39.59,35.41,21.35,23.11,21.58,99.40,57.21,50.10,39.98
39.60,35.41,21.35,23.08,21.58,99.02,57.07,50.10,39.90
39.61,35.41,21.35,23.08,21.58,99.02,56.92,50.10,39.90
39.62,35.48,21.35,23.08,21.58,99.02,57.07,49.98,39.90
39.63,35.41,21.35,23.08,21.58,99.02,57.07,50.10,39.98
39.64,35.48,21.35,23.11,21.58,99.02,57.21,50.10,39.98
39.65,35.48,21.35,23.11,21.58,99.40,56.92,50.10,39.90
39.66,35.41,21.35,23.08,21.58,99.02,56.92,49.98,39.98
39.67,35.41,21.32,23.11,21.58,99.02,56.92,50.10,39.98
39.68,35.41,21.35,23.08,21.58,99.02,57.07,50.10,39.98
39.69,35.48,21.35,23.11,21.58,99.40,56.92,50.10,39.98
39.70,35.48,21.35,23.08,21.58,99.02,57.07,50.10,39.98
39.71,35.41,21.32,23.04,21.58,99.02,56.92,50.10,39.90
39.72,35.48,21.35,23.11,21.58,99.02,56.92,50.10,39.98
39.73,35.54,21.35,23.11,21.58,99.40,56.92,50.10,39.98
39.74,35.48,21.35,23.11,21.58,99.40,57.07,50.21,39.98
39.75,35.48,21.35,23.11,21.58,99.02,57.07,50.10,39.90
39.76,35.48,21.35,23.11,21.58,99.02,57.07,50.10,39.90
39.77,35.48,21.35,23.08,21.58,99.02,57.07,50.10,39.90
39.78,35.48,21.35,23.11,21.62,99.02,56.92,50.10,39.98
39.79,35.41,21.35,23.11,21.58,99.40,57.07,50.21,39.98
39.80,35.48,21.35,23.11,21.58,99.02,57.07,49.98,39.98
39.81,35.48,21.35,23.08,21.58,99.02,57.07,50.10,39.98
39.82,35.48,21.35,23.08,21.62,99.02,57.07,50.10,39.98
39.83,35.48,21.35,23.11,21.62,98.64,57.07,49.98,39.98
39.84,35.54,21.38,23.11,21.58,99.02,57.07,50.21,39.98
39.85,35.41,21.35,23.11,21.62,99.40,57.07,49.98,39.98
39.86,35.48,21.35,23.08,21.58,99.02,57.07,49.98,39.98
39.87,35.41,21.35,23.08,21.58,99.02,57.07,50.10,39.90
39.88,35.41,21.35,23.11,21.58,99.02,57.07,49.98,39.90
39.89,35.41,21.38,23.11,21.62,99.40,57.07,50.10,39.98
39.90,35.48,21.35,23.11,21.58,99.40,56.92,50.10,39.90
39.91,35.48,21.35,23.11,21.58,99.02,56.92,50.10,39.98
39.92,35.48,21.35,23.11,21.58,99.02,57.07,49.98,39.98
39.93,35.48,21.35,23.11,21.58,99.02,57.07,50.10,39.98
39.94,35.54,21.35,23.11,21.58,99.02,57.07,50.10,39.98
39.95,35.48,21.38,23.11,21.58,99.40,56.92,50.10,39.98
39.96,35.48,21.35,23.11,21.58,99.02,57.07,50.10,39.90
39.97,35.48,21.35,23.08,21.58,99.02,57.07,50.10,39.98
39.98,35.48,21.35,23.11,21.58,99.02,57.07,49.98,39.90
39.99,35.48,21.38,23.11,21.58,99.02,56.92,50.10,39.98
40.00,35.48,21.38,23.11,21.62,99.02,57.07,50.10,39.98
40.01,35.48,21.35,23.11,21.58,99.02,57.07,50.10,39.90
40.02,35.48,21.35,23.11,21.58,99.40,57.07,50.10,39.98
40.03,35.41,21.38,23.11,21.62,99.40,57.07,50.10,39.98
40.04,35.48,21.38,23.11,21.62,99.40,57.07,50.10,39.98
40.05,35.48,21.38,23.11,21.62,99.40,56.92,50.10,39.98
40.06,35.48,21.35,23.11,21.58,99.02,57.07,50.10,39.98
40.07,35.48,21.35,23.11,21.58,99.02,56.92,50.10,39.98
40.08,35.48,21.35,23.11,21.58,99.02,57.07,50.10,39.98
40.09,35.41,21.38,23.11,21.58,99.02,57.07,50.10,39.98
40.10,35.48,21.35,23.11,21.58,99.02,57.21,50.10,39.98
40.11,35.41,21.35,23.11,21.58,99.02,57.07,50.10,39.98
40.12,35.48,21.35,23.11,21.62,99.40,57.07,49.98,39.98
40.13,35.48,21.38,23.11,21.58,99.40,57.07,50.21,39.98
40.14,35.54,21.38,23.11,21.58,99.40,57.07,50.10,39.98
40.15,35.48,21.38,23.11,21.58,99.40,57.07,50.10,39.98
40.16,35.48,21.35,23.11,21.58,99.02,57.07,49.98,39.98
40.17,35.41,21.35,23.11,21.58,99.02,57.07,50.10,39.98
40.18,35.54,21.38,23.11,21.58,99.40,57.07,50.10,39.98
40.19,35.48,21.38,23.15,21.62,99.40,57.07,50.10,39.98
40.20,35.54,21.38,23.11,21.62,99.02,57.07,50.10,39.90
40.21,35.41,21.35,23.08,21.58,99.40,57.07,50.10,39.98
40.22,35.48,21.32,23.11,21.58,99.40,57.07,50.10,39.98
40.23,35.48,21.38,23.11,21.58,99.40,56.92,50.10,39.90
40.24,35.54,21.38,23.15,21.58,99.40,56.92,50.10,39.98
40.25,35.48,21.35,23.11,21.58,99.02,57.07,50.10,39.98
40.26,35.48,21.35,23.11,21.58,99.40,57.07,50.10,39.98
40.27,35.48,21.32,23.11,21.62,99.40,57.07,50.10,39.98
40.28,35.48,21.38,23.11,21.58,99.40,57.07,50.10,39.98
40.29,35.48,21.38,23.15,21.58,99.40,57.07,50.10,39.90
40.30,35.48,21.38,23.11,21.58,99.40,57.07,50.10,39.98
40.31,35.48,21.35,23.11,21.58,99.40,57.07,50.10,39.98
40.32,35.48,21.35,23.11,21.58,99.40,57.07,50.10,39.98
40.33,35.48,21.38,23.11,21.58,99.02,57.07,50.10,39.98
40.34,35.54,21.38,23.11,21.58,99.02,56.92,50.10,39.98
40.35,35.54,21.35,23.11,21.58,99.40,57.07,50.10,39.98
40.36,35.48,21.35,23.08,21.55,99.02,57.07,50.10,39.98
40.37,35.48,21.35,23.11,21.58,99.40,57.07,50.10,39.98
40.38,35.48,21.38,23.11,21.58,99.02,57.07,50.10,39.98
40.39,35.48,21.38,23.11,21.58,99.40,57.07,50.10,39.98
40.40,35.41,21.38,23.11,21.58,99.40,57.07,50.10,39.98
40.41,35.48,21.35,23.08,21.58,99.02,57.07,50.10,39.98
40.42,35.41,21.38,23.11,21.62,99.02,57.07,50.10,39.98
40.43,35.48,21.38,23.11,21.58,99.02,57.07,50.10,39.98
40.44,35.48,21.38,23.11,21.58,99.02,57.07,50.10,39.98
40.45,35.41,21.38,23.11,21.58,99.02,56.92,50.10,39.98
40.46,35.41,21.35,23.11,21.58,99.02,57.07,50.10,39.98
40.47,35.48,21.35,23.11,21.62,99.40,57.07,50.10,39.98
40.48,35.48,21.38,23.11,21.58,99.40,57.07,50.10,39.98
40.49,35.48,21.38,23.15,21.62,99.40,57.07,50.10,39.98
40.50,35.48,21.38,23.11,21.58,99.02,57.07,50.10,39.98
40.51,35.48,21.38,23.11,21.62,99.02,57.21,50.10,39.98
40.52,35.48,21.35,23.11,21.55,99.40,56.92,50.10,39.98
40.53,35.54,21.38,23.11,21.58,99.40,57.07,50.10,39.98
40.54,35.48,21.38,23.15,21.58,99.02,56.92,50.10,39.98
40.55,35.41,21.35,23.11,21.58,99.40,57.07,50.10,39.98
40.56,35.41,21.35,23.11,21.58,99.02,57.07,50.10,39.98
40.57,35.48,21.38,23.11,21.62,99.40,57.07,50.10,39.90
40.58,35.54,21.38,23.11,21.58,99.40,57.07,50.10,39.90
40.59,35.48,21.38,23.11,21.62,99.02,57.07,50.10,39.98
40.60,35.48,21.38,23.11,21.58,99.02,57.07,50.10,39.98
40.61,35.48,21.35,23.11,21.58,99.40,57.07,50.10,39.98
40.62,35.48,21.38,23.11,21.58,99.40,57.07,50.10,39.98
40.63,35.54,21.38,23.11,21.58,99.40,57.07,50.21,39.98
40.64,35.48,21.38,23.15,21.62,99.02,57.07,50.10,39.98
40.65,35.48,21.35,23.11,21.58,99.02,57.07,50.10,39.98
40.66,35.48,21.35,23.11,21.58,99.02,56.92,50.10,39.98
40.67,35.48,21.35,23.11,21.58,99.02,57.07,50.10,39.90
40.68,35.48,21.38,23.11,21.62,99.40,57.07,50.10,39.98
40.69,35.54,21.38,23.11,21.62,99.40,57.07,50.10,39.98
40.70,35.54,21.38,23.11,21.58,99.02,57.07,50.10,39.90
40.71,35.48,21.38,23.11,21.58,99.40,56.92,50.10,39.98
40.72,35.41,21.35,23.11,21.58,99.02,57.07,50.10,39.98
40.73,35.48,21.35,23.11,21.62,99.40,57.07,50.10,39.98
40.74,35.48,21.35,23.15,21.58,99.02,56.92,50.10,39.98
40.75,35.41,21.38,23.11,21.62,99.02,57.07,50.10,39.90
40.76,35.41,21.35,23.11,21.62,99.02,57.07,50.10,39.90
40.77,35.41,21.35,23.11,21.58,99.02,57.07,50.10,39.98
40.78,35.48,21.38,23.11,21.58,99.02,57.07,50.10,39.90
40.79,35.54,21.38,23.11,21.62,99.40,57.07,50.10,39.98
40.80,35.54,21.38,23.11,21.58,99.02,57.07,50.10,39.98
40.81,35.41,21.35,23.11,21.58,99.02,57.07,50.10,39.98
40.82,35.48,21.35,23.11,21.58,99.40,56.92,50.10,39.90
40.83,35.41,21.38,23.11,21.58,99.40,57.21,50.10,39.98
40.84,35.48,21.38,23.11,21.58,99.02,56.92,50.10,39.90
40.85,35.48,21.38,23.11,21.58,99.40,57.21,50.10,39.98
40.86,35.48,21.35,23.11,21.58,99.02,56.92,50.10,39.90
40.87,35.48,21.35,23.11,21.58,99.02,57.07,50.10,39.98
40.88,35.48,21.38,23.15,21.58,99.02,57.07,50.10,39.98
40.89,35.48,21.38,23.11,21.58,99.02,57.07,50.10,39.98
40.90,35.48,21.35,23.11,21.58,99.02,57.07,49.98,39.98
40.91,35.41,21.35,23.11,21.58,99.40,57.07,50.10,39.98
40.92,35.48,21.35,23.11,21.62,99.02,57.07,50.10,39.98
40.93,35.54,21.38,23.15,21.62,99.40,57.07,50.10,39.98
40.94,35.54,21.38,23.11,21.58,99.40,57.07,50.10,39.98
40.95,35.54,21.35,23.11,21.58,99.02,57.07,50.10,39.90
40.96,35.41,21.38,23.11,21.58,99.02,57.07,50.10,39.98
40.97,35.41,21.35,23.11,21.58,99.02,56.92,50.10,39.98
40.98,35.41,21.38,23.11,21.62,99.40,57.07,50.10,39.98
40.99,35.41,21.38,23.11,21.58,99.02,56.92,50.10,39.90
41.00,35.48,21.38,23.15,21.58,99.02,57.07,49.98,39.90
41.01,35.48,21.35,23.08,21.58,99.02,56.92,50.10,39.98
41.02,35.48,21.35,23.11,21.58,99.02,57.07,49.98,39.98
41.03,35.54,21.38,23.11,21.58,99.40,57.07,50.10,39.98
41.04,35.54,21.38,23.11,21.62,99.02,56.92,49.98,39.98
41.05,35.48,21.38,23.11,21.58,99.40,57.07,50.10,39.98
41.06,35.41,21.35,23.11,21.58,99.02,57.07,50.10,39.98
41.07,35.41,21.35,23.11,21.58,99.40,57.07,50.10,39.98
41.08,35.41,21.38,23.11,21.62,99.02,57.07,50.10,39.98
41.09,35.48,21.38,23.11,21.58,99.02,57.07,50.21,39.98
41.10,35.54,21.38,23.11,21.58,99.02,57.07,50.21,39.98
41.11,35.48,21.35,23.11,21.58,99.40,57.07,50.10,39.98
41.12,35.41,21.35,23.11,21.58,99.40,57.07,50.10,39.98
41.13,35.48,21.35,23.11,21.58,99.02,57.07,50.10,39.98
41.14,35.48,21.38,23.15,21.58,99.02,57.07,50.10,39.98
41.15,35.48,21.35,23.11,21.58,99.02,56.92,50.10,39.90
41.16,35.48,21.35,23.11,21.58,99.40,56.92,50.10,39.98
41.17,35.48,21.35,23.11,21.58,99.40,56.78,50.10,39.98
41.18,35.48,21.35,23.11,21.58,99.02,56.92,50.10,39.98
41.19,35.54,21.38,23.11,21.58,99.40,56.92,50.10,39.98
41.20,35.41,21.35,23.08,21.58,99.02,57.07,50.10,39.98
41.21,35.48,21.35,23.08,21.58,99.02,57.07,50.10,39.90
41.22,35.48,21.35,23.11,21.62,99.02,57.07,50.10,39.98
41.23,35.48,21.35,23.11,21.58,99.02,57.07,50.10,39.90
41.24,35.48,21.35,23.08,21.58,99.40,56.92,50.10,39.98
41.25,35.48,21.35,23.11,21.58,99.02,57.07,49.98,39.90
41.26,35.41,21.35,23.11,21.58,99.02,56.92,50.10,39.98
41.27,35.41,21.35,23.11,21.58,99.02,56.92,50.10,39.98
41.28,35.41,21.35,23.08,21.58,99.40,57.07,50.10,39.98
41.29,35.48,21.38,23.11,21.58,99.02,57.07,50.10,39.90
41.30,35.48,21.35,23.08,21.58,99.02,56.92,50.10,39.98
41.31,35.48,21.35,23.08,21.58,99.02,57.07,50.10,39.90
41.32,35.41,21.35,23.08,21.58,99.02,56.92,49.98,39.98
41.33,35.41,21.35,23.11,21.58,99.02,57.07,50.10,39.98
41.34,35.48,21.38,23.11,21.58,99.02,56.92,50.10,39.90
41.35,35.48,21.35,23.08,21.58,99.02,57.07,49.98,39.98
41.36,35.48,21.35,23.08,21.58,99.02,56.92,50.10,39.98
41.37,35.41,21.35,23.08,21.58,99.02,56.92,49.98,39.98
41.38,35.41,21.38,23.08,21.58,99.40,56.92,49.98,39.90
41.39,35.48,21.35,23.11,21.58,99.02,57.07,50.10,39.98
41.40,35.41,21.35,23.11,21.58,99.02,56.92,50.10,39.98
41.41,35.41,21.35,23.08,21.58,99.02,57.07,49.98,39.98
41.42,35.41,21.35,23.08,21.62,99.40,56.92,49.98,39.98
41.43,35.48,21.38,23.11,21.58,99.02,57.07,49.98,39.98
41.44,35.41,21.35,23.08,21.62,99.02,57.07,50.10,39.98
41.45,35.48,21.35,23.11,21.58,99.02,57.07,50.10,39.98
41.46,35.41,21.35,23.11,21.58,99.02,57.07,50.10,39.98
41.47,35.48,21.35,23.08,21.58,99.02,57.07,50.10,39.98
41.48,35.48,21.35,23.08,21.58,99.02,57.07,50.10,39.98
41.49,35.48,21.35,23.08,21.58,99.02,56.92,50.10,39.98
41.50,35.41,21.35,23.08,21.62,99.02,56.92,49.98,39.98
41.51,35.41,21.35,23.08,21.58,99.02,56.92,49.98,39.98
41.52,35.48,21.35,23.08,21.58,99.02,56.92,49.98,39.98
41.53,35.41,21.35,23.08,21.58,99.02,56.92,49.98,39.98
41.54,35.41,21.35,23.11,21.58,99.02,56.92,50.10,39.98
41.55,35.41,21.35,23.08,21.58,99.02,57.07,49.98,39.98
41.56,35.41,21.35,23.08,21.58,99.02,56.92,49.98,39.98
41.57,35.41,21.35,23.08,21.58,99.02,56.92,49.98,39.98
41.58,35.48,21.35,23.08,21.58,99.02,57.07,50.10,39.98
41.59,35.41,21.35,23.08,21.58,99.02,56.92,49.98,39.98
41.60,35.48,21.35,23.08,21.58,99.02,57.07,49.98,39.98
41.61,35.48,21.35,23.08,21.58,99.02,57.07,50.10,39.98
41.62,35.41,21.32,23.08,21.58,99.02,56.92,49.98,39.98
41.63,35.41,21.35,23.08,21.58,99.02,57.07,49.98,39.98
41.64,35.48,21.35,23.08,21.58,99.40,56.92,50.10,39.98
41.65,35.48,21.35,23.08,21.58,99.02,56.92,49.98,39.98
41.66,35.41,21.32,23.08,21.58,99.02,57.07,49.98,39.90
41.67,35.41,21.35,23.08,21.58,99.02,57.07,50.10,39.98
41.68,35.41,21.35,23.08,21.58,99.40,56.92,50.10,39.98
41.69,35.48,21.35,23.08,21.58,99.02,57.07,49.98,39.98
41.70,35.41,21.32,23.08,21.58,99.02,56.92,49.98,39.90
41.71,35.41,21.32,23.08,21.58,99.02,56.92,50.10,39.90
41.72,35.34,21.32,23.08,21.58,99.02,57.07,49.98,39.98
41.73,35.41,21.35,23.08,21.62,99.02,57.07,50.10,39.98
41.74,35.41,21.35,23.08,21.58,99.02,56.92,50.10,39.90
41.75,35.34,21.35,23.08,21.58,99.02,57.07,50.10,39.90
41.76,35.41,21.32,23.08,21.58,99.02,56.92,49.98,39.98
41.77,35.41,21.32,23.08,21.58,99.02,57.07,50.10,39.98
41.78,35.41,21.35,23.08,21.58,99.02,56.92,49.98,39.98
41.79,35.48,21.35,23.08,21.55,99.02,56.92,50.10,39.90
41.80,35.48,21.35,23.08,21.58,99.02,56.92,49.98,39.90
41.81,35.41,21.35,23.08,21.58,99.02,57.07,49.98,39.98
41.82,35.41,21.35,23.08,21.58,99.02,56.92,50.10,39.98
41.83,35.48,21.32,23.08,21.62,99.02,56.92,50.10,39.98
41.84,35.48,21.35,23.08,21.58,99.02,56.92,50.10,39.98
41.85,35.41,21.35,23.08,21.58,99.02,57.07,49.98,39.98
41.86,35.41,21.32,23.08,21.58,98.64,56.92,49.98,39.98
41.87,35.41,21.35,23.08,21.58,99.02,56.92,49.98,39.98
41.88,35.48,21.35,23.08,21.58,99.02,57.07,50.10,39.98
41.89,35.41,21.35,23.11,21.58,99.02,57.07,50.10,39.98
41.90,35.41,21.35,23.08,21.62,99.02,57.07,50.10,39.98
41.91,35.41,21.35,23.08,21.58,99.02,57.07,50.10,39.98
41.92,35.41,21.35,23.08,21.58,99.02,56.92,50.10,39.90
41.93,35.48,21.35,23.08,21.58,99.40,57.07,49.98,39.98
41.94,35.48,21.35,23.08,21.58,99.02,56.92,49.98,39.98
41.95,35.41,21.35,23.08,21.58,99.02,56.92,49.98,39.90
41.96,35.41,21.35,23.08,21.58,99.02,56.92,50.10,39.98
41.97,35.41,21.35,23.08,21.58,99.02,57.07,49.98,39.98
41.98,35.48,21.35,23.08,21.58,99.02,56.92,50.10,39.98
41.99,35.41,21.35,23.08,21.58,99.02,57.07,49.98,39.98
42.00,35.48,21.35,23.08,21.55,99.02,56.92,49.98,39.90
42.01,35.41,21.32,23.08,21.58,99.02,57.07,49.98,39.98
42.02,35.41,21.35,23.08,21.58,99.02,57.07,49.98,39.98
42.03,35.48,21.35,23.08,21.58,99.02,57.07,50.10,39.98
42.04,35.48,21.35,23.08,21.55,99.02,57.07,50.10,39.98
42.05,35.41,21.32,23.08,21.58,99.02,56.78,50.10,39.98
42.06,35.41,21.35,23.08,21.58,99.02,56.92,50.10,39.98
42.07,35.41,21.35,23.08,21.58,99.02,56.92,49.98,39.98
42.08,35.48,21.35,23.08,21.58,99.02,57.21,50.10,39.98
42.09,35.41,21.35,23.08,21.58,99.02,56.92,49.98,39.98
42.10,35.41,21.35,23.08,21.58,99.02,57.07,49.98,39.90
42.11,35.41,21.35,23.08,21.55,99.02,56.92,49.98,40.06
42.12,35.41,21.35,23.08,21.58,99.02,56.92,49.98,39.90
42.13,35.41,21.35,23.08,21.58,99.02,56.92,50.10,39.98
42.14,35.48,21.35,23.08,21.58,99.02,56.92,50.10,39.98
42.15,35.41,21.32,23.08,21.58,99.02,57.07,49.98,39.98
42.16,35.41,21.35,23.08,21.58,98.64,56.92,49.98,39.90
42.17,35.41,21.35,23.08,21.58,99.02,57.07,49.98,39.90
42.18,35.41,21.35,23.08,21.62,99.02,57.07,50.10,39.98
42.19,35.48,21.32,23.11,21.55,99.02,57.07,49.98,39.83
42.20,35.34,21.35,23.08,21.58,99.02,56.92,49.98,39.90
42.21,35.48,21.35,23.04,21.58,99.02,56.92,49.98,39.98
42.22,35.41,21.35,23.04,21.58,99.02,56.92,49.98,39.98
42.23,35.41,21.35,23.08,21.58,99.02,56.92,49.98,39.98
42.24,35.41,21.35,23.08,21.58,99.02,56.92,49.98,39.98
42.25,35.41,21.32,23.08,21.58,99.02,56.92,50.10,39.98
42.26,35.41,21.32,23.08,21.58,99.02,56.92,49.98,39.98
42.27,35.41,21.32,23.04,21.58,99.02,57.07,50.10,39.98
42.28,35.41,21.35,23.08,21.62,99.02,56.92,49.98,39.98
42.29,35.41,21.35,23.08,21.58,99.02,56.92,50.10,39.98
42.30,35.41,21.35,23.08,21.58,99.02,56.92,49.98,39.98
42.31,35.41,21.32,23.04,21.58,99.02,56.92,49.98,39.98
42.32,35.41,21.32,23.08,21.58,99.02,56.92,49.98,39.98
42.33,35.41,21.35,23.08,21.58,99.02,56.92,50.10,39.90
42.34,35.48,21.35,23.08,21.58,98.64,57.07,49.98,39.98
42.35,35.48,21.35,23.08,21.58,99.02,57.07,50.10,39.98
42.36,35.41,21.32,23.04,21.58,99.02,56.92,49.98,39.98
42.37,35.41,21.35,23.08,21.58,99.02,56.92,49.87,39.98
42.38,35.48,21.35,23.08,21.58,99.02,56.92,49.98,39.98
42.39,35.48,21.35,23.08,21.58,99.02,56.92,49.98,39.90
42.40,35.41,21.32,23.04,21.58,99.02,57.07,49.98,39.98
42.41,35.41,21.35,23.04,21.58,99.02,56.92,50.10,39.98
42.42,35.41,21.32,23.08,21.58,99.02,56.92,49.98,39.98
42.43,35.41,21.35,23.08,21.62,99.02,57.07,49.98,39.98
42.44,35.41,21.32,23.08,21.55,99.02,56.92,50.10,39.90
42.45,35.41,21.32,23.08,21.58,99.02,56.92,49.98,39.98
42.46,35.41,21.32,23.04,21.58,99.02,56.92,49.98,39.98
42.47,35.41,21.35,23.04,21.62,99.02,56.78,49.98,39.98
42.48,35.41,21.35,23.08,21.58,99.02,57.07,49.98,39.98
42.49,35.48,21.35,23.08,21.58,99.02,56.92,50.10,39.98
42.50,35.41,21.32,23.08,21.55,99.02,56.92,50.10,39.98
42.51,35.34,21.32,23.04,21.55,99.02,57.07,49.98,39.98
42.52,35.41,21.35,23.08,21.55,99.02,56.92,49.98,39.98
42.53,35.48,21.32,23.08,21.58,99.02,56.92,49.98,39.98
42.54,35.41,21.32,23.08,21.58,99.02,56.92,50.10,39.90
42.55,35.34,21.32,23.08,21.58,99.02,56.92,49.98,39.98
42.56,35.41,21.32,23.04,21.58,99.02,56.78,49.98,39.98
42.57,35.41,21.29,23.04,21.58,99.02,56.92,49.98,39.98
42.58,35.41,21.35,23.08,21.58,99.02,57.07,49.98,39.98
42.59,35.41,21.35,23.08,21.58,99.02,56.92,49.98,39.98
42.60,35.41,21.32,23.04,21.58,99.02,57.07,49.98,39.98
42.61,35.41,21.32,23.04,21.58,99.02,56.92,49.98,39.98
42.62,35.41,21.35,23.08,21.58,99.02,56.92,49.98,39.98
42.63,35.41,21.35,23.08,21.55,99.02,56.92,49.98,39.90
42.64,35.41,21.35,23.08,21.55,98.64,56.92,49.98,39.90
42.65,35.34,21.29,23.08,21.58,99.02,56.92,49.98,39.98
42.66,35.34,21.32,23.04,21.58,99.02,56.92,49.98,39.98
42.67,35.41,21.32,23.04,21.58,99.02,57.07,49.98,39.90
42.68,35.41,21.32,23.08,21.58,98.64,56.92,49.98,39.98
42.69,35.41,21.32,23.04,21.58,99.02,56.92,49.98,39.98
42.70,35.41,21.29,23.04,21.58,98.64,56.92,49.98,39.98
42.71,35.41,21.32,23.04,21.58,98.64,56.92,49.98,39.90
42.72,35.41,21.29,23.08,21.58,99.02,56.92,49.98,39.90
42.73,35.41,21.32,23.08,21.58,99.02,57.07,49.98,39.98
42.74,35.41,21.32,23.04,21.55,99.02,56.92,49.98,39.98
42.75,35.34,21.29,23.08,21.58,99.02,56.92,49.98,39.98
42.76,35.34,21.29,23.04,21.58,98.64,56.92,49.98,39.98
42.77,35.34,21.32,23.08,21.58,99.02,56.92,49.98,39.98
42.78,35.41,21.35,23.04,21.58,99.02,56.92,49.98,39.98
42.79,35.41,21.32,23.04,21.58,99.02,56.92,49.98,39.98
42.80,35.41,21.32,23.04,21.58,99.02,56.92,49.98,39.98
42.81,35.41,21.32,23.04,21.55,99.02,56.92,49.98,39.90
42.82,35.41,21.29,23.04,21.55,99.02,56.92,49.98,39.98
42.83,35.34,21.29,23.04,21.58,99.02,56.92,50.10,39.90
42.84,35.41,21.32,23.04,21.58,99.02,56.92,49.98,39.98
42.85,35.41,21.32,23.04,21.58,99.02,56.92,49.98,39.90
42.86,35.34,21.32,23.04,21.58,99.02,56.92,49.98,39.90
42.87,35.41,21.32,23.04,21.58,99.02,56.92,49.98,39.98
42.88,35.41,21.32,23.08,21.58,99.02,56.92,49.98,39.98
42.89,35.41,21.32,23.04,21.55,99.02,56.92,49.98,39.98
42.90,35.34,21.32,23.04,21.58,99.02,56.92,49.98,39.98
42.91,35.34,21.32,23.04,21.58,99.02,56.92,49.98,39.98
42.92,35.34,21.32,23.04,21.58,99.02,56.92,49.98,39.98
42.93,35.41,21.35,23.04,21.58,99.02,57.07,49.98,39.98
42.94,35.34,21.35,23.04,21.55,99.02,56.92,49.98,39.98
42.95,35.34,21.29,23.01,21.58,98.64,57.07,49.98,39.98
42.96,35.34,21.32,23.04,21.55,98.64,56.92,49.98,39.98
42.97,35.28,21.32,23.04,21.58,99.02,56.78,49.87,39.98
42.98,35.41,21.35,23.04,21.58,99.02,56.92,49.98,39.98
42.99,35.41,21.32,23.04,21.58,99.02,56.92,49.98,39.90
43.00,35.34,21.32,23.04,21.58,98.64,56.92,49.98,39.98
43.01,35.34,21.32,23.04,21.58,98.64,56.92,49.87,39.98
43.02,35.41,21.32,23.04,21.58,99.02,56.92,49.98,39.98
43.03,35.41,21.32,23.04,21.58,99.02,57.07,49.98,39.98
43.04,35.41,21.32,23.04,21.58,99.02,56.92,49.98,39.98
43.05,35.34,21.29,23.04,21.55,98.64,56.78,49.98,39.98
43.06,35.34,21.32,23.04,21.58,99.02,56.78,49.98,39.90
43.07,35.41,21.32,23.04,21.55,99.02,57.07,49.98,39.98
43.08,35.41,21.32,23.04,21.58,99.02,56.92,49.98,39.98
43.09,35.34,21.32,23.04,21.58,99.02,56.78,49.98,39.90
43.10,35.34,21.32,23.01,21.58,98.64,56.92,49.98,39.98
43.11,35.34,21.32,23.04,21.58,98.64,56.92,49.98,39.98
43.12,35.34,21.32,23.04,21.58,98.64,56.92,49.98,39.98
43.13,35.34,21.32,23.04,21.58,99.02,56.92,49.98,39.98
43.14,35.34,21.32,23.04,21.58,98.64,56.92,49.98,39.90
43.15,35.34,21.32,23.04,21.58,98.64,56.92,49.98,39.98
43.16,35.34,21.32,23.01,21.58,98.64,56.92,49.87,39.98
43.17,35.34,21.32,23.04,21.58,99.02,56.78,49.98,39.98
43.18,35.34,21.32,23.04,21.58,99.02,56.92,49.98,39.90
43.19,35.34,21.32,23.04,21.58,99.02,56.92,49.98,39.98
43.20,35.34,21.29,23.04,21.58,99.02,56.92,49.98,39.98
43.21,35.28,21.32,23.01,21.58,99.02,56.92,49.98,39.98
43.22,35.28,21.29,23.04,21.58,99.02,56.92,49.98,39.98
43.23,35.34,21.29,23.04,21.58,98.64,56.92,49.98,39.98
43.24,35.28,21.35,23.04,21.58,98.64,56.92,49.98,39.98
43.25,35.34,21.26,23.01,21.58,98.64,56.92,49.87,39.98
43.26,35.34,21.32,23.01,21.58,98.64,56.78,49.98,39.90
43.27,35.34,21.32,23.04,21.58,98.64,56.92,49.98,39.98
43.28,35.34,21.32,23.04,21.58,98.64,56.92,49.98,39.90
43.29,35.34,21.32,23.04,21.58,98.64,56.92,49.98,39.98
43.30,35.28,21.32,23.01,21.58,98.64,56.92,49.98,39.98
43.31,35.28,21.29,23.01,21.58,99.02,56.92,49.98,39.90
43.32,35.28,21.32,23.01,21.58,98.64,56.92,49.98,39.98
43.33,35.34,21.32,23.04,21.58,99.02,56.92,49.98,39.90
43.34,35.34,21.32,23.04,21.58,99.02,57.07,49.98,39.98
43.35,35.28,21.29,23.01,21.55,98.64,56.64,49.98,39.90
43.36,35.34,21.29,23.01,21.58,98.64,56.78,49.98,40.06
43.37,35.34,21.32,23.01,21.58,99.02,57.07,49.98,39.98
43.38,35.41,21.32,23.04,21.58,98.64,56.92,49.98,39.98
43.39,35.34,21.29,23.04,21.58,99.02,56.78,49.98,39.90
43.40,35.34,21.32,23.01,21.58,98.64,56.92,49.98,39.98
43.41,35.34,21.29,23.01,21.52,98.64,56.92,49.98,39.90
43.42,35.34,21.29,23.01,21.58,99.02,56.78,49.98,39.90
43.43,35.34,21.29,23.04,21.62,99.02,56.78,49.98,39.98
43.44,35.28,21.29,23.04,21.58,99.02,56.92,49.98,39.98
43.45,35.34,21.29,23.01,21.58,98.64,56.92,49.98,39.90
43.46,35.28,21.29,23.01,21.58,98.64,56.92,49.98,39.90
43.47,35.41,21.32,23.01,21.55,99.02,56.92,49.98,39.98
43.48,35.28,21.32,23.01,21.58,99.02,56.92,49.98,39.98
43.49,35.48,21.32,23.01,21.58,98.64,56.92,49.98,39.90
43.50,35.28,21.32,23.01,21.58,98.64,56.92,49.98,39.98
43.51,35.34,21.32,23.01,21.58,98.64,56.92,49.98,39.90
43.52,35.28,21.29,23.01,21.58,98.64,56.92,49.87,39.98
43.53,35.34,21.32,23.04,21.55,99.02,56.92,49.98,39.90
43.54,35.34,21.32,23.04,21.58,99.02,56.92,49.98,39.90
43.55,35.34,21.32,23.01,21.58,98.64,56.92,49.87,39.98
43.56,35.34,21.29,23.01,21.58,99.02,56.78,49.98,39.98
43.57,35.34,21.29,23.01,21.58,98.64,57.07,49.87,39.98
43.58,35.34,21.32,23.01,21.58,99.02,56.92,49.98,39.98
43.59,35.34,21.32,23.04,21.58,98.26,56.92,49.98,39.98
43.60,35.28,21.32,23.01,21.58,99.02,56.92,49.98,39.90
43.61,35.34,21.29,23.01,21.58,98.64,56.92,50.10,39.90
43.62,35.34,21.32,23.01,21.58,98.64,56.92,49.87,39.90
43.63,35.28,21.32,23.01,21.58,99.02,57.07,49.98,39.90
43.64,35.34,21.32,23.01,21.58,98.64,56.78,49.98,39.98
43.65,35.34,21.29,23.01,21.58,98.64,56.78,49.98,39.98
43.66,35.28,21.29,23.01,21.55,99.02,56.92,49.98,39.90
43.67,35.34,21.29,23.01,21.55,98.64,56.78,49.98,39.90
43.68,35.34,21.32,23.01,21.58,98.64,56.78,49.98,39.90
43.69,35.34,21.32,23.01,21.55,99.02,56.92,49.98,39.90
43.70,35.28,21.29,23.01,21.58,98.64,56.64,49.98,39.98
43.71,35.28,21.29,23.01,21.58,98.64,56.92,49.98,39.90
43.72,35.41,21.29,23.01,21.58,98.64,56.92,49.98,39.90
43.73,35.34,21.32,23.04,21.58,99.02,56.78,49.98,39.98
43.74,35.34,21.29,23.01,21.58,98.64,56.78,49.98,39.90
43.75,35.28,21.29,23.01,21.58,98.64,56.92,49.98,39.98
43.76,35.34,21.29,23.01,21.58,98.64,56.92,49.98,39.90
43.77,35.28,21.29,23.01,21.58,98.64,56.92,49.87,39.98
43.78,35.34,21.29,23.04,21.58,98.64,56.92,49.98,39.98
43.79,35.41,21.32,23.01,21.58,98.64,56.92,49.98,39.98
43.80,35.28,21.26,23.01,21.58,98.64,56.92,49.87,39.90
43.81,35.28,21.26,23.01,21.58,98.64,56.92,49.98,39.98
43.82,35.34,21.32,23.01,21.58,98.64,56.92,49.98,39.98
43.83,35.28,21.32,23.01,21.55,99.02,56.92,49.98,39.98
43.84,35.34,21.29,23.01,21.58,99.02,56.92,49.98,39.98
43.85,35.28,21.29,23.01,21.58,99.02,56.92,49.98,39.98
43.86,35.28,21.29,23.01,21.58,98.64,56.78,49.98,39.98
43.87,35.28,21.32,23.01,21.58,98.64,56.92,49.98,39.98
43.88,35.34,21.29,23.01,21.58,99.02,56.92,49.98,39.98
43.89,35.34,21.32,23.01,21.58,98.64,56.92,49.87,39.98
43.90,35.28,21.32,23.01,21.58,98.64,56.92,49.98,39.98
43.91,35.34,21.29,23.01,21.58,98.64,56.92,49.98,39.98
43.92,35.34,21.29,23.01,21.58,98.64,56.92,49.98,39.90
43.93,35.28,21.32,23.04,21.58,98.64,56.92,49.98,39.98
43.94,35.34,21.32,23.01,21.58,98.64,56.92,49.98,39.98
43.95,35.28,21.32,23.01,21.58,99.02,56.92,49.98,39.98
43.96,35.21,21.29,23.01,21.58,98.64,56.92,49.87,39.98
43.97,35.41,21.32,23.01,21.58,98.64,56.92,49.98,39.98
43.98,35.34,21.32,23.01,21.58,99.02,56.92,49.98,39.90
43.99,35.28,21.32,23.01,21.58,98.64,56.92,49.98,39.98
44.00,35.34,21.32,23.01,21.58,99.02,56.92,49.98,39.98
44.01,35.28,21.29,23.01,21.58,99.02,56.92,49.87,39.98
44.02,35.34,21.32,23.01,21.58,98.64,56.92,49.98,39.98
44.03,35.34,21.32,23.04,21.58,98.64,56.92,49.98,39.98
44.04,35.34,21.32,23.01,21.58,98.64,56.92,49.98,39.98
44.05,35.28,21.32,23.01,21.58,98.64,56.92,49.98,39.98
44.06,35.28,21.32,23.01,21.58,99.02,56.92,49.87,39.98
44.07,35.34,21.32,23.01,21.58,98.64,56.92,49.98,39.98
44.08,35.34,21.32,23.01,21.55,99.02,56.92,49.98,39.90
44.09,35.41,21.32,23.01,21.58,98.64,56.92,49.98,39.98
44.10,35.28,21.29,23.01,21.58,98.64,56.92,49.87,39.98
44.11,35.28,21.32,23.01,21.58,98.64,56.92,49.98,39.98
44.12,35.34,21.32,23.01,21.58,98.64,56.92,49.98,39.98
44.13,35.28,21.29,23.04,21.58,98.64,56.92,49.98,39.98
44.14,35.34,21.32,23.04,21.58,98.64,56.78,49.98,39.98
44.15,35.34,21.29,23.04,21.58,98.64,56.92,49.98,39.98
44.16,35.34,21.29,23.01,21.58,99.02,56.92,49.98,39.98
44.17,35.34,21.32,23.01,21.58,99.02,56.92,49.98,39.98
44.18,35.34,21.29,23.01,21.58,98.64,56.78,49.98,39.98
44.19,35.34,21.32,23.04,21.58,99.02,57.07,49.98,39.98
44.20,35.34,21.29,23.04,21.58,98.64,56.92,49.98,39.98
44.21,35.28,21.29,23.01,21.58,98.64,56.78,49.98,39.90
44.22,35.34,21.32,23.01,21.58,99.02,57.07,49.98,39.98
44.23,35.28,21.32,23.01,21.58,99.02,56.92,49.98,39.98
44.24,35.34,21.32,23.01,21.58,99.02,56.92,49.98,39.98
44.25,35.34,21.32,23.01,21.58,99.02,56.92,49.98,39.98
44.26,35.28,21.32,23.01,21.58,98.64,56.92,49.98,39.98
44.27,35.34,21.32,23.01,21.58,98.64,56.92,49.98,39.90
44.28,35.34,21.32,23.04,21.58,99.02,56.92,49.98,39.90
44.29,35.34,21.32,23.04,21.58,99.02,56.92,49.98,39.98
44.30,35.34,21.32,23.01,21.58,99.02,56.92,49.98,39.90
44.31,35.34,21.32,23.01,21.58,99.02,56.92,49.98,39.98
44.32,35.34,21.32,23.04,21.58,98.64,56.92,49.98,39.98
44.33,35.28,21.32,23.01,21.58,98.64,56.92,49.98,39.98
44.34,35.34,21.32,23.04,21.58,98.64,56.92,49.98,39.98
44.35,35.34,21.32,23.01,21.58,98.64,56.92,49.87,39.98
44.36,35.34,21.32,23.01,21.58,99.02,56.92,49.98,39.98
44.37,35.28,21.32,23.01,21.58,99.02,56.92,49.98,39.98
44.38,35.34,21.32,23.04,21.58,98.64,56.92,49.98,39.98
44.39,35.28,21.32,23.01,21.58,99.02,56.92,49.98,39.98
44.40,35.34,21.29,23.01,21.58,99.02,56.78,49.98,39.98
44.41,35.34,21.29,23.01,21.55,98.64,56.92,49.98,39.98
44.42,35.28,21.32,23.01,21.58,98.64,56.92,49.98,39.98
44.43,35.34,21.35,23.04,21.58,99.02,57.07,49.98,39.90
44.44,35.34,21.32,23.01,21.58,99.02,56.92,49.98,39.98
44.45,35.34,21.29,23.01,21.58,98.64,56.92,49.98,39.98
44.46,35.28,21.32,23.04,21.58,99.02,56.92,49.98,39.98
44.47,35.34,21.32,23.01,21.58,98.64,57.07,49.98,39.98
44.48,35.34,21.32,23.04,21.58,99.02,57.07,49.98,39.98
44.49,35.34,21.35,23.04,21.62,98.64,56.92,49.98,39.98
44.50,35.34,21.32,23.04,21.58,98.64,56.92,49.98,39.98
44.51,35.28,21.32,23.01,21.58,98.64,56.92,49.98,39.98
44.52,35.34,21.35,23.01,21.58,99.02,56.92,49.98,39.98
44.53,35.34,21.32,23.04,21.58,98.64,57.07,49.98,39.98
44.54,35.28,21.35,23.04,21.58,99.02,56.78,49.98,39.98
44.55,35.34,21.32,23.01,21.58,99.02,56.92,49.87,39.98
44.56,35.34,21.32,23.04,21.58,98.64,56.92,49.98,39.98
44.57,35.34,21.32,23.04,21.58,98.64,57.07,49.98,39.98
44.58,35.34,21.32,23.04,21.58,99.02,56.78,49.98,39.98
44.59,35.34,21.35,23.04,21.58,98.64,57.07,49.98,39.98
44.60,35.34,21.32,23.01,21.58,98.64,56.78,49.98,39.90
44.61,35.41,21.32,23.01,21.58,98.64,57.07,49.98,39.98
44.62,35.34,21.32,23.04,21.55,99.02,56.78,49.98,39.98
44.63,35.34,21.32,23.04,21.58,99.02,56.92,49.98,39.83
44.64,35.34,21.32,23.01,21.58,99.02,56.92,49.98,39.98
44.65,35.34,21.29,23.01,21.58,99.02,56.92,49.98,39.90
44.66,35.34,21.32,23.01,21.58,98.64,56.92,49.98,39.98
44.67,35.34,21.32,23.01,21.58,98.64,57.07,49.98,39.98
44.68,35.41,21.35,23.04,21.58,99.02,56.92,49.98,39.98
44.69,35.41,21.32,23.04,21.58,99.02,56.92,49.98,39.98
44.70,35.34,21.32,23.01,21.58,98.64,56.92,49.98,39.98
44.71,35.28,21.32,23.01,21.58,98.64,56.92,49.98,39.98
44.72,35.41,21.32,23.01,21.58,98.64,56.92,49.98,39.98
44.73,35.21,21.35,23.04,21.58,99.02,56.92,49.98,39.98
44.74,35.41,21.32,23.01,21.58,99.02,56.92,49.98,39.98
44.75,35.28,21.32,23.01,21.58,98.64,56.92,49.98,39.98
44.76,35.34,21.32,23.04,21.55,99.02,56.92,49.87,39.98
44.77,35.28,21.32,23.01,21.58,99.02,56.92,49.98,39.98
44.78,35.41,21.32,23.04,21.58,98.64,56.92,49.98,39.90
44.79,35.34,21.32,23.04,21.58,99.02,56.92,49.98,39.98
44.80,35.34,21.32,23.01,21.58,98.64,56.92,49.98,39.90
44.81,35.34,21.32,23.01,21.55,99.02,56.92,49.98,39.98
44.82,35.34,21.32,23.04,21.58,98.64,56.92,49.98,39.90
44.83,35.28,21.35,23.04,21.58,98.64,56.78,49.98,39.98
44.84,35.34,21.32,23.04,21.58,99.02,56.92,49.98,39.98
44.85,35.34,21.35,23.01,21.58,99.02,56.92,49.98,39.98
44.86,35.34,21.32,23.01,21.58,99.02,57.07,50.10,39.90
44.87,35.28,21.32,23.04,21.58,99.02,56.92,49.98,39.98
44.88,35.34,21.35,23.04,21.58,99.02,56.92,49.98,39.98
44.89,35.28,21.32,23.01,21.58,99.02,56.92,49.98,39.98
44.90,35.34,21.32,23.01,21.58,98.64,56.92,49.98,39.90
44.91,35.34,21.32,23.04,21.58,98.64,56.92,49.98,39.98
44.92,35.41,21.32,23.04,21.58,99.02,57.07,49.98,39.98
44.93,35.34,21.35,23.04,21.58,99.02,57.07,49.98,39.98
44.94,35.28,21.35,23.04,21.58,99.02,56.92,49.98,39.98
44.95,35.34,21.32,23.01,21.58,98.64,56.92,49.98,39.90
44.96,35.28,21.32,23.01,21.58,99.02,57.07,49.98,39.98
44.97,35.34,21.32,23.04,21.58,99.02,56.92,49.98,39.98
44.98,35.34,21.32,23.04,21.58,99.02,57.07,50.10,39.98
44.99,35.41,21.35,23.04,21.58,99.02,57.07,49.98,39.98
45.00,35.34,21.32,23.01,21.58,99.02,57.07,49.98,39.98
45.01,35.28,21.32,23.01,21.58,98.64,56.92,49.98,39.98
45.02,35.34,21.35,23.01,21.58,99.02,57.07,49.98,39.98
45.03,35.34,21.35,23.04,21.58,99.02,56.92,49.98,39.98
45.04,35.34,21.35,23.04,21.58,99.02,56.92,49.98,39.98
45.05,35.34,21.32,23.04,21.58,99.02,57.07,49.98,39.98
45.06,35.34,21.32,23.01,21.58,98.64,56.92,49.87,39.98
45.07,35.34,21.35,23.04,21.58,99.02,57.07,49.98,39.98
45.08,35.41,21.35,23.04,21.58,99.02,56.92,49.98,39.98
45.09,35.34,21.35,23.04,21.58,98.64,56.92,49.98,39.98
45.10,35.28,21.32,23.04,21.55,98.64,56.92,49.98,39.98
45.11,35.34,21.32,23.04,21.58,99.02,56.92,49.98,39.90
45.12,35.34,21.29,23.04,21.58,98.64,57.07,49.98,39.98
45.13,35.41,21.35,23.04,21.58,99.02,56.92,50.10,39.98
45.14,35.34,21.35,23.04,21.58,99.02,57.07,49.98,39.98
45.15,35.34,21.32,23.04,21.58,98.64,56.92,49.98,39.98
45.16,35.34,21.32,23.04,21.58,99.02,56.92,50.10,39.98
45.17,35.34,21.35,23.04,21.58,98.64,56.92,49.98,39.98
45.18,35.41,21.35,23.04,21.58,99.02,57.07,49.98,39.98
45.19,35.28,21.35,23.04,21.58,99.02,56.92,49.98,39.98
45.20,35.34,21.32,23.01,21.55,99.02,56.92,49.87,39.98
45.21,35.34,21.35,23.01,21.58,98.64,56.92,49.98,39.98
45.22,35.28,21.35,23.04,21.58,99.02,57.07,49.98,39.98
45.23,35.28,21.35,23.04,21.58,98.64,57.07,49.98,39.98
45.24,35.28,21.35,23.04,21.58,99.02,57.07,49.98,39.98
45.25,35.28,21.32,23.04,21.58,98.64,56.92,49.98,39.98
45.26,35.28,21.35,23.04,21.58,99.02,57.07,49.98,39.98
45.27,35.34,21.35,23.04,21.58,99.02,56.92,49.98,39.98
45.28,35.34,21.35,23.04,21.58,98.64,56.92,49.98,39.98
45.29,35.28,21.35,23.04,21.58,99.02,57.07,49.98,39.98
45.30,35.28,21.35,23.04,21.58,99.02,56.92,49.98,39.98
45.31,35.28,21.35,23.01,21.58,98.64,56.92,49.98,39.98
45.32,35.34,21.32,23.04,21.58,99.02,57.07,49.98,39.98
45.33,35.34,21.35,23.04,21.58,99.02,56.92,49.98,39.98
45.34,35.34,21.35,23.04,21.58,98.64,57.07,49.98,39.98
45.35,35.28,21.35,23.01,21.58,98.64,56.92,49.98,39.98
45.36,35.34,21.32,23.01,21.58,98.64,57.07,49.87,39.98
45.37,35.21,21.35,23.04,21.58,98.64,57.07,49.98,39.98
45.38,35.41,21.35,23.04,21.58,99.02,56.92,49.98,39.98
45.39,35.41,21.35,23.04,21.58,98.64,56.92,49.98,39.98
45.40,35.34,21.35,23.04,21.58,99.02,56.92,49.98,39.98
45.41,35.28,21.32,23.01,21.58,99.02,56.92,49.98,39.98
45.42,35.28,21.35,23.01,21.58,98.64,57.07,49.98,39.98
45.43,35.34,21.35,23.04,21.58,99.02,57.07,49.98,39.98
45.44,35.34,21.32,23.04,21.58,99.02,57.07,49.87,39.98
45.45,35.34,21.32,23.04,21.58,99.02,57.07,49.98,39.90
45.46,35.34,21.35,23.01,21.58,99.02,57.07,49.98,39.98
45.47,35.34,21.35,23.04,21.58,99.02,57.07,49.98,39.98
45.48,35.28,21.35,23.04,21.58,99.02,56.92,49.98,39.98
45.49,35.28,21.32,23.04,21.58,99.02,57.07,49.98,39.98
45.50,35.28,21.35,23.01,21.58,99.02,57.07,49.98,39.98
45.51,35.28,21.32,23.01,21.58,98.64,57.07,49.98,39.98
45.52,35.34,21.35,23.04,21.58,99.02,57.07,49.98,39.98
45.53,35.41,21.38,23.04,21.58,98.64,57.07,49.98,39.98
45.54,35.41,21.35,23.04,21.58,98.64,56.92,49.98,39.98
45.55,35.34,21.32,23.04,21.58,99.02,56.92,49.98,39.98
45.56,35.28,21.35,23.01,21.58,99.02,56.92,49.98,39.98
45.57,35.34,21.35,23.04,21.58,98.64,57.07,49.98,40.06
45.58,35.34,21.35,23.04,21.58,99.02,57.07,49.98,39.98
45.59,35.34,21.35,23.04,21.58,99.02,56.92,49.98,39.98
45.60,35.28,21.32,23.01,21.58,98.64,56.92,49.98,39.98
45.61,35.28,21.32,23.04,21.58,99.02,56.92,49.98,39.98
45.62,35.34,21.35,23.04,21.58,99.02,56.92,49.98,39.98
45.63,35.28,21.35,23.04,21.58,99.02,57.07,49.98,39.98
45.64,35.28,21.35,23.04,21.58,98.64,57.07,49.98,39.98
45.65,35.28,21.35,23.01,21.58,98.64,56.92,49.98,40.06
45.66,35.34,21.35,23.01,21.58,98.64,57.07,49.98,39.98
45.67,35.34,21.35,23.04,21.58,99.02,56.92,49.98,39.98
45.68,35.28,21.35,23.04,21.58,98.64,57.07,49.98,39.98
45.69,35.34,21.35,23.01,21.55,99.02,56.92,49.98,39.98
45.70,35.34,21.32,23.01,21.58,99.02,56.92,49.98,39.98
45.71,35.28,21.32,23.01,21.58,98.64,57.07,49.98,39.98
45.72,35.28,21.35,23.04,21.58,98.64,56.78,49.98,39.98
45.73,35.34,21.35,23.04,21.58,99.02,56.92,49.98,39.98
45.74,35.34,21.35,23.04,21.58,99.02,56.92,49.98,39.98
45.75,35.28,21.32,23.04,21.58,99.02,56.92,49.98,39.98
45.76,35.34,21.32,23.01,21.58,99.02,56.92,49.98,39.98
45.77,35.34,21.38,23.01,21.62,99.02,57.07,49.98,39.98
45.78,35.28,21.35,23.04,21.58,99.02,57.07,49.98,39.98
45.79,35.34,21.35,23.04,21.58,98.64,57.07,49.98,39.98
45.80,35.34,21.32,23.01,21.58,99.02,57.07,49.98,39.98
45.81,35.28,21.32,23.04,21.58,98.64,56.92,49.98,39.98
45.82,35.28,21.35,23.08,21.58,99.02,57.07,49.98,39.98
45.83,35.28,21.35,23.04,21.58,98.64,56.92,49.98,39.98
45.84,35.41,21.35,23.01,21.58,99.02,57.07,49.98,39.98
45.85,35.34,21.35,23.01,21.58,98.64,56.92,49.98,39.98
45.86,35.28,21.35,23.01,21.58,98.64,56.78,49.98,39.90
45.87,35.34,21.35,23.04,21.58,99.02,57.07,49.98,40.06
45.88,35.34,21.35,23.04,21.58,99.02,56.92,49.98,39.90
45.89,35.28,21.32,23.04,21.58,99.02,56.92,49.98,39.98
45.90,35.34,21.32,23.01,21.58,99.02,57.07,49.98,39.98
45.91,35.28,21.32,23.01,21.58,98.64,56.92,49.98,39.98
45.92,35.34,21.35,23.01,21.58,98.64,57.07,49.98,39.98
45.93,35.34,21.35,23.04,21.58,98.64,57.07,49.98,40.06
45.94,35.34,21.32,23.01,21.58,98.64,57.07,49.98,39.98
45.95,35.28,21.32,23.01,21.58,99.02,56.92,49.98,39.98
45.96,35.28,21.35,23.01,21.58,99.02,57.07,49.98,39.98
45.97,35.28,21.32,23.01,21.58,99.02,57.07,49.98,39.98
45.98,35.28,21.35,23.01,21.58,98.64,56.92,49.98,39.98
45.99,35.34,21.35,23.04,21.58,99.02,56.92,49.98,39.98
46.00,35.34,21.32,23.01,21.58,98.64,56.92,49.98,39.98
46.01,35.21,21.32,23.01,21.58,98.64,56.92,49.98,39.98
46.02,35.34,21.32,23.04,21.58,99.02,57.07,49.98,39.98
46.03,35.34,21.35,23.01,21.58,98.64,57.07,49.98,39.98
46.04,35.34,21.32,23.04,21.58,99.02,56.92,49.98,39.98
46.05,35.34,21.35,23.01,21.58,99.02,56.92,49.98,39.98
46.06,35.28,21.35,23.01,21.58,98.64,56.92,49.98,39.98
46.07,35.34,21.35,23.01,21.58,99.02,57.07,49.87,39.98
46.08,35.34,21.35,23.01,21.58,99.02,57.07,49.87,39.98
46.09,35.34,21.35,23.01,21.58,99.02,56.92,49.98,39.98
46.10,35.28,21.32,23.01,21.58,98.26,56.92,49.87,39.98
46.11,35.34,21.32,23.01,21.58,98.64,56.92,49.98,39.98
46.12,35.34,21.32,23.04,21.58,98.64,56.92,49.98,39.98
46.13,35.28,21.35,23.04,21.58,98.64,57.07,49.98,39.98
46.14,35.28,21.35,23.01,21.55,98.64,56.78,49.98,39.98
46.15,35.28,21.32,23.01,21.58,98.64,56.92,49.98,39.98
46.16,35.28,21.32,23.01,21.58,98.64,56.92,49.98,39.98
46.17,35.34,21.32,23.01,21.58,99.02,56.92,49.98,39.98
46.18,35.34,21.35,23.04,21.58,98.64,56.92,49.98,39.98
46.19,35.28,21.35,23.01,21.58,99.02,56.92,49.98,39.98
46.20,35.34,21.32,23.01,21.58,98.64,56.92,49.87,39.90
46.21,35.34,21.32,23.01,21.58,98.64,57.07,49.98,39.98
46.22,35.34,21.35,23.01,21.58,99.02,57.07,49.98,39.98
46.23,35.34,21.35,23.01,21.58,98.64,56.92,49.98,39.98
46.24,35.34,21.35,23.01,21.58,98.64,56.92,49.87,39.98
46.25,35.28,21.35,23.01,21.58,98.64,56.92,49.98,39.98
46.26,35.28,21.32,23.01,21.58,98.64,57.07,49.98,39.98
46.27,35.28,21.32,23.01,21.58,98.64,56.92,49.98,39.98
46.28,35.34,21.35,23.01,21.58,99.02,56.92,49.98,39.98
46.29,35.34,21.35,23.01,21.58,98.64,56.92,49.98,39.90
46.30,35.28,21.35,23.01,21.58,99.02,57.07,49.98,39.98
46.31,35.34,21.32,23.01,21.58,99.02,56.92,49.98,39.98
46.32,35.34,21.35,23.01,21.58,99.02,57.07,49.98,39.98
46.33,35.34,21.35,23.04,21.58,98.64,57.07,49.98,39.98
46.34,35.34,21.32,23.04,21.62,99.02,56.92,49.98,39.98
46.35,35.28,21.32,23.01,21.58,98.64,56.92,49.98,40.06
46.36,35.34,21.35,23.01,21.58,98.64,56.92,49.98,39.98
46.37,35.28,21.32,23.04,21.58,99.02,56.92,49.98,39.98
46.38,35.34,21.35,23.01,21.58,99.02,57.07,49.98,39.98
46.39,35.34,21.35,23.01,21.58,99.02,57.07,49.87,39.98
46.40,35.28,21.32,23.01,21.58,98.64,56.92,49.98,39.98
46.41,35.34,21.32,23.04,21.58,99.02,57.07,49.98,39.98
46.42,35.34,21.35,23.04,21.58,98.64,56.92,49.98,39.98
46.43,35.34,21.35,23.01,21.58,98.64,57.07,49.98,39.98
46.44,35.34,21.35,23.01,21.58,98.64,56.92,49.98,39.98
46.45,35.28,21.32,23.01,21.58,98.64,56.92,50.10,39.98
46.46,35.28,21.35,23.01,21.55,98.64,57.07,49.98,39.98
46.47,35.34,21.35,23.04,21.58,99.02,56.92,49.98,39.98
46.48,35.34,21.35,23.04,21.58,99.02,57.07,49.98,39.98
46.49,35.34,21.35,23.01,21.58,98.64,57.07,49.98,39.98
46.50,35.28,21.32,23.01,21.58,98.64,56.92,49.98,39.98
46.51,35.34,21.32,23.01,21.58,98.64,57.07,49.98,39.98
46.52,35.34,21.35,23.04,21.58,98.64,57.07,49.98,39.98
46.53,35.34,21.35,23.04,21.58,99.02,56.92,50.10,39.98
46.54,35.34,21.35,23.01,21.58,98.64,56.92,49.98,39.98
46.55,35.28,21.32,23.01,21.58,98.64,57.07,49.98,39.98
46.56,35.21,21.32,23.01,21.58,99.02,56.92,49.98,39.98
46.57,35.34,21.32,23.01,21.58,99.02,56.92,49.98,39.98
46.58,35.34,21.35,23.04,21.58,99.02,57.07,49.98,39.98
46.59,35.28,21.35,23.01,21.58,98.64,56.92,49.98,39.98
46.60,35.34,21.35,23.01,21.58,98.64,56.92,49.98,39.98
46.61,35.28,21.35,23.01,21.55,98.64,57.07,49.98,39.98
46.62,35.28,21.35,23.01,21.58,98.64,56.92,49.98,39.98
46.63,35.28,21.35,23.04,21.58,99.02,57.07,49.98,39.98
46.64,35.28,21.35,23.01,21.58,99.02,56.92,49.98,39.98
46.65,35.34,21.35,23.01,21.58,98.64,56.92,49.98,39.98
46.66,35.34,21.35,23.01,21.58,98.64,56.92,50.10,39.98
46.67,35.34,21.35,23.04,21.58,98.64,57.07,49.98,39.98
46.68,35.34,21.35,23.04,21.58,99.02,57.07,49.98,39.98
46.69,35.28,21.35,23.01,21.58,98.64,57.07,49.98,39.98
46.70,35.28,21.35,23.01,21.58,98.64,56.92,49.98,39.98
46.71,35.34,21.35,23.01,21.58,99.02,57.07,49.98,39.90
46.72,35.34,21.35,23.01,21.58,99.02,57.07,49.98,39.98
46.73,35.34,21.35,23.04,21.58,99.02,56.92,49.98,39.98
46.74,35.41,21.35,23.01,21.58,98.64,57.07,49.98,39.98
46.75,35.28,21.32,23.01,21.58,98.64,56.92,49.98,39.98
46.76,35.34,21.35,23.01,21.58,99.02,56.92,49.98,39.98
46.77,35.34,21.35,23.01,21.58,99.02,56.92,49.98,39.98
46.78,35.34,21.35,23.04,21.58,99.02,57.07,49.98,39.98
46.79,35.28,21.35,23.01,21.58,99.02,57.07,49.98,39.98
46.80,35.28,21.35,23.01,21.58,98.64,56.92,49.98,39.98
46.81,35.34,21.35,23.01,21.58,99.02,57.07,49.98,39.98
46.82,35.34,21.35,23.04,21.58,99.02,56.92,49.98,39.98
46.83,35.34,21.35,23.04,21.58,99.02,57.07,49.98,39.98
46.84,35.28,21.35,23.04,21.58,99.02,57.07,49.98,39.98
46.85,35.28,21.35,23.01,21.58,98.64,57.07,49.98,39.98
46.86,35.34,21.35,23.04,21.58,99.02,57.07,49.98,39.98
46.87,35.28,21.35,23.04,21.58,99.02,57.07,49.98,39.98
46.88,35.34,21.35,23.04,21.58,98.64,57.07,49.98,39.98
46.89,35.28,21.35,23.01,21.58,98.64,57.07,49.98,39.98
46.90,35.28,21.35,23.01,21.58,99.02,56.92,49.98,39.98
46.91,35.28,21.35,23.01,21.58,99.02,57.07,49.98,39.98
46.92,35.34,21.35,23.01,21.58,98.64,57.07,49.98,39.98
46.93,35.34,21.35,23.04,21.58,99.02,57.07,49.98,39.98
46.94,35.28,21.35,23.04,21.58,98.64,56.92,50.10,39.98
46.95,35.28,21.35,23.01,21.58,98.64,57.07,49.98,39.98
46.96,35.34,21.35,23.04,21.58,99.02,57.07,49.98,39.98
46.97,35.34,21.35,23.04,21.58,99.02,57.07,49.98,40.06
46.98,35.41,21.38,23.04,21.58,99.02,57.07,49.98,40.06
46.99,35.34,21.35,23.01,21.58,98.64,56.92,50.10,39.98
47.00,35.34,21.35,23.01,21.58,98.64,57.07,49.98,39.98
47.01,35.34,21.35,23.01,21.58,98.64,56.92,49.98,39.98
47.02,35.34,21.35,23.04,21.55,99.02,57.07,49.98,39.90
47.03,35.34,21.35,23.04,21.58,99.02,56.92,49.98,39.98
47.04,35.34,21.35,23.04,21.58,98.64,56.92,49.98,39.98
47.05,35.34,21.35,23.04,21.58,98.64,56.92,49.98,39.98
47.06,35.34,21.29,23.04,21.58,99.02,56.92,49.98,39.98
47.07,35.34,21.35,23.04,21.58,99.02,56.92,49.98,39.98
47.08,35.34,21.35,23.04,21.58,99.02,57.07,49.98,39.98
47.09,35.41,21.35,23.04,21.58,98.64,56.92,49.98,39.98
47.10,35.28,21.35,23.04,21.58,98.64,57.21,49.98,40.06
47.11,35.28,21.35,23.01,21.58,99.02,56.92,49.98,39.98
47.12,35.34,21.35,23.04,21.58,99.02,57.21,49.98,39.98
47.13,35.41,21.38,23.04,21.58,99.02,57.07,49.98,40.14
47.14,35.28,21.35,23.04,21.58,99.02,57.07,49.98,39.90
47.15,35.28,21.35,23.04,21.58,99.02,57.07,49.98,39.98
47.16,35.28,21.35,23.01,21.58,99.02,57.07,50.10,39.98
47.17,35.34,21.35,23.04,21.58,99.02,57.07,49.98,39.98
47.18,35.34,21.35,23.04,21.58,99.02,57.07,49.98,39.98
47.19,35.28,21.35,23.04,21.58,98.64,57.07,49.98,39.98
47.20,35.34,21.35,23.01,21.58,99.02,57.07,49.98,39.98
47.21,35.28,21.35,23.01,21.55,98.64,57.07,49.98,39.98
47.22,35.34,21.35,23.04,21.58,99.02,57.07,49.98,39.98
47.23,35.34,21.38,23.04,21.58,98.64,56.92,49.98,39.98
47.24,35.28,21.35,23.01,21.58,99.02,57.07,49.98,39.98
47.25,35.34,21.35,23.04,21.58,98.64,57.07,49.98,39.98
47.26,35.34,21.35,23.01,21.58,98.64,57.07,49.98,39.98
47.27,35.34,21.38,23.04,21.58,99.02,57.07,49.98,39.98
47.28,35.34,21.35,23.01,21.58,99.02,57.07,50.10,39.98
47.29,35.28,21.35,23.01,21.58,99.02,56.92,49.98,39.98
47.30,35.34,21.35,23.01,21.58,98.64,57.07,49.98,39.98
47.31,35.28,21.35,23.04,21.58,98.64,56.92,49.98,39.98
47.32,35.34,21.35,23.04,21.58,98.64,56.92,49.98,40.06
47.33,35.34,21.38,23.04,21.58,98.64,57.07,49.98,39.98
47.34,35.34,21.35,23.04,21.58,98.64,57.07,49.98,39.98
47.35,35.34,21.35,23.01,21.58,99.02,57.07,50.10,39.98
47.36,35.34,21.35,23.01,21.58,98.64,56.92,49.98,39.98
47.37,35.34,21.35,23.04,21.58,99.02,57.07,50.21,39.98
47.38,35.28,21.35,23.04,21.58,98.64,57.07,49.87,39.98
47.39,35.34,21.35,23.04,21.58,99.02,57.07,49.87,39.98
47.40,35.34,21.35,23.01,21.58,98.64,56.92,49.98,39.98
47.41,35.34,21.35,23.01,21.58,98.64,57.07,49.98,39.98
47.42,35.34,21.35,23.04,21.58,99.02,57.07,50.10,39.98
47.43,35.34,21.35,23.04,21.58,99.02,57.07,50.10,39.98
47.44,35.28,21.35,23.04,21.58,98.64,57.07,49.98,39.98
47.45,35.28,21.35,23.04,21.58,99.02,57.07,49.98,39.98
47.46,35.34,21.35,23.01,21.58,98.64,56.92,49.98,39.98
47.47,35.28,21.35,23.04,21.58,98.64,57.07,50.10,39.98
47.48,35.41,21.38,23.01,21.58,99.02,57.07,49.98,40.06
47.49,35.34,21.38,23.01,21.58,98.64,56.92,49.98,39.98
47.50,35.28,21.35,23.04,21.58,98.64,56.92,49.98,39.98
47.51,35.34,21.35,23.01,21.58,99.02,56.92,49.98,40.06
47.52,35.34,21.35,23.04,21.58,98.64,56.92,49.98,39.98
47.53,35.34,21.35,23.04,21.58,99.02,56.92,50.10,39.98
47.54,35.34,21.35,23.04,21.58,99.02,57.07,49.98,40.06
47.55,35.34,21.32,23.01,21.58,98.64,56.92,49.98,39.98
47.56,35.34,21.35,23.01,21.58,99.02,56.92,49.98,39.98
47.57,35.34,21.35,23.04,21.58,99.02,56.92,49.98,39.98
47.58,35.34,21.38,23.04,21.58,99.02,57.07,49.98,39.98
47.59,35.28,21.35,23.04,21.58,98.64,56.92,49.98,39.98
47.60,35.28,21.35,23.01,21.58,98.64,57.07,49.98,39.98
47.61,35.34,21.35,23.01,21.58,99.02,57.07,49.98,40.06
47.62,35.28,21.35,23.04,21.58,99.02,57.07,49.98,39.98
47.63,35.34,21.38,23.04,21.58,98.64,57.07,49.98,40.06
47.64,35.34,21.35,23.04,21.58,99.02,57.07,49.98,39.98
47.65,35.28,21.35,23.01,21.58,99.02,57.07,49.98,39.98
47.66,35.34,21.35,23.01,21.58,98.64,56.92,49.98,39.98
47.67,35.34,21.35,23.04,21.58,98.64,56.92,49.98,40.06
47.68,35.28,21.35,23.04,21.58,99.02,56.92,50.10,39.98
47.69,35.34,21.35,23.04,21.58,99.02,57.07,49.98,39.98
47.70,35.21,21.32,23.04,21.58,98.64,56.92,49.98,39.98
47.71,35.28,21.32,23.04,21.58,99.02,57.07,49.98,39.98
47.72,35.34,21.35,23.04,21.58,98.64,57.07,49.98,39.98
47.73,35.41,21.38,23.04,21.58,98.64,57.07,49.98,39.98
47.74,35.28,21.35,23.04,21.58,98.64,57.07,49.98,39.98
47.75,35.34,21.35,23.01,21.58,98.64,56.92,49.98,39.98
47.76,35.34,21.35,23.01,21.58,98.64,57.07,49.98,39.98
47.77,35.28,21.35,23.01,21.58,98.64,57.07,49.98,40.06
47.78,35.34,21.35,23.04,21.58,99.02,57.07,49.98,40.06
47.79,35.34,21.35,23.01,21.55,99.02,57.07,49.98,39.98
47.80,35.28,21.35,23.01,21.58,98.64,56.92,49.98,39.98
47.81,35.34,21.32,23.01,21.58,98.64,56.92,49.98,39.98
47.82,35.34,21.35,23.04,21.58,98.64,57.07,49.98,39.98
47.83,35.34,21.38,23.04,21.58,99.02,57.07,49.98,40.06
47.84,35.28,21.38,23.01,21.58,98.64,57.07,49.98,39.98
47.85,35.28,21.32,23.01,21.58,98.64,57.07,49.98,39.98
47.86,35.28,21.32,23.04,21.58,99.02,56.92,49.98,39.98
47.87,35.28,21.35,23.04,21.58,99.02,57.07,49.98,39.98
47.88,35.41,21.38,23.04,21.58,99.02,56.92,49.98,40.06
47.89,35.34,21.35,23.04,21.58,98.64,57.07,49.98,39.98
47.90,35.28,21.35,23.01,21.58,98.64,56.92,49.98,40.06
47.91,35.34,21.35,23.01,21.58,98.64,56.92,49.98,39.98
47.92,35.34,21.35,23.04,21.58,99.02,56.92,50.10,39.90
47.93,35.34,21.35,23.04,21.58,99.02,57.07,49.98,39.98
47.94,35.21,21.35,23.04,21.58,98.64,56.92,49.98,39.98
47.95,35.34,21.35,23.01,21.58,98.64,56.92,49.98,39.98
47.96,35.28,21.35,23.01,21.55,99.02,56.92,49.98,39.98
47.97,35.34,21.32,23.04,21.58,99.02,56.92,49.98,39.98
47.98,35.34,21.35,23.01,21.58,98.64,57.07,49.98,39.98
47.99,35.28,21.35,23.01,21.58,98.64,56.92,49.98,39.98
48.00,35.28,21.35,23.01,21.55,98.64,56.92,49.98,39.98
48.01,35.28,21.32,23.01,21.58,98.64,56.92,49.98,39.98
48.02,35.34,21.35,23.01,21.58,99.02,56.92,49.98,39.98
48.03,35.34,21.35,23.04,21.58,98.64,56.92,49.98,39.98
48.04,35.34,21.35,23.01,21.58,99.02,56.92,49.98,39.98
48.05,35.21,21.35,23.01,21.58,98.64,56.92,49.98,39.98
48.06,35.28,21.35,23.01,21.55,99.02,56.92,49.98,39.98
48.07,35.34,21.35,23.04,21.58,98.64,57.07,49.98,40.06
48.08,35.34,21.35,23.04,21.58,99.02,56.92,49.98,40.06
48.09,35.28,21.32,23.01,21.58,98.64,56.92,49.98,39.98
48.10,35.28,21.32,23.01,21.58,99.02,56.92,50.10,39.98
48.11,35.28,21.35,23.01,21.58,98.64,56.92,49.98,39.98
48.12,35.34,21.35,23.01,21.58,98.64,57.07,49.98,40.06
48.13,35.28,21.32,23.04,21.58,99.02,57.07,49.98,40.06
48.14,35.28,21.35,23.01,21.58,98.64,56.78,49.98,40.06
48.15,35.28,21.32,23.01,21.55,98.64,56.92,49.98,39.98
48.16,35.28,21.32,23.01,21.55,98.64,57.07,49.98,39.98
48.17,35.34,21.32,23.04,21.58,99.02,56.92,49.98,39.98
48.18,35.34,21.35,23.04,21.58,98.64,57.07,49.98,39.98
48.19,35.28,21.32,23.01,21.55,98.64,56.92,49.98,39.98
48.20,35.28,21.32,23.01,21.55,99.02,56.92,49.98,39.98
48.21,35.21,21.35,23.04,21.58,99.02,56.92,49.98,39.98
48.22,35.28,21.35,23.01,21.58,98.64,56.92,49.98,39.98
48.23,35.34,21.35,23.04,21.55,99.02,57.07,49.98,39.98
48.24,35.34,21.35,23.01,21.58,98.64,56.92,49.87,39.98
48.25,35.34,21.32,22.97,21.58,98.64,56.92,49.98,39.98
48.26,35.28,21.32,23.01,21.55,99.02,56.92,49.98,39.98
48.27,35.28,21.32,23.01,21.58,99.02,56.92,49.98,39.98
48.28,35.34,21.32,23.04,21.58,99.02,56.92,49.98,39.98
48.29,35.28,21.35,23.01,21.58,98.64,56.92,49.98,39.98
48.30,35.28,21.32,23.01,21.58,98.64,56.92,49.98,39.98
48.31,35.28,21.32,23.01,21.55,98.64,56.92,49.98,39.98
48.32,35.34,21.32,23.04,21.58,99.02,56.92,49.98,40.06
48.33,35.34,21.35,23.01,21.58,98.64,56.92,49.98,39.98
48.34,35.28,21.35,23.01,21.58,99.02,56.92,49.98,39.98
48.35,35.28,21.32,23.01,21.58,98.64,56.92,49.98,39.98
48.36,35.28,21.32,23.01,21.58,98.64,57.21,49.98,39.98
48.37,35.28,21.35,23.01,21.58,98.64,56.78,49.98,39.98
48.38,35.34,21.35,23.04,21.58,98.64,56.92,49.98,40.06
48.39,35.34,21.35,23.01,21.58,98.64,56.92,49.98,39.98
48.40,35.28,21.32,23.01,21.58,98.64,56.92,49.98,39.98
48.41,35.28,21.32,23.01,21.58,98.64,57.07,49.98,39.98
48.42,35.34,21.35,23.01,21.58,98.64,56.92,49.98,39.98
48.43,35.34,21.35,23.01,21.58,99.02,57.07,49.98,39.98
48.44,35.34,21.35,23.01,21.58,99.02,56.92,49.98,39.98
48.45,35.28,21.32,23.01,21.58,98.64,56.92,49.98,39.98
48.46,35.21,21.32,23.01,21.58,98.64,56.92,49.87,39.98
48.47,35.28,21.35,23.01,21.58,98.64,57.07,49.98,39.98
48.48,35.28,21.32,23.01,21.58,98.64,56.78,49.98,39.98
48.49,35.34,21.35,23.01,21.58,98.64,56.92,49.98,40.06
48.50,35.21,21.32,23.01,21.55,98.64,56.92,49.87,39.98
48.51,35.34,21.35,23.01,21.58,98.26,56.92,49.98,39.98
48.52,35.41,21.32,22.97,21.58,98.64,56.92,49.98,39.98
48.53,35.21,21.35,23.01,21.58,98.64,57.07,49.98,39.98
48.54,35.28,21.32,22.97,21.58,98.64,56.92,49.98,39.98
48.55,35.28,21.35,23.01,21.58,98.64,56.92,49.98,40.06
48.56,35.28,21.32,23.01,21.58,98.64,56.92,49.87,39.98
48.57,35.28,21.35,23.01,21.58,99.02,57.07,49.98,39.98
48.58,35.34,21.32,23.01,21.58,99.02,56.92,49.98,40.06
48.59,35.21,21.32,23.01,21.58,98.64,56.92,49.98,39.98
48.60,35.28,21.32,22.97,21.58,98.64,56.92,49.87,39.98
48.61,35.21,21.32,23.01,21.58,98.64,56.92,49.98,39.98
48.62,35.28,21.32,23.01,21.58,98.64,56.92,49.75,39.98
48.63,35.21,21.35,23.01,21.58,98.64,57.07,50.10,39.98
48.64,35.28,21.32,23.01,21.58,98.64,56.92,49.87,39.98
48.65,35.28,21.32,23.01,21.58,98.64,57.07,49.98,39.98
48.66,35.28,21.35,23.01,21.58,98.64,56.92,49.98,39.98
48.67,35.28,21.32,23.01,21.58,98.64,56.92,49.87,39.98
48.68,35.28,21.35,23.01,21.55,98.64,57.07,49.98,39.98
48.69,35.28,21.32,23.01,21.55,98.64,56.92,49.98,39.98
48.70,35.28,21.32,23.01,21.55,98.64,56.78,49.87,39.98
48.71,35.28,21.32,22.97,21.55,98.64,56.92,49.98,39.98
48.72,35.28,21.35,23.01,21.58,98.64,56.92,49.98,39.98
48.73,35.28,21.35,23.01,21.58,98.64,57.07,49.98,39.98
48.74,35.28,21.32,23.01,21.55,98.64,56.92,49.98,39.98
48.75,35.28,21.32,22.97,21.58,98.64,56.92,49.98,39.98
48.76,35.28,21.32,22.97,21.58,98.64,56.92,49.98,39.98
48.77,35.28,21.32,23.01,21.58,98.64,56.92,49.87,39.98
48.78,35.34,21.35,23.01,21.58,98.64,56.92,49.98,39.98
48.79,35.28,21.32,23.01,21.55,98.64,56.92,49.98,39.98
48.80,35.28,21.32,22.97,21.58,98.64,56.92,49.98,39.98
48.81,35.34,21.32,22.97,21.58,98.64,57.07,49.98,39.98
48.82,35.21,21.35,23.01,21.58,98.64,56.92,49.98,40.06
48.83,35.34,21.35,23.01,21.58,98.64,56.92,49.98,39.98
48.88,35.28,21.32,23.01,21.55,98.64,56.92,49.87,39.98
48.88,35.21,21.32,22.97,21.58,98.26,56.92,49.87,39.98
48.89,35.21,21.32,23.01,21.58,98.64,56.92,49.98,39.98
48.90,35.21,21.35,23.01,21.58,98.64,57.07,49.87,39.98
48.91,35.28,21.35,23.01,21.58,98.64,56.92,49.98,39.98
48.92,35.28,21.35,22.97,21.58,98.64,57.07,49.87,39.98
48.93,35.21,21.32,22.97,21.58,98.64,56.92,49.87,39.98
48.94,35.28,21.32,23.01,21.55,98.64,56.92,49.98,39.98
48.95,35.28,21.32,23.01,21.58,98.64,56.92,49.98,40.06
48.97,35.34,21.35,23.01,21.58,98.64,56.92,49.98,39.98
48.98,35.28,21.32,23.01,21.55,98.64,56.92,49.98,39.98
48.99,35.28,21.29,22.97,21.58,98.64,56.78,49.87,39.98
49.00,35.28,21.29,23.01,21.58,98.64,56.92,49.87,39.98
49.01,35.28,21.32,23.01,21.58,98.64,57.07,49.98,39.98
49.02,35.34,21.35,23.01,21.58,98.64,56.92,49.98,39.90
49.03,35.28,21.32,22.97,21.58,98.64,56.92,49.98,39.98
49.04,35.28,21.32,22.97,21.58,98.64,56.92,49.87,39.98
49.05,35.28,21.29,23.01,21.58,98.64,56.92,49.87,39.98
49.06,35.21,21.32,23.01,21.58,98.64,56.78,49.98,40.06
49.07,35.21,21.35,23.01,21.58,98.64,56.92,49.98,39.98
49.08,35.28,21.29,22.97,21.58,98.64,56.92,49.87,39.98
49.09,35.21,21.32,22.97,21.58,98.64,56.92,49.98,39.98
49.10,35.21,21.32,22.97,21.58,98.64,56.92,49.87,39.98
49.11,35.21,21.32,23.01,21.58,98.64,56.92,49.87,39.98
49.12,35.28,21.35,23.01,21.55,98.64,56.92,49.87,40.06
49.13,35.21,21.32,22.97,21.58,98.64,56.92,49.98,39.98
49.14,35.21,21.29,22.97,21.58,98.64,56.92,49.87,39.98
49.15,35.21,21.32,23.01,21.58,98.64,56.92,49.87,39.98
49.16,35.28,21.32,22.97,21.58,98.64,56.92,49.98,39.98
49.17,35.28,21.32,23.01,21.58,98.64,56.92,49.98,39.98
49.18,35.28,21.32,22.97,21.58,98.64,56.92,49.87,39.98
49.19,35.21,21.32,22.97,21.55,98.64,56.92,49.98,39.98
49.20,35.28,21.32,23.01,21.55,98.64,56.78,49.87,39.98
49.21,35.28,21.32,23.01,21.55,98.64,56.92,49.87,40.06
49.22,35.28,21.32,23.01,21.55,98.64,56.92,49.87,39.98
49.23,35.28,21.32,22.97,21.55,98.64,56.78,49.98,39.98
49.24,35.21,21.29,22.97,21.58,98.64,56.92,49.98,39.98
49.25,35.21,21.32,22.97,21.58,98.64,56.92,49.87,39.98
49.26,35.28,21.32,23.01,21.58,98.64,56.92,49.98,39.98
49.27,35.28,21.32,23.01,21.58,98.64,56.92,49.98,39.98
49.28,35.21,21.29,23.01,21.58,98.64,56.92,49.87,40.06
49.29,35.21,21.29,22.97,21.55,98.64,56.92,49.87,39.98
49.30,35.28,21.29,22.97,21.58,98.64,56.92,49.87,39.98
49.31,35.21,21.32,22.97,21.58,98.64,57.07,49.87,39.98
49.32,35.28,21.32,23.01,21.58,98.64,56.78,49.87,39.98
49.33,35.21,21.32,22.97,21.58,98.64,56.92,49.87,40.06
49.34,35.21,21.29,22.97,21.58,98.64,56.92,49.87,39.98
49.35,35.21,21.32,22.97,21.58,98.64,56.92,49.87,39.98
49.36,35.21,21.32,22.97,21.58,99.02,56.92,49.98,39.98
49.37,35.28,21.32,23.01,21.55,98.64,57.07,49.87,39.98
49.38,35.21,21.29,22.97,21.55,98.64,56.78,49.87,39.98
49.39,35.21,21.32,22.97,21.58,98.64,56.78,49.98,39.98
49.40,35.21,21.32,22.97,21.58,98.64,56.78,49.87,39.98
49.41,35.28,21.32,23.01,21.55,98.64,56.92,49.87,39.98
49.42,35.21,21.35,22.97,21.55,98.64,56.78,49.87,39.98
49.43,35.21,21.32,22.97,21.55,98.64,56.78,49.98,39.98
49.44,35.21,21.29,22.97,21.58,98.26,57.07,49.87,39.98
49.45,35.21,21.32,22.97,21.58,98.64,56.78,49.87,39.98
49.46,35.28,21.29,22.97,21.58,98.64,56.92,49.98,39.98
49.47,35.21,21.32,22.97,21.55,98.64,56.78,49.98,39.98
49.48,35.21,21.32,22.97,21.58,98.64,56.92,49.87,39.98
49.49,35.21,21.29,22.97,21.58,98.64,56.92,49.87,39.98
49.50,35.21,21.29,22.97,21.55,99.02,56.92,49.87,39.98
49.51,35.21,21.32,22.97,21.58,98.64,56.92,49.87,39.98
49.52,35.28,21.35,23.01,21.58,98.64,56.92,49.98,39.98
49.53,35.21,21.32,22.97,21.55,98.64,56.92,49.87,39.98
49.54,35.15,21.32,22.97,21.55,98.64,56.92,49.87,39.98
49.55,35.21,21.32,22.97,21.58,98.64,56.92,49.87,39.98
49.56,35.28,21.35,23.01,21.58,98.64,56.92,49.87,39.98
49.57,35.28,21.32,22.97,21.55,98.64,57.07,49.87,39.98
49.58,35.28,21.32,22.97,21.55,98.64,56.92,49.87,39.98
49.59,35.21,21.29,22.97,21.58,98.64,56.78,49.87,39.98
49.60,35.28,21.29,22.97,21.58,98.64,56.92,49.87,39.98
49.61,35.28,21.32,22.97,21.58,98.64,56.92,49.87,39.98
49.62,35.21,21.32,22.97,21.58,98.64,56.92,49.87,39.98
49.63,35.28,21.32,22.97,21.58,98.64,56.78,49.98,39.90
49.64,35.21,21.29,22.97,21.55,98.64,56.92,49.87,40.06
49.65,35.15,21.32,22.97,21.58,98.64,56.78,49.87,39.98
49.66,35.21,21.35,22.97,21.58,98.64,57.07,49.98,40.06
49.67,35.21,21.32,22.97,21.58,98.64,56.92,49.87,39.90
49.68,35.21,21.29,22.97,21.58,98.64,56.92,49.98,39.98
49.69,35.21,21.32,22.97,21.55,98.64,56.92,49.87,39.98
49.70,35.21,21.29,22.97,21.58,98.64,56.92,49.87,39.98
49.71,35.21,21.32,23.01,21.58,98.64,56.78,49.87,39.98
49.72,35.28,21.32,22.97,21.58,98.64,56.78,49.87,39.98
49.73,35.21,21.32,22.97,21.58,98.64,56.92,49.87,39.98
49.74,35.21,21.32,22.97,21.58,98.64,56.92,49.87,39.98
49.75,35.21,21.32,22.97,21.58,98.64,56.92,49.87,39.98
49.76,35.21,21.35,22.97,21.58,98.64,56.92,49.87,40.06
49.77,35.28,21.32,22.97,21.55,98.64,56.92,49.87,39.98
49.78,35.21,21.32,22.97,21.58,98.64,57.07,49.87,39.98
49.79,35.21,21.32,22.97,21.58,98.64,56.92,49.87,39.98
49.80,35.21,21.32,22.97,21.58,98.64,56.92,49.87,39.90
49.81,35.34,21.32,22.97,21.58,98.64,56.92,49.87,39.98
49.82,35.21,21.32,22.94,21.55,98.64,57.07,49.87,39.98
49.83,35.28,21.32,23.01,21.55,98.64,56.92,49.87,39.98
49.84,35.21,21.32,22.97,21.55,98.64,56.92,49.87,39.98
49.85,35.21,21.32,22.97,21.58,98.64,56.92,49.87,39.98
49.86,35.21,21.32,22.97,21.58,98.64,56.92,49.87,39.98
49.87,35.21,21.32,23.01,21.58,98.64,56.92,49.87,39.98
49.88,35.21,21.32,22.97,21.58,98.64,56.78,49.98,39.98
49.89,35.21,21.32,22.94,21.58,98.64,56.92,49.87,39.98
49.90,35.21,21.32,22.97,21.58,98.26,56.92,49.75,39.98
49.91,35.21,21.32,22.97,21.58,99.02,56.92,49.98,39.98
49.92,35.28,21.32,23.01,21.58,98.64,56.92,49.75,39.98
49.93,35.15,21.32,22.97,21.58,98.26,56.92,49.98,39.98
49.94,35.21,21.32,22.97,21.55,98.64,56.78,49.87,39.98
49.95,35.21,21.29,22.97,21.58,98.64,56.92,49.87,39.98
49.96,35.21,21.32,22.97,21.58,98.64,56.92,49.87,39.98
49.97,35.21,21.32,22.97,21.58,98.64,56.92,49.87,39.98
49.98,35.15,21.32,22.97,21.58,98.64,56.92,49.87,39.98
49.99,35.15,21.29,22.97,21.55,98.64,56.92,49.87,39.90
50.00,35.21,21.32,22.97,21.58,98.26,56.92,49.75,39.98
50.01,35.21,21.29,22.97,21.58,98.64,56.92,49.87,39.98
50.02,35.21,21.32,22.97,21.58,98.64,56.92,49.87,39.98
50.03,35.21,21.32,22.97,21.58,98.64,56.92,49.87,39.98
50.04,35.21,21.32,22.97,21.58,98.64,56.78,49.87,39.98
50.05,35.21,21.29,22.97,21.55,98.26,56.92,49.87,39.98
50.06,35.21,21.32,22.97,21.55,98.64,56.92,49.87,39.98
50.07,35.21,21.32,22.97,21.55,98.64,56.78,49.87,39.98
50.08,35.21,21.29,22.94,21.58,98.64,56.92,49.87,39.98
50.09,35.15,21.32,22.94,21.58,98.26,56.92,49.87,39.98
50.10,35.21,21.32,22.97,21.55,98.64,56.92,49.87,39.98
50.11,35.21,21.29,22.97,21.58,98.64,56.78,49.87,39.98
50.12,35.21,21.32,22.97,21.58,98.64,56.92,49.87,39.98
50.13,35.21,21.32,22.97,21.58,98.64,56.92,49.87,39.98
50.14,35.21,21.29,22.94,21.58,98.64,56.92,49.87,39.98
50.15,35.21,21.29,22.97,21.58,98.64,56.92,49.87,39.90
50.16,35.28,21.32,22.97,21.55,98.64,56.92,49.75,39.98
50.17,35.21,21.32,23.01,21.55,99.02,56.92,49.87,39.98
50.18,35.21,21.29,22.97,21.55,98.64,56.78,49.87,39.98
50.19,35.21,21.29,22.97,21.58,98.64,56.92,49.75,39.90
50.20,35.21,21.29,22.97,21.55,98.64,56.78,49.87,39.98
50.21,35.21,21.32,22.97,21.58,98.64,56.78,49.87,39.90
50.22,35.28,21.35,22.97,21.58,98.64,56.92,49.87,39.98
50.23,35.21,21.32,22.97,21.58,98.64,56.78,49.87,39.98
50.24,35.21,21.32,22.94,21.58,98.64,56.78,49.75,39.90
50.25,35.21,21.29,22.97,21.58,98.64,56.78,49.87,39.98
50.26,35.21,21.32,22.97,21.58,98.64,56.92,49.87,39.98
50.27,35.21,21.35,22.97,21.58,98.64,56.92,49.87,39.98
50.28,35.15,21.32,22.94,21.55,98.64,56.92,49.87,39.98
50.29,35.21,21.32,22.97,21.55,98.64,56.92,49.87,39.98
50.30,35.21,21.29,22.97,21.58,98.64,56.92,49.87,39.98
50.31,35.21,21.32,22.97,21.58,98.64,56.92,49.87,39.98
50.32,35.21,21.35,22.97,21.58,98.64,56.92,49.98,39.90
50.33,35.21,21.32,22.97,21.58,98.64,56.92,49.87,39.98
50.34,35.21,21.29,22.97,21.55,98.64,56.92,49.87,39.98
50.35,35.21,21.32,22.97,21.58,98.64,56.92,49.87,39.98
50.36,35.15,21.35,22.97,21.58,98.64,56.92,49.87,39.98
50.37,35.15,21.32,22.97,21.55,98.64,56.92,49.87,39.98
50.38,35.21,21.32,22.97,21.58,98.64,56.92,49.87,39.90
50.39,35.21,21.32,22.94,21.55,98.64,56.92,49.87,39.98
50.40,35.15,21.29,22.97,21.58,98.64,56.92,49.87,39.98
50.41,35.21,21.32,22.97,21.58,98.64,56.92,49.87,39.98
50.42,35.21,21.32,22.97,21.58,98.64,56.92,49.87,39.98
50.43,35.21,21.32,22.97,21.58,98.64,56.92,49.75,39.98
50.44,35.21,21.29,22.97,21.58,98.64,56.92,49.75,39.98
50.45,35.21,21.32,22.97,21.58,98.64,56.92,49.87,39.98
50.46,35.21,21.32,23.01,21.58,98.64,56.92,49.87,39.98
50.47,35.15,21.35,22.97,21.58,98.64,56.92,49.87,39.98
50.48,35.21,21.32,22.97,21.58,98.64,56.92,49.87,39.98
50.49,35.15,21.29,22.94,21.58,98.26,56.78,49.75,39.90
50.50,35.21,21.32,22.97,21.58,98.64,56.92,49.87,39.98
50.51,35.21,21.29,22.97,21.58,98.64,56.78,49.87,39.98
50.52,35.21,21.35,22.97,21.58,98.64,56.92,49.87,39.98
50.53,35.15,21.32,22.97,21.58,98.64,56.92,49.87,39.98
50.54,35.21,21.29,22.97,21.58,98.64,56.92,49.87,39.98
50.55,35.21,21.32,22.97,21.58,98.64,56.92,49.75,39.98
50.56,35.28,21.32,22.97,21.58,98.64,56.92,49.87,39.98
50.57,35.21,21.29,22.97,21.58,98.64,56.92,49.87,39.90
50.58,35.21,21.32,22.97,21.58,98.64,56.92,49.87,39.98
50.59,35.21,21.32,22.97,21.55,98.64,56.92,49.87,39.98
50.60,35.21,21.32,22.97,21.58,98.64,56.92,49.87,39.98
50.61,35.28,21.35,22.97,21.58,98.64,56.92,49.87,39.98
50.62,35.21,21.32,22.97,21.58,98.64,57.07,49.98,39.90
50.63,35.21,21.32,22.97,21.55,98.64,56.92,49.87,39.90
50.64,35.21,21.32,22.97,21.58,98.64,56.92,49.75,39.90
50.65,35.21,21.32,22.97,21.55,98.64,56.78,49.87,39.90
50.66,35.15,21.35,22.97,21.58,98.64,56.92,49.87,39.98
50.67,35.21,21.32,22.97,21.55,99.02,56.92,49.87,39.98
50.68,35.21,21.32,22.97,21.58,98.64,56.92,49.75,39.90
50.69,35.15,21.29,22.97,21.58,98.64,56.92,49.75,39.90
50.70,35.15,21.32,22.97,21.58,98.26,56.92,49.87,39.98
50.71,35.21,21.32,22.97,21.58,98.64,56.92,49.87,39.98
50.72,35.21,21.35,23.01,21.58,98.64,56.92,49.87,39.98
50.73,35.21,21.35,22.97,21.58,98.64,56.92,49.75,39.98
50.74,35.21,21.32,22.97,21.58,98.26,56.92,49.75,39.98
50.75,35.21,21.32,22.94,21.58,98.64,56.92,49.98,39.98
50.76,35.15,21.32,22.97,21.58,98.64,56.92,49.87,39.98
50.77,35.21,21.35,22.97,21.58,98.64,56.92,49.87,39.98
50.78,35.21,21.32,22.97,21.55,98.26,56.78,49.75,39.90
50.79,35.21,21.32,22.97,21.58,98.64,56.92,49.87,39.90
50.80,35.21,21.35,22.97,21.55,98.64,56.92,49.87,39.98
50.81,35.21,21.29,22.97,21.58,98.64,57.07,49.87,39.98
50.82,35.21,21.32,22.97,21.58,98.64,56.78,49.75,39.90
50.83,35.21,21.32,22.97,21.55,98.64,56.92,49.75,39.90
50.84,35.28,21.35,22.97,21.58,98.64,56.92,49.75,39.90
50.85,35.21,21.32,22.97,21.58,98.64,56.92,49.87,39.98
50.86,35.21,21.32,22.97,21.55,98.64,56.92,49.75,39.98
50.87,35.21,21.35,22.97,21.58,98.64,56.92,49.75,39.98
50.88,35.21,21.32,22.97,21.55,98.64,56.92,49.87,39.90
50.89,35.21,21.32,22.94,21.55,98.64,56.78,49.87,39.90
50.90,35.21,21.32,22.97,21.58,98.64,57.07,49.87,39.98
50.91,35.21,21.35,22.97,21.58,98.64,56.64,49.75,39.90
50.92,35.28,21.35,22.97,21.58,98.64,56.92,49.75,39.98
50.93,35.21,21.32,22.97,21.58,98.64,56.92,49.87,39.98
50.94,35.21,21.32,22.94,21.58,98.64,56.92,49.75,39.98
50.95,35.21,21.32,22.97,21.58,98.64,56.92,49.75,39.90
50.96,35.34,21.32,22.97,21.58,98.64,56.92,49.75,39.98
50.97,35.15,21.35,22.97,21.58,98.64,56.78,49.75,39.98
50.98,35.21,21.32,22.97,21.58,98.64,56.92,49.75,39.98
50.99,35.21,21.32,22.97,21.58,98.64,56.92,49.75,39.90
51.00,35.21,21.32,22.97,21.58,98.64,56.92,49.75,39.98
51.01,35.28,21.35,22.97,21.58,98.64,56.92,49.75,39.98
51.02,35.21,21.32,22.97,21.58,98.64,57.07,49.75,39.98
51.03,35.28,21.32,22.97,21.55,98.64,56.92,49.75,39.90
51.04,35.08,21.29,22.97,21.55,98.64,56.92,49.75,39.90
51.05,35.21,21.29,22.97,21.58,98.64,57.07,49.87,39.90
51.06,35.15,21.32,22.97,21.55,98.64,56.92,49.75,39.98
51.07,35.15,21.32,22.97,21.58,98.64,56.92,49.75,39.90
51.08,35.21,21.32,22.94,21.58,98.64,56.92,49.75,39.90
51.09,35.21,21.29,22.97,21.58,98.64,56.92,49.75,39.90
51.10,35.21,21.29,22.97,21.58,98.64,56.92,49.87,39.98
51.11,35.21,21.32,22.94,21.55,98.64,56.92,49.87,39.90
51.12,35.21,21.29,22.97,21.55,98.64,56.92,49.87,39.90
51.13,35.21,21.32,22.97,21.55,98.64,56.92,49.75,39.90
51.14,35.15,21.29,22.94,21.58,98.64,56.78,49.75,39.98
51.15,35.21,21.32,22.97,21.55,98.64,56.92,49.87,39.90
51.16,35.21,21.32,22.97,21.58,98.26,56.92,49.75,39.90
51.17,35.15,21.32,22.97,21.58,98.64,56.92,49.87,39.98
51.18,35.21,21.32,22.97,21.55,98.64,56.92,49.75,39.98
51.19,35.21,21.32,22.97,21.58,98.64,56.92,49.75,39.90
51.20,35.21,21.32,22.94,21.58,98.64,56.92,49.75,39.90
51.21,35.21,21.32,22.97,21.55,98.64,56.92,49.75,39.98
51.22,35.21,21.32,22.97,21.55,98.64,56.92,49.75,39.90
51.23,35.15,21.32,22.94,21.58,98.64,56.92,49.75,39.90
51.24,35.15,21.32,22.97,21.58,98.64,56.92,49.75,39.90
51.25,35.21,21.32,22.97,21.58,98.64,56.92,49.75,39.98
51.26,35.21,21.32,23.01,21.58,98.64,56.78,49.75,39.98
51.27,35.21,21.32,22.97,21.55,98.26,57.07,49.75,39.90
51.28,35.21,21.32,22.97,21.55,98.64,56.92,49.75,39.90
51.29,35.21,21.29,22.97,21.55,98.64,56.78,49.75,39.90
51.30,35.21,21.32,22.97,21.55,98.64,56.92,49.75,39.90
51.31,35.15,21.32,22.97,21.55,98.64,56.92,49.75,39.90
51.32,35.21,21.35,22.97,21.55,98.26,56.92,49.75,39.90
51.33,35.21,21.29,22.97,21.58,98.64,56.92,49.75,39.90
51.34,35.21,21.32,22.97,21.58,98.64,56.78,49.75,39.90
51.35,35.21,21.32,22.97,21.58,98.64,56.92,49.75,39.90
51.36,35.21,21.32,22.97,21.58,98.64,56.92,49.75,39.98
51.37,35.28,21.32,22.97,21.58,98.64,56.92,49.75,39.98
51.38,35.21,21.32,22.97,21.55,98.64,56.78,49.75,39.90
51.39,35.21,21.32,22.97,21.55,98.26,56.92,49.75,39.90
51.40,35.21,21.32,22.97,21.58,98.64,56.78,49.75,39.90
51.41,35.21,21.32,22.97,21.55,98.64,56.92,49.75,39.90
51.42,35.21,21.35,22.97,21.58,98.64,56.92,49.75,39.90
51.43,35.21,21.32,22.97,21.58,98.64,56.92,49.75,39.98
51.44,35.15,21.32,22.97,21.58,98.64,56.92,49.75,39.90
51.45,35.28,21.32,22.97,21.58,98.26,56.92,49.75,39.90
51.46,35.21,21.32,22.97,21.58,98.64,56.92,49.75,39.90
51.47,35.28,21.35,22.97,21.55,98.64,57.07,49.75,39.90
51.48,35.28,21.32,22.97,21.58,98.64,56.92,49.75,39.90
51.49,35.21,21.32,22.97,21.58,98.64,56.92,49.75,39.90
51.50,35.21,21.32,22.97,21.55,98.64,56.92,49.64,39.90
51.51,35.28,21.32,22.97,21.55,98.64,56.92,49.75,39.90
51.52,35.21,21.32,23.01,21.58,98.64,56.92,49.75,39.90
51.53,35.21,21.35,22.97,21.58,98.64,56.92,49.75,39.90
51.54,35.15,21.32,22.97,21.58,98.64,56.92,49.75,39.90
51.55,35.21,21.32,22.97,21.58,98.64,56.92,49.75,39.90
51.56,35.21,21.32,22.97,21.55,98.64,56.92,49.75,39.90
51.57,35.21,21.32,23.01,21.55,98.64,56.92,49.75,39.90
51.58,35.21,21.32,22.97,21.58,98.64,56.92,49.64,39.90
51.59,35.21,21.32,22.97,21.58,98.64,56.92,49.75,39.90
51.60,35.21,21.32,22.97,21.58,98.64,56.92,49.75,39.90
51.61,35.21,21.32,22.97,21.58,98.64,56.78,49.75,39.98
51.62,35.21,21.32,22.97,21.58,98.64,56.92,49.75,39.90
51.63,35.21,21.32,22.97,21.55,98.64,56.92,49.75,39.90
51.64,35.21,21.32,22.97,21.55,98.64,56.92,49.64,39.90
51.65,35.21,21.32,22.97,21.55,98.64,56.92,49.75,39.90
51.66,35.28,21.35,22.97,21.55,98.64,56.92,49.75,39.90
51.67,35.21,21.35,23.01,21.58,98.64,56.92,49.75,39.98
51.68,35.28,21.32,23.01,21.58,98.64,56.92,49.75,39.98
51.69,35.28,21.32,22.97,21.58,98.64,56.92,49.75,39.90
51.70,35.28,21.32,22.97,21.58,98.64,56.78,49.75,39.90
51.71,35.28,21.35,23.01,21.55,98.64,56.92,49.75,39.90
51.72,35.28,21.32,22.97,21.58,98.64,56.92,49.75,39.90
51.73,35.21,21.32,22.97,21.55,98.64,56.92,49.75,39.90
51.74,35.28,21.32,22.97,21.58,98.26,56.92,49.75,39.98
51.75,35.21,21.29,22.97,21.55,98.64,56.78,49.75,39.90
51.76,35.28,21.29,22.97,21.58,98.64,56.92,49.75,39.90
51.77,35.28,21.32,23.01,21.58,98.64,56.78,49.75,39.90
51.78,35.21,21.29,22.97,21.55,98.64,56.92,49.75,39.90
51.79,35.21,21.32,22.97,21.58,98.64,56.78,49.64,39.90
51.80,35.21,21.32,22.97,21.58,98.64,56.92,49.75,39.90
51.81,35.28,21.35,23.01,21.58,98.64,56.92,49.75,39.90
51.82,35.28,21.32,23.01,21.58,98.64,56.92,49.75,39.90
51.83,35.21,21.32,22.97,21.55,98.64,56.78,49.75,39.90
51.84,35.28,21.32,22.97,21.58,98.64,56.92,49.75,39.90
51.85,35.21,21.32,22.97,21.55,98.64,56.92,49.75,39.90
51.86,35.28,21.32,22.97,21.58,98.64,56.92,49.75,39.90
51.87,35.28,21.32,23.01,21.58,98.64,56.92,49.75,39.90
51.88,35.28,21.32,23.01,21.55,98.64,56.92,49.75,39.90
51.89,35.21,21.32,22.97,21.58,98.64,56.78,49.64,39.90
51.90,35.28,21.32,23.01,21.58,98.64,56.92,49.75,39.90
51.91,35.34,21.29,23.01,21.58,98.64,56.92,49.75,39.90
51.92,35.28,21.35,23.01,21.58,98.64,57.07,49.64,39.90
51.93,35.21,21.32,23.01,21.58,98.64,56.92,49.75,39.98
51.94,35.28,21.32,22.97,21.58,98.64,56.92,49.75,39.90
51.95,35.28,21.35,22.97,21.58,98.64,56.92,49.64,39.90
51.96,35.28,21.35,23.01,21.58,98.64,57.07,49.75,39.98
51.97,35.21,21.35,23.01,21.58,98.64,56.92,49.64,39.90
51.98,35.28,21.32,22.97,21.58,98.64,56.92,49.75,39.90
51.99,35.34,21.32,22.97,21.58,98.64,56.92,49.64,39.90
52.00,35.28,21.35,23.01,21.55,98.64,56.92,49.75,39.90
52.01,35.28,21.35,23.01,21.58,98.64,56.92,49.75,39.90
52.02,35.28,21.32,23.01,21.58,98.64,56.92,49.75,39.98
52.03,35.28,21.26,23.01,21.55,98.64,56.92,49.75,39.90
52.04,35.21,21.35,23.01,21.58,98.64,56.92,49.75,39.90
52.05,35.21,21.32,23.01,21.58,98.64,56.92,49.75,39.90
52.06,35.28,21.35,23.01,21.58,98.64,57.07,49.75,39.90
52.07,35.28,21.32,23.01,21.55,98.64,56.92,49.75,39.90
52.08,35.28,21.32,23.01,21.58,98.64,56.92,49.64,39.90
52.09,35.21,21.32,23.01,21.58,98.64,56.92,49.75,39.90
52.10,35.28,21.35,23.01,21.58,98.64,57.07,49.75,39.98
52.11,35.28,21.32,23.01,21.58,98.64,56.92,49.64,39.90
52.12,35.28,21.35,23.01,21.58,98.64,56.92,49.75,39.98
52.13,35.28,21.32,22.97,21.58,98.64,56.92,49.64,39.90
52.14,35.21,21.32,23.01,21.58,98.64,56.92,49.64,39.98
52.15,35.21,21.32,23.01,21.58,98.64,56.78,49.75,39.90
52.16,35.28,21.35,23.01,21.58,99.02,57.21,49.75,39.98
52.17,35.34,21.35,23.01,21.55,98.64,56.78,49.75,39.83
52.18,35.28,21.32,23.01,21.58,98.64,56.92,49.75,39.90
52.19,35.28,21.32,23.01,21.58,98.64,56.92,49.64,39.90
52.20,35.34,21.35,23.01,21.58,98.64,56.92,49.75,39.98
52.21,35.34,21.32,23.01,21.58,98.64,56.92,49.64,39.90
52.22,35.34,21.35,23.01,21.58,98.64,56.92,49.64,39.98
52.23,35.28,21.35,23.01,21.58,98.64,56.92,49.75,39.98
52.24,35.21,21.35,22.97,21.58,98.64,56.92,49.64,39.90
52.25,35.21,21.32,23.01,21.58,98.64,56.92,49.75,39.90
52.26,35.28,21.35,23.01,21.58,98.64,56.92,49.64,39.98
52.27,35.34,21.32,23.01,21.58,98.64,56.92,49.75,39.90
52.28,35.21,21.32,23.01,21.58,98.64,56.92,49.64,39.90
52.29,35.34,21.32,23.01,21.58,98.64,56.92,49.75,39.90
52.30,35.21,21.32,23.01,21.58,98.64,56.92,49.75,39.98
52.31,35.28,21.32,23.01,21.58,98.64,57.07,49.75,39.90
52.32,35.34,21.35,23.01,21.58,98.64,56.92,49.64,39.90
52.33,35.28,21.32,23.01,21.58,98.64,56.92,49.64,39.90
52.34,35.34,21.35,23.01,21.58,98.64,56.78,49.75,39.90
52.35,35.28,21.32,23.01,21.58,98.64,56.92,49.75,39.90
52.36,35.34,21.35,23.01,21.58,98.64,56.92,49.64,39.90
52.37,35.34,21.35,23.01,21.58,98.64,56.92,49.64,39.90
52.38,35.34,21.32,23.01,21.58,98.64,56.92,49.64,39.90
52.39,35.21,21.32,23.01,21.58,98.64,56.92,49.75,39.98
52.40,35.34,21.32,23.01,21.58,98.64,56.92,49.64,39.90
52.41,35.28,21.35,23.01,21.58,99.02,57.07,49.75,39.98
52.42,35.34,21.35,23.01,21.58,98.64,56.92,49.52,39.90
52.43,35.34,21.32,23.01,21.58,98.64,56.92,49.75,39.90
52.44,35.34,21.32,23.01,21.58,98.64,56.92,49.64,39.90
52.45,35.34,21.32,23.01,21.58,98.64,56.92,49.75,39.90
52.46,35.28,21.32,23.04,21.58,99.02,57.07,49.64,39.90
52.47,35.34,21.35,23.01,21.58,98.64,57.07,49.64,39.90
52.48,35.34,21.35,23.01,21.58,98.64,56.92,49.64,39.98
52.49,35.34,21.35,23.01,21.58,98.64,56.78,49.64,39.90
52.50,35.34,21.35,23.01,21.58,98.64,56.92,49.64,39.90
52.51,35.34,21.35,23.04,21.58,99.02,56.92,49.75,39.98
52.52,35.34,21.35,23.01,21.58,98.64,57.07,49.64,39.98
52.53,35.34,21.29,23.01,21.58,98.64,56.92,49.64,39.98
52.54,35.34,21.32,23.01,21.58,98.64,56.92,49.64,39.98
52.55,35.28,21.32,23.01,21.58,98.64,56.92,49.64,39.98
52.56,35.34,21.35,23.04,21.58,98.64,56.92,49.75,39.83
52.57,35.34,21.35,23.04,21.58,98.64,57.07,49.64,39.90
52.58,35.34,21.35,23.01,21.58,98.64,56.92,49.64,39.90
52.59,35.34,21.32,23.01,21.58,98.64,56.78,49.64,39.90
52.60,35.34,21.32,23.01,21.58,98.64,56.92,49.64,39.90
52.61,35.34,21.32,23.04,21.58,98.64,56.92,49.64,39.98
52.62,35.34,21.35,23.04,21.58,98.64,56.78,49.52,39.90
52.63,35.41,21.35,23.01,21.58,98.64,56.92,49.75,39.90
52.64,35.34,21.32,23.01,21.58,98.64,56.92,49.64,39.90
52.65,35.34,21.32,23.01,21.58,99.02,57.07,49.64,39.90
52.66,35.34,21.32,23.04,21.58,99.02,56.92,49.75,39.90
52.67,35.34,21.32,23.01,21.58,99.02,56.92,49.64,39.90
52.68,35.34,21.35,23.04,21.58,98.64,56.92,49.75,39.90
52.69,35.28,21.32,23.01,21.58,98.64,56.92,49.64,39.90
52.70,35.34,21.32,23.01,21.58,98.64,56.92,49.64,39.90
52.71,35.41,21.32,23.04,21.58,98.64,56.92,49.64,39.98
52.72,35.41,21.35,23.04,21.58,98.64,57.07,49.64,39.90
52.73,35.34,21.35,23.04,21.58,98.64,56.92,49.64,39.90
52.74,35.34,21.35,23.01,21.58,98.64,56.92,49.75,39.90
52.75,35.41,21.32,23.04,21.58,98.64,56.92,49.64,39.90
52.76,35.41,21.35,23.04,21.58,98.64,56.92,49.64,39.90
52.77,35.41,21.35,23.04,21.58,98.64,56.92,49.75,39.90
52.78,35.34,21.32,23.04,21.58,98.64,56.78,49.64,39.90
52.79,35.28,21.32,23.01,21.58,98.64,56.92,49.64,39.98
52.80,35.34,21.32,23.04,21.58,98.64,56.92,49.64,39.90
52.81,35.34,21.32,23.04,21.58,98.64,57.07,49.64,39.90
52.82,35.34,21.32,23.04,21.58,98.64,56.78,49.64,39.90
52.83,35.34,21.32,23.04,21.58,98.64,56.78,49.64,39.90
52.84,35.34,21.32,23.01,21.58,98.64,56.92,49.64,39.90
52.85,35.34,21.32,23.04,21.62,98.64,56.78,49.64,39.90
52.86,35.34,21.35,23.04,21.58,98.64,56.92,49.64,39.98
52.87,35.34,21.35,23.04,21.58,99.02,56.92,49.64,39.90
52.88,35.41,21.32,23.04,21.58,98.64,56.92,49.64,39.90
52.89,35.28,21.32,23.01,21.62,98.64,56.78,49.64,39.90
52.90,35.41,21.32,23.01,21.58,98.64,56.92,49.64,39.98
52.91,35.41,21.32,23.04,21.58,99.02,56.92,49.64,39.98
52.92,35.34,21.35,23.04,21.58,98.64,56.78,49.64,39.90
52.93,35.34,21.32,23.04,21.58,98.64,56.92,49.64,39.90
52.94,35.34,21.32,23.04,21.62,98.64,56.92,49.64,39.90
52.95,35.34,21.32,23.04,21.58,98.64,56.92,49.64,39.90
52.96,35.41,21.35,23.04,21.58,99.02,56.92,49.64,39.90
52.97,35.41,21.32,23.04,21.62,99.02,56.92,49.75,39.90
52.98,35.34,21.32,23.04,21.58,98.64,56.92,49.64,39.90
52.99,35.34,21.32,23.01,21.62,98.64,56.92,49.64,39.90
53.00,35.28,21.32,23.04,21.58,99.02,56.92,49.64,39.90
53.01,35.34,21.35,23.04,21.58,99.02,56.92,49.75,39.90
53.02,35.41,21.32,23.04,21.58,99.02,56.92,49.64,39.90
53.03,35.41,21.32,23.04,21.58,99.02,56.92,49.64,39.90
53.04,35.41,21.32,23.04,21.58,98.64,56.78,49.64,39.90
53.05,35.34,21.29,23.04,21.55,98.64,56.78,49.64,39.90
53.06,35.34,21.32,23.04,21.58,98.64,56.92,49.75,39.90
53.07,35.41,21.35,23.04,21.62,99.02,56.92,49.64,39.90
53.08,35.34,21.29,23.04,21.58,98.64,56.92,49.64,39.90
53.09,35.34,21.32,23.04,21.58,98.64,56.92,49.64,39.90
53.10,35.41,21.32,23.04,21.58,98.64,56.92,49.64,39.90
53.11,35.41,21.32,23.04,21.58,99.02,56.92,49.64,39.98
53.12,35.41,21.35,23.04,21.58,99.02,57.07,49.64,39.98
53.13,35.34,21.32,23.04,21.58,99.02,56.92,49.64,39.90
53.14,35.34,21.32,23.04,21.58,99.02,56.92,49.64,39.98
53.15,35.34,21.32,23.04,21.58,98.64,56.92,49.64,39.98
53.16,35.41,21.32,23.04,21.58,99.02,56.92,49.75,39.90
53.17,35.41,21.35,23.04,21.58,99.02,56.92,49.64,39.90
53.18,35.41,21.32,23.04,21.58,98.64,56.92,49.64,39.90
53.19,35.41,21.32,23.04,21.58,99.02,56.78,49.64,39.98
53.20,35.41,21.32,23.04,21.62,99.02,56.78,49.64,39.90
53.21,35.41,21.35,23.08,21.58,99.02,56.92,49.64,39.90
53.22,35.41,21.35,23.08,21.62,99.02,56.92,49.64,39.98
53.23,35.41,21.32,23.08,21.58,98.64,56.92,49.64,39.98
53.24,35.41,21.32,23.04,21.58,99.02,56.92,49.64,39.90
53.25,35.41,21.32,23.04,21.58,99.02,56.78,49.64,39.90
53.26,35.41,21.35,23.08,21.62,99.02,56.92,49.64,39.90
53.27,35.41,21.35,23.08,21.62,99.02,56.92,49.64,39.90
53.28,35.41,21.35,23.08,21.58,99.02,56.92,49.64,39.98
53.29,35.41,21.32,23.04,21.62,98.64,56.92,49.64,39.90
53.30,35.41,21.32,23.04,21.62,98.64,56.92,49.64,39.90
53.31,35.41,21.29,23.04,21.58,99.02,57.07,49.64,39.90
53.32,35.48,21.38,23.08,21.65,99.02,57.07,49.64,39.90
53.33,35.48,21.29,23.08,21.58,99.02,56.92,49.64,39.90
53.34,35.41,21.29,23.04,21.58,98.64,56.92,49.64,39.98
53.35,35.41,21.32,23.04,21.58,99.02,56.92,49.64,39.90
53.36,35.41,21.32,23.08,21.62,99.02,56.92,49.64,39.98
53.37,35.48,21.35,23.08,21.58,99.02,57.07,49.52,39.98
53.38,35.41,21.35,23.08,21.62,99.02,56.92,49.64,39.90
53.39,35.41,21.32,23.04,21.62,98.64,56.92,49.64,39.90
53.40,35.41,21.32,23.08,21.62,99.02,57.07,49.64,39.98
53.41,35.48,21.32,23.08,21.62,99.02,56.78,49.64,39.90
53.42,35.48,21.32,23.08,21.62,99.02,57.21,49.64,39.98
53.43,35.41,21.32,23.08,21.62,98.64,56.78,49.64,39.90
53.44,35.48,21.29,23.04,21.58,99.02,56.92,49.64,39.90
53.45,35.41,21.32,23.08,21.62,99.02,56.92,49.64,39.98
53.46,35.34,21.32,23.08,21.58,99.02,56.92,49.64,39.90
53.47,35.48,21.35,23.08,21.58,99.02,56.92,49.64,39.90
53.48,35.41,21.35,23.08,21.62,99.02,56.92,49.64,39.90
53.49,35.41,21.32,23.08,21.62,99.02,56.92,49.64,39.98
53.50,35.41,21.32,23.08,21.62,98.64,56.92,49.64,39.90
53.51,35.41,21.32,23.08,21.58,99.02,56.92,49.64,39.90
53.52,35.41,21.32,23.08,21.62,99.02,57.07,49.64,39.90
53.53,35.48,21.32,23.08,21.62,98.64,56.92,49.64,39.90
53.54,35.34,21.32,23.08,21.62,99.02,56.92,49.64,39.90
53.55,35.48,21.32,23.08,21.62,99.02,56.78,49.64,39.90
53.56,35.34,21.35,23.08,21.62,99.02,56.92,49.75,39.90
53.57,35.41,21.35,23.08,21.62,99.02,56.92,49.64,39.98
53.58,35.48,21.32,23.04,21.58,99.02,56.92,49.64,39.90
53.59,35.48,21.32,23.11,21.62,99.02,56.92,49.64,39.90
53.60,35.48,21.32,23.08,21.62,99.02,56.92,49.64,39.90
53.61,35.41,21.29,23.08,21.62,99.02,56.92,49.64,39.90
53.62,35.48,21.35,23.08,21.62,99.02,56.92,49.64,39.90
53.63,35.48,21.32,23.08,21.62,98.64,56.92,49.64,39.90
53.64,35.48,21.32,23.08,21.58,99.02,56.92,49.64,39.90
53.65,35.48,21.32,23.08,21.62,98.64,56.92,49.64,39.98
53.66,35.48,21.32,23.08,21.62,98.64,56.92,49.52,39.90
53.67,35.48,21.35,23.08,21.62,99.02,57.07,49.64,39.98
53.68,35.48,21.32,23.08,21.62,99.02,56.92,49.52,39.90
53.69,35.48,21.32,23.08,21.62,99.02,56.92,49.75,39.90
53.70,35.48,21.32,23.08,21.62,99.02,56.92,49.64,39.98
53.71,35.48,21.35,23.11,21.62,99.02,56.92,49.64,39.90
53.72,35.41,21.32,23.08,21.62,99.02,56.92,49.64,39.90
53.73,35.41,21.32,23.08,21.62,99.02,56.92,49.64,39.98
53.74,35.48,21.32,23.08,21.62,99.02,56.92,49.64,39.90
53.75,35.48,21.32,23.08,21.62,99.02,56.92,49.64,39.90
53.76,35.48,21.32,23.11,21.62,99.02,56.92,49.64,39.90
53.77,35.48,21.35,23.11,21.62,99.02,56.92,49.64,39.98
53.78,35.48,21.32,23.08,21.58,99.02,56.92,49.64,39.98
53.79,35.48,21.32,23.08,21.58,99.02,56.92,49.64,39.90
53.80,35.48,21.32,23.08,21.58,99.02,56.92,49.64,39.90
53.81,35.48,21.32,23.11,21.62,99.02,56.92,49.64,39.90
53.82,35.48,21.35,23.11,21.62,99.02,56.92,49.64,39.90
53.83,35.48,21.32,23.11,21.62,99.02,56.92,49.64,39.90
53.84,35.48,21.32,23.08,21.58,99.02,56.78,49.64,39.90
53.85,35.48,21.32,23.08,21.62,99.02,56.92,49.64,39.90
53.86,35.48,21.35,23.11,21.62,99.02,56.92,49.64,39.90
53.87,35.48,21.32,23.08,21.62,99.02,56.78,49.64,39.90
53.88,35.48,21.32,23.11,21.62,99.02,56.78,49.64,39.90
53.89,35.48,21.32,23.08,21.58,99.02,56.78,49.64,39.90
53.90,35.48,21.32,23.08,21.58,99.02,56.92,49.64,39.90
53.91,35.54,21.35,23.11,21.58,99.02,56.78,49.64,39.90
53.92,35.54,21.35,23.11,21.62,99.02,56.92,49.75,39.90
53.93,35.41,21.32,23.11,21.62,99.02,56.92,49.64,39.90
53.94,35.48,21.32,23.11,21.62,99.02,56.92,49.64,39.90
53.95,35.48,21.32,23.11,21.62,99.02,56.92,49.64,39.98
53.96,35.54,21.35,23.11,21.62,99.02,56.92,49.64,39.90
53.97,35.48,21.35,23.11,21.62,99.02,56.92,49.64,39.90
53.98,35.41,21.35,23.11,21.62,99.02,56.92,49.75,39.90
53.99,35.41,21.32,23.08,21.62,99.02,56.92,49.64,39.90
54.00,35.41,21.32,23.08,21.62,99.02,56.92,49.64,39.98
54.01,35.54,21.35,23.11,21.62,99.40,57.07,49.64,39.90
54.02,35.54,21.35,23.11,21.62,99.02,56.92,49.64,39.90
54.03,35.41,21.32,23.11,21.62,99.02,56.92,49.64,39.90
54.04,35.48,21.32,23.11,21.58,99.02,56.78,49.64,39.90
54.05,35.41,21.32,23.11,21.62,99.02,56.92,49.64,39.90
54.06,35.48,21.35,23.11,21.62,99.02,56.92,49.75,39.90
54.07,35.48,21.35,23.11,21.62,99.02,56.92,49.64,39.90
54.08,35.48,21.32,23.11,21.62,99.02,56.92,49.64,39.90
54.09,35.54,21.32,23.11,21.62,99.02,56.92,49.64,39.90
54.10,35.54,21.35,23.11,21.62,99.02,56.92,49.64,39.90
54.11,35.48,21.32,23.11,21.62,99.02,56.92,49.64,39.90
54.12,35.54,21.35,23.11,21.58,99.02,56.92,49.64,39.90
54.13,35.54,21.35,23.11,21.62,99.02,56.92,49.64,39.90
54.14,35.48,21.32,23.11,21.62,99.02,56.92,49.64,39.98
54.15,35.54,21.32,23.11,21.62,99.02,57.07,49.64,39.90
54.16,35.54,21.32,23.11,21.62,99.02,56.92,49.64,39.90
54.17,35.54,21.35,23.11,21.62,99.40,56.92,49.64,39.98
54.18,35.54,21.32,23.11,21.62,99.02,56.92,49.64,39.98
54.19,35.54,21.32,23.11,21.62,99.02,56.92,49.64,39.90
54.20,35.54,21.32,23.11,21.62,99.02,56.92,49.64,39.90
54.21,35.54,21.35,23.11,21.62,99.02,56.92,49.64,39.90
54.22,35.54,21.35,23.15,21.62,99.02,56.92,49.64,39.90
54.23,35.54,21.32,23.11,21.62,99.02,56.92,49.52,39.98
54.24,35.54,21.32,23.11,21.62,99.02,56.92,49.64,39.90
54.25,35.48,21.32,23.11,21.62,99.02,56.92,49.52,39.90
54.26,35.54,21.35,23.11,21.62,99.40,57.07,49.64,39.90
54.27,35.54,21.32,23.11,21.62,99.02,56.92,49.64,39.90
54.28,35.48,21.32,23.11,21.62,99.40,56.92,49.64,39.90
54.29,35.48,21.32,23.11,21.62,99.40,56.78,49.64,39.90
54.30,35.54,21.32,23.11,21.62,99.02,56.92,49.64,39.90
54.31,35.54,21.35,23.11,21.58,99.40,57.07,49.64,39.90
54.32,35.54,21.35,23.15,21.62,99.02,56.92,49.64,39.90
54.33,35.54,21.32,23.11,21.62,99.02,56.92,49.52,39.90
54.34,35.54,21.32,23.11,21.62,99.02,56.92,49.64,39.90
54.35,35.48,21.32,23.11,21.62,99.02,56.92,49.64,39.90
54.36,35.48,21.35,23.11,21.62,99.40,57.07,49.64,39.90
54.37,35.54,21.35,23.11,21.62,99.02,56.92,49.64,39.90
54.38,35.48,21.32,23.11,21.62,99.02,57.07,49.64,39.90
54.39,35.48,21.32,23.08,21.62,99.02,56.92,49.52,39.90
54.40,35.48,21.32,23.11,21.62,99.02,56.92,49.64,39.90
54.41,35.54,21.32,23.11,21.62,99.40,57.07,49.52,39.83
54.42,35.54,21.35,23.11,21.62,99.02,56.92,49.64,39.90
54.43,35.48,21.32,23.11,21.62,99.02,56.92,49.64,39.90
54.44,35.54,21.32,23.11,21.62,99.02,56.92,49.64,39.90
54.45,35.54,21.32,23.11,21.62,99.02,56.92,49.64,39.90
54.46,35.54,21.32,23.11,21.58,99.02,56.92,49.64,39.90
54.47,35.54,21.35,23.15,21.62,99.02,56.92,49.64,39.90
54.48,35.48,21.35,23.11,21.58,99.02,56.92,49.52,39.90
54.49,35.54,21.35,23.11,21.65,99.02,56.92,49.64,39.98
54.50,35.54,21.32,23.11,21.62,99.02,56.92,49.64,39.90
54.51,35.54,21.35,23.11,21.62,99.02,56.92,49.64,39.90
54.52,35.61,21.32,23.15,21.62,99.02,57.07,49.64,39.98
54.53,35.41,21.32,23.11,21.62,99.02,56.92,49.64,39.98
54.54,35.54,21.32,23.11,21.62,99.02,56.92,49.52,39.90
54.55,35.54,21.32,23.11,21.62,99.40,56.92,49.64,39.90
54.56,35.61,21.35,23.11,21.62,99.02,56.92,49.52,39.90
54.57,35.54,21.32,23.11,21.62,99.02,56.92,49.64,39.98
54.58,35.54,21.35,23.11,21.62,99.02,56.78,49.52,39.90
54.59,35.54,21.32,23.11,21.65,99.02,56.78,49.52,39.98
54.60,35.54,21.32,23.11,21.62,99.02,56.78,49.52,39.98
54.61,35.54,21.35,23.11,21.62,99.40,56.92,49.52,39.90
54.62,35.54,21.35,23.11,21.62,99.02,56.92,49.64,39.98
54.63,35.54,21.32,23.11,21.62,99.02,56.92,49.52,39.90
54.64,35.48,21.32,23.11,21.62,99.02,56.92,49.52,39.90
54.65,35.54,21.32,23.11,21.62,99.02,56.78,49.52,39.98
54.66,35.61,21.32,23.11,21.62,99.02,57.07,49.52,39.98
54.67,35.54,21.32,23.15,21.62,99.02,56.78,49.52,39.90
54.68,35.54,21.32,23.11,21.62,99.02,56.92,49.52,39.90
54.69,35.54,21.29,23.11,21.62,99.02,56.92,49.52,40.06
54.70,35.48,21.32,23.11,21.62,99.02,56.78,49.52,39.90
54.71,35.54,21.32,23.11,21.62,99.40,56.92,49.52,39.90
54.72,35.54,21.32,23.15,21.62,99.40,56.78,49.52,39.90
54.73,35.54,21.32,23.11,21.58,99.02,56.92,49.52,39.90
54.74,35.54,21.29,23.11,21.58,99.02,56.92,49.52,39.90
54.75,35.54,21.32,23.11,21.62,99.40,56.92,49.52,39.90
54.76,35.54,21.32,23.11,21.65,99.02,56.92,49.52,39.90
54.77,35.61,21.35,23.11,21.62,99.02,56.92,49.52,39.90
54.78,35.54,21.32,23.11,21.58,99.02,56.92,49.52,39.90
54.79,35.61,21.32,23.11,21.58,99.40,56.78,49.52,39.98
54.80,35.48,21.32,23.08,21.62,99.40,56.78,49.41,39.90
54.81,35.61,21.35,23.11,21.62,99.02,57.07,49.52,39.90
54.82,35.48,21.32,23.11,21.62,99.02,56.92,49.41,39.90
54.83,35.54,21.32,23.11,21.62,99.02,56.92,49.41,39.90
54.84,35.54,21.32,23.08,21.62,99.02,56.92,49.41,39.90
54.85,35.54,21.32,23.11,21.65,99.02,56.92,49.41,39.98
54.86,35.54,21.32,23.11,21.65,99.40,56.92,49.52,39.90
54.87,35.54,21.32,23.11,21.65,99.02,56.92,49.41,39.98
54.88,35.61,21.32,23.08,21.62,99.02,56.92,49.41,39.90
54.89,35.48,21.32,23.08,21.62,99.02,56.92,49.41,39.98
54.90,35.54,21.35,23.08,21.62,99.40,56.92,49.52,39.90
54.91,35.61,21.32,23.11,21.65,99.40,56.92,49.41,39.90
54.92,35.54,21.32,23.11,21.62,98.64,56.92,49.30,39.90
54.93,35.54,21.32,23.11,21.62,99.40,56.92,49.41,39.98
54.94,35.48,21.32,23.08,21.62,99.02,56.92,49.18,39.98
54.95,35.48,21.32,23.08,21.65,99.02,56.92,49.30,39.90
54.96,35.54,21.32,23.11,21.65,99.02,56.92,49.30,39.90
54.97,35.54,21.35,23.11,21.62,99.40,56.92,49.30,39.90
54.98,35.54,21.32,23.08,21.62,99.02,56.92,49.30,39.90
54.99,35.48,21.32,23.08,21.62,99.02,56.92,49.30,39.90
55.00,35.48,21.32,23.08,21.62,99.02,56.92,49.41,39.90
55.01,35.54,21.29,23.08,21.65,99.02,56.92,49.30,39.90
55.02,35.54,21.35,23.08,21.65,99.02,56.92,49.30,39.90
55.03,35.54,21.32,23.08,21.65,99.02,56.92,49.18,39.90
55.04,35.48,21.32,23.08,21.62,99.02,56.92,49.18,39.90
55.05,35.48,21.32,23.08,21.65,99.02,56.92,49.18,39.90
55.06,35.54,21.32,23.08,21.65,99.02,56.92,49.30,39.90
55.07,35.54,21.35,23.08,21.62,99.02,56.92,49.18,39.90
55.08,35.48,21.32,23.08,21.62,99.02,56.92,49.18,39.90
55.09,35.54,21.32,23.04,21.65,99.02,56.92,49.18,39.90
55.10,35.54,21.32,23.08,21.62,99.02,56.92,49.18,39.90
55.11,35.48,21.32,23.08,21.62,99.02,56.92,49.18,39.90
55.12,35.54,21.32,23.08,21.62,99.02,56.92,49.07,39.90
55.13,35.41,21.32,23.08,21.62,99.02,56.78,49.07,39.90
55.14,35.48,21.32,23.04,21.65,99.02,56.78,49.07,39.90
55.15,35.48,21.32,23.04,21.65,99.02,56.78,49.07,39.90
55.16,35.48,21.32,23.08,21.65,99.02,56.92,49.07,39.90
55.17,35.48,21.32,23.04,21.65,99.02,56.92,49.07,39.90
55.18,35.48,21.29,23.04,21.65,99.02,56.92,49.07,39.98
55.19,35.48,21.32,23.04,21.62,99.02,56.92,48.96,39.90
55.20,35.48,21.29,23.04,21.62,99.02,56.92,48.96,39.90
55.21,35.48,21.32,23.04,21.65,99.02,56.78,49.07,39.90
55.22,35.41,21.35,23.04,21.62,99.02,56.92,49.07,39.98
55.23,35.41,21.32,23.04,21.65,99.02,56.78,48.96,39.90
55.24,35.48,21.32,23.04,21.65,99.02,56.92,48.96,39.90
55.25,35.41,21.29,23.01,21.62,99.02,56.92,48.96,39.90
55.26,35.48,21.32,23.01,21.65,99.02,56.92,48.96,39.90
55.27,35.48,21.32,23.04,21.65,99.02,56.92,48.96,39.90
55.28,35.41,21.29,23.01,21.65,99.02,56.92,48.85,39.83
55.29,35.48,21.32,23.01,21.65,98.64,56.92,48.85,39.90
55.30,35.41,21.32,23.01,21.65,99.02,56.78,48.85,39.90
55.31,35.41,21.32,23.01,21.65,99.02,56.92,48.85,39.90
55.32,35.41,21.32,23.01,21.62,99.02,56.92,48.85,39.90
55.33,35.41,21.32,23.01,21.62,99.02,56.92,48.85,39.90
55.34,35.41,21.32,22.97,21.65,99.02,56.92,48.85,39.90
55.35,35.41,21.32,22.97,21.65,98.64,56.92,48.74,39.90
55.36,35.41,21.32,23.01,21.65,99.02,56.92,48.74,39.90
55.37,35.41,21.35,23.01,21.62,99.02,56.92,48.74,39.90
55.38,35.41,21.29,22.97,21.65,98.64,56.92,48.74,39.90
55.39,35.41,21.29,22.97,21.65,98.64,56.92,48.62,39.90
55.40,35.41,21.32,22.97,21.62,99.02,56.92,48.62,39.90
55.41,35.41,21.32,22.97,21.62,99.02,56.78,48.74,39.90
55.42,35.41,21.32,22.97,21.62,99.02,56.92,48.62,39.90
55.43,35.41,21.32,22.94,21.65,98.64,56.78,48.62,39.90
55.44,35.41,21.29,22.94,21.65,98.64,56.92,48.52,39.90
55.45,35.34,21.29,22.94,21.65,98.64,56.92,48.62,39.90
55.46,35.34,21.32,22.94,21.62,98.64,56.92,48.52,39.90
55.47,35.41,21.32,22.94,21.65,98.64,56.92,48.52,39.90
55.48,35.34,21.32,22.94,21.65,98.64,56.92,48.41,39.90
55.49,35.34,21.32,22.94,21.65,98.64,56.92,48.52,39.90
55.50,35.34,21.29,22.94,21.62,99.02,56.92,48.41,39.90
55.51,35.28,21.32,22.94,21.62,98.64,56.92,48.41,39.90
55.52,35.34,21.32,22.90,21.65,98.64,56.92,48.41,39.90
55.53,35.34,21.32,22.90,21.65,98.64,56.92,48.41,39.90
55.54,35.34,21.29,22.90,21.65,98.64,56.78,48.30,39.90
55.55,35.34,21.32,22.90,21.65,98.64,56.92,48.30,39.83
55.56,35.34,21.29,22.90,21.62,98.64,56.92,48.19,39.90
55.57,35.34,21.32,22.90,21.62,98.26,56.78,48.30,39.90
55.58,35.28,21.29,22.87,21.65,98.64,56.92,48.19,39.90
55.59,35.28,21.29,22.87,21.62,98.26,56.92,48.19,39.90
55.60,35.28,21.29,22.87,21.65,98.26,56.92,48.19,39.90
55.61,35.28,21.32,22.87,21.62,98.26,56.92,48.19,39.90
55.62,35.28,21.29,22.87,21.62,98.26,56.92,48.19,39.90
55.63,35.28,21.26,22.83,21.62,98.26,56.78,48.08,39.90
55.64,35.28,21.29,22.83,21.62,98.26,56.78,48.08,39.83
55.65,35.21,21.32,22.83,21.62,98.26,56.78,48.08,39.83
55.66,35.28,21.29,22.83,21.62,98.64,56.92,48.08,39.90
55.67,35.28,21.29,22.83,21.62,98.26,56.92,47.97,39.90
55.68,35.21,21.32,22.83,21.65,98.26,56.78,47.97,39.83
55.69,35.08,21.26,22.80,21.62,98.26,56.78,47.97,39.90
55.70,35.21,21.29,22.80,21.62,97.88,56.78,47.86,39.83
55.71,35.21,21.29,22.80,21.62,98.26,56.78,47.86,39.83
55.72,35.28,21.29,22.80,21.62,98.26,56.78,47.86,39.83
55.73,35.21,21.32,22.76,21.62,98.26,56.78,47.86,39.83
55.74,35.21,21.29,22.76,21.62,97.88,56.78,47.76,39.90
55.75,35.21,21.26,22.73,21.65,98.26,56.78,47.76,39.90
55.76,35.21,21.29,22.76,21.65,98.26,56.92,47.76,39.83
55.77,35.21,21.29,22.76,21.62,98.26,56.78,47.76,39.90
55.78,35.21,21.29,22.73,21.65,97.88,56.92,47.65,39.83
55.79,35.15,21.29,22.73,21.65,97.88,56.78,47.65,39.83
55.80,35.15,21.29,22.73,21.65,97.88,56.78,47.65,39.83
55.81,35.15,21.26,22.70,21.62,97.88,56.78,47.54,39.83
55.82,35.15,21.32,22.70,21.65,97.88,56.78,47.54,39.83
55.83,35.15,21.26,22.70,21.62,97.88,56.78,47.44,39.83
55.84,35.01,21.26,22.66,21.65,97.88,56.78,47.33,39.83
55.85,35.08,21.29,22.70,21.65,97.88,56.78,47.44,39.83
55.86,35.08,21.29,22.66,21.65,97.88,56.78,47.33,39.83
55.87,35.08,21.29,22.66,21.65,97.51,56.78,47.33,39.83
55.88,34.95,21.29,22.66,21.65,97.51,56.78,47.33,39.83
55.89,35.08,21.29,22.63,21.62,97.51,56.78,47.22,39.83
55.90,35.08,21.29,22.63,21.65,97.51,56.78,47.22,39.83
55.91,35.01,21.29,22.63,21.65,97.51,56.78,47.22,39.83
55.92,35.01,21.29,22.59,21.65,97.51,56.78,47.12,39.83
55.93,35.01,21.29,22.59,21.65,97.51,56.64,47.12,39.74
55.94,34.95,21.26,22.59,21.62,97.51,56.92,47.12,39.83
55.95,34.95,21.26,22.59,21.65,97.51,56.78,47.02,39.83
55.96,34.95,21.29,22.59,21.65,97.51,56.78,47.02,39.83
55.97,34.95,21.29,22.56,21.62,97.51,56.78,47.02,39.83
55.98,34.88,21.29,22.56,21.62,97.51,56.78,46.91,39.83
55.99,34.95,21.26,22.52,21.65,97.14,56.64,46.81,39.83
56.00,34.95,21.26,22.52,21.62,97.14,56.78,46.81,39.83
56.01,34.88,21.29,22.52,21.65,97.14,56.78,46.81,39.83
56.02,34.95,21.29,22.52,21.65,97.14,56.78,46.81,39.83
56.03,34.88,21.26,22.49,21.65,97.14,56.78,46.70,39.83
56.04,34.88,21.26,22.49,21.62,97.14,56.78,46.70,39.83
56.05,34.95,21.26,22.46,21.62,97.14,56.78,46.60,39.83
56.06,34.88,21.26,22.46,21.65,97.14,56.78,46.70,39.83
56.07,34.88,21.26,22.46,21.65,97.14,56.78,46.50,39.83
56.08,34.82,21.26,22.42,21.62,97.14,56.64,46.50,39.74
56.09,34.88,21.26,22.46,21.65,96.77,56.78,46.40,39.83
56.10,34.82,21.26,22.39,21.62,96.77,56.64,46.50,39.83
56.11,34.82,21.26,22.42,21.62,96.77,56.78,46.40,39.74
56.12,34.82,21.26,22.39,21.65,96.77,56.78,46.40,39.83
56.13,34.82,21.26,22.39,21.62,96.77,56.78,46.29,39.74
56.14,34.69,21.23,22.35,21.62,96.77,56.64,46.19,39.74
56.15,34.76,21.26,22.35,21.62,96.40,56.64,46.19,39.83
56.16,34.76,21.26,22.35,21.65,96.77,56.64,46.09,39.83
56.17,34.82,21.26,22.32,21.65,96.77,56.78,46.09,39.83
56.18,34.69,21.23,22.29,21.62,96.40,56.64,46.09,39.83
56.19,34.69,21.26,22.29,21.65,96.40,56.64,46.09,39.74
56.20,34.76,21.23,22.25,21.62,96.40,56.64,45.79,39.74
56.21,34.69,21.26,22.25,21.65,96.40,56.64,45.99,39.74
56.22,34.69,21.26,22.25,21.62,96.40,56.64,45.89,39.74
56.23,34.69,21.26,22.22,21.65,96.04,56.64,45.79,39.74
56.24,34.69,21.23,22.22,21.62,96.04,56.64,45.69,39.74
56.25,34.63,21.26,22.19,21.62,96.04,56.64,45.69,39.74
56.26,34.69,21.26,22.19,21.62,96.40,56.64,45.69,39.74
56.27,34.63,21.26,22.19,21.62,96.04,56.50,45.59,39.74
56.28,34.63,21.19,22.15,21.62,96.04,56.64,45.59,39.74
56.29,34.63,21.23,22.12,21.62,96.04,56.50,45.49,39.74
56.30,34.56,21.23,22.12,21.65,96.04,56.64,45.49,39.74
56.31,34.63,21.23,22.12,21.62,96.04,56.64,45.39,39.67
56.32,34.56,21.23,22.12,21.65,95.68,56.64,45.39,39.74
56.33,34.50,21.23,22.09,21.62,95.68,56.50,45.29,39.74
56.34,34.50,21.19,22.05,21.62,95.68,56.64,45.20,39.67
56.35,34.56,21.19,22.05,21.65,95.68,56.50,45.29,39.74
56.36,34.56,21.23,22.02,21.65,95.68,56.50,45.10,39.74
56.37,34.50,21.23,22.02,21.65,95.68,56.50,45.10,39.74
56.38,34.50,21.19,21.99,21.65,95.32,56.50,45.00,39.74
56.39,34.44,21.19,21.99,21.65,95.32,56.50,44.90,39.74
56.40,34.44,21.19,21.95,21.62,95.32,56.50,44.90,39.67
56.41,34.50,21.19,21.95,21.62,95.32,56.50,44.90,39.74
56.42,34.44,21.19,21.95,21.62,95.32,56.50,44.81,39.67
56.43,34.44,21.19,21.92,21.62,95.32,56.50,44.81,39.67
56.44,34.37,21.19,21.89,21.62,94.97,56.50,44.61,39.67
56.45,34.37,21.19,21.89,21.62,94.97,56.35,44.61,39.67
56.46,34.37,21.19,21.89,21.62,94.97,56.35,44.61,39.67
56.47,34.37,21.19,21.86,21.62,94.97,56.50,44.52,39.67
56.48,34.37,21.19,21.86,21.62,94.97,56.50,44.52,39.67
56.49,34.31,21.16,21.82,21.62,94.61,56.35,44.42,39.67
56.50,34.31,21.16,21.79,21.65,94.97,56.35,44.42,39.67
56.51,34.31,21.19,21.79,21.62,94.97,56.50,44.33,39.67
56.52,34.37,21.19,21.76,21.62,94.61,56.50,44.23,39.67
56.53,34.31,21.16,21.76,21.58,94.61,56.35,44.14,39.67
56.54,34.31,21.19,21.73,21.62,94.61,56.35,44.14,39.74
56.55,34.31,21.16,21.69,21.62,94.61,56.35,44.05,39.67
56.56,34.31,21.19,21.69,21.62,94.61,56.35,44.05,39.67
56.57,34.24,21.19,21.69,21.65,94.26,56.50,43.95,39.67
56.58,34.24,21.16,21.66,21.62,94.26,56.35,43.86,39.67
56.59,34.18,21.13,21.63,21.62,94.26,56.35,43.77,39.67
56.60,34.18,21.19,21.60,21.62,94.26,56.50,43.77,39.67
56.61,34.18,21.16,21.60,21.65,93.91,56.35,43.67,39.67
56.62,34.18,21.16,21.57,21.62,93.91,56.35,43.67,39.67
56.63,34.12,21.16,21.57,21.65,93.91,56.35,43.58,39.67
56.64,34.18,21.13,21.50,21.62,93.91,56.21,43.49,39.59
56.65,34.12,21.13,21.50,21.62,93.91,56.35,43.49,39.67
56.66,34.12,21.16,21.50,21.65,93.91,56.35,43.40,39.67
56.67,34.12,21.16,21.50,21.62,93.91,56.35,43.40,39.59
56.68,34.06,21.13,21.47,21.62,93.57,56.21,43.21,39.59
56.69,34.06,21.13,21.44,21.62,93.57,56.35,43.21,39.67
56.70,34.06,21.10,21.41,21.65,93.57,56.35,43.12,39.67
56.71,34.06,21.16,21.41,21.65,93.57,56.35,43.03,39.59
56.72,34.12,21.16,21.37,21.62,93.57,56.21,43.03,39.67
56.73,34.06,21.13,21.34,21.62,93.22,56.21,42.94,39.67
56.74,33.93,21.13,21.34,21.58,93.22,56.21,42.94,39.59
56.75,34.06,21.13,21.31,21.65,93.22,56.07,42.85,39.59
56.76,34.06,21.13,21.31,21.62,93.22,56.21,42.76,39.59
56.77,34.06,21.13,21.28,21.65,93.22,56.21,42.67,39.67
56.78,33.99,21.10,21.25,21.58,92.88,56.07,42.58,39.59
56.79,33.93,21.07,21.22,21.58,92.88,56.07,42.58,39.59
56.80,33.93,21.10,21.18,21.62,92.54,56.21,42.50,39.59
56.81,33.99,21.13,21.18,21.62,92.88,56.21,42.50,39.59
56.82,33.93,21.10,21.18,21.62,92.88,56.21,42.41,39.59
56.83,33.87,21.10,21.12,21.62,92.54,56.21,42.32,39.59
56.84,33.87,21.10,21.12,21.62,92.54,56.07,42.23,39.59
56.85,33.87,21.10,21.09,21.62,92.54,56.07,42.14,39.59
56.86,33.87,21.10,21.06,21.62,92.54,56.07,42.14,39.51
56.87,33.87,21.10,21.06,21.62,92.20,56.21,42.06,39.59
56.88,33.81,21.10,21.03,21.65,92.20,56.07,41.97,39.59
56.89,33.87,21.07,21.00,21.62,92.20,56.07,41.88,39.51
56.90,33.87,21.10,20.97,21.62,92.20,55.93,41.88,39.51
56.91,33.75,21.10,20.97,21.62,92.20,56.07,41.80,39.59
56.92,33.75,21.10,20.94,21.62,92.20,55.93,41.71,39.51
56.93,33.81,21.10,20.91,21.62,91.87,56.07,41.62,39.51
56.94,33.81,21.07,20.88,21.65,91.87,55.93,41.54,39.51
56.95,33.75,21.07,20.84,21.62,92.20,55.93,41.45,39.51
56.96,33.75,21.07,20.84,21.62,91.54,55.93,41.37,39.51
56.97,33.81,21.10,20.81,21.65,91.54,56.07,41.37,39.51
56.98,33.69,21.07,20.78,21.62,91.54,56.07,41.28,39.51
56.99,33.75,21.04,20.75,21.62,91.54,55.93,41.20,39.51
57.00,33.69,21.04,20.75,21.62,91.54,56.07,41.12,39.51
57.01,33.75,21.07,20.72,21.62,91.20,55.93,41.12,39.43
57.02,33.69,21.07,20.69,21.62,91.20,55.93,41.03,39.51
57.03,33.69,21.07,20.66,21.62,91.20,55.93,40.95,39.51
57.04,33.62,21.04,20.63,21.62,91.20,55.93,40.87,39.51
57.05,33.62,21.04,20.63,21.62,90.88,55.93,40.78,39.51
57.06,33.62,21.04,20.60,21.62,90.88,55.93,40.78,39.51
57.07,33.69,21.04,20.57,21.62,90.88,55.79,40.70,39.51
57.08,33.56,21.07,20.57,21.58,90.88,55.79,40.62,39.43
57.09,33.56,21.01,20.51,21.58,90.88,56.07,40.54,39.43
57.10,33.50,21.04,20.48,21.62,90.55,55.93,40.45,39.43
57.11,33.50,21.04,20.48,21.62,90.55,55.79,40.45,39.43
57.12,33.62,21.04,20.45,21.62,90.88,55.79,40.37,39.43
57.13,33.50,21.04,20.42,21.65,90.55,55.79,40.29,39.43
57.14,33.50,21.01,20.39,21.62,90.23,55.65,40.21,39.43
57.15,33.50,21.01,20.36,21.62,90.23,55.79,40.13,39.35
57.16,33.50,21.04,20.36,21.62,90.23,55.93,40.05,39.43
57.17,33.50,21.04,20.33,21.62,90.23,55.79,39.97,39.35
57.18,33.44,21.01,20.30,21.62,89.90,55.93,39.89,39.51
57.19,33.44,20.98,20.24,21.62,89.90,55.52,39.81,39.27
57.20,33.50,21.01,20.24,21.62,89.90,55.79,39.73,39.35
57.21,33.50,21.01,20.21,21.62,89.90,55.79,39.73,39.43
57.22,33.38,21.01,20.18,21.62,89.58,55.79,39.65,39.43
57.23,33.44,20.98,20.16,21.62,89.90,55.65,39.57,39.43
57.24,33.38,21.01,20.13,21.62,89.58,55.65,39.49,39.43
57.25,33.32,20.95,20.10,21.62,89.58,55.79,39.41,39.35
57.26,33.38,21.01,20.10,21.62,89.58,55.65,39.33,39.35
57.27,33.44,21.01,20.07,21.62,89.58,55.65,39.26,39.35
57.28,33.32,20.98,20.04,21.62,89.27,55.65,39.18,39.35
57.29,33.32,20.98,19.98,21.62,89.27,55.65,39.18,39.35
57.30,33.32,20.98,19.98,21.58,89.27,55.52,39.02,39.35
57.31,33.44,20.98,19.95,21.62,89.27,55.65,38.95,39.35
57.32,33.38,20.98,19.92,21.62,88.95,55.65,38.95,39.35
57.33,33.38,20.98,19.89,21.62,88.95,55.65,38.79,39.35
57.34,33.32,20.98,19.86,21.58,88.95,55.52,38.72,39.35
57.35,33.26,20.98,19.86,21.62,88.64,55.65,38.72,39.27
57.36,33.32,20.98,19.81,21.62,88.64,55.65,38.64,39.35
57.37,33.32,20.95,19.81,21.62,88.64,55.52,38.56,39.35
57.38,33.20,20.95,19.78,21.62,88.64,55.38,38.49,39.35
57.39,33.20,20.95,19.72,21.62,88.32,55.52,38.41,39.27
57.40,33.26,20.95,19.72,21.62,88.32,55.52,38.34,39.35
57.41,33.20,20.98,19.69,21.62,88.32,55.52,38.34,39.35
57.42,33.26,20.95,19.67,21.62,88.64,55.38,38.19,39.27
57.43,33.26,20.95,19.64,21.58,88.32,55.52,38.11,39.27
57.44,33.14,20.91,19.61,21.62,88.32,55.38,37.97,39.27
57.45,33.20,20.91,19.58,21.62,88.01,55.52,38.11,39.27
57.46,33.20,20.91,19.55,21.58,88.01,55.38,37.97,39.27
57.47,33.20,20.95,19.52,21.58,88.01,55.38,37.82,39.27
57.48,33.20,20.91,19.50,21.62,87.70,55.24,37.82,39.27
57.49,33.08,20.91,19.47,21.62,87.70,55.38,37.67,39.20
57.50,33.14,20.91,19.44,21.62,87.70,55.24,37.60,39.27
57.51,33.14,20.91,19.41,21.62,87.70,55.38,37.53,39.27
57.52,33.14,20.91,19.39,21.62,87.40,55.38,37.53,39.27
57.53,33.08,20.91,19.33,21.58,87.40,55.24,37.45,39.20
57.54,33.02,20.88,19.33,21.62,87.40,55.24,37.38,39.20
57.55,33.08,20.88,19.30,21.62,87.40,55.24,37.31,39.20
57.56,33.08,20.88,19.27,21.62,87.40,55.24,37.24,39.20
57.57,33.08,20.91,19.27,21.62,87.40,55.24,37.17,39.20
57.58,33.02,20.88,19.22,21.62,87.09,55.24,37.09,39.20
57.59,33.02,20.88,19.19,21.62,87.09,55.24,36.95,39.20
57.60,33.08,20.88,19.16,21.62,87.09,55.24,36.95,39.20
57.61,32.96,20.88,19.16,21.58,86.79,55.24,36.88,39.20
57.62,33.02,20.88,19.14,21.62,86.79,55.24,36.81,39.20
57.63,32.96,20.88,19.08,21.58,86.79,55.24,36.74,39.20
57.64,33.02,20.85,19.05,21.62,86.79,55.10,36.67,39.20
57.65,32.96,20.88,19.03,21.58,86.49,55.24,36.60,39.20
57.66,32.96,20.88,19.00,21.58,86.49,55.10,36.53,39.20
57.67,32.96,20.85,19.00,21.62,86.49,55.10,36.46,39.20
57.68,32.90,20.85,18.95,21.62,86.19,55.10,36.39,39.12
57.69,32.90,20.85,18.92,21.62,86.19,54.97,36.32,39.12
57.70,32.96,20.85,18.89,21.58,86.19,55.10,36.26,39.12
57.71,32.90,20.85,18.89,21.62,86.19,55.10,36.19,39.12
57.72,32.96,20.85,18.87,21.58,86.19,55.10,36.12,39.12
57.73,32.90,20.85,18.81,21.58,86.19,54.97,36.05,39.12
57.74,32.90,20.82,18.81,21.58,85.89,54.97,35.98,39.12
57.75,32.78,20.82,18.76,21.58,85.89,54.97,35.91,39.12
57.76,32.84,20.85,18.76,21.58,85.89,54.97,35.85,39.12
57.77,32.84,20.85,18.73,21.58,85.89,54.97,35.78,39.12
57.78,32.84,20.82,18.68,21.62,85.60,54.97,35.71,39.12
57.79,32.84,20.82,18.65,21.58,85.60,54.97,35.58,39.12
57.80,32.84,20.82,18.63,21.58,85.60,54.97,35.58,39.04
57.81,32.78,20.82,18.63,21.62,85.60,54.97,35.51,39.04
57.82,32.78,20.82,18.60,21.58,85.60,54.97,35.45,39.04
57.83,32.78,20.82,18.57,21.58,85.31,54.83,35.38,39.12
57.84,32.72,20.82,18.52,21.58,85.31,54.83,35.31,39.04
57.85,32.78,20.79,18.52,21.58,85.31,54.83,35.25,39.12
57.86,32.78,20.82,18.47,21.58,85.31,54.83,35.18,39.04
57.87,32.72,20.82,18.47,21.58,85.02,54.83,35.12,39.04
57.88,32.66,20.79,18.42,21.58,85.02,54.83,35.05,39.04
57.89,32.72,20.79,18.39,21.58,85.02,54.70,34.99,39.04
57.90,32.66,20.79,18.39,21.58,85.02,54.70,34.92,39.04
57.91,32.72,20.79,18.36,21.58,85.02,54.70,34.86,39.04
57.92,32.72,20.79,18.34,21.58,85.02,54.70,34.79,39.04
57.93,32.66,20.79,18.29,21.58,84.73,54.70,34.73,39.04
57.94,32.66,20.76,18.26,21.58,84.73,54.70,34.66,39.04
57.95,32.72,20.76,18.24,21.58,84.73,54.70,34.60,39.04
57.96,32.72,20.79,18.21,21.58,84.73,54.56,34.53,38.97
57.97,32.66,20.76,18.21,21.58,84.73,54.70,34.47,39.04
57.98,32.61,20.76,18.16,21.58,84.44,54.70,34.41,38.97
57.99,32.61,20.76,18.13,21.58,84.44,54.56,34.34,38.97
58.00,32.61,20.76,18.11,21.58,84.44,54.56,34.28,38.97
58.01,32.61,20.76,18.11,21.58,84.15,54.56,34.22,38.97
58.02,32.55,20.76,18.06,21.58,84.15,54.56,34.16,38.89
58.03,32.55,20.73,18.03,21.58,84.15,54.56,34.16,38.97
58.04,32.55,20.73,18.01,21.58,83.87,54.56,34.03,38.97
58.05,32.55,20.73,18.01,21.58,83.87,54.56,33.97,38.97
58.06,32.55,20.73,17.96,21.58,83.87,54.56,33.91,38.97
58.07,32.49,20.73,17.96,21.58,83.87,54.43,33.84,38.89
58.08,32.49,20.73,17.91,21.58,83.87,54.43,33.78,38.89
58.09,32.49,20.70,17.88,21.58,83.87,54.43,33.72,38.97
58.10,32.55,20.73,17.86,21.58,83.58,54.43,33.66,38.89
58.11,32.55,20.73,17.83,21.58,83.58,54.43,33.60,38.89
58.12,32.55,20.70,17.83,21.58,83.58,54.43,33.54,38.89
58.13,32.49,20.70,17.78,21.58,83.58,54.30,33.48,38.89
58.14,32.49,20.70,17.76,21.58,83.30,54.30,33.42,38.89
58.15,32.49,20.67,17.76,21.58,83.30,54.30,33.36,38.81
58.16,32.49,20.70,17.73,21.58,83.30,54.30,33.30,38.89
58.17,32.43,20.70,17.71,21.58,83.30,54.30,33.24,38.89
58.18,32.43,20.67,17.66,21.58,83.30,54.30,33.18,38.81
58.19,32.37,20.67,17.63,21.58,83.02,54.30,33.18,38.89
58.20,32.43,20.64,17.63,21.58,83.02,54.30,33.06,38.89
58.21,32.43,20.67,17.61,21.58,83.02,54.30,33.06,38.89
58.22,32.43,20.70,17.58,21.55,83.02,54.16,32.94,38.81
58.23,32.43,20.67,17.54,21.55,82.75,54.16,32.94,38.81
58.24,32.32,20.67,17.54,21.55,82.75,54.16,32.88,38.81
58.25,32.32,20.67,17.49,21.55,82.75,54.16,32.82,38.81
58.26,32.43,20.67,17.49,21.55,82.75,54.30,32.76,38.81
58.27,32.37,20.67,17.46,21.55,82.75,54.16,32.70,38.81
58.28,32.37,20.64,17.41,21.55,82.75,54.16,32.64,38.81
58.29,32.32,20.64,17.39,21.55,82.47,54.03,32.59,38.81
58.30,32.37,20.64,17.39,21.55,82.75,53.90,32.53,38.81
58.31,32.37,20.64,17.34,21.55,82.47,54.03,32.47,38.81
58.32,32.32,20.67,17.34,21.58,82.47,54.03,32.41,38.81
58.33,32.32,20.58,17.29,21.55,82.47,54.03,32.35,38.74
58.34,32.20,20.67,17.27,21.58,82.20,54.03,32.30,38.81
58.35,32.32,20.61,17.25,21.55,82.20,54.03,32.24,38.74
58.36,32.26,20.61,17.25,21.55,82.20,54.03,32.18,38.74
58.37,32.20,20.64,17.22,21.55,82.20,54.03,32.12,38.74
58.38,32.26,20.61,17.20,21.55,81.92,53.90,32.07,38.74
58.39,32.20,20.61,17.17,21.55,81.92,54.03,31.95,38.74
58.40,32.20,20.61,17.15,21.55,81.92,54.03,31.95,38.74
58.41,32.20,20.61,17.13,21.55,81.92,53.90,31.90,38.74
58.42,32.26,20.61,17.10,21.55,81.92,54.03,31.90,38.74
58.43,32.20,20.61,17.08,21.55,81.92,53.77,31.79,38.74
58.44,32.20,20.61,17.06,21.55,81.65,53.77,31.73,38.66
58.45,32.20,20.61,17.03,21.55,81.65,53.77,31.67,38.74
58.46,32.20,20.58,17.03,21.55,81.65,53.77,31.67,38.66
58.47,32.20,20.58,17.01,21.55,81.65,53.90,31.62,38.66
58.48,32.20,20.58,16.98,21.55,81.38,53.77,31.56,38.66
58.49,32.14,20.58,16.94,21.55,81.38,53.77,31.51,38.66
58.50,32.14,20.58,16.91,21.55,81.38,53.77,31.45,38.66
58.51,32.20,20.58,16.91,21.55,81.38,53.64,31.40,38.74
58.52,32.14,20.58,16.89,21.52,81.38,53.77,31.34,38.66
58.53,32.09,20.55,16.87,21.55,81.11,53.64,31.34,38.59
58.54,32.14,20.55,16.84,21.55,81.11,53.77,31.23,38.66
58.55,32.09,20.55,16.82,21.55,81.11,53.51,31.18,38.59
58.56,32.09,20.58,16.80,21.55,81.38,53.51,31.12,38.66
58.57,32.14,20.55,16.80,21.52,81.11,53.64,31.12,38.59
58.58,32.03,20.55,16.75,21.55,81.11,53.64,31.07,38.66
58.59,32.09,20.52,16.73,21.55,80.85,53.51,30.96,38.59
58.60,32.09,20.52,16.71,21.52,80.85,53.51,30.96,38.59
58.61,32.09,20.55,16.71,21.52,80.85,53.64,30.91,38.59
58.62,32.09,20.55,16.68,21.55,80.85,53.51,30.85,38.59
58.63,31.97,20.52,16.66,21.55,80.85,53.51,30.85,38.59
58.64,32.03,20.52,16.61,21.52,80.58,53.38,30.75,38.59
58.65,32.03,20.52,16.61,21.55,80.58,53.51,30.69,38.51
58.66,32.09,20.52,16.59,21.52,80.58,53.51,30.64,38.59
58.67,32.03,20.52,16.57,21.55,80.85,53.38,30.64,38.59
58.68,32.03,20.49,16.55,21.55,80.32,53.51,30.53,38.51
58.69,31.97,20.49,16.52,21.52,80.58,53.51,30.53,38.51
58.70,31.97,20.52,16.50,21.55,80.32,53.51,30.48,38.51
58.71,31.97,20.49,16.48,21.55,80.32,53.38,30.43,38.51
58.72,31.92,20.49,16.48,21.52,80.32,53.38,30.43,38.59
58.73,31.97,20.49,16.43,21.52,80.32,53.25,30.32,38.51
58.74,31.92,20.46,16.43,21.55,80.32,53.25,30.32,38.51
58.75,31.92,20.49,16.41,21.52,80.32,53.38,30.27,38.51
58.76,31.92,20.49,16.39,21.52,80.06,53.38,30.27,38.51
58.77,31.92,20.49,16.37,21.52,80.06,53.25,30.17,38.51
58.78,31.92,20.46,16.34,21.52,80.06,53.25,30.17,38.51
58.79,31.86,20.46,16.32,21.52,80.06,53.25,30.12,38.51
58.80,31.86,20.46,16.32,21.52,79.80,53.25,30.06,38.43
58.81,31.92,20.46,16.30,21.52,79.80,53.25,30.01,38.43
58.82,31.80,20.46,16.28,21.52,80.06,53.25,30.01,38.43
58.83,31.86,20.46,16.25,21.52,79.80,53.12,29.91,38.43
58.84,31.80,20.46,16.23,21.52,79.80,53.25,29.86,38.43
58.85,31.80,20.46,16.21,21.52,79.80,53.12,29.86,38.43
58.86,31.86,20.46,16.21,21.52,79.80,53.12,29.81,38.36
58.87,31.86,20.46,16.17,21.52,79.54,53.12,29.76,38.43
58.88,31.75,20.43,16.17,21.52,79.54,53.12,29.71,38.43
58.89,31.75,20.43,16.12,21.52,79.54,53.12,29.66,38.43
58.90,31.75,20.43,16.12,21.52,79.54,53.12,29.66,38.36
58.91,31.75,20.43,16.12,21.52,79.54,53.12,29.61,38.36
58.92,31.80,20.43,16.08,21.52,79.28,53.12,29.55,38.36
58.93,31.80,20.43,16.06,21.52,79.28,53.00,29.50,38.36
58.94,31.80,20.40,16.04,21.52,79.28,53.00,29.45,38.36
58.95,31.75,20.40,16.01,21.52,79.28,53.00,29.41,38.36
58.96,31.75,20.40,16.01,21.52,79.28,53.12,29.41,38.28
58.97,31.80,20.43,15.99,21.52,79.03,53.00,29.36,38.36
58.98,31.75,20.40,15.97,21.52,79.03,52.87,29.31,38.36
58.99,31.69,20.40,15.97,21.52,79.03,52.87,29.31,38.36
59.00,31.75,20.40,15.95,21.52,79.03,53.00,29.26,38.36
59.01,31.69,20.40,15.93,21.52,79.03,52.87,29.21,38.28
59.02,31.75,20.40,15.90,21.52,79.03,52.87,29.21,38.28
59.03,31.69,20.40,15.90,21.52,78.77,52.87,29.11,38.28
59.04,31.69,20.37,15.88,21.52,78.77,52.87,29.06,38.28
59.05,31.69,20.37,15.86,21.52,78.77,52.87,29.06,38.28
59.06,31.64,20.37,15.86,21.49,78.77,52.74,29.06,38.28
59.07,31.69,20.37,15.84,21.52,78.77,52.74,29.01,38.28
59.08,31.64,20.34,15.80,21.52,78.77,52.74,28.96,38.28
59.09,31.64,20.34,15.80,21.52,78.77,52.74,28.91,38.28
59.10,31.58,20.34,15.78,21.49,78.52,52.62,28.86,38.28
59.11,31.64,20.34,15.78,21.49,78.52,52.74,28.86,38.21
59.12,31.64,20.34,15.76,21.52,78.52,52.74,28.77,38.28
59.13,31.64,20.34,15.71,21.52,78.52,52.62,28.77,38.28
59.14,31.58,20.34,15.71,21.49,78.27,52.62,28.72,38.21
59.15,31.64,20.34,15.69,21.49,78.27,52.62,28.67,38.21
59.16,31.58,20.34,15.69,21.52,78.27,52.62,28.67,38.28
59.17,31.58,20.34,15.67,21.49,78.27,52.62,28.62,38.21
59.18,31.58,20.31,15.65,21.49,78.02,52.62,28.57,38.21
59.19,31.58,20.31,15.63,21.49,78.27,52.62,28.53,38.21
59.20,31.58,20.31,15.63,21.49,78.27,52.62,28.48,38.28
59.21,31.58,20.34,15.61,21.49,78.02,52.62,28.43,38.21
59.22,31.58,20.31,15.59,21.49,78.27,52.62,28.48,38.21
59.23,31.52,20.31,15.56,21.46,78.02,52.49,28.43,38.14
59.24,31.58,20.31,15.54,21.49,78.02,52.49,28.39,38.14
59.25,31.52,20.31,15.54,21.49,78.02,52.49,28.34,38.21
59.26,31.52,20.34,15.52,21.49,78.02,52.49,28.34,38.21
59.27,31.52,20.31,15.52,21.49,77.77,52.49,28.34,38.14
59.28,31.52,20.28,15.48,21.49,77.77,52.49,28.24,38.14
59.29,31.47,20.28,15.46,21.49,77.77,52.37,28.20,38.14
59.30,31.52,20.28,15.46,21.49,77.77,52.37,28.24,38.14
59.31,31.52,20.28,15.46,21.49,77.77,52.49,28.20,38.14
59.32,31.52,20.28,15.44,21.49,77.77,52.37,28.15,38.06
59.33,31.47,20.25,15.42,21.49,77.77,52.37,28.10,38.06
59.34,31.41,20.28,15.40,21.46,77.52,52.37,28.06,38.06
59.35,31.47,20.28,15.38,21.49,77.52,52.37,28.06,38.14
59.36,31.47,20.28,15.38,21.49,77.52,52.24,28.01,38.06
59.37,31.47,20.28,15.36,21.49,77.52,52.24,28.01,38.06
59.38,31.41,20.22,15.33,21.46,77.52,52.12,27.96,38.06
59.39,31.41,20.25,15.31,21.49,77.28,52.24,27.92,38.06
59.40,31.41,20.25,15.31,21.49,77.52,52.24,27.92,38.06
59.41,31.47,20.25,15.31,21.49,77.28,52.24,27.87,38.06
59.42,31.41,20.25,15.29,21.49,77.52,52.24,27.82,38.06
59.43,31.41,20.25,15.27,21.49,77.28,52.24,27.82,38.06
59.44,31.41,20.25,15.25,21.49,77.28,52.12,27.78,38.06
59.45,31.41,20.22,15.25,21.49,77.28,52.24,27.73,38.06
59.46,31.41,20.25,15.23,21.49,77.28,52.12,27.73,38.06
59.47,31.41,20.22,15.23,21.49,77.03,52.12,27.69,38.06
59.48,31.36,20.22,15.19,21.49,77.03,52.24,27.64,37.99
59.49,31.36,20.22,15.19,21.46,77.03,52.12,27.64,37.99
59.50,31.36,20.22,15.17,21.49,77.03,52.12,27.60,37.99
59.51,31.36,20.22,15.17,21.49,77.03,51.99,27.60,37.99
59.52,31.36,20.19,15.15,21.46,77.03,52.12,27.55,37.99
59.53,31.30,20.19,15.13,21.46,77.03,51.99,27.51,37.91
59.54,31.36,20.22,15.11,21.49,76.79,51.99,27.46,37.99
59.55,31.30,20.22,15.11,21.46,77.03,51.99,27.46,37.99
59.56,31.30,20.22,15.11,21.49,77.03,51.99,27.46,37.99
59.57,31.30,20.22,15.09,21.49,76.79,51.99,27.42,37.91
59.58,31.30,20.19,15.07,21.49,76.79,51.99,27.37,37.91
59.59,31.25,20.19,15.05,21.49,76.79,51.99,27.37,37.91
59.60,31.25,20.19,15.05,21.46,76.79,51.99,27.33,37.99
59.61,31.25,20.19,15.03,21.46,76.79,51.87,27.33,37.91
59.62,31.30,20.19,15.03,21.49,76.79,51.99,27.28,37.91
59.63,31.30,20.19,15.01,21.46,76.55,51.75,27.24,37.91
59.64,31.25,20.16,14.99,21.46,76.79,51.87,27.24,37.91
59.65,31.19,20.16,14.99,21.49,76.55,51.87,27.19,37.91
59.66,31.25,20.16,14.97,21.46,76.55,51.87,27.15,37.91
59.67,31.19,20.16,14.97,21.46,76.55,51.87,27.15,37.91
59.68,31.19,20.16,14.95,21.46,76.55,51.87,27.15,37.84
59.69,31.25,20.14,14.93,21.46,76.31,51.87,27.10,37.99
59.70,31.19,20.16,14.93,21.46,76.31,51.75,27.10,37.77
59.71,31.25,20.16,14.91,21.46,76.55,51.75,27.06,37.91
59.72,31.25,20.16,14.91,21.42,76.31,51.75,27.06,37.84
59.73,31.19,20.14,14.89,21.46,76.31,51.75,26.97,37.84
59.74,31.19,20.14,14.87,21.46,76.31,51.75,26.97,37.84
59.75,31.19,20.16,14.85,21.46,76.31,51.75,26.93,37.84
59.76,31.14,20.16,14.85,21.42,76.31,51.75,26.93,37.84
59.77,31.19,20.14,14.83,21.46,76.31,51.62,26.93,37.77
59.78,31.19,20.14,14.83,21.42,76.07,51.62,26.88,37.77
59.79,31.14,20.14,14.81,21.46,76.07,51.62,26.88,37.84
59.80,31.14,20.14,14.81,21.46,76.07,51.62,26.84,37.77
59.81,31.14,20.14,14.81,21.46,76.07,51.62,26.84,37.77
59.82,31.19,20.14,14.79,21.46,76.07,51.62,26.80,37.77
59.83,31.14,20.14,14.77,21.42,76.07,51.62,26.75,37.77
59.84,31.14,20.11,14.75,21.46,75.83,51.62,26.75,37.77
59.85,31.09,20.14,14.73,21.42,76.07,51.50,26.71,37.77
59.86,31.14,20.11,14.75,21.42,76.07,51.50,26.71,37.77
59.87,31.14,20.14,14.73,21.46,75.83,51.62,26.67,37.77
59.88,31.09,20.11,14.71,21.42,75.83,51.62,26.62,37.77
59.89,31.09,20.11,14.69,21.46,75.83,51.50,26.62,37.70
59.90,31.09,20.11,14.69,21.46,75.59,51.50,26.62,37.77
59.91,31.09,20.11,14.67,21.42,75.83,51.62,26.62,37.77
59.92,31.14,20.11,14.67,21.46,75.59,51.50,26.54,37.77
59.93,31.09,20.11,14.65,21.42,75.83,51.50,26.58,37.70
59.94,31.09,20.11,14.65,21.42,75.59,51.38,26.54,37.70
59.95,31.14,20.05,14.63,21.46,75.59,51.26,26.50,37.70
59.96,31.09,20.08,14.63,21.42,75.83,51.50,26.50,37.70
59.97,31.09,20.08,14.63,21.42,75.59,51.38,26.45,37.70
59.98,31.03,20.08,14.61,21.42,75.59,51.38,26.41,37.70
59.99,31.03,20.05,14.59,21.42,75.59,51.38,26.41,37.62
60.00,31.03,20.08,14.59,21.42,75.59,51.50,26.41,37.70
60.01,31.09,20.08,14.57,21.42,75.59,51.38,26.41,37.62
60.02,31.09,20.08,14.55,21.42,75.36,51.38,26.37,37.70
60.03,30.98,20.08,14.55,21.42,75.36,51.26,26.32,37.62
60.04,31.03,20.05,14.53,21.42,75.36,51.26,26.32,37.62
60.05,30.98,20.05,14.53,21.42,75.36,51.26,26.32,37.62
60.06,31.03,20.08,14.52,21.42,75.36,51.26,26.28,37.62
60.07,31.03,20.08,14.52,21.42,75.36,51.26,26.28,37.62
60.08,30.98,20.05,14.49,21.42,75.12,51.26,26.24,37.62
60.09,30.98,20.05,14.49,21.42,75.12,51.26,26.24,37.62
60.10,30.92,20.05,14.48,21.42,75.36,51.26,26.20,37.55
60.11,31.03,20.05,14.48,21.42,75.12,51.26,26.16,37.62
60.12,30.92,20.05,14.46,21.42,75.12,51.26,26.16,37.62
60.13,30.92,20.02,14.46,21.42,75.12,51.14,26.11,37.55
60.14,30.92,20.02,14.44,21.42,75.12,51.02,26.11,37.55
60.15,30.98,20.02,14.44,21.42,74.89,51.14,26.11,37.55
60.16,30.98,20.02,14.44,21.42,75.12,51.14,26.11,37.55
60.17,30.92,20.02,14.42,21.42,75.12,51.14,26.07,37.55
60.18,30.92,20.02,14.40,21.42,74.89,51.14,26.03,37.55
60.19,30.92,20.02,14.38,21.39,74.89,51.14,26.03,37.55
60.20,30.87,20.02,14.38,21.39,74.89,51.14,25.99,37.55
60.21,30.92,20.02,14.38,21.42,74.89,51.14,25.95,37.55
60.22,30.92,20.02,14.36,21.42,74.89,51.02,25.99,37.48
60.23,30.82,20.02,14.36,21.39,74.89,51.02,25.95,37.48
60.24,30.82,20.02,14.34,21.39,74.89,51.02,25.95,37.55
60.25,30.87,19.99,14.34,21.39,74.66,51.02,25.91,37.48
60.26,30.87,19.99,14.34,21.39,74.89,51.02,25.91,37.41
60.27,30.82,20.02,14.32,21.39,74.89,51.02,25.91,37.41
60.28,30.82,19.99,14.30,21.42,74.66,50.90,25.86,37.48
60.29,30.82,19.99,14.30,21.42,74.66,50.90,25.82,37.55
60.30,30.87,19.99,14.30,21.42,74.66,50.90,25.82,37.48
60.31,30.87,20.02,14.29,21.39,74.89,51.02,25.82,37.48
60.32,30.82,19.99,14.29,21.39,74.66,50.90,25.78,37.41
60.33,30.87,19.99,14.29,21.39,74.66,50.90,25.78,37.48
60.34,30.82,19.96,14.27,21.39,74.66,50.90,25.74,37.41
60.35,30.82,19.96,14.25,21.39,74.43,50.90,25.74,37.48
60.36,30.82,19.99,14.25,21.39,74.66,50.90,25.74,37.41
60.37,30.76,19.96,14.19,21.39,74.43,50.90,25.62,37.33
60.38,30.76,19.93,14.17,21.39,74.43,50.78,25.62,37.41
60.39,30.71,19.93,14.15,21.36,74.43,50.78,25.58,37.33
60.40,30.76,19.93,14.17,21.39,74.43,50.78,25.58,37.33
60.41,30.71,19.96,14.15,21.39,74.43,50.78,25.54,37.33
60.42,30.82,19.96,14.15,21.39,74.20,50.78,25.54,37.33
60.43,30.71,19.96,14.13,21.36,74.20,50.78,25.54,37.33
60.44,30.76,19.93,14.12,21.36,74.20,50.66,25.50,37.33
60.45,30.76,19.93,14.12,21.39,74.20,50.78,25.50,37.33
60.46,30.76,19.93,14.12,21.39,74.20,50.78,25.50,37.33
60.47,30.71,19.93,14.12,21.39,74.20,50.78,25.46,37.33
60.48,30.76,19.93,14.10,21.36,74.20,50.66,25.46,37.33
60.49,30.71,19.90,14.08,21.39,74.20,50.66,25.41,37.26
60.50,30.65,19.90,14.08,21.36,74.20,50.55,25.41,37.33
60.51,30.71,19.93,14.08,21.36,73.97,50.66,25.41,37.26
60.52,30.71,19.90,14.08,21.36,73.97,50.66,25.38,37.26
60.53,30.71,19.90,14.06,21.39,73.97,50.66,25.38,37.26
60.54,30.71,19.90,14.04,21.36,73.97,50.55,25.34,37.26
60.55,30.65,19.90,14.04,21.36,73.97,50.55,25.34,37.26
60.56,30.71,19.90,14.04,21.36,73.97,50.43,25.34,37.26
60.57,30.71,19.90,14.04,21.36,73.97,50.55,25.30,37.26
60.58,30.65,19.90,14.00,21.36,73.75,50.55,25.30,37.26
60.59,30.60,19.90,14.02,21.36,73.75,50.55,25.25,37.26
60.60,30.71,19.90,14.00,21.36,73.75,50.55,25.25,37.19
60.61,30.60,19.88,14.00,21.36,73.97,50.55,25.25,37.19
60.62,30.65,19.90,13.98,21.36,73.75,50.55,25.25,37.26
60.63,30.60,19.88,13.98,21.36,73.75,50.43,25.21,37.19
60.64,30.65,19.88,13.97,21.36,73.75,50.43,25.18,37.19
60.65,30.60,19.88,13.97,21.36,73.75,50.43,25.18,37.19
60.66,30.65,19.88,13.97,21.36,73.97,50.43,25.18,37.19
60.67,30.65,19.88,13.97,21.36,73.52,50.43,25.18,37.19
60.68,30.60,19.88,13.95,21.36,73.75,50.31,25.18,37.19
60.69,30.55,19.85,13.93,21.36,73.52,50.31,25.14,37.19
60.70,30.65,19.85,13.93,21.36,73.52,50.31,25.14,37.12
60.71,30.65,19.88,13.93,21.36,73.75,50.43,25.10,37.12
60.72,30.60,19.85,13.93,21.36,73.75,50.31,25.10,37.12
60.73,30.60,19.85,13.91,21.36,73.52,50.31,25.10,37.12
60.74,30.60,19.85,13.89,21.36,73.52,50.31,25.06,37.12
60.75,30.60,19.85,13.89,21.33,73.52,50.31,25.06,37.12
60.76,30.60,19.82,13.89,21.36,73.52,50.31,25.02,37.12
60.77,30.60,19.88,13.89,21.33,73.52,50.43,25.02,37.12
60.78,30.50,19.85,13.87,21.36,73.30,50.31,25.02,37.05
60.79,30.50,19.82,13.86,21.33,73.30,50.31,24.98,37.12
60.80,30.55,19.82,13.86,21.36,73.30,50.31,24.98,37.12
60.81,30.60,19.82,13.86,21.36,73.52,50.31,24.98,37.05
60.82,30.55,19.85,13.84,21.36,73.30,50.19,24.94,37.05
60.83,30.55,19.82,13.84,21.36,73.30,50.19,24.94,37.05
60.84,30.50,19.79,13.84,21.33,73.30,50.19,24.94,37.05
60.85,30.55,19.82,13.82,21.36,73.30,50.19,24.94,37.05
60.86,30.55,19.82,13.82,21.36,73.30,50.31,24.94,37.05
60.87,30.50,19.82,13.82,21.36,73.30,50.19,24.90,37.05
60.88,30.55,19.82,13.80,21.33,73.30,50.31,24.90,37.05
60.89,30.55,19.82,13.78,21.33,73.08,50.08,24.86,36.98
60.90,30.50,19.79,13.78,21.33,73.30,50.19,24.86,37.05
60.91,30.50,19.82,13.80,21.33,73.30,50.19,24.86,37.05
60.92,30.44,19.82,13.78,21.33,73.08,50.08,24.82,36.98
60.93,30.44,19.79,13.78,21.33,73.08,50.08,24.82,37.05
60.94,30.50,19.79,13.76,21.33,73.08,50.08,24.82,36.98
60.95,30.44,19.79,13.76,21.33,73.08,50.19,24.78,36.98
60.96,30.50,19.79,13.75,21.33,73.08,50.08,24.78,36.98
60.97,30.50,19.79,13.75,21.33,73.08,50.08,24.78,36.98
60.98,30.50,19.79,13.75,21.33,72.85,50.08,24.74,36.98
60.99,30.44,19.79,13.73,21.33,73.08,50.08,24.74,36.98
61.00,30.44,19.79,13.73,21.36,72.85,49.96,24.74,36.98
61.01,30.44,19.79,13.73,21.33,73.08,50.08,24.74,36.98
61.02,30.44,19.79,13.71,21.33,73.08,49.96,24.74,36.91
61.03,30.50,19.76,13.71,21.33,72.85,49.96,24.70,36.98
61.04,30.44,19.79,13.69,21.33,72.85,49.96,24.67,36.91
61.05,30.44,19.79,13.69,21.33,72.85,49.96,24.67,36.91
61.06,30.44,19.79,13.67,21.33,72.85,49.96,24.67,36.91
61.07,30.39,19.76,13.67,21.33,72.85,49.96,24.67,36.91
61.08,30.39,19.76,13.67,21.33,72.85,49.85,24.63,36.91
61.09,30.34,19.76,13.67,21.33,72.63,49.96,24.63,36.91
61.10,30.44,19.76,13.66,21.33,72.85,49.96,24.63,36.91
61.11,30.39,19.76,13.66,21.33,72.63,49.96,24.63,36.84
61.12,30.39,19.76,13.66,21.33,72.85,49.96,24.59,36.84
61.13,30.34,19.73,13.66,21.33,72.63,49.85,24.59,36.84
61.14,30.34,19.73,13.64,21.33,72.41,49.85,24.59,36.84
61.15,30.39,19.73,13.64,21.33,72.63,49.85,24.63,36.84
61.16,30.39,19.73,13.64,21.30,72.63,49.85,24.51,36.84
61.17,30.39,19.76,13.62,21.30,72.63,49.85,24.55,36.84
61.18,30.29,19.73,13.62,21.33,72.63,49.85,24.55,36.84
61.19,30.39,19.73,13.60,21.33,72.63,49.73,24.51,36.84
61.20,30.34,19.73,13.60,21.30,72.63,49.73,24.51,36.84
61.21,30.34,19.73,13.60,21.30,72.63,49.73,24.51,36.84
61.22,30.34,19.73,13.60,21.30,72.63,49.73,24.47,36.84
61.23,30.34,19.73,13.58,21.30,72.41,49.73,24.47,36.84
61.24,30.34,19.70,13.58,21.30,72.63,49.85,24.47,36.77
61.25,30.34,19.73,13.57,21.30,72.63,49.73,24.44,36.77
61.26,30.29,19.73,13.57,21.30,72.41,49.85,24.47,36.77
61.27,30.34,19.73,13.58,21.33,72.63,49.73,24.44,36.77
61.28,30.29,19.73,13.55,21.30,72.41,49.73,24.44,36.77
61.29,30.29,19.68,13.55,21.30,72.41,49.73,24.40,36.77
61.30,30.29,19.70,13.55,21.30,72.41,49.73,24.40,36.77
61.31,30.29,19.70,13.55,21.30,72.41,49.73,24.40,36.77
61.32,30.29,19.70,13.55,21.30,72.41,49.73,24.36,36.77
61.33,30.29,19.68,13.53,21.30,72.41,49.62,24.36,36.77
61.34,30.23,19.70,13.51,21.27,72.20,49.62,24.36,36.77
61.35,30.29,19.70,13.51,21.30,72.20,49.50,24.32,36.70
61.36,30.23,19.70,13.53,21.27,72.20,49.62,24.36,36.77
61.37,30.29,19.70,13.51,21.30,72.41,49.62,24.32,36.77
61.38,30.29,19.70,13.49,21.27,72.20,49.50,24.32,36.70
61.39,30.23,19.68,13.49,21.30,72.20,49.62,24.32,36.70
61.40,30.23,19.70,13.49,21.27,72.20,49.50,24.28,36.70
61.41,30.29,19.70,13.49,21.30,72.20,49.50,24.28,36.70
61.42,30.29,19.68,13.48,21.27,72.20,49.62,24.28,36.70
61.43,30.23,19.68,13.48,21.30,71.98,49.50,24.25,36.70
61.44,30.23,19.68,13.46,21.27,71.98,49.62,24.25,36.70
61.45,30.23,19.65,13.46,21.27,72.20,49.62,24.25,36.70
61.46,30.18,19.68,13.46,21.27,72.20,49.50,24.25,36.70
61.47,30.29,19.68,13.46,21.30,72.20,49.50,24.25,36.63
61.48,30.23,19.65,13.46,21.27,71.98,49.39,24.25,36.63
61.49,30.23,19.65,13.44,21.27,71.98,49.50,24.21,36.63
61.50,30.23,19.65,13.44,21.27,71.98,49.50,24.21,36.63
61.51,30.23,19.65,13.44,21.27,71.98,49.50,24.21,36.63
61.52,30.13,19.65,13.44,21.27,71.98,49.50,24.17,36.63
61.53,30.23,19.65,13.42,21.27,71.98,49.50,24.17,36.63
61.54,30.18,19.65,13.42,21.27,71.98,49.39,24.13,36.63
61.55,30.13,19.65,13.41,21.27,71.98,49.39,24.13,36.63
61.56,30.18,19.65,13.41,21.27,71.98,49.50,24.17,36.56
61.57,30.18,19.65,13.41,21.27,71.98,49.39,24.13,36.56
61.58,30.18,19.62,13.41,21.27,71.98,49.39,24.13,36.56
61.59,30.13,19.65,13.39,21.27,71.76,49.39,24.10,36.56
61.60,30.18,19.65,13.39,21.27,71.98,49.39,24.10,36.56
61.61,30.18,19.62,13.39,21.27,71.98,49.39,24.13,36.56
61.62,30.18,19.65,13.39,21.27,71.76,49.39,24.10,36.56
61.63,30.13,19.62,13.37,21.27,71.76,49.28,24.06,36.49
61.64,30.13,19.62,13.35,21.27,71.76,49.28,24.06,36.49
61.65,30.18,19.65,13.35,21.27,71.76,49.39,24.06,36.56
61.66,30.13,19.65,13.37,21.27,71.76,49.28,24.10,36.49
61.67,30.13,19.65,13.37,21.27,71.76,49.28,24.06,36.56
61.68,30.13,19.59,13.35,21.27,71.76,49.28,24.06,36.42
61.69,30.08,19.59,13.34,21.27,71.76,49.28,24.06,36.49
61.70,30.13,19.62,13.34,21.27,71.76,49.28,24.02,36.56
61.71,30.13,19.62,13.34,21.27,71.76,49.28,24.02,36.49
61.72,30.13,19.62,13.34,21.27,71.76,49.28,24.02,36.49
61.73,30.08,19.62,13.32,21.23,71.76,49.28,23.98,36.49
61.74,30.13,19.59,13.32,21.27,71.55,49.28,23.98,36.49
61.75,30.13,19.59,13.32,21.23,71.55,49.28,23.98,36.49
61.76,30.03,19.62,13.32,21.27,71.76,49.28,23.98,36.49
61.77,30.08,19.62,13.32,21.23,71.55,49.28,23.95,36.49
61.78,30.08,19.62,13.30,21.23,71.55,49.28,23.95,36.42
61.79,30.08,19.59,13.28,21.23,71.55,49.16,23.95,36.49
61.80,30.03,19.59,13.30,21.23,71.55,49.16,23.95,36.49
61.81,30.03,19.59,13.28,21.23,71.55,49.16,23.91,36.42
61.82,30.08,19.59,13.28,21.23,71.55,49.28,23.91,36.42
61.83,30.08,19.59,13.28,21.23,71.55,49.16,23.91,36.42
61.84,30.08,19.56,13.27,21.23,71.55,49.16,23.87,36.42
61.85,30.03,19.59,13.27,21.23,71.33,49.16,23.87,36.35
61.86,30.08,19.59,13.27,21.23,71.33,49.16,23.87,36.35
61.87,30.03,19.59,13.27,21.23,71.55,49.16,23.87,36.42
61.88,30.08,19.56,13.25,21.23,71.33,49.05,23.87,36.42
61.89,30.03,19.56,13.25,21.23,71.33,49.16,23.87,36.42
61.90,30.03,19.56,13.25,21.23,71.33,49.05,23.84,36.35
61.91,30.08,19.56,13.25,21.23,71.55,49.16,23.84,36.35
61.92,30.03,19.56,13.23,21.23,71.33,49.16,23.84,36.42
61.93,29.97,19.56,13.23,21.23,71.12,49.05,23.84,36.35
61.94,29.97,19.56,13.23,21.23,71.33,49.05,23.80,36.35
61.95,29.97,19.56,13.21,21.23,71.33,49.05,23.80,36.35
61.96,29.97,19.56,13.21,21.23,71.33,49.16,23.80,36.35
61.97,29.97,19.56,13.20,21.20,71.33,49.05,23.80,36.28
61.98,29.97,19.56,13.21,21.23,71.12,49.05,23.80,36.35
61.99,29.97,19.54,13.20,21.23,71.12,49.05,23.76,36.28
62.00,29.92,19.56,13.20,21.23,71.33,49.05,23.76,36.35
62.01,29.97,19.54,13.20,21.20,71.12,49.05,23.73,36.28
62.02,29.97,19.56,13.20,21.23,71.12,49.05,23.76,36.28
62.03,29.92,19.51,13.20,21.20,71.12,48.94,23.76,36.28
62.04,29.97,19.54,13.18,21.20,71.12,48.83,23.73,36.28
62.05,29.97,19.54,13.18,21.23,71.12,48.83,23.73,36.28
62.06,29.97,19.56,13.18,21.20,71.12,48.94,23.73,36.28
62.07,29.97,19.51,13.18,21.20,71.12,48.94,23.69,36.21
62.08,29.97,19.51,13.16,21.20,71.12,48.94,23.73,36.21
62.09,29.92,19.54,13.16,21.20,71.12,48.83,23.69,36.21
62.10,29.87,19.51,13.16,21.20,71.12,48.94,23.69,36.28
62.11,29.87,19.54,13.16,21.20,71.12,48.94,23.69,36.21
62.12,29.92,19.54,13.16,21.20,71.12,48.94,23.69,36.28
62.13,29.92,19.51,13.14,21.20,71.12,48.83,23.69,36.21
62.14,29.92,19.51,13.13,21.20,71.12,49.05,23.65,36.28
62.15,29.92,19.51,13.14,21.20,70.91,48.83,23.65,36.28
62.16,29.97,19.51,13.14,21.20,70.91,48.94,23.65,36.21
62.17,29.87,19.51,13.13,21.17,70.91,48.83,23.65,36.21
62.18,29.87,19.51,13.13,21.17,70.91,48.94,23.62,36.15
62.19,29.87,19.51,13.13,21.20,70.91,48.94,23.62,36.15
62.20,29.92,19.51,13.11,21.20,70.91,48.83,23.62,36.21
62.21,29.87,19.51,13.13,21.20,70.91,48.83,23.62,36.21
62.22,29.92,19.48,13.11,21.20,70.91,48.83,23.58,36.21
62.23,29.87,19.48,13.11,21.20,70.91,48.83,23.58,36.15
62.24,29.82,19.48,13.09,21.20,70.91,48.83,23.58,36.15
62.25,29.82,19.48,13.09,21.17,70.70,48.72,23.58,36.15
62.26,29.87,19.48,13.09,21.20,70.70,48.83,23.58,36.15
62.27,29.97,19.51,13.09,21.20,70.91,48.83,23.58,36.15
62.28,29.87,19.48,13.08,21.20,70.91,48.72,23.55,36.15
62.29,29.82,19.48,13.08,21.17,70.91,48.83,23.55,36.08
62.30,29.82,19.48,13.08,21.17,70.70,48.72,23.51,36.08
62.31,29.82,19.48,13.09,21.20,70.70,48.83,23.55,36.15
62.32,29.82,19.48,13.08,21.17,70.91,48.72,23.55,36.15
62.33,29.82,19.45,13.06,21.17,70.70,48.72,23.51,36.08
62.34,29.82,19.48,13.06,21.20,70.70,48.61,23.51,36.08
62.35,29.82,19.48,13.06,21.20,70.70,48.72,23.47,36.08
62.36,29.82,19.45,13.06,21.20,70.91,48.72,23.51,36.08
62.37,29.87,19.48,13.06,21.20,70.70,48.72,23.47,36.08
62.38,29.77,19.45,13.04,21.17,70.49,48.72,23.47,36.08
62.39,29.82,19.45,13.04,21.17,70.70,48.61,23.47,36.08
62.40,29.77,19.45,13.04,21.17,70.70,48.61,23.44,36.08
62.41,29.82,19.45,13.04,21.17,70.70,48.72,23.47,36.01
62.42,29.82,19.45,13.04,21.17,70.70,48.61,23.44,36.08
62.43,29.77,19.45,13.02,21.17,70.49,48.61,23.44,36.01
62.44,29.82,19.45,13.01,21.14,70.49,48.50,23.44,36.01
62.45,29.77,19.42,13.02,21.17,70.49,48.61,23.44,36.01
62.46,29.82,19.45,13.02,21.17,70.49,48.61,23.44,36.01
62.47,29.77,19.45,13.01,21.17,70.49,48.61,23.44,36.01
62.48,29.77,19.45,13.01,21.17,70.49,48.61,23.40,36.01
62.49,29.72,19.45,12.99,21.17,70.49,48.61,23.40,35.94
62.50,29.77,19.42,12.99,21.17,70.49,48.50,23.40,35.94
62.51,29.77,19.42,12.99,21.14,70.49,48.50,23.40,36.01
62.52,29.77,19.42,12.99,21.17,70.49,48.50,23.40,36.01
62.53,29.77,19.42,12.99,21.14,70.28,48.50,23.36,35.94
62.54,29.72,19.42,12.99,21.17,70.49,48.50,23.36,35.94
62.55,29.72,19.42,12.97,21.14,70.49,48.61,23.36,35.94
62.56,29.77,19.42,12.97,21.14,70.49,48.50,23.36,35.94
62.57,29.77,19.45,12.97,21.14,70.49,48.50,23.36,35.94
62.58,29.72,19.39,12.97,21.14,70.28,48.50,23.33,35.94
62.59,29.77,19.37,12.96,21.14,70.28,48.50,23.33,35.94
62.60,29.72,19.42,12.96,21.14,70.28,48.50,23.33,35.94
62.61,29.72,19.42,12.96,21.17,70.49,48.50,23.33,35.94
62.62,29.72,19.42,12.97,21.14,70.28,48.50,23.29,35.94
62.63,29.72,19.42,12.96,21.14,70.28,48.39,23.33,35.87
62.64,29.67,19.42,12.94,21.14,70.28,48.50,23.29,35.87
62.65,29.67,19.39,12.94,21.14,70.28,48.50,23.29,35.87
62.66,29.67,19.39,12.94,21.14,70.28,48.50,23.29,35.87
62.67,29.67,19.39,12.94,21.14,70.28,48.50,23.29,35.87
62.68,29.72,19.39,12.94,21.14,70.28,48.39,23.29,35.87
62.69,29.67,19.39,12.92,21.14,70.28,48.39,23.26,35.87
62.70,29.67,19.39,12.92,21.14,70.28,48.39,23.26,35.81
62.71,29.67,19.39,12.92,21.11,70.28,48.39,23.26,35.87
62.72,29.67,19.39,12.92,21.14,70.28,48.39,23.26,35.81
62.73,29.67,19.39,12.92,21.14,70.08,48.28,23.22,35.87
62.74,29.62,19.37,12.91,21.14,70.08,48.39,23.22,35.81
62.75,29.67,19.39,12.91,21.11,70.08,48.39,23.22,35.81
62.76,29.72,19.39,12.91,21.14,70.08,48.39,23.22,35.81
62.77,29.67,19.39,12.91,21.14,70.08,48.39,23.22,35.81
62.78,29.67,19.37,12.91,21.14,70.08,48.28,23.22,35.81
62.79,29.67,19.37,12.91,21.11,70.08,48.28,23.22,35.81
62.80,29.67,19.37,12.89,21.11,70.08,48.39,23.19,35.81
62.81,29.67,19.37,12.91,21.14,70.08,48.39,23.19,35.74
62.82,29.67,19.39,12.89,21.14,70.08,48.28,23.19,35.81
62.83,29.67,19.37,12.89,21.11,70.08,48.28,23.15,35.81
62.84,29.67,19.37,12.87,21.14,70.08,48.28,23.15,35.81
62.85,29.67,19.37,12.87,21.11,69.87,48.28,23.15,35.74
62.86,29.62,19.37,12.87,21.11,70.08,48.28,23.19,35.81
62.87,29.67,19.37,12.87,21.11,70.08,48.28,23.15,35.74
62.88,29.62,19.37,12.87,21.11,69.87,48.17,23.15,35.74
62.89,29.57,19.34,12.86,21.11,69.87,48.28,23.15,35.74
62.90,29.62,19.37,12.86,21.11,69.87,48.28,23.15,35.74
62.91,29.67,19.37,12.86,21.11,69.87,48.17,23.12,35.67
62.92,29.57,19.37,12.86,21.11,70.08,48.17,23.12,35.74
62.93,29.62,19.34,12.86,21.11,69.87,48.28,23.12,35.67
62.94,29.57,19.34,12.84,21.11,69.87,48.17,23.12,35.67
62.95,29.62,19.34,12.84,21.11,70.08,48.17,23.12,35.74
62.96,29.62,19.37,12.86,21.11,69.87,48.28,23.12,35.74
62.97,29.62,19.34,12.84,21.11,69.87,48.17,23.12,35.74
62.98,29.62,19.34,12.84,21.11,69.87,48.17,23.12,35.67
62.99,29.57,19.34,12.84,21.08,69.87,48.17,23.08,35.74
63.00,29.62,19.34,12.84,21.11,69.87,48.17,23.08,35.67
63.01,29.57,19.34,12.84,21.11,69.87,48.17,23.08,35.67
63.02,29.62,19.34,12.82,21.11,69.87,48.17,23.08,35.67
63.03,29.52,19.34,12.82,21.11,69.67,48.17,23.05,35.67
63.04,29.57,19.34,12.82,21.11,69.87,48.17,23.05,35.67
63.05,29.57,19.34,12.80,21.11,69.87,48.06,23.05,35.67
63.06,29.52,19.34,12.82,21.11,69.87,48.17,23.05,35.67
63.07,29.62,19.34,12.82,21.08,69.87,48.17,23.05,35.61
63.08,29.57,19.31,12.80,21.11,69.67,48.06,23.05,35.67
63.09,29.57,19.31,12.80,21.08,69.67,48.06,23.01,35.61
63.10,29.62,19.31,12.80,21.08,69.67,48.17,23.01,35.61
63.11,29.57,19.34,12.80,21.08,69.67,48.17,23.01,35.61
63.12,29.52,19.34,12.79,21.08,69.67,48.17,23.01,35.61
63.13,29.47,19.31,12.79,21.08,69.67,48.06,23.01,35.61
63.14,29.47,19.31,12.79,21.08,69.67,48.06,22.98,35.61
63.15,29.52,19.31,12.79,21.08,69.67,48.06,22.98,35.61
63.16,29.52,19.31,12.79,21.11,69.67,48.06,23.01,35.61
63.17,29.52,19.34,12.77,21.08,69.67,48.06,22.98,35.54
63.18,29.52,19.31,12.77,21.08,69.67,48.06,22.98,35.54
63.19,29.52,19.28,12.77,21.08,69.67,48.06,22.98,35.54
63.20,29.52,19.28,12.77,21.08,69.46,48.06,22.94,35.61
63.21,29.52,19.31,12.77,21.08,69.46,48.06,22.94,35.54
63.22,29.57,19.31,12.77,21.08,69.46,48.06,22.94,35.54
63.23,29.52,19.31,12.76,21.08,69.46,47.95,22.94,35.54
63.24,29.47,19.28,12.76,21.05,69.67,48.06,22.94,35.54
63.25,29.52,19.28,12.76,21.08,69.46,47.95,22.94,35.54
63.26,29.52,19.31,12.76,21.08,69.46,47.95,22.94,35.47
63.27,29.52,19.26,12.76,21.08,69.46,47.95,22.94,35.47
63.28,29.52,19.28,12.76,21.08,69.46,47.95,22.91,35.47
63.29,29.47,19.28,12.74,21.05,69.46,47.84,22.91,35.47
63.30,29.42,19.28,12.72,21.08,69.46,47.95,22.91,35.47
63.31,29.52,19.28,12.74,21.05,69.46,47.95,22.91,35.47
63.32,29.47,19.26,12.74,21.08,69.46,47.95,22.91,35.47
63.33,29.52,19.26,12.72,21.05,69.46,47.95,22.87,35.41
63.34,29.47,19.26,12.72,21.05,69.46,47.84,22.87,35.47
63.35,29.42,19.26,12.72,21.02,69.46,47.84,22.87,35.47
63.36,29.47,19.26,12.72,21.05,69.46,47.84,22.87,35.47
63.37,29.47,19.26,12.72,21.05,69.46,47.74,22.87,35.47
63.38,29.42,19.26,12.72,21.05,69.26,47.95,22.87,35.47
63.39,29.47,19.26,12.71,21.05,69.46,47.84,22.84,35.41
63.40,29.42,19.26,12.71,21.05,69.26,47.95,22.84,35.47
63.41,29.42,19.26,12.71,21.05,69.46,47.84,22.87,35.41
63.42,29.42,19.26,12.71,21.05,69.26,47.84,22.87,35.41
63.43,29.42,19.26,12.71,21.05,69.26,47.84,22.84,35.41
63.44,29.37,19.26,12.69,21.05,69.26,47.84,22.84,35.41
63.45,29.42,19.26,12.69,21.05,69.26,47.84,22.84,35.41
63.46,29.47,19.28,12.71,21.05,69.26,47.84,22.80,35.41
63.47,29.42,19.26,12.69,21.05,69.26,47.84,22.84,35.41
63.48,29.42,19.23,12.69,21.05,69.26,47.84,22.80,35.41
63.49,29.37,19.23,12.67,21.02,69.26,47.74,22.80,35.41
63.50,29.42,19.26,12.69,21.02,69.26,47.84,22.80,35.34
63.51,29.42,19.26,12.69,21.05,69.26,47.84,22.80,35.34
63.52,29.37,19.26,12.67,21.05,69.26,47.84,22.80,35.34
63.53,29.42,19.23,12.67,21.05,69.26,47.74,22.80,35.34
63.54,29.32,19.23,12.67,21.05,69.26,47.74,22.77,35.34
63.55,29.37,19.23,12.67,21.05,69.26,47.74,22.77,35.34
63.56,29.42,19.26,12.67,21.02,69.26,47.74,22.77,35.34
63.57,29.42,19.23,12.67,21.02,69.26,47.74,22.77,35.34
63.58,29.42,19.23,12.65,21.02,69.06,47.74,22.73,35.34
63.59,29.37,19.23,12.65,21.02,69.06,47.74,22.73,35.34
63.60,29.42,19.23,12.65,21.02,69.26,47.74,22.73,35.27
63.61,29.42,19.20,12.65,21.05,69.06,47.84,22.73,35.34
63.62,29.37,19.23,12.65,21.02,69.26,47.74,22.73,35.34
63.63,29.32,19.20,12.64,21.02,69.06,47.74,22.73,35.34
63.64,29.37,19.20,12.64,21.02,69.26,47.63,22.73,35.27
63.65,29.32,19.23,12.64,21.02,69.26,47.74,22.73,35.27
63.66,29.37,19.23,12.64,21.02,69.06,47.74,22.70,35.27
63.67,29.37,19.23,12.64,21.02,69.06,47.74,22.73,35.27
63.68,29.37,19.23,12.64,21.02,69.06,47.63,22.70,35.21
63.69,29.37,19.20,12.62,21.02,69.06,47.74,22.70,35.21
63.70,29.32,19.17,12.62,21.02,69.06,47.74,22.70,35.27
63.71,29.37,19.23,12.64,21.02,69.06,47.63,22.70,35.21
63.72,29.37,19.23,12.62,21.05,68.86,47.74,22.70,35.27
63.73,29.32,19.17,12.62,21.02,68.86,47.63,22.66,35.21
63.74,29.32,19.20,12.61,21.02,69.06,47.52,22.66,35.27
63.75,29.32,19.20,12.62,20.99,68.86,47.63,22.66,35.21
63.76,29.32,19.23,12.62,21.02,68.86,47.74,22.66,35.21
63.77,29.37,19.20,12.62,21.02,69.06,47.74,22.66,35.21
63.78,29.32,19.17,12.61,20.99,68.86,47.63,22.66,35.21
63.79,29.27,19.17,12.61,21.02,68.86,47.52,22.66,35.21
63.80,29.32,19.17,12.61,21.02,68.86,47.52,22.66,35.21
63.81,29.32,19.17,12.61,21.02,68.86,47.63,22.66,35.21
63.82,29.37,19.20,12.61,20.99,68.86,47.52,22.63,35.15
63.83,29.27,19.17,12.59,20.99,68.86,47.52,22.63,35.21
63.84,29.27,19.17,12.59,20.99,68.86,47.63,22.63,35.21
63.85,29.32,19.20,12.59,20.99,68.86,47.63,22.63,35.15
63.86,29.32,19.20,12.59,20.99,68.86,47.52,22.63,35.15
63.87,29.32,19.17,12.59,21.02,68.86,47.63,22.63,35.15
63.88,29.27,19.17,12.59,20.99,68.66,47.63,22.60,35.15
63.89,29.27,19.17,12.57,20.99,68.66,47.52,22.56,35.15
63.90,29.22,19.17,12.57,21.02,68.86,47.63,22.60,35.15
63.91,29.27,19.17,12.57,20.99,68.86,47.52,22.60,35.15
63.92,29.27,19.17,12.57,20.99,68.66,47.52,22.60,35.15
63.93,29.22,19.17,12.57,21.02,68.66,47.52,22.60,35.15
63.94,29.27,19.15,12.56,20.99,68.66,47.52,22.60,35.15
63.95,29.27,19.17,12.56,20.99,68.86,47.52,22.56,35.15
63.96,29.27,19.17,12.57,20.99,68.66,47.63,22.56,35.15
63.97,29.27,19.17,12.56,20.99,68.66,47.52,22.56,35.08
63.98,29.27,19.15,12.56,20.99,68.66,47.52,22.56,35.15
63.99,29.22,19.15,12.54,20.99,68.66,47.52,22.56,35.08
64.00,29.22,19.15,12.54,20.99,68.66,47.52,22.56,35.15
64.01,29.22,19.17,12.56,20.99,68.66,47.52,22.53,35.01
64.02,29.27,19.17,12.54,20.99,68.66,47.52,22.56,35.08
64.03,29.22,19.15,12.54,20.99,68.66,47.52,22.53,35.08
64.04,29.22,19.15,12.54,20.99,68.66,47.52,22.53,35.08
64.05,29.22,19.15,12.54,20.99,68.66,47.42,22.53,35.08
64.06,29.22,19.15,12.54,20.99,68.66,47.42,22.53,35.01
64.07,29.22,19.17,12.54,20.99,68.66,47.52,22.53,35.01
64.08,29.22,19.15,12.52,20.95,68.46,47.42,22.50,35.01
64.09,29.22,19.15,12.52,20.95,68.46,47.42,22.53,35.01
64.10,29.22,19.15,12.52,20.95,68.46,47.52,22.53,35.01
64.11,29.17,19.15,12.52,20.95,68.66,47.42,22.53,35.01
64.12,29.22,19.15,12.52,20.95,68.46,47.42,22.50,35.01
64.13,29.17,19.15,12.52,20.95,68.46,47.42,22.50,35.01
64.14,29.22,19.15,12.51,20.95,68.46,47.42,22.46,35.01
64.15,29.17,19.15,12.51,20.95,68.46,47.42,22.50,35.01
64.16,29.22,19.15,12.52,20.95,68.46,47.42,22.46,35.01
64.17,29.22,19.15,12.51,20.95,68.46,47.42,22.46,34.95
64.18,29.22,19.12,12.51,20.95,68.46,47.42,22.46,35.01
64.19,29.12,19.12,12.49,20.95,68.46,47.42,22.46,34.95
64.20,29.22,19.12,12.51,20.95,68.46,47.42,22.46,34.95
64.21,29.17,19.15,12.51,20.95,68.46,47.42,22.46,35.01
64.22,29.22,19.12,12.49,20.95,68.46,47.42,22.46,34.95
64.23,29.12,19.12,12.49,20.95,68.46,47.31,22.46,34.95
64.24,29.17,19.12,12.49,20.95,68.26,47.31,22.46,34.95
64.25,29.12,19.12,12.49,20.95,68.46,47.31,22.43,34.95
64.26,29.22,19.12,12.49,20.95,68.46,47.31,22.43,34.95
64.27,29.17,19.12,12.47,20.95,68.46,47.31,22.43,34.88
64.28,29.12,19.12,12.49,20.95,68.46,47.31,22.43,34.88
64.29,29.12,19.12,12.47,20.95,68.26,47.31,22.43,34.88
64.30,29.17,19.09,12.47,20.92,68.26,47.21,22.43,34.88
64.31,29.17,19.12,12.49,20.92,68.26,47.31,22.43,34.95
64.32,29.12,19.12,12.47,20.95,68.26,47.31,22.39,34.88
64.33,29.17,19.09,12.46,20.95,68.26,47.31,22.39,34.82
64.34,29.12,19.07,12.46,20.92,68.26,47.21,22.39,34.88
64.35,29.12,19.09,12.46,20.92,68.26,47.21,22.39,34.88
64.36,29.17,19.12,12.46,20.92,68.26,47.31,22.39,34.88
64.37,29.17,19.09,12.47,20.92,68.26,47.21,22.39,34.88
64.38,29.12,19.09,12.46,20.92,68.26,47.21,22.36,34.88
64.39,29.17,19.07,12.44,20.92,68.26,47.31,22.36,34.88
64.40,29.12,19.09,12.46,20.95,68.26,47.31,22.36,34.88
64.41,29.17,19.09,12.46,20.92,68.26,47.21,22.36,34.88
64.42,29.12,19.09,12.46,20.95,68.26,47.21,22.36,34.88
64.43,29.12,19.09,12.46,20.92,68.26,47.21,22.36,34.88
64.44,29.07,19.07,12.44,20.95,68.26,47.21,22.36,34.82
64.45,29.12,19.09,12.44,20.92,68.06,47.10,22.33,34.88
64.46,29.07,19.09,12.46,20.95,68.26,47.21,22.36,34.82
64.47,29.12,19.09,12.44,20.92,68.26,47.21,22.36,34.82
64.48,29.07,19.09,12.44,20.92,68.06,47.21,22.33,34.82
64.49,29.07,19.07,12.44,20.92,68.26,47.21,22.33,34.82
64.50,29.12,19.09,12.43,20.92,68.26,47.21,22.33,34.76
64.51,29.07,19.09,12.44,20.92,68.26,47.10,22.33,34.82
64.52,29.12,19.09,12.44,20.92,68.06,47.21,22.33,34.76
64.53,29.02,19.09,12.43,20.92,68.06,47.21,22.33,34.82
64.54,29.07,19.04,12.41,20.92,68.06,47.10,22.29,34.76
64.55,29.07,19.04,12.41,20.92,68.06,47.10,22.29,34.76
64.56,29.07,19.09,12.43,20.92,68.06,47.10,22.29,34.76
64.57,29.12,19.07,12.43,20.92,68.06,47.10,22.29,34.76
64.58,29.07,19.07,12.41,20.89,68.06,47.21,22.29,34.76
64.59,29.07,19.07,12.41,20.92,68.06,47.10,22.29,34.76
64.60,29.12,19.07,12.41,20.89,68.06,47.21,22.29,34.76
64.61,29.07,19.04,12.43,20.92,68.06,47.10,22.29,34.76
64.62,29.07,19.07,12.41,20.89,68.06,47.21,22.29,34.76
64.63,29.02,19.04,12.41,20.89,68.06,47.10,22.26,34.69
64.64,29.07,19.04,12.39,20.89,68.06,47.00,22.26,34.69
64.65,29.07,19.04,12.39,20.89,68.06,47.00,22.26,34.69
64.66,29.07,19.07,12.41,20.89,68.06,47.10,22.26,34.69
64.67,29.07,19.04,12.41,20.89,67.87,47.10,22.26,34.76
64.68,29.02,19.07,12.39,20.89,67.87,47.10,22.26,34.69
64.69,29.07,19.04,12.39,20.89,68.06,46.89,22.26,34.69
64.70,29.07,19.04,12.39,20.89,67.87,47.10,22.26,34.69
64.71,29.07,19.04,12.39,20.89,67.87,47.00,22.26,34.69
64.72,29.07,19.04,12.39,20.89,68.06,47.00,22.23,34.63
64.73,29.02,19.04,12.38,20.89,67.87,47.10,22.23,34.69
64.74,29.02,19.04,12.38,20.89,67.87,47.00,22.23,34.63
64.75,29.02,19.07,12.38,20.86,68.06,47.00,22.23,34.63
64.76,29.07,19.07,12.38,20.89,67.87,47.10,22.23,34.63
64.77,29.02,19.07,12.38,20.89,67.87,47.00,22.23,34.63
64.78,29.02,19.04,12.38,20.89,67.87,47.10,22.23,34.63
64.79,28.92,19.04,12.36,20.89,67.87,47.10,22.19,34.63
64.80,28.97,19.04,12.36,20.89,67.87,47.00,22.19,34.63
64.81,29.02,19.04,12.38,20.86,67.87,47.00,22.23,34.63
64.82,29.02,19.01,12.38,20.89,67.87,47.00,22.19,34.56
64.83,29.02,19.01,12.36,20.89,67.87,47.00,22.19,34.63
64.84,28.97,19.01,12.36,20.86,67.87,47.00,22.19,34.63
64.85,29.02,19.01,12.36,20.86,67.87,46.89,22.19,34.63
64.86,29.02,19.01,12.36,20.86,67.87,46.89,22.19,34.56
64.87,29.02,19.01,12.36,20.86,67.87,47.00,22.19,34.56
64.88,29.02,19.04,12.35,20.86,67.67,47.00,22.16,34.56
64.89,29.02,18.98,12.35,20.86,67.87,47.00,22.16,34.56
64.90,28.97,19.01,12.35,20.86,68.06,47.00,22.19,34.56
64.91,28.97,19.01,12.36,20.86,67.87,46.89,22.13,34.56
64.92,28.97,19.04,12.35,20.86,67.67,47.00,22.19,34.56
64.93,28.97,19.01,12.35,20.86,67.67,47.00,22.16,34.56
64.94,28.97,19.01,12.33,20.86,67.67,46.89,22.16,34.56
64.95,28.97,19.01,12.35,20.86,67.67,47.00,22.16,34.56
64.96,29.02,19.04,12.33,20.86,67.67,47.00,22.16,34.56
64.97,29.02,19.01,12.33,20.86,67.67,47.00,22.16,34.50
64.98,28.97,19.01,12.33,20.86,67.67,46.89,22.13,34.50
64.99,28.97,18.98,12.33,20.86,67.67,46.89,22.13,34.50
65.00,28.97,19.01,12.33,20.86,67.67,46.89,22.13,34.50
65.01,28.97,19.01,12.33,20.86,67.67,47.00,22.13,34.50
65.02,28.92,19.01,12.33,20.86,67.67,46.89,22.13,34.50
65.03,28.92,18.98,12.31,20.86,67.67,46.89,22.13,34.50
65.04,28.97,18.98,12.31,20.86,67.67,46.89,22.09,34.50
65.05,28.87,18.98,12.31,20.86,67.67,46.89,22.09,34.50
65.06,28.97,19.01,12.31,20.86,67.67,46.89,22.13,34.50
65.07,28.92,19.01,12.33,20.86,67.67,46.89,22.09,34.44
65.08,28.92,18.98,12.31,20.86,67.67,46.89,22.09,34.50
65.09,28.97,18.98,12.31,20.86,67.48,46.89,22.09,34.50
65.10,28.92,19.01,12.31,20.86,67.67,46.89,22.06,34.44
65.11,28.92,19.01,12.31,20.83,67.67,46.89,22.09,34.44
65.12,28.92,19.01,12.31,20.83,67.67,46.89,22.09,34.44
65.13,28.92,18.98,12.30,20.83,67.67,46.89,22.06,34.44
65.14,28.87,18.98,12.30,20.83,67.48,46.89,22.06,34.44
65.15,28.92,18.98,12.30,20.83,67.48,46.89,22.06,34.44
65.16,28.87,18.98,12.30,20.83,67.48,46.89,22.06,34.44
65.17,28.92,18.98,12.30,20.83,67.48,46.79,22.06,34.44
65.18,28.92,18.98,12.30,20.83,67.48,46.79,22.06,34.44
65.19,28.92,18.98,12.30,20.83,67.48,46.79,22.06,34.44
65.20,28.87,18.98,12.30,20.86,67.67,46.89,22.06,34.44
65.21,28.92,18.98,12.30,20.83,67.48,46.79,22.06,34.44
65.22,28.92,18.98,12.30,20.83,67.48,46.89,22.06,34.38
65.23,28.82,18.98,12.28,20.83,67.48,46.89,22.03,34.44
65.24,28.87,18.96,12.28,20.83,67.48,46.79,22.03,34.38
65.25,28.92,18.96,12.28,20.83,67.48,46.79,22.03,34.38
65.26,28.92,18.98,12.28,20.83,67.48,46.79,22.03,34.38
65.27,28.87,18.98,12.28,20.83,67.48,46.89,22.03,34.38
65.28,28.87,18.96,12.28,20.83,67.48,46.79,22.03,34.38
65.29,28.87,18.96,12.27,20.83,67.29,46.79,22.03,34.38
65.30,28.87,18.96,12.27,20.83,67.48,46.79,22.03,34.38
65.31,28.87,18.98,12.27,20.80,67.48,46.79,22.03,34.38
65.32,28.87,18.98,12.27,20.83,67.48,46.79,22.03,34.31
65.33,28.82,18.96,12.27,20.80,67.48,46.79,22.03,34.38
65.34,28.82,18.96,12.27,20.83,67.48,46.79,21.99,34.31
65.35,28.87,18.96,12.25,20.83,67.29,46.79,21.99,34.31
65.36,28.82,18.96,12.27,20.83,67.48,46.89,21.99,34.31
65.37,28.82,18.96,12.28,20.80,67.48,46.69,21.99,34.31
65.38,28.82,18.96,12.27,20.83,67.48,46.69,21.99,34.31
65.39,28.82,18.96,12.25,20.80,67.29,46.79,21.96,34.31
65.40,28.87,18.96,12.25,20.77,67.29,46.69,21.96,34.31
65.41,28.92,18.96,12.25,20.80,67.29,46.79,21.99,34.31
65.42,28.87,18.96,12.25,20.80,67.29,46.79,21.99,34.31
65.43,28.82,18.96,12.25,20.80,67.29,46.69,21.96,34.31
65.44,28.82,18.93,12.25,20.80,67.29,46.69,21.96,34.25
65.45,28.82,18.96,12.25,20.80,67.29,46.69,21.96,34.31
65.46,28.87,18.93,12.25,20.77,67.29,46.79,21.96,34.25
65.47,28.87,18.93,12.25,20.80,67.29,46.69,21.96,34.25
65.48,28.87,18.93,12.23,20.80,67.29,46.69,21.96,34.25
65.49,28.87,18.93,12.23,20.80,67.29,46.69,21.96,34.19
65.50,28.87,18.93,12.23,20.80,67.29,46.69,21.96,34.25
65.51,28.82,18.93,12.23,20.80,67.29,46.69,21.96,34.25
65.52,28.87,18.96,12.23,20.80,67.48,46.69,21.93,34.25
65.53,28.82,18.93,12.22,20.77,67.10,46.69,21.93,34.25
65.54,28.78,18.93,12.22,20.80,67.29,46.69,21.93,34.25
65.55,28.78,18.93,12.23,20.80,67.29,46.69,21.93,34.19
65.56,28.78,18.96,12.23,20.80,67.29,46.69,21.93,34.25
65.57,28.82,18.93,12.23,20.80,67.29,46.69,21.93,34.25
65.58,28.82,18.93,12.22,20.80,67.10,46.69,21.93,34.19
65.59,28.82,18.93,12.22,20.77,67.10,46.58,21.93,34.19
65.60,28.78,18.93,12.20,20.77,67.29,46.69,21.89,34.19
65.61,28.82,18.93,12.22,20.77,67.29,46.69,21.93,34.19
65.62,28.82,18.93,12.22,20.80,67.10,46.69,21.89,34.19
65.63,28.78,18.93,12.22,20.77,67.10,46.58,21.93,34.12
65.64,28.82,18.93,12.20,20.77,67.10,46.58,21.89,34.19
65.65,28.78,18.93,12.20,20.77,67.10,46.58,21.89,34.19
65.66,28.82,18.93,12.20,20.77,67.10,46.69,21.89,34.19
65.67,28.78,18.90,12.22,20.80,67.10,46.58,21.89,34.19
65.68,28.78,18.90,12.20,20.77,67.10,46.58,21.89,34.19
65.69,28.78,18.90,12.20,20.77,67.10,46.58,21.86,34.12
65.70,28.78,18.93,12.20,20.77,67.10,46.69,21.86,34.12
65.71,28.82,18.93,12.20,20.77,67.10,46.58,21.86,34.12
65.72,28.82,18.93,12.20,20.77,67.10,46.58,21.86,34.12
65.73,28.73,18.90,12.20,20.77,67.10,46.58,21.86,34.12
65.74,28.78,18.90,12.20,20.77,67.10,46.58,21.86,34.12
65.75,28.78,18.90,12.19,20.77,67.10,46.58,21.86,34.12
65.76,28.78,18.90,12.20,20.77,67.10,46.48,21.86,34.12
65.77,28.78,18.93,12.19,20.77,67.10,46.58,21.86,34.12
65.78,28.73,18.88,12.19,20.74,66.91,46.48,21.83,34.12
65.79,28.78,18.93,12.19,20.74,66.91,46.58,21.86,34.06
65.80,28.73,18.88,12.19,20.77,66.91,46.48,21.86,34.12
65.81,28.82,18.93,12.19,20.74,67.10,46.48,21.83,34.06
65.82,28.78,18.90,12.19,20.77,67.10,46.58,21.83,34.12
65.83,28.68,18.90,12.19,20.77,66.91,46.48,21.83,34.06
65.84,28.73,18.90,12.17,20.77,66.91,46.58,21.83,34.12
65.85,28.78,18.90,12.19,20.74,67.10,46.58,21.83,34.06
65.86,28.73,18.90,12.19,20.77,66.91,46.48,21.83,34.06
65.87,28.78,18.93,12.19,20.77,66.91,46.48,21.83,34.00
65.88,28.78,18.90,12.17,20.74,67.10,46.48,21.83,34.00
65.89,28.78,18.90,12.17,20.74,66.91,46.58,21.80,34.06
65.90,28.78,18.90,12.17,20.74,66.91,46.38,21.83,34.00
65.91,28.78,18.90,12.17,20.77,66.91,46.48,21.83,34.06
65.92,28.73,18.90,12.17,20.74,66.91,46.58,21.80,34.06
65.93,28.73,18.90,12.17,20.74,66.91,46.48,21.80,34.00
65.94,28.73,18.90,12.15,20.77,66.91,46.48,21.80,34.00
65.95,28.73,18.90,12.15,20.74,66.91,46.48,21.80,34.00
65.96,28.78,18.90,12.17,20.74,66.91,46.48,21.80,34.00
65.97,28.73,18.90,12.17,20.74,66.91,46.58,21.80,34.00
65.98,28.68,18.90,12.17,20.77,66.91,46.48,21.80,34.00
65.99,28.73,18.88,12.15,20.74,66.91,46.48,21.77,34.00
66.00,28.68,18.88,12.15,20.74,67.10,46.48,21.80,34.00
66.01,28.68,18.90,12.15,20.74,66.91,46.48,21.80,33.94
66.02,28.78,18.90,12.15,20.74,66.91,46.48,21.77,34.00
66.03,28.68,18.88,12.15,20.74,66.91,46.48,21.77,34.00
66.04,28.78,18.88,12.14,20.74,66.91,46.48,21.77,33.94
66.05,28.73,18.88,12.14,20.71,66.91,46.48,21.77,33.94
66.06,28.68,18.90,12.15,20.74,66.91,46.48,21.77,33.94
66.07,28.78,18.88,12.14,20.71,66.91,46.48,21.77,33.94
66.08,28.73,18.85,12.14,20.74,66.91,46.38,21.77,33.94
66.09,28.68,18.88,12.14,20.74,66.91,46.38,21.77,33.94
66.10,28.68,18.85,12.14,20.71,66.72,46.38,21.77,33.94
66.11,28.73,18.88,12.14,20.74,66.91,46.38,21.73,33.94
66.12,28.73,18.88,12.14,20.71,66.72,46.38,21.77,33.94
66.13,28.68,18.88,12.14,20.71,66.91,46.38,21.73,33.94
66.14,28.68,18.90,12.12,20.71,66.91,46.38,21.73,33.88
66.15,28.68,18.88,12.12,20.74,66.72,46.38,21.70,33.88
66.16,28.68,18.88,12.14,20.71,66.91,46.38,21.77,33.88
66.17,28.73,18.90,12.14,20.71,66.72,46.38,21.73,33.88
66.18,28.68,18.85,12.14,20.71,66.72,46.27,21.77,33.88
66.19,28.68,18.85,12.12,20.71,66.72,46.48,21.73,33.88
66.20,28.63,18.88,12.12,20.71,66.72,46.38,21.73,33.88
66.21,28.68,18.88,12.12,20.71,66.72,46.38,21.73,33.94
66.22,28.73,18.88,12.12,20.71,66.72,46.38,21.73,33.88
66.23,28.68,18.88,12.12,20.71,66.72,46.27,21.70,33.88
66.24,28.68,18.88,12.11,20.71,66.72,46.38,21.70,33.81
66.25,28.68,18.88,12.12,20.71,66.72,46.38,21.70,33.88
66.26,28.68,18.85,12.12,20.71,66.72,46.38,21.70,33.88
66.27,28.68,18.88,12.12,20.71,66.72,46.38,21.70,33.81
66.28,28.68,18.85,12.12,20.71,66.72,46.38,21.67,33.81
66.29,28.68,18.85,12.11,20.71,66.72,46.38,21.70,33.81
66.30,28.68,18.85,12.11,20.71,66.72,46.38,21.70,33.88
66.31,28.68,18.88,12.11,20.71,66.72,46.38,21.70,33.81
66.32,28.68,18.82,12.11,20.71,66.72,46.27,21.67,33.81
66.33,28.68,18.82,12.11,20.71,66.72,46.38,21.70,33.81
66.34,28.68,18.85,12.11,20.68,66.53,46.38,21.67,33.81
66.35,28.63,18.85,12.11,20.71,66.72,46.38,21.67,33.81
66.36,28.63,18.85,12.11,20.71,66.72,46.38,21.67,33.81
66.37,28.68,18.85,12.11,20.71,66.72,46.27,21.70,33.81
66.38,28.63,18.82,12.09,20.68,66.53,46.27,21.67,33.81
66.39,28.63,18.82,12.09,20.68,66.53,46.38,21.67,33.75
66.40,28.63,18.88,12.11,20.71,66.53,46.27,21.67,33.75
66.41,28.63,18.85,12.09,20.68,66.53,46.27,21.67,33.81
66.42,28.68,18.85,12.09,20.68,66.72,46.38,21.67,33.75
66.43,28.68,18.85,12.09,20.68,66.53,46.38,21.67,33.75
66.44,28.63,18.85,12.09,20.71,66.72,46.27,21.64,33.75
66.45,28.63,18.82,12.09,20.68,66.53,46.27,21.64,33.75
66.46,28.63,18.85,12.09,20.71,66.53,46.27,21.64,33.75
66.47,28.63,18.85,12.09,20.68,66.53,46.38,21.64,33.75
66.48,28.63,18.85,12.09,20.68,66.53,46.27,21.64,33.75
66.49,28.63,18.82,12.07,20.68,66.53,46.17,21.64,33.75
66.50,28.63,18.82,12.09,20.68,66.53,46.27,21.64,33.75
66.51,28.63,18.85,12.07,20.68,66.53,46.27,21.64,33.69
66.52,28.63,18.88,12.07,20.71,66.53,46.27,21.64,33.63
66.53,28.63,18.85,12.07,20.68,66.53,46.27,21.60,33.69
66.54,28.63,18.82,12.07,20.68,66.53,46.27,21.60,33.69
66.55,28.58,18.82,12.07,20.68,66.53,46.27,21.64,33.69
66.56,28.63,18.85,12.07,20.68,66.53,46.38,21.64,33.69
66.57,28.63,18.82,12.07,20.68,66.53,46.27,21.64,33.69
66.58,28.63,18.82,12.07,20.68,66.53,46.27,21.60,33.69
66.59,28.63,18.82,12.06,20.68,66.34,46.27,21.60,33.69
66.60,28.58,18.82,12.06,20.68,66.53,46.27,21.60,33.69
66.61,28.58,18.85,12.07,20.65,66.34,46.27,21.60,33.69
66.62,28.68,18.85,12.06,20.68,66.34,46.27,21.60,33.69
66.63,28.63,18.82,12.06,20.68,66.34,46.27,21.60,33.69
66.64,28.58,18.82,12.06,20.68,66.34,46.27,21.60,33.63
66.65,28.63,18.82,12.06,20.68,66.53,46.27,21.60,33.69
66.66,28.58,18.85,12.06,20.68,66.53,46.38,21.60,33.63
66.67,28.63,18.85,12.06,20.68,66.34,46.27,21.60,33.69
66.68,28.58,18.82,12.06,20.68,66.34,46.27,21.57,33.63
66.69,28.54,18.82,12.06,20.65,66.34,46.17,21.57,33.63
66.70,28.58,18.82,12.06,20.68,66.34,46.07,21.57,33.57
66.71,28.63,18.85,12.06,20.65,66.53,46.27,21.60,33.63
66.72,28.63,18.85,12.06,20.68,66.34,46.27,21.57,33.63
66.73,28.63,18.82,12.04,20.65,66.34,46.17,21.57,33.63
66.74,28.58,18.80,12.04,20.65,66.34,46.17,21.54,33.63
66.75,28.54,18.82,12.04,20.65,66.34,46.27,21.57,33.63
66.76,28.58,18.82,12.04,20.65,66.34,46.17,21.57,33.57
66.77,28.63,18.82,12.04,20.68,66.34,46.17,21.57,33.63
66.78,28.58,18.80,12.04,20.65,66.34,46.27,21.57,33.57
66.79,28.54,18.82,12.03,20.65,66.34,46.27,21.57,33.57
66.80,28.58,18.82,12.04,20.65,66.34,46.17,21.54,33.63
66.81,28.58,18.82,12.04,20.65,66.34,46.17,21.54,33.57
66.82,28.58,18.82,12.04,20.68,66.15,46.17,21.54,33.57
66.83,28.58,18.80,12.04,20.65,66.34,46.17,21.54,33.57
66.84,28.58,18.80,12.03,20.65,66.34,46.17,21.54,33.57
66.85,28.58,18.82,12.03,20.65,66.34,46.17,21.54,33.57
66.86,28.54,18.82,12.03,20.65,66.34,46.17,21.54,33.57
66.87,28.58,18.82,12.04,20.65,66.34,46.17,21.54,33.51
66.88,28.58,18.80,12.03,20.65,66.15,46.17,21.54,33.51
66.89,28.54,18.80,12.03,20.62,66.34,46.07,21.51,33.57
66.90,28.58,18.80,12.03,20.62,66.34,46.17,21.51,33.51
66.91,28.58,18.82,12.03,20.65,66.34,46.17,21.54,33.51
66.92,28.58,18.80,12.03,20.62,66.34,46.07,21.51,33.51
66.93,28.54,18.80,12.03,20.62,66.15,46.17,21.51,33.51
66.94,28.49,18.77,12.01,20.65,66.15,46.07,21.51,33.51
66.95,28.49,18.80,12.01,20.62,66.15,46.17,21.51,33.51
66.96,28.54,18.80,12.03,20.62,66.15,46.17,21.51,33.51
66.97,28.58,18.80,12.03,20.62,66.15,46.07,21.51,33.45
66.98,28.58,18.80,12.01,20.62,66.34,46.07,21.51,33.45
66.99,28.54,18.80,12.01,20.62,66.15,46.07,21.51,33.51
67.00,28.49,18.77,12.01,20.62,66.15,46.17,21.48,33.45
67.01,28.54,18.80,12.01,20.62,66.15,46.07,21.51,33.51
67.02,28.58,18.80,12.01,20.62,66.15,46.17,21.51,33.45
67.03,28.54,18.77,12.01,20.62,66.15,46.07,21.48,33.51
67.04,28.54,18.80,12.01,20.59,66.15,45.97,21.48,33.45
67.05,28.54,18.80,12.01,20.62,66.15,46.07,21.48,33.45
67.06,28.54,18.77,12.01,20.62,66.15,46.07,21.48,33.45
67.07,28.54,18.80,12.01,20.62,66.15,46.07,21.48,33.45
67.08,28.54,18.80,12.00,20.62,66.15,46.07,21.48,33.45
67.09,28.49,18.77,12.00,20.62,66.15,45.97,21.48,33.39
67.10,28.49,18.77,12.00,20.62,66.15,46.07,21.48,33.45
67.11,28.49,18.80,12.00,20.62,66.15,46.07,21.48,33.45
67.12,28.54,18.80,12.00,20.62,66.15,46.17,21.48,33.39
67.13,28.49,18.80,12.00,20.62,65.97,46.17,21.48,33.45
67.14,28.54,18.77,11.98,20.62,66.15,45.97,21.44,33.39
67.15,28.49,18.77,12.00,20.62,66.15,46.17,21.44,33.45
67.16,28.54,18.80,12.00,20.62,66.15,45.97,21.44,33.45
67.17,28.54,18.80,12.00,20.62,66.15,46.17,21.44,33.45
67.18,28.54,18.77,11.98,20.62,66.15,46.07,21.44,33.39
67.19,28.49,18.77,11.98,20.59,65.97,45.97,21.44,33.39
67.20,28.44,18.77,12.00,20.62,65.97,46.07,21.44,33.39
67.21,28.49,18.80,12.00,20.62,66.15,46.07,21.44,33.39
67.22,28.54,18.77,11.98,20.62,66.15,46.07,21.44,33.39
67.23,28.49,18.77,11.98,20.59,65.97,45.97,21.44,33.39
67.24,28.49,18.74,11.98,20.59,65.97,45.97,21.44,33.39
67.25,28.49,18.77,11.98,20.59,65.97,45.97,21.41,33.39
67.26,28.54,18.80,11.98,20.59,65.97,46.07,21.41,33.39
67.27,28.49,18.80,11.98,20.59,65.97,45.97,21.41,33.33
67.28,28.49,18.74,11.98,20.59,65.97,46.07,21.41,33.33
67.29,28.39,18.77,11.97,20.59,65.97,45.97,21.41,33.33
67.30,28.49,18.77,11.98,20.59,65.97,45.97,21.41,33.33
67.31,28.49,18.77,11.97,20.59,65.97,46.07,21.41,33.33
67.32,28.49,18.77,12.00,20.59,65.97,46.07,21.41,33.33
67.33,28.49,18.74,11.98,20.59,65.97,45.97,21.38,33.33
67.34,28.49,18.74,11.97,20.59,65.97,46.07,21.38,33.33
67.35,28.49,18.74,11.97,20.59,65.78,45.97,21.41,33.27
67.36,28.49,18.77,11.98,20.59,65.97,45.97,21.41,33.33
67.37,28.49,18.74,11.97,20.59,66.15,45.87,21.41,33.33
67.38,28.49,18.77,11.97,20.59,65.97,45.87,21.38,33.33
67.39,28.44,18.74,11.95,20.59,65.78,45.97,21.35,33.33
67.40,28.44,18.77,11.97,20.59,65.97,45.97,21.41,33.33
67.41,28.49,18.74,11.97,20.59,65.78,46.07,21.35,33.27
67.42,28.49,18.77,11.97,20.59,65.97,45.97,21.41,33.27
67.43,28.49,18.74,11.95,20.59,65.97,45.97,21.35,33.27
67.44,28.44,18.74,11.95,20.59,65.78,45.97,21.38,33.27
67.45,28.49,18.74,11.95,20.59,65.97,45.97,21.38,33.27
67.46,28.44,18.77,11.95,20.59,65.97,45.97,21.38,33.27
67.47,28.44,18.77,11.95,20.59,65.97,45.87,21.38,33.27
67.48,28.44,18.74,11.95,20.56,65.97,45.87,21.35,33.27
67.49,28.49,18.74,11.94,20.56,65.78,45.87,21.35,33.27
67.50,28.44,18.74,11.95,20.59,65.78,45.97,21.35,33.27
67.51,28.44,18.72,11.95,20.59,65.78,45.97,21.35,33.21
67.52,28.44,18.74,11.95,20.59,65.97,45.97,21.38,33.27
67.53,28.44,18.77,11.95,20.56,65.97,45.97,21.35,33.21
67.54,28.39,18.74,11.94,20.56,65.78,45.87,21.35,33.21
67.55,28.44,18.74,11.94,20.59,65.78,45.87,21.35,33.27
67.56,28.49,18.74,11.94,20.56,65.78,45.87,21.35,33.21
67.57,28.49,18.74,11.95,20.56,65.97,45.87,21.35,33.21
67.58,28.44,18.74,11.94,20.56,65.78,45.87,21.35,33.21
67.59,28.44,18.72,11.94,20.56,65.78,45.77,21.32,33.21
67.60,28.44,18.72,11.94,20.56,65.78,45.97,21.35,33.15
67.61,28.44,18.72,11.94,20.56,65.78,45.97,21.32,33.21
67.62,28.44,18.72,11.94,20.53,65.78,45.87,21.32,33.21
67.63,28.39,18.72,11.94,20.53,65.60,45.77,21.32,33.15
67.64,28.39,18.72,11.94,20.56,65.78,45.87,21.32,33.21
67.65,28.39,18.72,11.94,20.56,65.78,45.87,21.35,33.15
67.66,28.44,18.74,11.94,20.53,65.78,45.87,21.32,33.15
67.67,28.44,18.74,11.94,20.53,65.78,45.77,21.32,33.15
67.68,28.44,18.72,11.94,20.53,65.78,45.87,21.32,33.15
67.69,28.39,18.72,11.92,20.53,65.60,45.77,21.29,33.09
67.70,28.44,18.72,11.92,20.56,65.78,45.77,21.29,33.09
67.71,28.44,18.72,11.94,20.56,65.78,45.87,21.32,33.15
67.72,28.44,18.74,11.94,20.56,65.78,45.87,21.32,33.15
67.73,28.39,18.72,11.92,20.56,65.78,45.87,21.29,33.15
67.74,28.44,18.72,11.92,20.53,65.60,45.87,21.29,33.15
67.75,28.39,18.72,11.92,20.53,65.78,45.87,21.29,33.15
67.76,28.44,18.72,11.94,20.56,65.78,45.87,21.32,33.15
67.77,28.44,18.74,11.92,20.53,65.78,45.87,21.32,33.15
67.78,28.39,18.72,11.92,20.53,65.60,45.77,21.29,33.09
67.79,28.39,18.72,11.92,20.56,65.60,45.77,21.29,33.09
67.80,28.39,18.72,11.90,20.56,65.78,45.87,21.29,33.09
67.81,28.39,18.72,11.92,20.53,65.78,45.77,21.29,33.09
67.82,28.39,18.72,11.92,20.53,65.60,45.87,21.29,33.03
67.83,28.39,18.72,11.90,20.53,65.60,45.77,21.29,33.03
67.84,28.39,18.72,11.90,20.53,65.78,45.77,21.29,33.09
67.85,28.35,18.72,11.90,20.53,65.60,45.87,21.29,33.09
67.86,28.35,18.72,11.90,20.53,65.60,45.87,21.25,33.09
67.87,28.39,18.72,11.90,20.53,65.60,45.77,21.29,33.09
67.88,28.39,18.72,11.90,20.53,65.60,45.77,21.25,33.09
67.89,28.39,18.72,11.89,20.53,65.60,45.77,21.25,33.09
67.90,28.39,18.72,11.90,20.53,65.60,45.77,21.25,33.03
67.91,28.39,18.69,11.89,20.53,65.60,45.87,21.25,33.03
67.92,28.39,18.69,11.90,20.53,65.60,45.77,21.25,33.03
67.93,28.39,18.72,11.89,20.50,65.60,45.87,21.25,33.03
67.94,28.35,18.69,11.89,20.53,65.60,45.77,21.25,33.03
67.95,28.35,18.72,11.89,20.53,65.60,45.77,21.25,33.03
67.96,28.39,18.72,11.89,20.53,65.60,45.87,21.25,33.03
67.97,28.39,18.72,11.89,20.53,65.60,45.77,21.25,33.03
67.98,28.39,18.69,11.89,20.53,65.60,45.77,21.25,32.97
67.99,28.35,18.72,11.89,20.53,65.41,45.87,21.25,33.03
68.00,28.35,18.72,11.89,20.53,65.60,45.77,21.22,33.03
68.01,28.39,18.72,11.89,20.50,65.60,45.77,21.25,33.03
68.02,28.39,18.72,11.89,20.50,65.60,45.77,21.22,32.97
68.03,28.39,18.72,11.87,20.50,65.60,45.77,21.22,32.97
68.04,28.39,18.69,11.89,20.50,65.60,45.77,21.22,32.97
68.05,28.35,18.69,11.89,20.50,65.60,45.67,21.22,32.97
68.06,28.35,18.72,11.89,20.50,65.60,45.77,21.22,33.03
68.07,28.35,18.72,11.89,20.50,65.60,45.77,21.22,32.97
68.08,28.35,18.69,11.87,20.50,65.60,45.77,21.22,32.97
68.09,28.35,18.69,11.87,20.50,65.60,45.77,21.22,32.97
68.10,28.35,18.69,11.87,20.50,65.78,45.77,21.22,32.91
68.11,28.30,18.69,11.87,20.50,65.60,45.77,21.22,32.97
68.12,28.35,18.69,11.89,20.50,65.60,45.77,21.22,32.97
68.13,28.35,18.69,11.87,20.50,65.60,45.77,21.19,32.97
68.14,28.35,18.69,11.87,20.50,65.41,45.67,21.19,32.97
68.15,28.30,18.69,11.87,20.50,65.41,45.77,21.19,32.91
68.16,28.39,18.72,11.87,20.50,65.41,45.77,21.19,32.91
68.17,28.39,18.72,11.87,20.53,65.41,45.77,21.22,32.91
68.18,28.35,18.69,11.87,20.50,65.60,45.67,21.19,32.91
68.19,28.35,18.69,11.87,20.50,65.41,45.77,21.19,32.91
68.20,28.30,18.66,11.86,20.50,65.41,45.67,21.19,32.91
68.21,28.35,18.69,11.86,20.50,65.60,45.77,21.19,32.91
68.22,28.35,18.69,11.87,20.50,65.41,45.67,21.19,32.91
68.23,28.30,18.69,11.87,20.50,65.41,45.77,21.19,32.91
68.24,28.35,18.69,11.86,20.47,65.41,45.67,21.16,32.91
68.25,28.35,18.69,11.86,20.47,65.41,45.67,21.16,32.91
68.26,28.35,18.69,11.86,20.50,65.41,45.67,21.19,32.91
68.27,28.35,18.69,11.87,20.50,65.41,45.57,21.19,32.85
68.28,28.30,18.66,11.86,20.47,65.41,45.67,21.16,32.91
68.29,28.30,18.69,11.86,20.50,65.41,45.67,21.16,32.91
68.30,28.30,18.66,11.86,20.50,65.41,45.67,21.16,32.85
68.31,28.35,18.72,11.86,20.50,65.41,45.77,21.19,32.85
68.32,28.35,18.69,11.86,20.50,65.41,45.67,21.16,32.85
68.33,28.30,18.66,11.86,20.47,65.41,45.67,21.16,32.85
68.34,28.30,18.66,11.84,20.50,65.41,45.67,21.16,32.85
68.35,28.30,18.66,11.84,20.50,65.41,45.67,21.16,32.85
68.36,28.30,18.69,11.86,20.50,65.41,45.67,21.16,32.85
68.37,28.35,18.69,11.86,20.47,65.41,45.67,21.16,32.85
68.38,28.30,18.66,11.84,20.47,65.41,45.57,21.16,32.85
68.39,28.30,18.66,11.84,20.47,65.41,45.67,21.13,32.85
68.40,28.25,18.66,11.84,20.47,65.41,45.47,21.13,32.80
68.41,28.25,18.66,11.86,20.47,65.41,45.77,21.16,32.80
68.42,28.35,18.69,11.84,20.47,65.41,45.57,21.16,32.80
68.43,28.30,18.66,11.84,20.47,65.23,45.67,21.16,32.80
68.44,28.30,18.66,11.83,20.47,65.23,45.67,21.16,32.80
68.45,28.25,18.66,11.84,20.47,65.23,45.57,21.13,32.80
68.46,28.25,18.66,11.84,20.47,65.23,45.67,21.13,32.80
68.47,28.30,18.69,11.84,20.47,65.41,45.67,21.13,32.80
68.48,28.25,18.66,11.83,20.47,65.23,45.67,21.13,32.80
68.49,28.30,18.66,11.83,20.47,65.23,45.57,21.13,32.80
68.50,28.25,18.66,11.83,20.47,65.23,45.67,21.13,32.80
68.51,28.25,18.66,11.83,20.47,65.41,45.67,21.13,32.74
68.52,28.35,18.66,11.84,20.47,65.23,45.57,21.13,32.74
68.53,28.25,18.66,11.83,20.47,65.23,45.57,21.13,32.74
68.54,28.25,18.66,11.84,20.47,65.23,45.67,21.13,32.80
68.55,28.25,18.66,11.83,20.47,65.23,45.67,21.13,32.74
68.56,28.25,18.66,11.83,20.44,65.41,45.67,21.10,32.74
68.57,28.30,18.66,11.83,20.47,65.41,45.67,21.13,32.74
68.58,28.25,18.64,11.83,20.47,65.23,45.67,21.10,32.74
68.59,28.25,18.66,11.83,20.47,65.23,45.67,21.13,32.74
68.60,28.25,18.66,11.83,20.44,65.23,45.57,21.10,32.74
68.61,28.30,18.64,11.83,20.44,65.41,45.57,21.10,32.74
68.62,28.30,18.66,11.83,20.44,65.23,45.67,21.10,32.74
68.63,28.25,18.64,11.83,20.47,65.23,45.57,21.10,32.74
68.64,28.25,18.66,11.81,20.44,65.23,45.57,21.10,32.74
68.65,28.25,18.66,11.83,20.44,65.23,45.57,21.07,32.74
68.66,28.25,18.66,11.83,20.44,65.23,45.67,21.13,32.68
68.67,28.30,18.66,11.81,20.44,65.23,45.57,21.10,32.68
68.68,28.25,18.64,11.81,20.44,65.05,45.57,21.10,32.68
68.69,28.20,18.64,11.81,20.44,65.23,45.67,21.10,32.68
68.70,28.25,18.64,11.81,20.44,65.23,45.67,21.10,32.68
68.71,28.25,18.64,11.81,20.44,65.23,45.57,21.10,32.68
68.72,28.30,18.66,11.81,20.44,65.23,45.57,21.10,32.68
68.73,28.25,18.64,11.81,20.44,65.05,45.57,21.07,32.68
68.74,28.25,18.64,11.81,20.44,65.23,45.57,21.07,32.62
68.75,28.25,18.64,11.81,20.44,65.23,45.57,21.07,32.68
68.76,28.25,18.66,11.81,20.44,65.23,45.57,21.10,32.68
68.77,28.30,18.64,11.81,20.44,65.05,45.57,21.07,32.62
68.78,28.25,18.64,11.81,20.41,65.05,45.57,21.07,32.62
68.79,28.25,18.64,11.81,20.44,65.23,45.57,21.07,32.62
68.80,28.25,18.64,11.80,20.44,65.05,45.57,21.10,32.68
68.81,28.20,18.66,11.81,20.44,65.23,45.57,21.07,32.68
68.82,28.25,18.64,11.81,20.44,65.23,45.47,21.07,32.68
68.83,28.25,18.64,11.81,20.41,65.23,45.47,21.07,32.62
68.84,28.25,18.64,11.80,20.41,65.05,45.47,21.04,32.62
68.85,28.25,18.64,11.81,20.44,65.05,45.47,21.07,32.62
68.86,28.25,18.64,11.80,20.41,65.23,45.47,21.07,32.62
68.87,28.25,18.66,11.80,20.41,65.23,45.57,21.07,32.62
68.88,28.25,18.64,11.80,20.44,65.05,45.47,21.04,32.62
68.89,28.25,18.61,11.80,20.41,65.05,45.47,21.04,32.62
68.90,28.25,18.64,11.78,20.41,65.05,45.57,21.04,32.62
68.91,28.25,18.64,11.80,20.41,65.23,45.57,21.04,32.62
68.92,28.25,18.64,11.80,20.41,65.05,45.47,21.04,32.62
68.93,28.20,18.64,11.80,20.41,65.05,45.47,21.04,32.56
68.94,28.20,18.64,11.78,20.41,65.05,45.57,21.04,32.62
68.95,28.20,18.64,11.78,20.41,65.05,45.57,21.04,32.56
68.96,28.20,18.64,11.80,20.44,65.23,45.57,21.04,32.56
68.97,28.25,18.64,11.80,20.41,65.05,45.47,21.04,32.62
68.98,28.25,18.61,11.78,20.41,65.05,45.47,21.04,32.56
68.99,28.20,18.61,11.78,20.41,65.05,45.47,21.01,32.56
69.00,28.20,18.64,11.78,20.41,65.05,45.47,21.04,32.56
69.01,28.20,18.64,11.78,20.41,65.05,45.57,21.04,32.56
69.02,28.25,18.64,11.78,20.38,65.05,45.47,21.01,32.56
69.03,28.25,18.61,11.78,20.41,65.05,45.47,21.01,32.56
69.04,28.20,18.61,11.78,20.41,64.87,45.47,21.01,32.56
69.05,28.20,18.61,11.78,20.41,65.05,45.47,21.01,32.50
69.06,28.20,18.64,11.78,20.41,65.05,45.57,21.01,32.56
69.07,28.25,18.64,11.78,20.41,65.05,45.47,21.01,32.50
69.08,28.20,18.61,11.77,20.41,65.05,45.47,21.01,32.50
69.09,28.20,18.61,11.77,20.41,65.05,45.47,21.01,32.50
69.10,28.20,18.61,11.78,20.38,65.05,45.47,21.01,32.50
69.11,28.25,18.64,11.77,20.41,65.05,45.57,21.01,32.50
69.12,28.20,18.64,11.78,20.41,65.05,45.47,21.01,32.50
69.13,28.20,18.61,11.77,20.38,65.05,45.47,21.01,32.50
69.14,28.20,18.61,11.77,20.41,65.05,45.47,21.01,32.50
69.15,28.16,18.61,11.77,20.38,65.05,45.37,21.01,32.45
69.16,28.20,18.61,11.77,20.38,65.05,45.47,21.01,32.50
69.17,28.20,18.61,11.78,20.38,65.05,45.47,21.01,32.45
69.18,28.16,18.61,11.77,20.38,64.87,45.47,20.98,32.45
69.19,28.16,18.61,11.77,20.35,64.87,45.47,20.98,32.45
69.20,28.16,18.64,11.77,20.38,65.05,45.47,20.98,32.45
69.21,28.20,18.64,11.77,20.41,65.05,45.47,21.01,32.45
69.22,28.25,18.61,11.77,20.38,65.05,45.47,20.98,32.45
69.23,28.20,18.61,11.77,20.38,64.87,45.47,20.98,32.45
69.24,28.20,18.61,11.77,20.38,64.87,45.47,20.98,32.45
69.25,28.16,18.61,11.77,20.38,64.87,45.47,20.98,32.45
69.26,28.16,18.61,11.77,20.38,65.05,45.37,20.98,32.45
69.27,28.16,18.61,11.77,20.38,65.05,45.37,20.98,32.45
69.28,28.20,18.61,11.75,20.38,64.87,45.47,20.98,32.45
69.29,28.20,18.61,11.75,20.38,64.87,45.47,20.98,32.45
69.30,28.16,18.61,11.75,20.38,64.87,45.27,20.98,32.45
69.31,28.20,18.61,11.77,20.38,64.87,45.47,20.98,32.39
69.32,28.20,18.61,11.75,20.38,64.87,45.47,20.98,32.45
69.33,28.16,18.61,11.75,20.35,64.87,45.37,20.98,32.39
69.34,28.16,18.61,11.75,20.38,64.87,45.37,20.94,32.39
69.35,28.11,18.61,11.75,20.38,64.87,45.47,20.94,32.39
69.36,28.16,18.61,11.75,20.38,64.87,45.37,20.98,32.39
69.37,28.16,18.61,11.75,20.38,64.87,45.37,20.98,32.39
69.38,28.20,18.59,11.75,20.38,64.87,45.37,20.94,32.39
69.39,28.20,18.61,11.75,20.38,64.87,45.37,20.98,32.33
69.40,28.16,18.61,11.75,20.38,64.87,45.37,20.94,32.39
69.41,28.20,18.61,11.75,20.38,64.87,45.37,20.94,32.39
69.42,28.16,18.61,11.75,20.38,64.87,45.37,20.94,32.33
69.43,28.20,18.61,11.75,20.35,64.87,45.37,20.94,32.33
69.44,28.20,18.59,11.73,20.35,64.87,45.37,20.94,32.33
69.45,28.11,18.61,11.73,20.38,64.87,45.37,20.94,32.39
69.46,28.20,18.61,11.75,20.38,64.87,45.37,20.94,32.33
69.47,28.16,18.61,11.73,20.35,64.87,45.37,20.94,32.33
69.48,28.11,18.61,11.73,20.35,64.87,45.37,20.91,32.33
69.49,28.16,18.59,11.73,20.35,64.69,45.27,20.91,32.33
69.50,28.16,18.59,11.73,20.38,64.87,45.37,20.94,32.33
69.51,28.16,18.61,11.73,20.38,64.87,45.37,20.94,32.33
69.52,28.16,18.59,11.75,20.38,64.87,45.37,20.94,32.33
69.53,28.16,18.59,11.73,20.35,64.69,45.37,20.91,32.33
69.54,28.06,18.56,11.73,20.35,64.69,45.37,20.91,32.27
69.55,28.11,18.61,11.73,20.35,64.87,45.37,20.91,32.27
69.56,28.11,18.59,11.73,20.35,64.87,45.47,20.91,32.33
69.57,28.16,18.59,11.73,20.35,64.87,45.37,20.91,32.27
69.58,28.11,18.59,11.72,20.35,64.87,45.37,20.91,32.27
69.59,28.16,18.59,11.72,20.35,64.69,45.27,20.91,32.33
69.60,28.11,18.59,11.73,20.35,64.87,45.37,20.91,32.27
69.61,28.16,18.59,11.72,20.35,64.87,45.37,20.91,32.27
69.62,28.16,18.59,11.72,20.35,64.69,45.37,20.91,32.27
69.63,28.16,18.56,11.72,20.35,64.87,45.37,20.91,32.27
69.64,28.11,18.59,11.72,20.35,64.69,45.37,20.91,32.27
69.65,28.11,18.59,11.72,20.35,64.69,45.18,20.91,32.27
69.66,28.16,18.59,11.73,20.35,64.87,45.27,20.88,32.27
69.67,28.16,18.61,11.72,20.35,64.69,45.27,20.88,32.33
69.68,28.16,18.59,11.72,20.35,64.69,45.27,20.88,32.27
69.69,28.16,18.56,11.72,20.35,64.69,45.27,20.88,32.16
69.70,28.11,18.56,11.72,20.35,64.69,45.27,20.88,32.22
69.71,28.16,18.59,11.72,20.35,64.69,45.37,20.88,32.22
69.72,28.11,18.59,11.72,20.35,64.69,45.27,20.88,32.22
69.73,28.11,18.59,11.72,20.32,64.69,45.27,20.88,32.22
69.74,28.06,18.56,11.71,20.32,64.69,45.27,20.88,32.22
69.75,28.11,18.59,11.71,20.35,64.69,45.27,20.88,32.22
69.76,28.16,18.59,11.72,20.35,64.69,45.27,20.88,32.22
69.77,28.11,18.59,11.72,20.35,64.69,45.27,20.88,32.22
69.78,28.16,18.56,11.71,20.32,64.69,45.37,20.88,32.22
69.79,28.11,18.56,11.71,20.32,64.69,45.27,20.85,32.22
69.80,28.11,18.59,11.71,20.32,64.69,45.27,20.85,32.22
69.81,28.11,18.59,11.71,20.32,64.69,45.27,20.88,32.22
69.82,28.11,18.56,11.72,20.32,64.69,45.27,20.88,32.22
69.83,28.11,18.56,11.71,20.32,64.69,45.37,20.88,32.22
69.84,28.11,18.56,11.71,20.32,64.69,45.27,20.85,32.22
69.85,28.06,18.56,11.71,20.32,64.69,45.27,20.85,32.16
69.86,28.11,18.59,11.71,20.32,64.69,45.27,20.88,32.16
69.87,28.11,18.59,11.71,20.32,64.69,45.27,20.85,32.16
69.88,28.11,18.56,11.71,20.32,64.69,45.27,20.85,32.16
69.89,28.11,18.56,11.71,20.32,64.69,45.27,20.85,32.16
69.90,28.11,18.56,11.69,20.29,64.69,45.27,20.88,32.16
69.91,28.11,18.56,11.71,20.35,64.69,45.27,20.82,32.16
69.92,28.06,18.59,11.71,20.32,64.69,45.27,20.85,32.16
69.93,28.06,18.56,11.71,20.32,64.69,45.18,20.82,32.10
69.94,28.11,18.56,11.71,20.29,64.51,45.27,20.85,32.16
69.95,28.11,18.56,11.71,20.29,64.51,45.27,20.85,32.16
69.96,28.06,18.56,11.71,20.32,64.51,45.27,20.85,32.10
69.97,28.11,18.59,11.71,20.29,64.69,45.27,20.85,32.16
69.98,28.06,18.56,11.69,20.32,64.69,45.27,20.82,32.10
69.99,28.02,18.53,11.69,20.29,64.51,45.18,20.85,32.10
70.00,28.06,18.56,11.69,20.29,64.51,45.27,20.82,32.10
70.01,28.06,18.56,11.69,20.32,64.69,45.27,20.85,32.10
70.02,28.11,18.59,11.69,20.29,64.51,45.27,20.85,32.10
70.03,28.06,18.56,11.69,20.29,64.51,45.27,20.85,32.10
70.04,28.06,18.56,11.69,20.29,64.51,45.27,20.82,32.10
70.05,28.06,18.56,11.69,20.29,64.51,45.18,20.82,32.10
70.06,28.11,18.56,11.69,20.29,64.51,45.18,20.82,32.10
70.07,28.11,18.56,11.69,20.29,64.51,45.18,20.82,32.05
70.08,28.11,18.56,11.69,20.29,64.51,45.18,20.82,32.10
70.09,28.06,18.53,11.68,20.29,64.51,45.27,20.82,32.05
70.10,28.06,18.56,11.68,20.29,64.51,45.27,20.82,32.05
70.11,28.11,18.56,11.69,20.29,64.51,45.27,20.79,32.05
70.12,28.06,18.53,11.69,20.29,64.69,45.18,20.82,32.05
70.13,28.06,18.56,11.68,20.29,64.51,45.18,20.82,32.05
70.14,28.02,18.53,11.68,20.29,64.51,45.27,20.79,32.05
70.15,28.02,18.56,11.68,20.29,64.51,45.27,20.82,32.05
70.16,28.06,18.53,11.68,20.29,64.51,45.18,20.82,32.05
70.17,28.06,18.53,11.68,20.29,64.51,45.27,20.82,32.05
70.18,28.06,18.56,11.68,20.29,64.51,45.18,20.79,32.05
70.19,28.06,18.53,11.68,20.29,64.33,45.18,20.79,32.05
70.20,28.06,18.56,11.68,20.29,64.51,45.18,20.79,31.99
70.21,28.11,18.53,11.68,20.29,64.51,45.18,20.79,32.05
70.22,28.06,18.56,11.68,20.29,64.51,45.27,20.79,32.05
70.23,28.06,18.53,11.68,20.29,64.51,45.18,20.76,32.05
70.24,28.02,18.53,11.66,20.26,64.51,45.18,20.79,32.05
70.25,28.06,18.53,11.68,20.29,64.51,45.18,20.79,32.05
70.26,28.11,18.53,11.68,20.29,64.51,45.27,20.79,32.05
70.27,28.06,18.53,11.68,20.29,64.51,45.18,20.79,31.99
70.28,28.06,18.53,11.66,20.29,64.51,45.18,20.79,31.99
70.29,28.06,18.53,11.68,20.29,64.51,45.18,20.79,31.99
70.30,28.06,18.53,11.66,20.29,64.51,45.08,20.79,31.99
70.31,28.06,18.53,11.66,20.29,64.51,45.18,20.79,31.99
70.32,28.06,18.53,11.66,20.26,64.51,45.18,20.79,31.99
70.33,28.06,18.53,11.66,20.26,64.51,45.18,20.76,31.99
70.34,28.06,18.53,11.66,20.29,64.33,45.18,20.76,31.99
70.35,28.02,18.53,11.66,20.29,64.51,45.08,20.76,31.99
70.36,28.06,18.56,11.66,20.26,64.51,45.08,20.79,31.99
70.37,28.06,18.53,11.68,20.26,64.33,45.18,20.76,31.99
70.38,28.02,18.51,11.66,20.26,64.33,45.08,20.79,31.93
70.39,28.02,18.53,11.66,20.26,64.33,45.08,20.76,31.99
70.40,28.06,18.53,11.66,20.26,64.51,45.18,20.76,31.99
70.41,28.06,18.53,11.66,20.26,64.51,45.08,20.76,31.93
70.42,28.06,18.56,11.66,20.26,64.51,45.18,20.76,31.93
70.43,27.97,18.51,11.66,20.26,64.33,45.18,20.76,31.93
70.44,28.02,18.53,11.66,20.26,64.33,45.08,20.76,31.93
70.45,28.06,18.53,11.66,20.26,64.33,45.08,20.76,31.93
70.46,28.06,18.53,11.66,20.26,64.51,45.08,20.76,31.93
70.47,28.06,18.53,11.66,20.26,64.51,45.08,20.76,31.93
70.48,28.06,18.51,11.64,20.26,64.33,45.08,20.76,31.93
70.49,28.02,18.51,11.64,20.23,64.33,45.08,20.76,31.93
70.50,27.97,18.53,11.64,20.23,64.33,45.18,20.76,31.93
70.51,28.06,18.53,11.66,20.26,64.33,45.18,20.76,31.93
70.52,28.06,18.53,11.64,20.26,64.33,45.18,20.76,31.88
70.53,28.06,18.51,11.64,20.26,64.33,45.18,20.73,31.88
70.54,28.02,18.53,11.64,20.26,64.33,45.08,20.73,31.88
70.55,28.02,18.51,11.64,20.26,64.33,45.08,20.73,31.88
70.56,28.06,18.53,11.64,20.23,64.33,45.08,20.73,31.88
70.57,28.02,18.53,11.64,20.26,64.33,45.18,20.73,31.88
70.58,28.02,18.53,11.64,20.26,64.33,45.08,20.73,31.88
70.59,28.02,18.51,11.64,20.26,64.33,45.08,20.73,31.88
70.60,28.02,18.51,11.63,20.26,64.33,45.08,20.73,31.88
70.61,27.97,18.53,11.64,20.26,64.33,45.18,20.73,31.88
70.62,27.97,18.53,11.64,20.26,64.33,45.18,20.73,31.82
70.63,27.97,18.51,11.64,20.26,64.33,45.08,20.73,31.88
70.64,27.97,18.51,11.63,20.23,64.15,45.08,20.73,31.82
70.65,27.97,18.51,11.64,20.26,64.33,45.08,20.73,31.82
70.66,28.02,18.53,11.64,20.23,64.33,45.18,20.73,31.82
70.67,28.02,18.53,11.64,20.23,64.33,45.18,20.73,31.82
70.68,28.02,18.51,11.63,20.23,64.33,45.08,20.70,31.82
70.69,27.97,18.51,11.63,20.23,64.33,45.08,20.70,31.82
70.70,27.97,18.51,11.63,20.23,64.33,45.18,20.73,31.82
70.71,28.02,18.51,11.64,20.23,64.33,45.08,20.73,31.82
70.72,28.02,18.51,11.64,20.23,64.33,45.08,20.70,31.82
70.73,27.97,18.51,11.63,20.23,64.33,45.08,20.70,31.82
70.74,28.02,18.51,11.63,20.23,64.33,45.08,20.70,31.82
70.75,27.97,18.51,11.63,20.23,64.33,45.08,20.70,31.82
70.76,27.97,18.51,11.64,20.23,64.33,45.08,20.70,31.82
70.77,28.02,18.51,11.63,20.23,64.33,45.08,20.70,31.77
70.78,27.97,18.51,11.63,20.23,64.15,45.08,20.70,31.77
70.79,27.97,18.51,11.63,20.23,64.15,44.98,20.70,31.77
70.80,27.97,18.48,11.63,20.23,64.33,45.08,20.70,31.77
70.81,27.97,18.53,11.63,20.23,64.33,45.08,20.70,31.82
70.82,27.97,18.48,11.63,20.23,64.15,45.08,20.70,31.77
70.83,27.97,18.53,11.61,20.23,64.15,45.08,20.67,31.77
70.84,27.97,18.51,11.61,20.23,64.15,45.08,20.67,31.77
70.85,27.97,18.51,11.63,20.23,64.15,44.98,20.67,31.77
70.86,27.97,18.51,11.63,20.23,64.15,45.08,20.70,31.77
70.87,28.02,18.51,11.63,20.23,64.15,45.08,20.70,31.77
70.88,28.02,18.48,11.61,20.20,64.15,44.98,20.70,31.77
70.89,27.97,18.48,11.61,20.20,64.15,44.98,20.70,31.77
70.90,27.97,18.51,11.61,20.23,64.15,45.08,20.67,31.71
70.91,28.02,18.51,11.61,20.20,64.33,45.08,20.70,31.77
70.92,27.92,18.51,11.63,20.20,64.33,45.08,20.67,31.71
70.93,27.92,18.51,11.61,20.23,64.15,44.98,20.67,31.82
70.94,27.92,18.48,11.61,20.20,64.15,44.98,20.67,31.71
70.95,27.88,18.51,11.61,20.20,64.15,44.98,20.70,31.77
70.96,27.97,18.51,11.61,20.23,64.15,44.98,20.67,31.71
70.97,27.92,18.51,11.61,20.20,64.15,44.98,20.67,31.77
70.98,27.97,18.48,11.61,20.20,64.15,45.08,20.67,31.71
70.99,27.92,18.48,11.61,20.20,64.15,44.98,20.67,31.71
71.00,27.92,18.51,11.60,20.20,64.15,45.08,20.67,31.71
71.01,27.92,18.51,11.61,20.20,64.15,45.08,20.67,31.71
71.02,28.02,18.51,11.61,20.20,64.15,44.98,20.67,31.65
71.03,27.92,18.48,11.61,20.20,64.15,44.98,20.67,31.71
71.04,27.97,18.48,11.60,20.18,64.15,44.88,20.67,31.65
71.05,27.88,18.48,11.61,20.18,64.15,44.98,20.67,31.71
71.06,28.02,18.48,11.61,20.20,64.15,44.98,20.67,31.71
71.07,27.97,18.51,11.61,20.20,64.15,44.98,20.67,31.71
71.08,27.97,18.51,11.61,20.20,64.15,44.98,20.64,31.71
71.09,27.97,18.48,11.60,20.20,64.15,44.98,20.67,31.71
71.10,27.97,18.45,11.60,20.20,64.15,45.08,20.64,31.65
71.11,27.97,18.51,11.61,20.20,64.15,44.98,20.67,31.71
71.12,27.92,18.48,11.61,20.20,64.15,45.08,20.67,31.65
71.13,27.97,18.48,11.60,20.20,64.15,44.98,20.64,31.65
71.14,27.92,18.48,11.60,20.18,63.98,44.98,20.64,31.65
71.15,27.92,18.48,11.60,20.20,63.98,44.98,20.64,31.65
71.16,28.02,18.51,11.60,20.20,64.15,44.98,20.67,31.65
71.17,27.97,18.51,11.60,20.18,64.15,44.98,20.64,31.65
71.18,27.97,18.48,11.61,20.18,64.15,44.98,20.67,31.65
71.19,27.97,18.48,11.60,20.18,63.98,44.98,20.61,31.60
71.20,27.92,18.48,11.60,20.20,64.15,45.08,20.64,31.60
71.21,27.97,18.48,11.60,20.20,63.98,44.98,20.64,31.60
71.22,27.97,18.48,11.60,20.18,64.15,45.08,20.64,31.60
71.23,27.92,18.48,11.60,20.20,64.15,44.98,20.64,31.60
71.24,27.92,18.48,11.60,20.20,63.98,44.98,20.61,31.60
71.25,27.97,18.48,11.60,20.18,64.15,44.98,20.64,31.60
71.26,27.92,18.48,11.60,20.20,64.15,44.98,20.61,31.60
71.27,27.97,18.48,11.60,20.18,64.15,44.98,20.64,31.60
71.28,27.97,18.48,11.60,20.18,64.15,44.98,20.61,31.60
71.29,27.92,18.48,11.58,20.18,63.98,44.98,20.61,31.54
71.30,27.92,18.48,11.60,20.18,64.15,44.98,20.61,31.60
71.31,27.97,18.51,11.58,20.18,64.15,44.98,20.64,31.54
71.32,27.92,18.48,11.60,20.18,63.98,44.98,20.61,31.60
71.33,27.92,18.45,11.60,20.18,63.98,44.98,20.61,31.54
71.34,27.92,18.45,11.58,20.18,64.15,44.98,20.61,31.54
71.35,27.92,18.45,11.58,20.18,64.15,44.98,20.61,31.60
71.36,27.92,18.51,11.58,20.18,64.15,44.98,20.61,31.60
71.37,27.97,18.51,11.58,20.18,64.15,44.88,20.64,31.54
71.38,27.92,18.48,11.58,20.18,63.98,44.88,20.61,31.54
71.39,27.92,18.45,11.58,20.14,63.98,44.98,20.61,31.54
71.40,27.88,18.48,11.58,20.18,63.98,44.98,20.61,31.54
71.41,27.92,18.48,11.58,20.18,63.98,44.98,20.61,31.54
71.42,27.92,18.48,11.58,20.18,63.98,44.98,20.61,31.54
71.43,27.92,18.48,11.58,20.18,63.98,44.98,20.61,31.54
71.44,27.92,18.45,11.58,20.18,63.98,44.98,20.61,31.54
71.45,27.92,18.45,11.58,20.18,63.98,44.88,20.61,31.54
71.46,27.92,18.45,11.58,20.18,64.15,44.98,20.61,31.54
71.47,27.97,18.48,11.58,20.18,63.98,44.98,20.61,31.54
71.48,27.92,18.45,11.58,20.14,63.98,44.88,20.58,31.54
71.49,27.88,18.45,11.58,20.14,63.98,44.88,20.61,31.49
71.50,27.92,18.45,11.57,20.14,63.98,44.88,20.61,31.54
71.51,27.92,18.45,11.58,20.14,63.98,44.88,20.61,31.54
71.52,27.92,18.48,11.58,20.14,63.98,44.88,20.61,31.49
71.53,27.88,18.45,11.57,20.14,63.98,44.88,20.61,31.49
71.54,27.92,18.45,11.57,20.14,63.98,44.88,20.58,31.49
71.55,27.92,18.45,11.57,20.14,63.98,44.98,20.58,31.54
71.56,27.92,18.48,11.57,20.18,63.98,44.98,20.58,31.54
71.57,27.92,18.48,11.57,20.14,63.98,44.98,20.58,31.49
71.58,27.92,18.45,11.57,20.14,63.98,44.88,20.58,31.49
71.59,27.92,18.45,11.57,20.14,63.80,44.88,20.58,31.49
71.60,27.92,18.45,11.58,20.14,63.98,44.88,20.61,31.49
71.61,27.88,18.48,11.58,20.18,63.98,44.88,20.58,31.49
71.62,27.92,18.48,11.57,20.14,63.98,44.88,20.58,31.49
71.63,27.92,18.45,11.57,20.14,63.98,44.88,20.58,31.43
71.64,27.92,18.45,11.57,20.14,63.98,44.88,20.58,31.43
71.65,27.88,18.45,11.55,20.14,63.80,44.88,20.55,31.43
71.66,27.88,18.48,11.57,20.14,63.98,44.98,20.58,31.43
71.67,27.92,18.48,11.57,20.14,63.98,44.88,20.58,31.43
71.68,27.88,18.45,11.57,20.14,63.80,44.88,20.55,31.49
71.69,27.88,18.45,11.57,20.14,63.98,44.88,20.55,31.43
71.70,27.83,18.45,11.55,20.12,63.80,44.88,20.55,31.43
71.71,27.92,18.45,11.57,20.14,63.98,44.88,20.58,31.43
71.72,27.88,18.48,11.57,20.14,63.98,44.88,20.55,31.43
71.73,27.88,18.45,11.55,20.14,63.98,44.79,20.58,31.43
71.74,27.92,18.45,11.57,20.14,63.80,44.88,20.55,31.43
71.75,27.88,18.45,11.55,20.14,63.80,44.88,20.55,31.38
71.76,27.88,18.45,11.57,20.14,63.98,44.88,20.55,31.38
71.77,27.92,18.48,11.57,20.14,63.98,44.88,20.55,31.38
71.78,27.88,18.45,11.55,20.14,63.98,44.88,20.55,31.38
71.79,27.88,18.45,11.55,20.12,63.98,44.88,20.55,31.38
71.80,27.88,18.45,11.55,20.14,63.98,44.79,20.55,31.38
71.81,27.92,18.45,11.57,20.12,63.98,44.88,20.55,31.38
71.82,27.88,18.45,11.57,20.14,63.98,44.88,20.55,31.38
71.83,27.88,18.45,11.55,20.14,63.98,44.79,20.55,31.38
71.84,27.88,18.45,11.55,20.14,63.98,44.88,20.55,31.43
71.85,27.88,18.45,11.55,20.12,63.98,44.88,20.55,31.38
71.86,27.92,18.45,11.55,20.12,63.80,44.88,20.55,31.38
71.87,27.92,18.45,11.57,20.14,63.80,44.88,20.55,31.38
71.88,27.92,18.45,11.55,20.12,63.80,44.88,20.55,31.38
71.89,27.88,18.45,11.55,20.12,63.80,44.88,20.52,31.32
71.90,27.88,18.45,11.55,20.12,63.80,44.79,20.52,31.38
71.91,27.88,18.45,11.55,20.12,63.98,44.79,20.55,31.32
71.92,27.88,18.45,11.55,20.12,63.98,44.88,20.55,31.32
71.93,27.88,18.45,11.55,20.12,63.80,44.88,20.55,31.32
71.94,27.88,18.43,11.55,20.12,63.80,44.79,20.55,31.32
71.95,27.88,18.45,11.54,20.12,63.80,44.88,20.55,31.32
71.96,27.88,18.45,11.55,20.12,63.80,44.88,20.52,31.32
71.97,27.92,18.45,11.55,20.12,63.80,44.88,20.55,31.32
71.98,27.88,18.45,11.55,20.12,63.80,44.88,20.52,31.32
71.99,27.83,18.45,11.55,20.12,63.80,44.79,20.55,31.32
72.00,27.88,18.45,11.55,20.12,63.80,44.88,20.55,31.32
72.01,27.88,18.45,11.55,20.12,63.80,44.79,20.52,31.32
72.02,27.92,18.45,11.55,20.12,63.80,44.88,20.52,31.32
72.03,27.88,18.45,11.55,20.12,63.80,44.88,20.55,31.32
72.04,27.88,18.43,11.54,20.12,63.80,44.88,20.52,31.32
72.05,27.88,18.45,11.54,20.12,63.98,44.88,20.52,31.32
72.06,27.88,18.45,11.55,20.09,63.80,44.79,20.52,31.32
72.07,27.88,18.48,11.55,20.09,63.80,44.88,20.52,31.32
72.08,27.88,18.45,11.55,20.09,63.80,44.88,20.52,31.27
72.09,27.88,18.45,11.54,20.12,63.80,44.79,20.52,31.32
72.10,27.88,18.45,11.54,20.12,63.80,44.88,20.52,31.27
72.11,27.88,18.45,11.55,20.09,63.80,44.88,20.52,31.27
72.12,27.88,18.45,11.54,20.09,63.80,44.79,20.52,31.27
72.13,27.88,18.45,11.54,20.12,63.80,44.79,20.52,31.27
72.14,27.88,18.45,11.54,20.09,63.80,44.88,20.52,31.27
72.15,27.83,18.43,11.54,20.09,63.80,44.98,20.49,31.32
72.16,27.88,18.45,11.55,20.09,63.80,44.79,20.52,31.27
72.17,27.88,18.45,11.54,20.09,63.80,44.88,20.52,31.21
72.18,27.88,18.43,11.54,20.09,63.80,44.88,20.52,31.21
72.19,27.88,18.43,11.54,20.06,63.80,44.79,20.49,31.32
72.20,27.88,18.43,11.54,20.09,63.80,44.79,20.52,31.21
72.21,27.92,18.45,11.54,20.09,63.80,44.88,20.49,31.27
72.22,27.92,18.45,11.55,20.12,63.80,44.88,20.52,31.27
72.23,27.83,18.45,11.54,20.09,63.80,44.79,20.49,31.27
72.24,27.83,18.45,11.54,20.09,63.80,44.79,20.49,31.21
72.25,27.88,18.43,11.54,20.09,63.80,44.79,20.49,31.21
72.26,27.83,18.45,11.54,20.09,63.80,44.88,20.52,31.21
72.27,27.88,18.45,11.54,20.09,63.80,44.88,20.52,31.21
72.28,27.83,18.45,11.54,20.09,63.63,44.79,20.49,31.21
72.29,27.88,18.45,11.54,20.09,63.80,44.79,20.49,31.21
72.30,27.83,18.45,11.53,20.09,63.80,44.79,20.49,31.21
72.31,27.83,18.45,11.54,20.09,63.80,44.79,20.52,31.21
72.32,27.83,18.43,11.53,20.09,63.80,44.88,20.49,31.21
72.33,27.83,18.43,11.54,20.09,63.80,44.79,20.49,31.21
72.34,27.83,18.43,11.54,20.09,63.80,44.79,20.49,31.21
72.35,27.88,18.45,11.53,20.09,63.80,44.79,20.49,31.16
72.36,27.88,18.43,11.54,20.06,63.80,44.79,20.49,31.21
72.37,27.88,18.43,11.54,20.09,63.80,44.79,20.49,31.16
72.38,27.88,18.45,11.54,20.09,63.80,44.79,20.49,31.16
72.39,27.83,18.43,11.53,20.09,63.80,44.79,20.49,31.21
72.40,27.83,18.45,11.53,20.06,63.63,44.69,20.49,31.21
72.41,27.83,18.43,11.54,20.09,63.80,44.79,20.52,31.16
72.42,27.88,18.45,11.53,20.09,63.63,44.79,20.49,31.16
72.43,27.88,18.43,11.53,20.06,63.63,44.79,20.49,31.21
72.44,27.88,18.43,11.53,20.06,63.80,44.79,20.46,31.16
72.45,27.83,18.43,11.53,20.09,63.80,44.69,20.49,31.16
72.46,27.88,18.45,11.53,20.06,63.63,44.79,20.49,31.16
72.47,27.88,18.45,11.53,20.09,63.63,44.79,20.46,31.16
72.48,27.83,18.45,11.53,20.06,63.63,44.79,20.46,31.11
72.49,27.83,18.43,11.53,20.06,63.63,44.79,20.49,31.16
72.50,27.83,18.43,11.51,20.09,63.63,44.79,20.46,31.16
72.51,27.79,18.45,11.53,20.06,63.80,44.79,20.49,31.11
72.52,27.88,18.45,11.53,20.06,63.80,44.69,20.46,31.11
72.53,27.88,18.40,11.53,20.09,63.63,44.79,20.46,31.16
72.54,27.83,18.43,11.53,20.06,63.63,44.79,20.46,31.11
72.55,27.83,18.45,11.53,20.06,63.63,44.79,20.46,31.11
72.56,27.83,18.43,11.53,20.09,63.80,44.88,20.49,31.16
72.57,27.88,18.45,11.53,20.06,63.80,44.79,20.49,31.11
72.58,27.88,18.43,11.53,20.06,63.80,44.79,20.46,31.16
72.59,27.83,18.43,11.53,20.06,63.63,44.79,20.46,31.11
72.60,27.83,18.43,11.53,20.06,63.80,44.79,20.46,31.11
72.61,27.79,18.45,11.53,20.06,63.63,44.79,20.46,31.11
72.62,27.88,18.45,11.53,20.06,63.63,44.88,20.46,31.11
72.63,27.83,18.43,11.53,20.06,63.63,44.79,20.46,31.11
72.64,27.83,18.43,11.51,20.06,63.63,44.79,20.43,31.11
72.65,27.83,18.43,11.53,20.06,63.63,44.69,20.46,31.05
72.66,27.83,18.43,11.53,20.06,63.63,44.79,20.46,31.05
72.67,27.83,18.43,11.51,20.06,63.80,44.79,20.46,31.11
72.68,27.83,18.45,11.53,20.06,63.63,44.69,20.46,31.11
72.69,27.83,18.43,11.51,20.06,63.63,44.79,20.46,31.11
72.70,27.83,18.43,11.51,20.06,63.63,44.79,20.43,31.11
72.71,27.83,18.43,11.51,20.06,63.63,44.79,20.46,31.05
72.72,27.83,18.45,11.53,20.06,63.63,44.79,20.43,31.05
72.73,27.79,18.43,11.51,20.06,63.63,44.79,20.43,31.05
72.74,27.83,18.43,11.51,20.06,63.63,44.79,20.43,31.05
72.75,27.79,18.40,11.51,20.06,63.63,44.79,20.43,31.05
72.76,27.88,18.45,11.51,20.06,63.63,44.79,20.43,31.05
72.77,27.88,18.43,11.51,20.06,63.63,44.69,20.46,31.05
72.78,27.83,18.43,11.51,20.06,63.63,44.79,20.43,31.05
72.79,27.83,18.43,11.51,20.06,63.63,44.79,20.43,31.05
72.80,27.79,18.43,11.51,20.06,63.63,44.79,20.43,31.05
72.81,27.83,18.43,11.51,20.03,63.63,44.79,20.43,31.05
72.82,27.83,18.43,11.51,20.03,63.63,44.69,20.43,31.00
72.83,27.83,18.43,11.51,20.03,63.63,44.79,20.43,31.05
72.84,27.83,18.43,11.51,20.03,63.63,44.69,20.43,31.00
72.85,27.83,18.43,11.51,20.03,63.63,44.79,20.43,31.05
72.86,27.83,18.43,11.51,20.06,63.63,44.69,20.43,31.00
72.87,27.83,18.43,11.51,20.06,63.63,44.79,20.43,31.05
72.88,27.88,18.43,11.51,20.03,63.63,44.69,20.43,31.05
72.89,27.83,18.40,11.49,20.03,63.63,44.69,20.40,31.00
72.90,27.83,18.43,11.49,20.03,63.63,44.79,20.40,31.00
72.91,27.79,18.45,11.49,20.03,63.63,44.69,20.40,31.00
72.92,27.83,18.43,11.51,20.06,63.63,44.69,20.43,31.00
72.93,27.83,18.43,11.51,20.03,63.63,44.69,20.43,31.00
72.94,27.83,18.40,11.49,20.03,63.63,44.69,20.43,31.00
72.95,27.79,18.40,11.49,20.03,63.63,44.69,20.40,30.94
72.96,27.83,18.43,11.51,20.03,63.63,44.69,20.43,30.94
72.97,27.83,18.43,11.49,20.03,63.63,44.69,20.43,30.94
72.98,27.83,18.43,11.49,20.03,63.63,44.69,20.40,30.94
72.99,27.79,18.40,11.49,20.00,63.45,44.69,20.43,30.94
73.00,27.79,18.40,11.51,20.03,63.63,44.69,20.43,30.94
73.01,27.83,18.45,11.49,20.03,63.63,44.69,20.40,30.94
73.02,27.83,18.43,11.49,20.03,63.45,44.79,20.43,30.94
73.03,27.83,18.43,11.49,20.03,63.45,44.69,20.40,30.94
73.04,27.79,18.40,11.49,20.03,63.63,44.60,20.40,30.94
73.05,27.74,18.43,11.49,20.03,63.63,44.69,20.40,30.94
73.06,27.83,18.43,11.49,20.03,63.63,44.69,20.40,30.94
73.07,27.83,18.43,11.49,20.03,63.45,44.60,20.40,30.94
73.08,27.79,18.40,11.49,20.03,63.45,44.69,20.37,30.94
73.09,27.79,18.40,11.48,20.00,63.63,44.69,20.40,30.94
73.10,27.83,18.40,11.48,20.00,63.45,44.69,20.40,30.94
73.11,27.83,18.43,11.49,20.00,63.63,44.60,20.40,30.89
73.12,27.83,18.43,11.49,20.03,63.45,44.60,20.40,30.89
73.13,27.79,18.40,11.49,20.00,63.45,44.60,20.40,30.89
73.14,27.79,18.38,11.49,20.03,63.45,44.69,20.40,30.94
73.15,27.83,18.40,11.48,20.00,63.45,44.69,20.40,30.89
73.16,27.79,18.43,11.49,20.00,63.45,44.69,20.40,30.89
73.17,27.79,18.40,11.49,20.00,63.45,44.69,20.37,30.89
73.18,27.83,18.40,11.48,20.03,63.45,44.60,20.40,30.89
73.19,27.74,18.40,11.48,20.00,63.45,44.60,20.37,30.89
73.20,27.79,18.40,11.48,20.00,63.45,44.79,20.37,30.89
73.21,27.83,18.40,11.48,20.00,63.45,44.69,20.37,30.89
73.22,27.79,18.40,11.49,20.00,63.63,44.69,20.37,30.89
73.23,27.79,18.43,11.48,20.03,63.45,44.60,20.37,30.89
73.24,27.79,18.40,11.48,19.97,63.45,44.69,20.37,30.89
73.25,27.79,18.40,11.48,20.00,63.45,44.69,20.37,30.89
73.26,27.79,18.40,11.48,20.00,63.45,44.69,20.37,30.89
73.27,27.74,18.40,11.48,20.00,63.45,44.69,20.37,30.89
73.28,27.79,18.40,11.48,20.00,63.45,44.69,20.37,30.84
73.29,27.74,18.40,11.48,20.00,63.45,44.60,20.37,30.84
73.30,27.74,18.40,11.48,20.03,63.45,44.69,20.37,30.84
73.31,27.74,18.40,11.48,19.97,63.45,44.69,20.37,30.84
73.32,27.79,18.40,11.48,20.00,63.45,44.60,20.37,30.84
73.33,27.79,18.40,11.48,19.97,63.45,44.60,20.34,30.84
73.34,27.79,18.40,11.46,19.97,63.45,44.60,20.37,30.84
73.35,27.79,18.40,11.48,20.00,63.45,44.69,20.37,30.84
73.36,27.79,18.40,11.48,20.00,63.45,44.69,20.37,30.84
73.37,27.74,18.40,11.48,20.00,63.45,44.60,20.37,30.84
73.38,27.74,18.40,11.46,20.00,63.45,44.60,20.34,30.84
73.39,27.79,18.38,11.46,20.00,63.45,44.69,20.37,30.84
73.40,27.79,18.40,11.46,20.00,63.45,44.69,20.34,30.84
73.41,27.79,18.38,11.48,20.00,63.45,44.60,20.37,30.78
73.42,27.74,18.40,11.48,20.00,63.45,44.79,20.34,30.84
73.43,27.79,18.40,11.46,19.97,63.45,44.60,20.34,30.84
73.44,27.74,18.40,11.48,19.97,63.28,44.60,20.34,30.89
73.45,27.74,18.40,11.48,20.00,63.45,44.60,20.34,30.73
73.46,27.74,18.40,11.46,20.00,63.45,44.60,20.34,30.84
73.47,27.79,18.40,11.48,20.00,63.45,44.69,20.34,30.84
73.48,27.74,18.40,11.48,19.97,63.45,44.60,20.34,30.78
73.49,27.74,18.38,11.46,19.97,63.45,44.60,20.34,30.78
73.50,27.74,18.40,11.46,19.97,63.45,44.60,20.34,30.78
73.51,27.74,18.40,11.46,19.97,63.45,44.69,20.34,30.78
73.52,27.83,18.40,11.46,19.97,63.45,44.69,20.37,30.78
73.53,27.74,18.40,11.46,19.97,63.45,44.69,20.34,30.78
73.54,27.74,18.38,11.46,19.97,63.45,44.60,20.34,30.73
73.55,27.79,18.40,11.46,19.97,63.45,44.69,20.34,30.78
73.56,27.74,18.40,11.46,19.97,63.45,44.60,20.34,30.78
73.57,27.83,18.38,11.48,19.97,63.45,44.69,20.34,30.78
73.58,27.69,18.38,11.46,19.97,63.28,44.69,20.34,30.73
73.59,27.74,18.40,11.46,19.97,63.45,44.50,20.31,30.73
73.60,27.74,18.40,11.46,19.97,63.45,44.60,20.31,30.78
73.61,27.79,18.40,11.46,19.97,63.28,44.69,20.34,30.73
73.62,27.74,18.40,11.46,19.97,63.28,44.60,20.34,30.73
73.63,27.74,18.40,11.46,19.97,63.28,44.60,20.31,30.73
73.64,27.74,18.40,11.45,19.97,63.45,44.60,20.34,30.73
73.65,27.74,18.38,11.46,19.97,63.45,44.60,20.31,30.73
73.66,27.74,18.40,11.46,19.97,63.45,44.60,20.31,30.73
73.67,27.74,18.40,11.46,19.97,63.45,44.69,20.31,30.73
73.68,27.74,18.40,11.45,19.97,63.28,44.60,20.31,30.73
73.69,27.74,18.38,11.45,19.97,63.28,44.60,20.28,30.73
73.70,27.69,18.38,11.45,19.97,63.28,44.60,20.31,30.73
73.71,27.79,18.40,11.46,19.97,63.28,44.60,20.31,30.68
73.72,27.79,18.40,11.46,19.94,63.45,44.69,20.31,30.68
73.73,27.74,18.40,11.45,19.97,63.28,44.60,20.31,30.73
73.74,27.74,18.40,11.45,19.97,63.28,44.60,20.31,30.68
73.75,27.74,18.40,11.45,19.94,63.28,44.69,20.31,30.68
73.76,27.74,18.35,11.46,19.94,63.28,44.60,20.31,30.68
73.77,27.74,18.40,11.46,19.97,63.28,44.50,20.31,30.68
73.78,27.74,18.38,11.45,19.94,63.28,44.50,20.31,30.68
73.79,27.74,18.38,11.45,19.94,63.28,44.60,20.31,30.68
73.80,27.74,18.35,11.45,19.94,63.28,44.50,20.31,30.68
73.81,27.79,18.40,11.45,19.97,63.28,44.60,20.31,30.68
73.82,27.69,18.38,11.45,19.97,63.28,44.69,20.31,30.68
73.83,27.74,18.38,11.45,19.94,63.28,44.60,20.31,30.68
73.84,27.69,18.38,11.45,19.97,63.28,44.60,20.28,30.68
73.85,27.74,18.38,11.45,19.94,63.28,44.50,20.28,30.68
73.86,27.74,18.40,11.45,19.94,63.28,44.60,20.31,30.68
73.87,27.74,18.40,11.45,19.97,63.28,44.60,20.31,30.68
73.88,27.69,18.38,11.45,19.94,63.45,44.60,20.31,30.68
73.89,27.69,18.38,11.45,19.94,63.28,44.60,20.28,30.62
73.90,27.74,18.38,11.45,19.94,63.28,44.60,20.28,30.68
73.91,27.74,18.38,11.45,19.94,63.28,44.60,20.31,30.68
73.92,27.69,18.40,11.45,19.97,63.28,44.60,20.31,30.62
73.93,27.74,18.40,11.45,19.91,63.28,44.60,20.28,30.62
73.94,27.69,18.38,11.45,19.94,63.28,44.60,20.28,30.62
73.95,27.69,18.38,11.45,19.94,63.28,44.50,20.31,30.62
73.96,27.74,18.40,11.45,19.94,63.28,44.50,20.28,30.62
73.97,27.74,18.38,11.44,19.94,63.28,44.60,20.28,30.62
73.98,27.69,18.38,11.45,19.94,63.28,44.60,20.28,30.62
73.99,27.74,18.38,11.44,19.94,63.28,44.50,20.28,30.62
74.00,27.69,18.38,11.44,19.94,63.28,44.50,20.28,30.57
74.01,27.74,18.38,11.45,19.94,63.28,44.60,20.31,30.62
74.02,27.74,18.38,11.45,19.91,63.28,44.60,20.28,30.62
74.03,27.69,18.35,11.44,19.94,63.28,44.60,20.28,30.62
74.04,27.69,18.38,11.44,19.94,63.28,44.50,20.28,30.62
74.05,27.69,18.40,11.44,19.94,63.28,44.50,20.28,30.57
74.06,27.74,18.38,11.44,19.94,63.28,44.60,20.28,30.62
74.07,27.74,18.38,11.45,19.94,63.28,44.60,20.28,30.62
74.08,27.69,18.35,11.44,19.94,63.28,44.50,20.28,30.62
74.09,27.69,18.38,11.44,19.94,63.28,44.50,20.28,30.57
74.10,27.69,18.38,11.44,19.91,63.28,44.50,20.28,30.52
74.11,27.74,18.38,11.44,19.91,63.28,44.50,20.28,30.57
74.12,27.74,18.38,11.44,19.94,63.28,44.60,20.28,30.57
74.13,27.74,18.38,11.44,19.94,63.28,44.60,20.28,30.57
74.14,27.65,18.38,11.44,19.94,63.11,44.50,20.28,30.57
74.15,27.69,18.38,11.44,19.94,63.11,44.60,20.28,30.57
74.16,27.74,18.38,11.44,19.94,63.28,44.50,20.25,30.57
74.17,27.74,18.38,11.44,19.91,63.28,44.50,20.25,30.52
74.18,27.69,18.38,11.44,19.94,63.28,44.50,20.28,30.57
74.19,27.69,18.35,11.44,19.91,63.28,44.60,20.25,30.52
74.20,27.65,18.38,11.44,19.94,63.28,44.60,20.25,30.52
74.21,27.69,18.38,11.44,19.94,63.28,44.50,20.28,30.52
74.22,27.74,18.38,11.44,19.91,63.28,44.60,20.28,30.52
74.23,27.74,18.38,11.44,19.91,63.28,44.60,20.25,30.52
74.24,27.69,18.35,11.44,19.89,63.28,44.50,20.25,30.52
74.25,27.74,18.35,11.42,19.89,63.28,44.50,20.25,30.57
74.26,27.69,18.38,11.44,19.91,63.28,44.50,20.25,30.52
74.27,27.69,18.38,11.44,19.94,63.28,44.60,20.25,30.52
74.28,27.69,18.38,11.44,19.91,63.28,44.50,20.25,30.52
74.29,27.69,18.35,11.44,19.91,63.28,44.50,20.25,30.52
74.30,27.69,18.35,11.42,19.91,63.11,44.50,20.25,30.52
74.31,27.69,18.38,11.44,19.91,63.28,44.41,20.25,30.52
74.32,27.69,18.38,11.44,19.91,63.28,44.50,20.25,30.47
74.33,27.69,18.35,11.44,19.89,63.11,44.50,20.25,30.52
74.34,27.69,18.35,11.42,19.91,63.11,44.50,20.25,30.52
74.35,27.69,18.35,11.42,19.91,63.11,44.50,20.25,30.52
74.36,27.74,18.38,11.44,19.91,63.11,44.50,20.25,30.52
74.37,27.69,18.38,11.44,19.89,63.28,44.50,20.25,30.47
74.38,27.69,18.35,11.42,19.89,63.28,44.41,20.25,30.47
74.39,27.65,18.35,11.42,19.91,63.11,44.50,20.25,30.52
74.40,27.69,18.38,11.42,19.91,63.11,44.50,20.25,30.52
74.41,27.69,18.38,11.42,19.91,63.11,44.50,20.25,30.47
74.42,27.69,18.38,11.42,19.91,63.28,44.50,20.25,30.47
74.43,27.69,18.35,11.42,19.91,63.11,44.50,20.22,30.47
74.44,27.60,18.35,11.42,19.91,63.11,44.50,20.22,30.47
74.45,27.69,18.35,11.42,19.91,63.11,44.50,20.25,30.47
74.46,27.69,18.38,11.42,19.91,63.11,44.50,20.22,30.47
74.47,27.65,18.38,11.42,19.91,63.28,44.50,20.25,30.47
74.48,27.69,18.38,11.41,19.89,63.11,44.50,20.22,30.41
74.49,27.69,18.35,11.41,19.89,63.11,44.50,20.22,30.47
74.50,27.69,18.35,11.42,19.89,63.11,44.50,20.22,30.47
74.51,27.65,18.38,11.42,19.91,63.11,44.41,20.22,30.47
74.52,27.69,18.35,11.42,19.91,63.11,44.41,20.22,30.41
74.53,27.69,18.35,11.41,19.91,63.11,44.50,20.22,30.41
74.54,27.65,18.35,11.41,19.91,63.11,44.41,20.22,30.41
74.55,27.69,18.35,11.42,19.89,63.11,44.50,20.22,30.41
74.56,27.69,18.35,11.42,19.91,63.11,44.41,20.22,30.47
74.57,27.69,18.35,11.42,19.89,63.11,44.50,20.22,30.41
74.58,27.65,18.35,11.41,19.91,63.11,44.41,20.22,30.41
74.59,27.69,18.30,11.41,19.89,63.11,44.41,20.22,30.41
74.60,27.60,18.35,11.41,19.91,63.11,44.41,20.22,30.41
74.61,27.69,18.35,11.41,19.89,63.11,44.41,20.22,30.41
74.62,27.69,18.35,11.41,19.89,63.11,44.41,20.22,30.41
74.63,27.60,18.35,11.41,19.89,63.11,44.41,20.22,30.41
74.64,27.65,18.35,11.41,19.89,63.11,44.41,20.22,30.41
74.65,27.69,18.35,11.41,19.89,62.93,44.50,20.19,30.41
74.66,27.65,18.35,11.41,19.89,63.11,44.50,20.19,30.36
74.67,27.65,18.35,11.42,19.89,63.11,44.41,20.22,30.41
74.68,27.65,18.32,11.41,19.89,63.11,44.41,20.19,30.41
74.69,27.65,18.30,11.39,19.89,62.93,44.41,20.19,30.36
74.70,27.60,18.32,11.39,19.89,63.11,44.41,20.19,30.36
74.71,27.65,18.32,11.41,19.89,63.11,44.50,20.19,30.41
74.72,27.65,18.32,11.41,19.89,62.93,44.41,20.19,30.36
74.73,27.65,18.32,11.41,19.89,62.93,44.41,20.19,30.36
74.74,27.65,18.32,11.39,19.86,63.11,44.41,20.19,30.31
74.75,27.65,18.32,11.39,19.89,62.93,44.41,20.19,30.41
74.76,27.65,18.35,11.39,19.89,63.11,44.41,20.19,30.36
74.77,27.60,18.35,11.41,19.86,63.11,44.50,20.19,30.36
74.78,27.65,18.32,11.41,19.89,63.11,44.41,20.19,30.36
74.79,27.60,18.32,11.39,19.86,63.11,44.41,20.19,30.36
74.80,27.65,18.32,11.39,19.89,62.93,44.41,20.19,30.36
74.81,27.65,18.35,11.39,19.89,63.11,44.50,20.19,30.36
74.82,27.65,18.35,11.41,19.86,63.11,44.41,20.19,30.31
74.83,27.60,18.32,11.39,19.86,63.11,44.41,20.19,30.36
74.84,27.60,18.32,11.39,19.86,62.93,44.41,20.16,30.31
74.85,27.65,18.32,11.41,19.89,62.93,44.41,20.19,30.31
74.86,27.65,18.35,11.39,19.86,62.93,44.41,20.19,30.31
74.87,27.65,18.32,11.39,19.86,62.93,44.41,20.19,30.31
74.88,27.65,18.32,11.39,19.89,62.93,44.41,20.19,30.36
74.89,27.60,18.30,11.39,19.86,62.93,44.41,20.19,30.31
74.90,27.65,18.32,11.39,19.89,63.11,44.41,20.16,30.31
74.91,27.60,18.32,11.39,19.86,62.76,44.41,20.19,30.36
74.92,27.60,18.32,11.39,19.86,62.93,44.41,20.16,30.31
74.93,27.60,18.30,11.39,19.86,62.93,44.41,20.19,30.31
74.94,27.60,18.30,11.39,19.86,63.11,44.41,20.16,30.31
74.95,27.60,18.32,11.39,19.86,62.93,44.41,20.16,30.31
74.96,27.65,18.32,11.41,19.89,62.93,44.41,20.16,30.31
74.97,27.65,18.32,11.39,19.86,62.93,44.41,20.19,30.26
74.98,27.60,18.32,11.39,19.86,62.93,44.41,20.16,30.31
74.99,27.65,18.30,11.39,19.86,62.93,44.31,20.16,30.31
75.00,27.65,18.30,11.39,19.86,62.93,44.41,20.16,30.31
75.01,27.65,18.32,11.39,19.86,62.93,44.41,20.16,30.26
75.02,27.65,18.32,11.39,19.86,62.93,44.41,20.16,30.26
75.03,27.60,18.32,11.39,19.86,62.93,44.41,20.16,30.26
75.04,27.60,18.30,11.39,19.86,62.93,44.31,20.16,30.31
75.05,27.65,18.32,11.39,19.86,62.93,44.41,20.16,30.26
75.06,27.65,18.32,11.39,19.86,62.93,44.41,20.16,30.31
75.07,27.60,18.32,11.39,19.86,62.93,44.41,20.16,30.26
75.08,27.60,18.30,11.39,19.86,62.93,44.31,20.16,30.26
75.09,27.60,18.30,11.38,19.83,62.93,44.41,20.14,30.26
75.10,27.60,18.30,11.38,19.83,62.93,44.41,20.16,30.26
75.11,27.56,18.32,11.39,19.83,62.93,44.41,20.16,30.26
75.12,27.60,18.32,11.39,19.86,62.93,44.41,20.16,30.26
75.13,27.56,18.30,11.38,19.86,62.93,44.41,20.16,30.26
75.14,27.56,18.30,11.38,19.86,62.93,44.41,20.16,30.26
75.15,27.60,18.32,11.38,19.86,62.93,44.41,20.14,30.26
75.16,27.65,18.32,11.39,19.86,62.93,44.41,20.16,30.26
75.17,27.60,18.32,11.38,19.83,62.93,44.31,20.16,30.26
75.18,27.60,18.30,11.38,19.83,62.93,44.31,20.14,30.21
75.19,27.56,18.27,11.38,19.83,62.93,44.41,20.14,30.21
75.20,27.60,18.27,11.38,19.83,62.93,44.31,20.16,30.21
75.21,27.65,18.30,11.38,19.83,62.93,44.31,20.16,30.21
75.22,27.60,18.32,11.38,19.83,62.93,44.31,20.14,30.21
75.23,27.60,18.32,11.38,19.83,62.93,44.41,20.14,30.21
75.24,27.60,18.30,11.38,19.83,62.93,44.31,20.14,30.21
75.25,27.60,18.30,11.38,19.86,62.93,44.31,20.14,30.21
75.26,27.60,18.32,11.38,19.83,62.93,44.31,20.16,30.21
75.27,27.60,18.32,11.38,19.83,62.76,44.31,20.14,30.21
75.28,27.60,18.30,11.38,19.83,62.93,44.31,20.14,30.21
75.29,27.60,18.30,11.38,19.83,62.93,44.31,20.14,30.21
75.30,27.60,18.30,11.36,19.83,62.93,44.41,20.14,30.15
75.31,27.60,18.30,11.38,19.83,62.93,44.41,20.14,30.15
75.32,27.56,18.30,11.38,19.83,62.93,44.31,20.14,30.21
75.33,27.65,18.30,11.38,19.83,62.93,44.31,20.14,30.21
75.34,27.60,18.27,11.38,19.83,62.93,44.31,20.14,30.21
75.35,27.56,18.30,11.36,19.83,62.93,44.31,20.14,30.15
75.36,27.60,18.32,11.38,19.83,62.93,44.31,20.14,30.15
75.37,27.60,18.32,11.38,19.83,62.93,44.31,20.14,30.15
75.38,27.56,18.30,11.38,19.80,62.93,44.31,20.14,30.21
75.39,27.56,18.27,11.36,19.83,62.93,44.31,20.14,30.15
75.40,27.56,18.30,11.36,19.83,62.76,44.31,20.14,30.15
75.41,27.60,18.32,11.38,19.83,62.93,44.31,20.14,30.15
75.42,27.60,18.30,11.38,19.83,62.76,44.31,20.14,30.15
75.43,27.60,18.30,11.38,19.80,62.93,44.31,20.14,30.15
75.44,27.56,18.30,11.36,19.80,62.76,44.31,20.14,30.15
75.45,27.60,18.30,11.36,19.80,62.76,44.31,20.11,30.15
75.46,27.56,18.30,11.38,19.80,62.93,44.41,20.14,30.15
75.47,27.60,18.32,11.38,19.80,62.93,44.31,20.14,30.15
75.48,27.56,18.30,11.36,19.80,62.76,44.31,20.14,30.10
75.49,27.56,18.30,11.36,19.80,62.93,44.31,20.11,30.10
75.50,27.60,18.30,11.36,19.80,62.93,44.31,20.11,30.10
75.51,27.60,18.30,11.38,19.83,62.76,44.31,20.14,30.15
75.52,27.60,18.32,11.38,19.80,62.93,44.31,20.14,30.10
75.53,27.60,18.30,11.36,19.80,62.76,44.31,20.11,30.10
75.54,27.56,18.30,11.36,19.80,62.93,44.31,20.11,30.10
75.55,27.56,18.30,11.36,19.80,62.93,44.41,20.11,30.10
75.56,27.60,18.30,11.38,19.83,62.76,44.31,20.14,30.10
75.57,27.60,18.30,11.36,19.80,62.76,44.31,20.11,30.10
75.58,27.60,18.30,11.36,19.80,62.93,44.41,20.11,30.10
75.59,27.51,18.30,11.36,19.80,62.76,44.31,20.11,30.10
75.60,27.60,18.30,11.36,19.80,62.76,44.31,20.11,30.10
75.61,27.60,18.30,11.36,19.80,62.93,44.22,20.11,30.10
75.62,27.56,18.30,11.36,19.80,62.93,44.31,20.11,30.05
75.63,27.56,18.30,11.36,19.80,62.76,44.31,20.11,30.10
75.64,27.56,18.27,11.35,19.80,62.76,44.31,20.11,30.10
75.65,27.56,18.30,11.36,19.80,62.93,44.31,20.11,30.05
75.66,27.60,18.30,11.36,19.80,62.76,44.31,20.11,30.10
75.67,27.65,18.30,11.36,19.80,62.93,44.31,20.11,30.10
75.68,27.56,18.30,11.36,19.80,62.76,44.31,20.11,30.10
75.69,27.56,18.30,11.35,19.80,62.76,44.31,20.11,30.05
75.70,27.56,18.27,11.36,19.80,62.76,44.31,20.11,30.05
75.71,27.60,18.30,11.36,19.80,62.76,44.31,20.11,30.05
75.72,27.60,18.30,11.35,19.77,62.76,44.31,20.08,30.05
75.73,27.56,18.30,11.36,19.80,62.76,44.31,20.11,30.05
75.74,27.56,18.27,11.35,19.77,62.76,44.22,20.08,30.05
75.75,27.56,18.30,11.36,19.80,62.76,44.31,20.11,30.05
75.76,27.56,18.30,11.36,19.77,62.76,44.41,20.11,30.05
75.77,27.60,18.30,11.35,19.77,62.76,44.31,20.11,30.05
75.78,27.60,18.30,11.36,19.80,62.76,44.31,20.11,30.05
75.79,27.51,18.27,11.35,19.80,62.76,44.22,20.08,30.05
75.80,27.56,18.27,11.35,19.80,62.76,44.31,20.08,30.05
75.81,27.56,18.30,11.35,19.80,62.76,44.31,20.08,30.00
75.82,27.60,18.27,11.35,19.77,62.76,44.31,20.11,30.00
75.83,27.56,18.30,11.35,19.80,62.76,44.31,20.08,30.05
75.84,27.51,18.27,11.35,19.80,62.76,44.31,20.08,30.05
75.85,27.56,18.27,11.35,19.77,62.76,44.31,20.08,30.05
75.86,27.60,18.32,11.35,19.80,62.76,44.31,20.11,30.05
75.87,27.60,18.30,11.36,19.77,62.76,44.31,20.11,30.00
75.88,27.56,18.27,11.35,19.74,62.76,44.31,20.11,30.00
75.89,27.56,18.27,11.35,19.77,62.76,44.31,20.08,30.00
75.90,27.56,18.27,11.35,19.77,62.76,44.22,20.08,30.00
75.91,27.51,18.27,11.35,19.77,62.76,44.31,20.11,30.00
75.92,27.60,18.30,11.35,19.80,62.76,44.22,20.08,30.00
75.93,27.56,18.27,11.35,19.77,62.76,44.50,20.08,30.00
75.94,27.56,18.27,11.35,19.77,62.76,44.22,20.08,30.00
75.95,27.56,18.27,11.35,19.77,62.76,44.31,20.08,30.00
75.96,27.56,18.30,11.35,19.77,62.76,44.31,20.08,30.00
75.97,27.51,18.27,11.35,19.77,62.76,44.31,20.08,30.00
75.98,27.51,18.30,11.35,19.77,62.76,44.31,20.08,29.95
75.99,27.56,18.27,11.35,19.77,62.76,44.31,20.08,29.95
76.00,27.51,18.27,11.35,19.77,62.76,44.31,20.08,30.00
76.01,27.51,18.30,11.35,19.77,62.76,44.31,20.08,30.00
76.02,27.51,18.30,11.35,19.77,62.76,44.31,20.08,29.95
76.03,27.51,18.27,11.35,19.77,62.59,44.31,20.08,30.00
76.04,27.51,18.27,11.35,19.77,62.76,44.22,20.08,29.95
76.05,27.56,18.30,11.35,19.77,62.76,44.31,20.08,29.95
76.06,27.60,18.30,11.35,19.77,62.76,44.31,20.08,29.95
76.07,27.51,18.30,11.35,19.77,62.76,44.31,20.08,29.95
76.08,27.60,18.27,11.35,19.77,62.76,44.31,20.08,29.90
76.09,27.51,18.27,11.33,19.77,62.76,44.31,20.05,29.95
76.10,27.51,18.27,11.35,19.77,62.76,44.31,20.08,29.95
76.11,27.51,18.30,11.33,19.77,62.76,44.31,20.08,29.95
76.12,27.51,18.30,11.35,19.77,62.76,44.31,20.08,29.90
76.13,27.51,18.27,11.35,19.77,62.59,44.31,20.08,29.90
76.14,27.51,18.27,11.33,19.77,62.59,44.31,20.05,29.90
76.15,27.56,18.27,11.33,19.77,62.76,44.22,20.05,29.90
76.16,27.60,18.27,11.35,19.77,62.76,44.31,20.08,29.90
76.17,27.56,18.30,11.35,19.77,62.76,44.31,20.05,29.90
76.18,27.56,18.30,11.33,19.77,62.76,44.31,20.05,29.90
76.19,27.47,18.27,11.33,19.77,62.59,44.31,20.05,29.90
76.20,27.51,18.27,11.33,19.77,62.76,44.31,20.08,29.90
76.21,27.51,18.27,11.35,19.74,62.76,44.31,20.05,29.90
76.22,27.60,18.30,11.35,19.77,62.76,44.31,20.08,29.90
76.23,27.51,18.27,11.35,19.74,62.59,44.31,20.05,29.90
76.24,27.56,18.27,11.33,19.74,62.59,44.31,20.05,29.85
76.25,27.56,18.27,11.33,19.77,62.76,44.31,20.05,29.90
76.26,27.56,18.27,11.33,19.74,62.76,44.22,20.08,29.90
76.27,27.51,18.30,11.35,19.74,62.76,44.22,20.05,29.90
76.28,27.51,18.27,11.33,19.74,62.59,44.31,20.08,29.90
76.29,27.56,18.25,11.33,19.74,62.59,44.22,20.05,29.85
76.30,27.51,18.27,11.33,19.77,62.76,44.22,20.05,29.85
76.31,27.51,18.27,11.35,19.74,62.76,44.31,20.08,29.90
76.32,27.56,18.30,11.33,19.74,62.76,44.31,20.05,29.85
76.33,27.56,18.27,11.33,19.74,62.76,44.31,20.05,29.90
76.34,27.51,18.27,11.33,19.74,62.59,44.31,20.05,29.85
76.35,27.51,18.27,11.33,19.74,62.76,44.31,20.05,29.85
76.36,27.51,18.30,11.33,19.74,62.76,44.31,20.08,29.85
76.37,27.56,18.27,11.33,19.74,62.59,44.22,20.05,29.85
76.38,27.51,18.27,11.33,19.74,62.76,44.31,20.05,29.85
76.39,27.51,18.27,11.33,19.74,62.76,44.22,20.05,29.90
76.40,27.51,18.27,11.33,19.74,62.59,44.22,20.05,29.85
76.41,27.51,18.27,11.33,19.74,62.76,44.31,20.05,29.85
76.42,27.51,18.27,11.33,19.74,62.59,44.22,20.05,29.85
76.43,27.51,18.27,11.33,19.74,62.59,44.31,20.05,29.90
76.44,27.47,18.27,11.33,19.74,62.59,44.22,20.05,29.85
76.45,27.51,18.27,11.33,19.71,62.76,44.22,20.05,29.85
76.46,27.56,18.30,11.33,19.74,62.59,44.31,20.05,29.80
76.47,27.56,18.30,11.33,19.74,62.59,44.31,20.05,29.85
76.48,27.51,18.27,11.33,19.74,62.59,44.22,20.05,29.85
76.49,27.51,18.27,11.33,19.74,62.59,44.22,20.02,29.85
76.50,27.51,18.27,11.32,19.74,62.59,44.31,20.05,29.85
76.51,27.51,18.27,11.33,19.74,62.59,44.31,20.05,29.85
76.52,27.56,18.27,11.33,19.74,62.76,44.31,20.05,29.85
76.53,27.51,18.27,11.32,19.74,62.59,44.22,20.02,29.80
76.54,27.56,18.27,11.33,19.74,62.59,44.22,20.02,29.80
76.55,27.51,18.27,11.33,19.71,62.59,44.22,20.05,29.80
76.56,27.56,18.30,11.33,19.71,62.59,44.22,20.05,29.80
76.57,27.56,18.27,11.33,19.74,62.76,44.22,20.05,29.80
76.58,27.51,18.27,11.33,19.74,62.59,44.22,20.02,29.80
76.59,27.51,18.27,11.32,19.71,62.59,44.12,20.05,29.80
76.60,27.51,18.27,11.32,19.74,62.59,44.22,20.02,29.80
76.61,27.56,18.27,11.33,19.74,62.59,44.31,20.05,29.80
76.62,27.51,18.30,11.33,19.74,62.76,44.31,20.02,29.80
76.63,27.47,18.27,11.32,19.74,62.59,44.22,20.02,29.80
76.64,27.47,18.27,11.32,19.71,62.59,44.22,20.02,29.75
76.65,27.47,18.27,11.32,19.71,62.59,44.22,20.02,29.80
76.66,27.51,18.27,11.32,19.71,62.59,44.22,20.02,29.75
76.67,27.51,18.27,11.33,19.71,62.59,44.22,20.02,29.75
76.68,27.47,18.27,11.32,19.74,62.59,44.22,20.02,29.80
76.69,27.47,18.27,11.32,19.71,62.59,44.22,20.05,29.75
76.70,27.47,18.27,11.32,19.71,62.59,44.22,20.02,29.75
76.71,27.56,18.27,11.32,19.71,62.59,44.22,20.02,29.75
76.72,27.51,18.27,11.33,19.71,62.59,44.22,20.02,29.80
76.73,27.47,18.27,11.32,19.71,62.59,44.22,20.02,29.75
76.74,27.51,18.27,11.32,19.71,62.59,44.12,20.02,29.75
76.75,27.51,18.27,11.32,19.71,62.59,44.22,20.02,29.75
76.76,27.56,18.27,11.32,19.71,62.59,44.22,20.02,29.75
76.77,27.56,18.27,11.33,19.71,62.59,44.22,20.02,29.75
76.78,27.47,18.27,11.32,19.71,62.59,44.22,20.02,29.75
76.79,27.51,18.27,11.32,19.71,62.59,44.22,20.02,29.75
76.80,27.56,18.27,11.32,19.71,62.59,44.22,20.02,29.75
76.81,27.51,18.27,11.32,19.71,62.59,44.31,20.02,29.75
76.82,27.56,18.27,11.32,19.71,62.59,44.22,20.02,29.75
76.83,27.51,18.30,11.33,19.71,62.59,44.22,20.02,29.75
76.84,27.51,18.27,11.32,19.71,62.59,44.22,20.02,29.70
76.85,27.51,18.27,11.32,19.71,62.76,44.22,19.99,29.75
76.86,27.56,18.27,11.33,19.71,62.59,44.31,20.02,29.70
76.87,27.51,18.27,11.32,19.71,62.59,44.22,20.02,29.70
76.88,27.56,18.27,11.32,19.71,62.59,44.22,20.02,29.75
76.89,27.47,18.27,11.32,19.71,62.59,44.22,20.02,29.70
76.90,27.47,18.27,11.32,19.71,62.59,44.22,20.02,29.70
76.91,27.51,18.27,11.32,19.71,62.59,44.22,20.02,29.70
76.92,27.51,18.27,11.32,19.71,62.59,44.22,20.02,29.70
76.93,27.47,18.27,11.32,19.71,62.59,44.22,20.02,29.70
76.94,27.47,18.25,11.32,19.68,62.59,44.22,19.99,29.70
76.95,27.47,18.27,11.32,19.71,62.59,44.22,20.02,29.70
76.96,27.51,18.27,11.32,19.71,62.59,44.22,20.02,29.70
76.97,27.56,18.27,11.32,19.71,62.59,44.22,20.02,29.70
76.98,27.51,18.27,11.32,19.71,62.59,44.22,19.99,29.70
76.99,27.51,18.25,11.32,19.71,62.59,44.22,19.99,29.70
77.00,27.47,18.27,11.32,19.71,62.59,44.22,20.02,29.70
77.01,27.51,18.27,11.30,19.68,62.59,44.22,20.02,29.64
77.02,27.51,18.27,11.32,19.71,62.59,44.31,20.02,29.64
77.03,27.51,18.27,11.30,19.71,62.59,44.12,19.99,29.64
77.04,27.47,18.27,11.30,19.68,62.59,44.22,19.99,29.64
77.05,27.47,18.25,11.30,19.68,62.59,44.22,19.99,29.64
77.06,27.47,18.27,11.32,19.71,62.59,44.22,20.02,29.70
77.07,27.47,18.27,11.32,19.68,62.59,44.22,20.02,29.64
77.08,27.47,18.27,11.30,19.68,62.59,44.22,19.99,29.64
77.09,27.42,18.27,11.32,19.71,62.59,44.22,19.99,29.64
77.10,27.47,18.25,11.32,19.68,62.59,44.22,19.99,29.64
77.11,27.47,18.27,11.30,19.68,62.59,44.22,19.99,29.64
77.12,27.47,18.27,11.32,19.68,62.59,44.22,19.99,29.64
77.13,27.51,18.25,11.30,19.68,62.59,44.12,19.99,29.64
77.14,27.47,18.25,11.30,19.68,62.59,44.12,19.99,29.64
77.15,27.47,18.25,11.30,19.68,62.59,44.12,19.99,29.64
77.16,27.47,18.27,11.32,19.68,62.59,44.22,19.99,29.59
77.17,27.51,18.27,11.30,19.68,62.59,44.12,19.99,29.59
77.18,27.47,18.27,11.30,19.68,62.59,44.31,19.99,29.64
77.19,27.51,18.27,11.30,19.68,62.59,44.31,19.99,29.64
77.20,27.51,18.27,11.30,19.68,62.59,44.03,19.99,29.59
77.21,27.47,18.27,11.30,19.68,62.59,44.22,19.99,29.70
77.22,27.47,18.25,11.30,19.68,62.59,44.12,19.99,29.54
77.23,27.51,18.27,11.30,19.66,62.42,44.22,19.99,29.64
77.24,27.51,18.25,11.30,19.68,62.42,44.12,19.99,29.59
77.25,27.51,18.27,11.30,19.68,62.59,44.12,19.99,29.59
77.26,27.47,18.27,11.30,19.68,62.59,44.22,19.99,29.59
77.27,27.51,18.27,11.30,19.68,62.42,44.22,19.99,29.59
77.28,27.47,18.27,11.30,19.68,62.42,44.22,19.99,29.59
77.29,27.47,18.25,11.30,19.68,62.59,44.12,19.96,29.59
77.30,27.42,18.27,11.30,19.68,62.59,44.12,19.99,29.59
77.31,27.47,18.27,11.30,19.68,62.59,44.22,19.99,29.59
77.32,27.47,18.27,11.30,19.68,62.59,44.22,19.99,29.59
77.33,27.47,18.27,11.30,19.68,62.59,44.22,19.96,29.54
77.34,27.47,18.25,11.30,19.68,62.42,44.12,19.96,29.59
77.35,27.47,18.25,11.32,19.66,62.42,44.12,19.96,29.59
77.36,27.47,18.27,11.30,19.68,62.59,44.22,19.99,29.59
77.37,27.47,18.27,11.32,19.68,62.42,44.22,19.96,29.54
77.38,27.51,18.27,11.30,19.66,62.59,44.22,19.96,29.54
77.39,27.47,18.25,11.29,19.66,62.42,44.22,19.96,29.54
77.40,27.47,18.27,11.30,19.66,62.59,44.22,19.96,29.59
77.41,27.47,18.27,11.30,19.68,62.42,44.22,19.99,29.54
77.42,27.51,18.27,11.30,19.68,62.59,44.12,19.96,29.54
77.43,27.47,18.25,11.30,19.66,62.59,44.12,19.96,29.54
77.44,27.47,18.25,11.30,19.68,62.42,44.12,19.96,29.54
77.45,27.51,18.25,11.30,19.66,62.42,44.22,19.99,29.54
77.46,27.51,18.27,11.30,19.68,62.59,44.22,19.96,29.54
77.47,27.51,18.27,11.30,19.68,62.59,44.22,19.96,29.54
77.48,27.47,18.25,11.30,19.66,62.42,44.12,19.96,29.54
77.49,27.42,18.25,11.29,19.66,62.42,44.12,19.96,29.54
77.50,27.42,18.25,11.30,19.66,62.42,44.22,19.96,29.54
77.51,27.51,18.27,11.30,19.66,62.59,44.22,19.96,29.54
77.52,27.51,18.27,11.30,19.66,62.42,44.22,19.96,29.54
77.53,27.47,18.25,11.30,19.66,62.59,44.12,19.96,29.54
77.54,27.47,18.27,11.29,19.66,62.42,44.12,19.96,29.49
77.55,27.42,18.25,11.30,19.66,62.42,44.12,19.96,29.49
77.56,27.47,18.27,11.30,19.66,62.42,44.12,19.96,29.49
77.57,27.47,18.27,11.29,19.66,62.42,44.22,19.96,29.49
77.58,27.51,18.25,11.29,19.66,62.59,44.12,19.96,29.49
77.59,27.51,18.27,11.29,19.66,62.42,44.12,19.96,29.49
77.60,27.42,18.25,11.29,19.66,62.59,44.12,19.96,29.49
77.61,27.42,18.25,11.30,19.66,62.59,44.12,19.96,29.49
77.62,27.47,18.25,11.30,19.66,62.42,44.12,19.96,29.49
77.63,27.47,18.25,11.29,19.66,62.59,44.12,19.96,29.49
77.64,27.47,18.25,11.29,19.66,62.42,44.22,19.96,29.49
77.65,27.42,18.25,11.29,19.66,62.42,44.12,19.96,29.49
77.66,27.51,18.25,11.30,19.66,62.59,44.22,19.96,29.49
77.67,27.47,18.27,11.30,19.66,62.59,44.22,19.96,29.49
77.68,27.47,18.25,11.29,19.66,62.42,44.12,19.96,29.49
77.69,27.42,18.25,11.29,19.66,62.42,44.12,19.96,29.44
77.70,27.47,18.25,11.29,19.63,62.42,44.12,19.96,29.49
77.71,27.47,18.27,11.29,19.66,62.59,44.22,19.96,29.49
77.72,27.47,18.25,11.29,19.66,62.59,44.12,19.96,29.49
77.73,27.42,18.25,11.29,19.63,62.42,44.12,19.93,29.44
77.74,27.42,18.25,11.29,19.63,62.42,44.12,19.93,29.44
77.75,27.51,18.25,11.29,19.63,62.42,44.12,19.96,29.49
77.76,27.47,18.27,11.29,19.63,62.42,44.22,19.96,29.44
77.77,27.51,18.27,11.30,19.66,62.42,44.12,19.96,29.44
77.78,27.47,18.25,11.29,19.66,62.42,44.12,19.93,29.44
77.79,27.42,18.25,11.29,19.63,62.42,44.12,19.93,29.44
77.80,27.51,18.25,11.29,19.66,62.42,44.12,19.96,29.44
77.81,27.47,18.27,11.29,19.66,62.42,44.22,19.96,29.44
77.82,27.47,18.27,11.29,19.63,62.42,44.12,19.96,29.44
77.83,27.47,18.25,11.29,19.63,62.42,44.12,19.93,29.44
77.84,27.42,18.25,11.29,19.66,62.42,44.12,19.93,29.44
77.85,27.42,18.25,11.29,19.63,62.42,44.12,19.93,29.39
77.86,27.51,18.27,11.29,19.66,62.42,44.12,19.93,29.44
77.87,27.47,18.27,11.29,19.63,62.42,44.12,19.93,29.44
77.88,27.42,18.25,11.27,19.63,62.42,44.12,19.93,29.44
77.89,27.42,18.25,11.29,19.63,62.42,44.12,19.93,29.39
77.90,27.47,18.25,11.29,19.66,62.42,44.12,19.93,29.39
77.91,27.47,18.25,11.29,19.63,62.42,44.12,19.96,29.39
77.92,27.47,18.27,11.29,19.63,62.42,44.22,19.93,29.44
77.93,27.42,18.25,11.29,19.63,62.42,44.12,19.93,29.44
77.94,27.42,18.25,11.29,19.63,62.26,44.12,19.93,29.39
77.95,27.42,18.25,11.29,19.63,62.42,44.12,19.93,29.39
77.96,27.42,18.25,11.29,19.63,62.42,44.12,19.93,29.34
77.97,27.47,18.27,11.29,19.63,62.42,44.22,19.96,29.39
77.98,27.42,18.25,11.29,19.63,62.42,44.12,19.93,29.39
77.99,27.42,18.25,11.27,19.63,62.42,44.12,19.90,29.39
78.00,27.47,18.25,11.27,19.63,62.42,44.03,19.93,29.39
78.01,27.47,18.25,11.29,19.63,62.42,44.12,19.93,29.39
78.02,27.42,18.25,11.29,19.63,62.42,44.12,19.93,29.39
78.03,27.42,18.25,11.29,19.63,62.42,44.12,19.93,29.39
78.04,27.42,18.25,11.27,19.63,62.42,44.12,19.93,29.39
78.05,27.42,18.25,11.29,19.63,62.42,44.12,19.93,29.39
78.06,27.47,18.25,11.29,19.63,62.42,44.12,19.93,29.39
78.07,27.47,18.27,11.29,19.63,62.42,44.12,19.93,29.34
78.08,27.42,18.25,11.29,19.63,62.42,44.12,19.93,29.34
78.09,27.42,18.22,11.27,19.63,62.42,44.12,19.93,29.34
78.10,27.42,18.25,11.27,19.63,62.42,44.12,19.93,29.39
78.11,27.47,18.27,11.29,19.63,62.42,44.12,19.93,29.39
78.12,27.51,18.25,11.27,19.60,62.42,44.12,19.93,29.39
78.13,27.42,18.25,11.29,19.63,62.42,44.12,19.93,29.34
78.14,27.42,18.25,11.27,19.63,62.42,44.12,19.93,29.34
78.15,27.47,18.25,11.27,19.63,62.42,44.12,19.93,29.34
78.16,27.51,18.27,11.29,19.63,62.42,44.12,19.93,29.34
78.17,27.42,18.25,11.29,19.60,62.42,44.12,19.93,29.34
78.18,27.42,18.25,11.27,19.60,62.26,44.22,19.90,29.34
78.19,27.42,18.25,11.27,19.60,62.42,44.12,19.90,29.34
78.20,27.47,18.25,11.27,19.63,62.42,44.12,19.93,29.34
78.21,27.42,18.25,11.29,19.63,62.42,44.12,19.93,29.34
78.22,27.42,18.25,11.29,19.60,62.42,44.12,19.90,29.34
78.23,27.47,18.25,11.27,19.60,62.42,44.12,19.93,29.30
78.24,27.42,18.25,11.27,19.63,62.42,44.12,19.90,29.34
78.25,27.47,18.25,11.27,19.60,62.42,44.12,19.90,29.34
78.26,27.42,18.25,11.27,19.63,62.42,44.12,19.90,29.34
78.27,27.42,18.27,11.27,19.60,62.42,44.12,19.93,29.34
78.28,27.47,18.25,11.27,19.60,62.42,44.12,19.90,29.34
78.29,27.42,18.25,11.27,19.60,62.26,44.12,19.90,29.30
78.30,27.42,18.25,11.27,19.60,62.42,44.12,19.88,29.30
78.31,27.47,18.25,11.27,19.63,62.42,44.12,19.90,29.30
78.32,27.42,18.25,11.27,19.60,62.42,44.22,19.90,29.30
78.33,27.42,18.25,11.27,19.60,62.42,44.12,19.90,29.30
78.34,27.38,18.22,11.27,19.60,62.26,44.03,19.90,29.30
78.35,27.42,18.22,11.27,19.60,62.42,44.12,19.90,29.30
78.36,27.47,18.27,11.27,19.60,62.42,44.12,19.90,29.25
78.37,27.42,18.25,11.27,19.60,62.26,44.12,19.90,29.30
78.38,27.42,18.22,11.27,19.60,62.42,44.12,19.90,29.30
78.39,27.42,18.22,11.27,19.60,62.26,44.12,19.90,29.30
78.40,27.42,18.25,11.27,19.60,62.26,44.12,19.90,29.30
78.41,27.47,18.25,11.27,19.60,62.42,44.22,19.90,29.30
78.42,27.47,18.25,11.27,19.60,62.26,44.12,19.90,29.25
78.43,27.42,18.25,11.27,19.60,62.26,44.12,19.90,29.30
78.44,27.38,18.22,11.27,19.60,62.26,44.12,19.90,29.30
78.45,27.38,18.25,11.26,19.60,62.42,44.03,19.90,29.25
78.46,27.42,18.25,11.27,19.60,62.26,44.03,19.90,29.30
78.47,27.42,18.25,11.27,19.57,62.42,44.03,19.90,29.20
78.48,27.42,18.25,11.27,19.60,62.26,44.12,19.90,29.30
78.49,27.42,18.22,11.27,19.60,62.26,44.03,19.88,29.25
78.50,27.42,18.22,11.27,19.60,62.26,44.03,19.88,29.25
78.51,27.42,18.25,11.27,19.60,62.42,44.12,19.90,29.25
78.52,27.42,18.25,11.27,19.60,62.42,44.12,19.90,29.25
78.53,27.38,18.22,11.26,19.60,62.26,44.12,19.90,29.25
78.54,27.42,18.22,11.26,19.60,62.42,44.03,19.88,29.25
78.55,27.38,18.25,11.27,19.60,62.26,44.12,19.90,29.25
78.56,27.51,18.25,11.27,19.60,62.26,44.12,19.90,29.25
78.57,27.38,18.25,11.26,19.60,62.26,44.03,19.90,29.25
78.58,27.42,18.22,11.27,19.57,62.26,44.03,19.88,29.20
78.59,27.42,18.25,11.26,19.60,62.26,44.03,19.88,29.25
78.60,27.42,18.22,11.26,19.57,62.26,44.12,19.88,29.20
78.61,27.42,18.25,11.27,19.57,62.42,44.12,19.90,29.25
78.62,27.42,18.25,11.27,19.60,62.26,44.12,19.90,29.25
78.63,27.38,18.22,11.26,19.57,62.26,44.12,19.90,29.20
78.64,27.42,18.22,11.26,19.60,62.26,44.03,19.88,29.25
78.65,27.42,18.25,11.26,19.57,62.42,44.12,19.90,29.20
78.66,27.42,18.25,11.26,19.57,62.26,44.12,19.88,29.20
78.67,27.47,18.25,11.26,19.57,62.26,44.12,19.88,29.25
78.68,27.38,18.25,11.26,19.57,62.42,44.12,19.88,29.20
78.69,27.38,18.22,11.26,19.60,62.09,44.03,19.88,29.20
78.70,27.42,18.22,11.26,19.57,62.26,44.12,19.90,29.20
78.71,27.42,18.25,11.26,19.60,62.42,44.12,19.85,29.20
78.72,27.42,18.25,11.26,19.57,62.26,44.03,19.90,29.20
78.73,27.38,18.22,11.26,19.57,62.26,44.12,19.88,29.15
78.74,27.38,18.22,11.27,19.57,62.26,44.03,19.88,29.20
78.75,27.42,18.25,11.26,19.57,62.26,44.12,19.88,29.20
78.76,27.42,18.25,11.26,19.60,62.26,44.12,19.90,29.20
78.77,27.47,18.25,11.26,19.57,62.26,44.12,19.88,29.15
78.78,27.42,18.22,11.26,19.57,62.26,44.12,19.88,29.20
78.79,27.42,18.22,11.26,19.57,62.26,44.12,19.88,29.20
78.80,27.38,18.25,11.26,19.57,62.26,44.12,19.88,29.15
78.81,27.42,18.25,11.26,19.57,62.26,44.12,19.88,29.20
78.82,27.42,18.25,11.26,19.57,62.26,44.12,19.88,29.15
78.83,27.42,18.22,11.26,19.57,62.26,44.12,19.88,29.15
78.84,27.42,18.22,11.26,19.57,62.26,44.03,19.88,29.15
78.85,27.38,18.25,11.26,19.57,62.26,44.03,19.88,29.15
78.86,27.42,18.25,11.26,19.57,62.26,44.12,19.88,29.15
78.87,27.42,18.22,11.26,19.57,62.26,44.12,19.88,29.10
78.88,27.38,18.22,11.26,19.57,62.09,44.03,19.88,29.15
78.89,27.38,18.22,11.26,19.54,62.26,44.12,19.88,29.15
78.90,27.38,18.22,11.26,19.57,62.26,44.03,19.88,29.15
78.91,27.42,18.25,11.26,19.57,62.26,44.03,19.85,29.15
78.92,27.38,18.25,11.26,19.57,62.26,44.03,19.85,29.15
78.93,27.38,18.22,11.24,19.57,62.26,44.12,19.88,29.15
78.94,27.38,18.22,11.26,19.57,62.26,44.03,19.88,29.15
78.95,27.38,18.22,11.26,19.57,62.26,44.03,19.88,29.15
78.96,27.42,18.25,11.27,19.54,62.26,44.12,19.88,29.15
78.97,27.38,18.25,11.26,19.57,62.26,44.03,19.85,29.15
78.98,27.42,18.22,11.26,19.57,62.09,44.03,19.85,29.15
78.99,27.38,18.22,11.26,19.57,62.26,44.12,19.88,29.10
79.00,27.38,18.22,11.26,19.57,62.26,44.03,19.85,29.10
79.01,27.47,18.25,11.26,19.57,62.26,44.12,19.88,29.10
79.02,27.42,18.25,11.26,19.57,62.26,43.93,19.88,29.10
79.03,27.38,18.22,11.26,19.57,62.26,44.03,19.85,29.10
79.04,27.38,18.22,11.24,19.54,62.09,44.03,19.85,29.10
79.05,27.47,18.22,11.26,19.57,62.26,44.12,19.85,29.15
79.06,27.42,18.22,11.26,19.57,62.26,44.03,19.88,29.10
79.07,27.42,18.22,11.26,19.57,62.26,44.03,19.88,29.10
79.08,27.42,18.22,11.24,19.57,62.26,44.03,19.85,29.10
79.09,27.42,18.22,11.24,19.54,62.26,44.03,19.88,29.10
79.10,27.38,18.22,11.26,19.54,62.09,44.12,19.85,29.10
79.11,27.38,18.25,11.26,19.54,62.26,44.03,19.85,29.10
79.12,27.47,18.25,11.26,19.54,62.26,44.03,19.85,29.10
79.13,27.38,18.22,11.24,19.57,62.26,44.03,19.85,29.10
79.14,27.38,18.22,11.24,19.54,62.26,44.03,19.85,29.10
79.15,27.42,18.22,11.26,19.54,62.26,44.03,19.85,29.05
79.16,27.38,18.25,11.26,19.54,62.26,44.03,19.85,29.10
79.17,27.38,18.22,11.24,19.54,62.26,44.12,19.85,29.05
79.18,27.38,18.22,11.24,19.54,62.26,43.93,19.85,29.05
79.19,27.38,18.22,11.24,19.54,62.26,44.03,19.85,29.05
79.20,27.38,18.22,11.24,19.54,62.26,44.03,19.85,29.05
79.21,27.38,18.25,11.26,19.54,62.26,44.03,19.85,29.05
79.22,27.42,18.25,11.24,19.54,62.26,44.12,19.85,29.10
79.23,27.38,18.22,11.24,19.54,62.26,43.93,19.85,29.05
79.24,27.38,18.22,11.24,19.54,62.09,44.03,19.85,29.05
79.25,27.38,18.22,11.24,19.54,62.26,43.93,19.85,29.05
79.26,27.47,18.25,11.24,19.54,62.26,44.03,19.85,29.05
79.27,27.38,18.22,11.24,19.54,62.26,44.03,19.85,29.05
79.28,27.38,18.22,11.24,19.54,62.26,44.03,19.85,29.05
79.29,27.38,18.22,11.24,19.54,62.09,44.03,19.85,29.05
79.30,27.38,18.22,11.24,19.54,62.26,44.03,19.85,29.05
79.31,27.38,18.22,11.26,19.54,62.26,44.03,19.85,29.05
79.32,27.47,18.25,11.24,19.54,62.26,44.03,19.85,29.00
79.33,27.38,18.22,11.24,19.54,62.26,44.03,19.85,29.05
79.34,27.38,18.22,11.24,19.54,62.26,44.03,19.85,29.05
79.35,27.38,18.22,11.24,19.54,62.26,44.03,19.85,29.00
79.36,27.42,18.25,11.24,19.54,62.26,44.12,19.85,29.00
79.37,27.38,18.22,11.26,19.54,62.26,44.03,19.85,29.00
79.38,27.38,18.20,11.23,19.52,62.09,44.03,19.82,29.00
79.39,27.42,18.22,11.24,19.52,62.26,44.03,19.82,29.05
79.40,27.38,18.22,11.24,19.54,62.26,44.03,19.85,29.00
79.41,27.38,18.22,11.24,19.54,62.26,44.03,19.85,29.00
79.42,27.38,18.22,11.26,19.54,62.26,44.03,19.85,29.00
79.43,27.38,18.22,11.24,19.54,62.26,44.03,19.85,29.00
79.44,27.42,18.22,11.24,19.54,62.26,44.03,19.85,29.00
79.45,27.38,18.22,11.24,19.52,62.09,44.03,19.85,29.00
79.46,27.38,18.22,11.24,19.54,62.26,44.03,19.85,29.00
79.47,27.42,18.22,11.24,19.54,62.09,44.03,19.85,29.00
79.48,27.38,18.20,11.24,19.54,62.09,44.03,19.82,29.00
79.49,27.38,18.22,11.23,19.52,62.26,44.03,19.82,29.00
79.50,27.38,18.22,11.24,19.52,62.26,44.03,19.82,29.00
79.51,27.42,18.22,11.24,19.52,62.26,44.12,19.85,28.95
79.52,27.38,18.22,11.24,19.52,62.09,44.03,19.82,29.00
79.53,27.38,18.22,11.24,19.52,62.26,43.93,19.82,28.95
79.54,27.38,18.22,11.24,19.52,62.09,44.03,19.82,29.00
79.55,27.38,18.22,11.24,19.54,62.26,44.03,19.82,29.00
79.56,27.42,18.25,11.24,19.52,62.26,44.03,19.85,28.95
79.57,27.42,18.22,11.24,19.52,62.09,43.93,19.85,29.00
79.58,27.38,18.22,11.24,19.52,62.26,44.03,19.82,28.95
79.59,27.42,18.20,11.23,19.52,62.09,44.03,19.85,28.95
79.60,27.38,18.22,11.24,19.52,62.26,43.93,19.82,28.95
79.61,27.42,18.25,11.24,19.54,62.26,44.03,19.82,28.95
79.62,27.38,18.22,11.24,19.52,62.26,44.03,19.82,28.95
79.63,27.38,18.22,11.23,19.52,62.09,44.03,19.82,28.95
79.64,27.38,18.22,11.23,19.52,62.09,44.03,19.82,28.95
79.65,27.38,18.22,11.24,19.52,62.09,44.03,19.82,28.95
79.66,27.38,18.22,11.24,19.52,62.26,44.03,19.85,28.95
79.67,27.38,18.22,11.24,19.52,62.26,44.03,19.82,28.95
79.68,27.38,18.20,11.23,19.52,62.09,44.03,19.82,28.95
79.69,27.33,18.20,11.24,19.52,62.09,43.84,19.82,28.90
79.70,27.33,18.20,11.24,19.52,62.09,44.03,19.82,28.90
79.71,27.38,18.22,11.24,19.52,62.26,43.93,19.82,28.90
79.72,27.38,18.22,11.24,19.52,62.09,44.03,19.82,28.86
79.73,27.38,18.22,11.24,19.52,62.09,43.93,19.82,28.90
79.74,27.33,18.20,11.23,19.52,62.09,44.03,19.82,28.90
79.75,27.38,18.22,11.23,19.52,62.09,44.03,19.82,28.90
79.76,27.42,18.22,11.24,19.52,62.26,44.03,19.82,28.90
79.77,27.38,18.22,11.24,19.52,62.09,44.03,19.82,28.95
79.78,27.33,18.22,11.23,19.49,62.09,44.03,19.82,28.90
79.79,27.33,18.22,11.23,19.52,62.09,44.03,19.82,28.90
79.80,27.33,18.22,11.23,19.52,62.26,44.03,19.82,28.90
79.81,27.42,18.22,11.24,19.52,62.09,44.03,19.82,28.90
79.82,27.33,18.22,11.24,19.49,62.09,43.93,19.82,28.90
79.83,27.38,18.20,11.23,19.52,62.09,43.93,19.82,28.90
79.84,27.33,18.22,11.23,19.52,62.09,44.03,19.79,28.90
79.85,27.33,18.22,11.23,19.52,62.09,44.03,19.82,28.90
79.86,27.42,18.22,11.23,19.49,62.26,43.93,19.82,28.90
79.87,27.42,18.22,11.26,19.52,62.09,44.03,19.82,28.90
79.88,27.38,18.22,11.23,19.49,62.09,43.93,19.82,28.90
79.89,27.33,18.20,11.23,19.52,62.09,43.93,19.82,28.90
79.90,27.38,18.20,11.23,19.52,62.09,43.93,19.82,28.86
79.91,27.38,18.22,11.23,19.49,62.09,44.03,19.82,28.86
79.92,27.38,18.22,11.24,19.49,62.09,44.03,19.82,28.90
79.93,27.38,18.20,11.23,19.49,62.09,44.03,19.82,28.86
79.94,27.38,18.22,11.23,19.49,62.09,44.03,19.79,28.86
79.95,27.38,18.22,11.23,19.49,62.09,44.03,19.82,28.90
79.96,27.38,18.22,11.24,19.49,62.09,44.03,19.79,28.90
79.97,27.42,18.22,11.24,19.49,62.09,44.03,19.85,28.86
79.98,27.38,18.22,11.24,19.52,62.09,43.93,19.79,28.86
79.99,27.38,18.20,11.23,19.52,62.09,44.03,19.79,28.86
80.00,27.38,18.22,11.23,19.49,62.09,44.03,19.82,28.86
80.01,27.38,18.22,11.24,19.52,62.09,44.03,19.82,28.86
80.02,27.38,18.22,11.23,19.52,62.09,44.03,19.79,28.86
80.03,27.38,18.22,11.23,19.49,62.09,43.93,19.79,28.86
80.04,27.33,18.20,11.23,19.49,62.09,43.93,19.82,28.86
80.05,27.33,18.20,11.23,19.49,62.09,43.93,19.82,28.86
80.06,27.38,18.22,11.24,19.49,62.09,44.03,19.82,28.86
80.07,27.38,18.22,11.23,19.49,62.09,44.03,19.82,28.86
80.08,27.33,18.20,11.23,19.49,62.09,44.03,19.82,28.86
80.09,27.33,18.20,11.23,19.49,62.09,44.03,19.79,28.86
80.10,27.33,18.20,11.24,19.49,62.09,44.03,19.82,28.86
80.11,27.38,18.22,11.23,19.49,62.09,44.03,19.79,28.86
80.12,27.38,18.22,11.23,19.49,62.09,43.93,19.82,28.81
80.13,27.33,18.20,11.23,19.49,62.09,44.03,19.79,28.81
80.14,27.38,18.22,11.23,19.49,62.09,44.03,19.79,28.86
80.15,27.38,18.22,11.23,19.49,62.09,43.93,19.82,28.81
80.16,27.33,18.22,11.23,19.49,62.09,44.03,19.82,28.81
80.17,27.38,18.22,11.23,19.49,62.09,44.03,19.79,28.81
80.18,27.33,18.22,11.23,19.49,62.09,43.93,19.79,28.81
80.19,27.42,18.20,11.23,19.49,62.09,44.03,19.79,28.86
80.20,27.38,18.22,11.23,19.49,62.09,44.03,19.79,28.81
80.21,27.42,18.22,11.23,19.49,62.09,44.03,19.79,28.81
80.22,27.38,18.22,11.23,19.49,62.09,43.93,19.79,28.81
80.23,27.38,18.22,11.23,19.49,62.09,43.93,19.79,28.81
80.24,27.33,18.20,11.23,19.46,62.09,43.93,19.79,28.81
80.25,27.42,18.20,11.23,19.49,62.09,43.93,19.79,28.81
80.26,27.42,18.22,11.23,19.49,62.09,44.03,19.82,28.81
80.27,27.38,18.22,11.23,19.46,62.09,44.03,19.79,28.76
80.28,27.38,18.20,11.23,19.49,62.09,43.93,19.79,28.81
80.29,27.38,18.20,11.23,19.49,62.09,43.93,19.79,28.81
80.30,27.38,18.22,11.23,19.49,62.09,44.03,19.79,28.76
80.31,27.42,18.22,11.24,19.49,62.09,43.93,19.82,28.81
80.32,27.38,18.22,11.23,19.49,62.09,44.03,19.79,28.81
80.33,27.38,18.20,11.23,19.46,62.09,43.93,19.79,28.76
80.34,27.38,18.22,11.23,19.49,62.09,44.03,19.79,28.81
80.35,27.33,18.20,11.23,19.49,62.09,44.03,19.79,28.76
80.36,27.33,18.22,11.23,19.46,62.09,44.03,19.79,28.81
80.37,27.33,18.22,11.23,19.46,62.09,44.03,19.79,28.76
80.38,27.38,18.20,11.23,19.49,62.09,43.93,19.79,28.76
80.39,27.38,18.20,11.22,19.46,62.09,44.03,19.79,28.76
80.40,27.33,18.22,11.23,19.49,62.09,43.93,19.79,28.76
80.41,27.33,18.22,11.23,19.49,62.09,43.93,19.79,28.76
80.42,27.38,18.22,11.23,19.49,62.09,43.93,19.79,28.76
80.43,27.33,18.20,11.23,19.49,62.09,44.03,19.79,28.76
80.44,27.38,18.20,11.22,19.49,62.09,43.93,19.79,28.76
80.45,27.38,18.22,11.23,19.46,62.09,43.93,19.79,28.76
80.46,27.38,18.22,11.23,19.46,62.09,43.93,19.79,28.76
80.47,27.38,18.22,11.23,19.46,62.26,43.93,19.79,28.71
80.48,27.38,18.20,11.22,19.46,62.09,43.93,19.76,28.76
80.49,27.38,18.20,11.23,19.46,62.09,43.93,19.79,28.76
80.50,27.33,18.22,11.23,19.46,62.09,44.03,19.76,28.71
80.51,27.42,18.22,11.23,19.46,62.09,43.93,19.79,28.76
80.52,27.42,18.22,11.23,19.46,62.09,44.03,19.79,28.71
80.53,27.33,18.20,11.23,19.46,62.09,44.03,19.76,28.71
80.54,27.38,18.20,11.23,19.46,62.09,43.93,19.79,28.71
80.55,27.42,18.20,11.23,19.46,62.09,44.03,19.79,28.71
80.56,27.38,18.22,11.23,19.46,62.09,44.03,19.79,28.71
80.57,27.38,18.22,11.23,19.46,62.09,44.03,19.79,28.71
80.58,27.38,18.22,11.23,19.46,62.09,44.03,19.79,28.71
80.59,27.33,18.20,11.23,19.46,62.09,43.93,19.76,28.71
80.60,27.33,18.22,11.23,19.46,62.09,44.03,19.79,28.71
80.61,27.33,18.22,11.23,19.46,62.09,44.03,19.79,28.71
80.62,27.33,18.22,11.23,19.46,62.09,44.03,19.79,28.71
80.63,27.38,18.20,11.22,19.46,62.09,43.93,19.76,28.71
80.64,27.38,18.20,11.22,19.46,62.09,43.93,19.76,28.71
80.65,27.33,18.22,11.23,19.43,62.09,43.93,19.79,28.71
80.66,27.38,18.22,11.23,19.46,62.09,44.03,19.79,28.71
80.67,27.33,18.20,11.23,19.46,62.09,44.03,19.79,28.66
80.68,27.33,18.22,11.23,19.46,62.09,43.93,19.76,28.66
80.69,27.33,18.20,11.22,19.46,62.09,43.93,19.76,28.71
80.70,27.33,18.22,11.23,19.46,62.09,43.93,19.79,28.71
80.71,27.38,18.22,11.23,19.46,62.09,44.03,19.79,28.71
80.72,27.38,18.22,11.23,19.46,62.09,44.03,19.76,28.66
80.73,27.38,18.20,11.23,19.46,62.09,43.93,19.76,28.66
80.74,27.38,18.20,11.23,19.46,62.09,44.03,19.76,28.66
80.75,27.33,18.20,11.23,19.46,62.09,43.93,19.76,28.66
80.76,27.42,18.22,11.23,19.46,62.09,44.03,19.79,28.71
80.77,27.33,18.22,11.23,19.46,62.09,43.93,19.79,28.66
80.78,27.38,18.20,11.23,19.46,62.09,43.93,19.76,28.66
80.79,27.38,18.22,11.23,19.43,62.09,43.93,19.79,28.66
80.80,27.38,18.22,11.23,19.46,62.09,43.93,19.76,28.66
80.81,27.38,18.22,11.23,19.46,62.09,43.93,19.79,28.71
80.82,27.33,18.22,11.23,19.46,62.09,43.93,19.79,28.66
80.83,27.33,18.22,11.23,19.43,61.92,43.93,19.76,28.66
80.84,27.33,18.20,11.22,19.43,62.09,43.93,19.79,28.66
80.85,27.38,18.22,11.23,19.46,62.09,44.03,19.76,28.66
80.86,27.38,18.22,11.23,19.43,62.09,44.03,19.76,28.66
80.87,27.42,18.20,11.23,19.43,62.09,43.93,19.76,28.66
80.88,27.38,18.25,11.23,19.43,62.09,43.93,19.76,28.66
80.89,27.33,18.22,11.23,19.43,62.09,43.93,19.79,28.66
80.90,27.38,18.22,11.23,19.43,62.09,43.93,19.76,28.66
80.91,27.38,18.22,11.23,19.43,62.09,44.03,19.79,28.66
80.92,27.38,18.22,11.23,19.43,62.09,43.93,19.79,28.62
80.93,27.33,18.22,11.23,19.43,62.09,44.03,19.76,28.66
80.94,27.33,18.22,11.23,19.43,62.09,43.93,19.76,28.62
80.95,27.38,18.22,11.23,19.43,62.09,44.12,19.79,28.66
80.96,27.33,18.22,11.23,19.43,62.09,44.03,19.79,28.66
80.97,27.38,18.22,11.23,19.43,62.09,44.03,19.76,28.57
80.98,27.33,18.22,11.22,19.43,62.09,43.93,19.76,28.71
80.99,27.33,18.22,11.22,19.43,62.09,43.93,19.76,28.62
81.00,27.38,18.22,11.23,19.43,62.09,44.03,19.76,28.62
81.01,27.33,18.22,11.23,19.43,62.09,43.93,19.76,28.62
81.02,27.38,18.22,11.23,19.43,62.09,43.93,19.76,28.62
81.03,27.33,18.22,11.23,19.43,62.09,43.93,19.76,28.62
81.04,27.38,18.22,11.23,19.43,62.09,43.93,19.76,28.62
81.05,27.38,18.22,11.23,19.43,62.09,43.93,19.76,28.62
81.06,27.38,18.25,11.23,19.43,62.09,44.03,19.76,28.62
81.07,27.38,18.22,11.23,19.43,62.09,44.03,19.76,28.62
81.08,27.42,18.22,11.23,19.43,62.09,43.93,19.76,28.57
81.09,27.29,18.22,11.22,19.43,62.09,43.93,19.76,28.62
81.10,27.38,18.22,11.23,19.43,62.09,43.93,19.76,28.57
81.11,27.33,18.22,11.23,19.43,62.09,43.93,19.76,28.62
81.12,27.33,18.22,11.23,19.43,62.09,43.93,19.76,28.57
81.13,27.38,18.22,11.23,19.43,62.09,44.03,19.76,28.62
81.14,27.38,18.20,11.22,19.43,62.09,43.93,19.76,28.57
81.15,27.38,18.22,11.23,19.43,62.09,43.93,19.76,28.57
81.16,27.38,18.22,11.23,19.43,62.09,43.93,19.76,28.62
81.17,27.38,18.22,11.23,19.43,62.09,43.93,19.76,28.57
81.18,27.33,18.20,11.23,19.43,61.92,43.93,19.76,28.57
81.19,27.38,18.20,11.22,19.41,62.09,43.93,19.76,28.57
81.20,27.33,18.22,11.22,19.43,62.26,43.93,19.76,28.57
81.21,27.38,18.22,11.23,19.43,61.92,43.93,19.76,28.57
81.22,27.38,18.22,11.22,19.43,62.09,44.03,19.76,28.57
81.23,27.33,18.22,11.23,19.41,62.09,43.93,19.73,28.57
81.24,27.33,18.22,11.22,19.41,61.92,43.93,19.73,28.57
81.25,27.33,18.22,11.22,19.43,62.09,43.93,19.76,28.57
81.26,27.42,18.20,11.23,19.43,62.09,43.93,19.76,28.57
81.27,27.38,18.22,11.23,19.41,62.09,43.93,19.76,28.57
81.28,27.33,18.20,11.22,19.41,62.09,43.93,19.76,28.57
81.29,27.38,18.20,11.22,19.41,61.92,43.93,19.76,28.57
81.30,27.33,18.22,11.22,19.41,62.09,43.93,19.73,28.52
81.31,27.42,18.22,11.23,19.41,62.09,43.93,19.76,28.57
81.32,27.33,18.22,11.22,19.41,62.09,43.93,19.76,28.57
81.33,27.33,18.22,11.22,19.43,62.09,43.93,19.76,28.52
81.34,27.33,18.20,11.22,19.43,62.09,43.93,19.73,28.52
81.35,27.38,18.22,11.22,19.43,62.09,43.93,19.76,28.52
81.36,27.38,18.25,11.23,19.41,62.09,43.93,19.76,28.57
81.37,27.38,18.22,11.23,19.41,62.09,43.93,19.73,28.52
81.38,27.38,18.22,11.23,19.41,62.09,43.93,19.73,28.52
81.39,27.33,18.22,11.22,19.41,62.09,43.93,19.76,28.52
81.40,27.38,18.22,11.22,19.41,62.09,43.93,19.76,28.52
81.41,27.38,18.22,11.22,19.41,62.09,43.93,19.76,28.52
81.42,27.38,18.22,11.22,19.41,62.09,43.93,19.73,28.52
81.43,27.33,18.20,11.22,19.41,61.92,43.93,19.73,28.52
81.44,27.33,18.22,11.22,19.41,61.92,44.03,19.73,28.52
81.45,27.33,18.22,11.22,19.41,62.09,43.93,19.73,28.52
81.46,27.38,18.22,11.23,19.41,62.09,43.93,19.76,28.52
81.47,27.33,18.22,11.22,19.41,62.09,43.93,19.73,28.47
81.48,27.38,18.22,11.22,19.41,62.09,44.03,19.76,28.52
81.49,27.33,18.20,11.22,19.41,62.09,43.93,19.73,28.47
81.50,27.33,18.22,11.22,19.41,62.09,43.93,19.76,28.52
81.51,27.38,18.22,11.23,19.41,62.09,43.93,19.76,28.52
81.52,27.38,18.22,11.22,19.41,61.92,43.93,19.76,28.52
81.53,27.33,18.20,11.22,19.41,62.09,43.93,19.73,28.52
81.54,27.33,18.20,11.22,19.41,62.09,43.93,19.76,28.47
81.55,27.42,18.22,11.22,19.41,62.09,43.93,19.76,28.47
81.56,27.38,18.22,11.22,19.41,62.09,43.93,19.76,28.52
81.57,27.38,18.22,11.22,19.41,62.09,44.03,19.73,28.47
81.58,27.33,18.22,11.22,19.41,62.09,43.93,19.73,28.47
81.59,27.33,18.22,11.22,19.41,62.09,43.93,19.73,28.47
81.60,27.33,18.22,11.22,19.43,62.09,43.93,19.73,28.47
81.61,27.38,18.22,11.22,19.41,62.09,43.93,19.73,28.47
81.62,27.38,18.22,11.22,19.41,61.92,43.93,19.73,28.47
81.63,27.38,18.22,11.22,19.41,62.09,43.93,19.73,28.47
81.64,27.33,18.20,11.22,19.41,62.09,43.93,19.73,28.47
81.65,27.38,18.22,11.22,19.41,61.92,43.93,19.73,28.47
81.66,27.38,18.22,11.22,19.41,62.09,44.03,19.73,28.47
81.67,27.38,18.22,11.22,19.41,62.09,43.93,19.73,28.47
81.68,27.33,18.20,11.22,19.41,62.09,43.93,19.73,28.47
81.69,27.38,18.22,11.22,19.41,61.92,43.93,19.73,28.47
81.70,27.38,18.22,11.22,19.41,62.09,43.93,19.73,28.47
81.71,27.38,18.22,11.22,19.41,62.09,43.93,19.73,28.47
81.72,27.38,18.22,11.22,19.41,61.92,43.93,19.70,28.47
81.73,27.33,18.20,11.22,19.41,62.09,43.84,19.73,28.47
81.74,27.33,18.20,11.22,19.41,61.92,43.93,19.73,28.47
81.75,27.33,18.20,11.22,19.41,62.09,43.93,19.73,28.43
81.76,27.38,18.22,11.22,19.38,62.09,43.93,19.73,28.47
81.77,27.38,18.22,11.22,19.41,62.09,43.84,19.73,28.47
81.78,27.33,18.22,11.20,19.38,61.92,43.93,19.73,28.43
81.79,27.33,18.20,11.22,19.41,61.92,43.93,19.73,28.43
81.80,27.33,18.22,11.22,19.38,62.09,43.93,19.73,28.47
81.81,27.38,18.22,11.22,19.38,62.09,43.93,19.73,28.43
81.82,27.33,18.20,11.22,19.38,61.92,43.93,19.73,28.43
81.83,27.33,18.20,11.22,19.38,62.09,43.93,19.73,28.43
81.84,27.33,18.20,11.22,19.41,62.09,43.93,19.73,28.43
81.85,27.38,18.20,11.22,19.38,62.09,43.93,19.73,28.43
81.86,27.38,18.22,11.22,19.38,62.09,43.93,19.73,28.43
81.87,27.33,18.22,11.22,19.38,61.92,43.93,19.73,28.43
81.88,27.33,18.20,11.22,19.38,61.92,43.93,19.73,28.43
81.89,27.38,18.20,11.22,19.41,62.09,43.93,19.73,28.43
81.90,27.38,18.20,11.22,19.38,61.92,43.93,19.73,28.43
81.91,27.33,18.22,11.22,19.38,62.09,43.93,19.73,28.43
81.92,27.33,18.22,11.22,19.38,62.09,43.93,19.73,28.43
81.93,27.38,18.20,11.20,19.38,61.92,43.93,19.70,28.43
81.94,27.38,18.20,11.20,19.38,61.92,43.93,19.73,28.38
81.95,27.38,18.20,11.22,19.38,61.92,43.93,19.73,28.38
81.96,27.33,18.22,11.22,19.41,62.09,43.93,19.73,28.43
81.97,27.33,18.20,11.22,19.38,61.92,43.93,19.70,28.43
81.98,27.38,18.20,11.20,19.38,61.92,43.84,19.70,28.38
81.99,27.33,18.20,11.20,19.38,61.92,43.84,19.73,28.38
82.00,27.38,18.22,11.20,19.38,62.09,43.93,19.70,28.38
82.01,27.33,18.22,11.22,19.38,62.09,43.93,19.70,28.38
82.02,27.38,18.22,11.20,19.38,61.92,43.93,19.73,28.38
82.03,27.38,18.20,11.20,19.38,61.92,43.93,19.73,28.38
82.04,27.38,18.20,11.22,19.38,61.92,43.93,19.70,28.38
82.05,27.33,18.20,11.20,19.38,62.09,43.93,19.70,28.38
82.06,27.33,18.22,11.22,19.38,61.92,43.93,19.70,28.38
82.07,27.29,18.20,11.22,19.38,62.09,43.84,19.70,28.38
82.08,27.38,18.20,11.22,19.38,61.92,43.93,19.73,28.38
82.09,27.29,18.20,11.20,19.38,61.92,43.84,19.70,28.43
82.10,27.33,18.20,11.20,19.38,61.92,43.93,19.70,28.38
82.11,27.38,18.25,11.22,19.38,62.09,43.93,19.73,28.33
82.12,27.33,18.20,11.22,19.38,61.92,43.93,19.70,28.33
82.13,27.38,18.20,11.20,19.38,61.92,43.84,19.70,28.38
82.14,27.33,18.20,11.22,19.38,61.92,43.93,19.70,28.38
82.15,27.33,18.20,11.20,19.38,61.92,43.84,19.73,28.33
82.16,27.38,18.20,11.20,19.38,61.92,43.93,19.73,28.33
82.17,27.33,18.20,11.22,19.38,61.92,43.84,19.70,28.38
82.18,27.33,18.20,11.20,19.38,61.92,43.93,19.70,28.33
82.19,27.33,18.20,11.20,19.38,61.92,43.93,19.70,28.38
82.20,27.38,18.20,11.20,19.38,61.92,43.84,19.70,28.33
82.21,27.38,18.22,11.22,19.38,61.92,44.03,19.70,28.38
82.22,27.33,18.20,11.20,19.38,61.92,43.75,19.70,28.33
82.23,27.33,18.20,11.20,19.35,61.92,43.93,19.70,28.33
82.24,27.33,18.20,11.20,19.38,61.92,43.93,19.70,28.33
82.25,27.33,18.20,11.20,19.35,61.92,43.93,19.70,28.33
82.26,27.33,18.22,11.20,19.38,61.92,43.93,19.70,28.33
82.27,27.38,18.20,11.20,19.38,61.92,43.93,19.70,28.33
82.28,27.29,18.20,11.20,19.38,61.92,43.93,19.70,28.33
82.29,27.33,18.20,11.20,19.35,61.92,43.84,19.70,28.33
82.30,27.33,18.20,11.20,19.38,61.92,43.84,19.70,28.33
82.31,27.38,18.20,11.20,19.38,61.92,43.93,19.70,28.33
82.32,27.33,18.20,11.20,19.35,61.92,43.93,19.70,28.33
82.33,27.33,18.20,11.20,19.38,61.92,43.84,19.70,28.33
82.34,27.33,18.20,11.20,19.35,61.92,43.84,19.70,28.28
82.35,27.29,18.20,11.20,19.35,61.92,43.84,19.70,28.33
82.36,27.42,18.20,11.22,19.35,61.76,43.93,19.70,28.28
82.37,27.33,18.20,11.20,19.38,61.92,43.84,19.70,28.33
82.38,27.38,18.20,11.22,19.38,61.92,43.75,19.70,28.28
82.39,27.33,18.20,11.19,19.35,61.92,43.84,19.68,28.28
82.40,27.29,18.20,11.20,19.35,61.92,43.84,19.70,28.28
82.41,27.33,18.20,11.20,19.38,62.09,43.93,19.70,28.28
82.42,27.33,18.20,11.20,19.35,61.92,43.93,19.70,28.28
82.43,27.29,18.20,11.20,19.35,61.92,43.84,19.70,28.28
82.44,27.33,18.17,11.20,19.35,61.92,43.93,19.70,28.28
82.45,27.29,18.20,11.20,19.35,61.92,43.93,19.70,28.28
82.46,27.33,18.22,11.20,19.35,62.09,43.93,19.70,28.28
82.47,27.33,18.20,11.20,19.35,61.76,43.84,19.70,28.28
82.48,27.33,18.20,11.19,19.35,61.92,43.84,19.73,28.28
82.49,27.29,18.20,11.19,19.35,61.92,43.84,19.68,28.28
82.50,27.33,18.20,11.20,19.35,62.09,43.84,19.70,28.24
82.51,27.33,18.20,11.20,19.35,61.92,43.93,19.70,28.28
82.52,27.33,18.20,11.20,19.35,61.92,43.84,19.70,28.24
82.53,27.33,18.20,11.19,19.35,61.92,43.84,19.68,28.28
82.54,27.29,18.17,11.20,19.35,61.92,43.84,19.70,28.28
82.55,27.33,18.20,11.20,19.35,61.92,43.93,19.68,28.28
82.56,27.33,18.20,11.20,19.35,61.92,43.84,19.70,28.28
82.57,27.33,18.20,11.20,19.35,61.92,43.84,19.70,28.24
82.58,27.29,18.20,11.19,19.35,61.92,43.84,19.68,28.24
82.59,27.29,18.20,11.19,19.35,61.92,43.84,19.68,28.24
82.60,27.29,18.20,11.20,19.35,61.92,43.84,19.73,28.24
82.61,27.33,18.20,11.20,19.35,61.92,43.93,19.68,28.24
82.62,27.29,18.20,11.19,19.35,61.92,43.84,19.68,28.24
82.63,27.29,18.20,11.19,19.35,61.92,43.84,19.68,28.24
82.64,27.29,18.17,11.19,19.35,61.92,43.84,19.68,28.24
82.65,27.29,18.20,11.20,19.35,61.92,44.03,19.68,28.24
82.66,27.33,18.20,11.20,19.35,61.92,43.93,19.68,28.24
82.67,27.33,18.20,11.20,19.35,61.92,43.84,19.70,28.24
82.68,27.29,18.17,11.19,19.32,61.92,43.84,19.68,28.24
82.69,27.33,18.20,11.19,19.35,61.76,43.84,19.68,28.24
82.70,27.33,18.20,11.19,19.35,61.92,43.84,19.70,28.24
82.71,27.33,18.20,11.20,19.35,61.92,43.84,19.68,28.24
82.72,27.33,18.20,11.19,19.35,61.92,43.84,19.68,28.24
82.73,27.38,18.20,11.19,19.32,61.92,43.84,19.68,28.19
82.74,27.29,18.17,11.19,19.35,61.92,43.84,19.65,28.19
82.75,27.29,18.17,11.20,19.35,61.92,43.84,19.68,28.24
82.76,27.33,18.20,11.20,19.35,61.92,43.84,19.68,28.14
82.77,27.33,18.20,11.20,19.32,61.92,43.84,19.68,28.19
82.78,27.33,18.20,11.19,19.35,61.92,43.84,19.68,28.19
82.79,27.29,18.17,11.19,19.35,61.92,43.84,19.68,28.24
82.80,27.29,18.20,11.19,19.32,61.92,43.84,19.68,28.19
82.81,27.38,18.20,11.20,19.32,61.92,43.84,19.68,28.24
82.82,27.29,18.20,11.19,19.35,61.76,43.84,19.68,28.24
82.83,27.29,18.17,11.19,19.32,61.92,43.84,19.68,28.19
82.84,27.33,18.17,11.19,19.35,61.92,43.84,19.68,28.19
82.85,27.29,18.17,11.19,19.35,61.92,43.84,19.68,28.19
82.86,27.29,18.20,11.19,19.35,61.92,43.84,19.68,28.19
82.87,27.33,18.20,11.19,19.32,61.76,43.84,19.68,28.19
82.88,27.29,18.17,11.19,19.35,61.76,43.84,19.68,28.19
82.89,27.29,18.17,11.19,19.32,61.92,43.84,19.68,28.19
82.90,27.29,18.17,11.19,19.35,61.92,43.84,19.68,28.19
82.91,27.33,18.20,11.19,19.35,61.92,43.93,19.68,28.19
82.92,27.33,18.20,11.19,19.32,61.92,43.84,19.68,28.14
82.93,27.33,18.17,11.19,19.32,61.92,43.84,19.65,28.19
82.94,27.29,18.17,11.19,19.32,61.92,43.84,19.68,28.14
82.95,27.29,18.17,11.19,19.35,61.92,43.84,19.68,28.19
82.96,27.33,18.20,11.19,19.32,61.92,43.84,19.68,28.19
82.97,27.33,18.20,11.19,19.32,61.92,43.84,19.68,28.14
82.98,27.33,18.17,11.17,19.32,61.92,43.84,19.68,28.14
82.99,27.33,18.17,11.19,19.35,61.92,43.84,19.65,28.14
83.00,27.33,18.20,11.19,19.32,61.92,43.84,19.68,28.14
83.01,27.33,18.20,11.19,19.32,61.92,43.84,19.68,28.14
83.02,27.38,18.20,11.19,19.32,61.92,43.84,19.68,28.14
83.03,27.29,18.17,11.17,19.32,61.76,43.84,19.68,28.14
83.04,27.29,18.17,11.17,19.32,61.76,43.84,19.65,28.14
83.05,27.29,18.20,11.19,19.32,62.09,43.84,19.68,28.14
83.06,27.33,18.20,11.19,19.32,61.92,43.84,19.68,28.14
83.07,27.29,18.20,11.19,19.32,61.76,43.84,19.68,28.14
83.08,27.33,18.17,11.19,19.32,61.92,43.84,19.68,28.14
83.09,27.29,18.20,11.17,19.32,61.92,43.84,19.68,28.14
83.10,27.33,18.20,11.19,19.32,61.76,43.84,19.68,28.14
83.11,27.29,18.20,11.19,19.32,61.76,43.84,19.68,28.14
83.12,27.29,18.17,11.19,19.32,61.76,43.84,19.65,28.14
83.13,27.29,18.17,11.19,19.32,61.76,43.75,19.68,28.14
83.14,27.29,18.17,11.19,19.32,61.76,43.66,19.68,28.14
83.15,27.33,18.20,11.19,19.32,61.92,43.84,19.68,28.14
83.16,27.29,18.20,11.19,19.32,61.92,43.93,19.68,28.14
83.17,27.29,18.20,11.19,19.32,61.92,43.84,19.68,28.10
83.18,27.29,18.17,11.19,19.32,61.76,43.84,19.65,28.10
83.19,27.33,18.17,11.19,19.32,61.76,43.84,19.68,28.14
83.20,27.29,18.17,11.19,19.32,61.76,43.84,19.68,28.14
83.21,27.33,18.20,11.19,19.32,61.92,43.84,19.68,28.14
83.22,27.29,18.20,11.19,19.32,61.92,43.84,19.68,28.10
83.23,27.29,18.17,11.19,19.32,61.76,43.84,19.65,28.10
83.24,27.33,18.17,11.19,19.32,61.76,43.84,19.65,28.10
83.25,27.29,18.20,11.19,19.32,61.92,43.84,19.68,28.10
83.26,27.38,18.17,11.19,19.32,61.92,43.84,19.68,28.10
83.27,27.33,18.17,11.19,19.32,61.76,43.84,19.65,28.10
83.28,27.29,18.17,11.19,19.32,61.76,43.84,19.65,28.10
83.29,27.29,18.17,11.17,19.29,61.92,43.84,19.65,28.10
83.30,27.29,18.17,11.19,19.32,61.76,43.84,19.65,28.10
83.31,27.29,18.20,11.19,19.29,61.92,43.84,19.65,28.10
83.32,27.29,18.20,11.19,19.32,61.92,43.84,19.65,28.10
83.33,27.29,18.17,11.17,19.29,61.76,43.84,19.65,28.10
83.34,27.33,18.17,11.19,19.29,61.76,43.84,19.62,28.10
83.35,27.33,18.17,11.19,19.32,61.92,43.84,19.65,28.10
83.36,27.29,18.17,11.19,19.29,61.92,43.84,19.65,28.10
83.37,27.29,18.20,11.19,19.29,61.76,43.84,19.65,28.10
83.38,27.29,18.14,11.17,19.29,61.76,43.75,19.65,28.10
83.39,27.29,18.17,11.17,19.32,61.76,43.84,19.65,28.10
83.40,27.29,18.20,11.19,19.32,61.76,43.84,19.68,28.10
83.41,27.33,18.20,11.19,19.29,61.92,43.84,19.68,28.10
83.42,27.29,18.20,11.19,19.29,61.76,43.84,19.65,28.10
83.43,27.29,18.17,11.17,19.29,61.76,43.75,19.65,28.00
83.44,27.29,18.17,11.17,19.32,61.76,43.84,19.65,28.05
83.45,27.29,18.20,11.17,19.29,61.76,43.84,19.65,28.05
83.46,27.33,18.20,11.19,19.29,61.76,43.84,19.65,28.05
83.47,27.33,18.17,11.19,19.29,61.92,43.84,19.65,28.10
83.48,27.29,18.17,11.17,19.29,61.76,43.75,19.65,28.00
83.49,27.29,18.17,11.17,19.29,61.92,43.75,19.65,28.05
83.50,27.33,18.20,11.19,19.29,61.92,43.75,19.65,28.05
83.51,27.33,18.20,11.19,19.29,61.92,43.75,19.65,28.05
83.52,27.29,18.17,11.19,19.29,61.76,43.84,19.65,28.05
83.53,27.33,18.14,11.17,19.29,61.76,43.84,19.65,28.05
83.54,27.33,18.17,11.17,19.29,61.76,43.84,19.65,28.05
83.55,27.33,18.20,11.17,19.29,61.92,43.75,19.62,28.05
83.56,27.29,18.20,11.19,19.29,61.76,43.84,19.65,28.05
83.57,27.33,18.17,11.17,19.29,61.76,43.84,19.65,28.05
83.58,27.33,18.20,11.17,19.29,61.76,43.84,19.65,28.00
83.59,27.29,18.17,11.19,19.29,61.76,43.75,19.65,28.05
83.60,27.29,18.20,11.19,19.29,61.76,43.84,19.68,28.05
83.61,27.24,18.17,11.19,19.29,61.76,43.84,19.68,28.00
83.62,27.29,18.17,11.17,19.29,61.76,43.84,19.65,28.05
83.63,27.24,18.17,11.17,19.32,61.76,43.75,19.65,28.05
83.64,27.29,18.17,11.17,19.29,61.76,43.84,19.62,28.00
83.65,27.33,18.17,11.19,19.29,61.76,43.84,19.65,28.00
83.66,27.29,18.20,11.19,19.29,61.76,43.84,19.65,28.05
83.67,27.33,18.17,11.19,19.29,61.76,43.75,19.65,28.00
83.68,27.29,18.17,11.17,19.29,61.59,43.84,19.62,28.00
83.69,27.33,18.17,11.17,19.29,61.76,43.84,19.65,28.00
83.70,27.33,18.20,11.17,19.29,61.76,43.84,19.62,28.00
83.71,27.33,18.20,11.19,19.29,62.09,43.84,19.65,28.00
83.72,27.33,18.17,11.19,19.29,61.92,43.75,19.65,28.00
83.73,27.29,18.17,11.17,19.29,61.76,43.84,19.65,28.00
83.74,27.29,18.17,11.17,19.29,61.76,43.84,19.68,28.00
83.75,27.29,18.20,11.19,19.29,61.92,43.84,19.65,28.00
83.76,27.29,18.17,11.19,19.29,61.76,43.84,19.65,28.00
83.77,27.29,18.20,11.17,19.29,61.76,43.84,19.65,28.00
83.78,27.33,18.17,11.17,19.29,61.76,43.75,19.65,28.00
83.79,27.29,18.17,11.17,19.29,61.76,43.84,19.65,28.00
83.80,27.33,18.17,11.17,19.29,61.92,43.84,19.62,27.96
83.81,27.29,18.20,11.17,19.29,61.76,43.93,19.65,28.00
83.82,27.24,18.17,11.17,19.29,61.76,43.75,19.62,27.96
83.83,27.24,18.17,11.17,19.29,61.76,43.84,19.62,27.96
83.84,27.29,18.17,11.17,19.29,61.76,43.75,19.65,27.96
83.85,27.29,18.17,11.17,19.29,61.76,43.84,19.62,27.91
83.86,27.29,18.20,11.19,19.29,61.92,43.84,19.65,27.96
83.87,27.33,18.17,11.17,19.27,61.76,43.75,19.62,27.96
83.88,27.29,18.17,11.17,19.29,61.76,43.75,19.62,27.96
83.89,27.29,18.17,11.17,19.27,61.76,43.66,19.65,27.96
83.90,27.33,18.17,11.17,19.29,61.76,43.75,19.62,27.96
83.91,27.33,18.17,11.17,19.29,61.76,43.75,19.65,27.96
83.92,27.29,18.17,11.17,19.29,61.76,43.75,19.62,27.96
83.93,27.29,18.17,11.17,19.27,61.76,43.75,19.62,27.96
83.94,27.24,18.17,11.17,19.29,61.92,43.75,19.62,27.96
83.95,27.29,18.20,11.17,19.29,61.76,43.75,19.62,27.96
83.96,27.29,18.17,11.19,19.29,61.76,43.75,19.65,27.96
83.97,27.29,18.17,11.17,19.27,61.76,43.75,19.62,27.96
83.98,27.24,18.17,11.17,19.27,61.76,43.75,19.62,27.96
83.99,27.24,18.17,11.17,19.29,61.76,43.84,19.62,27.96
84.00,27.24,18.17,11.17,19.27,61.76,43.84,19.65,27.96
84.01,27.33,18.17,11.17,19.27,61.76,43.75,19.62,27.96
84.02,27.29,18.17,11.17,19.27,61.76,43.75,19.59,27.96
84.03,27.24,18.17,11.17,19.29,61.76,43.75,19.62,27.96
84.04,27.24,18.17,11.17,19.27,61.76,43.75,19.62,27.96
84.05,27.29,18.17,11.17,19.27,61.76,43.75,19.62,27.96
84.06,27.33,18.17,11.17,19.27,61.76,43.84,19.62,27.91
84.07,27.33,18.17,11.17,19.27,61.76,43.75,19.62,27.96
84.08,27.24,18.17,11.17,19.29,61.76,43.75,19.62,27.91
84.09,27.29,18.17,11.17,19.27,61.76,43.75,19.62,27.91
84.10,27.29,18.17,11.17,19.27,61.76,43.84,19.62,27.91
84.11,27.29,18.17,11.17,19.27,61.76,43.84,19.65,27.91
84.12,27.29,18.17,11.17,19.27,61.59,43.75,19.62,27.91
84.13,27.24,18.17,11.17,19.27,61.76,43.84,19.59,27.91
84.14,27.24,18.14,11.17,19.27,61.76,43.75,19.62,27.91
84.15,27.29,18.17,11.17,19.27,61.76,43.84,19.62,27.91
84.16,27.33,18.17,11.17,19.27,61.76,43.84,19.62,27.96
84.17,27.29,18.17,11.17,19.27,61.76,43.75,19.62,27.91
84.18,27.24,18.17,11.17,19.27,61.76,43.75,19.62,27.91
84.19,27.24,18.17,11.16,19.27,61.76,43.75,19.59,27.91
84.20,27.29,18.17,11.17,19.27,61.76,43.75,19.62,27.91
84.21,27.29,18.17,11.17,19.27,61.76,43.75,19.62,27.87
84.22,27.24,18.17,11.17,19.27,61.76,43.75,19.62,27.91
84.23,27.24,18.17,11.16,19.27,61.76,43.75,19.62,27.91
84.24,27.29,18.17,11.17,19.27,61.76,43.75,19.62,27.91
84.25,27.24,18.17,11.17,19.27,61.76,43.75,19.62,27.91
84.26,27.33,18.17,11.17,19.27,61.76,43.75,19.62,27.87
84.27,27.29,18.17,11.17,19.27,61.76,43.75,19.62,27.91
84.28,27.29,18.14,11.17,19.27,61.76,43.75,19.62,27.87
84.29,27.24,18.17,11.17,19.27,61.76,43.75,19.59,27.87
84.30,27.29,18.17,11.17,19.27,61.76,43.75,19.62,27.91
84.31,27.29,18.17,11.17,19.27,61.76,43.75,19.62,27.87
84.32,27.29,18.17,11.17,19.27,61.76,43.75,19.62,27.87
84.33,27.29,18.14,11.16,19.27,61.76,43.75,19.62,27.87
84.34,27.24,18.17,11.16,19.27,61.76,43.75,19.62,27.87
84.35,27.24,18.17,11.16,19.27,61.76,43.75,19.62,27.87
84.36,27.29,18.17,11.16,19.27,61.76,43.75,19.62,27.87
84.37,27.29,18.17,11.16,19.27,61.76,43.75,19.62,27.87
84.38,27.29,18.14,11.16,19.27,61.59,43.75,19.59,27.87
84.39,27.24,18.17,11.16,19.27,61.76,43.75,19.62,27.87
84.40,27.29,18.17,11.17,19.27,61.76,43.75,19.62,27.87
84.41,27.29,18.17,11.17,19.27,61.76,43.84,19.62,27.87
84.42,27.29,18.14,11.17,19.27,61.76,43.75,19.59,27.87
84.43,27.24,18.14,11.16,19.24,61.76,43.75,19.62,27.87
84.44,27.24,18.14,11.16,19.27,61.76,43.75,19.62,27.87
84.45,27.24,18.17,11.17,19.27,61.76,43.75,19.62,27.87
84.46,27.24,18.17,11.17,19.27,61.76,43.75,19.62,27.87
84.47,27.24,18.17,11.16,19.24,61.76,43.75,19.59,27.87
84.48,27.29,18.14,11.16,19.27,61.59,43.75,19.59,27.82
84.49,27.29,18.17,11.16,19.24,61.76,43.75,19.59,27.82
84.50,27.24,18.17,11.17,19.24,61.76,43.75,19.59,27.87
84.51,27.24,18.17,11.16,19.24,61.76,43.75,19.62,27.82
84.52,27.24,18.17,11.16,19.24,61.76,43.75,19.59,27.82
84.53,27.29,18.14,11.17,19.27,61.76,43.75,19.59,27.82
84.54,27.29,18.17,11.16,19.24,61.59,43.75,19.59,27.82
84.55,27.24,18.17,11.16,19.24,61.76,43.75,19.59,27.82
84.56,27.29,18.17,11.17,19.27,61.76,43.84,19.62,27.82
84.57,27.24,18.17,11.16,19.27,61.76,43.75,19.59,27.82
84.58,27.24,18.14,11.16,19.24,61.59,43.75,19.59,27.82
84.59,27.24,18.14,11.16,19.24,61.76,43.75,19.59,27.82
84.60,27.24,18.14,11.16,19.27,61.76,43.75,19.59,27.82
84.61,27.29,18.17,11.17,19.24,61.76,43.75,19.62,27.82
84.62,27.29,18.17,11.17,19.27,61.76,43.75,19.59,27.82
84.63,27.29,18.12,11.16,19.24,61.59,43.75,19.59,27.82
84.64,27.29,18.12,11.16,19.24,61.76,43.75,19.59,27.82
84.65,27.29,18.17,11.16,19.24,61.59,43.75,19.59,27.82
84.66,27.29,18.17,11.16,19.24,61.76,43.75,19.62,27.82
84.67,27.29,18.14,11.16,19.24,61.76,43.75,19.59,27.82
84.68,27.29,18.14,11.16,19.24,61.59,43.75,19.59,27.77
84.69,27.24,18.14,11.16,19.24,61.59,43.75,19.59,27.77
84.70,27.29,18.17,11.16,19.24,61.76,43.75,19.59,27.82
84.71,27.24,18.17,11.16,19.24,61.76,43.75,19.59,27.77
84.72,27.24,18.14,11.16,19.24,61.59,43.75,19.59,27.82
84.73,27.29,18.14,11.16,19.24,61.59,43.56,19.59,27.77
84.74,27.29,18.14,11.16,19.24,61.59,43.75,19.59,27.77
84.75,27.29,18.17,11.16,19.24,61.59,43.75,19.59,27.82
84.76,27.29,18.17,11.16,19.24,61.76,43.75,19.59,27.77
84.77,27.29,18.17,11.16,19.24,61.59,43.75,19.59,27.77
84.78,27.24,18.14,11.16,19.24,61.59,43.66,19.59,27.77
84.79,27.24,18.14,11.16,19.24,61.76,43.75,19.59,27.77
84.80,27.29,18.17,11.16,19.24,61.59,43.75,19.59,27.77
84.81,27.24,18.17,11.16,19.24,61.59,43.75,19.59,27.77
84.82,27.24,18.14,11.16,19.24,61.59,43.66,19.59,27.77
84.83,27.24,18.14,11.16,19.24,61.76,43.84,19.59,27.77
84.84,27.24,18.14,11.16,19.24,61.59,43.75,19.59,27.77
84.85,27.29,18.17,11.16,19.24,61.59,43.75,19.59,27.77
84.86,27.29,18.17,11.16,19.24,61.59,43.75,19.62,27.77
84.87,27.24,18.14,11.16,19.24,61.76,43.75,19.59,27.77
84.88,27.24,18.14,11.14,19.24,61.59,43.66,19.59,27.77
84.89,27.24,18.17,11.16,19.24,61.59,43.75,19.59,27.73
84.90,27.24,18.17,11.16,19.24,61.76,43.75,19.59,27.73
84.91,27.29,18.17,11.16,19.24,61.59,43.75,19.59,27.77
84.92,27.24,18.14,11.16,19.24,61.76,43.75,19.59,27.73
84.93,27.29,18.14,11.14,19.21,61.59,43.66,19.59,27.73
84.94,27.24,18.17,11.14,19.21,61.59,43.75,19.59,27.73
84.95,27.24,18.17,11.16,19.24,61.59,43.75,19.59,27.77
84.96,27.29,18.17,11.16,19.21,61.59,43.75,19.59,27.73
84.97,27.24,18.14,11.16,19.24,61.76,43.75,19.59,27.73
84.98,27.24,18.14,11.14,19.24,61.59,43.66,19.56,27.73
84.99,27.24,18.14,11.16,19.21,61.59,43.66,19.59,27.73
85.00,27.24,18.14,11.16,19.24,61.59,43.66,19.56,27.68
85.01,27.24,18.17,11.16,19.21,61.59,43.75,19.59,27.73
85.02,27.24,18.14,11.16,19.24,61.59,43.75,19.59,27.73
85.03,27.24,18.14,11.14,19.24,61.59,43.66,19.56,27.73
85.04,27.24,18.14,11.16,19.24,61.76,43.75,19.59,27.73
85.05,27.29,18.17,11.16,19.21,61.59,43.75,19.59,27.73
85.06,27.29,18.14,11.16,19.24,61.76,43.75,19.59,27.73
85.07,27.29,18.14,11.16,19.24,61.59,43.66,19.56,27.73
85.08,27.24,18.14,11.14,19.21,61.59,43.66,19.56,27.68
85.09,27.24,18.14,11.14,19.21,61.59,43.75,19.59,27.73
85.10,27.29,18.14,11.14,19.21,61.59,43.66,19.59,27.73
85.11,27.29,18.14,11.16,19.21,61.59,43.75,19.56,27.73
85.12,27.29,18.14,11.14,19.21,61.59,43.75,19.56,27.73
85.13,27.29,18.14,11.14,19.21,61.59,43.66,19.56,27.73
85.14,27.29,18.14,11.14,19.24,61.59,43.75,19.56,27.73
85.15,27.29,18.17,11.14,19.21,61.59,43.75,19.59,27.68
85.16,27.29,18.17,11.16,19.21,61.59,43.75,19.59,27.68
85.17,27.24,18.14,11.14,19.21,61.59,43.75,19.56,27.68
85.18,27.20,18.14,11.14,19.21,61.42,43.75,19.56,27.68
85.19,27.24,18.14,11.14,19.21,61.59,43.75,19.56,27.68
85.20,27.24,18.14,11.16,19.21,61.59,43.75,19.56,27.68
85.21,27.24,18.14,11.16,19.21,61.59,43.66,19.56,27.68
85.22,27.20,18.14,11.14,19.21,61.59,43.66,19.59,27.68
85.23,27.24,18.12,11.14,19.21,61.59,43.66,19.56,27.68
85.24,27.24,18.14,11.14,19.21,61.59,43.75,19.56,27.68
85.25,27.29,18.14,11.14,19.21,61.59,43.75,19.56,27.68
85.26,27.29,18.14,11.16,19.21,61.59,43.75,19.59,27.68
85.27,27.24,18.14,11.14,19.21,61.59,43.66,19.56,27.68
85.28,27.20,18.12,11.14,19.21,61.59,43.75,19.56,27.68
85.29,27.20,18.14,11.14,19.21,61.59,43.66,19.56,27.64
85.30,27.20,18.14,11.14,19.21,61.59,43.66,19.56,27.68
85.31,27.29,18.14,11.14,19.21,61.59,43.66,19.56,27.68
85.32,27.24,18.14,11.14,19.21,61.59,43.75,19.54,27.68
85.33,27.24,18.14,11.14,19.21,61.59,43.66,19.56,27.64
85.34,27.24,18.12,11.14,19.21,61.59,43.66,19.56,27.68
85.35,27.29,18.14,11.14,19.21,61.59,43.75,19.56,27.68
85.36,27.29,18.14,11.14,19.21,61.59,43.75,19.56,27.64
85.37,27.24,18.14,11.14,19.18,61.59,43.75,19.56,27.64
85.38,27.20,18.12,11.14,19.21,61.59,43.66,19.54,27.64
85.39,27.20,18.12,11.14,19.21,61.59,43.66,19.54,27.64
85.40,27.29,18.14,11.14,19.21,61.59,43.66,19.56,27.64
85.41,27.20,18.14,11.14,19.21,61.59,43.66,19.56,27.64
85.42,27.24,18.14,11.14,19.21,61.59,43.66,19.56,27.64
85.43,27.24,18.12,11.13,19.18,61.59,43.75,19.56,27.64
85.44,27.20,18.12,11.14,19.21,61.59,43.66,19.56,27.64
85.45,27.24,18.14,11.14,19.21,61.59,43.66,19.56,27.64
85.46,27.24,18.14,11.14,19.21,61.59,43.75,19.56,27.64
85.47,27.20,18.14,11.14,19.21,61.59,43.66,19.56,27.64
85.48,27.24,18.12,11.14,19.18,61.59,43.66,19.54,27.64
85.49,27.20,18.14,11.13,19.18,61.59,43.66,19.56,27.64
85.50,27.24,18.14,11.14,19.18,61.59,43.66,19.56,27.64
85.51,27.24,18.14,11.14,19.18,61.59,43.75,19.56,27.64
85.52,27.24,18.12,11.14,19.21,61.59,43.66,19.56,27.64
85.53,27.24,18.12,11.13,19.21,61.59,43.66,19.56,27.64
85.54,27.24,18.12,11.13,19.18,61.42,43.66,19.54,27.64
85.55,27.24,18.14,11.14,19.18,61.59,43.66,19.56,27.59
85.56,27.24,18.12,11.14,19.21,61.59,43.66,19.56,27.59
85.57,27.20,18.12,11.13,19.18,61.59,43.66,19.54,27.64
85.58,27.24,18.12,11.13,19.18,61.42,43.66,19.56,27.59
85.59,27.24,18.09,11.13,19.21,61.59,43.66,19.54,27.59
85.60,27.24,18.14,11.14,19.18,61.59,43.66,19.56,27.59
85.61,27.20,18.14,11.14,19.18,61.59,43.66,19.56,27.59
85.62,27.24,18.12,11.13,19.18,61.42,43.66,19.54,27.59
85.63,27.20,18.12,11.13,19.18,61.42,43.66,19.54,27.59
85.64,27.24,18.12,11.13,19.18,61.59,43.66,19.54,27.59
85.65,27.20,18.14,11.13,19.18,61.59,43.66,19.54,27.59
85.66,27.29,18.14,11.14,19.18,61.59,43.66,19.56,27.64
85.67,27.24,18.12,11.13,19.18,61.42,43.66,19.54,27.59
85.68,27.24,18.12,11.13,19.18,61.59,43.66,19.54,27.59
85.69,27.24,18.14,11.13,19.18,61.42,43.66,19.54,27.59
85.70,27.20,18.14,11.14,19.18,61.59,43.66,19.56,27.59
85.71,27.24,18.14,11.14,19.18,61.59,43.66,19.56,27.59
85.72,27.20,18.12,11.14,19.18,61.42,43.66,19.54,27.59
85.73,27.20,18.12,11.13,19.18,61.42,43.56,19.54,27.59
85.74,27.24,18.12,11.13,19.18,61.59,43.56,19.54,27.59
85.75,27.24,18.12,11.14,19.18,61.59,43.66,19.56,27.59
85.76,27.20,18.14,11.14,19.18,61.59,43.66,19.54,27.59
85.77,27.20,18.12,11.13,19.18,61.59,43.66,19.54,27.55
85.78,27.20,18.12,11.13,19.18,61.42,43.66,19.54,27.59
85.79,27.20,18.12,11.13,19.18,61.42,43.66,19.54,27.55
85.80,27.24,18.12,11.13,19.18,61.59,43.66,19.54,27.59
85.81,27.20,18.14,11.14,19.18,61.59,43.66,19.54,27.59
85.82,27.24,18.12,11.13,19.18,61.42,43.66,19.54,27.59
85.83,27.20,18.12,11.13,19.18,61.42,43.66,19.54,27.59
85.84,27.20,18.12,11.13,19.18,61.59,43.66,19.54,27.55
85.85,27.20,18.12,11.13,19.16,61.59,43.66,19.51,27.55
85.86,27.24,18.12,11.13,19.18,61.42,43.66,19.56,27.55
85.87,27.24,18.12,11.13,19.16,61.42,43.66,19.51,27.59
85.88,27.20,18.12,11.13,19.18,61.59,43.66,19.54,27.55
85.89,27.20,18.09,11.13,19.16,61.59,43.66,19.54,27.55
85.90,27.24,18.17,11.13,19.18,61.59,43.66,19.54,27.55
85.91,27.24,18.12,11.13,19.18,61.59,43.66,19.54,27.55
85.92,27.20,18.12,11.13,19.18,61.42,43.66,19.54,27.55
85.93,27.20,18.12,11.13,19.18,61.42,43.66,19.54,27.55
85.94,27.20,18.12,11.13,19.18,61.59,43.66,19.54,27.55
85.95,27.20,18.12,11.14,19.18,61.42,43.75,19.54,27.55
85.96,27.20,18.12,11.14,19.16,61.59,43.56,19.54,27.55
85.97,27.20,18.12,11.13,19.16,61.42,43.66,19.51,27.55
85.98,27.20,18.12,11.13,19.16,61.42,43.66,19.54,27.55
85.99,27.20,18.12,11.13,19.16,61.42,43.66,19.54,27.50
86.00,27.20,18.12,11.13,19.16,61.42,43.66,19.54,27.59
86.01,27.20,18.14,11.13,19.18,61.42,43.66,19.54,27.55
86.02,27.20,18.12,11.13,19.16,61.42,43.66,19.54,27.50
86.03,27.24,18.09,11.13,19.16,61.42,43.56,19.51,27.50
86.04,27.20,18.12,11.13,19.16,61.42,43.66,19.54,27.55
86.05,27.20,18.12,11.13,19.16,61.59,43.66,19.54,27.55
86.06,27.24,18.12,11.13,19.16,61.42,43.66,19.51,27.50
86.07,27.20,18.12,11.13,19.16,61.42,43.66,19.54,27.50
86.08,27.20,18.12,11.12,19.16,61.42,43.56,19.54,27.50
86.09,27.20,18.12,11.13,19.16,61.42,43.66,19.51,27.50
86.10,27.20,18.12,11.13,19.16,61.42,43.66,19.54,27.50
86.11,27.24,18.12,11.13,19.16,61.42,43.66,19.54,27.50
86.12,27.20,18.12,11.12,19.16,61.42,43.66,19.51,27.50
86.13,27.24,18.09,11.12,19.16,61.42,43.66,19.54,27.50
86.14,27.15,18.12,11.13,19.16,61.42,43.66,19.54,27.46
86.15,27.20,18.12,11.13,19.16,61.42,43.66,19.54,27.50
86.16,27.20,18.12,11.12,19.16,61.42,43.66,19.51,27.50
86.17,27.15,18.09,11.13,19.16,61.42,43.66,19.54,27.50
86.18,27.15,18.09,11.12,19.16,61.42,43.66,19.51,27.50
86.19,27.20,18.12,11.12,19.16,61.42,43.66,19.51,27.50
86.20,27.20,18.12,11.13,19.16,61.42,43.66,19.54,27.55
86.21,27.24,18.12,11.13,19.16,61.42,43.56,19.51,27.46
86.22,27.15,18.12,11.12,19.16,61.42,43.56,19.54,27.50
86.23,27.15,18.09,11.12,19.16,61.42,43.56,19.51,27.50
86.24,27.20,18.09,11.13,19.16,61.42,43.66,19.54,27.50
86.25,27.20,18.12,11.12,19.16,61.42,43.66,19.54,27.50
86.26,27.20,18.12,11.13,19.16,61.59,43.66,19.51,27.46
86.27,27.15,18.12,11.12,19.16,61.42,43.56,19.51,27.46
86.28,27.15,18.09,11.12,19.16,61.59,43.56,19.51,27.46
86.29,27.15,18.09,11.12,19.16,61.42,43.56,19.51,27.46
86.30,27.20,18.12,11.12,19.16,61.42,43.66,19.51,27.46
86.31,27.24,18.12,11.13,19.16,61.42,43.66,19.54,27.46
86.32,27.20,18.09,11.12,19.16,61.42,43.66,19.51,27.46
86.33,27.15,18.09,11.12,19.16,61.42,43.56,19.51,27.46
86.34,27.20,18.12,11.12,19.16,61.42,43.56,19.54,27.46
86.35,27.15,18.12,11.12,19.16,61.42,43.66,19.51,27.46
86.36,27.15,18.12,11.12,19.16,61.42,43.56,19.51,27.46
86.37,27.15,18.09,11.12,19.16,61.42,43.56,19.51,27.46
86.38,27.15,18.09,11.12,19.16,61.42,43.56,19.51,27.46
86.39,27.15,18.12,11.12,19.16,61.42,43.66,19.51,27.46
86.40,27.24,18.12,11.13,19.16,61.42,43.66,19.51,27.46
86.41,27.15,18.12,11.12,19.16,61.42,43.56,19.51,27.46
86.42,27.20,18.09,11.12,19.16,61.42,43.56,19.51,27.46
86.43,27.15,18.09,11.12,19.13,61.42,43.56,19.51,27.46
86.44,27.20,18.12,11.12,19.16,61.42,43.66,19.51,27.46
86.45,27.20,18.12,11.13,19.16,61.42,43.56,19.54,27.46
86.46,27.20,18.12,11.12,19.16,61.42,43.66,19.51,27.46
86.47,27.20,18.09,11.12,19.13,61.42,43.66,19.51,27.46
86.48,27.15,18.09,11.12,19.16,61.42,43.56,19.51,27.41
86.49,27.20,18.09,11.12,19.16,61.42,43.56,19.51,27.46
86.50,27.20,18.12,11.12,19.16,61.42,43.66,19.51,27.41
86.51,27.15,18.12,11.12,19.16,61.42,43.56,19.51,27.41
86.52,27.20,18.09,11.12,19.13,61.42,43.56,19.51,27.46
86.53,27.24,18.09,11.12,19.13,61.42,43.56,19.51,27.41
86.54,27.20,18.09,11.12,19.16,61.42,43.47,19.51,27.41
86.55,27.15,18.09,11.12,19.16,61.42,43.66,19.51,27.41
86.56,27.20,18.09,11.12,19.16,61.42,43.56,19.51,27.41
86.57,27.15,18.09,11.12,19.13,61.42,43.56,19.51,27.41
86.58,27.15,18.09,11.12,19.13,61.42,43.56,19.51,27.41
86.59,27.20,18.09,11.12,19.13,61.42,43.56,19.51,27.41
86.60,27.20,18.12,11.12,19.13,61.42,43.56,19.51,27.41
86.61,27.15,18.09,11.12,19.13,61.42,43.66,19.51,27.41
86.62,27.15,18.09,11.12,19.13,61.42,43.56,19.51,27.41
86.63,27.15,18.09,11.12,19.13,61.42,43.56,19.51,27.41
86.64,27.20,18.09,11.10,19.13,61.42,43.56,19.51,27.41
86.65,27.20,18.12,11.12,19.13,61.42,43.56,19.51,27.41
86.66,27.20,18.12,11.12,19.16,61.42,43.56,19.51,27.41
86.67,27.15,18.09,11.12,19.13,61.42,43.56,19.51,27.41
86.68,27.15,18.09,11.12,19.13,61.42,43.56,19.48,27.41
86.69,27.15,18.09,11.12,19.13,61.42,43.56,19.51,27.41
86.70,27.20,18.12,11.12,19.13,61.42,43.66,19.51,27.41
86.71,27.20,18.09,11.12,19.13,61.42,43.56,19.51,27.41
86.72,27.20,18.09,11.12,19.13,61.42,43.56,19.51,27.37
86.73,27.15,18.09,11.12,19.13,61.42,43.56,19.51,27.37
86.74,27.15,18.09,11.12,19.13,61.42,43.56,19.51,27.37
86.75,27.24,18.12,11.12,19.13,61.42,43.56,19.51,27.41
86.76,27.15,18.09,11.12,19.13,61.42,43.56,19.51,27.37
86.77,27.20,18.07,11.12,19.13,61.26,43.56,19.51,27.37
86.78,27.20,18.09,11.10,19.13,61.42,43.56,19.51,27.37
86.79,27.24,18.09,11.12,19.13,61.42,43.56,19.51,27.37
86.80,27.20,18.12,11.12,19.13,61.42,43.56,19.51,27.41
86.81,27.20,18.09,11.12,19.13,61.42,43.56,19.51,27.37
86.82,27.15,18.09,11.12,19.13,61.42,43.56,19.51,27.37
86.83,27.15,18.09,11.10,19.13,61.26,43.56,19.48,27.37
86.84,27.20,18.09,11.12,19.13,61.42,43.56,19.48,27.37
86.85,27.15,18.09,11.12,19.13,61.42,43.56,19.51,27.37
86.86,27.20,18.09,11.12,19.13,61.42,43.47,19.51,27.37
86.87,27.20,18.09,11.12,19.13,61.42,43.66,19.48,27.37
86.88,27.15,18.09,11.10,19.13,61.26,43.66,19.48,27.37
86.89,27.15,18.09,11.12,19.13,61.42,43.56,19.51,27.32
86.90,27.15,18.09,11.12,19.13,61.42,43.66,19.51,27.32
86.91,27.20,18.09,11.12,19.13,61.42,43.56,19.51,27.37
86.92,27.15,18.09,11.12,19.13,61.42,43.56,19.48,27.37
86.93,27.20,18.09,11.10,19.13,61.26,43.66,19.51,27.37
86.94,27.20,18.09,11.10,19.13,61.42,43.56,19.51,27.37
86.95,27.20,18.09,11.12,19.13,61.42,43.47,19.51,27.37
86.96,27.20,18.09,11.10,19.13,61.42,43.56,19.51,27.32
86.97,27.20,18.09,11.10,19.13,61.42,43.56,19.48,27.32
86.98,27.15,18.09,11.10,19.13,61.42,43.56,19.51,27.32
86.99,27.15,18.09,11.10,19.13,61.42,43.56,19.48,27.37
87.00,27.20,18.09,11.12,19.13,61.42,43.56,19.51,27.37
87.01,27.15,18.09,11.10,19.13,61.42,43.56,19.48,27.32
87.02,27.11,18.09,11.12,19.13,61.26,43.56,19.48,27.32
87.03,27.15,18.09,11.12,19.13,61.42,43.56,19.51,27.32
87.04,27.15,18.09,11.12,19.13,61.42,43.56,19.51,27.32
87.05,27.15,18.09,11.12,19.13,61.42,43.56,19.48,27.32
87.06,27.20,18.09,11.12,19.10,61.42,43.66,19.48,27.32
87.07,27.20,18.09,11.10,19.13,61.42,43.56,19.48,27.32
87.08,27.15,18.09,11.10,19.13,61.26,43.56,19.48,27.32
87.09,27.15,18.09,11.10,19.13,61.26,43.56,19.48,27.32
87.10,27.20,18.09,11.10,19.13,61.26,43.66,19.51,27.32
87.11,27.20,18.12,11.10,19.13,61.42,43.66,19.51,27.32
87.12,27.15,18.07,11.10,19.10,61.42,43.56,19.48,27.32
87.13,27.15,18.09,11.10,19.13,61.42,43.56,19.48,27.32
87.14,27.15,18.07,11.12,19.10,61.42,43.56,19.48,27.32
87.15,27.20,18.09,11.10,19.10,61.42,43.56,19.48,27.32
87.16,27.20,18.09,11.10,19.13,61.42,43.56,19.48,27.32
87.17,27.15,18.09,11.10,19.10,61.26,43.56,19.48,27.32
87.18,27.15,18.07,11.10,19.13,61.42,43.56,19.48,27.32
87.19,27.11,18.07,11.10,19.13,61.42,43.47,19.48,27.32
87.20,27.20,18.09,11.10,19.10,61.42,43.56,19.48,27.32
87.21,27.20,18.09,11.10,19.10,61.42,43.66,19.48,27.28
87.22,27.11,18.07,11.10,19.10,61.42,43.47,19.48,27.28
87.23,27.11,18.09,11.10,19.10,61.26,43.66,19.48,27.32
87.24,27.15,18.07,11.10,19.10,61.42,43.47,19.48,27.28
87.25,27.15,18.09,11.10,19.10,61.26,43.66,19.48,27.32
87.26,27.20,18.09,11.10,19.10,61.26,43.56,19.48,27.32
87.27,27.15,18.07,11.10,19.10,61.26,43.56,19.48,27.28
87.28,27.11,18.07,11.09,19.10,61.26,43.56,19.48,27.28
87.29,27.15,18.07,11.09,19.10,61.42,43.47,19.48,27.28
87.30,27.15,18.09,11.10,19.10,61.26,43.56,19.48,27.28
87.31,27.20,18.09,11.10,19.10,61.26,43.56,19.48,27.28
87.32,27.15,18.07,11.10,19.10,61.42,43.56,19.48,27.28
87.33,27.11,18.07,11.10,19.10,61.26,43.56,19.45,27.28
87.34,27.15,18.09,11.09,19.10,61.26,43.56,19.48,27.23
87.35,27.15,18.09,11.10,19.10,61.26,43.56,19.48,27.28
87.36,27.20,18.07,11.10,19.10,61.26,43.56,19.48,27.23
87.37,27.11,18.07,11.10,19.10,61.42,43.47,19.48,27.28
87.38,27.11,18.07,11.10,19.10,61.26,43.56,19.45,27.28
87.39,27.15,18.07,11.09,19.10,61.26,43.56,19.48,27.23
87.40,27.15,18.09,11.10,19.10,61.26,43.56,19.48,27.28
87.41,27.15,18.07,11.10,19.10,61.26,43.56,19.48,27.28
87.42,27.11,18.07,11.10,19.10,61.26,43.56,19.48,27.23
87.43,27.11,18.07,11.09,19.10,61.26,43.56,19.45,27.23
87.44,27.11,18.07,11.09,19.10,61.26,43.56,19.48,27.28
87.45,27.15,18.09,11.10,19.10,61.42,43.56,19.48,27.23
87.46,27.15,18.07,11.10,19.07,61.26,43.56,19.48,27.28
87.47,27.11,18.07,11.10,19.07,61.42,43.56,19.48,27.23
87.48,27.15,18.07,11.10,19.10,61.42,43.56,19.48,27.23
87.49,27.11,18.07,11.10,19.10,61.10,43.47,19.45,27.23
87.50,27.20,18.09,11.10,19.10,61.42,43.56,19.51,27.23
87.51,27.15,18.09,11.10,19.10,61.26,43.56,19.45,27.23
87.52,27.15,18.07,11.10,19.10,61.26,43.47,19.48,27.23
87.53,27.11,18.07,11.10,19.10,61.26,43.56,19.48,27.23
87.54,27.11,18.07,11.10,19.10,61.26,43.56,19.48,27.23
87.55,27.15,18.09,11.10,19.07,61.42,43.56,19.48,27.23
87.56,27.11,18.09,11.10,19.10,61.26,43.47,19.48,27.23
87.57,27.15,18.09,11.09,19.10,61.42,43.56,19.48,27.23
87.58,27.11,18.07,11.09,19.10,61.26,43.56,19.45,27.23
87.59,27.15,18.07,11.09,19.07,61.26,43.47,19.45,27.23
87.60,27.20,18.07,11.10,19.10,61.26,43.56,19.48,27.23
87.61,27.15,18.07,11.09,19.07,61.26,43.56,19.45,27.19
87.62,27.11,18.07,11.09,19.10,61.26,43.56,19.45,27.23
87.63,27.11,18.07,11.09,19.07,61.26,43.56,19.48,27.19
87.64,27.11,18.07,11.09,19.10,61.26,43.56,19.45,27.23
87.65,27.15,18.07,11.10,19.10,61.42,43.47,19.48,27.23
87.66,27.15,18.09,11.10,19.10,61.42,43.56,19.48,27.23
87.67,27.15,18.07,11.10,19.07,61.26,43.47,19.48,27.23
87.68,27.15,18.07,11.09,19.07,61.26,43.47,19.45,27.23
87.69,27.15,18.07,11.10,19.10,61.42,43.56,19.48,27.19
87.70,27.20,18.09,11.10,19.07,61.26,43.56,19.45,27.23
87.71,27.11,18.07,11.10,19.10,61.26,43.56,19.48,27.23
87.72,27.15,18.07,11.10,19.07,61.26,43.47,19.45,27.23
87.73,27.11,18.07,11.09,19.07,61.26,43.47,19.45,27.19
87.74,27.11,18.07,11.10,19.07,61.26,43.56,19.45,27.19
87.75,27.20,18.09,11.10,19.07,61.26,43.56,19.48,27.23
87.76,27.20,18.07,11.10,19.10,61.26,43.56,19.48,27.19
87.77,27.11,18.07,11.09,19.07,61.26,43.47,19.45,27.19
87.78,27.11,18.07,11.09,19.07,61.26,43.56,19.45,27.19
87.79,27.11,18.07,11.09,19.07,61.26,43.56,19.48,27.19
87.80,27.11,18.07,11.10,19.07,61.26,43.56,19.48,27.19
87.81,27.20,18.07,11.10,19.07,61.42,43.56,19.48,27.19
87.82,27.15,18.07,11.10,19.07,61.26,43.56,19.45,27.19
87.83,27.11,18.07,11.10,19.07,61.26,43.47,19.45,27.19
87.84,27.15,18.07,11.10,19.07,61.26,43.47,19.48,27.19
87.85,27.11,18.09,11.10,19.07,61.26,43.56,19.48,27.19
87.86,27.15,18.09,11.10,19.07,61.26,43.56,19.48,27.19
87.87,27.11,18.07,11.10,19.07,61.26,43.47,19.45,27.19
87.88,27.11,18.07,11.09,19.07,61.26,43.47,19.45,27.15
87.89,27.11,18.07,11.10,19.07,61.26,43.47,19.48,27.19
87.90,27.15,18.09,11.10,19.07,61.26,43.56,19.45,27.19
87.91,27.11,18.09,11.09,19.07,61.42,43.56,19.45,27.19
87.92,27.11,18.07,11.09,19.07,61.26,43.47,19.45,27.15
87.93,27.11,18.07,11.10,19.07,61.26,43.56,19.45,27.19
87.94,27.11,18.09,11.09,19.07,61.26,43.47,19.45,27.19
87.95,27.20,18.07,11.10,19.07,61.26,43.47,19.48,27.15
87.96,27.15,18.09,11.10,19.07,61.26,43.47,19.48,27.15
87.97,27.15,18.07,11.09,19.07,61.26,43.56,19.45,27.15
87.98,27.11,18.07,11.09,19.07,61.26,43.56,19.45,27.15
87.99,27.15,18.07,11.09,19.07,61.26,43.47,19.45,27.15
88.00,27.15,18.09,11.10,19.07,61.26,43.56,19.45,27.15
88.01,27.20,18.07,11.10,19.07,61.26,43.56,19.45,27.15
88.02,27.11,18.07,11.10,19.07,61.42,43.56,19.45,27.15
88.03,27.15,18.07,11.09,19.07,61.26,43.47,19.45,27.15
88.04,27.15,18.07,11.09,19.07,61.26,43.56,19.45,27.15
88.05,27.11,18.09,11.09,19.07,61.26,43.56,19.45,27.15
88.06,27.20,18.09,11.10,19.07,61.26,43.56,19.45,27.15
88.07,27.11,18.07,11.09,19.07,61.26,43.47,19.45,27.15
88.08,27.11,18.07,11.09,19.07,61.26,43.56,19.45,27.15
88.09,27.11,18.07,11.09,19.07,61.26,43.47,19.45,27.10
88.10,27.15,18.09,11.10,19.07,61.26,43.56,19.48,27.15
88.11,27.15,18.09,11.10,19.07,61.26,43.56,19.48,27.10
88.12,27.11,18.07,11.09,19.07,61.26,43.47,19.45,27.15
88.13,27.11,18.07,11.09,19.05,61.26,43.56,19.45,27.15
88.14,27.20,18.07,11.09,19.07,61.26,43.47,19.45,27.15
88.15,27.11,18.07,11.10,19.07,61.42,43.56,19.45,27.10
88.16,27.11,18.07,11.09,19.07,61.26,43.47,19.45,27.15
88.17,27.15,18.07,11.09,19.07,61.26,43.56,19.45,27.15
88.18,27.15,18.07,11.09,19.07,61.26,43.47,19.45,27.10
88.19,27.15,18.09,11.09,19.07,61.26,43.47,19.45,27.15
88.20,27.15,18.09,11.10,19.07,61.26,43.47,19.45,27.15
88.21,27.20,18.09,11.09,19.05,61.26,43.56,19.48,27.15
88.22,27.11,18.07,11.09,19.05,61.26,43.47,19.48,27.10
88.23,27.15,18.07,11.09,19.07,61.26,43.47,19.45,27.10
88.24,27.15,18.09,11.09,19.05,61.26,43.56,19.45,27.10
88.25,27.20,18.09,11.09,19.07,61.26,43.56,19.45,27.10
88.26,27.15,18.09,11.10,19.05,61.26,43.56,19.45,27.10
88.27,27.11,18.07,11.09,19.05,61.26,43.56,19.45,27.10
88.28,27.11,18.07,11.09,19.05,61.26,43.56,19.45,27.10
88.29,27.11,18.07,11.09,19.05,61.42,43.56,19.48,27.10
88.30,27.15,18.09,11.10,19.05,61.26,43.56,19.45,27.10
88.31,27.15,18.07,11.10,19.05,61.26,43.56,19.48,27.10
88.32,27.15,18.07,11.09,19.05,61.26,43.56,19.45,27.10
88.33,27.15,18.07,11.09,19.05,61.26,43.47,19.45,27.10
88.34,27.11,18.07,11.09,19.05,61.26,43.56,19.45,27.06
88.35,27.15,18.07,11.10,19.05,61.26,43.56,19.45,27.06
88.36,27.15,18.07,11.09,19.05,61.26,43.47,19.45,27.06
88.37,27.11,18.09,11.09,19.07,61.26,43.56,19.45,27.10
88.38,27.11,18.07,11.09,19.05,61.26,43.56,19.45,27.10
88.39,27.11,18.09,11.10,19.07,61.26,43.47,19.45,27.10
88.40,27.15,18.07,11.10,19.05,61.26,43.56,19.45,27.10
88.41,27.15,18.09,11.10,19.05,61.26,43.56,19.45,27.06
88.42,27.15,18.07,11.09,19.05,61.26,43.47,19.45,27.10
88.43,27.11,18.07,11.09,19.07,61.26,43.56,19.45,27.10
88.44,27.15,18.09,11.09,19.05,61.26,43.56,19.45,27.06
88.45,27.15,18.09,11.10,19.05,61.26,43.56,19.45,27.10
88.46,27.11,18.09,11.09,19.05,61.26,43.47,19.48,27.06
88.47,27.15,18.07,11.09,19.05,61.26,43.47,19.45,27.06
88.48,27.11,18.07,11.09,19.05,61.26,43.38,19.45,27.06
88.49,27.11,18.07,11.09,19.05,61.26,43.56,19.45,27.06
88.50,27.15,18.09,11.09,19.05,61.26,43.56,19.45,27.10
88.51,27.15,18.09,11.09,19.05,61.26,43.56,19.45,27.01
88.52,27.11,18.07,11.09,19.05,61.26,43.47,19.45,27.10
88.53,27.15,18.07,11.09,19.05,61.26,43.47,19.45,27.06
88.54,27.15,18.07,11.09,19.05,61.26,43.56,19.45,27.06
88.55,27.15,18.09,11.09,19.05,61.26,43.56,19.45,27.06
88.56,27.15,18.09,11.09,19.05,61.26,43.56,19.45,27.06
88.57,27.15,18.07,11.09,19.05,61.26,43.56,19.45,27.06
88.58,27.11,18.07,11.09,19.05,61.26,43.47,19.45,27.06
88.59,27.15,18.09,11.09,19.05,61.26,43.56,19.45,27.06
88.60,27.15,18.09,11.09,19.05,61.26,43.47,19.45,27.01
88.61,27.15,18.09,11.09,19.05,61.26,43.47,19.45,27.01
88.62,27.15,18.07,11.09,19.05,61.10,43.56,19.45,27.06
88.63,27.11,18.07,11.09,19.05,61.26,43.56,19.45,27.01
88.64,27.11,18.07,11.09,19.05,61.26,43.56,19.45,27.06
88.65,27.15,18.07,11.09,19.05,61.26,43.56,19.45,27.06
88.66,27.15,18.09,11.09,19.05,61.26,43.56,19.45,27.01
88.67,27.11,18.07,11.09,19.05,61.26,43.47,19.45,27.01
88.68,27.11,18.07,11.09,19.05,61.10,43.56,19.45,27.01
88.69,27.20,18.09,11.09,19.05,61.26,43.56,19.45,27.01
88.70,27.15,18.09,11.09,19.05,61.26,43.56,19.45,27.01
88.71,27.11,18.09,11.09,19.05,61.26,43.56,19.45,27.01
88.72,27.11,18.07,11.09,19.05,61.26,43.47,19.45,27.01
88.73,27.11,18.07,11.09,19.05,61.10,43.47,19.42,27.01
88.74,27.15,18.07,11.09,19.05,61.42,43.47,19.45,27.01
88.75,27.20,18.09,11.09,19.05,61.26,43.47,19.42,27.01
88.76,27.15,18.07,11.09,19.05,61.26,43.47,19.48,27.01
88.77,27.11,18.07,11.07,19.05,61.26,43.47,19.42,27.01
88.78,27.11,18.07,11.07,19.05,61.26,43.47,19.45,27.01
88.79,27.15,18.09,11.09,19.05,61.26,43.56,19.45,27.01
88.80,27.20,18.09,11.09,19.05,61.26,43.56,19.45,27.01
88.81,27.15,18.07,11.09,19.02,61.26,43.47,19.45,27.01
88.82,27.15,18.07,11.09,19.05,61.26,43.47,19.42,27.01
88.83,27.15,18.07,11.09,19.05,61.26,43.56,19.42,27.01
88.84,27.11,18.07,11.09,19.05,61.26,43.56,19.45,27.01
88.85,27.11,18.09,11.09,19.02,61.26,43.47,19.42,27.01
88.86,27.11,18.07,11.09,19.05,61.26,43.47,19.45,26.97
88.87,27.11,18.09,11.09,19.05,61.26,43.56,19.42,27.01
88.88,27.15,18.07,11.09,19.05,61.26,43.47,19.42,27.01
88.89,27.11,18.07,11.09,19.05,61.26,43.56,19.45,27.01
88.90,27.11,18.09,11.09,19.05,61.26,43.56,19.45,26.97
88.91,27.20,18.09,11.09,19.02,61.26,43.47,19.45,27.01
88.92,27.11,18.07,11.09,19.05,61.26,43.47,19.42,26.97
88.93,27.15,18.07,11.09,19.02,61.26,43.56,19.45,26.97
88.94,27.11,18.09,11.09,19.02,61.26,43.56,19.45,27.01
88.95,27.11,18.09,11.09,19.05,61.26,43.56,19.45,26.97
88.96,27.11,18.07,11.09,19.02,61.26,43.47,19.42,26.97
88.97,27.15,18.07,11.09,19.02,61.26,43.47,19.42,26.97
88.98,27.15,18.07,11.09,19.02,61.26,43.47,19.42,26.97
88.99,27.15,18.07,11.09,19.05,61.26,43.56,19.45,26.97
89.00,27.20,18.09,11.09,19.02,61.26,43.47,19.45,26.97
89.01,27.11,18.09,11.09,19.05,61.26,43.47,19.45,26.97
89.02,27.11,18.07,11.09,19.02,61.26,43.47,19.45,26.97
89.03,27.11,18.07,11.09,19.02,61.26,43.47,19.42,26.97
89.04,27.11,18.07,11.09,19.02,61.26,43.47,19.42,26.97
89.05,27.11,18.07,11.09,19.02,61.26,43.56,19.45,26.97
89.06,27.11,18.07,11.09,19.02,61.26,43.47,19.42,26.97
89.07,27.11,18.07,11.09,19.02,61.26,43.47,19.45,26.97
89.08,27.15,18.07,11.09,19.02,61.26,43.56,19.42,26.97
89.09,27.20,18.07,11.09,19.02,61.26,43.47,19.45,26.97
89.10,27.15,18.09,11.09,19.02,61.26,43.56,19.45,26.97
89.11,27.15,18.07,11.09,19.02,61.26,43.47,19.42,26.97
89.12,27.11,18.07,11.09,19.02,61.26,43.47,19.42,26.97
89.13,27.11,18.07,11.07,19.02,61.26,43.47,19.45,26.97
89.14,27.11,18.09,11.09,19.02,61.26,43.47,19.42,26.93
89.15,27.15,18.07,11.09,19.02,61.26,43.47,19.45,26.93
89.16,27.15,18.09,11.09,19.02,61.26,43.47,19.45,26.93
89.17,27.11,18.07,11.07,19.02,61.26,43.47,19.45,26.97
89.18,27.11,18.04,11.07,19.02,61.26,43.47,19.42,26.93
89.19,27.11,18.09,11.09,19.02,61.26,43.47,19.42,26.93
89.20,27.11,18.09,11.09,19.02,61.26,43.56,19.45,26.97
89.21,27.11,18.07,11.09,19.02,61.26,43.47,19.42,26.93
89.22,27.11,18.07,11.07,19.02,61.26,43.47,19.42,26.93
89.23,27.11,18.07,11.09,19.02,61.10,43.47,19.42,26.97
89.24,27.11,18.07,11.09,19.02,61.26,43.47,19.42,26.93
89.25,27.20,18.09,11.09,19.02,61.26,43.56,19.42,26.93
89.26,27.20,18.07,11.09,19.02,61.26,43.56,19.45,26.93
89.27,27.11,18.07,11.09,19.02,61.26,43.47,19.42,26.93
89.28,27.11,18.07,11.09,19.02,61.10,43.47,19.42,26.93
89.29,27.11,18.07,11.07,19.02,61.10,43.47,19.42,26.93
89.30,27.11,18.09,11.09,19.02,61.26,43.47,19.42,26.97
89.31,27.11,18.07,11.09,19.05,61.26,43.47,19.45,26.93
89.32,27.15,18.07,11.09,19.02,61.26,43.47,19.42,26.93
89.33,27.15,18.07,11.07,19.02,61.10,43.47,19.42,26.93
89.34,27.11,18.07,11.09,19.02,61.26,43.47,19.42,26.93
89.35,27.11,18.07,11.09,18.99,61.26,43.47,19.42,26.93
89.36,27.15,18.07,11.09,19.02,61.26,43.47,19.42,26.93
89.37,27.11,18.07,11.09,19.02,61.26,43.47,19.42,26.93
89.38,27.15,18.07,11.07,19.02,61.26,43.47,19.42,26.88
89.39,27.15,18.07,11.09,19.02,61.26,43.47,19.42,26.88
89.40,27.11,18.09,11.09,19.02,61.26,43.47,19.42,26.93
89.41,27.15,18.07,11.09,18.99,61.26,43.47,19.42,26.88
89.42,27.11,18.07,11.07,19.02,61.26,43.47,19.42,26.88
89.43,27.15,18.07,11.09,19.02,61.10,43.38,19.42,26.88
89.44,27.15,18.07,11.09,19.02,61.26,43.47,19.42,26.88
89.45,27.15,18.09,11.09,19.02,61.26,43.47,19.42,26.88
89.46,27.15,18.07,11.09,19.02,61.10,43.47,19.42,26.88
89.47,27.15,18.07,11.09,19.02,61.26,43.47,19.42,26.88
89.48,27.11,18.07,11.09,19.02,61.26,43.47,19.42,26.88
89.49,27.11,18.07,11.09,18.99,61.26,43.47,19.42,26.88
89.50,27.11,18.09,11.09,19.02,61.26,43.47,19.42,26.93
89.51,27.11,18.07,11.09,19.02,61.26,43.47,19.42,26.88
89.52,27.15,18.07,11.07,18.99,61.26,43.47,19.42,26.88
89.53,27.11,18.07,11.07,18.99,61.10,43.47,19.42,26.88
89.54,27.15,18.07,11.09,19.02,61.26,43.47,19.42,26.88
89.55,27.15,18.09,11.09,19.02,61.26,43.47,19.42,26.88
89.56,27.15,18.09,11.07,19.02,61.26,43.47,19.42,26.88
89.57,27.11,18.07,11.07,19.02,61.10,43.47,19.42,26.88
89.58,27.15,18.07,11.07,19.02,61.26,43.47,19.42,26.93
89.59,27.11,18.07,11.09,18.99,61.26,43.56,19.42,26.88
89.60,27.15,18.07,11.09,18.99,61.26,43.56,19.42,26.88
89.61,27.15,18.09,11.07,18.99,61.26,43.47,19.42,26.88
89.62,27.11,18.07,11.07,18.99,61.10,43.47,19.42,26.88
89.63,27.15,18.09,11.07,19.02,61.10,43.47,19.42,26.84
89.64,27.15,18.04,11.09,18.99,61.10,43.47,19.42,26.88
89.65,27.11,18.09,11.07,19.02,61.42,43.47,19.42,26.88
89.66,27.15,18.07,11.09,19.02,61.26,43.47,19.42,26.88
89.67,27.11,18.07,11.07,19.02,61.10,43.47,19.42,26.88
89.68,27.11,18.07,11.07,18.99,61.10,43.47,19.45,26.88
89.69,27.15,18.07,11.07,19.02,61.26,43.47,19.42,26.88
89.70,27.15,18.09,11.09,18.99,61.26,43.29,19.42,26.84
89.71,27.11,18.07,11.09,18.99,61.26,43.47,19.42,26.84
89.72,27.15,18.07,11.09,18.99,61.10,43.47,19.45,26.84
89.73,27.11,18.07,11.07,18.99,61.26,43.56,19.42,26.88
89.74,27.15,18.07,11.09,18.99,61.26,43.38,19.42,26.84
89.75,27.11,18.07,11.09,18.99,61.26,43.47,19.42,26.88
89.76,27.15,18.07,11.09,18.99,61.26,43.47,19.42,26.88
89.77,27.15,18.07,11.09,18.99,61.10,43.47,19.42,26.84
89.78,27.15,18.07,11.07,18.99,61.10,43.47,19.42,26.84
89.79,27.11,18.07,11.09,18.99,61.10,43.47,19.42,26.84
89.80,27.11,18.09,11.09,18.99,61.10,43.47,19.42,26.84
89.81,27.15,18.09,11.09,18.99,61.26,43.56,19.42,26.84
89.82,27.11,18.07,11.07,18.99,61.10,43.47,19.42,26.84
89.83,27.15,18.07,11.07,18.99,61.10,43.47,19.42,26.84
89.84,27.15,18.09,11.09,18.99,61.26,43.56,19.42,26.84
89.85,27.20,18.09,11.09,18.99,61.10,43.47,19.42,26.84
89.86,27.11,18.07,11.09,18.99,61.26,43.47,19.42,26.84
89.87,27.15,18.09,11.07,18.99,61.10,43.47,19.42,26.80
89.88,27.20,18.07,11.09,18.99,61.26,43.47,19.42,26.84
89.89,27.15,18.07,11.07,18.99,61.26,43.47,19.42,26.80
89.90,27.15,18.09,11.09,18.99,61.26,43.56,19.42,26.84
89.91,27.15,18.09,11.07,18.99,61.26,43.47,19.42,26.84
89.92,27.15,18.07,11.09,18.99,61.26,43.47,19.42,26.84
89.93,27.11,18.07,11.07,18.99,61.26,43.47,19.42,26.80
89.94,27.11,18.07,11.09,18.99,61.26,43.47,19.42,26.80
89.95,27.11,18.07,11.10,18.99,61.26,43.47,19.45,26.84
89.96,27.11,18.09,11.09,18.99,61.26,43.47,19.42,26.80
89.97,27.11,18.07,11.09,18.99,61.26,43.47,19.42,26.80
89.98,27.11,18.07,11.09,18.99,61.10,43.47,19.45,26.80
89.99,27.15,18.07,11.09,18.99,61.26,43.56,19.42,26.84
90.00,27.15,18.09,11.09,18.99,61.26,43.47,19.45,26.80
90.01,27.11,18.07,11.09,18.99,61.26,43.47,19.40,26.80
90.02,27.11,18.07,11.07,18.99,61.26,43.47,19.42,26.80
90.03,27.11,18.07,11.09,18.97,61.26,43.47,19.42,26.80
90.04,27.15,18.09,11.09,18.99,61.10,43.47,19.42,26.80
90.05,27.11,18.09,11.09,18.99,61.26,43.47,19.42,26.80
90.06,27.15,18.07,11.09,18.99,61.26,43.47,19.42,26.80
90.07,27.11,18.07,11.09,18.99,61.10,43.47,19.42,26.80
90.08,27.15,18.07,11.09,18.99,61.10,43.47,19.42,26.80
90.09,27.15,18.09,11.09,18.97,61.26,43.47,19.42,26.80
90.10,27.15,18.09,11.09,18.99,61.26,43.47,19.45,26.80
90.11,27.11,18.09,11.09,18.99,61.26,43.47,19.42,26.80
90.12,27.15,18.07,11.07,18.97,61.26,43.47,19.42,26.80
90.13,27.11,18.07,11.09,18.99,61.26,43.47,19.42,26.80
90.14,27.11,18.09,11.10,18.99,61.10,43.47,19.42,26.80
90.15,27.15,18.09,11.09,18.99,61.26,43.47,19.42,26.80
90.16,27.11,18.09,11.09,18.99,61.26,43.47,19.42,26.80
90.17,27.11,18.07,11.09,18.97,61.26,43.47,19.42,26.80
90.18,27.11,18.07,11.07,18.97,61.26,43.47,19.42,26.80
90.19,27.15,18.09,11.09,18.99,61.26,43.47,19.42,26.80
90.20,27.20,18.09,11.09,18.99,61.10,43.56,19.42,26.80
90.21,27.11,18.09,11.09,18.97,61.26,43.47,19.42,26.80
90.22,27.15,18.07,11.09,18.97,61.10,43.47,19.42,26.80
90.23,27.11,18.07,11.07,18.99,61.26,43.47,19.42,26.80
90.24,27.15,18.09,11.09,18.99,61.26,43.47,19.42,26.75
90.25,27.15,18.09,11.09,18.97,61.10,43.56,19.42,26.80
90.26,27.15,18.07,11.09,18.99,61.26,43.47,19.42,26.75
90.27,27.11,18.07,11.09,18.99,61.10,43.56,19.42,26.80
90.28,27.11,18.07,11.07,18.99,61.26,43.47,19.42,26.75
90.29,27.15,18.09,11.09,18.97,61.26,43.56,19.42,26.80
90.30,27.15,18.09,11.09,18.99,61.26,43.56,19.42,26.75
90.31,27.15,18.09,11.07,18.97,61.26,43.56,19.42,26.75
90.32,27.11,18.07,11.09,18.99,61.10,43.47,19.42,26.75
90.33,27.15,18.07,11.07,18.97,61.26,43.47,19.42,26.75
90.34,27.15,18.09,11.07,18.97,61.26,43.47,19.42,26.75
90.35,27.20,18.09,11.09,18.97,61.26,43.47,19.42,26.75
90.36,27.15,18.09,11.09,18.99,61.26,43.47,19.42,26.75
90.37,27.11,18.07,11.09,18.97,61.26,43.47,19.42,26.75
90.38,27.15,18.07,11.09,18.99,61.10,43.47,19.42,26.75
90.39,27.11,18.09,11.09,18.97,61.26,43.47,19.42,26.75
90.40,27.15,18.09,11.09,18.97,61.26,43.47,19.42,26.75
90.41,27.15,18.09,11.09,18.97,61.26,43.47,19.42,26.75
90.42,27.11,18.09,11.09,18.99,61.26,43.56,19.42,26.75
90.43,27.15,18.07,11.09,18.99,61.26,43.47,19.42,26.75
90.44,27.11,18.09,11.09,18.97,61.26,43.56,19.42,26.71
90.45,27.15,18.07,11.09,18.97,61.26,43.47,19.42,26.75
90.46,27.15,18.09,11.09,18.97,61.26,43.47,19.42,26.75
90.47,27.11,18.07,11.09,18.97,61.10,43.56,19.42,26.75
90.48,27.15,18.09,11.09,18.97,61.26,43.56,19.42,26.71
90.49,27.15,18.09,11.09,18.97,61.26,43.56,19.42,26.75
90.50,27.15,18.07,11.09,18.97,61.10,43.47,19.42,26.75
90.51,27.15,18.09,11.09,18.97,61.26,43.47,19.42,26.71
90.52,27.11,18.09,11.09,18.97,61.26,43.47,19.42,26.75
90.53,27.15,18.07,11.07,18.97,61.10,43.47,19.42,26.71
90.54,27.15,18.09,11.09,18.97,61.26,43.47,19.42,26.71
90.55,27.15,18.09,11.09,18.97,61.26,43.56,19.42,26.71
90.56,27.15,18.09,11.09,18.97,61.26,43.47,19.42,26.71
90.57,27.11,18.09,11.09,18.97,61.26,43.47,19.40,26.71
90.58,27.11,18.09,11.07,18.97,61.26,43.56,19.42,26.75
90.59,27.15,18.09,11.09,18.97,61.26,43.47,19.42,26.71
90.60,27.20,18.09,11.09,18.97,61.26,43.47,19.42,26.71
90.61,27.15,18.09,11.09,18.97,61.10,43.47,19.42,26.71
90.62,27.15,18.09,11.07,18.97,61.26,43.47,19.42,26.71
90.63,27.20,18.07,11.09,18.97,61.26,43.47,19.42,26.71
90.64,27.11,18.09,11.09,18.97,61.26,43.56,19.42,26.71
90.65,27.15,18.09,11.09,18.97,61.26,43.47,19.42,26.71
90.66,27.15,18.09,11.09,18.97,61.26,43.56,19.42,26.71
90.67,27.11,18.07,11.09,18.97,61.10,43.47,19.42,26.71
90.68,27.15,18.09,11.09,18.97,61.10,43.47,19.42,26.71
90.69,27.15,18.09,11.09,18.97,61.26,43.56,19.42,26.71
90.70,27.15,18.09,11.09,18.97,61.26,43.56,19.42,26.71
90.71,27.15,18.09,11.09,18.97,61.26,43.47,19.42,26.71
90.72,27.11,18.09,11.09,18.97,61.26,43.47,19.42,26.71
90.73,27.11,18.09,11.09,18.97,61.10,43.47,19.42,26.67
90.74,27.15,18.09,11.09,18.97,61.26,43.56,19.42,26.71
90.75,27.15,18.09,11.09,18.97,61.26,43.56,19.42,26.67
90.76,27.11,18.09,11.09,18.94,61.26,43.56,19.42,26.71
90.77,27.15,18.07,11.09,18.97,61.10,43.47,19.42,26.67
90.78,27.15,18.07,11.09,18.97,61.26,43.47,19.42,26.71
90.79,27.20,18.09,11.09,18.97,61.26,43.47,19.42,26.67
90.80,27.11,18.09,11.09,18.97,61.26,43.47,19.42,26.71
90.81,27.15,18.09,11.09,18.97,61.26,43.47,19.42,26.67
90.82,27.20,18.09,11.09,18.94,61.26,43.47,19.42,26.71
90.83,27.15,18.09,11.09,18.94,61.26,43.47,19.42,26.67
90.84,27.15,18.09,11.09,18.97,61.26,43.56,19.42,26.67
90.85,27.20,18.09,11.09,18.97,61.26,43.56,19.42,26.67
90.86,27.15,18.09,11.09,18.97,61.10,43.47,19.42,26.67
90.87,27.15,18.09,11.07,18.97,61.26,43.47,19.42,26.67
90.88,27.11,18.07,11.09,18.94,61.26,43.47,19.42,26.67
90.89,27.15,18.09,11.09,18.97,61.26,43.47,19.42,26.67
90.90,27.15,18.07,11.09,18.97,61.26,43.56,19.42,26.71
90.91,27.20,18.09,11.09,18.97,61.26,43.56,19.42,26.67
90.92,27.20,18.07,11.07,18.94,61.10,43.47,19.42,26.67
90.93,27.15,18.09,11.09,18.97,61.26,43.47,19.42,26.67
90.94,27.15,18.09,11.09,18.94,61.26,43.47,19.42,26.67
90.95,27.15,18.09,11.09,18.97,61.26,43.47,19.42,26.67
90.96,27.15,18.09,11.09,18.97,61.26,43.56,19.42,26.67
90.97,27.15,18.09,11.09,18.94,61.26,43.47,19.42,26.67
90.98,27.11,18.09,11.09,18.97,61.26,43.56,19.42,26.67
90.99,27.15,18.09,11.09,18.94,61.26,43.56,19.42,26.67
91.00,27.15,18.09,11.10,18.97,61.26,43.47,19.42,26.62
91.01,27.15,18.09,11.09,18.97,61.26,43.47,19.42,26.67
91.02,27.11,18.07,11.09,18.97,61.26,43.47,19.42,26.62
91.03,27.15,18.07,11.09,18.97,61.26,43.47,19.42,26.62
91.04,27.15,18.09,11.09,18.97,61.26,43.56,19.42,26.67
91.05,27.15,18.09,11.09,18.97,61.26,43.47,19.42,26.62
91.06,27.15,18.09,11.09,18.94,61.26,43.47,19.40,26.62
91.07,27.15,18.09,11.09,18.94,61.10,43.47,19.40,26.67
91.08,27.15,18.07,11.09,18.94,61.10,43.56,19.42,26.62
91.09,27.11,18.09,11.09,18.94,61.26,43.56,19.42,26.62
91.10,27.20,18.09,11.09,18.94,61.26,43.47,19.42,26.62
91.11,27.15,18.09,11.09,18.94,61.26,43.47,19.42,26.62
91.12,27.20,18.09,11.09,18.97,61.26,43.47,19.42,26.62
91.13,27.11,18.07,11.09,18.94,61.10,43.47,19.42,26.62
91.14,27.20,18.09,11.09,18.97,61.26,43.56,19.40,26.62
91.15,27.11,18.09,11.09,18.94,61.26,43.47,19.42,26.62
91.16,27.15,18.09,11.09,18.94,61.26,43.47,19.42,26.62
91.17,27.11,18.09,11.07,18.94,61.26,43.47,19.42,26.62
91.18,27.15,18.09,11.07,18.94,61.10,43.47,19.42,26.62
91.19,27.15,18.09,11.09,18.94,61.26,43.47,19.42,26.62
91.20,27.15,18.09,11.09,18.94,61.26,43.56,19.42,26.62
91.21,27.20,18.09,11.09,18.94,61.26,43.47,19.40,26.62
91.22,27.11,18.09,11.09,18.94,61.10,43.47,19.40,26.62
91.23,27.11,18.07,11.09,18.94,61.26,43.47,19.40,26.62
91.24,27.15,18.09,11.09,18.94,61.42,43.47,19.42,26.62
91.25,27.20,18.09,11.09,18.94,61.26,43.47,19.40,26.62
91.26,27.15,18.09,11.09,18.94,61.26,43.47,19.45,26.62
91.27,27.11,18.09,11.09,18.94,61.26,43.47,19.40,26.62
91.28,27.11,18.07,11.09,18.94,61.10,43.47,19.42,26.62
91.29,27.11,18.09,11.09,18.94,61.26,43.47,19.42,26.58
91.30,27.15,18.09,11.09,18.94,61.26,43.47,19.40,26.58
91.31,27.15,18.09,11.09,18.94,61.10,43.47,19.42,26.62
91.32,27.11,18.09,11.07,18.94,61.26,43.47,19.40,26.58
91.33,27.11,18.09,11.07,18.94,61.26,43.47,19.40,26.58
91.34,27.11,18.09,11.09,18.94,61.26,43.47,19.42,26.62
91.35,27.20,18.09,11.09,18.94,61.26,43.56,19.42,26.58
91.36,27.15,18.09,11.09,18.94,61.26,43.47,19.40,26.58
91.37,27.15,18.07,11.09,18.94,61.26,43.47,19.40,26.58
91.38,27.11,18.07,11.09,18.94,61.26,43.47,19.40,26.58
91.39,27.15,18.09,11.09,18.94,61.10,43.47,19.42,26.58
91.40,27.20,18.09,11.09,18.94,61.26,43.56,19.42,26.58
91.41,27.20,18.09,11.09,18.94,61.26,43.47,19.40,26.58
91.42,27.20,18.07,11.09,18.94,61.26,43.47,19.40,26.58
91.43,27.11,18.07,11.09,18.94,61.26,43.47,19.40,26.58
91.44,27.15,18.09,11.09,18.94,61.26,43.47,19.40,26.58
91.45,27.20,18.09,11.09,18.94,61.26,43.56,19.40,26.58
91.46,27.15,18.09,11.09,18.94,61.26,43.47,19.40,26.58
91.47,27.15,18.09,11.09,18.94,61.10,43.47,19.42,26.58
91.48,27.11,18.09,11.09,18.94,61.10,43.47,19.40,26.58
91.49,27.15,18.09,11.09,18.94,61.10,43.47,19.42,26.58
91.50,27.15,18.09,11.09,18.94,61.26,43.47,19.42,26.58
91.51,27.15,18.09,11.09,18.94,61.26,43.56,19.40,26.58
91.52,27.11,18.07,11.07,18.94,61.10,43.47,19.40,26.58
91.53,27.15,18.07,11.07,18.94,61.26,43.47,19.40,26.54
91.54,27.20,18.09,11.09,18.94,61.10,43.47,19.42,26.58
91.55,27.15,18.09,11.09,18.94,61.26,43.47,19.42,26.58
91.56,27.15,18.07,11.07,18.94,61.10,43.47,19.40,26.58
91.57,27.11,18.07,11.09,18.94,61.26,43.47,19.40,26.54
91.58,27.15,18.07,11.07,18.94,61.10,43.47,19.40,26.54
91.59,27.15,18.09,11.09,18.94,61.26,43.47,19.40,26.54
91.60,27.15,18.09,11.09,18.94,61.26,43.47,19.40,26.58
91.61,27.15,18.09,11.09,18.94,61.10,43.47,19.40,26.54
91.62,27.11,18.07,11.09,18.94,61.10,43.47,19.40,26.54
91.63,27.15,18.09,11.09,18.94,61.26,43.47,19.40,26.54
91.64,27.15,18.09,11.09,18.94,61.26,43.47,19.42,26.58
91.65,27.20,18.09,11.09,18.94,61.26,43.56,19.42,26.54
91.66,27.15,18.09,11.09,18.91,61.10,43.47,19.40,26.54
91.67,27.11,18.07,11.07,18.94,61.10,43.47,19.40,26.54
91.68,27.11,18.09,11.07,18.94,61.26,43.56,19.40,26.54
91.69,27.15,18.09,11.07,18.94,61.26,43.47,19.40,26.54
91.70,27.15,18.09,11.09,18.91,61.26,43.38,19.42,26.54
91.71,27.15,18.09,11.09,18.94,61.26,43.47,19.40,26.54
91.72,27.11,18.07,11.07,18.94,61.10,43.47,19.40,26.54
91.73,27.15,18.07,11.07,18.94,61.26,43.47,19.40,26.54
91.74,27.20,18.09,11.09,18.94,61.26,43.47,19.40,26.54
91.75,27.11,18.09,11.09,18.94,61.26,43.47,19.40,26.54
91.76,27.15,18.09,11.09,18.94,61.26,43.47,19.40,26.54
91.77,27.15,18.09,11.07,18.91,61.10,43.47,19.40,26.54
91.78,27.20,18.07,11.07,18.94,61.26,43.47,19.40,26.54
91.79,27.15,18.12,11.09,18.94,61.26,43.47,19.40,26.54
91.80,27.15,18.09,11.09,18.94,61.26,43.56,19.40,26.54
91.81,27.20,18.09,11.09,18.91,61.26,43.47,19.40,26.54
91.82,27.15,18.09,11.07,18.94,61.10,43.47,19.40,26.54
91.83,27.15,18.07,11.09,18.91,61.26,43.47,19.40,26.54
91.84,27.15,18.09,11.09,18.94,61.26,43.47,19.40,26.54
91.85,27.20,18.09,11.09,18.94,61.26,43.47,19.42,26.54
91.86,27.20,18.09,11.09,18.91,61.10,43.47,19.40,26.54
91.87,27.15,18.09,11.07,18.94,61.10,43.47,19.40,26.54
91.88,27.15,18.09,11.07,18.91,61.26,43.47,19.40,26.54
91.89,27.20,18.07,11.09,18.94,61.26,43.56,19.40,26.54
91.90,27.20,18.09,11.09,18.91,61.10,43.47,19.40,26.50
91.91,27.15,18.09,11.09,18.91,61.10,43.47,19.40,26.54
91.92,27.15,18.07,11.09,18.91,61.10,43.38,19.40,26.54
91.93,27.15,18.09,11.07,18.94,61.26,43.56,19.40,26.50
91.94,27.15,18.09,11.09,18.94,61.10,43.47,19.40,26.54
91.95,27.20,18.09,11.09,18.91,61.26,43.47,19.40,26.50
91.96,27.15,18.09,11.09,18.91,61.26,43.47,19.40,26.54
91.97,27.15,18.07,11.09,18.91,61.10,43.47,19.40,26.50
91.98,27.15,18.07,11.09,18.91,61.26,43.47,19.40,26.50
91.99,27.24,18.09,11.07,18.91,61.26,43.47,19.40,26.50
92.00,27.15,18.12,11.09,18.94,61.26,43.56,19.42,26.50
92.01,27.15,18.09,11.09,18.94,61.26,43.47,19.40,26.50
92.02,27.15,18.09,11.09,18.91,61.10,43.47,19.40,26.50
92.03,27.11,18.09,11.09,18.94,61.26,43.56,19.40,26.50
92.04,27.20,18.09,11.09,18.91,61.26,43.47,19.40,26.50
92.05,27.15,18.09,11.09,18.91,61.26,43.47,19.40,26.50
92.06,27.20,18.09,11.09,18.91,61.10,43.47,19.40,26.50
92.07,27.15,18.07,11.09,18.94,61.10,43.47,19.40,26.50
92.08,27.15,18.09,11.07,18.91,61.26,43.56,19.40,26.50
92.09,27.20,18.09,11.09,18.94,61.26,43.47,19.40,26.50
92.10,27.20,18.09,11.09,18.91,61.26,43.47,19.40,26.45
92.11,27.15,18.09,11.07,18.91,61.26,43.56,19.40,26.50
92.12,27.15,18.09,11.07,18.91,61.26,43.47,19.40,26.50
92.13,27.11,18.09,11.09,18.94,61.26,43.47,19.40,26.45
92.14,27.15,18.07,11.09,18.91,61.10,43.47,19.40,26.50
92.15,27.15,18.12,11.09,18.91,61.26,43.47,19.40,26.50
92.16,27.15,18.09,11.09,18.91,61.26,43.56,19.40,26.45
92.17,27.15,18.07,11.07,18.91,61.10,43.47,19.40,26.50
92.18,27.15,18.07,11.07,18.91,61.10,43.47,19.40,26.50
92.19,27.15,18.09,11.09,18.91,61.10,43.47,19.40,26.45
92.20,27.15,18.09,11.09,18.91,61.10,43.47,19.40,26.50
92.21,27.15,18.07,11.09,18.91,61.10,43.47,19.40,26.45
92.22,27.11,18.07,11.09,18.91,61.10,43.56,19.40,26.45
92.23,27.15,18.07,11.07,18.91,61.26,43.56,19.40,26.45
92.24,27.15,18.09,11.09,18.91,61.26,43.47,19.40,26.45
92.25,27.15,18.09,11.09,18.91,61.26,43.47,19.42,26.45
92.26,27.15,18.09,11.09,18.91,61.26,43.38,19.40,26.41
92.27,27.15,18.07,11.07,18.91,61.10,43.47,19.40,26.50
92.28,27.15,18.07,11.07,18.91,61.10,43.47,19.42,26.45
92.29,27.15,18.09,11.09,18.91,61.26,43.47,19.40,26.45
92.30,27.15,18.09,11.09,18.91,61.26,43.47,19.40,26.45
92.31,27.15,18.07,11.09,18.91,61.26,43.47,19.40,26.45
92.32,27.15,18.07,11.09,18.91,61.10,43.47,19.40,26.45
92.33,27.11,18.07,11.09,18.91,61.26,43.47,19.40,26.45
92.34,27.20,18.09,11.09,18.91,61.10,43.47,19.40,26.45
92.35,27.20,18.09,11.09,18.91,61.26,43.47,19.40,26.45
92.36,27.15,18.07,11.09,18.91,61.26,43.47,19.40,26.45
92.37,27.15,18.09,11.09,18.91,61.26,43.47,19.40,26.45
92.38,27.20,18.09,11.09,18.91,61.10,43.47,19.40,26.45
92.39,27.11,18.09,11.09,18.91,61.26,43.47,19.40,26.45
92.40,27.20,18.09,11.09,18.91,61.26,43.56,19.42,26.45
92.41,27.20,18.09,11.07,18.91,61.10,43.47,19.40,26.45
92.42,27.15,18.07,11.09,18.91,61.10,43.47,19.40,26.45
92.43,27.20,18.07,11.07,18.91,61.10,43.47,19.40,26.45
92.44,27.15,18.09,11.07,18.91,61.10,43.47,19.40,26.45
92.45,27.15,18.09,11.09,18.91,61.26,43.47,19.40,26.45
92.46,27.15,18.07,11.09,18.91,61.10,43.38,19.40,26.45
92.47,27.15,18.07,11.07,18.91,61.26,43.47,19.40,26.41
92.48,27.15,18.07,11.07,18.89,61.10,43.47,19.40,26.41
92.49,27.15,18.09,11.09,18.91,61.26,43.47,19.40,26.41
92.50,27.15,18.09,11.09,18.91,61.26,43.47,19.40,26.41
92.51,27.15,18.07,11.07,18.91,61.10,43.38,19.37,26.41
92.52,27.11,18.07,11.07,18.91,61.10,43.47,19.40,26.45
92.53,27.11,18.07,11.07,18.91,61.10,43.47,19.40,26.41
92.54,27.15,18.07,11.09,18.91,61.26,43.47,19.40,26.45
92.55,27.20,18.07,11.09,18.91,61.26,43.38,19.40,26.41
92.56,27.11,18.07,11.07,18.91,61.10,43.47,19.40,26.41
92.57,27.15,18.07,11.07,18.91,61.10,43.47,19.40,26.41
92.58,27.15,18.07,11.07,18.91,61.10,43.47,19.40,26.41
92.59,27.15,18.07,11.07,18.91,61.10,43.47,19.40,26.41
92.60,27.15,18.07,11.09,18.91,61.10,43.47,19.40,26.41
92.61,27.15,18.07,11.07,18.91,61.10,43.47,19.40,26.41
92.62,27.11,18.07,11.07,18.91,61.10,43.47,19.40,26.41
92.63,27.15,18.07,11.07,18.91,61.10,43.47,19.40,26.41
92.64,27.15,18.07,11.07,18.91,61.26,43.47,19.40,26.41
92.65,27.20,18.07,11.09,18.91,61.26,43.47,19.40,26.41
92.66,27.11,18.07,11.07,18.89,61.10,43.47,19.40,26.41
92.67,27.11,18.07,11.07,18.89,61.10,43.47,19.40,26.41
92.68,27.11,18.07,11.07,18.89,61.10,43.47,19.40,26.37
92.69,27.15,18.07,11.07,18.91,61.10,43.47,19.37,26.41
92.70,27.15,18.09,11.07,18.89,61.10,43.47,19.40,26.37
92.71,27.11,18.07,11.07,18.89,61.10,43.47,19.40,26.37
92.72,27.11,18.07,11.07,18.89,61.10,43.47,19.40,26.37
92.73,27.15,18.07,11.07,18.91,61.10,43.47,19.40,26.41
92.74,27.15,18.07,11.07,18.91,61.10,43.47,19.40,26.41
92.75,27.15,18.07,11.07,18.89,61.10,43.47,19.40,26.37
92.76,27.15,18.07,11.07,18.89,61.10,43.38,19.40,26.37
92.77,27.15,18.07,11.07,18.89,61.10,43.47,19.37,26.37
92.78,27.11,18.07,11.07,18.89,61.10,43.47,19.40,26.37
92.79,27.11,18.07,11.07,18.89,61.10,43.47,19.40,26.37
92.80,27.15,18.07,11.09,18.91,61.26,43.47,19.40,26.37
92.81,27.11,18.07,11.07,18.89,61.10,43.47,19.37,26.37
92.82,27.11,18.07,11.07,18.89,61.10,43.47,19.40,26.37
92.83,27.11,18.07,11.07,18.89,61.10,43.47,19.37,26.37
92.84,27.15,18.07,11.07,18.91,61.10,43.47,19.40,26.37
92.85,27.15,18.07,11.07,18.89,61.26,43.47,19.40,26.37
92.86,27.11,18.07,11.07,18.89,61.10,43.38,19.40,26.37
92.87,27.11,18.04,11.06,18.89,61.10,43.47,19.37,26.37
92.88,27.11,18.07,11.07,18.89,61.10,43.38,19.37,26.37
92.89,27.20,18.07,11.07,18.91,61.10,43.47,19.40,26.37
92.90,27.15,18.07,11.07,18.89,61.26,43.47,19.40,26.37
92.91,27.15,18.07,11.07,18.89,61.10,43.47,19.40,26.37
92.92,27.11,18.07,11.07,18.89,61.10,43.47,19.37,26.37
92.93,27.11,18.04,11.07,18.89,61.10,43.47,19.37,26.37
92.94,27.15,18.07,11.07,18.89,61.10,43.47,19.40,26.37
92.95,27.15,18.07,11.07,18.89,61.10,43.47,19.40,26.37
92.96,27.11,18.07,11.07,18.89,61.10,43.38,19.37,26.33
92.97,27.15,18.07,11.07,18.89,61.10,43.47,19.40,26.37
92.98,27.11,18.07,11.07,18.89,61.10,43.47,19.37,26.37
92.99,27.11,18.07,11.07,18.89,61.10,43.47,19.37,26.37
93.00,27.15,18.09,11.07,18.89,61.26,43.38,19.40,26.33
93.01,27.11,18.07,11.07,18.89,61.10,43.38,19.40,26.33
93.02,27.11,18.07,11.07,18.89,61.10,43.47,19.40,26.37
93.03,27.11,18.07,11.07,18.89,61.10,43.38,19.40,26.33
93.04,27.15,18.07,11.09,18.89,61.26,43.47,19.40,26.33
93.05,27.15,18.07,11.07,18.89,61.26,43.47,19.40,26.33
93.06,27.11,18.07,11.07,18.89,61.10,43.38,19.37,26.33
93.07,27.11,18.07,11.06,18.89,61.10,43.47,19.37,26.37
93.08,27.15,18.07,11.07,18.89,61.10,43.47,19.37,26.33
93.09,27.15,18.07,11.07,18.89,61.26,43.47,19.40,26.33
93.10,27.15,18.09,11.07,18.89,61.26,43.47,19.40,26.33
93.11,27.15,18.07,11.07,18.89,61.10,43.38,19.37,26.33
93.12,27.11,18.07,11.06,18.89,61.10,43.38,19.37,26.33
93.13,27.11,18.07,11.07,18.89,61.10,43.47,19.40,26.33
93.14,27.15,18.07,11.07,18.89,61.10,43.47,19.37,26.33
93.15,27.15,18.07,11.07,18.89,61.10,43.38,19.40,26.33
93.16,27.11,18.07,11.07,18.86,61.10,43.47,19.40,26.33
93.17,27.15,18.07,11.06,18.89,61.10,43.47,19.37,26.33
93.18,27.11,18.07,11.07,18.89,61.10,43.38,19.40,26.33
93.19,27.15,18.07,11.07,18.89,61.10,43.47,19.40,26.33
93.20,27.15,18.07,11.07,18.89,61.26,43.47,19.40,26.33
93.21,27.20,18.07,11.07,18.86,61.10,43.47,19.37,26.33
93.22,27.15,18.07,11.07,18.89,61.10,43.38,19.37,26.33
93.23,27.11,18.07,11.06,18.86,61.26,43.38,19.37,26.33
93.24,27.11,18.07,11.07,18.89,61.10,43.47,19.40,26.33
93.25,27.15,18.07,11.07,18.89,61.10,43.47,19.40,26.33
93.26,27.15,18.07,11.07,18.89,61.10,43.38,19.37,26.28
93.27,27.11,18.07,11.07,18.89,61.10,43.38,19.37,26.28
93.28,27.11,18.04,11.07,18.86,61.10,43.38,19.40,26.28
93.29,27.15,18.07,11.07,18.89,61.10,43.47,19.40,26.28
93.30,27.15,18.07,11.07,18.89,61.10,43.47,19.37,26.33
93.31,27.15,18.07,11.07,18.89,61.10,43.47,19.37,26.33
93.32,27.11,18.04,11.07,18.89,61.10,43.38,19.40,26.28
93.33,27.15,18.07,11.07,18.89,61.10,43.38,19.40,26.28
93.34,27.15,18.07,11.07,18.86,61.10,43.47,19.37,26.28
93.35,27.15,18.04,11.07,18.86,61.10,43.38,19.40,26.28
93.36,27.11,18.07,11.09,18.89,61.10,43.47,19.40,26.33
93.37,27.11,18.07,11.07,18.86,61.10,43.38,19.37,26.28
93.38,27.15,18.07,11.07,18.89,61.26,43.47,19.40,26.28
93.39,27.15,18.04,11.07,18.86,61.10,43.47,19.37,26.28
93.40,27.15,18.07,11.07,18.86,61.26,43.47,19.40,26.28
93.41,27.15,18.09,11.07,18.86,61.26,43.47,19.40,26.28
93.42,27.15,18.04,11.07,18.86,61.10,43.38,19.37,26.28
93.43,27.11,18.07,11.07,18.89,61.10,43.47,19.40,26.28
93.44,27.15,18.07,11.07,18.86,61.10,43.56,19.40,26.28
93.45,27.20,18.09,11.07,18.86,61.10,43.47,19.40,26.28
93.46,27.15,18.07,11.07,18.86,61.26,43.47,19.40,26.28
93.47,27.11,18.07,11.07,18.86,61.10,43.38,19.37,26.24
93.48,27.11,18.07,11.07,18.86,61.10,43.47,19.37,26.28
93.49,27.15,18.07,11.07,18.86,61.26,43.38,19.40,26.28
93.50,27.20,18.07,11.09,18.89,61.26,43.56,19.40,26.28
93.51,27.11,18.07,11.07,18.86,61.10,43.38,19.37,26.28
93.52,27.11,18.07,11.07,18.86,61.10,43.38,19.37,26.33
93.53,27.11,18.07,11.07,18.86,61.10,43.47,19.40,26.28
93.54,27.15,18.07,11.07,18.86,61.10,43.47,19.40,26.28
93.55,27.15,18.07,11.07,18.89,61.10,43.47,19.40,26.28
93.56,27.11,18.07,11.07,18.86,61.10,43.47,19.40,26.28
93.57,27.15,18.07,11.07,18.86,61.10,43.38,19.37,26.28
93.58,27.11,18.07,11.07,18.86,61.10,43.38,19.37,26.28
93.59,27.20,18.07,11.07,18.86,61.10,43.38,19.40,26.28
93.60,27.20,18.09,11.07,18.86,61.10,43.38,19.40,26.24
93.61,27.15,18.07,11.07,18.89,61.10,43.47,19.37,26.24
93.62,27.11,18.04,11.07,18.86,61.10,43.47,19.37,26.28
93.63,27.15,18.07,11.07,18.86,61.26,43.38,19.40,26.24
93.64,27.11,18.07,11.07,18.86,61.10,43.47,19.40,26.28
93.65,27.20,18.09,11.09,18.86,61.26,43.56,19.40,26.24
93.66,27.15,18.07,11.07,18.86,61.10,43.38,19.37,26.24
93.67,27.11,18.07,11.07,18.89,61.10,43.38,19.37,26.24
93.68,27.15,18.07,11.07,18.89,61.10,43.47,19.40,26.24
93.69,27.15,18.07,11.09,18.89,61.10,43.47,19.40,26.24
93.70,27.20,18.09,11.09,18.86,61.26,43.47,19.37,26.24
93.71,27.15,18.07,11.07,18.86,61.10,43.47,19.40,26.24
93.72,27.15,18.07,11.07,18.86,61.10,43.47,19.37,26.24
93.73,27.15,18.07,11.07,18.86,61.10,43.38,19.37,26.24
93.74,27.15,18.07,11.09,18.86,61.26,43.47,19.40,26.28
93.75,27.15,18.07,11.07,18.86,61.26,43.38,19.40,26.24
93.76,27.15,18.07,11.07,18.86,61.10,43.38,19.37,26.24
93.77,27.15,18.07,11.07,18.86,61.26,43.38,19.40,26.20
93.78,27.15,18.07,11.07,18.86,61.26,43.38,19.37,26.24
93.79,27.15,18.07,11.07,18.86,61.26,43.47,19.40,26.24
93.80,27.15,18.07,11.07,18.86,61.10,43.47,19.40,26.24
93.81,27.15,18.07,11.07,18.86,61.10,43.47,19.37,26.24
93.82,27.15,18.07,11.07,18.86,61.10,43.47,19.40,26.24
93.83,27.15,18.07,11.07,18.86,61.10,43.38,19.37,26.24
93.84,27.15,18.09,11.07,18.86,61.10,43.47,19.40,26.24
93.85,27.15,18.07,11.07,18.86,61.10,43.47,19.37,26.24
93.86,27.20,18.07,11.07,18.86,61.10,43.47,19.40,26.24
93.87,27.11,18.07,11.07,18.86,61.10,43.38,19.37,26.24
93.88,27.20,18.07,11.07,18.86,61.10,43.47,19.40,26.24
93.89,27.15,18.07,11.07,18.86,61.26,43.47,19.40,26.24
93.90,27.15,18.07,11.09,18.86,61.10,43.47,19.40,26.24
93.91,27.15,18.07,11.07,18.86,61.10,43.47,19.37,26.20
93.92,27.11,18.07,11.07,18.86,61.10,43.38,19.37,26.24
93.93,27.15,18.07,11.07,18.86,61.10,43.47,19.37,26.20
93.94,27.20,18.09,11.09,18.86,61.10,43.38,19.37,26.24
93.95,27.15,18.09,11.07,18.86,61.26,43.47,19.40,26.20
93.96,27.15,18.07,11.07,18.86,61.10,43.47,19.40,26.20
93.97,27.11,18.07,11.07,18.86,61.10,43.38,19.37,26.24
93.98,27.15,18.07,11.07,18.86,61.26,43.47,19.40,26.20
93.99,27.15,18.07,11.07,18.86,61.10,43.38,19.40,26.20
94.00,27.15,18.09,11.07,18.86,61.10,43.47,19.37,26.24
94.01,27.11,18.07,11.07,18.86,61.10,43.47,19.37,26.20
94.02,27.15,18.07,11.07,18.86,61.10,43.47,19.37,26.20
94.03,27.11,18.07,11.07,18.86,61.10,43.47,19.37,26.20
94.04,27.15,18.07,11.07,18.86,61.10,43.47,19.40,26.20
94.05,27.15,18.07,11.07,18.86,61.10,43.38,19.37,26.20
94.06,27.15,18.07,11.07,18.86,61.10,43.38,19.37,26.20
94.07,27.11,18.07,11.07,18.86,61.10,43.38,19.37,26.20
94.08,27.15,18.07,11.07,18.86,61.10,43.47,19.40,26.20
94.09,27.20,18.09,11.07,18.86,61.26,43.47,19.37,26.20
94.10,27.15,18.07,11.07,18.86,61.10,43.47,19.40,26.20
94.11,27.20,18.07,11.07,18.86,61.10,43.38,19.37,26.20
94.12,27.11,18.07,11.06,18.83,61.10,43.38,19.40,26.20
94.13,27.15,18.07,11.07,18.86,61.10,43.38,19.37,26.20
94.14,27.15,18.07,11.07,18.86,61.26,43.47,19.37,26.20
94.15,27.15,18.09,11.09,18.83,61.10,43.47,19.40,26.20
94.16,27.15,18.07,11.07,18.86,61.10,43.38,19.37,26.20
94.17,27.11,18.07,11.07,18.83,61.10,43.38,19.37,26.20
94.18,27.11,18.07,11.07,18.83,61.10,43.38,19.40,26.20
94.19,27.11,18.07,11.07,18.86,61.10,43.47,19.37,26.20
94.20,27.15,18.07,11.07,18.86,61.10,43.47,19.37,26.20
94.21,27.11,18.07,11.07,18.86,61.10,43.47,19.37,26.16
94.22,27.15,18.07,11.07,18.86,61.10,43.47,19.37,26.16
94.23,27.15,18.07,11.07,18.86,61.10,43.38,19.37,26.20
94.24,27.15,18.07,11.07,18.83,61.10,43.47,19.40,26.16
94.25,27.15,18.09,11.07,18.86,61.10,43.47,19.37,26.16
94.26,27.15,18.07,11.07,18.83,61.10,43.38,19.37,26.16
94.27,27.15,18.07,11.07,18.83,61.10,43.47,19.37,26.16
94.28,27.15,18.07,11.07,18.86,61.10,43.47,19.37,26.16
94.29,27.15,18.07,11.07,18.86,61.10,43.47,19.40,26.16
94.30,27.15,18.07,11.07,18.86,61.10,43.47,19.40,26.16
94.31,27.15,18.07,11.07,18.86,61.10,43.38,19.37,26.16
94.32,27.11,18.07,11.07,18.83,61.10,43.47,19.37,26.16
94.33,27.20,18.07,11.07,18.83,61.10,43.38,19.40,26.16
94.34,27.20,18.07,11.07,18.83,61.26,43.47,19.40,26.16
94.35,27.15,18.07,11.07,18.83,61.10,43.47,19.37,26.16
94.36,27.11,18.07,11.06,18.83,61.10,43.38,19.37,26.16
94.37,27.11,18.07,11.07,18.86,61.10,43.38,19.37,26.16
94.38,27.20,18.07,11.07,18.83,61.10,43.38,19.40,26.16
94.39,27.20,18.07,11.07,18.86,61.10,43.47,19.40,26.16
94.40,27.15,18.09,11.07,18.83,61.26,43.47,19.37,26.16
94.41,27.11,18.04,11.07,18.83,61.10,43.38,19.37,26.16
94.42,27.15,18.07,11.07,18.83,61.10,43.47,19.37,26.16
94.43,27.15,18.07,11.07,18.83,61.10,43.47,19.37,26.16
94.44,27.15,18.07,11.07,18.83,61.10,43.38,19.40,26.16
94.45,27.15,18.07,11.07,18.83,61.10,43.38,19.37,26.16
94.46,27.11,18.07,11.07,18.86,61.10,43.38,19.37,26.16
94.47,27.15,18.07,11.07,18.86,61.10,43.38,19.37,26.16
94.48,27.15,18.07,11.07,18.83,61.10,43.38,19.37,26.16
94.49,27.15,18.07,11.07,18.83,61.10,43.47,19.37,26.16
94.50,27.20,18.07,11.07,18.83,61.10,43.47,19.37,26.12
94.51,27.15,18.07,11.06,18.83,61.10,43.38,19.37,26.16
94.52,27.11,18.07,11.06,18.83,61.10,43.47,19.37,26.12
94.53,27.15,18.07,11.07,18.83,61.10,43.47,19.37,26.12
94.54,27.20,18.09,11.07,18.83,61.10,43.47,19.37,26.12
94.55,27.15,18.07,11.07,18.83,61.26,43.47,19.37,26.16
94.56,27.15,18.07,11.07,18.83,61.10,43.38,19.37,26.12
94.57,27.11,18.07,11.06,18.83,61.10,43.38,19.37,26.12
94.58,27.15,18.07,11.07,18.83,61.10,43.47,19.37,26.16
94.59,27.11,18.07,11.07,18.83,61.10,43.47,19.37,26.12
94.60,27.11,18.07,11.07,18.83,61.10,43.38,19.37,26.12
94.61,27.15,18.07,11.07,18.83,61.10,43.47,19.37,26.12
94.62,27.15,18.07,11.07,18.83,61.10,43.38,19.37,26.12
94.63,27.11,18.07,11.06,18.83,61.10,43.38,19.37,26.12
94.64,27.15,18.07,11.07,18.83,61.10,43.47,19.37,26.12
94.65,27.15,18.07,11.07,18.83,61.10,43.47,19.37,26.12
94.66,27.11,18.07,11.06,18.83,61.10,43.47,19.37,26.12
94.67,27.11,18.07,11.07,18.83,61.10,43.47,19.37,26.12
94.68,27.15,18.07,11.06,18.83,61.10,43.38,19.37,26.12
94.69,27.15,18.07,11.07,18.83,61.10,43.47,19.37,26.12
94.70,27.20,18.07,11.07,18.83,61.10,43.47,19.37,26.12
94.71,27.20,18.07,11.07,18.83,61.10,43.47,19.37,26.12
94.72,27.15,18.04,11.06,18.83,61.10,43.38,19.37,26.12
94.73,27.15,18.07,11.06,18.83,60.94,43.38,19.37,26.07
94.74,27.15,18.07,11.07,18.81,61.10,43.47,19.37,26.12
94.75,27.20,18.07,11.07,18.83,61.10,43.29,19.37,26.12
94.76,27.15,18.07,11.06,18.83,61.10,43.47,19.37,26.12
94.77,27.15,18.04,11.07,18.83,61.10,43.47,19.37,26.07
94.78,27.15,18.07,11.06,18.83,61.10,43.47,19.37,26.16
94.79,27.15,18.07,11.07,18.83,61.10,43.47,19.37,26.12
94.80,27.20,18.07,11.07,18.83,61.10,43.38,19.37,26.07
94.81,27.11,18.07,11.07,18.83,61.10,43.38,19.37,26.12
94.82,27.11,18.07,11.06,18.83,61.10,43.38,19.37,26.07
94.83,27.11,18.04,11.06,18.83,61.10,43.38,19.37,26.07
94.84,27.11,18.09,11.07,18.81,61.10,43.47,19.40,26.07
94.85,27.15,18.07,11.06,18.83,61.10,43.47,19.37,26.07
94.86,27.11,18.07,11.06,18.83,61.10,43.47,19.37,26.07
94.87,27.11,18.04,11.06,18.83,61.10,43.38,19.37,26.07
94.88,27.15,18.07,11.06,18.83,61.10,43.38,19.37,26.07
94.89,27.15,18.07,11.06,18.83,61.10,43.47,19.37,26.07
94.90,27.15,18.07,11.07,18.83,61.10,43.38,19.37,26.07
94.91,27.11,18.04,11.06,18.83,61.10,43.47,19.34,26.07
94.92,27.15,18.04,11.06,18.83,61.10,43.38,19.37,26.07
94.93,27.15,18.07,11.07,18.81,61.10,43.38,19.37,26.07
94.94,27.15,18.07,11.06,18.83,61.10,43.47,19.37,26.07
94.95,27.20,18.07,11.07,18.81,61.10,43.38,19.37,26.07
94.96,27.11,18.04,11.06,18.81,61.10,43.38,19.37,26.07
94.97,27.11,18.07,11.06,18.83,60.94,43.38,19.37,26.07
94.98,27.11,18.07,11.07,18.83,61.26,43.38,19.37,26.07
94.99,27.20,18.07,11.06,18.83,60.94,43.38,19.37,26.07
95.00,27.15,18.07,11.07,18.83,61.26,43.38,19.37,26.07
95.01,27.11,18.04,11.07,18.81,61.10,43.38,19.37,26.07
95.02,27.11,18.04,11.06,18.81,61.10,43.38,19.34,26.07
95.03,27.11,18.04,11.06,18.81,61.10,43.38,19.37,26.03
95.04,27.15,18.07,11.06,18.81,61.10,43.47,19.34,26.07
95.05,27.15,18.07,11.06,18.81,61.10,43.38,19.37,26.07
95.06,27.11,18.07,11.06,18.81,61.10,43.38,19.34,26.03
95.07,27.11,18.04,11.06,18.81,61.10,43.38,19.37,26.07
95.08,27.15,18.04,11.06,18.81,61.10,43.38,19.37,26.03
95.09,27.15,18.07,11.07,18.83,61.10,43.47,19.37,26.07
95.10,27.11,18.07,11.06,18.81,61.10,43.38,19.37,26.03
95.11,27.11,18.07,11.06,18.81,61.10,43.38,19.34,26.07
95.12,27.11,18.07,11.06,18.83,61.10,43.38,19.37,26.03
95.13,27.11,18.04,11.06,18.81,61.10,43.38,19.34,26.03
95.14,27.11,18.07,11.06,18.83,61.10,43.47,19.37,26.03
95.15,27.20,18.07,11.06,18.81,61.10,43.38,19.37,26.03
95.16,27.11,18.04,11.06,18.81,61.10,43.38,19.37,26.03
95.17,27.15,18.04,11.06,18.81,61.10,43.38,19.37,26.03
95.18,27.11,18.07,11.06,18.81,61.10,43.38,19.37,26.03
95.19,27.11,18.04,11.07,18.83,61.10,43.38,19.37,26.03
95.20,27.11,18.04,11.06,18.83,61.10,43.38,19.37,26.03
95.21,27.15,18.04,11.06,18.81,61.10,43.38,19.37,26.03
95.22,27.11,18.02,11.06,18.81,61.10,43.38,19.37,26.03
95.23,27.15,18.04,11.06,18.81,61.10,43.38,19.37,26.03
95.24,27.20,18.07,11.06,18.81,61.10,43.38,19.37,26.03
95.25,27.11,18.07,11.07,18.83,61.10,43.38,19.37,26.03
95.26,27.11,18.04,11.06,18.81,61.10,43.38,19.37,26.03
95.27,27.15,18.04,11.06,18.81,61.10,43.38,19.34,26.03
95.28,27.11,18.07,11.06,18.81,61.10,43.38,19.37,26.03
95.29,27.15,18.07,11.06,18.81,61.26,43.38,19.37,26.03
95.30,27.11,18.07,11.06,18.81,61.10,43.47,19.37,26.03
95.31,27.11,18.04,11.06,18.81,61.10,43.38,19.34,26.03
95.32,27.06,18.04,11.06,18.81,61.10,43.38,19.34,26.03
95.33,27.11,18.04,11.06,18.81,61.10,43.38,19.34,26.03
95.34,27.11,18.04,11.06,18.81,61.10,43.38,19.37,26.03
95.35,27.20,18.07,11.06,18.81,61.10,43.38,19.37,25.99
95.36,27.11,18.04,11.06,18.81,60.94,43.38,19.34,26.03
95.37,27.11,18.04,11.06,18.81,61.10,43.38,19.34,26.03
95.38,27.11,18.04,11.06,18.81,61.10,43.38,19.37,25.99
95.39,27.20,18.07,11.06,18.81,61.10,43.38,19.37,25.99
95.40,27.15,18.07,11.06,18.81,61.10,43.38,19.37,26.03
95.41,27.11,18.04,11.06,18.81,61.10,43.38,19.34,25.99
95.42,27.11,18.04,11.06,18.81,60.94,43.29,19.34,25.99
95.43,27.11,18.04,11.06,18.81,61.10,43.38,19.37,25.99
95.44,27.11,18.04,11.06,18.81,61.10,43.38,19.37,26.03
95.45,27.15,18.07,11.06,18.81,61.10,43.38,19.37,26.03
95.46,27.11,18.07,11.06,18.81,61.10,43.38,19.37,25.99
95.47,27.06,18.04,11.06,18.81,61.10,43.38,19.34,25.99
95.48,27.11,18.07,11.06,18.81,61.10,43.47,19.34,26.03
95.49,27.11,18.07,11.06,18.81,61.10,43.38,19.37,25.99
95.50,27.15,18.07,11.06,18.81,61.10,43.38,19.34,25.99
95.51,27.11,18.04,11.06,18.81,61.10,43.38,19.37,25.99
95.52,27.15,18.04,11.06,18.81,61.10,43.38,19.34,25.99
95.53,27.11,18.07,11.06,18.81,61.10,43.47,19.34,25.99
95.54,27.15,18.04,11.06,18.81,61.10,43.38,19.37,25.99
95.55,27.11,18.07,11.06,18.81,61.10,43.38,19.37,25.99
95.56,27.11,18.04,11.06,18.81,61.10,43.38,19.34,25.99
95.57,27.11,18.04,11.06,18.81,60.94,43.38,19.34,25.99
95.58,27.15,18.07,11.06,18.81,61.10,43.38,19.37,25.99
95.59,27.11,18.07,11.06,18.81,61.10,43.38,19.37,25.99
95.60,27.11,18.07,11.06,18.81,61.10,43.38,19.37,25.99
95.61,27.11,18.04,11.06,18.81,61.10,43.38,19.34,25.99
95.62,27.11,18.04,11.06,18.81,61.10,43.38,19.34,25.99
95.63,27.11,18.04,11.06,18.81,61.10,43.38,19.34,25.99
95.64,27.15,18.07,11.07,18.81,61.10,43.38,19.34,25.99
95.65,27.11,18.04,11.06,18.81,61.10,43.38,19.34,25.95
95.66,27.15,18.04,11.06,18.78,60.94,43.38,19.37,25.99
95.67,27.11,18.04,11.06,18.81,60.94,43.38,19.37,25.99
95.68,27.15,18.04,11.06,18.81,61.10,43.38,19.37,25.99
95.69,27.15,18.04,11.06,18.81,61.10,43.38,19.37,25.99
95.70,27.15,18.07,11.07,18.81,60.94,43.38,19.34,25.95
95.71,27.15,18.04,11.06,18.81,61.10,43.38,19.34,25.99
95.72,27.11,18.04,11.06,18.81,61.10,43.38,19.34,25.95
95.73,27.15,18.07,11.06,18.81,61.10,43.38,19.37,25.95
95.74,27.15,18.07,11.06,18.81,61.10,43.38,19.37,25.99
95.75,27.15,18.04,11.06,18.81,61.10,43.38,19.37,25.99
95.76,27.15,18.04,11.06,18.81,61.10,43.38,19.34,25.95
95.77,27.11,18.04,11.06,18.81,61.10,43.38,19.34,25.95
95.78,27.15,18.07,11.06,18.81,60.94,43.38,19.34,26.03
95.79,27.15,18.07,11.06,18.81,61.10,43.38,19.34,25.95
95.80,27.15,18.07,11.06,18.81,61.10,43.38,19.34,25.95
95.81,27.15,18.04,11.06,18.81,61.10,43.38,19.34,25.95
95.82,27.11,18.04,11.06,18.81,61.10,43.38,19.34,25.95
95.83,27.11,18.04,11.06,18.81,61.10,43.38,19.34,25.95
95.84,27.11,18.04,11.06,18.81,61.10,43.47,19.37,25.95
95.85,27.11,18.07,11.06,18.78,61.10,43.38,19.37,25.95
95.86,27.11,18.04,11.06,18.81,60.94,43.38,19.34,25.95
95.87,27.15,18.04,11.06,18.81,61.10,43.38,19.34,25.95
95.88,27.11,18.04,11.06,18.81,61.10,43.38,19.37,25.95
95.89,27.11,18.07,11.07,18.81,61.10,43.38,19.37,25.95
95.90,27.11,18.04,11.07,18.81,61.10,43.38,19.34,25.95
95.91,27.11,18.07,11.06,18.81,61.10,43.38,19.37,25.95
95.92,27.11,18.04,11.06,18.78,61.10,43.38,19.34,25.95
95.93,27.15,18.07,11.06,18.81,61.10,43.38,19.37,25.95
95.94,27.15,18.09,11.06,18.81,60.94,43.47,19.37,25.95
95.95,27.15,18.07,11.07,18.81,60.94,43.38,19.37,25.95
95.96,27.11,18.07,11.06,18.81,61.10,43.38,19.37,25.95
95.97,27.11,18.07,11.06,18.81,61.10,43.38,19.34,25.95
95.98,27.11,18.04,11.06,18.81,61.10,43.38,19.34,25.91
95.99,27.15,18.07,11.07,18.81,61.10,43.47,19.37,25.95
96.00,27.15,18.07,11.06,18.81,61.10,43.29,19.34,25.91
96.01,27.15,18.04,11.06,18.81,61.10,43.38,19.37,25.95
96.02,27.11,18.04,11.06,18.81,61.10,43.29,19.37,25.95
96.03,27.15,18.04,11.06,18.81,61.10,43.38,19.34,25.95
96.04,27.15,18.07,11.07,18.81,61.10,43.38,19.37,25.95
96.05,27.11,18.07,11.06,18.81,61.10,43.38,19.37,25.91
96.06,27.11,18.04,11.06,18.78,60.94,43.38,19.34,25.91
96.07,27.15,18.04,11.06,18.81,61.10,43.38,19.34,25.95
96.08,27.11,18.04,11.06,18.78,61.10,43.47,19.34,25.91
96.09,27.15,18.07,11.07,18.81,61.10,43.38,19.37,25.91
96.10,27.15,18.07,11.06,18.78,61.10,43.38,19.34,25.91
96.11,27.15,18.04,11.06,18.78,61.10,43.38,19.37,25.95
96.12,27.15,18.04,11.06,18.81,61.10,43.38,19.34,25.91
96.13,27.11,18.07,11.06,18.81,61.10,43.38,19.37,25.91
96.14,27.15,18.07,11.07,18.81,61.10,43.38,19.37,25.91
96.15,27.06,18.07,11.06,18.78,61.10,43.38,19.37,25.91
96.16,27.11,18.04,11.07,18.81,61.10,43.38,19.37,25.91
96.17,27.15,18.04,11.06,18.78,61.10,43.38,19.34,25.91
96.18,27.11,18.07,11.06,18.78,61.10,43.38,19.34,25.91
96.19,27.15,18.07,11.07,18.78,61.10,43.38,19.37,25.91
96.20,27.11,18.07,11.06,18.78,60.94,43.38,19.34,25.91
96.21,27.11,18.07,11.06,18.78,61.10,43.38,19.34,25.91
96.22,27.11,18.04,11.06,18.78,61.10,43.38,19.34,25.91
96.23,27.11,18.07,11.06,18.78,61.10,43.38,19.37,25.87
96.24,27.20,18.07,11.06,18.78,61.10,43.47,19.37,25.91
96.25,27.15,18.07,11.06,18.78,61.10,43.38,19.34,25.91
96.26,27.15,18.04,11.06,18.78,61.26,43.38,19.34,25.91
96.27,27.11,18.04,11.06,18.78,61.10,43.38,19.34,25.91
96.28,27.11,18.07,11.06,18.78,61.10,43.38,19.37,25.91
96.29,27.15,18.07,11.06,18.78,61.10,43.38,19.34,25.91
96.30,27.11,18.07,11.06,18.78,61.10,43.38,19.34,25.91
96.31,27.11,18.07,11.06,18.78,60.94,43.38,19.34,25.91
96.32,27.11,18.07,11.06,18.78,61.10,43.38,19.34,25.87
96.33,27.11,18.07,11.06,18.78,61.10,43.38,19.34,25.91
96.34,27.11,18.07,11.06,18.78,61.10,43.47,19.34,25.87
96.35,27.15,18.07,11.06,18.78,61.10,43.38,19.37,25.91
96.36,27.11,18.07,11.06,18.78,61.10,43.38,19.34,25.87
96.37,27.15,18.07,11.06,18.78,61.10,43.38,19.34,25.87
96.38,27.11,18.04,11.06,18.78,61.10,43.38,19.34,25.91
96.39,27.11,18.07,11.06,18.78,61.10,43.38,19.34,25.91
96.40,27.15,18.07,11.06,18.78,61.10,43.38,19.37,25.87
96.41,27.11,18.04,11.06,18.78,60.94,43.38,19.34,25.87
96.42,27.06,18.07,11.06,18.78,61.10,43.38,19.34,25.87
96.43,27.11,18.07,11.06,18.78,61.10,43.38,19.34,25.87
96.44,27.15,18.07,11.06,18.78,61.10,43.38,19.34,25.87
96.45,27.15,18.07,11.06,18.78,61.10,43.38,19.34,25.87
96.46,27.15,18.04,11.06,18.78,61.10,43.38,19.37,25.87
96.47,27.11,18.04,11.06,18.78,60.94,43.38,19.34,25.87
96.48,27.11,18.07,11.07,18.78,61.10,43.38,19.34,25.87
96.49,27.11,18.07,11.06,18.78,61.10,43.38,19.34,25.87
96.50,27.11,18.04,11.06,18.78,61.10,43.38,19.34,25.87
96.51,27.11,18.04,11.06,18.78,61.10,43.38,19.34,25.87
96.52,27.11,18.04,11.06,18.78,61.10,43.38,19.34,25.87
96.53,27.11,18.04,11.06,18.78,61.10,43.38,19.34,25.87
96.54,27.11,18.04,11.06,18.78,61.10,43.38,19.34,25.87
96.55,27.11,18.07,11.06,18.78,61.10,43.38,19.34,25.87
96.56,27.15,18.04,11.06,18.78,61.10,43.38,19.34,25.87
96.57,27.15,18.04,11.06,18.78,61.10,43.38,19.34,25.87
96.58,27.11,18.04,11.06,18.78,61.10,43.38,19.34,25.87
96.59,27.15,18.07,11.06,18.78,61.10,43.38,19.34,25.87
96.60,27.11,18.07,11.06,18.78,61.10,43.47,19.37,25.87
96.61,27.15,18.04,11.06,18.78,60.94,43.38,19.34,25.87
96.62,27.11,18.04,11.06,18.78,60.94,43.38,19.34,25.87
96.63,27.11,18.04,11.06,18.78,61.10,43.38,19.34,25.83
96.64,27.11,18.07,11.06,18.78,61.10,43.38,19.34,25.83
96.65,27.11,18.07,11.06,18.78,60.94,43.38,19.34,25.83
96.66,27.11,18.04,11.04,18.78,61.10,43.38,19.34,25.87
96.67,27.11,18.04,11.06,18.78,61.10,43.38,19.37,25.87
96.68,27.11,18.07,11.06,18.78,61.10,43.38,19.34,25.83
96.69,27.15,18.07,11.06,18.78,61.10,43.38,19.34,25.83
96.70,27.15,18.07,11.06,18.75,61.10,43.38,19.34,25.83
96.71,27.11,18.04,11.06,18.78,61.10,43.38,19.34,25.83
96.72,27.11,18.04,11.06,18.78,61.10,43.38,19.34,25.87
96.73,27.11,18.04,11.06,18.78,61.10,43.38,19.34,25.87
96.74,27.15,18.07,11.06,18.78,61.10,43.47,19.34,25.87
96.75,27.11,18.07,11.06,18.78,61.10,43.38,19.34,25.83
96.76,27.11,18.07,11.06,18.78,61.10,43.38,19.34,25.83
96.77,27.11,18.04,11.06,18.78,61.10,43.38,19.34,25.83
96.78,27.15,18.04,11.06,18.78,61.10,43.38,19.34,25.83
96.79,27.11,18.04,11.06,18.78,61.10,43.38,19.37,25.83
96.80,27.11,18.07,11.06,18.78,61.10,43.38,19.34,25.83
96.81,27.15,18.04,11.06,18.78,61.10,43.38,19.34,25.83
96.82,27.11,18.04,11.06,18.78,61.10,43.38,19.34,25.83
96.83,27.11,18.04,11.06,18.78,61.10,43.38,19.34,25.83
96.84,27.15,18.07,11.06,18.78,61.10,43.47,19.37,25.83
96.85,27.15,18.07,11.06,18.78,61.10,43.38,19.34,25.83
96.86,27.11,18.04,11.06,18.78,61.10,43.38,19.34,25.83
96.87,27.11,18.04,11.06,18.78,61.10,43.38,19.34,25.83
96.88,27.11,18.04,11.06,18.78,61.10,43.38,19.37,25.83
96.89,27.11,18.07,11.06,18.78,61.10,43.38,19.34,25.83
96.90,27.11,18.07,11.06,18.78,61.10,43.38,19.34,25.83
96.91,27.11,18.04,11.06,18.78,61.10,43.38,19.34,25.83
96.92,27.11,18.04,11.06,18.78,61.10,43.38,19.34,25.83
96.93,27.11,18.07,11.06,18.78,61.10,43.47,19.37,25.83
96.94,27.15,18.07,11.06,18.78,61.10,43.38,19.37,25.79
96.95,27.11,18.07,11.06,18.78,61.10,43.38,19.34,25.83
96.96,27.11,18.04,11.04,18.75,61.10,43.38,19.34,25.79
96.97,27.06,18.04,11.06,18.78,61.10,43.38,19.34,25.83
96.98,27.11,18.07,11.06,18.78,61.10,43.38,19.34,25.83
96.99,27.20,18.07,11.06,18.78,61.10,43.38,19.37,25.83
97.00,27.11,18.07,11.06,18.75,61.10,43.38,19.34,25.83
97.01,27.11,18.04,11.06,18.78,61.10,43.38,19.34,25.83
97.02,27.06,18.04,11.06,18.75,61.10,43.38,19.34,25.79
97.03,27.11,18.07,11.06,18.78,61.10,43.38,19.34,25.79
97.04,27.11,18.07,11.06,18.78,61.10,43.47,19.34,25.79
97.05,27.11,18.07,11.06,18.75,61.10,43.38,19.34,25.83
97.06,27.11,18.04,11.06,18.78,61.10,43.38,19.34,25.79
97.07,27.11,18.04,11.06,18.78,60.94,43.38,19.34,25.79
97.08,27.11,18.04,11.06,18.78,61.10,43.38,19.34,25.79
97.09,27.15,18.07,11.06,18.78,61.10,43.47,19.34,25.79
97.10,27.15,18.04,11.06,18.75,61.10,43.38,19.34,25.79
97.11,27.15,18.04,11.06,18.75,61.10,43.38,19.34,25.79
97.12,27.11,18.07,11.06,18.75,61.10,43.38,19.34,25.79
97.13,27.11,18.02,11.06,18.75,61.10,43.38,19.34,25.79
97.14,27.15,18.07,11.06,18.78,61.10,43.47,19.34,25.79
97.15,27.15,18.04,11.06,18.75,61.10,43.38,19.34,25.79
97.16,27.11,18.04,11.06,18.75,61.10,43.38,19.34,25.79
97.17,27.11,18.07,11.06,18.78,61.26,43.38,19.34,25.79
97.18,27.11,18.07,11.06,18.75,61.10,43.38,19.34,25.79
97.19,27.15,18.07,11.06,18.78,61.10,43.38,19.34,25.79
97.20,27.11,18.07,11.06,18.78,61.10,43.38,19.34,25.79
97.21,27.11,18.04,11.06,18.75,60.94,43.38,19.34,25.79
97.22,27.11,18.04,11.06,18.78,60.94,43.38,19.34,25.79
97.23,27.11,18.04,11.06,18.78,60.94,43.38,19.34,25.79
97.24,27.11,18.07,11.06,18.78,61.10,43.38,19.34,25.79
97.25,27.11,18.07,11.06,18.75,61.10,43.38,19.34,25.79
97.26,27.11,18.04,11.06,18.75,61.10,43.38,19.34,25.79
97.27,27.15,18.07,11.06,18.75,61.10,43.47,19.34,25.79
97.28,27.11,18.07,11.06,18.75,61.10,43.29,19.34,25.74
97.29,27.15,18.07,11.06,18.78,61.10,43.38,19.34,25.83
97.30,27.15,18.07,11.06,18.75,61.10,43.38,19.34,25.74
97.31,27.11,18.04,11.06,18.78,61.10,43.38,19.34,25.79
97.32,27.11,18.07,11.04,18.75,61.10,43.38,19.34,25.74
97.33,27.11,18.07,11.06,18.75,60.94,43.38,19.34,25.79
97.34,27.11,18.07,11.06,18.75,61.10,43.38,19.37,25.79
97.35,27.11,18.07,11.06,18.75,61.10,43.38,19.34,25.74
97.36,27.11,18.04,11.04,18.75,61.10,43.38,19.34,25.74
97.37,27.11,18.04,11.06,18.75,61.10,43.38,19.34,25.79
97.38,27.15,18.07,11.06,18.75,61.26,43.38,19.34,25.79
97.39,27.15,18.07,11.06,18.75,61.10,43.38,19.34,25.74
97.40,27.20,18.07,11.06,18.75,61.10,43.38,19.34,25.79
97.41,27.06,18.07,11.06,18.75,61.10,43.38,19.34,25.74
97.42,27.11,18.07,11.06,18.75,61.10,43.38,19.34,25.74
97.43,27.15,18.04,11.06,18.75,60.94,43.38,19.34,25.74
97.44,27.11,18.07,11.07,18.78,61.10,43.38,19.34,25.74
97.45,27.15,18.07,11.06,18.75,61.10,43.38,19.34,25.74
97.46,27.11,18.04,11.06,18.75,61.10,43.38,19.34,25.74
97.47,27.11,18.04,11.06,18.75,61.10,43.38,19.34,25.74
97.48,27.11,18.07,11.06,18.75,61.10,43.38,19.34,25.74
97.49,27.15,18.07,11.06,18.75,61.10,43.47,19.34,25.79
97.50,27.11,18.04,11.06,18.75,60.94,43.38,19.34,25.74
97.51,27.15,18.04,11.06,18.75,61.26,43.38,19.34,25.74
97.52,27.11,18.04,11.06,18.75,60.94,43.38,19.34,25.74
97.53,27.11,18.07,11.06,18.75,61.10,43.38,19.31,25.74
97.54,27.11,18.07,11.06,18.75,61.10,43.38,19.37,25.74
97.55,27.15,18.07,11.06,18.75,61.10,43.38,19.34,25.74
97.56,27.11,18.04,11.04,18.75,61.10,43.38,19.34,25.74
97.57,27.11,18.04,11.06,18.75,61.10,43.38,19.34,25.74
97.58,27.11,18.07,11.06,18.75,61.10,43.38,19.34,25.74
97.59,27.11,18.07,11.06,18.75,61.10,43.38,19.34,25.74
97.60,27.11,18.04,11.06,18.75,60.94,43.38,19.31,25.74
97.61,27.11,18.04,11.04,18.75,61.10,43.38,19.34,25.74
97.62,27.11,18.07,11.06,18.75,61.10,43.38,19.34,25.74
97.63,27.15,18.07,11.06,18.75,61.10,43.47,19.34,25.74
97.64,27.11,18.07,11.06,18.75,61.10,43.38,19.34,25.74
97.65,27.11,18.07,11.06,18.75,61.10,43.38,19.34,25.70
97.66,27.11,18.07,11.06,18.75,61.10,43.38,19.34,25.70
97.67,27.15,18.07,11.04,18.75,61.10,43.38,19.34,25.70
97.68,27.11,18.04,11.06,18.75,61.10,43.38,19.34,25.74
97.69,27.11,18.07,11.06,18.75,61.10,43.38,19.34,25.74
97.70,27.15,18.07,11.06,18.75,61.10,43.38,19.34,25.70
97.71,27.11,18.04,11.06,18.75,61.10,43.38,19.34,25.70
97.72,27.11,18.04,11.06,18.73,61.10,43.38,19.34,25.70
97.73,27.11,18.07,11.06,18.75,61.10,43.38,19.34,25.70
97.74,27.11,18.07,11.06,18.75,61.10,43.38,19.34,25.70
97.75,27.11,18.07,11.06,18.75,61.10,43.38,19.34,25.70
97.76,27.11,18.04,11.06,18.75,61.10,43.38,19.34,25.70
97.77,27.11,18.07,11.06,18.75,61.10,43.38,19.34,25.70
97.78,27.11,18.07,11.06,18.75,61.10,43.38,19.34,25.70
97.79,27.15,18.09,11.06,18.75,61.10,43.38,19.34,25.70
97.80,27.11,18.09,11.06,18.75,61.10,43.38,19.34,25.70
97.81,27.11,18.04,11.06,18.75,61.10,43.38,19.34,25.70
97.82,27.11,18.04,11.06,18.75,61.10,43.38,19.34,25.70
97.83,27.15,18.07,11.06,18.75,61.10,43.38,19.34,25.70
97.84,27.15,18.07,11.06,18.75,61.10,43.38,19.34,25.70
97.85,27.11,18.07,11.06,18.75,61.10,43.38,19.34,25.70
97.86,27.11,18.04,11.06,18.73,60.94,43.38,19.34,25.70
97.87,27.06,18.04,11.06,18.73,60.94,43.38,19.34,25.66
97.88,27.15,18.07,11.06,18.75,61.10,43.38,19.34,25.70
97.89,27.15,18.07,11.06,18.75,61.10,43.38,19.34,25.70
97.90,27.11,18.07,11.06,18.73,61.10,43.38,19.31,25.66
97.91,27.15,18.04,11.06,18.75,60.94,43.38,19.34,25.70
97.92,27.11,18.07,11.06,18.75,61.10,43.38,19.34,25.70
97.93,27.11,18.07,11.04,18.73,61.10,43.38,19.34,25.66
97.94,27.15,18.07,11.06,18.75,61.10,43.47,19.34,25.70
97.95,27.15,18.07,11.06,18.73,61.10,43.38,19.34,25.70
97.96,27.11,18.04,11.06,18.73,61.10,43.38,19.34,25.66
97.97,27.11,18.07,11.06,18.75,61.10,43.38,19.34,25.70
97.98,27.15,18.07,11.06,18.75,61.10,43.38,19.34,25.70
97.99,27.15,18.07,11.06,18.75,61.10,43.38,19.34,25.70
98.00,27.11,18.07,11.06,18.75,61.10,43.38,19.34,25.66
98.01,27.11,18.07,11.06,18.73,61.10,43.38,19.34,25.66
98.02,27.11,18.04,11.06,18.75,61.10,43.38,19.34,25.66
98.03,27.15,18.07,11.06,18.75,61.10,43.38,19.34,25.66
98.04,27.15,18.07,11.06,18.75,61.10,43.38,19.34,25.66
98.05,27.15,18.07,11.06,18.75,61.10,43.38,19.34,25.66
98.06,27.11,18.04,11.04,18.73,60.94,43.38,19.31,25.66
98.07,27.11,18.04,11.06,18.75,61.10,43.38,19.34,25.66
98.08,27.15,18.07,11.06,18.73,61.10,43.38,19.31,25.66
98.09,27.11,18.07,11.06,18.73,61.10,43.38,19.34,25.66
98.10,27.11,18.07,11.06,18.73,61.10,43.38,19.34,25.66
98.11,27.11,18.07,11.06,18.73,61.10,43.38,19.34,25.66
98.12,27.11,18.04,11.06,18.73,60.94,43.38,19.31,25.66
98.13,27.15,18.07,11.06,18.75,60.94,43.47,19.34,25.66
98.14,27.15,18.07,11.06,18.75,61.10,43.47,19.34,25.66
98.15,27.20,18.07,11.06,18.73,61.10,43.38,19.34,25.66
98.16,27.15,18.07,11.06,18.73,61.10,43.38,19.34,25.66
98.17,27.11,18.07,11.06,18.73,61.10,43.38,19.34,25.66
98.18,27.11,18.07,11.06,18.75,61.10,43.38,19.34,25.66
98.19,27.15,18.07,11.06,18.73,61.10,43.38,19.34,25.66
98.20,27.11,18.07,11.06,18.73,61.10,43.38,19.34,25.66
98.21,27.11,18.07,11.04,18.73,61.10,43.38,19.34,25.66
98.22,27.15,18.07,11.06,18.75,61.10,43.38,19.34,25.66
98.23,27.11,18.07,11.06,18.75,61.10,43.38,19.34,25.66
98.24,27.11,18.07,11.06,18.75,61.10,43.47,19.34,25.66
98.25,27.15,18.07,11.06,18.73,61.10,43.38,19.34,25.66
98.26,27.11,18.07,11.06,18.73,61.10,43.38,19.34,25.62
98.27,27.11,18.07,11.06,18.75,61.10,43.38,19.34,25.66
98.28,27.11,18.07,11.06,18.75,61.10,43.38,19.34,25.70
98.29,27.15,18.07,11.06,18.73,61.10,43.38,19.34,25.66
98.30,27.15,18.07,11.06,18.73,61.10,43.38,19.34,25.66
98.31,27.11,18.07,11.06,18.73,61.10,43.38,19.34,25.66
98.32,27.15,18.07,11.06,18.75,61.10,43.38,19.34,25.62
98.33,27.11,18.07,11.06,18.73,61.10,43.47,19.34,25.66
98.34,27.11,18.07,11.06,18.75,61.10,43.47,19.34,25.66
98.35,27.11,18.07,11.06,18.73,60.94,43.38,19.34,25.62
98.36,27.11,18.07,11.06,18.73,61.10,43.38,19.34,25.66
98.37,27.11,18.04,11.06,18.73,61.10,43.38,19.34,25.62
98.38,27.15,18.07,11.06,18.73,61.10,43.38,19.34,25.66
98.39,27.11,18.07,11.06,18.73,61.10,43.38,19.34,25.62
98.40,27.15,18.07,11.06,18.73,61.10,43.38,19.34,25.62
98.41,27.11,18.04,11.06,18.73,61.10,43.38,19.34,25.62
98.42,27.11,18.07,11.06,18.75,61.10,43.38,19.34,25.62
98.43,27.11,18.04,11.06,18.73,61.10,43.38,19.34,25.66
98.44,27.11,18.09,11.06,18.73,61.10,43.38,19.34,25.62
98.45,27.15,18.07,11.06,18.75,61.10,43.38,19.31,25.62
98.46,27.15,18.07,11.06,18.73,61.10,43.38,19.34,25.62
98.47,27.11,18.07,11.06,18.73,61.10,43.38,19.31,25.62
98.48,27.11,18.07,11.06,18.73,61.10,43.47,19.34,25.62
98.49,27.15,18.07,11.06,18.73,61.10,43.38,19.34,25.66
98.50,27.11,18.07,11.06,18.73,61.10,43.38,19.34,25.62
98.51,27.11,18.07,11.06,18.73,60.94,43.29,19.34,25.62
98.52,27.11,18.07,11.06,18.73,61.10,43.56,19.34,25.66
98.53,27.15,18.07,11.06,18.73,61.10,43.29,19.34,25.62
98.54,27.11,18.07,11.06,18.73,61.10,43.38,19.34,25.66
98.55,27.11,18.07,11.06,18.73,61.10,43.38,19.34,25.62
98.56,27.11,18.07,11.06,18.73,61.10,43.38,19.34,25.62
98.57,27.11,18.07,11.06,18.73,61.10,43.38,19.34,25.62
98.58,27.11,18.04,11.06,18.73,61.10,43.38,19.34,25.62
98.59,27.15,18.07,11.06,18.73,61.10,43.38,19.34,25.62
98.60,27.15,18.07,11.06,18.73,61.10,43.38,19.34,25.62
98.61,27.11,18.04,11.06,18.73,60.94,43.38,19.31,25.62
98.62,27.11,18.07,11.06,18.73,61.10,43.38,19.34,25.62
98.63,27.15,18.07,11.06,18.73,61.10,43.38,19.34,25.58
98.64,27.15,18.09,11.06,18.73,61.10,43.38,19.31,25.62
98.65,27.20,18.07,11.06,18.73,61.10,43.38,19.34,25.62
98.66,27.06,18.07,11.06,18.73,61.10,43.38,19.31,25.62
98.67,27.20,18.07,11.06,18.73,61.10,43.38,19.34,25.62
98.68,27.15,18.07,11.04,18.73,60.94,43.47,19.34,25.62
98.69,27.11,18.07,11.06,18.73,61.10,43.47,19.34,25.58
98.70,27.20,18.07,11.04,18.73,61.10,43.38,19.31,25.62
98.71,27.11,18.04,11.06,18.73,60.94,43.38,19.34,25.62
98.72,27.11,18.07,11.06,18.73,61.10,43.38,19.34,25.62
98.73,27.11,18.07,11.06,18.73,61.10,43.38,19.34,25.62
98.74,27.20,18.07,11.06,18.73,61.10,43.38,19.34,25.62
98.75,27.15,18.04,11.06,18.73,60.94,43.38,19.31,25.62
98.76,27.11,18.07,11.06,18.73,61.10,43.38,19.34,25.62
98.77,27.11,18.07,11.06,18.73,61.26,43.29,19.34,25.62
98.78,27.15,18.07,11.06,18.73,60.94,43.38,19.31,25.62
98.79,27.11,18.09,11.06,18.73,61.10,43.38,19.37,25.58
98.80,27.11,18.07,11.06,18.73,61.10,43.38,19.31,25.58
98.81,27.11,18.07,11.06,18.73,60.94,43.38,19.31,25.58
98.82,27.15,18.07,11.06,18.73,61.10,43.38,19.31,25.58
98.83,27.15,18.07,11.06,18.73,61.10,43.38,19.31,25.58
98.84,27.15,18.07,11.06,18.73,61.10,43.38,19.31,25.58
98.85,27.11,18.07,11.06,18.73,61.10,43.38,19.34,25.58
98.86,27.11,18.07,11.06,18.70,61.10,43.38,19.34,25.58
98.87,27.11,18.04,11.06,18.73,61.10,43.29,19.29,25.58
98.88,27.11,18.07,11.06,18.73,61.10,43.38,19.31,25.58
98.89,27.11,18.07,11.06,18.73,61.10,43.38,19.34,25.58
98.90,27.15,18.07,11.06,18.73,61.10,43.38,19.34,25.58
98.91,27.11,18.07,11.04,18.73,60.94,43.38,19.31,25.58
98.92,27.15,18.04,11.06,18.73,61.10,43.38,19.31,25.58
98.93,27.11,18.07,11.06,18.73,61.10,43.38,19.34,25.58
98.94,27.15,18.07,11.06,18.73,61.10,43.38,19.34,25.58
98.95,27.11,18.07,11.06,18.73,61.10,43.29,19.34,25.58
98.96,27.11,18.07,11.06,18.73,61.10,43.38,19.34,25.58
98.97,27.15,18.07,11.06,18.73,60.94,43.38,19.31,25.58
98.98,27.24,18.07,11.06,18.73,61.10,43.38,19.31,25.58
98.99,27.11,18.07,11.06,18.73,61.10,43.38,19.34,25.54
99.00,27.11,18.07,11.06,18.73,61.10,43.38,19.34,25.58
99.01,27.11,18.07,11.04,18.73,61.10,43.38,19.31,25.54
99.02,27.11,18.07,11.06,18.73,61.10,43.38,19.31,25.58
99.03,27.15,18.07,11.04,18.73,60.94,43.38,19.34,25.58
99.04,27.15,18.07,11.06,18.70,61.10,43.38,19.31,25.58
99.05,27.06,18.07,11.06,18.73,60.94,43.38,19.31,25.58
99.06,27.15,18.07,11.06,18.73,60.94,43.38,19.31,25.54
99.07,27.11,18.04,11.06,18.73,60.94,43.38,19.34,25.54
99.08,27.11,18.07,11.06,18.73,61.10,43.38,19.34,25.54
99.09,27.15,18.09,11.06,18.73,61.10,43.38,19.31,25.58
99.10,27.11,18.07,11.04,18.73,61.10,43.38,19.31,25.54
99.11,27.15,18.07,11.06,18.70,60.94,43.38,19.31,25.54
99.12,27.11,18.04,11.06,18.73,61.10,43.38,19.31,25.54
99.13,27.15,18.07,11.06,18.73,61.10,43.38,19.31,25.54
99.14,27.15,18.07,11.06,18.73,60.94,43.38,19.31,25.54
99.15,27.11,18.07,11.06,18.73,61.10,43.38,19.31,25.54
99.16,27.15,18.07,11.04,18.70,60.94,43.38,19.31,25.54
99.17,27.11,18.04,11.06,18.73,61.10,43.38,19.31,25.54
99.18,27.11,18.07,11.06,18.73,61.10,43.38,19.31,25.58
99.19,27.15,18.07,11.06,18.73,61.10,43.38,19.31,25.54
99.20,27.11,18.07,11.06,18.73,61.10,43.47,19.31,25.54
99.21,27.15,18.04,11.04,18.70,60.94,43.38,19.31,25.50
99.22,27.06,18.07,11.04,18.70,61.10,43.38,19.31,25.54
99.23,27.11,18.07,11.06,18.70,61.10,43.38,19.31,25.54
99.24,27.11,18.07,11.06,18.70,61.10,43.38,19.31,25.54
99.25,27.11,18.04,11.06,18.70,61.10,43.38,19.31,25.54
99.26,27.11,18.07,11.04,18.70,60.94,43.38,19.31,25.54
99.27,27.06,18.04,11.06,18.70,60.94,43.38,19.31,25.54
99.28,27.15,18.07,11.04,18.70,61.10,43.38,19.31,25.54
99.29,27.11,18.07,11.06,18.70,61.10,43.38,19.31,25.54
99.30,27.11,18.07,11.06,18.73,60.94,43.38,19.31,25.54
99.31,27.11,18.04,11.04,18.73,61.10,43.38,19.31,25.50
99.32,27.15,18.07,11.04,18.70,61.10,43.38,19.31,25.50
99.33,27.11,18.07,11.06,18.70,60.94,43.38,19.34,25.50
99.34,27.11,18.07,11.06,18.73,61.10,43.38,19.31,25.54
99.35,27.15,18.04,11.04,18.70,61.10,43.38,19.31,25.50
99.36,27.06,18.04,11.06,18.73,60.94,43.38,19.31,25.50
99.37,27.06,18.07,11.04,18.70,61.10,43.38,19.31,25.54
99.38,27.11,18.07,11.06,18.70,61.10,43.38,19.31,25.54
99.39,27.11,18.07,11.06,18.73,61.10,43.38,19.31,25.54
99.40,27.15,18.04,11.04,18.70,61.10,43.38,19.31,25.54
99.41,27.15,18.07,11.04,18.70,61.10,43.29,19.31,25.54
99.42,27.11,18.07,11.04,18.70,61.10,43.38,19.31,25.54
99.43,27.15,18.07,11.06,18.70,61.10,43.38,19.31,25.50
99.44,27.15,18.07,11.06,18.70,61.10,43.38,19.31,25.50
99.45,27.15,18.07,11.04,18.70,61.10,43.38,19.31,25.54
99.46,27.11,18.07,11.04,18.70,60.94,43.38,19.31,25.50
99.47,27.15,18.07,11.06,18.73,61.10,43.38,19.31,25.54
99.48,27.11,18.07,11.04,18.70,60.94,43.38,19.31,25.50
99.49,27.11,18.07,11.06,18.70,60.94,43.38,19.31,25.54
99.50,27.11,18.07,11.06,18.70,60.94,43.38,19.31,25.50
99.51,27.11,18.04,11.04,18.70,61.10,43.29,19.31,25.50
99.52,27.15,18.07,11.06,18.70,61.10,43.38,19.31,25.50
99.53,27.11,18.04,11.06,18.70,61.10,43.38,19.31,25.46
99.54,27.15,18.07,11.06,18.70,60.94,43.38,19.31,25.50
99.55,27.15,18.07,11.06,18.70,61.10,43.38,19.31,25.50
99.56,27.11,18.04,11.04,18.70,60.94,43.38,19.31,25.50
99.57,27.11,18.07,11.04,18.70,60.94,43.38,19.31,25.50
99.58,27.15,18.07,11.06,18.70,61.10,43.38,19.31,25.50
99.59,27.15,18.07,11.06,18.70,61.10,43.38,19.31,25.50
99.60,27.11,18.07,11.06,18.70,61.10,43.38,19.31,25.50
99.61,27.11,18.07,11.04,18.70,61.10,43.38,19.31,25.50
99.62,27.11,18.04,11.04,18.70,60.94,43.38,19.31,25.50
99.63,27.11,18.07,11.06,18.70,60.94,43.38,19.31,25.50
99.64,27.15,18.07,11.06,18.70,61.10,43.38,19.31,25.50
99.65,27.11,18.07,11.04,18.70,61.10,43.38,19.31,25.50
99.66,27.15,18.04,11.04,18.70,60.94,43.38,19.31,25.50
99.67,27.15,18.04,11.04,18.70,60.94,43.38,19.31,25.50
99.68,27.15,18.07,11.04,18.70,61.10,43.38,19.31,25.46
99.69,27.11,18.07,11.06,18.67,60.94,43.38,19.31,25.46
99.70,27.06,18.07,11.06,18.70,60.94,43.38,19.31,25.50
99.71,27.11,18.04,11.04,18.70,60.94,43.38,19.31,25.50
99.72,27.11,18.04,11.04,18.70,60.94,43.38,19.31,25.50
99.73,27.11,18.07,11.06,18.70,60.94,43.38,19.31,25.50
99.74,27.11,18.07,11.06,18.70,61.10,43.38,19.31,25.50
99.75,27.15,18.07,11.06,18.70,61.10,43.47,19.31,25.50
99.76,27.06,18.04,11.04,18.70,60.94,43.38,19.31,25.50
99.77,27.11,18.07,11.06,18.70,60.94,43.47,19.31,25.46
99.78,27.11,18.07,11.04,18.70,61.10,43.47,19.31,25.50
99.79,27.15,18.07,11.06,18.70,60.94,43.38,19.31,25.46
99.80,27.11,18.07,11.04,18.70,60.94,43.38,19.31,25.46
99.81,27.15,18.04,11.04,18.70,60.94,43.38,19.31,25.46
99.82,27.15,18.04,11.04,18.70,61.10,43.38,19.31,25.46
99.83,27.11,18.07,11.04,18.70,60.94,43.38,19.31,25.50
99.84,27.11,18.07,11.06,18.70,61.10,43.38,19.31,25.46
99.85,27.11,18.07,11.04,18.70,60.94,43.29,19.29,25.50
99.86,27.06,18.04,11.04,18.70,60.94,43.29,19.31,25.46
99.87,27.06,18.07,11.04,18.67,60.94,43.38,19.31,25.46
99.88,27.15,18.07,11.04,18.70,61.10,43.38,19.31,25.46
99.89,27.11,18.07,11.04,18.70,61.10,43.38,19.31,25.46
99.90,27.06,18.07,11.06,18.67,60.94,43.38,19.31,25.50
99.91,27.11,18.04,11.04,18.70,60.94,43.29,19.31,25.46
99.92,27.06,18.04,11.04,18.70,61.10,43.38,19.29,25.46
99.93,27.15,18.07,11.04,18.70,60.94,43.38,19.31,25.46
99.94,27.11,18.04,11.04,18.70,60.94,43.38,19.31,25.46
99.95,27.11,18.04,11.06,18.70,60.94,43.38,19.31,25.46
99.96,27.11,18.04,11.03,18.67,60.94,43.29,19.29,25.46
99.97,27.06,18.04,11.04,18.67,60.94,43.29,19.29,25.46
99.98,27.11,18.07,11.04,18.67,60.94,43.38,19.29,25.46
99.99,27.15,18.07,11.06,18.70,61.10,43.38,19.31,25.46
100.00,27.11,18.04,11.04,18.67,61.10,43.38,19.31,25.46
100.01,27.11,18.04,11.04,18.67,60.77,43.29,19.29,25.46
100.02,27.11,18.04,11.04,18.67,61.10,43.38,19.31,25.42
100.03,27.15,18.07,11.04,18.70,60.94,43.38,19.31,25.46
100.04,27.11,18.07,11.04,18.67,61.10,43.38,19.31,25.46
100.05,27.11,18.04,11.04,18.67,60.94,43.38,19.31,25.42
100.06,27.11,18.04,11.04,18.67,60.94,43.38,19.29,25.42
100.07,27.06,18.04,11.04,18.67,60.94,43.38,19.29,25.42
100.08,27.11,18.07,11.04,18.67,60.94,43.38,19.31,25.46
100.09,27.11,18.04,11.04,18.67,60.94,43.38,19.31,25.42
100.10,27.06,18.04,11.04,18.67,61.10,43.29,19.31,25.46
100.11,27.06,18.04,11.04,18.67,60.94,43.38,19.29,25.46
100.12,27.06,18.04,11.04,18.67,60.94,43.38,19.29,25.46
100.13,27.15,18.04,11.06,18.70,60.94,43.38,19.29,25.46
100.14,27.11,18.04,11.06,18.70,60.94,43.38,19.31,25.42
100.15,27.11,18.04,11.04,18.67,61.10,43.29,19.29,25.42
100.16,27.06,18.04,11.04,18.67,60.94,43.38,19.29,25.42
100.17,27.11,18.04,11.04,18.70,60.94,43.29,19.29,25.42
100.18,27.11,18.07,11.04,18.67,61.10,43.38,19.31,25.42
100.19,27.11,18.04,11.04,18.67,60.94,43.38,19.31,25.42
100.20,27.06,18.04,11.04,18.67,60.94,43.38,19.29,25.42
100.21,27.06,18.04,11.04,18.67,60.94,43.38,19.29,25.42
100.22,27.06,18.04,11.04,18.67,60.94,43.38,19.29,25.42
100.23,27.11,18.04,11.04,18.67,61.10,43.38,19.29,25.42
100.24,27.11,18.04,11.04,18.67,60.94,43.38,19.31,25.42
100.25,27.06,18.07,11.04,18.67,60.94,43.38,19.29,25.42
100.26,27.06,18.04,11.04,18.67,60.94,43.29,19.29,25.42
100.27,27.02,18.04,11.04,18.67,60.94,43.38,19.31,25.42
100.28,27.11,18.07,11.04,18.67,60.94,43.38,19.29,25.42
100.29,27.06,18.07,11.04,18.67,60.94,43.38,19.29,25.42
100.30,27.06,18.04,11.04,18.67,61.10,43.38,19.29,25.42
100.31,27.06,18.04,11.04,18.67,60.94,43.38,19.29,25.42
100.32,27.11,18.04,11.04,18.67,60.94,43.38,19.29,25.38
100.33,27.11,18.04,11.04,18.67,60.94,43.29,19.29,25.42
100.34,27.11,18.04,11.04,18.70,60.94,43.38,19.29,25.42
100.35,27.06,18.04,11.04,18.67,60.94,43.38,19.31,25.42
100.36,27.06,18.04,11.04,18.67,61.10,43.38,19.29,25.42
100.37,27.06,18.04,11.04,18.67,60.94,43.29,19.29,25.42
100.38,27.11,18.04,11.04,18.67,60.94,43.29,19.29,25.42
100.39,27.11,18.07,11.04,18.67,60.94,43.38,19.29,25.38
100.40,27.06,18.04,11.04,18.67,60.94,43.29,19.29,25.38
100.41,27.06,18.04,11.04,18.67,60.94,43.29,19.31,25.38
100.42,27.11,18.04,11.04,18.67,60.94,43.20,19.29,25.42
100.43,27.11,18.07,11.04,18.67,60.94,43.38,19.31,25.42
100.44,27.11,18.07,11.04,18.67,60.94,43.38,19.29,25.38
100.45,27.11,18.04,11.04,18.65,60.94,43.29,19.29,25.38
100.46,27.11,18.04,11.04,18.67,60.94,43.29,19.29,25.38
100.47,27.11,18.02,11.04,18.67,60.94,43.29,19.29,25.38
100.48,27.06,18.04,11.04,18.67,60.94,43.29,19.31,25.38
100.49,27.06,18.04,11.04,18.67,60.94,43.38,19.29,25.38
100.50,27.06,18.04,11.04,18.67,61.10,43.38,19.29,25.38
100.51,27.06,18.04,11.04,18.67,60.94,43.38,19.29,25.38
100.52,27.06,18.04,11.04,18.67,60.94,43.38,19.29,25.38
100.53,27.06,18.04,11.04,18.67,61.10,43.38,19.29,25.38
100.54,27.06,18.04,11.04,18.67,60.94,43.38,19.29,25.38
100.55,27.11,18.04,11.04,18.67,60.94,43.29,19.29,25.38
100.56,27.06,18.04,11.04,18.67,60.94,43.29,19.29,25.38
100.57,27.06,18.04,11.03,18.67,60.94,43.47,19.29,25.38
100.58,27.06,18.04,11.04,18.67,61.10,43.38,19.29,25.38
100.59,27.11,18.04,11.04,18.67,60.94,43.38,19.29,25.38
100.60,27.06,18.04,11.04,18.67,60.94,43.38,19.29,25.38
100.61,27.06,18.02,11.03,18.67,60.94,43.29,19.29,25.38
100.62,27.06,18.04,11.04,18.67,60.94,43.38,19.29,25.38
100.63,27.02,18.04,11.04,18.67,60.94,43.38,19.31,25.38
100.64,27.11,18.04,11.04,18.67,60.94,43.29,19.29,25.34
100.65,27.06,18.04,11.04,18.67,60.94,43.38,19.29,25.38
100.66,27.06,18.04,11.04,18.67,60.77,43.29,19.29,25.38
100.67,27.06,18.04,11.04,18.67,60.94,43.29,19.29,25.38
100.68,27.06,18.04,11.04,18.67,60.94,43.29,19.29,25.38
100.69,27.06,18.04,11.04,18.67,61.10,43.29,19.29,25.34
100.70,27.06,18.04,11.03,18.67,60.94,43.38,19.29,25.38
100.71,27.06,18.04,11.03,18.67,60.94,43.29,19.29,25.34
100.72,27.06,18.04,11.03,18.67,60.94,43.29,19.29,25.34
100.73,27.11,18.04,11.04,18.67,60.94,43.38,19.29,25.38
100.74,27.15,18.04,11.04,18.67,60.94,43.38,19.29,25.38
100.75,27.06,18.04,11.04,18.65,60.94,43.38,19.29,25.34
100.76,27.11,18.04,11.03,18.67,60.94,43.29,19.29,25.38
100.77,27.06,18.04,11.04,18.67,60.94,43.29,19.29,25.38
100.78,27.11,18.07,11.04,18.67,60.94,43.38,19.29,25.38
100.79,27.11,18.04,11.04,18.67,60.94,43.29,19.29,25.38
100.80,27.11,18.04,11.04,18.65,60.94,43.29,19.29,25.38
100.81,27.02,18.04,11.03,18.67,60.94,43.38,19.29,25.38
100.82,27.02,18.04,11.04,18.67,60.94,43.29,19.29,25.38
100.83,27.11,18.04,11.04,18.67,60.94,43.38,19.29,25.34
100.84,27.06,18.04,11.04,18.67,60.94,43.29,19.29,25.34
100.85,27.11,18.04,11.04,18.67,60.94,43.29,19.29,25.34
100.86,27.02,18.02,11.04,18.65,60.94,43.38,19.29,25.34
100.87,27.11,18.04,11.03,18.65,60.94,43.38,19.29,25.34
100.88,27.11,18.04,11.04,18.67,60.94,43.29,19.29,25.34
100.89,27.11,18.04,11.04,18.65,60.94,43.29,19.29,25.34
100.90,27.06,18.04,11.04,18.65,60.94,43.29,19.29,25.34
100.91,27.02,18.02,11.03,18.65,60.94,43.29,19.26,25.34
100.92,27.06,18.02,11.03,18.65,60.94,43.38,19.29,25.34
100.93,27.06,18.07,11.04,18.67,60.94,43.29,19.29,25.34
100.94,27.06,18.02,11.04,18.65,60.94,43.29,19.29,25.34
100.95,27.06,18.07,11.04,18.67,60.94,43.29,19.29,25.34
100.96,27.02,18.02,11.03,18.65,60.94,43.29,19.29,25.34
100.97,27.06,18.02,11.04,18.65,60.94,43.29,19.29,25.34
100.98,27.06,18.04,11.04,18.67,60.94,43.29,19.29,25.34
100.99,27.06,18.04,11.04,18.67,60.77,43.38,19.29,25.34
101.00,27.06,18.02,11.03,18.65,60.94,43.38,19.29,25.34
101.01,27.06,18.02,11.03,18.67,60.94,43.29,19.29,25.34
101.02,27.06,18.04,11.03,18.65,60.94,43.29,19.29,25.30
101.03,27.06,18.04,11.03,18.65,60.77,43.38,19.29,25.34
101.04,27.06,18.04,11.04,18.65,60.94,43.20,19.29,25.30
101.05,27.02,18.04,11.03,18.65,60.94,43.29,19.29,25.34
101.06,27.02,18.04,11.03,18.65,60.94,43.29,19.26,25.30
101.07,27.02,18.02,11.03,18.65,60.94,43.29,19.29,25.34
101.08,27.06,18.02,11.04,18.65,60.94,43.38,19.29,25.34
101.09,27.06,18.04,11.04,18.67,60.94,43.29,19.29,25.34
101.10,27.06,18.02,11.03,18.67,60.94,43.29,19.29,25.34
101.11,27.02,18.02,11.03,18.67,60.94,43.29,19.26,25.30
101.12,27.06,18.02,11.03,18.67,60.94,43.29,19.26,25.34
101.13,27.06,18.02,11.03,18.65,60.94,43.20,19.29,25.30
101.14,27.06,18.04,11.03,18.65,60.94,43.38,19.29,25.30
101.15,27.06,18.02,11.03,18.67,60.94,43.29,19.29,25.34
101.16,27.11,18.02,11.03,18.65,60.94,43.29,19.26,25.30
101.17,27.06,18.02,11.03,18.65,60.94,43.29,19.29,25.30
101.18,27.15,18.04,11.03,18.65,60.94,43.29,19.29,25.30
101.19,27.02,18.02,11.04,18.67,60.94,43.29,19.29,25.30
101.20,27.06,18.02,11.03,18.67,60.77,43.29,19.26,25.30
101.21,27.02,18.02,11.03,18.65,60.94,43.29,19.26,25.30
101.22,27.02,18.02,11.04,18.65,60.77,43.29,19.26,25.30
101.23,27.06,18.04,11.03,18.67,60.94,43.29,19.29,25.30
101.24,27.06,18.04,11.03,18.65,60.94,43.29,19.29,25.30
101.25,27.06,18.02,11.03,18.67,60.94,43.29,19.29,25.30
101.26,27.11,18.02,11.03,18.65,60.77,43.29,19.29,25.30
101.27,27.02,18.02,11.03,18.65,60.94,43.29,19.29,25.30
101.28,27.06,18.02,11.03,18.65,60.77,43.29,19.29,25.30
101.29,27.11,18.02,11.03,18.67,60.94,43.20,19.29,25.30
101.30,27.06,18.02,11.03,18.65,60.77,43.29,19.29,25.30
101.31,27.11,18.02,11.03,18.65,60.94,43.29,19.23,25.26
101.32,27.02,18.02,11.03,18.65,60.94,43.29,19.29,25.30
101.33,27.11,18.02,11.03,18.65,60.94,43.38,19.29,25.30
101.34,27.06,18.04,11.03,18.65,60.77,43.29,19.26,25.30
101.35,27.02,18.02,11.03,18.65,60.77,43.29,19.26,25.30
101.36,27.02,18.02,11.03,18.65,60.77,43.29,19.26,25.30
101.37,27.02,18.02,11.03,18.65,60.94,43.29,19.29,25.30
101.38,27.06,18.02,11.03,18.65,60.94,43.29,19.29,25.30
101.39,27.06,18.02,11.04,18.65,60.94,43.29,19.29,25.30
101.40,27.06,18.04,11.03,18.65,60.94,43.38,19.29,25.30
101.41,27.02,18.02,11.03,18.65,60.94,43.20,19.26,25.26
101.42,27.11,18.02,11.03,18.65,60.77,43.38,19.26,25.30
101.43,27.11,18.04,11.04,18.65,60.94,43.29,19.29,25.26
101.44,27.06,18.02,11.03,18.65,60.94,43.29,19.26,25.26
101.45,27.02,18.02,11.03,18.65,60.94,43.29,19.29,25.26
101.46,27.02,17.99,11.03,18.65,60.77,43.29,19.26,25.30
101.47,27.06,18.02,11.03,18.65,60.94,43.29,19.26,25.30
101.48,27.11,18.02,11.03,18.65,60.77,43.29,19.26,25.30
101.49,27.02,18.02,11.03,18.65,60.94,43.38,19.26,25.30
101.50,27.06,18.02,11.03,18.65,60.77,43.29,19.26,25.30
101.51,27.02,18.02,11.03,18.65,60.77,43.29,19.26,25.26
101.52,27.02,18.02,11.02,18.65,60.77,43.29,19.26,25.26
101.53,27.02,18.02,11.03,18.62,60.94,43.29,19.29,25.30
101.54,27.06,18.04,11.03,18.65,60.77,43.29,19.29,25.26
101.55,27.02,18.02,11.03,18.65,60.94,43.29,19.26,25.26
101.56,27.02,17.99,11.03,18.65,60.94,43.29,19.26,25.26
101.57,27.06,18.02,11.03,18.65,60.94,43.29,19.26,25.26
101.58,27.06,18.02,11.03,18.65,60.94,43.29,19.29,25.26
101.59,27.02,18.02,11.03,18.65,60.94,43.29,19.29,25.30
101.60,27.02,17.99,11.03,18.65,60.94,43.29,19.26,25.26
101.61,27.02,18.02,11.03,18.65,60.77,43.29,19.26,25.26
101.62,27.06,18.02,11.03,18.65,60.94,43.29,19.26,25.26
101.63,27.06,18.02,11.03,18.65,60.94,43.29,19.29,25.26
101.64,27.06,18.04,11.03,18.65,60.77,43.29,19.26,25.26
101.65,27.02,18.02,11.03,18.65,60.77,43.20,19.26,25.26
101.66,27.02,17.99,11.03,18.65,60.77,43.38,19.26,25.26
101.67,27.06,17.99,11.03,18.65,60.77,43.29,19.26,25.26
101.68,27.06,18.02,11.03,18.65,60.94,43.29,19.26,25.26
101.69,27.06,18.02,11.03,18.65,60.94,43.29,19.26,25.26
101.70,27.06,18.02,11.03,18.65,60.77,43.29,19.26,25.26
101.71,27.06,17.99,11.02,18.62,60.77,43.29,19.26,25.26
101.72,27.02,18.02,11.02,18.62,60.94,43.29,19.26,25.26
101.73,27.02,18.02,11.03,18.62,60.94,43.29,19.26,25.22
101.74,27.02,18.02,11.02,18.62,60.77,43.29,19.26,25.26
101.75,27.02,17.99,11.03,18.65,60.77,43.20,19.26,25.26
101.76,26.98,17.99,11.03,18.62,60.77,43.20,19.26,25.26
101.77,27.02,18.02,11.03,18.65,60.77,43.38,19.26,25.26
101.78,27.02,18.02,11.03,18.65,60.94,43.29,19.26,25.26
101.79,27.02,17.99,11.03,18.62,60.94,43.29,19.26,25.22
101.80,27.06,17.99,11.02,18.62,60.77,43.20,19.26,25.26
101.81,27.02,18.02,11.03,18.65,60.77,43.20,19.26,25.22
101.82,27.02,17.97,11.02,18.65,60.94,43.20,19.23,25.26
101.83,27.02,18.02,11.03,18.65,60.77,43.29,19.26,25.26
101.84,27.02,18.02,11.03,18.65,60.77,43.29,19.26,25.22
101.85,27.02,17.99,11.03,18.65,60.77,43.29,19.26,25.22
101.86,26.98,17.99,11.02,18.62,60.77,43.29,19.26,25.22
101.87,27.06,17.99,11.02,18.62,60.77,43.29,19.26,25.22
101.88,27.06,18.02,11.03,18.65,60.94,43.29,19.26,25.22
101.89,27.06,18.02,11.03,18.62,60.77,43.20,19.26,25.22
101.90,26.98,17.99,11.02,18.65,60.77,43.29,19.26,25.22
101.91,27.02,17.99,11.02,18.65,60.77,43.20,19.23,25.22
101.92,27.02,17.99,11.02,18.62,60.77,43.29,19.26,25.22
101.93,27.06,18.02,11.03,18.62,60.77,43.29,19.26,25.22
101.94,27.02,18.02,11.03,18.62,60.77,43.29,19.26,25.22
101.95,27.02,17.99,11.02,18.62,60.77,43.29,19.26,25.22
101.96,26.98,17.99,11.02,18.62,60.77,43.29,19.26,25.22
101.97,27.02,17.99,11.02,18.62,60.77,43.20,19.26,25.22
101.98,26.98,17.99,11.02,18.65,60.77,43.20,19.23,25.22
101.99,27.02,17.99,11.03,18.62,60.94,43.29,19.26,25.22
102.00,27.02,17.99,11.02,18.62,60.77,43.20,19.26,25.18
102.01,27.02,17.97,11.02,18.62,60.77,43.29,19.23,25.22
102.02,27.06,17.99,11.02,18.62,60.77,43.29,19.23,25.22
102.03,27.02,17.99,11.02,18.65,60.94,43.29,19.26,25.22
102.04,27.02,18.02,11.03,18.62,60.77,43.29,19.26,25.22
102.05,27.02,17.99,11.02,18.65,60.77,43.20,19.23,25.22
102.06,27.02,17.99,11.02,18.65,60.77,43.20,19.23,25.22
102.07,26.98,17.99,11.02,18.62,60.77,43.20,19.23,25.22
102.08,27.06,18.02,11.02,18.62,60.77,43.20,19.26,25.22
102.09,27.02,17.99,11.02,18.62,60.77,43.20,19.26,25.22
102.10,26.98,17.99,11.02,18.62,60.77,43.20,19.23,25.22
102.11,26.98,17.99,11.02,18.62,60.77,43.20,19.23,25.18
102.12,27.06,17.99,11.02,18.62,60.77,43.20,19.23,25.26
102.13,27.02,17.99,11.02,18.62,60.77,43.29,19.23,25.18
102.14,27.02,17.99,11.02,18.62,60.77,43.20,19.26,25.22
102.15,26.98,17.99,11.02,18.62,60.77,43.20,19.26,25.18
102.16,26.98,17.99,11.02,18.62,60.77,43.20,19.23,25.18
102.17,26.98,17.99,11.02,18.62,60.77,43.29,19.23,25.18
102.18,27.02,17.97,11.02,18.62,60.77,43.20,19.26,25.18
102.19,26.98,17.97,11.02,18.62,60.77,43.20,19.23,25.22
102.20,26.98,17.99,11.00,18.62,60.77,43.20,19.23,25.18
102.21,26.98,17.99,11.00,18.62,60.77,43.20,19.23,25.18
102.22,26.98,17.99,11.02,18.62,60.77,43.20,19.23,25.18
102.23,26.98,17.99,11.02,18.62,60.77,43.29,19.23,25.18
102.24,27.02,17.99,11.02,18.62,60.77,43.29,19.23,25.18
102.25,26.98,17.99,11.00,18.62,60.77,43.20,19.23,25.18
102.26,26.98,17.99,11.02,18.62,60.77,43.29,19.23,25.18
102.27,26.98,17.99,11.02,18.62,60.77,43.11,19.23,25.18
102.28,26.98,17.99,11.02,18.62,60.77,43.29,19.26,25.18
102.29,27.02,17.99,11.02,18.62,60.77,43.29,19.23,25.18
102.30,27.02,17.99,11.00,18.62,60.77,43.20,19.23,25.22
102.31,27.02,17.97,11.00,18.62,60.77,43.20,19.23,25.22
102.32,27.02,17.97,11.00,18.59,60.77,43.20,19.23,25.14
102.33,26.98,17.99,11.02,18.62,60.77,43.20,19.23,25.18
102.34,27.02,17.99,11.02,18.62,60.77,43.29,19.23,25.18
102.35,26.93,17.99,11.00,18.62,60.77,43.29,19.23,25.18
102.36,27.02,17.97,11.00,18.62,60.77,43.20,19.23,25.18
102.37,27.02,17.97,11.02,18.62,60.77,43.20,19.23,25.18
102.38,27.02,17.99,11.02,18.62,60.77,43.20,19.23,25.18
102.39,26.98,17.99,11.00,18.62,60.77,43.20,19.23,25.18
102.40,26.98,17.97,11.00,18.62,60.77,43.20,19.23,25.18
102.41,27.02,17.97,11.00,18.62,60.77,43.29,19.23,25.18
102.42,26.98,17.97,11.00,18.62,60.77,43.20,19.23,25.18
102.43,27.06,17.99,11.02,18.62,60.77,43.29,19.23,25.18
102.44,27.02,17.99,11.00,18.62,60.77,43.20,19.23,25.18
102.45,26.98,17.97,11.02,18.62,60.77,43.20,19.23,25.18
102.46,26.93,17.97,11.00,18.62,60.77,43.20,19.23,25.18
102.47,27.02,17.97,11.00,18.62,60.77,43.20,19.23,25.18
102.48,27.02,17.99,11.02,18.62,60.94,43.29,19.26,25.14
102.49,27.02,17.99,11.02,18.62,60.77,43.20,19.23,25.18
102.50,26.98,17.99,11.00,18.62,60.77,43.20,19.20,25.14
102.51,26.98,17.97,11.00,18.62,60.77,43.20,19.23,25.18
102.52,26.98,17.99,11.00,18.62,60.61,43.20,19.23,25.14
102.53,27.02,17.99,11.02,18.62,60.77,43.20,19.26,25.18
102.54,27.02,17.97,11.02,18.62,60.61,43.20,19.20,25.18
102.55,26.98,17.97,11.00,18.62,60.77,43.20,19.23,25.14
102.56,26.98,17.97,11.00,18.62,60.77,43.20,19.23,25.18
102.57,27.02,17.97,11.00,18.62,60.77,43.20,19.23,25.18
102.58,27.02,17.99,11.00,18.62,60.77,43.20,19.23,25.14
102.59,26.98,17.99,11.00,18.62,60.77,43.20,19.23,25.14
102.60,26.98,17.97,11.02,18.62,60.77,43.20,19.26,25.18
102.61,26.93,17.97,11.00,18.62,60.77,43.11,19.23,25.14
102.62,26.98,17.97,11.00,18.62,60.77,43.20,19.23,25.14
102.63,27.02,17.99,11.02,18.62,60.77,43.20,19.23,25.14
102.64,27.02,17.99,11.00,18.62,60.77,43.20,19.23,25.14
102.65,27.02,17.97,11.00,18.59,60.61,43.20,19.23,25.14
102.66,27.02,17.97,11.00,18.59,60.77,43.20,19.23,25.14
102.67,26.93,17.97,11.00,18.62,60.77,43.20,19.23,25.14
102.68,27.02,17.99,11.02,18.62,60.77,43.20,19.23,25.14
102.69,27.02,17.97,11.02,18.62,60.77,43.11,19.23,25.14
102.70,26.98,17.97,11.02,18.59,60.77,43.11,19.23,25.14
102.71,26.98,17.97,11.00,18.62,60.61,43.20,19.23,25.14
102.72,26.98,17.97,11.02,18.59,60.77,43.11,19.23,25.14
102.73,27.02,17.99,11.00,18.62,60.77,43.20,19.23,25.14
102.74,27.02,17.99,11.02,18.62,60.77,43.20,19.23,25.14
102.75,27.02,17.97,11.00,18.59,60.61,43.11,19.23,25.14
102.76,27.02,17.97,11.00,18.59,60.77,43.20,19.23,25.14
102.77,27.02,17.97,11.00,18.59,60.77,43.20,19.23,25.14
102.78,26.98,17.97,11.02,18.62,60.61,43.20,19.23,25.14
102.79,26.98,17.99,11.00,18.59,60.77,43.20,19.23,25.14
102.80,26.93,17.97,11.00,18.59,60.77,43.11,19.20,25.14
102.81,26.93,17.97,11.00,18.62,60.77,43.20,19.23,25.14
102.82,27.02,17.97,11.00,18.62,60.77,43.20,19.23,25.14
102.83,26.98,17.97,11.00,18.62,60.77,43.20,19.23,25.14
102.84,27.02,17.97,11.00,18.59,60.77,43.20,19.20,25.14
102.85,26.98,17.97,11.00,18.62,60.77,43.20,19.20,25.14
102.86,26.98,17.97,11.00,18.59,60.77,43.20,19.23,25.14
102.87,26.98,17.97,11.00,18.62,60.77,43.20,19.20,25.14
102.88,26.98,17.97,11.00,18.62,60.77,43.20,19.23,25.14
102.89,26.98,17.97,11.02,18.62,60.77,43.20,19.23,25.14
102.90,26.98,17.97,11.00,18.62,60.77,43.20,19.23,25.14
102.91,26.98,17.94,11.00,18.59,60.61,43.20,19.20,25.14
102.92,26.98,17.97,11.00,18.62,60.77,43.20,19.20,25.10
102.93,27.02,17.97,11.00,18.59,60.77,43.11,19.20,25.14
102.94,27.02,17.97,11.00,18.59,60.77,43.20,19.23,25.10
102.95,26.98,17.97,11.00,18.57,60.77,43.20,19.23,25.10
102.96,26.98,17.97,11.00,18.59,60.61,43.20,19.20,25.10
102.97,26.98,17.97,11.00,18.62,60.77,43.20,19.23,25.10
102.98,26.98,17.97,11.02,18.62,60.77,43.20,19.23,25.10
102.99,26.98,17.97,11.00,18.59,60.77,43.20,19.23,25.10
103.00,26.98,17.97,11.00,18.62,60.77,43.20,19.23,25.10
103.01,26.98,17.94,10.99,18.59,60.61,43.20,19.20,25.10
103.02,26.93,17.97,11.00,18.62,60.61,43.11,19.20,25.10
103.03,26.98,17.97,11.00,18.62,60.77,43.20,19.23,25.10
103.04,26.98,17.97,11.00,18.62,60.77,43.20,19.23,25.10
103.05,26.98,17.97,11.00,18.62,60.61,43.20,19.20,25.10
103.06,26.93,17.94,11.00,18.59,60.61,43.20,19.20,25.10
103.07,26.93,17.94,11.00,18.59,60.77,43.20,19.20,25.10
103.08,27.02,17.99,11.00,18.62,60.77,43.20,19.23,25.10
103.09,27.02,17.97,11.00,18.59,60.77,43.20,19.23,25.10
103.10,26.98,17.97,11.00,18.59,60.77,43.11,19.23,25.10
103.11,26.93,17.94,10.99,18.59,60.61,43.11,19.23,25.10
103.12,27.02,17.97,11.00,18.59,60.77,43.20,19.23,25.10
103.13,26.93,17.97,11.00,18.59,60.61,43.20,19.23,25.10
103.14,26.93,17.97,11.00,18.59,60.77,43.20,19.23,25.10
103.15,26.93,17.97,10.99,18.59,60.77,43.20,19.23,25.10
103.16,26.98,17.94,10.99,18.59,60.77,43.11,19.20,25.06
103.17,26.93,17.94,11.00,18.59,60.61,43.20,19.23,25.10
103.18,26.98,17.97,11.00,18.59,60.77,43.20,19.23,25.10
103.19,26.93,17.97,11.00,18.59,60.61,43.20,19.23,25.10
103.20,26.98,17.97,10.99,18.59,60.61,43.20,19.23,25.10
103.21,26.93,17.94,11.00,18.59,60.61,43.20,19.20,25.10
103.22,26.98,17.97,11.00,18.59,60.61,43.20,19.23,25.10
103.23,26.98,17.97,11.00,18.59,60.61,43.20,19.23,25.10
103.24,26.93,17.94,11.00,18.59,60.77,43.20,19.23,25.10
103.25,26.93,17.97,11.00,18.59,60.61,43.20,19.23,25.06
103.26,26.93,17.97,11.00,18.59,60.61,43.20,19.20,25.06
103.27,26.98,17.97,11.00,18.59,60.61,43.20,19.20,25.10
103.28,26.98,17.97,11.00,18.59,60.77,43.20,19.23,25.10
103.29,27.02,17.97,11.00,18.59,60.77,43.11,19.23,25.10
103.30,26.93,17.94,11.00,18.59,60.61,43.20,19.20,25.10
103.31,26.93,17.94,11.00,18.59,60.61,43.20,19.20,25.06
103.32,26.98,17.97,11.00,18.59,60.61,43.20,19.20,25.06
103.33,26.98,17.97,11.00,18.59,60.77,43.20,19.20,25.10
103.34,26.98,17.97,11.00,18.59,60.61,43.20,19.20,25.06
103.35,26.98,17.97,11.00,18.59,60.61,43.11,19.20,25.06
103.36,26.98,17.94,11.00,18.59,60.61,43.20,19.20,25.10
103.37,26.93,17.97,11.00,18.59,60.61,43.20,19.20,25.06
103.38,26.93,17.97,11.00,18.59,60.61,43.20,19.23,25.06
103.39,26.98,17.97,11.00,18.59,60.61,43.20,19.23,25.10
103.40,26.93,17.97,11.00,18.59,60.77,43.20,19.23,25.06
103.41,26.93,17.94,11.00,18.59,60.61,43.20,19.20,25.06
103.42,26.93,17.97,11.00,18.59,60.61,43.20,19.20,25.06
103.43,26.98,17.94,11.00,18.59,60.77,43.20,19.23,25.06
103.44,26.93,17.99,11.00,18.59,60.61,43.20,19.23,25.06
103.45,26.98,17.92,11.00,18.57,60.61,43.11,19.20,25.06
103.46,26.93,17.97,11.00,18.59,60.61,43.11,19.20,25.06
103.47,26.98,17.97,11.00,18.59,60.61,43.20,19.23,25.06
103.48,26.98,17.97,11.00,18.59,60.61,43.20,19.23,25.06
103.49,26.98,17.97,11.00,18.59,60.77,43.20,19.23,25.06
103.50,26.98,17.94,11.00,18.59,60.61,43.20,19.20,25.06
103.51,26.98,17.94,10.99,18.59,60.61,43.11,19.20,25.06
103.52,26.93,17.94,11.00,18.59,60.61,43.20,19.20,25.06
103.53,26.98,17.97,11.00,18.59,60.77,43.11,19.23,25.06
103.54,26.98,17.94,11.00,18.59,60.61,43.20,19.20,25.06
103.55,26.98,17.97,11.00,18.59,60.61,43.11,19.20,25.02
103.56,26.93,17.94,10.99,18.57,60.61,43.20,19.20,25.10
103.57,26.98,17.97,11.00,18.59,60.77,43.20,19.20,25.06
103.58,26.93,17.94,11.00,18.59,60.77,43.20,19.20,25.06
103.59,26.93,17.97,11.00,18.59,60.61,43.20,19.20,25.06
103.60,26.93,17.97,11.00,18.57,60.61,43.20,19.20,25.02
103.61,26.93,17.94,11.00,18.59,60.61,43.20,19.20,25.06
103.62,26.93,17.97,11.00,18.59,60.77,43.11,19.20,25.02
103.63,26.93,17.97,11.00,18.59,60.77,43.20,19.20,25.02
103.64,26.93,17.97,11.00,18.59,60.61,43.20,19.20,25.02
103.65,26.93,17.94,10.99,18.59,60.61,43.11,19.20,25.06
103.66,26.93,17.94,11.00,18.59,60.61,43.20,19.20,25.06
103.67,26.98,17.94,11.00,18.59,60.61,43.20,19.18,25.02
103.68,26.93,17.97,11.00,18.59,60.77,43.20,19.20,25.02
103.69,26.98,17.97,11.00,18.59,60.61,43.20,19.20,25.06
103.70,26.89,17.94,10.99,18.59,60.61,43.11,19.20,25.06
103.71,26.93,17.97,10.99,18.59,60.61,43.11,19.20,25.06
103.72,26.93,17.97,10.99,18.59,60.61,43.11,19.20,25.06
103.73,26.93,17.97,11.00,18.59,60.61,43.20,19.20,25.06
103.74,26.93,17.97,11.00,18.57,60.61,43.20,19.20,25.02
103.75,26.93,17.97,10.99,18.57,60.61,43.20,19.20,25.02
103.76,26.93,17.94,11.00,18.57,60.61,43.11,19.23,25.02
103.77,26.98,17.94,10.99,18.59,60.45,43.20,19.20,25.02
103.78,26.98,17.97,11.00,18.57,60.61,43.20,19.20,25.02
103.79,26.98,17.97,11.00,18.57,60.61,43.20,19.23,25.02
103.80,26.93,17.94,11.00,18.59,60.61,43.20,19.20,25.02
103.81,26.89,17.94,11.00,18.57,60.61,43.11,19.23,25.02
103.82,26.93,17.97,11.00,18.57,60.61,43.20,19.18,25.02
103.83,26.98,17.97,11.00,18.57,60.77,43.11,19.20,25.02
103.84,26.93,17.97,11.00,18.59,60.61,43.11,19.23,25.02
103.85,26.93,17.94,10.99,18.59,60.61,43.11,19.20,25.02
103.86,26.93,17.94,11.00,18.57,60.77,43.11,19.20,25.02
103.87,26.98,17.97,11.00,18.59,60.61,43.11,19.20,25.02
103.88,26.93,17.97,11.00,18.57,60.77,43.20,19.20,25.02
103.89,26.98,17.97,11.00,18.59,60.77,43.20,19.20,25.02
103.90,26.98,17.94,11.00,18.57,60.77,43.20,19.20,25.02
103.91,26.93,17.94,11.00,18.57,60.77,43.20,19.20,25.02
103.92,26.93,17.94,11.00,18.59,60.61,43.20,19.20,25.02
103.93,26.98,17.97,11.00,18.59,60.77,43.20,19.20,25.02
103.94,26.93,17.97,11.00,18.57,60.61,43.20,19.20,25.02
103.95,26.93,17.94,11.00,18.57,60.61,43.20,19.23,25.02
103.96,26.93,17.94,11.00,18.57,60.61,43.20,19.20,25.02
103.97,26.98,17.97,11.00,18.59,60.77,43.20,19.20,25.02
103.98,27.02,17.97,11.00,18.59,60.77,43.20,19.20,25.02
103.99,27.02,17.97,11.00,18.57,60.61,43.20,19.20,25.02
104.00,26.93,17.94,11.00,18.57,60.61,43.20,19.20,25.02
104.01,26.98,17.94,10.99,18.57,60.61,43.11,19.20,25.02
104.02,26.93,17.97,11.00,18.59,60.61,43.11,19.20,24.98
104.03,26.93,17.97,11.00,18.57,60.77,43.20,19.20,25.02
104.04,26.93,17.97,11.00,18.57,60.61,43.11,19.20,25.02
104.05,26.93,17.94,11.00,18.57,60.61,43.20,19.20,25.02
104.06,26.93,17.94,10.99,18.57,60.61,43.11,19.20,25.02
104.07,26.93,17.97,11.00,18.57,60.61,43.20,19.20,25.02
104.08,26.93,17.97,11.00,18.57,60.61,43.20,19.20,25.02
104.09,26.93,17.97,11.00,18.59,60.77,43.11,19.20,25.02
104.10,26.93,17.94,10.99,18.57,60.61,43.20,19.20,25.02
104.11,26.93,17.94,11.00,18.57,60.61,43.11,19.20,25.02
104.12,26.93,17.97,11.00,18.57,60.61,43.20,19.20,24.98
104.13,26.98,17.97,11.00,18.57,60.61,43.20,19.20,24.98
104.14,27.02,17.97,11.00,18.57,60.61,43.20,19.20,24.98
104.15,26.98,17.97,10.99,18.57,60.77,43.11,19.20,24.98
104.16,26.98,17.94,10.99,18.57,60.61,43.11,19.20,24.98
104.17,26.98,17.97,11.00,18.57,60.61,43.11,19.20,25.02
104.18,26.98,17.97,11.00,18.57,60.77,43.20,19.20,24.98
104.19,26.98,17.97,11.00,18.57,60.61,43.11,19.20,24.98
104.20,26.98,17.94,10.99,18.57,60.61,43.20,19.20,24.98
104.21,26.93,17.94,10.99,18.57,60.61,43.20,19.20,24.98
104.22,26.98,17.97,11.00,18.57,60.61,43.20,19.20,24.98
104.23,27.02,17.97,11.00,18.59,60.61,43.20,19.20,25.02
104.24,27.02,17.97,11.00,18.57,60.61,43.20,19.20,24.98
104.25,26.93,17.94,10.99,18.59,60.61,43.20,19.20,24.98
104.26,26.98,17.97,11.00,18.57,60.61,43.20,19.20,24.98
104.27,26.93,17.97,11.00,18.59,60.61,43.11,19.20,24.98
104.28,26.93,17.94,11.00,18.57,60.61,43.20,19.20,24.98
104.29,26.98,17.97,11.00,18.57,60.77,43.11,19.20,24.98
104.30,26.98,17.97,10.99,18.57,60.61,43.20,19.20,24.98
104.31,26.98,17.94,11.00,18.57,60.61,43.20,19.20,24.98
104.32,26.93,17.97,11.00,18.57,60.61,43.20,19.20,24.98
104.33,27.02,17.97,11.00,18.57,60.77,43.20,19.20,24.98
104.34,27.02,17.97,11.00,18.57,60.61,43.20,19.20,24.98
104.35,26.98,17.97,11.00,18.59,60.61,43.11,19.20,24.98
104.36,26.98,17.94,10.99,18.57,60.61,43.20,19.20,24.98
104.37,26.93,17.97,11.00,18.57,60.61,43.11,19.20,24.98
104.38,26.98,17.99,11.00,18.57,60.77,43.20,19.20,24.98
104.39,26.93,17.97,11.00,18.57,60.61,43.11,19.20,24.98
104.40,26.93,17.97,11.00,18.57,60.77,43.20,19.20,24.94
104.41,26.93,17.94,11.00,18.57,60.61,43.11,19.20,24.98
104.42,26.98,17.97,11.00,18.57,60.61,43.20,19.20,24.98
104.43,26.93,17.97,11.00,18.57,60.77,43.20,19.20,24.98
104.44,26.93,17.97,11.00,18.57,60.61,43.20,19.20,24.94
104.45,26.93,17.94,11.00,18.57,60.61,43.11,19.20,24.98
104.46,26.98,17.94,10.99,18.57,60.61,43.11,19.20,24.94
104.47,26.93,17.97,11.00,18.57,60.77,43.20,19.20,24.98
104.48,26.93,17.97,11.00,18.57,60.61,43.20,19.20,24.98
104.49,26.93,17.97,11.00,18.57,60.61,43.20,19.20,24.94
104.50,26.93,17.97,11.00,18.57,60.61,43.20,19.20,24.94
104.51,26.93,17.94,10.99,18.57,60.61,43.20,19.20,24.94
104.52,26.98,17.97,11.00,18.57,60.61,43.11,19.20,24.98
104.53,26.98,17.97,11.00,18.57,60.77,43.20,19.23,24.98
104.54,26.93,17.97,11.00,18.57,60.77,43.20,19.20,24.98
104.55,26.98,17.97,10.99,18.57,60.61,43.20,19.20,24.94
104.56,26.93,17.94,11.00,18.57,60.61,43.11,19.20,24.98
104.57,26.93,17.97,11.00,18.57,60.61,43.11,19.20,24.98
104.58,26.93,17.97,11.00,18.57,60.77,43.20,19.20,24.94
104.59,26.93,17.97,11.00,18.57,60.61,43.20,19.20,24.94
104.60,26.98,17.97,11.00,18.57,60.61,43.11,19.20,24.94
104.61,26.93,17.94,11.00,18.57,60.61,43.11,19.20,24.94
104.62,26.93,17.97,11.00,18.57,60.77,43.20,19.20,24.94
104.63,26.93,17.97,11.00,18.57,60.61,43.20,19.20,24.94
104.64,26.98,17.97,11.00,18.57,60.61,43.20,19.20,24.94
104.65,26.93,17.94,10.99,18.57,60.61,43.20,19.20,24.94
104.66,26.93,17.94,10.99,18.57,60.61,43.20,19.20,24.94
104.67,26.93,17.97,11.00,18.57,60.61,43.11,19.20,24.94
104.68,26.98,17.97,11.00,18.57,60.61,43.11,19.20,24.94
104.69,26.93,17.99,11.00,18.57,60.61,43.20,19.20,24.94
104.70,26.93,17.97,11.00,18.57,60.61,43.11,19.20,24.94
104.71,26.98,17.97,11.00,18.57,60.61,43.20,19.20,24.94
104.72,26.98,17.97,11.00,18.59,60.61,43.20,19.20,24.94
104.73,26.98,17.97,11.00,18.57,60.77,43.20,19.23,24.94
104.74,26.98,17.94,11.00,18.57,60.77,43.20,19.20,24.94
104.75,26.93,17.97,11.00,18.57,60.61,43.11,19.20,24.94
104.76,26.93,17.94,11.00,18.57,60.61,43.11,19.20,24.94
104.77,26.93,17.97,11.00,18.57,60.77,43.20,19.20,24.94
104.78,26.98,17.97,11.00,18.57,60.77,43.20,19.23,24.94
104.79,26.93,17.97,11.00,18.57,60.61,43.29,19.20,24.94
104.80,26.93,17.97,11.00,18.54,60.61,43.11,19.20,24.94
104.81,26.98,17.97,10.99,18.57,60.77,43.20,19.20,24.91
104.82,26.93,17.97,11.00,18.57,60.61,43.20,19.20,24.98
104.83,26.93,17.97,11.00,18.57,60.77,43.20,19.23,24.94
104.84,26.98,17.97,11.00,18.54,60.77,43.20,19.20,24.91
104.85,26.93,17.97,11.00,18.57,60.61,43.20,19.20,24.94
104.86,26.93,17.97,10.99,18.57,60.77,43.20,19.18,24.94
104.87,26.98,17.94,11.00,18.57,60.61,43.20,19.20,24.94
104.88,26.98,17.97,11.00,18.57,60.77,43.20,19.23,24.94
104.89,26.98,17.99,11.00,18.57,60.61,43.20,19.23,24.94
104.90,26.93,17.97,11.00,18.54,60.61,43.11,19.20,24.91
104.91,26.93,17.94,11.00,18.57,60.61,43.20,19.20,24.91
104.92,26.98,17.97,11.00,18.59,60.61,43.20,19.23,24.94
104.93,26.98,17.97,11.00,18.57,60.77,43.20,19.20,24.94
104.94,26.93,17.97,11.00,18.57,60.77,43.20,19.23,24.91
104.95,26.93,17.97,11.00,18.57,60.77,43.20,19.20,24.91
104.96,26.98,17.97,10.99,18.57,60.61,43.20,19.20,24.91
104.97,26.93,17.97,11.00,18.57,60.61,43.11,19.20,24.91
104.98,26.98,17.97,10.99,18.57,60.77,43.20,19.20,24.91
104.99,27.02,17.99,11.00,18.57,60.77,43.20,19.20,24.91
105.00,26.98,17.97,11.00,18.54,60.61,43.20,19.20,24.91
105.01,26.93,17.97,11.00,18.57,60.61,43.20,19.20,24.91
105.02,26.98,17.97,11.00,18.54,60.61,43.20,19.23,24.91
105.03,26.98,17.97,11.00,18.57,60.61,43.20,19.20,24.91
105.04,26.93,17.97,11.00,18.57,60.77,43.20,19.20,24.91
105.05,26.93,17.97,11.00,18.57,60.61,43.20,19.20,24.91
105.06,26.93,17.97,11.00,18.57,60.61,43.20,19.20,24.91
105.07,26.98,17.97,11.00,18.57,60.77,43.20,19.20,24.91
105.08,26.93,17.99,11.00,18.57,60.77,43.20,19.20,24.91
105.09,26.98,17.97,11.00,18.57,60.61,43.20,19.20,24.91
105.10,26.98,17.97,11.00,18.54,60.61,43.20,19.20,24.91
105.11,26.93,17.97,11.00,18.54,60.61,43.20,19.20,24.91
105.12,26.93,17.97,11.00,18.57,60.61,43.20,19.20,24.91
105.13,26.93,17.97,11.00,18.57,60.61,43.20,19.20,24.91
105.14,26.98,17.99,11.00,18.54,60.61,43.20,19.20,24.91
105.15,26.93,17.97,11.00,18.54,60.61,43.11,19.20,24.91
105.16,26.93,17.97,11.00,18.57,60.61,43.20,19.20,24.91
105.17,26.98,17.97,11.00,18.54,60.77,43.20,19.20,24.91
105.18,26.93,17.97,11.00,18.54,60.61,43.20,19.23,24.91
105.19,26.98,17.97,11.00,18.54,60.61,43.20,19.20,24.91
105.20,26.93,17.97,11.00,18.57,60.61,43.20,19.20,24.91
105.21,26.93,17.97,11.00,18.57,60.61,43.11,19.20,24.91
105.22,26.93,17.97,11.00,18.54,60.61,43.20,19.20,24.91
105.23,26.93,17.99,11.00,18.57,60.61,43.11,19.20,24.91
105.24,26.98,17.97,11.00,18.57,60.61,43.20,19.20,24.91
105.25,26.98,17.97,11.00,18.57,60.61,43.20,19.20,24.91
105.26,26.93,17.97,11.00,18.54,60.61,43.20,19.20,24.91
105.27,26.93,17.97,11.00,18.57,60.77,43.20,19.23,24.91
105.28,26.98,17.97,11.00,18.54,60.77,43.20,19.20,24.91
105.29,26.93,17.97,11.00,18.54,60.61,43.11,19.20,24.91
105.30,27.02,17.97,11.00,18.57,60.61,43.20,19.20,24.91
105.31,26.98,17.94,11.00,18.57,60.61,43.20,19.20,24.91
105.32,26.98,17.97,11.00,18.54,60.61,43.20,19.20,24.91
105.33,26.98,17.97,11.00,18.57,60.77,43.20,19.23,24.91
105.34,27.02,17.97,11.00,18.54,60.77,43.20,19.20,24.91
105.35,26.93,17.97,11.00,18.57,60.61,43.20,19.20,24.91
105.36,26.93,17.97,11.00,18.54,60.61,43.11,19.20,24.87
105.37,26.98,17.97,11.00,18.54,60.61,43.20,19.20,24.91
105.38,26.98,17.99,11.00,18.57,60.61,43.20,19.23,24.87
105.39,26.98,17.97,11.00,18.57,60.61,43.20,19.23,24.91
105.40,26.98,17.97,11.00,18.54,60.61,43.20,19.20,24.91
105.41,26.98,17.97,11.00,18.57,60.61,43.11,19.20,24.91
105.42,26.93,17.99,11.00,18.57,60.61,43.20,19.23,24.87
105.43,26.98,17.99,11.00,18.54,60.77,43.20,19.20,24.91
105.44,26.98,17.99,11.00,18.54,60.61,43.20,19.20,24.87
105.45,26.93,17.97,11.00,18.54,60.61,43.20,19.20,24.87
105.46,27.02,17.97,11.00,18.54,60.61,43.20,19.20,24.87
105.47,27.02,17.97,11.00,18.54,60.77,43.20,19.20,24.87
105.48,27.02,17.99,11.00,18.54,60.61,43.20,19.20,24.87
105.49,26.93,17.97,11.00,18.54,60.61,43.20,19.20,24.87
105.50,26.93,17.97,11.00,18.52,60.61,43.20,19.20,24.87
105.51,26.93,17.97,11.00,18.54,60.61,43.11,19.20,24.87
105.52,26.98,17.97,11.00,18.54,60.77,43.20,19.23,24.87
105.53,26.98,17.97,11.00,18.57,60.61,43.20,19.20,24.87
105.54,26.93,17.97,11.00,18.54,60.61,43.20,19.20,24.87
105.55,27.02,17.97,11.00,18.54,60.77,43.11,19.20,24.87
105.56,26.93,17.97,11.00,18.54,60.61,43.20,19.23,24.87
105.57,26.98,17.97,11.00,18.57,60.61,43.20,19.20,24.87
105.58,26.98,17.99,11.00,18.54,60.77,43.20,19.20,24.83
105.59,27.02,17.97,11.00,18.54,60.61,43.20,19.20,24.87
105.60,26.98,17.97,11.00,18.54,60.61,43.11,19.20,24.87
105.61,26.98,17.97,11.00,18.54,60.61,43.20,19.20,24.87
105.62,26.98,17.97,11.00,18.54,60.61,43.20,19.23,24.87
105.63,27.02,17.99,11.00,18.54,60.61,43.20,19.23,24.87
105.64,26.98,17.97,11.00,18.54,60.61,43.11,19.20,24.87
105.65,26.93,17.97,11.00,18.54,60.77,43.20,19.20,24.87
105.66,26.93,17.97,11.00,18.54,60.61,43.20,19.20,24.87
105.67,26.98,17.97,11.00,18.54,60.61,43.20,19.20,24.87
105.68,26.93,17.97,11.00,18.54,60.61,43.20,19.23,24.87
105.69,26.98,17.99,11.00,18.54,60.61,43.20,19.23,24.87
105.70,26.93,17.97,11.00,18.54,60.61,43.20,19.20,24.87
105.71,26.93,17.97,11.00,18.54,60.61,43.20,19.20,24.87
105.72,26.98,17.97,11.00,18.57,60.61,43.20,19.20,24.87
105.73,26.93,17.99,11.00,18.54,60.61,43.20,19.23,24.87
105.74,27.02,17.97,11.00,18.54,60.61,43.20,19.20,24.83
105.75,26.98,17.97,11.00,18.57,60.61,43.20,19.20,24.87
105.76,26.93,17.97,11.00,18.54,60.61,43.20,19.23,24.87
105.77,26.93,17.97,11.00,18.54,60.61,43.20,19.20,24.87
105.78,26.98,17.97,11.00,18.54,60.61,43.20,19.20,24.87
105.79,26.93,17.97,11.00,18.54,60.77,43.20,19.20,24.87
105.80,26.93,17.97,11.00,18.54,60.61,43.20,19.20,24.87
105.81,26.93,17.97,11.00,18.54,60.61,43.20,19.20,24.87
105.82,26.93,17.97,11.00,18.54,60.61,43.20,19.23,24.87
105.83,26.98,17.99,11.00,18.54,60.77,43.20,19.20,24.87
105.84,26.93,17.99,11.00,18.54,60.61,43.20,19.20,24.83
105.85,26.93,17.97,11.00,18.54,60.61,43.20,19.20,24.87
105.86,26.98,17.97,11.00,18.54,60.77,43.20,19.20,24.83
105.87,26.93,17.99,11.00,18.54,60.61,43.20,19.20,24.83
105.88,27.02,17.97,11.00,18.54,60.61,43.20,19.23,24.87
105.89,26.98,17.97,11.00,18.54,60.61,43.20,19.20,24.83
105.90,26.98,17.97,11.00,18.54,60.61,43.20,19.20,24.83
105.91,26.93,17.97,10.99,18.54,60.61,43.20,19.20,24.83
105.92,26.98,17.97,11.00,18.54,60.61,43.02,19.20,24.83
105.93,26.98,17.99,11.00,18.54,60.61,43.20,19.20,24.83
105.94,27.02,17.99,11.00,18.54,60.61,43.20,19.20,24.83
105.95,26.98,17.99,11.00,18.54,60.61,43.20,19.20,24.83
105.96,27.02,17.94,11.00,18.54,60.61,43.20,19.20,24.83
105.97,26.98,17.97,11.00,18.57,60.61,43.20,19.20,24.83
105.98,26.93,17.99,11.00,18.54,60.77,43.20,19.20,24.83
105.99,26.98,17.99,11.00,18.54,60.77,43.20,19.20,24.83
106.00,26.93,17.97,11.00,18.54,60.61,43.20,19.20,24.83
106.01,26.98,17.97,11.00,18.54,60.61,43.20,19.20,24.83
106.02,26.98,17.97,11.00,18.54,60.61,43.11,19.20,24.83
106.03,26.98,17.99,11.00,18.54,60.77,43.20,19.23,24.83
106.04,26.98,17.97,11.00,18.54,60.61,43.11,19.23,24.83
106.05,26.93,17.94,11.00,18.54,60.61,43.20,19.20,24.83
106.06,26.98,17.97,11.00,18.54,60.61,43.11,19.20,24.83
106.07,26.98,17.99,11.00,18.54,60.61,43.20,19.20,24.87
106.08,26.93,17.99,11.02,18.54,60.61,43.20,19.23,24.83
106.09,26.98,17.97,11.00,18.54,60.77,43.20,19.20,24.83
106.10,26.93,17.97,11.00,18.54,60.61,43.20,19.20,24.83
106.11,26.93,17.97,11.00,18.54,60.61,43.20,19.20,24.83
106.12,26.98,17.99,11.00,18.54,60.77,43.20,19.20,24.83
106.13,26.98,17.99,11.00,18.54,60.77,43.20,19.23,24.83
106.14,26.98,17.99,11.00,18.54,60.61,43.20,19.20,24.83
106.15,26.93,17.97,11.00,18.54,60.61,43.20,19.23,24.83
106.16,26.98,17.99,11.00,18.54,60.77,43.11,19.20,24.83
106.17,26.93,17.99,11.00,18.54,60.61,43.20,19.23,24.83
106.18,27.02,17.99,11.00,18.54,60.77,43.20,19.23,24.83
106.19,26.89,17.99,11.00,18.54,60.61,43.20,19.23,24.83
106.20,26.93,17.97,11.00,18.54,60.61,43.20,19.20,24.83
106.21,26.89,17.97,11.00,18.54,60.77,43.20,19.20,24.83
106.22,26.93,17.97,11.02,18.54,60.61,43.20,19.23,24.83
106.23,26.98,17.99,11.00,18.54,60.61,43.20,19.20,24.83
106.24,26.98,17.99,11.00,18.54,60.61,43.20,19.20,24.79
106.25,26.93,17.97,11.00,18.54,60.61,43.20,19.20,24.83
106.26,26.93,17.97,11.00,18.54,60.61,43.20,19.20,24.83
106.27,26.98,17.99,11.00,18.54,60.77,43.20,19.23,24.83
106.28,27.02,17.99,11.00,18.54,60.61,43.20,19.23,24.83
106.29,27.02,17.99,11.00,18.54,60.61,43.20,19.20,24.83
106.30,26.98,17.97,11.00,18.54,60.94,43.20,19.23,24.79
106.31,26.98,17.97,11.00,18.54,60.77,43.20,19.18,24.79
106.32,26.93,17.97,11.00,18.54,60.77,43.20,19.20,24.83
106.33,26.98,17.99,11.00,18.54,60.77,43.20,19.20,24.79
106.34,27.02,17.99,11.00,18.54,60.61,43.20,19.20,24.79
106.35,26.93,17.97,11.00,18.54,60.61,43.20,19.20,24.83
106.36,26.98,17.97,11.00,18.54,60.61,43.20,19.20,24.79
106.37,26.98,17.97,11.00,18.54,60.61,43.20,19.20,24.83
106.38,26.98,17.99,11.00,18.52,60.77,43.20,19.23,24.79
106.39,26.98,17.97,11.00,18.54,60.61,43.20,19.20,24.79
106.40,26.98,17.97,11.00,18.54,60.61,43.20,19.20,24.79
106.41,26.98,17.97,10.99,18.54,60.77,43.20,19.20,24.75
106.42,26.98,17.97,11.00,18.54,60.61,43.20,19.20,24.79
106.43,26.98,17.99,11.00,18.54,60.77,43.20,19.23,24.79
106.44,26.98,17.99,11.00,18.54,60.61,43.20,19.20,24.79
106.45,26.98,17.97,11.00,18.54,60.61,43.20,19.20,24.79
106.46,26.93,17.97,11.00,18.52,60.77,43.20,19.20,24.79
106.47,27.02,17.99,11.00,18.54,60.61,43.20,19.23,24.79
106.48,26.98,17.99,11.00,18.54,60.77,43.20,19.23,24.79
106.49,27.02,17.99,11.00,18.54,60.61,43.20,19.20,24.79
106.50,26.98,17.99,11.00,18.52,60.77,43.20,19.20,24.79
106.51,26.98,17.99,11.00,18.54,60.61,43.20,19.20,24.79
106.52,27.02,17.99,11.00,18.54,60.61,43.20,19.20,24.79
106.53,26.98,17.99,11.00,18.54,60.77,43.20,19.20,24.79
106.54,26.98,17.99,11.00,18.54,60.61,43.20,19.20,24.83
106.55,26.98,17.97,11.00,18.54,60.61,43.20,19.20,24.79
106.56,26.98,17.99,11.00,18.54,60.61,43.20,19.20,24.79
106.57,27.02,17.99,11.00,18.54,60.77,43.20,19.20,24.79
106.58,26.98,17.99,11.00,18.54,60.77,43.11,19.23,24.79
106.59,26.98,17.97,11.00,18.52,60.61,43.20,19.23,24.79
106.60,26.98,17.99,11.00,18.54,60.61,43.20,19.20,24.79
106.61,26.93,17.99,10.99,18.52,60.77,43.20,19.20,24.79
106.62,26.98,17.97,11.00,18.54,60.77,43.11,19.23,24.79
106.63,26.98,17.99,11.00,18.54,60.61,43.20,19.20,24.79
106.64,27.02,17.99,11.00,18.54,60.77,43.11,19.20,24.79
106.65,26.98,17.99,11.00,18.54,60.61,43.20,19.20,24.79
106.66,26.98,17.99,11.00,18.52,60.61,43.20,19.20,24.79
106.67,27.02,17.99,11.00,18.54,60.77,43.20,19.23,24.79
106.68,26.98,17.99,11.00,18.54,60.61,43.20,19.23,24.75
106.69,26.98,17.99,11.00,18.54,60.61,43.20,19.23,24.79
106.70,26.98,17.97,11.00,18.54,60.61,43.20,19.20,24.75
106.71,26.98,17.99,11.00,18.54,60.77,43.20,19.20,24.79
106.72,26.98,17.97,11.00,18.52,60.61,43.29,19.20,24.79
106.73,26.98,17.99,11.00,18.52,60.77,43.20,19.20,24.75
106.74,26.98,17.99,11.00,18.54,60.77,43.20,19.20,24.75
106.75,26.98,17.99,11.00,18.52,60.77,43.11,19.20,24.75
106.76,26.93,17.97,11.00,18.54,60.61,43.20,19.20,24.75
106.77,26.98,17.99,11.00,18.54,60.77,43.20,19.23,24.75
106.78,26.98,17.99,11.00,18.52,60.77,43.29,19.20,24.75
106.79,27.02,17.99,11.00,18.54,60.61,43.20,19.20,24.75
106.80,26.98,17.99,11.00,18.52,60.61,43.20,19.20,24.75
106.81,26.98,17.99,11.00,18.52,60.77,43.20,19.23,24.75
106.82,27.02,17.99,11.00,18.54,60.77,43.11,19.23,24.75
106.83,27.02,17.99,11.02,18.54,60.77,43.20,19.23,24.75
106.84,26.98,17.99,11.00,18.54,60.77,43.20,19.23,24.75
106.85,26.93,17.97,11.00,18.52,60.77,43.20,19.20,24.75
106.86,26.98,17.99,11.00,18.54,60.61,43.20,19.20,24.75
106.87,26.98,17.99,11.00,18.52,60.77,43.29,19.20,24.75
106.88,27.02,17.99,11.00,18.54,60.77,43.20,19.23,24.75
106.89,27.02,17.99,11.00,18.52,60.77,43.20,19.20,24.75
106.90,26.98,17.99,11.00,18.54,60.77,43.11,19.20,24.79
106.91,26.98,17.99,11.00,18.54,60.77,43.20,19.20,24.75
106.92,26.98,17.99,11.00,18.54,60.61,43.20,19.20,24.75
106.93,26.98,17.99,11.00,18.52,60.77,43.20,19.23,24.75
106.94,26.98,17.99,11.00,18.54,60.61,43.20,19.20,24.75
106.95,27.02,17.99,11.00,18.52,60.77,43.20,19.23,24.75
106.96,27.02,17.99,11.00,18.52,60.77,43.20,19.23,24.75
106.97,27.02,17.99,11.00,18.54,60.77,43.20,19.23,24.75
106.98,27.02,18.02,11.00,18.54,60.77,43.20,19.23,24.75
106.99,26.98,17.99,11.00,18.52,60.77,43.20,19.23,24.75
107.00,26.98,17.99,11.00,18.52,60.61,43.20,19.20,24.75
107.01,26.98,17.99,11.00,18.52,60.61,43.20,19.20,24.75
107.02,26.98,17.99,11.00,18.52,60.77,43.20,19.23,24.75
107.03,27.02,17.99,11.00,18.52,60.77,43.20,19.23,24.75
107.04,26.98,17.99,11.00,18.52,60.61,43.20,19.23,24.71
107.05,26.98,17.99,11.00,18.52,60.61,43.20,19.23,24.75
107.06,27.02,17.99,11.00,18.52,60.77,43.20,19.23,24.75
107.07,27.02,17.99,11.00,18.52,60.77,43.20,19.23,24.75
107.08,27.02,17.99,11.00,18.54,60.77,43.20,19.23,24.75
107.09,27.02,17.99,11.00,18.54,60.77,43.20,19.20,24.71
107.10,27.02,17.99,11.00,18.52,60.77,43.20,19.23,24.75
107.11,27.02,17.99,11.00,18.52,60.77,43.20,19.23,24.71
107.12,27.02,17.99,11.00,18.52,60.77,43.20,19.23,24.71
107.13,27.02,17.99,11.00,18.54,60.77,43.29,19.23,24.71
107.14,27.02,17.99,11.02,18.52,60.77,43.29,19.23,24.71
107.15,27.02,17.99,11.00,18.52,60.61,43.20,19.23,24.71
107.16,26.98,17.99,11.00,18.52,60.61,43.20,19.20,24.71
107.17,27.02,17.99,11.00,18.52,60.77,43.29,19.20,24.71
107.18,26.98,17.99,11.00,18.52,60.77,43.29,19.23,24.71
107.19,26.98,18.02,11.02,18.54,60.77,43.20,19.23,24.75
107.20,27.02,17.99,11.00,18.52,60.77,43.20,19.20,24.71
107.21,26.98,17.99,11.00,18.52,60.61,43.20,19.23,24.75
107.22,26.98,18.02,11.00,18.54,60.77,43.29,19.23,24.75
107.23,27.02,18.02,11.02,18.54,60.77,43.20,19.23,24.75
107.24,26.98,17.99,11.02,18.52,60.77,43.29,19.23,24.71
107.25,27.02,17.99,11.00,18.54,60.61,43.20,19.23,24.71
107.26,26.98,17.99,11.00,18.52,60.94,43.20,19.23,24.71
107.27,26.98,17.99,11.02,18.54,60.77,43.29,19.23,24.75
107.28,26.98,18.02,11.02,18.54,60.77,43.20,19.23,24.71
107.29,27.06,18.02,11.00,18.54,60.77,43.29,19.23,24.75
107.30,26.98,17.99,11.00,18.52,60.61,43.11,19.23,24.71
107.31,26.98,17.99,11.00,18.52,60.77,43.29,19.20,24.71
107.32,27.06,18.02,11.00,18.52,60.77,43.11,19.23,24.71
107.33,26.98,17.99,11.02,18.52,60.77,43.29,19.20,24.71
107.34,27.02,18.02,11.02,18.52,60.77,43.20,19.23,24.75
107.35,27.02,17.99,11.00,18.52,60.77,43.20,19.20,24.71
107.36,26.98,17.99,11.00,18.52,60.77,43.20,19.23,24.71
107.37,27.06,18.02,11.00,18.52,60.77,43.20,19.23,24.71
107.38,27.06,18.02,11.02,18.52,60.77,43.29,19.23,24.71
107.39,27.02,18.02,11.02,18.54,60.77,43.20,19.23,24.71
107.40,27.02,17.99,11.02,18.54,60.77,43.20,19.23,24.71
107.41,27.02,17.99,11.00,18.52,60.61,43.20,19.23,24.71
107.42,26.98,18.02,11.00,18.54,60.77,43.29,19.23,24.71
107.43,26.98,18.02,11.00,18.52,60.77,43.20,19.23,24.71
107.44,27.06,18.02,11.00,18.52,60.77,43.20,19.23,24.71
107.45,26.98,18.02,11.00,18.54,60.77,43.20,19.23,24.71
107.46,26.98,18.02,11.02,18.54,60.77,43.29,19.23,24.71
107.47,27.02,17.99,11.00,18.52,60.77,43.20,19.23,24.71
107.48,27.02,18.02,11.02,18.52,60.77,43.29,19.23,24.71
107.49,27.02,17.99,11.02,18.52,60.61,43.20,19.23,24.71
107.50,27.02,18.02,11.00,18.52,60.77,43.20,19.23,24.71
107.51,27.02,17.99,11.00,18.52,60.77,43.20,19.23,24.71
107.52,27.02,18.02,11.00,18.52,60.77,43.29,19.23,24.71
107.53,27.06,18.02,11.02,18.52,60.77,43.20,19.23,24.71
107.54,26.98,18.02,11.00,18.52,60.77,43.29,19.23,24.71
107.55,27.02,17.99,11.00,18.52,60.61,43.20,19.20,24.71
107.56,27.02,17.99,11.00,18.52,60.77,43.20,19.23,24.71
107.57,27.06,18.02,11.00,18.52,60.77,43.29,19.20,24.67
107.58,26.98,18.02,11.02,18.52,60.77,43.29,19.20,24.71
107.59,26.98,18.02,11.02,18.52,60.77,43.29,19.23,24.71
107.60,26.98,18.02,11.00,18.52,60.77,43.29,19.23,24.71
107.61,26.98,17.99,11.00,18.52,60.77,43.20,19.23,24.67
107.62,27.02,18.02,11.00,18.52,60.77,43.29,19.23,24.67
107.63,27.02,18.02,11.02,18.52,60.77,43.29,19.23,24.71
107.64,26.98,18.02,11.02,18.52,60.77,43.20,19.23,24.67
107.65,26.98,17.99,11.00,18.52,60.77,43.29,19.23,24.67
107.66,26.98,17.99,11.00,18.52,60.77,43.29,19.20,24.71
107.67,27.02,18.02,11.02,18.52,60.77,43.20,19.23,24.67
107.68,27.02,18.02,11.02,18.52,60.77,43.29,19.23,24.71
107.69,26.98,18.02,11.02,18.52,60.61,43.29,19.23,24.67
107.70,26.98,17.99,11.00,18.52,60.61,43.20,19.23,24.67
107.71,27.02,17.99,11.00,18.52,60.77,43.20,19.23,24.67
107.72,26.98,17.99,11.02,18.52,60.77,43.29,19.23,24.71
107.73,27.02,18.04,11.02,18.52,60.77,43.29,19.23,24.67
107.74,26.98,18.02,11.00,18.52,60.77,43.29,19.23,24.67
107.75,27.02,18.02,11.00,18.52,60.77,43.20,19.23,24.67
107.76,27.02,17.99,11.00,18.52,60.77,43.29,19.23,24.67
107.77,27.02,18.02,11.00,18.52,60.77,43.29,19.23,24.67
107.78,27.02,18.02,11.02,18.52,60.77,43.29,19.23,24.67
107.79,27.02,18.02,11.00,18.52,60.77,43.20,19.23,24.67
107.80,27.02,17.99,11.00,18.52,60.77,43.29,19.23,24.67
107.81,26.98,18.02,11.00,18.52,60.77,43.29,19.23,24.67
107.82,27.06,18.02,11.00,18.52,60.77,43.29,19.23,24.67
107.83,27.02,18.02,11.02,18.52,60.77,43.20,19.23,24.67
107.84,27.02,18.02,11.02,18.52,60.77,43.20,19.23,24.67
107.85,26.98,17.99,11.02,18.52,60.77,43.29,19.23,24.67
107.86,27.02,18.02,11.00,18.52,60.77,43.29,19.20,24.67
107.87,26.98,18.02,11.02,18.52,60.77,43.20,19.23,24.67
107.88,27.02,18.02,11.02,18.52,60.77,43.20,19.23,24.67
107.89,27.02,18.02,11.02,18.52,60.77,43.20,19.23,24.63
107.90,26.98,17.99,11.02,18.52,60.77,43.20,19.23,24.67
107.91,26.98,18.02,11.00,18.52,60.77,43.29,19.23,24.67
107.92,27.02,18.02,11.00,18.52,60.77,43.20,19.23,24.67
107.93,27.02,18.02,11.02,18.52,60.77,43.29,19.23,24.67
107.94,26.98,18.02,11.00,18.52,60.77,43.20,19.23,24.67
107.95,27.02,17.99,11.02,18.52,60.77,43.20,19.23,24.67
107.96,27.06,17.99,11.00,18.52,60.77,43.29,19.23,24.67
107.97,27.02,18.02,11.00,18.52,60.77,43.29,19.23,24.63
107.98,27.02,18.02,11.02,18.52,60.77,43.29,19.23,24.67
107.99,27.02,18.02,11.02,18.52,60.77,43.29,19.26,24.67
108.00,26.98,18.02,11.00,18.52,60.77,43.20,19.23,24.67
108.01,27.02,18.02,11.00,18.52,60.77,43.29,19.23,24.67
108.02,27.02,18.02,11.02,18.52,60.77,43.20,19.23,24.67
108.03,27.02,18.02,11.02,18.52,60.77,43.29,19.26,24.67
108.04,27.06,18.02,11.00,18.52,60.77,43.29,19.23,24.67
108.05,27.02,18.02,11.00,18.52,60.77,43.29,19.23,24.67
108.06,27.02,18.02,11.02,18.52,60.77,43.29,19.23,24.67
108.07,27.02,18.02,11.02,18.52,60.77,43.29,19.23,24.67
108.08,27.02,18.04,11.02,18.52,60.77,43.29,19.23,24.63
108.09,27.06,18.02,11.02,18.52,60.77,43.29,19.23,24.63
108.10,27.02,18.04,11.00,18.52,60.77,43.20,19.23,24.63
108.11,27.02,18.02,11.00,18.52,60.77,43.20,19.23,24.63
108.12,27.02,18.02,11.02,18.52,60.77,43.29,19.23,24.63
108.13,27.02,18.04,11.02,18.52,60.77,43.29,19.23,24.63
108.14,27.06,18.02,11.02,18.52,60.77,43.20,19.23,24.63
108.15,27.02,18.02,11.02,18.52,60.77,43.29,19.23,24.67
108.16,27.02,18.02,11.00,18.52,60.77,43.29,19.23,24.67
108.17,27.06,18.02,11.02,18.52,60.77,43.29,19.23,24.63
108.18,27.02,18.04,11.02,18.52,60.77,43.29,19.23,24.63
108.19,27.06,18.04,11.00,18.52,60.77,43.29,19.23,24.63
108.20,27.02,18.02,11.00,18.52,60.77,43.29,19.23,24.63
108.21,27.02,18.02,11.02,18.49,60.77,43.29,19.23,24.63
108.22,27.06,18.04,11.02,18.52,60.77,43.29,19.23,24.63
108.23,27.06,18.04,11.02,18.52,60.77,43.29,19.23,24.63
108.24,27.06,18.04,11.02,18.52,60.77,43.29,19.23,24.63
108.25,27.06,18.02,11.00,18.52,60.77,43.20,19.23,24.63
108.26,27.02,18.02,11.00,18.52,60.77,43.29,19.23,24.63
108.27,27.02,18.02,11.02,18.52,60.77,43.29,19.23,24.63
108.28,27.02,18.04,11.02,18.52,60.77,43.29,19.23,24.63
108.29,27.02,18.02,11.02,18.52,60.77,43.29,19.23,24.63
108.30,27.02,18.02,11.02,18.52,60.77,43.29,19.23,24.63
108.31,26.98,18.02,11.00,18.52,60.77,43.29,19.23,24.60
108.32,27.06,18.04,11.02,18.52,60.77,43.29,19.23,24.63
108.33,27.06,18.04,11.02,18.52,60.77,43.29,19.23,24.63
108.34,27.02,18.02,11.02,18.52,60.77,43.29,19.23,24.63
108.35,27.06,18.04,11.00,18.52,60.77,43.29,19.23,24.63
108.36,27.02,18.02,11.00,18.52,60.77,43.20,19.23,24.63
108.37,27.06,18.04,11.02,18.52,60.77,43.29,19.23,24.63
108.38,27.02,18.04,11.02,18.52,60.77,43.29,19.26,24.63
108.39,27.06,18.04,11.02,18.52,60.77,43.29,19.26,24.63
108.40,27.02,18.02,11.02,18.52,60.77,43.29,19.23,24.63
108.41,27.02,18.02,11.00,18.52,60.77,43.29,19.23,24.63
108.42,27.02,18.02,11.02,18.52,60.77,43.29,19.23,24.63
108.43,27.06,18.04,11.02,18.52,60.77,43.29,19.23,24.63
108.44,27.02,18.02,11.02,18.52,60.77,43.29,19.23,24.63
108.45,27.06,18.04,11.02,18.52,60.77,43.29,19.23,24.63
108.46,27.02,17.99,11.02,18.52,60.77,43.29,19.23,24.63
108.47,27.02,18.04,11.02,18.52,60.77,43.29,19.23,24.63
108.48,27.02,18.04,11.02,18.52,60.77,43.29,19.23,24.63
108.49,26.98,18.02,11.02,18.52,60.77,43.29,19.23,24.63
108.50,27.06,18.02,11.02,18.52,60.77,43.29,19.20,24.60
108.51,27.02,18.02,11.00,18.52,60.77,43.29,19.23,24.63
108.52,27.02,18.04,11.02,18.52,60.77,43.20,19.23,24.63
108.53,27.06,18.04,11.02,18.52,60.77,43.38,19.23,24.63
108.54,27.06,18.02,11.02,18.52,60.77,43.29,19.23,24.60
108.55,27.02,18.02,11.00,18.49,60.77,43.38,19.23,24.63
108.56,27.02,18.02,11.00,18.52,60.77,43.20,19.23,24.60
108.57,27.06,18.04,11.02,18.52,60.77,43.38,19.23,24.60
108.58,27.06,18.04,11.02,18.52,60.77,43.29,19.23,24.63
108.59,27.06,18.04,11.02,18.52,60.77,43.29,19.23,24.63
108.60,26.98,18.02,11.02,18.52,60.77,43.29,19.23,24.60
108.61,26.98,18.02,11.02,18.52,60.77,43.20,19.23,24.60
108.62,27.02,18.02,11.02,18.52,60.77,43.29,19.23,24.67
108.63,27.02,18.04,11.02,18.52,60.77,43.29,19.23,24.63
108.64,27.02,18.02,11.02,18.52,60.77,43.29,19.23,24.60
108.65,27.02,18.02,11.00,18.49,60.77,43.29,19.20,24.60
108.66,27.02,18.04,11.00,18.52,60.77,43.29,19.23,24.60
108.67,27.02,18.04,11.02,18.52,60.77,43.29,19.23,24.60
108.68,27.06,18.04,11.02,18.52,60.77,43.29,19.23,24.60
108.69,26.98,18.02,11.00,18.52,60.77,43.29,19.23,24.60
108.70,26.98,18.02,11.02,18.52,60.77,43.29,19.23,24.60
108.71,27.02,18.02,11.00,18.52,60.77,43.38,19.23,24.60
108.72,27.02,18.04,11.02,18.52,60.77,43.29,19.23,24.60
108.73,27.02,18.04,11.02,18.52,60.77,43.29,19.23,24.60
108.74,26.98,18.04,11.02,18.52,60.77,43.29,19.23,24.60
108.75,27.02,17.99,11.00,18.49,60.77,43.20,19.23,24.63
108.76,27.02,18.04,11.00,18.52,60.77,43.29,19.23,24.63
108.77,27.06,18.04,11.02,18.52,60.77,43.29,19.23,24.60
108.78,27.06,18.04,11.02,18.49,60.77,43.29,19.23,24.60
108.79,27.02,18.04,11.02,18.52,60.77,43.29,19.23,24.60
108.80,27.02,18.02,11.02,18.52,60.94,43.29,19.23,24.60
108.81,26.98,18.02,11.02,18.52,60.61,43.29,19.23,24.60
108.82,27.02,18.04,11.02,18.52,60.77,43.29,19.26,24.60
108.83,27.06,18.04,11.02,18.52,60.77,43.29,19.23,24.60
108.84,26.98,18.04,11.00,18.52,60.77,43.29,19.23,24.60
108.85,26.98,18.02,11.00,18.52,60.77,43.29,19.23,24.60
108.86,27.02,18.02,11.00,18.52,60.77,43.29,19.23,24.60
108.87,27.02,18.04,11.02,18.49,60.77,43.29,19.23,24.60
108.88,27.02,18.04,11.02,18.52,60.77,43.29,19.23,24.60
108.89,27.02,18.04,11.02,18.49,60.77,43.20,19.23,24.60
108.90,27.02,18.02,11.02,18.52,60.77,43.20,19.23,24.60
108.91,27.02,18.04,11.00,18.49,60.61,43.20,19.23,24.60
108.92,27.02,18.04,11.02,18.52,60.77,43.20,19.23,24.60
108.93,27.02,18.04,11.02,18.49,60.77,43.29,19.23,24.60
108.94,27.06,18.04,11.00,18.49,60.77,43.29,19.23,24.60
108.95,26.98,18.02,11.02,18.52,60.77,43.29,19.23,24.60
108.96,27.02,18.04,11.02,18.52,60.77,43.20,19.23,24.60
108.97,27.02,18.04,11.00,18.49,60.77,43.29,19.23,24.60
108.98,27.02,18.04,11.02,18.52,60.77,43.38,19.23,24.60
108.99,27.02,18.02,11.02,18.49,60.77,43.29,19.23,24.60
109.00,27.02,18.04,11.00,18.49,60.77,43.29,19.23,24.60
109.01,27.02,18.02,11.02,18.49,60.77,43.29,19.23,24.60
109.02,27.02,18.04,11.00,18.52,60.77,43.29,19.23,24.60
109.03,27.11,18.04,11.02,18.52,60.77,43.38,19.23,24.56
109.04,27.02,18.04,11.02,18.49,60.77,43.29,19.23,24.60
109.05,27.06,18.02,11.02,18.52,60.77,43.29,19.23,24.60
109.06,27.02,18.04,11.00,18.49,60.77,43.29,19.23,24.60
109.07,27.02,18.04,11.02,18.49,60.77,43.29,19.23,24.60
109.08,27.06,18.04,11.02,18.52,60.77,43.38,19.23,24.60
109.09,27.02,18.04,11.00,18.52,60.77,43.29,19.23,24.60
109.10,27.02,18.02,11.00,18.49,60.77,43.29,19.23,24.56
109.11,26.98,18.02,11.02,18.49,60.77,43.20,19.23,24.60
109.12,27.02,18.04,11.00,18.52,60.77,43.29,19.23,24.56
109.13,27.06,18.04,11.02,18.49,60.77,43.20,19.23,24.56
109.14,27.02,18.04,11.00,18.49,60.77,43.29,19.23,24.56
109.15,27.02,18.02,11.02,18.49,60.77,43.29,19.23,24.56
109.16,27.02,18.04,11.02,18.49,60.77,43.29,19.23,24.56
109.17,27.02,18.04,11.02,18.49,60.77,43.29,19.23,24.60
109.18,27.02,18.02,11.02,18.52,60.77,43.29,19.23,24.56
109.19,27.02,18.04,11.02,18.49,60.77,43.29,19.23,24.60
109.20,27.02,18.02,11.00,18.49,60.77,43.29,19.20,24.56
109.21,27.02,18.02,11.02,18.52,60.77,43.29,19.23,24.56
109.22,27.02,18.04,11.02,18.49,60.77,43.29,19.23,24.56
109.23,27.06,18.04,11.02,18.52,60.77,43.29,19.23,24.60
109.24,27.06,18.04,11.02,18.49,60.77,43.29,19.23,24.56
109.25,27.02,18.04,11.02,18.52,60.77,43.29,19.23,24.56
109.26,27.02,18.02,11.00,18.52,60.77,43.29,19.23,24.56
109.27,27.06,18.04,11.02,18.52,60.77,43.29,19.23,24.56
109.28,27.06,18.04,11.02,18.52,60.77,43.29,19.23,24.56
109.29,26.98,18.02,11.02,18.49,60.77,43.29,19.23,24.56
109.30,26.98,18.02,11.02,18.52,60.77,43.29,19.23,24.56
109.31,27.02,18.02,11.00,18.49,60.77,43.29,19.23,24.56
109.32,27.02,18.04,11.00,18.49,60.77,43.29,19.23,24.56
109.33,27.06,18.04,11.02,18.49,60.77,43.29,19.23,24.56
109.34,27.06,18.02,11.00,18.52,60.77,43.29,19.23,24.56
109.35,27.02,18.02,11.00,18.49,60.77,43.29,19.20,24.56
109.36,27.02,18.04,11.00,18.52,60.61,43.29,19.23,24.56
109.37,27.02,18.04,11.02,18.52,60.77,43.29,19.23,24.56
109.38,27.06,18.04,11.02,18.49,60.77,43.29,19.23,24.52
109.39,27.06,18.04,11.00,18.49,60.77,43.29,19.23,24.56
109.40,27.06,18.02,11.00,18.52,60.77,43.29,19.23,24.56
109.41,27.02,18.04,11.02,18.49,60.77,43.29,19.23,24.56
109.42,27.02,18.04,11.02,18.49,60.77,43.29,19.23,24.56
109.43,27.06,18.04,11.00,18.49,60.77,43.29,19.23,24.56
109.44,26.98,18.04,11.00,18.49,60.77,43.29,19.20,24.56
109.45,27.02,18.02,11.00,18.52,60.77,43.20,19.23,24.56
109.46,27.02,18.02,11.00,18.49,60.77,43.29,19.20,24.56
109.47,27.02,18.04,11.00,18.52,60.61,43.29,19.23,24.56
109.48,27.02,18.04,11.02,18.52,60.77,43.29,19.23,24.56
109.49,27.06,18.04,11.00,18.49,60.77,43.29,19.20,24.56
109.50,27.02,18.02,11.00,18.49,60.77,43.20,19.23,24.56
109.51,27.02,18.02,11.00,18.49,60.77,43.29,19.20,24.56
109.52,27.02,18.04,11.00,18.49,60.94,43.29,19.20,24.52
109.53,27.06,18.04,11.02,18.49,60.77,43.29,19.23,24.56
109.54,27.02,18.02,11.00,18.49,60.77,43.29,19.23,24.56
109.55,27.02,18.02,11.00,18.49,60.77,43.29,19.20,24.56
109.56,26.98,18.02,11.00,18.49,60.77,43.20,19.20,24.56
109.57,27.02,18.02,11.02,18.49,60.77,43.29,19.20,24.56
109.58,27.06,18.04,11.02,18.49,60.77,43.29,19.23,24.56
109.59,27.02,18.02,11.00,18.49,60.77,43.29,19.23,24.52
109.60,26.98,18.02,11.00,18.49,60.77,43.29,19.23,24.52
109.61,26.98,18.02,11.00,18.52,60.77,43.20,19.23,24.56
109.62,27.02,18.04,11.00,18.52,60.77,43.29,19.20,24.56
109.63,27.02,18.02,11.00,18.49,60.77,43.29,19.23,24.52
109.64,26.98,18.02,11.02,18.49,60.77,43.29,19.23,24.56
109.65,26.98,18.02,11.00,18.49,60.61,43.29,19.20,24.52
109.66,27.06,18.02,11.00,18.49,60.77,43.29,19.23,24.52
109.67,26.98,18.02,11.00,18.49,60.77,43.29,19.20,24.52
109.68,27.06,18.04,11.02,18.49,60.77,43.20,19.23,24.52
109.69,26.98,18.02,11.02,18.49,60.77,43.29,19.23,24.52
109.70,27.02,18.02,11.00,18.49,60.77,43.29,19.23,24.52
109.71,27.02,18.02,11.00,18.49,60.77,43.29,19.23,24.52
109.72,27.02,18.04,11.00,18.49,60.77,43.29,19.23,24.52
109.73,27.02,18.02,11.02,18.49,60.77,43.29,19.20,24.52
109.74,27.02,18.02,11.00,18.49,60.77,43.29,19.20,24.52
109.75,26.98,18.02,11.00,18.49,60.77,43.20,19.23,24.52
109.76,27.02,18.02,11.00,18.49,60.77,43.29,19.20,24.52
109.77,27.02,18.02,11.00,18.49,60.77,43.29,19.23,24.52
109.78,27.02,18.02,11.02,18.49,60.77,43.20,19.23,24.52
109.79,27.02,18.02,11.02,18.49,60.77,43.29,19.23,24.52
109.80,26.98,18.02,11.00,18.49,60.61,43.20,19.20,24.48
109.81,26.98,18.02,11.00,18.49,60.77,43.38,19.20,24.52
109.82,27.02,18.04,11.02,18.49,60.77,43.29,19.23,24.52
109.83,27.06,18.02,11.02,18.49,60.77,43.20,19.23,24.48
109.84,27.02,18.02,11.00,18.49,60.77,43.29,19.23,24.52
109.85,27.02,18.02,11.00,18.49,60.77,43.29,19.20,24.52
109.86,26.98,18.02,11.00,18.49,60.77,43.29,19.20,24.52
109.87,27.02,18.02,11.02,18.49,60.77,43.29,19.20,24.52
109.88,27.02,18.04,11.00,18.49,60.77,43.29,19.23,24.52
109.89,26.98,18.02,11.02,18.49,60.77,43.29,19.23,24.52
109.90,26.98,18.02,11.00,18.49,60.77,43.20,19.23,24.52
109.91,26.98,17.99,11.00,18.49,60.77,43.29,19.20,24.52
109.92,26.98,18.04,11.02,18.49,60.77,43.29,19.23,24.52
109.93,27.02,18.04,11.00,18.49,60.77,43.20,19.23,24.52
109.94,26.98,18.04,11.00,18.49,60.77,43.29,19.20,24.52
109.95,26.98,18.02,11.00,18.49,60.77,43.20,19.20,24.52
109.96,26.98,18.02,11.00,18.49,60.77,43.29,19.20,24.52
109.97,26.98,18.04,11.00,18.49,60.77,43.20,19.23,24.52
109.98,27.02,18.04,11.02,18.49,60.77,43.29,19.23,24.48
109.99,27.02,18.02,11.00,18.49,60.77,43.29,19.23,24.52
110.00,26.98,18.02,11.00,18.49,60.77,43.29,19.23,24.52
110.01,26.98,18.02,11.00,18.49,60.77,43.20,19.20,24.52
110.02,26.98,18.02,11.02,18.49,60.77,43.20,19.23,24.48
110.03,26.98,18.04,11.00,18.49,60.77,43.29,19.23,24.48
110.04,27.02,18.02,11.00,18.49,60.77,43.29,19.20,24.48
110.05,26.98,18.02,11.00,18.49,60.77,43.20,19.20,24.52
110.06,26.98,18.02,11.00,18.49,60.94,43.29,19.23,24.52
110.07,26.98,18.02,11.00,18.49,60.77,43.29,19.20,24.48
110.08,27.02,18.02,11.00,18.49,60.77,43.29,19.23,24.48
110.09,26.98,18.02,11.00,18.49,60.77,43.29,19.20,24.52
110.10,26.98,18.02,11.00,18.49,60.77,43.29,19.20,24.48
110.11,27.02,18.02,11.00,18.49,60.77,43.20,19.20,24.48
110.12,27.02,18.02,11.00,18.49,60.77,43.29,19.23,24.48
110.13,27.06,18.02,11.02,18.49,60.77,43.29,19.23,24.52
110.14,26.98,18.02,11.02,18.49,60.77,43.29,19.20,24.48
110.15,26.98,17.99,11.00,18.49,60.77,43.20,19.23,24.48
110.16,26.98,18.02,11.00,18.49,60.77,43.29,19.20,24.48
110.17,27.02,18.02,11.02,18.49,60.77,43.29,19.20,24.52
110.18,27.02,18.02,11.00,18.46,60.77,43.29,19.20,24.52
110.19,27.02,18.02,11.00,18.46,60.77,43.29,19.20,24.48
110.20,26.98,18.02,11.00,18.49,60.77,43.20,19.20,24.48
110.21,26.98,18.02,11.00,18.49,60.77,43.29,19.20,24.48
110.22,27.02,18.02,11.00,18.49,60.77,43.29,19.20,24.48
110.23,27.02,18.02,11.00,18.49,60.77,43.29,19.20,24.48
110.24,27.02,18.02,11.00,18.49,60.77,43.29,19.20,24.48
110.25,27.02,18.02,11.00,18.46,60.77,43.20,19.20,24.48
110.26,26.98,17.99,11.00,18.46,60.61,43.29,19.20,24.48
110.27,27.02,18.02,11.00,18.49,60.77,43.29,19.23,24.48
110.28,27.02,18.02,11.02,18.49,60.77,43.29,19.20,24.48
110.29,27.02,18.02,11.00,18.49,60.77,43.20,19.20,24.48
110.30,26.98,17.99,11.00,18.49,60.77,43.20,19.23,24.48
110.31,26.98,18.02,11.00,18.49,60.61,43.20,19.20,24.48
110.32,27.02,18.02,11.00,18.49,60.77,43.29,19.20,24.48
110.33,27.02,18.02,11.02,18.49,60.77,43.29,19.20,24.48
110.34,27.02,18.02,11.00,18.49,60.61,43.20,19.20,24.48
110.35,27.02,18.02,11.00,18.46,60.77,43.20,19.20,24.48
110.36,26.98,18.02,11.00,18.49,60.61,43.20,19.20,24.48
110.37,27.02,18.02,11.00,18.49,60.77,43.29,19.20,24.48
110.38,27.06,18.04,11.00,18.49,60.77,43.20,19.23,24.44
110.39,27.02,18.02,11.00,18.49,60.77,43.20,19.20,24.48
110.40,27.02,17.99,11.00,18.49,60.61,43.29,19.20,24.48
110.41,26.98,17.99,11.00,18.49,60.77,43.29,19.20,24.48
110.42,27.02,18.02,11.00,18.49,60.77,43.20,19.20,24.48
110.43,27.02,18.02,11.00,18.49,60.77,43.29,19.20,24.48
110.44,26.98,18.02,11.00,18.49,60.77,43.29,19.20,24.48
110.45,27.02,18.02,11.00,18.49,60.77,43.20,19.20,24.48
110.46,26.98,18.02,11.00,18.49,60.77,43.29,19.20,24.48
110.47,27.02,18.04,11.00,18.49,60.77,43.20,19.20,24.48
110.48,27.02,18.04,11.00,18.49,60.77,43.29,19.23,24.48
110.49,26.98,18.02,11.00,18.49,60.77,43.20,19.23,24.48
110.50,27.02,18.02,11.00,18.49,60.77,43.20,19.20,24.44
110.51,26.98,18.02,11.00,18.49,60.77,43.29,19.20,24.48
110.52,26.98,18.02,11.00,18.49,60.77,43.29,19.20,24.48
110.53,26.98,18.02,11.00,18.49,60.77,43.20,19.23,24.48
110.54,26.98,18.02,11.00,18.46,60.77,43.20,19.20,24.48
110.55,26.93,17.99,11.00,18.49,60.77,43.29,19.20,24.44
110.56,26.98,18.02,11.00,18.46,60.77,43.29,19.20,24.44
110.57,27.02,18.02,11.00,18.49,60.77,43.20,19.20,24.44
110.58,26.98,18.02,11.00,18.49,60.77,43.29,19.20,24.48
110.59,26.98,17.99,11.00,18.49,60.77,43.20,19.20,24.44
110.60,26.98,17.99,11.00,18.49,60.61,43.29,19.20,24.44
110.61,26.93,18.02,11.00,18.49,60.77,43.29,19.23,24.44
110.62,26.98,18.02,11.00,18.49,60.77,43.29,19.20,24.44
110.63,27.06,18.02,11.00,18.49,60.77,43.29,19.23,24.44
110.64,26.98,18.02,11.00,18.49,60.61,43.20,19.20,24.48
110.65,26.98,18.02,11.00,18.49,60.61,43.29,19.20,24.48
110.66,27.02,18.02,11.00,18.49,60.77,43.29,19.20,24.44
110.67,27.02,18.02,11.00,18.49,60.77,43.29,19.20,24.44
110.68,27.02,18.02,11.00,18.49,60.77,43.29,19.20,24.48
110.69,26.98,18.02,11.00,18.49,60.61,43.20,19.20,24.44
110.70,27.02,17.99,11.00,18.49,60.77,43.20,19.20,24.44
110.71,26.98,18.02,11.00,18.49,60.77,43.29,19.20,24.44
110.72,26.98,18.02,11.00,18.49,60.77,43.11,19.20,24.44
110.73,26.98,18.02,11.02,18.49,60.77,43.20,19.20,24.44
110.74,27.02,18.02,11.00,18.49,60.77,43.29,19.20,24.44
110.75,27.02,18.02,11.00,18.49,60.77,43.20,19.20,24.44
110.76,27.02,18.02,10.99,18.49,60.77,43.20,19.20,24.44
110.77,27.02,18.02,11.00,18.49,60.77,43.29,19.20,24.44
110.78,27.02,18.02,11.00,18.46,60.77,43.29,19.20,24.44
110.79,26.98,18.02,11.00,18.49,60.61,43.29,19.20,24.44
110.80,26.98,18.02,11.00,18.46,60.77,43.11,19.18,24.44
110.81,26.98,17.99,11.00,18.46,60.77,43.20,19.20,24.44
110.82,26.98,18.02,11.00,18.49,60.77,43.29,19.20,24.44
110.83,27.02,18.02,11.00,18.49,60.77,43.29,19.20,24.44
110.84,26.98,17.99,11.00,18.49,60.77,43.20,19.20,24.44
110.85,26.93,18.02,11.00,18.49,60.77,43.29,19.20,24.44
110.86,27.02,18.02,11.00,18.46,60.61,43.29,19.20,24.44
110.87,26.98,18.02,11.02,18.49,60.77,43.29,19.23,24.44
110.88,27.02,18.02,11.00,18.49,60.77,43.29,19.20,24.44
110.89,27.02,18.02,11.00,18.49,60.77,43.20,19.20,24.44
110.90,27.02,18.02,11.00,18.49,60.77,43.20,19.20,24.44
110.91,26.98,18.02,11.00,18.49,60.77,43.20,19.20,24.44
110.92,27.02,18.02,11.00,18.46,60.77,43.29,19.20,24.44
110.93,27.02,18.02,11.00,18.49,60.77,43.29,19.20,24.44
110.94,27.02,18.02,11.00,18.46,60.77,43.29,19.20,24.41
110.95,27.02,18.02,11.00,18.46,60.77,43.29,19.20,24.44
110.96,26.98,18.02,11.00,18.46,60.77,43.20,19.20,24.41
110.97,26.98,18.02,11.00,18.46,60.77,43.29,19.20,24.44
110.98,27.02,18.02,11.00,18.49,60.77,43.20,19.20,24.44
110.99,26.98,18.02,11.00,18.46,60.77,43.29,19.20,24.41
111.00,27.02,18.02,11.00,18.49,60.61,43.20,19.20,24.44
111.01,26.98,18.02,11.00,18.49,60.77,43.20,19.20,24.44
111.02,26.98,18.02,11.00,18.49,60.77,43.20,19.23,24.44
111.03,27.02,18.02,11.00,18.49,60.77,43.29,19.20,24.44
111.04,26.98,18.02,11.00,18.49,60.77,43.20,19.20,24.41
111.05,26.98,18.02,11.00,18.46,60.61,43.29,19.20,24.41
111.06,27.02,18.02,11.00,18.49,60.77,43.29,19.20,24.44
111.07,26.98,18.02,11.00,18.46,60.77,43.11,19.20,24.41
111.08,27.02,18.02,11.02,18.49,60.77,43.29,19.20,24.48
111.09,27.02,18.02,11.00,18.46,60.61,43.20,19.18,24.41
111.10,27.02,18.02,11.00,18.46,60.77,43.20,19.20,24.44
111.11,26.98,18.02,11.00,18.46,60.61,43.20,19.20,24.44
111.12,26.98,18.02,11.00,18.46,60.61,43.20,19.20,24.44
111.13,27.02,18.02,11.00,18.49,60.77,43.20,19.20,24.41
111.14,27.02,18.02,11.00,18.46,60.77,43.20,19.20,24.41
111.15,26.98,17.99,11.00,18.49,60.61,43.29,19.20,24.44
111.16,26.98,17.99,11.00,18.46,60.61,43.20,19.20,24.41
111.17,27.06,18.02,11.00,18.46,60.61,43.20,19.20,24.44
111.18,26.98,18.02,11.02,18.49,60.77,43.20,19.20,24.44
111.19,26.93,18.02,11.00,18.46,60.77,43.29,19.20,24.41
111.20,26.98,18.02,11.00,18.46,60.77,43.20,19.20,24.44
111.21,27.02,18.02,11.00,18.46,60.77,43.20,19.20,24.44
111.22,26.93,18.02,11.00,18.49,60.77,43.29,19.20,24.44
111.23,27.02,18.02,11.02,18.49,60.77,43.20,19.20,24.41
111.24,27.02,18.02,11.00,18.46,60.77,43.29,19.20,24.41
111.25,26.98,17.99,11.00,18.49,60.61,43.20,19.20,24.41
111.26,26.98,18.02,11.00,18.46,60.77,43.20,19.20,24.41
111.27,26.98,18.02,11.00,18.46,60.61,43.20,19.20,24.41
111.28,26.98,18.02,11.00,18.46,60.77,43.20,19.20,24.41
111.29,26.98,17.99,11.00,18.46,60.61,43.20,19.20,24.41
111.30,27.02,18.02,11.00,18.46,60.77,43.20,19.20,24.41
111.31,26.98,17.99,10.99,18.46,60.61,43.20,19.20,24.44
111.32,26.98,18.02,11.02,18.46,60.77,43.20,19.20,24.41
111.33,26.98,18.02,11.00,18.46,60.77,43.29,19.20,24.44
111.34,26.98,17.99,11.00,18.46,60.61,43.20,19.18,24.41
111.35,27.02,17.99,11.00,18.49,60.61,43.20,19.20,24.41
111.36,26.98,17.99,11.00,18.49,60.77,43.29,19.20,24.41
111.37,26.98,17.99,11.00,18.46,60.61,43.11,19.20,24.41
111.38,26.98,17.99,11.00,18.46,60.77,43.20,19.20,24.41
111.39,26.98,18.02,11.00,18.46,60.77,43.20,19.20,24.41
111.40,26.98,17.99,11.00,18.46,60.77,43.20,19.20,24.41
111.41,26.98,17.99,11.00,18.46,60.61,43.20,19.20,24.41
111.42,26.98,17.99,11.00,18.46,60.61,43.20,19.20,24.41
111.43,27.02,18.02,11.00,18.46,60.77,43.29,19.20,24.41
111.44,26.98,18.02,11.00,18.46,60.77,43.20,19.20,24.41
111.45,26.98,17.99,10.99,18.46,60.77,43.20,19.20,24.41
111.46,26.98,17.99,11.00,18.49,60.61,43.11,19.20,24.41
111.47,27.06,17.99,11.00,18.46,60.77,43.20,19.20,24.41
111.48,26.98,18.02,11.00,18.46,60.77,43.20,19.20,24.41
111.49,26.98,18.02,11.00,18.49,60.77,43.20,19.20,24.37
111.50,26.98,17.99,11.00,18.46,60.61,43.20,19.20,24.41
111.51,27.02,17.99,11.00,18.46,60.77,43.20,19.20,24.41
111.52,26.98,18.02,11.00,18.46,60.77,43.20,19.20,24.41
111.53,26.98,18.02,11.00,18.46,60.61,43.20,19.20,24.41
111.54,27.02,17.99,11.00,18.46,60.77,43.29,19.20,24.37
111.55,26.93,17.99,11.00,18.46,60.61,43.20,19.18,24.37
111.56,26.98,17.99,11.00,18.46,60.61,43.20,19.20,24.41
111.57,27.02,18.02,11.00,18.49,60.77,43.20,19.20,24.37
111.58,27.02,17.99,11.00,18.46,60.77,43.29,19.20,24.41
111.59,26.93,17.99,11.00,18.46,60.61,43.20,19.20,24.37
111.60,26.98,17.99,11.00,18.46,60.61,43.20,19.20,24.41
111.61,27.02,17.99,10.99,18.46,60.61,43.20,19.20,24.41
111.62,26.98,18.02,11.00,18.46,60.77,43.29,19.20,24.41
111.63,26.98,17.99,11.00,18.46,60.77,43.20,19.20,24.41
111.64,27.02,18.02,11.00,18.46,60.61,43.20,19.20,24.37
111.65,26.98,17.99,11.00,18.46,60.61,43.11,19.20,24.37
111.66,26.98,17.99,11.00,18.46,60.77,43.20,19.20,24.37
111.67,27.02,18.02,11.00,18.46,60.61,43.20,19.20,24.41
111.68,26.98,18.02,11.00,18.46,60.77,43.20,19.20,24.37
111.69,26.98,17.99,11.00,18.46,60.61,43.20,19.20,24.37
111.70,26.98,17.99,10.99,18.46,60.77,43.20,19.20,24.37
111.71,26.98,17.99,11.00,18.46,60.61,43.29,19.20,24.37
111.72,27.02,18.02,11.00,18.46,60.77,43.20,19.20,24.37
111.73,26.98,17.99,11.00,18.46,60.77,43.20,19.20,24.37
111.74,26.98,17.99,11.00,18.46,60.61,43.20,19.18,24.37
111.75,26.93,17.99,10.99,18.46,60.61,43.20,19.18,24.37
111.76,26.98,17.99,10.99,18.46,60.61,43.20,19.18,24.37
111.77,26.98,17.99,11.00,18.46,60.77,43.29,19.20,24.41
111.78,27.02,18.02,11.00,18.46,60.61,43.29,19.20,24.37
111.79,26.93,17.99,11.00,18.46,60.77,43.20,19.20,24.37
111.80,26.98,17.99,11.00,18.46,60.61,43.20,19.18,24.37
111.81,26.98,17.99,11.00,18.46,60.61,43.20,19.18,24.37
111.82,26.98,18.02,11.00,18.46,60.77,43.20,19.20,24.37
111.83,26.98,18.02,11.00,18.46,60.61,43.20,19.20,24.37
111.84,26.98,17.99,11.00,18.46,60.61,43.20,19.20,24.41
111.85,26.93,17.99,11.00,18.46,60.61,43.20,19.20,24.37
111.86,26.93,17.99,11.00,18.46,60.61,43.20,19.20,24.37
111.87,26.93,17.99,11.00,18.46,60.77,43.29,19.20,24.37
111.88,27.02,18.02,11.00,18.46,60.77,43.20,19.18,24.37
111.89,26.98,17.99,11.00,18.46,60.61,43.11,19.18,24.37
111.90,26.93,17.99,10.99,18.46,60.61,43.20,19.18,24.37
111.91,26.98,17.99,11.00,18.46,60.61,43.20,19.20,24.37
111.92,26.98,17.99,11.00,18.46,60.61,43.20,19.18,24.37
111.93,26.98,18.02,11.00,18.46,60.77,43.20,19.20,24.37
111.94,26.98,17.99,11.00,18.46,60.61,43.20,19.20,24.37
111.95,26.98,17.99,10.99,18.46,60.61,43.11,19.20,24.37
111.96,26.98,17.99,10.99,18.46,60.61,43.20,19.18,24.37
111.97,27.02,18.02,11.00,18.46,60.61,43.20,19.20,24.37
111.98,27.02,18.02,11.00,18.46,60.77,43.20,19.20,24.37
111.99,26.98,17.99,11.00,18.46,60.61,43.29,19.20,24.33
112.00,26.98,17.99,11.00,18.46,60.61,43.11,19.20,24.37
112.01,26.98,17.99,10.99,18.46,60.61,43.20,19.18,24.37
112.02,27.02,18.02,11.00,18.49,60.61,43.29,19.20,24.37
112.03,27.02,18.02,11.00,18.46,60.61,43.20,19.20,24.37
112.04,26.98,17.99,11.00,18.46,60.61,43.20,19.20,24.37
112.05,27.02,17.99,10.99,18.46,60.61,43.20,19.20,24.33
112.06,27.02,17.99,11.00,18.46,60.61,43.20,19.20,24.37
112.07,27.02,17.99,11.00,18.46,60.61,43.20,19.20,24.37
112.08,26.98,17.99,11.00,18.44,60.61,43.20,19.20,24.33
112.09,27.02,17.99,11.00,18.46,60.77,43.20,19.20,24.37
112.10,26.98,17.99,10.99,18.46,60.61,43.20,19.18,24.37
112.11,26.98,17.99,10.99,18.46,60.61,43.20,19.20,24.37
112.12,26.98,17.99,11.00,18.46,60.61,43.20,19.20,24.33
112.13,26.93,18.02,11.00,18.46,60.61,43.20,19.18,24.37
112.14,26.93,17.99,11.00,18.46,60.77,43.20,19.18,24.37
112.15,26.98,17.99,10.99,18.46,60.61,43.20,19.18,24.33
112.16,26.93,17.99,11.00,18.46,60.61,43.20,19.18,24.33
112.17,26.93,17.99,11.00,18.46,60.61,43.20,19.20,24.37
112.18,26.98,17.99,11.00,18.46,60.61,43.20,19.20,24.37
112.19,26.93,17.99,10.99,18.46,60.61,43.20,19.20,24.37
112.20,26.93,17.97,11.00,18.46,60.61,43.20,19.20,24.37
112.21,27.02,17.97,11.00,18.46,60.77,43.11,19.18,24.33
112.22,26.98,17.99,11.00,18.46,60.77,43.20,19.20,24.37
112.23,27.02,18.02,11.00,18.46,60.61,43.20,19.20,24.37
112.24,26.98,17.99,10.99,18.44,60.61,43.20,19.18,24.33
112.25,26.93,17.99,10.99,18.46,60.61,43.29,19.18,24.33
112.26,26.98,17.99,11.00,18.46,60.61,43.20,19.18,24.33
112.27,26.93,17.99,11.00,18.46,60.61,43.20,19.18,24.33
112.28,26.98,17.99,11.00,18.46,60.77,43.20,19.20,24.33
112.29,26.93,17.99,11.00,18.46,60.61,43.20,19.18,24.33
112.30,26.98,17.99,10.99,18.44,60.61,43.20,19.18,24.33
112.31,26.98,17.99,10.99,18.46,60.61,43.11,19.18,24.33
112.32,26.93,17.99,11.00,18.46,60.77,43.29,19.18,24.37
112.33,26.98,17.99,10.99,18.46,60.77,43.20,19.20,24.29
112.34,26.93,17.99,10.99,18.46,60.61,43.20,19.18,24.37
112.35,26.93,17.99,11.00,18.46,60.61,43.20,19.18,24.33
112.36,26.93,17.99,10.99,18.46,60.61,43.20,19.18,24.33
112.37,26.93,17.99,10.99,18.46,60.61,43.20,19.20,24.33
112.38,26.98,17.99,11.00,18.46,60.61,43.11,19.20,24.33
112.39,26.98,17.99,10.99,18.46,60.61,43.20,19.18,24.33
112.40,26.98,17.99,10.99,18.46,60.61,43.20,19.18,24.33
112.41,26.98,17.99,11.00,18.46,60.61,43.20,19.20,24.33
112.42,26.98,17.99,11.00,18.46,60.61,43.20,19.18,24.37
112.43,26.93,17.99,11.00,18.46,60.61,43.20,19.20,24.33
112.44,26.98,17.99,11.00,18.46,60.61,43.20,19.20,24.33
112.45,26.98,17.99,11.00,18.46,60.61,43.20,19.18,24.33
112.46,26.89,17.99,11.00,18.46,60.61,43.20,19.18,24.33
112.47,26.93,17.99,10.99,18.46,60.61,43.11,19.20,24.29
112.48,26.98,18.02,11.00,18.46,60.61,43.20,19.20,24.33
112.49,26.98,17.99,11.00,18.46,60.61,43.20,19.20,24.29
112.50,26.98,17.97,10.97,18.46,60.61,43.11,19.18,24.33
112.51,26.98,17.99,10.99,18.46,60.61,43.20,19.20,24.33
112.52,26.98,18.02,11.00,18.44,60.77,43.20,19.18,24.29
112.53,26.98,17.99,11.00,18.44,60.61,43.20,19.20,24.33
112.54,26.93,17.99,11.00,18.46,60.77,43.20,19.18,24.29
112.55,26.98,17.99,10.99,18.46,60.45,43.20,19.18,24.33
112.56,26.93,17.99,10.99,18.46,60.61,43.20,19.18,24.29
112.57,26.98,17.99,11.00,18.46,60.77,43.20,19.20,24.33
112.58,26.93,17.99,10.99,18.44,60.61,43.20,19.18,24.33
112.59,26.93,17.99,10.99,18.44,60.61,43.20,19.20,24.33
112.60,26.93,17.99,10.99,18.46,60.61,43.11,19.18,24.33
112.61,26.93,17.99,11.00,18.46,60.61,43.20,19.18,24.33
112.62,27.02,17.99,10.99,18.46,60.61,43.20,19.18,24.29
112.63,26.98,17.99,11.00,18.46,60.77,43.20,19.20,24.33
112.64,26.93,17.97,10.99,18.46,60.77,43.20,19.18,24.33
112.65,26.93,17.99,10.99,18.46,60.61,43.20,19.18,24.33
112.66,26.93,17.99,10.99,18.46,60.61,43.20,19.18,24.29
112.67,27.02,17.99,11.00,18.46,60.61,43.11,19.18,24.29
112.68,26.98,17.99,11.00,18.44,60.61,43.20,19.18,24.33
112.69,26.98,18.02,10.99,18.44,60.61,43.20,19.18,24.29
112.70,26.98,17.99,10.99,18.46,60.61,43.20,19.18,24.29
112.71,26.98,17.99,10.99,18.46,60.77,43.11,19.18,24.29
112.72,27.02,17.99,11.00,18.44,60.61,43.20,19.20,24.33
112.73,26.98,17.99,11.00,18.46,60.61,43.11,19.18,24.29
112.74,26.98,17.99,11.00,18.46,60.61,43.20,19.18,24.33
112.75,26.98,17.97,11.00,18.46,60.61,43.20,19.18,24.29
112.76,26.98,17.99,10.99,18.46,60.61,43.20,19.18,24.29
112.77,26.98,17.99,11.00,18.44,60.77,43.20,19.18,24.29
112.78,26.93,17.99,11.00,18.46,60.61,43.20,19.20,24.29
112.79,26.98,17.99,11.00,18.46,60.61,43.20,19.20,24.29
112.80,26.98,17.97,10.99,18.46,60.61,43.20,19.18,24.29
112.81,26.93,17.99,11.00,18.46,60.61,43.11,19.18,24.29
112.82,27.02,17.99,11.00,18.46,60.61,43.20,19.20,24.29
112.83,26.98,17.99,11.00,18.44,60.61,43.20,19.18,24.29
112.84,26.93,17.99,10.99,18.46,60.61,43.20,19.18,24.29
112.85,26.93,17.99,10.99,18.44,60.61,43.20,19.18,24.29
112.86,26.93,17.99,10.99,18.44,60.61,43.20,19.18,24.29
112.87,26.98,17.99,11.00,18.46,60.61,43.20,19.20,24.29
112.88,27.02,17.99,10.99,18.44,60.77,43.20,19.18,24.29
112.89,26.98,17.97,11.00,18.44,60.61,43.20,19.18,24.29
112.90,26.98,17.99,10.99,18.46,60.61,43.20,19.18,24.29
112.91,26.98,17.99,10.99,18.46,60.61,43.20,19.18,24.33
112.92,26.98,17.99,11.00,18.44,60.61,43.11,19.18,24.29
112.93,26.98,17.99,10.99,18.46,60.77,43.20,19.18,24.29
112.94,26.98,17.99,10.99,18.44,60.61,43.20,19.18,24.29
112.95,26.98,17.97,10.99,18.46,60.61,43.20,19.18,24.29
112.96,26.93,17.99,10.99,18.46,60.61,43.20,19.18,24.29
112.97,27.02,18.02,10.99,18.44,60.61,43.20,19.18,24.25
112.98,26.98,17.99,11.00,18.46,60.77,43.20,19.18,24.29
112.99,26.93,17.99,10.99,18.46,60.61,43.11,19.18,24.25
113.00,26.98,17.99,10.99,18.44,60.61,43.20,19.18,24.29
113.01,26.98,17.99,10.99,18.46,60.61,43.20,19.18,24.29
113.02,26.98,17.99,10.99,18.46,60.61,43.20,19.18,24.29
113.03,26.98,17.99,10.99,18.44,60.61,43.20,19.18,24.29
113.04,26.98,17.99,10.99,18.44,60.61,43.11,19.18,24.25
113.05,26.93,17.99,10.99,18.46,60.61,43.11,19.18,24.29
113.06,26.93,17.97,10.99,18.44,60.61,43.11,19.20,24.29
113.07,26.98,17.99,11.00,18.46,60.61,43.20,19.18,24.29
113.08,26.93,17.99,11.00,18.44,60.61,43.20,19.20,24.25
113.09,26.98,17.97,10.99,18.44,60.61,43.11,19.18,24.25
113.10,26.98,17.97,10.99,18.44,60.61,43.20,19.18,24.25
113.11,26.93,17.99,10.99,18.44,60.61,43.20,19.18,24.25
113.12,26.93,17.99,10.99,18.44,60.61,43.20,19.18,24.25
113.13,26.93,17.99,11.00,18.44,60.61,43.20,19.20,24.25
113.14,26.93,17.97,10.99,18.44,60.61,43.20,19.18,24.29
113.15,26.93,17.97,10.99,18.46,60.61,43.20,19.18,24.29
113.16,26.93,17.99,10.99,18.44,60.61,43.20,19.18,24.25
113.17,26.93,17.99,11.00,18.46,60.61,43.20,19.18,24.29
113.18,27.02,17.99,11.00,18.44,60.61,43.20,19.18,24.25
113.19,26.98,17.97,10.99,18.44,60.61,43.11,19.18,24.25
113.20,26.98,17.99,10.99,18.44,60.61,43.11,19.18,24.25
113.21,26.98,17.99,11.00,18.44,60.77,43.11,19.18,24.29
113.22,26.98,17.99,11.00,18.44,60.61,43.20,19.20,24.25
113.23,26.98,17.99,11.00,18.44,60.61,43.20,19.20,24.25
113.24,26.98,17.99,10.99,18.44,60.61,43.20,19.18,24.25
113.25,26.93,17.97,10.99,18.44,60.61,43.11,19.18,24.29
113.26,26.98,17.99,10.99,18.44,60.61,43.11,19.18,24.25
113.27,26.93,17.99,11.00,18.44,60.61,43.20,19.18,24.25
113.28,26.93,17.99,11.00,18.44,60.77,43.20,19.18,24.25
113.29,26.93,17.99,10.99,18.44,60.61,43.20,19.18,24.25
113.30,26.93,17.99,10.99,18.46,60.61,43.20,19.18,24.25
113.31,26.93,17.99,10.99,18.46,60.61,43.20,19.18,24.25
113.32,26.98,17.99,11.00,18.44,60.61,43.20,19.18,24.25
113.33,26.98,17.99,10.99,18.46,60.77,43.20,19.18,24.25
113.34,26.98,17.99,10.99,18.44,60.61,43.20,19.18,24.25
113.35,26.93,17.99,10.99,18.44,60.61,43.20,19.18,24.25
113.36,26.93,17.99,10.99,18.44,60.61,43.11,19.18,24.25
113.37,26.98,17.99,11.00,18.44,60.61,43.29,19.20,24.25
113.38,26.93,17.99,11.00,18.44,60.61,43.20,19.20,24.25
113.39,27.02,17.99,10.99,18.44,60.61,43.20,19.18,24.25
113.40,26.98,17.97,10.99,18.44,60.61,43.20,19.18,24.25
113.41,26.98,17.99,10.99,18.44,60.61,43.20,19.18,24.25
113.42,26.98,17.99,11.00,18.46,60.77,43.20,19.18,24.25
113.43,26.98,18.02,11.00,18.46,60.77,43.11,19.18,24.25
113.44,27.02,17.99,10.99,18.44,60.77,43.20,19.18,24.25
113.45,26.98,17.99,10.99,18.44,60.61,43.20,19.18,24.25
113.46,26.93,17.99,11.00,18.44,60.61,43.20,19.18,24.25
113.47,26.98,17.97,11.00,18.44,60.77,43.20,19.20,24.25
113.48,26.98,18.02,11.00,18.44,60.61,43.20,19.18,24.25
113.49,26.98,17.97,11.00,18.44,60.61,43.20,19.18,24.25
113.50,26.93,17.99,10.99,18.46,60.61,43.20,19.18,24.25
113.51,26.98,17.99,10.99,18.44,60.61,43.20,19.20,24.25
113.52,26.98,17.99,10.99,18.44,60.61,43.20,19.18,24.25
113.53,27.02,17.99,11.00,18.44,60.61,43.29,19.20,24.25
113.54,26.93,17.99,11.00,18.44,60.77,43.11,19.18,24.25
113.55,26.98,17.99,10.99,18.44,60.61,43.20,19.18,24.25
113.56,26.93,17.99,10.99,18.44,60.61,43.20,19.18,24.25
113.57,26.98,17.99,11.00,18.44,60.61,43.20,19.18,24.22
113.58,26.93,17.99,10.99,18.44,60.61,43.29,19.18,24.25
113.59,26.98,17.97,10.99,18.44,60.45,43.11,19.18,24.22
113.60,26.93,17.97,10.99,18.44,60.61,43.11,19.18,24.25
113.61,26.98,17.97,11.00,18.44,60.77,43.20,19.18,24.25
113.62,26.98,17.99,11.00,18.44,60.61,43.20,19.18,24.22
113.63,27.02,17.99,10.99,18.41,60.61,43.20,19.18,24.22
113.64,26.98,17.97,10.99,18.44,60.45,43.11,19.18,24.22
113.65,26.93,17.97,10.99,18.44,60.61,43.20,19.18,24.25
113.66,26.98,17.99,10.99,18.46,60.61,43.20,19.18,24.22
113.67,26.93,17.99,11.00,18.44,60.61,43.20,19.18,24.25
113.68,26.98,17.99,11.00,18.44,60.61,43.20,19.18,24.25
113.69,26.93,17.97,11.00,18.44,60.61,43.20,19.18,24.25
113.70,26.98,17.97,10.99,18.44,60.61,43.11,19.18,24.22
113.71,27.02,17.99,10.99,18.44,60.61,43.20,19.18,24.22
113.72,26.93,17.99,11.00,18.46,60.61,43.20,19.18,24.22
113.73,26.93,17.99,11.00,18.44,60.61,43.20,19.18,24.22
113.74,26.93,17.99,10.99,18.44,60.61,43.11,19.18,24.22
113.75,27.02,17.99,10.99,18.44,60.77,43.11,19.20,24.25
113.76,26.93,17.99,11.00,18.44,60.61,43.20,19.20,24.22
113.77,26.98,17.99,11.00,18.44,60.61,43.20,19.18,24.25
113.78,26.98,17.99,11.00,18.44,60.61,43.20,19.20,24.22
113.79,26.98,17.99,11.00,18.44,60.61,43.11,19.18,24.22
113.80,26.93,17.97,10.99,18.44,60.77,43.20,19.18,24.25
113.81,26.98,17.99,11.00,18.44,60.45,43.20,19.18,24.25
113.82,26.98,17.99,11.00,18.44,60.77,43.20,19.20,24.22
113.83,26.93,17.99,11.00,18.44,60.45,43.20,19.20,24.22
113.84,26.93,17.99,11.00,18.44,60.61,43.11,19.18,24.22
113.85,26.98,17.99,10.99,18.44,60.61,43.20,19.18,24.22
113.86,26.93,17.99,11.00,18.44,60.61,43.20,19.20,24.25
113.87,26.93,17.99,11.00,18.44,60.61,43.11,19.18,24.22
113.88,26.93,17.99,11.00,18.44,60.61,43.20,19.18,24.22
113.89,26.93,17.99,10.99,18.44,60.61,43.11,19.18,24.22
113.90,26.98,17.97,10.99,18.44,60.61,43.11,19.18,24.22
113.91,26.98,17.99,10.99,18.44,60.61,43.20,19.18,24.22
113.92,27.02,17.99,11.00,18.44,60.61,43.20,19.18,24.22
113.93,26.98,17.99,11.00,18.44,60.61,43.20,19.20,24.22
113.94,26.98,17.97,10.99,18.44,60.61,43.11,19.20,24.22
113.95,26.98,17.99,10.99,18.44,60.61,43.11,19.18,24.22
113.96,26.98,17.99,11.00,18.44,60.61,43.20,19.18,24.22
113.97,26.98,18.02,11.00,18.44,60.61,43.20,19.18,24.22
113.98,26.98,17.99,11.00,18.44,60.61,43.20,19.20,24.22
113.99,26.93,17.97,11.00,18.44,60.61,43.20,19.18,24.22
114.00,26.93,17.99,10.99,18.44,60.61,43.20,19.20,24.22
114.01,26.93,17.99,10.99,18.41,60.61,43.11,19.20,24.22
114.02,27.02,17.99,11.00,18.44,60.61,43.20,19.20,24.22
114.03,27.02,17.99,11.00,18.44,60.61,43.20,19.18,24.22
114.04,26.93,17.99,11.00,18.44,60.61,43.20,19.18,24.22
114.05,26.98,17.97,10.99,18.44,60.61,43.20,19.18,24.22
114.06,26.93,17.99,11.00,18.44,60.77,43.20,19.15,24.22
114.07,27.02,17.99,11.00,18.44,60.61,43.20,19.18,24.22
114.08,26.98,17.99,11.00,18.44,60.61,43.20,19.18,24.22
114.09,26.98,17.99,11.00,18.44,60.61,43.20,19.18,24.22
114.10,26.93,17.99,11.00,18.44,60.61,43.11,19.18,24.22
114.11,27.02,17.99,11.00,18.44,60.61,43.20,19.20,24.22
114.12,26.98,17.99,11.00,18.44,60.61,43.20,19.20,24.22
114.13,26.93,17.99,11.00,18.44,60.77,43.20,19.18,24.22
114.14,26.98,17.99,11.00,18.44,60.61,43.20,19.18,24.18
114.15,26.98,17.97,11.00,18.44,60.61,43.20,19.18,24.22
114.16,26.93,17.99,11.00,18.44,60.61,43.20,19.18,24.18
114.17,26.98,17.99,11.00,18.44,60.77,43.20,19.20,24.22
114.18,26.98,17.99,11.00,18.44,60.61,43.20,19.20,24.18
114.19,26.98,17.97,11.00,18.44,60.61,43.20,19.20,24.22
114.20,26.93,17.99,11.00,18.44,60.61,43.20,19.18,24.18
114.21,26.93,17.97,11.00,18.44,60.61,43.20,19.20,24.18
114.22,27.02,18.02,11.00,18.44,60.61,43.20,19.20,24.22
114.23,26.98,17.99,11.00,18.44,60.61,43.20,19.20,24.22
114.24,26.93,17.99,11.00,18.44,60.61,43.20,19.20,24.22
114.25,26.98,17.99,11.00,18.44,60.77,43.20,19.20,24.22
114.26,27.02,17.99,11.00,18.44,60.61,43.20,19.18,24.22
114.27,26.98,17.99,11.00,18.44,60.77,43.20,19.20,24.22
114.28,27.02,17.99,11.00,18.44,60.61,43.20,19.20,24.22
114.29,27.02,17.99,11.00,18.44,60.61,43.20,19.18,24.18
114.30,26.98,17.99,10.99,18.44,60.61,43.11,19.18,24.18
114.31,26.98,17.99,11.00,18.44,60.61,43.20,19.18,24.22
114.32,26.98,17.99,11.00,18.44,60.77,43.11,19.20,24.18
114.33,26.93,17.99,11.00,18.44,60.61,43.20,19.18,24.22
114.34,27.02,17.99,11.00,18.44,60.61,43.20,19.18,24.18
114.35,26.93,17.99,11.00,18.44,60.61,43.20,19.18,24.18
114.36,26.93,17.97,11.00,18.44,60.61,43.20,19.20,24.22
114.37,27.02,18.02,11.00,18.44,60.77,43.29,19.20,24.22
114.38,27.02,18.02,11.00,18.44,60.61,43.29,19.18,24.18
114.39,26.98,17.97,11.00,18.44,60.61,43.20,19.20,24.18
114.40,26.98,17.99,11.00,18.44,60.61,43.11,19.20,24.18
114.41,27.02,17.99,11.00,18.44,60.61,43.20,19.18,24.22
114.42,27.02,18.02,11.00,18.44,60.61,43.29,19.20,24.22
114.43,26.98,17.99,11.00,18.44,60.61,43.20,19.20,24.18
114.44,26.98,17.99,11.00,18.44,60.61,43.20,19.20,24.22
114.45,26.98,17.99,11.00,18.44,60.77,43.20,19.18,24.18
114.46,26.93,17.99,11.00,18.44,60.61,43.20,19.18,24.18
114.47,27.02,18.02,11.00,18.44,60.61,43.29,19.20,24.18
114.48,27.02,18.02,11.00,18.44,60.77,43.20,19.20,24.18
114.49,26.93,17.99,11.00,18.44,60.61,43.20,19.20,24.18
114.50,26.98,17.99,11.00,18.44,60.61,43.20,19.18,24.18
114.51,26.93,17.99,11.00,18.44,60.77,43.20,19.20,24.18
114.52,27.02,17.99,11.00,18.44,60.61,43.20,19.18,24.18
114.53,26.98,18.02,11.00,18.44,60.77,43.20,19.20,24.18
114.54,26.98,17.99,11.00,18.44,60.61,43.20,19.20,24.18
114.55,26.98,17.97,11.00,18.44,60.61,43.20,19.20,24.18
114.56,26.98,17.99,11.00,18.44,60.77,43.20,19.18,24.18
114.57,26.93,17.99,11.00,18.44,60.61,43.20,19.20,24.18
114.58,26.98,18.02,11.00,18.44,60.61,43.20,19.20,24.18
114.59,26.98,17.99,11.00,18.44,60.61,43.20,19.18,24.18
114.60,26.93,17.99,11.00,18.44,60.61,43.20,19.18,24.18
114.61,26.98,17.99,11.00,18.44,60.61,43.20,19.18,24.18
114.62,26.93,17.99,11.00,18.44,60.61,43.20,19.18,24.18
114.63,27.02,17.99,11.00,18.44,60.61,43.20,19.18,24.18
114.64,27.02,17.99,11.00,18.44,60.61,43.11,19.20,24.18
114.65,27.02,17.99,11.00,18.44,60.77,43.20,19.18,24.14
114.66,26.98,17.99,11.00,18.44,60.61,43.20,19.20,24.18
114.67,26.98,17.99,11.00,18.44,60.77,43.20,19.20,24.18
114.68,27.02,17.99,11.00,18.44,60.61,43.20,19.18,24.18
114.69,26.98,17.99,10.99,18.44,60.61,43.20,19.18,24.18
114.70,26.98,17.99,11.00,18.44,60.61,43.11,19.18,24.18
114.71,26.98,18.02,11.00,18.44,60.61,43.20,19.20,24.18
114.72,27.02,18.02,11.00,18.44,60.61,43.20,19.20,24.18
114.73,27.02,18.02,11.00,18.41,60.77,43.20,19.18,24.14
114.74,26.98,17.99,11.00,18.44,60.61,43.20,19.18,24.18
114.75,26.93,17.99,11.00,18.44,60.61,43.11,19.18,24.18
114.76,26.98,17.99,11.00,18.44,60.61,43.20,19.18,24.18
114.77,26.98,17.99,11.00,18.44,60.77,43.20,19.18,24.18
114.78,26.98,17.99,11.00,18.44,60.77,43.20,19.18,24.18
114.79,26.98,17.99,11.00,18.44,60.61,43.20,19.20,24.18
114.80,27.02,17.99,11.00,18.44,60.61,43.20,19.18,24.18
114.81,26.98,17.99,11.00,18.46,60.61,43.20,19.18,24.14
114.82,26.98,17.99,11.00,18.44,60.77,43.11,19.18,24.18
114.83,26.98,17.99,11.00,18.44,60.61,43.11,19.18,24.18
114.84,26.98,17.99,11.00,18.44,60.61,43.20,19.18,24.22
114.85,26.93,17.99,11.00,18.44,60.61,43.20,19.20,24.11
114.86,26.93,17.99,11.00,18.44,60.77,43.20,19.20,24.18
114.87,26.98,17.99,11.00,18.44,60.61,43.20,19.20,24.18
114.88,27.02,17.99,11.00,18.44,60.61,43.20,19.20,24.18
114.89,27.02,17.99,11.00,18.44,60.77,43.20,19.20,24.18
114.90,26.93,17.99,11.00,18.44,60.61,43.20,19.18,24.18
114.91,26.98,17.99,11.00,18.44,60.77,43.20,19.20,24.18
114.92,27.02,17.99,11.00,18.44,60.77,43.20,19.18,24.14
114.93,26.98,18.02,11.00,18.44,60.61,43.20,19.20,24.18
114.94,26.98,17.99,11.00,18.44,60.61,43.20,19.18,24.14
114.95,26.98,17.99,11.00,18.44,60.61,43.11,19.18,24.18
114.96,26.98,17.99,11.00,18.44,60.61,43.20,19.20,24.14
114.97,26.98,18.02,11.00,18.44,60.77,43.20,19.20,24.18
114.98,26.98,17.99,11.00,18.44,60.61,43.20,19.18,24.14
114.99,27.02,17.99,11.00,18.44,60.61,43.20,19.18,24.14
115.00,26.93,17.99,11.00,18.44,60.61,43.20,19.18,24.14
115.01,26.98,17.99,11.00,18.44,60.61,43.11,19.20,24.14
115.02,26.98,17.99,11.00,18.44,60.61,43.20,19.20,24.14
115.03,27.02,17.99,11.00,18.44,60.77,43.20,19.20,24.14
115.04,26.93,17.99,11.00,18.44,60.77,43.20,19.20,24.14
115.05,26.98,17.99,11.00,18.44,60.61,43.20,19.18,24.14
115.06,26.98,17.99,11.00,18.44,60.77,43.20,19.20,24.14
115.07,27.02,17.99,11.00,18.44,60.61,43.20,19.18,24.14
115.08,27.02,17.99,11.02,18.44,60.77,43.20,19.20,24.14
115.09,26.98,17.99,11.00,18.44,60.61,43.20,19.18,24.14
115.10,26.93,17.99,11.00,18.44,60.61,43.20,19.18,24.14
115.11,26.93,17.99,11.00,18.44,60.77,43.20,19.18,24.14
115.12,26.93,17.99,11.00,18.44,60.61,43.20,19.20,24.14
115.13,26.98,17.99,11.00,18.44,60.61,43.20,19.18,24.14
115.14,26.93,17.99,11.00,18.44,60.61,43.20,19.18,24.14
115.15,26.98,17.99,11.00,18.44,60.77,43.20,19.18,24.14
115.16,26.93,17.99,11.00,18.44,60.61,43.20,19.18,24.14
115.17,27.02,18.02,11.00,18.44,60.77,43.11,19.20,24.14
115.18,27.02,17.99,11.00,18.44,60.77,43.20,19.18,24.14
115.19,27.02,17.99,11.00,18.44,60.61,43.20,19.18,24.14
115.20,26.98,17.99,11.00,18.44,60.61,43.20,19.18,24.14
115.21,26.98,17.99,11.00,18.44,60.61,43.20,19.18,24.14
115.22,26.98,18.02,11.00,18.44,60.77,43.20,19.20,24.14
115.23,26.98,17.99,11.00,18.44,60.61,43.20,19.18,24.14
115.24,26.98,17.99,11.00,18.44,60.61,43.20,19.18,24.11
115.25,26.93,17.99,11.00,18.44,60.61,43.20,19.18,24.14
115.26,26.98,17.99,11.00,18.44,60.77,43.29,19.18,24.14
115.27,26.98,17.99,11.00,18.44,60.77,43.20,19.20,24.14
115.28,27.02,17.99,11.02,18.44,60.77,43.20,19.18,24.11
115.29,26.93,17.99,11.00,18.44,60.61,43.20,19.20,24.14
115.30,26.98,17.99,11.00,18.44,60.61,43.20,19.18,24.14
115.31,26.93,17.99,11.00,18.44,60.61,43.20,19.20,24.14
115.32,26.98,17.99,11.00,18.44,60.61,43.20,19.20,24.14
115.33,27.02,18.02,11.00,18.44,60.61,43.20,19.18,24.14
115.34,26.98,17.99,11.00,18.44,60.61,43.20,19.18,24.14
115.35,26.98,17.99,11.00,18.44,60.61,43.20,19.18,24.14
115.36,26.93,17.99,11.00,18.44,60.77,43.20,19.18,24.14
115.37,26.98,17.99,11.00,18.44,60.77,43.20,19.18,24.14
115.38,26.98,17.99,11.00,18.44,60.61,43.20,19.18,24.14
115.39,26.98,17.99,11.00,18.44,60.77,43.20,19.18,24.11
115.40,26.93,17.99,11.00,18.41,60.61,43.20,19.18,24.11
115.41,26.98,17.99,11.00,18.44,60.61,43.20,19.20,24.14
115.42,26.98,17.99,11.00,18.44,60.61,43.20,19.20,24.14
115.43,26.98,17.99,11.00,18.44,60.77,43.20,19.18,24.14
115.44,26.98,17.97,11.00,18.44,60.77,43.20,19.18,24.14
115.45,27.02,17.99,11.00,18.44,60.61,43.20,19.18,24.14
115.46,26.98,17.99,11.00,18.44,60.61,43.20,19.18,24.11
115.47,27.02,18.02,11.02,18.44,60.77,43.20,19.20,24.11
115.48,26.98,18.02,11.00,18.44,60.77,43.20,19.20,24.11
115.49,26.98,17.99,11.00,18.44,60.61,43.11,19.18,24.14
115.50,27.02,17.99,11.00,18.44,60.61,43.20,19.18,24.14
115.51,26.98,17.99,11.00,18.41,60.77,43.20,19.18,24.11
115.52,26.98,18.02,11.00,18.44,60.77,43.20,19.18,24.14
115.53,26.98,17.99,11.02,18.44,60.77,43.20,19.18,24.11
115.54,26.93,17.99,11.00,18.41,60.61,43.11,19.18,24.14
115.55,26.93,17.99,11.00,18.44,60.61,43.20,19.18,24.11
115.56,26.98,17.99,11.00,18.44,60.77,43.20,19.18,24.11
115.57,26.98,17.99,11.00,18.44,60.61,43.20,19.20,24.11
115.58,27.02,17.99,11.00,18.44,60.61,43.20,19.20,24.11
115.59,27.02,17.99,11.00,18.44,60.77,43.20,19.18,24.11
115.60,26.93,17.99,11.00,18.44,60.61,43.20,19.18,24.11
115.61,26.93,17.99,11.00,18.41,60.61,43.20,19.20,24.14
115.62,27.02,17.99,11.00,18.44,60.77,43.20,19.20,24.11
115.63,26.98,17.99,11.00,18.44,60.61,43.20,19.20,24.11
115.64,27.02,17.99,11.00,18.44,60.61,43.29,19.18,24.11
115.65,26.93,17.99,11.00,18.44,60.77,43.20,19.18,24.11
115.66,26.98,17.99,11.00,18.44,60.61,43.20,19.20,24.11
115.67,26.98,17.99,11.00,18.44,60.77,43.20,19.20,24.11
115.68,26.98,17.99,11.00,18.41,60.77,43.20,19.20,24.11
115.69,26.93,17.99,11.00,18.44,60.61,43.20,19.18,24.11
115.70,26.93,17.99,11.00,18.44,60.61,43.11,19.20,24.11
115.71,26.98,17.99,11.00,18.44,60.77,43.20,19.18,24.11
115.72,26.98,17.99,11.02,18.44,60.77,43.20,19.20,24.14
115.73,26.98,17.99,11.00,18.41,60.77,43.20,19.20,24.11
115.74,26.93,17.99,11.00,18.44,60.77,43.20,19.18,24.11
115.75,26.98,17.99,11.00,18.44,60.77,43.20,19.20,24.11
115.76,26.98,17.99,11.00,18.44,60.61,43.20,19.18,24.11
115.77,26.98,17.99,11.02,18.44,60.61,43.20,19.18,24.11
115.78,26.98,17.99,11.00,18.41,60.61,43.20,19.20,24.11
115.79,26.98,17.99,11.00,18.44,60.61,43.20,19.18,24.11
115.80,26.93,17.99,11.00,18.44,60.61,43.20,19.18,24.11
115.81,26.98,17.99,11.00,18.44,60.77,43.20,19.20,24.11
115.82,27.02,18.02,11.00,18.44,60.61,43.11,19.20,24.11
115.83,27.02,17.99,11.00,18.44,60.77,43.20,19.18,24.11
115.84,26.98,17.97,11.00,18.41,60.77,43.11,19.20,24.11
115.85,26.98,17.99,11.00,18.44,60.61,43.20,19.18,24.11
115.86,27.02,17.99,11.00,18.44,60.61,43.11,19.18,24.11
115.87,26.98,17.99,11.00,18.44,60.77,43.20,19.20,24.11
115.88,26.98,17.99,11.00,18.44,60.77,43.20,19.18,24.11
115.89,26.98,17.97,11.00,18.44,60.61,43.20,19.18,24.11
115.90,26.93,17.99,11.00,18.41,60.61,43.20,19.18,24.11
115.91,26.98,17.99,11.00,18.41,60.61,43.20,19.18,24.11
115.92,27.02,17.99,11.00,18.44,60.61,43.20,19.20,24.11
115.93,27.02,17.99,11.00,18.44,60.61,43.20,19.20,24.07
115.94,26.93,17.97,11.00,18.41,60.61,43.20,19.18,24.11
115.95,26.93,17.99,11.00,18.41,60.77,43.11,19.18,24.07
115.96,26.93,17.97,11.00,18.44,60.61,43.20,19.20,24.11
115.97,26.98,18.02,11.00,18.41,60.77,43.20,19.20,24.07
115.98,27.02,17.97,11.00,18.41,60.61,43.20,19.18,24.11
115.99,26.98,17.99,11.00,18.41,60.61,43.20,19.18,24.11
116.00,27.02,17.97,11.00,18.41,60.61,43.20,19.18,24.11
116.01,26.98,17.99,11.00,18.44,60.77,43.20,19.18,24.07
116.02,27.02,17.99,11.02,18.44,60.77,43.20,19.20,24.11
116.03,27.02,17.99,11.00,18.41,60.77,43.20,19.18,24.11
116.04,26.98,17.99,11.00,18.44,60.61,43.20,19.20,24.11
116.05,26.98,17.97,11.00,18.44,60.61,43.29,19.18,24.11
116.06,27.02,17.99,11.00,18.44,60.77,43.20,19.18,24.11
116.07,27.02,17.99,11.00,18.44,60.77,43.38,19.20,24.11
116.08,27.02,17.99,11.00,18.41,60.77,43.11,19.20,24.07
116.09,26.98,17.99,11.00,18.41,60.61,43.20,19.18,24.11
116.10,26.98,17.99,11.00,18.41,60.77,43.20,19.18,24.07
116.11,26.98,17.99,11.00,18.41,60.61,43.20,19.18,24.11
116.12,26.98,17.99,11.02,18.41,60.77,43.20,19.20,24.11
116.13,27.02,17.99,11.00,18.41,60.77,43.20,19.18,24.11
116.14,26.98,17.99,11.00,18.44,60.61,43.11,19.18,24.07
116.15,27.02,17.97,11.00,18.41,60.61,43.20,19.20,24.07
116.16,26.93,17.99,11.00,18.44,60.77,43.11,19.18,24.11
116.17,26.98,18.02,11.02,18.44,60.77,43.20,19.20,24.11
116.18,26.98,17.99,11.00,18.41,60.61,43.20,19.18,24.11
116.19,26.93,17.99,11.00,18.41,60.61,43.20,19.18,24.07
116.20,26.98,17.99,11.00,18.44,60.61,43.20,19.18,24.11
116.21,26.93,17.99,11.00,18.41,60.61,43.20,19.18,24.07
116.22,27.02,17.99,11.02,18.44,60.77,43.20,19.20,24.11
116.23,26.98,17.99,11.00,18.41,60.77,43.11,19.18,24.07
116.24,26.93,17.99,11.00,18.41,60.61,43.20,19.20,24.11
116.25,26.98,17.97,11.00,18.41,60.61,43.20,19.18,24.07
116.26,27.02,17.99,11.00,18.44,60.61,43.20,19.18,24.07
116.27,26.98,17.99,11.02,18.41,60.61,43.20,19.18,24.11
116.28,26.98,17.99,11.00,18.44,60.61,43.20,19.18,24.11
116.29,27.02,17.99,11.00,18.44,60.61,43.20,19.18,24.11
116.30,27.02,17.99,11.00,18.44,60.61,43.20,19.18,24.07
116.31,27.02,17.99,11.00,18.41,60.77,43.20,19.20,24.07
116.32,27.02,17.99,11.00,18.41,60.94,43.20,19.20,24.11
116.33,27.02,17.99,11.00,18.41,60.61,43.20,19.20,24.07
116.34,26.93,17.99,11.00,18.44,60.77,43.11,19.20,24.07
116.35,27.02,17.97,11.00,18.44,60.61,43.20,19.18,24.07
116.36,26.98,17.99,11.00,18.41,60.77,43.20,19.20,24.07
116.37,26.98,17.99,11.02,18.44,60.77,43.11,19.18,24.07
116.38,26.98,17.99,11.00,18.41,60.77,43.20,19.20,24.07
116.39,27.02,17.99,11.00,18.44,60.61,43.20,19.20,24.07
116.40,26.98,17.99,11.00,18.44,60.61,43.20,19.18,24.07
116.41,27.02,17.99,11.00,18.44,60.77,43.20,19.18,24.07
116.42,26.98,17.99,11.00,18.44,60.77,43.20,19.20,24.07
116.43,26.98,17.99,11.02,18.44,60.77,43.11,19.20,24.07
116.44,26.93,17.99,11.00,18.44,60.61,43.20,19.20,24.07
116.45,26.98,17.97,11.00,18.44,60.77,43.20,19.18,24.07
116.46,27.06,17.99,11.00,18.41,60.61,43.29,19.20,24.07
116.47,27.02,17.99,11.02,18.41,60.77,43.11,19.20,24.07
116.48,27.02,17.99,11.02,18.41,60.77,43.11,19.18,24.07
116.49,26.98,17.97,11.00,18.41,60.61,43.20,19.18,24.07
116.50,26.98,17.99,11.00,18.41,60.61,43.20,19.18,24.07
116.51,26.98,17.99,11.00,18.41,60.77,43.20,19.18,24.07
116.52,26.98,17.99,11.02,18.41,60.61,43.20,19.18,24.07
116.53,27.02,17.99,11.02,18.41,60.61,43.20,19.20,24.07
116.54,27.02,17.99,11.00,18.44,60.61,43.11,19.18,24.07
116.55,26.98,17.99,11.00,18.41,60.77,43.20,19.18,24.07
116.56,27.02,17.97,11.00,18.44,60.77,43.20,19.20,24.07
116.57,27.02,17.99,11.02,18.41,60.77,43.20,19.18,24.07
116.58,27.02,17.99,11.00,18.41,60.77,43.20,19.18,24.07
116.59,26.98,17.99,11.00,18.41,60.61,43.11,19.18,24.07
116.60,26.98,17.99,11.00,18.41,60.77,43.20,19.18,24.07
116.61,27.02,17.99,11.00,18.41,60.77,43.29,19.18,24.03
116.62,26.98,17.99,11.02,18.41,60.77,43.20,19.20,24.07
116.63,26.98,17.99,11.00,18.41,60.77,43.20,19.18,24.07
116.64,26.98,17.99,11.00,18.41,60.77,43.20,19.18,24.07
116.65,26.98,17.97,11.00,18.41,60.61,43.11,19.20,24.07
116.66,26.98,17.99,11.00,18.44,60.77,43.20,19.18,24.07
116.67,27.02,17.99,11.00,18.41,60.77,43.20,19.20,24.07
116.68,26.98,17.99,11.00,18.41,60.61,43.20,19.18,24.07
116.69,26.98,17.99,11.00,18.41,60.77,43.20,19.20,24.07
116.70,26.98,17.99,11.00,18.41,60.77,43.20,19.18,24.07
116.71,26.98,17.99,11.00,18.41,60.77,43.20,19.20,24.07
116.72,26.98,17.99,11.02,18.41,60.77,43.20,19.20,24.07
116.73,27.02,17.99,11.00,18.41,60.77,43.20,19.20,24.07
116.74,26.98,17.99,11.00,18.41,60.77,43.20,19.18,24.07
116.75,26.93,17.99,11.00,18.41,60.61,43.11,19.18,24.07
116.76,26.98,17.99,11.00,18.41,60.61,43.20,19.20,24.03
116.77,26.98,17.99,11.02,18.41,60.77,43.20,19.20,24.07
116.78,26.98,17.99,11.02,18.41,60.77,43.20,19.20,24.03
116.79,26.98,17.99,11.02,18.41,60.61,43.11,19.20,24.07
116.80,26.98,17.99,11.00,18.41,60.61,43.11,19.18,24.03
116.81,26.98,17.97,11.00,18.44,60.61,43.20,19.18,24.07
116.82,26.98,17.99,11.02,18.41,60.77,43.20,19.20,24.03
116.83,26.98,17.99,11.00,18.41,60.77,43.20,19.18,24.03
116.84,26.93,17.97,11.00,18.41,60.77,43.20,19.18,24.03
116.85,26.93,17.99,11.00,18.44,60.77,43.20,19.18,24.03
116.86,26.98,17.99,11.00,18.41,60.77,43.20,19.18,24.03
116.87,27.02,17.99,11.02,18.44,60.61,43.11,19.20,24.03
116.88,27.02,17.99,11.00,18.41,60.77,43.20,19.20,24.03
116.89,26.98,17.97,11.00,18.41,60.77,43.20,19.18,24.07
116.90,26.98,17.97,11.02,18.41,60.77,43.20,19.20,24.07
116.91,26.98,17.97,11.00,18.41,60.77,43.20,19.20,24.03
116.92,27.02,17.99,11.02,18.41,60.77,43.20,19.20,24.03
116.93,27.02,17.99,11.02,18.41,60.77,43.11,19.20,24.03
116.94,26.98,17.97,11.00,18.41,60.61,43.11,19.18,24.07
116.95,26.98,17.99,11.00,18.41,60.77,43.20,19.18,24.03
116.96,27.02,17.99,11.02,18.41,60.77,43.20,19.18,24.03
116.97,26.98,17.99,11.02,18.41,60.77,43.20,19.20,24.03
116.98,26.98,17.99,11.02,18.41,60.77,43.20,19.20,24.07
116.99,26.93,17.99,11.02,18.41,60.61,43.11,19.20,24.03
117.00,26.98,17.99,11.00,18.41,60.61,43.20,19.18,24.03
117.01,26.98,17.99,11.00,18.41,60.77,43.20,19.20,24.03
117.02,26.98,17.99,11.02,18.41,60.77,43.20,19.20,24.03
117.03,27.02,17.99,11.02,18.41,60.77,43.20,19.20,24.03
117.04,27.02,17.99,11.02,18.41,60.77,43.20,19.20,24.03
117.05,27.02,17.99,11.00,18.41,60.77,43.20,19.20,24.03
117.06,26.98,17.99,11.02,18.41,60.77,43.20,19.18,24.03
117.07,26.93,17.99,11.02,18.41,60.77,43.20,19.20,24.03
117.08,27.02,17.99,11.03,18.41,60.77,43.20,19.20,24.03
117.09,27.02,17.99,11.02,18.41,60.77,43.20,19.20,24.03
117.10,26.93,17.99,11.00,18.41,60.77,43.20,19.20,24.07
117.11,26.98,17.99,11.02,18.41,60.61,43.20,19.20,24.03
117.12,26.98,17.99,11.02,18.41,60.77,43.20,19.20,24.03
117.13,26.98,17.99,11.02,18.41,60.77,43.20,19.18,24.03
117.14,26.98,17.99,11.02,18.41,60.77,43.20,19.20,24.03
117.15,26.98,17.99,11.02,18.41,60.77,43.20,19.20,24.03
117.16,26.98,17.99,11.02,18.41,60.77,43.20,19.20,24.03
117.17,27.06,18.02,11.02,18.41,60.77,43.20,19.20,24.03
117.18,27.02,17.99,11.02,18.41,60.77,43.20,19.20,24.03
117.19,27.02,17.99,11.02,18.41,60.77,43.20,19.18,24.03
117.20,26.98,17.99,11.00,18.41,60.77,43.20,19.18,24.03
117.21,27.02,17.99,11.02,18.41,60.77,43.20,19.20,24.03
117.22,27.06,18.02,11.02,18.41,60.77,43.20,19.20,24.03
117.23,27.02,18.02,11.02,18.41,60.77,43.20,19.20,24.03
117.24,26.98,17.97,11.02,18.41,60.61,43.20,19.18,24.03
117.25,26.98,17.99,11.02,18.44,60.77,43.20,19.18,24.03
117.26,26.98,17.99,11.02,18.41,60.77,43.20,19.20,24.03
117.27,26.98,17.99,11.02,18.41,60.77,43.20,19.20,24.03
117.28,27.02,17.99,11.02,18.41,60.77,43.20,19.18,24.03
117.29,26.98,17.99,11.02,18.41,60.77,43.11,19.20,24.03
117.30,27.02,17.99,11.02,18.41,60.77,43.20,19.20,24.03
117.31,27.02,17.99,11.02,18.41,60.77,43.20,19.20,24.03
117.32,27.02,17.99,11.02,18.41,60.77,43.20,19.20,24.03
117.33,27.02,17.99,11.02,18.41,60.61,43.29,19.20,24.03
117.34,27.02,17.99,11.02,18.41,60.77,43.11,19.20,23.99
117.35,27.02,17.99,11.02,18.41,60.77,43.20,19.20,24.07
117.36,27.02,17.99,11.02,18.41,60.77,43.20,19.20,23.99
117.37,27.06,18.02,11.02,18.41,60.77,43.20,19.20,24.03
117.38,27.02,17.99,11.02,18.41,60.77,43.29,19.18,24.03
117.39,26.98,17.99,11.02,18.41,60.77,43.20,19.20,24.03
117.40,26.98,17.99,11.02,18.41,60.77,43.20,19.20,24.03
117.41,27.02,17.99,11.02,18.41,60.77,43.20,19.18,24.03
117.42,27.06,17.99,11.02,18.41,60.77,43.20,19.20,23.99
117.43,27.02,18.02,11.02,18.41,60.77,43.20,19.20,24.03
117.44,27.02,17.99,11.02,18.41,60.77,43.20,19.20,23.99
117.45,26.98,17.99,11.02,18.41,60.77,43.20,19.20,24.03
117.46,27.02,17.99,11.02,18.41,60.61,43.20,19.20,24.03
117.47,26.98,17.99,11.03,18.41,60.77,43.11,19.20,24.03
117.48,27.02,17.99,11.02,18.41,60.77,43.20,19.20,24.03
117.49,26.98,17.99,11.02,18.41,60.77,43.20,19.20,24.03
117.50,26.98,17.99,11.02,18.41,60.77,43.20,19.18,24.03
117.51,27.02,17.99,11.02,18.41,60.77,43.20,19.18,23.99
117.52,26.98,17.99,11.03,18.41,60.77,43.29,19.20,24.03
117.53,26.98,17.99,11.02,18.41,60.77,43.20,19.20,24.03
117.54,27.02,17.99,11.02,18.41,60.77,43.20,19.18,23.99
117.55,26.98,17.99,11.02,18.41,60.61,43.20,19.20,23.99
117.56,26.98,17.99,11.02,18.41,60.77,43.20,19.18,23.99
117.57,26.98,17.99,11.03,18.41,60.94,43.20,19.20,23.99
117.58,27.02,17.99,11.02,18.41,60.61,43.20,19.20,24.03
117.59,27.02,17.99,11.02,18.41,60.77,43.20,19.18,24.03
117.60,27.02,17.99,11.02,18.41,60.61,43.20,19.18,23.99
117.61,27.02,17.99,11.02,18.41,60.77,43.20,19.18,23.99
117.62,27.06,18.02,11.02,18.41,60.77,43.20,19.20,23.99
117.63,27.02,18.02,11.02,18.41,60.77,43.20,19.20,23.99
117.64,27.02,17.99,11.02,18.41,60.77,43.20,19.20,23.99
117.65,26.98,17.99,11.02,18.41,60.61,43.20,19.18,24.03
117.66,27.02,17.99,11.02,18.41,60.77,43.20,19.20,23.99
117.67,27.02,17.99,11.02,18.41,60.77,43.20,19.20,23.99
117.68,27.02,18.02,11.03,18.41,60.61,43.20,19.20,23.99
117.69,26.98,17.99,11.02,18.41,60.77,43.20,19.18,23.99
117.70,27.02,17.99,11.02,18.41,60.77,43.11,19.20,23.99
117.71,27.06,18.02,11.02,18.41,60.77,43.20,19.20,24.03
117.72,27.06,17.99,11.03,18.41,60.77,43.20,19.20,23.99
117.73,27.02,17.99,11.02,18.41,60.77,43.20,19.20,23.99
117.74,26.98,17.99,11.02,18.41,60.61,43.11,19.20,23.99
117.75,26.98,17.99,11.02,18.41,60.61,43.20,19.20,24.03
117.76,27.02,17.99,11.02,18.41,60.77,43.20,19.20,23.99
117.77,27.06,18.02,11.02,18.41,60.77,43.20,19.20,23.99
117.78,26.98,17.99,11.02,18.41,60.77,43.20,19.20,23.99
117.79,27.02,17.99,11.02,18.39,60.77,43.20,19.20,23.99
117.80,26.98,17.99,11.02,18.41,60.77,43.20,19.18,23.99
117.81,27.02,17.99,11.02,18.41,60.77,43.20,19.20,23.99
117.82,27.06,18.02,11.02,18.39,60.77,43.20,19.20,23.99
117.83,27.06,18.02,11.02,18.41,60.77,43.20,19.20,23.99
117.84,27.02,17.97,11.02,18.41,60.77,43.20,19.20,23.99
117.85,26.98,17.99,11.02,18.39,60.77,43.20,19.20,23.99
117.86,27.02,17.99,11.02,18.39,60.77,43.20,19.20,23.99
117.87,27.06,18.02,11.02,18.41,60.77,43.20,19.20,23.99
117.88,27.02,18.02,11.02,18.41,60.77,43.20,19.20,23.99
117.89,27.02,17.99,11.02,18.41,60.77,43.20,19.18,23.99
117.90,27.02,17.99,11.02,18.41,60.77,43.20,19.20,23.99
117.91,27.02,18.02,11.03,18.41,60.77,43.20,19.20,23.99
117.92,27.02,17.99,11.03,18.41,60.77,43.20,19.20,23.99
117.93,27.02,17.99,11.03,18.41,60.77,43.11,19.20,23.99
117.94,27.02,17.99,11.02,18.39,60.77,43.20,19.20,23.99
117.95,26.98,17.99,11.02,18.39,60.77,43.20,19.18,23.99
117.96,26.98,18.02,11.02,18.41,60.77,43.20,19.20,23.99
117.97,27.02,18.02,11.03,18.41,60.77,43.20,19.20,23.99
117.98,27.02,17.99,11.02,18.41,60.77,43.20,19.20,23.99
117.99,26.98,17.99,11.02,18.41,60.77,43.20,19.20,23.99
118.00,26.98,17.99,11.02,18.41,60.77,43.20,19.20,23.99
118.01,27.02,17.99,11.03,18.41,60.77,43.20,19.20,23.99
118.02,27.02,17.99,11.03,18.41,60.77,43.20,19.20,23.96
118.03,27.02,17.99,11.03,18.41,60.77,43.20,19.20,23.99
118.04,26.98,17.99,11.02,18.41,60.77,43.20,19.20,23.99
118.05,27.02,17.97,11.02,18.41,60.77,43.20,19.20,23.99
118.06,27.06,17.99,11.03,18.41,60.77,43.20,19.20,23.99
118.07,27.02,18.02,11.03,18.41,60.77,43.20,19.20,23.99
118.08,27.02,18.02,11.02,18.41,60.77,43.20,19.20,23.99
118.09,26.98,17.99,11.02,18.41,60.77,43.20,19.20,23.99
118.10,26.98,17.99,11.02,18.41,60.77,43.20,19.20,23.99
118.11,27.02,17.99,11.02,18.41,60.77,43.20,19.20,23.99
118.12,27.02,18.02,11.02,18.41,60.77,43.29,19.20,23.99
118.13,27.06,17.99,11.02,18.41,60.77,43.11,19.20,23.96
118.14,27.02,17.99,11.02,18.39,60.77,43.20,19.20,23.99
118.15,27.02,17.99,11.02,18.41,60.77,43.20,19.20,23.99
118.16,27.02,17.99,11.02,18.41,60.77,43.20,19.20,23.96
118.17,27.02,17.99,11.03,18.41,60.77,43.20,19.20,23.96
118.18,27.06,18.02,11.03,18.41,60.77,43.20,19.20,23.96
118.19,26.98,17.99,11.02,18.41,60.77,43.20,19.20,23.99
118.20,27.02,17.99,11.02,18.41,60.77,43.20,19.18,23.96
118.21,27.02,17.99,11.02,18.41,60.77,43.20,19.20,23.96
118.22,27.06,17.99,11.03,18.39,60.77,43.20,19.20,23.96
118.23,27.02,18.02,11.03,18.39,60.77,43.20,19.20,23.96
118.24,26.98,17.99,11.02,18.41,60.77,43.20,19.20,23.99
118.25,27.02,17.99,11.02,18.41,60.77,43.11,19.20,23.99
118.26,27.02,17.99,11.03,18.41,60.77,43.20,19.20,23.99
118.27,27.02,17.99,11.03,18.41,60.77,43.20,19.20,23.96
118.28,27.02,18.02,11.03,18.41,60.77,43.20,19.20,23.96
118.29,27.02,17.99,11.03,18.41,60.77,43.20,19.20,23.96
118.30,27.02,17.99,11.02,18.41,60.77,43.20,19.20,23.99
118.31,27.02,17.99,11.03,18.41,60.77,43.20,19.20,23.96
118.32,27.02,17.99,11.03,18.41,60.77,43.20,19.20,23.96
118.33,27.02,17.99,11.03,18.41,60.77,43.20,19.20,23.99
118.34,27.02,17.99,11.02,18.39,60.77,43.11,19.18,23.96
118.35,27.02,17.99,11.02,18.39,60.77,43.20,19.20,23.96
118.36,27.02,17.99,11.02,18.41,60.77,43.20,19.20,23.96
118.37,27.02,18.02,11.03,18.41,60.77,43.20,19.20,23.96
118.38,27.02,18.02,11.03,18.41,60.77,43.20,19.20,23.96
118.39,27.02,17.99,11.03,18.41,60.77,43.20,19.20,23.96
118.40,27.06,17.99,11.02,18.41,60.77,43.20,19.20,23.96
118.41,27.02,17.99,11.03,18.41,60.77,43.20,19.20,23.96
118.42,27.06,18.02,11.03,18.41,60.94,43.20,19.20,23.96
118.43,27.02,17.99,11.03,18.41,60.77,43.20,19.20,23.96
118.44,27.02,17.99,11.02,18.39,60.77,43.20,19.18,23.96
118.45,27.06,17.99,11.02,18.39,60.77,43.20,19.20,23.96
118.46,27.06,17.99,11.02,18.39,60.77,43.11,19.20,23.96
118.47,27.06,18.02,11.03,18.41,60.77,43.20,19.20,23.96
118.48,27.02,17.99,11.02,18.41,60.77,43.20,19.20,23.96
118.49,27.02,17.99,11.02,18.41,60.77,43.20,19.20,23.96
118.50,26.98,17.97,11.02,18.39,60.77,43.11,19.20,23.99
118.51,27.02,17.99,11.03,18.41,60.77,43.20,19.20,23.96
118.52,27.02,17.99,11.03,18.41,60.77,43.20,19.20,23.96
118.53,27.02,18.02,11.03,18.41,60.77,43.29,19.20,23.96
118.54,26.98,17.99,11.02,18.41,60.77,43.20,19.20,23.96
118.55,27.02,17.99,11.02,18.41,60.77,43.20,19.20,23.96
118.56,27.02,17.99,11.02,18.41,60.77,43.29,19.20,23.96
118.57,27.06,18.02,11.03,18.41,60.77,43.20,19.20,23.96
118.58,27.02,17.99,11.03,18.39,60.77,43.20,19.20,23.96
118.59,27.02,17.99,11.02,18.41,60.77,43.20,19.20,23.99
118.60,27.06,17.99,11.02,18.39,60.77,43.02,19.20,23.92
118.61,27.02,17.99,11.02,18.39,60.77,43.20,19.20,23.96
118.62,27.02,18.02,11.03,18.39,60.77,43.20,19.20,23.92
118.63,27.02,17.99,11.03,18.41,60.77,43.20,19.20,23.96
118.64,26.98,17.99,11.03,18.41,60.77,43.20,19.20,23.96
118.65,27.06,17.99,11.02,18.39,60.77,43.20,19.20,23.96
118.66,26.98,17.97,11.03,18.41,60.77,43.20,19.20,23.96
118.67,27.06,18.02,11.03,18.41,60.77,43.20,19.20,23.96
118.68,27.02,17.99,11.03,18.41,60.77,43.20,19.20,23.96
118.69,27.02,17.99,11.03,18.41,60.77,43.20,19.20,23.96
118.70,26.98,17.99,11.02,18.39,60.77,43.20,19.20,23.96
118.71,27.02,17.99,11.03,18.41,60.77,43.20,19.20,23.92
118.72,27.02,17.99,11.03,18.39,60.77,43.20,19.20,23.96
118.73,26.98,17.99,11.03,18.39,60.77,43.20,19.20,23.96
118.74,27.02,17.99,11.02,18.39,60.77,43.20,19.18,23.96
118.75,27.06,17.99,11.02,18.39,60.77,43.20,19.20,23.96
118.76,27.02,17.99,11.03,18.39,60.77,43.20,19.20,23.96
118.77,27.06,18.02,11.03,18.41,60.77,43.20,19.20,23.92
118.78,27.02,17.99,11.03,18.39,60.77,43.20,19.20,23.96
118.79,27.02,17.99,11.03,18.39,60.77,43.11,19.20,23.96
118.80,27.02,17.99,11.02,18.41,60.77,43.20,19.20,23.96
118.81,27.02,17.99,11.03,18.41,60.77,43.20,19.23,23.92
118.82,27.02,18.02,11.03,18.39,60.77,43.20,19.20,23.96
118.83,27.02,17.99,11.03,18.39,60.77,43.11,19.23,23.96
118.84,27.02,17.99,11.02,18.39,60.77,43.20,19.18,23.96
118.85,27.02,17.99,11.03,18.41,60.77,43.20,19.20,23.96
118.86,27.02,17.99,11.03,18.41,60.77,43.20,19.20,23.92
118.87,27.02,18.02,11.03,18.39,60.77,43.20,19.20,23.92
118.88,27.02,17.99,11.03,18.39,60.77,43.20,19.20,23.92
118.89,26.98,17.99,11.03,18.39,60.77,43.20,19.20,23.92
118.90,26.98,17.99,11.02,18.39,60.77,43.20,19.20,23.92
118.91,27.02,17.99,11.02,18.41,60.77,43.20,19.20,23.92
118.92,27.06,17.99,11.03,18.41,60.77,43.20,19.20,23.92
118.93,27.02,17.99,11.03,18.39,60.77,43.20,19.20,23.92
118.94,26.98,17.99,11.03,18.39,60.77,43.20,19.18,23.92
118.95,27.02,17.99,11.03,18.41,60.77,43.20,19.20,23.92
118.96,27.02,17.99,11.03,18.39,60.77,43.20,19.20,23.92
118.97,27.06,17.99,11.03,18.39,60.77,43.20,19.20,23.92
118.98,27.02,17.99,11.03,18.41,60.77,43.20,19.20,23.92
118.99,27.02,17.99,11.02,18.39,60.77,43.20,19.20,23.92
119.00,27.02,17.99,11.03,18.41,60.77,43.20,19.20,23.92
119.01,27.02,17.99,11.03,18.41,60.77,43.20,19.20,23.92
119.02,27.02,17.99,11.03,18.41,60.77,43.20,19.20,23.92
119.03,27.02,17.99,11.03,18.39,60.77,43.20,19.20,23.92
119.04,27.02,17.99,11.03,18.41,60.77,43.20,19.20,23.92
119.05,27.06,17.99,11.03,18.39,60.77,43.11,19.20,23.92
119.06,27.02,17.99,11.03,18.39,60.77,43.20,19.20,23.92
119.07,27.06,18.02,11.03,18.39,60.77,43.20,19.20,23.92
119.08,26.98,18.02,11.03,18.41,60.77,43.20,19.20,23.92
119.09,27.02,17.99,11.03,18.41,60.77,43.20,19.20,23.92
119.10,27.02,17.99,11.02,18.39,60.77,43.11,19.20,23.92
119.11,27.02,17.99,11.02,18.41,60.77,43.20,19.20,23.92
119.12,27.02,18.02,11.03,18.41,60.77,43.20,19.20,23.92
119.13,27.02,17.99,11.03,18.39,60.77,43.20,19.20,23.92
119.14,27.02,17.99,11.03,18.39,60.77,43.11,19.20,23.92
119.15,27.02,17.99,11.03,18.39,60.77,43.20,19.20,23.92
119.16,27.02,18.02,11.03,18.39,60.77,43.20,19.20,23.92
119.17,27.02,17.99,11.03,18.41,60.77,43.20,19.20,23.92
119.18,27.02,17.99,11.03,18.39,60.77,43.20,19.20,23.92
119.19,27.02,17.99,11.03,18.39,60.77,43.20,19.20,23.92
119.20,27.02,17.99,11.03,18.41,60.77,43.20,19.20,23.92
119.21,27.02,18.02,11.03,18.41,60.77,43.20,19.20,23.92
119.22,27.02,18.02,11.03,18.41,60.77,43.20,19.20,23.92
119.23,27.02,18.02,11.03,18.41,60.77,43.20,19.20,23.92
119.24,27.02,17.99,11.03,18.41,60.77,43.20,19.20,23.92
119.25,26.98,17.99,11.03,18.39,60.77,43.20,19.20,23.92
119.26,27.02,17.99,11.03,18.41,60.77,43.20,19.20,23.96
119.27,27.02,18.02,11.03,18.41,60.94,43.20,19.20,23.92
119.28,27.02,17.99,11.03,18.41,60.77,43.20,19.20,23.92
119.29,27.06,17.99,11.03,18.41,60.94,43.29,19.20,23.92
119.30,27.02,17.99,11.03,18.41,60.77,43.20,19.20,23.88
119.31,27.06,17.99,11.03,18.39,60.77,43.20,19.20,23.92
119.32,27.06,18.02,11.03,18.39,60.77,43.20,19.20,23.92
119.33,27.02,18.02,11.03,18.39,60.77,43.20,19.20,23.92
119.34,27.02,17.99,11.03,18.39,60.77,43.11,19.20,23.92
119.35,27.02,17.99,11.03,18.39,60.77,43.20,19.20,23.92
119.36,27.02,17.99,11.03,18.41,60.77,43.11,19.20,23.92
119.37,27.06,18.02,11.03,18.41,60.77,43.20,19.20,23.92
119.38,27.02,17.99,11.03,18.41,60.77,43.20,19.20,23.92
119.39,27.06,18.02,11.03,18.39,60.77,43.11,19.20,23.92
119.40,27.02,17.99,11.03,18.41,60.77,43.20,19.20,23.92
119.41,27.06,17.99,11.03,18.39,60.77,43.20,19.20,23.92
119.42,27.02,17.99,11.03,18.41,60.77,43.20,19.20,23.92
119.43,27.02,17.99,11.03,18.39,60.77,43.20,19.20,23.92
119.44,27.02,17.99,11.03,18.39,60.77,43.20,19.20,23.92
119.45,27.02,17.99,11.03,18.41,60.77,43.20,19.20,23.92
119.46,27.06,17.99,11.03,18.41,60.94,43.20,19.20,23.92
119.47,27.02,17.99,11.03,18.41,60.77,43.20,19.20,23.92
119.48,27.02,17.99,11.03,18.41,60.77,43.20,19.20,23.92
119.49,27.02,17.99,11.03,18.41,60.77,43.20,19.20,23.92
119.50,27.02,17.99,11.03,18.41,60.61,43.20,19.20,23.92
119.51,27.02,17.99,11.03,18.39,60.77,43.20,19.20,23.92
119.52,27.06,18.02,11.03,18.41,60.77,43.20,19.23,23.92
119.53,27.02,17.99,11.03,18.39,60.77,43.20,19.20,23.92
119.54,27.02,17.99,11.03,18.39,60.77,43.20,19.20,23.92
119.55,27.02,17.99,11.03,18.41,60.77,43.20,19.20,23.92
119.56,27.02,17.99,11.03,18.39,60.77,43.20,19.20,23.92
119.57,27.02,18.02,11.03,18.39,60.77,43.20,19.23,23.92
119.58,27.02,17.99,11.03,18.39,60.77,43.20,19.20,23.88
119.59,27.02,17.99,11.03,18.41,60.77,43.20,19.20,23.92
119.60,27.02,17.99,11.03,18.39,60.77,43.20,19.20,23.92
119.61,27.02,17.99,11.03,18.39,60.77,43.20,19.20,23.92
119.62,27.06,18.02,11.03,18.41,60.77,43.20,19.20,23.92
119.63,27.02,17.99,11.03,18.41,60.77,43.20,19.20,23.92
119.64,27.02,17.97,11.03,18.39,60.77,43.20,19.20,23.92
119.65,27.06,17.99,11.03,18.41,60.77,43.20,19.20,23.88
119.66,27.06,17.99,11.03,18.41,60.77,43.20,19.20,23.92
119.67,27.06,17.99,11.03,18.41,60.77,43.20,19.20,23.92
119.68,27.02,17.99,11.03,18.39,60.77,43.20,19.23,23.88
119.69,27.02,17.99,11.03,18.39,60.77,43.20,19.20,23.88
119.70,27.02,17.97,11.03,18.39,60.77,43.20,19.23,23.88
119.71,27.06,17.99,11.03,18.39,60.77,43.20,19.20,23.88
119.72,27.02,18.02,11.03,18.39,60.77,43.20,19.20,23.88
119.73,27.02,17.99,11.03,18.39,60.77,43.20,19.20,23.88
119.74,27.06,17.99,11.03,18.39,60.77,43.20,19.20,23.88
119.75,27.02,18.02,11.03,18.41,60.77,43.20,19.20,23.92
119.76,27.06,17.99,11.03,18.39,60.94,43.20,19.23,23.92
119.77,27.06,17.99,11.03,18.39,60.94,43.20,19.20,23.88
119.78,27.02,17.99,11.03,18.39,60.77,43.20,19.20,23.88
119.79,27.02,17.99,11.03,18.41,60.77,43.20,19.20,23.88
119.80,27.02,17.99,11.03,18.39,60.77,43.11,19.20,23.88
119.81,27.02,17.99,11.03,18.39,60.77,43.20,19.23,23.88
119.82,27.06,18.02,11.03,18.41,60.94,43.20,19.23,23.92
119.83,27.02,18.02,11.03,18.41,60.77,43.20,19.20,23.88
119.84,27.02,17.99,11.03,18.41,60.77,43.20,19.20,23.88
119.85,27.02,17.99,11.03,18.41,60.77,43.20,19.20,23.92
119.86,27.06,18.02,11.04,18.41,60.61,43.20,19.23,23.85
119.87,27.06,18.02,11.03,18.39,60.77,43.11,19.23,23.92
119.88,27.02,17.99,11.03,18.39,60.77,43.20,19.20,23.88
119.89,27.02,17.99,11.03,18.39,60.77,43.20,19.23,23.88
119.90,27.06,17.99,11.03,18.39,60.77,43.20,19.20,23.85
119.91,27.02,17.99,11.04,18.41,60.77,43.20,19.23,23.88
119.92,27.02,17.99,11.04,18.41,60.77,43.20,19.23,23.92
119.93,27.02,17.99,11.03,18.39,60.77,43.20,19.20,23.88
119.94,27.02,17.99,11.03,18.41,60.77,43.20,19.20,23.88
119.95,27.06,17.99,11.03,18.41,60.94,43.20,19.20,23.88
119.96,27.06,18.02,11.03,18.41,60.77,43.20,19.20,23.88
119.97,27.06,18.02,11.04,18.41,60.94,43.20,19.20,23.88
119.98,27.02,17.99,11.03,18.39,60.77,43.20,19.20,23.88
119.99,27.02,17.99,11.04,18.39,60.77,43.20,19.20,23.88
120.00,27.06,17.99,11.03,18.39,60.77,43.20,19.20,23.88
120.01,27.06,18.02,11.03,18.39,60.77,43.20,19.20,23.88
120.02,27.06,18.02,11.04,18.41,60.94,43.20,19.20,23.88
120.03,27.02,18.02,11.04,18.39,60.77,43.20,19.23,23.88
120.04,27.02,17.99,11.03,18.39,60.77,43.20,19.20,23.88
120.05,27.06,17.99,11.03,18.41,60.77,43.20,19.20,23.88
120.06,27.06,18.02,11.04,18.39,60.77,43.20,19.20,23.88
120.07,27.06,17.99,11.04,18.39,60.94,43.20,19.23,23.88
120.08,27.06,17.99,11.04,18.39,60.77,43.20,19.20,23.88
120.09,27.02,17.99,11.03,18.39,60.77,43.20,19.23,23.88
120.10,27.06,17.99,11.03,18.39,60.77,43.29,19.20,23.88
120.11,27.06,18.02,11.03,18.39,60.94,43.20,19.23,23.88
120.12,27.06,18.02,11.04,18.39,60.94,43.20,19.23,23.88
120.13,27.06,18.02,11.03,18.39,60.77,43.20,19.23,23.88
120.14,27.02,17.99,11.03,18.39,60.94,43.20,19.20,23.88
120.15,27.02,17.99,11.03,18.39,60.77,43.20,19.20,23.88
120.16,27.06,18.02,11.04,18.39,60.77,43.20,19.20,23.88
120.17,27.11,18.02,11.04,18.39,60.94,43.20,19.20,23.85
120.18,27.06,18.02,11.04,18.39,60.77,43.20,19.20,23.88
120.19,27.06,17.99,11.04,18.39,60.77,43.20,19.20,23.88
120.20,27.02,17.99,11.03,18.39,60.77,43.20,19.20,23.88
120.21,27.06,18.02,11.04,18.41,60.94,43.20,19.23,23.88
120.22,27.06,18.02,11.04,18.39,60.77,43.29,19.23,23.88
120.23,27.06,18.02,11.04,18.39,60.77,43.20,19.23,23.88
120.24,27.02,17.99,11.03,18.41,60.77,43.20,19.20,23.88
120.25,27.06,17.99,11.03,18.41,60.77,43.20,19.20,23.88
120.26,27.02,18.02,11.04,18.39,60.77,43.20,19.23,23.88
120.27,27.11,18.02,11.04,18.39,60.77,43.29,19.23,23.88
120.28,27.06,18.02,11.04,18.41,60.94,43.20,19.23,23.88
120.29,27.02,17.99,11.04,18.39,60.77,43.20,19.20,23.88
120.30,27.06,17.99,11.03,18.39,60.77,43.20,19.23,23.88
120.31,27.06,18.02,11.04,18.39,60.77,43.20,19.23,23.88
120.32,27.06,18.02,11.04,18.39,60.94,43.20,19.23,23.88
120.33,27.06,18.02,11.04,18.39,60.94,43.29,19.20,23.85
120.34,27.06,17.99,11.03,18.39,60.77,43.20,19.23,23.88
120.35,27.06,18.02,11.04,18.39,60.94,43.29,19.20,23.88
120.36,27.06,18.02,11.03,18.39,60.94,43.20,19.20,23.85
120.37,27.06,18.02,11.04,18.39,60.94,43.20,19.23,23.88
120.38,27.06,18.02,11.04,18.39,60.77,43.20,19.20,23.85
120.39,27.06,18.02,11.03,18.41,60.77,43.20,19.20,23.85
120.40,27.02,17.99,11.03,18.39,60.77,43.20,19.23,23.85
120.41,27.11,18.02,11.04,18.41,60.94,43.20,19.20,23.88
120.42,27.06,18.02,11.04,18.39,60.94,43.20,19.23,23.85
120.43,27.06,18.02,11.04,18.39,60.77,43.11,19.20,23.88
120.44,27.02,17.99,11.03,18.39,60.77,43.20,19.20,23.85
120.45,27.06,17.99,11.04,18.41,60.77,43.20,19.20,23.85
120.46,27.11,18.02,11.03,18.39,60.77,43.20,19.23,23.85
120.47,27.11,18.02,11.04,18.39,60.94,43.20,19.23,23.85
120.48,27.06,18.02,11.04,18.39,60.94,43.29,19.23,23.85
120.49,27.02,17.99,11.03,18.39,60.77,43.20,19.23,23.88
120.50,27.06,17.99,11.04,18.39,60.77,43.20,19.20,23.85
120.51,27.02,18.02,11.04,18.41,60.77,43.20,19.20,23.85
120.52,27.06,18.02,11.04,18.39,60.94,43.20,19.23,23.85
120.53,27.06,18.02,11.04,18.39,60.94,43.20,19.20,23.85
120.54,27.02,18.02,11.04,18.39,60.94,43.20,19.20,23.85
120.55,27.02,17.99,11.03,18.39,60.77,43.20,19.20,23.85
120.56,27.11,17.99,11.04,18.39,60.77,43.20,19.23,23.85
120.57,27.06,18.02,11.04,18.39,60.77,43.20,19.23,23.85
120.58,27.02,18.02,11.04,18.39,60.77,43.20,19.23,23.85
120.59,27.06,18.02,11.03,18.39,60.77,43.20,19.23,23.85
120.60,27.11,17.99,11.03,18.39,60.77,43.20,19.20,23.85
120.61,27.06,17.99,11.04,18.39,60.94,43.20,19.20,23.85
120.62,27.06,18.02,11.04,18.39,60.77,43.20,19.23,23.85
120.63,27.11,18.02,11.04,18.41,60.77,43.20,19.20,23.85
120.64,27.02,18.02,11.04,18.39,60.77,43.20,19.20,23.85
120.65,27.02,17.99,11.04,18.39,60.77,43.11,19.20,23.85
120.66,27.02,18.02,11.04,18.39,60.77,43.20,19.23,23.85
120.67,27.06,18.02,11.04,18.39,60.94,43.20,19.23,23.85
120.68,27.02,18.02,11.04,18.39,60.77,43.20,19.20,23.85
120.69,27.06,17.99,11.03,18.39,60.94,43.20,19.20,23.85
120.70,27.06,17.99,11.04,18.39,60.77,43.20,19.20,23.85
120.71,27.06,17.99,11.04,18.39,60.77,43.20,19.23,23.85
120.72,27.06,18.02,11.04,18.39,60.77,43.20,19.23,23.85
120.73,27.06,18.02,11.04,18.39,60.77,43.20,19.20,23.85
120.74,27.06,17.99,11.03,18.39,60.77,43.20,19.20,23.85
120.75,27.06,17.99,11.03,18.39,60.77,43.20,19.20,23.85
120.76,27.06,18.02,11.04,18.39,60.94,43.20,19.20,23.85
120.77,27.06,18.04,11.04,18.39,60.77,43.20,19.20,23.85
120.78,27.06,18.02,11.04,18.41,60.94,43.20,19.20,23.85
120.79,27.06,17.99,11.04,18.39,60.77,43.20,19.20,23.85
120.80,27.02,17.99,11.03,18.39,60.77,43.20,19.20,23.85
120.81,27.02,17.99,11.04,18.39,60.77,43.20,19.23,23.85
120.82,27.06,18.02,11.04,18.39,60.77,43.20,19.20,23.85
120.83,27.11,17.99,11.04,18.39,60.77,43.20,19.23,23.85
120.84,27.02,17.99,11.03,18.39,60.77,43.20,19.20,23.85
120.85,27.06,18.02,11.04,18.39,60.77,43.20,19.20,23.85
120.86,27.06,17.99,11.04,18.39,60.77,43.11,19.23,23.85
120.87,27.11,18.02,11.04,18.39,60.77,43.20,19.20,23.85
120.88,27.02,17.99,11.04,18.39,60.77,43.20,19.20,23.85
120.89,27.06,18.02,11.03,18.39,60.77,43.11,19.20,23.85
120.90,27.06,17.99,11.04,18.41,60.77,43.20,19.20,23.85
120.91,27.06,18.02,11.04,18.39,60.94,43.20,19.23,23.85
120.92,27.06,18.02,11.04,18.39,60.94,43.20,19.20,23.85
120.93,27.06,18.02,11.04,18.39,60.77,43.20,19.20,23.85
120.94,27.06,17.99,11.04,18.39,60.77,43.20,19.20,23.85
120.95,27.02,17.99,11.03,18.39,60.77,43.20,19.20,23.85
120.96,26.98,18.02,11.04,18.39,60.77,43.20,19.23,23.85
120.97,27.06,17.99,11.04,18.39,60.77,43.20,19.20,23.85
120.98,27.06,18.02,11.04,18.39,60.77,43.20,19.20,23.85
120.99,27.06,17.99,11.04,18.39,60.77,43.20,19.20,23.85
121.00,27.06,17.97,11.03,18.39,60.77,43.20,19.20,23.85
121.01,27.06,18.02,11.03,18.39,60.77,43.20,19.23,23.81
121.02,27.11,18.02,11.04,18.36,60.77,43.20,19.20,23.85
121.03,27.06,17.99,11.04,18.39,60.94,43.20,19.23,23.85
121.04,27.06,17.99,11.03,18.39,60.77,43.11,19.20,23.81
121.05,27.02,17.99,11.03,18.36,60.77,43.20,19.20,23.81
121.06,27.11,18.02,11.04,18.39,60.94,43.20,19.23,23.85
121.07,27.11,18.02,11.04,18.39,60.77,43.20,19.20,23.81
121.08,27.06,17.99,11.04,18.39,60.94,43.20,19.20,23.85
121.09,27.02,17.99,11.04,18.39,60.77,43.20,19.20,23.81
121.10,27.06,18.02,11.04,18.39,60.77,43.20,19.20,23.85
121.11,27.06,18.02,11.03,18.39,60.94,43.29,19.20,23.88
121.12,27.06,18.02,11.04,18.39,60.94,43.20,19.23,23.81
121.13,27.06,18.02,11.04,18.39,60.94,43.20,19.20,23.81
121.14,27.06,17.99,11.04,18.39,60.77,43.20,19.20,23.85
121.15,27.06,17.99,11.03,18.39,60.77,43.20,19.23,23.81
121.16,27.06,17.99,11.04,18.39,60.77,43.20,19.20,23.85
121.17,27.11,18.02,11.04,18.39,60.94,43.20,19.20,23.81
121.18,27.06,18.02,11.04,18.39,60.94,43.20,19.20,23.81
121.19,27.06,17.99,11.03,18.39,60.77,43.20,19.20,23.85
121.20,27.06,17.99,11.03,18.39,60.77,43.20,19.20,23.81
121.21,27.06,18.02,11.04,18.39,60.94,43.20,19.20,23.85
121.22,27.11,17.99,11.04,18.39,60.77,43.20,19.23,23.81
121.23,27.06,17.99,11.04,18.39,60.77,43.20,19.20,23.81
121.24,27.06,17.99,11.04,18.39,60.77,43.20,19.20,23.85
121.25,27.06,17.99,11.03,18.39,60.77,43.20,19.20,23.81
121.26,27.06,18.02,11.04,18.39,60.94,43.20,19.23,23.81
121.27,27.06,18.02,11.03,18.39,60.77,43.20,19.20,23.81
121.28,27.11,17.99,11.04,18.39,60.77,43.20,19.20,23.81
121.29,27.02,17.99,11.04,18.39,60.77,43.20,19.20,23.81
121.30,27.06,17.99,11.03,18.39,60.77,43.20,19.20,23.81
121.31,27.11,17.99,11.04,18.39,61.10,43.20,19.23,23.85
121.32,27.06,18.02,11.04,18.39,60.77,43.20,19.23,23.81
121.33,27.06,17.99,11.04,18.39,60.94,43.11,19.23,23.81
121.34,27.06,17.99,11.04,18.39,60.61,43.20,19.20,23.81
121.35,27.11,17.99,11.04,18.39,60.77,43.20,19.20,23.81
121.36,27.11,18.02,11.03,18.39,60.94,43.20,19.23,23.81
121.37,27.06,18.02,11.04,18.39,60.94,43.20,19.23,23.81
121.38,27.11,18.02,11.04,18.39,60.94,43.20,19.23,23.81
121.39,27.02,17.99,11.04,18.39,60.77,43.20,19.20,23.81
121.40,27.02,17.99,11.03,18.39,60.77,43.20,19.20,23.81
121.41,27.06,18.02,11.04,18.39,60.77,43.20,19.23,23.81
121.42,27.06,17.99,11.04,18.39,60.77,43.20,19.20,23.81
121.43,27.06,17.99,11.04,18.39,60.77,43.20,19.20,23.81
121.44,27.06,17.99,11.04,18.39,60.77,43.20,19.20,23.81
121.45,27.02,17.99,11.04,18.39,60.94,43.20,19.20,23.81
121.46,27.11,18.02,11.04,18.39,60.77,43.20,19.20,23.85
121.47,27.06,18.02,11.04,18.39,60.94,43.20,19.23,23.81
121.48,27.02,17.99,11.04,18.39,60.77,43.20,19.20,23.81
121.49,27.11,17.99,11.04,18.39,60.77,43.20,19.20,23.81
121.50,27.02,17.99,11.04,18.39,60.77,43.20,19.20,23.85
121.51,27.02,18.02,11.04,18.39,60.94,43.20,19.20,23.81
121.52,27.06,18.02,11.04,18.39,60.94,43.20,19.23,23.81
121.53,27.06,17.97,11.04,18.39,60.94,43.11,19.23,23.81
121.54,27.02,17.99,11.04,18.39,60.77,43.20,19.20,23.81
121.55,27.06,17.99,11.03,18.39,60.77,43.20,19.20,23.81
121.56,27.06,18.02,11.04,18.39,60.94,43.20,19.20,23.81
121.57,27.06,18.02,11.04,18.39,60.77,43.20,19.23,23.81
121.58,27.02,17.99,11.04,18.39,60.77,43.11,19.20,23.81
121.59,27.06,17.99,11.04,18.39,60.94,43.11,19.20,23.81
121.60,27.06,17.99,11.03,18.39,60.77,43.20,19.23,23.81
121.61,27.06,17.99,11.04,18.39,60.94,43.20,19.20,23.81
121.62,27.11,18.02,11.04,18.36,60.94,43.29,19.23,23.81
121.63,27.06,17.99,11.04,18.39,60.94,43.20,19.23,23.81
121.64,27.02,17.99,11.03,18.36,60.77,43.20,19.20,23.81
121.65,27.06,17.99,11.04,18.39,60.77,43.20,19.20,23.81
121.66,27.06,17.99,11.04,18.39,60.77,43.20,19.23,23.81
121.67,27.06,18.02,11.04,18.39,60.94,43.20,19.20,23.81
121.68,27.06,17.99,11.04,18.39,60.77,43.20,19.20,23.81
121.69,27.02,17.99,11.04,18.39,60.77,43.20,19.20,23.81
121.70,27.02,17.99,11.04,18.39,60.77,43.20,19.20,23.81
121.71,27.11,17.99,11.04,18.39,60.77,43.20,19.20,23.81
121.72,27.11,18.02,11.04,18.36,60.94,43.20,19.23,23.81
121.73,27.11,17.99,11.04,18.39,60.77,43.20,19.23,23.81
121.74,27.11,17.99,11.04,18.39,60.77,43.20,19.20,23.81
121.75,27.06,17.99,11.04,18.39,60.94,43.20,19.20,23.81
121.76,27.06,17.99,11.04,18.39,60.77,43.20,19.23,23.77
121.77,27.11,18.02,11.04,18.39,60.77,43.29,19.23,23.81
121.78,27.06,18.02,11.03,18.39,60.94,43.20,19.20,23.81
121.79,27.02,17.99,11.04,18.39,60.77,43.20,19.20,23.81
121.80,27.06,17.99,11.04,18.39,60.94,43.20,19.20,23.81
121.81,27.11,18.02,11.03,18.39,60.77,43.20,19.20,23.77
121.82,27.11,18.02,11.04,18.39,60.77,43.20,19.20,23.81
121.83,27.02,17.99,11.04,18.39,60.77,43.20,19.20,23.81
121.84,27.06,17.99,11.04,18.36,60.77,43.20,19.23,23.81
121.85,27.11,17.99,11.04,18.39,60.94,43.20,19.23,23.81
121.86,27.11,18.02,11.04,18.39,60.77,43.20,19.23,23.81
121.87,27.11,18.02,11.04,18.39,60.94,43.20,19.23,23.81
121.88,27.06,18.02,11.04,18.39,60.77,43.20,19.20,23.81
121.89,27.06,17.99,11.03,18.39,60.94,43.11,19.20,23.77
121.90,27.02,17.99,11.03,18.39,60.77,43.20,19.20,23.81
121.91,27.06,18.02,11.04,18.39,60.77,43.20,19.20,23.81
121.92,27.06,18.02,11.04,18.39,60.94,43.20,19.23,23.77
121.93,27.11,17.99,11.04,18.39,60.77,43.20,19.20,23.81
121.94,27.06,17.99,11.04,18.39,60.77,43.20,19.20,23.81
121.95,27.06,17.99,11.04,18.39,60.94,43.20,19.20,23.77
121.96,27.11,17.99,11.04,18.39,60.77,43.20,19.20,23.81
121.97,27.06,18.02,11.04,18.39,60.94,43.20,19.23,23.77
121.98,27.06,17.99,11.04,18.39,60.94,43.20,19.20,23.77
121.99,27.06,17.99,11.03,18.39,60.77,43.20,19.20,23.77
122.00,27.02,17.99,11.04,18.39,60.77,43.20,19.20,23.81
122.01,27.06,17.99,11.04,18.39,60.94,43.20,19.23,23.77
122.02,27.06,18.02,11.04,18.39,60.77,43.20,19.23,23.77
122.03,27.06,17.99,11.04,18.39,60.94,43.11,19.20,23.77
122.04,27.02,17.99,11.04,18.39,60.77,43.20,19.20,23.77
122.05,27.06,17.99,11.04,18.39,60.77,43.20,19.20,23.77
122.06,27.06,17.99,11.04,18.39,60.94,43.20,19.20,23.77
122.07,27.06,18.02,11.04,18.39,60.94,43.20,19.20,23.77
122.08,27.11,17.99,11.04,18.39,60.77,43.20,19.20,23.77
122.09,27.11,17.99,11.04,18.39,60.77,43.20,19.20,23.77
122.10,27.06,17.97,11.04,18.39,60.77,43.20,19.20,23.81
122.11,27.06,17.99,11.04,18.39,60.77,43.20,19.23,23.81
122.12,27.06,18.02,11.04,18.39,60.94,43.20,19.20,23.77
122.13,27.06,17.99,11.04,18.39,60.94,43.20,19.23,23.77
122.14,27.06,17.99,11.04,18.39,60.77,43.11,19.20,23.77
122.15,27.06,17.99,11.04,18.39,60.94,43.20,19.23,23.77
122.16,27.06,18.02,11.04,18.39,60.94,43.20,19.23,23.77
122.17,27.15,18.02,11.04,18.39,60.94,43.20,19.20,23.77
122.18,27.06,17.99,11.04,18.39,60.94,43.20,19.23,23.77
122.19,27.06,17.99,11.04,18.39,60.94,43.20,19.20,23.77
122.20,27.06,17.99,11.04,18.39,60.77,43.20,19.23,23.77
122.21,27.11,17.99,11.04,18.39,60.94,43.20,19.20,23.77
122.22,27.11,18.02,11.06,18.39,60.94,43.11,19.23,23.81
122.23,27.06,18.02,11.04,18.39,60.77,43.20,19.23,23.77
122.24,27.06,17.97,11.04,18.39,60.77,43.11,19.23,23.77
122.25,27.06,18.02,11.04,18.41,60.94,43.20,19.23,23.77
122.26,27.11,17.99,11.04,18.36,60.94,43.20,19.20,23.77
122.27,27.06,18.02,11.06,18.39,60.94,43.20,19.23,23.77
122.28,27.06,17.99,11.04,18.39,60.94,43.20,19.23,23.77
122.29,27.02,17.99,11.04,18.39,60.77,43.11,19.20,23.77
122.30,27.06,17.99,11.04,18.39,60.77,43.20,19.23,23.77
122.31,27.06,18.02,11.04,18.39,60.94,43.20,19.20,23.77
122.32,27.06,18.02,11.06,18.39,60.94,43.20,19.23,23.77
122.33,27.06,17.99,11.04,18.39,60.94,43.20,19.20,23.77
122.34,27.06,18.02,11.04,18.39,60.77,43.20,19.20,23.77
122.35,27.06,17.99,11.04,18.39,60.94,43.29,19.23,23.81
122.36,27.06,18.02,11.04,18.39,60.94,43.11,19.23,23.81
122.37,27.06,17.99,11.06,18.39,60.94,43.20,19.23,23.81
122.38,27.06,17.99,11.04,18.39,60.77,43.20,19.23,23.74
122.39,27.02,17.99,11.04,18.39,60.77,43.20,19.23,23.77
122.40,27.06,17.99,11.04,18.39,60.94,43.20,19.23,23.77
122.41,27.06,18.02,11.04,18.39,60.94,43.20,19.20,23.77
122.42,27.06,18.02,11.06,18.39,60.94,43.20,19.20,23.77
122.43,27.11,18.02,11.04,18.39,60.77,43.20,19.20,23.77
122.44,27.11,17.99,11.04,18.39,60.77,43.20,19.20,23.77
122.45,27.11,17.99,11.04,18.39,60.77,43.20,19.23,23.77
122.46,27.06,17.99,11.04,18.39,60.94,43.20,19.20,23.77
122.47,27.06,18.02,11.06,18.39,60.94,43.20,19.23,23.77
122.48,27.06,18.02,11.04,18.39,60.77,43.20,19.23,23.77
122.49,27.02,17.99,11.04,18.39,60.77,43.20,19.20,23.77
122.50,27.11,17.99,11.04,18.39,60.94,43.20,19.20,23.77
122.51,27.06,17.99,11.04,18.39,60.94,43.20,19.23,23.77
122.52,27.11,18.02,11.06,18.39,60.94,43.29,19.20,23.77
122.53,27.06,18.02,11.04,18.39,60.94,43.20,19.23,23.77
122.54,27.06,17.99,11.03,18.39,60.77,43.20,19.20,23.77
122.55,27.06,17.99,11.04,18.39,60.94,43.20,19.20,23.74
122.56,27.06,18.02,11.04,18.39,60.94,43.20,19.20,23.77
122.57,27.11,18.02,11.04,18.39,60.94,43.20,19.23,23.77
122.58,27.06,17.99,11.04,18.36,60.77,43.20,19.20,23.74
122.59,27.06,17.99,11.04,18.39,60.94,43.20,19.20,23.77
122.60,27.11,17.99,11.04,18.39,60.77,43.20,19.20,23.77
122.61,27.06,17.99,11.04,18.39,60.77,43.20,19.23,23.77
122.62,27.11,18.02,11.06,18.39,60.94,43.20,19.23,23.77
122.63,27.06,17.99,11.04,18.39,60.77,43.11,19.20,23.77
122.64,27.06,17.99,11.04,18.39,60.77,43.11,19.23,23.74
122.65,27.06,17.99,11.04,18.39,60.77,43.11,19.20,23.74
122.66,27.06,18.02,11.04,18.39,60.77,43.20,19.20,23.77
122.67,27.06,18.02,11.06,18.39,60.94,43.20,19.23,23.74
122.68,27.06,17.99,11.04,18.39,60.94,43.20,19.20,23.74
122.69,27.06,17.99,11.04,18.39,60.77,43.02,19.20,23.74
122.70,27.11,17.99,11.04,18.39,60.77,43.20,19.20,23.77
122.71,27.06,18.02,11.04,18.39,60.94,43.20,19.23,23.77
122.72,27.11,18.02,11.04,18.39,60.94,43.20,19.23,23.77
122.73,27.06,17.99,11.04,18.36,60.94,43.20,19.20,23.77
122.74,27.02,17.99,11.04,18.39,60.77,43.20,19.20,23.77
122.75,27.06,17.99,11.04,18.36,60.94,43.11,19.20,23.77
122.76,27.06,18.02,11.04,18.39,60.94,43.20,19.23,23.74
122.77,27.06,18.02,11.04,18.39,60.77,43.20,19.23,23.77
122.78,27.06,17.99,11.04,18.39,60.94,43.20,19.20,23.74
122.79,27.06,17.99,11.04,18.36,60.77,43.20,19.20,23.74
122.80,27.06,17.99,11.04,18.39,60.94,43.20,19.23,23.74
122.81,27.11,17.99,11.06,18.39,60.77,43.20,19.23,23.74
122.82,27.06,18.02,11.04,18.39,60.77,43.20,19.23,23.74
122.83,27.11,17.99,11.04,18.39,60.77,43.20,19.20,23.74
122.84,27.02,17.99,11.04,18.39,60.94,43.20,19.20,23.74
122.85,27.06,17.99,11.04,18.36,60.94,43.20,19.23,23.74
122.86,27.06,17.99,11.06,18.36,60.94,43.20,19.23,23.74
122.87,27.11,17.99,11.04,18.39,60.94,43.20,19.23,23.74
122.88,27.06,17.99,11.04,18.36,60.94,43.11,19.20,23.74
122.89,27.06,17.99,11.04,18.39,60.94,43.20,19.20,23.74
122.90,27.06,17.99,11.04,18.39,60.77,43.20,19.23,23.74
122.91,27.11,18.02,11.04,18.39,60.94,43.20,19.23,23.74
122.92,27.11,18.02,11.06,18.39,60.94,43.20,19.23,23.74
122.93,27.06,17.99,11.04,18.39,60.77,43.11,19.20,23.74
122.94,27.11,17.99,11.04,18.39,60.77,43.20,19.20,23.74
122.95,27.06,17.99,11.04,18.39,60.94,43.20,19.20,23.74
122.96,27.06,17.99,11.06,18.39,60.94,43.20,19.23,23.74
122.97,27.06,18.02,11.06,18.39,60.94,43.20,19.23,23.74
122.98,27.06,17.99,11.04,18.36,60.77,43.11,19.20,23.74
122.99,27.06,17.99,11.04,18.39,60.94,43.20,19.23,23.74
123.00,27.06,17.99,11.04,18.39,60.77,43.20,19.20,23.74
123.01,27.11,18.02,11.04,18.39,60.94,43.20,19.23,23.74
123.02,27.06,18.02,11.04,18.39,60.94,43.20,19.23,23.74
123.03,27.06,17.99,11.04,18.36,60.94,43.11,19.20,23.74
123.04,27.06,17.99,11.04,18.39,60.77,43.11,19.20,23.74
123.05,27.11,17.99,11.04,18.39,60.94,43.20,19.20,23.74
123.06,27.11,17.99,11.06,18.39,60.94,43.11,19.23,23.74
123.07,27.11,18.02,11.06,18.39,60.94,43.20,19.23,23.74
123.08,27.06,17.99,11.06,18.39,60.94,43.20,19.20,23.74
123.09,27.06,17.97,11.06,18.39,60.77,43.11,19.20,23.74
123.10,27.11,17.99,11.03,18.39,60.77,43.20,19.20,23.74
123.11,27.06,17.99,11.04,18.39,60.77,43.20,19.23,23.74
123.12,27.06,18.02,11.04,18.39,60.94,43.20,19.23,23.74
123.13,27.06,17.99,11.04,18.39,60.77,43.20,19.20,23.74
123.14,27.11,17.99,11.04,18.39,60.77,43.20,19.20,23.74
123.15,27.11,17.99,11.04,18.39,60.77,43.20,19.20,23.74
123.16,27.15,17.99,11.04,18.39,60.94,43.20,19.23,23.74
123.17,27.06,18.02,11.06,18.39,60.94,43.29,19.23,23.74
123.18,27.11,17.99,11.04,18.39,60.94,43.20,19.20,23.74
123.19,27.06,17.99,11.04,18.39,60.77,43.20,19.20,23.74
123.20,27.06,17.99,11.04,18.39,60.94,43.20,19.20,23.74
123.21,27.11,18.02,11.04,18.39,60.94,43.20,19.23,23.74
123.22,27.06,18.02,11.04,18.39,60.94,43.20,19.23,23.74
123.23,27.06,18.02,11.04,18.39,60.94,43.20,19.20,23.74
123.24,27.11,17.99,11.04,18.39,60.94,43.20,19.20,23.74
123.25,27.06,17.99,11.04,18.39,60.77,43.20,19.20,23.74
123.26,27.11,18.02,11.06,18.39,60.94,43.20,19.23,23.74
123.27,27.11,18.02,11.06,18.39,60.94,43.20,19.23,23.74
123.28,27.11,17.99,11.06,18.39,60.77,43.20,19.23,23.74
123.29,27.06,17.99,11.04,18.39,60.94,43.20,19.23,23.74
123.30,27.06,17.99,11.04,18.39,60.94,43.20,19.23,23.74
123.31,27.06,17.99,11.06,18.39,60.94,43.20,19.23,23.74
123.32,27.11,18.02,11.06,18.39,60.94,43.20,19.23,23.74
123.33,27.06,18.02,11.06,18.39,60.94,43.11,19.23,23.70
123.34,27.06,17.99,11.04,18.39,60.94,43.20,19.20,23.74
123.35,27.06,17.99,11.04,18.36,60.94,43.20,19.23,23.70
123.36,27.06,17.99,11.06,18.39,60.94,43.20,19.20,23.74
123.37,27.06,18.02,11.06,18.39,60.94,43.20,19.23,23.74
123.38,27.06,18.02,11.04,18.39,60.77,43.20,19.23,23.70
123.39,27.06,17.99,11.04,18.36,60.77,43.20,19.20,23.70
123.40,27.06,17.99,11.04,18.39,60.61,43.20,19.20,23.74
123.41,27.11,17.99,11.04,18.39,60.94,43.20,19.23,23.70
123.42,27.06,17.99,11.06,18.39,60.94,43.11,19.23,23.74
123.43,27.11,17.99,11.06,18.36,60.94,43.20,19.20,23.74
123.44,27.06,17.99,11.04,18.39,60.77,43.11,19.23,23.74
123.45,27.06,17.99,11.04,18.39,60.77,43.20,19.23,23.74
123.46,27.11,17.99,11.06,18.39,60.94,43.20,19.23,23.74
123.47,27.11,17.99,11.04,18.39,60.94,43.20,19.23,23.74
123.48,27.11,17.99,11.06,18.36,60.77,43.20,19.20,23.70
123.49,27.06,17.99,11.04,18.39,60.94,43.11,19.23,23.70
123.50,27.06,17.97,11.04,18.39,60.77,43.20,19.20,23.74
123.51,27.11,18.02,11.06,18.39,60.94,43.20,19.23,23.74
123.52,27.06,17.99,11.04,18.39,60.94,43.20,19.23,23.70
123.53,27.06,17.99,11.04,18.39,60.94,43.11,19.23,23.70
123.54,27.06,17.99,11.04,18.36,60.94,43.20,19.20,23.70
123.55,27.06,17.99,11.04,18.41,60.94,43.20,19.23,23.70
123.56,27.06,17.99,11.06,18.39,60.94,43.20,19.20,23.70
123.57,27.06,17.99,11.06,18.39,60.77,43.20,19.20,23.74
123.58,27.06,17.99,11.04,18.39,60.77,43.20,19.23,23.70
123.59,27.06,17.99,11.04,18.39,60.77,43.20,19.20,23.70
123.60,27.11,17.99,11.04,18.39,60.77,43.02,19.20,23.70
123.61,27.11,17.99,11.06,18.39,60.77,43.20,19.23,23.74
123.62,27.06,17.99,11.04,18.39,60.94,43.20,19.20,23.66
123.63,27.06,17.99,11.04,18.39,60.94,43.11,19.23,23.74
123.64,27.02,17.97,11.04,18.39,60.77,43.11,19.20,23.70
123.65,27.11,17.99,11.04,18.39,60.94,43.11,19.20,23.70
123.66,27.06,18.02,11.06,18.39,60.77,43.20,19.23,23.70
123.67,27.06,17.99,11.06,18.39,60.94,43.20,19.23,23.70
123.68,27.06,17.99,11.04,18.39,60.77,43.20,19.20,23.70
123.69,27.11,17.99,11.04,18.39,60.77,43.20,19.20,23.70
123.70,27.11,17.99,11.04,18.39,60.77,43.20,19.20,23.70
123.71,27.06,17.99,11.04,18.39,60.94,43.20,19.23,23.70
123.72,27.06,18.02,11.04,18.39,60.94,43.11,19.20,23.70
123.73,27.06,17.97,11.04,18.39,60.94,43.20,19.20,23.70
123.74,27.11,17.97,11.04,18.39,60.77,43.20,19.20,23.70
123.75,27.11,17.99,11.04,18.39,60.94,43.11,19.20,23.70
123.76,27.06,17.99,11.06,18.39,60.77,43.11,19.23,23.74
123.77,27.06,17.99,11.04,18.39,60.94,43.20,19.23,23.70
123.78,27.06,17.99,11.04,18.36,60.77,43.20,19.20,23.70
123.79,27.11,17.97,11.04,18.39,60.77,43.11,19.20,23.70
123.80,27.06,17.99,11.04,18.39,60.77,43.20,19.20,23.70
123.81,27.06,17.99,11.04,18.36,60.94,43.20,19.20,23.70
123.82,27.06,17.99,11.06,18.39,60.77,43.20,19.23,23.70
123.83,27.06,17.99,11.04,18.36,60.94,43.11,19.20,23.70
123.84,27.11,17.99,11.04,18.39,60.61,43.11,19.20,23.70
123.85,27.06,17.99,11.04,18.39,60.77,43.20,19.20,23.70
123.86,27.06,17.99,11.04,18.39,60.94,43.20,19.20,23.70
123.87,27.11,17.99,11.04,18.39,60.94,43.20,19.20,23.70
123.88,27.06,17.99,11.04,18.39,60.77,43.20,19.20,23.70
123.89,27.06,17.99,11.04,18.39,60.77,43.11,19.20,23.70
123.90,27.11,17.99,11.04,18.39,60.94,43.20,19.20,23.70
123.91,27.06,17.99,11.06,18.39,60.94,43.20,19.23,23.70
123.92,27.11,17.99,11.04,18.36,60.94,43.20,19.20,23.70
123.93,27.06,17.97,11.04,18.39,60.77,43.11,19.20,23.70
123.94,27.11,17.97,11.04,18.39,60.77,43.11,19.20,23.70
123.95,27.06,17.97,11.04,18.39,60.77,43.11,19.20,23.70
123.96,27.06,17.99,11.04,18.39,60.77,43.20,19.20,23.70
123.97,27.11,17.99,11.04,18.39,60.77,43.20,19.23,23.70
123.98,27.02,17.97,11.04,18.36,60.94,43.11,19.20,23.70
123.99,27.06,17.97,11.04,18.36,60.77,43.11,19.20,23.70
124.00,27.06,17.99,11.04,18.36,60.77,43.11,19.20,23.70
124.01,27.06,17.99,11.04,18.39,60.77,43.20,19.23,23.70
124.02,27.06,17.99,11.04,18.36,60.94,43.20,19.20,23.70
124.03,27.06,17.97,11.04,18.36,60.77,43.11,19.20,23.70
124.04,27.11,17.97,11.04,18.36,60.77,43.11,19.20,23.70
124.05,27.11,17.97,11.04,18.36,60.94,43.20,19.20,23.70
124.06,27.06,17.97,11.04,18.39,60.94,43.20,19.20,23.70
124.07,27.06,17.99,11.04,18.36,60.94,43.11,19.20,23.70
124.08,27.06,17.97,11.04,18.36,60.77,43.11,19.20,23.70
124.09,27.06,17.97,11.04,18.39,60.77,43.11,19.20,23.70
124.10,27.06,17.99,11.04,18.36,60.77,43.11,19.20,23.70
124.11,27.06,17.99,11.04,18.36,60.77,43.20,19.20,23.70
124.12,27.06,17.99,11.04,18.36,60.94,43.11,19.23,23.70
124.13,27.06,17.99,11.04,18.36,60.94,43.20,19.20,23.70
124.14,27.06,17.97,11.04,18.36,60.77,43.20,19.20,23.66
124.15,27.06,17.99,11.04,18.36,60.77,43.11,19.20,23.70
124.16,27.11,17.99,11.06,18.39,60.94,43.11,19.20,23.70
124.17,27.11,17.99,11.04,18.39,60.77,43.20,19.20,23.70
124.18,27.06,17.97,11.04,18.36,60.77,43.11,19.20,23.70
124.19,27.02,17.97,11.04,18.39,60.94,43.11,19.20,23.66
124.20,27.06,17.97,11.04,18.39,60.77,43.11,19.20,23.70
124.21,27.11,17.99,11.04,18.39,60.77,43.11,19.20,23.70
124.22,27.06,17.99,11.06,18.39,60.94,43.11,19.20,23.70
124.23,27.06,17.97,11.04,18.39,60.77,43.11,19.18,23.70
124.24,27.06,17.97,11.04,18.36,60.94,43.11,19.20,23.66
124.25,27.06,17.99,11.04,18.36,60.77,43.11,19.20,23.66
124.26,26.98,17.99,11.04,18.39,60.77,43.20,19.20,23.70
124.27,27.15,17.99,11.06,18.39,60.94,43.20,19.23,23.70
124.28,27.06,17.97,11.04,18.39,60.77,43.11,19.20,23.70
124.29,27.06,17.97,11.04,18.36,60.77,43.20,19.20,23.70
124.30,27.02,17.97,11.04,18.36,60.77,43.11,19.23,23.66
124.31,27.11,17.99,11.04,18.39,60.77,43.11,19.23,23.70
124.32,27.06,17.99,11.04,18.36,60.77,43.20,19.20,23.70
124.33,27.06,17.99,11.04,18.36,60.77,43.20,19.20,23.66
124.34,27.06,17.97,11.04,18.39,60.77,43.20,19.20,23.70
124.35,27.06,17.97,11.04,18.39,60.94,43.11,19.20,23.66
124.36,27.11,17.99,11.04,18.39,60.77,43.11,19.20,23.70
124.37,27.06,17.99,11.04,18.36,60.94,43.11,19.20,23.70
124.38,27.02,17.97,11.04,18.39,60.77,43.11,19.20,23.70
124.39,27.02,17.97,11.04,18.36,60.77,43.11,19.20,23.66
124.40,27.06,17.99,11.04,18.36,60.77,43.11,19.20,23.66
124.41,27.06,17.97,11.04,18.39,60.94,43.11,19.20,23.70
124.42,27.06,17.97,11.04,18.36,60.77,43.11,19.20,23.70
124.43,27.06,17.97,11.04,18.36,60.77,43.11,19.20,23.70
124.44,27.11,17.97,11.03,18.39,60.77,43.11,19.20,23.70
124.45,27.02,17.97,11.04,18.39,60.77,43.11,19.20,23.66
124.46,27.06,17.99,11.04,18.36,60.77,43.20,19.23,23.70
124.47,27.11,17.99,11.04,18.39,60.77,43.11,19.20,23.66
124.48,27.11,17.97,11.04,18.36,60.94,43.11,19.20,23.66
124.49,27.02,17.97,11.04,18.39,60.77,43.11,19.20,23.66
124.50,27.06,17.99,11.06,18.39,60.94,43.20,19.20,23.66
124.51,27.11,17.99,11.06,18.39,60.94,43.20,19.20,23.70
124.52,27.06,17.99,11.06,18.36,60.77,43.11,19.23,23.66
124.53,27.06,17.97,11.04,18.36,60.77,43.11,19.20,23.66
124.54,27.06,17.97,11.04,18.39,60.77,43.11,19.20,23.70
124.55,27.11,17.99,11.04,18.36,60.77,43.11,19.20,23.66
124.56,27.11,17.97,11.06,18.39,60.94,43.20,19.23,23.70
124.57,27.11,17.99,11.06,18.39,60.77,43.11,19.20,23.66
124.58,27.06,17.97,11.04,18.39,60.77,43.11,19.20,23.66
124.59,27.06,17.97,11.04,18.36,60.77,43.11,19.20,23.66
124.60,27.06,17.97,11.04,18.39,60.77,43.11,19.20,23.70
124.61,27.06,17.99,11.06,18.39,60.77,43.20,19.20,23.66
124.62,27.06,17.99,11.04,18.39,60.77,43.20,19.23,23.66
124.63,27.11,17.97,11.04,18.36,60.77,43.11,19.20,23.66
124.64,27.06,17.97,11.04,18.36,60.77,43.11,19.20,23.66
124.65,27.11,17.97,11.04,18.39,60.77,43.20,19.23,23.66
124.66,27.06,17.99,11.04,18.36,60.94,43.20,19.20,23.66
124.67,27.06,17.99,11.04,18.36,60.94,43.20,19.20,23.66
124.68,27.11,17.97,11.04,18.39,60.77,43.20,19.20,23.66
124.69,27.06,17.97,11.04,18.36,60.94,43.11,19.20,23.66
124.70,27.06,17.99,11.06,18.39,60.77,43.11,19.20,23.66
124.71,27.06,17.97,11.06,18.39,60.77,43.11,19.23,23.66
124.72,27.06,17.99,11.04,18.39,60.94,43.11,19.20,23.66
124.73,27.11,17.99,11.04,18.36,60.94,43.11,19.20,23.66
124.74,27.06,17.99,11.04,18.39,60.77,43.11,19.20,23.66
124.75,27.11,17.99,11.04,18.39,60.77,43.20,19.20,23.66
124.76,27.11,17.97,11.06,18.36,60.77,43.20,19.20,23.66
124.77,27.06,18.02,11.04,18.39,60.94,43.20,19.20,23.66
124.78,27.06,17.97,11.04,18.39,60.77,43.11,19.20,23.66
124.79,27.06,17.97,11.04,18.39,60.77,43.11,19.20,23.66
124.80,27.06,17.97,11.06,18.39,60.94,43.11,19.20,23.66
124.81,27.06,17.99,11.06,18.39,60.77,43.11,19.23,23.66
124.82,27.06,17.99,11.06,18.39,60.94,43.20,19.23,23.66
124.83,27.06,17.99,11.04,18.39,60.77,43.11,19.20,23.66
124.84,27.06,17.97,11.04,18.39,60.94,43.11,19.20,23.66
124.85,27.06,17.97,11.04,18.39,60.94,43.11,19.20,23.66
124.86,27.15,17.97,11.04,18.36,60.94,43.02,19.20,23.66
124.87,27.11,17.99,11.06,18.36,60.94,43.11,19.20,23.66
124.88,27.06,17.97,11.04,18.39,60.77,43.11,19.20,23.66
124.89,27.06,17.97,11.04,18.39,60.77,43.11,19.20,23.66
124.90,27.06,17.97,11.04,18.39,60.77,43.11,19.23,23.66
124.91,27.06,17.97,11.04,18.39,60.77,43.11,19.20,23.66
124.92,27.06,17.99,11.06,18.36,60.94,43.20,19.23,23.66
124.93,27.06,17.97,11.06,18.36,60.77,43.11,19.20,23.63
124.94,27.06,17.97,11.04,18.39,60.77,43.11,19.20,23.66
124.95,27.06,17.99,11.04,18.36,60.94,43.11,19.20,23.66
124.96,27.11,17.99,11.04,18.36,60.94,43.20,19.23,23.66
124.97,27.11,17.99,11.06,18.36,60.77,43.20,19.23,23.66
124.98,27.02,17.97,11.04,18.36,60.77,43.11,19.20,23.66
124.99,27.11,17.97,11.04,18.36,60.77,43.11,19.20,23.63
125.00,27.06,17.97,11.04,18.36,60.94,43.11,19.20,23.66
125.01,27.06,17.99,11.06,18.36,60.94,43.20,19.23,23.66
125.02,27.11,17.99,11.06,18.36,60.94,43.11,19.23,23.63
125.03,27.06,17.97,11.04,18.36,60.94,43.11,19.20,23.66
125.04,27.06,17.97,11.06,18.36,60.94,43.20,19.20,23.66
125.05,27.15,17.99,11.04,18.36,60.94,43.20,19.23,23.63
125.06,27.11,17.99,11.06,18.39,60.77,43.20,19.20,23.66
125.07,27.11,17.99,11.06,18.36,60.94,43.11,19.23,23.66
125.08,27.06,17.99,11.06,18.36,60.94,43.11,19.23,23.63
125.09,27.06,17.99,11.04,18.36,60.94,43.11,19.20,23.66
125.10,27.11,17.99,11.06,18.36,60.77,43.11,19.20,23.66
125.11,27.15,17.99,11.06,18.39,60.94,43.11,19.23,23.66
125.12,27.15,17.99,11.06,18.36,60.94,43.11,19.23,23.66
125.13,27.11,17.99,11.06,18.36,60.94,43.11,19.23,23.63
125.14,27.11,17.99,11.04,18.36,60.77,43.11,19.23,23.66
125.15,27.06,17.99,11.06,18.39,60.77,43.20,19.23,23.66
125.16,27.15,18.02,11.04,18.36,60.94,43.20,19.23,23.66
125.17,27.11,17.99,11.06,18.39,60.94,43.11,19.23,23.66
125.18,27.11,17.99,11.06,18.39,60.77,43.11,19.23,23.63
125.19,27.11,17.99,11.04,18.39,60.94,43.20,19.20,23.66
125.20,27.15,17.99,11.06,18.39,60.94,43.11,19.23,23.66
125.21,27.11,17.99,11.06,18.39,60.94,43.11,19.23,23.66
125.22,27.11,17.99,11.06,18.39,60.94,43.20,19.23,23.66
125.23,27.06,17.99,11.06,18.36,60.77,43.11,19.23,23.66
125.24,27.11,17.99,11.06,18.36,60.94,43.11,19.20,23.63
125.25,27.06,17.99,11.04,18.39,60.77,43.20,19.23,23.63
125.26,27.11,17.99,11.06,18.36,60.94,43.20,19.23,23.63
125.27,27.11,17.99,11.06,18.36,60.94,43.20,19.23,23.66
125.28,27.11,17.99,11.06,18.36,60.94,43.11,19.23,23.66
125.29,27.06,17.99,11.04,18.36,60.94,43.11,19.20,23.63
125.30,27.11,17.99,11.04,18.39,60.94,43.20,19.23,23.66
125.31,27.15,17.99,11.06,18.36,60.94,43.20,19.23,23.63
125.32,27.11,17.99,11.06,18.39,60.94,43.20,19.23,23.63
125.33,27.11,17.99,11.06,18.36,60.94,43.11,19.23,23.63
125.34,27.11,17.97,11.06,18.36,60.94,43.11,19.23,23.66
125.35,27.11,17.99,11.06,18.39,60.94,43.11,19.20,23.63
125.36,27.11,17.99,11.06,18.39,60.94,43.20,19.23,23.66
125.37,27.11,17.99,11.06,18.39,60.94,43.20,19.23,23.63
125.38,27.15,17.99,11.06,18.36,60.94,43.20,19.20,23.63
125.39,27.06,17.99,11.06,18.36,60.77,43.20,19.20,23.63
125.40,27.15,17.99,11.06,18.39,60.77,43.20,19.23,23.63
125.41,27.11,18.02,11.06,18.36,60.94,43.20,19.23,23.63
125.42,27.11,17.99,11.06,18.36,60.94,43.20,19.23,23.63
125.43,27.11,17.99,11.04,18.39,60.77,43.11,19.23,23.63
125.44,27.15,17.99,11.06,18.39,60.94,43.11,19.20,23.63
125.45,27.11,17.99,11.06,18.36,60.94,43.20,19.23,23.63
125.46,27.11,18.02,11.06,18.39,60.94,43.20,19.23,23.63
125.47,27.11,18.02,11.06,18.36,60.94,43.20,19.23,23.63
125.48,27.11,17.99,11.06,18.39,60.94,43.20,19.20,23.66
125.49,27.15,17.99,11.06,18.39,60.94,43.20,19.20,23.63
125.50,27.11,17.99,11.06,18.39,60.94,43.20,19.23,23.63
125.51,27.11,17.99,11.06,18.39,60.94,43.11,19.23,23.66
125.52,27.15,18.02,11.06,18.39,60.94,43.20,19.23,23.63
125.53,27.11,17.99,11.06,18.36,60.94,43.20,19.23,23.63
125.54,27.11,17.99,11.06,18.36,60.94,43.20,19.20,23.63
125.55,27.11,17.99,11.06,18.36,60.94,43.20,19.23,23.63
125.56,27.15,18.02,11.06,18.39,60.94,43.20,19.23,23.63
125.57,27.15,17.99,11.06,18.39,60.94,43.20,19.23,23.63
125.58,27.11,17.99,11.06,18.36,60.94,43.20,19.23,23.63
125.59,27.11,17.99,11.06,18.39,60.94,43.20,19.23,23.63
125.60,27.15,18.02,11.06,18.36,60.77,43.11,19.23,23.63
125.61,27.15,17.99,11.06,18.39,60.94,43.20,19.23,23.63
125.62,27.15,17.99,11.06,18.36,60.94,43.20,19.23,23.63
125.63,27.11,17.99,11.06,18.36,60.94,43.20,19.23,23.63
125.64,27.11,17.99,11.06,18.36,60.94,43.20,19.23,23.63
125.65,27.15,17.99,11.06,18.39,60.94,43.20,19.23,23.63
125.66,27.15,17.99,11.06,18.39,60.94,43.20,19.23,23.63
125.67,27.15,18.02,11.06,18.39,60.94,43.20,19.23,23.63
125.68,27.11,17.99,11.06,18.39,60.77,43.20,19.23,23.63
125.69,27.11,17.99,11.06,18.36,60.94,43.11,19.23,23.63
125.70,27.06,17.99,11.06,18.36,60.94,43.20,19.20,23.63
125.71,27.11,17.99,11.06,18.36,60.94,43.20,19.20,23.63
125.72,27.20,18.02,11.07,18.39,60.94,43.20,19.23,23.63
125.73,27.11,17.99,11.06,18.36,60.94,43.20,19.20,23.63
125.74,27.11,17.99,11.06,18.36,60.94,43.20,19.23,23.63
125.75,27.15,17.99,11.06,18.36,60.94,43.20,19.23,23.63
125.76,27.11,18.02,11.06,18.39,60.94,43.20,19.23,23.63
125.77,27.11,17.99,11.06,18.39,60.77,43.20,19.23,23.63
125.78,27.11,17.99,11.06,18.36,60.94,43.11,19.23,23.63
125.79,27.11,17.99,11.06,18.39,60.94,43.20,19.20,23.63
125.80,27.11,17.99,11.06,18.36,60.94,43.11,19.23,23.63
125.81,27.11,18.02,11.06,18.39,60.94,43.11,19.23,23.63
125.82,27.15,18.02,11.06,18.36,60.94,43.11,19.23,23.63
125.83,27.15,17.99,11.06,18.39,60.94,43.11,19.20,23.63
125.84,27.06,17.99,11.06,18.36,60.77,43.20,19.23,23.63
125.85,27.15,17.99,11.06,18.39,60.94,43.11,19.20,23.63
125.86,27.15,18.02,11.06,18.36,60.94,43.20,19.23,23.63
125.87,27.15,17.99,11.06,18.36,60.94,43.20,19.23,23.63
125.88,27.11,18.02,11.06,18.39,60.94,43.20,19.23,23.63
125.89,27.06,17.99,11.06,18.39,60.77,43.11,19.23,23.63
125.90,27.11,17.99,11.06,18.39,60.94,43.20,19.23,23.63
125.91,27.11,17.99,11.06,18.39,60.94,43.20,19.23,23.63
125.92,27.11,17.99,11.06,18.36,60.94,43.20,19.23,23.63
125.93,27.11,17.99,11.06,18.36,60.94,43.20,19.23,23.63
125.94,27.15,17.99,11.06,18.39,60.77,43.20,19.23,23.63
125.95,27.11,17.99,11.06,18.36,60.77,43.20,19.23,23.63
125.96,27.11,18.02,11.06,18.39,60.77,43.20,19.23,23.63
125.97,27.11,18.02,11.06,18.36,60.94,43.20,19.23,23.63
125.98,27.06,17.99,11.06,18.39,60.94,43.11,19.23,23.63
125.99,27.11,17.97,11.06,18.36,60.94,43.20,19.23,23.63
126.00,27.11,17.99,11.06,18.36,60.94,43.20,19.23,23.63
126.01,27.11,18.02,11.06,18.39,60.94,43.20,19.23,23.63
126.02,27.11,17.99,11.06,18.36,60.94,43.20,19.23,23.63
126.03,27.11,17.99,11.06,18.39,60.94,43.20,19.20,23.63
126.04,27.06,17.99,11.06,18.39,60.77,43.20,19.23,23.59
126.05,27.11,17.99,11.06,18.39,60.94,43.11,19.23,23.63
126.06,27.11,17.99,11.06,18.39,60.94,43.20,19.23,23.63
126.07,27.11,17.99,11.07,18.36,60.94,43.11,19.23,23.63
126.08,27.06,17.99,11.06,18.36,60.94,43.29,19.23,23.63
126.09,27.06,17.99,11.06,18.36,60.94,43.11,19.23,23.63
126.10,27.11,17.99,11.06,18.36,60.77,43.20,19.23,23.63
126.11,27.11,18.02,11.06,18.39,60.94,43.11,19.23,23.63
126.12,27.15,17.99,11.06,18.36,60.94,43.11,19.23,23.63
126.13,27.11,17.99,11.06,18.36,60.94,43.11,19.23,23.63
126.14,27.11,17.99,11.06,18.36,60.94,43.11,19.23,23.63
126.15,27.11,18.02,11.06,18.36,60.94,43.20,19.23,23.63
126.16,27.11,18.02,11.06,18.39,60.94,43.20,19.23,23.63
126.17,27.11,18.02,11.06,18.36,60.94,43.20,19.23,23.63
126.18,27.11,17.99,11.06,18.36,60.94,43.11,19.23,23.63
126.19,27.06,17.99,11.06,18.36,60.94,43.20,19.20,23.63
126.20,27.06,17.99,11.07,18.39,60.94,43.20,19.23,23.59
126.21,27.11,17.99,11.06,18.39,60.94,43.20,19.23,23.63
126.22,27.11,17.99,11.06,18.39,60.94,43.20,19.20,23.63
126.23,27.11,17.99,11.06,18.36,60.94,43.20,19.23,23.59
126.24,27.06,17.97,11.06,18.39,60.77,43.11,19.23,23.63
126.25,27.15,17.99,11.06,18.36,60.94,43.20,19.23,23.63
126.26,27.11,17.99,11.06,18.36,60.94,43.20,19.23,23.63
126.27,27.11,17.99,11.07,18.39,60.94,43.20,19.23,23.63
126.28,27.15,17.99,11.04,18.36,60.77,43.20,19.23,23.59
126.29,27.11,17.99,11.06,18.36,60.77,43.20,19.20,23.63
126.30,27.11,17.99,11.06,18.36,60.94,43.20,19.23,23.63
126.31,27.15,17.99,11.06,18.36,60.77,43.20,19.23,23.63
126.32,27.11,18.02,11.06,18.36,60.94,43.11,19.23,23.63
126.33,27.11,17.99,11.04,18.36,60.94,43.20,19.20,23.63
126.34,27.11,17.99,11.06,18.39,60.77,43.11,19.20,23.59
126.35,27.11,17.97,11.06,18.39,60.94,43.11,19.23,23.59
126.36,27.11,17.99,11.06,18.36,60.77,43.20,19.20,23.59
126.37,27.11,18.02,11.06,18.36,60.94,43.20,19.23,23.63
126.38,27.11,17.99,11.06,18.36,60.94,43.20,19.18,23.59
126.39,27.11,17.99,11.06,18.39,60.94,43.20,19.23,23.59
126.40,27.06,17.99,11.06,18.36,60.94,43.11,19.23,23.59
126.41,27.15,17.99,11.06,18.36,60.94,43.20,19.20,23.59
126.42,27.11,17.99,11.06,18.36,60.94,43.20,19.23,23.63
126.43,27.11,17.99,11.06,18.36,60.94,43.11,19.20,23.63
126.44,27.11,17.97,11.04,18.36,60.77,43.11,19.20,23.59
126.45,27.11,17.99,11.06,18.39,60.94,43.20,19.23,23.63
126.46,27.11,17.99,11.06,18.36,60.94,43.20,19.23,23.59
126.47,27.11,17.99,11.06,18.36,60.94,43.11,19.23,23.59
126.48,27.11,17.99,11.06,18.36,60.94,43.20,19.20,23.59
126.49,27.11,17.99,11.06,18.36,60.94,43.11,19.23,23.59
126.50,27.11,17.99,11.06,18.36,60.94,43.11,19.20,23.59
126.51,27.15,18.02,11.06,18.36,60.94,43.20,19.20,23.59
126.52,27.11,17.99,11.06,18.36,60.94,43.20,19.23,23.59
126.53,27.06,17.99,11.06,18.39,60.77,43.20,19.23,23.59
126.54,27.06,17.99,11.04,18.36,60.94,43.11,19.23,23.59
126.55,27.11,17.99,11.04,18.36,60.94,43.11,19.23,23.59
126.56,27.11,18.02,11.06,18.36,60.94,43.20,19.23,23.59
126.57,27.11,18.02,11.06,18.39,60.94,43.20,19.23,23.59
126.58,27.06,17.97,11.06,18.36,60.94,43.20,19.23,23.63
126.59,27.15,17.99,11.04,18.39,60.94,43.11,19.23,23.59
126.60,27.11,17.99,11.06,18.39,60.94,43.20,19.23,23.59
126.61,27.11,17.99,11.06,18.39,60.94,43.20,19.23,23.59
126.62,27.11,17.99,11.06,18.36,60.94,43.11,19.23,23.59
126.63,27.15,17.99,11.06,18.36,60.94,43.11,19.20,23.63
126.64,27.15,17.99,11.06,18.39,60.77,43.20,19.20,23.59
126.65,27.15,17.99,11.04,18.36,60.94,43.11,19.23,23.59
126.66,27.15,17.99,11.06,18.36,60.77,43.20,19.20,23.59
126.67,27.06,17.99,11.06,18.36,60.94,43.11,19.23,23.59
126.68,27.15,17.99,11.06,18.36,60.77,43.20,19.23,23.59
126.69,27.11,17.99,11.06,18.36,60.77,43.20,19.23,23.59
126.70,27.15,17.97,11.06,18.39,60.77,43.20,19.23,23.59
126.71,27.15,17.99,11.06,18.36,60.94,43.20,19.23,23.63
126.72,27.11,17.99,11.06,18.36,60.94,43.20,19.23,23.59
126.73,27.06,17.99,11.06,18.36,60.94,43.11,19.23,23.59
126.74,27.15,17.99,11.06,18.36,60.94,43.11,19.20,23.59
126.75,27.11,18.02,11.06,18.36,60.77,43.11,19.23,23.59
126.76,27.11,17.99,11.06,18.36,60.94,43.20,19.23,23.59
126.77,27.11,17.99,11.06,18.36,60.94,43.20,19.23,23.59
126.78,27.15,17.99,11.06,18.36,60.77,43.20,19.23,23.59
126.79,27.11,17.99,11.06,18.36,60.94,43.11,19.23,23.59
126.80,27.11,17.99,11.06,18.39,60.94,43.11,19.23,23.59
126.81,27.11,17.99,11.06,18.36,60.94,43.20,19.23,23.59
126.82,27.11,17.99,11.06,18.36,60.77,43.20,19.20,23.59
126.83,27.11,17.99,11.06,18.36,60.94,43.20,19.23,23.59
126.84,27.11,17.97,11.06,18.36,60.94,43.11,19.23,23.59
126.85,27.15,17.99,11.06,18.36,60.77,43.20,19.20,23.59
126.86,27.15,17.99,11.06,18.36,60.94,43.11,19.20,23.59
126.87,27.11,17.99,11.06,18.36,60.94,43.11,19.23,23.59
126.88,27.06,17.99,11.04,18.36,60.77,43.20,19.23,23.63
126.89,27.11,17.99,11.06,18.39,60.77,43.11,19.20,23.59
126.90,27.11,17.99,11.06,18.36,60.94,43.20,19.20,23.59
126.91,27.11,17.99,11.06,18.36,60.94,43.11,19.23,23.59
126.92,27.11,17.99,11.06,18.36,60.94,43.20,19.23,23.59
126.93,27.11,17.99,11.06,18.36,60.77,43.11,19.20,23.59
126.94,27.11,17.99,11.04,18.36,60.77,43.11,19.20,23.59
126.95,27.11,17.99,11.06,18.36,60.94,43.20,19.23,23.59
126.96,27.11,17.99,11.06,18.39,60.77,43.20,19.23,23.59
126.97,27.11,17.99,11.06,18.36,60.94,43.20,19.20,23.59
126.98,27.06,17.99,11.06,18.36,60.94,43.11,19.23,23.59
126.99,27.11,17.99,11.06,18.36,60.94,43.11,19.20,23.59
127.00,27.15,17.99,11.06,18.36,60.94,43.20,19.23,23.59
127.01,27.15,17.99,11.06,18.39,60.94,43.20,19.23,23.59
127.02,27.15,17.99,11.06,18.36,60.94,43.11,19.23,23.59
127.03,27.15,17.99,11.06,18.36,60.94,43.11,19.20,23.59
127.04,27.06,17.99,11.06,18.36,60.77,43.11,19.20,23.55
127.05,27.15,17.99,11.06,18.36,60.94,43.11,19.20,23.59
127.06,27.15,17.99,11.06,18.39,60.94,43.20,19.23,23.59
127.07,27.11,17.99,11.06,18.36,60.94,43.20,19.23,23.55
127.08,27.06,17.99,11.06,18.36,60.94,43.11,19.20,23.59
127.09,27.11,17.99,11.04,18.36,60.94,43.20,19.23,23.59
127.10,27.11,17.99,11.06,18.36,60.94,43.20,19.23,23.59
127.11,27.11,17.99,11.06,18.36,60.94,43.20,19.23,23.59
127.12,27.11,17.99,11.06,18.36,60.94,43.11,19.23,23.55
127.13,27.06,17.99,11.06,18.36,60.94,43.20,19.23,23.55
127.14,27.11,17.99,11.06,18.36,60.94,43.11,19.23,23.59
127.15,27.06,17.99,11.06,18.36,60.77,43.20,19.23,23.59
127.16,27.15,17.99,11.06,18.36,60.94,43.20,19.23,23.59
127.17,27.15,18.02,11.06,18.36,60.94,43.11,19.23,23.59
127.18,27.11,17.97,11.04,18.36,60.77,43.11,19.20,23.59
127.19,27.06,17.97,11.06,18.36,60.94,43.11,19.23,23.55
127.20,27.06,17.97,11.06,18.36,60.94,43.11,19.20,23.59
127.21,27.11,17.99,11.06,18.36,60.94,43.20,19.23,23.55
127.22,27.15,17.97,11.06,18.36,60.94,43.11,19.20,23.55
127.23,27.11,17.99,11.06,18.36,60.77,43.11,19.20,23.59
127.24,27.06,17.97,11.06,18.36,60.77,43.20,19.23,23.59
127.25,27.11,17.99,11.06,18.36,60.94,43.11,19.23,23.55
127.26,27.15,18.02,11.04,18.36,60.94,43.20,19.23,23.59
127.27,27.15,17.99,11.06,18.36,60.94,43.11,19.23,23.55
127.28,27.11,17.99,11.06,18.39,60.77,43.20,19.23,23.55
127.29,27.15,17.99,11.04,18.33,60.77,43.20,19.20,23.59
127.30,27.06,17.97,11.06,18.36,60.77,43.11,19.20,23.55
127.31,27.11,17.97,11.06,18.36,60.94,43.11,19.23,23.55
127.32,27.15,17.99,11.06,18.36,60.94,43.11,19.20,23.59
127.33,27.11,17.97,11.06,18.36,60.77,43.20,19.23,23.55
127.34,27.11,17.97,11.06,18.36,60.94,43.11,19.23,23.59
127.35,27.15,17.99,11.06,18.36,60.94,43.02,19.23,23.55
127.36,27.15,17.99,11.06,18.36,60.94,43.11,19.20,23.55
127.37,27.11,17.99,11.06,18.36,60.94,43.20,19.20,23.55
127.38,27.11,17.99,11.04,18.36,60.77,43.20,19.23,23.63
127.39,27.11,17.97,11.04,18.36,60.77,43.11,19.20,23.55
127.40,27.11,17.97,11.06,18.36,60.94,43.11,19.23,23.59
127.41,27.11,17.99,11.06,18.36,60.77,43.11,19.23,23.59
127.42,27.11,17.97,11.06,18.36,60.94,43.11,19.20,23.55
127.43,27.06,17.97,11.04,18.36,60.77,43.11,19.23,23.55
127.44,27.06,17.97,11.04,18.36,60.77,43.11,19.20,23.59
127.45,27.11,17.99,11.04,18.36,60.94,43.11,19.20,23.55
127.46,27.06,17.97,11.06,18.36,60.77,43.20,19.23,23.55
127.47,27.11,17.99,11.06,18.36,60.94,43.11,19.20,23.55
127.48,27.15,17.97,11.06,18.36,60.77,43.11,19.20,23.55
127.49,27.02,17.97,11.04,18.36,60.94,43.11,19.20,23.55
127.50,27.11,17.97,11.04,18.36,60.77,43.11,19.23,23.55
127.51,27.15,17.99,11.06,18.36,60.94,43.11,19.20,23.55
127.52,27.06,17.99,11.06,18.36,60.94,43.11,19.20,23.55
127.53,27.06,17.99,11.06,18.36,60.94,43.11,19.23,23.55
127.54,27.11,17.97,11.04,18.36,60.94,43.11,19.20,23.59
127.55,27.11,17.99,11.04,18.36,60.94,43.20,19.20,23.55
127.56,27.06,17.99,11.06,18.39,60.94,43.11,19.23,23.59
127.57,27.11,17.99,11.06,18.36,60.94,43.11,19.20,23.55
127.58,27.11,17.97,11.06,18.39,60.77,43.11,19.20,23.55
127.59,27.11,17.97,11.04,18.36,60.77,43.11,19.20,23.55
127.60,27.11,17.99,11.04,18.36,60.94,43.11,19.20,23.59
127.61,27.15,17.99,11.06,18.36,60.77,43.11,19.20,23.55
127.62,27.15,17.97,11.06,18.36,60.94,43.20,19.20,23.55
127.63,27.06,17.99,11.04,18.36,60.77,43.11,19.20,23.55
127.64,27.06,17.97,11.04,18.36,60.77,43.11,19.20,23.59
127.65,27.11,17.97,11.04,18.36,60.94,43.11,19.20,23.55
127.66,27.11,17.99,11.06,18.36,60.94,43.11,19.23,23.55
127.67,27.06,17.99,11.06,18.36,60.94,43.20,19.23,23.55
127.68,27.06,17.97,11.04,18.36,60.77,43.11,19.20,23.55
127.69,27.11,17.97,11.04,18.36,60.77,43.11,19.20,23.55
127.70,27.06,17.97,11.04,18.36,60.77,43.11,19.20,23.55
127.71,27.15,17.99,11.06,18.36,60.94,43.11,19.20,23.55
127.72,27.11,17.97,11.06,18.36,60.94,43.20,19.20,23.55
127.73,27.11,17.97,11.04,18.36,60.77,43.11,19.20,23.55
127.74,27.06,17.97,11.04,18.36,60.77,43.11,19.20,23.55
127.75,27.06,17.97,11.04,18.36,60.94,43.11,19.20,23.55
127.76,27.11,17.97,11.06,18.36,60.94,43.11,19.23,23.55
127.77,27.11,17.99,11.06,18.36,60.94,43.20,19.23,23.55
127.78,27.06,17.97,11.04,18.36,60.77,43.02,19.20,23.55
127.79,27.11,17.97,11.04,18.36,60.77,43.11,19.20,23.55
127.80,27.11,17.97,11.04,18.36,60.77,43.11,19.20,23.55
127.81,27.11,17.99,11.06,18.36,60.94,43.11,19.20,23.55
127.82,27.11,17.97,11.04,18.36,60.77,43.11,19.20,23.55
127.83,27.11,17.97,11.04,18.36,60.77,43.11,19.20,23.55
127.84,27.11,17.97,11.04,18.36,60.77,43.11,19.20,23.55
127.85,27.11,17.97,11.04,18.36,60.94,43.11,19.23,23.55
127.86,27.06,17.97,11.06,18.36,60.77,43.20,19.23,23.55
127.87,27.11,17.97,11.06,18.36,60.94,43.11,19.20,23.55
127.88,27.06,17.97,11.04,18.36,60.77,43.11,19.20,23.55
127.89,27.11,17.97,11.06,18.36,60.77,43.11,19.20,23.55
127.90,27.11,17.97,11.04,18.36,60.94,43.11,19.20,23.55
127.91,27.06,17.97,11.06,18.36,60.94,43.11,19.23,23.55
127.92,27.15,17.97,11.06,18.36,60.94,43.11,19.23,23.55
127.93,27.06,17.97,11.04,18.36,60.77,43.11,19.20,23.55
127.94,27.06,17.97,11.04,18.36,60.77,43.11,19.20,23.55
127.95,27.06,17.97,11.04,18.36,60.77,43.11,19.20,23.55
127.96,27.11,17.97,11.06,18.36,60.94,43.11,19.23,23.55
127.97,27.11,17.99,11.06,18.36,60.77,43.11,19.20,23.55
127.98,27.06,17.97,11.04,18.36,60.94,43.11,19.20,23.55
127.99,27.06,17.97,11.04,18.36,60.77,43.11,19.20,23.55
128.00,27.11,17.97,11.04,18.36,60.94,43.11,19.20,23.55
128.01,27.11,17.97,11.06,18.36,60.94,43.11,19.20,23.55
128.02,27.11,17.97,11.06,18.39,60.77,43.11,19.20,23.55
128.03,27.06,17.97,11.04,18.36,60.77,43.11,19.20,23.55
128.04,27.06,17.97,11.04,18.36,60.77,43.11,19.20,23.55
128.05,27.06,17.97,11.04,18.36,60.77,43.11,19.20,23.55
128.06,27.11,17.97,11.06,18.36,60.94,43.11,19.20,23.55
128.07,27.11,17.97,11.06,18.36,60.77,43.11,19.20,23.55
128.08,27.06,17.97,11.04,18.36,60.94,43.11,19.20,23.55
128.09,27.11,17.97,11.04,18.36,60.77,43.02,19.20,23.55
128.10,27.11,17.97,11.04,18.36,60.77,43.11,19.20,23.55
128.11,27.11,17.99,11.06,18.36,60.94,43.11,19.23,23.55
128.12,27.11,17.97,11.06,18.36,60.94,43.11,19.23,23.55
128.13,27.06,17.97,11.04,18.36,60.77,43.11,19.20,23.52
128.14,27.11,17.97,11.04,18.36,60.77,43.11,19.20,23.55
128.15,27.06,17.97,11.04,18.33,60.94,43.11,19.20,23.52
128.16,27.06,17.97,11.06,18.36,60.77,43.20,19.20,23.55
128.17,27.11,17.97,11.06,18.36,60.77,43.11,19.23,23.55
128.18,27.06,17.97,11.04,18.36,60.77,43.11,19.20,23.55
128.19,27.06,17.97,11.04,18.36,60.77,43.11,19.20,23.55
128.20,27.11,17.97,11.04,18.36,60.77,43.11,19.20,23.55
128.21,27.11,17.97,11.06,18.36,60.94,43.11,19.20,23.55
128.22,27.06,17.97,11.06,18.36,60.77,43.11,19.20,23.55
128.23,27.06,17.97,11.06,18.36,60.77,43.11,19.20,23.55
128.24,27.06,17.97,11.04,18.36,60.77,43.11,19.23,23.55
128.25,27.11,17.97,11.06,18.36,60.77,43.11,19.23,23.55
128.26,27.11,17.97,11.06,18.36,60.94,43.11,19.23,23.55
128.27,27.15,17.97,11.06,18.36,60.77,43.11,19.23,23.55
128.28,27.06,17.97,11.04,18.36,60.77,43.11,19.20,23.55
128.29,27.11,17.97,11.04,18.36,60.77,43.11,19.20,23.55
128.30,27.11,17.97,11.06,18.36,60.77,43.11,19.20,23.55
128.31,27.06,17.97,11.06,18.36,60.94,43.11,19.20,23.55
128.32,27.06,17.97,11.06,18.36,60.77,43.11,19.20,23.55
128.33,27.11,17.97,11.04,18.36,60.77,43.11,19.20,23.55
128.34,27.06,17.97,11.04,18.36,60.77,43.11,19.20,23.55
128.35,27.11,17.97,11.06,18.36,60.94,43.11,19.23,23.55
128.36,27.15,17.97,11.06,18.36,60.94,43.11,19.23,23.55
128.37,27.15,17.97,11.06,18.36,60.94,43.11,19.20,23.55
128.38,27.15,17.97,11.06,18.36,60.94,43.11,19.23,23.52
128.39,27.06,17.97,11.04,18.36,60.94,43.11,19.23,23.55
128.40,27.06,17.97,11.04,18.36,60.94,43.11,19.23,23.55
128.41,27.11,17.97,11.06,18.36,60.94,43.20,19.20,23.55
128.42,27.11,17.99,11.06,18.36,60.94,43.11,19.23,23.55
128.43,27.11,17.97,11.06,18.36,60.77,43.11,19.23,23.55
128.44,27.06,17.97,11.06,18.36,60.77,43.11,19.23,23.55
128.45,27.11,17.97,11.06,18.36,60.94,43.11,19.23,23.55
128.46,27.15,17.99,11.06,18.36,60.94,43.20,19.20,23.52
128.47,27.11,17.97,11.06,18.36,60.94,43.11,19.23,23.55
128.48,27.11,17.97,11.06,18.36,60.77,43.11,19.23,23.55
128.49,27.11,17.97,11.06,18.36,60.77,43.11,19.20,23.55
128.50,27.11,17.97,11.04,18.36,60.77,43.11,19.23,23.55
128.51,27.11,17.97,11.06,18.36,60.94,43.11,19.23,23.55
128.52,27.11,17.97,11.06,18.36,60.77,43.11,19.23,23.52
128.53,27.11,17.99,11.06,18.39,60.77,43.11,19.20,23.52
128.54,27.06,17.97,11.06,18.33,60.94,43.20,19.20,23.52
128.55,27.06,17.97,11.06,18.36,60.94,43.11,19.23,23.55
128.56,27.15,17.97,11.06,18.36,60.77,43.20,19.23,23.55
128.57,27.15,17.97,11.06,18.36,60.94,43.11,19.23,23.52
128.58,27.06,17.97,11.06,18.36,60.77,43.11,19.23,23.52
128.59,27.11,17.94,11.06,18.36,60.77,43.11,19.23,23.55
128.60,27.11,17.99,11.06,18.36,60.77,43.11,19.23,23.52
128.61,27.11,17.97,11.06,18.36,60.94,43.20,19.23,23.55
128.62,27.11,17.97,11.06,18.36,60.94,43.02,19.23,23.52
128.63,27.11,17.97,11.06,18.36,60.94,43.20,19.20,23.55
128.64,27.06,17.97,11.04,18.36,60.94,43.11,19.23,23.52
128.65,27.11,17.97,11.06,18.36,60.94,43.11,19.20,23.52
128.66,27.11,17.97,11.07,18.36,60.94,43.20,19.23,23.52
128.67,27.15,17.99,11.06,18.33,60.94,43.11,19.23,23.52
128.68,27.11,17.97,11.06,18.36,60.77,43.11,19.23,23.52
128.69,27.06,17.97,11.06,18.36,60.94,43.11,19.23,23.52
128.70,27.06,17.97,11.04,18.36,60.94,43.11,19.23,23.52
128.71,27.11,17.97,11.06,18.36,60.94,43.11,19.23,23.52
128.72,27.11,17.99,11.06,18.36,60.94,43.11,19.23,23.52
128.73,27.06,17.97,11.06,18.36,60.94,43.11,19.23,23.52
128.74,27.06,17.97,11.06,18.36,60.94,43.11,19.20,23.52
128.75,27.11,17.97,11.06,18.36,60.94,43.20,19.23,23.52
128.76,27.11,17.97,11.06,18.36,60.94,43.11,19.20,23.52
128.77,27.11,17.97,11.06,18.36,60.94,43.11,19.23,23.52
128.78,27.06,17.97,11.06,18.36,60.94,43.11,19.23,23.52
128.79,27.11,17.97,11.04,18.36,60.94,43.11,19.23,23.52
128.80,27.11,17.97,11.06,18.36,60.94,43.11,19.23,23.52
128.81,27.15,17.99,11.06,18.36,60.94,43.20,19.23,23.55
128.82,27.11,17.97,11.06,18.36,60.94,43.11,19.23,23.52
128.83,27.11,17.99,11.06,18.36,60.77,43.11,19.23,23.52
128.84,27.11,17.97,11.06,18.36,60.94,43.11,19.23,23.52
128.85,27.06,17.97,11.06,18.36,60.94,43.02,19.23,23.52
128.86,27.11,17.99,11.06,18.36,60.77,43.20,19.23,23.55
128.87,27.11,17.97,11.06,18.36,60.94,43.11,19.23,23.52
128.88,27.06,17.99,11.04,18.36,60.94,43.11,19.20,23.52
128.89,27.11,17.97,11.06,18.36,60.94,43.11,19.20,23.55
128.90,27.11,17.97,11.06,18.36,60.94,43.11,19.23,23.52
128.91,27.15,17.99,11.06,18.36,60.94,43.11,19.23,23.52
128.92,27.11,17.99,11.06,18.36,60.94,43.20,19.23,23.52
128.93,27.11,17.97,11.06,18.36,60.77,43.11,19.23,23.52
128.94,27.11,17.97,11.06,18.36,60.94,43.11,19.23,23.52
128.95,27.06,17.97,11.06,18.36,60.94,43.11,19.23,23.52
128.96,27.11,17.99,11.06,18.36,60.94,43.20,19.23,23.52
128.97,27.11,17.97,11.06,18.36,60.94,43.11,19.23,23.52
128.98,27.11,17.97,11.06,18.36,60.94,43.11,19.23,23.52
128.99,27.06,17.97,11.06,18.36,60.94,43.11,19.23,23.52
129.00,27.15,17.99,11.06,18.36,60.94,43.20,19.23,23.52
129.01,27.15,17.99,11.06,18.36,60.94,43.11,19.23,23.52
129.02,27.15,17.99,11.06,18.36,60.94,43.11,19.23,23.52
129.03,27.11,17.97,11.06,18.36,60.94,43.11,19.23,23.52
129.04,27.06,17.97,11.06,18.33,60.77,43.11,19.23,23.52
129.05,27.06,17.97,11.06,18.36,60.94,43.11,19.23,23.52
129.06,27.11,17.99,11.06,18.36,60.94,43.20,19.23,23.52
129.07,27.11,17.99,11.06,18.36,60.94,43.11,19.23,23.52
129.08,27.11,17.97,11.06,18.36,60.94,43.20,19.23,23.52
129.09,27.11,17.97,11.06,18.36,60.94,43.20,19.23,23.52
129.10,27.11,17.99,11.06,18.36,60.94,43.20,19.23,23.52
129.11,27.15,17.99,11.06,18.36,60.94,43.20,19.23,23.52
129.12,27.11,17.97,11.06,18.36,60.94,43.11,19.23,23.52
129.13,27.11,17.97,11.06,18.36,60.94,43.11,19.20,23.52
129.14,27.06,17.97,11.06,18.36,60.94,43.11,19.23,23.52
129.15,27.11,17.97,11.06,18.36,60.94,43.11,19.23,23.52
129.16,27.11,17.99,11.06,18.36,60.94,43.11,19.23,23.52
129.17,27.15,17.99,11.06,18.36,60.94,43.11,19.23,23.52
129.18,27.11,17.97,11.06,18.36,60.77,43.11,19.23,23.52
129.19,27.11,17.97,11.06,18.36,60.77,43.20,19.23,23.52
129.20,27.11,17.97,11.06,18.36,60.94,43.11,19.23,23.52
129.21,27.15,17.99,11.06,18.36,60.94,43.20,19.23,23.52
129.22,27.11,17.97,11.06,18.36,60.94,43.11,19.23,23.48
129.23,27.02,17.97,11.06,18.36,60.94,43.11,19.23,23.52
129.24,27.06,17.97,11.06,18.36,60.94,43.11,19.23,23.48
129.25,27.11,17.97,11.06,18.36,60.94,43.11,19.23,23.52
129.26,27.11,17.99,11.06,18.36,60.94,43.11,19.23,23.52
129.27,27.11,17.99,11.06,18.36,60.94,43.20,19.23,23.52
129.28,27.11,17.97,11.04,18.36,60.94,43.11,19.20,23.52
129.29,27.11,17.97,11.06,18.36,60.94,43.11,19.23,23.52
129.30,27.06,17.97,11.06,18.36,60.94,43.11,19.23,23.52
129.31,27.11,17.97,11.06,18.36,60.94,43.11,19.23,23.52
129.32,27.11,17.97,11.06,18.36,60.77,43.11,19.23,23.52
129.33,27.11,17.94,11.06,18.36,60.77,43.11,19.23,23.52
129.34,27.06,17.97,11.06,18.36,60.77,43.11,19.23,23.52
129.35,27.11,17.97,11.06,18.36,60.77,43.11,19.23,23.52
129.36,27.11,17.99,11.06,18.36,60.94,43.20,19.23,23.52
129.37,27.11,17.99,11.07,18.36,60.94,43.11,19.23,23.52
129.38,27.11,17.97,11.06,18.36,60.94,43.11,19.23,23.52
129.39,27.06,17.97,11.06,18.36,60.94,43.11,19.23,23.52
129.40,27.06,17.97,11.06,18.36,60.94,43.11,19.23,23.52
129.41,27.11,17.99,11.06,18.36,60.94,43.11,19.23,23.52
129.42,27.11,17.99,11.06,18.36,60.94,43.11,19.23,23.52
129.43,27.11,17.97,11.06,18.36,60.94,43.11,19.23,23.52
129.44,27.15,17.97,11.06,18.36,60.94,43.02,19.23,23.52
129.45,27.11,17.97,11.06,18.36,60.94,43.11,19.23,23.52
129.46,27.11,17.99,11.06,18.36,60.77,43.20,19.23,23.52
129.47,27.11,17.99,11.06,18.36,60.94,43.20,19.23,23.52
129.48,27.11,17.97,11.06,18.36,60.94,43.11,19.23,23.52
129.49,27.06,17.97,11.06,18.36,60.94,43.11,19.23,23.52
129.50,27.15,17.97,11.06,18.36,60.94,43.11,19.23,23.48
129.51,27.11,17.99,11.06,18.36,60.94,43.11,19.26,23.52
129.52,27.11,17.99,11.06,18.36,60.94,43.11,19.23,23.48
129.53,27.11,17.97,11.06,18.36,60.94,43.11,19.23,23.48
129.54,27.06,17.97,11.06,18.36,60.94,43.11,19.23,23.48
129.55,27.06,17.97,11.06,18.36,60.94,43.11,19.18,23.52
129.56,27.11,17.99,11.07,18.36,60.94,43.11,19.26,23.48
129.57,27.11,17.97,11.07,18.36,60.94,43.11,19.23,23.52
129.58,27.11,17.97,11.06,18.36,60.94,43.11,19.23,23.48
129.59,27.11,17.97,11.06,18.36,60.94,43.11,19.23,23.48
129.60,27.11,17.97,11.06,18.36,60.94,43.11,19.23,23.52
129.61,27.11,17.97,11.07,18.36,60.94,43.11,19.20,23.52
129.62,27.15,17.99,11.06,18.36,60.94,43.11,19.23,23.48
129.63,27.06,17.97,11.06,18.36,60.94,43.11,19.23,23.52
129.64,27.11,17.97,11.06,18.36,60.94,43.11,19.20,23.48
129.65,27.06,17.97,11.06,18.36,60.94,43.11,19.23,23.48
129.66,27.11,17.99,11.06,18.36,60.94,43.20,19.23,23.52
129.67,27.11,17.97,11.06,18.36,60.94,43.11,19.23,23.48
129.68,27.11,17.97,11.06,18.36,60.94,43.11,19.23,23.48
129.69,27.11,17.97,11.06,18.36,60.94,43.11,19.20,23.52
129.70,27.11,17.97,11.06,18.36,60.94,43.20,19.23,23.52
129.71,27.11,17.97,11.06,18.36,60.94,43.11,19.23,23.52
129.72,27.11,17.97,11.06,18.36,60.94,43.11,19.23,23.48
129.73,27.11,17.97,11.06,18.36,60.94,43.11,19.23,23.48
129.74,27.06,17.97,11.06,18.36,60.94,43.11,19.20,23.48
129.75,27.06,17.92,11.06,18.36,60.94,43.11,19.23,23.48
129.76,27.11,17.99,11.06,18.39,60.94,43.11,19.23,23.48
129.77,27.11,17.97,11.06,18.36,60.94,43.20,19.23,23.48
129.78,27.11,17.99,11.06,18.36,60.94,43.11,19.20,23.48
129.79,27.11,17.97,11.06,18.36,60.94,43.11,19.23,23.48
129.80,27.11,17.99,11.06,18.36,60.94,43.11,19.20,23.48
129.81,27.11,17.99,11.06,18.36,60.94,43.11,19.23,23.48
129.82,27.11,17.99,11.06,18.36,60.94,43.11,19.23,23.48
129.83,27.11,17.97,11.06,18.36,60.77,43.20,19.20,23.48
129.84,27.06,17.94,11.06,18.36,60.94,43.11,19.23,23.52
129.85,27.11,17.97,11.06,18.36,60.94,43.11,19.23,23.48
129.86,27.15,17.99,11.07,18.36,60.94,43.20,19.23,23.48
129.87,27.15,17.97,11.06,18.36,60.94,43.11,19.23,23.48
129.88,27.11,17.97,11.06,18.36,60.94,43.20,19.20,23.52
129.89,27.11,17.94,11.04,18.36,60.94,43.11,19.23,23.45
129.90,27.11,17.99,11.06,18.36,60.94,43.11,19.23,23.52
129.91,27.15,17.99,11.06,18.36,60.94,43.20,19.23,23.48
129.92,27.15,17.99,11.06,18.36,60.94,43.11,19.23,23.52
129.93,27.11,17.97,11.06,18.36,60.77,43.11,19.23,23.48
129.94,27.06,17.97,11.06,18.36,60.94,43.11,19.23,23.52
129.95,27.06,17.97,11.06,18.36,60.94,43.11,19.23,23.48
129.96,27.11,17.97,11.06,18.36,60.94,43.11,19.23,23.52
129.97,27.15,17.99,11.06,18.36,60.94,43.20,19.23,23.48
129.98,27.06,17.97,11.06,18.36,60.94,43.11,19.23,23.48
129.99,27.06,17.97,11.06,18.36,60.94,43.11,19.23,23.52
130.00,27.06,17.97,11.06,18.36,60.94,43.11,19.23,23.48
130.01,27.15,17.99,11.06,18.36,60.94,43.20,19.23,23.48
130.02,27.06,17.97,11.06,18.36,60.94,43.11,19.23,23.52
130.03,27.15,17.97,11.06,18.36,60.94,43.11,19.23,23.48
130.04,27.06,17.94,11.04,18.36,60.94,43.11,19.23,23.48
130.05,27.15,17.97,11.07,18.36,60.94,43.11,19.23,23.52
130.06,27.15,17.97,11.06,18.36,60.94,43.11,19.23,23.48
130.07,27.15,17.97,11.06,18.36,60.94,43.20,19.23,23.48
130.08,27.11,17.97,11.06,18.36,60.94,43.11,19.23,23.48
130.09,27.11,17.97,11.06,18.36,60.77,43.11,19.20,23.48
130.10,27.11,17.97,11.06,18.36,60.94,43.20,19.23,23.48
130.11,27.15,17.97,11.06,18.36,60.77,43.11,19.23,23.48
130.12,27.11,17.97,11.06,18.36,60.77,43.11,19.23,23.48
130.13,27.11,17.97,11.06,18.36,60.94,43.02,19.23,23.48
130.14,27.06,17.97,11.04,18.36,60.94,43.11,19.18,23.48
130.15,27.06,17.97,11.06,18.36,60.94,43.11,19.23,23.48
130.16,27.15,17.97,11.06,18.36,60.94,43.11,19.20,23.48
130.17,27.11,17.97,11.06,18.36,60.94,43.20,19.23,23.48
130.18,27.11,17.97,11.06,18.36,60.77,43.11,19.23,23.48
130.19,27.06,17.97,11.06,18.36,60.94,43.11,19.23,23.48
130.20,27.11,17.99,11.06,18.36,60.94,43.11,19.23,23.48
130.21,27.15,17.97,11.06,18.36,60.77,43.11,19.23,23.48
130.22,27.11,17.97,11.06,18.36,60.94,43.20,19.23,23.48
130.23,27.11,17.97,11.06,18.36,60.94,43.11,19.20,23.48
130.24,27.11,17.97,11.04,18.36,60.94,43.11,19.23,23.48
130.25,27.11,17.97,11.06,18.36,60.77,43.11,19.23,23.48
130.26,27.15,17.97,11.06,18.36,60.94,43.11,19.20,23.48
130.27,27.11,17.97,11.06,18.36,60.94,43.11,19.23,23.48
130.28,27.06,17.97,11.06,18.36,60.94,43.11,19.23,23.48
130.29,27.11,17.97,11.06,18.36,60.77,43.11,19.20,23.48
130.30,27.11,17.97,11.06,18.36,60.94,43.11,19.23,23.48
130.31,27.15,17.97,11.06,18.36,60.94,43.11,19.23,23.48
130.32,27.11,17.97,11.06,18.36,60.94,43.20,19.23,23.48
130.33,27.11,17.97,11.06,18.36,60.94,43.11,19.23,23.48
130.34,27.06,17.97,11.06,18.36,60.77,43.11,19.23,23.48
130.35,27.11,17.97,11.06,18.36,60.94,43.11,19.23,23.48
130.36,27.15,17.97,11.06,18.36,60.94,43.11,19.23,23.48
130.37,27.15,17.97,11.06,18.36,60.94,43.11,19.23,23.48
130.38,27.11,17.97,11.06,18.36,60.77,43.20,19.23,23.48
130.39,27.15,17.97,11.06,18.36,60.94,43.11,19.23,23.48
130.40,27.11,17.97,11.06,18.39,60.94,43.11,19.23,23.52
130.41,27.15,17.97,11.06,18.36,60.94,43.11,19.23,23.48
130.42,27.11,17.97,11.06,18.36,60.94,43.11,19.23,23.48
130.43,27.15,17.97,11.06,18.36,60.94,43.11,19.20,23.48
130.44,27.15,17.97,11.06,18.36,60.77,43.11,19.20,23.48
130.45,27.11,17.99,11.06,18.36,60.94,43.11,19.23,23.48
130.46,27.15,17.97,11.06,18.36,60.94,43.11,19.23,23.48
130.47,27.11,17.99,11.06,18.36,60.94,43.11,19.23,23.48
130.48,27.11,17.97,11.06,18.36,60.94,43.11,19.20,23.48
130.49,27.15,17.97,11.06,18.36,60.94,43.11,19.20,23.48
130.50,27.11,17.97,11.06,18.36,60.94,43.11,19.23,23.48
130.51,27.15,17.97,11.06,18.36,60.94,43.11,19.23,23.48
130.52,27.11,17.97,11.07,18.36,60.94,43.11,19.23,23.48
130.53,27.15,17.97,11.04,18.36,60.94,43.11,19.23,23.48
130.54,27.15,17.97,11.06,18.36,60.94,43.11,19.23,23.48
130.55,27.15,17.99,11.06,18.36,60.94,43.11,19.23,23.45
130.56,27.15,17.99,11.06,18.36,60.94,43.11,19.23,23.48
130.57,27.15,17.99,11.06,18.36,60.94,43.11,19.23,23.48
130.58,27.11,17.97,11.06,18.36,60.94,43.11,19.23,23.48
130.59,27.11,17.97,11.06,18.36,60.94,43.11,19.23,23.48
130.60,27.11,17.97,11.06,18.36,60.94,43.11,19.23,23.48
130.61,27.11,17.99,11.07,18.36,60.94,43.02,19.23,23.48
130.62,27.11,17.99,11.06,18.36,60.94,43.11,19.23,23.48
130.63,27.11,17.97,11.06,18.36,60.94,43.11,19.23,23.48
130.64,27.11,17.97,11.06,18.36,60.94,43.11,19.23,23.48
130.65,27.11,17.97,11.06,18.36,60.94,43.11,19.23,23.48
130.66,27.15,17.99,11.06,18.36,60.94,43.11,19.23,23.48
130.67,27.11,17.99,11.07,18.36,60.94,43.11,19.23,23.48
130.68,27.06,17.97,11.06,18.36,60.94,43.11,19.23,23.48
130.69,27.11,17.97,11.06,18.36,60.94,43.11,19.23,23.45
130.70,27.11,17.97,11.06,18.36,60.94,43.11,19.23,23.48
130.71,27.11,17.99,11.06,18.36,60.94,43.11,19.23,23.48
130.72,27.15,17.97,11.06,18.36,60.94,43.11,19.23,23.48
130.73,27.11,17.97,11.06,18.36,60.94,43.11,19.23,23.48
130.74,27.11,17.97,11.06,18.36,60.94,43.11,19.23,23.48
130.75,27.15,17.97,11.06,18.36,60.94,43.11,19.23,23.48
130.76,27.11,17.99,11.07,18.36,60.94,43.11,19.23,23.48
130.77,27.11,17.99,11.07,18.36,60.94,43.11,19.23,23.48
130.78,27.15,17.97,11.06,18.36,60.94,43.11,19.23,23.48
130.79,27.06,17.97,11.06,18.36,60.94,43.11,19.23,23.48
130.80,27.11,17.97,11.06,18.36,60.94,43.11,19.23,23.48
130.81,27.15,17.99,11.07,18.36,60.94,43.11,19.23,23.48
130.82,27.11,17.99,11.07,18.36,60.94,43.11,19.23,23.48
130.83,27.11,17.97,11.06,18.36,60.94,43.11,19.23,23.45
130.84,27.06,17.97,11.06,18.36,60.94,43.11,19.20,23.48
130.85,27.06,17.97,11.07,18.36,60.94,43.20,19.23,23.48
130.86,27.11,17.99,11.06,18.36,60.94,43.11,19.23,23.45
130.87,27.15,17.99,11.06,18.36,60.94,43.20,19.23,23.45
130.88,27.11,17.97,11.06,18.36,60.94,43.11,19.23,23.45
130.89,27.11,17.97,11.06,18.36,60.94,43.11,19.23,23.45
130.90,27.06,17.97,11.06,18.36,60.94,43.11,19.23,23.48
130.91,27.15,17.99,11.06,18.36,60.94,43.11,19.23,23.48
130.92,27.11,17.99,11.06,18.36,60.94,43.11,19.23,23.48
130.93,27.15,17.97,11.06,18.36,60.94,43.11,19.23,23.48
130.94,27.11,17.97,11.06,18.36,60.94,43.11,19.23,23.45
130.95,27.11,17.97,11.07,18.36,60.94,43.11,19.23,23.48
130.96,27.11,17.97,11.06,18.39,60.94,43.20,19.23,23.48
130.97,27.11,17.99,11.06,18.36,60.94,43.11,19.23,23.48
130.98,27.11,17.97,11.06,18.36,60.94,43.11,19.23,23.48
130.99,27.11,17.97,11.06,18.36,60.94,43.11,19.23,23.48
131.00,27.11,17.97,11.06,18.36,60.94,43.11,19.23,23.45
131.01,27.11,17.99,11.07,18.36,60.94,43.20,19.23,23.45
131.02,27.11,17.97,11.06,18.36,60.94,43.11,19.26,23.48
131.03,27.11,17.99,11.06,18.36,60.94,43.11,19.23,23.48
131.04,27.11,17.94,11.06,18.36,60.94,43.11,19.23,23.45
131.05,27.11,17.99,11.06,18.36,60.94,43.11,19.23,23.45
131.06,27.11,17.99,11.06,18.36,60.94,43.20,19.23,23.45
131.07,27.11,17.99,11.07,18.36,60.94,43.11,19.23,23.45
131.08,27.15,17.97,11.06,18.36,60.94,43.11,19.23,23.45
131.09,27.11,17.94,11.06,18.36,60.94,43.11,19.23,23.45
131.10,27.15,17.97,11.06,18.36,60.94,43.11,19.23,23.45
131.11,27.15,17.99,11.07,18.36,60.94,43.20,19.23,23.48
131.12,27.15,17.99,11.06,18.36,60.94,43.02,19.23,23.45
131.13,27.11,17.97,11.06,18.36,60.94,43.20,19.23,23.48
131.14,27.11,17.99,11.06,18.36,60.77,43.11,19.23,23.45
131.15,27.11,17.97,11.06,18.36,60.94,43.20,19.23,23.45
131.16,27.11,17.99,11.07,18.39,60.94,43.20,19.23,23.48
131.17,27.15,17.99,11.07,18.36,61.10,43.11,19.23,23.45
131.18,27.11,17.97,11.06,18.36,61.10,43.11,19.23,23.48
131.19,27.11,17.97,11.06,18.36,60.94,43.11,19.23,23.48
131.20,27.11,17.99,11.06,18.36,60.94,43.11,19.23,23.48
131.21,27.15,17.99,11.07,18.36,60.94,43.20,19.26,23.48
131.22,27.15,17.99,11.07,18.36,60.94,43.11,19.26,23.48
131.23,27.11,17.97,11.07,18.36,60.94,43.11,19.23,23.48
131.24,27.11,17.97,11.06,18.36,60.94,43.20,19.23,23.45
131.25,27.11,17.97,11.07,18.36,60.94,43.11,19.23,23.48
131.26,27.15,17.99,11.07,18.36,60.94,43.20,19.26,23.48
131.27,27.11,17.99,11.07,18.36,60.94,43.11,19.23,23.45
131.28,27.11,17.97,11.07,18.36,60.94,43.11,19.23,23.45
131.29,27.11,17.97,11.06,18.36,60.94,43.11,19.23,23.45
131.30,27.11,17.99,11.07,18.36,60.94,43.20,19.23,23.48
131.31,27.11,17.99,11.07,18.36,61.10,43.11,19.23,23.48
131.32,27.15,17.99,11.07,18.36,60.94,43.20,19.23,23.45
131.33,27.15,17.99,11.07,18.36,60.94,43.11,19.23,23.45
131.34,27.15,17.99,11.06,18.36,60.94,43.20,19.23,23.45
131.35,27.11,17.99,11.07,18.36,61.10,43.11,19.23,23.45
131.36,27.11,17.99,11.07,18.36,60.94,43.20,19.26,23.48
131.37,27.15,17.99,11.07,18.36,61.10,43.20,19.26,23.45
131.38,27.15,17.99,11.07,18.36,61.10,43.20,19.23,23.45
131.39,27.11,17.97,11.07,18.36,60.77,43.20,19.23,23.45
131.40,27.11,17.99,11.07,18.36,60.94,43.20,19.26,23.48
131.41,27.15,17.99,11.07,18.36,60.94,43.20,19.23,23.45
131.42,27.15,17.99,11.07,18.36,60.94,43.20,19.26,23.45
131.43,27.15,17.99,11.07,18.36,60.94,43.20,19.26,23.45
131.44,27.20,17.99,11.07,18.36,61.10,43.20,19.23,23.45
131.45,27.11,17.99,11.07,18.36,60.94,43.11,19.26,23.45
131.46,27.15,17.99,11.07,18.36,60.94,43.11,19.26,23.45
131.47,27.15,17.99,11.09,18.36,60.94,43.20,19.26,23.45
131.48,27.11,17.97,11.07,18.36,60.94,43.11,19.26,23.45
131.49,27.15,17.99,11.07,18.36,60.94,43.11,19.23,23.45
131.50,27.11,17.99,11.07,18.36,60.94,43.11,19.26,23.45
131.51,27.15,18.02,11.07,18.36,60.94,43.11,19.26,23.45
131.52,27.15,18.02,11.07,18.36,60.94,43.20,19.26,23.45
131.53,27.11,17.99,11.07,18.36,60.94,43.11,19.23,23.45
131.54,27.11,17.99,11.07,18.36,60.94,43.11,19.23,23.45
131.55,27.15,17.99,11.07,18.36,61.10,43.20,19.26,23.45
131.56,27.15,18.02,11.07,18.36,61.10,43.11,19.26,23.45
131.57,27.15,17.99,11.07,18.36,61.10,43.20,19.26,23.45
131.58,27.15,17.99,11.07,18.36,60.94,43.20,19.26,23.45
131.59,27.20,17.99,11.07,18.36,60.94,43.20,19.23,23.45
131.60,27.15,17.99,11.07,18.36,60.94,43.20,19.23,23.45
131.61,27.15,17.99,11.07,18.36,61.10,43.20,19.26,23.45
131.62,27.15,18.02,11.07,18.36,60.94,43.20,19.26,23.45
131.63,27.15,17.99,11.07,18.36,60.94,43.20,19.26,23.45
131.64,27.15,17.99,11.07,18.36,60.94,43.20,19.23,23.45
131.65,27.15,18.02,11.07,18.36,61.10,43.20,19.26,23.45
131.66,27.20,18.02,11.09,18.36,61.10,43.20,19.26,23.45
131.67,27.20,18.02,11.09,18.36,61.10,43.20,19.26,23.45
131.68,27.15,17.99,11.07,18.36,60.94,43.20,19.23,23.48
131.69,27.11,17.99,11.07,18.36,60.94,43.20,19.23,23.45
131.70,27.15,17.99,11.07,18.36,61.10,43.20,19.26,23.45
131.71,27.15,18.02,11.07,18.36,61.10,43.20,19.26,23.45
131.72,27.15,18.02,11.07,18.36,60.94,43.20,19.26,23.45
131.73,27.15,17.99,11.07,18.36,60.94,43.11,19.26,23.45
131.74,27.15,17.99,11.07,18.36,60.94,43.20,19.26,23.45
131.75,27.20,17.99,11.07,18.36,60.94,43.20,19.26,23.45
131.76,27.15,18.02,11.09,18.39,61.10,43.20,19.26,23.45
131.77,27.15,18.02,11.09,18.36,60.94,43.20,19.26,23.45
131.78,27.11,17.99,11.07,18.36,60.94,43.20,19.23,23.45
131.79,27.20,17.99,11.07,18.36,60.94,43.20,19.26,23.45
131.80,27.15,18.02,11.09,18.36,60.94,43.20,19.26,23.45
131.81,27.15,18.02,11.07,18.36,61.10,43.20,19.26,23.45
131.82,27.20,18.02,11.07,18.36,61.10,43.11,19.23,23.45
131.83,27.15,18.02,11.07,18.36,61.10,43.20,19.23,23.41
131.84,27.11,17.99,11.07,18.36,60.94,43.20,19.26,23.45
131.85,27.11,17.99,11.09,18.36,61.10,43.20,19.26,23.45
131.86,27.15,18.02,11.09,18.36,61.10,43.20,19.26,23.45
131.87,27.15,18.02,11.09,18.36,60.94,43.20,19.26,23.45
131.88,27.15,18.02,11.09,18.36,60.94,43.20,19.26,23.45
131.89,27.20,17.99,11.07,18.36,60.94,43.20,19.23,23.45
131.90,27.20,18.02,11.07,18.36,61.10,43.20,19.26,23.45
131.91,27.15,18.02,11.09,18.36,61.10,43.20,19.26,23.48
131.92,27.15,17.99,11.09,18.36,61.10,43.20,19.26,23.45
131.93,27.15,17.99,11.07,18.36,60.94,43.20,19.26,23.45
131.94,27.15,18.02,11.07,18.36,60.94,43.20,19.26,23.45
131.95,27.20,18.02,11.09,18.36,61.10,43.20,19.26,23.45
131.96,27.20,18.04,11.09,18.36,61.10,43.20,19.26,23.45
131.97,27.15,18.02,11.09,18.36,61.10,43.20,19.26,23.45
131.98,27.15,18.02,11.07,18.36,61.10,43.20,19.26,23.45
131.99,27.15,18.02,11.09,18.36,60.94,43.20,19.26,23.45
132.00,27.15,18.02,11.07,18.36,61.10,43.20,19.26,23.45
132.01,27.20,18.02,11.09,18.36,61.10,43.20,19.26,23.45
132.02,27.15,18.02,11.09,18.39,61.10,43.20,19.26,23.45
132.03,27.15,18.02,11.07,18.36,60.94,43.20,19.26,23.45
132.04,27.20,17.99,11.07,18.36,60.94,43.20,19.23,23.45
132.05,27.15,18.02,11.09,18.36,61.10,43.20,19.26,23.45
132.06,27.20,18.04,11.09,18.36,61.10,43.20,19.29,23.45
132.07,27.15,18.04,11.09,18.36,61.10,43.20,19.26,23.41
132.08,27.11,18.02,11.07,18.36,60.94,43.20,19.26,23.45
132.09,27.15,18.02,11.09,18.36,61.10,43.20,19.26,23.45
132.10,27.20,18.02,11.07,18.36,61.10,43.20,19.26,23.45
132.11,27.20,18.02,11.09,18.36,61.10,43.20,19.26,23.45
132.12,27.20,18.02,11.09,18.36,60.94,43.20,19.26,23.45
132.13,27.15,18.02,11.07,18.36,61.10,43.20,19.26,23.45
132.14,27.20,18.02,11.09,18.36,61.10,43.20,19.26,23.45
132.15,27.15,18.02,11.09,18.39,61.10,43.20,19.26,23.45
132.16,27.20,18.02,11.09,18.36,61.10,43.20,19.26,23.45
132.17,27.15,18.02,11.09,18.36,61.10,43.20,19.26,23.45
132.18,27.15,17.99,11.07,18.36,61.10,43.20,19.26,23.45
132.19,27.15,17.99,11.07,18.36,61.10,43.20,19.26,23.45
132.20,27.15,17.99,11.07,18.36,61.10,43.20,19.26,23.45
132.21,27.15,18.02,11.09,18.36,61.10,43.20,19.26,23.45
132.22,27.20,18.02,11.09,18.36,60.94,43.20,19.26,23.45
132.23,27.15,17.99,11.09,18.36,60.94,43.20,19.26,23.45
132.24,27.15,18.02,11.07,18.36,60.94,43.20,19.26,23.45
132.25,27.15,17.99,11.09,18.36,61.10,43.20,19.26,23.45
132.26,27.20,18.04,11.09,18.36,61.10,43.29,19.26,23.45
132.27,27.15,18.02,11.09,18.36,61.10,43.20,19.26,23.45
132.28,27.15,18.04,11.09,18.36,60.94,43.20,19.26,23.45
132.29,27.15,17.99,11.09,18.36,61.10,43.20,19.26,23.45
132.30,27.15,18.02,11.09,18.36,61.10,43.20,19.26,23.41
132.31,27.15,18.02,11.09,18.39,61.10,43.20,19.26,23.45
132.32,27.20,18.02,11.09,18.36,61.10,43.20,19.26,23.41
132.33,27.15,18.02,11.07,18.36,61.10,43.20,19.26,23.45
132.34,27.20,17.99,11.09,18.36,61.10,43.20,19.26,23.45
132.35,27.15,18.02,11.09,18.36,61.10,43.20,19.26,23.45
132.36,27.20,18.02,11.09,18.36,61.10,43.29,19.26,23.45
132.37,27.24,18.02,11.09,18.36,60.94,43.11,19.26,23.45
132.38,27.20,18.02,11.09,18.36,61.10,43.20,19.26,23.45
132.39,27.15,17.99,11.09,18.36,61.10,43.20,19.26,23.45
132.40,27.15,18.02,11.09,18.36,61.10,43.20,19.26,23.41
132.41,27.20,18.02,11.09,18.36,61.10,43.20,19.26,23.45
132.42,27.20,18.02,11.09,18.36,61.10,43.29,19.26,23.41
132.43,27.20,18.02,11.09,18.36,61.10,43.20,19.26,23.45
132.44,27.15,18.02,11.09,18.36,60.94,43.20,19.23,23.45
132.45,27.15,17.99,11.09,18.36,61.10,43.20,19.29,23.45
132.46,27.15,18.02,11.09,18.39,61.10,43.20,19.26,23.45
132.47,27.15,18.02,11.09,18.39,61.10,43.20,19.26,23.45
132.48,27.15,18.02,11.09,18.36,60.94,43.20,19.26,23.45
132.49,27.20,17.99,11.09,18.36,60.94,43.20,19.26,23.41
132.50,27.20,18.02,11.07,18.36,61.10,43.20,19.26,23.41
132.51,27.20,18.02,11.09,18.36,61.10,43.20,19.26,23.41
132.52,27.20,18.02,11.09,18.36,61.10,43.20,19.26,23.45
132.53,27.20,17.99,11.09,18.36,61.10,43.20,19.26,23.41
132.54,27.20,17.99,11.07,18.36,60.94,43.20,19.26,23.41
132.55,27.15,17.99,11.09,18.36,61.10,43.20,19.23,23.41
132.56,27.20,18.02,11.09,18.36,61.10,43.20,19.26,23.45
132.57,27.20,18.02,11.09,18.36,61.10,43.20,19.26,23.45
132.58,27.15,18.02,11.07,18.36,60.94,43.20,19.26,23.41
132.59,27.20,17.99,11.09,18.36,60.94,43.20,19.26,23.45
132.60,27.15,18.02,11.07,18.36,61.10,43.20,19.23,23.41
132.61,27.15,18.02,11.09,18.39,61.10,43.20,19.26,23.45
132.62,27.15,18.02,11.09,18.36,61.26,43.20,19.26,23.41
132.63,27.15,17.99,11.07,18.36,61.10,43.20,19.26,23.41
132.64,27.15,17.99,11.07,18.36,60.77,43.20,19.23,23.41
132.65,27.20,18.02,11.09,18.39,61.10,43.20,19.29,23.45
132.66,27.15,18.02,11.09,18.36,61.10,43.20,19.23,23.41
132.67,27.15,18.02,11.09,18.36,61.10,43.20,19.26,23.45
132.68,27.15,17.99,11.07,18.36,61.10,43.11,19.26,23.41
132.69,27.15,17.99,11.07,18.36,60.94,43.20,19.26,23.41
132.70,27.15,18.02,11.09,18.36,61.10,43.20,19.26,23.41
132.71,27.15,18.02,11.07,18.39,60.94,43.20,19.26,23.41
132.72,27.20,18.02,11.09,18.36,60.94,43.20,19.26,23.45
132.73,27.15,17.99,11.07,18.36,60.94,43.11,19.23,23.45
132.74,27.11,17.99,11.07,18.36,60.94,43.20,19.26,23.41
132.75,27.15,17.99,11.07,18.36,61.10,43.20,19.26,23.41
132.76,27.15,18.02,11.07,18.36,61.10,43.20,19.26,23.45
132.77,27.20,17.99,11.09,18.36,60.94,43.20,19.26,23.41
132.78,27.15,17.99,11.07,18.36,60.94,43.20,19.26,23.41
132.79,27.15,17.99,11.07,18.36,61.10,43.20,19.26,23.41
132.80,27.15,18.02,11.07,18.36,61.10,43.20,19.26,23.41
132.81,27.24,18.02,11.09,18.36,60.94,43.20,19.26,23.41
132.82,27.20,17.99,11.09,18.36,61.10,43.20,19.26,23.41
132.83,27.20,17.99,11.07,18.36,60.94,43.20,19.26,23.41
132.84,27.15,17.99,11.07,18.36,60.94,43.20,19.26,23.41
132.85,27.20,18.02,11.09,18.36,60.94,43.20,19.26,23.41
132.86,27.15,18.02,11.09,18.36,61.10,43.20,19.26,23.41
132.87,27.20,17.99,11.09,18.36,61.10,43.20,19.26,23.41
132.88,27.15,17.99,11.09,18.36,60.94,43.11,19.26,23.41
132.89,27.15,17.99,11.07,18.36,60.94,43.11,19.23,23.41
132.90,27.15,17.99,11.09,18.36,61.10,43.20,19.26,23.41
132.91,27.15,18.02,11.09,18.36,61.10,43.20,19.26,23.41
132.92,27.20,18.02,11.09,18.36,60.94,43.20,19.26,23.41
132.93,27.15,17.99,11.09,18.36,60.94,43.20,19.26,23.41
132.94,27.20,18.02,11.07,18.36,61.10,43.20,19.26,23.41
132.95,27.15,17.99,11.09,18.36,60.94,43.20,19.26,23.41
132.96,27.15,18.02,11.09,18.36,61.10,43.20,19.26,23.45
132.97,27.15,18.02,11.09,18.36,61.10,43.20,19.26,23.41
132.98,27.15,17.99,11.07,18.36,61.10,43.20,19.26,23.45
132.99,27.20,17.99,11.07,18.36,60.94,43.20,19.23,23.41
133.00,27.15,17.99,11.07,18.36,61.10,43.20,19.26,23.41
133.01,27.20,18.02,11.09,18.36,61.10,43.20,19.26,23.41
133.02,27.20,18.02,11.09,18.36,61.10,43.20,19.26,23.41
133.03,27.15,17.99,11.07,18.36,61.10,43.11,19.26,23.41
133.04,27.15,17.99,11.07,18.36,60.94,43.20,19.26,23.41
133.05,27.15,18.02,11.09,18.36,61.10,43.20,19.26,23.41
133.06,27.20,18.02,11.09,18.36,61.10,43.20,19.26,23.41
133.07,27.15,18.02,11.09,18.36,60.94,43.20,19.26,23.41
133.08,27.20,18.02,11.07,18.36,61.10,43.20,19.26,23.41
133.09,27.20,17.99,11.07,18.36,61.10,43.20,19.26,23.41
133.10,27.20,17.99,11.07,18.36,61.10,43.20,19.26,23.41
133.11,27.15,18.04,11.09,18.36,61.10,43.20,19.26,23.41
133.12,27.15,18.02,11.09,18.39,60.94,43.20,19.26,23.38
133.13,27.15,17.99,11.09,18.36,60.94,43.11,19.26,23.41
133.14,27.15,17.99,11.07,18.36,60.94,43.11,19.26,23.41
133.15,27.15,17.99,11.09,18.36,61.10,43.20,19.26,23.45
133.16,27.15,18.02,11.09,18.36,61.10,43.20,19.26,23.41
133.17,27.15,18.02,11.09,18.36,61.10,43.20,19.26,23.41
133.18,27.20,17.99,11.09,18.36,60.94,43.20,19.23,23.41
133.19,27.15,17.99,11.07,18.36,61.10,43.20,19.26,23.41
133.20,27.15,17.99,11.09,18.36,61.10,43.20,19.26,23.41
133.21,27.15,18.02,11.09,18.36,61.10,43.20,19.26,23.41
133.22,27.15,17.99,11.09,18.36,61.10,43.20,19.26,23.41
133.23,27.15,17.99,11.09,18.36,60.94,43.20,19.26,23.41
133.24,27.11,17.99,11.07,18.36,61.10,43.20,19.26,23.41
133.25,27.15,17.99,11.09,18.36,61.10,43.20,19.26,23.41
133.26,27.24,18.02,11.09,18.36,61.10,43.20,19.26,23.41
133.27,27.15,18.02,11.09,18.36,61.10,43.20,19.26,23.41
133.28,27.15,17.99,11.07,18.36,61.10,43.20,19.26,23.41
133.29,27.15,17.99,11.07,18.36,61.10,43.20,19.23,23.41
133.30,27.20,17.99,11.07,18.36,61.10,43.20,19.26,23.41
133.31,27.20,18.02,11.09,18.36,61.10,43.20,19.26,23.41
133.32,27.15,18.02,11.09,18.36,60.94,43.20,19.23,23.41
133.33,27.20,17.99,11.09,18.36,61.10,43.20,19.26,23.41
133.34,27.15,17.99,11.07,18.36,60.94,43.11,19.26,23.41
133.35,27.15,17.99,11.07,18.36,61.10,43.11,19.26,23.41
133.36,27.20,17.99,11.09,18.36,61.10,43.20,19.26,23.41
133.37,27.15,18.02,11.09,18.36,61.10,43.20,19.26,23.41
133.38,27.20,17.99,11.07,18.36,61.10,43.20,19.23,23.41
133.39,27.15,17.99,11.07,18.36,60.94,43.20,19.26,23.41
133.40,27.15,17.99,11.07,18.36,60.94,43.11,19.26,23.41
133.41,27.20,18.02,11.09,18.36,61.10,43.20,19.26,23.41
133.42,27.15,17.99,11.09,18.36,61.10,43.11,19.26,23.41
133.43,27.15,17.99,11.07,18.36,60.94,43.20,19.23,23.41
133.44,27.20,17.99,11.07,18.36,60.94,43.20,19.26,23.41
133.45,27.11,17.99,11.09,18.39,61.10,43.11,19.26,23.41
133.46,27.20,18.02,11.07,18.36,61.10,43.20,19.23,23.41
133.47,27.15,17.99,11.09,18.36,61.10,43.20,19.26,23.41
133.48,27.15,17.99,11.07,18.36,60.94,43.20,19.23,23.41
133.49,27.15,17.99,11.07,18.36,61.10,43.11,19.26,23.41
133.50,27.15,17.99,11.09,18.36,61.10,43.20,19.23,23.41
133.51,27.15,18.02,11.07,18.36,61.10,43.20,19.26,23.41
133.52,27.20,18.02,11.09,18.36,60.94,43.20,19.26,23.41
133.53,27.11,17.99,11.09,18.36,60.94,43.20,19.23,23.41
133.54,27.15,17.99,11.07,18.36,60.94,43.20,19.26,23.41
133.55,27.15,17.99,11.07,18.36,60.94,43.11,19.26,23.38
133.56,27.20,18.02,11.09,18.39,61.10,43.11,19.26,23.41
133.57,27.15,17.99,11.07,18.36,60.94,43.20,19.26,23.41
133.58,27.20,17.99,11.07,18.36,60.94,43.11,19.23,23.41
133.59,27.15,17.99,11.07,18.36,60.94,43.11,19.23,23.41
133.60,27.15,17.99,11.07,18.36,60.94,43.11,19.29,23.41
133.61,27.20,17.99,11.09,18.36,61.10,43.20,19.26,23.41
133.62,27.20,18.02,11.09,18.36,61.10,43.11,19.26,23.41
133.63,27.15,17.99,11.09,18.36,60.94,43.20,19.23,23.41
133.64,27.15,17.99,11.07,18.36,60.94,43.02,19.26,23.41
133.65,27.15,17.99,11.09,18.36,60.94,43.11,19.26,23.41
133.66,27.15,17.99,11.09,18.36,61.10,43.20,19.26,23.45
133.67,27.20,17.99,11.09,18.36,60.94,43.20,19.26,23.41
133.68,27.15,17.99,11.07,18.36,61.10,43.11,19.26,23.41
133.69,27.11,17.99,11.07,18.36,60.94,43.11,19.23,23.41
133.70,27.15,17.99,11.07,18.36,60.94,43.20,19.26,23.41
133.71,27.20,17.99,11.09,18.36,61.10,43.20,19.23,23.41
133.72,27.15,17.99,11.07,18.36,61.10,43.20,19.23,23.41
133.73,27.15,17.99,11.07,18.36,60.94,43.11,19.26,23.41
133.74,27.15,17.99,11.09,18.36,61.10,43.11,19.23,23.41
133.75,27.15,17.99,11.07,18.36,61.10,43.20,19.23,23.41
133.76,27.20,17.99,11.09,18.36,60.94,43.20,19.23,23.41
133.77,27.15,17.99,11.09,18.36,60.94,43.20,19.23,23.41
133.78,27.15,17.99,11.07,18.36,61.10,43.11,19.23,23.41
133.79,27.15,17.99,11.07,18.36,60.94,43.11,19.23,23.41
133.80,27.15,17.99,11.07,18.36,61.10,43.11,19.23,23.41
133.81,27.15,18.02,11.07,18.36,61.10,43.11,19.26,23.38
133.82,27.20,17.99,11.10,18.36,61.10,43.20,19.26,23.41
133.83,27.11,17.99,11.07,18.36,60.94,43.11,19.23,23.41
133.84,27.11,17.99,11.07,18.36,60.94,43.11,19.23,23.41
133.85,27.20,17.99,11.07,18.36,61.10,43.20,19.23,23.41
133.86,27.15,17.99,11.09,18.36,61.10,43.11,19.26,23.41
133.87,27.15,17.99,11.07,18.36,61.10,43.11,19.23,23.41
133.88,27.15,17.99,11.07,18.36,60.94,43.20,19.23,23.41
133.89,27.15,17.97,11.07,18.36,61.10,43.20,19.23,23.41
133.90,27.15,17.99,11.09,18.36,61.10,43.20,19.26,23.41
133.91,27.15,17.99,11.09,18.36,61.10,43.11,19.23,23.41
133.92,27.11,17.99,11.09,18.39,60.94,43.11,19.26,23.41
133.93,27.11,17.99,11.07,18.36,60.94,43.11,19.26,23.41
133.94,27.15,17.97,11.07,18.36,60.94,43.11,19.23,23.38
133.95,27.15,17.99,11.07,18.36,60.94,43.20,19.23,23.38
133.96,27.20,17.99,11.09,18.36,60.94,43.20,19.26,23.38
133.97,27.20,17.99,11.07,18.36,60.94,43.20,19.23,23.41
133.98,27.11,17.99,11.07,18.36,60.94,43.11,19.23,23.38
133.99,27.11,17.99,11.07,18.36,60.94,43.11,19.23,23.38
134.00,27.11,17.99,11.07,18.36,60.94,43.11,19.26,23.41
134.01,27.15,17.99,11.09,18.36,60.94,43.20,19.23,23.38
134.02,27.15,17.99,11.07,18.36,60.94,43.11,19.26,23.38
134.03,27.15,17.99,11.07,18.36,60.94,43.20,19.23,23.41
134.04,27.15,17.97,11.07,18.36,60.94,43.11,19.23,23.41
134.05,27.11,17.99,11.07,18.36,60.94,43.11,19.23,23.41
134.06,27.15,17.99,11.09,18.36,60.94,43.11,19.26,23.41
134.07,27.15,17.99,11.09,18.36,60.94,43.11,19.26,23.41
134.08,27.11,17.99,11.07,18.36,60.94,43.11,19.23,23.38
134.09,27.11,17.97,11.07,18.36,60.94,43.11,19.23,23.41
134.10,27.11,17.97,11.07,18.36,61.10,43.11,19.23,23.41
134.11,27.20,17.99,11.07,18.36,60.94,43.20,19.26,23.38
134.12,27.15,17.99,11.07,18.36,60.94,43.20,19.26,23.41
134.13,27.11,17.99,11.07,18.36,60.94,43.11,19.23,23.38
134.14,27.15,17.97,11.07,18.36,60.94,43.11,19.23,23.41
134.15,27.11,17.99,11.07,18.36,60.94,43.11,19.23,23.38
134.16,27.15,17.99,11.07,18.36,61.10,43.20,19.23,23.41
134.17,27.20,17.99,11.07,18.36,61.10,43.11,19.26,23.38
134.18,27.06,17.97,11.07,18.36,60.94,43.20,19.26,23.38
134.19,27.11,17.97,11.07,18.36,60.94,43.11,19.23,23.38
134.20,27.15,17.99,11.07,18.36,60.94,43.20,19.23,23.38
134.21,27.15,17.99,11.09,18.36,60.94,43.11,19.23,23.38
134.22,27.11,17.99,11.07,18.36,60.94,43.11,19.23,23.38
134.23,27.15,17.97,11.07,18.36,60.94,43.11,19.23,23.38
134.24,27.15,17.97,11.07,18.36,60.94,43.11,19.23,23.38
134.25,27.11,17.97,11.07,18.36,60.94,43.11,19.23,23.38
134.26,27.15,17.99,11.07,18.36,60.94,43.20,19.23,23.38
134.27,27.15,17.99,11.07,18.36,60.94,43.11,19.23,23.38
134.28,27.11,17.97,11.07,18.36,60.94,43.11,19.23,23.38
134.29,27.11,17.99,11.07,18.36,60.94,43.11,19.23,23.41
134.30,27.20,17.97,11.07,18.36,60.94,43.20,19.23,23.41
134.31,27.15,17.99,11.09,18.36,61.10,43.11,19.26,23.38
134.32,27.15,17.99,11.07,18.36,61.10,43.11,19.23,23.38
134.33,27.11,17.99,11.07,18.36,60.94,43.11,19.23,23.41
134.34,27.11,17.97,11.07,18.36,61.10,43.11,19.23,23.38
134.35,27.15,17.97,11.07,18.36,60.94,43.11,19.23,23.38
134.36,27.15,17.99,11.07,18.36,60.94,43.11,19.23,23.38
134.37,27.15,17.97,11.07,18.36,61.10,43.11,19.23,23.38
134.38,27.11,17.97,11.07,18.36,60.94,43.11,19.23,23.41
134.39,27.11,17.97,11.07,18.36,60.94,43.11,19.23,23.38
134.40,27.15,17.99,11.07,18.36,60.94,43.11,19.23,23.41
134.41,27.11,17.99,11.07,18.36,61.10,43.11,19.23,23.38
134.42,27.11,17.99,11.09,18.36,60.94,43.11,19.23,23.41
134.43,27.11,17.99,11.07,18.36,60.94,43.11,19.23,23.41
134.44,27.15,17.99,11.07,18.36,60.94,43.11,19.23,23.38
134.45,27.15,17.99,11.07,18.36,60.94,43.11,19.23,23.38
134.46,27.20,17.99,11.09,18.36,61.10,43.11,19.26,23.41
134.47,27.15,17.97,11.07,18.36,60.94,43.11,19.23,23.38
134.48,27.11,17.97,11.07,18.36,60.94,43.11,19.26,23.38
134.49,27.11,17.97,11.07,18.36,60.94,43.11,19.23,23.41
134.50,27.20,17.99,11.07,18.36,60.94,43.11,19.23,23.38
134.51,27.20,17.99,11.07,18.36,60.94,43.11,19.26,23.41
134.52,27.20,17.97,11.09,18.36,61.10,43.11,19.23,23.38
134.53,27.15,17.99,11.07,18.36,60.94,43.11,19.23,23.41
134.54,27.11,17.99,11.07,18.36,60.94,43.11,19.23,23.38
134.55,27.15,17.99,11.09,18.36,61.10,43.11,19.23,23.41
134.56,27.15,17.99,11.07,18.33,60.94,43.20,19.26,23.38
134.57,27.20,17.99,11.07,18.36,60.94,43.20,19.26,23.38
134.58,27.15,17.99,11.07,18.36,61.10,43.11,19.23,23.38
134.59,27.15,17.97,11.07,18.36,60.94,43.11,19.26,23.38
134.60,27.15,17.97,11.07,18.36,60.94,43.11,19.26,23.38
134.61,27.15,17.99,11.09,18.36,60.94,43.11,19.26,23.38
134.62,27.15,17.99,11.07,18.36,60.94,43.11,19.23,23.38
134.63,27.15,17.97,11.09,18.36,60.94,43.11,19.23,23.38
134.64,27.15,17.99,11.07,18.36,60.94,43.11,19.23,23.38
134.65,27.15,17.99,11.07,18.36,60.94,43.11,19.23,23.38
134.66,27.15,17.99,11.07,18.36,61.10,43.11,19.26,23.38
134.67,27.15,17.99,11.07,18.36,61.10,43.11,19.26,23.38
134.68,27.15,17.99,11.07,18.36,60.94,43.11,19.23,23.38
134.69,27.11,17.97,11.07,18.36,61.10,43.11,19.23,23.38
134.70,27.11,17.97,11.07,18.36,61.10,43.11,19.26,23.41
134.71,27.20,17.99,11.09,18.39,61.10,43.11,19.23,23.38
134.72,27.15,17.97,11.07,18.36,60.94,43.11,19.26,23.38
134.73,27.15,17.97,11.07,18.36,60.94,43.11,19.23,23.38
134.74,27.15,17.99,11.07,18.36,60.94,43.11,19.26,23.38
134.75,27.15,17.97,11.07,18.36,60.94,43.11,19.23,23.38
134.76,27.20,17.99,11.09,18.36,61.10,43.20,19.26,23.38
134.77,27.20,17.99,11.07,18.36,61.10,43.11,19.23,23.38
134.78,27.11,17.99,11.07,18.36,61.10,43.11,19.26,23.38
134.79,27.15,17.99,11.07,18.36,60.94,43.20,19.23,23.38
134.80,27.15,17.97,11.07,18.36,60.94,43.11,19.26,23.38
134.81,27.15,17.99,11.09,18.36,61.10,43.11,19.26,23.38
134.82,27.11,17.97,11.09,18.36,61.10,43.11,19.26,23.38
134.83,27.15,17.99,11.07,18.36,60.94,43.11,19.23,23.38
134.84,27.15,17.97,11.07,18.39,60.94,43.20,19.23,23.38
134.85,27.15,17.99,11.07,18.36,60.94,43.11,19.26,23.38
134.86,27.15,17.99,11.09,18.36,61.10,43.20,19.23,23.38
134.87,27.20,17.99,11.07,18.36,61.10,43.11,19.26,23.38
134.88,27.15,17.97,11.07,18.36,60.94,43.11,19.26,23.38
134.89,27.11,17.97,11.07,18.36,60.94,43.11,19.23,23.38
134.90,27.15,17.99,11.09,18.39,61.10,43.11,19.26,23.34
134.91,27.20,17.99,11.09,18.36,61.10,43.20,19.26,23.41
134.92,27.15,17.99,11.09,18.36,60.94,43.11,19.26,23.34
134.93,27.15,17.97,11.09,18.36,60.94,43.11,19.23,23.38
134.94,27.15,17.97,11.07,18.36,60.94,43.11,19.23,23.38
134.95,27.15,17.97,11.09,18.36,61.10,43.11,19.23,23.38
134.96,27.15,17.99,11.09,18.36,61.10,43.02,19.26,23.38
134.97,27.20,17.99,11.09,18.36,61.10,43.11,19.23,23.38
134.98,27.15,17.99,11.07,18.36,61.10,43.11,19.23,23.38
134.99,27.15,17.99,11.07,18.36,60.94,43.11,19.26,23.38
135.00,27.15,17.99,11.07,18.36,61.10,43.20,19.23,23.38
135.01,27.15,17.99,11.09,18.36,61.10,43.11,19.26,23.38
135.02,27.15,17.99,11.07,18.36,61.10,43.11,19.26,23.38
135.03,27.15,17.97,11.09,18.36,60.94,43.11,19.26,23.38
135.04,27.15,17.97,11.07,18.36,60.94,43.11,19.23,23.38
135.05,27.11,17.99,11.09,18.36,60.94,43.11,19.26,23.38
135.06,27.20,17.99,11.07,18.36,61.10,43.11,19.26,23.38
135.07,27.20,17.99,11.09,18.36,60.94,43.11,19.26,23.38
135.08,27.11,17.97,11.09,18.36,60.94,43.11,19.26,23.38
135.09,27.11,17.97,11.09,18.39,60.94,43.11,19.26,23.38
135.10,27.15,17.99,11.07,18.36,60.94,43.20,19.23,23.38
135.11,27.15,17.99,11.09,18.36,61.10,43.20,19.26,23.38
135.12,27.20,17.99,11.09,18.36,60.94,43.11,19.26,23.38
135.13,27.11,17.97,11.07,18.36,61.10,43.11,19.26,23.38
135.14,27.15,17.99,11.07,18.36,60.77,43.20,19.23,23.38
135.15,27.20,17.99,11.09,18.36,61.10,43.11,19.26,23.38
135.16,27.15,17.99,11.09,18.36,60.94,43.11,19.23,23.38
135.17,27.15,17.99,11.09,18.36,60.94,43.20,19.23,23.38
135.18,27.15,17.99,11.09,18.36,61.10,43.20,19.26,23.38
135.19,27.15,17.97,11.09,18.36,60.94,43.11,19.26,23.34
135.20,27.15,17.99,11.09,18.36,61.10,43.20,19.26,23.38
135.21,27.15,17.99,11.09,18.36,61.10,43.20,19.26,23.38
135.22,27.20,17.99,11.09,18.36,61.10,43.20,19.26,23.38
135.23,27.20,17.99,11.09,18.36,61.10,43.11,19.26,23.38
135.24,27.20,17.99,11.09,18.36,60.94,43.11,19.26,23.38
135.25,27.15,17.99,11.09,18.36,61.10,43.20,19.26,23.38
135.26,27.20,17.99,11.09,18.36,61.10,43.20,19.26,23.38
135.27,27.15,17.99,11.09,18.36,61.10,43.11,19.26,23.38
135.28,27.15,17.99,11.09,18.36,60.94,43.11,19.26,23.38
135.29,27.20,17.99,11.09,18.36,61.10,43.11,19.26,23.38
135.30,27.15,18.02,11.09,18.39,61.10,43.11,19.26,23.38
135.31,27.20,18.02,11.09,18.36,61.10,43.20,19.26,23.38
135.32,27.15,17.99,11.09,18.36,61.10,43.20,19.26,23.38
135.33,27.20,17.99,11.09,18.36,61.10,43.20,19.26,23.34
135.34,27.20,17.99,11.09,18.36,61.10,43.11,19.23,23.38
135.35,27.15,17.99,11.09,18.36,61.10,43.11,19.26,23.38
135.36,27.20,18.02,11.09,18.36,61.10,43.20,19.26,23.38
135.37,27.20,18.02,11.09,18.36,61.10,43.11,19.26,23.38
135.38,27.15,17.99,11.09,18.36,61.10,43.11,19.26,23.38
135.39,27.15,17.99,11.09,18.36,61.10,43.11,19.23,23.38
135.40,27.20,17.99,11.09,18.36,61.10,43.11,19.26,23.38
135.41,27.20,18.02,11.09,18.39,61.10,43.20,19.26,23.38
135.42,27.20,17.99,11.09,18.36,61.10,43.20,19.26,23.38
135.43,27.20,17.99,11.09,18.36,61.10,43.20,19.26,23.38
135.44,27.20,17.99,11.09,18.36,61.10,43.11,19.26,23.38
135.45,27.20,17.99,11.09,18.36,61.10,43.20,19.23,23.38
135.46,27.24,18.02,11.09,18.36,61.10,43.20,19.26,23.38
135.47,27.15,17.99,11.09,18.39,61.10,43.20,19.29,23.38
135.48,27.15,17.99,11.09,18.36,61.10,43.20,19.26,23.38
135.49,27.20,17.99,11.09,18.36,61.10,43.11,19.26,23.38
135.50,27.15,17.99,11.09,18.36,61.10,43.11,19.26,23.38
135.51,27.20,17.99,11.09,18.36,61.10,43.20,19.26,23.34
135.52,27.20,17.99,11.09,18.36,61.10,43.20,19.26,23.38
135.53,27.15,17.99,11.07,18.39,60.94,43.11,19.23,23.34
135.54,27.15,17.99,11.09,18.36,60.94,43.20,19.26,23.38
135.55,27.15,17.99,11.09,18.36,61.10,43.20,19.26,23.34
135.56,27.15,18.02,11.09,18.36,61.10,43.20,19.26,23.38
135.57,27.15,17.99,11.09,18.36,61.10,43.11,19.26,23.38
135.58,27.15,17.99,11.09,18.36,61.10,43.11,19.26,23.34
135.59,27.15,17.99,11.07,18.36,61.10,43.11,19.26,23.38
135.60,27.15,17.99,11.09,18.36,60.94,43.11,19.26,23.34
135.61,27.15,17.99,11.09,18.36,61.10,43.20,19.26,23.38
135.62,27.15,17.99,11.09,18.36,61.10,43.20,19.26,23.34
135.63,27.15,17.99,11.07,18.36,61.10,43.11,19.26,23.34
135.64,27.20,17.99,11.09,18.36,61.10,43.20,19.26,23.38
135.65,27.15,17.99,11.09,18.36,60.94,43.11,19.26,23.38
135.66,27.15,17.99,11.09,18.36,61.10,43.20,19.26,23.34
135.67,27.15,18.02,11.09,18.36,61.10,43.20,19.26,23.34
135.68,27.15,17.99,11.09,18.36,60.94,43.11,19.26,23.38
135.69,27.15,17.99,11.09,18.36,61.10,43.11,19.23,23.38
135.70,27.15,17.99,11.09,18.36,60.94,43.11,19.26,23.38
135.71,27.20,17.99,11.09,18.36,61.10,43.11,19.26,23.38
135.72,27.15,17.99,11.07,18.36,60.94,43.11,19.23,23.38
135.73,27.20,17.97,11.09,18.36,60.94,43.11,19.26,23.38
135.74,27.15,17.99,11.07,18.36,60.94,43.11,19.23,23.34
135.75,27.20,17.99,11.09,18.36,61.10,43.20,19.26,23.38
135.76,27.20,18.02,11.09,18.36,61.10,43.20,19.26,23.38
135.77,27.15,17.99,11.09,18.36,61.10,43.11,19.26,23.34
135.78,27.15,17.99,11.09,18.36,60.94,43.11,19.23,23.34
135.79,27.15,17.99,11.09,18.36,61.10,43.20,19.26,23.38
135.80,27.15,17.99,11.09,18.39,60.94,43.20,19.26,23.38
135.81,27.15,17.99,11.09,18.36,60.94,43.11,19.26,23.38
135.82,27.15,17.99,11.09,18.36,61.10,43.20,19.26,23.34
135.83,27.15,17.99,11.09,18.36,61.10,43.11,19.26,23.34
135.84,27.20,17.99,11.09,18.36,60.94,43.20,19.26,23.38
135.85,27.15,17.99,11.09,18.36,60.94,43.11,19.26,23.34
135.86,27.15,17.99,11.09,18.36,61.10,43.20,19.26,23.34
135.87,27.15,17.99,11.09,18.36,61.10,43.20,19.26,23.38
135.88,27.15,17.97,11.09,18.36,60.94,43.20,19.26,23.38
135.89,27.15,17.97,11.07,18.36,61.10,43.11,19.26,23.34
135.90,27.15,17.99,11.09,18.36,61.10,43.11,19.26,23.34
135.91,27.20,18.02,11.09,18.36,61.10,43.11,19.26,23.34
135.92,27.15,17.99,11.09,18.39,61.10,43.20,19.26,23.38
135.93,27.15,17.99,11.09,18.36,60.94,43.11,19.23,23.38
135.94,27.15,17.99,11.09,18.36,61.10,43.11,19.26,23.34
135.95,27.15,17.99,11.09,18.36,61.10,43.20,19.26,23.38
135.96,27.15,17.99,11.09,18.36,61.10,43.20,19.26,23.34
135.97,27.15,17.99,11.09,18.36,61.10,43.20,19.26,23.38
135.98,27.20,17.99,11.09,18.36,60.94,43.11,19.26,23.34
135.99,27.15,17.99,11.09,18.36,60.94,43.20,19.23,23.38
136.00,27.15,17.99,11.09,18.36,60.94,43.20,19.26,23.34
136.01,27.15,17.99,11.09,18.36,61.10,43.11,19.26,23.34
136.02,27.15,17.99,11.09,18.36,61.10,43.11,19.26,23.34
136.03,27.15,17.99,11.09,18.36,61.10,43.11,19.26,23.34
136.04,27.15,17.99,11.09,18.36,61.10,43.20,19.26,23.34
136.05,27.15,17.97,11.09,18.36,61.10,43.20,19.23,23.38
136.06,27.15,18.02,11.09,18.39,61.10,43.11,19.26,23.34
136.07,27.15,17.97,11.09,18.36,61.10,43.11,19.26,23.34
136.08,27.15,17.97,11.09,18.36,60.94,43.11,19.23,23.34
136.09,27.15,17.99,11.07,18.36,61.10,43.11,19.26,23.34
136.10,27.15,17.99,11.09,18.36,61.10,43.11,19.26,23.34
136.11,27.20,17.99,11.09,18.36,61.10,43.20,19.26,23.38
136.12,27.15,17.99,11.09,18.36,61.10,43.11,19.26,23.34
136.13,27.15,17.99,11.09,18.36,61.10,43.20,19.26,23.34
136.14,27.15,17.99,11.07,18.36,60.94,43.20,19.26,23.34
136.15,27.15,17.99,11.09,18.36,61.10,43.02,19.26,23.34
136.16,27.20,17.99,11.09,18.39,61.10,43.29,19.26,23.38
136.17,27.15,17.99,11.09,18.36,60.94,43.02,19.26,23.34
136.18,27.15,17.99,11.09,18.36,61.10,43.11,19.26,23.34
136.19,27.15,17.99,11.09,18.36,61.10,43.11,19.26,23.38
136.20,27.15,17.99,11.07,18.36,61.10,43.20,19.26,23.38
136.21,27.20,17.99,11.09,18.39,61.10,43.11,19.26,23.34
136.22,27.20,17.99,11.09,18.36,61.10,43.11,19.26,23.34
136.23,27.20,17.99,11.09,18.36,60.94,43.11,19.26,23.34
136.24,27.15,17.99,11.09,18.36,61.10,43.11,19.26,23.34
136.25,27.15,17.99,11.09,18.39,60.94,43.11,19.26,23.34
136.26,27.15,17.99,11.09,18.36,61.10,43.11,19.26,23.34
136.27,27.15,17.99,11.09,18.36,60.94,43.20,19.26,23.34
136.28,27.15,17.99,11.09,18.36,61.10,43.11,19.26,23.38
136.29,27.20,17.99,11.09,18.36,60.94,43.20,19.26,23.34
136.30,27.11,17.97,11.09,18.36,60.94,43.20,19.26,23.34
136.31,27.20,18.02,11.09,18.36,60.94,43.11,19.26,23.34
136.32,27.15,17.99,11.07,18.36,61.10,43.20,19.26,23.34
136.33,27.15,17.99,11.09,18.36,61.10,43.20,19.26,23.34
136.34,27.15,17.99,11.09,18.36,60.94,43.11,19.26,23.34
136.35,27.15,17.99,11.09,18.36,60.94,43.11,19.26,23.34
136.36,27.15,17.99,11.07,18.36,61.10,43.20,19.26,23.34
136.37,27.20,17.99,11.09,18.36,60.94,43.20,19.26,23.34
136.38,27.20,17.99,11.09,18.36,61.10,43.11,19.26,23.34
136.39,27.15,17.97,11.07,18.36,60.94,43.20,19.26,23.34
136.40,27.15,17.99,11.09,18.36,61.10,43.11,19.26,23.38
136.41,27.15,18.02,11.09,18.36,60.94,43.20,19.29,23.34
136.42,27.15,17.99,11.09,18.36,61.10,43.20,19.23,23.34
136.43,27.20,17.99,11.09,18.36,60.94,43.11,19.26,23.34
136.44,27.20,17.99,11.09,18.39,60.94,43.11,19.23,23.34
136.45,27.15,17.99,11.09,18.36,61.10,43.11,19.26,23.30
136.46,27.15,18.02,11.09,18.36,61.10,43.20,19.26,23.34
136.47,27.20,17.99,11.09,18.36,61.10,43.11,19.26,23.34
136.48,27.20,17.99,11.09,18.36,60.94,43.02,19.26,23.34
136.49,27.15,17.99,11.09,18.36,61.10,43.11,19.26,23.34
136.50,27.20,17.99,11.09,18.36,60.94,43.02,19.26,23.34
136.51,27.20,18.02,11.09,18.39,61.10,43.11,19.26,23.34
136.52,27.20,17.99,11.09,18.36,61.10,43.11,19.26,23.34
136.53,27.15,17.99,11.09,18.36,60.94,43.11,19.26,23.34
136.54,27.15,17.99,11.09,18.36,61.10,43.20,19.26,23.34
136.55,27.15,17.99,11.09,18.36,61.10,43.11,19.26,23.34
136.56,27.15,17.99,11.09,18.39,61.10,43.20,19.26,23.34
136.57,27.15,17.99,11.09,18.36,61.10,43.20,19.26,23.34
136.58,27.15,17.99,11.09,18.36,61.10,43.11,19.26,23.34
136.59,27.15,17.99,11.09,18.36,61.10,43.11,19.26,23.34
136.60,27.20,17.99,11.09,18.36,61.10,43.11,19.26,23.34
136.61,27.20,17.99,11.10,18.36,61.10,43.20,19.26,23.34
136.62,27.15,17.99,11.09,18.36,61.10,43.11,19.26,23.34
136.63,27.15,17.99,11.09,18.36,60.94,43.11,19.26,23.34
136.64,27.15,17.99,11.09,18.36,61.10,43.11,19.26,23.34
136.65,27.15,17.99,11.09,18.36,61.10,43.11,19.26,23.34
136.66,27.15,17.99,11.09,18.36,61.10,43.20,19.26,23.34
136.67,27.15,17.99,11.09,18.36,61.10,43.11,19.26,23.34
136.68,27.15,17.99,11.09,18.39,61.10,43.11,19.26,23.34
136.69,27.15,17.99,11.09,18.36,60.94,43.20,19.26,23.34
136.70,27.15,17.99,11.09,18.36,61.10,43.20,19.26,23.38
136.71,27.15,17.99,11.10,18.36,61.10,43.11,19.26,23.34
136.72,27.20,17.99,11.09,18.36,61.10,43.11,19.26,23.34
136.73,27.20,17.97,11.09,18.36,61.10,43.11,19.26,23.34
136.74,27.15,17.99,11.09,18.36,61.10,43.11,19.26,23.34
136.75,27.15,17.99,11.09,18.36,61.10,43.11,19.26,23.34
136.76,27.24,18.02,11.09,18.36,61.10,43.20,19.26,23.34
136.77,27.15,17.99,11.09,18.36,61.10,43.11,19.26,23.34
136.78,27.20,17.97,11.09,18.36,61.10,43.20,19.26,23.34
136.79,27.20,17.99,11.09,18.36,60.94,43.11,19.26,23.34
136.80,27.15,17.99,11.09,18.36,60.94,43.11,19.26,23.34
136.81,27.20,17.99,11.09,18.36,61.10,43.20,19.26,23.34
136.82,27.15,17.99,11.09,18.36,61.10,43.11,19.26,23.34
136.83,27.20,17.99,11.09,18.36,61.10,43.11,19.26,23.34
136.84,27.15,17.99,11.09,18.36,60.94,43.11,19.26,23.34
136.85,27.15,17.99,11.09,18.36,61.10,43.11,19.26,23.34
136.86,27.20,17.99,11.10,18.39,61.10,43.20,19.26,23.34
136.87,27.20,17.99,11.09,18.36,61.10,43.11,19.26,23.34
136.88,27.15,17.99,11.09,18.36,61.10,43.11,19.26,23.34
136.89,27.15,17.99,11.09,18.36,61.10,43.11,19.26,23.30
136.90,27.15,17.99,11.09,18.36,61.10,43.11,19.26,23.34
136.91,27.20,17.99,11.09,18.36,61.10,43.11,19.26,23.34
136.92,27.20,17.99,11.09,18.39,60.94,43.11,19.26,23.34
136.93,27.20,17.99,11.07,18.36,60.94,43.20,19.26,23.34
136.94,27.20,17.99,11.09,18.36,60.94,43.11,19.26,23.34
136.95,27.20,17.99,11.09,18.39,61.10,43.11,19.26,23.34
136.96,27.20,17.99,11.09,18.36,61.10,43.20,19.26,23.30
136.97,27.20,17.99,11.09,18.36,61.10,43.20,19.26,23.34
136.98,27.20,17.99,11.09,18.36,61.10,43.11,19.26,23.34
136.99,27.20,17.99,11.09,18.36,60.94,43.11,19.26,23.34
137.00,27.20,17.99,11.10,18.36,60.94,43.11,19.26,23.34
137.01,27.20,17.99,11.09,18.36,61.10,43.11,19.26,23.34
137.02,27.20,17.99,11.09,18.36,61.10,43.11,19.26,23.34
137.03,27.15,17.97,11.09,18.36,61.10,43.11,19.26,23.30
137.04,27.15,17.99,11.09,18.36,61.10,43.11,19.26,23.34
137.05,27.20,17.99,11.09,18.39,61.10,43.20,19.26,23.34
137.06,27.20,17.99,11.09,18.36,61.10,43.20,19.26,23.30
137.07,27.20,17.99,11.10,18.36,61.10,43.20,19.26,23.34
137.08,27.15,17.99,11.09,18.39,61.10,43.11,19.26,23.34
137.09,27.20,17.99,11.09,18.36,61.10,43.11,19.26,23.34
137.10,27.20,18.02,11.09,18.36,61.10,43.11,19.26,23.34
137.11,27.20,17.99,11.09,18.39,61.10,43.20,19.26,23.34
137.12,27.20,18.02,11.09,18.36,61.10,43.11,19.26,23.34
137.13,27.15,17.99,11.09,18.36,61.10,43.11,19.26,23.34
137.14,27.20,17.99,11.09,18.36,61.10,43.11,19.26,23.34
137.15,27.15,17.99,11.10,18.39,61.10,43.20,19.26,23.34
137.16,27.24,17.99,11.10,18.36,61.10,43.20,19.26,23.34
137.17,27.20,18.02,11.10,18.36,61.10,43.11,19.26,23.34
137.18,27.20,17.99,11.09,18.36,60.94,43.11,19.26,23.34
137.19,27.15,17.99,11.09,18.36,61.10,43.20,19.26,23.34
137.20,27.20,17.99,11.09,18.39,61.10,43.11,19.26,23.34
137.21,27.15,17.99,11.10,18.36,61.10,43.11,19.26,23.34
137.22,27.20,17.99,11.09,18.36,60.94,43.20,19.26,23.34
137.23,27.15,17.99,11.09,18.36,61.10,43.20,19.26,23.30
137.24,27.15,17.99,11.09,18.36,61.10,43.11,19.26,23.34
137.25,27.20,17.99,11.09,18.36,61.10,43.11,19.26,23.34
137.26,27.24,18.02,11.10,18.39,61.10,43.20,19.26,23.34
137.27,27.20,17.99,11.09,18.36,61.10,43.20,19.26,23.34
137.28,27.15,17.97,11.09,18.36,61.10,43.11,19.26,23.34
137.29,27.15,17.99,11.09,18.36,60.94,43.11,19.26,23.34
137.30,27.20,17.99,11.09,18.36,61.10,43.11,19.26,23.34
137.31,27.24,17.99,11.09,18.36,61.10,43.20,19.26,23.30
137.32,27.24,18.02,11.09,18.39,61.10,43.20,19.26,23.34
137.33,27.24,17.99,11.09,18.36,61.10,43.20,19.26,23.34
137.34,27.20,17.99,11.09,18.39,60.94,43.11,19.26,23.34
137.35,27.20,17.99,11.09,18.36,61.10,43.20,19.26,23.34
137.36,27.15,18.02,11.10,18.36,61.10,43.11,19.26,23.34
137.37,27.20,17.99,11.09,18.39,61.10,43.20,19.26,23.34
137.38,27.15,17.99,11.09,18.39,61.10,43.11,19.23,23.30
137.39,27.15,17.99,11.09,18.36,60.94,43.11,19.26,23.30
137.40,27.20,17.99,11.09,18.39,61.10,43.20,19.26,23.34
137.41,27.20,17.99,11.10,18.39,61.10,43.20,19.26,23.30
137.42,27.20,18.02,11.09,18.36,61.10,43.11,19.26,23.34
137.43,27.20,17.99,11.09,18.36,61.10,43.11,19.26,23.30
137.44,27.20,17.99,11.09,18.36,60.94,43.11,19.26,23.34
137.45,27.15,17.99,11.09,18.39,61.10,43.11,19.26,23.30
137.46,27.20,17.99,11.10,18.39,61.10,43.11,19.26,23.34
137.47,27.24,18.02,11.09,18.36,61.10,43.20,19.26,23.30
137.48,27.15,17.99,11.09,18.36,61.10,43.20,19.26,23.34
137.49,27.15,17.99,11.09,18.39,60.94,43.11,19.26,23.34
137.50,27.15,17.99,11.09,18.36,61.10,43.11,19.26,23.34
137.51,27.15,18.02,11.10,18.39,60.94,43.20,19.29,23.30
137.52,27.20,17.99,11.10,18.39,61.10,43.11,19.26,23.34
137.53,27.15,17.99,11.09,18.36,60.94,43.11,19.26,23.34
137.54,27.20,17.99,11.09,18.36,61.10,43.20,19.23,23.30
137.55,27.15,17.99,11.09,18.39,61.10,43.11,19.26,23.34
137.56,27.15,17.99,11.10,18.39,61.10,43.11,19.26,23.30
137.57,27.15,17.99,11.09,18.39,61.10,43.11,19.29,23.34
137.58,27.20,17.99,11.07,18.36,61.10,43.11,19.26,23.30
137.59,27.20,17.99,11.09,18.36,60.94,43.11,19.23,23.30
137.60,27.20,18.02,11.10,18.36,61.10,43.20,19.26,23.30
137.61,27.20,17.99,11.09,18.36,61.10,43.20,19.26,23.30
137.62,27.15,18.02,11.10,18.39,61.10,43.20,19.26,23.30
137.63,27.20,17.99,11.09,18.36,61.10,43.11,19.26,23.34
137.64,27.15,17.99,11.09,18.36,61.10,43.11,19.26,23.34
137.65,27.20,17.99,11.10,18.39,60.94,43.20,19.26,23.34
137.66,27.20,18.02,11.10,18.36,61.26,43.20,19.29,23.30
137.67,27.24,18.02,11.09,18.36,61.10,43.11,19.26,23.30
137.68,27.15,17.99,11.09,18.36,61.10,43.20,19.23,23.34
137.69,27.15,17.99,11.09,18.36,61.10,43.11,19.29,23.30
137.70,27.15,18.02,11.10,18.39,61.10,43.02,19.26,23.34
137.71,27.20,17.99,11.10,18.39,61.10,43.20,19.26,23.30
137.72,27.15,18.02,11.10,18.39,61.10,43.20,19.26,23.34
137.73,27.20,17.99,11.09,18.36,61.10,43.20,19.26,23.30
137.74,27.20,17.99,11.09,18.39,60.94,43.11,19.26,23.30
137.75,27.20,17.99,11.09,18.36,60.94,43.11,19.26,23.30
137.76,27.24,18.02,11.09,18.36,61.10,43.20,19.26,23.30
137.77,27.15,17.99,11.10,18.39,61.10,43.20,19.26,23.34
137.78,27.20,17.99,11.09,18.36,61.10,43.20,19.26,23.34
137.79,27.15,17.99,11.10,18.36,61.10,43.11,19.26,23.34
137.80,27.15,17.99,11.09,18.36,61.10,43.11,19.26,23.30
137.81,27.20,18.02,11.10,18.36,61.10,43.20,19.26,23.30
137.82,27.20,17.99,11.09,18.39,61.10,43.20,19.26,23.30
137.83,27.15,17.99,11.09,18.36,61.10,43.20,19.26,23.30
137.84,27.20,17.99,11.09,18.36,60.94,43.20,19.26,23.34
137.85,27.15,17.99,11.09,18.36,61.10,43.11,19.29,23.34
137.86,27.20,18.02,11.10,18.39,61.10,43.20,19.26,23.34
137.87,27.20,17.99,11.10,18.36,61.10,43.20,19.26,23.34
137.88,27.15,17.99,11.09,18.36,61.10,43.11,19.26,23.30
137.89,27.15,17.99,11.09,18.36,61.10,43.20,19.26,23.30
137.90,27.15,17.99,11.09,18.39,61.10,43.11,19.29,23.30
137.91,27.24,18.02,11.10,18.39,61.26,43.20,19.26,23.34
137.92,27.20,18.02,11.10,18.36,61.10,43.20,19.26,23.30
137.93,27.15,17.99,11.10,18.39,61.10,43.11,19.26,23.30
137.94,27.15,17.99,11.09,18.36,61.10,43.11,19.26,23.30
137.95,27.20,17.99,11.10,18.39,61.10,43.11,19.29,23.34
137.96,27.15,18.02,11.10,18.36,61.10,43.11,19.29,23.34
137.97,27.20,17.99,11.09,18.39,61.10,43.20,19.26,23.34
137.98,27.15,17.99,11.09,18.36,61.10,43.11,19.26,23.34
137.99,27.20,17.99,11.09,18.36,61.10,43.11,19.26,23.34
138.00,27.24,17.99,11.09,18.36,61.10,43.11,19.26,23.34
138.01,27.24,18.02,11.10,18.36,61.10,43.11,19.26,23.34
138.02,27.20,17.99,11.10,18.36,61.10,43.11,19.26,23.34
138.03,27.20,17.99,11.09,18.36,61.10,43.11,19.26,23.30
138.04,27.20,17.99,11.09,18.36,61.10,43.11,19.26,23.34
138.05,27.20,17.99,11.09,18.36,61.10,43.11,19.26,23.34
138.06,27.24,18.02,11.10,18.36,61.10,43.11,19.29,23.34
138.07,27.24,17.99,11.10,18.36,61.10,43.11,19.26,23.30
138.08,27.20,17.99,11.09,18.36,60.94,43.11,19.26,23.30
138.09,27.20,17.99,11.09,18.39,61.10,43.11,19.26,23.34
138.10,27.20,17.99,11.09,18.36,61.10,43.02,19.26,23.34
138.11,27.20,17.99,11.10,18.36,61.10,43.11,19.29,23.30
138.12,27.20,17.99,11.10,18.36,61.10,43.20,19.26,23.30
138.13,27.15,17.99,11.09,18.39,61.10,43.20,19.26,23.34
138.14,27.20,17.99,11.09,18.36,61.10,43.11,19.26,23.30
138.15,27.20,17.99,11.09,18.36,61.10,43.11,19.26,23.30
138.16,27.24,17.99,11.09,18.36,61.10,43.20,19.26,23.30
138.17,27.24,18.02,11.09,18.36,61.10,43.11,19.26,23.30
138.18,27.15,17.99,11.09,18.36,61.10,43.11,19.26,23.34
138.19,27.20,17.97,11.09,18.39,61.10,43.11,19.26,23.30
138.20,27.20,17.99,11.09,18.36,61.10,43.11,19.26,23.30
138.21,27.20,18.02,11.10,18.36,61.10,43.11,19.26,23.30
138.22,27.20,17.99,11.10,18.39,61.10,43.20,19.26,23.30
138.23,27.20,17.99,11.09,18.36,61.10,43.11,19.26,23.30
138.24,27.15,17.99,11.09,18.39,61.10,43.11,19.26,23.34
138.25,27.20,17.99,11.09,18.36,61.10,43.11,19.26,23.30
138.26,27.20,17.99,11.10,18.39,60.94,43.11,19.26,23.30
138.27,27.24,17.99,11.10,18.39,61.10,43.11,19.26,23.30
138.28,27.15,17.99,11.09,18.39,61.10,43.11,19.26,23.30
138.29,27.20,17.99,11.09,18.36,61.10,43.11,19.26,23.30
138.30,27.15,17.99,11.10,18.39,61.10,43.20,19.26,23.30
138.31,27.20,17.99,11.10,18.39,61.10,43.11,19.29,23.30
138.32,27.20,17.99,11.10,18.36,61.10,43.11,19.26,23.30
138.33,27.20,17.99,11.09,18.36,61.10,43.11,19.26,23.30
138.34,27.20,17.99,11.09,18.36,60.94,43.11,19.26,23.30
138.35,27.20,17.99,11.10,18.39,61.10,43.11,19.26,23.30
138.36,27.20,17.99,11.10,18.36,61.10,43.20,19.26,23.30
138.37,27.24,17.99,11.10,18.39,60.94,43.11,19.26,23.30
138.38,27.20,17.99,11.09,18.36,61.10,43.11,19.26,23.30
138.39,27.15,17.99,11.09,18.36,61.10,43.11,19.26,23.30
138.40,27.20,17.99,11.10,18.36,61.10,43.11,19.26,23.30
138.41,27.24,17.99,11.10,18.36,61.10,43.11,19.26,23.30
138.42,27.20,18.02,11.09,18.36,61.10,43.20,19.26,23.30
138.43,27.15,17.99,11.09,18.36,61.10,43.11,19.26,23.30
138.44,27.15,17.99,11.09,18.39,61.10,43.11,19.26,23.30
138.45,27.15,17.99,11.10,18.36,60.94,43.11,19.26,23.30
138.46,27.20,18.02,11.09,18.39,61.10,43.20,19.29,23.30
138.47,27.20,18.02,11.09,18.36,60.94,43.20,19.26,23.30
138.48,27.15,17.99,11.09,18.36,61.10,43.20,19.29,23.30
138.49,27.20,17.99,11.09,18.36,61.10,43.11,19.26,23.30
138.50,27.20,18.02,11.10,18.39,61.10,43.11,19.26,23.30
138.51,27.24,17.99,11.10,18.39,61.10,43.11,19.26,23.30
138.52,27.20,17.99,11.10,18.36,61.10,43.20,19.26,23.30
138.53,27.20,17.97,11.09,18.36,61.10,43.11,19.26,23.30
138.54,27.15,17.99,11.09,18.36,61.10,43.11,19.26,23.30
138.55,27.20,18.02,11.10,18.39,61.10,43.11,19.26,23.30
138.56,27.20,17.99,11.10,18.36,61.10,43.20,19.26,23.30
138.57,27.20,18.04,11.10,18.39,61.10,43.11,19.26,23.30
138.58,27.20,17.97,11.09,18.36,60.94,43.11,19.26,23.30
138.59,27.20,17.97,11.09,18.36,61.10,43.11,19.26,23.30
138.60,27.20,17.99,11.09,18.36,60.94,43.11,19.26,23.30
138.61,27.20,17.99,11.09,18.36,61.10,43.11,19.26,23.30
138.62,27.24,17.99,11.09,18.36,61.10,43.20,19.26,23.30
138.63,27.20,17.99,11.09,18.36,61.10,43.02,19.26,23.30
138.64,27.20,17.99,11.10,18.36,60.94,43.11,19.26,23.27
138.65,27.20,17.99,11.09,18.36,61.10,43.11,19.26,23.30
138.66,27.20,17.99,11.10,18.36,61.10,43.11,19.26,23.27
138.67,27.24,17.99,11.10,18.39,61.10,43.20,19.26,23.34
138.68,27.15,17.97,11.10,18.39,61.10,43.02,19.26,23.27
138.69,27.15,17.99,11.09,18.36,61.10,43.11,19.26,23.30
138.70,27.24,17.99,11.09,18.39,61.10,43.20,19.29,23.27
138.71,27.20,18.02,11.10,18.39,61.10,43.11,19.29,23.30
138.72,27.20,18.02,11.09,18.39,61.10,43.11,19.26,23.30
138.73,27.20,17.97,11.09,18.36,61.10,43.11,19.26,23.30
138.74,27.20,17.99,11.09,18.36,61.10,43.11,19.26,23.30
138.75,27.20,17.99,11.10,18.39,61.10,43.20,19.26,23.30
138.76,27.24,18.02,11.10,18.36,61.10,43.11,19.26,23.30
138.77,27.29,17.99,11.10,18.36,61.10,43.11,19.26,23.27
138.78,27.15,17.99,11.09,18.39,60.94,43.20,19.26,23.30
138.79,27.20,17.99,11.09,18.36,61.10,43.11,19.26,23.30
138.80,27.24,17.99,11.10,18.39,61.10,43.11,19.26,23.30
138.81,27.20,18.02,11.10,18.36,61.10,43.11,19.29,23.30
138.82,27.24,17.99,11.09,18.39,61.10,43.11,19.26,23.30
138.83,27.15,17.97,11.09,18.36,61.10,43.11,19.26,23.30
138.84,27.15,17.99,11.10,18.39,61.10,43.11,19.26,23.30
138.85,27.24,17.99,11.09,18.39,61.10,43.20,19.26,23.30
138.86,27.20,18.02,11.10,18.36,61.10,43.11,19.26,23.30
138.87,27.20,18.02,11.10,18.39,61.10,43.11,19.26,23.30
138.88,27.20,17.99,11.09,18.36,61.10,43.11,19.26,23.30
138.89,27.20,17.99,11.09,18.39,61.10,43.11,19.26,23.30
138.90,27.15,17.99,11.09,18.39,60.94,43.20,19.26,23.27
138.91,27.15,18.02,11.10,18.39,61.26,43.11,19.29,23.30
138.92,27.20,18.02,11.09,18.36,60.94,43.20,19.29,23.30
138.93,27.20,17.97,11.09,18.36,61.10,43.11,19.26,23.30
138.94,27.20,17.99,11.09,18.36,61.10,43.11,19.29,23.30
138.95,27.20,17.99,11.10,18.39,60.94,43.11,19.26,23.30
138.96,27.20,17.99,11.10,18.36,61.10,43.11,19.26,23.30
138.97,27.20,17.99,11.10,18.36,61.10,43.11,19.29,23.30
138.98,27.15,17.99,11.09,18.36,61.10,43.11,19.26,23.27
138.99,27.15,17.99,11.09,18.39,61.10,43.11,19.26,23.30
139.00,27.15,17.99,11.09,18.36,61.10,43.20,19.26,23.30
139.01,27.20,17.99,11.10,18.36,61.10,43.11,19.26,23.30
139.02,27.15,17.99,11.10,18.36,60.94,43.11,19.26,23.30
139.03,27.20,17.99,11.09,18.36,61.10,43.20,19.29,23.30
139.04,27.20,17.99,11.09,18.36,61.10,43.11,19.26,23.30
139.05,27.24,17.99,11.09,18.36,61.10,43.11,19.26,23.30
139.06,27.20,17.99,11.09,18.36,61.10,43.20,19.26,23.30
139.07,27.20,17.99,11.09,18.36,61.10,43.11,19.26,23.30
139.08,27.20,17.99,11.09,18.36,61.10,43.20,19.26,23.30
139.09,27.20,17.99,11.09,18.36,61.10,43.11,19.26,23.30
139.10,27.20,17.99,11.10,18.36,61.10,43.11,19.26,23.30
139.11,27.20,17.99,11.10,18.36,61.10,43.20,19.29,23.30
139.12,27.20,17.97,11.10,18.36,60.94,43.11,19.26,23.30
139.13,27.20,17.99,11.09,18.36,61.10,43.11,19.26,23.30
139.14,27.20,17.99,11.09,18.36,60.94,43.11,19.26,23.30
139.15,27.24,17.99,11.09,18.39,61.10,43.11,19.29,23.30
139.16,27.24,18.02,11.10,18.39,61.10,43.11,19.26,23.30
139.17,27.24,17.99,11.10,18.39,61.10,43.11,19.29,23.30
139.18,27.20,17.99,11.10,18.36,61.10,43.11,19.26,23.30
139.19,27.20,17.99,11.09,18.36,61.10,43.11,19.26,23.30
139.20,27.20,17.99,11.10,18.36,61.10,43.20,19.26,23.30
139.21,27.20,17.99,11.10,18.39,61.10,43.20,19.29,23.27
139.22,27.20,17.99,11.09,18.39,61.10,43.11,19.26,23.30
139.23,27.20,17.99,11.10,18.36,61.10,43.11,19.26,23.27
139.24,27.15,17.97,11.09,18.36,61.10,43.11,19.26,23.30
139.25,27.20,17.99,11.10,18.39,61.10,43.11,19.29,23.30
139.26,27.20,17.99,11.10,18.36,61.10,43.20,19.26,23.30
139.27,27.20,17.99,11.10,18.36,61.10,43.11,19.29,23.30
139.28,27.24,17.99,11.09,18.39,61.10,43.20,19.26,23.30
139.29,27.15,17.99,11.09,18.36,61.10,43.11,19.26,23.30
139.30,27.24,17.99,11.10,18.39,61.10,43.11,19.26,23.30
139.31,27.24,17.99,11.10,18.39,61.10,43.20,19.29,23.30
139.32,27.24,17.97,11.10,18.39,61.10,43.11,19.26,23.30
139.33,27.20,17.99,11.10,18.36,61.10,43.11,19.26,23.30
139.34,27.15,17.99,11.09,18.36,61.10,43.11,19.26,23.27
139.35,27.20,17.99,11.10,18.39,61.10,43.11,19.29,23.30
139.36,27.20,17.99,11.09,18.36,61.10,43.11,19.26,23.30
139.37,27.20,18.02,11.09,18.36,61.10,43.11,19.26,23.27
139.38,27.20,17.99,11.09,18.39,61.10,43.11,19.26,23.30
139.39,27.20,17.99,11.10,18.39,61.10,43.11,19.26,23.30
139.40,27.24,17.99,11.10,18.36,61.10,43.11,19.26,23.27
139.41,27.24,18.02,11.10,18.36,61.10,43.11,19.26,23.30
139.42,27.24,18.02,11.10,18.36,61.10,43.11,19.26,23.27
139.43,27.20,17.99,11.09,18.36,61.10,43.11,19.26,23.30
139.44,27.15,17.99,11.10,18.36,61.10,43.11,19.26,23.30
139.45,27.24,17.99,11.10,18.36,61.10,43.11,19.26,23.30
139.46,27.24,18.02,11.10,18.39,61.10,43.20,19.29,23.27
139.47,27.20,18.02,11.10,18.39,61.10,43.02,19.26,23.27
139.48,27.24,17.99,11.10,18.39,61.10,43.11,19.26,23.27
139.49,27.20,17.99,11.10,18.39,61.10,43.11,19.26,23.27
139.50,27.20,17.99,11.10,18.36,61.10,43.11,19.29,23.30
139.51,27.24,17.99,11.10,18.39,61.10,43.11,19.29,23.27
139.52,27.20,17.99,11.10,18.36,61.10,43.11,19.29,23.27
139.53,27.20,17.99,11.10,18.39,61.10,43.11,19.26,23.27
139.54,27.24,17.99,11.10,18.36,61.10,43.11,19.26,23.27
139.55,27.24,17.99,11.10,18.39,61.10,43.20,19.29,23.30
139.56,27.20,18.02,11.10,18.36,61.10,43.11,19.29,23.30
139.57,27.20,17.99,11.10,18.36,61.10,43.11,19.29,23.30
139.58,27.20,17.99,11.09,18.39,61.10,43.20,19.26,23.30
139.59,27.24,17.99,11.09,18.36,61.26,43.11,19.26,23.27
139.60,27.20,17.99,11.10,18.36,61.10,43.11,19.29,23.30
139.61,27.20,18.02,11.10,18.39,61.10,43.20,19.29,23.30
139.62,27.24,17.99,11.10,18.39,61.10,43.11,19.26,23.27
139.63,27.15,17.99,11.09,18.39,61.10,43.11,19.26,23.27
139.64,27.20,17.99,11.10,18.36,61.10,43.11,19.29,23.30
139.65,27.24,18.02,11.10,18.39,61.10,43.20,19.29,23.30
139.66,27.24,18.02,11.10,18.36,61.10,43.20,19.29,23.30
139.67,27.24,17.99,11.10,18.36,61.10,43.20,19.26,23.30
139.68,27.24,17.99,11.10,18.36,61.10,43.11,19.29,23.27
139.69,27.20,17.99,11.09,18.39,61.10,43.11,19.26,23.30
139.70,27.20,17.99,11.10,18.39,61.10,43.11,19.26,23.27
139.71,27.24,18.02,11.10,18.36,61.10,43.11,19.29,23.27
139.72,27.24,18.02,11.10,18.36,61.10,43.11,19.29,23.27
139.73,27.20,17.99,11.10,18.39,61.10,43.11,19.29,23.30
139.74,27.20,17.99,11.10,18.36,61.10,43.11,19.29,23.27
139.75,27.15,17.99,11.10,18.39,61.10,43.11,19.29,23.27
139.76,27.20,18.02,11.10,18.39,61.10,43.20,19.29,23.30
139.77,27.20,17.99,11.10,18.39,61.10,43.20,19.29,23.27
139.78,27.24,18.02,11.10,18.39,61.10,43.11,19.29,23.27
139.79,27.15,17.99,11.10,18.39,60.94,43.11,19.26,23.30
139.80,27.20,18.02,11.10,18.39,61.10,43.20,19.29,23.30
139.81,27.24,17.99,11.10,18.36,60.94,43.11,19.26,23.30
139.82,27.24,18.02,11.10,18.39,61.10,43.11,19.29,23.27
139.83,27.24,17.97,11.10,18.36,61.10,43.11,19.26,23.30
139.84,27.20,17.99,11.10,18.33,61.10,43.11,19.26,23.27
139.85,27.20,17.99,11.10,18.36,61.10,43.11,19.29,23.30
139.86,27.20,18.02,11.10,18.36,61.10,43.11,19.29,23.30
139.87,27.24,17.99,11.10,18.39,61.10,43.20,19.26,23.30
139.88,27.20,17.99,11.10,18.36,61.10,43.11,19.26,23.27
139.89,27.20,17.99,11.10,18.36,61.10,43.02,19.26,23.30
139.90,27.24,17.99,11.10,18.39,61.10,43.20,19.29,23.30
139.91,27.20,17.99,11.10,18.39,61.10,43.11,19.29,23.27
139.92,27.20,18.02,11.10,18.39,61.10,43.29,19.26,23.30
139.93,27.20,17.99,11.10,18.36,61.10,43.11,19.26,23.27
139.94,27.24,17.99,11.10,18.36,61.10,43.11,19.26,23.27
139.95,27.20,17.97,11.10,18.36,61.10,43.20,19.29,23.30
139.96,27.24,17.99,11.12,18.39,61.10,43.11,19.29,23.27
139.97,27.24,18.02,11.10,18.36,61.10,43.20,19.29,23.30
139.98,27.24,17.99,11.10,18.36,61.10,43.11,19.29,23.27
139.99,27.20,17.99,11.10,18.36,61.10,43.11,19.26,23.27
140.00,27.24,17.99,11.10,18.39,61.10,43.20,19.29,23.30
140.01,27.20,17.99,11.10,18.39,61.10,43.20,19.26,23.30
140.02,27.24,17.99,11.10,18.36,61.10,43.11,19.29,23.27
140.03,27.24,17.99,11.10,18.39,61.10,43.11,19.26,23.27
140.04,27.20,17.99,11.10,18.39,61.10,43.11,19.26,23.27
140.05,27.20,17.99,11.10,18.39,61.10,43.11,19.29,23.27
140.06,27.15,17.99,11.10,18.39,61.10,43.11,19.29,23.27
140.07,27.29,17.99,11.10,18.36,61.10,43.11,19.29,23.30
140.08,27.20,17.99,11.10,18.39,61.10,43.20,19.26,23.27
140.09,27.20,17.99,11.10,18.39,61.10,43.11,19.26,23.27
140.10,27.24,18.02,11.10,18.39,61.10,43.11,19.29,23.27
140.11,27.24,17.99,11.10,18.39,61.10,43.11,19.29,23.27
140.12,27.20,17.99,11.10,18.36,61.10,43.11,19.29,23.30
140.13,27.24,17.99,11.10,18.36,61.10,43.11,19.26,23.27
140.14,27.24,18.02,11.10,18.36,61.10,43.11,19.26,23.27
140.15,27.20,17.99,11.10,18.39,61.10,43.11,19.29,23.30
140.16,27.20,17.99,11.10,18.36,61.26,43.20,19.29,23.27
140.17,27.20,17.99,11.10,18.39,61.10,43.20,19.26,23.30
140.18,27.20,17.99,11.10,18.39,60.94,43.11,19.26,23.27
140.19,27.29,17.99,11.09,18.39,61.10,43.11,19.29,23.27
140.20,27.24,18.02,11.10,18.36,61.10,43.11,19.26,23.30
140.21,27.24,18.02,11.10,18.39,61.10,43.20,19.29,23.27
140.22,27.24,17.99,11.10,18.36,61.10,43.20,19.29,23.27
140.23,27.20,17.99,11.10,18.36,61.10,43.11,19.29,23.27
140.24,27.24,17.99,11.10,18.39,61.10,43.11,19.29,23.27
140.25,27.20,18.02,11.10,18.39,61.10,43.11,19.29,23.27
140.26,27.20,18.02,11.10,18.39,61.10,43.20,19.29,23.27
140.27,27.20,18.02,11.10,18.36,61.10,43.11,19.29,23.27
140.28,27.24,18.02,11.10,18.36,61.10,43.11,19.29,23.27
140.29,27.20,17.99,11.10,18.39,61.10,43.11,19.26,23.27
140.30,27.20,17.99,11.10,18.39,61.10,43.20,19.29,23.27
140.31,27.29,18.02,11.12,18.36,61.10,43.20,19.26,23.27
140.32,27.24,18.02,11.10,18.39,61.10,43.20,19.29,23.27
140.33,27.20,17.99,11.10,18.39,61.10,43.20,19.26,23.27
140.34,27.20,17.99,11.10,18.39,61.10,43.11,19.29,23.30
140.35,27.20,18.02,11.10,18.39,61.10,43.20,19.29,23.27
140.36,27.20,18.02,11.10,18.39,61.10,43.20,19.29,23.27
140.37,27.24,18.02,11.10,18.36,61.10,43.11,19.26,23.27
140.38,27.24,17.99,11.10,18.39,61.10,43.11,19.29,23.27
140.39,27.20,17.99,11.10,18.39,61.10,43.11,19.29,23.27
140.40,27.24,18.02,11.10,18.39,61.10,43.11,19.29,23.27
140.41,27.20,18.02,11.12,18.39,61.10,43.20,19.29,23.27
140.42,27.20,17.99,11.10,18.36,61.10,43.11,19.29,23.27
140.43,27.24,17.99,11.10,18.36,61.10,43.20,19.26,23.27
140.44,27.20,17.99,11.10,18.39,61.10,43.11,19.29,23.27
140.45,27.24,17.99,11.10,18.39,61.10,43.20,19.29,23.27
140.46,27.20,18.02,11.10,18.39,61.10,43.20,19.29,23.27
140.47,27.20,18.02,11.10,18.39,61.10,43.20,19.29,23.27
140.48,27.20,17.99,11.10,18.39,61.10,43.11,19.29,23.27
140.49,27.24,17.99,11.10,18.36,61.10,43.11,19.29,23.27
140.50,27.20,17.99,11.10,18.39,61.10,43.11,19.29,23.27
140.51,27.20,18.02,11.10,18.39,61.10,43.11,19.29,23.27
140.52,27.20,17.99,11.10,18.39,61.10,43.20,19.29,23.27
140.53,27.20,17.99,11.10,18.39,61.10,43.20,19.29,23.27
140.54,27.20,17.99,11.10,18.39,61.10,43.20,19.29,23.27
140.55,27.24,17.99,11.10,18.39,61.10,43.11,19.29,23.27
140.56,27.20,18.02,11.12,18.39,61.10,43.20,19.29,23.27
140.57,27.24,17.99,11.12,18.39,61.10,43.20,19.29,23.27
140.58,27.20,17.99,11.10,18.36,61.10,43.20,19.29,23.27
140.59,27.20,17.99,11.10,18.36,61.26,43.11,19.29,23.27
140.60,27.24,18.02,11.10,18.39,61.10,43.20,19.29,23.27
140.61,27.24,18.02,11.12,18.39,61.10,43.20,19.29,23.27
140.62,27.20,18.02,11.10,18.39,61.10,43.20,19.26,23.27
140.63,27.20,17.99,11.10,18.36,61.10,43.11,19.29,23.27
140.64,27.20,17.99,11.10,18.36,61.10,43.20,19.26,23.27
140.65,27.20,18.02,11.10,18.39,61.10,43.11,19.29,23.27
140.66,27.20,18.02,11.10,18.36,61.10,43.11,19.29,23.27
140.67,27.20,17.99,11.10,18.39,61.10,43.20,19.29,23.27
140.68,27.24,18.02,11.10,18.39,61.10,43.11,19.29,23.27
140.69,27.24,17.99,11.10,18.39,61.10,43.11,19.29,23.27
140.70,27.24,18.02,11.12,18.39,61.10,43.20,19.29,23.27
140.71,27.24,18.02,11.12,18.39,61.26,43.20,19.29,23.27
140.72,27.29,18.02,11.10,18.39,61.10,43.20,19.29,23.27
140.73,27.20,17.99,11.10,18.39,61.10,43.11,19.29,23.27
140.74,27.20,17.99,11.10,18.36,61.10,43.20,19.26,23.27
140.75,27.24,18.02,11.12,18.39,61.10,43.11,19.29,23.27
140.76,27.29,18.02,11.12,18.39,61.10,43.20,19.29,23.30
140.77,27.24,18.02,11.10,18.39,61.10,43.11,19.29,23.27
140.78,27.24,17.99,11.10,18.39,61.10,43.20,19.26,23.27
140.79,27.20,17.99,11.10,18.39,61.10,43.20,19.29,23.27
140.80,27.20,18.02,11.12,18.39,61.26,43.20,19.29,23.27
140.81,27.24,18.02,11.10,18.39,61.26,43.20,19.29,23.27
140.82,27.29,18.02,11.12,18.39,61.10,43.11,19.29,23.27
140.83,27.20,17.99,11.10,18.39,61.10,43.11,19.29,23.27
140.84,27.20,17.99,11.10,18.39,61.10,43.11,19.26,23.27
140.85,27.20,18.02,11.10,18.39,61.10,43.11,19.29,23.27
140.86,27.24,18.02,11.12,18.39,61.10,43.20,19.29,23.27
140.87,27.24,18.02,11.12,18.39,61.10,43.20,19.29,23.27
140.88,27.24,18.02,11.10,18.39,61.26,43.20,19.29,23.27
140.89,27.20,17.99,11.10,18.36,61.10,43.20,19.29,23.27
140.90,27.20,18.02,11.12,18.39,61.10,43.20,19.29,23.27
140.91,27.24,18.02,11.10,18.39,61.10,43.20,19.29,23.27
140.92,27.24,18.02,11.10,18.39,61.10,43.20,19.29,23.27
140.93,27.20,17.99,11.10,18.39,61.10,43.11,19.29,23.23
140.94,27.20,17.99,11.10,18.39,61.10,43.20,19.29,23.27
140.95,27.24,18.02,11.10,18.39,61.10,43.11,19.29,23.27
140.96,27.24,18.02,11.12,18.39,61.10,43.20,19.29,23.27
140.97,27.24,17.99,11.10,18.39,61.10,43.20,19.29,23.27
140.98,27.29,17.99,11.10,18.36,61.10,43.11,19.26,23.27
140.99,27.24,17.99,11.10,18.36,61.10,43.11,19.29,23.27
141.00,27.29,18.02,11.10,18.39,61.10,43.20,19.29,23.27
141.01,27.24,18.02,11.12,18.39,61.10,43.11,19.29,23.27
141.02,27.29,17.99,11.10,18.39,61.10,43.20,19.29,23.27
141.03,27.20,17.99,11.10,18.39,61.10,43.11,19.29,23.27
141.04,27.20,17.99,11.10,18.39,61.10,43.11,19.29,23.27
141.05,27.29,18.02,11.10,18.39,61.10,43.11,19.29,23.27
141.06,27.24,17.99,11.12,18.39,61.10,43.11,19.29,23.27
141.07,27.20,18.04,11.10,18.39,61.10,43.20,19.29,23.27
141.08,27.20,17.99,11.10,18.36,61.10,43.11,19.29,23.27
141.09,27.20,18.02,11.10,18.39,61.10,43.02,19.29,23.27
141.10,27.24,17.99,11.12,18.39,61.10,43.02,19.29,23.27
141.11,27.24,18.04,11.10,18.39,61.10,43.20,19.29,23.27
141.12,27.24,18.02,11.10,18.39,61.10,43.20,19.29,23.27
141.13,27.20,18.02,11.10,18.39,61.10,43.20,19.29,23.27
141.14,27.24,18.02,11.12,18.39,61.10,43.20,19.29,23.27
141.15,27.29,18.02,11.12,18.39,61.26,43.29,19.29,23.30
141.16,27.24,18.04,11.12,18.39,61.10,43.11,19.29,23.27
141.17,27.20,18.02,11.12,18.39,61.10,43.29,19.29,23.27
141.18,27.20,18.02,11.12,18.39,61.10,43.02,19.29,23.27
141.19,27.24,18.02,11.10,18.39,61.10,43.20,19.29,23.30
141.20,27.29,18.02,11.12,18.39,61.26,43.20,19.29,23.23
141.21,27.24,18.02,11.12,18.39,61.26,43.20,19.29,23.27
141.22,27.29,18.02,11.12,18.39,61.26,43.20,19.29,23.27
141.23,27.20,17.99,11.10,18.39,61.10,43.11,19.29,23.27
141.24,27.20,18.02,11.12,18.39,61.10,43.20,19.29,23.27
141.25,27.20,18.02,11.12,18.39,61.10,43.20,19.29,23.27
141.26,27.20,18.02,11.12,18.39,61.10,43.20,19.29,23.27
141.27,27.24,18.02,11.12,18.39,61.26,43.20,19.29,23.27
141.28,27.20,18.02,11.10,18.39,61.10,43.20,19.29,23.27
141.29,27.20,18.02,11.10,18.39,61.10,43.20,19.29,23.27
141.30,27.24,18.02,11.12,18.39,61.10,43.20,19.29,23.27
141.31,27.20,18.02,11.12,18.39,61.26,43.20,19.29,23.27
141.32,27.24,18.02,11.12,18.39,61.26,43.20,19.29,23.27
141.33,27.15,18.02,11.10,18.39,61.10,43.20,19.29,23.27
141.34,27.24,18.02,11.12,18.39,61.10,43.20,19.29,23.27
141.35,27.24,18.02,11.10,18.39,61.10,43.20,19.29,23.27
141.36,27.24,18.02,11.12,18.39,61.26,43.20,19.29,23.27
141.37,27.29,18.02,11.12,18.39,61.26,43.11,19.29,23.27
141.38,27.20,18.02,11.10,18.39,61.10,43.20,19.29,23.27
141.39,27.20,18.02,11.10,18.39,61.26,43.20,19.29,23.27
141.40,27.29,18.02,11.12,18.39,61.10,43.20,19.29,23.27
141.41,27.29,18.04,11.12,18.39,61.26,43.20,19.31,23.27
141.42,27.24,18.02,11.10,18.39,61.10,43.20,19.29,23.27
141.43,27.20,17.99,11.12,18.39,61.10,43.20,19.26,23.27
141.44,27.24,18.02,11.10,18.39,61.26,43.20,19.29,23.27
141.45,27.24,18.02,11.12,18.39,61.10,43.20,19.26,23.27
141.46,27.29,18.04,11.12,18.39,61.26,43.20,19.31,23.27
141.47,27.24,18.02,11.12,18.39,61.10,43.20,19.29,23.27
141.48,27.29,18.02,11.10,18.39,61.10,43.20,19.29,23.27
141.49,27.20,18.02,11.10,18.39,61.10,43.11,19.29,23.27
141.50,27.29,18.02,11.12,18.39,61.26,43.20,19.29,23.27
141.51,27.24,18.04,11.12,18.39,61.10,43.20,19.29,23.27
141.52,27.24,18.02,11.12,18.39,61.26,43.20,19.29,23.27
141.53,27.20,18.02,11.10,18.36,61.10,43.20,19.29,23.27
141.54,27.20,18.02,11.10,18.39,61.26,43.20,19.29,23.27
141.55,27.24,18.02,11.12,18.39,61.26,43.20,19.29,23.27
141.56,27.24,18.02,11.12,18.39,61.10,43.20,19.31,23.27
141.57,27.29,18.02,11.12,18.39,61.10,43.20,19.29,23.27
141.58,27.29,18.02,11.12,18.39,61.26,43.20,19.29,23.27
141.59,27.29,17.99,11.10,18.39,61.26,43.20,19.29,23.27
141.60,27.29,18.02,11.10,18.39,61.26,43.11,19.29,23.27
141.61,27.29,18.04,11.12,18.39,61.10,43.20,19.29,23.27
141.62,27.29,18.02,11.12,18.39,61.10,43.20,19.29,23.27
141.63,27.24,17.99,11.10,18.39,61.10,43.20,19.29,23.27
141.64,27.24,18.02,11.10,18.39,61.10,43.20,19.29,23.27
141.65,27.24,18.02,11.10,18.39,61.10,43.11,19.29,23.27
141.66,27.29,18.02,11.12,18.39,61.26,43.20,19.29,23.27
141.67,27.29,18.02,11.10,18.36,61.26,43.20,19.29,23.27
141.68,27.20,17.99,11.12,18.39,61.10,43.11,19.29,23.27
141.69,27.24,18.02,11.12,18.39,61.10,43.11,19.29,23.27
141.70,27.24,18.02,11.10,18.39,61.26,43.20,19.29,23.27
141.71,27.29,18.02,11.12,18.39,61.26,43.11,19.29,23.27
141.72,27.20,18.02,11.10,18.39,61.26,43.20,19.29,23.27
141.73,27.24,18.02,11.10,18.36,61.10,43.11,19.29,23.27
141.74,27.24,17.99,11.12,18.39,61.10,43.20,19.29,23.27
141.75,27.20,18.02,11.12,18.39,61.10,43.20,19.29,23.27
141.76,27.29,18.02,11.12,18.39,61.26,43.11,19.29,23.27
141.77,27.24,18.02,11.12,18.39,61.10,43.20,19.29,23.27
141.78,27.29,18.02,11.10,18.39,61.10,43.11,19.29,23.27
141.79,27.24,18.02,11.10,18.39,61.10,43.20,19.29,23.27
141.80,27.29,18.02,11.12,18.39,61.26,43.20,19.29,23.27
141.81,27.24,18.02,11.12,18.39,61.26,43.20,19.29,23.27
141.82,27.24,17.99,11.12,18.39,61.10,43.20,19.29,23.27
141.83,27.24,18.02,11.10,18.39,61.10,43.20,19.29,23.27
141.84,27.20,17.99,11.10,18.39,61.10,43.20,19.29,23.23
141.85,27.24,18.02,11.12,18.39,61.26,43.20,19.29,23.27
141.86,27.29,18.04,11.12,18.39,61.26,43.11,19.29,23.27
141.87,27.24,18.02,11.10,18.39,61.10,43.11,19.29,23.27
141.88,27.20,18.02,11.10,18.39,61.10,43.11,19.29,23.27
141.89,27.24,18.02,11.10,18.39,61.10,43.20,19.29,23.27
141.90,27.29,18.02,11.12,18.39,61.26,43.20,19.29,23.27
141.91,27.24,18.02,11.12,18.39,61.26,43.11,19.29,23.27
141.92,27.29,18.02,11.12,18.39,61.26,43.20,19.29,23.23
141.93,27.24,18.02,11.12,18.39,61.10,43.11,19.29,23.27
141.94,27.24,18.02,11.10,18.39,61.26,43.20,19.26,23.27
141.95,27.29,18.02,11.10,18.39,61.10,43.20,19.29,23.27
141.96,27.29,18.04,11.12,18.39,61.10,43.20,19.29,23.27
141.97,27.24,18.02,11.10,18.39,61.10,43.20,19.29,23.27
141.98,27.29,18.02,11.10,18.39,61.10,43.11,19.29,23.27
141.99,27.24,18.02,11.10,18.39,61.10,43.20,19.29,23.27
142.00,27.24,18.02,11.10,18.39,61.26,43.20,19.29,23.27
142.01,27.29,18.02,11.12,18.36,61.10,43.29,19.29,23.27
142.02,27.29,18.02,11.10,18.39,61.10,43.20,19.29,23.27
142.03,27.24,18.02,11.12,18.39,61.10,43.11,19.26,23.23
142.04,27.20,17.99,11.10,18.39,61.10,43.11,19.29,23.27
142.05,27.24,18.02,11.10,18.39,61.10,43.20,19.29,23.27
142.06,27.24,18.02,11.10,18.39,61.26,43.20,19.29,23.27
142.07,27.29,18.02,11.10,18.39,61.10,43.20,19.29,23.27
142.08,27.29,18.02,11.10,18.39,61.26,43.20,19.29,23.27
142.09,27.24,17.99,11.10,18.39,61.10,43.20,19.29,23.27
142.10,27.20,17.99,11.12,18.39,61.26,43.20,19.29,23.27
142.11,27.24,18.02,11.10,18.39,61.10,43.11,19.29,23.27
142.12,27.24,18.02,11.12,18.39,61.26,43.20,19.29,23.27
142.13,27.24,18.02,11.10,18.39,61.10,43.20,19.29,23.27
142.14,27.29,17.99,11.10,18.39,61.10,43.11,19.29,23.27
142.15,27.24,18.02,11.12,18.39,61.10,43.20,19.29,23.27
142.16,27.24,18.02,11.12,18.36,61.10,43.20,19.29,23.27
142.17,27.20,18.02,11.10,18.39,61.10,43.20,19.29,23.27
142.18,27.24,17.99,11.10,18.39,61.10,43.20,19.29,23.27
142.19,27.20,18.02,11.10,18.39,61.26,43.20,19.29,23.23
142.20,27.24,18.02,11.12,18.39,61.10,43.20,19.29,23.27
142.21,27.24,18.02,11.12,18.39,61.26,43.20,19.31,23.27
142.22,27.24,18.02,11.10,18.39,61.10,43.20,19.29,23.27
142.23,27.24,17.99,11.10,18.39,61.10,43.11,19.29,23.23
142.24,27.24,17.99,11.10,18.39,61.10,43.20,19.29,23.23
142.25,27.20,18.02,11.10,18.39,61.26,43.11,19.29,23.23
142.26,27.24,18.02,11.12,18.39,61.26,43.20,19.29,23.27
142.27,27.20,18.02,11.10,18.39,61.10,43.11,19.29,23.23
142.28,27.20,18.02,11.10,18.39,61.10,43.20,19.29,23.23
142.29,27.29,17.99,11.10,18.39,61.10,43.11,19.29,23.23
142.30,27.24,18.02,11.10,18.39,61.10,43.20,19.29,23.27
142.31,27.24,18.02,11.12,18.39,61.26,43.20,19.29,23.23
142.32,27.20,18.02,11.10,18.39,61.10,43.20,19.29,23.27
142.33,27.20,17.99,11.10,18.39,61.10,43.20,19.29,23.23
142.34,27.24,18.02,11.10,18.41,61.26,43.20,19.29,23.27
142.35,27.24,18.02,11.12,18.39,61.10,43.20,19.29,23.27
142.36,27.29,18.02,11.10,18.39,61.26,43.20,19.29,23.27
142.37,27.20,18.02,11.12,18.39,61.26,43.20,19.29,23.27
142.38,27.24,18.02,11.10,18.39,61.10,43.20,19.26,23.23
142.39,27.24,18.02,11.10,18.39,61.10,43.20,19.29,23.27
142.40,27.24,18.02,11.12,18.39,61.26,43.20,19.29,23.23
142.41,27.24,18.02,11.12,18.39,61.26,43.20,19.29,23.27
142.42,27.20,18.02,11.12,18.36,61.26,43.20,19.29,23.27
142.43,27.24,18.02,11.12,18.39,61.10,43.02,19.29,23.23
142.44,27.24,17.99,11.12,18.39,61.10,43.29,19.29,23.27
142.45,27.29,18.04,11.12,18.39,61.10,43.20,19.29,23.27
142.46,27.29,18.02,11.12,18.39,61.10,43.20,19.29,23.27
142.47,27.29,18.02,11.10,18.39,61.26,43.20,19.29,23.23
142.48,27.29,18.02,11.10,18.39,61.10,43.20,19.29,23.27
142.49,27.29,18.02,11.10,18.39,61.10,43.20,19.29,23.23
142.50,27.24,18.02,11.10,18.39,61.26,43.20,19.29,23.27
142.51,27.24,18.02,11.12,18.39,61.26,43.20,19.29,23.27
142.52,27.24,18.02,11.12,18.39,61.26,43.20,19.29,23.23
142.53,27.24,18.02,11.10,18.39,61.10,43.11,19.29,23.27
142.54,27.20,17.99,11.10,18.39,61.10,43.20,19.29,23.27
142.55,27.24,18.02,11.12,18.39,61.10,43.20,19.29,23.27
142.56,27.20,18.02,11.12,18.39,61.26,43.20,19.29,23.23
142.57,27.24,18.02,11.12,18.39,61.26,43.20,19.29,23.23
142.58,27.20,17.99,11.10,18.39,61.10,43.11,19.29,23.23
142.59,27.24,18.02,11.12,18.39,61.10,43.11,19.29,23.23
142.60,27.24,18.02,11.10,18.39,61.10,43.20,19.29,23.23
142.61,27.24,18.04,11.12,18.39,61.26,43.20,19.29,23.27
142.62,27.29,17.99,11.12,18.39,61.26,43.20,19.29,23.27
142.63,27.24,17.99,11.10,18.39,61.10,43.11,19.29,23.27
142.64,27.20,17.99,11.12,18.39,61.10,43.11,19.29,23.23
142.65,27.20,18.02,11.12,18.41,61.10,43.20,19.29,23.23
142.66,27.24,18.02,11.12,18.39,61.26,43.20,19.29,23.27
142.67,27.20,18.02,11.10,18.39,61.10,43.20,19.29,23.23
142.68,27.20,17.99,11.12,18.39,61.10,43.20,19.29,23.27
142.69,27.20,17.99,11.10,18.39,61.10,43.20,19.29,23.23
142.70,27.24,18.02,11.10,18.39,61.26,43.11,19.29,23.27
142.71,27.29,18.02,11.10,18.39,61.10,43.20,19.29,23.27
142.72,27.24,18.02,11.10,18.39,61.10,43.20,19.26,23.27
142.73,27.24,17.99,11.12,18.39,61.26,43.11,19.29,23.23
142.74,27.20,18.02,11.10,18.39,61.26,43.11,19.29,23.23
142.75,27.29,18.02,11.10,18.39,61.10,43.20,19.29,23.23
142.76,27.29,18.02,11.12,18.39,61.26,43.20,19.29,23.23
142.77,27.24,18.02,11.12,18.39,61.10,43.20,19.29,23.23
142.78,27.20,18.02,11.10,18.39,61.10,43.20,19.29,23.23
142.79,27.20,18.02,11.10,18.39,61.10,43.20,19.26,23.27
142.80,27.24,18.02,11.12,18.39,61.26,43.11,19.29,23.23
142.81,27.24,18.02,11.12,18.39,61.10,43.20,19.29,23.23
142.82,27.20,18.02,11.10,18.39,61.10,43.20,19.29,23.27
142.83,27.24,17.99,11.10,18.39,61.10,43.20,19.29,23.23
142.84,27.20,18.02,11.10,18.39,61.26,43.11,19.29,23.23
142.85,27.24,18.02,11.12,18.39,61.26,43.20,19.29,23.23
142.86,27.29,18.02,11.10,18.39,61.10,43.20,19.29,23.23
142.87,27.24,18.02,11.10,18.39,61.10,43.20,19.29,23.27
142.88,27.20,17.99,11.10,18.41,61.10,43.11,19.29,23.23
142.89,27.20,17.99,11.10,18.39,61.10,43.11,19.29,23.23
142.90,27.24,18.02,11.12,18.39,61.10,43.20,19.29,23.23
142.91,27.29,18.02,11.12,18.41,61.10,43.20,19.29,23.20
142.92,27.24,18.02,11.10,18.39,61.26,43.20,19.29,23.23
142.93,27.20,17.99,11.10,18.39,61.10,43.20,19.29,23.23
142.94,27.20,17.99,11.10,18.39,61.10,43.11,19.31,23.23
142.95,27.24,18.02,11.10,18.39,61.10,43.20,19.29,23.23
142.96,27.29,18.02,11.12,18.39,61.10,43.11,19.29,23.23
142.97,27.20,18.02,11.10,18.39,61.10,43.20,19.29,23.23
142.98,27.24,17.99,11.10,18.39,61.10,43.20,19.29,23.23
142.99,27.24,17.99,11.10,18.39,61.10,43.11,19.29,23.23
143.00,27.24,17.99,11.12,18.39,61.26,43.11,19.29,23.23
143.01,27.24,18.02,11.12,18.39,61.10,43.20,19.29,23.23
143.02,27.29,18.02,11.10,18.39,61.10,43.20,19.29,23.27
143.03,27.24,17.99,11.10,18.39,61.10,43.20,19.29,23.23
143.04,27.24,18.02,11.10,18.39,61.10,43.11,19.26,23.27
143.05,27.29,18.02,11.12,18.39,61.26,43.11,19.29,23.23
143.06,27.24,18.02,11.12,18.39,61.26,43.20,19.29,23.23
143.07,27.24,18.02,11.12,18.39,61.10,43.20,19.26,23.23
143.08,27.24,17.99,11.10,18.36,61.10,43.11,19.29,23.23
143.09,27.20,17.99,11.10,18.39,61.26,43.20,19.29,23.23
143.10,27.24,18.02,11.12,18.39,61.26,43.20,19.29,23.23
143.11,27.20,18.02,11.12,18.39,61.26,43.20,19.29,23.23
143.12,27.20,18.02,11.10,18.39,61.26,43.11,19.29,23.23
143.13,27.24,17.99,11.10,18.39,61.10,43.20,19.29,23.23
143.14,27.20,17.99,11.12,18.39,61.10,43.20,19.29,23.23
143.15,27.24,18.02,11.12,18.39,61.26,43.20,19.29,23.23
143.16,27.24,18.04,11.12,18.39,61.26,43.20,19.29,23.23
143.17,27.24,18.02,11.12,18.39,61.10,43.20,19.29,23.23
143.18,27.20,17.99,11.12,18.39,61.10,43.11,19.29,23.27
143.19,27.20,18.02,11.10,18.39,61.26,43.20,19.29,23.23
143.20,27.24,18.02,11.12,18.39,61.26,43.20,19.29,23.23
143.21,27.29,18.02,11.12,18.39,61.10,43.20,19.29,23.23
143.22,27.29,17.99,11.10,18.39,61.10,43.20,19.29,23.23
143.23,27.24,17.99,11.10,18.39,61.10,43.20,19.29,23.23
143.24,27.29,17.99,11.10,18.39,61.10,43.20,19.29,23.23
143.25,27.24,18.02,11.10,18.39,61.10,43.11,19.29,23.23
143.26,27.29,18.02,11.12,18.39,61.26,43.20,19.29,23.27
143.27,27.24,18.02,11.10,18.39,61.10,43.11,19.29,23.23
143.28,27.20,17.99,11.12,18.39,61.10,43.11,19.29,23.23
143.29,27.20,17.99,11.10,18.39,61.26,43.11,19.29,23.23
143.30,27.20,18.02,11.12,18.39,61.26,43.11,19.29,23.23
143.31,27.29,18.02,11.12,18.39,61.26,43.20,19.29,23.23
143.32,27.24,18.02,11.12,18.39,61.10,43.20,19.29,23.23
143.33,27.24,18.02,11.10,18.39,61.10,43.11,19.29,23.23
143.34,27.20,17.99,11.10,18.39,61.26,43.20,19.29,23.23
143.35,27.29,18.04,11.12,18.39,61.26,43.20,19.29,23.23
143.36,27.24,18.02,11.10,18.39,61.10,43.20,19.29,23.23
143.37,27.20,18.02,11.12,18.39,61.10,43.20,19.29,23.23
143.38,27.24,17.99,11.12,18.39,61.10,43.11,19.29,23.23
143.39,27.24,18.02,11.10,18.39,61.10,43.20,19.29,23.23
143.40,27.29,18.02,11.12,18.39,61.26,43.11,19.29,23.23
143.41,27.24,18.04,11.12,18.39,61.26,43.20,19.29,23.23
143.42,27.24,18.02,11.10,18.39,61.10,43.20,19.29,23.27
143.43,27.20,17.99,11.10,18.39,61.10,43.11,19.29,23.23
143.44,27.24,17.99,11.12,18.39,61.10,43.20,19.29,23.27
143.45,27.24,18.02,11.12,18.39,61.26,43.20,19.31,23.23
143.46,27.24,18.02,11.12,18.39,61.26,43.11,19.29,23.23
143.47,27.24,18.02,11.12,18.39,61.26,43.20,19.29,23.23
143.48,27.24,17.99,11.10,18.39,61.10,43.20,19.29,23.23
143.49,27.20,18.02,11.12,18.39,61.10,43.11,19.29,23.23
143.50,27.24,18.02,11.12,18.39,61.10,43.20,19.29,23.23
143.51,27.29,18.02,11.12,18.39,61.26,43.20,19.29,23.23
143.52,27.24,18.02,11.10,18.39,61.10,43.11,19.29,23.23
143.53,27.20,18.02,11.10,18.39,61.10,43.20,19.29,23.23
143.54,27.24,18.02,11.12,18.39,61.10,43.20,19.29,23.23
143.55,27.24,18.02,11.12,18.39,61.26,43.20,19.29,23.23
143.56,27.24,18.02,11.12,18.39,61.10,43.20,19.29,23.23
143.57,27.24,18.04,11.12,18.39,61.10,43.20,19.29,23.23
143.58,27.24,18.02,11.12,18.39,61.10,43.20,19.29,23.23
143.59,27.20,18.04,11.10,18.39,61.10,43.20,19.29,23.23
143.60,27.24,17.99,11.12,18.39,61.26,43.20,19.29,23.23
143.61,27.29,18.04,11.12,18.39,61.10,43.11,19.29,23.23
143.62,27.24,18.02,11.12,18.39,61.26,43.11,19.29,23.23
143.63,27.20,17.99,11.12,18.39,61.26,43.11,19.29,23.23
143.64,27.24,18.02,11.12,18.39,61.26,43.20,19.29,23.23
143.65,27.24,18.02,11.12,18.39,61.10,43.20,19.29,23.23
143.66,27.24,18.02,11.12,18.39,61.26,43.20,19.29,23.23
143.67,27.29,17.99,11.12,18.39,61.10,43.20,19.29,23.23
143.68,27.24,18.02,11.10,18.39,61.10,43.11,19.29,23.23
143.69,27.24,17.99,11.12,18.39,61.26,43.29,19.29,23.27
143.70,27.29,18.02,11.12,18.39,61.26,43.11,19.31,23.23
143.71,27.24,18.02,11.12,18.39,61.26,43.20,19.29,23.27
143.72,27.20,18.02,11.12,18.39,61.10,43.20,19.29,23.27
143.73,27.24,17.99,11.12,18.39,61.10,43.20,19.29,23.23
143.74,27.24,17.99,11.12,18.39,61.10,43.20,19.29,23.23
143.75,27.24,17.99,11.12,18.39,61.26,43.20,19.29,23.23
143.76,27.24,18.02,11.12,18.39,61.10,43.20,19.29,23.23
143.77,27.24,18.02,11.12,18.39,61.26,43.20,19.29,23.23
143.78,27.20,18.02,11.10,18.39,61.10,43.11,19.29,23.23
143.79,27.20,18.02,11.12,18.39,61.10,43.20,19.29,23.23
143.80,27.29,18.02,11.12,18.39,61.26,43.20,19.31,23.23
143.81,27.24,18.02,11.12,18.39,61.26,43.11,19.29,23.23
143.82,27.29,18.02,11.12,18.39,61.10,43.20,19.29,23.23
143.83,27.24,18.02,11.12,18.39,61.10,43.11,19.29,23.23
143.84,27.29,18.02,11.12,18.39,61.10,43.20,19.29,23.23
143.85,27.29,18.02,11.10,18.39,61.26,43.11,19.29,23.23
143.86,27.24,18.02,11.12,18.39,61.26,43.11,19.29,23.23
143.87,27.29,18.02,11.10,18.39,61.26,43.20,19.29,23.23
143.88,27.24,17.99,11.12,18.39,61.26,43.20,19.29,23.23
143.89,27.20,17.99,11.12,18.39,61.26,43.20,19.29,23.23
143.90,27.24,17.99,11.12,18.39,61.26,43.20,19.29,23.23
143.91,27.24,18.04,11.12,18.39,61.26,43.20,19.29,23.23
143.92,27.24,18.02,11.12,18.39,61.10,43.20,19.29,23.23
143.93,27.24,18.02,11.12,18.39,61.26,43.20,19.29,23.23
143.94,27.24,18.02,11.12,18.39,61.26,43.11,19.29,23.23
143.95,27.24,18.02,11.12,18.39,61.10,43.20,19.29,23.23
143.96,27.29,18.02,11.12,18.39,61.26,43.20,19.34,23.23
143.97,27.24,18.02,11.12,18.39,61.26,43.20,19.29,23.23
143.98,27.24,18.02,11.12,18.39,61.10,43.29,19.29,23.23
143.99,27.24,18.02,11.10,18.39,61.10,43.20,19.29,23.23
144.00,27.24,18.02,11.12,18.39,61.26,43.20,19.29,23.23
144.01,27.29,18.02,11.12,18.39,61.26,43.11,19.29,23.23
144.02,27.24,18.02,11.12,18.39,61.10,43.20,19.29,23.23
144.03,27.20,18.02,11.12,18.39,61.10,43.20,19.29,23.23
144.04,27.24,18.02,11.12,18.39,61.26,43.20,19.29,23.23
144.05,27.29,18.02,11.12,18.39,61.10,43.20,19.31,23.23
144.06,27.24,18.04,11.12,18.39,61.26,43.20,19.29,23.23
144.07,27.29,18.02,11.12,18.39,61.10,43.20,19.29,23.23
144.08,27.24,18.02,11.12,18.39,61.10,43.20,19.29,23.23
144.09,27.29,18.02,11.10,18.39,61.26,43.11,19.29,23.23
144.10,27.24,18.02,11.12,18.39,61.10,43.20,19.29,23.23
144.11,27.24,18.04,11.12,18.41,61.10,43.20,19.29,23.23
144.12,27.29,18.02,11.12,18.39,61.10,43.29,19.29,23.23
144.13,27.29,18.02,11.10,18.39,61.10,43.11,19.29,23.23
144.14,27.29,18.02,11.10,18.39,61.26,43.20,19.29,23.23
144.15,27.29,18.02,11.12,18.39,61.26,43.20,19.29,23.23
144.16,27.29,18.04,11.12,18.39,61.10,43.20,19.29,23.23
144.17,27.29,18.02,11.12,18.39,61.26,43.20,19.29,23.23
144.18,27.29,18.02,11.12,18.39,61.26,43.11,19.29,23.23
144.19,27.24,18.02,11.12,18.39,61.26,43.20,19.29,23.23
144.20,27.29,18.02,11.13,18.41,61.26,43.11,19.29,23.23
144.21,27.29,18.04,11.12,18.39,61.26,43.20,19.31,23.23
144.22,27.24,18.02,11.12,18.39,61.10,43.20,19.29,23.23
144.23,27.24,17.99,11.12,18.39,61.26,43.20,19.29,23.23
144.24,27.24,18.02,11.12,18.39,61.26,43.20,19.29,23.23
144.25,27.33,18.02,11.12,18.39,61.10,43.20,19.29,23.27
144.26,27.24,18.02,11.12,18.39,61.10,43.20,19.29,23.23
144.27,27.24,18.02,11.12,18.39,61.26,43.20,19.29,23.23
144.28,27.24,18.02,11.12,18.39,61.26,43.11,19.29,23.23
144.29,27.24,18.02,11.12,18.39,61.10,43.20,19.29,23.23
144.30,27.24,18.02,11.12,18.39,61.26,43.20,19.29,23.23
144.31,27.29,18.02,11.12,18.39,61.10,43.20,19.31,23.23
144.32,27.24,17.99,11.12,18.39,61.26,43.11,19.29,23.23
144.33,27.24,18.02,11.12,18.39,61.10,43.11,19.29,23.23
144.34,27.24,18.02,11.12,18.39,61.10,43.20,19.29,23.23
144.35,27.29,18.02,11.12,18.39,61.26,43.20,19.29,23.23
144.36,27.24,18.02,11.12,18.39,61.26,43.20,19.29,23.23
144.37,27.29,18.02,11.10,18.39,61.10,43.11,19.29,23.23
144.38,27.24,17.99,11.12,18.39,61.26,43.20,19.29,23.23
144.39,27.20,18.02,11.12,18.39,61.26,43.20,19.29,23.23
144.40,27.29,18.02,11.12,18.39,61.26,43.11,19.29,23.23
144.41,27.29,18.02,11.12,18.39,61.10,43.11,19.29,23.23
144.42,27.24,18.02,11.12,18.39,61.26,43.11,19.29,23.23
144.43,27.20,18.02,11.12,18.39,61.10,43.20,19.29,23.23
144.44,27.24,17.99,11.12,18.39,61.10,43.20,19.29,23.23
144.45,27.29,18.02,11.12,18.39,61.26,43.20,19.29,23.23
144.46,27.29,18.02,11.12,18.39,61.26,43.20,19.29,23.23
144.47,27.29,18.02,11.12,18.39,61.26,43.20,19.29,23.23
144.48,27.20,17.99,11.12,18.39,61.10,43.11,19.29,23.23
144.49,27.24,18.02,11.10,18.39,61.10,43.20,19.29,23.23
144.50,27.29,18.02,11.12,18.39,61.10,43.20,19.29,23.23
144.51,27.24,18.02,11.12,18.39,61.26,43.20,19.29,23.23
144.52,27.24,18.02,11.12,18.39,61.26,43.11,19.31,23.23
144.53,27.29,17.99,11.10,18.39,61.26,43.20,19.29,23.23
144.54,27.20,18.02,11.10,18.39,61.10,43.20,19.29,23.23
144.55,27.29,18.02,11.12,18.39,61.26,43.20,19.29,23.23
144.56,27.29,18.02,11.12,18.39,61.26,43.20,19.29,23.23
144.57,27.24,18.02,11.10,18.39,61.10,43.11,19.29,23.23
144.58,27.24,18.02,11.10,18.39,61.10,43.20,19.29,23.23
144.59,27.29,18.02,11.10,18.39,61.10,43.20,19.29,23.23
144.60,27.24,18.02,11.12,18.39,61.26,43.20,19.29,23.23
144.61,27.29,18.02,11.12,18.39,61.26,43.20,19.29,23.23
144.62,27.29,18.02,11.12,18.39,61.26,43.20,19.29,23.23
144.63,27.20,17.99,11.12,18.39,61.10,43.20,19.29,23.23
144.64,27.29,18.02,11.12,18.39,61.10,43.20,19.29,23.23
144.65,27.24,18.02,11.12,18.39,61.26,43.20,19.29,23.23
144.66,27.29,18.02,11.12,18.39,61.26,43.20,19.29,23.23
144.67,27.24,17.99,11.12,18.39,61.10,43.20,19.29,23.23
144.68,27.24,18.02,11.12,18.41,61.10,43.20,19.29,23.23
144.69,27.24,17.99,11.12,18.39,61.26,43.20,19.31,23.23
144.70,27.24,18.04,11.12,18.39,61.10,43.20,19.29,23.23
144.71,27.29,18.02,11.12,18.39,61.10,43.20,19.29,23.23
144.72,27.24,18.02,11.10,18.39,61.10,43.11,19.29,23.23
144.73,27.20,18.02,11.10,18.39,61.10,43.11,19.29,23.20
144.74,27.24,17.99,11.10,18.39,61.26,43.11,19.29,23.23
144.75,27.24,18.02,11.12,18.39,61.10,43.20,19.29,23.23
144.76,27.24,18.02,11.12,18.39,61.26,43.11,19.29,23.23
144.77,27.20,17.99,11.12,18.39,61.26,43.11,19.26,23.23
144.78,27.24,18.02,11.10,18.39,61.10,43.11,19.29,23.23
144.79,27.24,17.99,11.12,18.39,61.26,43.20,19.29,23.23
144.80,27.24,18.02,11.12,18.39,61.26,43.20,19.29,23.23
144.81,27.24,18.02,11.12,18.39,61.10,43.20,19.29,23.23
144.82,27.24,17.99,11.12,18.39,61.10,43.20,19.29,23.23
144.83,27.20,18.02,11.10,18.36,61.10,43.11,19.29,23.23
144.84,27.24,18.02,11.10,18.39,61.10,43.20,19.29,23.23
144.85,27.24,18.02,11.10,18.36,61.26,43.20,19.29,23.23
144.86,27.24,18.04,11.12,18.41,61.26,43.11,19.29,23.20
144.87,27.24,17.99,11.10,18.39,61.10,43.11,19.29,23.23
144.88,27.20,18.02,11.10,18.39,61.10,43.11,19.29,23.23
144.89,27.20,17.99,11.10,18.39,61.10,43.11,19.29,23.23
144.90,27.24,18.02,11.12,18.39,61.10,43.20,19.29,23.23
144.91,27.24,18.02,11.12,18.39,61.26,43.20,19.29,23.23
144.92,27.20,18.02,11.12,18.39,61.10,43.11,19.29,23.23
144.93,27.29,17.99,11.10,18.39,61.10,43.20,19.29,23.23
144.94,27.29,18.02,11.12,18.39,61.26,43.20,19.29,23.23
144.95,27.24,18.02,11.12,18.41,61.26,43.11,19.29,23.20
144.96,27.24,18.02,11.12,18.39,61.10,43.20,19.29,23.23
144.97,27.24,18.02,11.12,18.39,61.10,43.20,19.29,23.23
144.98,27.24,17.99,11.12,18.39,61.10,43.20,19.29,23.23
144.99,27.20,17.99,11.12,18.39,61.10,43.11,19.29,23.23
145.00,27.24,18.02,11.12,18.39,61.26,43.20,19.29,23.23
145.01,27.24,17.99,11.12,18.39,61.26,43.20,19.29,23.23
145.02,27.29,17.99,11.12,18.39,61.26,43.20,19.29,23.23
145.03,27.20,17.99,11.10,18.39,61.10,43.11,19.29,23.23
145.04,27.20,17.99,11.12,18.39,61.10,43.20,19.29,23.23
145.05,27.24,18.02,11.12,18.39,61.10,43.20,19.29,23.23
145.06,27.24,18.02,11.12,18.36,61.26,43.11,19.29,23.23
145.07,27.29,17.99,11.10,18.39,61.10,43.11,19.29,23.20
145.08,27.20,17.99,11.10,18.39,61.10,43.11,19.29,23.23
145.09,27.24,17.99,11.12,18.41,61.26,43.11,19.29,23.23
145.10,27.24,18.02,11.10,18.39,61.10,43.11,19.29,23.23
145.11,27.24,18.02,11.12,18.39,61.10,43.20,19.29,23.23
145.12,27.24,18.02,11.10,18.39,61.10,43.20,19.29,23.23
145.13,27.20,17.99,11.10,18.39,61.26,43.11,19.26,23.23
145.14,27.29,17.99,11.10,18.39,61.10,43.20,19.29,23.20
145.15,27.24,18.02,11.10,18.39,61.10,43.20,19.29,23.23
145.16,27.24,18.02,11.12,18.39,61.26,43.20,19.29,23.23
145.17,27.24,17.99,11.12,18.39,61.10,43.20,19.29,23.23
145.18,27.24,17.99,11.10,18.39,61.26,43.11,19.29,23.23
145.19,27.20,17.99,11.12,18.39,61.10,43.11,19.31,23.23
145.20,27.29,17.99,11.12,18.41,61.10,43.11,19.26,23.23
145.21,27.29,18.02,11.12,18.41,61.26,43.11,19.29,23.23
145.22,27.24,17.99,11.12,18.39,61.26,43.20,19.29,23.23
145.23,27.20,17.99,11.10,18.39,61.10,43.11,19.31,23.20
145.24,27.24,17.99,11.10,18.39,61.26,43.11,19.29,23.23
145.25,27.29,18.02,11.12,18.39,61.26,43.20,19.29,23.23
145.26,27.24,18.02,11.12,18.39,61.26,43.20,19.29,23.23
145.27,27.20,17.99,11.10,18.39,61.10,43.11,19.29,23.23
145.28,27.20,17.99,11.10,18.39,61.10,43.11,19.29,23.23
145.29,27.24,17.99,11.10,18.41,61.10,43.11,19.29,23.23
145.30,27.24,18.02,11.10,18.39,61.26,43.11,19.29,23.23
145.31,27.29,18.02,11.12,18.39,61.26,43.20,19.29,23.23
145.32,27.29,17.99,11.10,18.39,61.10,43.20,19.29,23.23
145.33,27.24,17.99,11.12,18.41,61.10,43.11,19.29,23.23
145.34,27.20,17.99,11.10,18.39,61.10,43.20,19.26,23.23
145.35,27.24,17.99,11.10,18.39,61.26,43.11,19.29,23.23
145.36,27.24,17.99,11.12,18.39,61.10,43.11,19.29,23.20
145.37,27.20,17.99,11.10,18.39,61.10,43.11,19.26,23.23
145.38,27.24,17.99,11.10,18.39,61.10,43.11,19.29,23.23
145.39,27.20,17.99,11.12,18.39,61.10,43.11,19.26,23.23
145.40,27.20,17.99,11.12,18.39,61.10,43.20,19.29,23.23
145.41,27.20,17.99,11.10,18.39,61.26,43.11,19.29,23.23
145.42,27.24,17.99,11.10,18.39,61.10,43.11,19.29,23.23
145.43,27.24,17.99,11.10,18.39,61.10,43.11,19.29,23.23
145.44,27.20,18.02,11.10,18.39,61.26,43.11,19.29,23.23
145.45,27.24,18.02,11.12,18.39,61.26,43.11,19.29,23.23
145.46,27.24,17.99,11.12,18.39,61.26,43.20,19.29,23.23
145.47,27.24,17.99,11.10,18.41,61.26,43.11,19.29,23.23
145.48,27.24,17.99,11.12,18.39,61.10,43.11,19.29,23.23
145.49,27.20,17.99,11.10,18.39,61.10,43.11,19.29,23.23
145.50,27.29,18.02,11.12,18.39,61.10,43.11,19.29,23.23
145.51,27.24,18.02,11.12,18.36,61.26,43.20,19.29,23.23
145.52,27.24,17.99,11.10,18.39,61.26,43.11,19.29,23.20
145.53,27.24,17.99,11.10,18.39,61.10,43.11,19.29,23.23
145.54,27.20,17.99,11.10,18.39,61.10,43.11,19.29,23.23
145.55,27.29,17.99,11.10,18.39,61.10,43.11,19.29,23.23
145.56,27.24,18.02,11.12,18.39,61.26,43.11,19.29,23.23
145.57,27.20,17.99,11.10,18.39,61.10,43.11,19.29,23.23
145.58,27.24,17.99,11.10,18.39,61.10,43.11,19.29,23.20
145.59,27.20,17.99,11.10,18.41,61.26,43.11,19.29,23.23
145.60,27.24,18.02,11.12,18.39,61.10,43.20,19.29,23.23
145.61,27.24,17.99,11.12,18.39,61.26,43.11,19.29,23.23
145.62,27.29,17.99,11.10,18.39,61.10,43.11,19.29,23.23
145.63,27.24,17.99,11.12,18.39,61.10,43.11,19.29,23.20
145.64,27.24,17.99,11.10,18.41,61.10,43.11,19.29,23.20
145.65,27.20,17.99,11.12,18.39,61.10,43.11,19.29,23.23
145.66,27.24,17.99,11.12,18.39,61.10,43.11,19.29,23.20
145.67,27.20,17.99,11.12,18.39,61.10,43.11,19.29,23.23
145.68,27.24,17.99,11.12,18.39,61.10,43.02,19.29,23.23
145.69,27.20,17.99,11.10,18.39,61.10,43.11,19.29,23.23
145.70,27.29,17.99,11.12,18.41,61.26,43.11,19.29,23.20
145.71,27.29,17.99,11.12,18.39,61.26,43.11,19.29,23.23
145.72,27.24,17.99,11.10,18.39,61.10,43.11,19.29,23.23
145.73,27.29,17.99,11.10,18.39,61.10,43.20,19.29,23.23
145.74,27.29,17.99,11.10,18.39,61.10,43.11,19.29,23.23
145.75,27.24,17.99,11.12,18.39,61.10,43.11,19.29,23.23
145.76,27.20,18.02,11.12,18.39,61.10,43.11,19.29,23.20
145.77,27.20,17.99,11.10,18.39,61.10,43.11,19.29,23.23
145.78,27.20,17.97,11.10,18.41,61.10,43.11,19.26,23.23
145.79,27.24,17.99,11.10,18.39,61.10,43.11,19.29,23.23
145.80,27.24,17.99,11.12,18.39,61.26,43.11,19.29,23.23
145.81,27.24,17.99,11.12,18.39,61.10,43.11,19.29,23.23
145.82,27.24,17.97,11.10,18.39,61.10,43.02,19.29,23.23
145.83,27.20,17.97,11.10,18.39,61.10,43.11,19.29,23.23
145.84,27.24,17.99,11.10,18.39,61.10,43.20,19.29,23.23
145.85,27.24,17.99,11.12,18.39,61.10,43.11,19.29,23.23
145.86,27.24,17.99,11.12,18.39,61.10,43.11,19.29,23.20
145.87,27.20,17.99,11.10,18.39,61.10,43.11,19.29,23.20
145.88,27.24,17.99,11.10,18.39,61.10,43.11,19.26,23.20
145.89,27.24,17.99,11.12,18.39,61.10,43.11,19.29,23.23
145.90,27.24,17.99,11.12,18.39,61.10,43.11,19.29,23.23
145.91,27.24,17.99,11.12,18.41,61.10,43.11,19.29,23.20
145.92,27.20,17.99,11.10,18.39,61.10,43.11,19.29,23.20
145.93,27.24,17.99,11.10,18.39,61.10,43.11,19.29,23.23
145.94,27.24,17.99,11.10,18.39,61.10,43.11,19.29,23.23
145.95,27.24,17.99,11.12,18.39,61.26,43.11,19.29,23.20
145.96,27.24,17.99,11.12,18.39,61.10,43.11,19.29,23.20
145.97,27.24,17.99,11.12,18.41,61.10,43.11,19.29,23.20
145.98,27.20,17.99,11.10,18.39,61.10,43.11,19.29,23.23
145.99,27.24,17.99,11.10,18.39,61.10,43.11,19.29,23.23
146.00,27.24,17.99,11.12,18.41,61.26,43.11,19.29,23.23
146.01,27.20,17.99,11.12,18.39,61.10,43.11,19.29,23.23
146.02,27.20,17.97,11.12,18.39,61.10,43.11,19.29,23.20
146.03,27.20,17.99,11.10,18.39,61.10,43.11,19.29,23.20
146.04,27.20,17.97,11.12,18.39,61.10,43.11,19.29,23.20
146.05,27.20,17.99,11.12,18.41,61.26,43.02,19.29,23.23
146.06,27.24,17.99,11.12,18.39,61.10,43.11,19.29,23.20
146.07,27.20,17.99,11.12,18.41,61.10,43.11,19.29,23.20
146.08,27.24,17.97,11.10,18.41,61.10,43.11,19.29,23.23
146.09,27.20,17.99,11.10,18.39,61.10,43.11,19.29,23.20
146.10,27.29,17.97,11.10,18.39,61.10,43.11,19.29,23.23
146.11,27.20,18.02,11.12,18.41,61.10,43.11,19.29,23.23
146.12,27.24,17.97,11.12,18.39,61.10,43.11,19.29,23.20
146.13,27.20,17.99,11.10,18.39,61.10,43.11,19.29,23.23
146.14,27.24,17.99,11.12,18.39,61.10,43.11,19.29,23.20
146.15,27.24,17.99,11.10,18.39,61.26,43.02,19.29,23.20
146.16,27.24,17.99,11.12,18.41,61.26,43.11,19.29,23.23
146.17,27.24,17.99,11.10,18.39,61.10,43.11,19.29,23.23
146.18,27.24,17.97,11.10,18.39,61.10,43.11,19.29,23.20
146.19,27.29,17.99,11.10,18.39,61.10,43.11,19.29,23.23
146.20,27.24,17.99,11.12,18.41,61.26,43.02,19.29,23.20
146.21,27.29,17.99,11.12,18.39,61.26,43.29,19.29,23.23
146.22,27.24,17.97,11.10,18.39,61.26,43.02,19.29,23.20
146.23,27.20,17.99,11.10,18.39,61.10,43.02,19.29,23.23
146.24,27.24,17.99,11.10,18.41,61.10,43.11,19.29,23.20
146.25,27.24,17.97,11.12,18.39,61.10,43.11,19.29,23.23
146.26,27.29,17.99,11.12,18.39,61.10,43.11,19.29,23.20
146.27,27.24,17.99,11.10,18.39,61.10,43.11,19.29,23.20
146.28,27.24,17.99,11.10,18.39,61.10,43.11,19.29,23.20
146.29,27.20,17.99,11.10,18.41,61.10,43.11,19.29,23.20
146.30,27.24,17.99,11.12,18.39,61.10,43.20,19.29,23.20
146.31,27.24,17.99,11.12,18.39,61.10,43.11,19.29,23.20
146.32,27.29,17.99,11.10,18.39,61.10,43.11,19.29,23.20
146.33,27.24,17.97,11.10,18.41,61.10,43.11,19.26,23.23
146.34,27.15,17.99,11.10,18.39,61.10,43.11,19.29,23.23
146.35,27.20,17.99,11.12,18.39,61.10,43.11,19.29,23.23
146.36,27.24,17.99,11.10,18.39,61.10,43.11,19.29,23.23
146.37,27.20,17.99,11.10,18.39,61.10,43.11,19.29,23.20
146.38,27.24,17.99,11.12,18.39,61.10,43.11,19.29,23.20
146.39,27.20,17.97,11.10,18.39,61.10,43.11,19.29,23.20
146.40,27.24,17.99,11.10,18.39,61.26,43.11,19.29,23.20
146.41,27.24,17.99,11.12,18.39,61.26,43.20,19.29,23.20
146.42,27.20,17.97,11.10,18.39,61.10,43.11,19.29,23.20
146.43,27.24,17.99,11.10,18.39,61.26,43.11,19.29,23.20
146.44,27.24,17.97,11.10,18.39,61.10,43.11,19.29,23.20
146.45,27.24,17.99,11.12,18.39,61.26,43.11,19.29,23.23
146.46,27.20,17.99,11.10,18.41,61.10,43.11,19.29,23.20
146.47,27.24,17.99,11.10,18.39,61.10,43.11,19.29,23.20
146.48,27.20,17.97,11.10,18.41,61.10,43.11,19.31,23.20
146.49,27.20,17.99,11.10,18.39,61.10,43.11,19.29,23.23
146.50,27.24,17.99,11.12,18.39,61.10,43.20,19.29,23.20
146.51,27.24,17.99,11.12,18.39,61.10,43.11,19.29,23.20
146.52,27.20,17.99,11.10,18.39,61.10,43.11,19.29,23.20
146.53,27.20,17.97,11.10,18.41,61.10,43.11,19.29,23.20
146.54,27.20,17.99,11.10,18.39,61.10,43.11,19.29,23.23
146.55,27.24,17.99,11.12,18.39,61.26,43.11,19.29,23.23
146.56,27.29,17.99,11.12,18.39,61.26,43.11,19.29,23.20
146.57,27.20,17.99,11.10,18.39,61.10,43.11,19.29,23.20
146.58,27.24,17.97,11.10,18.39,61.26,43.02,19.29,23.20
146.59,27.20,17.99,11.10,18.39,61.10,43.11,19.31,23.20
146.60,27.24,17.99,11.12,18.41,61.10,43.11,19.29,23.20
146.61,27.20,17.99,11.12,18.39,61.10,43.02,19.29,23.20
146.62,27.20,17.97,11.10,18.39,61.10,43.11,19.29,23.23
146.63,27.24,17.97,11.10,18.39,61.10,43.11,19.29,23.20
146.64,27.20,17.97,11.10,18.39,61.26,43.11,19.29,23.20
146.65,27.29,17.99,11.10,18.39,61.10,43.20,19.29,23.20
146.66,27.29,17.99,11.12,18.39,61.26,43.11,19.29,23.20
146.67,27.20,17.97,11.10,18.39,61.10,43.11,19.29,23.20
146.68,27.20,17.97,11.10,18.39,61.10,43.11,19.29,23.20
146.69,27.20,17.99,11.12,18.41,61.10,43.11,19.29,23.20
146.70,27.20,17.99,11.10,18.39,61.26,43.11,19.29,23.20
146.71,27.24,17.99,11.10,18.39,61.10,43.11,19.29,23.20
146.72,27.24,17.97,11.10,18.39,61.10,43.11,19.29,23.20
146.73,27.20,17.99,11.10,18.39,61.10,43.11,19.29,23.20
146.74,27.15,17.97,11.12,18.39,61.10,43.11,19.29,23.23
146.75,27.20,17.99,11.12,18.39,61.26,43.11,19.29,23.20
146.76,27.24,17.99,11.12,18.39,61.26,43.11,19.29,23.20
146.77,27.20,17.99,11.10,18.39,61.10,43.11,19.29,23.20
146.78,27.20,17.97,11.10,18.39,61.10,43.11,19.29,23.20
146.79,27.24,17.97,11.10,18.39,61.10,43.11,19.29,23.20
146.80,27.24,17.99,11.12,18.39,61.26,43.11,19.29,23.20
146.81,27.20,17.99,11.10,18.41,61.10,43.11,19.29,23.20
146.82,27.20,17.97,11.10,18.39,61.10,43.11,19.29,23.23
146.83,27.20,17.97,11.10,18.41,61.10,43.11,19.29,23.20
146.84,27.24,17.99,11.10,18.39,61.26,43.11,19.29,23.20
146.85,27.24,17.99,11.12,18.41,61.10,43.11,19.29,23.20
146.86,27.20,17.99,11.12,18.41,61.10,43.11,19.29,23.20
146.87,27.20,17.97,11.10,18.39,61.10,43.11,19.29,23.20
146.88,27.24,17.97,11.10,18.39,61.26,43.11,19.29,23.20
146.89,27.24,17.97,11.12,18.39,61.10,43.11,19.29,23.20
146.90,27.24,17.99,11.12,18.39,61.10,43.20,19.31,23.20
146.91,27.24,17.99,11.12,18.39,61.10,43.20,19.29,23.20
146.92,27.24,17.97,11.10,18.39,61.10,43.11,19.29,23.20
146.93,27.20,17.97,11.12,18.41,61.10,43.11,19.29,23.20
146.94,27.20,17.99,11.10,18.39,61.26,43.11,19.29,23.20
146.95,27.24,17.99,11.12,18.39,61.26,43.11,19.29,23.20
146.96,27.20,17.99,11.12,18.39,61.10,43.11,19.29,23.20
146.97,27.20,17.97,11.10,18.39,61.10,43.11,19.29,23.20
146.98,27.24,17.97,11.10,18.39,61.10,43.11,19.29,23.20
146.99,27.24,17.99,11.10,18.39,61.10,43.11,19.29,23.20
147.00,27.24,17.99,11.12,18.39,61.10,43.11,19.29,23.20
147.01,27.24,17.99,11.12,18.39,61.10,43.11,19.31,23.20
147.02,27.20,17.97,11.10,18.39,61.10,43.11,19.29,23.23
147.03,27.20,17.99,11.10,18.39,61.26,43.11,19.29,23.20
147.04,27.20,17.99,11.10,18.39,61.10,43.11,19.29,23.20
147.05,27.24,17.99,11.12,18.41,61.10,43.11,19.29,23.20
147.06,27.24,17.99,11.10,18.39,61.10,43.11,19.29,23.20
147.07,27.20,17.99,11.12,18.39,61.10,43.11,19.29,23.20
147.08,27.20,17.97,11.10,18.39,61.26,43.11,19.29,23.20
147.09,27.24,17.99,11.10,18.39,61.26,43.20,19.29,23.20
147.10,27.24,17.99,11.12,18.39,61.10,43.20,19.29,23.20
147.11,27.24,17.99,11.12,18.41,61.10,43.11,19.29,23.20
147.12,27.20,17.99,11.10,18.39,61.10,43.11,19.29,23.20
147.13,27.20,17.97,11.10,18.39,61.10,43.11,19.29,23.20
147.14,27.24,17.97,11.10,18.39,61.10,43.11,19.29,23.20
147.15,27.24,17.99,11.12,18.39,61.26,43.02,19.29,23.20
147.16,27.29,17.99,11.12,18.39,61.10,43.11,19.29,23.20
147.17,27.20,17.97,11.10,18.39,61.10,43.11,19.29,23.20
147.18,27.20,17.97,11.10,18.41,61.10,43.11,19.29,23.20
147.19,27.24,17.99,11.12,18.39,61.10,43.11,19.29,23.20
147.20,27.24,17.99,11.12,18.39,61.26,43.11,19.29,23.20
147.21,27.24,17.99,11.12,18.39,61.26,43.11,19.29,23.20
147.22,27.24,17.99,11.10,18.39,61.26,43.20,19.29,23.20
147.23,27.20,17.97,11.12,18.39,61.10,43.02,19.29,23.20
147.24,27.20,17.99,11.10,18.39,61.26,43.11,19.29,23.20
147.25,27.24,17.99,11.12,18.39,61.26,43.11,19.29,23.20
147.26,27.24,17.99,11.12,18.41,61.26,43.20,19.29,23.20
147.27,27.24,17.99,11.12,18.41,61.26,43.02,19.29,23.20
147.28,27.24,17.97,11.12,18.39,61.10,43.11,19.29,23.20
147.29,27.24,17.99,11.12,18.41,61.10,43.11,19.29,23.23
147.30,27.29,17.99,11.12,18.41,61.26,43.11,19.29,23.20
147.31,27.29,17.99,11.12,18.39,61.10,43.11,19.29,23.23
147.32,27.24,17.97,11.10,18.39,61.10,43.11,19.29,23.20
147.33,27.20,17.99,11.12,18.39,61.26,43.11,19.29,23.20
147.34,27.29,17.97,11.10,18.39,61.10,43.11,19.29,23.20
147.35,27.29,17.99,11.12,18.39,61.26,43.11,19.29,23.20
147.36,27.24,17.99,11.12,18.41,61.10,43.20,19.29,23.20
147.37,27.24,17.97,11.12,18.39,61.10,43.11,19.29,23.20
147.38,27.24,17.97,11.12,18.41,61.10,43.11,19.29,23.20
147.39,27.20,17.99,11.12,18.39,61.10,43.02,19.29,23.20
147.40,27.29,18.02,11.12,18.39,61.26,43.11,19.29,23.20
147.41,27.29,17.99,11.12,18.41,61.10,43.11,19.29,23.23
147.42,27.24,17.97,11.12,18.39,61.26,43.11,19.29,23.20
147.43,27.29,17.99,11.12,18.39,61.10,43.11,19.29,23.20
147.44,27.24,17.99,11.12,18.39,61.10,43.11,19.29,23.23
147.45,27.24,17.99,11.12,18.39,61.26,43.11,19.29,23.20
147.46,27.24,17.99,11.12,18.39,61.26,43.20,19.29,23.20
147.47,27.20,17.99,11.12,18.39,61.10,43.02,19.29,23.20
147.48,27.20,17.99,11.12,18.39,61.10,43.11,19.29,23.23
147.49,27.24,17.99,11.10,18.39,61.10,43.20,19.29,23.23
147.50,27.24,17.99,11.12,18.41,61.26,43.11,19.31,23.20
147.51,27.29,17.99,11.12,18.39,61.26,43.11,19.29,23.20
147.52,27.24,17.99,11.12,18.41,61.26,43.11,19.29,23.20
147.53,27.20,17.99,11.10,18.39,61.10,43.11,19.26,23.20
147.54,27.24,17.99,11.12,18.41,61.10,43.11,19.29,23.20
147.55,27.24,17.99,11.12,18.39,61.26,43.20,19.29,23.20
147.56,27.24,17.99,11.12,18.39,61.10,43.11,19.29,23.20
147.57,27.20,17.99,11.12,18.41,61.26,43.11,19.29,23.20
147.58,27.29,17.99,11.12,18.41,61.26,43.11,19.29,23.20
147.59,27.29,17.97,11.12,18.41,61.26,43.11,19.29,23.20
147.60,27.20,17.99,11.12,18.39,61.26,43.11,19.29,23.20
147.61,27.29,17.99,11.12,18.39,61.10,43.11,19.29,23.20
147.62,27.29,17.99,11.10,18.41,61.26,43.11,19.29,23.20
147.63,27.29,17.97,11.12,18.41,61.10,43.11,19.29,23.20
147.64,27.29,17.99,11.10,18.39,61.26,43.02,19.29,23.20
147.65,27.24,17.99,11.12,18.41,61.10,43.20,19.29,23.23
147.66,27.29,18.02,11.12,18.41,61.26,43.20,19.31,23.20
147.67,27.29,17.99,11.12,18.41,61.10,43.20,19.29,23.20
147.68,27.24,17.99,11.12,18.39,61.26,43.11,19.29,23.20
147.69,27.20,17.99,11.12,18.41,61.10,43.11,19.29,23.20
147.70,27.29,17.99,11.12,18.39,61.42,43.20,19.31,23.20
147.71,27.24,17.99,11.12,18.39,61.10,43.11,19.31,23.20
147.72,27.24,17.99,11.12,18.41,61.10,43.20,19.29,23.20
147.73,27.24,18.02,11.12,18.39,61.10,43.11,19.29,23.20
147.74,27.24,17.99,11.12,18.41,61.10,43.20,19.29,23.20
147.75,27.24,18.02,11.12,18.41,61.10,43.11,19.31,23.20
147.76,27.29,17.99,11.12,18.39,61.26,43.20,19.31,23.20
147.77,27.24,17.99,11.12,18.39,61.26,43.11,19.29,23.20
147.78,27.24,17.99,11.12,18.41,61.26,43.11,19.29,23.20
147.79,27.24,17.99,11.12,18.39,61.10,43.11,19.31,23.20
147.80,27.24,17.99,11.12,18.41,61.26,43.11,19.31,23.20
147.81,27.29,17.99,11.12,18.39,61.10,43.20,19.31,23.20
147.82,27.29,17.99,11.12,18.39,61.26,43.20,19.29,23.20
147.83,27.29,17.99,11.12,18.39,61.26,43.11,19.29,23.20
147.84,27.29,17.99,11.12,18.41,61.10,43.11,19.29,23.20
147.85,27.29,17.99,11.12,18.41,61.26,43.20,19.29,23.20
147.86,27.24,17.99,11.12,18.39,61.26,43.11,19.31,23.20
147.87,27.24,17.99,11.10,18.39,61.10,43.11,19.31,23.20
147.88,27.24,17.99,11.12,18.39,61.26,43.11,19.29,23.20
147.89,27.24,17.99,11.12,18.41,61.26,43.11,19.29,23.20
147.90,27.29,18.02,11.12,18.41,61.26,43.20,19.31,23.20
147.91,27.24,17.99,11.12,18.41,61.26,43.20,19.31,23.20
147.92,27.24,17.99,11.12,18.39,61.26,43.11,19.29,23.20
147.93,27.29,17.99,11.12,18.41,61.26,43.11,19.31,23.20
147.94,27.29,17.99,11.12,18.39,61.26,43.11,19.29,23.20
147.95,27.24,17.99,11.12,18.39,61.26,43.11,19.31,23.20
147.96,27.29,17.99,11.12,18.41,61.26,43.20,19.31,23.20
147.97,27.24,17.99,11.12,18.41,61.10,43.11,19.31,23.20
147.98,27.24,17.99,11.12,18.41,61.26,43.11,19.29,23.20
147.99,27.20,18.02,11.12,18.41,61.26,43.20,19.31,23.20
148.00,27.29,17.99,11.12,18.41,61.26,43.20,19.29,23.20
148.01,27.24,17.99,11.12,18.39,61.26,43.20,19.31,23.20
148.02,27.24,17.99,11.12,18.39,61.26,43.11,19.29,23.20
148.03,27.24,17.99,11.12,18.41,61.26,43.11,19.31,23.20
148.04,27.24,17.99,11.12,18.41,61.26,43.11,19.31,23.20
148.05,27.24,18.02,11.13,18.41,61.26,43.11,19.31,23.20
148.06,27.29,18.02,11.12,18.39,61.26,43.11,19.31,23.20
148.07,27.24,17.99,11.12,18.41,61.26,43.11,19.29,23.20
148.08,27.24,17.99,11.12,18.41,61.10,43.20,19.29,23.20
148.09,27.24,18.02,11.12,18.41,61.10,43.20,19.29,23.20
148.10,27.33,18.02,11.12,18.41,61.26,43.11,19.29,23.20
148.11,27.33,18.02,11.12,18.39,61.26,43.11,19.31,23.20
148.12,27.24,17.99,11.12,18.41,61.26,43.11,19.31,23.23
148.13,27.20,17.99,11.12,18.41,61.10,43.11,19.29,23.20
148.14,27.24,17.99,11.12,18.41,61.26,43.11,19.31,23.20
148.15,27.29,18.02,11.12,18.41,61.26,43.20,19.31,23.20
148.16,27.24,18.02,11.12,18.39,61.26,43.20,19.31,23.20
148.17,27.24,17.99,11.12,18.41,61.26,43.11,19.29,23.20
148.18,27.24,17.99,11.12,18.41,61.26,43.11,19.29,23.20
148.19,27.29,17.99,11.12,18.41,61.26,43.11,19.29,23.20
148.20,27.29,17.99,11.12,18.41,61.26,43.20,19.31,23.20
148.21,27.29,18.02,11.12,18.39,61.26,43.20,19.31,23.20
148.22,27.24,17.99,11.12,18.39,61.26,43.11,19.31,23.20
148.23,27.29,17.99,11.12,18.41,61.26,43.11,19.29,23.20
148.24,27.24,17.99,11.12,18.41,61.26,43.11,19.31,23.20
148.25,27.24,18.02,11.12,18.41,61.26,43.20,19.31,23.20
148.26,27.24,17.99,11.12,18.41,61.26,43.11,19.31,23.20
148.27,27.24,17.99,11.12,18.39,61.26,43.11,19.29,23.20
148.28,27.24,17.99,11.12,18.39,61.10,43.11,19.29,23.20
148.29,27.29,17.99,11.12,18.41,61.26,43.11,19.31,23.20
148.30,27.24,17.99,11.12,18.41,61.26,43.20,19.31,23.20
148.31,27.29,17.99,11.12,18.41,61.26,43.20,19.29,23.20
148.32,27.29,17.99,11.12,18.39,61.10,43.11,19.31,23.20
148.33,27.24,17.99,11.12,18.39,61.26,43.11,19.29,23.20
148.34,27.24,17.99,11.12,18.41,61.26,43.11,19.31,23.20
148.35,27.29,18.02,11.13,18.41,61.26,43.20,19.31,23.20
148.36,27.29,18.02,11.12,18.39,61.26,43.11,19.29,23.20
148.37,27.24,17.99,11.12,18.39,61.10,43.11,19.29,23.20
148.38,27.24,17.99,11.12,18.41,61.26,43.11,19.31,23.20
148.39,27.24,17.99,11.12,18.41,61.10,43.11,19.31,23.20
148.40,27.29,17.99,11.12,18.41,61.26,43.20,19.31,23.20
148.41,27.24,18.02,11.12,18.41,61.26,43.11,19.29,23.20
148.42,27.24,17.99,11.12,18.39,61.26,43.11,19.31,23.20
148.43,27.29,17.99,11.12,18.41,61.10,43.11,19.29,23.20
148.44,27.24,17.99,11.12,18.39,61.26,43.11,19.29,23.20
148.45,27.24,17.99,11.12,18.39,61.26,43.20,19.31,23.20
148.46,27.24,18.02,11.12,18.39,61.10,43.11,19.31,23.20
148.47,27.24,17.99,11.12,18.39,61.10,43.11,19.29,23.16
148.48,27.29,18.02,11.12,18.41,61.26,43.20,19.31,23.20
148.49,27.29,17.99,11.12,18.41,61.26,43.11,19.31,23.20
148.50,27.29,17.99,11.12,18.39,61.26,43.20,19.31,23.20
148.51,27.24,18.02,11.12,18.41,61.26,43.20,19.31,23.20
148.52,27.29,17.99,11.12,18.41,61.26,43.11,19.29,23.20
148.53,27.29,17.99,11.12,18.39,61.26,43.11,19.31,23.20
148.54,27.24,18.02,11.12,18.41,61.26,43.11,19.31,23.20
148.55,27.29,18.02,11.12,18.41,61.26,43.11,19.31,23.20
148.56,27.24,18.02,11.12,18.41,61.26,43.20,19.31,23.20
148.57,27.24,17.99,11.12,18.41,61.10,43.11,19.29,23.20
148.58,27.29,17.99,11.12,18.41,61.26,43.11,19.29,23.20
148.59,27.24,17.99,11.12,18.41,61.26,43.11,19.29,23.20
148.60,27.29,17.99,11.13,18.39,61.26,43.11,19.31,23.20
148.61,27.29,18.02,11.12,18.41,61.26,43.11,19.31,23.20
148.62,27.29,17.97,11.12,18.39,61.26,43.11,19.29,23.20
148.63,27.24,17.99,11.12,18.41,61.10,43.11,19.29,23.20
148.64,27.24,17.99,11.12,18.41,61.26,43.20,19.29,23.20
148.65,27.29,18.02,11.12,18.41,61.26,43.11,19.31,23.20
148.66,27.29,18.02,11.12,18.41,61.26,43.11,19.31,23.20
148.67,27.24,17.99,11.12,18.41,61.10,43.11,19.29,23.20
148.68,27.24,17.99,11.12,18.41,61.10,43.11,19.29,23.20
148.69,27.29,17.99,11.12,18.41,61.26,43.11,19.29,23.20
148.70,27.29,18.02,11.12,18.41,61.26,43.20,19.31,23.20
148.71,27.29,17.99,11.12,18.41,61.26,43.29,19.31,23.23
148.72,27.24,18.02,11.12,18.39,61.26,43.02,19.29,23.20
148.73,27.24,17.99,11.12,18.39,61.26,43.20,19.31,23.23
148.74,27.29,17.99,11.12,18.39,61.26,43.11,19.29,23.20
148.75,27.24,17.99,11.12,18.41,61.26,43.11,19.31,23.20
148.76,27.33,18.02,11.12,18.41,61.26,43.20,19.31,23.20
148.77,27.29,18.02,11.12,18.41,61.26,43.20,19.31,23.20
148.78,27.24,17.99,11.12,18.41,61.26,43.11,19.29,23.20
148.79,27.29,18.02,11.12,18.41,61.10,43.11,19.31,23.20
148.80,27.29,18.02,11.12,18.39,61.26,43.20,19.31,23.20
148.81,27.33,18.02,11.12,18.41,61.26,43.20,19.31,23.20
148.82,27.24,17.99,11.12,18.41,61.26,43.11,19.31,23.20
148.83,27.24,17.99,11.12,18.39,61.26,43.11,19.29,23.20
148.84,27.24,18.02,11.12,18.39,61.26,43.11,19.29,23.20
148.85,27.24,18.02,11.13,18.41,61.26,43.20,19.31,23.20
148.86,27.29,18.02,11.12,18.41,61.26,43.20,19.31,23.20
148.87,27.20,18.02,11.12,18.41,61.26,43.20,19.29,23.20
148.88,27.29,17.99,11.12,18.41,61.26,43.11,19.29,23.16
148.89,27.29,17.99,11.12,18.41,61.26,43.11,19.31,23.20
148.90,27.29,18.02,11.12,18.41,61.26,43.11,19.31,23.20
148.91,27.29,18.02,11.12,18.41,61.26,43.11,19.31,23.20
148.92,27.24,17.99,11.12,18.39,61.10,43.11,19.29,23.20
148.93,27.24,17.99,11.12,18.41,61.26,43.11,19.31,23.20
148.94,27.24,18.02,11.12,18.39,61.10,43.20,19.31,23.20
148.95,27.29,18.02,11.13,18.41,61.26,43.20,19.31,23.20
148.96,27.29,17.99,11.12,18.41,61.10,43.20,19.31,23.20
148.97,27.24,17.99,11.12,18.41,61.26,43.11,19.29,23.20
148.98,27.29,17.99,11.12,18.41,61.26,43.20,19.31,23.20
148.99,27.33,18.02,11.12,18.41,61.26,43.11,19.29,23.20
149.00,27.29,18.02,11.12,18.39,61.26,43.20,19.34,23.20
149.01,27.29,18.02,11.12,18.41,61.10,43.11,19.31,23.20
149.02,27.29,17.99,11.12,18.39,61.10,43.11,19.29,23.20
149.03,27.24,17.99,11.12,18.41,61.10,43.11,19.29,23.20
149.04,27.29,17.99,11.12,18.41,61.26,43.20,19.31,23.20
149.05,27.29,18.02,11.12,18.41,61.26,43.11,19.29,23.20
149.06,27.29,18.02,11.12,18.41,61.26,43.20,19.31,23.20
149.07,27.24,17.99,11.12,18.41,61.26,43.11,19.29,23.20
149.08,27.29,17.99,11.12,18.39,61.26,43.11,19.31,23.20
149.09,27.29,17.99,11.12,18.41,61.10,43.11,19.29,23.20
149.10,27.33,18.02,11.12,18.41,61.26,43.11,19.31,23.20
149.11,27.29,18.02,11.12,18.41,61.26,43.20,19.31,23.20
149.12,27.24,17.99,11.12,18.41,61.26,43.11,19.29,23.20
149.13,27.24,17.99,11.12,18.41,61.10,43.11,19.31,23.16
149.14,27.24,18.02,11.12,18.41,61.10,43.11,19.31,23.20
149.15,27.29,18.02,11.12,18.41,61.26,43.20,19.29,23.20
149.16,27.24,18.02,11.12,18.41,61.26,43.20,19.31,23.20
149.17,27.24,17.99,11.12,18.41,61.26,43.11,19.31,23.20
149.18,27.24,17.99,11.12,18.39,61.10,43.11,19.29,23.20
149.19,27.29,17.99,11.12,18.41,61.10,43.11,19.31,23.20
149.20,27.29,18.02,11.12,18.41,61.26,43.11,19.31,23.20
149.21,27.33,17.99,11.12,18.41,61.26,43.11,19.31,23.20
149.22,27.24,17.99,11.12,18.41,61.10,43.20,19.31,23.20
149.23,27.24,17.99,11.12,18.39,61.10,43.11,19.29,23.20
149.24,27.24,17.99,11.12,18.41,61.10,43.11,19.29,23.20
149.25,27.24,18.02,11.12,18.41,61.26,43.11,19.31,23.23
149.26,27.29,18.02,11.12,18.39,61.26,43.11,19.29,23.16
149.27,27.24,17.99,11.12,18.41,61.26,43.11,19.29,23.20
149.28,27.24,17.99,11.10,18.41,61.10,43.11,19.29,23.20
149.29,27.20,17.99,11.12,18.41,61.26,43.11,19.29,23.20
149.30,27.29,18.02,11.12,18.41,61.26,43.11,19.31,23.20
149.31,27.24,18.02,11.12,18.41,61.26,43.20,19.29,23.20
149.32,27.24,17.99,11.12,18.41,61.10,43.11,19.29,23.20
149.33,27.29,17.99,11.12,18.41,61.26,43.11,19.31,23.20
149.34,27.29,18.02,11.12,18.41,61.26,43.11,19.31,23.20
149.35,27.24,18.02,11.12,18.41,61.26,43.11,19.29,23.20
149.36,27.29,17.99,11.12,18.41,61.26,43.11,19.29,23.20
149.37,27.24,18.02,11.12,18.41,61.26,43.11,19.31,23.20
149.38,27.24,17.99,11.12,18.41,61.10,43.11,19.31,23.20
149.39,27.24,17.99,11.12,18.41,61.26,43.11,19.31,23.20
149.40,27.29,18.02,11.12,18.41,61.26,43.11,19.31,23.20
149.41,27.24,18.02,11.12,18.41,61.26,43.11,19.29,23.20
149.42,27.29,17.99,11.12,18.41,61.10,43.11,19.31,23.20
149.43,27.24,17.99,11.12,18.41,61.10,43.11,19.29,23.20
149.44,27.24,17.99,11.12,18.41,61.10,43.11,19.31,23.20
149.45,27.24,17.99,11.12,18.41,61.26,43.20,19.31,23.20
149.46,27.24,17.99,11.12,18.41,61.26,43.11,19.29,23.20
149.47,27.24,17.99,11.12,18.41,61.26,43.20,19.29,23.20
149.48,27.29,18.02,11.10,18.41,61.10,43.11,19.29,23.20
149.49,27.29,18.02,11.12,18.41,61.26,43.11,19.29,23.20
149.50,27.24,18.02,11.12,18.41,61.26,43.11,19.31,23.20
149.51,27.24,18.02,11.12,18.41,61.26,43.11,19.31,23.20
149.52,27.24,17.99,11.10,18.39,61.26,43.11,19.29,23.20
149.53,27.24,17.99,11.10,18.41,61.10,43.11,19.29,23.20
149.54,27.24,17.99,11.12,18.41,61.26,43.11,19.31,23.20
149.55,27.24,18.02,11.12,18.41,61.26,43.11,19.31,23.20
149.56,27.24,17.99,11.12,18.41,61.26,43.11,19.29,23.20
149.57,27.24,17.99,11.12,18.41,61.10,43.11,19.29,23.20
149.58,27.24,17.99,11.12,18.41,61.10,43.11,19.29,23.20
149.59,27.24,17.99,11.12,18.41,61.10,43.20,19.29,23.20
149.60,27.29,17.99,11.12,18.41,61.26,43.11,19.29,23.20
149.61,27.29,17.99,11.12,18.41,61.10,43.11,19.29,23.20
149.62,27.24,17.99,11.12,18.41,61.10,43.11,19.31,23.20
149.63,27.24,17.99,11.12,18.41,61.10,43.11,19.31,23.20
149.64,27.24,17.99,11.12,18.41,61.26,43.02,19.29,23.20
149.65,27.29,18.02,11.12,18.41,61.26,43.11,19.29,23.20
149.66,27.29,17.99,11.12,18.41,61.10,43.11,19.31,23.20
149.67,27.29,18.02,11.12,18.41,61.10,43.11,19.29,23.20
149.68,27.24,17.99,11.12,18.41,61.26,43.11,19.29,23.20
149.69,27.29,17.99,11.12,18.41,61.26,43.11,19.29,23.20
149.70,27.33,18.02,11.12,18.41,61.26,43.11,19.29,23.20
149.71,27.29,18.02,11.13,18.41,61.26,43.11,19.31,23.20
149.72,27.29,17.99,11.12,18.39,61.26,43.11,19.29,23.20
149.73,27.24,17.99,11.10,18.41,61.10,43.20,19.29,23.20
149.74,27.29,17.99,11.12,18.41,61.26,43.11,19.29,23.20
149.75,27.29,18.02,11.12,18.41,61.26,43.20,19.29,23.20
149.76,27.29,17.99,11.12,18.41,61.10,43.11,19.29,23.20
149.77,27.24,17.99,11.12,18.41,61.10,43.20,19.29,23.20
149.78,27.29,17.99,11.12,18.41,61.26,43.20,19.29,23.20
149.79,27.29,17.99,11.12,18.41,61.10,43.11,19.29,23.20
149.80,27.24,17.99,11.12,18.41,61.26,43.20,19.29,23.20
149.81,27.29,17.99,11.12,18.41,61.26,43.11,19.29,23.20
149.82,27.29,17.99,11.12,18.41,61.26,43.11,19.29,23.20
149.83,27.24,17.99,11.12,18.41,61.10,43.11,19.29,23.20
149.84,27.24,17.99,11.12,18.41,61.10,43.20,19.31,23.20
149.85,27.24,17.99,11.12,18.41,61.26,43.11,19.31,23.20
149.86,27.24,17.99,11.12,18.41,61.10,43.11,19.29,23.20
149.87,27.24,17.99,11.12,18.41,61.10,43.11,19.29,23.20
149.88,27.29,18.02,11.10,18.41,61.10,43.11,19.29,23.20
149.89,27.24,17.99,11.12,18.41,61.10,43.11,19.29,23.20
149.90,27.24,18.02,11.12,18.41,61.10,43.11,19.29,23.20
149.91,27.24,18.02,11.12,18.41,61.26,43.11,19.29,23.20
149.92,27.29,17.99,11.12,18.41,61.10,43.11,19.29,23.20
149.93,27.24,17.99,11.12,18.41,61.10,43.20,19.29,23.20
149.94,27.24,17.99,11.12,18.41,61.10,43.11,19.29,23.20
149.95,27.29,17.99,11.12,18.41,61.26,43.11,19.31,23.20
149.96,27.24,18.02,11.12,18.41,61.10,43.20,19.29,23.20
149.97,27.24,17.99,11.10,18.41,61.10,42.92,19.29,23.16
149.98,27.20,17.99,11.12,18.41,61.10,43.11,19.29,23.23
149.99,27.24,17.99,11.12,18.41,61.10,43.11,19.29,23.16
150.00,27.24,17.99,11.12,18.41,61.10,43.11,19.31,23.23
150.01,27.24,17.99,11.12,18.41,61.26,43.11,19.29,23.16
150.02,27.20,17.99,11.12,18.41,61.10,43.11,19.29,23.20
150.03,27.24,17.99,11.10,18.41,61.10,43.11,19.29,23.20
150.04,27.24,17.99,11.12,18.41,61.10,43.11,19.29,23.20
150.05,27.33,17.99,11.12,18.41,61.26,43.11,19.29,23.20
150.06,27.24,17.99,11.12,18.41,61.26,43.11,19.31,23.20
150.07,27.29,17.99,11.12,18.41,61.10,43.11,19.29,23.20
150.08,27.24,17.99,11.10,18.41,61.10,43.02,19.29,23.20
150.09,27.33,17.99,11.12,18.41,61.26,43.11,19.29,23.16
150.10,27.29,17.99,11.12,18.41,61.26,43.11,19.29,23.20
150.11,27.29,18.02,11.12,18.41,61.26,43.11,19.29,23.20
150.12,27.20,17.99,11.12,18.41,61.10,43.11,19.29,23.20
150.13,27.24,17.99,11.12,18.41,61.10,43.11,19.29,23.20
150.14,27.29,17.99,11.10,18.41,61.26,43.11,19.29,23.20
150.15,27.29,17.99,11.13,18.41,61.26,43.11,19.29,23.20
150.16,27.24,17.99,11.12,18.41,61.10,43.11,19.29,23.20
150.17,27.24,17.99,11.12,18.41,61.10,43.11,19.29,23.20
150.18,27.20,17.99,11.12,18.41,61.10,43.11,19.29,23.20
150.19,27.24,17.99,11.10,18.41,61.10,43.11,19.29,23.20
150.20,27.24,17.99,11.12,18.41,61.26,43.20,19.31,23.20
150.21,27.29,17.99,11.12,18.41,60.94,43.11,19.29,23.20
150.22,27.24,17.99,11.12,18.41,61.26,43.11,19.29,23.20
150.23,27.24,17.99,11.10,18.39,61.26,43.11,19.29,23.20
150.24,27.24,17.99,11.10,18.41,61.10,43.11,19.29,23.20
150.25,27.24,17.99,11.12,18.41,61.26,43.11,19.31,23.20
150.26,27.24,17.99,11.12,18.41,61.10,43.11,19.29,23.20
150.27,27.24,17.99,11.10,18.41,61.10,43.11,19.29,23.20
150.28,27.20,17.99,11.12,18.41,61.10,43.11,19.29,23.20
150.29,27.29,17.99,11.12,18.41,61.10,43.11,19.29,23.20
150.30,27.29,17.99,11.12,18.41,61.26,43.11,19.29,23.20
150.31,27.29,17.99,11.12,18.41,61.10,43.11,19.29,23.20
150.32,27.24,17.97,11.12,18.41,61.10,43.11,19.29,23.20
150.33,27.24,17.99,11.12,18.41,61.10,43.11,19.29,23.20
150.34,27.24,17.99,11.12,18.41,61.26,43.11,19.29,23.23
150.35,27.24,18.02,11.12,18.41,61.26,43.11,19.29,23.20
150.36,27.29,17.99,11.12,18.41,61.10,43.11,19.29,23.20
150.37,27.29,17.99,11.10,18.41,61.26,43.11,19.29,23.20
150.38,27.24,17.99,11.10,18.41,61.26,43.11,19.29,23.16
150.39,27.29,17.99,11.12,18.41,61.10,43.11,19.29,23.20
150.40,27.29,17.99,11.12,18.41,61.26,43.11,19.31,23.20
150.41,27.29,17.99,11.12,18.41,61.10,43.02,19.29,23.20
150.42,27.24,17.99,11.12,18.41,61.10,43.11,19.29,23.20
150.43,27.29,17.99,11.12,18.39,61.10,43.02,19.29,23.20
150.44,27.29,17.99,11.12,18.41,61.26,43.02,19.29,23.20
150.45,27.29,17.99,11.13,18.41,61.26,43.11,19.31,23.20
150.46,27.29,17.99,11.12,18.41,61.10,43.11,19.29,23.20
150.47,27.20,17.99,11.12,18.41,61.10,43.02,19.29,23.20
150.48,27.24,17.99,11.12,18.41,61.26,43.11,19.29,23.20
150.49,27.24,17.99,11.12,18.41,61.26,43.11,19.29,23.20
150.50,27.33,17.99,11.12,18.41,61.26,43.11,19.29,23.20
150.51,27.29,17.99,11.12,18.41,61.26,43.11,19.29,23.20
150.52,27.29,17.97,11.12,18.41,61.10,43.02,19.29,23.20
150.53,27.24,17.99,11.12,18.41,61.26,43.11,19.29,23.20
150.54,27.24,17.99,11.12,18.41,61.26,43.11,19.29,23.20
150.55,27.24,17.99,11.12,18.41,61.10,43.11,19.29,23.20
150.56,27.33,17.99,11.12,18.41,61.10,43.11,19.29,23.20
150.57,27.24,17.99,11.10,18.41,61.10,43.20,19.29,23.16
150.58,27.29,17.99,11.12,18.39,61.10,43.11,19.29,23.20
150.59,27.29,17.97,11.10,18.41,61.26,43.11,19.29,23.20
150.60,27.33,17.99,11.12,18.41,61.26,43.11,19.29,23.20
150.61,27.24,17.99,11.12,18.41,61.10,43.11,19.31,23.20
150.62,27.24,17.99,11.12,18.41,61.10,43.11,19.29,23.20
150.63,27.24,17.99,11.12,18.41,61.10,42.92,19.29,23.20
150.64,27.20,17.99,11.12,18.41,61.10,43.11,19.29,23.20
150.65,27.24,17.99,11.12,18.41,61.26,43.11,19.31,23.20
150.66,27.29,17.99,11.12,18.41,61.26,43.11,19.29,23.16
150.67,27.24,17.99,11.10,18.41,61.26,43.02,19.29,23.16
150.68,27.29,17.97,11.12,18.41,61.10,43.11,19.29,23.20
150.69,27.29,17.99,11.12,18.41,61.10,43.11,19.29,23.20
150.70,27.24,17.99,11.12,18.41,61.10,43.11,19.31,23.20
150.71,27.29,17.99,11.12,18.41,61.10,43.11,19.29,23.20
150.72,27.24,17.99,11.12,18.41,61.10,43.11,19.29,23.20
150.73,27.24,17.99,11.10,18.41,61.10,43.11,19.29,23.20
150.74,27.24,17.99,11.12,18.41,61.26,43.11,19.29,23.16
150.75,27.24,17.99,11.12,18.41,61.10,43.11,19.29,23.20
150.76,27.24,17.99,11.12,18.41,61.10,43.11,19.29,23.20
150.77,27.24,17.99,11.12,18.41,61.10,43.11,19.29,23.20
150.78,27.20,17.99,11.12,18.41,61.10,43.11,19.29,23.20
150.79,27.24,17.99,11.12,18.41,61.26,43.11,19.29,23.20
150.80,27.24,17.99,11.12,18.41,61.10,43.11,19.31,23.20
150.81,27.29,17.99,11.12,18.41,61.10,43.11,19.31,23.20
150.82,27.20,17.99,11.12,18.41,61.10,43.11,19.29,23.20
150.83,27.24,17.97,11.12,18.41,61.26,43.11,19.29,23.20
150.84,27.29,17.99,11.12,18.41,61.10,43.20,19.29,23.20
150.85,27.29,17.99,11.12,18.41,61.10,43.11,19.31,23.20
150.86,27.29,17.99,11.12,18.41,61.26,43.11,19.29,23.20
150.87,27.24,17.97,11.12,18.39,61.10,43.02,19.29,23.20
150.88,27.29,17.97,11.12,18.41,61.10,43.11,19.29,23.20
150.89,27.29,17.99,11.12,18.41,61.26,43.11,19.31,23.20
150.90,27.24,17.99,11.12,18.41,61.10,43.11,19.29,23.20
150.91,27.33,17.99,11.12,18.41,61.10,43.11,19.31,23.20
150.92,27.24,17.99,11.12,18.41,61.26,43.02,19.29,23.20
150.93,27.29,17.99,11.12,18.41,61.10,43.11,19.29,23.16
150.94,27.24,17.99,11.12,18.41,61.26,43.11,19.31,23.20
150.95,27.29,17.99,11.12,18.41,61.26,43.11,19.29,23.16
150.96,27.24,17.99,11.12,18.41,61.26,43.11,19.29,23.20
150.97,27.24,17.99,11.12,18.41,61.10,43.11,19.29,23.20
150.98,27.20,17.99,11.10,18.41,61.10,43.11,19.29,23.20
150.99,27.29,17.99,11.12,18.41,61.10,43.02,19.29,23.20
151.00,27.24,17.99,11.12,18.41,61.26,43.11,19.29,23.20
151.01,27.24,17.99,11.12,18.39,61.26,43.11,19.29,23.20
151.02,27.29,17.97,11.12,18.41,61.10,43.11,19.29,23.20
151.03,27.24,17.97,11.10,18.41,61.10,43.02,19.29,23.16
151.04,27.29,17.99,11.12,18.41,61.26,43.11,19.29,23.20
151.05,27.24,17.99,11.12,18.41,61.26,43.11,19.29,23.20
151.06,27.29,17.99,11.12,18.41,61.26,43.11,19.29,23.20
151.07,27.24,17.99,11.12,18.41,61.10,43.11,19.29,23.20
151.08,27.20,17.97,11.10,18.41,61.10,43.11,19.29,23.20
151.09,27.24,17.99,11.12,18.41,61.26,42.92,19.29,23.20
151.10,27.29,17.99,11.12,18.41,61.10,43.11,19.31,23.16
151.11,27.24,18.02,11.12,18.41,61.10,43.11,19.29,23.20
151.12,27.29,17.97,11.12,18.41,61.10,43.02,19.31,23.20
151.13,27.24,17.99,11.12,18.41,61.10,43.11,19.29,23.16
151.14,27.29,17.97,11.12,18.41,61.10,43.11,19.29,23.16
151.15,27.29,17.97,11.12,18.41,61.26,43.11,19.29,23.20
151.16,27.24,17.99,11.10,18.41,61.10,43.11,19.29,23.16
151.17,27.29,17.97,11.10,18.41,61.10,43.02,19.29,23.16
151.18,27.20,17.97,11.10,18.41,61.26,43.02,19.29,23.20
151.19,27.29,17.99,11.12,18.41,61.10,43.11,19.29,23.20
151.20,27.24,17.99,11.12,18.41,61.10,43.11,19.29,23.20
151.21,27.24,17.99,11.10,18.41,61.10,43.11,19.29,23.16
151.22,27.20,17.99,11.12,18.41,61.10,43.02,19.29,23.20
151.23,27.24,17.97,11.12,18.41,61.10,43.20,19.29,23.20
151.24,27.29,17.99,11.12,18.44,61.10,43.11,19.29,23.20
151.25,27.29,17.99,11.12,18.41,61.26,43.11,19.29,23.20
151.26,27.24,17.99,11.12,18.41,61.26,43.02,19.29,23.16
151.27,27.29,17.97,11.10,18.41,61.26,43.11,19.29,23.20
151.28,27.24,17.97,11.10,18.41,61.26,43.11,19.29,23.16
151.29,27.29,17.99,11.12,18.39,61.10,43.11,19.29,23.20
151.30,27.24,17.99,11.12,18.41,61.26,43.11,19.29,23.20
151.31,27.29,17.99,11.12,18.41,61.26,43.11,19.29,23.20
151.32,27.29,17.99,11.12,18.41,61.26,43.02,19.29,23.16
151.33,27.29,17.99,11.12,18.39,61.10,43.11,19.29,23.20
151.34,27.24,17.97,11.12,18.41,61.10,43.02,19.29,23.20
151.35,27.24,17.99,11.12,18.41,61.10,43.11,19.29,23.20
151.36,27.29,17.99,11.12,18.41,61.10,43.11,19.29,23.20
151.37,27.24,17.97,11.12,18.41,61.10,43.11,19.29,23.20
151.38,27.24,17.99,11.12,18.41,61.10,43.11,19.29,23.20
151.39,27.24,17.99,11.12,18.41,61.10,43.11,19.31,23.20
151.40,27.24,17.99,11.13,18.41,61.10,43.11,19.29,23.20
151.41,27.24,17.99,11.10,18.41,61.26,43.11,19.29,23.20
151.42,27.24,17.97,11.12,18.41,61.10,43.11,19.29,23.20
151.43,27.24,17.97,11.12,18.41,61.10,43.11,19.31,23.20
151.44,27.29,17.99,11.12,18.41,61.10,43.11,19.29,23.20
151.45,27.24,17.99,11.12,18.41,61.26,43.11,19.29,23.20
151.46,27.29,17.99,11.12,18.41,61.10,43.11,19.29,23.16
151.47,27.24,17.97,11.12,18.41,61.26,43.11,19.29,23.20
151.48,27.24,17.97,11.12,18.41,61.10,43.11,19.29,23.20
151.49,27.29,17.99,11.10,18.41,61.10,43.11,19.29,23.16
151.50,27.24,17.99,11.12,18.41,61.10,43.11,19.31,23.20
151.51,27.24,17.99,11.12,18.41,61.10,43.11,19.29,23.20
151.52,27.24,17.97,11.12,18.41,61.10,43.11,19.31,23.20
151.53,27.29,17.97,11.12,18.41,61.10,43.11,19.29,23.20
151.54,27.24,17.97,11.12,18.41,61.10,43.11,19.29,23.20
151.55,27.24,17.99,11.12,18.41,61.26,43.11,19.29,23.16
151.56,27.24,17.99,11.12,18.41,61.10,43.11,19.29,23.20
151.57,27.24,17.99,11.10,18.41,61.10,43.11,19.29,23.20
151.58,27.24,17.99,11.10,18.41,61.10,43.11,19.29,23.20
151.59,27.24,17.99,11.12,18.41,61.10,43.11,19.29,23.20
151.60,27.29,17.99,11.12,18.41,61.26,43.11,19.29,23.16
151.61,27.24,17.99,11.12,18.41,61.10,43.11,19.29,23.16
151.62,27.29,17.99,11.12,18.41,61.10,43.11,19.29,23.16
151.63,27.24,17.99,11.12,18.41,61.26,43.11,19.29,23.20
151.64,27.29,17.94,11.10,18.41,61.10,43.11,19.29,23.16
151.65,27.29,17.99,11.12,18.41,61.10,43.11,19.29,23.20
151.66,27.29,17.97,11.12,18.41,61.26,43.02,19.29,23.16
151.67,27.29,17.97,11.10,18.41,61.10,43.02,19.29,23.20
151.68,27.24,17.97,11.10,18.41,61.10,43.02,19.29,23.20
151.69,27.29,17.97,11.12,18.41,61.10,43.11,19.29,23.16
151.70,27.29,17.99,11.12,18.41,61.26,43.20,19.29,23.20
151.71,27.24,17.99,11.12,18.41,61.26,43.02,19.31,23.20
151.72,27.24,17.99,11.10,18.41,61.10,43.11,19.29,23.20
151.73,27.24,17.99,11.10,18.41,61.10,43.02,19.29,23.20
151.74,27.29,17.99,11.12,18.41,61.26,43.11,19.29,23.16
151.75,27.29,17.99,11.12,18.41,61.26,43.11,19.29,23.20
151.76,27.20,17.99,11.12,18.41,61.10,43.11,19.29,23.20
151.77,27.24,17.97,11.12,18.41,61.10,43.11,19.29,23.20
151.78,27.20,17.97,11.10,18.41,61.26,43.11,19.29,23.16
151.79,27.24,17.99,11.12,18.41,61.10,43.11,19.31,23.16
151.80,27.29,17.99,11.12,18.41,61.10,43.11,19.29,23.16
151.81,27.29,17.99,11.12,18.41,61.10,43.11,19.29,23.16
151.82,27.29,17.97,11.12,18.41,61.10,43.02,19.29,23.20
151.83,27.24,17.97,11.12,18.41,61.10,43.11,19.29,23.20
151.84,27.24,17.99,11.12,18.41,61.10,43.11,19.29,23.20
151.85,27.24,17.99,11.12,18.41,61.10,43.02,19.29,23.16
151.86,27.29,17.97,11.12,18.41,61.26,43.11,19.29,23.20
151.87,27.29,17.99,11.12,18.41,61.10,43.02,19.29,23.20
151.88,27.20,17.97,11.12,18.41,61.10,43.02,19.29,23.16
151.89,27.29,17.99,11.10,18.41,61.10,43.11,19.29,23.20
151.90,27.24,17.99,11.12,18.41,61.10,43.11,19.29,23.20
151.91,27.24,17.97,11.10,18.41,61.10,43.11,19.29,23.20
151.92,27.24,17.97,11.12,18.41,61.10,43.11,19.29,23.16
151.93,27.24,17.99,11.12,18.41,61.10,43.11,19.29,23.16
151.94,27.29,17.99,11.12,18.41,61.10,43.11,19.31,23.20
151.95,27.24,18.02,11.12,18.41,61.10,43.11,19.29,23.16
151.96,27.29,17.99,11.10,18.41,61.10,43.11,19.29,23.20
151.97,27.24,17.97,11.10,18.41,61.10,43.11,19.29,23.20
151.98,27.29,17.97,11.10,18.41,61.10,43.11,19.29,23.16
151.99,27.24,17.99,11.12,18.41,61.10,43.11,19.29,23.20
152.00,27.24,17.99,11.12,18.41,61.26,43.11,19.29,23.20
152.01,27.24,17.99,11.10,18.41,61.10,43.11,19.29,23.20
152.02,27.24,17.99,11.12,18.41,61.26,43.02,19.29,23.20
152.03,27.29,17.97,11.12,18.41,61.10,43.11,19.29,23.16
152.04,27.29,17.99,11.12,18.44,61.26,43.11,19.29,23.20
152.05,27.24,17.99,11.12,18.41,61.10,43.11,19.31,23.20
152.06,27.29,17.99,11.12,18.41,61.26,43.11,19.29,23.16
152.07,27.24,17.99,11.10,18.41,61.10,43.11,19.29,23.16
152.08,27.29,17.97,11.10,18.41,61.10,43.02,19.29,23.20
152.09,27.29,17.99,11.12,18.41,61.10,43.11,19.29,23.20
152.10,27.24,17.99,11.12,18.41,61.26,43.11,19.31,23.20
152.11,27.29,17.97,11.12,18.41,61.26,43.11,19.29,23.16
152.12,27.29,17.97,11.12,18.41,61.10,43.11,19.29,23.16
152.13,27.24,17.99,11.12,18.41,61.26,43.11,19.29,23.20
152.14,27.24,17.99,11.12,18.44,61.10,43.11,19.29,23.16
152.15,27.29,17.99,11.12,18.39,61.26,43.20,19.29,23.20
152.16,27.29,17.99,11.12,18.41,61.26,43.11,19.29,23.20
152.17,27.29,17.99,11.12,18.41,61.10,43.11,19.29,23.20
152.18,27.29,17.99,11.10,18.41,61.10,43.11,19.29,23.16
152.19,27.29,17.99,11.12,18.41,61.10,43.11,19.29,23.20
152.20,27.29,17.99,11.12,18.41,61.26,43.11,19.31,23.20
152.21,27.24,17.99,11.12,18.41,61.10,43.11,19.29,23.16
152.22,27.24,17.99,11.12,18.41,61.10,43.11,19.29,23.16
152.23,27.24,17.99,11.12,18.41,61.10,43.11,19.29,23.20
152.24,27.29,17.99,11.12,18.41,61.10,43.11,19.29,23.20
152.25,27.24,17.99,11.13,18.41,61.26,43.20,19.31,23.20
152.26,27.29,17.99,11.12,18.41,61.10,43.11,19.29,23.20
152.27,27.24,17.99,11.12,18.41,61.10,43.11,19.29,23.20
152.28,27.29,17.99,11.12,18.41,61.10,43.11,19.29,23.20
152.29,27.29,17.99,11.12,18.41,61.26,43.11,19.31,23.16
152.30,27.29,17.99,11.12,18.41,61.26,43.11,19.29,23.16
152.31,27.24,17.99,11.12,18.41,61.26,43.11,19.29,23.20
152.32,27.24,17.97,11.12,18.41,61.26,43.11,19.29,23.20
152.33,27.24,17.99,11.12,18.41,61.10,43.02,19.29,23.20
152.34,27.29,17.99,11.12,18.41,61.26,43.11,19.31,23.16
152.35,27.29,17.99,11.12,18.41,61.26,43.11,19.29,23.16
152.36,27.24,17.99,11.12,18.41,61.10,43.11,19.29,23.20
152.37,27.24,17.99,11.10,18.41,61.10,43.11,19.29,23.20
152.38,27.29,17.99,11.12,18.41,61.10,43.11,19.29,23.16
152.39,27.29,17.99,11.12,18.41,61.26,43.20,19.29,23.20
152.40,27.24,18.02,11.12,18.41,61.26,43.11,19.29,23.16
152.41,27.24,17.99,11.12,18.39,61.10,43.11,19.29,23.20
152.42,27.24,17.97,11.10,18.41,61.26,43.11,19.29,23.16
152.43,27.24,17.99,11.12,18.41,61.10,43.11,19.29,23.16
152.48,27.29,17.99,11.12,18.41,61.26,43.11,19.29,23.16
152.49,27.29,17.99,11.12,18.41,61.26,43.11,19.29,23.20
152.50,27.24,17.99,11.12,18.41,61.10,43.02,19.29,23.16
152.51,27.24,17.99,11.12,18.41,61.10,43.20,19.29,23.16
152.52,27.24,17.99,11.10,18.41,61.10,43.20,19.26,23.20
152.53,27.29,17.99,11.12,18.41,61.26,43.02,19.29,23.16
152.54,27.24,17.99,11.12,18.41,61.26,43.11,19.31,23.16
152.55,27.29,17.99,11.10,18.41,61.10,43.02,19.29,23.16
152.56,27.24,17.97,11.10,18.41,61.10,43.02,19.29,23.20
152.57,27.20,17.99,11.12,18.41,61.10,43.02,19.29,23.16
152.58,27.29,17.99,11.12,18.41,61.10,43.11,19.29,23.20
152.59,27.29,17.99,11.12,18.41,61.10,43.02,19.29,23.20
152.60,27.24,17.99,11.12,18.41,61.26,43.11,19.29,23.20
152.61,27.24,17.97,11.12,18.41,61.10,43.11,19.29,23.16
152.62,27.24,17.97,11.10,18.41,61.26,43.11,19.29,23.16
152.63,27.24,17.99,11.12,18.41,61.10,43.11,19.29,23.16
152.64,27.24,17.99,11.12,18.41,61.10,43.11,19.29,23.16
152.65,27.24,17.99,11.10,18.41,61.10,43.11,19.29,23.20
152.66,27.20,17.97,11.12,18.41,61.10,43.11,19.29,23.16
152.67,27.20,17.97,11.10,18.41,61.10,43.11,19.29,23.16
152.68,27.24,17.99,11.12,18.41,61.10,43.11,19.31,23.16
152.69,27.24,17.99,11.12,18.41,61.10,43.11,19.31,23.16
152.70,27.24,17.97,11.12,18.41,61.10,43.11,19.29,23.16
152.71,27.29,17.99,11.12,18.41,61.10,43.11,19.29,23.20
152.72,27.24,17.97,11.10,18.41,61.10,43.11,19.29,23.16
152.73,27.24,17.99,11.12,18.41,61.10,43.11,19.29,23.16
152.74,27.24,17.99,11.12,18.41,61.10,43.11,19.29,23.16
152.75,27.24,17.99,11.12,18.41,61.10,43.02,19.29,23.20
152.76,27.29,17.97,11.10,18.41,61.26,43.11,19.29,23.16
152.77,27.24,17.97,11.12,18.41,61.10,43.11,19.29,23.20
152.78,27.24,17.99,11.12,18.41,61.26,43.11,19.29,23.16
152.79,27.29,17.99,11.12,18.41,61.10,43.11,19.26,23.16
152.80,27.24,17.99,11.12,18.41,61.10,43.11,19.29,23.16
152.81,27.24,17.99,11.10,18.41,61.10,43.11,19.29,23.20
152.82,27.24,17.99,11.10,18.41,61.10,43.11,19.29,23.16
152.83,27.24,17.99,11.12,18.41,61.10,43.11,19.29,23.20
152.84,27.24,17.99,11.12,18.41,61.10,43.11,19.29,23.16
152.85,27.24,17.97,11.10,18.41,61.10,43.11,19.29,23.20
152.86,27.20,17.97,11.10,18.41,61.10,43.02,19.29,23.16
152.87,27.24,17.97,11.10,18.41,61.10,43.11,19.29,23.16
152.88,27.29,17.99,11.12,18.41,61.10,43.11,19.29,23.20
152.89,27.29,17.99,11.12,18.41,61.26,43.02,19.29,23.20
152.90,27.29,17.99,11.12,18.41,61.10,43.11,19.29,23.16
152.91,27.20,17.99,11.10,18.41,61.10,43.11,19.29,23.16
152.92,27.24,17.99,11.10,18.41,61.10,43.11,19.29,23.16
152.93,27.29,17.99,11.10,18.41,61.10,43.02,19.29,23.16
152.94,27.24,17.99,11.12,18.41,61.26,43.11,19.31,23.20
152.95,27.29,17.99,11.12,18.41,61.10,43.11,19.29,23.20
152.96,27.24,17.97,11.10,18.41,61.10,43.11,19.29,23.20
152.97,27.29,17.99,11.12,18.41,61.10,43.02,19.29,23.20
152.98,27.24,18.02,11.12,18.41,61.26,43.11,19.29,23.20
152.99,27.24,17.99,11.12,18.41,61.10,43.11,19.29,23.16
153.00,27.24,17.99,11.12,18.41,61.10,43.11,19.29,23.20
153.01,27.24,17.97,11.10,18.41,61.10,43.11,19.29,23.16
153.02,27.24,17.99,11.10,18.41,61.10,43.11,19.29,23.16
153.03,27.24,17.99,11.12,18.41,61.10,43.11,19.29,23.20
153.04,27.29,17.99,11.12,18.41,61.26,43.11,19.29,23.16
153.05,27.24,17.99,11.12,18.41,61.10,43.02,19.29,23.16
153.06,27.20,17.97,11.12,18.41,61.10,43.11,19.29,23.16
153.07,27.24,17.99,11.10,18.41,61.10,43.11,19.29,23.20
153.08,27.29,17.99,11.10,18.41,61.10,43.11,19.29,23.20
153.09,27.33,17.99,11.12,18.41,61.10,43.02,19.29,23.20
153.10,27.29,17.99,11.12,18.41,61.10,43.11,19.29,23.16
153.11,27.24,17.97,11.12,18.41,61.10,43.02,19.29,23.16
153.12,27.24,17.97,11.12,18.41,61.10,43.11,19.29,23.20
153.13,27.24,17.99,11.12,18.41,61.10,43.11,19.29,23.20
153.14,27.24,17.99,11.12,18.41,61.10,43.11,19.29,23.16
153.15,27.29,17.99,11.12,18.41,61.10,43.02,19.29,23.16
153.16,27.24,17.97,11.10,18.41,61.10,43.02,19.29,23.20
153.17,27.29,17.97,11.12,18.41,61.10,43.02,19.29,23.16
153.18,27.24,17.97,11.12,18.41,61.26,43.11,19.29,23.20
153.19,27.29,17.99,11.10,18.41,61.10,43.11,19.29,23.20
153.20,27.24,17.99,11.10,18.41,61.10,43.11,19.29,23.16
153.21,27.24,17.99,11.10,18.41,61.10,43.02,19.29,23.16
153.22,27.20,17.97,11.12,18.41,61.10,43.11,19.29,23.20
153.23,27.24,17.99,11.10,18.41,61.10,43.02,19.31,23.16
153.24,27.29,17.99,11.12,18.41,61.26,43.11,19.29,23.20
153.25,27.20,17.97,11.10,18.41,61.10,43.11,19.29,23.20
153.26,27.20,17.97,11.10,18.41,61.10,43.02,19.29,23.20
153.27,27.20,17.97,11.10,18.41,61.10,43.11,19.29,23.20
153.28,27.29,17.97,11.12,18.41,61.26,43.11,19.29,23.20
153.29,27.29,17.99,11.12,18.41,61.10,43.11,19.29,23.20
153.30,27.24,17.97,11.10,18.41,61.10,43.02,19.29,23.16
153.31,27.24,17.97,11.10,18.41,61.10,43.11,19.29,23.20
153.32,27.24,17.97,11.10,18.44,61.10,43.11,19.29,23.20
153.33,27.29,17.99,11.10,18.41,61.26,43.02,19.29,23.20
153.34,27.24,17.99,11.12,18.41,61.10,43.11,19.31,23.16
153.35,27.24,17.99,11.10,18.41,61.10,43.11,19.29,23.16
153.36,27.29,17.97,11.10,18.41,61.10,43.02,19.29,23.16
153.37,27.24,17.97,11.12,18.41,61.10,43.11,19.29,23.20
153.38,27.29,17.97,11.10,18.41,61.10,43.02,19.29,23.16
153.39,27.24,17.99,11.12,18.41,61.10,43.02,19.29,23.20
153.40,27.20,17.97,11.12,18.41,61.10,43.02,19.29,23.16
153.41,27.24,17.97,11.10,18.41,61.10,43.11,19.29,23.16
153.42,27.24,17.97,11.10,18.41,61.10,43.11,19.29,23.20
153.43,27.29,17.97,11.12,18.41,61.10,43.11,19.29,23.16
153.44,27.24,17.99,11.10,18.41,61.10,43.11,19.29,23.20
153.45,27.24,17.99,11.10,18.41,61.10,43.11,19.29,23.16
153.46,27.24,17.97,11.10,18.41,61.10,43.02,19.29,23.16
153.47,27.24,17.97,11.10,18.41,61.10,43.11,19.29,23.20
153.48,27.24,17.97,11.12,18.41,61.26,43.11,19.29,23.16
153.49,27.24,17.99,11.12,18.41,61.10,43.02,19.29,23.16
153.50,27.24,17.97,11.12,18.41,61.10,43.11,19.29,23.16
153.51,27.20,17.97,11.10,18.41,61.10,43.02,19.29,23.16
153.52,27.29,17.97,11.10,18.41,61.10,43.11,19.29,23.16
153.53,27.24,17.99,11.12,18.41,61.10,43.11,19.29,23.16
153.54,27.24,17.97,11.12,18.41,61.10,43.02,19.29,23.20
153.55,27.24,17.97,11.10,18.41,61.10,43.11,19.29,23.16
153.56,27.24,17.97,11.10,18.41,61.10,43.02,19.29,23.16
153.57,27.20,17.97,11.10,18.44,61.10,43.11,19.29,23.20
153.58,27.24,17.99,11.12,18.44,61.10,43.02,19.29,23.16
153.59,27.24,17.97,11.10,18.41,61.10,43.11,19.29,23.16
153.60,27.20,17.97,11.10,18.41,61.10,43.02,19.29,23.16
153.61,27.29,17.97,11.10,18.41,61.10,43.11,19.29,23.16
153.62,27.24,17.97,11.10,18.41,61.10,43.02,19.29,23.16
153.63,27.29,17.99,11.10,18.41,61.10,43.11,19.29,23.20
153.64,27.24,17.97,11.12,18.41,61.10,43.11,19.29,23.16
153.65,27.29,17.97,11.10,18.41,61.10,43.02,19.29,23.16
153.66,27.24,17.97,11.10,18.41,61.10,43.02,19.26,23.16
153.67,27.20,17.94,11.10,18.41,61.10,43.02,19.29,23.20
153.68,27.20,17.94,11.10,18.41,61.10,43.11,19.29,23.16
153.69,27.29,17.99,11.10,18.44,61.10,43.11,19.29,23.16
153.70,27.24,17.97,11.10,18.41,61.10,43.02,19.29,23.16
153.71,27.20,17.94,11.10,18.41,61.10,43.02,19.26,23.16
153.72,27.29,17.97,11.10,18.41,61.10,43.11,19.29,23.20
153.73,27.20,17.97,11.10,18.44,61.10,43.11,19.29,23.16
153.74,27.29,17.99,11.10,18.41,61.10,43.11,19.29,23.20
153.75,27.20,17.97,11.10,18.41,61.10,43.02,19.26,23.16
153.76,27.29,17.97,11.10,18.41,61.10,43.02,19.29,23.20
153.77,27.29,17.97,11.10,18.41,61.10,43.11,19.29,23.20
153.78,27.24,17.97,11.10,18.41,61.10,43.02,19.29,23.16
153.79,27.29,17.97,11.12,18.41,61.10,43.20,19.29,23.20
153.80,27.29,17.97,11.10,18.41,61.10,42.92,19.26,23.16
153.81,27.24,17.94,11.10,18.41,61.10,43.02,19.29,23.16
153.82,27.20,17.97,11.10,18.41,61.10,43.02,19.29,23.16
153.83,27.29,17.97,11.10,18.41,61.10,43.11,19.29,23.16
153.84,27.24,17.97,11.10,18.41,61.10,43.11,19.29,23.20
153.85,27.20,17.97,11.10,18.41,61.10,43.02,19.29,23.16
153.86,27.20,17.97,11.09,18.41,61.10,43.02,19.26,23.16
153.87,27.24,17.94,11.10,18.41,61.10,43.11,19.29,23.16
153.88,27.20,17.97,11.10,18.41,61.10,43.02,19.29,23.16
153.89,27.24,17.99,11.12,18.41,61.10,43.02,19.29,23.16
153.90,27.24,17.97,11.10,18.41,61.10,43.11,19.29,23.16
153.91,27.20,17.97,11.10,18.41,61.10,43.02,19.29,23.16
153.92,27.24,17.97,11.10,18.41,61.10,43.11,19.29,23.20
153.93,27.15,17.97,11.10,18.44,61.10,43.02,19.29,23.20
153.94,27.24,17.97,11.10,18.41,61.10,43.02,19.29,23.20
153.95,27.15,17.97,11.10,18.41,61.10,43.02,19.29,23.16
153.96,27.24,17.97,11.10,18.41,61.10,43.02,19.26,23.16
153.97,27.20,17.97,11.10,18.41,61.10,43.02,19.29,23.16
153.98,27.20,17.97,11.10,18.44,61.10,43.11,19.29,23.16
153.99,27.24,17.97,11.10,18.41,61.10,43.11,19.29,23.16
154.00,27.20,17.97,11.10,18.41,61.10,43.02,19.29,23.16
154.01,27.24,17.97,11.10,18.41,61.10,43.02,19.29,23.16
154.02,27.20,17.94,11.10,18.41,60.94,43.02,19.29,23.16
154.03,27.20,17.97,11.10,18.41,61.26,43.02,19.29,23.13
154.04,27.20,17.97,11.10,18.41,61.10,43.11,19.29,23.16
154.05,27.24,17.97,11.10,18.41,61.10,43.11,19.26,23.16
154.06,27.20,17.97,11.10,18.41,61.10,43.02,19.31,23.16
154.07,27.20,17.94,11.10,18.41,61.10,43.02,19.29,23.20
154.08,27.24,17.97,11.10,18.41,61.10,43.11,19.29,23.16
154.09,27.20,17.97,11.10,18.41,61.10,43.11,19.29,23.16
154.10,27.20,17.94,11.10,18.41,61.10,43.02,19.29,23.16
154.11,27.20,17.97,11.10,18.41,61.10,43.02,19.29,23.16
154.12,27.24,17.97,11.10,18.41,61.10,43.02,19.29,23.16
154.13,27.24,17.97,11.10,18.44,61.10,43.02,19.29,23.16
154.14,27.24,17.97,11.12,18.41,61.10,43.02,19.29,23.16
154.15,27.24,17.97,11.10,18.41,60.94,43.02,19.29,23.16
154.16,27.20,17.94,11.10,18.41,61.10,43.02,19.29,23.20
154.17,27.24,17.94,11.10,18.41,61.10,43.02,19.29,23.20
154.18,27.24,17.97,11.10,18.41,61.10,43.02,19.29,23.16
154.19,27.24,17.97,11.10,18.41,61.10,43.02,19.29,23.16
154.20,27.24,17.94,11.10,18.41,61.10,43.02,19.29,23.16
154.21,27.20,17.94,11.10,18.41,61.10,43.02,19.29,23.16
154.22,27.15,17.97,11.10,18.41,61.10,43.02,19.29,23.16
154.23,27.24,17.97,11.10,18.41,61.10,43.11,19.29,23.16
154.24,27.24,17.97,11.10,18.41,61.10,43.11,19.29,23.16
154.25,27.20,17.94,11.10,18.41,61.10,43.02,19.29,23.16
154.26,27.24,17.97,11.10,18.41,61.10,43.02,19.29,23.16
154.27,27.20,17.97,11.10,18.44,61.10,43.02,19.29,23.16
154.28,27.20,17.97,11.10,18.41,61.10,43.02,19.31,23.20
154.29,27.24,17.97,11.12,18.41,61.10,43.02,19.29,23.16
154.30,27.20,17.97,11.10,18.41,61.10,43.02,19.29,23.16
154.31,27.24,17.94,11.10,18.44,61.10,43.02,19.31,23.16
154.32,27.20,17.94,11.10,18.41,61.10,43.02,19.29,23.16
154.33,27.20,17.97,11.10,18.41,61.10,43.02,19.31,23.16
154.34,27.29,17.97,11.12,18.41,61.10,43.02,19.31,23.20
154.35,27.20,17.94,11.10,18.41,61.10,43.02,19.31,23.16
154.36,27.24,17.97,11.10,18.41,61.10,43.02,19.29,23.16
154.37,27.24,17.97,11.10,18.44,61.10,43.02,19.31,23.16
154.38,27.24,17.94,11.10,18.41,61.10,43.11,19.31,23.16
154.39,27.24,17.97,11.10,18.41,61.10,43.02,19.31,23.16
154.40,27.20,17.94,11.10,18.41,61.10,43.02,19.31,23.20
154.41,27.20,17.94,11.10,18.41,61.10,43.02,19.31,23.16
154.42,27.24,17.97,11.10,18.41,61.10,43.02,19.34,23.16
154.43,27.24,17.97,11.12,18.44,61.10,43.11,19.31,23.16
154.44,27.20,17.97,11.12,18.41,61.10,43.02,19.31,23.16
154.45,27.24,17.97,11.12,18.41,61.10,43.02,19.31,23.16
154.46,27.20,17.94,11.10,18.41,61.10,43.02,19.31,23.16
154.47,27.20,17.94,11.12,18.41,61.10,43.02,19.31,23.16
154.48,27.29,17.97,11.12,18.41,61.10,43.02,19.31,23.16
154.49,27.29,17.97,11.10,18.41,61.10,43.02,19.31,23.16
154.50,27.24,17.97,11.10,18.41,61.10,43.02,19.31,23.16
154.51,27.20,17.97,11.10,18.41,61.10,43.02,19.31,23.16
154.52,27.20,17.94,11.12,18.41,61.10,43.02,19.34,23.16
154.53,27.29,17.97,11.12,18.44,61.26,43.11,19.34,23.16
154.54,27.29,17.97,11.12,18.41,61.10,43.02,19.34,23.16
154.55,27.20,17.97,11.12,18.41,61.10,43.02,19.31,23.16
154.56,27.20,17.97,11.10,18.41,61.10,43.02,19.34,23.16
154.57,27.24,17.97,11.12,18.41,61.10,43.02,19.34,23.16
154.58,27.29,17.97,11.12,18.41,61.10,43.02,19.34,23.16
154.59,27.24,17.97,11.10,18.41,61.10,43.02,19.34,23.16
154.60,27.20,17.97,11.12,18.41,61.10,43.02,19.34,23.16
154.61,27.24,17.94,11.12,18.41,61.10,43.02,19.34,23.20
154.62,27.24,17.97,11.12,18.41,61.26,43.02,19.34,23.16
154.63,27.29,17.97,11.12,18.41,61.10,43.02,19.34,23.16
154.64,27.24,17.97,11.12,18.44,61.26,43.11,19.37,23.20
154.65,27.20,17.97,11.12,18.41,61.10,43.02,19.34,23.16
154.66,27.24,17.97,11.10,18.41,61.10,43.02,19.34,23.16
154.67,27.24,17.97,11.12,18.41,61.10,43.02,19.34,23.16
154.68,27.29,17.97,11.12,18.41,61.10,43.11,19.37,23.16
154.69,27.24,17.97,11.12,18.41,61.10,43.02,19.37,23.16
154.70,27.24,17.94,11.12,18.41,61.10,43.02,19.37,23.16
154.71,27.20,17.97,11.12,18.41,61.10,43.02,19.37,23.16
154.72,27.24,17.94,11.12,18.41,61.26,43.02,19.37,23.16
154.73,27.24,17.97,11.13,18.41,61.26,43.02,19.37,23.16
154.74,27.29,17.97,11.12,18.41,61.26,43.02,19.37,23.16
154.75,27.29,17.97,11.12,18.41,61.10,43.02,19.37,23.16
154.76,27.24,17.94,11.12,18.41,61.10,43.02,19.37,23.16
154.77,27.24,17.97,11.13,18.41,61.26,43.02,19.37,23.16
154.78,27.29,17.97,11.13,18.41,61.26,43.02,19.40,23.20
154.79,27.24,17.97,11.13,18.41,61.10,43.11,19.37,23.16
154.80,27.20,17.94,11.12,18.41,61.10,43.02,19.40,23.16
154.81,27.29,17.94,11.12,18.41,61.10,43.02,19.37,23.16
154.82,27.20,17.94,11.13,18.41,61.26,43.02,19.40,23.16
154.83,27.24,17.97,11.13,18.41,61.26,43.02,19.40,23.16
154.84,27.29,17.97,11.13,18.41,61.26,43.11,19.40,23.16
154.85,27.24,17.97,11.13,18.41,61.26,43.02,19.40,23.16
154.86,27.29,17.97,11.13,18.44,61.10,43.11,19.40,23.16
154.87,27.29,17.97,11.13,18.41,61.26,43.02,19.40,23.16
154.88,27.33,17.97,11.13,18.41,61.26,43.02,19.42,23.16
154.89,27.29,17.97,11.13,18.44,61.26,43.11,19.42,23.20
154.90,27.24,17.97,11.13,18.41,61.26,43.11,19.42,23.20
154.91,27.29,17.97,11.13,18.41,61.26,43.02,19.40,23.16
154.92,27.29,17.97,11.13,18.44,61.26,43.02,19.42,23.16
154.93,27.33,17.97,11.13,18.41,61.26,43.02,19.42,23.16
154.94,27.33,17.99,11.13,18.44,61.26,43.02,19.42,23.16
154.95,27.29,17.94,11.13,18.44,61.26,43.02,19.42,23.16
154.96,27.29,17.97,11.13,18.44,61.26,43.02,19.42,23.20
154.97,27.33,17.97,11.13,18.44,61.26,43.02,19.45,23.16
154.98,27.29,17.97,11.14,18.44,61.42,43.11,19.45,23.20
154.99,27.33,17.97,11.14,18.44,61.26,43.11,19.45,23.16
155.00,27.33,17.97,11.13,18.41,61.26,43.02,19.45,23.16
155.01,27.24,17.97,11.13,18.44,61.26,43.02,19.42,23.16
155.02,27.29,17.97,11.13,18.41,61.26,43.11,19.45,23.16
155.03,27.29,17.97,11.14,18.44,61.26,43.02,19.45,23.16
155.04,27.29,17.97,11.14,18.41,61.42,43.20,19.45,23.16
155.05,27.29,17.97,11.13,18.41,61.26,42.92,19.45,23.13
155.06,27.24,17.97,11.14,18.41,61.26,43.02,19.45,23.13
155.07,27.29,17.97,11.14,18.44,61.26,43.02,19.48,23.16
155.08,27.29,17.97,11.14,18.41,61.26,43.02,19.48,23.16
155.09,27.29,17.97,11.14,18.41,61.26,43.11,19.48,23.16
155.10,27.29,17.97,11.14,18.41,61.26,43.02,19.45,23.20
155.11,27.29,17.94,11.14,18.41,61.42,43.02,19.48,23.16
155.12,27.24,17.97,11.14,18.44,61.42,43.02,19.48,23.16
155.13,27.29,17.97,11.16,18.41,61.42,43.02,19.48,23.16
155.14,27.33,17.99,11.16,18.41,61.42,43.11,19.48,23.16
155.15,27.29,17.97,11.14,18.41,61.42,43.02,19.51,23.16
155.16,27.29,17.97,11.14,18.44,61.42,43.02,19.48,23.20
155.17,27.29,17.97,11.16,18.44,61.42,43.11,19.51,23.20
155.18,27.29,17.97,11.14,18.41,61.42,43.02,19.51,23.16
155.19,27.33,17.99,11.16,18.41,61.42,43.11,19.51,23.16
155.20,27.29,17.97,11.14,18.44,61.42,43.02,19.51,23.16
155.21,27.33,17.97,11.16,18.41,61.42,43.02,19.51,23.16
155.22,27.29,17.97,11.16,18.41,61.42,43.02,19.54,23.20
155.23,27.33,17.97,11.16,18.44,61.42,43.11,19.51,23.16
155.24,27.29,17.97,11.16,18.41,61.42,43.11,19.54,23.16
155.25,27.29,17.97,11.16,18.41,61.26,43.02,19.54,23.16
155.26,27.33,17.94,11.16,18.41,61.42,43.02,19.54,23.16
155.27,27.29,17.97,11.16,18.41,61.42,43.02,19.54,23.16
155.28,27.33,17.97,11.17,18.41,61.42,43.02,19.54,23.13
155.29,27.33,17.97,11.17,18.41,61.59,43.02,19.56,23.16
155.30,27.29,17.97,11.16,18.41,61.26,43.11,19.54,23.16
155.31,27.29,17.97,11.16,18.41,61.42,43.11,19.56,23.16
155.32,27.29,17.97,11.17,18.44,61.42,43.02,19.56,23.20
155.33,27.33,17.99,11.17,18.41,61.59,43.02,19.56,23.16
155.34,27.38,17.97,11.17,18.41,61.59,43.11,19.56,23.16
155.35,27.33,17.97,11.17,18.41,61.42,43.02,19.56,23.20
155.36,27.33,17.97,11.17,18.41,61.59,43.02,19.56,23.16
155.37,27.38,17.97,11.17,18.41,61.42,43.02,19.59,23.16
155.38,27.33,17.99,11.17,18.41,61.59,43.11,19.59,23.16
155.39,27.33,17.99,11.17,18.44,61.59,43.11,19.59,23.16
155.40,27.33,17.97,11.17,18.41,61.59,43.11,19.59,23.16
155.41,27.33,17.97,11.17,18.41,61.42,43.02,19.59,23.16
155.42,27.33,17.97,11.17,18.44,61.59,43.02,19.59,23.20
155.43,27.33,17.97,11.19,18.44,61.59,43.02,19.59,23.16
155.44,27.38,17.97,11.19,18.41,61.59,43.11,19.62,23.20
155.45,27.33,17.97,11.19,18.41,61.59,43.02,19.62,23.20
155.46,27.33,17.97,11.19,18.44,61.59,43.02,19.62,23.20
155.47,27.38,17.99,11.19,18.44,61.59,43.11,19.62,23.20
155.48,27.38,17.99,11.19,18.41,61.59,43.11,19.62,23.20
155.49,27.38,17.99,11.19,18.41,61.59,43.11,19.65,23.20
155.50,27.33,17.97,11.19,18.41,61.59,43.02,19.65,23.20
155.51,27.38,17.97,11.19,18.41,61.59,43.11,19.62,23.20
155.52,27.33,17.97,11.19,18.41,61.59,43.02,19.65,23.20
155.53,27.42,17.99,11.20,18.44,61.59,43.11,19.65,23.20
155.54,27.38,17.99,11.20,18.41,61.76,43.02,19.65,23.20
155.55,27.33,17.99,11.20,18.44,61.59,43.11,19.65,23.20
155.56,27.38,17.97,11.20,18.41,61.59,43.02,19.65,23.16
155.57,27.33,17.97,11.20,18.44,61.76,43.02,19.68,23.20
155.58,27.42,17.99,11.20,18.41,61.76,43.11,19.68,23.16
155.59,27.38,17.99,11.22,18.44,61.59,43.02,19.68,23.20
155.60,27.38,17.94,11.20,18.41,61.76,43.02,19.68,23.20
155.61,27.33,17.97,11.20,18.41,61.76,43.02,19.68,23.20
155.62,27.38,17.99,11.20,18.41,61.76,43.02,19.70,23.20
155.63,27.38,17.99,11.22,18.41,61.76,43.11,19.70,23.20
155.64,27.42,17.99,11.22,18.41,61.76,43.11,19.68,23.20
155.65,27.38,17.97,11.22,18.41,61.76,43.02,19.70,23.20
155.66,27.38,17.99,11.20,18.41,61.76,43.02,19.70,23.20
155.67,27.42,17.99,11.22,18.41,61.76,43.11,19.70,23.16
155.68,27.38,17.99,11.23,18.44,61.76,43.11,19.73,23.20
155.69,27.38,17.99,11.22,18.41,61.76,43.11,19.73,23.20
155.70,27.42,17.99,11.22,18.41,61.76,43.02,19.73,23.20
155.71,27.38,17.99,11.22,18.44,61.76,43.11,19.73,23.20
155.72,27.42,17.97,11.23,18.41,61.76,43.11,19.73,23.20
155.73,27.38,17.99,11.23,18.44,61.76,43.11,19.73,23.20
155.74,27.38,17.99,11.23,18.41,61.76,43.11,19.73,23.20
155.75,27.38,17.99,11.23,18.44,61.76,43.02,19.73,23.20
155.76,27.38,17.99,11.23,18.41,61.92,43.11,19.76,23.20
155.77,27.42,17.99,11.23,18.41,61.76,43.11,19.76,23.20
155.78,27.47,17.99,11.24,18.44,61.92,43.11,19.79,23.20
155.79,27.47,17.99,11.23,18.41,61.92,43.11,19.79,23.20
155.80,27.42,17.97,11.23,18.41,61.76,43.11,19.79,23.16
155.81,27.38,17.99,11.23,18.41,61.76,43.11,19.76,23.16
155.82,27.42,17.99,11.23,18.41,61.92,43.11,19.79,23.20
155.83,27.47,17.99,11.24,18.44,62.09,43.11,19.82,23.20
155.84,27.42,17.99,11.24,18.44,61.92,43.11,19.79,23.20
155.85,27.42,17.99,11.24,18.44,61.92,43.11,19.82,23.20
155.86,27.42,17.97,11.24,18.41,61.92,43.11,19.82,23.20
155.87,27.42,17.99,11.24,18.44,61.92,43.11,19.82,23.20
155.88,27.47,17.99,11.26,18.44,62.09,43.11,19.82,23.16
155.89,27.47,17.99,11.24,18.41,62.09,43.11,19.85,23.20
155.90,27.42,17.99,11.24,18.41,61.92,43.11,19.82,23.20
155.91,27.42,17.99,11.26,18.44,62.09,43.11,19.85,23.20
155.92,27.42,17.99,11.26,18.41,62.09,43.11,19.85,23.20
155.93,27.47,17.99,11.27,18.41,62.09,43.11,19.85,23.20
155.94,27.51,17.99,11.26,18.41,62.09,43.11,19.85,23.20
155.95,27.47,17.99,11.26,18.41,62.09,43.11,19.85,23.20
155.96,27.42,17.99,11.26,18.41,62.09,43.11,19.85,23.20
155.97,27.47,17.99,11.27,18.44,62.09,43.11,19.88,23.20
155.98,27.47,17.99,11.27,18.44,62.09,43.20,19.88,23.20
155.99,27.47,17.99,11.27,18.41,62.09,43.11,19.88,23.20
156.00,27.47,17.99,11.27,18.41,61.92,43.11,19.88,23.20
156.01,27.47,17.99,11.27,18.41,62.09,43.11,19.90,23.16
156.02,27.47,17.99,11.27,18.41,62.09,43.20,19.88,23.20
156.03,27.47,17.99,11.29,18.44,62.09,43.11,19.90,23.20
156.04,27.47,18.02,11.29,18.41,62.09,43.11,19.90,23.20
156.05,27.47,17.99,11.27,18.41,62.09,43.11,19.90,23.20
156.06,27.51,17.99,11.29,18.41,62.26,43.11,19.93,23.20
156.07,27.47,17.99,11.29,18.44,62.09,43.11,19.93,23.20
156.08,27.51,18.02,11.29,18.41,62.26,43.11,19.93,23.20
156.09,27.51,18.02,11.29,18.44,62.26,43.20,19.93,23.20
156.10,27.47,18.02,11.29,18.41,62.26,43.11,19.93,23.20
156.11,27.47,17.99,11.29,18.41,62.26,43.20,19.93,23.20
156.12,27.47,17.99,11.29,18.41,62.26,43.11,19.96,23.20
156.13,27.51,18.02,11.30,18.44,62.26,43.11,19.96,23.20
156.14,27.51,18.02,11.30,18.44,62.26,43.11,19.96,23.20
156.15,27.51,17.99,11.30,18.41,62.26,43.11,19.96,23.20
156.16,27.51,17.99,11.30,18.44,62.26,43.11,19.96,23.20
156.17,27.51,18.02,11.30,18.41,62.26,43.11,19.96,23.20
156.18,27.51,18.02,11.32,18.41,62.26,43.20,19.99,23.20
156.19,27.56,18.04,11.32,18.44,62.42,43.20,19.99,23.20
156.20,27.51,17.99,11.32,18.41,62.26,43.11,19.99,23.20
156.21,27.51,17.99,11.32,18.41,62.26,43.11,19.99,23.20
156.22,27.56,18.02,11.32,18.41,62.42,43.11,20.02,23.20
156.23,27.56,18.02,11.32,18.41,62.42,43.11,20.02,23.20
156.24,27.56,18.02,11.33,18.44,62.42,43.11,20.02,23.20
156.25,27.51,18.02,11.32,18.41,62.42,43.20,20.05,23.20
156.26,27.51,18.02,11.33,18.44,62.42,43.11,20.02,23.20
156.27,27.56,18.02,11.33,18.44,62.42,43.20,20.05,23.20
156.28,27.56,18.02,11.33,18.44,62.42,43.11,20.05,23.20
156.29,27.56,18.02,11.33,18.44,62.42,43.20,20.05,23.20
156.30,27.51,18.02,11.33,18.44,62.42,43.11,20.08,23.20
156.31,27.56,18.02,11.33,18.41,62.42,43.20,20.08,23.20
156.32,27.51,18.02,11.33,18.44,62.42,43.20,20.08,23.23
156.33,27.60,18.04,11.35,18.44,62.42,43.20,20.08,23.20
156.34,27.60,18.02,11.35,18.41,62.42,43.20,20.08,23.20
156.35,27.56,18.02,11.35,18.44,62.59,43.11,20.08,23.20
156.36,27.60,18.02,11.35,18.44,62.59,43.20,20.08,23.20
156.37,27.60,18.02,11.35,18.44,62.42,43.20,20.11,23.20
156.38,27.56,18.04,11.36,18.44,62.59,43.11,20.14,23.20
156.39,27.56,18.04,11.36,18.44,62.59,43.20,20.11,23.20
156.40,27.56,18.02,11.36,18.44,62.59,43.20,20.11,23.20
156.41,27.51,18.02,11.36,18.44,62.42,43.20,20.14,23.20
156.42,27.60,18.02,11.36,18.44,62.59,43.20,20.14,23.20
156.43,27.51,18.04,11.38,18.44,62.59,43.20,20.14,23.20
156.44,27.65,18.04,11.38,18.41,62.76,43.20,20.14,23.20
156.45,27.56,18.04,11.36,18.44,62.59,43.20,20.14,23.20
156.46,27.51,18.04,11.38,18.41,62.59,43.20,20.16,23.20
156.47,27.65,18.04,11.36,18.44,62.59,43.20,20.16,23.20
156.48,27.65,18.04,11.38,18.44,62.59,43.20,20.16,23.20
156.49,27.65,18.02,11.38,18.44,62.76,43.20,20.19,23.20
156.50,27.56,18.04,11.38,18.44,62.59,43.20,20.16,23.20
156.51,27.60,18.04,11.38,18.44,62.76,43.20,20.19,23.20
156.52,27.60,18.04,11.39,18.46,62.76,43.20,20.22,23.20
156.53,27.60,18.04,11.39,18.44,62.76,43.20,20.22,23.20
156.54,27.60,18.04,11.39,18.44,62.93,43.20,20.22,23.23
156.55,27.65,18.04,11.39,18.44,62.59,43.20,20.19,23.20
156.56,27.60,18.04,11.41,18.44,62.76,43.29,20.25,23.20
156.57,27.60,18.04,11.39,18.44,62.93,43.20,20.25,23.20
156.58,27.65,18.04,11.41,18.44,62.76,43.20,20.25,23.23
156.59,27.69,18.07,11.41,18.44,62.76,43.29,20.25,23.20
156.60,27.65,18.04,11.41,18.44,62.76,43.20,20.25,23.20
156.61,27.65,18.04,11.41,18.44,62.76,43.20,20.25,23.20
156.62,27.65,18.04,11.41,18.44,62.93,43.29,20.28,23.23
156.63,27.69,18.04,11.42,18.44,62.93,43.29,20.28,23.20
156.64,27.65,18.07,11.42,18.44,62.93,43.20,20.28,23.20
156.65,27.69,18.04,11.42,18.44,62.93,43.20,20.28,23.20
156.66,27.69,18.04,11.42,18.44,62.93,43.20,20.28,23.20
156.67,27.69,18.07,11.42,18.44,62.93,43.20,20.28,23.20
156.68,27.74,18.07,11.44,18.44,62.93,43.20,20.31,23.20
156.69,27.69,18.07,11.44,18.44,62.93,43.11,20.31,23.20
156.70,27.74,18.07,11.44,18.44,62.93,43.29,20.31,23.20
156.71,27.69,18.04,11.44,18.44,62.93,43.20,20.31,23.23
156.72,27.65,18.04,11.44,18.44,62.93,43.29,20.31,23.20
156.73,27.74,18.07,11.45,18.44,63.11,43.29,20.34,23.20
156.74,27.74,18.07,11.45,18.44,63.11,43.29,20.34,23.20
156.75,27.69,18.04,11.45,18.44,62.93,43.20,20.34,23.20
156.76,27.74,18.04,11.45,18.44,63.11,43.29,20.34,23.20
156.77,27.74,18.07,11.45,18.44,63.11,43.29,20.37,23.23
156.78,27.69,18.09,11.46,18.44,63.11,43.38,20.37,23.20
156.79,27.74,18.07,11.46,18.44,63.11,43.29,20.40,23.23
156.80,27.69,18.07,11.46,18.44,63.11,43.29,20.40,23.23
156.81,27.69,18.04,11.46,18.44,63.11,43.29,20.40,23.23
156.82,27.69,18.07,11.46,18.44,63.11,43.29,20.40,23.20
156.83,27.74,18.09,11.48,18.44,63.11,43.29,20.43,23.20
156.84,27.74,18.07,11.46,18.44,63.28,43.29,20.43,23.23
156.85,27.74,18.07,11.48,18.44,63.11,43.29,20.43,23.23
156.86,27.79,18.07,11.46,18.44,63.28,43.29,20.43,23.20
156.87,27.79,18.07,11.48,18.44,63.28,43.29,20.43,23.23
156.88,27.79,18.09,11.49,18.44,63.28,43.29,20.46,23.23
156.89,27.79,18.07,11.49,18.44,63.28,43.29,20.46,23.23
156.90,27.79,18.07,11.49,18.44,63.28,43.38,20.46,23.23
156.91,27.79,18.07,11.48,18.44,63.28,43.29,20.49,23.20
156.92,27.74,18.07,11.49,18.44,63.28,43.29,20.49,23.23
156.93,27.74,18.09,11.49,18.44,63.45,43.29,20.49,23.23
156.94,27.74,18.09,11.51,18.44,63.28,43.38,20.49,23.23
156.95,27.79,18.09,11.49,18.44,63.28,43.29,20.49,23.23
156.96,27.74,18.07,11.51,18.44,63.28,43.29,20.49,23.23
156.97,27.74,18.09,11.51,18.44,63.45,43.29,20.52,23.23
156.98,27.83,18.09,11.51,18.44,63.28,43.38,20.52,23.23
156.99,27.79,18.09,11.51,18.44,63.28,43.29,20.55,23.23
157.00,27.74,18.07,11.51,18.44,63.45,43.29,20.52,23.23
157.01,27.83,18.07,11.53,18.44,63.45,43.38,20.55,23.23
157.02,27.79,18.09,11.53,18.44,63.45,43.29,20.55,23.23
157.03,27.79,18.09,11.53,18.44,63.45,43.38,20.55,23.23
157.04,27.79,18.09,11.53,18.44,63.45,43.38,20.58,23.23
157.05,27.83,18.09,11.53,18.44,63.45,43.38,20.55,23.23
157.06,27.79,18.09,11.53,18.41,63.45,43.29,20.58,23.23
157.07,27.83,18.09,11.54,18.44,63.45,43.38,20.58,23.23
157.08,27.88,18.09,11.54,18.44,63.63,43.38,20.61,23.23
157.09,27.83,18.09,11.55,18.44,63.63,43.47,20.61,23.23
157.10,27.88,18.12,11.54,18.44,63.45,43.38,20.61,23.23
157.11,27.88,18.09,11.54,18.44,63.63,43.38,20.61,23.23
157.12,27.88,18.09,11.55,18.44,63.63,43.38,20.64,23.23
157.13,27.83,18.12,11.55,18.44,63.63,43.38,20.64,23.23
157.14,27.83,18.12,11.55,18.44,63.63,43.38,20.64,23.23
157.15,27.83,18.09,11.55,18.44,63.63,43.38,20.64,23.23
157.16,27.88,18.09,11.55,18.44,63.63,43.29,20.64,23.23
157.17,27.83,18.09,11.55,18.44,63.63,43.38,20.64,23.23
157.18,27.88,18.12,11.57,18.44,63.80,43.38,20.67,23.27
157.19,27.83,18.12,11.57,18.44,63.63,43.38,20.70,23.23
157.20,27.83,18.09,11.57,18.44,63.63,43.38,20.67,23.23
157.21,27.92,18.09,11.57,18.44,63.80,43.38,20.70,23.23
157.22,27.88,18.12,11.58,18.46,63.80,43.38,20.70,23.23
157.23,27.88,18.12,11.58,18.46,63.80,43.38,20.70,23.23
157.24,27.92,18.12,11.58,18.44,63.80,43.38,20.70,23.23
157.25,27.88,18.09,11.58,18.44,63.80,43.38,20.73,23.23
157.26,27.88,18.09,11.58,18.44,63.80,43.38,20.73,23.23
157.27,27.92,18.12,11.60,18.44,63.80,43.38,20.73,23.23
157.28,27.92,18.12,11.60,18.44,63.80,43.38,20.76,23.23
157.29,27.92,18.12,11.60,18.44,63.80,43.38,20.76,23.23
157.30,27.92,18.12,11.60,18.44,63.80,43.38,20.76,23.23
157.31,27.83,18.12,11.60,18.44,63.80,43.38,20.76,23.23
157.32,27.92,18.12,11.61,18.44,63.80,43.38,20.76,23.23
157.33,27.97,18.12,11.61,18.41,63.98,43.47,20.79,23.23
157.34,27.92,18.12,11.61,18.44,63.98,43.38,20.79,23.23
157.35,27.88,18.12,11.61,18.44,63.98,43.38,20.79,23.23
157.36,27.92,18.12,11.61,18.44,63.98,43.38,20.82,23.23
157.37,27.92,18.12,11.61,18.44,63.98,43.38,20.82,23.23
157.38,27.92,18.14,11.63,18.44,63.98,43.47,20.82,23.27
157.39,27.92,18.12,11.63,18.46,63.98,43.38,20.82,23.23
157.40,27.92,18.12,11.63,18.44,63.98,43.38,20.82,23.23
157.41,27.92,18.12,11.63,18.44,63.98,43.47,20.85,23.23
157.42,27.97,18.12,11.64,18.44,63.98,43.47,20.85,23.23
157.43,27.97,18.14,11.64,18.44,64.15,43.47,20.85,23.23
157.44,27.97,18.12,11.64,18.44,63.98,43.38,20.85,23.27
157.45,27.92,18.14,11.64,18.44,64.15,43.38,20.88,23.27
157.46,27.97,18.12,11.64,18.44,63.98,43.56,20.88,23.27
157.47,28.02,18.14,11.64,18.46,64.15,43.47,20.88,23.23
157.48,27.97,18.14,11.66,18.44,64.15,43.47,20.88,23.27
157.49,28.02,18.14,11.66,18.44,64.15,43.47,20.91,23.27
157.50,27.97,18.14,11.66,18.44,64.15,43.38,20.91,23.23
157.51,27.97,18.12,11.66,18.44,64.15,43.47,20.91,23.27
157.52,28.02,18.14,11.68,18.46,64.15,43.47,20.91,23.27
157.53,28.02,18.14,11.68,18.44,64.15,43.47,20.94,23.27
157.54,27.97,18.14,11.69,18.44,64.15,43.47,20.94,23.27
157.55,27.97,18.14,11.68,18.44,64.15,43.56,20.94,23.27
157.56,27.97,18.12,11.68,18.44,64.33,43.38,20.94,23.23
157.57,28.02,18.14,11.69,18.44,64.33,43.56,20.98,23.30
157.58,27.97,18.17,11.69,18.44,64.33,43.47,20.98,23.27
157.59,28.02,18.14,11.69,18.44,64.33,43.56,20.98,23.27
157.60,27.97,18.14,11.69,18.44,64.33,43.47,20.98,23.27
157.61,27.97,18.14,11.71,18.44,64.33,43.47,21.01,23.27
157.62,28.02,18.14,11.71,18.44,64.33,43.47,21.01,23.27
157.63,28.06,18.17,11.71,18.44,64.33,43.56,21.01,23.27
157.64,28.02,18.17,11.71,18.44,64.33,43.47,21.04,23.27
157.65,28.06,18.17,11.71,18.44,64.33,43.47,21.04,23.27
157.66,28.02,18.17,11.71,18.46,64.33,43.47,21.04,23.27
157.67,28.06,18.17,11.72,18.46,64.51,43.56,21.04,23.27
157.68,28.06,18.17,11.73,18.44,64.51,43.56,21.07,23.27
157.69,28.06,18.17,11.73,18.44,64.51,43.47,21.07,23.27
157.70,28.11,18.14,11.72,18.44,64.51,43.56,21.07,23.27
157.71,28.02,18.17,11.73,18.44,64.51,43.56,21.07,23.27
157.72,28.02,18.17,11.75,18.44,64.51,43.56,21.10,23.27
157.73,28.06,18.17,11.73,18.44,64.51,43.56,21.10,23.27
157.74,28.06,18.17,11.75,18.44,64.51,43.56,21.10,23.27
157.75,28.06,18.14,11.73,18.44,64.51,43.56,21.10,23.27
157.76,28.06,18.17,11.75,18.44,64.51,43.56,21.13,23.27
157.77,28.06,18.17,11.75,18.44,64.51,43.56,21.13,23.27
157.78,28.11,18.20,11.75,18.44,64.51,43.56,21.13,23.27
157.79,28.06,18.17,11.77,18.44,64.69,43.56,21.16,23.27
157.80,28.06,18.17,11.77,18.46,64.33,43.56,21.13,23.27
157.81,28.11,18.17,11.77,18.44,64.69,43.56,21.16,23.27
157.82,28.06,18.17,11.77,18.46,64.69,43.56,21.19,23.27
157.83,28.11,18.20,11.77,18.44,64.69,43.56,21.19,23.27
157.84,28.11,18.20,11.77,18.44,64.69,43.66,21.19,23.30
157.85,28.11,18.20,11.78,18.46,64.69,43.56,21.19,23.27
157.86,28.11,18.20,11.78,18.46,64.69,43.56,21.19,23.27
157.87,28.11,18.20,11.78,18.44,64.87,43.56,21.22,23.27
157.88,28.11,18.20,11.80,18.46,64.87,43.66,21.22,23.27
157.89,28.11,18.20,11.80,18.46,64.69,43.66,21.22,23.27
157.90,28.16,18.17,11.80,18.44,64.69,43.56,21.22,23.27
157.91,28.11,18.20,11.80,18.44,64.87,43.56,21.22,23.30
157.92,28.16,18.17,11.80,18.44,64.87,43.66,21.25,23.27
157.93,28.11,18.20,11.81,18.46,64.87,43.66,21.25,23.27
157.94,28.16,18.20,11.81,18.46,64.87,43.66,21.25,23.27
157.95,28.16,18.17,11.81,18.44,64.87,43.56,21.25,23.27
157.96,28.16,18.20,11.81,18.46,64.87,43.66,21.29,23.27
157.97,28.16,18.20,11.81,18.46,64.87,43.56,21.29,23.27
157.98,28.20,18.20,11.83,18.46,65.05,43.66,21.29,23.27
157.99,28.16,18.20,11.83,18.46,64.87,43.66,21.32,23.27
158.00,28.11,18.20,11.81,18.44,64.87,43.66,21.32,23.27
158.01,28.11,18.20,11.83,18.46,64.87,43.66,21.35,23.30
158.02,28.20,18.22,11.83,18.46,65.05,43.66,21.35,23.27
158.03,28.16,18.22,11.84,18.46,65.05,43.66,21.35,23.30
158.04,28.16,18.20,11.84,18.46,65.05,43.66,21.35,23.27
158.05,28.16,18.20,11.84,18.46,65.05,43.66,21.35,23.30
158.06,28.16,18.20,11.84,18.46,65.05,43.66,21.38,23.27
158.07,28.16,18.20,11.84,18.46,65.23,43.66,21.38,23.27
158.08,28.20,18.22,11.86,18.46,65.05,43.75,21.38,23.30
158.09,28.20,18.20,11.86,18.46,65.05,43.66,21.38,23.30
158.10,28.16,18.22,11.86,18.46,65.05,43.66,21.38,23.30
158.11,28.20,18.20,11.86,18.46,65.05,43.66,21.38,23.30
158.12,28.25,18.22,11.87,18.46,65.23,43.66,21.44,23.27
158.13,28.25,18.22,11.87,18.46,65.23,43.75,21.41,23.30
158.14,28.20,18.22,11.87,18.46,65.23,43.66,21.44,23.30
158.15,28.25,18.22,11.87,18.46,65.05,43.66,21.44,23.30
158.16,28.20,18.20,11.87,18.46,65.23,43.66,21.44,23.30
158.17,28.25,18.22,11.87,18.46,65.23,43.75,21.44,23.30
158.18,28.25,18.22,11.89,18.46,65.23,43.75,21.48,23.30
158.19,28.20,18.22,11.89,18.46,65.23,43.66,21.48,23.30
158.20,28.20,18.22,11.89,18.44,65.23,43.66,21.48,23.30
158.21,28.20,18.22,11.89,18.46,65.23,43.66,21.48,23.30
158.22,28.25,18.25,11.90,18.46,65.23,43.75,21.51,23.30
158.23,28.25,18.25,11.90,18.46,65.41,43.75,21.51,23.27
158.24,28.25,18.22,11.90,18.44,65.41,43.75,21.51,23.30
158.25,28.20,18.22,11.90,18.46,65.41,43.66,21.54,23.30
158.26,28.25,18.22,11.90,18.44,65.41,43.75,21.54,23.30
158.27,28.25,18.22,11.92,18.46,65.41,43.75,21.54,23.30
158.28,28.30,18.25,11.92,18.44,65.41,43.75,21.57,23.30
158.29,28.25,18.22,11.92,18.46,65.41,43.75,21.57,23.30
158.30,28.25,18.22,11.92,18.46,65.41,43.75,21.54,23.30
158.31,28.25,18.22,11.94,18.46,65.41,43.75,21.57,23.30
158.32,28.30,18.25,11.94,18.46,65.41,43.75,21.60,23.30
158.33,28.30,18.25,11.95,18.46,65.41,43.75,21.60,23.30
158.34,28.30,18.25,11.94,18.44,65.41,43.75,21.60,23.30
158.35,28.30,18.22,11.95,18.46,65.60,43.75,21.60,23.30
158.36,28.30,18.22,11.95,18.46,65.60,43.75,21.60,23.30
158.37,28.30,18.25,11.95,18.46,65.60,43.75,21.64,23.34
158.38,28.35,18.25,11.95,18.46,65.60,43.75,21.64,23.30
158.39,28.30,18.25,11.95,18.46,65.60,43.75,21.64,23.30
158.40,28.35,18.25,11.95,18.46,65.60,43.75,21.64,23.30
158.41,28.30,18.22,11.97,18.46,65.60,43.75,21.67,23.30
158.42,28.35,18.25,11.97,18.46,65.60,43.75,21.67,23.30
158.43,28.39,18.27,11.98,18.46,65.60,43.75,21.70,23.30
158.44,28.35,18.25,11.97,18.46,65.60,43.75,21.67,23.30
158.45,28.39,18.25,11.97,18.46,65.60,43.75,21.67,23.34
158.46,28.35,18.25,11.98,18.46,65.60,43.75,21.70,23.34
158.47,28.35,18.27,11.98,18.46,65.78,43.84,21.70,23.34
158.48,28.35,18.27,12.00,18.46,65.78,43.84,21.73,23.30
158.49,28.35,18.25,12.00,18.46,65.78,43.84,21.73,23.30
158.50,28.35,18.27,12.00,18.46,65.60,43.84,21.73,23.34
158.51,28.39,18.25,12.00,18.46,65.78,43.84,21.73,23.30
158.52,28.35,18.25,12.00,18.46,65.78,43.84,21.77,23.30
158.53,28.39,18.27,12.01,18.46,65.78,43.84,21.77,23.30
158.54,28.39,18.25,12.01,18.46,65.78,43.84,21.77,23.34
158.55,28.35,18.25,12.01,18.46,65.78,43.75,21.77,23.34
158.56,28.39,18.27,12.01,18.46,65.97,43.75,21.77,23.30
158.57,28.35,18.27,12.01,18.46,65.78,43.84,21.80,23.30
158.58,28.39,18.27,12.03,18.46,65.78,43.84,21.80,23.34
158.59,28.39,18.27,12.03,18.46,65.97,43.84,21.80,23.34
158.60,28.39,18.27,12.03,18.46,65.97,43.84,21.80,23.34
158.61,28.39,18.27,12.03,18.46,65.97,43.93,21.83,23.34
158.62,28.39,18.27,12.04,18.46,65.97,43.84,21.86,23.34
158.63,28.44,18.30,12.04,18.46,65.97,43.84,21.83,23.34
158.64,28.39,18.27,12.04,18.46,65.97,43.84,21.86,23.34
158.65,28.39,18.27,12.04,18.46,65.97,43.84,21.86,23.34
158.66,28.39,18.27,12.06,18.46,65.97,43.84,21.86,23.34
158.67,28.39,18.27,12.06,18.46,65.97,43.84,21.89,23.34
158.68,28.44,18.30,12.06,18.46,65.97,43.84,21.89,23.34
158.69,28.44,18.27,12.06,18.46,65.97,43.93,21.89,23.34
158.70,28.44,18.27,12.06,18.46,66.15,43.93,21.89,23.34
158.71,28.44,18.30,12.06,18.46,66.15,43.84,21.89,23.34
158.72,28.44,18.30,12.07,18.46,66.15,43.84,21.93,23.34
158.73,28.49,18.32,12.07,18.46,66.15,43.93,21.93,23.34
158.74,28.49,18.27,12.07,18.46,65.97,43.93,21.93,23.34
158.75,28.44,18.27,12.07,18.46,66.15,43.84,21.93,23.34
158.76,28.44,18.27,12.09,18.46,66.34,43.93,21.96,23.34
158.77,28.49,18.30,12.09,18.46,66.15,43.93,21.96,23.34
158.78,28.49,18.30,12.09,18.46,66.15,43.93,21.99,23.34
158.79,28.49,18.30,12.09,18.46,66.34,43.93,21.99,23.34
158.80,28.49,18.30,12.09,18.46,66.34,43.84,21.99,23.34
158.81,28.49,18.30,12.11,18.46,66.15,43.84,21.99,23.34
158.82,28.49,18.30,12.11,18.46,66.34,44.03,22.03,23.38
158.83,28.49,18.30,12.12,18.46,66.34,43.93,22.03,23.34
158.84,28.49,18.30,12.12,18.46,66.15,43.93,22.03,23.38
158.85,28.49,18.30,12.12,18.46,66.34,43.93,22.06,23.38
158.86,28.49,18.30,12.12,18.46,66.34,43.93,22.03,23.34
158.87,28.49,18.30,12.12,18.46,66.34,43.93,22.06,23.34
158.88,28.49,18.32,12.14,18.46,66.34,44.03,22.06,23.38
158.89,28.49,18.30,12.14,18.46,66.34,44.03,22.06,23.34
158.90,28.49,18.30,12.14,18.46,66.34,43.93,22.09,23.34
158.91,28.54,18.30,12.14,18.46,66.34,44.03,22.09,23.38
158.92,28.54,18.32,12.14,18.46,66.53,43.93,22.09,23.38
158.93,28.54,18.32,12.15,18.46,66.53,44.03,22.09,23.34
158.94,28.54,18.32,12.15,18.46,66.53,44.03,22.13,23.34
158.95,28.49,18.30,12.15,18.46,66.53,43.93,22.13,23.34
158.96,28.54,18.32,12.15,18.46,66.53,43.93,22.13,23.34
158.97,28.54,18.32,12.15,18.49,66.53,44.03,22.16,23.38
158.98,28.58,18.32,12.15,18.46,66.53,44.03,22.16,23.34
158.99,28.58,18.32,12.17,18.46,66.53,43.93,22.16,23.34
159.00,28.58,18.30,12.17,18.46,66.53,44.03,22.16,23.38
159.01,28.58,18.32,12.17,18.46,66.53,44.03,22.19,23.34
159.02,28.54,18.32,12.19,18.46,66.53,44.03,22.19,23.38
159.03,28.58,18.32,12.19,18.46,66.72,44.03,22.19,23.38
159.04,28.58,18.32,12.19,18.46,66.53,44.03,22.19,23.38
159.05,28.54,18.32,12.20,18.46,66.53,44.03,22.19,23.38
159.06,28.58,18.35,12.20,18.46,66.91,44.03,22.23,23.38
159.07,28.58,18.32,12.20,18.46,66.72,44.03,22.19,23.38
159.08,28.58,18.35,12.22,18.46,66.72,44.03,22.26,23.38
159.09,28.63,18.32,12.20,18.49,66.72,44.03,22.26,23.38
159.10,28.58,18.32,12.20,18.46,66.72,44.03,22.26,23.38
159.11,28.63,18.32,12.22,18.46,66.72,44.12,22.26,23.38
159.12,28.63,18.32,12.22,18.49,66.72,44.03,22.26,23.38
159.13,28.58,18.32,12.23,18.46,66.91,44.03,22.29,23.38
159.14,28.63,18.35,12.23,18.46,66.72,44.12,22.29,23.38
159.15,28.63,18.32,12.23,18.46,66.91,44.03,22.29,23.38
159.16,28.63,18.32,12.23,18.46,66.72,44.12,22.29,23.38
159.17,28.68,18.35,12.23,18.46,66.91,44.12,22.33,23.38
159.18,28.63,18.35,12.23,18.46,66.91,44.12,22.33,23.38
159.19,28.63,18.35,12.25,18.49,66.91,44.03,22.33,23.38
159.20,28.63,18.35,12.25,18.46,66.91,44.12,22.33,23.38
159.21,28.63,18.35,12.25,18.46,66.91,44.12,22.36,23.38
159.22,28.68,18.35,12.27,18.49,66.91,44.12,22.36,23.38
159.23,28.63,18.35,12.27,18.49,66.91,44.12,22.36,23.38
159.24,28.68,18.35,12.27,18.46,66.91,44.12,22.39,23.38
159.25,28.63,18.35,12.27,18.49,66.91,44.12,22.39,23.38
159.26,28.63,18.35,12.27,18.46,66.91,44.12,22.39,23.41
159.27,28.68,18.35,12.28,18.46,67.10,44.12,22.39,23.38
159.28,28.68,18.35,12.28,18.46,67.10,44.12,22.43,23.38
159.29,28.68,18.35,12.28,18.46,67.10,44.12,22.43,23.38
159.30,28.63,18.35,12.28,18.46,67.10,44.12,22.43,23.38
159.31,28.68,18.35,12.28,18.46,67.10,44.12,22.46,23.38
159.32,28.68,18.35,12.30,18.46,67.10,44.12,22.43,23.41
159.33,28.68,18.38,12.30,18.46,67.10,44.12,22.46,23.41
159.34,28.63,18.35,12.30,18.46,67.10,44.12,22.46,23.38
159.35,28.68,18.35,12.30,18.46,67.29,44.12,22.46,23.41
159.36,28.68,18.35,12.31,18.46,67.29,44.12,22.50,23.38
159.37,28.73,18.38,12.31,18.46,67.29,44.22,22.50,23.41
159.38,28.73,18.38,12.31,18.46,67.10,44.12,22.50,23.41
159.39,28.73,18.38,12.31,18.46,67.10,44.12,22.50,23.38
159.40,28.73,18.35,12.31,18.49,67.10,44.22,22.53,23.41
159.41,28.73,18.38,12.33,18.49,67.29,44.12,22.53,23.38
159.42,28.73,18.38,12.33,18.49,67.29,44.22,22.53,23.41
159.43,28.78,18.38,12.35,18.49,67.29,44.22,22.53,23.41
159.44,28.68,18.38,12.33,18.49,67.29,44.22,22.53,23.41
159.45,28.68,18.38,12.33,18.46,67.29,44.12,22.56,23.41
159.46,28.73,18.35,12.35,18.49,67.29,44.22,22.56,23.41
159.47,28.78,18.40,12.35,18.49,67.29,44.22,22.60,23.41
159.48,28.78,18.38,12.36,18.49,67.29,44.31,22.60,23.41
159.49,28.73,18.38,12.36,18.46,67.29,44.22,22.60,23.41
159.50,28.73,18.38,12.36,18.46,67.29,44.22,22.60,23.41
159.51,28.73,18.38,12.36,18.49,67.48,44.22,22.60,23.41
159.52,28.78,18.40,12.36,18.49,67.48,44.22,22.63,23.41
159.53,28.78,18.40,12.36,18.49,67.48,44.22,22.63,23.41
159.54,28.78,18.38,12.38,18.46,67.48,44.22,22.63,23.41
159.55,28.78,18.38,12.38,18.49,67.29,44.22,22.66,23.41
159.56,28.78,18.38,12.38,18.46,67.48,44.22,22.66,23.41
159.57,28.78,18.38,12.39,18.49,67.48,44.31,22.66,23.41
159.58,28.82,18.40,12.39,18.46,67.67,44.22,22.70,23.41
159.59,28.82,18.38,12.39,18.46,67.48,44.22,22.70,23.45
159.60,28.78,18.40,12.39,18.49,67.48,44.31,22.66,23.41
159.61,28.78,18.38,12.39,18.46,67.48,44.31,22.70,23.41
159.62,28.78,18.40,12.39,18.49,67.67,44.31,22.70,23.41
159.63,28.87,18.40,12.41,18.49,67.48,44.31,22.73,23.41
159.64,28.82,18.40,12.41,18.49,67.67,44.31,22.73,23.41
159.65,28.82,18.40,12.41,18.49,67.48,44.31,22.73,23.41
159.66,28.78,18.40,12.41,18.49,67.67,44.22,22.73,23.41
159.67,28.82,18.40,12.43,18.49,67.67,44.31,22.77,23.41
159.68,28.82,18.40,12.43,18.46,67.67,44.31,22.77,23.41
159.69,28.78,18.40,12.43,18.49,67.67,44.31,22.77,23.45
159.70,28.78,18.40,12.43,18.49,67.67,44.31,22.77,23.41
159.71,28.82,18.40,12.43,18.49,67.67,44.31,22.80,23.41
159.72,28.92,18.43,12.44,18.49,67.67,44.31,22.80,23.45
159.73,28.82,18.40,12.46,18.46,67.67,44.31,22.80,23.41
159.74,28.82,18.40,12.46,18.46,67.67,44.31,22.84,23.41
159.75,28.82,18.40,12.44,18.46,67.87,44.31,22.84,23.41
159.76,28.87,18.40,12.46,18.46,67.87,44.31,22.84,23.41
159.77,28.87,18.40,12.46,18.46,67.87,44.41,22.84,23.41
159.78,28.92,18.43,12.46,18.46,67.87,44.31,22.84,23.41
159.79,28.87,18.43,12.47,18.49,67.87,44.41,22.87,23.45
159.80,28.92,18.40,12.46,18.49,67.87,44.41,22.87,23.45
159.81,28.87,18.40,12.47,18.49,67.87,44.41,22.87,23.45
159.82,28.92,18.43,12.49,18.49,67.87,44.41,22.87,23.45
159.83,28.92,18.43,12.49,18.49,67.87,44.41,22.91,23.45
159.84,28.92,18.43,12.47,18.49,67.87,44.31,22.91,23.45
159.85,28.87,18.43,12.49,18.49,67.87,44.41,22.91,23.41
159.86,28.87,18.43,12.49,18.49,67.87,44.31,22.91,23.45
159.87,28.92,18.45,12.51,18.49,68.06,44.41,22.94,23.45
159.88,28.92,18.43,12.51,18.49,68.06,44.41,22.94,23.45
159.89,28.97,18.43,12.51,18.49,68.06,44.31,22.98,23.45
159.90,28.92,18.43,12.51,18.49,68.06,44.41,22.94,23.48
159.91,28.87,18.43,12.51,18.49,68.06,44.41,22.98,23.45
159.92,28.92,18.45,12.52,18.49,68.06,44.41,22.98,23.45
159.93,28.92,18.45,12.52,18.49,68.06,44.41,23.01,23.45
159.94,28.97,18.43,12.52,18.49,68.06,44.41,22.98,23.45
159.95,28.92,18.43,12.52,18.49,68.06,44.41,22.98,23.45
159.96,28.92,18.45,12.52,18.49,68.06,44.41,23.01,23.45
159.97,28.97,18.45,12.54,18.49,68.06,44.50,23.01,23.45
159.98,28.97,18.45,12.54,18.49,68.26,44.41,23.05,23.45
159.99,28.97,18.43,12.54,18.49,68.26,44.41,23.05,23.45
160.00,28.97,18.45,12.56,18.49,68.26,44.41,23.05,23.45
160.01,28.92,18.45,12.56,18.49,68.26,44.41,23.05,23.45
160.02,28.97,18.45,12.56,18.49,68.26,44.50,23.08,23.48
160.03,28.97,18.43,12.57,18.49,68.26,44.41,23.08,23.45
160.04,28.97,18.43,12.57,18.49,68.26,44.50,23.08,23.48
160.05,28.97,18.45,12.57,18.49,68.26,44.41,23.08,23.45
160.06,28.97,18.45,12.57,18.49,68.26,44.50,23.12,23.45
160.07,29.07,18.45,12.57,18.49,68.46,44.50,23.12,23.48
160.08,29.02,18.48,12.59,18.49,68.26,44.60,23.12,23.48
160.09,29.02,18.45,12.57,18.49,68.46,44.41,23.12,23.48
160.10,28.97,18.45,12.59,18.49,68.26,44.50,23.15,23.45
160.11,29.02,18.45,12.59,18.49,68.46,44.50,23.15,23.45
160.12,29.07,18.48,12.59,18.49,68.46,44.50,23.19,23.48
160.13,29.02,18.48,12.61,18.49,68.46,44.50,23.15,23.45
160.14,29.02,18.48,12.61,18.49,68.46,44.41,23.19,23.48
160.15,29.02,18.45,12.61,18.49,68.46,44.41,23.15,23.48
160.16,29.07,18.45,12.61,18.49,68.46,44.41,23.19,23.48
160.17,29.07,18.48,12.62,18.49,68.46,44.50,23.22,23.48
160.18,29.07,18.48,12.62,18.49,68.46,44.50,23.22,23.48
160.19,29.02,18.48,12.62,18.49,68.46,44.50,23.22,23.48
160.20,29.07,18.45,12.62,18.49,68.46,44.50,23.22,23.45
160.21,29.02,18.48,12.64,18.49,68.46,44.60,23.26,23.48
160.22,29.02,18.48,12.64,18.49,68.46,44.50,23.26,23.48
160.23,29.07,18.48,12.65,18.49,68.66,44.60,23.26,23.48
160.24,29.02,18.48,12.64,18.49,68.66,44.50,23.26,23.48
160.25,29.02,18.48,12.64,18.49,68.66,44.50,23.26,23.48
160.26,29.07,18.48,12.64,18.49,68.66,44.50,23.29,23.48
160.27,29.07,18.48,12.65,18.49,68.66,44.50,23.29,23.48
160.28,29.07,18.48,12.65,18.49,68.66,44.60,23.29,23.48
160.29,29.07,18.48,12.65,18.49,68.66,44.60,23.29,23.48
160.30,29.07,18.48,12.67,18.49,68.66,44.50,23.29,23.48
160.31,29.02,18.48,12.67,18.49,68.66,44.60,23.33,23.48
160.32,29.07,18.51,12.67,18.49,68.86,44.60,23.29,23.48
160.33,29.12,18.48,12.67,18.49,68.66,44.60,23.36,23.48
160.34,29.12,18.48,12.69,18.49,68.86,44.50,23.33,23.48
160.35,29.12,18.48,12.67,18.49,68.66,44.60,23.36,23.48
160.36,29.12,18.48,12.69,18.49,68.86,44.60,23.36,23.48
160.37,29.12,18.51,12.71,18.52,68.86,44.60,23.40,23.52
160.38,29.17,18.51,12.71,18.49,68.86,44.60,23.40,23.48
160.39,29.07,18.48,12.71,18.49,68.86,44.60,23.40,23.48
160.40,29.12,18.48,12.71,18.49,68.86,44.60,23.40,23.48
160.41,29.12,18.51,12.71,18.49,68.86,44.60,23.40,23.48
160.42,29.12,18.51,12.72,18.49,68.86,44.60,23.44,23.48
160.43,29.12,18.51,12.72,18.49,68.86,44.69,23.44,23.48
160.44,29.12,18.48,12.72,18.49,69.06,44.60,23.47,23.48
160.45,29.12,18.51,12.72,18.52,68.86,44.69,23.44,23.48
160.46,29.12,18.51,12.74,18.49,68.86,44.60,23.47,23.48
160.47,29.17,18.51,12.74,18.49,68.86,44.69,23.47,23.52
160.48,29.22,18.53,12.74,18.49,69.06,44.69,23.51,23.48
160.49,29.12,18.51,12.74,18.49,69.06,44.69,23.51,23.48
160.50,29.22,18.51,12.74,18.49,68.86,44.60,23.51,23.48
160.51,29.12,18.51,12.76,18.49,69.06,44.69,23.51,23.52
160.52,29.17,18.53,12.76,18.49,69.06,44.69,23.51,23.52
160.53,29.17,18.51,12.76,18.49,69.06,44.69,23.55,23.48
160.54,29.12,18.51,12.76,18.49,69.06,44.69,23.55,23.52
160.55,29.22,18.51,12.76,18.49,69.06,44.69,23.55,23.48
160.56,29.17,18.51,12.77,18.49,69.06,44.69,23.55,23.52
160.57,29.22,18.53,12.79,18.49,69.06,44.69,23.58,23.52
160.58,29.22,18.53,12.77,18.49,69.26,44.69,23.58,23.52
160.59,29.17,18.53,12.77,18.49,69.26,44.69,23.58,23.52
160.60,29.17,18.51,12.77,18.49,69.26,44.69,23.58,23.52
160.61,29.22,18.51,12.79,18.49,69.26,44.60,23.58,23.48
160.62,29.27,18.53,12.79,18.49,69.26,44.69,23.62,23.52
160.63,29.22,18.53,12.80,18.49,69.26,44.69,23.65,23.52
160.64,29.22,18.53,12.80,18.49,69.26,44.69,23.62,23.52
160.65,29.22,18.51,12.80,18.49,69.26,44.69,23.62,23.52
160.66,29.22,18.53,12.80,18.52,69.26,44.69,23.65,23.52
160.67,29.22,18.53,12.82,18.52,69.46,44.69,23.65,23.52
160.68,29.27,18.53,12.82,18.49,69.26,44.69,23.65,23.52
160.69,29.22,18.53,12.82,18.52,69.26,44.79,23.65,23.52
160.70,29.22,18.53,12.82,18.52,69.26,44.69,23.69,23.52
160.71,29.17,18.53,12.82,18.52,69.46,44.60,23.69,23.52
160.72,29.27,18.56,12.84,18.52,69.46,44.79,23.69,23.52
160.73,29.27,18.56,12.84,18.52,69.46,44.79,23.73,23.52
160.74,29.22,18.56,12.84,18.52,69.26,44.79,23.73,23.52
160.75,29.27,18.53,12.84,18.52,69.26,44.79,23.73,23.55
160.76,29.22,18.53,12.86,18.52,69.46,44.88,23.73,23.55
160.77,29.27,18.56,12.86,18.52,69.46,44.79,23.73,23.52
160.78,29.27,18.56,12.86,18.49,69.46,44.79,23.76,23.55
160.79,29.27,18.56,12.86,18.49,69.46,44.79,23.76,23.52
160.80,29.27,18.53,12.86,18.52,69.46,44.79,23.76,23.52
160.81,29.32,18.56,12.86,18.52,69.46,44.79,23.80,23.55
160.82,29.27,18.56,12.87,18.49,69.67,44.79,23.80,23.52
160.83,29.37,18.56,12.87,18.49,69.67,44.88,23.80,23.55
160.84,29.32,18.56,12.87,18.52,69.67,44.79,23.84,23.55
160.85,29.27,18.56,12.89,18.49,69.46,44.88,23.84,23.55
160.86,29.32,18.56,12.89,18.52,69.67,44.79,23.87,23.55
160.87,29.37,18.56,12.91,18.52,69.67,44.79,23.84,23.55
160.88,29.32,18.56,12.91,18.52,69.67,44.88,23.87,23.55
160.89,29.27,18.56,12.89,18.49,69.67,44.88,23.87,23.55
160.90,29.27,18.56,12.91,18.52,69.67,44.79,23.84,23.55
160.91,29.37,18.56,12.91,18.52,69.67,44.88,23.87,23.55
160.92,29.32,18.59,12.92,18.52,69.87,44.88,23.87,23.55
160.93,29.37,18.56,12.92,18.52,69.67,44.88,23.91,23.55
160.94,29.32,18.56,12.92,18.52,69.67,44.88,23.91,23.55
160.95,29.37,18.56,12.92,18.52,69.67,44.88,23.91,23.55
160.96,29.32,18.59,12.94,18.52,69.87,44.88,23.91,23.55
160.97,29.37,18.59,12.94,18.52,69.87,44.88,23.95,23.55
160.98,29.37,18.59,12.94,18.49,69.87,44.88,23.95,23.55
160.99,29.32,18.59,12.94,18.52,69.87,44.88,23.95,23.55
161.00,29.37,18.56,12.94,18.52,69.87,44.88,23.98,23.55
161.01,29.37,18.59,12.96,18.52,69.87,44.88,23.95,23.55
161.02,29.37,18.59,12.96,18.52,69.87,44.98,23.98,23.55
161.03,29.42,18.59,12.96,18.52,69.87,44.98,23.98,23.55
161.04,29.37,18.59,12.96,18.52,69.87,44.98,23.98,23.55
161.05,29.37,18.59,12.96,18.52,69.87,44.98,23.98,23.55
161.06,29.37,18.59,12.96,18.52,69.87,44.88,24.02,23.55
161.07,29.42,18.61,12.97,18.52,70.08,44.98,24.02,23.55
161.08,29.47,18.59,12.99,18.52,70.08,44.98,24.06,23.55
161.09,29.42,18.59,12.99,18.52,70.08,44.98,24.02,23.55
161.10,29.42,18.59,12.97,18.52,69.87,44.88,24.06,23.55
161.11,29.37,18.59,12.99,18.52,70.08,44.98,24.06,23.55
161.12,29.42,18.59,12.99,18.52,70.08,44.98,24.10,23.59
161.13,29.47,18.61,12.99,18.52,70.08,44.98,24.10,23.55
161.14,29.42,18.61,13.01,18.52,70.08,44.98,24.10,23.55
161.15,29.47,18.59,13.01,18.52,70.08,44.98,24.10,23.59
161.16,29.47,18.61,13.01,18.52,70.08,44.98,24.10,23.59
161.17,29.42,18.61,13.02,18.52,70.28,44.98,24.13,23.59
161.18,29.47,18.61,13.02,18.52,70.08,44.98,24.13,23.59
161.19,29.42,18.61,13.02,18.52,70.08,44.98,24.13,23.59
161.20,29.42,18.59,13.02,18.52,70.08,44.98,24.13,23.59
161.21,29.42,18.61,13.02,18.52,70.08,44.98,24.13,23.55
161.22,29.47,18.61,13.04,18.52,70.28,45.08,24.17,23.59
161.23,29.52,18.61,13.04,18.52,70.08,45.08,24.17,23.59
161.24,29.47,18.61,13.04,18.49,70.28,44.98,24.17,23.55
161.25,29.47,18.61,13.04,18.52,70.28,45.08,24.17,23.59
161.26,29.47,18.61,13.04,18.52,70.28,45.08,24.21,23.59
161.27,29.52,18.61,13.06,18.52,70.28,45.08,24.21,23.59
161.28,29.47,18.64,13.06,18.52,70.28,45.08,24.21,23.59
161.29,29.47,18.61,13.06,18.52,70.49,44.98,24.21,23.63
161.30,29.47,18.61,13.06,18.52,70.28,45.08,24.25,23.59
161.31,29.47,18.61,13.08,18.52,70.49,44.98,24.25,23.59
161.32,29.52,18.64,13.08,18.52,70.49,44.98,24.25,23.59
161.33,29.52,18.64,13.08,18.52,70.49,45.08,24.28,23.59
161.34,29.52,18.64,13.08,18.52,70.49,44.98,24.28,23.59
161.35,29.47,18.64,13.09,18.52,70.49,45.08,24.28,23.63
161.36,29.57,18.64,13.09,18.52,70.49,44.98,24.28,23.63
161.37,29.57,18.64,13.11,18.52,70.49,45.08,24.32,23.59
161.38,29.62,18.64,13.11,18.52,70.49,45.18,24.32,23.63
161.39,29.52,18.64,13.11,18.52,70.49,45.08,24.32,23.63
161.40,29.52,18.64,13.11,18.52,70.49,45.08,24.36,23.59
161.41,29.52,18.64,13.11,18.52,70.70,45.08,24.32,23.63
161.42,29.57,18.66,13.13,18.52,70.70,45.18,24.36,23.63
161.43,29.57,18.66,13.13,18.52,70.70,45.18,24.36,23.63
161.44,29.52,18.64,13.13,18.54,70.70,45.08,24.36,23.63
161.45,29.57,18.66,13.13,18.52,70.70,45.08,24.36,23.63
161.46,29.62,18.66,13.13,18.52,70.49,45.18,24.36,23.63
161.47,29.57,18.66,13.14,18.54,70.70,45.18,24.40,23.63
161.48,29.62,18.66,13.16,18.52,70.70,45.18,24.40,23.59
161.49,29.57,18.66,13.14,18.52,70.70,45.18,24.40,23.63
161.50,29.57,18.66,13.16,18.52,70.70,45.08,24.44,23.63
161.51,29.62,18.66,13.16,18.54,70.70,45.18,24.44,23.63
161.52,29.62,18.66,13.16,18.52,70.70,45.27,24.47,23.63
161.53,29.57,18.66,13.18,18.52,70.70,45.18,24.44,23.63
161.54,29.57,18.66,13.16,18.52,70.70,45.18,24.47,23.63
161.55,29.57,18.66,13.16,18.52,70.91,45.18,24.47,23.63
161.56,29.62,18.66,13.18,18.52,70.70,45.27,24.47,23.63
161.57,29.67,18.69,13.20,18.54,71.12,45.27,24.51,23.63
161.58,29.57,18.69,13.20,18.54,70.70,45.18,24.47,23.63
161.59,29.62,18.66,13.18,18.52,70.91,45.18,24.51,23.63
161.60,29.62,18.66,13.20,18.54,70.91,45.18,24.51,23.63
161.61,29.67,18.66,13.20,18.54,70.91,45.27,24.51,23.63
161.62,29.62,18.69,13.20,18.54,70.91,45.27,24.55,23.63
161.63,29.62,18.69,13.21,18.52,70.91,45.27,24.55,23.63
161.64,29.67,18.69,13.21,18.54,70.91,45.27,24.55,23.66
161.65,29.62,18.69,13.21,18.52,70.91,45.27,24.55,23.63
161.66,29.62,18.66,13.21,18.52,70.91,45.27,24.59,23.63
161.67,29.72,18.69,13.23,18.52,70.91,45.27,24.59,23.63
161.68,29.67,18.69,13.23,18.54,70.91,45.27,24.59,23.66
161.69,29.62,18.66,13.23,18.52,70.91,45.27,24.63,23.63
161.70,29.67,18.69,13.23,18.54,71.12,45.18,24.59,23.63
161.71,29.67,18.69,13.25,18.52,71.12,45.27,24.63,23.66
161.72,29.67,18.72,13.25,18.54,71.12,45.37,24.63,23.66
161.73,29.72,18.69,13.25,18.54,71.12,45.37,24.63,23.66
161.74,29.67,18.69,13.25,18.52,71.12,45.27,24.67,23.63
161.75,29.67,18.69,13.25,18.54,71.12,45.27,24.67,23.66
161.76,29.67,18.72,13.25,18.52,71.12,45.37,24.67,23.63
161.77,29.72,18.72,13.27,18.54,71.12,45.27,24.67,23.66
161.78,29.72,18.72,13.28,18.54,71.12,45.27,24.70,23.66
161.79,29.72,18.69,13.27,18.52,71.12,45.37,24.70,23.63
161.80,29.72,18.72,13.27,18.54,71.12,45.27,24.70,23.66
161.81,29.72,18.72,13.28,18.52,71.12,45.37,24.70,23.66
161.82,29.72,18.72,13.30,18.54,71.12,45.37,24.74,23.66
161.83,29.77,18.72,13.28,18.52,71.12,45.37,24.74,23.66
161.84,29.72,18.72,13.28,18.52,71.12,45.27,24.74,23.66
161.85,29.77,18.72,13.28,18.52,71.12,45.27,24.74,23.66
161.86,29.72,18.72,13.30,18.54,71.12,45.37,24.74,23.66
161.87,29.72,18.74,13.32,18.52,71.33,45.37,24.78,23.66
161.88,29.77,18.72,13.32,18.52,71.33,45.37,24.78,23.66
161.89,29.77,18.72,13.32,18.54,71.33,45.37,24.78,23.66
161.90,29.72,18.72,13.32,18.54,71.33,45.37,24.78,23.66
161.91,29.72,18.72,13.32,18.54,71.33,45.37,24.78,23.66
161.92,29.77,18.74,13.34,18.52,71.55,45.37,24.82,23.66
161.93,29.82,18.74,13.34,18.54,71.33,45.47,24.82,23.66
161.94,29.77,18.72,13.34,18.54,71.33,45.37,24.82,23.66
161.95,29.77,18.72,13.34,18.54,71.55,45.37,24.82,23.66
161.96,29.77,18.72,13.34,18.52,71.55,45.37,24.86,23.66
161.97,29.82,18.77,13.35,18.54,71.55,45.57,24.86,23.66
161.98,29.77,18.74,13.35,18.54,71.55,45.47,24.90,23.70
161.99,29.82,18.72,13.35,18.54,71.55,45.37,24.90,23.66
162.00,29.82,18.74,13.35,18.54,71.55,45.47,24.86,23.66
162.01,29.82,18.74,13.37,18.54,71.55,45.47,24.90,23.66
162.02,29.77,18.77,13.37,18.54,71.55,45.47,24.90,23.70
162.03,29.82,18.74,13.37,18.54,71.55,45.47,24.94,23.66
162.04,29.77,18.74,13.37,18.54,71.55,45.47,24.94,23.66
162.05,29.77,18.74,13.37,18.54,71.55,45.47,24.94,23.66
162.06,29.77,18.74,13.39,18.54,71.55,45.47,24.94,23.70
162.07,29.82,18.77,13.39,18.54,71.55,45.47,24.94,23.70
162.08,29.82,18.74,13.41,18.54,71.76,45.47,24.98,23.70
162.09,29.82,18.74,13.39,18.54,71.55,45.47,24.98,23.70
162.10,29.82,18.74,13.41,18.54,71.76,45.47,24.98,23.70
162.11,29.82,18.74,13.41,18.54,71.76,45.57,24.98,23.70
162.12,29.87,18.74,13.41,18.54,71.76,45.57,25.02,23.70
162.13,29.87,18.77,13.42,18.54,71.76,45.47,25.02,23.70
162.14,29.87,18.77,13.42,18.54,71.76,45.57,25.02,23.70
162.15,29.82,18.77,13.42,18.54,71.76,45.57,25.02,23.70
162.16,29.87,18.77,13.42,18.54,71.76,45.57,25.06,23.70
162.17,29.87,18.80,13.44,18.54,71.76,45.57,25.06,23.70
162.18,29.87,18.77,13.44,18.54,71.76,45.57,25.06,23.70
162.19,29.87,18.77,13.42,18.54,71.76,45.57,25.06,23.70
162.20,29.87,18.74,13.44,18.54,71.76,45.57,25.06,23.70
162.21,29.87,18.77,13.46,18.54,71.76,45.57,25.10,23.70
162.22,29.87,18.80,13.46,18.54,71.98,45.57,25.10,23.70
162.23,29.87,18.80,13.46,18.54,71.98,45.57,25.10,23.70
162.24,29.92,18.77,13.46,18.54,71.76,45.57,25.10,23.70
162.25,29.87,18.77,13.48,18.57,71.98,45.57,25.14,23.70
162.26,29.87,18.80,13.46,18.54,71.98,45.67,25.14,23.70
162.27,29.97,18.80,13.48,18.57,71.98,45.67,25.14,23.74
162.28,29.92,18.80,13.48,18.54,71.98,45.57,25.14,23.70
162.29,29.92,18.80,13.48,18.54,71.98,45.57,25.14,23.70
162.30,29.92,18.77,13.48,18.57,71.98,45.57,25.14,23.70
162.31,29.92,18.80,13.48,18.57,71.98,45.67,25.18,23.74
162.32,29.97,18.80,13.49,18.54,71.98,45.67,25.18,23.74
162.33,30.03,18.80,13.49,18.54,71.98,45.57,25.21,23.74
162.34,29.87,18.77,13.49,18.54,72.20,45.67,25.18,23.74
162.35,29.97,18.80,13.49,18.57,71.98,45.67,25.21,23.74
162.36,30.03,18.80,13.51,18.57,72.20,45.67,25.21,23.74
162.37,29.92,18.82,13.51,18.57,72.20,45.67,25.25,23.74
162.38,29.97,18.80,13.51,18.57,72.20,45.67,25.25,23.74
162.39,29.97,18.80,13.51,18.54,72.20,45.67,25.25,23.74
162.40,29.92,18.80,13.53,18.54,71.98,45.67,25.25,23.74
162.41,29.97,18.80,13.53,18.54,72.20,45.67,25.25,23.74
162.42,29.97,18.82,13.53,18.57,72.20,45.67,25.25,23.74
162.43,29.97,18.82,13.53,18.57,72.20,45.67,25.30,23.74
162.44,29.97,18.80,13.53,18.54,72.20,45.67,25.30,23.74
162.45,29.97,18.80,13.55,18.57,72.20,45.67,25.25,23.74
162.46,29.97,18.82,13.55,18.57,72.20,45.67,25.34,23.74
162.47,30.03,18.80,13.57,18.57,72.41,45.67,25.34,23.74
162.48,29.97,18.85,13.57,18.57,72.41,45.67,25.34,23.74
162.49,30.03,18.80,13.57,18.54,72.41,45.67,25.34,23.74
162.50,30.03,18.82,13.57,18.57,72.20,45.67,25.34,23.74
162.51,30.03,18.82,13.57,18.57,72.20,45.67,25.34,23.74
162.52,30.03,18.82,13.57,18.57,72.41,45.77,25.38,23.74
162.53,29.97,18.82,13.58,18.54,72.41,45.77,25.38,23.74
162.54,30.03,18.80,13.58,18.57,72.41,45.77,25.38,23.77
162.55,30.03,18.82,13.58,18.57,72.41,45.77,25.38,23.74
162.56,29.97,18.82,13.58,18.54,72.41,45.77,25.41,23.77
162.57,30.03,18.82,13.60,18.57,72.41,45.77,25.41,23.74
162.58,30.03,18.82,13.60,18.57,72.41,45.97,25.41,23.77
162.59,30.03,18.82,13.60,18.54,72.41,45.77,25.41,23.74
162.60,30.03,18.82,13.60,18.57,72.63,45.87,25.41,23.77
162.61,30.03,18.85,13.60,18.57,72.41,45.77,25.46,23.74
162.62,30.03,18.85,13.62,18.57,72.41,45.77,25.46,23.77
162.63,30.03,18.85,13.62,18.57,72.41,45.77,25.46,23.77
162.64,30.03,18.82,13.62,18.57,72.63,45.77,25.50,23.77
162.65,30.08,18.82,13.62,18.57,72.41,45.77,25.50,23.77
162.66,30.08,18.85,13.64,18.57,72.63,45.77,25.50,23.77
162.67,30.08,18.88,13.64,18.57,72.63,45.77,25.54,23.74
162.68,30.08,18.85,13.64,18.57,72.63,45.77,25.54,23.77
162.69,30.08,18.85,13.64,18.57,72.63,45.77,25.54,23.77
162.70,30.08,18.85,13.64,18.57,72.63,45.77,25.50,23.77
162.71,30.08,18.85,13.64,18.57,72.63,45.87,25.54,23.77
162.72,30.03,18.85,13.66,18.57,72.63,45.87,25.54,23.77
162.73,30.08,18.85,13.66,18.57,72.85,45.77,25.54,23.77
162.74,30.13,18.85,13.66,18.57,72.63,45.87,25.58,23.81
162.75,30.08,18.88,13.64,18.57,72.63,45.87,25.58,23.81
162.76,30.13,18.85,13.67,18.57,72.85,45.87,25.58,23.81
162.77,30.08,18.88,13.69,18.57,72.85,45.87,25.62,23.77
162.78,30.13,18.85,13.69,18.57,72.85,45.87,25.62,23.77
162.79,30.08,18.85,13.69,18.57,72.63,45.87,25.62,23.81
162.80,30.13,18.88,13.69,18.57,72.85,45.87,25.62,23.77
162.81,30.13,18.85,13.69,18.57,72.85,45.87,25.62,23.77
162.82,30.13,18.88,13.71,18.57,73.08,45.87,25.62,23.77
162.83,30.13,18.90,13.71,18.57,72.85,45.87,25.66,23.81
162.84,30.08,18.85,13.69,18.57,72.85,45.87,25.66,23.77
162.85,30.13,18.88,13.69,18.57,72.85,45.87,25.58,23.77
162.86,30.13,18.88,13.71,18.57,72.85,45.97,25.66,23.81
162.87,30.18,18.88,13.71,18.57,72.85,45.97,25.70,23.77
162.88,30.13,18.88,13.71,18.57,72.85,45.97,25.70,23.81
162.89,30.13,18.88,13.73,18.57,72.85,45.87,25.70,23.77
162.90,30.18,18.88,13.73,18.57,72.85,45.97,25.70,23.77
162.91,30.18,18.88,13.73,18.57,73.08,45.97,25.74,23.81
162.92,30.18,18.88,13.75,18.57,73.08,45.97,25.74,23.81
162.93,30.18,18.88,13.75,18.57,73.08,45.97,25.74,23.81
162.94,30.18,18.88,13.75,18.57,72.85,45.97,25.74,23.81
162.95,30.13,18.88,13.75,18.57,73.08,45.97,25.74,23.81
162.96,30.18,18.90,13.76,18.57,73.08,45.97,25.74,23.81
162.97,30.18,18.90,13.76,18.57,73.08,45.97,25.78,23.81
162.98,30.18,18.90,13.76,18.57,73.08,45.97,25.78,23.81
162.99,30.18,18.88,13.76,18.57,73.08,45.97,25.78,23.81
163.00,30.18,18.88,13.76,18.57,73.08,45.97,25.78,23.81
163.01,30.18,18.88,13.78,18.57,73.08,45.97,25.82,23.81
163.02,30.18,18.90,13.78,18.57,73.30,46.07,25.82,23.81
163.03,30.18,18.90,13.78,18.57,73.08,45.97,25.82,23.81
163.04,30.18,18.90,13.78,18.57,73.08,45.87,25.86,23.81
163.05,30.18,18.88,13.78,18.59,73.30,45.97,25.86,23.81
163.06,30.18,18.90,13.80,18.57,73.30,46.07,25.86,23.81
163.07,30.29,18.93,13.80,18.57,73.30,46.07,25.86,23.81
163.08,30.23,18.90,13.80,18.57,73.08,45.97,25.86,23.85
163.09,30.23,18.90,13.82,18.57,73.30,46.07,25.95,23.85
163.10,30.23,18.90,13.82,18.57,73.30,45.97,25.95,23.85
163.11,30.29,18.93,13.84,18.59,73.52,46.17,25.95,23.85
163.12,30.29,18.93,13.84,18.57,73.52,46.07,25.99,23.85
163.13,30.23,18.93,13.84,18.57,73.30,46.07,25.99,23.85
163.14,30.29,18.93,13.84,18.59,73.30,46.07,25.99,23.85
163.15,30.29,18.93,13.86,18.57,73.52,46.07,25.99,23.85
163.16,30.34,18.93,13.86,18.59,73.52,46.17,26.03,23.85
163.17,30.29,18.93,13.87,18.59,73.52,46.07,26.03,23.85
163.18,30.29,18.93,13.87,18.59,73.30,46.07,26.03,23.85
163.19,30.23,18.93,13.86,18.59,73.52,46.07,26.03,23.85
163.20,30.29,18.93,13.87,18.57,73.52,46.17,26.03,23.85
163.21,30.29,18.93,13.87,18.59,73.52,46.17,26.03,23.85
163.22,30.29,18.93,13.89,18.59,73.52,46.17,26.07,23.85
163.23,30.29,18.96,13.89,18.57,73.52,46.07,26.11,23.85
163.24,30.34,18.93,13.89,18.59,73.52,46.07,26.03,23.85
163.25,30.34,18.93,13.89,18.59,73.52,46.07,26.07,23.85
163.26,30.39,18.96,13.89,18.59,73.52,46.17,26.11,23.88
163.27,30.34,18.96,13.91,18.59,73.75,46.17,26.11,23.88
163.28,30.39,18.93,13.91,18.59,73.75,46.07,26.11,23.85
163.29,30.29,18.93,13.91,18.59,73.52,46.17,26.11,23.88
163.30,30.29,18.93,13.91,18.59,73.75,46.17,26.11,23.88
163.31,30.34,18.96,13.91,18.59,73.75,46.17,26.16,23.88
163.32,30.39,18.96,13.93,18.59,73.75,46.17,26.16,23.88
163.33,30.34,18.96,13.93,18.59,73.75,46.17,26.16,23.88
163.34,30.34,18.96,13.93,18.59,73.75,46.17,26.20,23.88
163.35,30.29,18.96,13.93,18.59,73.75,46.17,26.20,23.88
163.36,30.34,18.96,13.95,18.59,73.75,46.27,26.20,23.88
163.37,30.39,18.96,13.95,18.59,73.75,46.27,26.20,23.88
163.38,30.39,18.96,13.95,18.59,73.75,46.27,26.20,23.88
163.39,30.39,18.96,13.95,18.59,73.75,46.17,26.20,23.88
163.40,30.34,18.96,13.95,18.59,73.75,46.27,26.20,23.88
163.41,30.39,18.98,13.97,18.59,73.75,46.17,26.24,23.88
163.42,30.44,18.98,13.97,18.59,73.75,46.27,26.28,23.88
163.43,30.44,18.98,13.97,18.59,73.97,46.27,26.24,23.88
163.44,30.34,18.98,13.97,18.59,73.97,46.27,26.28,23.88
163.45,30.39,18.98,13.98,18.59,73.75,46.27,26.28,23.88
163.46,30.39,18.98,13.97,18.59,73.97,46.48,26.28,23.88
163.47,30.50,18.98,14.00,18.59,73.97,46.27,26.28,23.88
163.48,30.39,18.98,13.98,18.59,73.75,46.27,26.32,23.88
163.49,30.39,18.98,13.98,18.59,73.97,46.27,26.32,23.88
163.50,30.39,18.98,13.98,18.59,73.97,46.27,26.32,23.88
163.51,30.39,18.98,14.00,18.59,73.97,46.27,26.32,23.88
163.52,30.50,19.01,14.02,18.59,73.97,46.27,26.32,23.88
163.53,30.44,19.01,14.00,18.59,73.97,46.38,26.37,23.88
163.54,30.44,18.98,14.00,18.59,73.97,46.27,26.37,23.88
163.55,30.39,18.98,14.02,18.59,74.20,46.38,26.37,23.88
163.56,30.44,18.98,14.02,18.59,74.20,46.38,26.37,23.88
163.57,30.44,19.01,14.04,18.59,74.20,46.38,26.37,23.92
163.58,30.44,19.01,14.02,18.59,74.20,46.38,26.41,23.92
163.59,30.44,18.98,14.04,18.62,74.20,46.38,26.41,23.92
163.60,30.44,18.98,14.06,18.59,74.20,46.38,26.41,23.92
163.61,30.44,18.98,14.04,18.59,74.20,46.38,26.41,23.92
163.62,30.55,19.01,14.06,18.62,74.20,46.48,26.45,23.92
163.63,30.44,18.98,14.06,18.59,74.20,46.38,26.41,23.92
163.64,30.44,19.01,14.06,18.62,74.20,46.38,26.45,23.92
163.65,30.44,19.01,14.06,18.59,74.20,46.38,26.45,23.92
163.66,30.44,19.01,14.06,18.59,74.20,46.38,26.45,23.92
163.67,30.50,19.01,14.06,18.59,74.20,46.38,26.45,23.92
163.68,30.55,19.04,14.08,18.59,74.20,46.38,26.50,23.92
163.69,30.50,18.98,14.08,18.59,74.20,46.38,26.50,23.92
163.70,30.50,18.98,14.08,18.62,74.20,46.38,26.50,23.92
163.71,30.50,19.04,14.10,18.62,74.43,46.38,26.50,23.92
163.72,30.55,19.04,14.10,18.62,74.43,46.48,26.54,23.92
163.73,30.50,19.01,14.10,18.59,74.20,46.48,26.54,23.92
163.74,30.50,19.01,14.10,18.59,74.20,46.48,26.54,23.92
163.75,30.55,19.01,14.10,18.59,74.43,46.38,26.54,23.92
163.76,30.55,19.04,14.12,18.59,74.43,46.48,26.58,23.92
163.77,30.55,19.04,14.12,18.62,74.43,46.38,26.58,23.92
163.78,30.50,19.04,14.12,18.62,74.43,46.48,26.58,23.92
163.79,30.50,19.01,14.12,18.62,74.43,46.38,26.58,23.92
163.80,30.50,19.04,14.12,18.62,74.43,46.38,26.58,23.88
163.81,30.55,19.04,14.13,18.59,74.43,46.48,26.62,23.92
163.82,30.55,19.04,14.13,18.59,74.66,46.48,26.62,23.92
163.83,30.55,19.04,14.13,18.59,74.43,46.48,26.62,23.92
163.84,30.50,19.04,14.13,18.62,74.43,46.48,26.62,23.92
163.85,30.55,19.04,14.13,18.59,74.66,46.48,26.62,23.96
163.86,30.55,19.04,14.15,18.62,74.43,46.48,26.67,23.96
163.87,30.60,19.04,14.15,18.62,74.43,46.48,26.67,23.96
163.88,30.55,19.04,14.15,18.62,74.66,46.48,26.67,23.96
163.89,30.55,19.04,14.15,18.59,74.66,46.48,26.67,23.96
163.90,30.55,19.04,14.17,18.62,74.20,46.58,26.71,23.96
163.91,30.65,19.07,14.17,18.62,74.66,46.58,26.71,23.96
163.92,30.60,19.07,14.17,18.62,74.66,46.48,26.71,23.96
163.93,30.55,19.07,14.17,18.62,74.66,46.48,26.71,23.96
163.94,30.55,19.04,14.17,18.62,74.66,46.58,26.71,23.96
163.95,30.55,19.04,14.19,18.62,74.66,46.58,26.75,23.96
163.96,30.60,19.07,14.19,18.62,74.66,46.58,26.75,23.96
163.97,30.65,19.07,14.19,18.62,74.66,46.58,26.75,23.96
163.98,30.65,19.07,14.19,18.62,74.66,46.58,26.75,23.96
163.99,30.60,19.07,14.19,18.62,74.66,46.58,26.75,23.96
164.00,30.65,19.07,14.19,18.62,74.89,46.48,26.75,23.96
164.01,30.65,19.07,14.21,18.62,74.66,46.58,26.80,23.96
164.02,30.60,19.07,14.21,18.62,74.66,46.58,26.80,23.96
164.03,30.60,19.07,14.21,18.62,75.12,46.58,26.84,23.96
164.04,30.60,19.07,14.21,18.59,74.66,46.58,26.80,23.96
164.05,30.60,19.07,14.23,18.62,74.89,46.58,26.80,23.96
164.06,30.65,19.07,14.23,18.62,74.89,46.58,26.84,23.96
164.07,30.65,19.09,14.23,18.62,74.89,46.69,26.84,23.99
164.08,30.60,19.09,14.23,18.62,74.89,46.58,26.84,23.96
164.09,30.65,19.07,14.25,18.62,74.89,46.58,26.88,23.99
164.10,30.65,19.07,14.23,18.62,74.89,46.69,26.88,23.99
164.11,30.65,19.09,14.25,18.62,74.89,46.69,26.88,23.99
164.12,30.65,19.09,14.25,18.62,74.89,46.69,26.88,23.99
164.13,30.65,19.09,14.25,18.62,74.89,46.69,26.88,23.96
164.14,30.65,19.07,14.25,18.62,74.89,46.69,26.88,23.99
164.15,30.65,19.07,14.27,18.62,74.89,46.58,26.93,23.99
164.16,30.65,19.09,14.27,18.62,75.12,46.69,26.93,23.99
164.17,30.71,19.09,14.27,18.62,75.12,46.69,26.97,23.96
164.18,30.71,19.09,14.27,18.62,75.12,46.69,26.97,23.99
164.19,30.65,19.09,14.27,18.62,75.12,46.69,26.93,23.99
164.20,30.71,19.09,14.29,18.62,75.12,46.69,26.97,23.99
164.21,30.65,19.09,14.29,18.62,75.12,46.69,26.97,23.99
164.22,30.71,19.09,14.30,18.62,75.12,46.69,27.02,23.99
164.23,30.71,19.09,14.30,18.62,75.12,46.69,27.02,23.99
164.24,30.65,19.09,14.29,18.62,74.89,46.69,27.02,23.99
164.25,30.71,19.09,14.30,18.62,75.12,46.69,27.02,23.99
164.26,30.71,19.12,14.30,18.62,75.12,46.69,27.02,23.99
164.27,30.71,19.12,14.32,18.62,75.36,46.79,27.06,23.99
164.28,30.71,19.09,14.32,18.62,75.12,46.79,27.06,23.99
164.29,30.71,19.09,14.32,18.62,75.12,46.69,27.02,23.99
164.30,30.71,19.12,14.30,18.62,75.12,46.79,27.06,23.99
164.31,30.71,19.12,14.34,18.62,75.12,46.79,27.06,24.03
164.32,30.76,19.12,14.34,18.62,75.12,46.79,27.06,23.99
164.33,30.71,19.12,14.34,18.62,75.36,46.79,27.10,23.99
164.34,30.71,19.09,14.34,18.62,75.36,46.69,27.10,24.03
164.35,30.71,19.12,14.34,18.62,75.36,46.79,27.15,23.99
164.36,30.76,19.12,14.34,18.62,75.36,46.79,27.10,24.03
164.37,30.76,19.12,14.36,18.62,75.36,46.89,27.15,23.99
164.38,30.71,19.12,14.36,18.62,75.36,46.89,27.15,24.03
164.39,30.82,19.12,14.34,18.62,75.36,46.79,27.15,24.03
164.40,30.82,19.12,14.36,18.62,75.36,46.79,27.15,24.03
164.41,30.76,19.15,14.38,18.62,75.36,46.79,27.15,23.99
164.42,30.82,19.12,14.38,18.62,75.36,46.79,27.19,23.99
164.43,30.76,19.15,14.38,18.62,75.36,46.79,27.19,24.03
164.44,30.76,19.12,14.38,18.62,75.36,46.79,27.19,23.99
164.45,30.76,19.12,14.38,18.65,75.36,46.79,27.19,24.03
164.46,30.76,19.15,14.40,18.62,75.59,46.89,27.19,24.03
164.47,30.82,19.15,14.40,18.65,75.36,46.89,27.24,24.03
164.48,30.87,19.15,14.40,18.62,75.36,46.89,27.19,24.03
164.49,30.76,19.12,14.40,18.62,75.36,46.89,27.24,24.03
164.50,30.82,19.12,14.40,18.65,75.36,46.89,27.24,24.03
164.51,30.87,19.15,14.42,18.65,75.59,46.89,27.24,24.03
164.52,30.87,19.15,14.42,18.65,75.59,46.89,27.28,24.03
164.53,30.82,19.15,14.42,18.65,75.59,46.79,27.28,24.03
164.54,30.82,19.15,14.42,18.65,75.59,46.79,27.28,24.07
164.55,30.87,19.15,14.44,18.62,75.59,46.89,27.28,24.03
164.56,30.87,19.15,14.44,18.65,75.59,46.89,27.28,24.03
164.57,30.82,19.17,14.44,18.65,75.59,46.89,27.28,24.03
164.58,30.82,19.15,14.44,18.65,75.59,46.89,27.33,24.07
164.59,30.82,19.15,14.44,18.65,75.59,46.89,27.33,24.07
164.60,30.87,19.15,14.46,18.65,75.59,46.89,27.33,24.03
164.61,30.87,19.17,14.44,18.65,75.83,46.89,27.33,24.03
164.62,30.82,19.17,14.46,18.65,75.59,47.00,27.37,24.07
164.63,30.82,19.15,14.46,18.65,75.83,46.89,27.37,24.03
164.64,30.82,19.15,14.46,18.65,75.59,46.89,27.37,24.07
164.65,30.87,19.17,14.46,18.65,75.83,46.89,27.37,24.03
164.66,30.82,19.17,14.48,18.65,75.83,47.00,27.37,24.07
164.67,30.87,19.17,14.48,18.65,75.83,47.00,27.37,24.07
164.68,30.87,19.17,14.48,18.65,75.83,46.89,27.37,24.07
164.69,30.87,19.15,14.48,18.65,75.83,47.00,27.42,24.07
164.70,30.87,19.15,14.48,18.65,75.83,47.00,27.42,24.07
164.71,30.87,19.17,14.49,18.65,75.83,47.00,27.42,24.07
164.72,30.87,19.17,14.49,18.65,75.83,47.00,27.46,24.07
164.73,30.92,19.17,14.49,18.65,75.83,46.89,27.46,24.07
164.74,30.87,19.17,14.49,18.65,75.83,47.00,27.42,24.07
164.75,30.87,19.17,14.52,18.65,75.83,47.00,27.46,24.07
164.76,30.87,19.17,14.52,18.65,75.83,47.00,27.46,24.07
164.77,30.87,19.17,14.52,18.65,75.83,47.00,27.51,24.07
164.78,30.87,19.17,14.52,18.65,75.83,47.00,27.51,24.07
164.79,30.92,19.17,14.52,18.65,76.07,47.00,27.51,24.11
164.80,30.87,19.17,14.52,18.65,75.83,47.00,27.51,24.11
164.81,30.87,19.17,14.53,18.65,76.07,47.00,27.55,24.07
164.82,30.92,19.20,14.53,18.65,76.07,47.10,27.55,24.07
164.83,30.92,19.17,14.53,18.65,76.07,47.00,27.55,24.07
164.84,30.87,19.17,14.53,18.65,76.07,47.00,27.55,24.11
164.85,30.92,19.17,14.53,18.65,75.83,47.00,27.55,24.07
164.86,30.92,19.20,14.55,18.65,76.07,47.10,27.60,24.11
164.87,30.98,19.20,14.55,18.65,76.07,47.10,27.60,24.11
164.88,30.98,19.20,14.55,18.65,76.07,47.00,27.60,24.07
164.89,30.92,19.17,14.55,18.65,76.07,47.10,27.60,24.11
164.90,30.98,19.20,14.55,18.65,76.07,47.00,27.60,24.11
164.91,30.98,19.20,14.57,18.65,76.07,47.10,27.60,24.11
164.92,30.98,19.20,14.57,18.65,76.07,47.10,27.60,24.11
164.93,30.98,19.17,14.57,18.65,76.07,47.10,27.64,24.11
164.94,30.98,19.23,14.57,18.65,76.07,47.10,27.64,24.11
164.95,30.98,19.20,14.57,18.65,76.07,47.10,27.64,24.11
164.96,30.92,19.23,14.59,18.65,76.31,47.10,27.64,24.11
164.97,31.03,19.23,14.59,18.65,76.31,47.10,27.69,24.11
164.98,31.03,19.20,14.59,18.65,76.07,47.10,27.64,24.11
164.99,30.92,19.20,14.59,18.65,76.31,47.10,27.69,24.11
165.00,30.98,19.20,14.59,18.65,76.07,47.21,27.69,24.11
165.01,30.98,19.23,14.61,18.65,76.31,47.10,27.69,24.11
165.02,31.03,19.23,14.61,18.67,76.31,47.21,27.69,24.11
165.03,30.98,19.23,14.61,18.65,76.07,47.10,27.73,24.11
165.04,30.92,19.20,14.61,18.65,76.31,47.10,27.73,24.14
165.05,30.98,19.20,14.61,18.65,76.31,47.10,27.73,24.11
165.06,30.98,19.23,14.63,18.65,76.31,47.21,27.73,24.14
165.07,31.03,19.23,14.63,18.65,76.31,47.21,27.78,24.11
165.08,30.98,19.23,14.63,18.65,76.07,47.10,27.73,24.11
165.09,30.98,19.23,14.63,18.65,76.31,47.21,27.78,24.14
165.10,30.98,19.23,14.63,18.67,76.31,47.21,27.78,24.14
165.11,31.03,19.23,14.65,18.67,76.31,47.21,27.78,24.14
165.12,31.09,19.26,14.65,18.67,76.55,47.21,27.78,24.11
165.13,31.03,19.23,14.65,18.67,76.31,47.10,27.78,24.14
165.14,31.03,19.23,14.65,18.67,76.31,47.10,27.82,24.14
165.15,30.98,19.23,14.65,18.65,76.55,47.21,27.82,24.14
165.16,31.03,19.23,14.67,18.67,76.55,47.21,27.82,24.14
165.17,31.09,19.26,14.67,18.67,76.55,47.31,27.87,24.14
165.18,30.98,19.23,14.67,18.67,76.55,47.21,27.82,24.14
165.19,31.03,19.23,14.67,18.67,76.55,47.21,27.82,24.14
165.20,31.03,19.23,14.67,18.67,76.55,47.21,27.87,24.14
165.21,31.03,19.26,14.69,18.67,76.55,47.31,27.87,24.14
165.22,31.03,19.23,14.69,18.67,76.55,47.31,27.92,24.14
165.23,31.03,19.23,14.71,18.65,76.55,47.21,27.92,24.14
165.24,31.03,19.23,14.69,18.65,76.55,47.21,27.87,24.14
165.25,31.03,19.23,14.69,18.67,76.55,47.31,27.92,24.14
165.26,31.03,19.26,14.71,18.67,76.79,47.31,27.96,24.14
165.27,31.09,19.26,14.71,18.67,76.55,47.31,27.92,24.14
165.28,31.03,19.26,14.71,18.67,76.79,47.31,27.96,24.14
165.29,31.09,19.23,14.71,18.65,76.55,47.21,27.92,24.14
165.30,31.03,19.26,14.71,18.65,76.79,47.31,27.92,24.18
165.31,31.09,19.26,14.73,18.67,76.79,47.31,28.06,24.14
165.32,31.09,19.26,14.73,18.67,76.55,47.31,27.96,24.18
165.33,31.03,19.26,14.73,18.67,76.79,47.31,28.01,24.14
165.34,31.03,19.26,14.73,18.67,76.55,47.42,27.96,24.14
165.35,31.09,19.26,14.75,18.67,76.79,47.21,28.01,24.14
165.36,31.09,19.28,14.75,18.67,76.79,47.31,28.01,24.18
165.37,31.09,19.26,14.75,18.67,76.79,47.31,28.01,24.14
165.38,31.09,19.26,14.75,18.67,76.79,47.31,28.01,24.14
165.39,31.09,19.26,14.75,18.67,76.79,47.31,28.01,24.18
165.40,31.09,19.26,14.75,18.67,76.79,47.31,28.06,24.14
165.41,31.09,19.26,14.77,18.67,76.79,47.31,28.06,24.18
165.42,31.14,19.26,14.77,18.67,76.79,47.31,28.06,24.14
165.43,31.09,19.26,14.77,18.67,76.79,47.31,28.06,24.14
165.44,31.09,19.26,14.77,18.67,76.79,47.42,28.06,24.18
165.45,31.14,19.26,14.77,18.67,76.79,47.31,28.10,24.18
165.46,31.09,19.28,14.79,18.67,76.79,47.42,28.10,24.18
165.47,31.19,19.28,14.79,18.67,77.03,47.42,28.10,24.18
165.48,31.14,19.28,14.77,18.67,76.79,47.42,28.10,24.18
165.49,31.09,19.28,14.79,18.67,76.79,47.31,28.10,24.18
165.50,31.14,19.28,14.79,18.67,77.03,47.31,28.10,24.18
165.51,31.14,19.26,14.81,18.67,77.03,47.42,28.15,24.18
165.52,31.14,19.28,14.81,18.67,77.03,47.42,28.15,24.18
165.53,31.19,19.28,14.81,18.67,76.79,47.42,28.15,24.18
165.54,31.09,19.26,14.81,18.70,77.03,47.42,28.15,24.18
165.55,31.09,19.28,14.83,18.67,77.28,47.31,28.20,24.18
165.56,31.14,19.28,14.83,18.67,77.03,47.42,28.20,24.18
165.57,31.19,19.28,14.83,18.67,77.03,47.42,28.20,24.18
165.58,31.19,19.28,14.83,18.67,77.03,47.42,28.15,24.22
165.59,31.19,19.28,14.83,18.67,77.03,47.42,28.24,24.22
165.60,31.19,19.28,14.83,18.67,77.03,47.42,28.24,24.22
165.61,31.19,19.31,14.85,18.67,77.03,47.42,28.24,24.18
165.62,31.19,19.28,14.85,18.70,77.03,47.42,28.24,24.18
165.63,31.19,19.28,14.85,18.67,77.28,47.42,28.24,24.22
165.64,31.19,19.28,14.85,18.67,77.03,47.42,28.24,24.22
165.65,31.19,19.28,14.85,18.70,77.03,47.52,28.24,24.18
165.66,31.19,19.28,14.87,18.70,77.03,47.42,28.29,24.22
165.67,31.25,19.31,14.87,18.67,77.03,47.42,28.29,24.18
165.68,31.19,19.28,14.87,18.67,77.28,47.42,28.29,24.22
165.69,31.14,19.28,14.87,18.67,77.03,47.42,28.29,24.22
165.70,31.25,19.31,14.87,18.70,77.03,47.52,28.29,24.22
165.71,31.19,19.31,14.89,18.67,77.28,47.52,28.34,24.22
165.72,31.19,19.31,14.89,18.70,77.28,47.42,28.34,24.22
165.73,31.19,19.28,14.89,18.67,77.28,47.42,28.34,24.22
165.74,31.25,19.28,14.89,18.67,77.28,47.52,28.34,24.22
165.75,31.25,19.31,14.89,18.67,77.03,47.52,28.34,24.22
165.76,31.30,19.31,14.91,18.67,77.28,47.52,28.39,24.22
165.77,31.25,19.31,14.89,18.67,77.28,47.52,28.39,24.22
165.78,31.25,19.31,14.91,18.70,77.28,47.52,28.39,24.22
165.79,31.25,19.31,14.91,18.70,77.28,47.52,28.39,24.22
165.80,31.25,19.31,14.91,18.67,77.28,47.42,28.39,24.22
165.81,31.25,19.31,14.91,18.70,77.28,47.52,28.39,24.22
165.82,31.19,19.31,14.93,18.67,77.28,47.52,28.39,24.22
165.83,31.25,19.31,14.93,18.70,77.52,47.52,28.43,24.22
165.84,31.19,19.31,14.93,18.70,77.28,47.52,28.43,24.25
165.85,31.25,19.31,14.93,18.70,77.52,47.63,28.43,24.22
165.86,31.25,19.34,14.93,18.70,77.52,47.63,28.43,24.25
165.87,31.25,19.34,14.95,18.70,77.52,47.52,28.48,24.25
165.88,31.25,19.31,14.93,18.70,77.28,47.52,28.48,24.22
165.89,31.25,19.31,14.95,18.70,77.52,47.63,28.48,24.25
165.90,31.25,19.31,14.95,18.67,77.52,47.52,28.48,24.25
165.91,31.30,19.34,14.97,18.70,77.52,47.63,28.48,24.25
165.92,31.30,19.34,14.97,18.67,77.52,47.52,28.48,24.25
165.93,31.25,19.31,14.97,18.70,77.52,47.52,28.53,24.22
165.94,31.25,19.31,14.97,18.70,77.28,47.63,28.53,24.25
165.95,31.25,19.34,14.97,18.70,77.52,47.63,28.53,24.25
165.96,31.30,19.34,14.97,18.67,77.52,47.63,28.53,24.25
165.97,31.25,19.34,14.99,18.70,77.52,47.63,28.53,24.25
165.98,31.36,19.34,14.99,18.67,77.52,47.63,28.57,24.25
165.99,31.30,19.34,14.99,18.70,77.52,47.63,28.57,24.25
166.00,31.30,19.34,14.99,18.70,77.52,47.63,28.57,24.25
166.01,31.30,19.34,14.99,18.70,77.52,47.63,28.57,24.25
166.02,31.30,19.37,15.01,18.70,77.52,47.63,28.62,24.25
166.03,31.25,19.34,15.01,18.70,77.77,47.63,28.57,24.25
166.04,31.36,19.34,14.99,18.70,77.52,47.63,28.62,24.25
166.05,31.30,19.34,15.01,18.70,77.77,47.63,28.62,24.25
166.06,31.30,19.37,15.03,18.70,77.52,47.63,28.62,24.25
166.07,31.36,19.37,15.03,18.70,77.77,47.63,28.62,24.25
166.08,31.30,19.34,15.01,18.70,77.77,47.63,28.62,24.25
166.09,31.36,19.37,15.03,18.70,77.77,47.74,28.67,24.25
166.10,31.30,19.37,15.03,18.70,77.77,47.74,28.62,24.25
166.11,31.30,19.37,15.05,18.70,77.77,47.74,28.67,24.29
166.12,31.36,19.37,15.03,18.70,77.77,47.74,28.67,24.25
166.13,31.36,19.37,15.03,18.70,77.77,47.74,28.67,24.29
166.14,31.36,19.37,15.03,18.70,77.77,47.63,28.67,24.25
166.15,31.36,19.37,15.05,18.70,77.77,47.74,28.67,24.25
166.16,31.36,19.37,15.05,18.70,77.77,47.74,28.72,24.25
166.17,31.36,19.37,15.07,18.70,77.77,47.74,28.72,24.29
166.18,31.36,19.37,15.05,18.70,77.77,47.74,28.72,24.29
166.19,31.36,19.39,15.07,18.70,77.77,47.74,28.72,24.29
166.20,31.36,19.34,15.07,18.70,77.77,47.74,28.72,24.29
166.21,31.36,19.39,15.07,18.70,77.77,47.74,28.77,24.29
166.22,31.41,19.39,15.07,18.70,77.77,47.74,28.77,24.29
166.23,31.36,19.34,15.07,18.70,77.77,47.74,28.77,24.29
166.24,31.36,19.39,15.07,18.70,77.77,47.74,28.77,24.29
166.25,31.41,19.37,15.09,18.70,78.02,47.74,28.77,24.29
166.26,31.36,19.39,15.11,18.70,78.02,47.74,28.82,24.29
166.27,31.41,19.39,15.09,18.70,78.02,47.84,28.82,24.29
166.28,31.41,19.39,15.09,18.70,78.02,47.74,28.82,24.29
166.29,31.36,19.37,15.09,18.70,78.02,47.84,28.82,24.29
166.30,31.36,19.39,15.11,18.70,78.02,47.74,28.86,24.29
166.31,31.47,19.39,15.11,18.70,78.02,47.74,28.86,24.29
166.32,31.41,19.39,15.13,18.73,78.02,47.84,28.86,24.29
166.33,31.41,19.39,15.13,18.70,78.02,47.74,28.86,24.29
166.34,31.41,19.39,15.11,18.70,78.02,47.74,28.86,24.29
166.35,31.41,19.39,15.13,18.73,78.02,47.84,28.86,24.29
166.36,31.41,19.39,15.13,18.73,78.02,47.84,28.91,24.29
166.37,31.47,19.42,15.13,18.70,78.02,47.84,28.86,24.29
166.38,31.41,19.42,15.15,18.73,78.02,47.84,28.91,24.33
166.39,31.41,19.39,15.15,18.70,78.02,47.84,28.91,24.29
166.40,31.47,19.39,15.15,18.73,78.02,47.74,28.91,24.29
166.41,31.47,19.42,15.15,18.70,78.27,47.95,28.96,24.33
166.42,31.52,19.39,15.17,18.73,78.27,47.84,28.91,24.33
166.43,31.41,19.39,15.15,18.73,78.02,47.84,28.91,24.29
166.44,31.52,19.39,15.17,18.73,78.27,47.84,28.96,24.33
166.45,31.41,19.37,15.15,18.70,78.02,47.84,28.96,24.33
166.46,31.47,19.42,15.19,18.73,78.27,47.84,29.01,24.33
166.47,31.47,19.42,15.15,18.70,78.27,47.84,29.01,24.33
166.48,31.47,19.42,15.17,18.73,78.27,47.84,29.01,24.33
166.49,31.41,19.42,15.17,18.73,78.27,47.84,29.01,24.33
166.50,31.47,19.42,15.19,18.73,78.27,47.84,29.01,24.33
166.51,31.52,19.42,15.19,18.73,78.27,47.84,29.01,24.33
166.52,31.52,19.42,15.19,18.73,78.27,47.95,29.01,24.33
166.53,31.52,19.42,15.19,18.73,78.27,47.84,29.01,24.33
166.54,31.47,19.42,15.19,18.73,78.27,47.84,29.11,24.33
166.55,31.52,19.42,15.21,18.73,78.27,47.84,29.01,24.33
166.56,31.52,19.42,15.21,18.73,78.27,47.95,29.11,24.33
166.57,31.52,19.42,15.21,18.73,78.52,47.84,29.06,24.33
166.58,31.52,19.42,15.21,18.73,78.52,47.84,29.06,24.33
166.59,31.52,19.42,15.21,18.73,78.27,47.84,29.11,24.33
166.60,31.58,19.42,15.21,18.73,78.27,47.95,29.11,24.37
166.61,31.52,19.42,15.23,18.73,78.52,47.95,29.11,24.37
166.62,31.47,19.45,15.23,18.73,78.52,47.95,29.11,24.33
166.63,31.47,19.42,15.23,18.73,78.52,47.95,29.16,24.33
166.64,31.52,19.42,15.23,18.73,78.52,47.95,29.11,24.33
166.65,31.47,19.45,15.23,18.73,78.52,47.95,29.16,24.33
166.66,31.52,19.45,15.25,18.73,78.52,47.95,29.16,24.37
166.67,31.58,19.45,15.25,18.73,78.52,47.95,29.16,24.37
166.68,31.58,19.45,15.25,18.73,78.52,47.95,29.16,24.37
166.69,31.52,19.42,15.25,18.73,78.52,47.95,29.16,24.37
166.70,31.52,19.42,15.25,18.73,78.52,47.95,29.21,24.37
166.71,31.52,19.45,15.27,18.73,78.52,48.06,29.21,24.37
166.72,31.58,19.45,15.29,18.73,78.52,47.95,29.21,24.37
166.73,31.52,19.45,15.25,18.73,78.52,48.06,29.21,24.37
166.74,31.58,19.42,15.27,18.73,78.52,47.95,29.21,24.37
166.75,31.52,19.45,15.27,18.73,78.52,48.06,29.26,24.37
166.76,31.58,19.45,15.29,18.73,78.52,48.06,29.26,24.37
166.77,31.58,19.45,15.29,18.73,78.77,48.06,29.26,24.37
166.78,31.52,19.45,15.29,18.73,78.52,47.95,29.26,24.37
166.79,31.52,19.45,15.29,18.73,78.77,48.06,29.26,24.37
166.80,31.52,19.45,15.29,18.73,78.77,48.06,29.26,24.37
166.81,31.58,19.48,15.31,18.73,78.52,48.06,29.31,24.37
166.82,31.58,19.48,15.31,18.73,78.77,48.17,29.31,24.37
166.83,31.64,19.45,15.31,18.73,78.52,48.06,29.31,24.37
166.84,31.58,19.45,15.31,18.73,78.77,48.06,29.31,24.41
166.85,31.52,19.45,15.31,18.73,78.77,48.06,29.31,24.37
166.86,31.58,19.48,15.33,18.73,78.77,48.06,29.31,24.41
166.87,31.58,19.48,15.33,18.73,78.77,48.06,29.36,24.41
166.88,31.58,19.45,15.33,18.75,78.77,48.06,29.36,24.41
166.89,31.58,19.48,15.33,18.73,78.77,48.06,29.31,24.37
166.90,31.58,19.48,15.33,18.73,79.03,48.17,29.36,24.41
166.91,31.58,19.48,15.33,18.73,79.03,48.06,29.36,24.37
166.92,31.64,19.48,15.36,18.75,79.03,48.17,29.41,24.41
166.93,31.58,19.48,15.33,18.73,78.77,48.06,29.41,24.41
166.94,31.58,19.45,15.36,18.75,79.03,48.06,29.41,24.41
166.95,31.58,19.48,15.36,18.75,78.77,48.17,29.41,24.41
166.96,31.69,19.48,15.36,18.75,79.03,48.17,29.41,24.41
166.97,31.69,19.48,15.36,18.75,79.03,48.17,29.41,24.41
166.98,31.64,19.48,15.36,18.73,79.03,48.17,29.45,24.41
166.99,31.58,19.45,15.36,18.75,78.77,48.17,29.45,24.41
167.00,31.64,19.48,15.38,18.73,79.03,48.17,29.45,24.41
167.01,31.64,19.48,15.38,18.75,79.03,48.17,29.50,24.41
167.02,31.69,19.51,15.40,18.73,79.03,48.17,29.45,24.41
167.03,31.69,19.51,15.38,18.75,79.03,48.06,29.50,24.41
167.04,31.64,19.48,15.38,18.73,79.03,48.17,29.45,24.41
167.05,31.69,19.48,15.38,18.75,79.03,48.17,29.50,24.41
167.06,31.69,19.51,15.40,18.75,79.03,48.17,29.50,24.41
167.07,31.69,19.51,15.40,18.75,79.03,48.17,29.50,24.41
167.08,31.64,19.48,15.42,18.75,79.03,48.17,29.55,24.41
167.09,31.69,19.48,15.40,18.75,79.03,48.17,29.55,24.41
167.10,31.64,19.48,15.40,18.73,79.03,48.17,29.50,24.41
167.11,31.69,19.51,15.42,18.75,79.28,48.17,29.50,24.41
167.12,31.64,19.51,15.42,18.75,79.03,48.17,29.55,24.41
167.13,31.64,19.51,15.42,18.75,79.03,48.17,29.55,24.44
167.14,31.64,19.51,15.42,18.73,79.28,48.17,29.55,24.44
167.15,31.69,19.51,15.42,18.75,79.28,48.17,29.55,24.41
167.16,31.64,19.51,15.44,18.75,79.28,48.28,29.61,24.44
167.17,31.75,19.51,15.44,18.75,79.03,48.28,29.61,24.44
167.18,31.64,19.51,15.44,18.75,79.28,48.28,29.61,24.44
167.19,31.64,19.51,15.44,18.75,79.03,48.28,29.61,24.44
167.20,31.69,19.51,15.44,18.75,79.03,48.28,29.61,24.44
167.21,31.69,19.51,15.46,18.75,79.28,48.28,29.61,24.44
167.22,31.69,19.54,15.46,18.75,79.28,48.28,29.66,24.44
167.23,31.64,19.51,15.46,18.75,79.28,48.28,29.66,24.44
167.24,31.69,19.51,15.46,18.75,79.28,48.17,29.66,24.41
167.25,31.75,19.51,15.46,18.75,79.28,48.28,29.66,24.44
167.26,31.69,19.51,15.48,18.75,79.28,48.28,29.71,24.44
167.27,31.69,19.54,15.48,18.75,79.28,48.17,29.71,24.44
167.28,31.75,19.51,15.48,18.75,79.28,48.28,29.71,24.44
167.29,31.75,19.51,15.48,18.75,79.28,48.28,29.71,24.44
167.30,31.75,19.51,15.48,18.75,79.28,48.28,29.71,24.44
167.31,31.75,19.54,15.48,18.75,79.28,48.28,29.71,24.44
167.32,31.80,19.54,15.50,18.75,79.28,48.28,29.76,24.44
167.33,31.69,19.54,15.50,18.75,79.28,48.28,29.71,24.48
167.34,31.80,19.54,15.50,18.75,79.28,48.28,29.71,24.44
167.35,31.69,19.54,15.50,18.75,79.28,48.39,29.76,24.44
167.36,31.69,19.54,15.52,18.78,79.28,48.28,29.76,24.44
167.37,31.75,19.54,15.52,18.75,79.54,48.39,29.76,24.44
167.38,31.75,19.54,15.50,18.75,79.28,48.39,29.76,24.48
167.39,31.80,19.54,15.52,18.75,79.54,48.28,29.76,24.44
167.40,31.80,19.54,15.52,18.75,79.54,48.39,29.81,24.48
167.41,31.75,19.54,15.54,18.75,79.54,48.39,29.81,24.48
167.42,31.80,19.54,15.54,18.75,79.54,48.39,29.81,24.48
167.43,31.69,19.54,15.54,18.75,79.54,48.28,29.81,24.44
167.44,31.75,19.51,15.54,18.75,79.54,48.39,29.81,24.48
167.45,31.75,19.56,15.54,18.78,79.28,48.39,29.86,24.48
167.46,31.75,19.54,15.54,18.73,79.54,48.39,29.86,24.48
167.47,31.75,19.56,15.56,18.78,79.54,48.39,29.86,24.48
167.48,31.75,19.54,15.54,18.75,79.28,48.39,29.86,24.48
167.49,31.69,19.54,15.54,18.75,79.54,48.39,29.91,24.48
167.50,31.80,19.56,15.56,18.75,79.54,48.39,29.91,24.48
167.51,31.80,19.56,15.56,18.78,79.54,48.39,29.91,24.48
167.52,31.80,19.56,15.56,18.75,79.54,48.39,29.91,24.48
167.53,31.75,19.56,15.56,18.75,79.54,48.39,29.91,24.48
167.54,31.80,19.56,15.59,18.78,79.54,48.28,29.91,24.48
167.55,31.80,19.56,15.59,18.75,79.80,48.39,29.91,24.52
167.56,31.86,19.56,15.59,18.75,79.54,48.28,29.96,24.48
167.57,31.80,19.56,15.59,18.75,79.80,48.50,29.91,24.52
167.58,31.75,19.54,15.59,18.75,79.80,48.39,29.91,24.44
167.59,31.75,19.56,15.59,18.78,79.54,48.39,29.91,24.52
167.60,31.80,19.56,15.61,18.78,79.54,48.50,29.96,24.48
167.61,31.80,19.56,15.61,18.78,79.80,48.50,29.96,24.52
167.62,31.80,19.59,15.61,18.78,79.54,48.50,29.96,24.52
167.63,31.75,19.56,15.61,18.75,79.80,48.50,29.96,24.52
167.64,31.80,19.56,15.61,18.78,79.80,48.50,30.01,24.52
167.65,31.80,19.56,15.61,18.78,79.80,48.50,30.01,24.52
167.66,31.80,19.56,15.63,18.78,79.80,48.50,29.96,24.52
167.67,31.92,19.59,15.63,18.75,79.80,48.50,30.01,24.52
167.68,31.80,19.56,15.63,18.75,79.80,48.50,30.01,24.52
167.69,31.80,19.56,15.63,18.78,79.80,48.39,30.01,24.52
167.70,31.92,19.56,15.63,18.78,79.80,48.50,30.01,24.56
167.71,31.75,19.59,15.63,18.78,80.06,48.50,30.06,24.52
167.72,31.80,19.59,15.65,18.78,79.80,48.50,30.06,24.52
167.73,31.86,19.56,15.63,18.78,79.80,48.50,30.06,24.52
167.74,31.80,19.56,15.63,18.78,79.80,48.50,30.06,24.52
167.75,31.80,19.56,15.65,18.75,79.80,48.61,30.06,24.52
167.76,31.92,19.59,15.65,18.78,79.80,48.50,30.06,24.52
167.77,31.86,19.59,15.67,18.78,79.80,48.50,30.12,24.52
167.78,31.80,19.56,15.65,18.78,79.80,48.50,30.06,24.52
167.79,31.86,19.56,15.65,18.78,79.80,48.61,30.12,24.52
167.80,31.80,19.59,15.67,18.78,79.80,48.61,30.12,24.52
167.81,31.86,19.59,15.67,18.78,80.32,48.50,30.12,24.52
167.82,31.92,19.59,15.67,18.78,80.06,48.50,30.17,24.52
167.83,31.86,19.59,15.67,18.78,80.06,48.50,30.12,24.52
167.84,31.92,19.56,15.67,18.75,80.06,48.50,30.17,24.52
167.85,31.80,19.59,15.69,18.78,80.06,48.61,30.17,24.56
167.86,31.86,19.59,15.69,18.78,80.06,48.61,30.17,24.56
167.87,31.86,19.59,15.69,18.78,80.06,48.50,30.17,24.52
167.88,31.92,19.59,15.69,18.78,80.06,48.50,30.17,24.52
167.89,31.86,19.59,15.69,18.78,80.06,48.50,30.17,24.56
167.90,31.86,19.59,15.71,18.78,80.06,48.61,30.22,24.56
167.91,31.92,19.62,15.71,18.78,80.06,48.61,30.22,24.56
167.92,31.92,19.62,15.71,18.78,80.06,48.61,30.17,24.52
167.93,31.86,19.59,15.71,18.78,80.06,48.61,30.22,24.56
167.94,31.86,19.59,15.71,18.78,80.06,48.61,30.22,24.56
167.95,31.92,19.59,15.71,18.78,80.06,48.61,30.22,24.56
167.96,31.92,19.62,15.73,18.78,80.06,48.61,30.27,24.56
167.97,31.92,19.62,15.73,18.78,80.06,48.61,30.27,24.56
167.98,31.92,19.59,15.73,18.78,80.06,48.61,30.27,24.56
167.99,31.86,19.59,15.71,18.78,80.06,48.61,30.27,24.56
168.00,31.92,19.59,15.73,18.78,80.32,48.61,30.32,24.56
168.01,31.92,19.62,15.73,18.78,80.06,48.61,30.27,24.56
168.02,31.92,19.62,15.73,18.78,80.32,48.61,30.32,24.56
168.03,31.86,19.59,15.73,18.78,80.06,48.61,30.32,24.56
168.04,31.86,19.62,15.73,18.78,80.32,48.61,30.27,24.56
168.05,31.97,19.62,15.73,18.81,80.06,48.61,30.32,24.56
168.06,31.92,19.62,15.76,18.81,80.32,48.72,30.32,24.56
168.07,31.92,19.62,15.76,18.78,80.06,48.61,30.32,24.56
168.08,31.92,19.59,15.76,18.78,80.32,48.61,30.32,24.56
168.09,31.92,19.59,15.76,18.81,80.32,48.61,30.38,24.56
168.10,31.97,19.62,15.76,18.78,80.32,48.61,30.38,24.60
168.11,32.03,19.62,15.78,18.78,80.32,48.83,30.38,24.60
168.12,31.97,19.62,15.78,18.78,80.32,48.61,30.38,24.56
168.13,31.86,19.62,15.78,18.78,80.32,48.61,30.38,24.60
168.14,31.97,19.62,15.78,18.78,80.32,48.72,30.38,24.60
168.15,31.97,19.62,15.80,18.78,80.32,48.72,30.43,24.60
168.16,31.97,19.62,15.80,18.78,80.32,48.72,30.43,24.60
168.17,31.97,19.62,15.80,18.78,80.32,48.72,30.43,24.60
168.18,31.97,19.62,15.80,18.78,80.32,48.72,30.43,24.56
168.19,31.92,19.62,15.80,18.78,80.32,48.61,30.43,24.60
168.20,31.92,19.62,15.80,18.78,80.32,48.72,30.43,24.60
168.21,31.97,19.65,15.82,18.81,80.32,48.72,30.48,24.60
168.22,31.92,19.65,15.82,18.81,80.58,48.61,30.48,24.60
168.23,32.03,19.62,15.82,18.78,80.32,48.72,30.43,24.60
168.24,31.97,19.62,15.82,18.78,80.58,48.72,30.43,24.60
168.25,31.86,19.62,15.82,18.81,80.58,48.72,30.48,24.60
168.26,31.97,19.65,15.82,18.81,80.58,48.72,30.53,24.60
168.27,31.97,19.65,15.84,18.81,80.58,48.72,30.53,24.60
168.28,31.97,19.65,15.82,18.78,80.32,48.72,30.53,24.60
168.29,31.92,19.62,15.84,18.81,80.58,48.83,30.53,24.60
168.30,31.97,19.62,15.84,18.81,80.58,48.72,30.53,24.60
168.31,31.97,19.65,15.84,18.81,80.58,48.83,30.53,24.60
168.32,32.03,19.65,15.84,18.81,80.58,48.72,30.53,24.60
168.33,31.97,19.65,15.84,18.81,80.58,48.72,30.53,24.60
168.34,31.97,19.65,15.84,18.78,80.58,48.72,30.53,24.60
168.35,31.97,19.65,15.86,18.81,80.58,48.83,30.53,24.60
168.36,31.97,19.65,15.86,18.81,80.58,48.72,30.59,24.63
168.37,31.97,19.65,15.86,18.81,80.58,48.83,30.59,24.60
168.38,31.97,19.65,15.88,18.81,80.58,48.72,30.59,24.63
168.39,32.03,19.65,15.86,18.81,80.58,48.72,30.59,24.63
168.40,31.97,19.65,15.88,18.81,80.58,48.83,30.59,24.63
168.41,32.03,19.65,15.88,18.81,80.58,48.83,30.64,24.63
168.42,31.97,19.68,15.88,18.81,80.58,48.83,30.64,24.63
168.43,31.97,19.65,15.88,18.81,80.58,48.83,30.64,24.63
168.44,32.03,19.65,15.88,18.81,80.85,48.83,30.64,24.63
168.45,32.03,19.65,15.90,18.81,80.58,48.83,30.64,24.63
168.46,31.97,19.65,15.88,18.81,80.58,48.83,30.64,24.63
168.47,32.03,19.68,15.90,18.81,80.58,48.83,30.69,24.63
168.48,32.03,19.65,15.90,18.81,80.85,48.83,30.64,24.63
168.49,32.09,19.65,15.90,18.81,80.58,48.83,30.69,24.63
168.50,32.03,19.68,15.90,18.81,80.58,48.83,30.69,24.63
168.51,32.03,19.68,15.93,18.81,80.85,48.94,30.69,24.63
168.52,32.09,19.68,15.93,18.81,80.85,48.94,30.69,24.63
168.53,32.03,19.68,15.93,18.81,80.85,48.94,30.75,24.63
168.54,31.97,19.65,15.93,18.81,80.85,48.83,30.69,24.63
168.55,32.03,19.68,15.93,18.81,80.85,48.83,30.75,24.67
168.56,32.03,19.68,15.93,18.81,80.85,48.94,30.75,24.63
168.57,32.03,19.68,15.95,18.81,80.85,48.94,30.75,24.63
168.58,32.03,19.68,15.93,18.81,80.85,48.94,30.75,24.67
168.59,32.03,19.68,15.93,18.81,80.85,48.94,30.80,24.63
168.60,32.09,19.68,15.95,18.81,80.85,48.94,30.75,24.63
168.61,32.09,19.68,15.95,18.83,80.85,48.94,30.80,24.63
168.62,32.03,19.68,15.97,18.81,80.85,49.05,30.80,24.67
168.63,32.03,19.68,15.95,18.81,80.85,48.94,30.80,24.67
168.64,32.03,19.68,15.95,18.81,80.85,48.94,30.80,24.67
168.65,32.03,19.70,15.95,18.81,80.85,49.05,30.80,24.67
168.66,32.09,19.70,15.97,18.81,80.85,48.83,30.85,24.67
168.67,32.14,19.70,15.97,18.81,80.85,48.94,30.85,24.67
168.68,32.03,19.68,15.97,18.83,80.85,48.94,30.85,24.67
168.69,32.03,19.65,15.97,18.83,80.85,48.94,30.85,24.63
168.70,32.09,19.70,15.97,18.81,81.11,48.94,30.85,24.67
168.71,32.09,19.68,15.99,18.83,80.85,48.94,30.85,24.67
168.72,32.14,19.68,15.99,18.81,81.11,49.05,30.85,24.67
168.73,32.09,19.68,15.99,18.83,81.11,48.94,30.91,24.67
168.74,32.09,19.68,15.99,18.83,81.11,48.94,30.91,24.67
168.75,32.14,19.70,16.01,18.83,81.11,48.94,30.91,24.67
168.76,32.20,19.70,16.01,18.83,81.11,48.94,30.96,24.67
168.77,32.14,19.70,16.01,18.83,81.11,48.94,30.91,24.67
168.78,32.14,19.68,16.01,18.81,81.11,48.94,30.91,24.71
168.79,32.09,19.70,16.01,18.83,81.11,48.94,30.91,24.67
168.80,32.14,19.70,16.01,18.83,81.11,48.94,30.91,24.71
168.81,32.14,19.70,16.04,18.83,81.38,48.94,30.96,24.67
168.82,32.09,19.70,16.04,18.83,81.11,49.05,30.96,24.67
168.83,32.14,19.70,16.01,18.83,81.11,48.94,30.96,24.75
168.84,32.09,19.70,16.04,18.83,81.11,49.05,30.96,24.71
168.85,32.09,19.70,16.04,18.83,81.11,49.05,31.01,24.67
168.86,32.20,19.73,16.06,18.83,81.11,49.05,31.01,24.71
168.87,32.14,19.70,16.06,18.83,81.11,49.05,31.01,24.71
168.88,32.14,19.70,16.06,18.83,81.11,48.94,31.01,24.71
168.89,32.14,19.70,16.06,18.83,81.11,49.05,31.01,24.71
168.90,32.09,19.70,16.06,18.83,81.38,49.05,31.01,24.71
168.91,32.20,19.73,16.06,18.83,81.11,49.05,31.07,24.71
168.92,32.20,19.73,16.06,18.83,81.38,49.05,31.01,24.71
168.93,32.14,19.70,16.06,18.81,81.11,48.94,31.07,24.71
168.94,32.20,19.70,16.06,18.83,81.38,49.05,31.07,24.71
168.95,32.09,19.70,16.06,18.83,81.11,49.05,31.07,24.71
168.96,32.14,19.70,16.08,18.83,81.38,49.05,31.07,24.71
168.97,32.20,19.73,16.08,18.83,81.11,49.05,31.07,24.71
168.98,32.20,19.70,16.08,18.83,81.38,49.16,31.07,24.71
168.99,32.14,19.73,16.06,18.83,81.38,49.05,31.12,24.71
169.00,32.14,19.73,16.08,18.83,81.38,49.05,31.12,24.75
169.01,32.14,19.73,16.10,18.83,81.38,49.05,31.18,24.71
169.02,32.14,19.73,16.10,18.83,81.38,49.05,31.12,24.71
169.03,32.20,19.73,16.10,18.83,81.38,49.05,31.18,24.75
169.04,32.14,19.70,16.10,18.83,81.38,49.05,31.12,24.71
169.05,32.20,19.73,16.10,18.83,81.38,49.05,31.18,24.71
169.06,32.20,19.76,16.10,18.83,81.38,49.16,31.12,24.71
169.07,32.14,19.73,16.12,18.83,81.38,49.05,31.23,24.71
169.08,32.20,19.73,16.10,18.83,81.38,49.05,31.12,24.75
169.09,32.20,19.73,16.12,18.83,81.38,49.16,31.12,24.75
169.10,32.20,19.73,16.12,18.83,81.65,49.16,31.18,24.75
169.11,32.20,19.76,16.12,18.83,81.38,49.16,31.18,24.75
169.12,32.20,19.73,16.14,18.83,81.65,49.16,31.18,24.71
169.13,32.14,19.73,16.12,18.83,81.38,49.16,31.18,24.75
169.14,32.20,19.73,16.14,18.83,81.38,49.16,31.18,24.75
169.15,32.20,19.73,16.14,18.83,81.38,49.16,31.23,24.75
169.16,32.26,19.76,16.14,18.83,81.65,49.16,31.23,24.75
169.17,32.20,19.76,16.14,18.83,81.65,49.16,31.23,24.75
169.18,32.26,19.73,16.14,18.83,81.38,49.16,31.23,24.75
169.19,32.20,19.73,16.14,18.83,81.65,49.16,31.29,24.75
169.20,32.20,19.76,16.14,18.83,81.65,49.16,31.29,24.75
169.21,32.20,19.76,16.17,18.83,81.65,49.16,31.29,24.75
169.22,32.26,19.76,16.17,18.83,81.65,49.16,31.29,24.75
169.23,32.20,19.76,16.17,18.83,81.65,49.16,31.29,24.75
169.24,32.20,19.73,16.17,18.83,81.38,49.16,31.29,24.75
169.25,32.20,19.76,16.17,18.86,81.65,49.16,31.29,24.75
169.26,32.26,19.76,16.19,18.83,81.65,49.16,31.34,24.75
169.27,32.20,19.76,16.17,18.83,81.65,49.16,31.34,24.75
169.28,32.20,19.76,16.19,18.83,81.65,49.28,31.34,24.75
169.29,32.20,19.76,16.19,18.86,81.65,49.28,31.34,24.75
169.30,32.26,19.76,16.19,18.83,81.65,49.28,31.34,24.75
169.31,32.20,19.76,16.21,18.86,81.65,49.16,31.34,24.79
169.32,32.20,19.76,16.21,18.86,81.65,49.28,31.40,24.79
169.33,32.26,19.76,16.19,18.83,81.65,49.16,31.34,24.75
169.34,32.20,19.76,16.19,18.83,81.65,49.28,31.34,24.75
169.35,32.20,19.76,16.21,18.83,81.65,49.16,31.40,24.75
169.36,32.32,19.76,16.21,18.83,81.92,49.28,31.40,24.75
169.37,32.20,19.76,16.21,18.86,81.65,49.28,31.40,24.75
169.38,32.20,19.76,16.21,18.83,81.65,49.28,31.40,24.75
169.39,32.32,19.76,16.21,18.83,81.65,49.28,31.40,24.79
169.40,32.32,19.76,16.21,18.83,81.65,49.28,31.45,24.79
169.41,32.26,19.79,16.23,18.86,81.65,49.28,31.45,24.79
169.42,32.32,19.76,16.23,18.83,81.65,49.28,31.45,24.79
169.43,32.26,19.76,16.23,18.86,81.92,49.28,31.45,24.79
169.44,32.26,19.76,16.23,18.86,81.65,49.28,31.45,24.79
169.45,32.26,19.76,16.23,18.86,81.92,49.16,31.51,24.79
169.46,32.37,19.79,16.25,18.86,81.92,49.28,31.45,24.79
169.47,32.32,19.79,16.25,18.86,81.65,49.39,31.51,24.79
169.48,32.32,19.76,16.23,18.86,81.92,49.28,31.45,24.79
169.49,32.26,19.79,16.25,18.86,81.65,49.28,31.45,24.79
169.50,32.26,19.76,16.25,18.86,81.92,49.28,31.45,24.79
169.51,32.32,19.79,16.28,18.86,81.92,49.39,31.45,24.79
169.52,32.26,19.79,16.25,18.83,81.92,49.28,31.51,24.79
169.53,32.32,19.76,16.28,18.86,81.92,49.28,31.51,24.79
169.54,32.26,19.79,16.25,18.83,81.92,49.28,31.51,24.79
169.55,32.32,19.79,16.25,18.86,81.92,49.39,31.56,24.79
169.56,32.32,19.79,16.30,18.86,81.92,49.39,31.56,24.83
169.57,32.26,19.79,16.28,18.83,81.65,49.28,31.56,24.79
169.58,32.32,19.79,16.28,18.86,81.92,49.28,31.51,24.79
169.59,32.37,19.79,16.28,18.86,81.92,49.39,31.56,24.83
169.60,32.32,19.79,16.30,18.86,81.92,49.39,31.56,24.83
169.61,32.37,19.79,16.30,18.86,81.92,49.39,31.56,24.79
169.62,32.37,19.79,16.30,18.86,81.92,49.39,31.62,24.83
169.63,32.26,19.76,16.30,18.86,81.92,49.28,31.56,24.83
169.64,32.32,19.79,16.30,18.86,81.92,49.28,31.62,24.83
169.65,32.37,19.79,16.32,18.86,82.20,49.39,31.62,24.83
169.66,32.32,19.79,16.32,18.86,81.92,49.39,31.62,24.79
169.67,32.32,19.82,16.32,18.86,81.92,49.39,31.62,24.79
169.68,32.37,19.79,16.30,18.86,81.92,49.39,31.62,24.83
169.69,32.37,19.79,16.32,18.86,81.92,49.28,31.67,24.83
169.70,32.37,19.79,16.32,18.86,81.92,49.39,31.62,24.83
169.71,32.43,19.82,16.34,18.86,82.20,49.39,31.67,24.83
169.72,32.37,19.82,16.34,18.86,82.20,49.39,31.67,24.83
169.73,32.32,19.79,16.32,18.86,81.92,49.39,31.67,24.83
169.74,32.32,19.79,16.34,18.86,82.20,49.39,31.67,24.83
169.75,32.37,19.82,16.34,18.86,82.20,49.39,31.67,24.83
169.76,32.43,19.82,16.37,18.86,82.20,49.50,31.73,24.87
169.77,32.37,19.82,16.34,18.86,82.20,49.39,31.73,24.83
169.78,32.37,19.79,16.34,18.86,82.20,49.39,31.73,24.83
169.79,32.37,19.79,16.34,18.86,82.20,49.39,31.73,24.83
169.80,32.37,19.82,16.37,18.86,82.20,49.39,31.73,24.83
169.81,32.37,19.82,16.37,18.86,82.20,49.50,31.79,24.83
169.82,32.37,19.82,16.37,18.86,82.20,49.39,31.79,24.83
169.83,32.32,19.82,16.37,18.86,82.20,49.39,31.73,24.87
169.84,32.37,19.82,16.37,18.86,82.20,49.50,31.79,24.83
169.85,32.37,19.82,16.37,18.89,82.20,49.50,31.79,24.87
169.86,32.43,19.82,16.39,18.86,82.47,49.50,31.79,24.87
169.87,32.43,19.82,16.39,18.86,82.20,49.50,31.84,24.83
169.88,32.37,19.82,16.39,18.86,82.20,49.50,31.79,24.83
169.89,32.37,19.82,16.39,18.86,82.20,49.50,31.79,24.87
169.90,32.43,19.82,16.39,18.86,82.47,49.50,31.84,24.87
169.91,32.43,19.82,16.41,18.86,82.20,49.50,31.84,24.87
169.92,32.37,19.82,16.39,18.86,82.47,49.50,31.84,24.87
169.93,32.43,19.79,16.39,18.86,82.20,49.50,31.84,24.87
169.94,32.43,19.85,16.39,18.89,82.47,49.50,31.84,24.87
169.95,32.43,19.82,16.41,18.89,82.20,49.39,31.84,24.87
169.96,32.43,19.85,16.43,18.89,82.20,49.50,31.90,24.87
169.97,32.43,19.85,16.41,18.86,82.20,49.50,31.84,24.87
169.98,32.43,19.82,16.41,18.86,82.47,49.50,31.84,24.87
169.99,32.43,19.82,16.43,18.89,82.20,49.50,31.84,24.87
170.00,32.49,19.85,16.43,18.86,82.47,49.50,31.90,24.87
170.01,32.37,19.85,16.43,18.89,82.47,49.62,31.90,24.87
170.02,32.37,19.85,16.43,18.89,82.47,49.50,31.95,24.87
170.03,32.43,19.82,16.43,18.89,82.47,49.50,31.90,24.87
170.04,32.43,19.82,16.43,18.89,82.47,49.62,31.95,24.87
170.05,32.43,19.85,16.46,18.89,82.47,49.50,31.90,24.87
170.06,32.43,19.88,16.46,18.89,82.47,49.62,31.95,24.87
170.07,32.37,19.85,16.46,18.89,82.47,49.50,31.95,24.87
170.08,32.37,19.85,16.46,18.89,82.47,49.50,31.95,24.83
170.09,32.37,19.82,16.46,18.89,82.47,49.62,31.95,24.91
170.10,32.43,19.85,16.46,18.89,82.47,49.62,32.01,24.91
170.11,32.43,19.88,16.46,18.89,82.47,49.62,32.01,24.91
170.12,32.49,19.88,16.48,18.89,82.75,49.62,32.01,24.87
170.13,32.49,19.85,16.48,18.89,82.47,49.62,32.01,24.91
170.14,32.49,19.85,16.48,18.89,82.47,49.62,32.01,24.87
170.15,32.49,19.85,16.48,18.89,82.75,49.62,32.07,24.91
170.16,32.49,19.88,16.50,18.89,82.75,49.62,32.01,24.91
170.17,32.49,19.85,16.48,18.89,82.75,49.62,32.07,24.91
170.18,32.37,19.85,16.48,18.86,82.75,49.50,32.01,24.87
170.19,32.49,19.85,16.50,18.89,82.75,49.62,32.01,24.91
170.20,32.37,19.88,16.50,18.89,82.47,49.50,32.07,24.91
170.21,32.43,19.88,16.52,18.89,82.75,49.62,32.07,24.91
170.22,32.43,19.88,16.50,18.89,82.75,49.62,32.07,24.91
170.23,32.49,19.85,16.52,18.89,82.47,49.62,32.07,24.91
170.24,32.49,19.85,16.50,18.89,82.75,49.62,32.07,24.91
170.25,32.43,19.88,16.52,18.89,82.75,49.62,32.12,24.91
170.26,32.49,19.88,16.52,18.89,82.75,49.62,32.12,24.94
170.27,32.43,19.88,16.52,18.89,82.75,49.73,32.12,24.91
170.28,32.43,19.85,16.52,18.89,82.75,49.62,32.07,24.91
170.29,32.49,19.88,16.52,18.89,82.75,49.62,32.12,24.91
170.30,32.49,19.88,16.52,18.89,82.75,49.62,32.12,24.91
170.31,32.49,19.90,16.55,18.89,82.75,49.62,32.18,24.91
170.32,32.49,19.88,16.55,18.89,82.75,49.62,32.07,24.91
170.33,32.55,19.88,16.52,18.91,82.75,49.62,32.12,24.91
170.34,32.55,19.88,16.55,18.91,82.75,49.62,32.18,24.91
170.35,32.55,19.88,16.55,18.91,82.75,49.73,32.18,24.91
170.36,32.55,19.90,16.57,18.89,82.75,49.73,32.18,24.91
170.37,32.55,19.88,16.55,18.89,82.75,49.73,32.18,24.91
170.38,32.43,19.88,16.57,18.89,82.75,49.62,32.18,24.91
170.39,32.55,19.88,16.57,18.89,82.75,49.73,32.18,24.94
170.40,32.55,19.88,16.57,18.89,82.75,49.85,32.24,24.94
170.41,32.49,19.90,16.57,18.91,83.02,49.73,32.24,24.94
170.42,32.49,19.90,16.57,18.91,83.02,49.73,32.24,24.94
170.43,32.61,19.88,16.57,18.89,82.75,49.73,32.24,24.91
170.44,32.55,19.88,16.57,18.91,82.75,49.73,32.24,24.94
170.45,32.49,19.90,16.57,18.91,83.02,49.73,32.24,24.94
170.46,32.49,19.90,16.59,18.91,83.02,49.85,32.24,24.94
170.47,32.49,19.90,16.59,18.89,83.02,49.73,32.24,24.94
170.48,32.61,19.88,16.59,18.89,83.02,49.73,32.24,24.94
170.49,32.49,19.88,16.59,18.91,83.02,49.73,32.30,24.94
170.50,32.55,19.90,16.59,18.91,83.02,49.73,32.30,24.94
170.51,32.55,19.90,16.59,18.91,83.02,49.85,32.30,24.94
170.52,32.61,19.90,16.61,18.89,83.02,49.73,32.30,24.94
170.53,32.55,19.90,16.59,18.91,83.02,49.73,32.30,24.94
170.54,32.55,19.90,16.61,18.91,83.02,49.73,32.30,24.94
170.55,32.61,19.90,16.61,18.91,83.02,49.85,32.35,24.94
170.56,32.55,19.90,16.61,18.91,83.02,49.85,32.35,24.94
170.57,32.55,19.90,16.61,18.91,83.02,49.85,32.35,24.94
170.58,32.55,19.90,16.61,18.89,83.02,49.73,32.35,24.94
170.59,32.49,19.90,16.61,18.91,83.02,49.85,32.35,24.94
170.60,32.55,19.90,16.64,18.91,83.02,49.85,32.35,24.98
170.61,32.61,19.93,16.64,18.91,83.02,49.85,32.35,24.94
170.62,32.55,19.90,16.64,18.91,83.02,49.85,32.41,24.98
170.63,32.55,19.90,16.64,18.91,83.02,49.85,32.35,24.98
170.64,32.61,19.90,16.64,18.91,83.02,49.85,32.41,24.94
170.65,32.61,19.93,16.64,18.91,83.02,49.85,32.41,24.98
170.66,32.66,19.93,16.66,18.91,83.30,49.85,32.41,24.98
170.67,32.61,19.93,16.66,18.91,83.02,49.85,32.41,24.94
170.68,32.55,19.90,16.66,18.91,83.02,49.73,32.41,24.98
170.69,32.61,19.90,16.66,18.91,83.30,49.85,32.47,24.98
170.70,32.55,19.93,16.66,18.91,83.30,49.85,32.47,24.98
170.71,32.61,19.93,16.66,18.91,83.02,49.85,32.47,24.98
170.72,32.55,19.93,16.68,18.91,83.30,49.85,32.47,24.98
170.73,32.55,19.90,16.66,18.91,83.30,49.85,32.47,24.94
170.74,32.61,19.90,16.66,18.94,83.30,49.85,32.47,24.98
170.75,32.61,19.93,16.68,18.91,83.30,49.85,32.47,24.98
170.76,32.61,19.93,16.68,18.91,83.30,49.85,32.53,24.98
170.77,32.61,19.93,16.68,18.91,83.02,49.85,32.53,24.98
170.78,32.61,19.93,16.68,18.91,83.30,49.85,32.53,24.98
170.79,32.66,19.93,16.68,18.91,83.02,49.85,32.53,24.98
170.80,32.66,19.93,16.68,18.91,83.30,49.85,32.53,24.98
170.81,32.61,19.93,16.71,18.91,83.30,49.85,32.53,24.98
170.82,32.66,19.93,16.71,18.91,83.30,49.85,32.53,24.98
170.83,32.55,19.93,16.68,18.91,83.30,49.85,32.53,24.98
170.84,32.61,19.93,16.71,18.91,83.30,49.85,32.53,24.98
170.85,32.66,19.93,16.71,18.91,83.30,49.85,32.53,25.02
170.86,32.66,19.96,16.71,18.91,83.30,49.96,32.59,24.98
170.87,32.66,19.93,16.71,18.91,83.30,49.85,32.59,25.02
170.88,32.61,19.93,16.71,18.91,83.30,49.96,32.59,25.02
170.89,32.55,19.93,16.71,18.91,83.30,49.96,32.59,24.98
170.90,32.66,19.93,16.73,18.91,83.30,49.85,32.59,25.02
170.91,32.66,19.93,16.73,18.91,83.30,49.96,32.59,25.02
170.92,32.66,19.93,16.73,18.91,83.30,49.85,32.59,24.98
170.93,32.66,19.93,16.73,18.91,83.30,49.96,32.59,25.02
170.94,32.66,19.93,16.73,18.91,83.30,49.96,32.59,25.02
170.95,32.61,19.93,16.75,18.91,83.58,49.96,32.64,25.02
170.96,32.66,19.96,16.75,18.91,83.30,49.96,32.64,25.02
170.97,32.61,19.96,16.75,18.91,83.58,49.96,32.64,25.02
170.98,32.66,19.93,16.75,18.94,83.30,49.96,32.64,25.02
170.99,32.61,19.93,16.75,18.91,83.58,49.85,32.64,25.02
171.00,32.66,19.96,16.75,18.91,83.58,49.96,32.64,25.02
171.01,32.66,19.96,16.75,18.94,83.58,49.96,32.70,25.02
171.02,32.61,19.96,16.75,18.91,83.30,49.96,32.70,25.02
171.03,32.66,19.96,16.75,18.91,83.30,49.96,32.70,25.02
171.04,32.66,19.93,16.75,18.94,83.58,49.96,32.70,25.02
171.05,32.66,19.96,16.78,18.91,83.58,49.96,32.70,25.02
171.06,32.66,19.96,16.78,18.94,83.58,50.08,32.70,25.02
171.07,32.72,19.96,16.78,18.91,83.58,49.96,32.70,25.02
171.08,32.61,19.93,16.78,18.94,83.58,49.96,32.70,25.02
171.09,32.72,19.96,16.78,18.91,83.58,49.96,32.76,25.02
171.10,32.66,19.96,16.80,18.94,83.58,50.08,32.76,25.02
171.11,32.66,19.96,16.80,18.94,83.58,49.85,32.76,25.06
171.12,32.72,19.96,16.80,18.94,83.58,50.08,32.76,25.02
171.13,32.66,19.93,16.80,18.94,83.30,49.96,32.76,25.02
171.14,32.66,19.96,16.80,18.94,83.58,49.96,32.76,25.02
171.15,32.66,19.96,16.80,18.94,83.58,50.08,32.76,25.06
171.16,32.72,19.96,16.80,18.91,83.58,49.96,32.82,25.02
171.17,32.72,19.96,16.82,18.94,83.58,50.08,32.82,25.06
171.18,32.66,19.93,16.80,18.94,83.58,50.08,32.76,25.06
171.19,32.66,19.93,16.80,18.91,83.58,50.08,32.82,25.06
171.20,32.66,19.99,16.82,18.94,83.58,49.96,32.82,25.06
171.21,32.72,19.96,16.82,18.94,83.58,50.08,32.82,25.06
171.22,32.72,19.99,16.82,18.94,83.87,50.08,32.82,25.06
171.23,32.66,19.96,16.82,18.91,83.58,49.96,32.82,25.06
171.24,32.66,19.96,16.82,18.94,83.58,50.08,32.82,25.06
171.25,32.72,19.96,16.84,18.94,83.58,50.08,32.88,25.06
171.26,32.72,19.99,16.84,18.94,83.87,50.08,32.88,25.06
171.27,32.72,19.99,16.84,18.94,83.58,50.08,32.88,25.06
171.28,32.66,19.96,16.84,18.94,83.58,49.96,32.88,25.06
171.29,32.72,19.96,16.84,18.94,83.87,50.08,32.94,25.06
171.30,32.72,19.96,16.87,18.94,83.87,50.08,32.88,25.10
171.31,32.72,19.99,16.87,18.94,83.87,50.08,32.94,25.06
171.32,32.66,19.99,16.84,18.94,83.58,50.08,32.94,25.06
171.33,32.72,19.96,16.84,18.94,83.87,50.08,32.94,25.06
171.34,32.72,19.96,16.87,18.94,83.87,50.08,32.94,25.06
171.35,32.78,19.99,16.87,18.94,83.87,50.08,32.94,25.06
171.36,32.78,19.99,16.87,18.94,83.87,50.08,32.94,25.06
171.37,32.78,19.99,16.89,18.94,83.87,50.08,32.94,25.06
171.38,32.78,19.99,16.87,18.94,83.87,50.08,32.94,25.06
171.39,32.66,19.99,16.87,18.94,83.58,50.08,33.00,25.06
171.40,32.78,19.99,16.89,18.94,83.87,50.08,33.00,25.06
171.41,32.66,20.02,16.89,18.94,83.87,50.19,33.00,25.10
171.42,32.72,19.99,16.89,18.94,83.87,50.19,33.00,25.06
171.43,32.78,19.99,16.89,18.94,83.87,50.19,33.00,25.10
171.44,32.66,19.99,16.89,18.94,83.87,50.19,33.00,25.10
171.45,32.78,19.99,16.91,18.94,83.87,50.08,33.00,25.10
171.46,32.66,19.99,16.91,18.94,83.87,50.19,33.00,25.10
171.47,32.78,19.99,16.91,18.94,83.87,50.08,33.00,25.10
171.48,32.78,20.02,16.87,18.94,83.87,50.19,33.06,25.10
171.49,32.78,19.99,16.91,18.94,83.87,50.19,33.00,25.10
171.50,32.84,19.99,16.91,18.94,83.87,50.19,33.06,25.10
171.51,32.78,20.02,16.91,18.94,83.87,50.19,33.06,25.06
171.52,32.78,19.99,16.91,18.94,83.87,50.19,33.06,25.10
171.53,32.72,19.99,16.91,18.94,83.87,50.19,33.06,25.10
171.54,32.72,19.99,16.91,18.94,84.44,50.19,33.06,25.10
171.55,32.78,19.99,16.94,18.94,83.87,50.19,33.06,25.10
171.56,32.78,20.02,16.94,18.94,83.87,50.31,33.06,25.10
171.57,32.72,19.99,16.94,18.94,83.58,50.31,33.12,25.10
171.58,32.78,19.99,16.94,18.97,84.15,50.19,33.12,25.10
171.59,32.78,19.99,16.94,18.97,83.87,50.19,33.18,25.10
171.60,32.78,19.99,16.96,18.97,84.15,50.19,33.12,25.10
171.61,32.78,20.02,16.96,18.94,84.15,50.19,33.12,25.10
171.62,32.84,20.02,16.96,18.94,84.15,50.19,33.12,25.14
171.63,32.84,20.02,16.96,18.97,83.87,50.31,33.12,25.10
171.64,32.78,19.99,16.96,18.97,84.15,50.19,33.18,25.10
171.65,32.78,20.02,16.96,18.97,84.15,50.31,33.18,25.14
171.66,32.78,20.02,16.98,18.94,84.15,50.31,33.18,25.10
171.67,32.78,20.02,16.96,18.97,84.15,50.19,33.18,25.14
171.68,32.84,20.02,16.96,18.97,84.15,50.19,33.18,25.14
171.69,32.78,20.02,16.96,18.97,83.87,50.19,33.18,25.10
171.70,32.78,20.02,16.98,18.97,84.15,50.31,33.24,25.14
171.71,32.84,20.02,16.98,18.97,84.15,50.31,33.18,25.14
171.72,32.84,20.02,16.98,18.97,84.15,50.31,33.24,25.10
171.73,32.78,20.02,16.98,18.97,83.87,50.19,33.18,25.10
171.74,32.78,20.02,16.98,18.94,84.15,50.19,33.24,25.14
171.75,32.84,20.02,17.01,18.97,84.15,50.31,33.24,25.10
171.76,32.84,20.05,17.01,18.97,84.15,50.31,33.24,25.14
171.77,32.84,20.02,17.01,18.97,84.15,50.19,33.24,25.14
171.78,32.78,20.02,17.01,18.97,84.15,50.31,33.24,25.14
171.79,32.72,20.02,17.01,18.97,84.15,50.31,33.24,25.14
171.80,32.78,20.02,17.01,18.97,84.15,50.31,33.30,25.14
171.81,32.90,20.05,17.01,18.97,84.44,50.31,33.30,25.14
171.82,32.84,20.02,17.01,18.97,84.15,50.31,33.30,25.14
171.83,32.78,20.02,17.01,18.97,84.15,50.31,33.30,25.14
171.84,32.78,20.02,17.03,18.97,84.15,50.31,33.30,25.14
171.85,32.90,20.05,17.03,18.97,84.15,50.31,33.30,25.14
171.86,32.90,20.05,17.03,18.97,84.15,50.31,33.30,25.14
171.87,32.84,20.05,17.03,18.97,84.44,50.31,33.30,25.14
171.88,32.84,20.02,17.03,18.97,84.15,50.31,33.36,25.14
171.89,32.90,20.02,17.03,18.97,84.15,50.31,33.36,25.14
171.90,32.90,20.02,17.03,18.97,84.44,50.31,33.36,25.18
171.91,32.90,20.05,17.06,18.97,84.44,50.31,33.36,25.18
171.92,32.90,20.02,17.06,18.99,84.44,50.31,33.36,25.18
171.93,32.84,20.02,17.06,18.97,84.15,50.31,33.36,25.18
171.94,32.90,20.05,17.03,18.97,84.15,50.31,33.36,25.14
171.95,32.90,20.05,17.06,18.97,84.44,50.31,33.36,25.18
171.96,32.84,20.05,17.06,18.97,84.44,50.31,33.42,25.18
171.97,32.84,20.02,17.06,18.97,84.44,50.31,33.42,25.14
171.98,32.84,20.05,17.06,18.97,84.44,50.31,33.42,25.18
171.99,32.84,20.05,17.08,18.97,84.44,50.31,33.42,25.18
172.00,32.84,20.05,17.08,18.97,84.44,50.31,33.42,25.18
172.01,32.84,20.05,17.08,18.99,84.44,50.43,33.42,25.14
172.02,32.84,20.05,17.08,18.97,84.44,50.43,33.42,25.18
172.03,32.84,20.05,17.08,18.97,84.15,50.31,33.42,25.18
172.04,32.90,20.05,17.08,18.97,84.44,50.31,33.42,25.18
172.05,32.90,20.05,17.08,18.99,84.44,50.43,33.48,25.18
172.06,32.96,20.05,17.10,18.97,84.73,50.43,33.42,25.18
172.07,32.90,20.05,17.08,18.97,84.44,50.43,33.48,25.18
172.08,32.90,20.05,17.10,18.97,84.44,50.43,33.48,25.18
172.09,32.90,20.05,17.08,18.97,84.44,50.43,33.48,25.18
172.10,32.84,20.05,17.10,18.99,84.44,50.43,33.48,25.18
172.11,32.96,20.08,17.10,18.99,84.44,50.43,33.48,25.18
172.12,32.90,20.08,17.10,18.97,84.44,50.43,33.48,25.18
172.13,32.90,20.05,17.10,18.99,84.44,50.43,33.48,25.18
172.14,32.84,20.05,17.10,18.97,84.73,50.43,33.48,25.18
172.15,32.90,20.05,17.13,18.97,84.73,50.43,33.54,25.22
172.16,32.90,20.08,17.13,18.99,84.73,50.43,33.54,25.18
172.17,32.90,20.05,17.13,18.99,84.73,50.43,33.54,25.18
172.18,32.96,20.05,17.13,18.99,84.73,50.43,33.54,25.18
172.19,32.90,20.05,17.13,18.99,84.73,50.55,33.54,25.22
172.20,32.96,20.08,17.13,18.97,84.44,50.43,33.54,25.22
172.21,32.90,20.08,17.15,18.99,84.73,50.55,33.60,25.22
172.22,32.96,20.08,17.15,18.97,84.73,50.43,33.54,25.22
172.23,32.96,20.08,17.15,18.97,84.73,50.43,33.60,25.18
172.24,32.90,20.08,17.15,18.99,84.73,50.43,33.54,25.18
172.25,32.96,20.08,17.15,18.99,84.73,50.43,33.60,25.22
172.26,32.96,20.11,17.15,18.99,84.73,50.55,33.60,25.22
172.27,32.96,20.08,17.15,18.97,84.73,50.43,33.60,25.22
172.28,32.96,20.08,17.15,18.99,84.73,50.43,33.60,25.22
172.29,32.96,20.08,17.15,18.99,84.73,50.43,33.60,25.22
172.30,33.02,20.08,17.17,18.99,85.02,50.55,33.66,25.22
172.31,32.96,20.11,17.17,18.99,84.73,50.55,33.60,25.22
172.32,32.90,20.08,17.17,18.99,84.73,50.43,33.60,25.22
172.33,32.96,20.08,17.17,18.99,84.73,50.55,33.66,25.22
172.34,32.96,20.08,17.17,18.99,84.73,50.55,33.66,25.22
172.35,32.96,20.11,17.20,18.99,84.73,50.55,33.66,25.22
172.36,32.96,20.08,17.20,18.99,84.73,50.55,33.66,25.22
172.37,32.90,20.08,17.20,18.99,84.73,50.55,33.72,25.22
172.38,32.90,20.08,17.17,19.02,84.73,50.55,33.66,25.22
172.39,32.96,20.08,17.20,18.99,84.73,50.55,33.66,25.22
172.40,33.02,20.08,17.20,18.97,84.73,50.55,33.72,25.22
172.41,32.96,20.11,17.20,18.99,84.73,50.55,33.72,25.22
172.42,33.02,20.08,17.20,18.99,84.73,50.55,33.72,25.22
172.43,32.90,20.08,17.20,18.99,85.02,50.55,33.72,25.22
172.44,32.90,20.08,17.22,18.99,84.73,50.55,33.72,25.22
172.45,32.96,20.11,17.22,18.99,85.02,50.55,33.78,25.22
172.46,32.96,20.11,17.22,19.02,85.02,50.55,33.78,25.26
172.47,32.96,20.08,17.22,18.99,85.02,50.55,33.72,25.22
172.48,32.96,20.08,17.20,19.02,84.73,50.55,33.72,25.26
172.49,32.96,20.11,17.22,18.99,85.02,50.43,33.78,25.26
172.50,32.96,20.11,17.25,18.99,84.73,50.66,33.78,25.26
172.51,32.96,20.11,17.25,18.99,85.02,50.55,33.78,25.22
172.52,32.96,20.11,17.25,18.99,85.02,50.55,33.78,25.22
172.53,32.96,20.11,17.25,18.99,85.02,50.66,33.78,25.26
172.54,33.02,20.11,17.22,18.99,84.73,50.66,33.78,25.26
172.55,33.02,20.11,17.27,19.02,85.02,50.66,33.78,25.26
172.56,33.02,20.11,17.25,18.99,85.02,50.66,33.84,25.26
172.57,33.02,20.11,17.25,18.99,85.02,50.43,33.84,25.26
172.58,33.02,20.14,17.25,19.02,85.02,50.66,33.84,25.30
172.59,33.02,20.11,17.25,18.99,84.73,50.66,33.84,25.22
172.60,33.02,20.14,17.27,18.99,85.02,50.66,33.84,25.30
172.61,33.02,20.14,17.27,18.99,85.02,50.66,33.84,25.26
172.62,33.02,20.14,17.27,18.99,85.02,50.66,33.84,25.26
172.63,32.96,20.11,17.27,19.02,85.02,50.66,33.84,25.30
172.64,32.96,20.11,17.27,18.99,85.31,50.66,33.91,25.30
172.65,33.08,20.11,17.27,18.99,85.02,50.66,33.84,25.26
172.66,33.02,20.14,17.29,19.02,85.02,50.66,33.91,25.26
172.67,32.96,20.11,17.29,18.99,85.02,50.66,33.91,25.26
172.68,33.02,20.11,17.29,19.02,85.02,50.66,33.91,25.30
172.69,32.96,20.11,17.29,18.99,85.31,50.66,33.91,25.26
172.70,33.02,20.11,17.29,19.02,85.31,50.78,33.97,25.30
172.71,33.08,20.14,17.29,18.99,85.02,50.78,33.97,25.30
172.72,33.02,20.14,17.32,18.99,85.02,50.66,33.91,25.26
172.73,33.08,20.11,17.29,18.99,85.31,50.66,33.91,25.26
172.74,33.08,20.14,17.29,19.02,85.02,50.66,33.97,25.30
172.75,33.08,20.14,17.32,19.02,85.31,50.66,34.03,25.30
172.76,33.08,20.14,17.32,19.02,85.02,50.66,33.97,25.30
172.77,33.02,20.14,17.32,19.02,85.31,50.66,33.97,25.30
172.78,33.08,20.14,17.32,18.99,85.02,50.66,33.97,25.30
172.79,33.02,20.14,17.32,19.02,85.02,50.66,33.97,25.30
172.80,33.02,20.14,17.34,19.02,85.60,50.66,33.97,25.30
172.81,33.02,20.14,17.34,19.02,85.02,50.66,34.03,25.30
172.82,33.02,20.14,17.34,19.02,85.31,50.78,34.09,25.30
172.83,32.96,20.14,17.32,19.02,85.02,50.66,33.97,25.30
172.84,33.02,20.14,17.32,19.02,85.02,50.66,34.03,25.30
172.85,33.02,20.14,17.34,19.02,85.31,50.78,34.03,25.30
172.86,33.08,20.16,17.34,19.02,85.31,50.78,33.97,25.30
172.87,33.02,20.14,17.34,19.02,85.31,50.66,34.03,25.30
172.88,33.02,20.14,17.34,19.02,85.31,50.66,34.03,25.30
172.89,33.02,20.14,17.34,19.02,85.31,50.78,34.03,25.30
172.90,33.08,20.16,17.37,19.02,85.31,50.78,34.09,25.30
172.91,33.08,20.16,17.34,19.02,85.31,50.78,34.09,25.34
172.92,33.02,20.14,17.37,19.02,85.31,50.78,34.09,25.30
172.93,33.08,20.14,17.37,19.02,85.31,50.66,34.09,25.30
172.94,33.02,20.14,17.37,19.02,85.31,50.66,34.09,25.30
172.95,33.08,20.16,17.37,19.02,85.31,50.78,34.16,25.34
172.96,33.08,20.16,17.37,19.02,85.31,50.78,34.09,25.34
172.97,33.08,20.16,17.37,19.02,85.31,50.78,34.09,25.34
172.98,33.02,20.14,17.37,19.02,85.31,50.78,34.16,25.30
172.99,33.02,20.14,17.37,19.02,85.02,50.78,34.16,25.34
173.00,33.08,20.16,17.39,19.02,85.31,50.78,34.16,25.34
173.01,33.08,20.16,17.39,19.02,85.31,50.78,34.16,25.34
173.02,33.14,20.16,17.39,19.02,85.31,50.78,34.16,25.34
173.03,33.14,20.14,17.39,19.02,85.31,50.78,34.16,25.34
173.04,33.08,20.14,17.39,19.02,85.31,50.78,34.16,25.34
173.05,33.08,20.16,17.39,19.02,85.60,50.90,34.16,25.34
173.06,33.14,20.16,17.41,19.02,85.60,50.90,34.22,25.34
173.07,33.08,20.16,17.39,19.02,85.31,50.90,34.16,25.34
173.08,33.08,20.16,17.41,19.02,85.60,50.90,34.16,25.34
173.09,33.08,20.16,17.41,19.02,85.31,50.90,34.09,25.34
173.10,33.14,20.14,17.41,19.02,85.60,50.78,34.22,25.34
173.11,33.08,20.16,17.41,19.02,85.60,50.90,34.22,25.34
173.12,33.14,20.16,17.41,19.02,85.31,50.90,34.22,25.34
173.13,33.14,20.16,17.41,19.02,85.31,50.78,34.22,25.34
173.14,33.08,20.16,17.41,19.02,85.60,50.78,34.22,25.34
173.15,33.08,20.16,17.44,19.05,85.60,50.78,34.22,25.34
173.16,33.20,20.19,17.44,19.02,85.60,50.90,34.28,25.34
173.17,33.08,20.16,17.44,19.05,85.31,50.90,34.28,25.34
173.18,33.14,20.16,17.41,19.02,85.60,50.78,34.28,25.34
173.19,33.14,20.16,17.44,19.02,85.60,50.90,34.28,25.34
173.20,33.14,20.16,17.44,19.05,85.31,50.90,34.28,25.38
173.21,33.14,20.16,17.46,19.05,85.60,50.78,34.28,25.38
173.22,33.14,20.16,17.44,19.02,85.60,50.90,34.28,25.34
173.23,33.08,20.16,17.44,19.05,85.60,50.78,34.28,25.38
173.24,33.14,20.16,17.44,19.02,85.60,50.78,34.34,25.34
173.25,33.14,20.16,17.46,19.02,85.60,50.90,34.34,25.34
173.26,33.20,20.16,17.46,19.02,85.60,50.90,34.34,25.38
173.27,33.14,20.16,17.46,19.05,85.60,50.90,34.28,25.38
173.28,33.14,20.16,17.46,19.02,85.60,50.90,34.34,25.38
173.29,33.14,20.16,17.46,19.05,85.60,50.90,34.34,25.38
173.30,33.14,20.19,17.46,19.02,85.60,50.90,34.34,25.38
173.31,33.14,20.16,17.49,19.02,85.60,50.90,34.34,25.38
173.32,33.14,20.16,17.46,19.05,85.60,50.90,34.34,25.38
173.33,33.08,20.16,17.46,19.05,85.60,50.90,34.34,25.38
173.34,33.08,20.16,17.49,19.05,85.60,50.90,34.41,25.38
173.35,33.14,20.19,17.49,19.05,85.60,50.90,34.41,25.38
173.36,33.20,20.19,17.49,19.05,85.60,50.90,34.41,25.42
173.37,33.14,20.16,17.49,19.05,85.60,50.90,34.41,25.38
173.38,33.20,20.16,17.49,19.02,85.60,50.90,34.41,25.38
173.39,33.20,20.16,17.51,19.05,85.60,50.90,34.41,25.38
173.40,33.14,20.19,17.51,19.05,85.89,50.90,34.41,25.38
173.41,33.26,20.19,17.51,19.05,85.89,50.90,34.47,25.42
173.42,33.20,20.16,17.51,19.05,85.60,50.90,34.41,25.38
173.43,33.14,20.16,17.51,19.05,85.89,50.90,34.41,25.42
173.44,33.20,20.19,17.51,19.05,85.89,50.90,34.47,25.38
173.45,33.20,20.19,17.51,19.05,85.89,51.02,34.47,25.38
173.46,33.20,20.19,17.54,19.05,85.60,50.90,34.47,25.42
173.47,33.20,20.19,17.51,19.05,85.89,50.90,34.47,25.42
173.48,33.14,20.19,17.54,19.05,85.89,50.90,34.47,25.38
173.49,33.20,20.19,17.54,19.05,85.89,51.02,34.47,25.42
173.50,33.20,20.19,17.54,19.05,85.89,50.90,34.47,25.42
173.51,33.20,20.22,17.56,19.05,85.89,51.02,34.53,25.42
173.52,33.20,20.19,17.54,19.05,85.60,51.02,34.47,25.38
173.53,33.20,20.19,17.54,19.05,85.89,51.02,34.47,25.42
173.54,33.20,20.19,17.54,19.05,85.89,50.90,34.53,25.38
173.55,33.26,20.22,17.54,19.05,85.89,51.02,34.53,25.42
173.56,33.26,20.22,17.54,19.05,85.89,51.02,34.53,25.42
173.57,33.20,20.19,17.56,19.05,85.89,51.02,34.53,25.42
173.58,33.20,20.19,17.56,19.05,85.89,51.02,34.53,25.42
173.59,33.20,20.19,17.56,19.05,85.89,51.02,34.53,25.42
173.60,33.20,20.22,17.58,19.05,85.89,51.02,34.53,25.46
173.61,33.20,20.19,17.58,19.05,85.89,51.02,34.60,25.46
173.62,33.20,20.19,17.56,19.05,85.89,51.02,34.60,25.42
173.63,33.20,20.19,17.58,19.05,85.89,51.02,34.60,25.42
173.64,33.26,20.19,17.56,19.07,85.89,51.02,34.53,25.42
173.65,33.20,20.22,17.58,19.05,85.89,51.14,34.66,25.42
173.66,33.26,20.22,17.58,19.07,85.89,51.02,34.60,25.46
173.67,33.20,20.22,17.58,19.05,86.19,51.02,34.60,25.42
173.68,33.20,20.19,17.58,19.05,85.89,51.02,34.60,25.46
173.69,33.26,20.22,17.58,19.07,85.89,51.02,34.66,25.46
173.70,33.26,20.22,17.58,19.05,86.19,51.02,34.60,25.42
173.71,33.20,20.22,17.61,19.05,86.19,51.14,34.66,25.46
173.72,33.20,20.25,17.58,19.07,85.89,51.02,34.66,25.46
173.73,33.20,20.19,17.58,19.05,85.89,51.02,34.66,25.42
173.74,33.20,20.22,17.61,19.07,86.19,51.14,34.66,25.46
173.75,33.20,20.22,17.61,19.05,86.19,51.02,34.66,25.46
173.76,33.26,20.22,17.61,19.05,86.19,51.02,34.73,25.46
173.77,33.20,20.22,17.61,19.07,86.19,51.02,34.66,25.46
173.78,33.20,20.22,17.61,19.05,86.19,51.02,34.66,25.46
173.79,33.20,20.22,17.61,19.07,86.19,51.02,34.73,25.46
173.80,33.20,20.22,17.61,19.07,85.89,51.14,34.73,25.46
173.81,33.32,20.22,17.63,19.05,86.19,51.14,34.73,25.46
173.82,33.26,20.22,17.63,19.05,86.19,50.90,34.73,25.42
173.83,33.20,20.19,17.61,19.05,85.89,51.14,34.73,25.46
173.84,33.20,20.22,17.63,19.07,86.19,51.14,34.73,25.50
173.85,33.32,20.25,17.66,19.07,86.19,51.14,34.73,25.38
173.86,33.26,20.25,17.63,19.07,86.19,51.14,34.73,25.46
173.87,33.20,20.22,17.63,19.07,86.19,51.14,34.73,25.46
173.88,33.26,20.22,17.63,19.07,86.19,51.14,34.73,25.46
173.89,33.26,20.22,17.66,19.07,85.89,51.14,34.79,25.46
173.90,33.26,20.25,17.66,19.07,86.19,51.14,34.73,25.46
173.91,33.26,20.25,17.66,19.07,86.19,51.14,34.79,25.46
173.92,33.20,20.22,17.66,19.07,86.19,51.14,34.79,25.46
173.93,33.20,20.22,17.66,19.07,86.19,51.14,34.79,25.46
173.94,33.32,20.25,17.68,19.07,86.19,51.14,34.79,25.46
173.95,33.26,20.25,17.66,19.07,86.19,51.14,34.79,25.46
173.96,33.26,20.25,17.68,19.05,86.19,51.14,34.79,25.46
173.97,33.26,20.22,17.66,19.07,86.19,51.14,34.79,25.50
173.98,33.26,20.22,17.66,19.07,86.19,51.14,34.79,25.46
173.99,33.26,20.25,17.68,19.07,86.19,51.14,34.79,25.50
174.00,33.26,20.25,17.68,19.07,86.19,51.26,34.86,25.50
174.01,33.26,20.25,17.71,19.07,86.19,51.14,34.86,25.50
174.02,33.26,20.25,17.68,19.07,86.19,51.14,34.86,25.50
174.03,33.26,20.22,17.68,19.07,86.19,51.14,34.86,25.50
174.04,33.26,20.25,17.68,19.07,86.49,51.26,34.86,25.46
174.05,33.32,20.25,17.71,19.07,86.19,51.14,34.92,25.50
174.06,33.32,20.25,17.71,19.07,86.49,51.26,34.92,25.50
174.07,33.26,20.25,17.68,19.07,85.89,51.14,34.86,25.50
174.08,33.32,20.25,17.71,19.07,86.19,51.14,34.86,25.50
174.09,33.26,20.25,17.71,19.07,86.19,51.14,34.92,25.50
174.10,33.26,20.25,17.71,19.10,86.49,51.26,34.92,25.46
174.11,33.32,20.25,17.71,19.07,86.19,51.14,34.92,25.50
174.12,33.32,20.25,17.71,19.07,86.49,51.14,34.92,25.50
174.13,33.32,20.25,17.71,19.07,86.19,51.26,34.92,25.50
174.14,33.32,20.25,17.71,19.10,86.49,51.14,34.92,25.50
174.15,33.26,20.25,17.73,19.10,86.49,51.14,34.92,25.50
174.16,33.38,20.25,17.73,19.10,86.19,51.26,34.99,25.50
174.17,33.38,20.25,17.73,19.07,86.49,51.26,34.99,25.50
174.18,33.32,20.25,17.73,19.10,86.49,51.26,34.99,25.50
174.19,33.32,20.25,17.73,19.10,86.19,51.26,34.99,25.50
174.20,33.32,20.28,17.73,19.10,86.49,51.26,34.99,25.50
174.21,33.38,20.25,17.73,19.07,86.49,51.26,34.99,25.50
174.22,33.38,20.25,17.73,19.07,86.49,51.26,34.99,25.54
174.23,33.32,20.25,17.76,19.07,86.49,51.26,34.99,25.50
174.24,33.32,20.25,17.76,19.10,86.49,51.26,34.99,25.54
174.25,33.38,20.28,17.76,19.10,86.49,51.26,35.05,25.54
174.26,33.38,20.28,17.76,19.10,86.49,51.26,35.05,25.54
174.27,33.38,20.28,17.76,19.07,86.49,51.14,35.05,25.54
174.28,33.32,20.25,17.76,19.07,86.49,51.26,35.05,25.54
174.29,33.38,20.28,17.76,19.07,86.79,51.26,35.05,25.54
174.30,33.38,20.28,17.78,19.10,86.49,51.26,35.05,25.54
174.31,33.32,20.28,17.78,19.07,86.49,51.26,35.05,25.54
174.32,33.32,20.28,17.78,19.07,86.49,51.26,35.05,25.54
174.33,33.32,20.25,17.78,19.10,86.49,51.38,35.05,25.54
174.34,33.32,20.28,17.78,19.10,86.49,51.38,35.05,25.54
174.35,33.38,20.28,17.78,19.10,86.49,51.26,35.12,25.54
174.36,33.44,20.28,17.81,19.10,86.79,51.26,35.12,25.54
174.37,33.32,20.28,17.78,19.10,86.49,51.26,35.12,25.54
174.38,33.38,20.25,17.78,19.10,86.49,51.26,35.12,25.54
174.39,33.38,20.28,17.78,19.10,86.49,51.26,35.12,25.54
174.40,33.38,20.28,17.81,19.10,86.79,51.38,35.12,25.54
174.41,33.44,20.31,17.81,19.10,86.49,51.26,35.12,25.58
174.42,33.38,20.28,17.81,19.10,86.49,51.26,35.12,25.54
174.43,33.32,20.28,17.81,19.10,86.79,51.38,35.12,25.54
174.44,33.26,20.28,17.81,19.10,86.79,51.26,35.18,25.54
174.45,33.44,20.28,17.83,19.10,86.79,51.38,35.18,25.58
174.46,33.38,20.31,17.83,19.10,86.79,51.38,35.18,25.58
174.47,33.38,20.28,17.81,19.10,86.79,51.38,35.18,25.58
174.48,33.38,20.28,17.81,19.10,86.79,51.38,35.18,25.54
174.49,33.38,20.31,17.81,19.10,86.79,51.38,35.18,25.54
174.50,33.44,20.28,17.83,19.10,86.79,51.38,35.18,25.58
174.51,33.44,20.28,17.83,19.10,86.49,51.38,35.18,25.58
174.52,33.38,20.28,17.83,19.07,86.79,51.38,35.18,25.58
174.53,33.38,20.28,17.83,19.10,86.79,51.26,35.18,25.58
174.54,33.44,20.28,17.83,19.10,86.79,51.38,35.25,25.58
174.55,33.44,20.31,17.86,19.10,86.79,51.38,35.25,25.58
174.56,33.44,20.31,17.86,19.10,86.79,51.38,35.25,25.58
174.57,33.38,20.28,17.86,19.10,86.79,51.38,35.25,25.58
174.58,33.38,20.28,17.86,19.10,86.79,51.38,35.25,25.58
174.59,33.38,20.31,17.86,19.10,86.79,51.38,35.25,25.58
174.60,33.38,20.31,17.88,19.10,86.79,51.38,35.31,25.54
174.61,33.38,20.31,17.86,19.10,86.79,51.38,35.25,25.58
174.62,33.38,20.31,17.86,19.10,86.79,51.38,35.25,25.58
174.63,33.38,20.28,17.86,19.10,86.79,51.38,35.25,25.58
174.64,33.44,20.31,17.86,19.10,86.79,51.38,35.31,25.58
174.65,33.50,20.31,17.88,19.10,86.79,51.50,35.31,25.58
174.66,33.38,20.31,17.88,19.10,86.79,51.38,35.31,25.58
174.67,33.44,20.31,17.88,19.10,86.79,51.38,35.25,25.58
174.68,33.38,20.31,17.88,19.10,86.79,51.38,35.31,25.58
174.69,33.38,20.31,17.88,19.10,86.79,51.38,35.31,25.58
174.70,33.38,20.31,17.88,19.10,87.09,51.50,35.31,25.58
174.71,33.44,20.31,17.88,19.10,86.79,51.38,35.31,25.58
174.72,33.38,20.28,17.88,19.10,86.79,51.38,35.31,25.58
174.73,33.44,20.31,17.88,19.10,86.79,51.38,35.31,25.58
174.74,33.44,20.31,17.88,19.13,87.09,51.38,35.31,25.58
174.75,33.38,20.31,17.91,19.10,87.09,51.50,35.38,25.58
174.76,33.44,20.31,17.91,19.13,86.79,51.50,35.38,25.58
174.77,33.38,20.31,17.91,19.10,86.79,51.38,35.38,25.62
174.78,33.38,20.31,17.91,19.10,86.79,51.38,35.38,25.62
174.79,33.38,20.31,17.91,19.13,86.79,51.50,35.31,25.58
174.80,33.44,20.31,17.91,19.13,86.79,51.38,35.38,25.62
174.81,33.44,20.31,17.91,19.10,87.09,51.50,35.38,25.62
174.82,33.44,20.31,17.91,19.13,86.79,51.38,35.38,25.62
174.83,33.44,20.31,17.91,19.13,86.79,51.50,35.38,25.62
174.84,33.44,20.31,17.91,19.10,86.79,51.50,35.45,25.62
174.85,33.44,20.31,17.93,19.13,87.09,51.50,35.38,25.62
174.86,33.44,20.34,17.93,19.10,87.09,51.50,35.45,25.62
174.87,33.44,20.31,17.93,19.13,87.09,51.38,35.45,25.62
174.88,33.44,20.31,17.93,19.13,86.79,51.50,35.45,25.62
174.89,33.50,20.31,17.93,19.13,87.09,51.50,35.45,25.62
174.90,33.44,20.31,17.93,19.13,87.09,51.50,35.45,25.62
174.91,33.44,20.34,17.93,19.10,87.09,51.50,35.51,25.62
174.92,33.38,20.31,17.93,19.10,87.09,51.50,35.45,25.66
174.93,33.44,20.34,17.93,19.13,87.09,51.50,35.45,25.62
174.94,33.44,20.31,17.93,19.13,87.09,51.50,35.45,25.62
174.95,33.44,20.34,17.96,19.10,87.09,51.38,35.45,25.66
174.96,33.50,20.31,17.93,19.10,87.09,51.50,35.45,25.62
174.97,33.44,20.31,17.96,19.13,87.09,51.50,35.45,25.62
174.98,33.44,20.31,17.96,19.13,87.09,51.38,35.51,25.66
174.99,33.44,20.28,17.96,19.10,87.09,51.50,35.51,25.62
175.00,33.50,20.31,17.96,19.13,87.09,51.50,35.51,25.62
175.01,33.50,20.34,17.98,19.13,87.09,51.50,35.51,25.66
175.02,33.50,20.31,17.96,19.13,87.09,51.50,35.51,25.62
175.03,33.50,20.31,17.96,19.10,87.09,51.38,35.51,25.62
175.04,33.38,20.31,17.96,19.13,87.09,51.38,35.51,25.66
175.05,33.50,20.34,17.96,19.13,87.09,51.50,35.58,25.66
175.06,33.44,20.34,17.98,19.10,87.09,51.50,35.51,25.62
175.07,33.44,20.31,17.96,19.13,87.09,51.62,35.51,25.66
175.08,33.44,20.31,17.98,19.13,87.09,51.62,35.58,25.62
175.09,33.44,20.31,17.98,19.13,87.09,51.26,35.58,25.66
175.10,33.50,20.34,17.98,19.13,87.09,51.50,35.58,25.66
175.11,33.50,20.34,17.98,19.13,87.09,51.62,35.58,25.62
175.12,33.50,20.31,17.98,19.13,87.09,51.50,35.58,25.66
175.13,33.50,20.31,17.96,19.13,87.09,51.50,35.58,25.66
175.14,33.44,20.31,17.98,19.13,87.09,51.50,35.58,25.66
175.15,33.50,20.34,18.01,19.13,87.40,51.62,35.58,25.66
175.16,33.44,20.34,18.01,19.13,87.09,51.62,35.58,25.66
175.17,33.44,20.31,17.98,19.13,87.09,51.50,35.65,25.66
175.18,33.44,20.31,17.98,19.13,87.09,51.50,35.58,25.66
175.19,33.50,20.31,18.01,19.13,87.09,51.62,35.51,25.66
175.20,33.50,20.34,18.01,19.13,87.09,51.50,35.65,25.66
175.21,33.44,20.34,18.01,19.13,87.09,51.50,35.65,25.66
175.22,33.44,20.31,18.01,19.13,87.09,51.50,35.65,25.66
175.23,33.44,20.34,18.01,19.13,87.09,51.50,35.65,25.66
175.24,33.44,20.31,18.01,19.13,87.09,51.62,35.65,25.66
175.25,33.44,20.34,18.03,19.13,87.40,51.62,35.71,25.66
175.26,33.50,20.34,18.03,19.13,87.09,51.62,35.71,25.66
175.27,33.50,20.31,18.01,19.13,87.09,51.62,35.65,25.66
175.28,33.44,20.31,18.01,19.13,87.40,51.62,35.65,25.66
175.29,33.44,20.34,18.03,19.13,87.09,51.62,35.65,25.66
175.30,33.50,20.34,18.03,19.13,87.40,51.62,35.71,25.66
175.31,33.56,20.34,18.03,19.13,87.09,51.50,35.71,25.66
175.32,33.44,20.34,18.03,19.13,87.70,51.62,35.71,25.66
175.33,33.44,20.28,18.03,19.13,87.09,51.50,35.71,25.66
175.34,33.56,20.31,18.06,19.13,87.40,51.62,35.71,25.70
175.35,33.56,20.34,18.03,19.13,87.09,51.62,35.65,25.66
175.36,33.50,20.34,18.06,19.13,87.09,51.62,35.71,25.66
175.37,33.50,20.34,18.06,19.13,87.09,51.62,35.65,25.66
175.38,33.44,20.34,18.03,19.13,87.40,51.62,35.71,25.70
175.39,33.50,20.31,18.03,19.13,87.40,51.62,35.71,25.70
175.40,33.44,20.34,18.06,19.13,87.40,51.62,35.71,25.66
175.41,33.56,20.34,18.06,19.13,87.40,51.62,35.71,25.70
175.42,33.44,20.34,18.03,19.13,87.40,51.62,35.71,25.70
175.43,33.50,20.34,18.03,19.16,87.40,51.62,35.78,25.70
175.44,33.44,20.34,18.06,19.13,87.40,51.62,35.78,25.70
175.45,33.56,20.34,18.06,19.16,87.40,51.62,35.78,25.70
175.46,33.56,20.34,18.08,19.13,87.40,51.62,35.78,25.66
175.47,33.50,20.34,18.06,19.13,87.40,51.62,35.78,25.70
175.48,33.44,20.34,18.06,19.16,87.40,51.75,35.78,25.70
175.49,33.50,20.34,18.08,19.13,87.40,51.62,35.85,25.70
175.50,33.50,20.34,18.08,19.16,87.40,51.62,35.85,25.70
175.51,33.50,20.34,18.08,19.16,87.40,51.62,35.78,25.70
175.52,33.44,20.34,18.08,19.16,87.40,51.62,35.78,25.70
175.53,33.44,20.34,18.08,19.16,87.40,51.62,35.78,25.70
175.54,33.44,20.34,18.08,19.16,87.40,51.62,35.85,25.70
175.55,33.56,20.34,18.08,19.16,87.40,51.62,35.85,25.70
175.56,33.56,20.37,18.08,19.16,87.40,51.62,35.85,25.70
175.57,33.44,20.34,18.08,19.16,87.40,51.62,35.85,25.74
175.58,33.50,20.34,18.08,19.16,87.70,51.62,35.85,25.70
175.59,33.50,20.34,18.08,19.16,87.40,51.62,35.85,25.74
175.60,33.56,20.37,18.11,19.13,87.40,51.75,35.85,25.70
175.61,33.50,20.34,18.11,19.16,87.40,51.62,35.85,25.70
175.62,33.50,20.34,18.11,19.16,87.40,51.75,35.85,25.70
175.63,33.50,20.34,18.11,19.16,87.40,51.62,35.85,25.70
175.64,33.50,20.34,18.11,19.16,87.70,51.62,35.85,25.70
175.65,33.50,20.34,18.11,19.16,87.40,51.75,35.91,25.70
175.66,33.50,20.37,18.13,19.16,87.70,51.75,35.91,25.70
175.67,33.50,20.34,18.11,19.16,87.40,51.62,35.91,25.74
175.68,33.44,20.34,18.11,19.16,87.40,51.62,35.91,25.70
175.69,33.50,20.34,18.11,19.16,87.40,51.62,35.91,25.74
175.70,33.56,20.37,18.13,19.16,87.70,51.62,35.91,25.74
175.71,33.50,20.37,18.13,19.16,87.70,51.75,35.98,25.74
175.72,33.56,20.34,18.13,19.16,87.40,51.62,35.91,25.74
175.73,33.50,20.34,18.13,19.16,87.40,51.62,35.91,25.74
175.74,33.50,20.34,18.13,19.16,87.40,51.62,35.98,25.74
175.75,33.62,20.37,18.13,19.16,87.40,51.75,35.98,25.74
175.76,33.56,20.37,18.13,19.16,87.40,51.62,35.91,25.70
175.77,33.56,20.37,18.13,19.16,87.40,51.75,35.98,25.74
175.78,33.56,20.34,18.13,19.16,87.40,51.75,35.98,25.74
175.79,33.56,20.34,18.13,19.16,87.40,51.62,35.91,25.74
175.80,33.62,20.37,18.16,19.16,87.70,51.75,36.05,25.74
175.81,33.56,20.37,18.16,19.16,87.70,51.75,35.98,25.74
175.82,33.62,20.34,18.16,19.16,87.70,51.75,35.98,25.74
175.83,33.56,20.37,18.16,19.16,87.70,51.75,35.98,25.74
175.84,33.56,20.31,18.16,19.16,87.70,51.75,35.98,25.74
175.85,33.56,20.37,18.16,19.16,87.70,51.75,36.05,25.74
175.86,33.50,20.37,18.18,19.16,87.70,51.75,36.05,25.74
175.87,33.50,20.34,18.16,19.16,87.40,51.75,35.98,25.74
175.88,33.56,20.34,18.16,19.18,87.70,51.75,35.98,25.74
175.89,33.56,20.37,18.16,19.16,87.70,51.75,35.98,25.74
175.90,33.62,20.34,18.18,19.16,87.70,51.75,36.05,25.79
175.91,33.56,20.37,18.18,19.18,87.70,51.62,36.05,25.74
175.92,33.50,20.34,18.16,19.18,87.40,51.75,36.05,25.74
175.93,33.56,20.37,18.16,19.16,87.70,51.75,36.05,25.74
175.94,33.62,20.37,18.18,19.16,87.70,51.75,36.12,25.79
175.95,33.56,20.37,18.18,19.16,87.70,51.75,36.05,25.79
175.96,33.62,20.40,18.18,19.16,87.70,51.75,36.05,25.79
175.97,33.56,20.34,18.18,19.16,87.70,51.75,36.05,25.79
175.98,33.50,20.34,18.18,19.16,87.70,51.75,36.05,25.79
175.99,33.56,20.37,18.21,19.18,87.70,51.75,36.12,25.79
176.00,33.62,20.37,18.21,19.16,87.70,51.87,36.12,25.79
176.01,33.56,20.37,18.21,19.16,87.70,51.75,36.12,25.79
176.02,33.56,20.37,18.21,19.16,87.70,51.75,36.12,25.79
176.03,33.56,20.37,18.21,19.16,87.70,51.75,36.12,25.79
176.04,33.56,20.34,18.21,19.18,87.70,51.75,36.12,25.79
176.05,33.56,20.37,18.21,19.16,87.70,51.75,36.12,25.79
176.06,33.62,20.37,18.21,19.16,87.70,51.87,36.12,25.79
176.07,33.56,20.37,18.21,19.18,87.70,51.75,36.12,25.79
176.08,33.56,20.37,18.21,19.16,88.01,51.75,36.12,25.79
176.09,33.62,20.37,18.21,19.16,87.70,51.75,36.12,25.79
176.10,33.56,20.37,18.24,19.18,88.01,51.87,36.19,25.79
176.11,33.62,20.37,18.24,19.18,87.70,51.87,36.19,25.79
176.12,33.56,20.37,18.24,19.18,87.70,51.75,36.12,25.79
176.13,33.56,20.37,18.24,19.18,87.70,51.75,36.19,25.79
176.14,33.62,20.40,18.24,19.18,88.01,51.87,36.19,25.79
176.15,33.62,20.37,18.24,19.18,88.01,51.75,36.19,25.79
176.16,33.62,20.40,18.24,19.18,88.01,51.87,36.19,25.79
176.17,33.56,20.37,18.24,19.18,87.70,51.99,36.19,25.79
176.18,33.56,20.37,18.24,19.18,87.70,51.75,36.19,25.79
176.19,33.62,20.40,18.24,19.18,88.01,51.87,36.19,25.79
176.20,33.62,20.34,18.24,19.18,88.01,51.87,36.26,25.79
176.21,33.62,20.40,18.26,19.18,88.01,51.87,36.26,25.83
176.22,33.62,20.34,18.24,19.18,88.01,51.87,36.26,25.83
176.23,33.62,20.40,18.24,19.18,88.01,51.87,36.26,25.79
176.24,33.56,20.40,18.26,19.16,88.01,51.87,36.26,25.79
176.25,33.62,20.37,18.26,19.18,88.01,51.87,36.26,25.83
176.26,33.69,20.40,18.26,19.18,88.01,51.87,36.26,25.83
176.27,33.62,20.37,18.24,19.18,87.70,51.87,36.19,25.79
176.28,33.62,20.37,18.26,19.18,88.01,51.75,36.26,25.83
176.29,33.56,20.37,18.26,19.18,88.01,51.87,36.26,25.83
176.30,33.62,20.40,18.26,19.18,88.01,51.75,36.26,25.83
176.31,33.62,20.40,18.29,19.18,88.01,51.87,36.32,25.83
176.32,33.62,20.37,18.26,19.18,88.01,51.87,36.32,25.83
176.33,33.62,20.37,18.26,19.18,87.70,51.99,36.32,25.79
176.34,33.56,20.37,18.29,19.21,88.01,51.75,36.32,25.87
176.35,33.56,20.40,18.29,19.18,88.01,51.87,36.32,25.83
176.36,33.69,20.40,18.29,19.18,88.01,51.87,36.32,25.83
176.37,33.62,20.37,18.29,19.18,88.01,51.87,36.32,25.83
176.38,33.62,20.37,18.29,19.18,88.01,51.87,36.32,25.83
176.39,33.62,20.40,18.29,19.18,88.01,51.87,36.32,25.83
176.40,33.62,20.40,18.29,19.21,88.01,51.87,36.39,25.83
176.41,33.62,20.40,18.31,19.21,88.01,51.87,36.39,25.83
176.42,33.62,20.40,18.29,19.18,88.01,51.87,36.39,25.83
176.43,33.56,20.37,18.29,19.18,88.01,51.87,36.39,25.83
176.44,33.62,20.37,18.29,19.18,88.01,51.87,36.39,25.83
176.45,33.69,20.40,18.31,19.18,88.01,51.87,36.39,25.83
176.46,33.75,20.40,18.31,19.18,88.01,51.99,36.39,25.83
176.47,33.56,20.37,18.31,19.18,88.01,51.87,36.32,25.87
176.48,33.69,20.37,18.31,19.18,88.01,51.99,36.39,25.83
176.49,33.69,20.37,18.31,19.18,88.01,51.87,36.39,25.87
176.50,33.69,20.40,18.34,19.18,88.01,51.87,36.39,25.87
176.51,33.69,20.40,18.34,19.18,88.32,51.87,36.39,25.83
176.52,33.69,20.37,18.31,19.16,88.01,51.99,36.39,25.83
176.53,33.69,20.40,18.31,19.18,88.01,51.87,36.39,25.87
176.54,33.62,20.37,18.34,19.21,88.01,51.99,36.46,25.87
176.55,33.62,20.40,18.34,19.18,88.32,51.99,36.39,25.87
176.56,33.69,20.40,18.34,19.18,88.32,51.99,36.39,25.87
176.57,33.62,20.40,18.34,19.18,88.01,51.87,36.39,25.83
176.58,33.62,20.37,18.34,19.18,88.32,51.99,36.46,25.87
176.59,33.62,20.40,18.34,19.18,87.70,51.99,36.39,25.87
176.60,33.62,20.40,18.34,19.21,88.32,51.87,36.46,25.83
176.61,33.69,20.40,18.34,19.21,88.01,51.87,36.39,25.87
176.62,33.69,20.40,18.34,19.21,88.01,51.87,36.46,25.87
176.63,33.62,20.40,18.34,19.18,88.01,51.87,36.46,25.87
176.64,33.69,20.40,18.34,19.18,88.01,51.87,36.46,25.87
176.65,33.62,20.40,18.36,19.21,88.01,51.99,36.53,25.87
176.66,33.69,20.40,18.36,19.18,88.32,51.87,36.46,25.87
176.67,33.62,20.40,18.36,19.21,88.32,51.87,36.53,25.87
176.68,33.69,20.40,18.34,19.21,88.01,51.99,36.46,25.87
176.69,33.62,20.40,18.36,19.21,88.01,51.99,36.46,25.87
176.70,33.69,20.43,18.36,19.21,88.32,51.99,36.53,25.87
176.71,33.75,20.43,18.36,19.21,88.01,51.99,36.53,25.87
176.72,33.62,20.40,18.36,19.18,88.01,51.99,36.46,25.87
176.73,33.62,20.37,18.36,19.21,88.32,51.99,36.53,25.87
176.74,33.62,20.40,18.36,19.21,88.32,51.99,36.53,25.87
176.75,33.69,20.43,18.36,19.21,88.32,51.99,36.53,25.87
176.76,33.62,20.40,18.36,19.21,88.32,51.99,36.53,25.87
176.77,33.69,20.40,18.36,19.21,88.32,51.99,36.60,25.91
176.78,33.62,20.40,18.36,19.21,88.32,51.99,36.53,25.91
176.79,33.69,20.40,18.36,19.21,88.32,51.99,36.60,25.91
176.80,33.62,20.43,18.39,19.21,88.32,51.99,36.60,25.87
176.81,33.62,20.40,18.39,19.21,88.32,51.99,36.53,25.91
176.82,33.69,20.40,18.39,19.21,88.01,51.99,36.60,25.91
176.83,33.62,20.40,18.36,19.21,88.32,51.99,36.60,25.87
176.84,33.62,20.40,18.39,19.21,88.32,51.99,36.60,25.91
176.85,33.69,20.43,18.42,19.21,88.32,51.87,36.60,25.91
176.86,33.62,20.40,18.39,19.21,88.32,51.99,36.60,25.91
176.87,33.69,20.40,18.39,19.21,88.32,51.99,36.60,25.91
176.88,33.62,20.40,18.39,19.21,88.32,51.99,36.60,25.91
176.89,33.69,20.40,18.39,19.21,88.32,51.99,36.60,25.91
176.90,33.69,20.43,18.42,19.21,88.32,52.12,36.67,25.95
176.91,33.69,20.43,18.42,19.21,88.32,51.99,36.67,25.91
176.92,33.69,20.40,18.42,19.21,88.32,51.99,36.67,25.91
176.93,33.62,20.40,18.39,19.21,88.32,51.99,36.67,25.91
176.94,33.69,20.40,18.42,19.21,88.64,51.99,36.67,25.91
176.95,33.75,20.43,18.42,19.21,88.32,51.99,36.67,25.91
176.96,33.69,20.43,18.44,19.21,88.32,51.99,36.67,25.91
176.97,33.69,20.40,18.42,19.21,88.32,52.12,36.67,25.91
176.98,33.69,20.40,18.42,19.24,88.32,51.99,36.67,25.91
176.99,33.69,20.40,18.42,19.21,88.64,52.12,36.60,25.91
177.00,33.75,20.43,18.44,19.21,88.32,52.12,36.74,25.91
177.01,33.62,20.43,18.44,19.21,88.32,52.12,36.67,25.91
177.02,33.69,20.40,18.42,19.21,88.32,51.99,36.67,25.91
177.03,33.69,20.40,18.44,19.21,88.32,51.99,36.67,25.91
177.04,33.75,20.43,18.42,19.21,88.32,52.12,36.67,25.95
177.05,33.62,20.43,18.44,19.21,88.32,51.99,36.74,25.95
177.06,33.69,20.43,18.44,19.21,88.32,52.12,36.74,25.91
177.07,33.75,20.40,18.44,19.21,88.32,52.12,36.67,25.95
177.08,33.62,20.40,18.44,19.21,88.32,51.99,36.74,25.91
177.09,33.62,20.40,18.44,19.21,88.32,51.99,36.74,25.91
177.10,33.75,20.43,18.44,19.21,88.32,52.12,36.74,25.95
177.11,33.75,20.43,18.44,19.24,88.32,52.12,36.74,25.91
177.12,33.75,20.43,18.44,19.21,88.32,52.12,36.74,25.91
177.13,33.69,20.40,18.44,19.21,88.32,52.12,36.74,25.95
177.14,33.69,20.43,18.47,19.24,88.32,52.12,36.74,25.91
177.15,33.75,20.43,18.47,19.24,88.32,52.12,36.74,25.95
177.16,33.69,20.43,18.47,19.21,88.32,52.12,36.74,25.95
177.17,33.69,20.43,18.47,19.21,88.32,52.12,36.74,25.95
177.18,33.69,20.40,18.47,19.21,88.32,52.12,36.74,25.95
177.19,33.75,20.40,18.47,19.24,88.64,52.12,36.81,25.95
177.20,33.69,20.43,18.47,19.24,88.64,52.12,36.81,25.95
177.21,33.69,20.43,18.50,19.24,88.64,52.12,36.81,25.95
177.22,33.75,20.40,18.47,19.24,88.32,51.99,36.81,25.95
177.23,33.69,20.43,18.47,19.24,88.64,52.12,36.81,25.95
177.24,33.69,20.43,18.50,19.24,88.64,52.12,36.81,25.95
177.25,33.69,20.43,18.50,19.24,88.64,52.12,36.81,25.99
177.26,33.75,20.43,18.50,19.24,88.32,52.12,36.81,25.95
177.27,33.69,20.43,18.50,19.24,88.64,52.12,36.81,25.99
177.28,33.75,20.43,18.47,19.24,88.32,52.12,36.81,25.95
177.29,33.75,20.43,18.50,19.24,88.64,52.12,36.81,25.95
177.30,33.75,20.43,18.52,19.24,88.64,52.12,36.88,25.99
177.31,33.69,20.43,18.50,19.24,88.64,52.12,36.88,25.95
177.32,33.75,20.43,18.50,19.24,88.64,52.12,36.88,25.95
177.33,33.75,20.43,18.50,19.24,88.64,52.12,36.88,25.95
177.34,33.75,20.43,18.52,19.24,88.64,52.12,36.88,25.99
177.35,33.75,20.46,18.52,19.24,88.64,52.24,36.88,25.95
177.36,33.69,20.46,18.52,19.24,88.64,52.24,36.88,25.95
177.37,33.69,20.43,18.52,19.24,88.64,52.12,36.88,25.99
177.38,33.75,20.43,18.52,19.24,88.64,52.12,36.88,25.99
177.39,33.69,20.43,18.52,19.24,88.64,52.12,36.88,25.95
177.40,33.81,20.46,18.55,19.24,88.64,52.12,36.95,25.99
177.41,33.81,20.46,18.52,19.24,88.64,52.24,36.88,25.99
177.42,33.75,20.43,18.52,19.24,88.64,52.24,36.88,25.99
177.43,33.69,20.40,18.52,19.24,88.64,52.12,36.95,25.95
177.44,33.75,20.43,18.55,19.24,88.64,52.24,36.95,26.03
177.45,33.81,20.46,18.55,19.24,88.64,52.12,36.95,25.99
177.46,33.81,20.46,18.55,19.24,88.64,52.24,36.95,25.99
177.47,33.69,20.46,18.55,19.24,88.64,52.12,36.95,25.99
177.48,33.75,20.43,18.52,19.24,88.64,52.12,36.95,25.99
177.49,33.69,20.46,18.55,19.27,88.64,52.37,36.95,25.99
177.50,33.69,20.46,18.55,19.24,88.64,52.24,36.95,25.99
177.51,33.69,20.43,18.57,19.27,88.64,52.12,36.95,25.99
177.52,33.69,20.43,18.55,19.24,88.64,52.12,36.95,25.99
177.53,33.75,20.43,18.55,19.24,88.64,52.12,36.95,25.99
177.54,33.81,20.43,18.55,19.24,88.64,52.24,36.95,25.99
177.55,33.75,20.46,18.55,19.24,88.64,52.24,36.95,25.99
177.56,33.75,20.46,18.57,19.24,88.64,52.24,37.02,25.99
177.57,33.69,20.43,18.55,19.24,88.64,52.12,36.95,26.03
177.58,33.69,20.43,18.55,19.24,88.64,52.24,36.95,25.99
177.59,33.81,20.43,18.57,19.24,88.64,52.37,37.02,26.03
177.60,33.81,20.46,18.57,19.24,88.64,52.12,37.02,25.95
177.61,33.69,20.46,18.57,19.24,88.64,52.12,37.02,26.07
177.62,33.75,20.43,18.57,19.24,88.64,52.24,37.02,25.99
177.63,33.75,20.43,18.57,19.24,88.95,52.24,37.02,25.99
177.64,33.81,20.46,18.57,19.24,88.64,52.24,37.02,25.99
177.65,33.75,20.46,18.57,19.24,88.95,52.24,37.09,26.03
177.66,33.75,20.43,18.57,19.24,88.64,52.24,37.02,26.03
177.67,33.69,20.43,18.57,19.24,88.64,52.24,37.02,25.99
177.68,33.69,20.43,18.57,19.27,88.64,52.24,37.09,25.99
177.69,33.81,20.43,18.60,19.24,88.95,52.24,37.02,25.99
177.70,33.75,20.46,18.60,19.24,88.64,52.12,37.09,26.03
177.71,33.75,20.46,18.60,19.24,88.95,52.24,37.09,26.03
177.72,33.75,20.46,18.57,19.24,88.64,52.24,37.09,26.03
177.73,33.69,20.43,18.57,19.24,88.64,52.12,37.09,26.03
177.74,33.87,20.46,18.60,19.24,88.95,52.24,37.09,25.99
177.75,33.69,20.46,18.60,19.24,88.64,52.24,37.09,26.03
177.76,33.75,20.46,18.63,19.27,88.95,52.37,37.09,26.03
177.77,33.75,20.43,18.57,19.24,88.64,52.24,37.09,26.03
177.78,33.81,20.43,18.60,19.24,88.64,52.24,37.17,26.03
177.79,33.81,20.46,18.60,19.24,88.95,52.12,37.09,26.03
177.80,33.75,20.46,18.63,19.27,88.64,52.24,37.17,26.03
177.81,33.75,20.43,18.63,19.27,88.95,52.24,37.17,26.03
177.82,33.75,20.46,18.60,19.27,88.64,52.24,37.09,26.03
177.83,33.75,20.43,18.60,19.27,88.95,52.24,37.17,26.03
177.84,33.75,20.46,18.63,19.27,88.64,52.24,37.17,26.03
177.85,33.75,20.46,18.63,19.27,88.95,52.24,37.09,26.07
177.86,33.75,20.43,18.63,19.27,88.95,52.37,37.24,26.03
177.87,33.75,20.46,18.63,19.27,88.64,52.24,37.09,26.03
177.88,33.81,20.46,18.63,19.27,88.95,52.24,37.17,26.03
177.89,33.75,20.46,18.63,19.27,88.64,52.24,37.17,26.07
177.90,33.75,20.46,18.63,19.27,88.95,52.37,37.17,26.03
177.91,33.81,20.46,18.63,19.27,88.95,52.24,37.17,26.03
177.92,33.75,20.46,18.63,19.24,88.95,52.24,37.17,26.03
177.93,33.69,20.43,18.63,19.27,88.95,52.24,37.17,26.03
177.94,33.81,20.46,18.63,19.27,88.95,52.24,37.24,26.03
177.95,33.81,20.46,18.65,19.27,88.95,52.37,37.17,26.03
177.96,33.81,20.46,18.65,19.27,88.95,52.24,37.24,26.03
177.97,33.75,20.46,18.63,19.27,88.95,52.37,37.17,26.07
177.98,33.81,20.46,18.65,19.27,88.95,52.37,37.24,26.07
177.99,33.81,20.46,18.65,19.27,88.95,52.24,37.24,26.07
178.00,33.87,20.46,18.65,19.27,88.95,52.37,37.24,26.07
178.01,33.81,20.46,18.65,19.27,88.95,52.37,37.24,26.07
178.02,33.75,20.46,18.65,19.27,88.95,52.37,37.24,26.07
178.03,33.75,20.43,18.65,19.27,88.95,52.37,37.24,26.07
178.04,33.81,20.46,18.65,19.27,88.95,52.37,37.31,26.07
178.05,33.81,20.46,18.65,19.27,88.95,52.37,37.24,26.07
178.06,33.75,20.46,18.65,19.27,88.95,52.37,37.24,26.07
178.07,33.75,20.46,18.68,19.27,88.95,52.37,37.24,26.07
178.08,33.81,20.46,18.65,19.27,88.95,52.24,37.24,26.07
178.09,33.75,20.46,18.68,19.27,88.95,52.37,37.31,26.07
178.10,33.81,20.46,18.68,19.27,88.95,52.37,37.31,26.03
178.11,33.81,20.46,18.68,19.27,88.95,52.37,37.31,26.07
178.12,33.81,20.46,18.68,19.27,89.27,52.37,37.31,26.07
178.13,33.75,20.46,18.68,19.27,88.95,52.37,37.31,26.07
178.14,33.87,20.46,18.68,19.27,88.95,52.37,37.38,26.07
178.15,33.81,20.49,18.71,19.27,88.95,52.37,37.31,26.07
178.16,33.81,20.49,18.68,19.27,88.95,52.37,37.31,26.07
178.17,33.81,20.46,18.71,19.27,88.95,52.37,37.31,26.07
178.18,33.87,20.46,18.68,19.27,89.27,52.24,37.31,26.07
178.19,33.81,20.46,18.68,19.27,89.27,52.37,37.31,26.07
178.20,33.81,20.49,18.71,19.27,88.95,52.37,37.38,26.12
178.21,33.81,20.46,18.71,19.27,88.95,52.37,37.31,26.12
178.22,33.81,20.46,18.71,19.27,88.95,52.37,37.31,26.07
178.23,33.81,20.46,18.71,19.27,89.27,52.37,37.31,26.12
178.24,33.81,20.46,18.71,19.27,88.95,52.37,37.38,26.12
178.25,33.87,20.49,18.73,19.27,89.27,52.37,37.38,26.12
178.26,33.81,20.49,18.71,19.27,89.27,52.37,37.38,26.12
178.27,33.81,20.46,18.71,19.29,88.95,52.37,37.38,26.12
178.28,33.81,20.46,18.71,19.27,88.95,52.37,37.38,26.12
178.29,33.87,20.46,18.73,19.27,88.95,52.37,37.38,26.12
178.30,33.81,20.49,18.73,19.27,89.27,52.37,37.38,26.12
178.31,33.87,20.49,18.73,19.27,89.27,52.37,37.38,26.12
178.32,33.87,20.46,18.71,19.27,89.27,52.37,37.45,26.12
178.33,33.81,20.46,18.73,19.27,88.95,52.37,37.38,26.12
178.34,33.87,20.49,18.73,19.27,88.95,52.37,37.45,26.12
178.35,33.87,20.49,18.73,19.27,89.27,52.37,37.45,26.12
178.36,33.81,20.46,18.73,19.27,88.95,52.24,37.45,26.12
178.37,33.81,20.46,18.73,19.27,88.95,52.37,37.38,26.12
178.38,33.87,20.46,18.73,19.27,89.27,52.37,37.45,26.12
178.39,33.81,20.49,18.73,19.29,89.27,52.49,37.45,26.12
178.40,33.87,20.49,18.73,19.27,89.27,52.37,37.45,26.12
178.41,33.81,20.49,18.76,19.29,89.27,52.37,37.45,26.12
178.42,33.81,20.46,18.73,19.29,88.95,52.37,37.53,26.12
178.43,33.81,20.46,18.73,19.27,89.27,52.49,37.45,26.12
178.44,33.87,20.49,18.76,19.27,89.27,52.49,37.45,26.12
178.45,33.87,20.49,18.76,19.29,89.27,52.37,37.53,26.12
178.46,33.81,20.49,18.76,19.27,89.27,52.37,37.45,26.12
178.47,33.87,20.49,18.76,19.29,89.27,52.37,37.45,26.12
178.48,33.81,20.46,18.76,19.29,89.27,52.49,37.45,26.12
178.49,33.81,20.49,18.76,19.29,89.27,52.49,37.53,26.16
178.50,33.87,20.49,18.79,19.27,89.27,52.37,37.53,26.12
178.51,33.93,20.52,18.79,19.29,89.27,52.49,37.53,26.16
178.52,33.87,20.49,18.76,19.27,89.27,52.49,37.53,26.12
178.53,33.87,20.49,18.76,19.29,89.27,52.37,37.53,26.16
178.54,33.87,20.49,18.79,19.27,89.27,52.49,37.53,26.16
178.55,33.81,20.49,18.79,19.29,89.27,52.37,37.53,26.12
178.56,33.81,20.49,18.79,19.27,89.27,52.37,37.53,26.16
178.57,33.87,20.49,18.79,19.29,89.27,52.37,37.53,26.12
178.58,33.87,20.49,18.79,19.29,89.27,52.49,37.53,26.16
178.59,33.93,20.49,18.79,19.29,89.27,52.49,37.53,26.16
178.60,33.93,20.46,18.81,19.29,89.27,52.49,37.60,26.16
178.61,33.87,20.49,18.79,19.27,89.27,52.49,37.60,26.12
178.62,33.93,20.49,18.79,19.29,89.27,52.49,37.53,26.16
178.63,33.87,20.49,18.79,19.29,89.27,52.49,37.60,26.16
178.64,33.87,20.49,18.79,19.29,89.27,52.49,37.60,26.16
178.65,33.93,20.52,18.79,19.29,89.27,52.49,37.60,26.16
178.66,33.87,20.49,18.81,19.27,89.27,52.37,37.60,26.16
178.67,33.87,20.49,18.79,19.29,89.27,52.49,37.60,26.16
178.68,33.81,20.49,18.79,19.29,89.27,52.49,37.60,26.16
178.69,33.81,20.49,18.79,19.29,89.27,52.49,37.60,26.16
178.70,33.87,20.52,18.81,19.29,89.58,52.49,37.60,26.16
178.71,33.87,20.49,18.81,19.29,89.27,52.49,37.67,26.16
178.72,33.81,20.49,18.81,19.29,89.27,52.37,37.67,26.16
178.73,33.87,20.49,18.81,19.29,89.27,52.49,37.60,26.16
178.74,33.93,20.52,18.81,19.29,89.27,52.49,37.67,26.16
178.75,33.93,20.49,18.81,19.29,89.27,52.49,37.67,26.16
178.76,33.99,20.52,18.81,19.27,89.27,52.49,37.60,26.16
178.77,33.93,20.49,18.81,19.29,89.27,52.49,37.67,26.16
178.78,33.87,20.49,18.81,19.29,89.27,52.49,37.67,26.16
178.79,33.87,20.49,18.81,19.29,89.58,52.49,37.67,26.16
178.80,33.87,20.52,18.84,19.29,89.58,52.62,37.67,26.16
178.81,33.87,20.52,18.84,19.29,89.27,52.49,37.67,26.16
178.82,33.87,20.49,18.84,19.29,89.27,52.62,37.67,26.20
178.83,33.87,20.49,18.84,19.29,89.27,52.37,37.67,26.16
178.84,33.87,20.52,18.84,19.29,89.27,52.74,37.67,26.20
178.85,33.87,20.52,18.84,19.29,89.58,52.37,37.74,26.16
178.86,33.87,20.52,18.84,19.29,89.58,52.49,37.74,26.20
178.87,33.93,20.49,18.84,19.29,89.58,52.49,37.67,26.20
178.88,33.93,20.52,18.84,19.29,89.58,52.49,37.74,26.20
178.89,33.87,20.52,18.84,19.29,89.58,52.49,37.74,26.20
178.90,33.93,20.52,18.87,19.32,89.58,52.49,37.74,26.20
178.91,33.93,20.52,18.87,19.29,89.27,52.62,37.67,26.20
178.92,33.87,20.52,18.87,19.29,89.58,52.62,37.74,26.20
178.93,33.87,20.49,18.84,19.29,89.58,52.49,37.74,26.20
178.94,33.87,20.52,18.87,19.29,89.58,52.62,37.74,26.20
178.95,33.93,20.52,18.87,19.32,89.58,52.62,37.74,26.20
178.96,33.87,20.52,18.87,19.32,89.58,52.62,37.74,26.20
178.97,33.93,20.52,18.87,19.29,89.58,52.62,37.74,26.20
178.98,33.87,20.49,18.87,19.29,89.58,52.49,37.74,26.20
178.99,33.87,20.52,18.87,19.29,89.58,52.62,37.74,26.20
179.00,33.87,20.52,18.87,19.32,89.58,52.62,37.82,26.20
179.01,33.87,20.52,18.89,19.29,89.58,52.62,37.74,26.20
179.02,33.87,20.52,18.87,19.29,89.58,52.62,37.74,26.20
179.03,33.93,20.52,18.87,19.32,89.58,52.62,37.74,26.24
179.04,33.99,20.52,18.89,19.32,89.58,52.49,37.74,26.20
179.05,33.93,20.52,18.89,19.29,89.58,52.62,37.82,26.20
179.06,33.93,20.52,18.89,19.29,89.90,52.62,37.82,26.20
179.07,33.87,20.52,18.89,19.29,89.58,52.62,37.82,26.20
179.08,33.87,20.52,18.89,19.32,89.58,52.62,37.82,26.24
179.09,33.93,20.52,18.89,19.32,89.90,52.62,37.89,26.24
179.10,33.93,20.55,18.89,19.32,89.27,52.62,37.74,26.20
179.11,33.93,20.52,18.92,19.32,89.58,52.62,37.89,26.24
179.12,33.93,20.52,18.89,19.32,89.58,52.62,37.82,26.20
179.13,33.93,20.52,18.89,19.29,89.58,52.49,37.82,26.20
179.14,33.93,20.52,18.89,19.32,89.58,52.62,37.82,26.24
179.15,33.99,20.52,18.92,19.29,89.58,52.62,37.82,26.24
179.16,33.93,20.55,18.92,19.32,89.58,52.62,37.89,26.24
179.17,33.93,20.52,18.89,19.29,89.58,52.49,37.82,26.24
179.18,33.93,20.52,18.92,19.29,89.58,52.62,37.89,26.24
179.19,33.87,20.52,18.92,19.32,89.58,52.62,37.89,26.24
179.20,33.93,20.55,18.95,19.32,89.58,52.62,37.89,26.24
179.21,33.99,20.55,18.92,19.29,89.58,52.62,37.89,26.24
179.22,33.93,20.52,18.92,19.32,89.58,52.62,37.82,26.24
179.23,33.99,20.52,18.92,19.32,89.27,52.62,37.89,26.24
179.24,33.93,20.55,18.92,19.32,89.58,52.62,37.89,26.24
179.25,33.93,20.52,18.95,19.32,89.90,52.74,37.97,26.28
179.26,33.93,20.52,18.95,19.29,89.58,52.74,37.97,26.28
179.27,33.99,20.52,18.95,19.29,89.58,52.74,37.89,26.24
179.28,33.87,20.52,18.95,19.32,89.58,52.62,37.89,26.28
179.29,33.99,20.52,18.95,19.32,89.90,52.74,37.97,26.24
179.30,33.99,20.55,18.95,19.32,89.90,52.74,37.97,26.24
179.31,33.93,20.55,18.95,19.32,89.90,52.62,37.97,26.24
179.32,33.99,20.52,18.95,19.32,89.58,52.62,37.97,26.24
179.33,33.93,20.55,18.95,19.32,89.90,52.74,37.97,26.24
179.34,33.93,20.55,18.95,19.32,89.58,52.74,37.97,26.28
179.35,33.93,20.55,18.95,19.32,89.58,52.62,37.97,26.24
179.36,33.99,20.55,18.95,19.32,89.58,52.62,37.97,26.24
179.37,33.99,20.52,18.95,19.32,89.90,52.62,37.97,26.28
179.38,33.93,20.52,18.95,19.32,89.90,52.74,37.97,26.28
179.39,33.99,20.52,18.97,19.32,89.90,52.74,37.97,26.28
179.40,33.99,20.55,18.97,19.32,89.90,52.74,37.97,26.28
179.41,33.99,20.55,18.97,19.32,89.90,52.74,38.04,26.28
179.42,33.99,20.55,18.97,19.32,89.90,52.62,38.04,26.28
179.43,33.99,20.52,18.97,19.32,89.58,52.62,38.04,26.24
179.44,33.93,20.55,18.97,19.32,89.90,52.74,37.97,26.28
179.45,34.06,20.55,18.97,19.32,89.90,52.74,38.04,26.28
179.46,34.06,20.55,18.97,19.32,89.90,52.74,38.04,26.28
179.47,33.99,20.52,18.97,19.32,89.58,52.74,38.04,26.28
179.48,33.93,20.55,18.97,19.32,89.90,52.62,38.04,26.28
179.49,33.93,20.55,18.97,19.32,89.90,52.74,38.04,26.28
179.50,34.06,20.58,19.00,19.32,89.58,52.74,38.04,26.28
179.51,33.93,20.55,19.00,19.32,89.90,52.74,38.11,26.28
179.52,33.93,20.55,19.00,19.32,89.90,52.74,38.04,26.28
179.53,33.93,20.55,18.97,19.32,89.90,52.62,38.11,26.28
179.54,33.99,20.55,19.00,19.32,89.90,52.74,38.11,26.28
179.55,33.99,20.55,19.00,19.32,89.90,52.74,38.11,26.28
179.56,33.93,20.58,19.00,19.32,89.90,52.74,38.11,26.28
179.57,33.93,20.55,19.00,19.32,89.90,52.74,38.04,26.28
179.58,33.93,20.55,19.00,19.32,89.90,52.74,38.11,26.28
179.59,33.93,20.55,19.00,19.32,89.90,52.74,38.11,26.33
179.60,33.99,20.55,19.00,19.35,89.90,52.74,38.11,26.33
179.61,33.99,20.55,19.03,19.35,89.90,52.74,38.11,26.28
179.62,33.93,20.55,19.00,19.32,89.90,52.74,38.11,26.33
179.63,33.99,20.55,19.00,19.32,89.90,52.62,38.11,26.28
179.64,33.99,20.55,19.00,19.32,89.90,52.74,38.11,26.33
179.65,33.99,20.58,19.03,19.32,89.90,52.74,38.11,26.33
179.66,33.99,20.58,19.03,19.32,89.90,52.87,38.19,26.33
179.67,33.99,20.55,19.00,19.35,89.90,52.74,38.19,26.28
179.68,33.99,20.55,19.03,19.32,89.90,52.74,38.11,26.33
179.69,33.99,20.55,19.03,19.35,89.90,52.74,38.11,26.28
179.70,33.99,20.55,19.03,19.35,89.90,52.74,38.11,26.28
179.71,33.99,20.58,19.03,19.35,89.90,52.62,38.19,26.33
179.72,33.99,20.55,19.03,19.35,89.58,52.74,38.11,26.33
179.73,33.99,20.55,19.03,19.35,89.90,52.74,38.19,26.33
179.74,33.99,20.55,19.03,19.35,89.90,52.74,38.19,26.33
179.75,33.99,20.58,19.05,19.35,89.90,52.74,38.19,26.33
179.76,33.99,20.58,19.05,19.35,90.23,52.62,38.11,26.33
179.77,34.06,20.55,19.03,19.35,89.90,52.74,38.11,26.33
179.78,34.06,20.55,19.05,19.35,89.90,52.74,38.26,26.33
179.79,33.99,20.55,19.05,19.35,89.90,52.74,38.19,26.33
179.80,33.99,20.58,19.05,19.35,89.90,52.87,38.19,26.33
179.81,34.06,20.58,19.05,19.35,90.23,52.74,38.19,26.33
179.82,33.99,20.55,19.05,19.35,89.90,52.74,38.19,26.33
179.83,33.99,20.55,19.05,19.35,89.90,52.87,38.19,26.33
179.84,33.99,20.58,19.05,19.35,90.23,52.74,38.19,26.33
179.85,33.99,20.58,19.05,19.35,90.23,52.87,38.26,26.33
179.86,33.99,20.55,19.08,19.35,89.90,52.87,38.26,26.33
179.87,33.99,20.55,19.05,19.35,89.90,52.74,38.26,26.37
179.88,33.99,20.58,19.05,19.35,89.90,52.74,38.26,26.33
179.89,33.99,20.58,19.08,19.32,90.23,52.87,38.26,26.33
179.90,34.12,20.58,19.08,19.35,90.23,52.87,38.26,26.33
179.91,33.99,20.58,19.08,19.35,90.23,52.87,38.26,26.37
179.92,33.99,20.55,19.08,19.35,89.90,52.87,38.26,26.33
179.93,33.99,20.58,19.08,19.35,89.90,52.87,38.26,26.37
179.94,33.99,20.58,19.08,19.35,90.23,52.87,38.26,26.37
179.95,33.99,20.58,19.08,19.35,90.23,52.87,38.34,26.33
179.96,34.06,20.58,19.08,19.35,90.23,52.87,38.34,26.33
179.97,34.06,20.58,19.08,19.35,90.23,52.74,38.26,26.33
179.98,34.06,20.58,19.08,19.35,90.23,52.74,38.26,26.33
179.99,34.06,20.58,19.08,19.35,90.23,52.87,38.34,26.37
180.00,33.99,20.58,19.11,19.35,90.23,52.87,38.34,26.37
180.01,34.06,20.55,19.11,19.32,90.23,52.87,38.34,26.33
180.02,33.99,20.55,19.08,19.38,90.23,52.87,38.34,26.37
180.03,33.99,20.55,19.08,19.35,89.90,52.74,38.34,26.37
180.04,34.06,20.58,19.08,19.35,90.23,52.87,38.34,26.37
180.05,34.06,20.58,19.11,19.35,90.23,52.87,38.34,26.37
180.06,34.06,20.58,19.11,19.35,90.23,52.74,38.34,26.37
180.07,33.99,20.55,19.11,19.35,90.23,52.87,38.34,26.37
180.08,33.99,20.58,19.11,19.35,90.23,52.87,38.34,26.37
180.09,34.06,20.58,19.11,19.38,90.23,52.74,38.41,26.37
180.10,34.06,20.58,19.11,19.35,90.23,52.87,38.34,26.37
180.11,34.06,20.58,19.11,19.35,90.23,52.87,38.34,26.37
180.12,33.99,20.55,19.11,19.35,90.23,52.87,38.41,26.37
180.13,33.99,20.58,19.11,19.35,89.90,52.87,38.41,26.37
180.14,34.12,20.55,19.11,19.35,90.23,52.87,38.41,26.37
180.15,34.06,20.61,19.14,19.38,90.23,52.87,38.41,26.37
180.16,34.06,20.58,19.14,19.38,90.23,52.87,38.41,26.37
180.17,33.99,20.58,19.11,19.35,90.23,52.87,38.34,26.41
180.18,33.99,20.58,19.11,19.35,90.23,52.87,38.41,26.37
180.19,33.99,20.58,19.14,19.35,90.23,52.87,38.41,26.37
180.20,34.06,20.58,19.14,19.35,90.23,52.87,38.41,26.37
180.21,33.99,20.58,19.14,19.38,90.23,52.87,38.41,26.37
180.22,34.06,20.58,19.14,19.35,90.23,52.87,38.41,26.37
180.23,34.06,20.58,19.14,19.35,90.23,52.87,38.41,26.41
180.24,33.99,20.58,19.16,19.35,90.23,52.87,38.41,26.37
180.25,34.18,20.61,19.16,19.35,90.23,53.00,38.41,26.41
180.26,34.06,20.61,19.16,19.38,90.23,53.00,38.49,26.37
180.27,34.12,20.58,19.14,19.35,90.23,52.87,38.49,26.37
180.28,33.99,20.58,19.14,19.38,90.23,53.00,38.41,26.37
180.29,34.06,20.58,19.16,19.38,90.23,53.00,38.49,26.41
180.30,34.06,20.61,19.16,19.38,90.55,53.00,38.49,26.41
180.31,34.12,20.61,19.16,19.38,90.23,52.87,38.49,26.37
180.32,34.12,20.58,19.14,19.38,90.23,52.87,38.49,26.37
180.33,34.06,20.58,19.16,19.35,90.23,52.87,38.49,26.41
180.34,34.06,20.61,19.16,19.38,90.55,53.00,38.49,26.41
180.35,34.06,20.61,19.16,19.38,90.23,53.00,38.49,26.41
180.36,34.06,20.61,19.16,19.38,90.23,52.87,38.56,26.41
180.37,34.12,20.61,19.16,19.35,90.23,52.87,38.56,26.37
180.38,34.06,20.58,19.16,19.35,90.23,52.87,38.41,26.41
180.39,34.12,20.61,19.16,19.35,90.55,52.87,38.49,26.41
180.40,34.06,20.61,19.19,19.38,90.55,53.00,38.56,26.41
180.41,34.06,20.61,19.16,19.38,90.55,53.00,38.56,26.41
180.42,34.12,20.58,19.16,19.38,90.23,53.00,38.56,26.41
180.43,34.06,20.58,19.16,19.35,90.23,52.87,38.49,26.41
180.44,34.06,20.58,19.16,19.35,90.23,53.00,38.49,26.41
180.45,34.06,20.61,19.19,19.38,90.55,52.87,38.56,26.41
180.46,34.06,20.61,19.19,19.38,90.55,53.00,38.56,26.41
180.47,33.99,20.61,19.19,19.38,90.55,52.87,38.49,26.41
180.48,34.06,20.61,19.19,19.38,90.55,53.00,38.56,26.45
180.49,34.12,20.61,19.19,19.38,90.55,53.00,38.56,26.41
180.50,34.06,20.61,19.22,19.38,90.55,53.12,38.64,26.45
180.51,34.12,20.61,19.19,19.38,90.55,53.00,38.64,26.41
180.52,34.12,20.61,19.19,19.38,90.55,53.00,38.56,26.45
180.53,34.06,20.58,19.22,19.38,90.23,53.00,38.56,26.45
180.54,34.12,20.61,19.22,19.38,90.55,53.00,38.64,26.41
180.55,34.12,20.61,19.22,19.38,90.55,53.00,38.64,26.41
180.56,34.06,20.61,19.22,19.38,90.23,53.12,38.64,26.45
180.57,34.06,20.61,19.22,19.38,90.55,53.00,38.56,26.45
180.58,34.06,20.61,19.22,19.38,90.23,53.00,38.56,26.45
180.59,34.12,20.61,19.22,19.38,90.55,53.00,38.64,26.45
180.60,34.12,20.64,19.22,19.38,90.55,53.12,38.64,26.45
180.61,34.12,20.61,19.22,19.38,90.55,53.00,38.64,26.45
180.62,34.06,20.61,19.22,19.38,90.55,53.00,38.64,26.45
180.63,34.06,20.61,19.22,19.38,90.55,53.00,38.64,26.45
180.64,34.12,20.61,19.25,19.38,90.55,53.00,38.64,26.45
180.65,34.12,20.61,19.25,19.38,90.55,53.00,38.72,26.45
180.66,34.12,20.61,19.25,19.38,90.55,53.12,38.64,26.45
180.67,34.06,20.61,19.22,19.38,90.55,53.00,38.64,26.45
180.68,34.12,20.61,19.25,19.38,90.55,52.87,38.72,26.45
180.69,34.12,20.61,19.22,19.38,90.55,53.00,38.72,26.45
180.70,34.18,20.61,19.25,19.38,90.55,53.00,38.64,26.45
180.71,34.18,20.61,19.25,19.38,90.55,53.00,38.72,26.45
180.72,34.12,20.61,19.25,19.38,90.55,53.00,38.72,26.45
180.73,34.12,20.61,19.25,19.38,90.55,53.12,38.72,26.45
180.74,34.12,20.61,19.25,19.38,90.55,53.00,38.72,26.50
180.75,34.12,20.64,19.25,19.38,90.55,53.00,38.72,26.45
180.76,34.18,20.64,19.25,19.38,90.55,53.12,38.72,26.45
180.77,34.12,20.61,19.25,19.38,90.55,53.12,38.72,26.45
180.78,34.12,20.61,19.25,19.41,90.55,53.12,38.72,26.50
180.79,34.12,20.64,19.25,19.41,90.55,53.00,38.72,26.45
180.80,34.18,20.64,19.25,19.41,90.88,53.12,38.72,26.50
180.81,34.12,20.61,19.27,19.38,90.55,53.12,38.72,26.50
180.82,34.18,20.61,19.27,19.38,90.55,53.12,38.72,26.45
180.83,34.12,20.61,19.27,19.38,90.55,53.12,38.72,26.45
180.84,34.12,20.64,19.27,19.41,90.55,53.12,38.72,26.50
180.85,34.12,20.61,19.27,19.41,90.55,53.12,38.79,26.50
180.86,34.12,20.64,19.27,19.41,90.88,53.12,38.72,26.45
180.87,34.18,20.61,19.27,19.41,90.55,53.12,38.72,26.50
180.88,34.12,20.61,19.27,19.38,90.55,53.00,38.79,26.45
180.89,34.18,20.64,19.27,19.38,90.55,53.00,38.79,26.45
180.90,34.18,20.64,19.30,19.41,90.55,53.00,38.79,26.50
180.91,34.12,20.64,19.27,19.38,90.55,53.12,38.79,26.50
180.92,34.12,20.61,19.27,19.41,90.55,53.00,38.79,26.45
180.93,34.12,20.61,19.27,19.41,90.55,53.12,38.79,26.50
180.94,34.12,20.61,19.30,19.41,90.55,53.12,38.79,26.50
180.95,34.18,20.64,19.30,19.41,90.55,53.12,38.87,26.50
180.96,34.18,20.61,19.30,19.41,90.55,53.12,38.79,26.50
180.97,34.18,20.61,19.30,19.38,90.55,53.12,38.79,26.50
180.98,34.12,20.61,19.30,19.41,90.88,53.12,38.79,26.50
180.99,34.12,20.64,19.30,19.41,90.88,53.12,38.87,26.50
181.00,34.12,20.64,19.30,19.41,90.55,53.12,38.87,26.50
181.01,34.12,20.64,19.33,19.41,90.88,53.12,38.79,26.50
181.02,34.12,20.64,19.30,19.41,90.55,53.12,38.87,26.50
181.03,34.12,20.61,19.30,19.41,90.55,53.12,38.79,26.50
181.04,34.18,20.64,19.30,19.41,90.88,53.12,38.87,26.54
181.05,34.12,20.64,19.33,19.41,90.88,53.12,38.87,26.50
181.06,34.12,20.64,19.33,19.41,90.55,53.25,38.87,26.50
181.07,34.12,20.61,19.30,19.41,90.55,53.00,38.87,26.50
181.08,34.12,20.61,19.30,19.41,90.88,53.12,38.87,26.54
181.09,34.18,20.64,19.30,19.41,90.88,53.12,38.87,26.50
181.10,34.18,20.64,19.33,19.41,90.88,53.12,38.87,26.50
181.11,34.18,20.64,19.33,19.41,90.88,53.12,38.87,26.54
181.12,34.18,20.64,19.30,19.41,90.88,53.12,38.87,26.54
181.13,34.12,20.64,19.33,19.41,90.88,53.12,38.87,26.54
181.14,34.12,20.61,19.33,19.41,90.88,53.12,38.87,26.54
181.15,34.18,20.64,19.33,19.41,90.88,53.12,38.95,26.54
181.16,34.18,20.64,19.33,19.41,90.88,53.12,38.95,26.54
181.17,34.18,20.64,19.33,19.41,90.55,53.12,38.95,26.54
181.18,34.12,20.64,19.33,19.41,90.88,53.12,38.87,26.54
181.19,34.18,20.64,19.33,19.41,90.88,53.12,38.95,26.54
181.20,34.18,20.67,19.33,19.41,90.88,53.25,38.95,26.54
181.21,34.18,20.64,19.36,19.41,90.88,53.12,38.87,26.54
181.22,34.24,20.64,19.33,19.41,90.88,53.12,38.95,26.54
181.23,34.12,20.64,19.36,19.43,90.88,53.12,38.95,26.54
181.24,34.12,20.64,19.36,19.41,90.88,53.12,38.95,26.54
181.25,34.18,20.67,19.36,19.43,90.88,53.12,39.02,26.54
181.26,34.12,20.61,19.36,19.41,90.88,53.12,38.95,26.54
181.27,34.18,20.67,19.36,19.43,90.88,53.25,38.95,26.54
181.28,34.12,20.61,19.36,19.41,90.88,53.25,38.95,26.50
181.29,34.24,20.67,19.36,19.41,90.88,53.12,39.02,26.54
181.30,34.18,20.64,19.36,19.41,91.20,53.25,39.02,26.54
181.31,34.18,20.67,19.36,19.41,90.88,53.25,38.95,26.54
181.32,34.18,20.64,19.36,19.41,90.88,53.25,38.95,26.54
181.33,34.18,20.64,19.36,19.41,90.88,53.12,39.02,26.54
181.34,34.18,20.64,19.36,19.43,90.88,53.25,39.02,26.54
181.35,34.18,20.67,19.39,19.43,90.88,53.38,39.02,26.54
181.36,34.24,20.67,19.39,19.41,90.88,53.12,39.02,26.54
181.37,34.18,20.64,19.36,19.41,90.88,53.25,39.02,26.58
181.38,34.18,20.64,19.39,19.41,90.88,53.25,39.02,26.50
181.39,34.18,20.67,19.39,19.41,90.88,53.25,39.02,26.54
181.40,34.24,20.67,19.39,19.41,90.88,53.25,39.02,26.54
181.41,34.18,20.67,19.39,19.41,90.88,53.25,39.02,26.54
181.42,34.18,20.64,19.39,19.43,90.88,53.25,39.02,26.54
181.43,34.18,20.64,19.39,19.41,90.88,53.25,39.02,26.54
181.44,34.18,20.64,19.39,19.43,91.20,53.25,39.10,26.54
181.45,34.24,20.67,19.41,19.43,90.88,53.25,39.10,26.54
181.46,34.18,20.67,19.41,19.41,90.88,53.25,39.10,26.54
181.47,34.18,20.67,19.41,19.43,90.88,53.25,39.02,26.58
181.48,34.18,20.67,19.41,19.41,90.88,53.25,39.10,26.58
181.49,34.24,20.67,19.41,19.43,91.20,53.25,39.02,26.58
181.50,34.24,20.67,19.41,19.43,91.20,53.25,39.02,26.58
181.51,34.18,20.67,19.41,19.43,90.88,53.25,39.10,26.54
181.52,34.24,20.67,19.39,19.43,91.20,53.25,39.10,26.58
181.53,34.24,20.64,19.39,19.43,91.20,53.25,39.10,26.58
181.54,34.18,20.67,19.41,19.43,90.88,53.25,39.10,26.54
181.55,34.31,20.70,19.41,19.43,90.88,53.25,39.10,26.58
181.56,34.18,20.67,19.41,19.43,91.20,53.25,39.10,26.58
181.57,34.24,20.67,19.41,19.43,90.88,53.25,39.02,26.58
181.58,34.18,20.67,19.41,19.43,90.88,53.25,39.02,26.58
181.59,34.18,20.67,19.44,19.43,91.20,53.25,39.18,26.58
181.60,34.24,20.70,19.44,19.41,91.20,53.25,39.10,26.58
181.61,34.24,20.67,19.44,19.43,91.20,53.38,39.26,26.58
181.62,34.18,20.64,19.44,19.43,90.88,53.25,39.10,26.62
181.63,34.18,20.67,19.41,19.43,91.20,53.25,39.18,26.58
181.64,34.24,20.67,19.41,19.43,91.20,53.25,39.18,26.62
181.65,34.31,20.70,19.44,19.43,91.20,53.38,39.18,26.58
181.66,34.24,20.67,19.44,19.43,91.20,53.25,39.18,26.58
181.67,34.18,20.67,19.44,19.43,90.88,53.25,39.18,26.62
181.68,34.18,20.67,19.44,19.43,91.20,53.25,39.18,26.58
181.69,34.24,20.67,19.44,19.43,91.20,53.25,39.18,26.58
181.70,34.24,20.70,19.44,19.43,91.20,53.25,39.18,26.62
181.71,34.24,20.70,19.44,19.43,91.20,53.25,39.18,26.58
181.72,34.18,20.67,19.44,19.43,91.20,53.38,39.18,26.58
181.73,34.24,20.67,19.44,19.43,91.20,53.25,39.18,26.58
181.74,34.24,20.67,19.44,19.43,91.20,53.25,39.18,26.58
181.75,34.24,20.70,19.44,19.43,91.20,53.38,39.18,26.62
181.76,34.24,20.70,19.47,19.43,91.20,53.38,39.18,26.62
181.77,34.18,20.70,19.44,19.43,91.20,53.25,39.18,26.62
181.78,34.31,20.67,19.44,19.43,91.20,53.25,39.18,26.62
181.79,34.24,20.67,19.47,19.43,91.20,53.25,39.18,26.62
181.80,34.31,20.70,19.47,19.43,91.20,53.25,39.18,26.58
181.81,34.24,20.70,19.47,19.43,91.20,53.25,39.26,26.62
181.82,34.24,20.70,19.47,19.43,90.88,53.38,39.26,26.62
181.83,34.24,20.70,19.44,19.43,91.20,53.25,39.18,26.62
181.84,34.24,20.70,19.47,19.43,91.20,53.25,39.26,26.62
181.85,34.24,20.70,19.47,19.43,91.20,53.38,39.26,26.62
181.86,34.24,20.70,19.50,19.43,91.20,53.38,39.26,26.62
181.87,34.18,20.67,19.47,19.43,91.20,53.38,39.26,26.62
181.88,34.18,20.67,19.47,19.43,91.20,53.25,39.18,26.62
181.89,34.31,20.67,19.47,19.46,91.20,53.38,39.26,26.62
181.90,34.31,20.70,19.50,19.43,91.20,53.38,39.26,26.62
181.91,34.24,20.70,19.50,19.43,91.20,53.38,39.26,26.67
181.92,34.18,20.67,19.47,19.43,91.20,53.25,39.26,26.62
181.93,34.31,20.67,19.47,19.43,91.20,53.38,39.26,26.62
181.94,34.24,20.67,19.50,19.43,91.20,53.38,39.26,26.62
181.95,34.31,20.70,19.50,19.43,91.20,53.38,39.33,26.67
181.96,34.24,20.70,19.50,19.43,91.20,53.38,39.26,26.62
181.97,34.31,20.67,19.50,19.43,91.20,53.38,39.26,26.67
181.98,34.24,20.67,19.47,19.43,91.20,53.25,39.26,26.62
181.99,34.31,20.67,19.50,19.43,90.88,53.38,39.33,26.67
182.00,34.24,20.70,19.50,19.46,91.20,53.38,39.33,26.62
182.01,34.24,20.67,19.50,19.43,91.20,53.38,39.26,26.62
182.02,34.24,20.67,19.50,19.43,91.20,53.38,39.33,26.67
182.03,34.24,20.67,19.50,19.43,91.20,53.38,39.33,26.67
182.04,34.24,20.70,19.50,19.43,91.20,53.38,39.26,26.67
182.05,34.24,20.70,19.50,19.43,91.20,53.38,39.33,26.67
182.06,34.24,20.70,19.52,19.43,91.20,53.38,39.33,26.67
182.07,34.24,20.70,19.50,19.43,91.20,53.25,39.33,26.67
182.08,34.24,20.70,19.50,19.43,91.20,53.25,39.33,26.67
182.09,34.24,20.70,19.50,19.43,91.20,53.38,39.33,26.67
182.10,34.24,20.70,19.52,19.46,91.20,53.38,39.33,26.62
182.11,34.31,20.70,19.52,19.46,91.20,53.38,39.33,26.67
182.12,34.31,20.70,19.52,19.46,91.20,53.38,39.33,26.67
182.13,34.24,20.70,19.50,19.43,91.20,53.38,39.33,26.67
182.14,34.31,20.70,19.50,19.46,91.20,53.38,39.33,26.67
182.15,34.31,20.70,19.52,19.43,91.20,53.38,39.33,26.67
182.16,34.31,20.70,19.52,19.43,91.20,53.51,39.41,26.67
182.17,34.24,20.70,19.52,19.43,91.20,53.38,39.41,26.67
182.18,34.31,20.67,19.52,19.46,91.20,53.38,39.41,26.67
182.19,34.24,20.67,19.52,19.46,91.20,53.38,39.41,26.67
182.20,34.31,20.70,19.52,19.46,91.54,53.38,39.41,26.67
182.21,34.31,20.70,19.52,19.43,91.20,53.38,39.41,26.67
182.22,34.31,20.70,19.52,19.46,91.20,53.38,39.41,26.67
182.23,34.31,20.67,19.52,19.46,91.20,53.25,39.41,26.67
182.24,34.24,20.67,19.52,19.46,91.20,53.38,39.41,26.67
182.25,34.31,20.70,19.52,19.46,91.54,53.51,39.41,26.67
182.26,34.37,20.70,19.55,19.46,91.20,53.38,39.41,26.67
182.27,34.24,20.70,19.52,19.46,91.20,53.38,39.41,26.67
182.28,34.24,20.67,19.52,19.46,91.20,53.25,39.41,26.67
182.29,34.24,20.70,19.55,19.46,91.20,53.38,39.49,26.67
182.30,34.24,20.73,19.55,19.46,91.54,53.51,39.41,26.71
182.31,34.24,20.70,19.55,19.46,91.54,53.38,39.49,26.67
182.32,34.31,20.67,19.55,19.46,91.20,53.38,39.49,26.67
182.33,34.24,20.70,19.55,19.46,91.20,53.38,39.41,26.67
182.34,34.24,20.70,19.55,19.46,91.20,53.38,39.49,26.71
182.35,34.31,20.70,19.55,19.46,91.20,53.38,39.41,26.71
182.36,34.31,20.70,19.55,19.46,91.54,53.38,39.41,26.71
182.37,34.31,20.70,19.55,19.46,91.20,53.38,39.49,26.67
182.38,34.24,20.67,19.55,19.46,91.20,53.38,39.49,26.67
182.39,34.24,20.70,19.55,19.46,91.54,53.25,39.49,26.71
182.40,34.24,20.70,19.55,19.46,91.54,53.51,39.49,26.71
182.41,34.24,20.70,19.58,19.46,91.54,53.51,39.49,26.67
182.42,34.31,20.67,19.55,19.46,91.20,53.38,39.49,26.67
182.43,34.24,20.67,19.55,19.46,91.54,53.38,39.41,26.71
182.44,34.24,20.67,19.55,19.46,91.20,53.38,39.57,26.71
182.45,34.37,20.70,19.58,19.46,91.54,53.51,39.49,26.71
182.46,34.24,20.70,19.58,19.46,91.54,53.51,39.49,26.71
182.47,34.31,20.70,19.55,19.46,91.20,53.38,39.49,26.71
182.48,34.24,20.70,19.55,19.46,91.54,53.38,39.49,26.71
182.49,34.24,20.67,19.58,19.46,91.20,53.51,39.57,26.71
182.50,34.31,20.73,19.58,19.49,91.54,53.38,39.57,26.71
182.51,34.31,20.70,19.58,19.46,91.54,53.38,39.49,26.71
182.52,34.31,20.70,19.55,19.46,91.54,53.38,39.49,26.71
182.53,34.24,20.70,19.55,19.46,91.54,53.51,39.49,26.71
182.54,34.31,20.70,19.58,19.46,91.54,53.38,39.57,26.71
182.55,34.37,20.70,19.58,19.46,91.54,53.38,39.57,26.71
182.56,34.31,20.70,19.61,19.46,91.54,53.51,39.57,26.71
182.57,34.24,20.70,19.58,19.46,91.54,53.38,39.57,26.71
182.58,34.31,20.70,19.58,19.46,91.54,53.38,39.49,26.71
182.59,34.24,20.70,19.61,19.46,91.54,53.38,39.57,26.71
182.60,34.24,20.70,19.61,19.49,91.54,53.64,39.65,26.75
182.61,34.31,20.70,19.61,19.46,91.54,53.12,39.57,26.71
182.62,34.31,20.70,19.58,19.49,91.54,53.64,39.57,26.75
182.63,34.31,20.70,19.58,19.46,91.54,53.51,39.57,26.75
182.64,34.37,20.70,19.61,19.46,91.54,53.51,39.57,26.75
182.65,34.31,20.70,19.61,19.46,91.54,53.51,39.65,26.71
182.66,34.24,20.70,19.61,19.46,91.54,53.38,39.57,26.71
182.67,34.31,20.70,19.58,19.46,91.54,53.38,39.57,26.71
182.68,34.31,20.70,19.58,19.46,91.20,53.51,39.57,26.75
182.69,34.31,20.70,19.61,19.46,91.54,53.51,39.57,26.75
182.70,34.31,20.73,19.61,19.49,91.54,53.51,39.65,26.75
182.71,34.37,20.70,19.61,19.46,91.54,53.38,39.65,26.75
182.72,34.31,20.70,19.61,19.46,91.54,53.51,39.57,26.75
182.73,34.31,20.70,19.61,19.46,91.54,53.51,39.65,26.75
182.74,34.24,20.73,19.61,19.49,91.54,53.51,39.65,26.75
182.75,34.37,20.70,19.64,19.46,91.54,53.51,39.65,26.75
182.76,34.24,20.70,19.64,19.49,91.54,53.51,39.65,26.75
182.77,34.31,20.70,19.64,19.49,91.54,53.51,39.65,26.75
182.78,34.31,20.70,19.58,19.46,91.54,53.51,39.65,26.75
182.79,34.24,20.70,19.61,19.49,91.54,53.51,39.73,26.75
182.80,34.31,20.70,19.64,19.49,91.54,53.51,39.65,26.75
182.81,34.37,20.70,19.64,19.49,91.54,53.51,39.65,26.75
182.82,34.31,20.70,19.64,19.49,91.54,53.51,39.65,26.75
182.83,34.31,20.70,19.64,19.46,91.54,53.51,39.65,26.75
182.84,34.24,20.70,19.64,19.49,91.87,53.51,39.65,26.75
182.85,34.24,20.70,19.64,19.46,91.54,53.51,39.73,26.75
182.86,34.37,20.73,19.64,19.49,91.20,53.51,39.57,26.75
182.87,34.31,20.70,19.64,19.46,91.54,53.38,39.65,26.75
182.88,34.31,20.70,19.64,19.49,91.54,53.51,39.65,26.80
182.89,34.31,20.70,19.64,19.49,91.54,53.51,39.73,26.75
182.90,34.31,20.73,19.67,19.49,91.54,53.51,39.73,26.75
182.91,34.31,20.70,19.67,19.49,91.54,53.51,39.73,26.75
182.92,34.37,20.70,19.64,19.46,91.54,53.51,39.65,26.75
182.93,34.31,20.70,19.64,19.49,91.54,53.51,39.73,26.80
182.94,34.31,20.70,19.64,19.49,91.54,53.38,39.73,26.75
182.95,34.37,20.73,19.67,19.49,91.87,53.51,39.73,26.75
182.96,34.31,20.70,19.67,19.49,91.87,53.51,39.65,26.75
182.97,34.31,20.73,19.64,19.49,91.54,53.51,39.73,26.75
182.98,34.37,20.70,19.64,19.49,91.54,53.38,39.73,26.75
182.99,34.31,20.70,19.67,19.49,91.87,53.51,39.73,26.80
183.00,34.37,20.73,19.67,19.49,91.87,53.51,39.81,26.80
183.01,34.31,20.73,19.67,19.49,91.54,53.64,39.73,26.75
183.02,34.31,20.73,19.67,19.49,91.54,53.51,39.73,26.80
183.03,34.31,20.70,19.67,19.49,91.54,53.64,39.73,26.80
183.04,34.31,20.70,19.67,19.49,91.54,53.51,39.81,26.80
183.05,34.31,20.73,19.67,19.49,91.87,53.51,39.81,26.80
183.06,34.31,20.73,19.67,19.49,91.87,53.51,39.81,26.80
183.07,34.31,20.70,19.67,19.49,91.54,53.51,39.73,26.80
183.08,34.31,20.70,19.67,19.49,91.87,53.64,39.81,26.80
183.09,34.31,20.70,19.67,19.49,91.54,53.51,39.73,26.80
183.10,34.37,20.73,19.69,19.49,91.87,53.64,39.81,26.80
183.11,34.31,20.73,19.69,19.49,91.87,53.51,39.81,26.80
183.12,34.37,20.70,19.67,19.49,91.87,53.51,39.81,26.80
183.13,34.31,20.73,19.69,19.49,91.87,53.51,39.81,26.80
183.14,34.37,20.73,19.69,19.46,91.87,53.51,39.81,26.80
183.15,34.37,20.73,19.69,19.49,91.87,53.64,39.81,26.80
183.16,34.31,20.73,19.69,19.49,91.87,53.64,39.81,26.80
183.17,34.37,20.70,19.69,19.49,91.87,53.64,39.81,26.80
183.18,34.31,20.70,19.67,19.52,91.87,53.64,39.81,26.80
183.19,34.31,20.73,19.69,19.49,92.20,53.64,39.81,26.80
183.20,34.37,20.73,19.69,19.49,91.87,53.64,39.89,26.80
183.21,34.37,20.73,19.72,19.49,91.87,53.64,39.89,26.84
183.22,34.37,20.73,19.69,19.49,91.87,53.64,39.81,26.80
183.23,34.37,20.73,19.69,19.49,91.87,53.64,39.89,26.80
183.24,34.37,20.73,19.69,19.49,91.87,53.51,39.81,26.80
183.25,34.44,20.73,19.72,19.49,91.87,53.64,39.89,26.84
183.26,34.37,20.73,19.72,19.52,91.87,53.64,39.89,26.80
183.27,34.31,20.70,19.69,19.49,91.54,53.64,39.81,26.80
183.28,34.37,20.70,19.69,19.49,91.87,53.64,39.89,26.84
183.29,34.31,20.70,19.72,19.49,91.54,53.64,39.89,26.84
183.30,34.37,20.73,19.72,19.49,91.87,53.64,39.89,26.80
183.31,34.44,20.73,19.72,19.49,91.87,53.51,39.89,26.84
183.32,34.31,20.73,19.72,19.49,91.87,53.64,39.89,26.84
183.33,34.37,20.73,19.72,19.49,91.87,53.64,39.89,26.84
183.34,34.37,20.73,19.72,19.49,91.87,53.64,39.89,26.84
183.35,34.37,20.76,19.75,19.49,91.87,53.64,39.89,26.84
183.36,34.37,20.76,19.72,19.49,91.87,53.64,39.89,26.84
183.37,34.37,20.73,19.72,19.49,91.87,53.64,39.89,26.84
183.38,34.37,20.73,19.72,19.49,91.87,53.64,39.89,26.84
183.39,34.37,20.70,19.75,19.49,91.87,53.64,39.97,26.84
183.40,34.37,20.73,19.75,19.52,91.87,53.64,39.89,26.84
183.41,34.37,20.73,19.75,19.52,91.87,53.64,39.97,26.84
183.42,34.31,20.73,19.72,19.49,91.87,53.64,39.89,26.84
183.43,34.31,20.73,19.75,19.52,91.87,53.64,39.89,26.84
183.44,34.37,20.73,19.72,19.49,91.87,53.64,39.97,26.84
183.45,34.37,20.73,19.75,19.52,91.87,53.64,39.97,26.84
183.46,34.44,20.73,19.75,19.52,91.87,53.64,39.97,26.84
183.47,34.37,20.73,19.72,19.52,91.87,53.64,39.89,26.84
183.48,34.31,20.73,19.75,19.52,91.87,53.64,39.97,26.84
183.49,34.31,20.73,19.75,19.52,91.87,53.64,39.97,26.88
183.50,34.44,20.76,19.75,19.49,91.87,53.64,39.97,26.84
183.51,34.44,20.73,19.75,19.52,91.87,53.64,39.97,26.84
183.52,34.44,20.73,19.75,19.52,91.87,53.64,39.97,26.84
183.53,34.37,20.73,19.75,19.52,91.87,53.64,39.97,26.84
183.54,34.37,20.73,19.75,19.52,91.87,53.64,39.97,26.84
183.55,34.37,20.76,19.78,19.52,91.87,53.64,39.97,26.88
183.56,34.37,20.73,19.75,19.52,91.87,53.64,39.97,26.84
183.57,34.37,20.73,19.75,19.52,91.87,53.64,39.97,26.84
183.58,34.31,20.76,19.75,19.52,91.87,53.64,39.97,26.84
183.59,34.44,20.73,19.78,19.52,91.87,53.64,39.97,26.88
183.60,34.37,20.76,19.78,19.52,91.87,53.77,40.05,26.84
183.61,34.37,20.76,19.78,19.52,91.87,53.77,40.05,26.84
183.62,34.37,20.73,19.75,19.52,91.87,53.77,40.05,26.84
183.63,34.37,20.73,19.78,19.52,91.87,53.64,40.05,26.88
183.64,34.37,20.76,19.78,19.52,91.87,53.77,40.05,26.84
183.65,34.37,20.76,19.78,19.52,91.87,53.64,40.05,26.84
183.66,34.44,20.76,19.78,19.52,91.87,53.64,40.05,26.88
183.67,34.37,20.76,19.78,19.52,91.87,53.64,40.05,26.88
183.68,34.37,20.73,19.78,19.52,91.87,53.64,40.05,26.88
183.69,34.37,20.76,19.78,19.52,92.20,53.64,40.05,26.88
183.70,34.44,20.76,19.78,19.52,91.87,53.77,40.05,26.88
183.71,34.37,20.73,19.78,19.52,91.87,53.64,40.05,26.88
183.72,34.44,20.73,19.78,19.52,91.87,53.64,40.13,26.88
183.73,34.37,20.73,19.78,19.52,92.20,53.64,40.05,26.88
183.74,34.37,20.76,19.78,19.52,91.87,53.64,40.05,26.88
183.75,34.37,20.76,19.81,19.52,92.20,53.77,40.13,26.88
183.76,34.44,20.82,19.81,19.54,92.20,53.64,40.05,26.88
183.77,34.44,20.73,19.81,19.52,91.87,53.64,40.05,26.88
183.78,34.37,20.73,19.81,19.54,91.87,53.77,40.13,26.88
183.79,34.37,20.76,19.81,19.52,92.20,53.64,40.13,26.88
183.80,34.44,20.76,19.84,19.52,92.20,53.77,40.13,26.88
183.81,34.37,20.76,19.81,19.52,91.87,53.77,40.13,26.88
183.82,34.44,20.73,19.81,19.52,92.20,53.77,40.05,26.88
183.83,34.37,20.73,19.81,19.52,92.20,53.77,40.13,26.88
183.84,34.37,20.76,19.81,19.52,91.87,53.77,40.13,26.88
183.85,34.44,20.76,19.84,19.52,92.20,53.64,40.13,26.88
183.86,34.37,20.76,19.84,19.52,92.20,53.90,40.13,26.93
183.87,34.37,20.76,19.81,19.52,91.87,53.64,40.13,26.88
183.88,34.44,20.73,19.81,19.52,92.20,53.77,40.13,26.93
183.89,34.37,20.76,19.81,19.52,92.20,53.77,40.13,26.93
183.90,34.44,20.76,19.84,19.52,92.20,53.77,40.13,26.93
183.91,34.44,20.73,19.84,19.52,92.20,53.64,40.13,26.88
183.92,34.44,20.76,19.84,19.52,91.87,53.77,40.13,26.88
183.93,34.37,20.76,19.81,19.52,92.20,53.77,40.21,26.88
183.94,34.50,20.76,19.84,19.52,92.20,53.90,40.13,26.88
183.95,34.44,20.76,19.84,19.54,92.20,53.77,40.21,26.93
183.96,34.44,20.76,19.84,19.52,92.20,53.77,40.21,26.93
183.97,34.44,20.76,19.84,19.52,92.20,53.77,40.13,26.88
183.98,34.44,20.73,19.84,19.52,92.20,53.64,40.21,26.93
183.99,34.44,20.76,19.84,19.52,92.20,53.77,40.13,26.88
184.00,34.37,20.76,19.84,19.52,92.20,53.77,40.21,26.93
184.01,34.44,20.76,19.86,19.54,92.20,53.77,40.21,26.88
184.02,34.37,20.76,19.84,19.52,92.20,53.77,40.21,26.93
184.03,34.37,20.76,19.86,19.54,92.20,53.77,40.21,26.93
184.04,34.44,20.76,19.84,19.54,92.20,53.77,40.21,26.88
184.05,34.44,20.76,19.86,19.54,92.20,53.77,40.21,26.93
184.06,34.44,20.76,19.86,19.52,92.20,53.77,40.21,26.93
184.07,34.44,20.76,19.84,19.54,92.20,53.77,40.21,26.93
184.08,34.44,20.76,19.84,19.54,92.20,53.77,40.21,26.93
184.09,34.44,20.76,19.86,19.54,92.20,53.77,40.29,26.93
184.10,34.44,20.76,19.86,19.54,92.20,53.77,40.21,26.93
184.11,34.44,20.79,19.86,19.54,92.54,53.90,40.29,26.93
184.12,34.44,20.76,19.86,19.52,92.20,53.77,40.21,26.93
184.13,34.37,20.76,19.86,19.52,92.20,53.77,40.29,26.93
184.14,34.44,20.76,19.86,19.54,92.20,53.77,40.21,26.93
184.15,34.44,20.79,19.89,19.54,92.20,53.90,40.29,26.93
184.16,34.44,20.76,19.89,19.54,92.20,53.77,40.29,26.93
184.17,34.44,20.76,19.86,19.54,92.20,53.77,40.29,26.93
184.18,34.50,20.76,19.86,19.54,92.20,53.77,40.29,26.97
184.19,34.44,20.76,19.86,19.54,92.20,53.77,40.21,26.93
184.20,34.44,20.79,19.89,19.54,92.20,53.77,40.29,26.97
184.21,34.50,20.79,19.89,19.54,92.20,53.77,40.21,26.97
184.22,34.44,20.76,19.86,19.54,92.20,53.77,40.29,26.97
184.23,34.44,20.76,19.86,19.54,92.20,53.77,40.29,26.93
184.24,34.44,20.79,19.86,19.54,92.20,53.77,40.29,26.97
184.25,34.50,20.79,19.89,19.54,92.20,53.77,40.29,26.93
184.26,34.50,20.79,19.89,19.52,92.20,53.90,40.37,26.97
184.27,34.50,20.76,19.89,19.54,92.20,53.90,40.29,26.93
184.28,34.50,20.76,19.89,19.54,92.20,53.90,40.37,26.93
184.29,34.37,20.76,19.89,19.54,92.54,53.90,40.29,26.97
184.30,34.44,20.79,19.92,19.54,92.54,53.90,40.37,26.93
184.31,34.50,20.79,19.89,19.54,92.54,53.77,40.37,26.93
184.32,34.50,20.76,19.89,19.54,92.20,53.77,40.29,26.93
184.33,34.50,20.79,19.89,19.54,92.20,53.90,40.29,26.97
184.34,34.50,20.76,19.89,19.54,92.20,53.90,40.37,26.97
184.35,34.50,20.79,19.89,19.54,92.20,53.90,40.37,26.93
184.36,34.44,20.76,19.92,19.54,92.54,53.77,40.37,26.97
184.37,34.50,20.76,19.89,19.54,92.20,53.90,40.37,26.97
184.38,34.50,20.76,19.89,19.54,92.20,53.90,40.37,26.97
184.39,34.44,20.76,19.89,19.54,92.54,53.90,40.37,26.97
184.40,34.44,20.79,19.92,19.54,92.54,53.90,40.37,26.93
184.41,34.44,20.79,19.92,19.54,92.54,53.77,40.45,26.97
184.42,34.44,20.79,19.89,19.54,92.20,53.77,40.37,26.97
184.43,34.44,20.76,19.92,19.54,92.20,53.90,40.37,26.97
184.44,34.56,20.79,19.92,19.54,92.20,53.77,40.37,26.97
184.45,34.44,20.79,19.92,19.54,92.54,53.90,40.37,26.93
184.46,34.56,20.79,19.92,19.54,92.20,53.90,40.45,26.97
184.47,34.50,20.79,19.92,19.54,92.54,53.90,40.37,26.97
184.48,34.44,20.76,19.92,19.54,92.20,53.90,40.37,26.97
184.49,34.56,20.76,19.92,19.54,92.54,53.90,40.29,26.97
184.50,34.50,20.79,19.95,19.54,92.20,53.90,40.45,26.97
184.51,34.50,20.79,19.95,19.54,92.54,53.90,40.45,26.97
184.52,34.44,20.79,19.92,19.54,92.20,53.90,40.45,26.97
184.53,34.50,20.76,19.92,19.54,92.20,53.77,40.37,26.97
184.54,34.44,20.79,19.92,19.54,92.20,53.90,40.45,27.01
184.55,34.50,20.79,19.95,19.54,92.20,53.90,40.45,26.97
184.56,34.50,20.79,19.95,19.54,92.54,53.90,40.45,26.97
184.57,34.44,20.79,19.92,19.54,92.20,53.77,40.37,26.97
184.58,34.50,20.79,19.92,19.54,92.20,53.77,40.45,26.97
184.59,34.44,20.79,19.92,19.54,92.54,53.90,40.45,26.97
184.60,34.50,20.79,19.95,19.54,92.54,53.90,40.45,27.01
184.61,34.50,20.79,19.95,19.54,92.54,53.90,40.45,26.97
184.62,34.44,20.79,19.95,19.54,92.54,53.90,40.45,26.97
184.63,34.50,20.79,19.95,19.54,92.20,53.90,40.45,27.01
184.64,34.37,20.79,19.95,19.54,92.54,53.90,40.45,27.01
184.65,34.50,20.82,19.95,19.54,92.54,53.90,40.54,27.01
184.66,34.44,20.82,19.95,19.54,92.20,53.90,40.45,26.97
184.67,34.44,20.79,19.92,19.54,92.54,53.90,40.45,27.01
184.68,34.50,20.79,19.95,19.54,92.54,53.90,40.45,27.01
184.69,34.44,20.79,19.95,19.57,92.54,53.90,40.54,27.01
184.70,34.50,20.82,19.95,19.54,92.54,54.03,40.45,26.97
184.71,34.56,20.79,19.95,19.54,92.54,53.90,40.54,27.01
184.72,34.50,20.79,19.95,19.54,92.54,53.90,40.45,27.01
184.73,34.56,20.79,19.95,19.54,92.54,53.90,40.45,27.01
184.74,34.56,20.79,19.95,19.57,92.54,53.90,40.54,27.01
184.75,34.56,20.82,19.98,19.57,92.54,53.90,40.54,27.01
184.76,34.50,20.79,19.95,19.57,92.54,54.03,40.54,27.01
184.77,34.50,20.79,19.98,19.57,92.54,53.90,40.54,27.01
184.78,34.50,20.79,19.95,19.54,92.54,53.90,40.54,27.01
184.79,34.56,20.79,19.98,19.57,92.54,54.03,40.54,27.01
184.80,34.50,20.79,19.98,19.54,92.54,53.90,40.54,27.01
184.81,34.50,20.82,19.98,19.54,92.20,53.90,40.54,27.01
184.82,34.50,20.79,19.98,19.54,92.20,53.90,40.54,27.01
184.83,34.50,20.79,19.98,19.57,92.54,53.90,40.54,27.01
184.84,34.50,20.79,19.98,19.57,92.54,53.90,40.54,27.01
184.85,34.56,20.82,20.01,19.54,92.54,53.90,40.54,27.01
184.86,34.50,20.82,19.98,19.57,92.54,53.90,40.54,27.01
184.87,34.56,20.79,19.98,19.57,92.54,53.90,40.54,27.01
184.88,34.56,20.79,19.98,19.57,92.54,53.90,40.62,27.01
184.89,34.50,20.79,19.98,19.57,92.54,54.03,40.62,27.01
184.90,34.50,20.82,20.01,19.57,92.54,54.03,40.62,27.01
184.91,34.56,20.82,20.01,19.57,92.54,53.90,40.62,27.01
184.92,34.56,20.79,20.01,19.57,92.54,54.03,40.54,27.01
184.93,34.56,20.82,19.98,19.57,92.54,53.90,40.54,27.06
184.94,34.56,20.79,20.01,19.57,92.54,53.90,40.54,27.01
184.95,34.50,20.82,20.01,19.57,92.54,54.03,40.62,27.01
184.96,34.56,20.79,20.01,19.57,92.54,54.03,40.62,27.01
184.97,34.50,20.79,20.01,19.57,92.54,54.03,40.62,27.01
184.98,34.56,20.82,20.01,19.57,92.54,53.90,40.62,27.01
184.99,34.50,20.82,20.01,19.57,92.54,54.03,40.62,27.06
185.00,34.50,20.85,20.01,19.57,92.54,53.90,40.62,27.01
185.01,34.50,20.79,20.01,19.57,92.54,54.03,40.62,27.01
185.02,34.50,20.82,20.01,19.57,92.54,54.03,40.62,27.01
185.03,34.50,20.79,20.01,19.54,92.54,53.90,40.62,27.01
185.04,34.56,20.79,20.01,19.57,92.54,53.90,40.62,27.01
185.05,34.56,20.82,20.04,19.57,92.54,54.03,40.70,27.01
185.06,34.50,20.82,20.01,19.57,92.54,53.90,40.70,27.06
185.07,34.50,20.82,20.01,19.57,92.54,54.03,40.70,27.06
185.08,34.50,20.79,20.01,19.57,92.54,53.90,40.62,27.06
185.09,34.50,20.82,20.04,19.57,92.88,54.03,40.70,27.06
185.10,34.63,20.82,20.04,19.57,92.54,54.03,40.70,27.06
185.11,34.63,20.82,20.01,19.57,92.88,53.90,40.62,27.01
185.12,34.50,20.82,20.01,19.57,92.54,54.03,40.62,27.10
185.13,34.50,20.82,20.01,19.57,92.54,53.90,40.70,27.01
185.14,34.56,20.82,20.04,19.57,92.54,54.03,40.70,27.06
185.15,34.63,20.82,20.04,19.57,92.88,54.03,40.70,27.06
185.16,34.56,20.82,20.04,19.57,92.88,54.03,40.70,27.06
185.17,34.56,20.79,20.01,19.57,92.54,53.90,40.70,27.06
185.18,34.56,20.82,20.04,19.57,92.54,54.03,40.70,27.06
185.19,34.56,20.82,20.04,19.57,92.54,53.90,40.70,27.06
185.20,34.50,20.82,20.04,19.57,92.88,54.03,40.70,27.06
185.21,34.50,20.82,20.04,19.57,92.54,54.03,40.70,27.06
185.22,34.50,20.82,20.04,19.57,92.88,54.03,40.70,27.06
185.23,34.50,20.82,20.04,19.57,92.54,54.03,40.70,27.06
185.24,34.50,20.82,20.04,19.60,92.54,54.03,40.70,27.06
185.25,34.63,20.82,20.07,19.60,92.88,54.03,40.70,27.06
185.26,34.44,20.82,20.07,19.60,92.54,54.03,40.70,27.06
185.27,34.63,20.82,20.04,19.57,92.88,54.03,40.70,27.10
185.28,34.56,20.79,20.01,19.57,92.54,54.03,40.70,27.06
185.29,34.56,20.82,20.07,19.60,92.54,54.03,40.70,27.06
185.30,34.56,20.82,20.07,19.57,92.88,53.90,40.70,27.06
185.31,34.56,20.82,20.07,19.60,92.54,53.90,40.70,27.06
185.32,34.56,20.82,20.07,19.60,92.88,54.03,40.62,27.06
185.33,34.50,20.82,20.04,19.57,92.54,54.03,40.78,27.06
185.34,34.63,20.82,20.07,19.60,92.54,54.03,40.70,27.10
185.35,34.50,20.82,20.07,19.57,92.88,54.16,40.78,27.06
185.36,34.56,20.82,20.07,19.57,92.88,54.03,40.78,27.06
185.37,34.50,20.82,20.04,19.60,92.88,54.03,40.78,27.10
185.38,34.56,20.79,20.04,19.57,92.88,54.03,40.62,27.10
185.39,34.56,20.82,20.07,19.60,92.88,54.03,40.87,27.10
185.40,34.56,20.82,20.07,19.60,92.88,54.03,40.78,27.10
185.41,34.50,20.82,20.07,19.60,92.54,54.03,40.78,27.10
185.42,34.63,20.82,20.07,19.60,92.88,54.03,40.78,27.10
185.43,34.56,20.79,20.07,19.60,92.88,54.03,40.78,27.10
185.44,34.56,20.82,20.07,19.60,92.88,54.03,40.78,27.10
185.45,34.63,20.82,20.07,19.60,92.88,54.03,40.78,27.10
185.46,34.63,20.82,20.10,19.57,92.88,54.03,40.78,27.10
185.47,34.56,20.82,20.07,19.60,92.88,54.03,40.78,27.10
185.48,34.56,20.82,20.07,19.57,92.88,54.03,40.78,27.06
185.49,34.63,20.82,20.10,19.60,92.88,54.16,40.78,27.10
185.50,34.50,20.82,20.10,19.57,92.88,54.16,40.87,27.10
185.51,34.56,20.82,20.07,19.60,92.88,54.03,40.87,27.10
185.52,34.50,20.82,20.10,19.60,92.88,54.03,40.78,27.06
185.53,34.50,20.82,20.10,19.60,92.88,54.03,40.78,27.10
185.54,34.56,20.82,20.07,19.60,92.88,54.03,40.78,27.10
185.55,34.56,20.85,20.10,19.60,92.88,54.03,40.87,27.10
185.56,34.56,20.82,20.07,19.60,92.88,54.16,40.87,27.10
185.57,34.56,20.82,20.07,19.60,92.88,54.03,40.78,27.10
185.58,34.63,20.82,20.10,19.60,92.88,54.03,40.78,27.10
185.59,34.56,20.85,20.10,19.60,92.88,54.03,40.78,27.10
185.60,34.56,20.82,20.10,19.60,92.88,54.16,40.87,27.10
185.61,34.56,20.82,20.10,19.60,92.88,54.16,40.87,27.10
185.62,34.50,20.82,20.10,19.60,92.88,54.16,40.78,27.10
185.63,34.63,20.82,20.10,19.60,92.88,54.03,40.87,27.10
185.64,34.63,20.82,20.10,19.60,92.88,54.03,40.87,27.15
185.65,34.56,20.82,20.13,19.60,92.88,54.03,40.87,27.10
185.66,34.56,20.82,20.13,19.60,92.88,54.03,40.87,27.10
185.67,34.56,20.82,20.10,19.60,92.88,54.03,40.87,27.10
185.68,34.63,20.82,20.10,19.60,92.88,54.03,40.87,27.15
185.69,34.56,20.82,20.10,19.60,92.88,54.03,40.87,27.10
185.70,34.56,20.82,20.13,19.60,92.88,54.16,40.87,27.15
185.71,34.56,20.85,20.13,19.60,92.88,54.03,40.87,27.10
185.72,34.56,20.82,20.13,19.60,92.88,54.03,40.87,27.15
185.73,34.50,20.82,20.10,19.60,92.88,54.03,40.87,27.10
185.74,34.50,20.82,20.13,19.60,92.88,54.03,40.87,27.15
185.75,34.56,20.82,20.13,19.60,92.88,54.16,40.87,27.15
185.76,34.63,20.82,20.13,19.60,92.88,54.03,40.87,27.15
185.77,34.56,20.82,20.13,19.60,92.88,54.03,40.95,27.15
185.78,34.56,20.82,20.10,19.60,92.88,54.03,40.95,27.15
185.79,34.63,20.85,20.13,19.60,92.88,54.03,40.95,27.15
185.80,34.56,20.85,20.13,19.60,92.88,54.16,40.95,27.15
185.81,34.56,20.85,20.13,19.60,92.88,54.03,40.95,27.15
185.82,34.56,20.82,20.13,19.60,92.88,54.03,40.95,27.15
185.83,34.63,20.82,20.13,19.60,92.88,54.16,40.87,27.15
185.84,34.63,20.82,20.13,19.60,92.88,54.16,40.95,27.15
185.85,34.63,20.82,20.13,19.60,92.88,54.03,40.95,27.15
185.86,34.63,20.85,20.13,19.60,92.88,54.03,40.95,27.15
185.87,34.56,20.82,20.13,19.60,92.88,54.16,40.95,27.15
185.88,34.56,20.82,20.13,19.60,92.88,54.03,40.95,27.15
185.89,34.56,20.85,20.13,19.60,92.88,54.16,40.95,27.19
185.90,34.63,20.85,20.16,19.60,92.88,54.16,40.95,27.15
185.91,34.56,20.82,20.13,19.60,92.88,54.03,40.95,27.15
185.92,34.56,20.85,20.13,19.60,92.88,54.03,40.95,27.15
185.93,34.56,20.82,20.16,19.60,92.88,54.03,40.95,27.15
185.94,34.56,20.82,20.13,19.60,92.88,54.16,40.95,27.15
185.95,34.56,20.85,20.16,19.60,92.88,54.03,40.95,27.15
185.96,34.63,20.85,20.16,19.60,92.88,54.16,40.95,27.15
185.97,34.63,20.82,20.16,19.60,92.88,54.03,40.95,27.15
185.98,34.50,20.82,20.16,19.60,92.88,54.16,40.95,27.15
185.99,34.63,20.85,20.16,19.60,92.88,54.16,41.03,27.19
186.00,34.63,20.85,20.16,19.60,92.88,54.16,40.95,27.15
186.01,34.56,20.82,20.16,19.60,92.88,54.16,41.03,27.15
186.02,34.56,20.82,20.16,19.63,92.88,54.16,41.03,27.15
186.03,34.56,20.82,20.16,19.60,92.88,54.16,40.95,27.15
186.04,34.63,20.85,20.16,19.60,92.88,54.16,41.03,27.15
186.05,34.63,20.85,20.18,19.60,93.22,54.16,41.12,27.19
186.06,34.56,20.85,20.16,19.60,92.88,54.16,41.03,27.19
186.07,34.63,20.82,20.16,19.60,92.88,54.03,41.03,27.15
186.08,34.56,20.85,20.16,19.60,92.88,54.16,41.03,27.19
186.09,34.63,20.85,20.16,19.60,92.88,54.16,40.95,27.19
186.10,34.63,20.85,20.18,19.63,92.88,54.16,41.03,27.19
186.11,34.56,20.85,20.18,19.63,92.88,54.16,41.03,27.19
186.12,34.56,20.82,20.16,19.63,93.22,54.16,41.03,27.19
186.13,34.63,20.82,20.16,19.60,92.88,54.16,41.03,27.19
186.14,34.63,20.85,20.18,19.60,93.22,54.16,41.03,27.19
186.15,34.56,20.85,20.18,19.60,93.22,54.16,41.12,27.19
186.16,34.63,20.82,20.18,19.60,92.88,54.16,41.12,27.19
186.17,34.56,20.82,20.18,19.60,93.22,54.16,41.03,27.19
186.18,34.63,20.82,20.18,19.63,93.22,54.16,41.12,27.19
186.19,34.63,20.82,20.18,19.63,93.22,54.16,41.03,27.19
186.20,34.63,20.85,20.18,19.63,93.22,54.16,41.12,27.19
186.21,34.63,20.85,20.18,19.63,93.22,54.16,41.03,27.19
186.22,34.56,20.82,20.18,19.63,92.88,54.16,41.12,27.19
186.23,34.63,20.82,20.18,19.63,93.22,54.16,41.03,27.19
186.24,34.56,20.85,20.18,19.63,92.88,54.16,41.03,27.19
186.25,34.63,20.85,20.18,19.60,92.88,54.16,41.12,27.19
186.26,34.56,20.88,20.18,19.63,93.22,54.30,41.12,27.19
186.27,34.63,20.82,20.18,19.60,93.22,54.16,41.12,27.23
186.28,34.56,20.85,20.18,19.63,92.88,54.16,41.12,27.19
186.29,34.63,20.82,20.21,19.63,92.88,54.16,41.12,27.19
186.30,34.69,20.85,20.21,19.63,93.22,54.16,41.12,27.23
186.31,34.63,20.85,20.21,19.63,93.22,54.16,41.12,27.19
186.32,34.63,20.82,20.21,19.63,93.22,54.16,41.12,27.19
186.33,34.63,20.82,20.18,19.63,93.22,54.16,41.12,27.19
186.34,34.56,20.85,20.18,19.63,93.22,54.30,41.12,27.23
186.35,34.69,20.85,20.21,19.63,93.22,54.03,41.12,27.19
186.36,34.56,20.85,20.21,19.63,93.22,54.16,41.12,27.19
186.37,34.63,20.82,20.21,19.63,93.22,54.03,41.12,27.19
186.38,34.56,20.82,20.21,19.63,93.22,54.16,41.12,27.19
186.39,34.63,20.85,20.21,19.63,93.22,54.16,41.20,27.19
186.40,34.63,20.85,20.21,19.63,93.22,54.30,41.20,27.23
186.41,34.63,20.85,20.21,19.60,93.22,54.30,41.12,27.19
186.42,34.63,20.85,20.21,19.60,93.22,54.16,41.20,27.23
186.43,34.56,20.85,20.21,19.63,93.22,54.16,41.12,27.23
186.44,34.56,20.85,20.21,19.60,93.22,54.16,41.12,27.23
186.45,34.63,20.85,20.21,19.60,93.22,54.30,41.20,27.23
186.46,34.56,20.85,20.21,19.63,93.22,54.16,41.20,27.23
186.47,34.63,20.85,20.21,19.63,93.22,54.16,41.12,27.23
186.48,34.56,20.85,20.21,19.60,93.22,54.16,41.20,27.23
186.49,34.63,20.85,20.21,19.63,93.22,54.16,41.20,27.19
186.50,34.56,20.85,20.24,19.63,93.22,54.16,41.20,27.19
186.51,34.69,20.85,20.24,19.63,93.22,54.16,41.20,27.23
186.52,34.63,20.85,20.21,19.63,93.22,54.16,41.12,27.23
186.53,34.56,20.85,20.24,19.63,93.22,54.16,41.20,27.23
186.54,34.63,20.85,20.21,19.63,93.22,54.16,41.20,27.23
186.55,34.69,20.85,20.24,19.63,93.22,54.30,41.20,27.23
186.56,34.63,20.85,20.24,19.63,93.22,54.30,41.20,27.23
186.57,34.56,20.82,20.21,19.63,93.22,54.30,41.20,27.23
186.58,34.63,20.85,20.21,19.63,93.22,54.16,41.20,27.23
186.59,34.69,20.85,20.24,19.60,93.22,54.30,41.20,27.23
186.60,34.69,20.85,20.24,19.63,93.22,54.30,41.12,27.23
186.61,34.63,20.85,20.24,19.63,93.57,54.30,41.20,27.23
186.62,34.56,20.85,20.24,19.60,92.88,54.30,41.12,27.23
186.63,34.63,20.85,20.21,19.63,93.57,54.16,41.28,27.23
186.64,34.63,20.85,20.24,19.63,93.22,54.16,41.12,27.23
186.65,34.63,20.88,20.24,19.63,93.22,54.30,41.28,27.23
186.66,34.63,20.85,20.24,19.63,93.22,54.30,41.20,27.28
186.67,34.63,20.85,20.24,19.63,93.22,54.16,41.20,27.23
186.68,34.56,20.82,20.24,19.60,93.22,54.16,41.20,27.23
186.69,34.56,20.85,20.24,19.63,93.22,54.16,41.28,27.23
186.70,34.69,20.85,20.24,19.63,93.22,54.30,41.28,27.23
186.71,34.63,20.85,20.24,19.63,93.22,54.16,41.20,27.28
186.72,34.63,20.85,20.24,19.63,93.22,54.30,41.20,27.23
186.73,34.63,20.82,20.24,19.63,93.22,54.16,41.28,27.23
186.74,34.69,20.85,20.24,19.63,93.22,54.30,41.28,27.23
186.75,34.69,20.85,20.27,19.63,93.22,54.30,41.28,27.23
186.76,34.63,20.85,20.24,19.63,93.22,54.30,41.28,27.28
186.77,34.63,20.85,20.24,19.63,93.22,54.16,41.28,27.23
186.78,34.63,20.85,20.24,19.63,93.22,54.30,41.28,27.28
186.79,34.63,20.85,20.24,19.63,92.88,54.16,41.28,27.23
186.80,34.63,20.85,20.27,19.63,93.22,54.16,41.28,27.23
186.81,34.63,20.85,20.27,19.63,93.22,54.30,41.28,27.28
186.82,34.69,20.85,20.24,19.63,93.22,54.30,41.28,27.28
186.83,34.63,20.85,20.24,19.63,93.22,54.30,41.28,27.28
186.84,34.69,20.85,20.24,19.63,93.22,54.30,41.28,27.28
186.85,34.69,20.85,20.27,19.63,93.22,54.30,41.28,27.28
186.86,34.63,20.85,20.27,19.63,93.22,54.30,41.28,27.23
186.87,34.63,20.85,20.24,19.60,93.22,54.16,41.28,27.23
186.88,34.63,20.85,20.27,19.63,93.22,54.16,41.28,27.28
186.89,34.63,20.85,20.27,19.63,93.22,54.30,41.28,27.28
186.90,34.69,20.85,20.27,19.63,93.22,54.30,41.37,27.28
186.91,34.63,20.85,20.27,19.63,93.22,54.30,41.28,27.28
186.92,34.63,20.82,20.27,19.63,93.22,54.16,41.37,27.28
186.93,34.63,20.85,20.27,19.63,93.22,54.30,41.28,27.28
186.94,34.63,20.85,20.27,19.63,93.22,54.30,41.28,27.28
186.95,34.63,20.85,20.27,19.63,93.22,54.30,41.28,27.28
186.96,34.63,20.85,20.27,19.63,93.22,54.30,41.28,27.28
186.97,34.63,20.85,20.27,19.63,93.22,54.30,41.28,27.28
186.98,34.63,20.85,20.27,19.63,93.22,54.30,41.28,27.28
186.99,34.63,20.85,20.27,19.63,93.22,54.30,41.28,27.28
187.00,34.69,20.85,20.27,19.66,93.22,54.30,41.37,27.28
187.01,34.63,20.85,20.27,19.63,93.22,54.30,41.28,27.28
187.02,34.56,20.85,20.27,19.63,93.22,54.30,41.37,27.28
187.03,34.56,20.85,20.27,19.63,93.22,54.30,41.37,27.32
187.04,34.63,20.82,20.27,19.66,93.22,54.30,41.37,27.28
187.05,34.63,20.85,20.30,19.63,93.22,54.30,41.37,27.32
187.06,34.69,20.85,20.30,19.63,93.22,54.30,41.37,27.28
187.07,34.63,20.85,20.27,19.63,93.22,54.30,41.37,27.28
187.08,34.63,20.85,20.27,19.63,93.57,54.30,41.37,27.28
187.09,34.56,20.85,20.30,19.66,93.22,54.30,41.45,27.32
187.10,34.69,20.88,20.30,19.63,93.22,54.30,41.37,27.28
187.11,34.69,20.85,20.30,19.63,93.22,54.30,41.37,27.32
187.12,34.63,20.85,20.30,19.63,93.22,54.30,41.37,27.28
187.13,34.56,20.85,20.27,19.63,93.22,54.30,41.37,27.28
187.14,34.69,20.85,20.30,19.66,93.22,54.30,41.37,27.28
187.15,34.69,20.85,20.30,19.66,93.22,54.30,41.45,27.28
187.16,34.63,20.85,20.30,19.66,93.22,54.30,41.45,27.28
187.17,34.63,20.85,20.27,19.63,93.22,54.16,41.37,27.28
187.18,34.56,20.85,20.30,19.66,93.22,54.30,41.37,27.32
187.19,34.63,20.85,20.30,19.66,93.22,54.30,41.37,27.32
187.20,34.63,20.85,20.30,19.63,93.22,54.30,41.45,27.32
187.21,34.69,20.85,20.30,19.63,93.57,54.30,41.37,27.32
187.22,34.63,20.85,20.30,19.63,93.22,54.30,41.37,27.32
187.23,34.56,20.82,20.30,19.63,93.22,54.30,41.45,27.28
187.24,34.63,20.85,20.30,19.66,93.22,54.30,41.37,27.32
187.25,34.69,20.88,20.33,19.66,93.22,54.30,41.45,27.32
187.26,34.63,20.85,20.33,19.66,93.57,54.30,41.45,27.32
187.27,34.63,20.85,20.30,19.66,93.57,54.43,41.37,27.32
187.28,34.63,20.85,20.30,19.66,93.22,54.30,41.45,27.32
187.29,34.63,20.85,20.30,19.66,93.22,54.30,41.45,27.32
187.30,34.69,20.88,20.30,19.63,93.57,54.30,41.45,27.32
187.31,34.63,20.85,20.30,19.63,93.57,54.30,41.45,27.32
187.32,34.63,20.85,20.30,19.66,93.22,54.30,41.45,27.32
187.33,34.63,20.85,20.30,19.66,93.22,54.16,41.45,27.32
187.34,34.63,20.85,20.33,19.66,93.22,54.30,41.45,27.32
187.35,34.69,20.85,20.33,19.66,93.57,54.30,41.45,27.32
187.36,34.69,20.85,20.33,19.66,93.57,54.30,41.45,27.32
187.37,34.63,20.85,20.30,19.63,93.57,54.30,41.37,27.32
187.38,34.63,20.82,20.33,19.66,93.22,54.30,41.45,27.32
187.39,34.63,20.85,20.33,19.66,93.22,54.30,41.45,27.32
187.40,34.63,20.85,20.33,19.66,93.22,54.30,41.45,27.32
187.41,34.69,20.85,20.33,19.66,93.22,54.30,41.37,27.32
187.42,34.63,20.85,20.33,19.66,93.22,54.30,41.45,27.32
187.43,34.63,20.85,20.33,19.66,93.22,54.30,41.45,27.32
187.44,34.63,20.85,20.33,19.66,93.22,54.30,41.45,27.37
187.45,34.63,20.85,20.33,19.66,93.57,54.30,41.45,27.32
187.46,34.69,20.85,20.33,19.66,93.22,54.30,41.54,27.32
187.47,34.63,20.85,20.33,19.66,93.22,54.30,41.45,27.32
187.48,34.63,20.85,20.33,19.66,93.57,54.30,41.45,27.32
187.49,34.69,20.85,20.33,19.66,93.22,54.30,41.45,27.37
187.50,34.63,20.88,20.36,19.66,93.57,54.30,41.54,27.37
187.51,34.63,20.82,20.33,19.63,93.57,54.30,41.54,27.37
187.52,34.63,20.88,20.33,19.66,93.22,54.30,41.45,27.32
187.53,34.63,20.82,20.33,19.66,93.22,54.30,41.45,27.37
187.54,34.69,20.85,20.33,19.66,93.22,54.30,41.45,27.37
187.55,34.69,20.85,20.33,19.66,93.57,54.30,41.45,27.32
187.56,34.63,20.85,20.36,19.66,93.22,54.30,41.54,27.37
187.57,34.69,20.85,20.33,19.66,93.57,54.43,41.45,27.37
187.58,34.63,20.85,20.33,19.66,93.22,54.43,41.45,27.37
187.59,34.63,20.85,20.33,19.66,93.22,54.30,41.54,27.32
187.60,34.63,20.85,20.36,19.66,93.57,54.43,41.54,27.37
187.61,34.63,20.85,20.36,19.66,93.22,54.30,41.54,27.37
187.62,34.63,20.85,20.36,19.66,93.57,54.56,41.54,27.37
187.63,34.63,20.85,20.33,19.66,93.57,54.30,41.54,27.32
187.64,34.69,20.85,20.36,19.66,93.57,54.43,41.54,27.41
187.65,34.69,20.85,20.36,19.66,93.57,54.30,41.54,27.37
187.66,34.63,20.85,20.36,19.66,93.57,54.30,41.54,27.37
187.67,34.63,20.85,20.36,19.66,93.22,54.30,41.54,27.37
187.68,34.63,20.85,20.36,19.66,93.57,54.43,41.54,27.37
187.69,34.63,20.85,20.36,19.66,93.57,54.30,41.54,27.37
187.70,34.69,20.85,20.36,19.66,93.57,54.30,41.54,27.37
187.71,34.69,20.85,20.36,19.66,93.57,54.30,41.54,27.37
187.72,34.63,20.85,20.36,19.66,93.22,54.30,41.54,27.37
187.73,34.69,20.85,20.36,19.66,93.22,54.30,41.54,27.37
187.74,34.56,20.85,20.36,19.66,93.57,54.30,41.54,27.37
187.75,34.69,20.85,20.39,19.68,93.57,54.43,41.62,27.37
187.76,34.56,20.85,20.36,19.68,93.57,54.30,41.54,27.37
187.77,34.69,20.85,20.36,19.68,93.57,54.30,41.54,27.37
187.78,34.69,20.85,20.33,19.66,93.57,54.30,41.62,27.37
187.79,34.63,20.85,20.36,19.66,93.57,54.30,41.62,27.37
187.80,34.76,20.88,20.39,19.66,93.57,54.43,41.62,27.37
187.81,34.69,20.88,20.39,19.66,93.57,54.30,41.62,27.37
187.82,34.69,20.85,20.36,19.66,93.22,54.30,41.62,27.41
187.83,34.63,20.85,20.36,19.66,93.57,54.30,41.54,27.37
187.84,34.63,20.85,20.36,19.68,93.57,54.43,41.62,27.41
187.85,34.69,20.88,20.36,19.66,93.57,54.43,41.62,27.41
187.86,34.63,20.85,20.39,19.66,93.57,54.43,41.62,27.41
187.87,34.56,20.85,20.36,19.66,93.91,54.30,41.62,27.41
187.88,34.69,20.85,20.36,19.68,93.22,54.30,41.45,27.41
187.89,34.56,20.85,20.36,19.66,93.22,54.43,41.71,27.37
187.90,34.69,20.85,20.39,19.66,93.57,54.43,41.62,27.37
187.91,34.63,20.85,20.39,19.66,93.57,54.30,41.62,27.37
187.92,34.63,20.85,20.36,19.66,93.57,54.30,41.62,27.37
187.93,34.69,20.85,20.36,19.66,93.57,54.30,41.62,27.37
187.94,34.63,20.85,20.36,19.66,93.57,54.30,41.62,27.37
187.95,34.69,20.85,20.39,19.66,93.57,54.43,41.62,27.37
187.96,34.69,20.85,20.39,19.68,93.57,54.43,41.62,27.41
187.97,34.63,20.85,20.39,19.66,93.57,54.30,41.62,27.41
187.98,34.69,20.85,20.39,19.66,93.57,54.30,41.71,27.37
187.99,34.63,20.85,20.39,19.68,93.57,54.30,41.62,27.37
188.00,34.63,20.88,20.39,19.66,93.57,54.43,41.62,27.37
188.01,34.69,20.85,20.39,19.68,93.57,54.43,41.71,27.41
188.02,34.63,20.85,20.39,19.66,93.57,54.43,41.62,27.41
188.03,34.69,20.85,20.39,19.68,93.57,54.30,41.62,27.41
188.04,34.63,20.85,20.39,19.66,93.57,54.43,41.62,27.41
188.05,34.63,20.88,20.39,19.66,93.57,54.43,41.71,27.41
188.06,34.63,20.85,20.39,19.66,93.57,54.43,41.62,27.41
188.07,34.69,20.85,20.39,19.68,93.22,54.43,41.62,27.41
188.08,34.69,20.85,20.39,19.68,93.57,54.43,41.62,27.41
188.09,34.63,20.85,20.39,19.68,93.57,54.43,41.71,27.41
188.10,34.69,20.88,20.39,19.66,93.57,54.30,41.71,27.41
188.11,34.63,20.85,20.39,19.66,93.57,54.43,41.80,27.41
188.12,34.63,20.85,20.39,19.68,93.57,54.43,41.62,27.41
188.13,34.63,20.85,20.39,19.68,93.57,54.30,41.71,27.41
188.14,34.69,20.85,20.39,19.68,93.57,54.30,41.80,27.41
188.15,34.69,20.88,20.42,19.68,93.57,54.43,41.62,27.41
188.16,34.63,20.85,20.39,19.68,93.57,54.30,41.71,27.46
188.17,34.63,20.85,20.39,19.68,93.57,54.30,41.71,27.41
188.18,34.63,20.85,20.39,19.66,93.57,54.43,41.62,27.41
188.19,34.63,20.85,20.39,19.68,93.57,54.43,41.71,27.41
188.20,34.69,20.85,20.42,19.68,93.57,54.43,41.71,27.41
188.21,34.69,20.88,20.42,19.68,93.22,54.43,41.62,27.41
188.22,34.63,20.85,20.42,19.68,93.57,54.43,41.71,27.41
188.23,34.63,20.85,20.42,19.68,93.22,54.30,41.71,27.41
188.24,34.63,20.85,20.42,19.68,93.57,54.43,41.71,27.46
188.25,34.69,20.88,20.42,19.68,93.57,54.30,41.71,27.41
188.26,34.63,20.85,20.42,19.68,93.57,54.30,41.71,27.41
188.27,34.69,20.85,20.42,19.68,93.57,54.43,41.71,27.41
188.28,34.69,20.85,20.39,19.68,93.57,54.43,41.71,27.46
188.29,34.63,20.85,20.42,19.68,93.57,54.43,41.71,27.46
188.30,34.69,20.85,20.42,19.68,93.57,54.43,41.71,27.46
188.31,34.63,20.85,20.42,19.68,93.57,54.30,41.71,27.41
188.32,34.63,20.85,20.42,19.68,93.57,54.43,41.71,27.46
188.33,34.69,20.85,20.39,19.68,93.57,54.43,41.71,27.46
188.34,34.63,20.85,20.42,19.68,93.57,54.43,41.71,27.46
188.35,34.63,20.88,20.42,19.68,93.57,54.43,41.80,27.46
188.36,34.69,20.85,20.42,19.68,93.57,54.43,41.71,27.41
188.37,34.63,20.85,20.42,19.68,93.57,54.43,41.71,27.46
188.38,34.63,20.85,20.42,19.68,93.57,54.30,41.71,27.46
188.39,34.63,20.85,20.42,19.68,93.57,54.30,41.71,27.41
188.40,34.69,20.85,20.42,19.68,93.57,54.43,41.71,27.46
188.41,34.63,20.85,20.42,19.68,93.57,54.30,41.71,27.46
188.42,34.63,20.85,20.42,19.66,93.57,54.43,41.71,27.46
188.43,34.63,20.85,20.42,19.68,93.57,54.43,41.80,27.46
188.44,34.63,20.85,20.42,19.68,93.57,54.30,41.71,27.46
188.45,34.63,20.85,20.45,19.68,93.57,54.43,41.80,27.46
188.46,34.63,20.85,20.45,19.68,93.57,54.30,41.80,27.46
188.47,34.63,20.85,20.42,19.68,93.57,54.30,41.71,27.46
188.48,34.56,20.82,20.42,19.68,93.57,54.43,41.71,27.46
188.49,34.63,20.85,20.42,19.68,93.57,54.43,41.80,27.46
188.50,34.63,20.88,20.45,19.68,93.57,54.30,41.80,27.46
188.51,34.63,20.85,20.42,19.68,93.57,54.43,41.80,27.46
188.52,34.63,20.85,20.42,19.68,93.57,54.43,41.71,27.46
188.53,34.63,20.85,20.42,19.68,93.57,54.30,41.80,27.46
188.54,34.63,20.85,20.42,19.68,93.57,54.43,41.80,27.46
188.55,34.63,20.85,20.45,19.68,93.57,54.43,41.80,27.46
188.56,34.69,20.85,20.42,19.68,93.57,54.43,41.71,27.46
188.57,34.69,20.85,20.42,19.68,93.57,54.30,41.80,27.46
188.58,34.63,20.85,20.45,19.68,93.57,54.43,41.80,27.46
188.59,34.69,20.85,20.45,19.68,93.57,54.43,41.80,27.46
188.60,34.63,20.88,20.45,19.68,93.57,54.43,41.80,27.46
188.61,34.69,20.85,20.45,19.68,93.57,54.43,41.80,27.41
188.62,34.69,20.85,20.42,19.68,93.57,54.30,41.80,27.46
188.63,34.63,20.82,20.45,19.68,93.57,54.43,41.80,27.46
188.64,34.69,20.85,20.45,19.68,93.57,54.30,41.80,27.46
188.65,34.69,20.85,20.45,19.68,93.57,54.43,41.88,27.50
188.66,34.69,20.85,20.45,19.68,93.57,54.43,41.80,27.46
188.67,34.69,20.85,20.45,19.68,93.57,54.43,41.80,27.50
188.68,34.63,20.82,20.45,19.66,93.57,54.30,41.80,27.46
188.69,34.69,20.85,20.42,19.68,93.57,54.43,41.80,27.46
188.70,34.69,20.85,20.45,19.68,93.57,54.43,41.80,27.46
188.71,34.69,20.85,20.45,19.68,93.57,54.43,41.88,27.46
188.72,34.69,20.85,20.42,19.68,93.57,54.43,41.80,27.46
188.73,34.63,20.85,20.45,19.68,93.57,54.43,41.80,27.50
188.74,34.63,20.85,20.45,19.68,93.57,54.43,41.80,27.50
188.75,34.69,20.88,20.45,19.68,93.57,54.43,41.88,27.50
188.76,34.69,20.85,20.48,19.68,93.57,54.43,41.88,27.46
188.77,34.69,20.85,20.45,19.68,93.57,54.43,41.88,27.50
188.78,34.63,20.85,20.45,19.71,93.57,54.30,41.80,27.50
188.79,34.69,20.85,20.45,19.68,93.57,54.43,41.88,27.50
188.80,34.69,20.85,20.45,19.68,93.57,54.56,41.88,27.50
188.81,34.63,20.85,20.45,19.68,93.57,54.43,41.88,27.50
188.82,34.69,20.85,20.45,19.68,93.57,54.43,41.80,27.50
188.83,34.69,20.85,20.45,19.68,93.57,54.43,41.80,27.50
188.84,34.69,20.85,20.45,19.71,93.57,54.43,41.88,27.50
188.85,34.69,20.85,20.48,19.68,93.57,54.56,41.88,27.46
188.86,34.69,20.85,20.48,19.68,93.57,54.30,41.88,27.50
188.87,34.69,20.85,20.45,19.68,93.57,54.43,41.88,27.50
188.88,34.63,20.82,20.45,19.68,93.57,54.43,41.80,27.50
188.89,34.63,20.85,20.48,19.68,93.57,54.30,41.88,27.46
188.90,34.76,20.85,20.48,19.68,93.91,54.43,41.88,27.55
188.91,34.69,20.85,20.48,19.68,93.57,54.43,41.88,27.46
188.92,34.69,20.85,20.48,19.68,93.57,54.43,41.88,27.50
188.93,34.63,20.82,20.45,19.68,93.57,54.43,41.88,27.50
188.94,34.63,20.85,20.48,19.68,93.57,54.43,41.88,27.46
188.95,34.63,20.85,20.48,19.68,93.57,54.43,41.88,27.50
188.96,34.63,20.85,20.48,19.68,93.91,54.43,41.88,27.50
188.97,34.63,20.85,20.48,19.68,93.57,54.43,41.88,27.50
188.98,34.69,20.85,20.48,19.68,93.57,54.43,41.88,27.50
188.99,34.56,20.85,20.48,19.68,93.57,54.43,41.88,27.55
189.00,34.69,20.85,20.48,19.71,93.57,54.43,41.88,27.50
189.01,34.69,20.85,20.48,19.68,93.57,54.43,41.97,27.50
189.02,34.63,20.82,20.48,19.71,93.57,54.43,41.88,27.50
189.03,34.63,20.82,20.48,19.68,93.57,54.43,41.88,27.50
189.04,34.63,20.85,20.48,19.71,93.57,54.43,41.88,27.50
189.05,34.69,20.85,20.51,19.71,93.91,54.43,41.88,27.50
189.06,34.63,20.85,20.48,19.68,93.57,54.43,41.88,27.50
189.07,34.63,20.85,20.48,19.68,93.57,54.43,41.88,27.55
189.08,34.69,20.85,20.48,19.68,93.91,54.43,41.97,27.55
189.09,34.69,20.85,20.48,19.68,93.57,54.43,41.88,27.50
189.10,34.69,20.85,20.51,19.71,93.91,54.43,41.97,27.50
189.11,34.63,20.85,20.48,19.68,93.57,54.43,41.88,27.50
189.12,34.63,20.85,20.48,19.71,93.91,54.43,41.97,27.50
189.13,34.69,20.82,20.48,19.68,93.57,54.43,41.88,27.55
189.14,34.63,20.85,20.48,19.68,93.91,54.43,41.97,27.55
189.15,34.69,20.85,20.51,19.71,93.57,54.43,42.06,27.55
189.16,34.69,20.85,20.48,19.68,93.91,54.43,41.97,27.50
189.17,34.69,20.85,20.48,19.71,93.57,54.30,41.88,27.55
189.18,34.69,20.85,20.51,19.68,93.57,54.43,41.97,27.55
189.19,34.69,20.85,20.48,19.71,93.57,54.43,41.97,27.55
189.20,34.69,20.85,20.51,19.71,93.91,54.43,41.97,27.55
189.21,34.76,20.85,20.51,19.71,93.57,54.43,41.97,27.55
189.22,34.69,20.85,20.51,19.71,93.57,54.43,41.88,27.55
189.23,34.63,20.85,20.48,19.68,93.57,54.43,41.97,27.55
189.24,34.69,20.85,20.51,19.68,93.57,54.43,41.97,27.55
189.25,34.69,20.88,20.51,19.68,93.91,54.56,41.97,27.55
189.26,34.69,20.85,20.48,19.68,93.57,54.56,41.97,27.55
189.27,34.69,20.82,20.51,19.71,93.57,54.43,41.97,27.55
189.28,34.63,20.85,20.48,19.68,93.57,54.43,41.97,27.55
189.29,34.63,20.85,20.51,19.71,93.57,54.43,41.97,27.55
189.30,34.63,20.85,20.51,19.68,93.91,54.43,41.97,27.59
189.31,34.63,20.85,20.51,19.68,93.57,54.43,41.97,27.55
189.32,34.63,20.85,20.51,19.68,93.91,54.43,41.97,27.50
189.33,34.63,20.85,20.51,19.68,93.91,54.43,41.97,27.55
189.34,34.69,20.85,20.48,19.71,93.91,54.43,41.97,27.55
189.35,34.76,20.88,20.54,19.71,93.91,54.43,41.97,27.55
189.36,34.63,20.85,20.51,19.71,93.57,54.43,41.97,27.55
189.37,34.63,20.85,20.51,19.71,93.57,54.43,41.97,27.55
189.38,34.63,20.85,20.51,19.71,93.91,54.43,42.06,27.55
189.39,34.63,20.85,20.51,19.71,93.57,54.43,41.97,27.55
189.40,34.76,20.88,20.51,19.71,93.91,54.43,42.06,27.55
189.41,34.63,20.85,20.51,19.71,93.91,54.43,41.97,27.55
189.42,34.69,20.85,20.51,19.68,93.91,54.43,41.97,27.55
189.43,34.63,20.85,20.51,19.71,93.91,54.43,41.97,27.55
189.44,34.69,20.85,20.54,19.71,93.91,54.43,42.06,27.50
189.45,34.69,20.85,20.54,19.71,93.91,54.56,42.06,27.55
189.46,34.69,20.85,20.54,19.71,93.91,54.43,42.06,27.55
189.47,34.63,20.85,20.51,19.71,93.57,54.43,42.06,27.59
189.48,34.63,20.82,20.51,19.71,93.57,54.43,42.06,27.55
189.49,34.63,20.85,20.54,19.74,93.57,54.56,42.06,27.59
189.50,34.76,20.85,20.54,19.71,93.91,54.43,42.06,27.59
189.51,34.63,20.85,20.51,19.68,93.57,54.43,42.06,27.59
189.52,34.63,20.85,20.51,19.71,93.57,54.43,41.97,27.59
189.53,34.63,20.85,20.51,19.71,93.57,54.43,42.06,27.55
189.54,34.69,20.85,20.54,19.71,93.91,54.43,42.06,27.59
189.55,34.63,20.85,20.54,19.71,93.91,54.56,42.06,27.59
189.56,34.63,20.85,20.54,19.71,93.91,54.43,42.06,27.59
189.57,34.63,20.85,20.54,19.71,93.91,54.43,42.06,27.59
189.58,34.63,20.85,20.54,19.71,93.57,54.43,42.06,27.59
189.59,34.69,20.85,20.51,19.71,93.91,54.43,42.06,27.59
189.60,34.69,20.88,20.54,19.71,93.91,54.43,42.06,27.59
189.61,34.63,20.85,20.54,19.71,93.91,54.43,42.06,27.59
189.62,34.63,20.82,20.54,19.71,93.57,54.56,42.06,27.59
189.63,34.63,20.85,20.54,19.71,93.91,54.43,42.06,27.59
189.64,34.63,20.85,20.54,19.71,93.91,54.56,42.14,27.59
189.65,34.69,20.88,20.54,19.74,93.91,54.43,42.06,27.59
189.66,34.69,20.85,20.54,19.71,93.91,54.43,42.06,27.59
189.67,34.69,20.85,20.54,19.71,93.91,54.43,42.06,27.59
189.68,34.63,20.85,20.54,19.71,93.91,54.43,42.14,27.59
189.69,34.63,20.85,20.54,19.71,93.57,54.56,42.14,27.59
189.70,34.76,20.85,20.57,19.71,93.91,54.43,42.06,27.59
189.71,34.69,20.88,20.57,19.71,93.91,54.43,42.14,27.64
189.72,34.63,20.85,20.54,19.71,93.91,54.56,42.06,27.59
189.73,34.63,20.85,20.54,19.74,93.91,54.43,42.06,27.59
189.74,34.76,20.85,20.54,19.71,93.57,54.56,42.06,27.59
189.75,34.69,20.85,20.57,19.71,93.91,54.43,42.14,27.59
189.76,34.69,20.88,20.57,19.71,93.91,54.43,42.14,27.59
189.77,34.69,20.85,20.54,19.71,93.91,54.56,42.06,27.59
189.78,34.63,20.85,20.54,19.71,93.91,54.43,42.14,27.59
189.79,34.69,20.85,20.57,19.71,93.91,54.56,42.14,27.59
189.80,34.76,20.88,20.57,19.71,93.91,54.43,42.14,27.59
189.81,34.69,20.88,20.57,19.71,93.91,54.43,42.14,27.59
189.82,34.63,20.85,20.57,19.71,93.91,54.43,42.14,27.59
189.83,34.63,20.85,20.57,19.71,93.91,54.56,42.14,27.59
189.84,34.69,20.85,20.57,19.71,93.91,54.56,42.14,27.59
189.85,34.76,20.88,20.57,19.71,93.91,54.56,42.14,27.64
189.86,34.69,20.85,20.57,19.71,93.91,54.56,42.14,27.59
189.87,34.69,20.85,20.57,19.71,93.91,54.43,42.14,27.59
189.88,34.63,20.85,20.57,19.71,93.91,54.56,42.14,27.64
189.89,34.69,20.85,20.57,19.71,93.91,54.43,42.14,27.64
189.90,34.69,20.88,20.57,19.71,93.91,54.56,42.14,27.59
189.91,34.69,20.88,20.57,19.71,93.91,54.56,42.14,27.59
189.92,34.63,20.85,20.57,19.71,93.91,54.43,42.06,27.59
189.93,34.69,20.85,20.57,19.71,93.91,54.43,42.14,27.59
189.94,34.69,20.85,20.57,19.71,93.91,54.56,42.14,27.59
189.95,34.69,20.85,20.57,19.71,93.91,54.56,42.23,27.59
189.96,34.69,20.88,20.57,19.71,93.91,54.56,42.23,27.59
189.97,34.63,20.85,20.57,19.71,93.91,54.56,42.14,27.64
189.98,34.76,20.85,20.57,19.71,93.91,54.43,42.23,27.64
189.99,34.69,20.88,20.57,19.71,93.91,54.56,42.23,27.64
190.00,34.69,20.88,20.57,19.71,93.91,54.56,42.23,27.64
190.01,34.76,20.88,20.57,19.71,93.91,54.43,42.23,27.64
190.02,34.63,20.82,20.57,19.71,93.91,54.43,42.23,27.59
190.03,34.69,20.85,20.57,19.74,93.91,54.43,42.23,27.64
190.04,34.63,20.85,20.60,19.71,93.91,54.56,42.14,27.64
190.05,34.76,20.91,20.57,19.74,93.91,54.56,42.23,27.64
190.06,34.69,20.88,20.60,19.71,93.91,54.43,42.23,27.64
190.07,34.76,20.85,20.57,19.71,93.91,54.56,42.14,27.64
190.08,34.63,20.85,20.57,19.71,93.91,54.56,42.23,27.64
190.09,34.69,20.85,20.57,19.74,93.91,54.56,42.23,27.64
190.10,34.76,20.88,20.60,19.71,93.91,54.56,42.23,27.64
190.11,34.76,20.85,20.60,19.71,93.91,54.56,42.23,27.64
190.12,34.63,20.85,20.57,19.74,93.91,54.43,42.23,27.64
190.13,34.63,20.85,20.57,19.71,93.91,54.70,42.14,27.64
190.14,34.63,20.85,20.57,19.71,93.91,54.30,42.23,27.59
190.15,34.69,20.88,20.60,19.74,93.91,54.56,42.23,27.68
190.16,34.63,20.85,20.60,19.71,93.91,54.56,42.23,27.59
190.17,34.69,20.85,20.60,19.74,93.91,54.56,42.32,27.64
190.18,34.63,20.85,20.57,19.74,93.91,54.56,42.23,27.64
190.19,34.63,20.85,20.60,19.71,93.91,54.56,42.23,27.64
190.20,34.69,20.85,20.60,19.74,93.91,54.56,42.23,27.64
190.21,34.63,20.88,20.60,19.74,93.91,54.56,42.23,27.64
190.22,34.76,20.85,20.60,19.74,93.91,54.56,42.23,27.64
190.23,34.63,20.85,20.57,19.74,93.91,54.43,42.23,27.64
190.24,34.63,20.88,20.57,19.71,93.91,54.56,42.23,27.64
190.25,34.63,20.88,20.60,19.71,93.91,54.43,42.23,27.64
190.26,34.76,20.88,20.60,19.71,93.91,54.56,42.23,27.68
190.27,34.63,20.85,20.60,19.74,93.91,54.43,42.23,27.64
190.28,34.69,20.88,20.60,19.71,93.91,54.56,42.23,27.64
190.29,34.63,20.85,20.60,19.74,93.91,54.56,42.32,27.64
190.30,34.63,20.88,20.63,19.74,93.91,54.56,42.32,27.64
190.31,34.76,20.88,20.60,19.74,93.91,54.56,42.23,27.68
190.32,34.69,20.85,20.60,19.74,93.91,54.56,42.23,27.64
190.33,34.69,20.85,20.60,19.74,93.91,54.43,42.23,27.64
190.34,34.69,20.88,20.60,19.71,93.91,54.56,42.23,27.68
190.35,34.69,20.88,20.63,19.74,94.26,54.56,42.32,27.68
190.36,34.76,20.88,20.60,19.74,93.91,54.56,42.23,27.68
190.37,34.69,20.85,20.60,19.74,93.91,54.56,42.32,27.68
190.38,34.69,20.88,20.60,19.74,94.26,54.56,42.32,27.68
190.39,34.69,20.88,20.63,19.74,93.57,54.56,42.14,27.64
190.40,34.69,20.88,20.63,19.74,93.91,54.56,42.41,27.68
190.41,34.76,20.88,20.60,19.74,93.91,54.56,42.23,27.68
190.42,34.69,20.85,20.60,19.74,93.91,54.56,42.32,27.68
190.43,34.69,20.85,20.60,19.74,93.91,54.56,42.32,27.68
190.44,34.69,20.85,20.63,19.74,93.91,54.56,42.32,27.68
190.45,34.69,20.88,20.63,19.74,93.91,54.70,42.32,27.68
190.46,34.76,20.88,20.63,19.74,93.91,54.56,42.32,27.68
190.47,34.69,20.88,20.60,19.74,93.91,54.56,42.32,27.68
190.48,34.69,20.85,20.63,19.74,93.91,54.56,42.23,27.68
190.49,34.69,20.88,20.63,19.74,93.91,54.56,42.32,27.68
190.50,34.69,20.88,20.63,19.74,94.26,54.56,42.32,27.68
190.51,34.76,20.85,20.63,19.74,93.91,54.56,42.32,27.68
190.52,34.76,20.85,20.63,19.74,93.91,54.56,42.32,27.68
190.53,34.63,20.88,20.63,19.74,93.91,54.56,42.32,27.68
190.54,34.69,20.85,20.63,19.74,93.91,54.56,42.32,27.64
190.55,34.76,20.88,20.63,19.74,94.26,54.56,42.32,27.68
190.56,34.69,20.85,20.63,19.74,93.91,54.56,42.41,27.68
190.57,34.76,20.85,20.63,19.74,93.91,54.56,42.32,27.68
190.58,34.69,20.85,20.63,19.74,93.91,54.43,42.41,27.68
190.59,34.76,20.88,20.63,19.74,93.91,54.70,42.41,27.68
190.60,34.76,20.88,20.63,19.74,93.91,54.56,42.41,27.68
190.61,34.76,20.88,20.63,19.74,93.91,54.56,42.32,27.73
190.62,34.69,20.88,20.63,19.74,93.91,54.56,42.41,27.68
190.63,34.69,20.88,20.63,19.74,93.91,54.56,42.32,27.68
190.64,34.69,20.85,20.63,19.71,93.91,54.56,42.32,27.68
190.65,34.76,20.88,20.63,19.74,93.91,54.70,42.41,27.68
190.66,34.69,20.88,20.63,19.74,93.91,54.70,42.41,27.68
190.67,34.69,20.85,20.63,19.74,93.91,54.56,42.41,27.73
190.68,34.69,20.85,20.63,19.74,93.91,54.56,42.32,27.68
190.69,34.69,20.88,20.63,19.74,93.91,54.56,42.41,27.68
190.70,34.76,20.88,20.66,19.74,93.91,54.56,42.41,27.68
190.71,34.69,20.88,20.63,19.74,93.91,54.56,42.32,27.68
190.72,34.69,20.88,20.63,19.74,93.91,54.56,42.32,27.73
190.73,34.69,20.88,20.63,19.74,93.91,54.56,42.41,27.68
190.74,34.76,20.88,20.63,19.74,94.26,54.56,42.32,27.73
190.75,34.69,20.88,20.66,19.74,94.26,54.56,42.41,27.73
190.76,34.76,20.88,20.66,19.74,93.91,54.56,42.41,27.68
190.77,34.69,20.85,20.63,19.74,93.91,54.56,42.41,27.68
190.78,34.69,20.85,20.63,19.74,93.91,54.56,42.41,27.73
190.79,34.69,20.88,20.66,19.74,93.91,54.56,42.41,27.68
190.80,34.76,20.91,20.66,19.74,93.91,54.70,42.41,27.73
190.81,34.76,20.88,20.66,19.74,94.26,54.56,42.41,27.73
190.82,34.69,20.85,20.66,19.77,93.91,54.56,42.41,27.73
190.83,34.69,20.85,20.63,19.74,93.91,54.56,42.41,27.68
190.84,34.76,20.88,20.66,19.74,93.91,54.70,42.41,27.73
190.85,34.69,20.88,20.66,19.74,94.26,54.56,42.41,27.73
190.86,34.76,20.88,20.66,19.77,94.26,54.56,42.41,27.73
190.87,34.69,20.88,20.66,19.74,93.91,54.56,42.41,27.73
190.88,34.69,20.85,20.66,19.74,93.91,54.56,42.41,27.68
190.89,34.63,20.88,20.66,19.77,94.26,54.70,42.41,27.73
190.90,34.76,20.88,20.66,19.74,93.91,54.70,42.41,27.73
190.91,34.76,20.88,20.66,19.77,94.26,54.70,42.41,27.73
190.92,34.69,20.85,20.66,19.74,93.91,54.56,42.41,27.73
190.93,34.69,20.88,20.66,19.74,93.91,54.56,42.41,27.73
190.94,34.69,20.88,20.69,19.77,93.91,54.56,42.50,27.73
190.95,34.69,20.88,20.66,19.77,94.26,54.56,42.41,27.73
190.96,34.76,20.88,20.66,19.77,94.26,54.56,42.50,27.73
190.97,34.76,20.88,20.66,19.77,93.91,54.56,42.41,27.73
190.98,34.69,20.85,20.66,19.74,93.91,54.56,42.41,27.73
190.99,34.69,20.88,20.66,19.77,93.91,54.56,42.50,27.73
191.00,34.69,20.91,20.69,19.74,93.91,54.56,42.41,27.73
191.01,34.76,20.88,20.66,19.74,93.91,54.56,42.41,27.73
191.02,34.76,20.88,20.66,19.74,93.91,54.70,42.50,27.73
191.03,34.76,20.85,20.66,19.77,93.91,54.43,42.41,27.73
191.04,34.76,20.85,20.66,19.77,94.26,54.70,42.50,27.73
191.05,34.69,20.88,20.69,19.77,93.91,54.56,42.50,27.77
191.06,34.76,20.88,20.69,19.74,93.91,54.56,42.41,27.73
191.07,34.69,20.88,20.66,19.74,93.91,54.56,42.50,27.73
191.08,34.76,20.88,20.66,19.77,93.91,54.56,42.50,27.73
191.09,34.76,20.88,20.69,19.74,94.26,54.83,42.50,27.73
191.10,34.76,20.88,20.69,19.77,94.26,54.70,42.50,27.73
191.11,34.76,20.88,20.69,19.77,93.91,54.70,42.50,27.73
191.12,34.69,20.85,20.69,19.77,93.91,54.56,42.50,27.73
191.13,34.69,20.88,20.69,19.77,93.91,54.70,42.50,27.73
191.14,34.69,20.88,20.69,19.74,94.26,54.56,42.50,27.73
191.15,34.69,20.88,20.69,19.77,93.91,54.70,42.50,27.77
191.16,34.76,20.88,20.69,19.77,94.26,54.70,42.50,27.73
191.17,34.69,20.88,20.66,19.77,93.91,54.56,42.50,27.73
191.18,34.76,20.88,20.66,19.77,94.26,54.56,42.50,27.77
191.19,34.76,20.88,20.69,19.77,94.26,54.70,42.50,27.73
191.20,34.69,20.91,20.69,19.77,93.91,54.70,42.50,27.73
191.21,34.76,20.88,20.69,19.77,94.26,54.56,42.50,27.77
191.22,34.76,20.88,20.69,19.77,94.26,54.70,42.50,27.77
191.23,34.76,20.88,20.69,19.77,94.26,54.70,42.50,27.77
191.24,34.76,20.88,20.69,19.74,93.91,54.56,42.50,27.73
191.25,34.76,20.91,20.72,19.77,94.26,54.70,42.58,27.77
191.26,34.82,20.88,20.72,19.77,93.91,54.70,42.58,27.77
191.27,34.69,20.88,20.69,19.77,93.91,54.70,42.50,27.77
191.28,34.76,20.88,20.69,19.77,93.91,54.56,42.50,27.77
191.29,34.69,20.91,20.69,19.77,94.26,54.56,42.50,27.77
191.30,34.76,20.88,20.69,19.74,94.26,54.70,42.58,27.73
191.31,34.76,20.91,20.69,19.77,94.26,54.70,42.50,27.77
191.32,34.76,20.88,20.69,19.77,94.26,54.70,42.50,27.77
191.33,34.69,20.88,20.69,19.77,94.26,54.70,42.50,27.77
191.34,34.76,20.88,20.69,19.77,94.26,54.70,42.50,27.77
191.35,34.76,20.88,20.72,19.77,94.26,54.83,42.58,27.77
191.36,34.69,20.88,20.69,19.77,93.91,54.56,42.50,27.77
191.37,34.76,20.88,20.69,19.77,94.26,54.70,42.50,27.77
191.38,34.69,20.88,20.72,19.77,94.26,54.56,42.50,27.73
191.39,34.69,20.88,20.69,19.77,94.26,54.83,42.58,27.77
191.40,34.76,20.91,20.72,19.77,94.26,54.70,42.58,27.73
191.41,34.69,20.88,20.72,19.77,94.26,54.70,42.58,27.82
191.42,34.69,20.88,20.72,19.77,93.91,54.70,42.50,27.77
191.43,34.69,20.88,20.69,19.77,94.26,54.70,42.58,27.77
191.44,34.69,20.88,20.72,19.77,94.26,54.70,42.58,27.77
191.45,34.69,20.88,20.72,19.77,94.26,54.70,42.58,27.77
191.46,34.69,20.88,20.72,19.77,93.91,54.83,42.58,27.77
191.47,34.76,20.88,20.72,19.77,94.26,54.56,42.58,27.77
191.48,34.76,20.88,20.72,19.74,94.26,54.56,42.58,27.77
191.49,34.69,20.88,20.69,19.77,94.26,54.70,42.58,27.77
191.50,34.82,20.88,20.72,19.77,94.26,54.70,42.58,27.77
191.51,34.69,20.88,20.72,19.77,94.26,54.70,42.58,27.77
191.52,34.82,20.88,20.72,19.77,94.26,54.70,42.58,27.77
191.53,34.69,20.88,20.69,19.77,94.26,54.56,42.58,27.77
191.54,34.69,20.88,20.72,19.77,93.91,54.70,42.58,27.77
191.55,34.76,20.91,20.72,19.77,94.26,54.70,42.67,27.82
191.56,34.76,20.91,20.75,19.77,94.26,54.70,42.58,27.77
191.57,34.69,20.88,20.69,19.77,93.91,54.70,42.58,27.82
191.58,34.69,20.88,20.72,19.77,93.91,54.70,42.58,27.82
191.59,34.69,20.88,20.72,19.77,94.26,54.70,42.58,27.77
191.60,34.82,20.91,20.75,19.77,94.26,54.70,42.58,27.77
191.61,34.76,20.88,20.72,19.77,94.26,54.70,42.67,27.77
191.62,34.69,20.88,20.72,19.77,93.91,54.70,42.58,27.77
191.63,34.69,20.88,20.72,19.77,94.26,54.70,42.58,27.82
191.64,34.69,20.85,20.72,19.77,93.91,54.70,42.67,27.77
191.65,34.69,20.91,20.72,19.77,94.26,54.70,42.58,27.82
191.66,34.69,20.88,20.72,19.77,94.26,54.70,42.76,27.82
191.67,34.76,20.88,20.72,19.77,94.26,54.70,42.58,27.82
191.68,34.76,20.88,20.72,19.77,94.26,54.70,42.58,27.82
191.69,34.76,20.88,20.75,19.77,94.26,54.70,42.67,27.82
191.70,34.76,20.91,20.75,19.77,94.26,54.70,42.67,27.82
191.71,34.69,20.91,20.75,19.77,94.26,54.70,42.67,27.82
191.72,34.82,20.88,20.72,19.77,94.26,54.70,42.58,27.82
191.73,34.76,20.88,20.75,19.80,94.26,54.70,42.67,27.82
191.74,34.76,20.91,20.72,19.80,94.26,54.70,42.67,27.82
191.75,34.82,20.91,20.75,19.77,94.61,54.70,42.67,27.82
191.76,34.82,20.91,20.75,19.80,94.26,54.70,42.67,27.87
191.77,34.76,20.88,20.75,19.77,94.26,54.70,42.67,27.82
191.78,34.69,20.88,20.75,19.80,94.26,54.70,42.67,27.82
191.79,34.82,20.88,20.75,19.77,94.26,54.70,42.67,27.82
191.80,34.76,20.91,20.75,19.80,94.26,54.70,42.67,27.82
191.81,34.82,20.91,20.75,19.77,94.26,54.70,42.67,27.82
191.82,34.82,20.88,20.75,19.80,94.26,54.70,42.67,27.82
191.83,34.69,20.88,20.75,19.80,94.26,54.70,42.67,27.82
191.84,34.76,20.91,20.75,19.77,94.26,54.70,42.67,27.82
191.85,34.76,20.91,20.75,19.80,94.26,54.83,42.67,27.87
191.86,34.82,20.88,20.75,19.77,94.26,54.70,42.67,27.82
191.87,34.82,20.88,20.75,19.77,94.26,54.70,42.67,27.82
191.88,34.76,20.85,20.75,19.80,94.26,54.70,42.67,27.87
191.89,34.69,20.91,20.75,19.80,94.26,54.83,42.67,27.82
191.90,34.69,20.91,20.75,19.80,94.26,54.83,42.67,27.82
191.91,34.82,20.91,20.78,19.80,94.26,54.70,42.67,27.82
191.92,34.76,20.88,20.75,19.80,94.61,54.70,42.67,27.82
191.93,34.76,20.88,20.78,19.80,94.26,54.70,42.67,27.82
191.94,34.76,20.91,20.75,19.77,94.26,54.70,42.67,27.82
191.95,34.76,20.91,20.78,19.80,94.26,54.70,42.76,27.87
191.96,34.82,20.91,20.78,19.80,94.26,54.70,42.76,27.82
191.97,34.76,20.88,20.75,19.80,94.26,54.70,42.67,27.87
191.98,34.76,20.88,20.75,19.77,94.26,54.70,42.67,27.87
191.99,34.82,20.91,20.78,19.77,94.26,54.83,42.76,27.87
192.00,34.82,20.91,20.78,19.80,94.26,54.83,42.76,27.87
192.01,34.82,20.91,20.75,19.80,94.26,54.70,42.76,27.87
192.02,34.76,20.88,20.78,19.80,94.26,54.70,42.76,27.82
192.03,34.76,20.91,20.78,19.80,94.26,54.70,42.67,27.87
192.04,34.69,20.91,20.75,19.80,94.26,54.70,42.67,27.87
192.05,34.76,20.91,20.78,19.80,94.26,54.83,42.67,27.87
192.06,34.69,20.91,20.78,19.80,94.26,54.70,42.76,27.87
192.07,34.76,20.91,20.75,19.80,94.26,54.83,42.76,27.82
192.08,34.76,20.88,20.75,19.80,94.26,54.70,42.76,27.87
192.09,34.76,20.91,20.75,19.80,94.26,54.70,42.76,27.87
192.10,34.88,20.91,20.78,19.77,94.26,54.70,42.76,27.87
192.11,34.76,20.91,20.78,19.80,94.26,54.70,42.76,27.87
192.12,34.76,20.85,20.78,19.80,94.26,54.70,42.76,27.87
192.13,34.69,20.88,20.75,19.80,94.26,54.70,42.67,27.87
192.14,34.69,20.88,20.78,19.80,94.26,54.70,42.67,27.87
192.15,34.82,20.88,20.78,19.80,94.26,54.70,42.76,27.87
192.16,34.82,20.88,20.78,19.80,94.26,54.70,42.76,27.87
192.17,34.69,20.91,20.78,19.80,94.26,54.70,42.76,27.82
192.18,34.76,20.88,20.78,19.80,94.26,54.70,42.76,27.87
192.19,34.76,20.88,20.78,19.80,94.26,54.83,42.76,27.87
192.20,34.82,20.91,20.78,19.80,94.61,54.70,42.76,27.82
192.21,34.76,20.91,20.78,19.80,94.26,54.70,42.76,27.87
192.22,34.76,20.88,20.78,19.80,94.26,54.56,42.76,27.87
192.23,34.69,20.88,20.75,19.80,94.26,54.70,42.76,27.87
192.24,34.76,20.91,20.78,19.80,94.26,54.70,42.76,27.87
192.25,34.82,20.91,20.81,19.80,94.26,54.83,42.85,27.87
192.26,34.76,20.91,20.78,19.80,94.26,54.70,42.76,27.87
192.27,34.76,20.88,20.78,19.80,94.26,54.70,42.76,27.87
192.28,34.76,20.88,20.78,19.80,94.61,54.70,42.76,27.87
192.29,34.69,20.88,20.78,19.80,94.26,54.70,42.76,27.87
192.30,34.76,20.91,20.81,19.80,94.26,54.70,42.76,27.87
192.31,34.69,20.91,20.81,19.80,94.26,54.70,42.85,27.87
192.32,34.76,20.88,20.81,19.80,94.26,54.70,42.76,27.87
192.33,34.76,20.88,20.78,19.80,94.26,54.70,42.76,27.87
192.34,34.69,20.88,20.81,19.80,94.26,54.70,42.85,27.87
192.35,34.82,20.95,20.81,19.80,94.61,54.70,42.85,27.91
192.36,34.82,20.91,20.78,19.80,94.26,54.70,42.76,27.87
192.37,34.69,20.91,20.78,19.80,94.26,54.70,42.76,27.87
192.38,34.76,20.91,20.78,19.80,94.26,54.70,42.76,27.87
192.39,34.82,20.91,20.78,19.80,94.26,54.70,42.85,27.87
192.40,34.82,20.91,20.78,19.80,94.61,54.83,42.85,27.87
192.41,34.76,20.91,20.81,19.80,94.26,54.70,42.85,27.87
192.42,34.76,20.88,20.78,19.80,94.26,54.83,42.85,27.91
192.43,34.76,20.91,20.78,19.80,94.26,54.83,42.85,27.87
192.44,34.69,20.91,20.78,19.77,94.61,54.70,42.85,27.87
192.45,34.76,20.95,20.81,19.80,94.26,54.83,42.85,27.91
192.46,34.76,20.91,20.81,19.80,94.61,54.83,42.85,27.87
192.47,34.76,20.91,20.78,19.80,94.26,54.83,42.85,27.87
192.48,34.76,20.91,20.81,19.80,94.26,54.70,42.85,27.87
192.49,34.76,20.88,20.81,19.77,94.26,54.83,42.85,27.91
192.50,34.82,20.91,20.81,19.80,94.26,54.83,42.85,27.91
192.51,34.82,20.91,20.81,19.80,94.61,54.70,42.85,27.91
192.52,34.76,20.91,20.81,19.80,94.61,54.70,42.85,27.91
192.53,34.76,20.91,20.81,19.80,94.26,54.83,42.85,27.91
192.54,34.82,20.88,20.81,19.80,94.26,54.83,42.85,27.91
192.55,34.82,20.95,20.81,19.83,94.61,54.83,42.85,27.91
192.56,34.76,20.91,20.84,19.80,94.61,54.70,42.85,27.91
192.57,34.76,20.91,20.81,19.80,94.61,54.83,42.85,27.91
192.58,34.69,20.91,20.81,19.80,94.61,54.83,42.85,27.87
192.59,34.76,20.91,20.81,19.83,94.61,54.83,42.85,27.87
192.60,34.82,20.95,20.81,19.80,94.61,54.83,42.85,27.91
192.61,34.76,20.88,20.84,19.80,94.26,54.70,42.85,27.87
192.62,34.76,20.88,20.81,19.80,94.26,54.70,42.85,27.91
192.63,34.82,20.91,20.81,19.80,94.61,54.70,42.85,27.91
192.64,34.82,20.91,20.81,19.80,94.61,54.70,42.85,27.91
192.65,34.76,20.91,20.84,19.83,94.26,54.83,42.85,27.96
192.66,34.76,20.91,20.84,19.83,94.61,54.83,42.94,27.96
192.67,34.76,20.91,20.84,19.80,94.61,54.83,42.94,27.91
192.68,34.76,20.88,20.81,19.80,94.61,54.83,42.85,27.91
192.69,34.69,20.95,20.81,19.83,94.26,54.83,42.94,27.91
192.70,34.82,20.91,20.81,19.83,94.61,54.83,42.94,27.91
192.71,34.76,20.91,20.84,19.80,94.26,54.83,42.85,27.91
192.72,34.69,20.91,20.81,19.80,94.61,54.83,42.85,27.91
192.73,34.82,20.91,20.81,19.83,94.26,54.83,42.85,27.91
192.74,34.82,20.91,20.81,19.83,94.26,54.83,42.94,27.91
192.75,34.82,20.91,20.84,19.80,94.61,54.83,42.94,27.96
192.76,34.76,20.91,20.84,19.83,94.61,54.83,42.94,27.91
192.77,34.88,20.91,20.84,19.80,94.61,54.83,42.94,27.91
192.78,34.76,20.88,20.81,19.80,94.26,54.83,42.94,27.91
192.79,34.76,20.91,20.81,19.80,94.61,54.83,42.94,27.91
192.80,34.82,20.91,20.84,19.80,94.61,54.83,42.94,27.96
192.81,34.69,20.91,20.81,19.80,94.61,54.83,42.94,27.91
192.82,34.76,20.91,20.84,19.80,94.26,54.83,42.85,27.96
192.83,34.76,20.95,20.81,19.83,94.61,54.83,42.94,27.91
192.84,34.82,20.91,20.84,19.80,94.61,54.83,42.94,27.96
192.85,34.82,20.95,20.88,19.80,94.61,54.83,42.94,27.91
192.86,34.82,20.95,20.84,19.83,94.61,54.83,42.94,27.91
192.87,34.82,20.91,20.84,19.80,94.61,54.83,42.94,27.91
192.88,34.76,20.91,20.84,19.80,94.26,54.83,42.94,27.96
192.89,34.82,20.91,20.84,19.80,94.97,54.83,42.94,27.91
192.90,34.76,20.95,20.84,19.83,94.61,54.83,42.94,27.91
192.91,34.76,20.95,20.84,19.83,94.61,54.83,42.94,27.96
192.92,34.76,20.91,20.84,19.83,94.61,54.83,43.03,27.96
192.93,34.82,20.91,20.84,19.80,94.61,54.83,42.94,27.96
192.94,34.82,20.95,20.84,19.83,94.61,54.83,42.94,27.91
192.95,34.82,20.95,20.84,19.83,94.61,54.83,43.03,27.96
192.96,34.82,20.95,20.84,19.83,94.61,54.83,42.94,27.96
192.97,34.82,20.95,20.84,19.80,94.61,54.83,42.94,27.96
192.98,34.76,20.88,20.84,19.83,94.61,54.83,42.94,27.96
192.99,34.76,20.95,20.84,19.80,94.61,54.83,42.94,27.96
193.00,34.82,20.91,20.88,19.83,94.61,54.83,42.94,27.96
193.01,34.82,20.95,20.88,19.83,94.61,54.97,43.03,27.96
193.02,34.76,20.88,20.88,19.83,94.26,54.83,42.94,27.96
193.03,34.76,20.91,20.84,19.83,94.61,54.83,43.03,27.96
193.04,34.76,20.91,20.84,19.80,94.61,54.83,42.94,27.96
193.05,34.82,20.95,20.88,19.83,94.61,54.83,43.03,27.96
193.06,34.76,20.91,20.84,19.83,94.26,54.83,42.94,27.96
193.07,34.82,20.91,20.88,19.80,94.61,54.83,42.94,27.96
193.08,34.82,20.88,20.88,19.83,94.61,54.83,42.94,27.96
193.09,34.82,20.91,20.84,19.80,94.61,54.83,43.03,27.96
193.10,34.82,20.91,20.88,19.83,94.61,54.97,43.03,27.96
193.11,34.82,20.91,20.88,19.83,94.61,54.70,43.03,27.96
193.12,34.76,20.91,20.84,19.83,94.61,54.83,43.03,27.96
193.13,34.76,20.91,20.84,19.83,94.61,54.83,42.94,27.96
193.14,34.76,20.91,20.88,19.83,94.61,54.83,42.94,27.96
193.15,34.76,20.95,20.88,19.83,94.97,54.83,43.03,27.96
193.16,34.76,20.91,20.88,19.83,94.26,54.83,42.94,27.96
193.17,34.76,20.91,20.84,19.83,94.61,54.70,43.03,27.96
193.18,34.76,20.91,20.84,19.83,94.61,54.83,42.94,27.96
193.19,34.76,20.91,20.88,19.83,94.61,54.83,43.03,27.96
193.20,34.82,20.95,20.88,19.83,94.61,54.83,43.03,27.96
193.21,34.76,20.95,20.88,19.83,94.61,54.83,43.03,27.96
193.22,34.76,20.91,20.84,19.83,94.61,54.83,43.03,27.96
193.23,34.82,20.91,20.88,19.83,94.61,54.83,43.03,27.96
193.24,34.82,20.91,20.88,19.83,94.61,54.83,43.03,28.00
193.25,34.76,20.95,20.88,19.83,94.61,54.83,43.03,27.96
193.26,34.76,20.95,20.88,19.83,94.61,54.97,42.94,28.00
193.27,34.76,20.91,20.88,19.83,94.61,54.83,42.94,28.00
193.28,34.76,20.91,20.84,19.83,94.61,54.83,43.03,27.96
193.29,34.76,20.91,20.88,19.83,94.61,54.83,43.03,27.96
193.30,34.76,20.91,20.88,19.83,94.61,54.83,43.03,28.00
193.31,34.82,20.95,20.88,19.83,94.61,54.83,43.03,27.96
193.32,34.76,20.91,20.88,19.83,94.61,54.83,43.03,28.00
193.33,34.69,20.91,20.88,19.83,94.26,54.83,43.03,28.00
193.34,34.69,20.91,20.88,19.83,94.61,54.83,43.03,28.00
193.35,34.82,20.91,20.91,19.83,94.61,54.70,43.03,28.00
193.36,34.82,20.91,20.88,19.83,94.61,54.83,43.03,28.00
193.37,34.82,20.88,20.88,19.83,94.61,54.70,43.03,28.00
193.38,34.76,20.91,20.88,19.83,94.61,54.83,43.03,28.00
193.39,34.76,20.91,20.84,19.80,94.61,54.83,43.03,28.00
193.40,34.76,20.91,20.88,19.83,94.61,54.83,43.12,28.00
193.41,34.82,20.91,20.88,19.83,94.61,54.83,43.03,28.00
193.42,34.76,20.91,20.88,19.83,94.61,54.83,43.03,28.00
193.43,34.76,20.91,20.88,19.83,94.61,54.83,43.03,28.00
193.44,34.76,20.91,20.88,19.86,94.61,54.83,43.03,27.96
193.45,34.82,20.91,20.88,19.83,94.61,54.83,43.12,28.00
193.46,34.76,20.91,20.91,19.83,94.61,54.97,43.03,28.00
193.47,34.76,20.91,20.88,19.83,94.61,54.83,43.03,28.00
193.48,34.76,20.91,20.88,19.83,94.61,54.83,43.12,28.00
193.49,34.69,20.91,20.88,19.83,94.61,54.83,43.03,28.00
193.50,34.76,20.95,20.91,19.83,94.61,54.97,43.03,28.00
193.51,34.82,20.91,20.88,19.83,94.61,54.83,43.03,27.96
193.52,34.82,20.91,20.88,19.83,94.61,54.83,43.03,28.00
193.53,34.76,20.91,20.88,19.83,94.61,54.83,43.03,28.00
193.54,34.76,20.91,20.88,19.83,94.61,54.83,43.12,28.00
193.55,34.76,20.95,20.91,19.83,94.61,54.83,43.12,28.00
193.56,34.82,20.95,20.91,19.83,94.61,54.83,43.03,28.00
193.57,34.76,20.91,20.88,19.83,94.61,54.83,43.03,28.00
193.58,34.69,20.91,20.91,19.83,94.61,54.83,43.03,28.00
193.59,34.76,20.91,20.91,19.83,94.61,54.83,43.12,28.00
193.60,34.82,20.95,20.91,19.83,94.61,54.83,43.12,28.00
193.61,34.76,20.91,20.91,19.86,94.61,54.83,43.12,28.00
193.62,34.82,20.91,20.91,19.83,94.61,54.83,43.03,28.00
193.63,34.82,20.91,20.91,19.83,94.26,54.83,43.12,28.05
193.64,34.76,20.91,20.88,19.83,94.61,54.83,43.03,28.00
193.65,34.82,20.95,20.91,19.86,94.61,54.97,43.12,28.00
193.66,34.69,20.95,20.91,19.83,94.61,54.83,43.12,28.00
193.67,34.76,20.91,20.91,19.83,94.61,54.83,43.12,28.00
193.68,34.82,20.91,20.88,19.83,94.61,54.83,43.12,28.00
193.69,34.76,20.91,20.91,19.83,94.61,54.70,43.12,28.00
193.70,34.76,20.95,20.91,19.83,94.61,54.83,43.12,28.00
193.71,34.82,20.95,20.91,19.83,94.61,54.83,43.12,28.00
193.72,34.82,20.91,20.91,19.83,94.61,54.83,43.12,28.00
193.73,34.82,20.95,20.91,19.83,94.61,54.83,43.12,28.00
193.74,34.82,20.91,20.91,19.83,94.61,54.97,43.12,28.05
193.75,34.76,20.91,20.91,19.83,94.61,54.83,43.12,28.00
193.76,34.82,20.95,20.91,19.83,94.61,54.83,43.12,28.05
193.77,34.82,20.91,20.91,19.83,94.97,54.97,43.12,28.05
193.78,34.82,20.91,20.91,19.83,94.61,54.97,43.12,28.05
193.79,34.76,20.95,20.91,19.86,94.61,54.83,43.12,28.05
193.80,34.82,20.91,20.91,19.83,94.61,54.97,43.12,28.05
193.81,34.82,20.95,20.94,19.83,94.61,54.83,43.12,28.05
193.82,34.76,20.91,20.91,19.83,94.61,54.83,43.12,28.00
193.83,34.82,20.91,20.91,19.83,94.61,54.83,43.12,28.00
193.84,34.82,20.91,20.88,19.83,94.61,54.83,43.12,28.05
193.85,34.82,20.91,20.94,19.83,94.61,54.83,43.12,28.05
193.86,34.82,20.95,20.91,19.83,94.61,54.97,43.12,28.05
193.87,34.76,20.91,20.91,19.83,94.61,54.83,43.12,28.00
193.88,34.76,20.91,20.91,19.83,94.61,54.97,43.12,28.05
193.89,34.76,20.91,20.94,19.86,94.61,54.70,43.12,28.00
193.90,34.82,20.95,20.94,19.83,94.61,54.83,43.12,28.05
193.91,34.76,20.95,20.94,19.83,94.61,54.97,43.21,28.10
193.92,34.76,20.91,20.91,19.83,94.61,54.83,43.21,28.00
193.93,34.76,20.91,20.91,19.83,94.61,54.83,43.12,28.05
193.94,34.82,20.95,20.91,19.86,94.61,54.83,43.21,28.05
193.95,34.82,20.95,20.94,19.83,94.61,54.97,43.12,28.05
193.96,34.82,20.95,20.94,19.83,94.61,54.97,43.21,28.05
193.97,34.76,20.91,20.94,19.83,94.61,54.83,43.12,28.05
193.98,34.82,20.91,20.91,19.83,94.61,54.83,43.12,28.05
193.99,34.82,20.91,20.94,19.83,94.61,54.83,43.21,28.10
194.00,34.82,20.95,20.94,19.86,94.61,54.97,43.21,28.05
194.01,34.88,20.95,20.94,19.86,94.61,54.97,43.21,28.05
194.02,34.82,20.91,20.91,19.83,94.61,54.83,43.12,28.05
194.03,34.76,20.91,20.94,19.83,94.61,54.83,43.21,28.05
194.04,34.82,20.95,20.94,19.83,94.61,54.83,43.21,28.05
194.05,34.88,20.91,20.94,19.83,94.61,54.83,43.21,28.05
194.06,34.82,20.95,20.94,19.86,94.61,54.83,43.21,28.05
194.07,34.82,20.95,20.91,19.83,94.61,54.83,43.21,28.05
194.08,34.82,20.91,20.94,19.83,94.61,54.97,43.21,28.05
194.09,34.82,20.95,20.94,19.86,94.61,54.83,43.21,28.05
194.10,34.82,20.95,20.94,19.83,94.97,54.83,43.21,28.10
194.11,34.82,20.95,20.94,19.86,94.61,54.83,43.21,28.10
194.12,34.76,20.91,20.94,19.86,94.61,54.83,43.21,28.10
194.13,34.76,20.95,20.94,19.86,94.97,54.97,43.21,28.05
194.14,34.76,20.95,20.94,19.83,94.26,54.97,43.12,28.05
194.15,34.82,20.95,20.94,19.86,94.97,54.83,43.30,28.05
194.16,34.82,20.95,20.97,19.86,94.97,54.83,43.21,28.05
194.17,34.76,20.95,20.94,19.83,94.61,54.97,43.21,28.05
194.18,34.82,20.91,20.94,19.86,94.61,54.97,43.21,28.10
194.19,34.82,20.95,20.94,19.83,94.61,54.97,43.21,28.05
194.20,34.88,20.95,20.94,19.86,94.97,54.83,43.21,28.10
194.21,34.88,20.95,20.94,19.86,94.61,54.97,43.21,28.05
194.22,34.76,20.91,20.94,19.86,94.61,54.83,43.21,28.10
194.23,34.82,20.95,20.94,19.86,94.61,54.83,43.21,28.05
194.24,34.82,20.91,20.94,19.86,94.61,54.97,43.21,28.05
194.25,34.76,20.98,20.97,19.86,94.61,54.97,43.30,28.10
194.26,34.82,20.95,20.94,19.86,94.61,54.83,43.30,28.10
194.27,34.82,20.95,20.94,19.86,94.61,54.97,43.21,28.10
194.28,34.82,20.91,20.94,19.86,94.61,54.83,43.21,28.10
194.29,34.82,20.95,20.94,19.83,94.61,54.83,43.21,28.10
194.30,34.82,20.95,20.97,19.86,94.61,54.97,43.30,28.10
194.31,34.82,20.95,20.97,19.86,94.97,54.97,43.30,28.10
194.32,34.76,20.95,20.94,19.86,94.97,54.83,43.21,28.10
194.33,34.82,20.91,20.94,19.86,94.61,54.83,43.30,28.10
194.34,34.76,20.91,20.97,19.86,94.61,54.83,43.21,28.10
194.35,34.82,20.95,20.97,19.86,94.97,54.97,43.30,28.10
194.36,34.82,20.95,20.97,19.86,94.61,54.97,43.30,28.10
194.37,34.82,20.95,20.94,19.86,94.61,54.83,43.30,28.10
194.38,34.76,20.95,20.94,19.86,94.61,54.97,43.21,28.10
194.39,34.88,20.95,20.97,19.86,94.26,54.83,43.30,28.10
194.40,34.82,20.95,20.97,19.86,94.97,54.97,43.30,28.10
194.41,34.82,20.95,20.97,19.86,94.61,54.97,43.21,28.10
194.42,34.76,20.95,20.94,19.86,94.61,54.97,43.30,28.10
194.43,34.76,20.91,20.97,19.86,94.61,54.97,43.30,28.10
194.44,34.76,20.95,20.97,19.86,94.61,54.97,43.30,28.10
194.45,34.76,20.95,20.97,19.86,94.97,54.97,43.30,28.10
194.46,34.76,20.95,20.97,19.86,94.61,54.97,43.30,28.10
194.47,34.82,20.91,20.97,19.86,94.61,54.97,43.30,28.10
194.48,34.76,20.95,20.94,19.86,94.61,54.97,43.30,28.10
194.49,34.76,20.91,20.94,19.86,94.97,54.83,43.30,28.10
194.50,34.82,20.95,20.97,19.89,94.97,54.97,43.30,28.10
194.51,34.76,20.95,20.97,19.86,94.97,54.97,43.30,28.10
194.52,34.76,20.95,20.97,19.86,94.61,54.97,43.30,28.10
194.53,34.82,20.91,20.94,19.86,94.61,54.83,43.30,28.10
194.54,34.76,20.95,20.94,19.86,94.61,54.97,43.30,28.10
194.55,34.82,20.95,20.97,19.86,94.97,54.97,43.30,28.10
194.56,34.82,20.95,20.97,19.86,94.61,54.97,43.40,28.14
194.57,34.82,20.95,20.97,19.86,94.61,54.97,43.30,28.10
194.58,34.76,20.95,20.97,19.86,94.61,54.97,43.30,28.10
194.59,34.76,20.91,20.97,19.86,94.97,54.97,43.30,28.10
194.60,34.82,20.95,20.97,19.86,94.61,54.97,43.30,28.14
194.61,34.76,20.95,20.97,19.86,94.61,54.97,43.30,28.10
194.62,34.82,20.91,20.97,19.86,94.61,54.97,43.30,28.10
194.63,34.82,20.95,20.97,19.86,94.97,54.97,43.30,28.10
194.64,34.82,20.91,20.97,19.86,94.97,54.97,43.30,28.10
194.65,34.82,20.95,21.00,19.86,94.61,54.97,43.40,28.14
194.66,34.88,20.95,21.00,19.86,94.61,54.97,43.30,28.14
194.67,34.76,20.91,20.97,19.86,94.61,54.97,43.40,28.10
194.68,34.76,20.91,20.97,19.86,94.61,54.83,43.30,28.10
194.69,34.82,20.95,20.97,19.89,94.61,54.83,43.30,28.14
194.70,34.76,20.95,20.97,19.86,94.61,54.83,43.40,28.14
194.71,34.82,20.95,20.97,19.86,94.61,54.97,43.30,28.14
194.72,34.82,20.91,20.97,19.86,94.61,54.97,43.40,28.10
194.73,34.76,20.95,20.97,19.86,94.61,54.97,43.40,28.14
194.74,34.76,20.95,20.97,19.86,94.97,54.97,43.40,28.14
194.75,34.82,20.95,21.00,19.86,94.97,54.97,43.40,28.14
194.76,34.88,20.95,21.00,19.89,94.97,54.97,43.30,28.14
194.77,34.76,20.91,20.97,19.89,94.97,54.97,43.40,28.10
194.78,34.76,20.91,20.97,19.89,94.61,54.97,43.40,28.14
194.79,34.82,20.95,20.97,19.86,94.97,54.97,43.40,28.14
194.80,34.82,20.95,21.00,19.86,94.97,54.97,43.40,28.14
194.81,34.82,20.95,21.00,19.86,94.61,54.97,43.40,28.14
194.82,34.82,20.91,20.97,19.86,94.61,54.97,43.30,28.14
194.83,34.76,20.95,20.97,19.86,94.61,54.97,43.30,28.14
194.84,34.76,20.95,21.00,19.86,94.61,54.97,43.30,28.14
194.85,34.88,20.95,21.00,19.89,94.97,54.97,43.40,28.14
194.86,34.82,20.95,20.97,19.86,94.61,54.97,43.40,28.14
194.87,34.82,20.91,21.00,19.86,94.97,54.97,43.40,28.14
194.88,34.82,20.91,20.97,19.86,94.97,54.97,43.30,28.14
194.89,34.82,20.95,21.00,19.89,94.97,54.97,43.40,28.14
194.90,34.82,20.95,21.00,19.89,94.61,54.97,43.40,28.14
194.91,34.88,20.95,21.00,19.86,94.97,55.10,43.40,28.14
194.92,34.76,20.95,21.00,19.86,94.61,54.97,43.30,28.14
194.93,34.82,20.91,21.00,19.86,94.61,54.97,43.30,28.14
194.94,34.82,20.95,21.00,19.86,94.61,54.97,43.40,28.14
194.95,34.76,20.95,21.00,19.86,94.61,55.10,43.40,28.14
194.96,34.82,20.95,21.00,19.89,94.97,54.97,43.40,28.14
194.97,34.82,20.95,21.00,19.86,94.97,54.97,43.40,28.14
194.98,34.82,20.95,21.00,19.86,94.97,54.97,43.40,28.14
194.99,34.82,20.95,21.00,19.89,94.97,54.97,43.40,28.14
195.00,34.82,20.98,21.00,19.89,94.97,54.97,43.40,28.14
195.01,34.88,20.95,21.00,19.86,94.97,54.97,43.40,28.14
195.02,34.82,20.95,21.00,19.89,94.97,54.97,43.40,28.14
195.03,34.82,20.95,21.00,19.86,94.61,54.97,43.40,28.14
195.04,34.82,20.95,21.00,19.89,94.97,54.97,43.40,28.14
195.05,34.82,20.95,21.03,19.89,94.97,55.10,43.40,28.14
195.06,34.88,20.95,21.03,19.86,94.97,54.97,43.40,28.14
195.07,34.82,20.98,21.00,19.89,94.97,54.97,43.40,28.14
195.08,34.82,20.95,21.03,19.89,94.61,54.97,43.40,28.19
195.09,34.82,20.95,21.00,19.89,94.97,54.97,43.40,28.14
195.10,34.82,20.95,21.03,19.89,94.97,55.10,43.49,28.14
195.11,34.82,20.95,21.03,19.89,94.97,54.97,43.49,28.19
195.12,34.88,20.95,21.00,19.89,94.97,55.10,43.40,28.19
195.13,34.76,20.91,21.00,19.89,94.97,54.97,43.40,28.14
195.14,34.88,20.95,21.00,19.89,94.97,54.97,43.40,28.19
195.15,34.82,20.98,21.03,19.89,94.97,54.97,43.49,28.24
195.16,34.82,20.98,21.03,19.89,94.61,54.97,43.49,28.14
195.17,34.82,20.95,21.03,19.86,94.97,54.97,43.49,28.24
195.18,34.82,20.95,21.03,19.86,94.61,54.97,43.40,28.14
195.19,34.82,20.95,21.03,19.89,94.97,54.97,43.49,28.19
195.20,34.88,20.95,21.03,19.89,94.97,54.97,43.49,28.19
195.21,34.95,20.95,21.00,19.86,94.97,55.10,43.49,28.19
195.22,34.82,20.95,21.03,19.89,94.97,55.10,43.49,28.19
195.23,34.88,20.91,21.03,19.89,94.97,54.97,43.40,28.19
195.24,34.82,20.95,21.03,19.89,94.97,54.97,43.49,28.19
195.25,34.82,20.95,21.03,19.89,94.97,54.97,43.49,28.19
195.26,34.76,20.95,21.03,19.89,94.97,54.97,43.49,28.19
195.27,34.88,20.95,21.03,19.86,94.97,54.97,43.49,28.19
195.28,34.69,20.91,21.00,19.89,94.97,54.97,43.40,28.19
195.29,34.76,20.95,21.03,19.89,94.97,54.97,43.49,28.19
195.30,34.88,20.95,21.03,19.89,94.61,55.10,43.49,28.19
195.31,34.76,20.95,21.03,19.89,94.97,54.97,43.49,28.19
195.32,34.82,20.91,21.03,19.89,94.97,54.97,43.40,28.19
195.33,34.82,20.95,21.00,19.89,94.97,54.97,43.49,28.19
195.34,34.88,20.95,21.03,19.89,94.61,54.97,43.40,28.19
195.35,34.82,20.95,21.03,19.89,94.97,54.97,43.49,28.19
195.36,34.88,20.95,21.03,19.89,94.97,54.97,43.49,28.19
195.37,34.76,20.95,21.03,19.89,94.97,54.97,43.49,28.19
195.38,34.82,20.95,21.03,19.89,94.61,54.97,43.49,28.19
195.39,34.82,20.95,21.03,19.89,94.97,54.97,43.40,28.14
195.40,34.88,20.98,21.03,19.89,94.61,55.10,43.49,28.19
195.41,34.82,20.91,21.03,19.89,94.97,54.97,43.58,28.19
195.42,34.76,20.95,21.03,19.89,94.97,54.97,43.58,28.19
195.43,34.76,20.91,21.03,19.89,94.97,54.97,43.40,28.19
195.44,34.76,20.95,21.03,19.89,94.97,54.97,43.49,28.19
195.45,34.82,20.95,21.03,19.89,94.61,54.97,43.49,28.19
195.46,34.82,20.95,21.03,19.89,94.97,54.97,43.49,28.19
195.47,34.82,20.91,21.03,19.89,94.97,54.97,43.49,28.19
195.48,34.82,20.95,21.03,19.89,94.61,54.83,43.49,28.19
195.49,34.82,20.95,21.03,19.89,94.97,54.97,43.58,28.19
195.50,34.76,20.95,21.06,19.89,94.97,54.97,43.49,28.19
195.51,34.82,20.95,21.03,19.89,94.97,54.97,43.49,28.19
195.52,34.76,20.95,21.03,19.89,94.97,54.97,43.49,28.19
195.53,34.82,20.91,21.03,19.89,94.97,54.97,43.49,28.24
195.54,34.82,20.95,21.03,19.89,94.97,55.10,43.49,28.19
195.55,34.88,20.95,21.03,19.89,94.97,54.97,43.49,28.19
195.56,34.82,20.95,21.03,19.89,94.97,54.97,43.49,28.19
195.57,34.82,20.95,21.03,19.89,94.61,54.97,43.49,28.19
195.58,34.76,20.91,21.03,19.89,94.97,54.97,43.49,28.24
195.59,34.82,20.91,21.03,19.89,94.97,54.97,43.49,28.19
195.60,34.82,20.95,21.06,19.89,94.97,55.10,43.49,28.24
195.61,34.82,20.95,21.06,19.89,94.97,54.97,43.49,28.24
195.62,34.82,20.95,21.03,19.89,94.97,54.97,43.49,28.24
195.63,34.82,20.91,21.03,19.89,94.97,54.97,43.49,28.19
195.64,34.76,20.91,21.03,19.89,94.97,54.97,43.49,28.19
195.65,34.88,20.95,21.06,19.89,94.97,54.97,43.49,28.24
195.66,34.82,20.95,21.03,19.89,94.97,54.97,43.58,28.19
195.67,34.88,20.95,21.03,19.89,94.97,54.97,43.49,28.24
195.68,34.82,20.91,21.03,19.89,94.97,54.97,43.49,28.24
195.69,34.82,20.95,21.03,19.89,94.97,54.97,43.58,28.24
195.70,34.82,20.95,21.06,19.89,94.97,54.97,43.58,28.19
195.71,34.82,20.95,21.06,19.89,94.97,54.97,43.58,28.24
195.72,34.76,20.95,21.03,19.89,94.97,54.97,43.49,28.24
195.73,34.76,20.95,21.06,19.89,94.97,54.97,43.58,28.24
195.74,34.82,20.95,21.06,19.89,94.97,54.97,43.58,28.24
195.75,34.88,20.95,21.06,19.89,94.97,54.97,43.58,28.24
195.76,34.82,20.95,21.06,19.89,94.97,54.97,43.58,28.24
195.77,34.82,20.91,21.06,19.89,94.97,54.97,43.58,28.24
195.78,34.76,20.91,21.03,19.89,94.97,54.97,43.58,28.24
195.79,34.82,20.95,21.03,19.89,94.97,55.10,43.49,28.24
195.80,34.82,20.95,21.06,19.89,94.97,55.10,43.58,28.24
195.81,34.88,20.95,21.06,19.89,94.97,55.10,43.58,28.24
195.82,34.82,20.95,21.06,19.91,94.97,54.97,43.58,28.24
195.83,34.82,20.95,21.06,19.89,94.97,55.10,43.58,28.24
195.84,34.82,20.95,21.06,19.89,94.97,55.10,43.58,28.24
195.85,34.82,20.95,21.06,19.89,94.97,55.10,43.58,28.24
195.86,34.88,20.95,21.06,19.91,94.97,54.97,43.58,28.28
195.87,34.82,20.95,21.06,19.89,94.97,55.10,43.58,28.24
195.88,34.82,20.95,21.06,19.89,94.97,54.97,43.58,28.24
195.89,34.88,20.95,21.06,19.89,94.97,54.97,43.58,28.24
195.90,34.82,20.95,21.06,19.89,94.97,55.10,43.58,28.24
195.91,34.88,20.98,21.06,19.89,94.97,54.97,43.58,28.24
195.92,34.88,20.95,21.06,19.91,94.97,54.97,43.58,28.24
195.93,34.82,20.95,21.06,19.91,94.97,55.10,43.58,28.24
195.94,34.82,20.95,21.06,19.89,94.97,54.97,43.58,28.24
195.95,34.88,20.95,21.06,19.91,94.97,54.97,43.58,28.24
195.96,34.82,20.95,21.09,19.91,94.97,55.10,43.58,28.28
195.97,34.82,20.95,21.06,19.89,94.97,55.10,43.58,28.24
195.98,34.82,20.95,21.06,19.91,94.97,54.97,43.58,28.24
195.99,34.82,20.95,21.06,19.89,94.97,55.10,43.58,28.28
196.00,34.82,20.95,21.06,19.89,94.97,55.10,43.49,28.24
196.01,34.82,20.95,21.06,19.89,94.97,55.10,43.58,28.24
196.02,34.82,20.95,21.06,19.89,94.97,54.97,43.58,28.28
196.03,34.76,20.95,21.06,19.89,94.97,55.10,43.58,28.28
196.04,34.82,20.95,21.06,19.89,94.97,55.10,43.58,28.28
196.05,34.88,20.95,21.09,19.91,94.97,55.10,43.67,28.28
196.06,34.88,20.95,21.06,19.89,94.97,54.97,43.58,28.24
196.07,34.82,20.95,21.06,19.91,94.97,55.10,43.58,28.24
196.08,34.88,20.95,21.06,19.89,94.97,54.97,43.58,28.28
196.09,34.88,20.95,21.06,19.91,94.97,54.97,43.58,28.24
196.10,34.88,20.95,21.09,19.91,94.97,54.97,43.67,28.28
196.11,34.82,20.95,21.09,19.91,94.97,55.10,43.58,28.28
196.12,34.82,20.95,21.06,19.89,94.97,54.97,43.58,28.28
196.13,34.82,20.91,21.06,19.89,94.97,54.97,43.58,28.28
196.14,34.82,20.95,21.06,19.91,94.97,55.10,43.67,28.28
196.15,34.88,20.95,21.09,19.91,95.32,55.10,43.67,28.28
196.16,34.88,20.95,21.09,19.91,94.97,55.10,43.67,28.28
196.17,34.82,20.95,21.09,19.89,94.97,55.10,43.67,28.28
196.18,34.82,20.95,21.06,19.91,94.97,54.97,43.58,28.28
196.19,34.82,20.95,21.09,19.91,94.97,55.10,43.67,28.28
196.20,34.88,20.95,21.09,19.91,94.97,55.10,43.67,28.28
196.21,34.82,20.95,21.09,19.89,94.97,55.10,43.67,28.28
196.22,34.82,20.91,21.09,19.89,94.97,54.97,43.67,28.28
196.23,34.82,20.95,21.06,19.91,94.97,54.97,43.67,28.28
196.24,34.82,20.95,21.09,19.91,94.97,54.97,43.67,28.28
196.25,34.82,20.95,21.09,19.91,94.97,55.10,43.67,28.28
196.26,34.82,20.95,21.09,19.91,94.97,55.10,43.67,28.28
196.27,34.82,20.95,21.09,19.91,94.97,54.97,43.67,28.28
196.28,34.82,20.95,21.09,19.89,94.97,54.97,43.67,28.28
196.29,34.88,20.95,21.09,19.91,94.97,54.97,43.67,28.28
196.30,34.88,20.91,21.09,19.89,94.97,55.10,43.67,28.28
196.31,34.82,20.98,21.09,19.91,94.97,55.10,43.67,28.33
196.32,34.82,20.91,21.09,19.91,94.97,55.10,43.67,28.28
196.33,34.82,20.91,21.06,19.91,94.97,55.10,43.67,28.28
196.34,34.82,20.95,21.09,19.91,94.97,55.10,43.67,28.33
196.35,34.82,20.95,21.09,19.91,95.32,55.10,43.77,28.28
196.36,34.82,20.95,21.09,19.91,94.97,55.10,43.67,28.28
196.37,34.82,20.95,21.09,19.89,94.97,54.97,43.67,28.28
196.38,34.82,20.95,21.09,19.89,94.97,55.10,43.67,28.28
196.39,34.82,20.91,21.09,19.91,94.97,55.10,43.67,28.33
196.40,34.88,20.98,21.12,19.91,94.97,55.10,43.67,28.24
196.41,34.82,20.98,21.09,19.91,94.97,55.24,43.67,28.33
196.42,34.88,20.95,21.09,19.91,94.97,55.10,43.67,28.24
196.43,34.82,20.95,21.09,19.89,94.97,54.97,43.67,28.33
196.44,34.82,20.95,21.09,19.91,94.97,55.10,43.67,28.28
196.45,34.82,20.98,21.09,19.91,94.97,55.10,43.67,28.33
196.46,34.82,20.95,21.09,19.91,94.97,55.24,43.67,28.28
196.47,34.82,20.95,21.09,19.91,94.97,54.97,43.67,28.28
196.48,34.76,20.95,21.09,19.91,94.97,55.10,43.67,28.28
196.49,34.82,20.95,21.09,19.91,94.97,55.10,43.67,28.28
196.50,34.82,20.95,21.09,19.91,94.97,55.10,43.67,28.28
196.51,34.88,20.95,21.09,19.91,94.97,55.10,43.67,28.33
196.52,34.88,20.95,21.09,19.91,94.97,55.10,43.67,28.28
196.53,34.82,20.95,21.09,19.91,94.97,55.10,43.67,28.28
196.54,34.88,20.95,21.12,19.91,94.97,55.10,43.67,28.33
196.55,34.82,20.95,21.09,19.91,95.32,55.10,43.77,28.28
196.56,34.82,20.98,21.12,19.91,94.97,55.10,43.77,28.33
196.57,34.82,20.95,21.09,19.91,94.97,55.10,43.67,28.33
196.58,34.88,20.95,21.09,19.91,94.97,55.10,43.77,28.33
196.59,34.82,20.95,21.12,19.91,94.97,55.10,43.77,28.33
196.60,34.88,20.98,21.12,19.91,94.97,55.10,43.77,28.33
196.61,34.82,20.98,21.12,19.91,94.97,55.10,43.77,28.33
196.62,34.82,20.95,21.09,19.91,94.97,55.10,43.67,28.28
196.63,34.82,20.95,21.09,19.91,95.32,54.97,43.67,28.33
196.64,34.82,20.95,21.12,19.91,94.97,55.10,43.67,28.33
196.65,34.95,20.98,21.12,19.91,94.97,55.10,43.67,28.33
196.66,34.82,20.98,21.12,19.91,94.97,55.10,43.77,28.33
196.67,34.88,20.95,21.12,19.91,94.97,55.10,43.58,28.33
196.68,34.82,20.91,21.09,19.91,95.32,55.10,43.77,28.33
196.69,34.82,20.95,21.12,19.91,94.97,55.10,43.77,28.33
196.70,34.88,20.98,21.12,19.91,95.32,55.10,43.77,28.33
196.71,34.82,20.98,21.12,19.91,94.97,55.10,43.77,28.33
196.72,34.88,20.95,21.12,19.91,94.97,55.10,43.77,28.33
196.73,34.82,20.95,21.12,19.91,94.97,55.10,43.77,28.28
196.74,34.76,20.95,21.12,19.91,94.97,54.83,43.77,28.33
196.75,34.88,20.95,21.12,19.91,94.97,55.10,43.77,28.33
196.76,34.82,20.98,21.12,19.91,94.97,55.10,43.77,28.33
196.77,34.88,20.95,21.12,19.91,95.32,55.10,43.77,28.33
196.78,34.82,20.95,21.12,19.91,94.97,55.10,43.77,28.33
196.79,34.82,20.95,21.12,19.91,94.97,55.10,43.77,28.33
196.80,34.88,20.95,21.12,19.91,95.32,55.10,43.77,28.33
196.81,34.88,20.98,21.12,19.91,94.97,55.10,43.77,28.33
196.82,34.82,20.95,21.12,19.91,94.97,55.10,43.77,28.33
196.83,34.82,20.95,21.12,19.91,94.97,55.10,43.67,28.38
196.84,34.82,20.95,21.12,19.91,94.97,55.10,43.77,28.33
196.85,34.88,20.95,21.15,19.94,94.97,55.10,43.77,28.33
196.86,34.88,20.98,21.15,19.91,94.97,55.10,43.77,28.33
196.87,34.82,20.95,21.12,19.91,94.97,55.10,43.77,28.33
196.88,34.82,20.95,21.12,19.91,94.97,54.97,43.77,28.33
196.89,34.82,20.95,21.12,19.91,94.97,55.10,43.77,28.33
196.90,34.88,20.98,21.12,19.91,95.32,55.10,43.77,28.38
196.91,34.88,20.98,21.15,19.91,95.32,55.10,43.77,28.33
196.92,34.82,20.95,21.12,19.91,94.97,55.10,43.77,28.33
196.93,34.82,20.95,21.12,19.91,94.97,55.10,43.77,28.33
196.94,34.88,20.98,21.12,19.91,94.97,55.10,43.77,28.33
196.95,34.82,20.95,21.15,19.94,94.97,55.10,43.86,28.33
196.96,34.88,20.95,21.15,19.91,95.32,54.97,43.77,28.33
196.97,34.82,20.95,21.12,19.91,94.97,55.10,43.77,28.33
196.98,34.82,20.95,21.12,19.91,94.97,55.10,43.77,28.33
196.99,34.82,20.95,21.12,19.91,95.32,55.10,43.86,28.38
197.00,34.88,20.95,21.15,19.91,94.97,55.10,43.77,28.33
197.01,34.82,20.95,21.15,19.91,94.97,55.10,43.77,28.38
197.02,34.82,20.95,21.12,19.91,94.97,55.10,43.77,28.33
197.03,34.82,20.95,21.12,19.94,94.97,55.10,43.77,28.38
197.04,34.82,20.95,21.12,19.91,95.32,55.10,43.86,28.38
197.05,34.82,20.95,21.15,19.91,95.32,55.10,43.77,28.38
197.06,34.88,20.98,21.15,19.94,94.97,55.10,43.86,28.38
197.07,34.82,20.95,21.15,19.94,94.97,55.10,43.86,28.38
197.08,34.82,20.95,21.12,19.91,94.97,55.10,43.77,28.33
197.09,34.82,20.95,21.15,19.91,94.97,55.10,43.77,28.38
197.10,34.88,20.98,21.15,19.91,95.32,55.10,43.86,28.38
197.11,34.82,20.95,21.12,19.91,94.97,55.10,43.77,28.38
197.12,34.88,20.95,21.15,19.94,94.97,54.97,43.77,28.38
197.13,34.82,20.95,21.15,19.94,94.97,55.10,43.86,28.38
197.14,34.88,20.95,21.15,19.91,94.97,54.97,43.77,28.38
197.15,34.82,20.98,21.15,19.94,94.97,55.10,43.77,28.38
197.16,34.88,20.98,21.15,19.91,94.97,55.10,43.86,28.38
197.17,34.88,20.95,21.15,19.91,95.32,55.10,43.86,28.38
197.18,34.82,20.95,21.15,19.94,94.97,55.10,43.86,28.38
197.19,34.88,20.95,21.15,19.94,94.97,55.10,43.77,28.38
197.20,34.88,20.98,21.15,19.91,95.32,55.10,43.86,28.38
197.21,34.82,20.95,21.15,19.94,94.97,55.24,43.86,28.38
197.22,34.82,20.95,21.15,19.91,94.97,55.10,43.86,28.38
197.23,34.82,20.95,21.12,19.91,94.97,55.10,43.86,28.38
197.24,34.82,20.95,21.15,19.94,95.32,55.10,43.86,28.38
197.25,34.82,20.95,21.15,19.91,94.97,55.10,43.77,28.38
197.26,34.82,20.95,21.15,19.94,95.32,55.10,43.86,28.38
197.27,34.82,20.95,21.15,19.94,95.32,55.10,43.86,28.38
197.28,34.82,20.95,21.12,19.91,94.97,55.10,43.86,28.38
197.29,34.88,20.95,21.15,19.91,94.97,55.10,43.86,28.38
197.30,34.88,20.95,21.15,19.94,95.32,55.10,43.86,28.38
197.31,34.88,20.98,21.15,19.91,95.32,55.10,43.86,28.38
197.32,34.88,20.95,21.15,19.94,95.32,55.24,43.86,28.38
197.33,34.88,20.95,21.15,19.91,94.97,55.10,43.86,28.38
197.34,34.88,20.95,21.15,19.94,94.97,55.10,43.86,28.38
197.35,34.88,20.98,21.18,19.94,95.32,55.10,43.86,28.38
197.36,34.82,20.95,21.15,19.94,95.32,55.10,43.86,28.38
197.37,34.82,20.98,21.15,19.94,95.32,55.10,43.86,28.38
197.38,34.88,20.95,21.15,19.94,95.32,55.10,43.86,28.38
197.39,34.82,20.98,21.15,19.94,95.32,55.10,43.86,28.38
197.40,34.88,20.98,21.15,19.94,95.32,55.10,43.86,28.43
197.41,34.88,20.98,21.15,19.94,95.32,55.24,43.95,28.38
197.42,34.88,20.95,21.15,19.94,94.97,55.10,43.86,28.38
197.43,34.82,20.95,21.15,19.94,95.32,55.10,43.86,28.38
197.44,34.82,20.95,21.15,19.94,95.32,55.10,43.86,28.38
197.45,34.88,20.98,21.15,19.94,95.32,55.10,43.86,28.43
197.46,34.82,20.98,21.18,19.94,95.32,55.10,43.95,28.38
197.47,34.82,20.95,21.15,19.94,94.97,55.10,43.95,28.38
197.48,34.82,20.95,21.15,19.91,95.32,55.24,43.86,28.38
197.49,34.88,20.95,21.15,19.91,94.97,55.10,43.86,28.38
197.50,34.88,20.98,21.18,19.94,95.32,55.24,43.86,28.43
197.51,34.88,20.98,21.18,19.94,94.97,55.10,43.86,28.43
197.52,34.82,20.98,21.15,19.94,95.32,55.10,43.86,28.43
197.53,34.82,20.95,21.15,19.94,95.32,55.10,43.86,28.43
197.54,34.82,20.98,21.15,19.94,94.97,55.10,43.86,28.43
197.55,34.82,20.98,21.18,19.94,94.97,55.24,43.95,28.43
197.56,34.88,20.95,21.18,19.91,94.97,55.24,43.95,28.43
197.57,34.82,20.98,21.18,19.94,94.97,55.10,43.95,28.38
197.58,34.88,20.98,21.18,19.91,94.97,55.10,43.86,28.43
197.59,34.95,20.95,21.18,19.94,95.32,55.10,43.86,28.43
197.60,34.88,20.98,21.18,19.94,95.32,55.24,43.86,28.38
197.61,34.88,20.98,21.18,19.94,94.97,55.10,43.86,28.43
197.62,34.82,20.98,21.18,19.94,95.32,55.10,43.95,28.43
197.63,34.82,20.95,21.15,19.94,95.32,55.10,43.95,28.43
197.64,34.95,20.98,21.15,19.94,95.32,55.24,43.95,28.38
197.65,34.88,20.98,21.18,19.94,95.32,55.38,43.95,28.43
197.66,34.95,20.98,21.18,19.94,95.32,54.97,43.95,28.38
197.67,34.82,20.98,21.18,19.94,94.97,55.24,43.95,28.43
197.68,34.82,20.95,21.18,19.94,95.32,55.10,43.95,28.38
197.69,34.88,20.95,21.18,19.94,95.32,55.10,43.95,28.43
197.70,34.82,20.98,21.18,19.94,95.32,55.10,43.95,28.43
197.71,34.82,20.98,21.18,19.94,95.32,55.10,43.95,28.43
197.72,34.82,20.98,21.18,19.94,95.32,55.10,43.95,28.43
197.73,34.95,20.95,21.18,19.94,95.32,55.10,43.86,28.43
197.74,34.82,20.98,21.18,19.94,94.97,55.10,43.95,28.43
197.75,34.88,20.98,21.18,19.94,95.32,55.24,43.95,28.43
197.76,34.88,20.98,21.22,19.94,95.32,55.24,43.95,28.43
197.77,34.88,20.98,21.18,19.94,95.32,55.10,43.95,28.43
197.78,34.95,20.95,21.18,19.94,95.32,55.24,43.95,28.43
197.79,34.95,20.98,21.18,19.94,95.32,55.24,43.95,28.43
197.80,34.95,20.98,21.22,19.94,95.32,55.24,43.95,28.43
197.81,34.82,20.98,21.18,19.91,95.32,55.24,43.95,28.43
197.82,34.88,20.95,21.22,19.94,95.32,55.24,43.95,28.43
197.83,34.82,20.95,21.15,19.94,94.97,55.24,43.95,28.43
197.84,34.88,20.98,21.22,19.94,95.32,55.24,43.95,28.43
197.85,34.88,20.98,21.22,19.94,95.32,55.24,44.05,28.43
197.86,34.82,20.98,21.22,19.94,95.32,55.10,43.95,28.43
197.87,34.82,20.95,21.18,19.94,95.32,55.10,43.95,28.43
197.88,34.88,20.98,21.18,19.94,94.97,55.24,43.95,28.43
197.89,34.88,20.98,21.22,19.94,95.32,55.24,43.95,28.47
197.90,34.88,20.98,21.22,19.94,94.97,55.24,44.05,28.43
197.91,34.88,20.98,21.22,19.94,94.97,55.24,43.95,28.43
197.92,34.82,20.98,21.22,19.94,95.32,55.10,44.14,28.43
197.93,34.88,20.95,21.18,19.94,95.32,55.24,43.86,28.43
197.94,34.88,20.98,21.22,19.94,95.32,55.10,43.95,28.47
197.95,34.88,20.98,21.22,19.94,95.32,55.24,44.05,28.43
197.96,34.88,20.98,21.22,19.94,95.32,55.24,43.95,28.43
197.97,34.88,20.98,21.22,19.94,95.32,55.24,43.95,28.43
197.98,34.88,20.98,21.22,19.94,95.32,55.24,44.05,28.43
197.99,34.95,20.98,21.18,19.94,95.32,55.24,43.95,28.47
198.00,34.88,20.98,21.22,19.94,95.32,55.10,43.95,28.43
198.01,34.88,20.98,21.22,19.94,95.32,55.24,43.95,28.47
198.02,34.88,20.98,21.22,19.94,95.32,55.24,43.95,28.47
198.03,34.88,20.98,21.22,19.94,95.32,55.10,43.95,28.47
198.04,34.95,20.98,21.22,19.94,95.32,55.24,43.95,28.47
198.05,34.95,20.98,21.22,19.94,95.32,55.24,44.05,28.47
198.06,34.88,20.98,21.22,19.94,95.32,55.24,44.05,28.47
198.07,34.88,20.98,21.18,19.94,95.32,55.10,43.95,28.47
198.08,34.88,20.98,21.18,19.94,95.32,55.10,44.05,28.47
198.09,34.88,20.95,21.22,19.94,95.32,55.24,44.05,28.47
198.10,34.88,20.98,21.22,19.94,95.32,55.24,44.05,28.47
198.11,34.95,20.98,21.22,19.97,95.32,55.24,44.05,28.47
198.12,34.95,20.98,21.22,19.94,95.32,55.10,44.05,28.47
198.13,34.88,20.98,21.22,19.94,95.32,55.10,44.05,28.47
198.14,34.88,20.98,21.22,19.94,95.32,55.24,44.05,28.47
198.15,34.88,20.98,21.22,19.94,95.32,55.24,44.05,28.47
198.16,34.88,20.98,21.25,19.94,95.32,55.24,44.05,28.47
198.17,34.95,20.98,21.22,19.94,95.32,55.10,43.95,28.47
198.18,34.82,20.98,21.22,19.94,95.32,55.24,44.05,28.47
198.19,34.88,20.98,21.22,19.97,95.32,55.24,44.05,28.47
198.20,34.88,20.98,21.22,19.97,95.32,55.10,44.05,28.47
198.21,34.88,20.98,21.25,19.94,95.32,55.24,44.05,28.47
198.22,34.88,20.98,21.22,19.94,95.32,55.24,44.05,28.52
198.23,34.88,20.98,21.22,19.94,95.32,55.24,44.05,28.47
198.24,34.88,20.98,21.22,19.97,94.97,55.10,44.05,28.47
198.25,34.88,20.98,21.25,19.94,95.32,55.24,44.05,28.47
198.26,34.88,20.98,21.25,19.94,95.32,55.24,44.05,28.52
198.27,34.88,20.98,21.22,19.94,95.32,55.10,44.05,28.47
198.28,34.88,20.98,21.22,19.94,95.32,55.24,44.05,28.47
198.29,34.95,20.98,21.22,19.94,95.32,55.24,44.05,28.47
198.30,34.88,20.98,21.25,19.94,95.32,55.24,44.05,28.47
198.31,34.88,20.98,21.22,19.97,95.32,55.24,44.05,28.47
198.32,34.88,20.98,21.22,19.97,95.32,55.24,44.05,28.47
198.33,34.88,20.95,21.22,19.94,95.32,55.10,44.05,28.52
198.34,34.95,20.95,21.22,19.94,95.32,55.10,44.05,28.47
198.35,34.95,20.98,21.25,19.97,95.32,55.24,44.14,28.47
198.36,34.95,21.01,21.22,19.97,95.32,55.10,44.05,28.47
198.37,34.88,20.98,21.22,19.97,95.32,55.24,44.05,28.47
198.38,34.88,20.98,21.22,19.94,95.32,55.10,44.05,28.47
198.39,34.88,20.98,21.25,19.97,95.32,55.10,44.05,28.52
198.40,34.88,20.98,21.25,19.94,95.32,55.24,44.05,28.52
198.41,34.88,20.98,21.25,19.94,95.32,55.24,44.14,28.47
198.42,34.88,20.98,21.22,19.94,95.32,55.24,44.05,28.52
198.43,34.88,20.98,21.22,19.97,95.32,55.24,44.05,28.47
198.44,34.95,20.95,21.22,19.94,95.32,55.24,44.05,28.47
198.45,34.88,21.01,21.22,19.97,95.32,55.24,44.05,28.47
198.46,34.95,20.98,21.25,19.97,95.32,55.24,44.14,28.52
198.47,34.88,20.98,21.25,19.94,95.32,55.24,44.05,28.47
198.48,34.82,20.98,21.22,19.94,95.32,55.24,44.05,28.52
198.49,34.88,20.98,21.25,19.97,95.32,55.24,44.14,28.47
198.50,34.88,20.98,21.22,19.97,95.32,55.24,44.14,28.52
198.51,34.88,21.01,21.25,19.97,95.32,55.24,44.14,28.52
198.52,34.88,20.98,21.25,19.97,95.32,55.24,44.05,28.52
198.53,34.82,20.95,21.25,19.97,95.32,55.24,44.14,28.52
198.54,34.88,20.98,21.25,19.94,95.32,55.24,44.05,28.52
198.55,34.88,20.98,21.25,19.94,95.32,55.24,44.05,28.52
198.56,34.88,21.01,21.25,19.97,95.32,55.24,44.14,28.47
198.57,34.88,20.98,21.25,19.94,95.32,55.24,44.14,28.52
198.58,34.88,20.98,21.22,19.97,95.32,55.24,44.05,28.52
198.59,34.88,20.98,21.22,19.97,95.32,55.24,44.14,28.52
198.60,35.01,21.01,21.25,19.97,95.32,55.24,44.14,28.52
198.61,34.95,20.98,21.25,19.97,95.32,55.24,44.05,28.52
198.62,34.88,20.98,21.25,19.97,95.32,55.24,44.14,28.47
198.63,34.88,20.98,21.22,19.97,95.32,55.24,44.05,28.52
198.64,34.88,20.98,21.25,19.97,95.32,55.24,44.14,28.52
198.65,34.88,20.98,21.25,19.97,95.32,55.24,44.14,28.52
198.66,34.88,20.98,21.25,19.97,95.32,55.24,44.14,28.57
198.67,34.88,20.98,21.25,19.97,95.32,55.24,44.14,28.52
198.68,34.88,20.98,21.25,19.94,95.32,55.24,44.05,28.52
198.69,34.88,20.98,21.25,19.97,95.32,55.24,44.14,28.52
198.70,34.88,21.01,21.25,19.97,95.68,55.24,44.14,28.52
198.71,34.88,21.01,21.25,19.97,95.32,55.24,44.14,28.52
198.72,34.88,20.98,21.25,19.97,95.32,55.24,44.14,28.52
198.73,34.88,20.95,21.25,19.94,95.32,55.24,44.05,28.52
198.74,34.88,20.98,21.25,19.94,95.32,55.24,44.14,28.57
198.75,34.88,20.98,21.25,19.94,95.32,55.24,44.14,28.52
198.76,34.88,20.98,21.28,19.97,95.32,55.10,44.14,28.52
198.77,34.82,20.98,21.25,19.97,95.32,55.24,44.14,28.52
198.78,34.88,20.98,21.25,19.97,95.32,55.24,44.14,28.52
198.79,34.95,20.98,21.25,19.97,95.32,55.24,44.14,28.52
198.80,34.95,20.98,21.28,19.94,95.32,55.24,44.14,28.52
198.81,34.95,21.01,21.25,19.97,95.32,55.24,44.14,28.52
198.82,34.88,20.98,21.25,19.94,95.32,55.24,44.14,28.52
198.83,34.82,20.98,21.25,19.97,95.32,55.24,44.14,28.52
198.84,34.88,20.98,21.25,19.97,94.97,55.24,44.14,28.52
198.85,34.95,20.98,21.25,19.94,95.32,55.24,44.14,28.52
198.86,34.95,20.98,21.28,19.97,95.32,55.24,44.14,28.52
198.87,34.88,20.98,21.25,19.97,95.32,55.24,44.14,28.52
198.88,34.88,20.98,21.25,19.97,95.32,55.24,44.14,28.57
198.89,34.88,21.01,21.28,19.97,95.32,55.24,44.14,28.57
198.90,34.88,20.98,21.28,19.97,95.32,55.10,44.14,28.52
198.91,34.88,20.98,21.28,19.97,95.32,55.38,44.14,28.57
198.92,34.95,20.98,21.25,19.97,95.32,55.24,44.14,28.47
198.93,34.88,20.98,21.25,19.97,95.32,55.24,44.14,28.62
198.94,34.88,20.98,21.25,19.97,95.32,55.24,44.14,28.52
198.95,34.95,20.98,21.28,19.97,95.68,55.24,44.14,28.52
198.96,35.01,20.98,21.28,19.97,95.32,55.24,44.23,28.52
198.97,34.88,20.98,21.28,19.97,95.32,55.24,44.14,28.52
198.98,34.95,20.98,21.25,19.97,95.32,55.24,44.14,28.52
198.99,34.82,20.98,21.28,19.97,95.32,55.24,44.14,28.57
199.00,34.82,20.98,21.28,19.97,95.32,55.24,44.23,28.57
199.01,35.01,20.98,21.28,19.97,95.32,55.24,44.14,28.57
199.02,34.88,20.98,21.25,19.97,95.32,55.24,44.14,28.57
199.03,34.95,20.98,21.25,19.97,95.32,55.24,44.14,28.57
199.04,34.88,20.98,21.25,19.97,95.32,55.24,44.14,28.57
199.05,34.88,20.98,21.28,19.97,95.32,55.24,44.14,28.57
199.06,34.95,20.98,21.28,19.97,95.32,55.24,44.14,28.57
199.07,34.88,20.98,21.25,19.97,95.32,55.24,44.14,28.57
199.08,34.88,20.98,21.25,19.97,95.32,55.24,44.23,28.57
199.09,34.88,20.98,21.25,19.97,95.32,55.24,44.14,28.52
199.10,34.88,20.98,21.28,19.97,95.32,55.24,44.23,28.57
199.11,34.88,21.01,21.28,19.97,95.32,55.24,44.14,28.57
199.12,34.95,20.98,21.28,19.97,95.32,55.24,44.23,28.52
199.13,34.88,20.98,21.25,19.97,95.32,55.24,44.23,28.57
199.14,34.88,20.98,21.28,19.97,94.97,55.24,44.14,28.57
199.15,34.88,20.98,21.28,19.97,95.68,55.24,44.23,28.57
199.16,35.01,20.98,21.28,19.97,95.32,55.24,44.14,28.57
199.17,34.88,20.98,21.28,19.97,95.32,55.24,44.14,28.57
199.18,34.88,20.98,21.25,19.97,95.32,55.10,44.33,28.57
199.19,34.95,20.98,21.28,19.97,95.32,55.24,44.14,28.57
199.20,35.01,21.01,21.28,19.97,95.32,55.24,44.14,28.57
199.21,34.88,20.98,21.28,19.97,95.32,55.24,44.23,28.57
199.22,34.88,20.98,21.28,19.97,95.32,55.24,44.23,28.57
199.23,34.88,20.98,21.28,19.97,95.32,55.24,44.14,28.57
199.24,34.95,20.98,21.28,19.97,95.32,55.24,44.23,28.57
199.25,34.95,20.98,21.28,19.97,95.68,55.24,44.23,28.57
199.26,34.95,20.95,21.28,19.97,95.32,55.24,44.23,28.57
199.27,34.88,20.98,21.28,19.97,95.32,55.24,44.23,28.57
199.28,34.88,20.95,21.28,19.97,95.32,55.24,44.14,28.57
199.29,34.88,20.95,21.28,19.97,95.32,55.24,44.23,28.62
199.30,34.88,20.98,21.31,19.97,95.68,55.24,44.23,28.57
199.31,34.95,21.01,21.31,20.00,95.32,55.24,44.23,28.57
199.32,34.88,20.98,21.28,19.97,95.32,55.24,44.23,28.57
199.33,34.82,20.98,21.28,19.97,95.32,55.10,44.14,28.57
199.34,34.95,20.98,21.28,19.97,95.32,55.24,44.23,28.57
199.35,34.95,20.98,21.28,20.00,95.32,55.24,44.23,28.62
199.36,34.95,20.98,21.31,19.97,95.32,55.24,44.14,28.57
199.37,34.88,20.98,21.28,20.00,95.32,55.24,44.23,28.57
199.38,34.88,20.98,21.28,19.97,95.32,55.24,44.23,28.57
199.39,34.88,20.98,21.28,19.97,95.32,55.24,44.23,28.57
199.40,34.88,20.98,21.28,20.00,95.32,55.24,44.23,28.62
199.41,34.88,21.01,21.28,19.97,95.68,55.24,44.23,28.57
199.42,34.88,20.98,21.28,19.97,95.32,55.24,44.23,28.62
199.43,34.95,20.98,21.28,20.00,95.32,55.24,44.23,28.57
199.44,34.95,20.98,21.28,19.97,95.68,55.24,44.23,28.62
199.45,34.88,20.98,21.31,20.00,95.68,55.24,44.23,28.57
199.46,34.95,21.01,21.28,19.97,95.32,55.38,44.23,28.62
199.47,34.88,20.98,21.28,19.97,95.32,55.24,44.23,28.57
199.48,34.88,20.98,21.28,19.97,95.32,55.10,44.23,28.57
199.49,34.88,20.98,21.28,19.97,95.32,55.24,44.23,28.57
199.50,35.01,21.01,21.31,19.97,95.68,55.24,44.23,28.62
199.51,34.95,20.98,21.31,19.97,95.32,55.24,44.23,28.57
199.52,34.95,20.98,21.28,19.97,95.32,55.24,44.23,28.57
199.53,34.88,20.98,21.28,19.97,95.68,55.38,44.23,28.62
199.54,34.95,20.98,21.28,19.97,95.32,55.24,44.23,28.62
199.55,34.95,21.01,21.31,19.97,95.32,55.24,44.33,28.62
199.56,34.88,21.01,21.31,19.97,95.32,55.24,44.23,28.57
199.57,34.95,20.98,21.28,19.97,95.32,55.24,44.23,28.62
199.58,34.82,20.98,21.28,19.97,95.32,55.24,44.23,28.62
199.59,34.95,20.98,21.28,20.00,95.32,55.24,44.23,28.62
199.60,34.95,21.01,21.31,19.97,95.32,55.24,44.33,28.62
199.61,34.95,21.01,21.28,19.97,95.32,55.24,44.23,28.62
199.62,34.88,20.98,21.28,19.97,95.32,55.24,44.23,28.62
199.63,34.88,20.98,21.31,20.00,95.32,55.24,44.23,28.62
199.64,34.88,20.98,21.28,19.97,95.32,55.24,44.23,28.62
199.65,34.95,20.98,21.31,19.97,95.32,55.52,44.33,28.62
199.66,34.88,20.98,21.31,19.97,95.68,55.24,44.23,28.62
199.67,34.95,20.98,21.28,19.97,95.68,55.24,44.23,28.62
199.68,34.88,20.98,21.28,20.00,95.32,55.38,44.23,28.62
199.69,34.88,20.98,21.31,19.97,95.32,55.24,44.23,28.57
199.70,34.88,21.01,21.31,20.00,95.32,55.24,44.33,28.62
199.71,34.95,20.98,21.31,20.00,95.32,55.24,44.23,28.62
199.72,34.88,20.98,21.28,20.00,95.32,55.24,44.23,28.62
199.73,34.95,20.98,21.28,19.97,95.32,55.24,44.23,28.62
199.74,34.82,20.98,21.28,19.97,95.32,55.24,44.23,28.62
199.75,34.95,20.98,21.31,20.00,95.32,55.10,44.23,28.62
199.76,34.95,20.98,21.28,20.00,95.32,55.24,44.23,28.62
199.77,34.95,20.98,21.28,20.00,95.32,55.24,44.23,28.62
199.78,34.88,20.98,21.31,20.00,95.32,55.10,44.23,28.57
199.79,34.88,20.98,21.28,20.00,95.32,55.24,44.23,28.62
199.80,34.95,21.01,21.31,20.00,95.32,55.24,44.23,28.62
199.81,34.95,20.98,21.31,19.97,95.32,55.24,44.33,28.66
199.82,34.95,20.98,21.28,20.00,95.68,55.24,44.33,28.62
199.83,34.88,20.98,21.31,20.00,95.32,55.24,44.23,28.62
199.84,34.88,20.98,21.31,20.00,95.32,55.24,44.33,28.62
199.85,34.95,20.98,21.31,20.00,95.68,55.24,44.33,28.62
199.86,34.88,20.98,21.31,20.00,95.32,55.24,44.33,28.62
199.87,34.88,20.98,21.31,20.00,95.68,55.24,44.23,28.66
199.88,34.95,20.98,21.31,20.00,95.32,55.24,44.33,28.62
199.89,34.95,20.98,21.31,19.97,95.32,55.24,44.23,28.66
199.90,34.95,20.98,21.31,20.00,95.32,55.24,44.33,28.62
199.91,34.88,21.01,21.31,19.97,95.32,55.24,44.33,28.62
199.92,34.88,20.98,21.31,20.00,95.32,55.38,44.33,28.62
199.93,34.88,20.98,21.31,20.00,95.32,55.24,44.23,28.62
199.94,34.88,20.98,21.31,20.00,95.68,55.24,44.33,28.62
199.95,34.88,20.98,21.31,20.00,95.68,55.24,44.33,28.62
199.96,34.95,20.98,21.31,20.00,95.32,55.24,44.33,28.66
199.97,34.88,20.98,21.31,20.00,95.32,55.24,44.33,28.62
199.98,34.88,20.95,21.31,20.00,95.32,55.24,44.33,28.66
199.99,34.88,20.98,21.31,20.00,95.32,55.24,44.33,28.66
200.00,34.95,20.98,21.31,20.00,95.68,55.24,44.33,28.66
200.01,34.88,20.98,21.31,20.00,95.32,55.24,44.42,28.62
200.02,34.95,20.98,21.31,20.00,95.32,55.24,44.33,28.66
200.03,34.88,20.95,21.31,20.00,95.32,55.24,44.33,28.66
200.04,34.88,20.98,21.31,20.00,95.32,55.24,44.33,28.66
200.05,34.95,20.95,21.31,20.00,95.68,55.38,44.33,28.66
200.06,34.88,21.01,21.31,20.00,95.32,55.24,44.33,28.66
200.07,34.88,21.01,21.31,20.00,95.68,55.24,44.33,28.66
200.08,34.95,20.95,21.31,19.97,95.32,55.24,44.33,28.66
200.09,34.88,20.98,21.31,20.00,95.32,55.24,44.33,28.66
200.10,34.95,20.98,21.31,20.00,95.32,55.38,44.33,28.66
200.11,34.95,20.98,21.31,20.00,95.32,55.24,44.33,28.62
200.12,34.95,20.98,21.31,20.00,95.32,55.24,44.33,28.66
200.13,34.95,20.98,21.31,19.97,95.32,55.24,44.33,28.66
200.14,34.88,20.98,21.31,20.00,95.68,55.24,44.33,28.66
200.15,34.88,20.98,21.31,20.00,95.68,55.10,44.33,28.66
200.16,34.95,20.98,21.34,20.00,95.32,55.38,44.33,28.66
200.17,34.88,21.01,21.31,20.00,95.68,55.24,44.33,28.66
200.18,34.88,20.98,21.31,20.00,95.32,55.24,44.33,28.62
200.19,34.95,20.98,21.31,20.00,95.32,55.24,44.33,28.71
200.20,34.88,20.98,21.31,20.00,95.68,55.24,44.33,28.66
200.21,34.88,20.98,21.34,20.00,95.32,55.24,44.33,28.66
200.22,34.95,20.98,21.31,20.00,95.32,55.24,44.23,28.66
200.23,34.88,20.98,21.31,20.00,95.32,55.24,44.23,28.66
200.24,34.88,20.98,21.31,20.00,95.32,55.24,44.23,28.66
200.25,34.95,21.01,21.31,20.00,95.32,55.24,44.42,28.66
200.26,34.88,20.98,21.34,20.00,95.32,55.24,44.33,28.66
200.27,34.88,20.98,21.31,20.00,95.32,55.24,44.42,28.66
200.28,34.82,20.98,21.31,20.00,95.32,55.24,44.33,28.66
200.29,34.88,20.98,21.31,20.00,95.32,55.24,44.33,28.66
200.30,34.88,21.01,21.31,20.00,95.68,55.24,44.33,28.66
200.31,34.95,21.01,21.34,20.00,95.68,55.24,44.42,28.66
200.32,34.88,20.98,21.34,20.00,95.68,55.24,44.33,28.66
200.33,34.82,20.98,21.31,20.00,95.68,55.24,44.33,28.66
200.34,34.88,20.98,21.31,20.00,95.32,55.24,44.33,28.66
200.35,34.95,20.98,21.31,20.00,95.32,55.24,44.33,28.66
200.36,34.95,20.98,21.34,20.00,95.68,55.24,44.42,28.66
200.37,34.88,20.98,21.31,20.00,95.32,55.24,44.42,28.66
200.38,34.95,20.98,21.31,20.00,95.32,55.24,44.42,28.66
200.39,34.88,20.98,21.31,20.00,95.68,55.24,44.42,28.66
200.40,34.88,20.98,21.34,20.03,95.32,55.24,44.33,28.71
200.41,34.88,20.98,21.34,20.00,96.04,55.38,44.42,28.66
200.42,34.95,20.98,21.34,20.00,95.32,55.24,44.33,28.66
200.43,34.95,20.98,21.31,20.00,95.32,55.24,44.23,28.66
200.44,34.88,20.98,21.31,20.00,95.32,55.24,44.42,28.66
200.45,34.95,20.98,21.34,20.00,95.68,55.24,44.42,28.71
200.46,34.88,20.98,21.34,20.00,95.32,55.24,44.42,28.66
200.47,34.88,20.98,21.34,20.00,95.32,55.24,44.42,28.66
200.48,34.88,20.98,21.34,20.00,95.32,55.24,44.42,28.66
200.49,34.88,20.98,21.31,20.00,95.68,55.24,44.42,28.66
200.50,35.01,20.98,21.34,20.00,95.68,55.38,44.42,28.66
200.51,34.95,20.98,21.34,20.00,95.32,55.24,44.42,28.66
200.52,34.88,20.98,21.31,20.00,95.32,55.24,44.42,28.71
200.53,34.82,20.98,21.34,20.00,95.32,55.24,44.33,28.71
200.54,34.88,20.95,21.34,20.00,95.68,55.24,44.42,28.66
200.55,34.88,20.98,21.34,20.00,95.32,55.24,44.42,28.66
200.56,34.95,20.98,21.34,20.00,95.68,55.24,44.42,28.71
200.57,34.88,20.95,21.34,20.00,95.32,55.24,44.42,28.71
200.58,34.82,20.95,21.31,20.00,95.32,55.24,44.42,28.71
200.59,34.88,20.98,21.31,20.00,95.68,55.24,44.42,28.71
200.60,34.88,20.98,21.34,20.00,95.32,55.24,44.42,28.66
200.61,34.88,20.98,21.34,20.00,95.68,55.24,44.42,28.71
200.62,34.88,20.98,21.34,20.00,95.32,55.24,44.42,28.71
200.63,34.95,20.95,21.31,20.00,95.32,55.24,44.42,28.71
200.64,34.88,20.98,21.34,20.00,95.32,55.24,44.33,28.71
200.65,34.95,20.98,21.34,20.00,95.32,55.24,44.33,28.71
200.66,34.88,20.98,21.34,20.00,95.68,55.24,44.42,28.71
200.67,34.88,20.98,21.31,20.00,95.32,55.24,44.42,28.66
200.68,34.95,20.98,21.31,20.00,95.32,55.24,44.42,28.66
200.69,34.88,20.98,21.34,20.00,95.32,55.24,44.33,28.71
200.70,34.88,20.98,21.34,20.00,95.68,55.24,44.33,28.71
200.71,34.95,20.98,21.34,20.00,95.68,55.38,44.42,28.71
200.72,34.88,20.98,21.34,20.00,95.32,55.24,44.42,28.66
200.73,34.82,20.95,21.34,20.00,95.68,55.24,44.42,28.71
200.74,34.88,20.98,21.34,20.00,95.32,55.24,44.42,28.71
200.75,34.88,20.98,21.34,20.00,95.32,55.24,44.42,28.66
200.76,34.88,20.98,21.34,20.00,95.32,55.24,44.42,28.71
200.77,34.82,20.95,21.34,20.00,95.32,55.24,44.42,28.71
200.78,34.88,20.95,21.31,20.00,95.32,55.24,44.42,28.71
200.79,34.88,20.98,21.34,20.00,95.68,55.24,44.42,28.66
200.80,34.88,20.98,21.34,20.00,95.32,55.24,44.42,28.71
200.81,34.95,20.98,21.34,20.00,95.32,55.10,44.42,28.71
200.82,34.88,20.95,21.34,20.03,95.32,55.24,44.42,28.71
200.83,34.82,20.95,21.34,20.00,95.32,55.38,44.42,28.71
200.84,34.88,20.95,21.34,20.00,95.68,55.24,44.42,28.71
200.85,34.88,20.98,21.34,20.00,95.32,55.24,44.42,28.71
200.86,34.88,20.98,21.34,20.00,95.32,55.24,44.42,28.71
200.87,34.95,20.95,21.34,20.00,95.68,55.24,44.42,28.71
200.88,34.88,20.95,21.31,20.00,95.32,55.24,44.33,28.71
200.89,34.82,20.98,21.31,20.00,95.32,55.24,44.42,28.71
200.90,34.88,20.98,21.34,20.00,95.32,55.24,44.42,28.71
200.91,34.88,20.98,21.34,20.00,95.32,55.38,44.42,28.71
200.92,34.88,20.95,21.34,20.00,95.32,55.24,44.42,28.71
200.93,34.82,20.95,21.34,20.00,95.32,55.24,44.42,28.71
200.94,34.82,20.95,21.34,20.00,95.32,55.24,44.42,28.71
200.95,34.82,20.98,21.34,20.00,95.68,55.24,44.42,28.71
200.96,34.82,20.95,21.34,20.00,95.68,55.24,44.42,28.71
200.97,34.82,20.98,21.34,20.00,95.32,55.24,44.42,28.71
200.98,34.82,20.95,21.31,20.03,95.32,55.24,44.42,28.71
200.99,34.88,20.95,21.34,20.00,95.68,55.24,44.33,28.71
201.00,34.88,20.98,21.34,20.00,95.32,55.24,44.42,28.71
201.01,34.88,20.95,21.34,20.00,95.32,55.24,44.42,28.76
201.02,34.82,20.95,21.34,20.00,95.32,55.24,44.42,28.71
201.03,34.82,20.95,21.31,20.00,95.32,55.24,44.42,28.71
201.04,34.88,20.95,21.34,20.00,95.68,55.24,44.42,28.71
201.05,34.88,20.95,21.34,20.03,95.32,55.24,44.42,28.71
201.06,34.88,20.98,21.34,20.00,95.32,55.24,44.42,28.71
201.07,34.95,20.98,21.34,20.00,95.32,55.24,44.33,28.71
201.08,34.88,20.95,21.34,20.00,95.32,55.24,44.42,28.71
201.09,34.82,20.95,21.34,20.00,95.32,55.24,44.42,28.71
201.10,34.88,20.98,21.34,20.00,95.32,55.24,44.42,28.76
201.11,34.88,20.98,21.34,20.00,95.32,55.24,44.42,28.76
201.12,34.88,20.95,21.34,20.03,95.32,55.24,44.42,28.71
201.13,34.88,20.95,21.34,20.00,95.32,55.10,44.42,28.71
201.14,34.82,20.95,21.34,20.03,95.32,55.24,44.42,28.76
201.15,34.88,20.98,21.34,20.00,95.68,55.24,44.42,28.71
201.16,34.82,20.98,21.34,20.00,95.32,55.24,44.42,28.71
201.17,34.95,20.95,21.34,20.00,95.32,55.24,44.33,28.76
201.18,34.88,20.95,21.34,20.00,95.32,55.24,44.42,28.71
201.19,34.88,20.95,21.34,20.00,95.68,55.24,44.42,28.71
201.20,34.95,20.98,21.34,20.00,95.32,55.38,44.42,28.76
201.21,34.82,20.95,21.34,20.00,95.32,55.24,44.42,28.76
201.22,34.88,20.95,21.34,20.03,95.32,55.24,44.42,28.71
201.23,34.88,20.95,21.34,20.00,95.32,55.24,44.42,28.71
201.24,34.88,20.95,21.34,20.03,95.32,55.24,44.42,28.76
201.25,34.95,20.98,21.34,20.00,95.68,55.24,44.42,28.76
201.26,34.88,20.98,21.34,20.03,95.68,55.24,44.42,28.76
201.27,34.88,20.95,21.31,20.00,95.32,55.24,44.42,28.76
201.28,34.82,20.91,21.31,20.00,95.68,55.24,44.42,28.76
201.29,34.88,20.95,21.34,20.00,95.32,55.24,44.52,28.76
201.30,34.88,20.98,21.34,20.03,95.32,55.24,44.42,28.81
201.31,34.88,20.95,21.34,20.00,95.68,55.24,44.42,28.76
201.32,34.88,20.98,21.34,20.03,95.32,55.24,44.42,28.76
201.33,34.82,20.95,21.34,20.00,95.68,55.24,44.42,28.76
201.34,34.82,20.91,21.34,20.00,95.32,55.24,44.42,28.76
201.35,34.88,20.98,21.34,20.00,95.68,55.38,44.42,28.71
201.36,34.88,20.95,21.34,20.03,95.32,55.24,44.42,28.76
201.37,34.82,20.95,21.34,20.03,95.32,55.24,44.42,28.76
201.38,34.82,20.95,21.34,20.03,95.68,55.24,44.52,28.76
201.39,34.82,20.95,21.34,20.00,95.32,55.10,44.42,28.71
201.40,34.82,20.95,21.34,20.03,95.32,55.24,44.52,28.76
201.41,34.88,20.95,21.34,20.03,95.68,55.10,44.52,28.76
201.42,34.82,20.95,21.34,20.00,95.32,55.24,44.52,28.76
201.43,34.82,20.95,21.34,20.00,95.68,55.10,44.42,28.76
201.44,34.88,20.95,21.34,20.03,95.68,55.24,44.42,28.71
201.45,34.88,20.95,21.34,20.03,95.32,55.24,44.52,28.76
201.46,34.82,20.95,21.34,20.03,95.32,55.38,44.42,28.76
201.47,34.88,20.95,21.34,20.03,95.32,55.24,44.42,28.76
201.48,34.82,20.95,21.34,20.00,95.32,55.24,44.42,28.76
201.49,34.82,20.95,21.34,20.03,95.32,55.24,44.52,28.76
201.50,34.82,20.98,21.37,20.03,95.32,55.24,44.52,28.76
201.51,34.82,20.98,21.34,20.03,95.68,55.24,44.52,28.76
201.52,34.88,20.95,21.34,20.03,95.32,55.24,44.42,28.76
201.53,34.95,20.95,21.34,20.03,95.32,55.24,44.42,28.76
201.54,34.82,20.95,21.34,20.03,95.32,55.24,44.42,28.81
201.55,34.95,20.98,21.37,20.03,95.32,55.24,44.52,28.76
201.56,34.82,20.98,21.34,20.03,95.32,55.10,44.52,28.76
201.57,34.82,20.98,21.37,20.03,95.32,55.24,44.42,28.76
201.58,34.82,20.95,21.31,20.03,95.32,55.24,44.52,28.76
201.59,34.88,20.95,21.37,20.03,95.32,55.24,44.52,28.76
201.60,34.95,20.95,21.37,20.03,95.68,55.24,44.52,28.81
201.61,34.88,20.98,21.37,20.03,95.32,55.24,44.52,28.81
201.62,34.88,20.95,21.34,20.03,95.68,55.24,44.42,28.76
201.63,34.82,20.95,21.34,20.03,95.32,55.24,44.42,28.81
201.64,34.88,20.95,21.34,20.03,95.32,55.24,44.42,28.76
201.65,34.95,20.98,21.37,20.03,95.32,55.24,44.52,28.76
201.66,34.88,20.98,21.37,20.03,95.32,55.24,44.42,28.81
201.67,34.88,20.95,21.34,20.03,95.68,55.24,44.52,28.76
201.68,34.88,20.95,21.34,20.03,95.32,55.24,44.33,28.81
201.69,34.82,20.95,21.34,20.03,95.68,55.24,44.61,28.81
201.70,34.88,20.98,21.37,20.03,95.32,55.24,44.52,28.81
201.71,34.95,20.98,21.34,20.03,95.32,55.24,44.52,28.76
201.72,34.82,20.95,21.34,20.03,95.32,55.24,44.42,28.76
201.73,34.82,20.95,21.34,20.03,95.32,55.24,44.52,28.76
201.74,34.82,20.95,21.37,20.03,95.68,55.24,44.52,28.76
201.75,34.82,20.98,21.34,20.03,95.32,55.24,44.52,28.81
201.76,34.88,20.98,21.34,20.03,95.32,55.24,44.52,28.81
201.77,34.88,20.95,21.34,20.03,95.32,55.24,44.52,28.81
201.78,34.82,20.95,21.34,20.03,95.68,55.24,44.52,28.81
201.79,34.88,20.95,21.34,20.03,95.32,55.24,44.52,28.81
201.80,34.88,20.95,21.37,20.03,95.32,55.38,44.52,28.76
201.81,34.88,20.98,21.34,20.03,95.32,55.24,44.52,28.81
201.82,34.82,20.95,21.37,20.03,95.32,55.24,44.52,28.81
201.83,34.88,20.95,21.34,20.03,95.68,55.24,44.52,28.81
201.84,34.82,20.95,21.34,20.03,95.32,55.24,44.52,28.76
201.85,34.88,20.98,21.37,20.03,95.68,55.24,44.52,28.76
201.86,34.82,20.95,21.37,20.03,95.32,55.24,44.52,28.81
201.87,34.82,20.95,21.34,20.03,95.32,55.24,44.52,28.81
201.88,34.82,20.95,21.34,20.03,95.32,55.24,44.52,28.81
201.89,34.88,20.95,21.34,20.03,95.32,55.10,44.52,28.81
201.90,34.88,20.95,21.37,20.03,95.32,55.24,44.61,28.81
201.91,34.88,20.98,21.37,20.03,95.32,55.24,44.52,28.81
201.92,34.82,20.95,21.34,20.03,95.32,55.24,44.52,28.81
201.93,34.88,20.95,21.34,20.03,95.32,55.24,44.52,28.81
201.94,34.95,20.95,21.34,20.03,95.32,55.24,44.42,28.81
201.95,34.88,20.95,21.37,20.03,95.32,55.38,44.52,28.81
201.96,34.88,20.98,21.37,20.03,95.68,55.24,44.52,28.81
201.97,34.82,20.95,21.37,20.03,95.32,55.24,44.52,28.81
201.98,34.82,20.95,21.34,20.03,95.32,55.24,44.52,28.81
201.99,34.88,20.95,21.37,20.06,95.32,55.24,44.52,28.81
202.00,34.88,20.98,21.37,20.03,95.32,55.24,44.52,28.81
202.01,34.88,20.98,21.37,20.03,95.68,55.24,44.52,28.81
202.02,34.82,20.95,21.37,20.03,95.32,55.24,44.52,28.81
202.03,34.82,20.95,21.37,20.03,95.32,55.10,44.52,28.81
202.04,34.88,20.95,21.37,20.03,95.32,55.24,44.52,28.81
202.05,34.82,20.98,21.37,20.03,95.32,55.24,44.61,28.81
202.06,34.88,20.98,21.37,20.03,95.32,55.24,44.52,28.81
202.07,34.82,20.95,21.37,20.03,95.68,55.24,44.52,28.81
202.08,34.88,20.95,21.34,20.03,95.32,55.24,44.42,28.81
202.09,34.88,20.95,21.37,20.03,95.32,55.24,44.61,28.81
202.10,34.95,20.98,21.37,20.03,95.68,55.10,44.52,28.81
202.11,34.95,20.98,21.41,20.03,95.68,55.24,44.61,28.81
202.12,34.88,20.95,21.37,20.03,95.68,55.24,44.52,28.81
202.13,34.88,20.95,21.34,20.03,95.32,55.24,44.52,28.81
202.14,34.82,20.95,21.37,20.03,95.32,55.24,44.52,28.81
202.15,34.88,20.98,21.37,20.03,95.68,55.24,44.52,28.86
202.16,34.88,20.98,21.37,20.03,95.32,55.24,44.52,28.81
202.17,34.82,20.95,21.37,20.03,95.32,55.24,44.52,28.81
202.18,34.82,20.95,21.34,20.03,95.32,55.24,44.52,28.81
202.19,34.82,20.95,21.37,20.03,95.32,55.24,44.61,28.81
202.20,34.82,20.95,21.37,20.03,95.68,55.24,44.61,28.81
202.21,34.88,20.95,21.41,20.03,95.68,55.24,44.52,28.86
202.22,34.82,20.95,21.37,20.03,95.68,55.24,44.61,28.86
202.23,34.88,20.91,21.34,20.03,95.32,55.24,44.52,28.81
202.24,34.82,20.95,21.37,20.03,95.32,55.24,44.52,28.81
202.25,34.82,20.95,21.37,20.03,95.32,55.24,44.61,28.81
202.26,34.88,20.98,21.37,20.03,95.32,55.24,44.52,28.86
202.27,34.82,20.95,21.37,20.03,95.68,55.24,44.52,28.81
202.28,34.82,20.95,21.37,20.03,95.68,55.24,44.61,28.86
202.29,34.82,20.95,21.37,20.03,95.32,55.24,44.61,28.86
202.30,34.88,20.95,21.37,20.03,95.32,55.24,44.52,28.86
202.31,34.88,20.98,21.41,20.03,95.68,55.24,44.61,28.81
202.32,34.88,20.95,21.37,20.03,95.68,55.24,44.61,28.86
202.33,34.88,20.95,21.37,20.03,95.32,55.38,44.61,28.86
202.34,34.82,20.95,21.37,20.03,95.32,55.24,44.61,28.86
202.35,34.95,20.95,21.41,20.03,95.68,55.38,44.52,28.86
202.36,34.88,20.95,21.37,20.03,95.32,55.24,44.61,28.86
202.37,34.82,20.95,21.37,20.03,95.32,55.24,44.52,28.81
202.38,34.88,20.95,21.37,20.03,95.68,55.38,44.52,28.86
202.39,34.82,20.95,21.37,20.03,95.32,55.24,44.61,28.86
202.40,34.88,20.98,21.41,20.03,95.68,55.24,44.61,28.86
202.41,34.88,20.98,21.41,20.03,95.68,55.38,44.61,28.86
202.42,34.82,20.95,21.37,20.03,95.32,55.38,44.52,28.86
202.43,34.95,20.95,21.37,20.03,95.68,55.10,44.52,28.86
202.44,34.82,20.98,21.37,20.03,95.68,55.24,44.61,28.86
202.45,34.88,20.95,21.37,20.06,95.32,55.38,44.61,28.86
202.46,34.88,20.98,21.41,20.03,95.68,55.38,44.61,28.86
202.47,34.82,20.95,21.37,20.06,95.68,55.24,44.61,28.86
202.48,34.82,20.95,21.37,20.03,95.68,55.24,44.61,28.81
202.49,34.82,20.95,21.37,20.06,95.32,55.24,44.61,28.86
202.50,34.82,20.95,21.37,20.03,95.68,55.24,44.61,28.86
202.51,34.82,20.98,21.41,20.06,95.68,55.24,44.61,28.86
202.52,34.95,20.95,21.37,20.03,95.32,55.24,44.52,28.86
202.53,34.82,20.95,21.37,20.03,95.32,55.24,44.61,28.86
202.54,34.82,20.95,21.37,20.03,95.68,55.24,44.61,28.86
202.55,34.88,20.95,21.41,20.06,95.32,55.24,44.71,28.86
202.56,34.88,20.98,21.37,20.03,95.68,55.24,44.61,28.86
202.57,34.82,20.95,21.37,20.03,95.32,55.24,44.61,28.86
202.58,34.88,20.98,21.37,20.06,95.32,55.24,44.61,28.86
202.59,34.88,20.91,21.37,20.03,95.32,55.24,44.61,28.86
202.60,34.88,20.98,21.41,20.06,95.68,55.24,44.61,28.86
202.61,34.82,20.98,21.41,20.03,95.68,55.24,44.61,28.86
202.62,34.82,20.95,21.37,20.03,95.68,55.24,44.61,28.86
202.63,34.82,20.95,21.37,20.03,95.68,55.24,44.61,28.86
202.64,34.88,20.95,21.37,20.06,95.32,55.10,44.61,28.86
202.65,34.88,20.95,21.41,20.03,95.68,55.24,44.61,28.86
202.66,34.88,20.98,21.41,20.06,95.68,55.10,44.61,28.90
202.67,34.88,20.95,21.41,20.06,95.68,55.24,44.61,28.86
202.68,34.82,20.95,21.37,20.06,95.32,55.38,44.61,28.90
202.69,34.88,20.95,21.41,20.06,95.32,55.24,44.71,28.81
202.70,34.88,20.98,21.41,20.06,95.68,55.24,44.61,28.86
202.71,34.88,20.98,21.41,20.06,95.68,55.38,44.61,28.86
202.72,34.88,20.95,21.41,20.06,95.32,55.38,44.61,28.86
202.73,34.88,20.95,21.41,20.06,95.32,55.24,44.61,28.86
202.74,34.82,20.95,21.37,20.03,95.32,55.24,44.61,28.86
202.75,34.88,20.98,21.41,20.06,95.32,55.38,44.61,28.90
202.76,34.88,20.98,21.41,20.06,95.32,55.24,44.61,28.86
202.77,34.82,20.95,21.41,20.06,95.32,55.24,44.61,28.90
202.78,34.95,20.95,21.37,20.06,95.32,55.24,44.61,28.86
202.79,34.82,20.95,21.41,20.06,95.68,55.24,44.61,28.90
202.80,34.82,20.95,21.41,20.03,95.68,55.24,44.61,28.81
202.81,35.01,20.98,21.41,20.06,95.68,55.24,44.71,28.90
202.82,34.88,20.98,21.37,20.06,95.32,55.24,44.61,28.86
202.83,34.88,20.95,21.41,20.03,95.32,55.38,44.61,28.86
202.84,34.88,20.98,21.37,20.06,95.68,55.38,44.61,28.90
202.85,34.88,20.98,21.41,20.06,95.68,55.38,44.61,28.86
202.86,34.82,20.95,21.41,20.06,95.32,55.24,44.61,28.90
202.87,34.82,20.95,21.41,20.06,95.32,55.24,44.61,28.90
202.88,34.88,20.95,21.41,20.06,95.68,55.10,44.61,28.86
202.89,34.88,20.95,21.41,20.06,95.68,55.24,44.61,28.90
202.90,34.82,20.95,21.41,20.06,95.68,55.24,44.61,28.90
202.91,34.88,20.95,21.41,20.06,94.97,55.24,44.61,28.90
202.92,34.88,20.95,21.37,20.06,95.68,55.24,44.61,28.86
202.93,34.88,20.95,21.37,20.06,95.68,55.24,44.61,28.90
202.94,34.88,20.95,21.41,20.06,95.68,55.24,44.52,28.86
202.95,34.88,20.95,21.41,20.06,95.68,55.24,44.71,28.90
202.96,34.82,20.95,21.41,20.06,95.68,55.24,44.71,28.90
202.97,34.82,20.95,21.41,20.06,95.32,55.24,44.61,28.86
202.98,34.88,20.95,21.41,20.06,95.68,55.24,44.61,28.86
202.99,34.82,20.95,21.41,20.06,95.68,55.24,44.61,28.90
203.00,34.88,20.98,21.41,20.06,95.68,55.24,44.71,28.90
203.01,34.88,20.98,21.41,20.06,95.68,55.24,44.61,28.90
203.02,34.88,20.95,21.41,20.03,95.32,55.24,44.61,28.90
203.03,34.82,20.91,21.41,20.06,95.68,55.24,44.61,28.86
203.04,34.88,20.95,21.41,20.03,95.32,55.24,44.61,28.90
203.05,34.82,20.98,21.41,20.06,95.68,55.24,44.61,28.90
203.06,34.82,20.95,21.41,20.06,95.32,55.24,44.71,28.86
203.07,34.88,20.95,21.41,20.06,95.68,55.24,44.61,28.90
203.08,34.82,20.95,21.41,20.06,95.32,55.24,44.61,28.90
203.09,34.82,20.95,21.41,20.06,95.68,55.24,44.61,28.90
203.10,34.88,20.95,21.41,20.06,95.32,55.24,44.71,28.90
203.11,34.88,20.95,21.41,20.06,95.68,55.24,44.71,28.90
203.12,34.82,20.95,21.41,20.06,95.32,55.24,44.61,28.90
203.13,34.82,20.95,21.41,20.06,95.32,55.24,44.61,28.90
203.14,34.82,20.95,21.41,20.06,95.32,55.38,44.61,28.90
203.15,34.88,20.95,21.41,20.06,95.68,55.24,44.71,28.90
203.16,34.82,20.95,21.41,20.06,95.68,55.24,44.71,28.90
203.17,34.82,20.95,21.41,20.06,95.32,55.24,44.61,28.90
203.18,34.88,20.95,21.41,20.06,95.32,55.24,44.61,28.90
203.19,34.88,20.95,21.41,20.03,95.32,55.38,44.71,28.90
203.20,34.88,20.95,21.44,20.06,95.68,55.24,44.52,28.90
203.21,34.82,20.95,21.41,20.06,95.32,55.24,44.71,28.90
203.22,34.82,20.91,21.41,20.06,95.68,55.24,44.71,28.90
203.23,34.82,20.95,21.41,20.06,95.32,55.24,44.61,28.90
203.24,34.82,20.95,21.41,20.06,95.32,55.24,44.61,28.90
203.25,34.88,20.98,21.41,20.06,95.68,55.24,44.61,28.90
203.26,34.88,20.98,21.41,20.06,95.68,55.24,44.71,28.90
203.27,34.82,20.95,21.41,20.06,95.32,55.38,44.61,28.95
203.28,34.82,20.95,21.41,20.06,95.68,55.24,44.71,28.90
203.29,34.88,20.95,21.41,20.06,95.32,55.24,44.71,28.90
203.30,34.88,20.95,21.41,20.06,95.68,55.24,44.71,28.90
203.31,34.88,20.98,21.41,20.06,95.32,55.38,44.71,28.90
203.32,34.82,20.95,21.41,20.06,95.32,55.24,44.71,28.90
203.33,34.82,20.95,21.41,20.06,95.68,55.24,44.61,28.90
203.34,34.82,20.95,21.41,20.06,95.68,55.24,44.71,28.95
203.35,34.88,20.95,21.41,20.06,95.68,55.24,44.71,28.95
203.36,34.88,20.95,21.41,20.06,95.68,55.24,44.71,28.90
203.37,34.88,20.95,21.41,20.06,95.32,55.24,44.71,28.90
203.38,34.82,20.95,21.41,20.06,95.32,55.24,44.61,28.90
203.39,34.88,20.95,21.41,20.06,95.32,55.24,44.71,28.95
203.40,34.88,20.95,21.44,20.06,95.68,55.38,44.71,28.95
203.41,34.88,20.95,21.44,20.06,95.68,55.24,44.71,28.90
203.42,34.82,20.95,21.41,20.06,95.32,55.24,44.61,28.90
203.43,34.88,20.95,21.41,20.06,95.32,55.24,44.61,28.90
203.44,34.88,20.95,21.41,20.06,95.68,55.24,44.61,28.95
203.45,34.88,20.95,21.41,20.06,95.32,55.38,44.71,28.90
203.46,34.82,20.95,21.44,20.06,95.68,55.24,44.71,28.90
203.47,34.88,20.95,21.41,20.06,95.68,55.24,44.71,28.90
203.48,34.82,20.95,21.41,20.06,95.68,55.24,44.71,28.95
203.49,34.82,20.95,21.41,20.06,95.32,55.24,44.71,28.95
203.50,34.88,20.95,21.44,20.06,95.32,55.24,44.71,28.90
203.51,34.95,20.98,21.44,20.06,95.32,55.24,44.71,28.95
203.52,34.88,20.95,21.41,20.06,95.32,55.24,44.71,28.95
203.53,34.88,20.95,21.41,20.06,95.68,55.24,44.71,28.95
203.54,34.82,20.95,21.41,20.06,95.32,55.24,44.71,28.95
203.55,34.88,20.95,21.41,20.03,95.68,55.24,44.71,28.95
203.56,34.95,20.95,21.44,20.06,95.32,55.24,44.71,28.90
203.57,34.88,20.95,21.41,20.06,95.32,55.24,44.71,28.90
203.58,34.88,20.95,21.41,20.06,95.68,55.24,44.71,28.90
203.59,34.88,20.95,21.41,20.06,95.32,55.24,44.71,28.95
203.60,34.82,20.95,21.44,20.06,95.68,55.24,44.71,28.95
203.61,34.95,20.98,21.44,20.03,95.68,55.24,44.71,28.95
203.62,34.88,20.95,21.44,20.06,95.32,55.24,44.71,28.95
203.63,34.82,20.95,21.41,20.06,95.68,55.24,44.71,28.95
203.64,34.88,20.95,21.41,20.06,95.68,55.24,44.71,28.95
203.65,34.82,20.95,21.44,20.06,95.68,55.24,44.71,28.95
203.66,34.88,20.98,21.44,20.06,95.32,55.24,44.71,28.90
203.67,34.88,20.95,21.41,20.06,95.68,55.24,44.71,28.90
203.68,34.82,20.95,21.41,20.06,95.68,55.24,44.71,28.95
203.69,34.88,20.95,21.41,20.06,95.68,55.24,44.71,28.95
203.70,34.88,20.95,21.41,20.06,95.68,55.24,44.71,28.95
203.71,34.82,20.95,21.44,20.06,95.32,55.38,44.71,28.95
203.72,34.82,20.95,21.41,20.06,95.32,55.24,44.71,28.95
203.73,34.82,20.95,21.41,20.06,95.32,55.24,44.71,28.95
203.74,34.82,20.95,21.44,20.06,95.32,55.24,44.71,28.95
203.75,34.88,20.98,21.44,20.06,95.68,55.24,44.71,28.95
203.76,34.88,20.98,21.44,20.06,95.68,55.38,44.81,28.95
203.77,34.88,20.98,21.44,20.06,95.32,55.24,44.71,28.95
203.78,34.88,20.95,21.41,20.06,95.68,55.24,44.71,28.95
203.79,34.88,20.95,21.44,20.03,95.68,55.24,44.71,28.95
203.80,34.82,20.95,21.44,20.06,95.68,55.24,44.71,28.95
203.81,34.82,20.98,21.44,20.03,95.68,55.24,44.71,28.95
203.82,34.82,20.95,21.44,20.06,95.68,55.24,44.71,28.95
203.83,34.82,20.91,21.44,20.06,95.32,55.24,44.71,28.95
203.84,34.82,20.95,21.44,20.09,95.32,55.24,44.71,28.95
203.85,34.88,20.95,21.44,20.06,95.68,55.38,44.81,28.95
203.86,34.95,20.98,21.44,20.06,95.68,55.38,44.71,28.95
203.87,34.88,20.95,21.44,20.06,95.68,55.24,44.71,28.95
203.88,34.88,20.95,21.44,20.09,95.32,55.24,44.71,28.95
203.89,34.82,20.95,21.44,20.06,95.32,55.38,44.71,29.00
203.90,34.88,20.98,21.44,20.06,95.32,55.38,44.71,29.00
203.91,34.88,20.95,21.44,20.06,95.32,55.38,44.81,29.00
203.92,34.82,20.95,21.44,20.06,95.68,55.10,44.71,28.95
203.93,34.88,20.95,21.41,20.06,95.32,55.10,44.71,28.95
203.94,34.82,20.95,21.44,20.06,95.32,55.24,44.71,29.05
203.95,34.88,20.98,21.44,20.06,95.68,55.38,44.71,28.95
203.96,34.82,20.95,21.44,20.06,95.68,55.24,44.71,28.95
203.97,34.88,20.95,21.44,20.06,95.68,55.24,44.71,29.00
203.98,34.88,20.95,21.44,20.06,95.68,55.24,44.81,29.00
203.99,34.82,20.95,21.44,20.06,95.68,55.24,44.81,28.95
204.00,34.95,20.95,21.44,20.06,95.68,55.24,44.81,29.00
204.01,34.88,20.98,21.44,20.06,95.68,55.38,44.81,28.95
204.02,34.95,20.95,21.44,20.06,95.68,55.24,44.71,29.00
204.03,34.88,20.95,21.44,20.06,95.32,55.24,44.81,29.00
204.04,34.88,20.95,21.44,20.06,95.68,55.24,44.71,29.00
204.05,34.88,20.98,21.44,20.06,95.68,55.24,44.81,29.00
204.06,34.82,20.95,21.44,20.06,95.68,55.24,44.81,29.00
204.07,34.88,20.95,21.44,20.06,95.32,55.38,44.81,29.00
204.08,34.82,20.95,21.44,20.06,95.68,55.24,44.81,29.00
204.09,34.82,20.95,21.44,20.06,95.68,55.24,44.71,29.00
204.10,34.88,20.98,21.44,20.06,95.68,55.38,44.81,29.00
204.11,34.95,20.98,21.47,20.06,95.68,55.38,44.81,28.95
204.12,34.88,20.95,21.44,20.06,95.68,55.38,44.71,29.00
204.13,34.88,20.95,21.44,20.06,95.32,55.24,44.81,29.00
204.14,34.82,20.95,21.44,20.06,95.68,55.24,44.81,29.00
204.15,34.95,20.98,21.44,20.06,95.32,55.24,44.81,29.00
204.16,34.88,20.95,21.44,20.06,96.04,55.24,44.81,29.00
204.17,34.82,20.91,21.44,20.06,95.32,55.24,44.71,28.95
204.18,34.88,20.95,21.44,20.06,95.68,55.38,44.90,29.00
204.19,34.76,20.95,21.44,20.06,95.68,55.24,44.90,29.00
204.20,34.95,20.98,21.47,20.06,95.68,55.38,44.61,29.00
204.21,34.88,20.98,21.47,20.06,95.68,55.38,44.81,29.00
204.22,34.88,20.98,21.44,20.06,95.68,55.24,44.81,29.00
204.23,34.82,20.95,21.44,20.06,95.68,55.38,44.81,29.00
204.24,34.82,20.95,21.44,20.09,95.32,55.24,44.81,29.00
204.25,34.95,20.98,21.47,20.09,95.68,55.38,44.81,29.00
204.26,34.88,20.98,21.47,20.06,95.32,55.38,44.81,29.00
204.27,34.88,20.95,21.44,20.09,95.68,55.38,44.81,29.00
204.28,34.82,20.95,21.44,20.09,95.32,55.38,44.81,29.00
204.29,34.95,20.95,21.44,20.09,95.68,55.38,44.81,29.00
204.30,34.95,20.98,21.47,20.06,95.68,55.38,44.81,29.00
204.31,34.95,20.98,21.47,20.09,95.68,55.38,44.81,29.00
204.32,34.95,20.98,21.44,20.09,95.32,55.24,44.81,29.00
204.33,34.82,20.98,21.44,20.09,95.68,55.24,44.81,29.00
204.34,34.88,20.98,21.44,20.09,95.68,55.38,44.81,29.00
204.35,34.88,20.98,21.47,20.09,95.68,55.24,44.81,29.05
204.36,34.88,20.98,21.47,20.06,95.68,55.38,44.81,29.00
204.37,34.82,20.95,21.44,20.09,95.32,55.24,44.81,29.00
204.38,34.82,20.95,21.47,20.06,95.68,55.38,44.81,29.00
204.39,34.82,20.95,21.47,20.09,95.68,55.38,44.90,29.00
204.40,34.88,20.98,21.47,20.09,95.68,55.38,44.90,29.00
204.41,34.88,20.95,21.47,20.09,95.68,55.38,44.81,29.05
204.42,34.82,20.95,21.47,20.06,95.68,55.38,44.81,29.05
204.43,34.82,20.95,21.47,20.06,95.68,55.24,44.81,29.05
204.44,34.88,20.98,21.44,20.09,95.68,55.38,44.81,29.05
204.45,34.88,20.98,21.47,20.09,95.68,55.38,44.81,29.00
204.46,34.82,20.98,21.47,20.09,95.68,55.38,44.81,29.00
204.47,34.88,20.98,21.44,20.09,95.68,55.38,44.81,29.05
204.48,34.88,20.95,21.44,20.06,95.68,55.38,44.81,29.05
204.49,34.82,20.95,21.47,20.06,95.68,55.38,44.81,29.00
204.50,34.88,21.01,21.47,20.06,95.68,55.24,44.81,29.00
204.51,34.88,20.98,21.47,20.06,95.68,55.38,44.90,29.00
204.52,34.82,20.95,21.44,20.09,95.68,55.24,44.81,29.00
204.53,34.82,20.95,21.44,20.09,95.32,55.38,44.81,29.00
204.54,34.82,20.95,21.47,20.06,95.68,55.38,44.81,29.00
204.55,34.95,20.98,21.47,20.09,95.68,55.38,44.90,29.05
204.56,34.95,20.98,21.47,20.09,95.68,55.38,44.90,29.05
204.57,34.88,20.95,21.47,20.06,95.32,55.24,44.90,29.00
204.58,34.88,20.98,21.47,20.06,95.68,55.38,44.90,29.05
204.59,34.95,20.98,21.47,20.09,95.68,55.38,44.81,29.00
204.60,34.95,20.95,21.47,20.09,95.68,55.38,44.90,29.05
204.61,34.88,20.98,21.47,20.09,95.68,55.24,44.81,29.05
204.62,34.82,20.98,21.47,20.09,95.68,55.38,44.81,29.00
204.63,34.88,20.95,21.47,20.09,95.68,55.24,44.81,29.00
204.64,34.82,20.95,21.47,20.09,95.68,55.24,44.90,29.05
204.65,34.95,20.98,21.47,20.09,95.68,55.38,44.90,29.05
204.66,34.88,20.98,21.47,20.06,95.68,55.38,44.81,29.05
204.67,34.95,20.98,21.47,20.09,95.32,55.38,44.90,29.00
204.68,34.88,20.95,21.47,20.09,95.68,55.38,44.81,29.05
204.69,34.95,20.95,21.47,20.09,95.68,55.38,44.90,29.05
204.70,34.88,20.98,21.47,20.09,95.68,55.24,44.90,29.00
204.71,34.88,20.98,21.47,20.09,95.68,55.38,44.90,29.05
204.72,34.95,20.98,21.47,20.09,95.68,55.38,44.90,29.05
204.73,34.88,20.95,21.47,20.09,95.68,55.38,44.90,29.05
204.74,34.88,20.98,21.47,20.09,95.68,55.38,44.81,29.05
204.75,34.95,20.98,21.50,20.09,95.68,55.24,44.90,29.05
204.76,34.95,20.98,21.50,20.09,95.68,55.38,44.90,29.05
204.77,34.82,20.98,21.47,20.09,95.68,55.24,44.90,29.00
204.78,34.82,20.95,21.47,20.09,95.68,55.38,44.90,29.05
204.79,34.88,20.95,21.47,20.09,95.68,55.38,44.90,29.05
204.80,34.95,20.98,21.47,20.09,95.68,55.38,44.90,29.05
204.81,34.88,20.98,21.50,20.09,95.68,55.38,44.81,29.05
204.82,34.88,20.98,21.50,20.09,95.68,55.38,44.90,29.05
204.83,34.88,20.98,21.44,20.09,95.68,55.38,44.81,29.05
204.84,34.82,20.98,21.47,20.09,95.68,55.24,44.90,29.05
204.85,34.88,20.98,21.50,20.09,95.68,55.24,44.81,29.05
204.86,34.88,20.98,21.50,20.09,95.68,55.38,44.90,29.05
204.87,34.88,20.98,21.47,20.09,95.68,55.38,44.90,29.05
204.88,34.88,20.98,21.47,20.09,95.68,55.38,44.81,29.05
204.89,34.88,20.98,21.47,20.09,95.68,55.38,44.81,29.05
204.90,34.88,20.98,21.50,20.09,95.68,55.38,44.90,29.05
204.91,34.88,20.98,21.50,20.09,95.68,55.38,44.90,29.00
204.92,34.88,20.98,21.47,20.09,96.04,55.38,44.90,29.05
204.93,34.88,20.95,21.47,20.09,95.68,55.38,44.90,29.05
204.94,34.82,20.95,21.47,20.06,95.68,55.24,44.90,29.05
204.95,34.95,20.98,21.47,20.09,95.68,55.38,44.90,29.05
204.96,34.88,20.98,21.50,20.09,95.68,55.38,44.90,29.05
204.97,34.88,20.98,21.47,20.09,95.32,55.24,44.90,29.05
204.98,34.95,20.98,21.47,20.09,95.68,55.38,44.90,29.05
204.99,34.88,20.98,21.47,20.09,95.68,55.38,44.90,29.05
205.00,34.88,20.98,21.50,20.09,95.68,55.38,44.90,29.05
205.01,34.95,20.98,21.50,20.09,95.68,55.38,44.90,29.05
205.02,34.88,20.98,21.47,20.09,95.68,55.38,44.90,29.05
205.03,34.82,20.98,21.50,20.09,95.68,55.24,44.90,29.05
205.04,34.88,20.98,21.47,20.09,95.68,55.38,44.90,29.05
205.05,34.88,20.98,21.50,20.06,95.68,55.38,44.90,29.05
205.06,34.88,21.01,21.50,20.09,95.68,55.38,44.90,29.05
205.07,34.88,20.95,21.50,20.06,95.68,55.38,44.90,29.10
205.08,34.88,21.01,21.50,20.09,95.68,55.38,45.00,29.05
205.09,34.95,20.95,21.50,20.09,95.68,55.38,44.90,29.05
205.10,34.88,20.98,21.50,20.09,95.68,55.38,44.90,29.05
205.11,34.88,21.01,21.50,20.09,95.68,55.38,44.90,29.10
205.12,34.88,20.98,21.50,20.09,95.68,55.38,44.90,29.05
205.13,34.88,20.98,21.47,20.09,95.68,55.38,44.90,29.10
205.14,34.88,20.98,21.47,20.09,95.68,55.38,44.90,29.10
205.15,34.88,20.98,21.50,20.09,95.68,55.38,44.90,29.10
205.16,34.95,20.98,21.50,20.09,95.68,55.38,44.90,29.10
205.17,34.88,20.98,21.50,20.09,95.68,55.24,44.90,29.05
205.18,34.88,20.95,21.50,20.09,95.68,55.65,44.90,29.10
205.19,34.88,20.98,21.50,20.12,95.68,55.38,44.90,29.05
205.20,34.88,20.98,21.50,20.09,95.68,55.38,45.00,29.05
205.21,34.95,21.01,21.53,20.09,95.68,55.38,45.00,29.05
205.22,34.95,20.98,21.50,20.09,95.68,55.38,44.90,29.10
205.23,34.88,20.95,21.50,20.09,95.68,55.38,45.00,29.10
205.24,34.88,20.98,21.50,20.09,95.68,55.38,44.90,29.10
205.25,34.95,21.01,21.50,20.09,95.68,55.38,45.00,29.10
205.26,34.95,20.98,21.50,20.09,95.68,55.38,44.90,29.05
205.27,34.95,20.98,21.50,20.06,95.68,55.24,45.00,29.10
205.28,34.95,20.98,21.50,20.09,95.68,55.38,45.00,29.10
205.29,34.95,20.98,21.50,20.09,95.68,55.38,44.90,29.10
205.30,34.82,20.98,21.50,20.09,96.04,55.38,45.00,29.10
205.31,35.01,20.98,21.53,20.12,96.04,55.38,45.00,29.10
205.32,34.95,20.98,21.50,20.09,95.68,55.38,45.00,29.10
205.33,34.95,20.98,21.50,20.09,95.68,55.38,44.90,29.10
205.34,34.95,20.98,21.50,20.09,95.68,55.38,44.90,29.10
205.35,34.95,21.01,21.53,20.12,95.68,55.38,45.00,29.10
205.36,34.88,21.01,21.53,20.12,96.04,55.38,45.00,29.10
205.37,34.95,21.01,21.50,20.09,95.68,55.52,44.90,29.10
205.38,34.95,20.98,21.50,20.09,95.68,55.24,45.00,29.10
205.39,34.95,20.98,21.50,20.09,95.68,55.38,45.00,29.10
205.40,34.95,21.01,21.50,20.09,96.04,55.38,44.90,29.10
205.41,34.88,21.01,21.53,20.09,95.68,55.52,45.00,29.10
205.42,34.88,20.98,21.50,20.09,95.68,55.38,44.90,29.10
205.43,34.88,21.01,21.50,20.09,96.04,55.38,45.00,29.10
205.44,34.88,20.98,21.50,20.09,95.68,55.38,44.81,29.10
205.45,34.88,21.01,21.50,20.12,95.68,55.38,45.10,29.10
205.46,34.88,21.01,21.53,20.09,95.68,55.38,45.00,29.10
205.47,34.88,20.98,21.50,20.09,95.68,55.38,44.90,29.10
205.48,34.88,20.98,21.50,20.09,95.68,55.38,45.00,29.10
205.49,34.95,21.01,21.50,20.09,95.68,55.38,45.00,29.10
205.50,34.88,21.01,21.53,20.12,95.68,55.38,45.00,29.15
205.51,34.95,21.01,21.53,20.09,95.68,55.52,45.00,29.10
205.52,34.95,20.98,21.53,20.09,95.68,55.38,45.00,29.10
205.53,34.88,20.98,21.53,20.12,95.68,55.24,45.00,29.15
205.54,34.95,20.98,21.53,20.12,95.68,55.38,45.00,29.10
205.55,34.88,21.01,21.53,20.09,95.68,55.38,45.00,29.10
205.56,34.88,21.01,21.53,20.09,95.68,55.38,45.00,29.10
205.57,34.88,20.98,21.53,20.09,95.68,55.38,45.00,29.10
205.58,34.88,20.98,21.50,20.12,95.68,55.38,45.00,29.15
205.59,34.95,20.98,21.53,20.09,95.68,55.38,45.00,29.10
205.60,35.01,21.01,21.53,20.12,95.68,55.52,45.00,29.10
205.61,34.95,21.01,21.53,20.12,95.68,55.38,45.00,29.10
205.62,35.01,21.01,21.53,20.09,95.68,55.38,45.00,29.10
205.63,34.88,21.01,21.53,20.09,95.68,55.38,44.90,29.10
205.64,34.95,21.01,21.53,20.12,95.68,55.38,45.00,29.15
205.65,34.95,21.01,21.53,20.12,96.04,55.52,45.00,29.10
205.66,35.01,21.04,21.53,20.09,95.68,55.38,45.00,29.15
205.67,34.95,20.98,21.53,20.09,95.68,55.38,45.00,29.15
205.68,34.88,21.01,21.53,20.09,95.68,55.38,45.00,29.10
205.69,34.95,20.98,21.53,20.12,96.04,55.52,45.00,29.15
205.70,34.88,21.01,21.53,20.12,95.68,55.38,45.00,29.10
205.71,35.01,21.01,21.57,20.12,95.68,55.52,45.00,29.10
205.72,34.88,20.98,21.53,20.12,96.04,55.38,45.00,29.15
205.73,34.88,20.98,21.53,20.09,95.68,55.38,45.10,29.10
205.74,34.88,21.01,21.53,20.09,95.68,55.38,45.00,29.15
205.75,34.95,21.01,21.53,20.12,96.04,55.52,45.10,29.10
205.76,34.95,21.01,21.53,20.12,95.68,55.52,45.00,29.10
205.77,34.88,20.98,21.53,20.09,95.68,55.38,45.00,29.10
205.78,34.95,21.01,21.53,20.12,95.68,55.38,45.00,29.15
205.79,34.88,21.01,21.53,20.12,95.68,55.38,45.00,29.15
205.80,34.95,21.01,21.53,20.12,96.04,55.52,45.10,29.15
205.81,34.95,21.01,21.53,20.12,96.04,55.52,45.00,29.15
205.82,34.95,21.01,21.53,20.12,95.68,55.52,45.00,29.15
205.83,34.88,20.98,21.53,20.12,95.68,55.38,45.00,29.15
205.84,34.95,21.01,21.53,20.12,95.68,55.38,45.00,29.15
205.85,35.01,21.01,21.53,20.12,95.68,55.38,45.10,29.15
205.86,34.95,21.01,21.53,20.09,96.04,55.52,45.10,29.15
205.87,34.88,21.01,21.53,20.12,95.68,55.38,45.00,29.15
205.88,34.88,21.01,21.53,20.12,95.68,55.38,45.00,29.15
205.89,34.95,21.01,21.53,20.12,96.04,55.38,45.00,29.15
205.90,35.01,21.01,21.53,20.12,95.68,55.52,45.10,29.10
205.91,35.01,21.01,21.57,20.12,96.04,55.52,45.10,29.15
205.92,34.88,21.01,21.53,20.12,95.68,55.38,45.00,29.15
205.93,34.88,21.01,21.53,20.09,95.68,55.52,45.10,29.15
205.94,34.95,21.01,21.53,20.12,95.68,55.38,45.00,29.15
205.95,35.01,21.01,21.57,20.12,95.68,55.52,45.10,29.15
205.96,34.95,21.01,21.53,20.12,96.04,55.38,45.00,29.15
205.97,34.95,21.01,21.53,20.09,96.04,55.38,45.10,29.15
205.98,34.88,21.01,21.53,20.12,95.68,55.38,45.10,29.15
205.99,34.88,20.98,21.53,20.12,95.68,55.38,45.10,29.15
206.00,34.95,21.01,21.57,20.12,95.68,55.52,45.00,29.15
206.01,34.95,21.04,21.53,20.12,96.04,55.38,45.10,29.20
206.02,34.88,20.98,21.53,20.12,95.68,55.52,45.00,29.15
206.03,34.88,21.01,21.53,20.12,95.68,55.52,45.10,29.15
206.04,34.88,21.01,21.53,20.12,95.68,55.38,45.20,29.15
206.05,34.88,21.01,21.57,20.12,95.68,55.52,45.10,29.15
206.06,35.01,21.01,21.57,20.12,95.68,55.52,45.10,29.15
206.07,34.88,21.01,21.53,20.12,95.32,55.38,45.00,29.15
206.08,34.95,21.01,21.53,20.12,95.68,55.38,45.10,29.15
206.09,34.95,21.01,21.53,20.12,96.04,55.38,45.00,29.20
206.10,34.95,21.01,21.57,20.12,95.68,55.38,45.10,29.15
206.11,35.01,21.04,21.57,20.12,95.68,55.52,45.10,29.15
206.12,34.95,21.01,21.57,20.12,95.68,55.38,45.00,29.15
206.13,34.88,20.98,21.53,20.12,95.68,55.38,45.00,29.15
206.14,34.88,21.01,21.53,20.12,96.04,55.52,45.10,29.15
206.15,34.95,21.01,21.57,20.12,96.04,55.52,45.10,29.15
206.16,34.95,21.01,21.57,20.12,96.04,55.52,45.10,29.15
206.17,34.95,21.01,21.53,20.12,95.68,55.52,45.10,29.15
206.18,34.88,20.98,21.53,20.12,95.68,55.38,45.10,29.15
206.19,34.95,21.01,21.57,20.12,95.68,55.38,45.10,29.15
206.20,35.01,21.04,21.53,20.12,96.04,55.38,45.10,29.20
206.21,35.01,21.01,21.57,20.12,95.68,55.38,45.10,29.15
206.22,34.95,21.01,21.57,20.12,95.68,55.38,45.00,29.15
206.23,34.95,21.01,21.53,20.12,95.68,55.38,45.00,29.15
206.24,34.88,21.01,21.53,20.12,95.68,55.52,45.10,29.15
206.25,34.95,21.01,21.57,20.12,96.04,55.52,45.10,29.15
206.26,34.95,21.01,21.57,20.12,96.04,55.38,45.10,29.20
206.27,34.95,21.01,21.57,20.12,95.68,55.52,45.00,29.15
206.28,34.88,21.01,21.53,20.12,95.68,55.38,45.10,29.20
206.29,34.95,21.01,21.53,20.12,95.68,55.52,45.10,29.20
206.30,35.01,21.01,21.57,20.12,96.04,55.52,45.10,29.15
206.31,34.95,21.01,21.57,20.12,95.68,55.38,45.10,29.20
206.32,34.95,21.01,21.57,20.14,96.04,55.52,45.10,29.20
206.33,34.88,20.98,21.53,20.12,95.68,55.38,45.10,29.15
206.34,35.01,20.98,21.57,20.12,95.68,55.52,45.10,29.15
206.35,34.95,21.01,21.57,20.14,96.04,55.52,45.10,29.20
206.36,34.88,21.01,21.53,20.12,95.68,55.38,45.10,29.15
206.37,34.88,21.01,21.57,20.12,96.04,55.52,45.10,29.15
206.38,34.95,21.01,21.53,20.12,95.68,55.38,45.10,29.20
206.39,34.95,21.01,21.57,20.12,95.68,55.38,45.10,29.20
206.40,34.95,21.01,21.57,20.12,95.68,55.52,45.10,29.20
206.41,34.95,21.01,21.53,20.12,95.68,55.38,45.10,29.20
206.42,34.88,21.01,21.53,20.12,95.68,55.65,45.10,29.20
206.43,34.88,20.98,21.53,20.12,95.68,55.24,45.10,29.15
206.44,34.95,21.01,21.57,20.14,95.68,55.38,45.10,29.20
206.45,34.88,21.04,21.57,20.12,95.68,55.38,45.10,29.20
206.46,34.95,21.01,21.57,20.12,96.04,55.52,45.10,29.10
206.47,34.88,21.01,21.57,20.12,96.04,55.38,45.10,29.20
206.48,34.95,21.01,21.57,20.12,95.68,55.52,45.10,29.20
206.49,34.88,21.01,21.53,20.12,96.04,55.38,45.10,29.20
206.50,34.95,21.01,21.57,20.12,95.68,55.52,45.20,29.20
206.51,34.95,21.01,21.57,20.12,95.68,55.52,45.10,29.20
206.52,34.88,21.01,21.57,20.12,95.68,55.52,45.10,29.20
206.53,34.95,21.01,21.57,20.12,95.68,55.38,45.10,29.20
206.54,34.88,21.01,21.53,20.12,95.68,55.38,45.10,29.20
206.55,34.95,21.01,21.57,20.12,95.68,55.52,45.20,29.20
206.56,34.95,21.01,21.57,20.12,95.68,55.52,45.10,29.20
206.57,34.95,21.01,21.57,20.12,95.68,55.52,45.10,29.20
206.58,34.88,21.01,21.53,20.12,95.68,55.38,45.10,29.20
206.59,34.95,21.01,21.57,20.12,95.68,55.52,45.10,29.20
206.60,34.95,21.01,21.57,20.12,96.04,55.52,45.20,29.20
206.61,34.95,21.01,21.57,20.12,95.68,55.52,45.10,29.20
206.62,34.88,21.01,21.57,20.12,95.68,55.38,45.10,29.20
206.63,34.95,20.98,21.57,20.12,95.68,55.52,45.10,29.20
206.64,34.95,21.01,21.57,20.14,96.04,55.52,45.10,29.20
206.65,34.95,21.01,21.57,20.12,96.04,55.52,45.10,29.20
206.66,34.95,21.01,21.57,20.12,95.68,55.38,45.10,29.20
206.67,34.95,21.01,21.57,20.12,96.04,55.52,45.10,29.20
206.68,34.95,20.98,21.57,20.12,95.32,55.38,45.00,29.25
206.69,34.95,21.01,21.57,20.12,96.04,55.38,45.20,29.20
206.70,34.95,21.01,21.57,20.12,96.04,55.38,45.20,29.20
206.71,34.95,21.04,21.57,20.12,95.68,55.52,45.20,29.20
206.72,34.95,21.01,21.57,20.14,95.68,55.38,45.10,29.20
206.73,34.95,21.01,21.57,20.12,95.68,55.52,45.10,29.20
206.74,34.95,20.98,21.57,20.12,95.68,55.38,45.10,29.20
206.75,34.95,21.01,21.57,20.12,95.68,55.52,45.10,29.20
206.76,34.88,21.01,21.57,20.12,95.68,55.38,45.10,29.20
206.77,34.88,21.01,21.57,20.12,95.68,55.38,45.10,29.25
206.78,34.88,21.01,21.53,20.12,95.68,55.38,45.10,29.25
206.79,34.88,20.98,21.57,20.12,95.68,55.38,45.10,29.20
206.80,34.88,21.04,21.57,20.12,95.68,55.38,45.10,29.25
206.81,34.95,21.01,21.57,20.12,95.68,55.52,45.20,29.20
206.82,34.88,20.98,21.57,20.12,95.68,55.52,45.10,29.20
206.83,34.95,20.98,21.57,20.12,96.04,55.38,45.10,29.25
206.84,34.95,21.01,21.57,20.12,95.68,55.38,45.10,29.20
206.85,34.88,21.01,21.57,20.12,95.68,55.52,45.10,29.20
206.86,34.88,21.01,21.57,20.12,95.68,55.52,45.10,29.20
206.87,34.88,20.98,21.57,20.14,95.68,55.52,45.20,29.25
206.88,34.88,21.01,21.53,20.12,96.04,55.38,45.20,29.25
206.89,34.88,21.01,21.57,20.12,95.68,55.38,45.10,29.25
206.90,34.95,21.01,21.57,20.12,96.04,55.52,45.10,29.20
206.91,34.95,21.01,21.57,20.12,95.68,55.52,45.20,29.20
206.92,34.95,20.98,21.57,20.12,96.04,55.38,45.10,29.25
206.93,34.95,20.98,21.53,20.12,95.68,55.38,45.10,29.20
206.94,34.88,21.01,21.53,20.12,95.68,55.38,45.10,29.20
206.95,34.95,21.01,21.57,20.14,95.68,55.38,45.20,29.25
206.96,34.95,21.01,21.57,20.12,95.68,55.38,45.20,29.20
206.97,34.88,21.01,21.57,20.12,96.04,55.52,45.20,29.25
206.98,34.88,21.01,21.57,20.12,96.04,55.52,45.10,29.25
206.99,34.88,21.01,21.57,20.14,95.68,55.52,45.20,29.20
207.00,34.95,21.01,21.57,20.12,96.04,55.38,45.20,29.25
207.01,34.95,21.04,21.57,20.12,95.68,55.52,45.20,29.20
207.02,34.95,21.01,21.57,20.12,95.68,55.38,45.10,29.20
207.03,34.95,21.01,21.57,20.12,95.68,55.52,45.20,29.25
207.04,34.88,21.01,21.57,20.14,95.68,55.38,45.10,29.25
207.05,34.95,21.01,21.60,20.12,96.04,55.38,45.20,29.25
207.06,34.88,21.01,21.57,20.12,95.68,55.52,45.20,29.20
207.07,34.88,21.01,21.57,20.12,95.68,55.52,45.20,29.25
207.08,34.95,21.01,21.57,20.14,95.68,55.52,45.20,29.25
207.09,34.88,21.01,21.57,20.12,95.68,55.52,45.20,29.25
207.10,34.88,21.01,21.57,20.14,95.68,55.52,45.10,29.25
207.11,34.88,21.01,21.57,20.12,96.04,55.38,45.10,29.25
207.12,34.88,21.01,21.57,20.12,95.68,55.38,45.10,29.25
207.13,34.95,20.98,21.57,20.12,96.04,55.38,45.10,29.25
207.14,34.82,21.01,21.57,20.12,95.68,55.52,45.20,29.25
207.15,34.88,21.01,21.57,20.14,95.68,55.38,45.20,29.25
207.16,34.95,21.04,21.60,20.14,96.04,55.52,45.20,29.25
207.17,34.95,21.01,21.57,20.12,96.04,55.38,45.20,29.25
207.18,34.88,20.98,21.57,20.12,96.04,55.38,45.20,29.25
207.19,34.88,21.01,21.57,20.14,95.68,55.52,45.20,29.25
207.20,34.95,21.01,21.57,20.12,96.04,55.52,45.20,29.25
207.21,34.95,21.04,21.57,20.12,95.68,55.52,45.20,29.25
207.22,34.88,21.01,21.57,20.14,95.68,55.52,45.20,29.25
207.23,34.88,21.01,21.57,20.14,95.68,55.52,45.10,29.25
207.24,34.82,21.01,21.57,20.14,96.04,55.52,45.20,29.25
207.25,34.95,21.01,21.60,20.14,96.04,55.52,45.20,29.25
207.26,34.88,21.01,21.60,20.14,96.04,55.52,45.20,29.25
207.27,34.88,21.01,21.57,20.12,95.68,55.52,45.10,29.25
207.28,34.88,20.98,21.57,20.12,95.68,55.38,45.10,29.25
207.29,34.88,21.01,21.57,20.12,95.68,55.52,45.20,29.25
207.30,34.95,21.01,21.60,20.12,95.68,55.52,45.20,29.30
207.31,34.88,21.01,21.60,20.12,95.68,55.52,45.20,29.25
207.32,34.88,21.01,21.57,20.14,95.68,55.38,45.20,29.25
207.33,34.88,20.98,21.57,20.14,95.68,55.52,45.20,29.25
207.34,34.88,21.01,21.57,20.14,96.04,55.52,45.20,29.25
207.35,34.95,21.01,21.60,20.14,95.68,55.52,45.20,29.25
207.36,34.95,21.01,21.60,20.14,95.68,55.52,45.20,29.25
207.37,34.88,21.01,21.60,20.14,95.68,55.38,45.20,29.25
207.38,34.95,21.01,21.57,20.12,95.68,55.52,45.10,29.25
207.39,34.88,21.01,21.57,20.14,96.04,55.38,45.20,29.25
207.40,34.88,21.01,21.60,20.14,95.68,55.52,45.20,29.25
207.41,34.95,21.01,21.60,20.12,96.04,55.52,45.20,29.30
207.42,35.01,21.01,21.60,20.12,96.04,55.52,45.20,29.25
207.43,34.88,21.01,21.57,20.14,96.04,55.52,45.20,29.25
207.44,34.95,21.01,21.60,20.12,95.68,55.52,45.20,29.25
207.45,35.01,21.01,21.60,20.14,96.04,55.52,45.20,29.30
207.46,35.01,21.04,21.60,20.14,96.04,55.52,45.20,29.25
207.47,34.95,21.01,21.60,20.14,95.68,55.38,45.20,29.25
207.48,34.95,21.01,21.57,20.14,95.68,55.38,45.20,29.25
207.49,34.88,21.01,21.57,20.12,95.68,55.52,45.29,29.25
207.50,34.88,21.01,21.60,20.14,96.04,55.52,45.20,29.25
207.51,34.95,21.04,21.60,20.12,96.04,55.52,45.20,29.25
207.52,34.95,21.01,21.60,20.14,95.68,55.52,45.20,29.25
207.53,34.88,21.01,21.60,20.12,95.68,55.38,45.20,29.25
207.54,34.95,21.01,21.60,20.14,95.68,55.52,45.20,29.30
207.55,35.01,21.04,21.60,20.14,96.04,55.38,45.20,29.30
207.56,34.95,21.04,21.60,20.14,96.04,55.52,45.20,29.30
207.57,34.88,20.98,21.60,20.14,95.68,55.38,45.20,29.30
207.58,34.95,21.04,21.60,20.14,95.68,55.38,45.20,29.25
207.59,34.95,21.04,21.60,20.12,96.04,55.52,45.20,29.30
207.60,35.01,21.04,21.60,20.12,96.04,55.52,45.29,29.30
207.61,34.95,21.04,21.60,20.14,96.04,55.52,45.29,29.25
207.62,34.95,21.01,21.60,20.14,95.68,55.52,45.20,29.30
207.63,34.88,21.01,21.60,20.12,96.04,55.52,45.20,29.30
207.64,34.95,21.01,21.60,20.14,95.68,55.52,45.20,29.30
207.65,35.01,21.04,21.60,20.14,96.04,55.52,45.29,29.30
207.66,34.95,21.04,21.60,20.14,96.04,55.65,45.20,29.30
207.67,34.95,21.01,21.60,20.14,96.04,55.38,45.20,29.30
207.68,34.88,21.01,21.57,20.14,95.68,55.65,45.20,29.30
207.69,34.95,21.04,21.60,20.14,96.04,55.52,45.20,29.34
207.70,34.95,21.04,21.60,20.14,96.04,55.52,45.20,29.30
207.71,35.01,21.01,21.60,20.14,96.04,55.52,45.20,29.34
207.72,34.95,21.01,21.60,20.14,96.04,55.52,45.29,29.30
207.73,34.88,21.01,21.60,20.14,95.68,55.52,45.29,29.30
207.74,35.01,21.01,21.60,20.14,96.04,55.52,45.29,29.30
207.75,34.88,21.04,21.60,20.14,96.04,55.52,45.29,29.30
207.76,35.01,21.04,21.60,20.14,96.04,55.52,45.20,29.30
207.77,34.88,21.01,21.60,20.14,96.04,55.52,45.20,29.30
207.78,34.95,21.01,21.60,20.14,96.04,55.52,45.29,29.30
207.79,34.88,21.01,21.60,20.14,95.68,55.52,45.20,29.30
207.80,34.95,21.04,21.60,20.14,96.04,55.52,45.29,29.30
207.81,35.01,21.04,21.60,20.14,96.04,55.52,45.29,29.30
207.82,34.95,21.04,21.60,20.14,96.04,55.52,45.29,29.34
207.83,35.01,21.01,21.63,20.14,96.04,55.52,45.29,29.30
207.84,34.88,21.04,21.60,20.14,96.04,55.52,45.29,29.30
207.85,34.95,21.04,21.63,20.14,96.04,55.52,45.20,29.30
207.86,34.88,21.04,21.63,20.14,96.04,55.52,45.29,29.30
207.87,34.95,21.04,21.60,20.14,95.68,55.52,45.29,29.30
207.88,34.88,21.01,21.60,20.14,96.04,55.52,45.29,29.30
207.89,34.88,21.04,21.60,20.14,96.04,55.52,45.29,29.30
207.90,34.95,21.04,21.60,20.14,95.68,55.52,45.29,29.30
207.91,34.88,21.04,21.60,20.14,96.40,55.52,45.29,29.30
207.92,34.88,21.01,21.60,20.14,95.68,55.52,45.20,29.30
207.93,34.95,21.01,21.60,20.14,96.40,55.52,45.29,29.30
207.94,34.95,21.01,21.60,20.14,95.68,55.65,45.20,29.30
207.95,34.95,21.04,21.63,20.14,96.04,55.52,45.20,29.34
207.96,34.95,21.04,21.63,20.14,96.04,55.52,45.29,29.30
207.97,34.88,21.01,21.63,20.14,96.04,55.52,45.20,29.30
207.98,34.88,21.01,21.60,20.14,96.04,55.52,45.20,29.30
207.99,34.88,21.04,21.60,20.14,96.04,55.52,45.29,29.30
208.00,34.95,21.04,21.60,20.14,96.04,55.52,45.29,29.30
208.01,34.95,21.04,21.63,20.14,96.04,55.52,45.29,29.30
208.02,34.95,21.04,21.60,20.14,95.68,55.52,45.29,29.34
208.03,34.88,21.01,21.60,20.14,96.04,55.52,45.29,29.30
208.04,34.95,21.04,21.60,20.14,96.04,55.52,45.29,29.30
208.05,34.95,21.01,21.60,20.14,96.04,55.52,45.29,29.30
208.06,35.01,21.04,21.63,20.14,96.04,55.52,45.29,29.30
208.07,34.88,21.04,21.63,20.18,96.04,55.52,45.29,29.30
208.08,34.95,21.04,21.60,20.14,95.68,55.52,45.29,29.30
208.09,34.95,21.01,21.60,20.14,95.68,55.52,45.29,29.30
208.10,34.95,21.04,21.63,20.14,96.04,55.52,45.29,29.30
208.11,35.01,21.04,21.63,20.14,96.04,55.52,45.29,29.30
208.12,34.95,21.04,21.60,20.14,96.04,55.52,45.29,29.30
208.13,34.88,21.01,21.60,20.14,96.04,55.52,45.29,29.30
208.14,34.95,21.01,21.60,20.14,96.04,55.52,45.29,29.34
208.15,34.95,21.04,21.63,20.14,96.04,55.52,45.29,29.30
208.16,34.95,21.04,21.63,20.14,96.04,55.52,45.29,29.30
208.17,34.95,21.04,21.63,20.14,96.04,55.52,45.29,29.30
208.18,35.01,21.04,21.60,20.14,95.68,55.38,45.29,29.34
208.19,34.95,21.04,21.63,20.14,96.04,55.65,45.29,29.34
208.20,34.95,21.04,21.63,20.14,96.04,55.52,45.39,29.34
208.21,34.95,21.04,21.63,20.14,96.04,55.52,45.29,29.30
208.22,35.01,21.04,21.63,20.14,96.04,55.52,45.29,29.34
208.23,34.88,21.01,21.63,20.14,96.04,55.52,45.29,29.30
208.24,34.95,21.04,21.63,20.14,96.04,55.52,45.29,29.34
208.25,35.01,21.04,21.63,20.14,96.04,55.52,45.29,29.34
208.26,35.08,21.04,21.63,20.14,96.04,55.52,45.29,29.34
208.27,34.95,21.01,21.63,20.14,96.04,55.52,45.29,29.34
208.28,34.95,21.01,21.63,20.14,96.04,55.52,45.29,29.34
208.29,34.95,21.07,21.63,20.14,96.04,55.52,45.29,29.30
208.30,34.95,21.04,21.63,20.18,96.04,55.65,45.29,29.34
208.31,34.95,21.07,21.63,20.14,96.04,55.52,45.29,29.34
208.32,34.88,21.04,21.63,20.14,95.68,55.52,45.29,29.34
208.33,34.95,21.04,21.63,20.14,96.04,55.65,45.29,29.34
208.34,34.95,21.04,21.63,20.14,96.04,55.52,45.29,29.34
208.35,34.95,21.07,21.63,20.14,96.04,55.52,45.29,29.34
208.36,35.08,21.04,21.63,20.14,96.04,55.52,45.29,29.34
208.37,35.01,21.04,21.63,20.14,96.04,55.52,45.29,29.34
208.38,34.88,21.04,21.63,20.14,95.68,55.52,45.29,29.34
208.39,34.88,21.04,21.63,20.14,96.04,55.52,45.29,29.34
208.40,35.01,21.04,21.63,20.14,96.04,55.65,45.39,29.34
208.41,35.01,21.04,21.63,20.14,96.04,55.52,45.29,29.34
208.42,34.95,21.04,21.63,20.14,96.04,55.52,45.29,29.34
208.43,34.95,21.04,21.63,20.14,96.04,55.52,45.29,29.34
208.44,35.01,21.04,21.63,20.14,96.04,55.38,45.29,29.30
208.45,34.95,21.07,21.63,20.14,96.04,55.65,45.29,29.34
208.46,35.01,21.07,21.63,20.14,96.04,55.65,45.39,29.34
208.47,35.01,21.04,21.63,20.18,96.04,55.52,45.29,29.34
208.48,35.01,21.01,21.63,20.14,96.04,55.52,45.29,29.34
208.49,34.88,21.04,21.63,20.14,96.04,55.52,45.29,29.34
208.50,34.95,21.04,21.63,20.14,96.04,55.52,45.39,29.30
208.51,34.95,21.04,21.63,20.14,96.04,55.52,45.29,29.34
208.52,35.01,21.04,21.63,20.14,96.04,55.52,45.39,29.34
208.53,34.88,21.01,21.63,20.14,96.04,55.52,45.39,29.34
208.54,34.95,21.04,21.63,20.14,96.04,55.52,45.29,29.34
208.55,34.95,21.04,21.63,20.14,95.68,55.65,45.29,29.39
208.56,34.95,21.04,21.66,20.14,96.40,55.52,45.39,29.34
208.57,34.95,21.04,21.63,20.14,95.68,55.52,45.29,29.34
208.58,34.95,21.04,21.63,20.14,96.04,55.52,45.29,29.34
208.59,34.95,21.04,21.63,20.14,96.04,55.52,45.29,29.34
208.60,34.88,21.04,21.63,20.18,96.04,55.38,45.39,29.34
208.61,34.95,21.07,21.66,20.14,96.04,55.65,45.39,29.34
208.62,34.95,21.04,21.63,20.14,96.04,55.65,45.39,29.39
208.63,34.95,21.01,21.63,20.14,96.04,55.65,45.29,29.39
208.64,34.95,21.04,21.63,20.18,96.04,55.52,45.29,29.34
208.65,34.95,21.07,21.63,20.18,96.04,55.52,45.39,29.34
208.66,35.01,21.04,21.66,20.18,96.04,55.52,45.39,29.34
208.67,34.95,21.04,21.63,20.18,96.04,55.52,45.39,29.34
208.68,34.95,21.04,21.63,20.14,95.68,55.52,45.29,29.39
208.69,34.88,21.04,21.60,20.18,96.04,55.52,45.39,29.34
208.70,35.01,21.07,21.63,20.18,96.04,55.65,45.39,29.39
208.71,34.95,21.04,21.66,20.14,96.04,55.65,45.39,29.34
208.72,34.95,21.04,21.63,20.18,96.04,55.52,45.39,29.39
208.73,34.88,21.04,21.63,20.14,95.68,55.52,45.29,29.34
208.74,34.95,21.04,21.63,20.18,96.04,55.52,45.39,29.34
208.75,34.95,21.04,21.66,20.18,96.04,55.52,45.39,29.34
208.76,34.95,21.07,21.63,20.18,96.04,55.52,45.39,29.34
208.77,34.95,21.04,21.63,20.18,96.04,55.52,45.39,29.39
208.78,34.95,21.04,21.63,20.14,95.68,55.52,45.29,29.39
208.79,34.95,21.04,21.63,20.18,96.04,55.52,45.39,29.39
208.80,35.01,21.04,21.63,20.14,96.04,55.52,45.39,29.39
208.81,34.95,21.04,21.66,20.14,96.04,55.52,45.39,29.39
208.82,34.95,21.04,21.66,20.14,96.04,55.52,45.39,29.34
208.83,35.01,21.01,21.63,20.14,96.04,55.52,45.39,29.39
208.84,35.01,21.04,21.66,20.14,96.04,55.52,45.39,29.39
208.85,34.95,21.07,21.66,20.18,96.04,55.52,45.39,29.39
208.86,35.01,21.04,21.66,20.14,96.04,55.52,45.39,29.39
208.87,34.95,21.04,21.63,20.14,96.04,55.52,45.39,29.39
208.88,34.88,21.04,21.63,20.14,95.68,55.52,45.39,29.39
208.89,34.95,21.04,21.63,20.18,96.04,55.52,45.39,29.34
208.90,34.95,21.04,21.66,20.18,96.04,55.65,45.39,29.39
208.91,34.95,21.04,21.66,20.14,96.04,55.52,45.39,29.34
208.92,34.88,21.04,21.63,20.18,96.04,55.52,45.29,29.39
208.93,34.95,21.01,21.63,20.14,95.68,55.38,45.29,29.39
208.94,34.95,21.04,21.63,20.18,96.04,55.38,45.39,29.39
208.95,34.95,21.04,21.66,20.18,96.04,55.65,45.39,29.44
208.96,34.95,21.04,21.66,20.18,96.04,55.52,45.29,29.34
208.97,34.95,21.04,21.63,20.18,96.04,55.52,45.29,29.39
208.98,34.95,21.01,21.63,20.18,96.04,55.52,45.39,29.39
208.99,34.95,21.04,21.63,20.18,96.04,55.65,45.39,29.39
209.00,34.95,21.04,21.66,20.18,96.04,55.52,45.39,29.39
209.01,34.95,21.04,21.66,20.18,96.04,55.65,45.39,29.39
209.02,34.95,21.04,21.63,20.18,95.68,55.52,45.39,29.39
209.03,34.95,21.01,21.63,20.14,96.04,55.52,45.29,29.39
209.04,34.88,21.01,21.63,20.18,96.04,55.52,45.29,29.34
209.05,34.95,21.04,21.66,20.18,96.04,55.52,45.29,29.39
209.06,35.01,21.04,21.63,20.14,96.04,55.65,45.39,29.34
209.07,34.95,21.04,21.63,20.18,96.04,55.52,45.39,29.39
209.08,34.88,21.04,21.63,20.18,96.04,55.52,45.39,29.39
209.09,34.88,21.04,21.63,20.18,96.04,55.52,45.39,29.39
209.10,34.95,21.04,21.63,20.18,96.04,55.52,45.39,29.39
209.11,34.95,21.04,21.63,20.18,96.04,55.52,45.39,29.39
209.12,34.88,21.04,21.63,20.18,95.68,55.52,45.39,29.39
209.13,34.88,21.04,21.63,20.18,96.04,55.52,45.39,29.39
209.14,34.95,21.04,21.66,20.18,96.04,55.52,45.39,29.39
209.15,34.95,21.04,21.66,20.18,96.04,55.52,45.39,29.39
209.16,35.01,21.04,21.66,20.18,95.68,55.52,45.39,29.39
209.17,34.95,21.04,21.63,20.18,96.04,55.52,45.39,29.39
209.18,34.95,21.04,21.66,20.18,95.68,55.52,45.29,29.39
209.19,35.01,21.04,21.63,20.14,95.68,55.52,45.29,29.39
209.20,35.01,21.04,21.63,20.18,96.04,55.65,45.49,29.39
209.21,35.01,21.04,21.66,20.18,96.04,55.65,45.29,29.39
209.22,34.95,21.04,21.63,20.18,96.04,55.52,45.39,29.39
209.23,34.95,21.01,21.63,20.18,96.04,55.52,45.39,29.39
209.24,34.95,21.04,21.63,20.18,96.04,55.52,45.39,29.39
209.25,35.08,21.04,21.66,20.18,96.04,55.52,45.49,29.44
209.26,34.95,21.04,21.66,20.18,96.04,55.52,45.39,29.39
209.27,34.95,21.04,21.66,20.18,96.04,55.52,45.39,29.39
209.28,34.95,21.01,21.63,20.18,96.04,55.52,45.39,29.39
209.29,34.95,21.04,21.63,20.18,96.04,55.38,45.39,29.39
209.30,34.95,21.04,21.66,20.18,96.04,55.52,45.39,29.39
209.31,34.95,21.04,21.66,20.18,95.68,55.52,45.39,29.39
209.32,34.95,21.04,21.63,20.18,96.04,55.52,45.39,29.39
209.33,34.95,21.04,21.63,20.18,95.68,55.52,45.39,29.44
209.34,34.88,21.01,21.66,20.18,96.04,55.52,45.39,29.34
209.35,34.95,21.04,21.66,20.18,96.04,55.52,45.49,29.39
209.36,34.95,21.04,21.66,20.18,95.68,55.52,45.39,29.44
209.37,34.95,21.04,21.66,20.18,96.04,55.52,45.39,29.39
209.38,34.95,21.04,21.63,20.18,96.04,55.52,45.39,29.39
209.39,34.95,21.04,21.63,20.18,96.04,55.52,45.39,29.39
209.40,34.95,21.04,21.66,20.18,96.04,55.52,45.49,29.39
209.41,35.01,21.04,21.66,20.18,96.04,55.52,45.39,29.44
209.42,34.95,21.01,21.63,20.18,96.04,55.52,45.39,29.44
209.43,34.88,21.01,21.63,20.18,95.68,55.52,45.39,29.39
209.44,34.88,21.04,21.63,20.18,96.04,55.52,45.39,29.39
209.45,34.95,21.04,21.63,20.18,96.04,55.52,45.39,29.44
209.46,34.95,21.07,21.66,20.18,96.04,55.65,45.39,29.44
209.47,34.95,21.04,21.66,20.18,96.04,55.52,45.39,29.44
209.48,34.88,21.04,21.63,20.18,96.04,55.52,45.39,29.39
209.49,34.95,21.04,21.66,20.18,96.04,55.52,45.39,29.44
209.50,34.95,21.04,21.66,20.18,96.04,55.52,45.39,29.44
209.51,35.01,21.04,21.66,20.18,96.04,55.65,45.49,29.44
209.52,34.88,21.04,21.63,20.18,96.04,55.52,45.29,29.44
209.53,34.88,21.04,21.63,20.18,96.04,55.65,45.39,29.44
209.54,34.95,21.04,21.66,20.18,96.04,55.52,45.49,29.39
209.55,35.01,21.04,21.66,20.18,96.04,55.52,45.49,29.39
209.56,34.95,21.07,21.66,20.18,96.04,55.65,45.39,29.39
209.57,34.95,21.01,21.66,20.18,96.04,55.52,45.39,29.44
209.58,34.88,21.01,21.66,20.18,96.04,55.52,45.49,29.39
209.59,34.95,21.04,21.63,20.18,95.68,55.52,45.39,29.39
209.60,35.01,21.04,21.66,20.18,96.04,55.65,45.39,29.44
209.61,35.01,21.07,21.66,20.18,96.04,55.52,45.39,29.44
209.62,34.95,21.01,21.66,20.18,96.04,55.65,45.39,29.44
209.63,35.01,21.04,21.66,20.18,95.68,55.52,45.39,29.44
209.64,34.88,21.01,21.63,20.18,95.68,55.52,45.39,29.44
209.65,34.95,21.04,21.66,20.18,96.04,55.65,45.49,29.44
209.66,34.95,21.04,21.66,20.18,96.04,55.52,45.39,29.44
209.67,34.95,21.04,21.66,20.18,96.04,55.52,45.39,29.44
209.68,34.95,21.04,21.63,20.18,95.68,55.52,45.39,29.44
209.69,34.88,21.04,21.66,20.18,96.04,55.52,45.39,29.44
209.70,34.95,21.04,21.66,20.18,96.04,55.52,45.39,29.44
209.71,35.01,21.04,21.66,20.18,96.04,55.52,45.39,29.44
209.72,34.95,21.04,21.63,20.18,96.04,55.52,45.39,29.44
209.73,34.95,21.04,21.63,20.18,95.68,55.52,45.49,29.44
209.74,34.95,21.04,21.66,20.18,96.04,55.65,45.39,29.44
209.75,35.01,21.04,21.66,20.18,96.04,55.65,45.39,29.44
209.76,35.01,21.04,21.66,20.18,96.04,55.52,45.39,29.44
209.77,34.95,21.04,21.66,20.18,96.04,55.65,45.39,29.44
209.78,34.88,21.01,21.63,20.18,96.04,55.52,45.39,29.44
209.79,34.88,21.04,21.66,20.18,96.04,55.52,45.39,29.44
209.80,34.88,21.04,21.66,20.18,96.04,55.52,45.39,29.44
209.81,34.95,21.04,21.66,20.18,96.04,55.52,45.39,29.44
209.82,34.95,21.04,21.66,20.18,96.04,55.65,45.49,29.44
209.83,34.95,21.04,21.66,20.18,96.04,55.52,45.39,29.44
209.84,34.88,21.04,21.66,20.18,96.04,55.52,45.39,29.44
209.85,35.01,21.07,21.66,20.18,96.04,55.65,45.39,29.49
209.86,35.01,21.04,21.66,20.18,96.04,55.52,45.39,29.44
209.87,34.95,21.04,21.66,20.18,96.04,55.52,45.39,29.44
209.88,34.95,21.04,21.66,20.18,96.04,55.52,45.39,29.44
209.89,34.95,21.04,21.66,20.18,96.04,55.65,45.39,29.44
209.90,34.95,21.07,21.66,20.18,96.04,55.65,45.49,29.44
209.91,34.95,21.04,21.66,20.18,96.04,55.52,45.39,29.44
209.92,35.01,21.04,21.66,20.18,96.04,55.52,45.39,29.44
209.93,34.95,21.04,21.66,20.18,96.04,55.65,45.39,29.44
209.94,35.01,21.04,21.66,20.18,96.04,55.52,45.49,29.44
209.95,34.95,21.04,21.66,20.18,96.04,55.65,45.49,29.44
209.96,34.95,21.04,21.66,20.18,96.04,55.65,45.39,29.44
209.97,35.01,21.04,21.66,20.18,96.04,55.52,45.49,29.44
209.98,34.95,21.04,21.66,20.20,96.04,55.65,45.39,29.44
209.99,34.95,21.04,21.66,20.18,96.04,55.52,45.49,29.44
210.00,34.95,21.04,21.66,20.18,96.04,55.52,45.49,29.44
210.01,34.95,21.04,21.66,20.18,96.04,55.65,45.49,29.44
210.02,34.95,21.04,21.66,20.18,96.04,55.52,45.49,29.49
210.03,34.95,21.04,21.66,20.18,96.04,55.65,45.39,29.44
210.04,35.01,21.04,21.66,20.18,96.04,55.52,45.39,29.44
210.05,34.95,21.04,21.66,20.18,96.04,55.65,45.49,29.44
210.06,34.95,21.07,21.69,20.18,96.04,55.65,45.39,29.49
210.07,35.01,21.04,21.69,20.18,96.04,55.65,45.49,29.44
210.08,34.95,21.01,21.66,20.18,96.04,55.65,45.49,29.44
210.09,34.95,21.04,21.66,20.18,96.04,55.52,45.49,29.44
210.10,35.01,21.04,21.66,20.18,96.04,55.65,45.49,29.49
210.11,35.01,21.04,21.66,20.20,96.04,55.52,45.49,29.49
210.12,34.95,21.04,21.66,20.18,96.04,55.52,45.39,29.49
210.13,34.88,21.04,21.66,20.18,96.04,55.52,45.39,29.49
210.14,34.88,21.04,21.66,20.18,96.04,55.52,45.49,29.49
210.15,34.88,21.04,21.66,20.18,96.04,55.52,45.49,29.44
210.16,34.95,21.07,21.66,20.18,96.04,55.65,45.49,29.49
210.17,34.95,21.04,21.66,20.18,96.04,55.38,45.49,29.44
210.18,34.95,21.04,21.66,20.18,96.04,55.52,45.49,29.49
210.19,34.95,21.04,21.66,20.20,95.68,55.52,45.49,29.49
210.20,34.88,21.04,21.66,20.18,96.04,55.52,45.49,29.44
210.21,34.95,21.04,21.69,20.18,96.04,55.52,45.49,29.49
210.22,34.95,21.04,21.66,20.18,96.04,55.52,45.49,29.49
210.23,34.95,21.04,21.66,20.18,96.04,55.52,45.49,29.49
210.24,34.95,21.04,21.66,20.18,96.04,55.52,45.49,29.49
210.25,35.01,21.04,21.66,20.18,96.04,55.52,45.49,29.49
210.26,34.88,21.04,21.69,20.18,96.04,55.52,45.49,29.49
210.27,34.95,21.04,21.66,20.20,96.04,55.52,45.49,29.49
210.28,34.88,21.04,21.66,20.18,96.04,55.52,45.49,29.44
210.29,34.95,21.04,21.66,20.18,96.04,55.52,45.49,29.44
210.30,34.95,21.04,21.66,20.18,96.04,55.52,45.49,29.49
210.31,34.95,21.04,21.66,20.18,96.04,55.52,45.49,29.44
210.32,34.95,21.04,21.66,20.18,96.04,55.52,45.49,29.49
210.33,34.88,21.04,21.66,20.20,96.04,55.65,45.49,29.49
210.34,34.95,21.04,21.66,20.18,96.04,55.52,45.49,29.49
210.35,34.95,21.04,21.66,20.18,96.04,55.65,45.49,29.49
210.36,35.01,21.04,21.69,20.18,96.04,55.52,45.49,29.49
210.37,34.95,21.04,21.66,20.18,96.04,55.52,45.49,29.49
210.38,34.95,21.04,21.66,20.18,96.04,55.52,45.49,29.49
210.39,35.01,21.04,21.66,20.20,96.04,55.52,45.49,29.49
210.40,34.95,21.04,21.66,20.18,95.68,55.52,45.49,29.49
210.41,35.01,21.04,21.66,20.18,96.04,55.65,45.49,29.49
210.42,35.01,21.04,21.66,20.18,95.68,55.65,45.39,29.49
210.43,34.95,21.04,21.66,20.18,96.04,55.52,45.49,29.44
210.44,35.01,21.04,21.66,20.20,96.04,55.65,45.59,29.49
210.45,35.01,21.04,21.66,20.18,96.04,55.65,45.39,29.49
210.46,35.01,21.07,21.69,20.18,96.04,55.65,45.49,29.49
210.47,35.01,21.04,21.66,20.18,96.04,55.52,45.39,29.49
210.48,34.95,21.01,21.66,20.20,96.04,55.65,45.49,29.49
210.49,34.95,21.04,21.66,20.18,96.04,55.52,45.49,29.49
210.50,34.95,21.04,21.66,20.18,96.04,55.52,45.49,29.49
210.51,34.95,21.04,21.66,20.18,96.04,55.52,45.49,29.49
210.52,34.88,21.04,21.66,20.20,96.04,55.52,45.49,29.49
210.53,35.01,21.04,21.66,20.20,96.04,55.65,45.49,29.49
210.54,34.88,21.01,21.66,20.18,96.04,55.52,45.49,29.49
210.55,34.95,21.04,21.69,20.18,96.04,55.65,45.49,29.49
210.56,34.95,21.04,21.69,20.18,96.04,55.52,45.49,29.49
210.57,34.95,21.04,21.66,20.20,95.68,55.52,45.49,29.49
210.58,34.88,21.04,21.66,20.18,96.04,55.52,45.49,29.49
210.59,34.88,21.04,21.66,20.20,96.04,55.52,45.49,29.49
210.60,35.01,21.04,21.66,20.18,96.04,55.52,45.49,29.49
210.61,35.01,21.04,21.69,20.20,96.04,55.65,45.49,29.49
210.62,34.88,21.04,21.66,20.18,95.68,55.52,45.49,29.49
210.63,35.01,21.04,21.66,20.18,96.04,55.65,45.49,29.49
210.64,34.95,21.04,21.66,20.20,96.04,55.52,45.49,29.49
210.65,35.01,21.04,21.66,20.20,95.68,55.52,45.49,29.49
210.66,35.01,21.01,21.69,20.20,96.04,55.52,45.49,29.49
210.67,34.88,21.04,21.66,20.18,96.04,55.52,45.49,29.54
210.68,34.88,21.01,21.66,20.20,95.68,55.52,45.49,29.49
210.69,34.88,21.04,21.66,20.20,96.04,55.65,45.49,29.49
210.70,34.95,21.04,21.66,20.20,96.04,55.65,45.49,29.49
210.71,34.88,21.04,21.66,20.18,96.04,55.52,45.49,29.49
210.72,35.01,21.04,21.66,20.20,96.04,55.65,45.49,29.54
210.73,34.88,21.01,21.66,20.18,96.04,55.52,45.49,29.49
210.74,34.88,21.04,21.66,20.20,96.04,55.52,45.59,29.49
210.75,35.01,21.04,21.69,20.18,96.04,55.65,45.59,29.49
210.76,34.95,21.04,21.69,20.20,96.04,55.52,45.49,29.49
210.77,34.88,21.01,21.69,20.18,96.04,55.52,45.49,29.49
210.78,34.88,21.04,21.66,20.20,96.04,55.52,45.49,29.49
210.79,34.95,21.04,21.66,20.20,96.04,55.65,45.49,29.49
210.80,34.95,21.04,21.69,20.18,96.04,55.52,45.59,29.49
210.81,34.95,21.04,21.69,20.20,96.04,55.65,45.49,29.54
210.82,34.88,21.04,21.66,20.20,95.68,55.65,45.49,29.49
210.83,34.88,21.01,21.66,20.18,96.04,55.52,45.49,29.49
210.84,34.95,21.04,21.66,20.20,96.04,55.52,45.49,29.54
210.85,34.88,21.04,21.66,20.20,96.04,55.52,45.59,29.49
210.86,34.88,21.04,21.69,20.20,96.04,55.52,45.49,29.49
210.87,34.88,21.04,21.66,20.18,96.04,55.52,45.59,29.54
210.88,34.88,21.04,21.66,20.20,96.04,55.52,45.49,29.49
210.89,34.95,21.04,21.69,20.20,96.04,55.52,45.49,29.54
210.90,34.88,21.04,21.66,20.20,96.04,55.52,45.49,29.49
210.91,34.95,21.04,21.66,20.20,96.04,55.52,45.59,29.49
210.92,34.95,21.04,21.69,20.20,96.04,55.52,45.49,29.49
210.93,34.95,21.04,21.66,20.20,96.04,55.65,45.49,29.54
210.94,34.88,21.04,21.66,20.18,96.04,55.52,45.39,29.54
210.95,34.95,21.04,21.69,20.20,96.04,55.52,45.49,29.54
210.96,34.95,21.04,21.69,20.18,96.04,55.52,45.49,29.49
210.97,34.95,21.04,21.66,20.18,96.04,55.52,45.49,29.49
210.98,34.95,21.04,21.66,20.20,96.04,55.65,45.49,29.54
210.99,34.95,21.04,21.66,20.20,96.04,55.65,45.49,29.54
211.00,35.01,21.04,21.69,20.20,96.04,55.65,45.59,29.54
211.01,35.01,21.04,21.69,20.20,96.04,55.52,45.49,29.54
211.02,34.88,21.04,21.69,20.20,96.04,55.52,45.49,29.54
211.03,34.95,21.04,21.66,20.20,96.04,55.52,45.49,29.49
211.04,34.95,21.04,21.66,20.20,96.04,55.52,45.59,29.54
211.05,34.95,21.04,21.69,20.20,96.04,55.52,45.59,29.54
211.06,35.01,21.07,21.69,20.20,96.04,55.65,45.49,29.54
211.07,34.95,21.04,21.66,20.20,96.04,55.52,45.49,29.54
211.08,34.95,21.01,21.66,20.20,95.68,55.52,45.49,29.54
211.09,34.95,21.04,21.69,20.20,96.04,55.65,45.59,29.54
211.10,34.88,21.04,21.69,20.20,96.04,55.52,45.59,29.54
211.11,35.01,21.04,21.69,20.20,96.04,55.65,45.59,29.54
211.12,34.88,21.01,21.66,20.20,96.04,55.65,45.49,29.54
211.13,34.95,21.04,21.66,20.18,96.04,55.52,45.49,29.54
211.14,34.95,21.04,21.66,20.20,96.04,55.52,45.49,29.54
211.15,35.01,21.04,21.69,20.20,96.04,55.65,45.59,29.54
211.16,34.95,21.04,21.69,20.20,96.04,55.52,45.49,29.54
211.17,34.95,21.04,21.66,20.18,96.04,55.52,45.59,29.54
211.18,35.01,21.04,21.66,20.20,96.04,55.65,45.49,29.54
211.19,34.95,21.01,21.69,20.20,96.04,55.52,45.59,29.54
211.20,34.95,21.04,21.69,20.20,96.04,55.52,45.59,29.54
211.21,34.95,21.04,21.69,20.20,96.04,55.65,45.59,29.54
211.22,34.95,21.01,21.69,20.20,96.04,55.52,45.49,29.54
211.23,34.95,21.01,21.66,20.20,96.04,55.52,45.59,29.54
211.24,34.88,21.04,21.69,20.20,96.04,55.65,45.49,29.59
211.25,35.01,21.04,21.69,20.20,96.04,55.65,45.39,29.54
211.26,34.95,21.04,21.69,20.20,96.04,55.65,45.59,29.54
211.27,34.95,21.04,21.69,20.20,96.04,55.52,45.49,29.54
211.28,34.88,21.01,21.66,20.20,95.68,55.52,45.59,29.54
211.29,34.88,21.01,21.66,20.20,96.04,55.52,45.59,29.54
211.30,34.95,21.04,21.69,20.20,96.04,55.65,45.59,29.54
211.31,34.95,21.04,21.69,20.20,96.04,55.65,45.59,29.54
211.32,34.95,21.04,21.66,20.20,96.04,55.65,45.49,29.54
211.33,34.95,21.01,21.66,20.20,96.04,55.65,45.49,29.54
211.34,34.88,21.01,21.66,20.20,95.68,55.52,45.49,29.54
211.35,34.95,21.04,21.69,20.20,96.04,55.52,45.59,29.59
211.36,34.95,21.04,21.69,20.20,96.04,55.52,45.59,29.54
211.37,34.88,21.04,21.66,20.20,96.04,55.52,45.49,29.54
211.38,34.95,21.01,21.66,20.20,96.04,55.52,45.49,29.59
211.39,34.88,21.01,21.66,20.20,96.04,55.52,45.49,29.54
211.40,34.82,21.04,21.69,20.20,96.04,55.52,45.49,29.54
211.41,34.95,21.04,21.69,20.20,96.04,55.65,45.59,29.54
211.42,34.88,21.01,21.66,20.20,96.04,55.52,45.59,29.59
211.43,34.88,21.04,21.66,20.18,96.04,55.52,45.59,29.54
211.44,34.88,21.04,21.66,20.20,96.04,55.79,45.49,29.59
211.45,34.88,21.04,21.66,20.20,96.04,55.52,45.39,29.59
211.46,34.88,21.04,21.69,20.20,95.68,55.52,45.59,29.59
211.47,34.88,21.01,21.66,20.20,96.04,55.52,45.59,29.59
211.48,34.82,21.01,21.66,20.20,95.68,55.65,45.59,29.59
211.49,34.95,21.01,21.66,20.20,96.04,55.52,45.49,29.54
211.50,34.88,21.04,21.69,20.20,95.68,55.52,45.59,29.54
211.51,34.95,21.04,21.66,20.20,96.04,55.65,45.59,29.59
211.52,34.88,21.01,21.69,20.20,96.04,55.52,45.59,29.54
211.53,34.88,21.01,21.66,20.18,96.04,55.52,45.59,29.59
211.54,34.88,21.04,21.69,20.20,96.04,55.65,45.59,29.54
211.55,34.95,21.04,21.69,20.20,96.04,55.52,45.59,29.59
211.56,34.88,21.04,21.66,20.20,96.04,55.52,45.59,29.54
211.57,34.88,21.01,21.66,20.20,96.04,55.65,45.49,29.59
211.58,34.95,21.01,21.66,20.20,96.04,55.52,45.59,29.59
211.59,34.95,21.04,21.69,20.20,96.04,55.65,45.39,29.59
211.60,34.88,21.04,21.69,20.20,96.04,55.65,45.59,29.59
211.61,34.88,21.04,21.73,20.20,96.04,55.65,45.49,29.59
211.62,34.88,21.04,21.66,20.20,96.04,55.52,45.59,29.54
211.63,34.88,21.01,21.66,20.20,96.04,55.52,45.49,29.59
211.64,34.88,21.01,21.66,20.20,96.04,55.65,45.59,29.59
211.65,34.95,21.01,21.69,20.20,96.04,55.65,45.59,29.59
211.66,34.88,21.04,21.69,20.20,96.04,55.65,45.59,29.59
211.67,34.88,21.01,21.69,20.20,96.04,55.65,45.59,29.54
211.68,34.88,21.01,21.69,20.20,96.04,55.65,45.49,29.59
211.69,34.88,21.04,21.69,20.20,96.40,55.65,45.59,29.59
211.70,34.95,21.04,21.69,20.20,96.04,55.52,45.39,29.59
211.71,34.95,21.04,21.69,20.20,96.04,55.52,45.69,29.64
211.72,34.95,21.04,21.69,20.20,96.04,55.65,45.59,29.59
211.73,34.82,21.01,21.66,20.20,96.04,55.52,45.49,29.59
211.74,34.95,21.04,21.69,20.20,96.04,55.52,45.59,29.59
211.75,34.95,21.04,21.69,20.20,96.04,55.52,45.59,29.59
211.76,34.95,21.04,21.69,20.20,96.04,55.52,45.59,29.59
211.77,34.95,21.04,21.69,20.20,96.04,55.52,45.59,29.59
211.78,34.95,21.01,21.66,20.20,96.04,55.52,45.59,29.59
211.79,34.88,21.04,21.69,20.20,96.04,55.52,45.59,29.59
211.80,35.01,21.01,21.69,20.20,96.04,55.65,45.59,29.59
211.81,35.01,21.07,21.69,20.20,96.04,55.52,45.59,29.59
211.82,34.88,21.01,21.66,20.20,96.04,55.52,45.59,29.59
211.83,34.88,21.04,21.69,20.20,96.04,55.52,45.59,29.59
211.84,34.88,21.01,21.66,20.20,96.04,55.52,45.59,29.59
211.85,34.95,21.04,21.69,20.20,96.04,55.52,45.49,29.59
211.86,34.95,21.04,21.69,20.20,96.04,55.52,45.59,29.59
211.87,35.01,21.04,21.66,20.20,96.04,55.65,45.59,29.59
211.88,34.95,21.01,21.69,20.20,96.04,55.65,45.59,29.59
211.89,34.88,21.04,21.69,20.20,96.04,55.52,45.59,29.59
211.90,34.95,21.04,21.69,20.20,96.04,55.52,45.59,29.59
211.91,34.95,21.04,21.69,20.20,96.04,55.52,45.59,29.59
211.92,34.95,21.04,21.69,20.20,96.04,55.65,45.59,29.59
211.93,34.88,21.04,21.69,20.20,96.04,55.52,45.59,29.59
211.94,34.95,21.01,21.69,20.20,96.04,55.52,45.59,29.59
211.95,34.95,21.04,21.69,20.20,96.04,55.65,45.59,29.59
211.96,34.95,21.04,21.69,20.20,96.04,55.65,45.59,29.59
211.97,34.88,21.04,21.69,20.20,96.04,55.65,45.59,29.59
211.98,34.95,21.01,21.69,20.20,96.04,55.52,45.59,29.59
211.99,34.95,21.04,21.69,20.20,96.04,55.65,45.59,29.59
212.00,34.95,21.04,21.69,20.23,96.04,55.65,45.59,29.64
212.01,34.95,21.04,21.69,20.20,96.04,55.52,45.69,29.59
212.02,34.88,21.04,21.69,20.20,96.04,55.52,45.59,29.59
212.03,34.88,21.04,21.69,20.20,96.04,55.52,45.59,29.64
212.04,34.95,21.04,21.69,20.20,96.04,55.65,45.69,29.64
212.05,34.95,21.04,21.69,20.20,96.04,55.65,45.69,29.64
212.06,34.95,21.04,21.73,20.20,96.04,55.52,45.59,29.64
212.07,34.88,21.01,21.69,20.20,96.04,55.52,45.59,29.64
212.08,34.95,21.04,21.69,20.23,95.68,55.65,45.59,29.64
212.09,34.95,21.04,21.69,20.20,96.04,55.52,45.59,29.64
212.10,35.01,21.04,21.69,20.23,96.04,55.52,45.59,29.64
212.11,35.01,21.04,21.69,20.20,96.04,55.52,45.59,29.64
212.12,34.95,21.01,21.69,20.23,96.04,55.52,45.59,29.59
212.13,34.95,21.01,21.69,20.23,96.04,55.52,45.59,29.64
212.14,34.95,21.04,21.69,20.20,96.04,55.52,45.59,29.59
212.15,34.95,21.04,21.69,20.20,96.04,55.52,45.69,29.64
212.16,34.95,21.04,21.69,20.20,96.04,55.65,45.69,29.59
212.17,34.95,21.04,21.69,20.20,96.04,55.65,45.59,29.64
212.18,34.88,21.04,21.69,20.23,96.04,55.52,45.59,29.59
212.19,34.88,21.04,21.69,20.20,96.04,55.52,45.59,29.59
212.20,34.95,21.04,21.69,20.23,96.04,55.65,45.69,29.64
212.21,35.01,21.04,21.69,20.23,96.04,55.65,45.69,29.64
212.22,34.95,21.04,21.69,20.23,96.04,55.52,45.59,29.64
212.23,34.95,21.01,21.69,20.20,96.04,55.52,45.59,29.59
212.24,34.95,21.04,21.66,20.20,96.04,55.65,45.59,29.70
212.25,34.95,21.04,21.69,20.20,96.04,55.65,45.59,29.59
212.26,34.95,21.04,21.73,20.23,96.04,55.65,45.59,29.59
212.27,34.88,21.04,21.69,20.20,96.04,55.65,45.59,29.59
212.28,34.95,21.01,21.69,20.20,96.04,55.52,45.59,29.59
212.29,34.95,21.04,21.69,20.20,96.04,55.65,45.59,29.64
212.30,34.88,21.04,21.69,20.20,96.04,55.65,45.69,29.64
212.31,35.01,21.04,21.73,20.20,96.04,55.65,45.59,29.64
212.32,34.95,21.01,21.69,20.23,96.04,55.65,45.59,29.64
212.33,34.95,21.01,21.66,20.20,96.04,55.65,45.59,29.64
212.34,34.88,21.04,21.69,20.23,96.04,55.52,45.59,29.64
212.35,34.95,21.04,21.73,20.23,96.04,55.65,45.69,29.64
212.36,34.95,21.04,21.73,20.23,96.04,55.65,45.59,29.64
212.37,35.01,21.04,21.69,20.20,95.68,55.65,45.59,29.64
212.38,34.95,21.01,21.69,20.20,96.04,55.52,45.59,29.64
212.39,34.95,21.04,21.69,20.20,96.04,55.52,45.59,29.64
212.40,34.95,21.04,21.69,20.20,96.04,55.65,45.69,29.64
212.41,34.95,21.04,21.73,20.23,96.40,55.65,45.69,29.64
212.42,35.01,21.04,21.69,20.20,95.68,55.52,45.59,29.64
212.43,34.95,21.01,21.69,20.20,96.04,55.52,45.69,29.64
212.44,34.95,21.04,21.69,20.23,96.04,55.65,45.59,29.64
212.45,35.01,21.04,21.69,20.20,96.04,55.38,45.69,29.64
212.46,34.95,21.04,21.73,20.20,96.04,55.52,45.59,29.64
212.47,34.95,21.04,21.69,20.20,96.04,55.52,45.59,29.64
212.48,34.95,21.01,21.69,20.23,96.04,55.52,45.59,29.64
212.49,34.95,21.04,21.69,20.23,96.04,55.65,45.59,29.64
212.50,35.01,21.04,21.73,20.23,96.04,55.65,45.59,29.64
212.51,34.95,21.04,21.73,20.23,96.04,55.65,45.69,29.64
212.52,34.88,21.04,21.69,20.23,96.04,55.52,45.59,29.64
212.53,34.88,21.04,21.69,20.20,96.04,55.65,45.59,29.64
212.54,34.95,21.04,21.69,20.20,96.04,55.65,45.69,29.64
212.55,34.95,21.04,21.73,20.20,96.04,55.52,45.59,29.64
212.56,35.01,21.07,21.69,20.23,96.04,55.52,45.69,29.64
212.57,34.95,21.01,21.69,20.20,96.04,55.65,45.69,29.70
212.58,34.88,21.04,21.69,20.20,96.04,55.65,45.59,29.64
212.59,34.88,21.01,21.69,20.20,96.04,55.52,45.59,29.64
212.60,34.95,21.07,21.73,20.20,96.04,55.52,45.59,29.64
212.61,34.95,21.07,21.69,20.20,96.04,55.65,45.69,29.64
212.62,34.88,21.04,21.69,20.23,96.04,55.52,45.59,29.70
212.63,34.88,21.01,21.69,20.20,96.04,55.65,45.59,29.64
212.64,34.95,21.04,21.69,20.20,96.04,55.52,45.69,29.64
212.65,34.95,21.04,21.73,20.20,96.04,55.65,45.59,29.64
212.66,34.95,21.01,21.73,20.23,96.04,55.65,45.69,29.64
212.67,34.95,21.04,21.69,20.20,96.04,55.52,45.69,29.64
212.68,34.95,21.01,21.69,20.20,96.04,55.65,45.59,29.70
212.69,34.95,21.01,21.69,20.23,96.04,55.52,45.69,29.64
212.70,35.01,21.04,21.73,20.23,96.04,55.65,45.69,29.70
212.71,34.95,21.07,21.73,20.23,96.04,55.65,45.69,29.64
212.72,34.88,21.01,21.69,20.23,96.04,55.52,45.69,29.64
212.73,34.88,21.01,21.69,20.20,96.04,55.52,45.59,29.70
212.74,34.88,21.04,21.73,20.23,96.04,55.52,45.59,29.70
212.75,35.01,21.07,21.73,20.20,96.04,55.65,45.69,29.70
212.76,34.95,21.04,21.69,20.20,96.04,55.65,45.59,29.64
212.77,34.95,21.04,21.69,20.23,95.68,55.65,45.69,29.70
212.78,34.88,21.01,21.69,20.23,96.04,55.52,45.69,29.64
212.79,34.95,21.04,21.69,20.23,96.04,55.65,45.69,29.64
212.80,34.95,21.04,21.73,20.23,96.04,55.65,45.69,29.70
212.81,34.95,21.04,21.73,20.20,96.04,55.65,45.69,29.64
212.82,34.95,21.04,21.69,20.20,96.04,55.52,45.59,29.64
212.83,34.95,21.01,21.69,20.23,96.04,55.52,45.69,29.70
212.84,34.82,21.01,21.69,20.23,96.04,55.52,45.59,29.70
212.85,34.95,21.04,21.73,20.23,96.04,55.65,45.69,29.70
212.86,35.01,21.01,21.69,20.23,96.04,55.65,45.69,29.70
212.87,34.95,21.01,21.73,20.20,96.04,55.65,45.59,29.70
212.88,34.88,21.04,21.66,20.20,96.04,55.52,45.69,29.70
212.89,34.88,21.04,21.69,20.20,96.04,55.52,45.59,29.64
212.90,34.95,21.04,21.73,20.23,96.04,55.65,45.69,29.70
212.91,34.95,21.04,21.73,20.23,96.04,55.52,45.69,29.70
212.92,34.95,21.04,21.69,20.23,96.04,55.65,45.59,29.64
212.93,34.95,21.01,21.69,20.20,96.04,55.65,45.59,29.64
212.94,34.95,21.04,21.69,20.20,95.68,55.65,45.59,29.70
212.95,34.95,21.04,21.73,20.23,96.04,55.52,45.79,29.70
212.96,34.95,21.04,21.73,20.23,96.04,55.65,45.59,29.70
212.97,34.95,21.04,21.69,20.23,96.04,55.52,45.69,29.70
212.98,34.95,21.01,21.69,20.23,96.04,55.52,45.59,29.64
212.99,34.95,21.01,21.69,20.20,96.04,55.52,45.59,29.64
213.00,34.95,21.04,21.73,20.23,96.04,55.65,45.69,29.70
213.01,34.95,21.04,21.73,20.23,96.04,55.65,45.69,29.70
213.02,34.95,21.01,21.73,20.23,96.04,55.52,45.69,29.70
213.03,34.88,21.04,21.69,20.23,95.68,55.52,45.69,29.64
213.04,34.95,21.04,21.69,20.23,96.04,55.52,45.69,29.70
213.05,34.88,21.04,21.73,20.23,96.04,55.52,45.69,29.70
213.06,34.95,21.04,21.73,20.23,96.04,55.65,45.69,29.70
213.07,34.88,21.01,21.69,20.20,96.04,55.65,45.69,29.70
213.08,34.95,21.04,21.73,20.20,96.04,55.52,45.59,29.70
213.09,34.95,21.01,21.69,20.23,96.04,55.52,45.69,29.70
213.10,34.88,21.04,21.73,20.23,96.04,55.65,45.69,29.70
213.11,34.95,21.04,21.73,20.20,96.04,55.65,45.69,29.70
213.12,34.95,21.01,21.69,20.20,96.04,55.52,45.69,29.70
213.13,34.95,21.01,21.73,20.23,96.04,55.52,45.69,29.70
213.14,34.95,21.04,21.73,20.23,96.04,55.65,45.69,29.70
213.15,34.95,21.04,21.73,20.23,96.40,55.65,45.69,29.70
213.16,34.95,21.04,21.73,20.23,96.04,55.52,45.59,29.70
213.17,34.95,21.01,21.69,20.20,96.04,55.52,45.69,29.70
213.18,35.01,21.01,21.69,20.23,96.04,55.52,45.69,29.70
213.19,34.95,21.04,21.69,20.23,96.04,55.52,45.69,29.70
213.20,34.88,21.04,21.73,20.23,96.04,55.65,45.69,29.70
213.21,34.95,21.04,21.69,20.20,96.04,55.65,45.69,29.70
213.22,34.95,21.04,21.69,20.23,96.04,55.52,45.69,29.70
213.23,34.95,20.98,21.69,20.20,96.04,55.65,45.69,29.64
213.24,34.95,21.04,21.69,20.23,96.04,55.65,45.69,29.70
213.25,34.95,21.04,21.73,20.23,96.04,55.65,45.69,29.70
213.26,34.88,21.04,21.73,20.23,96.04,55.65,45.69,29.70
213.27,34.95,21.04,21.73,20.23,96.04,55.65,45.69,29.70
213.28,34.88,21.01,21.69,20.23,96.04,55.65,45.69,29.70
213.29,34.88,21.04,21.73,20.23,96.40,55.65,45.69,29.70
213.30,35.01,21.04,21.73,20.23,96.04,55.65,45.69,29.70
213.31,34.95,21.04,21.69,20.23,96.04,55.65,45.69,29.70
213.32,34.95,21.04,21.73,20.23,96.04,55.65,45.69,29.70
213.33,34.88,21.04,21.69,20.23,96.04,55.52,45.69,29.70
213.34,34.88,21.04,21.69,20.23,96.04,55.65,45.69,29.70
213.35,34.88,21.04,21.73,20.23,95.68,55.52,45.69,29.70
213.36,34.95,21.04,21.73,20.23,96.04,55.52,45.69,29.70
213.37,34.95,21.01,21.69,20.23,95.68,55.65,45.69,29.70
213.38,34.95,21.01,21.69,20.23,95.68,55.65,45.69,29.70
213.39,34.88,21.04,21.69,20.23,96.04,55.65,45.69,29.70
213.40,34.95,21.04,21.73,20.23,96.04,55.65,45.69,29.70
213.41,34.95,21.04,21.73,20.23,96.04,55.65,45.69,29.70
213.42,34.88,21.01,21.73,20.23,96.04,55.65,45.69,29.70
213.43,34.95,21.01,21.69,20.23,96.04,55.65,45.69,29.70
213.44,34.88,21.04,21.73,20.23,96.04,55.65,45.69,29.70
213.45,34.95,21.04,21.73,20.23,96.04,55.65,45.69,29.70
213.46,34.88,21.04,21.73,20.23,96.04,55.65,45.69,29.70
213.47,34.88,21.04,21.69,20.23,96.04,55.52,45.69,29.70
213.48,34.88,21.01,21.69,20.23,96.04,55.65,45.69,29.70
213.49,34.95,21.04,21.73,20.23,96.04,55.65,45.69,29.70
213.50,34.95,21.04,21.73,20.23,96.04,55.52,45.69,29.70
213.51,34.95,21.04,21.73,20.23,96.04,55.65,45.69,29.70
213.52,34.95,21.01,21.73,20.23,96.04,55.52,45.69,29.70
213.53,34.95,21.01,21.69,20.23,95.68,55.52,45.69,29.70
213.54,34.95,21.01,21.73,20.23,96.04,55.65,45.69,29.70
213.55,34.95,21.04,21.73,20.23,96.04,55.65,45.69,29.70
213.56,34.95,21.04,21.73,20.23,96.04,55.65,45.69,29.75
213.57,34.95,21.04,21.69,20.20,96.04,55.65,45.69,29.70
213.58,34.95,21.04,21.69,20.23,96.04,55.52,45.69,29.75
213.59,34.88,21.01,21.69,20.23,96.04,55.65,45.69,29.75
213.60,34.88,21.04,21.73,20.23,96.04,55.65,45.69,29.75
213.61,34.95,21.04,21.73,20.23,96.04,55.65,45.69,29.75
213.62,34.95,21.04,21.69,20.23,96.04,55.52,45.69,29.70
213.63,34.88,21.04,21.69,20.23,95.68,55.52,45.69,29.70
213.64,34.95,21.04,21.73,20.23,96.04,55.52,45.69,29.70
213.65,34.95,21.04,21.73,20.23,96.04,55.65,45.69,29.70
213.66,34.95,21.04,21.73,20.23,96.04,55.52,45.69,29.70
213.67,34.88,21.01,21.69,20.23,96.04,55.65,45.69,29.75
213.68,34.88,21.01,21.69,20.23,95.68,55.52,45.69,29.75
213.69,34.95,21.01,21.73,20.23,96.04,55.52,45.69,29.70
213.70,34.95,21.04,21.73,20.23,96.04,55.52,45.69,29.70
213.71,34.95,21.04,21.73,20.23,96.04,55.38,45.69,29.75
213.72,34.95,21.01,21.69,20.23,96.04,55.52,45.69,29.75
213.73,34.95,21.01,21.69,20.23,96.04,55.65,45.69,29.75
213.74,34.88,21.01,21.69,20.23,96.04,55.52,45.59,29.75
213.75,34.88,21.04,21.73,20.23,96.04,55.52,45.69,29.70
213.76,34.88,21.01,21.73,20.23,96.04,55.52,45.69,29.75
213.77,34.95,21.01,21.69,20.23,96.04,55.52,45.69,29.70
213.78,34.88,21.01,21.73,20.23,96.04,55.52,45.69,29.75
213.79,34.88,20.98,21.69,20.23,96.04,55.52,45.79,29.75
213.80,34.88,21.04,21.73,20.23,96.04,55.65,45.69,29.75
213.81,34.88,21.04,21.69,20.23,96.04,55.65,45.69,29.75
213.82,34.88,21.01,21.69,20.23,96.04,55.65,45.69,29.75
213.83,34.88,20.98,21.69,20.23,96.04,55.65,45.69,29.70
213.84,34.88,21.01,21.69,20.23,96.04,55.52,45.69,29.75
213.85,34.95,21.01,21.73,20.23,96.04,55.65,45.69,29.75
213.86,34.88,21.01,21.73,20.23,96.04,55.52,45.69,29.70
213.87,34.88,21.04,21.69,20.23,96.04,55.65,45.69,29.75
213.88,34.88,21.01,21.69,20.23,96.04,55.52,45.69,29.75
213.89,34.88,21.01,21.69,20.23,95.68,55.52,45.69,29.75
213.90,34.88,21.01,21.73,20.23,96.04,55.65,45.69,29.75
213.91,34.88,21.04,21.73,20.23,96.04,55.52,45.69,29.75
213.92,34.88,21.01,21.69,20.23,96.04,55.65,45.69,29.75
213.93,34.82,21.01,21.69,20.23,96.04,55.38,45.69,29.70
213.94,34.88,21.01,21.69,20.23,96.04,55.52,45.69,29.75
213.95,34.95,21.04,21.69,20.23,96.04,55.65,45.69,29.75
213.96,34.88,21.04,21.69,20.23,96.04,55.65,45.69,29.70
213.97,34.88,21.01,21.69,20.23,95.68,55.52,45.69,29.75
213.98,34.95,21.01,21.69,20.23,96.04,55.52,45.69,29.75
213.99,34.88,21.01,21.66,20.23,96.04,55.52,45.69,29.80
214.00,34.88,21.04,21.73,20.23,96.04,55.65,45.69,29.75
214.01,34.88,21.01,21.73,20.23,96.04,55.65,45.69,29.75
214.02,34.88,21.01,21.69,20.23,96.04,55.52,45.69,29.75
214.03,34.88,21.01,21.69,20.23,96.04,55.52,45.69,29.75
214.04,34.88,21.01,21.69,20.23,96.04,55.65,45.69,29.75
214.05,34.95,21.04,21.73,20.23,96.04,55.65,45.69,29.75
214.06,34.88,21.01,21.69,20.23,95.68,55.65,45.69,29.75
214.07,34.88,21.01,21.69,20.23,96.04,55.65,45.69,29.75
214.08,34.95,21.01,21.69,20.23,96.04,55.52,45.69,29.75
214.09,34.82,21.01,21.69,20.23,96.04,55.65,45.69,29.75
214.10,34.95,21.01,21.69,20.23,96.04,55.65,45.69,29.75
214.11,34.82,21.01,21.73,20.23,96.04,55.52,45.69,29.75
214.12,34.82,21.01,21.69,20.23,96.04,55.52,45.69,29.75
214.13,34.88,21.01,21.69,20.23,96.04,55.52,45.69,29.75
214.14,34.95,21.01,21.69,20.23,96.04,55.52,45.69,29.75
214.15,34.88,21.01,21.73,20.23,96.04,55.65,45.69,29.75
214.16,34.95,21.01,21.73,20.23,95.68,55.65,45.79,29.75
214.17,34.88,21.01,21.69,20.23,96.04,55.52,45.69,29.75
214.18,34.82,21.01,21.69,20.23,95.68,55.52,45.69,29.75
214.19,34.88,21.01,21.69,20.23,96.40,55.52,45.69,29.75
214.20,34.82,21.01,21.69,20.26,96.04,55.65,45.79,29.75
214.21,34.88,21.01,21.69,20.23,96.04,55.52,45.69,29.75
214.22,34.95,21.01,21.69,20.23,95.68,55.52,45.69,29.75
214.23,34.88,21.01,21.69,20.23,96.04,55.52,45.59,29.75
214.24,34.95,21.01,21.69,20.23,96.04,55.52,45.69,29.75
214.25,34.95,21.01,21.73,20.23,96.04,55.52,45.79,29.75
214.26,34.95,21.01,21.69,20.23,95.68,55.52,45.69,29.80
214.27,34.82,21.01,21.69,20.23,95.68,55.52,45.69,29.80
214.28,34.82,21.01,21.69,20.23,95.68,55.52,45.69,29.75
214.29,34.95,21.01,21.69,20.23,96.04,55.52,45.69,29.80
214.30,34.95,21.01,21.73,20.23,96.04,55.52,45.69,29.75
214.31,34.88,21.01,21.69,20.23,96.04,55.52,45.69,29.75
214.32,34.88,21.01,21.69,20.23,96.04,55.52,45.69,29.75
214.33,34.82,21.01,21.69,20.23,95.68,55.52,45.69,29.75
214.34,34.88,21.01,21.69,20.23,96.04,55.52,45.69,29.75
214.35,34.88,21.01,21.69,20.23,96.04,55.52,45.69,29.75
214.36,34.88,21.01,21.73,20.23,96.04,55.52,45.69,29.75
214.37,34.88,21.01,21.69,20.26,95.68,55.65,45.69,29.80
214.38,34.88,21.01,21.69,20.23,96.04,55.52,45.69,29.80
214.39,34.88,21.01,21.69,20.23,96.04,55.65,45.79,29.80
214.40,34.95,21.01,21.69,20.23,95.68,55.65,45.69,29.80
214.41,34.95,21.01,21.73,20.23,96.04,55.52,45.79,29.75
214.42,34.82,21.01,21.69,20.26,96.04,55.52,45.69,29.80
214.43,34.95,21.01,21.69,20.23,95.68,55.52,45.69,29.80
214.44,34.95,21.01,21.69,20.23,95.68,55.52,45.69,29.80
214.45,34.95,21.04,21.73,20.23,96.04,55.52,45.79,29.75
214.46,34.95,21.01,21.73,20.23,96.04,55.65,45.79,29.80
214.47,34.88,21.01,21.69,20.23,96.04,55.52,45.69,29.80
214.48,34.88,21.01,21.69,20.23,95.68,55.52,45.69,29.80
214.49,34.88,21.01,21.69,20.23,96.04,55.65,45.69,29.80
214.50,34.88,21.01,21.73,20.23,96.04,55.65,45.69,29.80
214.51,34.88,21.01,21.69,20.23,96.04,55.52,45.69,29.80
214.52,34.82,21.01,21.69,20.23,96.04,55.52,45.69,29.80
214.53,34.88,20.98,21.69,20.26,96.04,55.52,45.79,29.80
214.54,34.88,21.01,21.69,20.23,95.68,55.65,45.69,29.80
214.55,34.88,21.01,21.73,20.26,96.04,55.65,45.79,29.80
214.56,34.82,21.01,21.69,20.23,95.68,55.52,45.79,29.80
214.57,34.88,20.98,21.69,20.23,96.04,55.65,45.69,29.80
214.58,34.88,21.01,21.69,20.23,95.68,55.52,45.69,29.80
214.59,34.88,21.01,21.69,20.23,96.04,55.52,45.69,29.80
214.60,34.95,21.01,21.69,20.23,96.04,55.65,45.69,29.80
214.61,34.88,21.01,21.69,20.23,95.68,55.65,45.69,29.80
214.62,34.82,21.01,21.69,20.26,96.04,55.65,45.79,29.75
214.63,34.82,20.98,21.69,20.23,95.68,55.52,45.69,29.80
214.64,34.82,21.01,21.69,20.26,96.04,55.52,45.79,29.80
214.65,34.88,21.01,21.69,20.26,96.04,55.52,45.69,29.80
214.66,34.88,21.01,21.69,20.23,96.04,55.65,45.79,29.80
214.67,34.88,21.01,21.69,20.23,95.68,55.52,45.69,29.80
214.68,34.82,20.98,21.69,20.23,95.68,55.52,45.69,29.75
214.69,34.82,21.01,21.69,20.23,96.04,55.52,45.69,29.80
214.70,34.82,21.01,21.73,20.23,95.68,55.52,45.69,29.80
214.71,34.88,21.01,21.69,20.23,96.04,55.65,45.79,29.80
214.72,34.88,20.98,21.69,20.26,96.04,55.52,45.69,29.80
214.73,34.95,21.01,21.69,20.23,95.68,55.52,45.79,29.80
214.74,34.88,21.01,21.69,20.26,96.04,55.52,45.69,29.80
214.75,34.95,21.01,21.73,20.26,96.04,55.52,45.79,29.80
214.76,34.88,21.01,21.73,20.26,96.04,55.52,45.79,29.80
214.77,34.88,21.01,21.69,20.26,95.68,55.65,45.69,29.80
214.78,34.82,20.98,21.69,20.26,96.04,55.52,45.69,29.80
214.79,34.88,21.01,21.69,20.26,96.04,55.52,45.69,29.80
214.80,34.88,21.01,21.69,20.26,96.04,55.52,45.79,29.80
214.81,34.88,21.01,21.69,20.26,96.04,55.52,45.69,29.80
214.82,34.88,20.98,21.69,20.23,95.68,55.65,45.69,29.80
214.83,34.82,21.01,21.69,20.23,95.68,55.52,45.69,29.80
214.84,34.82,21.01,21.69,20.26,96.04,55.52,45.69,29.80
214.85,34.88,21.01,21.69,20.26,96.04,55.52,45.69,29.80
214.86,34.88,21.01,21.69,20.23,96.04,55.52,45.79,29.80
214.87,34.88,20.98,21.69,20.26,96.04,55.52,45.79,29.80
214.88,34.82,20.98,21.69,20.23,96.04,55.52,45.59,29.80
214.89,34.88,21.01,21.69,20.26,96.04,55.65,45.69,29.80
214.90,34.82,21.01,21.69,20.26,96.04,55.52,45.69,29.80
214.91,34.88,21.01,21.73,20.26,96.04,55.52,45.79,29.80
214.92,34.82,20.98,21.69,20.26,95.68,55.52,45.69,29.80
214.93,34.82,20.98,21.69,20.26,95.68,55.52,45.69,29.80
214.94,34.88,21.01,21.69,20.26,95.68,55.52,45.79,29.80
214.95,34.95,20.98,21.69,20.26,96.04,55.65,45.79,29.80
214.96,34.95,21.01,21.69,20.26,96.04,55.52,45.69,29.80
214.97,34.88,21.01,21.69,20.26,95.68,55.52,45.69,29.85
214.98,34.82,20.98,21.69,20.26,95.68,55.52,45.69,29.80
214.99,34.88,21.01,21.69,20.23,95.68,55.52,45.79,29.80
215.00,34.88,21.01,21.69,20.26,96.04,55.52,45.69,29.80
215.01,34.82,21.01,21.69,20.26,96.04,55.52,45.69,29.80
215.02,34.82,21.01,21.69,20.23,96.04,55.52,45.69,29.80
215.03,34.82,21.01,21.69,20.23,95.68,55.52,45.79,29.80
215.04,34.82,21.01,21.69,20.26,96.04,55.52,45.69,29.80
215.05,34.82,21.01,21.69,20.26,95.68,55.52,45.79,29.80
215.06,34.88,21.01,21.69,20.26,96.04,55.52,45.79,29.80
215.07,34.82,21.01,21.69,20.23,95.68,55.52,45.69,29.80
215.08,34.88,20.98,21.69,20.23,96.04,55.52,45.79,29.80
215.09,34.88,21.01,21.73,20.26,96.04,55.65,45.69,29.80
215.10,34.88,21.01,21.73,20.23,96.04,55.65,45.79,29.85
215.11,34.95,21.01,21.73,20.26,96.04,55.52,45.79,29.80
215.12,34.95,20.98,21.69,20.23,96.04,55.52,45.79,29.80
215.13,34.88,20.98,21.69,20.26,96.04,55.52,45.79,29.85
215.14,34.82,20.98,21.69,20.26,95.68,55.52,45.79,29.80
215.15,34.88,21.01,21.69,20.26,96.04,55.52,45.79,29.80
215.16,34.82,21.01,21.73,20.26,96.04,55.52,45.69,29.80
215.17,34.82,21.01,21.69,20.26,96.04,55.65,45.69,29.85
215.18,34.88,20.98,21.69,20.23,96.04,55.24,45.69,29.80
215.19,34.82,21.01,21.69,20.26,95.68,55.65,45.69,29.85
215.20,34.88,21.01,21.73,20.26,96.04,55.52,45.79,29.85
215.21,34.82,21.01,21.73,20.26,96.04,55.52,45.79,29.80
215.22,34.88,21.01,21.69,20.23,96.04,55.52,45.69,29.85
215.23,34.82,20.98,21.69,20.23,96.04,55.52,45.69,29.75
215.24,34.82,20.98,21.69,20.26,96.04,55.52,45.79,29.85
215.25,34.88,21.01,21.69,20.26,96.04,55.52,45.69,29.80
215.26,34.88,21.01,21.69,20.26,96.04,55.52,45.69,29.80
215.27,34.82,21.01,21.69,20.26,95.68,55.65,45.69,29.80
215.28,34.82,20.98,21.69,20.26,95.68,55.52,45.69,29.80
215.29,34.88,21.01,21.69,20.26,96.04,55.52,45.69,29.85
215.30,34.95,21.01,21.69,20.26,95.68,55.52,45.79,29.80
215.31,34.82,21.01,21.73,20.26,96.04,55.52,45.79,29.85
215.32,34.88,20.98,21.69,20.23,95.68,55.65,45.69,29.80
215.33,34.82,20.98,21.69,20.26,96.04,55.52,45.69,29.80
215.34,34.88,21.01,21.69,20.26,96.04,55.52,45.79,29.85
215.35,34.82,21.01,21.73,20.26,96.04,55.65,45.79,29.80
215.36,34.95,21.01,21.69,20.26,95.68,55.52,45.79,29.80
215.37,34.82,20.98,21.73,20.26,95.68,55.52,45.69,29.85
215.38,34.82,20.98,21.69,20.26,95.68,55.52,45.69,29.85
215.39,34.88,21.01,21.69,20.26,96.04,55.65,45.79,29.80
215.40,34.82,21.01,21.73,20.26,96.04,55.52,45.79,29.85
215.41,34.88,21.01,21.69,20.26,95.68,55.52,45.79,29.85
215.42,34.82,20.98,21.69,20.26,96.04,55.52,45.69,29.85
215.43,34.82,20.98,21.69,20.23,95.68,55.52,45.69,29.85
215.44,34.82,20.98,21.73,20.26,96.04,55.52,45.79,29.80
215.45,34.82,21.01,21.69,20.26,95.68,55.52,45.69,29.85
215.46,34.88,21.01,21.73,20.26,95.68,55.52,45.79,29.85
215.47,34.82,20.98,21.69,20.26,96.04,55.38,45.69,29.85
215.48,34.82,20.98,21.69,20.26,95.68,55.52,45.69,29.85
215.49,34.88,20.98,21.69,20.26,96.40,55.52,45.79,29.85
215.50,34.82,21.01,21.73,20.26,96.04,55.65,45.79,29.80
215.51,34.82,21.01,21.73,20.23,96.04,55.65,45.69,29.85
215.52,34.82,21.01,21.69,20.26,96.04,55.52,45.79,29.80
215.53,34.88,20.98,21.69,20.26,95.68,55.52,45.79,29.85
215.54,34.82,20.98,21.69,20.26,96.04,55.65,45.79,29.85
215.55,34.88,21.01,21.73,20.26,95.68,55.65,45.79,29.85
215.56,34.88,21.01,21.73,20.26,96.04,55.65,45.89,29.85
215.57,34.82,20.98,21.69,20.26,95.68,55.52,45.79,29.90
215.58,34.82,20.98,21.69,20.26,95.68,55.52,45.79,29.85
215.59,34.82,21.01,21.69,20.26,96.04,55.52,45.79,29.85
215.60,34.88,21.01,21.73,20.26,96.04,55.65,45.79,29.85
215.61,34.82,21.01,21.69,20.26,96.04,55.65,45.79,29.85
215.62,34.82,21.01,21.69,20.26,96.04,55.52,45.79,29.85
215.63,34.82,20.98,21.69,20.26,96.04,55.52,45.79,29.85
215.64,34.82,21.01,21.69,20.26,96.04,55.65,45.79,29.85
215.65,34.95,21.01,21.73,20.26,96.04,55.65,45.79,29.85
215.66,34.88,21.01,21.69,20.26,95.68,55.52,45.79,29.85
215.67,34.82,20.98,21.69,20.23,96.04,55.52,45.79,29.85
215.68,34.88,21.01,21.73,20.26,95.68,55.65,45.79,29.85
215.69,34.82,21.01,21.69,20.26,96.04,55.65,45.79,29.85
215.70,34.95,21.01,21.73,20.26,96.04,55.52,45.79,29.85
215.71,34.82,21.01,21.73,20.26,95.68,55.52,45.79,29.85
215.72,34.82,21.01,21.73,20.26,95.68,55.52,45.79,29.85
215.73,34.82,20.98,21.69,20.26,96.04,55.52,45.79,29.85
215.74,34.82,21.01,21.69,20.26,96.04,55.52,45.79,29.85
215.75,34.88,21.01,21.73,20.26,96.04,55.65,45.79,29.90
215.76,34.88,21.01,21.73,20.26,96.04,55.52,45.79,29.90
215.77,34.82,20.98,21.69,20.26,96.04,55.65,45.79,29.85
215.78,34.88,20.98,21.69,20.26,96.04,55.52,45.79,29.85
215.79,34.82,20.98,21.69,20.26,95.68,55.52,45.79,29.90
215.80,34.82,21.01,21.73,20.26,96.04,55.52,45.79,29.90
215.81,34.82,21.01,21.73,20.26,96.04,55.52,45.79,29.85
215.82,34.88,21.01,21.69,20.26,95.68,55.65,45.69,29.85
215.83,34.88,20.98,21.69,20.26,96.04,55.52,45.69,29.85
215.84,34.82,20.98,21.69,20.26,95.68,55.52,45.79,29.85
215.85,34.88,21.01,21.73,20.26,96.04,55.52,45.79,29.85
215.86,34.88,21.01,21.73,20.26,96.04,55.52,45.79,29.85
215.87,34.82,20.98,21.73,20.26,95.68,55.52,45.79,29.85
215.88,34.82,20.98,21.69,20.26,96.04,55.52,45.79,29.85
215.89,34.82,21.01,21.69,20.26,96.04,55.65,45.79,29.90
215.90,34.82,21.01,21.73,20.26,95.68,55.52,45.79,29.90
215.91,34.82,21.01,21.73,20.26,96.04,55.65,45.79,29.85
215.92,34.82,21.01,21.69,20.26,95.68,55.52,45.79,29.90
215.93,34.82,20.98,21.69,20.26,95.68,55.52,45.79,29.85
215.94,34.95,20.98,21.69,20.26,96.04,55.52,45.79,29.90
215.95,34.82,21.01,21.73,20.26,95.68,55.65,45.79,29.90
215.96,34.76,21.01,21.73,20.26,95.68,55.65,45.79,29.90
215.97,34.82,20.98,21.69,20.26,95.68,55.65,45.79,29.90
215.98,34.82,20.98,21.69,20.26,95.68,55.65,45.79,29.90
215.99,34.88,20.98,21.69,20.26,96.04,55.79,45.79,29.90
216.00,34.88,21.01,21.73,20.26,96.04,55.52,45.79,29.90
216.01,34.82,21.01,21.73,20.26,96.04,55.52,45.79,29.90
216.02,34.88,20.98,21.69,20.26,96.04,55.52,45.79,29.90
216.03,34.82,21.01,21.69,20.26,96.04,55.52,45.79,29.85
216.04,34.88,20.98,21.69,20.26,95.68,55.52,45.79,29.85
216.05,34.88,21.01,21.73,20.26,96.04,55.52,45.79,29.90
216.06,34.88,21.01,21.73,20.26,96.04,55.52,45.79,29.90
216.07,34.88,20.98,21.73,20.26,95.68,55.52,45.79,29.85
216.08,34.76,20.98,21.69,20.26,96.04,55.52,45.79,29.90
216.09,34.82,21.01,21.73,20.26,96.04,55.52,45.69,29.90
216.10,34.88,21.01,21.73,20.26,96.04,55.52,45.79,29.90
216.11,34.95,21.01,21.69,20.26,95.68,55.52,45.79,29.90
216.12,34.82,20.98,21.73,20.26,96.04,55.52,45.79,29.90
216.13,34.82,20.98,21.69,20.26,95.68,55.65,45.79,29.85
216.14,34.82,21.01,21.73,20.26,95.68,55.52,45.79,29.90
216.15,34.88,21.01,21.73,20.26,96.04,55.65,45.79,29.90
216.16,34.88,21.01,21.73,20.26,96.04,55.52,45.79,29.85
216.17,34.82,20.98,21.69,20.26,96.04,55.52,45.69,29.90
216.18,34.82,20.98,21.73,20.26,96.04,55.52,45.79,29.90
216.19,34.82,20.98,21.69,20.26,95.68,55.52,45.99,29.90
216.20,34.88,21.01,21.73,20.26,96.04,55.65,45.79,29.90
216.21,34.88,21.01,21.73,20.26,95.68,55.52,45.79,29.90
216.22,34.82,20.98,21.69,20.26,95.68,55.52,45.79,29.90
216.23,34.82,20.98,21.69,20.26,96.04,55.52,45.79,29.85
216.24,34.82,20.98,21.69,20.26,95.68,55.65,45.79,29.90
216.25,34.88,21.01,21.73,20.26,95.68,55.52,45.79,29.90
216.26,34.95,21.01,21.73,20.26,96.04,55.52,45.79,29.90
216.27,34.82,20.98,21.69,20.26,95.68,55.52,45.79,29.90
216.28,34.82,20.98,21.69,20.26,95.68,55.52,45.79,29.90
216.29,34.82,21.01,21.69,20.26,96.04,55.52,45.79,29.90
216.30,34.82,21.01,21.73,20.26,95.68,55.65,45.79,29.90
216.31,34.88,21.01,21.73,20.26,96.04,55.52,45.79,29.90
216.32,34.82,20.98,21.69,20.26,95.68,55.52,45.79,29.90
216.33,34.82,20.98,21.73,20.26,96.04,55.65,45.79,29.90
216.34,34.82,21.01,21.73,20.26,96.04,55.52,45.79,29.90
216.35,34.82,20.98,21.73,20.26,96.04,55.52,45.89,29.90
216.36,34.88,21.04,21.73,20.26,95.68,55.65,45.79,29.90
216.37,34.82,20.98,21.69,20.26,96.04,55.52,45.79,29.90
216.38,34.88,20.98,21.73,20.26,96.04,55.52,45.79,29.90
216.39,34.88,21.01,21.73,20.26,96.04,55.52,45.79,29.90
216.40,34.88,21.01,21.73,20.26,96.04,55.65,45.89,29.90
216.41,34.88,21.01,21.73,20.26,95.68,55.52,45.89,29.90
216.42,34.82,20.98,21.73,20.26,95.68,55.65,45.79,29.90
216.43,34.88,20.98,21.69,20.26,96.04,55.52,45.79,29.90
216.44,34.88,20.98,21.73,20.26,96.04,55.65,45.79,29.95
216.45,34.88,21.01,21.73,20.26,96.04,55.38,45.79,29.90
216.46,34.88,21.01,21.73,20.26,96.04,55.65,45.89,29.95
216.47,34.88,20.98,21.73,20.26,95.68,55.52,45.79,29.85
216.48,34.82,20.98,21.73,20.26,95.68,55.52,45.79,29.90
216.49,34.88,20.98,21.73,20.26,95.68,55.52,45.79,29.90
216.50,34.95,21.01,21.73,20.26,96.04,55.52,45.79,29.90
216.51,34.88,21.01,21.73,20.26,96.04,55.52,45.79,29.90
216.52,34.82,20.98,21.69,20.26,95.68,55.52,45.79,29.90
216.53,34.82,21.01,21.73,20.26,95.68,55.52,45.79,29.90
216.54,34.88,21.01,21.73,20.26,96.04,55.52,45.79,29.90
216.55,34.88,21.01,21.73,20.26,96.04,55.65,45.79,29.95
216.56,34.88,21.01,21.73,20.26,96.04,55.65,45.89,29.90
216.57,34.95,20.98,21.73,20.26,96.04,55.52,45.79,29.90
216.58,34.76,20.98,21.73,20.26,96.04,55.52,45.79,29.90
216.59,34.95,20.98,21.73,20.26,95.68,55.52,45.89,29.90
216.60,34.82,21.01,21.73,20.26,96.04,55.52,45.89,29.90
216.61,34.88,21.01,21.73,20.26,96.04,55.65,45.89,29.90
216.62,34.82,21.01,21.69,20.26,96.04,55.52,45.79,29.95
216.63,34.88,21.01,21.73,20.26,95.68,55.52,45.79,29.90
216.64,34.88,21.01,21.73,20.26,96.04,55.52,45.79,29.90
216.65,34.88,21.01,21.73,20.26,96.04,55.65,45.89,29.90
216.66,34.88,21.01,21.73,20.26,96.04,55.65,45.89,29.90
216.67,34.88,21.01,21.73,20.26,95.68,55.65,45.79,29.90
216.68,34.88,20.98,21.73,20.26,95.68,55.65,45.89,29.90
216.69,34.95,20.98,21.73,20.29,96.04,55.52,45.89,29.90
216.70,34.88,21.01,21.73,20.26,95.68,55.52,45.79,29.90
216.71,34.82,21.01,21.73,20.26,96.04,55.52,45.89,29.90
216.72,34.82,21.01,21.73,20.26,96.04,55.52,45.79,29.90
216.73,34.88,21.01,21.73,20.29,95.68,55.52,45.89,29.90
216.74,34.82,21.01,21.73,20.26,95.68,55.65,45.89,29.90
216.75,34.88,21.01,21.73,20.26,96.04,55.65,45.79,29.95
216.76,34.82,21.01,21.73,20.26,96.04,55.65,45.89,29.95
216.77,34.88,21.01,21.73,20.26,96.04,55.65,45.89,29.95
216.78,34.88,21.01,21.73,20.26,96.04,55.52,45.89,29.95
216.79,34.88,21.01,21.73,20.26,96.04,55.52,45.89,29.90
216.80,34.82,21.01,21.73,20.26,96.04,55.65,45.89,29.90
216.81,34.82,21.01,21.73,20.26,96.04,55.65,45.89,29.95
216.82,34.88,21.01,21.73,20.26,96.04,55.65,45.89,29.95
216.83,34.88,20.98,21.73,20.26,96.04,55.65,45.89,29.95
216.84,34.88,21.01,21.73,20.26,95.68,55.65,45.89,29.95
216.85,34.88,21.04,21.73,20.29,96.04,55.65,45.89,29.90
216.86,34.95,21.01,21.76,20.29,96.04,55.52,45.89,29.95
216.87,34.88,21.01,21.73,20.26,96.04,55.52,45.79,29.95
216.88,34.88,21.01,21.73,20.26,96.04,55.52,45.79,29.95
216.89,34.88,21.01,21.73,20.26,96.04,55.65,45.89,29.95
216.90,34.88,21.01,21.76,20.26,96.04,55.52,45.89,29.95
216.91,34.88,21.01,21.76,20.26,96.04,55.65,45.89,29.95
216.92,34.82,20.98,21.73,20.26,96.04,55.65,45.89,29.95
216.93,34.88,20.98,21.73,20.26,95.68,55.52,45.79,29.95
216.94,34.88,21.01,21.73,20.26,96.04,55.52,45.89,29.95
216.95,34.88,21.01,21.73,20.26,96.04,55.65,45.89,30.00
216.96,34.88,21.01,21.73,20.29,95.68,55.65,45.89,29.95
216.97,34.88,21.01,21.73,20.26,96.04,55.52,45.89,29.95
216.98,34.82,21.01,21.73,20.26,96.04,55.52,45.89,29.95
216.99,34.88,21.01,21.73,20.26,96.04,55.65,45.89,29.95
217.00,34.88,21.01,21.76,20.29,96.04,55.52,45.89,29.95
217.01,34.95,21.04,21.73,20.26,96.04,55.65,45.89,29.95
217.02,34.82,21.01,21.73,20.26,96.04,55.52,45.89,29.95
217.03,34.88,21.01,21.73,20.29,96.04,55.65,45.89,29.95
217.04,34.88,21.01,21.73,20.29,96.04,55.65,45.89,29.95
217.05,34.88,21.01,21.73,20.26,96.04,55.65,45.89,29.95
217.06,34.82,21.01,21.76,20.26,96.04,55.65,45.89,29.95
217.07,34.82,21.01,21.73,20.26,96.04,55.65,45.79,29.95
217.08,34.82,20.98,21.73,20.29,96.04,55.52,45.89,29.95
217.09,34.82,21.01,21.73,20.26,96.04,55.52,45.89,29.95
217.10,34.88,21.01,21.76,20.26,96.04,55.65,45.89,29.95
217.11,34.82,21.01,21.73,20.26,96.04,55.65,45.89,29.95
217.12,34.82,21.01,21.73,20.26,96.04,55.52,45.79,29.95
217.13,34.95,21.01,21.73,20.26,96.04,55.65,45.89,29.95
217.14,34.76,21.01,21.73,20.26,96.04,55.65,45.89,30.00
217.15,34.95,21.01,21.76,20.29,96.04,55.65,45.89,29.95
217.16,34.82,21.04,21.73,20.29,96.04,55.65,45.89,29.95
217.17,34.88,20.98,21.73,20.26,96.04,55.52,45.89,29.95
217.18,34.82,20.98,21.76,20.29,96.04,55.65,45.89,29.95
217.19,34.88,21.01,21.76,20.29,96.04,55.65,45.89,29.95
217.20,34.82,21.01,21.76,20.29,96.04,55.65,45.89,29.95
217.21,34.95,21.01,21.73,20.26,96.04,55.52,45.89,29.95
217.22,34.88,21.01,21.73,20.26,96.04,55.65,45.89,29.95
217.23,34.82,20.98,21.73,20.29,95.68,55.65,45.89,29.95
217.24,34.82,21.01,21.73,20.29,96.04,55.65,45.89,29.95
217.25,34.95,21.01,21.73,20.29,96.04,55.65,45.99,29.95
217.26,34.88,21.01,21.76,20.26,96.04,55.52,45.89,29.95
217.27,34.82,21.01,21.73,20.29,96.04,55.65,45.89,29.95
217.28,34.82,20.98,21.73,20.29,96.04,55.65,45.89,29.95
217.29,34.95,21.01,21.73,20.29,96.04,55.65,45.89,29.95
217.30,34.88,21.01,21.76,20.29,96.04,55.65,45.89,30.00
217.31,34.82,21.01,21.76,20.26,96.04,55.52,45.89,29.95
217.32,34.88,21.01,21.73,20.29,96.04,55.52,45.89,29.95
217.33,34.82,21.01,21.73,20.29,96.04,55.52,45.89,29.95
217.34,34.82,21.01,21.73,20.29,96.04,55.52,45.89,29.95
217.35,34.88,21.01,21.76,20.29,96.04,55.65,45.89,30.00
217.36,34.88,21.01,21.76,20.29,96.04,55.52,45.99,30.00
217.37,34.82,20.98,21.76,20.29,96.04,55.65,45.89,29.95
217.38,34.88,20.98,21.73,20.29,96.04,55.52,45.89,29.95
217.39,34.88,21.01,21.76,20.29,96.04,55.52,45.89,29.95
217.40,34.88,21.01,21.76,20.29,96.04,55.65,45.89,29.95
217.41,34.88,21.01,21.76,20.29,96.04,55.65,45.89,29.95
217.42,34.88,21.01,21.76,20.29,96.04,55.65,45.89,30.00
217.43,34.82,21.01,21.76,20.29,96.04,55.52,45.89,30.00
217.44,34.88,21.01,21.76,20.29,96.04,55.65,45.89,30.00
217.45,34.88,21.01,21.76,20.29,96.04,55.65,45.89,29.95
217.46,34.95,21.01,21.76,20.29,96.04,55.65,45.89,29.95
217.47,34.82,21.01,21.76,20.26,96.04,55.65,45.89,29.95
217.48,34.82,21.01,21.76,20.29,96.04,55.52,45.89,30.00
217.49,34.88,21.01,21.76,20.29,96.04,55.65,45.99,29.95
217.50,34.88,21.04,21.76,20.29,96.04,55.65,45.89,30.00
217.51,34.88,21.01,21.76,20.29,96.04,55.65,45.89,30.00
217.52,34.82,21.01,21.73,20.29,96.04,55.65,45.99,30.00
217.53,34.95,21.01,21.73,20.29,96.04,55.52,45.89,29.95
217.54,34.82,21.01,21.76,20.29,95.68,55.65,45.89,30.00
217.55,34.88,21.01,21.76,20.29,96.04,55.65,45.89,29.95
217.56,34.88,21.01,21.76,20.29,96.04,55.65,45.89,30.00
217.57,34.88,21.01,21.76,20.29,96.04,55.52,45.89,30.00
217.58,34.88,21.01,21.76,20.29,96.04,55.65,45.89,30.00
217.59,34.88,21.01,21.76,20.29,96.04,55.52,45.89,30.00
217.60,34.95,21.04,21.76,20.29,96.04,55.65,45.89,30.00
217.61,34.88,21.01,21.76,20.26,96.04,55.65,45.89,30.00
217.62,34.82,21.01,21.76,20.29,96.04,55.65,45.89,30.00
217.63,34.88,21.01,21.76,20.29,96.04,55.65,45.89,30.00
217.64,34.88,21.01,21.76,20.29,96.04,55.65,45.99,30.00
217.65,34.88,21.04,21.76,20.29,96.04,55.65,45.89,30.00
217.66,34.88,21.04,21.76,20.29,96.04,55.65,45.89,30.00
217.67,34.88,21.01,21.76,20.29,96.04,55.65,45.89,30.00
217.68,34.88,21.01,21.76,20.29,96.04,55.79,45.89,30.00
217.69,34.82,21.01,21.76,20.26,96.04,55.52,45.89,29.95
217.70,34.95,21.01,21.79,20.29,96.04,55.65,45.99,30.00
217.71,34.95,21.01,21.76,20.29,95.68,55.52,45.89,29.95
217.72,34.88,21.01,21.76,20.29,96.04,55.65,45.89,30.05
217.73,34.88,21.01,21.76,20.29,96.04,55.65,45.89,29.95
217.74,34.95,21.04,21.76,20.29,96.04,55.65,45.89,30.00
217.75,34.88,21.01,21.76,20.29,96.40,55.65,45.99,30.00
217.76,34.95,21.04,21.76,20.29,96.04,55.65,45.89,30.00
217.77,34.95,21.01,21.76,20.29,96.04,55.65,45.89,30.00
217.78,34.88,21.01,21.76,20.29,96.04,55.52,45.99,30.00
217.79,34.95,21.01,21.76,20.29,96.04,55.52,45.99,30.00
217.80,34.88,21.04,21.76,20.29,96.04,55.65,45.99,29.95
217.81,34.88,21.04,21.79,20.29,96.04,55.65,45.89,30.00
217.82,34.95,21.01,21.76,20.29,96.04,55.52,45.99,30.00
217.83,34.95,21.01,21.76,20.29,96.04,55.65,45.99,30.00
217.84,34.82,21.01,21.76,20.29,96.04,55.65,45.99,30.00
217.85,35.01,21.04,21.79,20.29,96.04,55.65,45.89,30.00
217.86,34.95,21.04,21.76,20.29,96.04,55.65,45.89,30.00
217.87,34.88,21.04,21.79,20.29,96.04,55.65,45.89,30.00
217.88,34.95,21.01,21.76,20.29,96.04,55.65,45.99,30.00
217.89,34.88,21.01,21.79,20.29,96.04,55.65,45.99,30.00
217.90,34.95,21.04,21.79,20.29,96.04,55.65,45.99,30.00
217.91,34.95,21.04,21.76,20.29,96.04,55.65,45.99,30.00
217.92,34.88,21.01,21.76,20.29,96.04,55.65,45.99,30.00
217.93,34.88,21.01,21.76,20.29,96.04,55.65,45.89,30.00
217.94,34.88,21.04,21.79,20.29,96.40,55.65,45.99,30.05
217.95,34.88,21.04,21.79,20.29,95.68,55.65,45.99,30.00
217.96,34.88,21.04,21.79,20.29,96.40,55.65,45.99,30.00
217.97,34.88,21.01,21.79,20.29,95.68,55.65,46.09,30.00
217.98,34.95,21.01,21.79,20.29,96.04,55.65,45.79,30.00
217.99,34.88,21.04,21.76,20.29,96.40,55.65,46.09,30.00
218.00,34.88,21.04,21.79,20.29,96.04,55.79,45.99,30.00
218.01,34.95,21.04,21.79,20.29,96.04,55.65,45.99,30.00
218.02,34.88,21.01,21.79,20.29,96.04,55.65,45.99,30.00
218.03,34.88,21.01,21.76,20.29,96.04,55.65,45.99,30.00
218.04,34.88,21.01,21.79,20.29,96.04,55.65,45.99,30.00
218.05,34.95,21.04,21.79,20.29,96.04,55.65,45.99,30.05
218.06,34.95,21.04,21.79,20.29,96.04,55.65,45.99,30.00
218.07,34.82,21.04,21.76,20.29,96.04,55.65,45.99,30.00
218.08,34.95,21.01,21.79,20.29,96.04,55.65,45.89,30.00
218.09,34.88,21.04,21.79,20.29,96.04,55.65,45.99,30.00
218.10,34.88,21.04,21.79,20.29,96.04,55.65,45.99,30.00
218.11,34.95,21.04,21.79,20.29,96.04,55.65,45.99,30.00
218.12,34.95,21.04,21.76,20.29,96.04,55.65,45.99,30.00
218.13,34.88,21.04,21.79,20.29,96.04,55.65,45.99,30.00
218.14,34.88,21.04,21.79,20.29,96.04,55.65,45.99,30.05
218.15,34.88,21.04,21.82,20.29,96.04,55.65,45.99,30.05
218.16,34.95,21.04,21.79,20.29,96.04,55.65,45.99,30.05
218.17,34.88,21.04,21.79,20.29,96.04,55.65,45.99,30.00
218.18,34.88,21.01,21.79,20.29,96.04,55.65,45.99,30.00
218.19,34.95,21.04,21.79,20.32,96.04,55.65,45.99,30.00
218.20,34.88,21.04,21.79,20.29,96.04,55.65,45.99,30.00
218.21,34.95,21.04,21.79,20.29,96.04,55.65,45.99,30.05
218.22,34.88,21.04,21.76,20.29,96.04,55.65,45.99,30.05
218.23,34.88,21.04,21.79,20.29,96.04,55.65,45.99,30.05
218.24,35.01,21.04,21.79,20.29,96.04,55.65,45.89,30.05
218.25,34.95,21.04,21.79,20.29,96.04,55.65,45.99,30.05
218.26,34.95,21.07,21.79,20.29,96.04,55.65,45.99,30.00
218.27,34.88,21.04,21.79,20.29,96.04,55.65,45.99,30.05
218.28,34.95,21.04,21.79,20.29,96.04,55.65,45.99,30.00
218.29,34.88,21.04,21.79,20.29,96.04,55.65,45.99,30.05
218.30,34.95,21.07,21.79,20.29,96.04,55.65,45.99,30.05
218.31,34.95,21.04,21.79,20.29,96.04,55.65,45.99,30.05
218.32,34.88,21.04,21.79,20.29,96.04,55.65,45.99,30.05
218.33,34.88,21.04,21.79,20.29,96.04,55.79,45.99,30.00
218.34,34.95,21.04,21.82,20.29,96.04,55.79,46.09,30.05
218.35,35.01,21.07,21.82,20.29,96.04,55.79,45.99,30.00
218.36,34.95,21.04,21.82,20.29,96.04,55.79,45.99,30.05
218.37,34.88,21.04,21.79,20.29,96.04,55.65,45.99,30.05
218.38,34.88,21.04,21.79,20.29,96.04,55.65,45.99,30.05
218.39,34.88,21.04,21.82,20.32,96.04,55.79,45.99,30.05
218.40,34.95,21.04,21.82,20.29,96.04,55.65,45.99,30.05
218.41,35.01,21.04,21.79,20.29,96.04,55.65,45.99,30.05
218.42,34.88,21.04,21.79,20.29,96.04,55.65,45.99,30.05
218.43,34.95,21.04,21.79,20.29,96.40,55.65,45.99,30.05
218.44,34.95,21.04,21.82,20.29,96.40,55.79,45.99,30.05
218.45,34.95,21.07,21.82,20.29,96.40,55.79,46.09,30.05
218.46,34.95,21.04,21.82,20.29,96.04,55.79,46.09,30.05
218.47,34.95,21.04,21.82,20.29,96.04,55.65,45.99,30.05
218.48,34.88,21.04,21.79,20.29,96.40,55.79,45.99,30.05
218.49,34.88,21.04,21.82,20.32,96.04,55.65,46.09,30.05
218.50,35.01,21.07,21.82,20.29,96.04,55.79,46.09,30.05
218.51,34.95,21.07,21.82,20.29,96.40,55.65,45.99,30.05
218.52,34.95,21.04,21.82,20.29,96.04,55.79,46.09,30.05
218.53,34.95,21.04,21.79,20.29,96.40,55.65,45.99,30.05
218.54,34.95,21.04,21.82,20.29,96.04,55.79,46.09,30.05
218.55,34.95,21.07,21.82,20.29,96.40,55.65,45.99,30.05
218.56,34.95,21.07,21.82,20.32,96.04,55.65,45.99,30.05
218.57,34.95,21.04,21.82,20.29,96.04,55.79,46.09,30.05
218.58,34.95,21.04,21.79,20.29,96.04,55.79,45.99,30.05
218.59,34.95,21.04,21.82,20.29,96.04,55.65,46.09,30.05
218.60,34.95,21.07,21.82,20.32,96.04,55.79,46.09,30.10
218.61,34.95,21.04,21.82,20.29,96.04,55.79,46.09,30.05
218.62,34.95,21.04,21.79,20.29,96.04,55.65,45.99,30.05
218.63,34.88,21.04,21.79,20.32,96.04,55.79,46.09,30.05
218.64,34.95,21.04,21.82,20.32,96.40,55.79,45.99,30.05
218.65,34.95,21.07,21.82,20.29,96.04,55.79,46.09,30.05
218.66,34.95,21.07,21.82,20.32,96.40,55.79,46.09,30.05
218.67,35.01,21.04,21.82,20.32,96.04,55.65,46.09,30.05
218.68,34.95,21.04,21.82,20.29,96.04,55.65,46.09,30.10
218.69,35.01,21.04,21.82,20.32,96.40,55.65,46.09,30.05
218.70,35.01,21.07,21.82,20.29,96.40,55.65,46.09,30.05
218.71,34.95,21.07,21.82,20.29,96.04,55.79,46.09,30.05
218.72,34.95,21.04,21.82,20.32,96.04,55.79,45.99,30.05
218.73,34.88,21.04,21.82,20.32,96.04,55.65,46.09,30.05
218.74,34.95,21.07,21.82,20.29,96.40,55.79,46.09,30.05
218.75,34.95,21.04,21.82,20.29,96.04,55.79,46.09,30.05
218.76,35.01,21.07,21.82,20.32,96.40,55.79,46.09,30.05
218.77,34.95,21.07,21.82,20.29,96.04,55.79,46.09,30.05
218.78,34.95,21.04,21.82,20.29,96.40,55.79,46.09,30.05
218.79,34.95,21.07,21.82,20.32,96.04,55.79,45.99,30.05
218.80,34.95,21.07,21.82,20.29,96.40,55.79,46.09,30.05
218.81,34.95,21.07,21.82,20.32,96.04,55.65,46.09,30.05
218.82,34.95,21.07,21.82,20.29,96.04,55.65,46.09,30.10
218.83,34.95,21.04,21.82,20.29,96.04,55.79,46.09,30.10
218.84,35.01,21.07,21.82,20.32,96.04,55.65,46.09,30.05
218.85,35.01,21.07,21.82,20.32,96.40,55.79,46.09,30.10
218.86,34.95,21.10,21.82,20.29,96.40,55.79,46.09,30.05
218.87,34.95,21.04,21.82,20.29,96.40,55.65,46.09,30.05
218.88,34.95,21.07,21.82,20.32,96.04,55.79,46.09,30.05
218.89,35.01,21.04,21.86,20.32,96.40,55.79,46.09,30.10
218.90,34.95,21.07,21.82,20.29,96.40,55.65,46.09,30.10
218.91,35.01,21.07,21.82,20.29,96.40,55.79,46.09,30.05
218.92,35.01,21.04,21.82,20.29,96.40,55.65,46.09,30.10
218.93,34.95,21.07,21.82,20.29,96.04,55.79,46.09,30.05
218.94,34.95,21.07,21.82,20.32,96.04,55.65,46.09,30.10
218.95,34.95,21.07,21.86,20.32,96.40,55.79,46.09,30.05
218.96,34.95,21.07,21.86,20.29,96.40,55.65,46.09,30.10
218.97,34.95,21.04,21.79,20.32,96.40,55.79,46.09,30.05
218.98,34.95,21.04,21.82,20.32,96.04,55.65,46.09,30.10
218.99,34.95,21.07,21.82,20.32,96.04,55.65,46.09,30.05
219.00,34.95,21.07,21.86,20.32,96.40,55.79,46.09,30.10
219.01,35.01,21.07,21.82,20.29,96.40,55.65,46.09,30.05
219.02,35.01,21.04,21.82,20.29,96.40,55.65,46.09,30.10
219.03,35.01,21.07,21.82,20.32,96.40,55.79,46.09,30.10
219.04,34.95,21.07,21.82,20.29,96.40,55.79,46.09,30.10
219.05,35.01,21.07,21.82,20.32,96.40,55.79,46.09,30.10
219.06,35.01,21.04,21.82,20.29,96.04,55.65,46.09,30.05
219.07,34.95,21.04,21.82,20.32,96.40,55.79,46.09,30.05
219.08,34.95,21.07,21.82,20.32,96.40,55.79,46.09,30.10
219.09,34.95,21.07,21.82,20.32,96.40,55.79,46.09,30.10
219.10,34.95,21.10,21.86,20.32,96.04,55.79,46.09,30.10
219.11,35.08,21.07,21.82,20.29,96.40,55.65,46.09,30.10
219.12,34.95,21.04,21.86,20.32,96.04,55.65,46.09,30.10
219.13,34.95,21.04,21.82,20.32,96.04,55.79,46.09,30.10
219.14,34.95,21.07,21.82,20.32,96.40,55.52,46.09,30.10
219.15,34.95,21.07,21.86,20.32,96.40,55.79,46.09,30.10
219.16,34.95,21.07,21.86,20.32,96.40,55.65,46.09,30.10
219.17,34.95,21.07,21.82,20.32,96.04,55.65,46.09,30.10
219.18,34.95,21.04,21.82,20.32,96.40,55.65,46.09,30.10
219.19,34.95,21.04,21.82,20.32,96.40,55.79,46.09,30.10
219.20,35.01,21.07,21.86,20.32,96.40,55.79,46.09,30.10
219.21,34.95,21.07,21.82,20.32,96.40,55.65,46.09,30.10
219.22,34.95,21.07,21.82,20.32,96.04,55.79,45.99,30.10
219.23,35.01,21.07,21.82,20.32,96.40,55.65,46.19,30.10
219.24,34.95,21.07,21.82,20.32,96.40,55.79,46.09,30.10
219.25,35.01,21.07,21.86,20.32,96.40,55.79,46.09,30.10
219.26,34.95,21.07,21.82,20.32,96.40,55.79,46.09,30.10
219.27,35.01,21.04,21.82,20.32,96.04,55.65,46.09,30.10
219.28,35.01,21.04,21.82,20.29,96.04,55.79,46.09,30.10
219.29,34.95,21.07,21.82,20.29,96.40,55.79,46.09,30.10
219.30,34.95,21.07,21.86,20.32,96.40,55.79,46.19,30.10
219.31,35.01,21.07,21.86,20.32,96.04,55.79,46.19,30.10
219.32,34.95,21.07,21.82,20.32,96.40,55.79,46.09,30.10
219.33,34.95,21.04,21.82,20.29,96.40,55.65,46.09,30.10
219.34,34.95,21.07,21.82,20.32,96.40,55.79,46.09,30.10
219.35,35.01,21.07,21.86,20.32,96.40,55.79,46.09,30.10
219.36,34.95,21.07,21.86,20.32,96.04,55.79,46.09,30.10
219.37,35.01,21.04,21.82,20.32,96.40,55.65,46.09,30.10
219.38,35.01,21.07,21.82,20.32,96.40,55.65,46.19,30.10
219.39,35.01,21.07,21.82,20.32,96.40,55.79,46.09,30.10
219.40,35.01,21.10,21.86,20.32,96.40,55.79,46.09,30.10
219.41,35.08,21.07,21.86,20.32,96.40,55.79,46.09,30.10
219.42,35.01,21.04,21.86,20.32,96.40,55.79,46.09,30.15
219.43,34.95,21.07,21.86,20.32,96.40,55.79,46.09,30.10
219.44,34.95,21.07,21.82,20.32,96.40,55.79,46.09,30.15
219.45,34.95,21.10,21.86,20.32,96.40,55.79,46.19,30.10
219.46,34.95,21.07,21.86,20.32,96.40,55.79,46.09,30.15
219.47,34.95,21.07,21.82,20.32,96.40,55.79,46.09,30.10
219.48,34.95,21.04,21.82,20.32,96.40,55.79,46.09,30.10
219.49,34.95,21.07,21.86,20.32,96.40,55.79,46.09,30.10
219.50,34.95,21.07,21.86,20.32,96.40,55.79,46.19,30.15
219.51,34.95,21.07,21.86,20.32,96.04,55.93,46.09,30.10
219.52,34.95,21.04,21.82,20.32,96.40,55.79,46.09,30.10
219.53,34.95,21.07,21.86,20.32,96.40,55.79,46.09,30.15
219.54,35.01,21.07,21.86,20.32,96.40,55.79,46.09,30.15
219.55,35.01,21.07,21.86,20.32,96.40,55.79,46.19,30.15
219.56,35.01,21.07,21.86,20.32,96.40,55.79,46.19,30.10
219.57,35.01,21.07,21.86,20.32,96.40,55.79,46.09,30.10
219.58,34.95,21.04,21.82,20.32,96.40,55.79,46.09,30.10
219.59,34.95,21.07,21.86,20.32,96.40,55.65,46.09,30.10
219.60,35.01,21.07,21.86,20.32,96.40,55.79,46.19,30.15
219.61,35.01,21.07,21.86,20.32,96.40,55.79,46.09,30.10
219.62,34.95,21.07,21.82,20.32,96.40,55.79,46.09,30.10
219.63,34.95,21.07,21.86,20.32,96.40,55.65,46.09,30.15
219.64,35.01,21.07,21.86,20.32,96.40,55.79,46.09,30.05
219.65,34.95,21.07,21.86,20.32,96.40,55.79,46.19,30.15
219.66,34.95,21.07,21.86,20.32,96.40,55.79,46.09,30.10
219.67,34.95,21.07,21.82,20.32,96.40,55.79,46.09,30.10
219.68,34.88,21.04,21.82,20.32,96.40,55.79,46.09,30.10
219.69,34.95,21.07,21.86,20.32,96.40,55.65,46.09,30.15
219.70,35.01,21.07,21.86,20.32,96.40,55.79,46.19,30.10
219.71,34.95,21.07,21.86,20.32,96.40,55.79,46.19,30.10
219.72,34.95,21.04,21.86,20.29,96.40,55.79,46.09,30.10
219.73,34.95,21.07,21.86,20.32,96.40,55.79,46.09,30.15
219.74,34.95,21.07,21.86,20.32,96.40,55.79,46.09,30.10
219.75,34.95,21.07,21.86,20.32,96.40,55.79,46.09,30.15
219.76,34.95,21.07,21.86,20.32,96.40,55.79,46.19,30.10
219.77,34.95,21.07,21.82,20.32,96.40,55.79,46.09,30.10
219.78,34.95,21.07,21.82,20.32,96.40,55.65,46.19,30.15
219.79,35.01,21.07,21.86,20.32,96.40,55.79,46.09,30.15
219.80,35.01,21.07,21.86,20.32,96.40,55.79,46.09,30.15
219.81,35.08,21.07,21.86,20.32,96.04,55.65,46.19,30.15
219.82,34.95,21.04,21.86,20.32,96.40,55.79,46.19,30.15
219.83,34.95,21.04,21.86,20.32,96.40,55.79,46.09,30.15
219.84,34.95,21.07,21.86,20.32,96.04,55.79,46.19,30.15
219.85,35.01,21.07,21.86,20.32,96.40,55.79,46.19,30.15
219.86,34.95,21.07,21.86,20.32,96.04,55.65,46.19,30.10
219.87,34.95,21.04,21.82,20.32,96.40,55.79,46.09,30.15
219.88,34.95,21.04,21.82,20.32,96.40,55.79,46.19,30.15
219.89,34.95,21.07,21.86,20.32,96.40,55.79,46.19,30.15
219.90,35.01,21.07,21.86,20.32,96.04,55.79,46.19,30.15
219.91,35.01,21.07,21.86,20.32,96.40,55.79,46.19,30.21
219.92,34.95,21.07,21.86,20.32,96.40,55.79,46.09,30.10
219.93,35.01,21.04,21.86,20.32,96.40,55.79,46.09,30.15
219.94,35.01,21.07,21.86,20.32,96.40,55.79,46.09,30.15
219.95,34.95,21.07,21.86,20.32,96.40,55.79,46.09,30.15
219.96,34.95,21.07,21.86,20.32,96.40,55.79,46.09,30.15
219.97,34.95,21.04,21.82,20.32,96.40,55.65,46.09,30.15
219.98,34.95,21.07,21.86,20.32,96.04,55.65,46.19,30.15
219.99,35.01,21.07,21.86,20.32,96.40,55.79,46.09,30.15
220.00,34.95,21.07,21.86,20.32,96.40,55.79,46.09,30.15
220.01,34.88,21.07,21.86,20.32,96.04,55.65,46.19,30.15
220.02,34.95,21.04,21.86,20.32,96.04,55.79,46.09,30.15
220.03,34.88,21.04,21.86,20.32,96.40,55.65,46.19,30.15
220.04,34.95,21.07,21.86,20.32,96.40,55.65,46.19,30.15
220.05,34.95,21.07,21.86,20.32,96.40,55.79,46.19,30.15
220.06,34.95,21.07,21.86,20.32,96.40,55.79,46.09,30.15
220.07,34.95,21.07,21.86,20.32,96.40,55.79,46.09,30.15
220.08,34.95,21.04,21.86,20.32,96.40,55.65,46.09,30.15
220.09,34.95,21.07,21.86,20.32,96.40,55.52,46.19,30.15
220.10,35.08,21.04,21.86,20.32,96.40,55.79,46.19,30.21
220.11,34.95,21.07,21.86,20.32,96.40,55.79,46.19,30.15
220.12,34.95,21.07,21.86,20.32,96.04,55.65,46.09,30.15
220.13,34.95,21.04,21.86,20.32,96.40,55.65,46.19,30.15
220.14,34.95,21.04,21.86,20.32,96.04,55.79,46.19,30.15
220.15,35.01,21.07,21.86,20.32,96.40,55.79,46.19,30.15
220.16,35.01,21.04,21.86,20.32,96.40,55.65,46.09,30.15
220.17,35.01,21.04,21.86,20.32,96.04,55.79,46.09,30.15
220.18,34.95,21.04,21.86,20.32,96.40,55.65,46.19,30.15
220.19,34.95,21.07,21.86,20.32,96.40,55.79,46.09,30.15
220.20,35.01,21.07,21.86,20.32,96.40,55.79,46.19,30.10
220.21,34.95,21.07,21.86,20.32,96.04,55.79,46.19,30.15
220.22,34.95,21.04,21.86,20.32,96.40,55.65,46.09,30.10
220.23,34.95,21.04,21.86,20.32,96.04,55.79,46.19,30.10
220.24,34.95,21.07,21.86,20.32,96.40,55.79,46.19,30.21
220.25,34.95,21.07,21.86,20.32,96.40,55.79,46.19,30.15
220.26,35.01,21.07,21.86,20.32,96.04,55.65,46.09,30.15
220.27,34.95,21.04,21.86,20.32,96.40,55.79,46.09,30.15
220.28,34.95,21.07,21.86,20.32,96.40,55.79,46.09,30.15
220.29,34.95,21.07,21.86,20.32,96.40,55.79,46.19,30.15
220.30,35.01,21.07,21.86,20.32,96.40,55.79,46.19,30.15
220.31,34.95,21.04,21.86,20.32,96.40,55.65,46.19,30.15
220.32,35.01,21.04,21.86,20.32,96.40,55.79,46.19,30.15
220.33,34.95,21.04,21.86,20.32,96.40,55.65,46.09,30.21
220.34,34.88,21.07,21.86,20.32,96.40,55.79,46.19,30.21
220.35,35.08,21.07,21.86,20.32,96.40,55.79,46.19,30.21
220.36,34.95,21.04,21.86,20.32,96.40,55.65,46.09,30.15
220.37,35.01,21.04,21.86,20.32,96.04,55.65,46.19,30.21
220.38,34.95,21.04,21.86,20.32,96.40,55.79,46.19,30.21
220.39,34.95,21.04,21.86,20.32,96.40,55.79,46.19,30.15
220.40,34.95,21.07,21.86,20.32,96.40,55.65,46.19,30.15
220.41,35.01,21.07,21.86,20.35,96.40,55.79,46.19,30.15
220.42,35.01,21.04,21.86,20.32,96.40,55.79,46.19,30.15
220.43,34.95,21.04,21.86,20.32,96.40,55.65,46.09,30.15
220.44,34.95,21.07,21.86,20.32,96.40,55.79,46.29,30.21
220.45,34.95,21.04,21.86,20.32,96.40,55.65,46.19,30.15
220.46,35.01,21.04,21.86,20.32,96.40,55.79,46.19,30.21
220.47,34.95,21.01,21.86,20.32,96.04,55.65,46.19,30.21
220.48,34.95,21.04,21.86,20.35,96.40,55.79,46.09,30.21
220.49,34.95,21.04,21.86,20.32,96.40,55.79,46.19,30.21
220.50,34.95,21.07,21.86,20.35,96.04,55.79,46.19,30.21
220.51,34.95,21.07,21.86,20.32,96.40,55.65,46.19,30.15
220.52,35.01,21.04,21.86,20.32,96.04,55.65,46.19,30.15
220.53,34.95,21.04,21.86,20.32,96.40,55.65,46.19,30.15
220.54,34.95,21.04,21.86,20.32,96.40,55.79,46.19,30.21
220.55,35.01,21.07,21.89,20.35,96.40,55.79,46.19,30.21
220.56,34.95,21.07,21.86,20.32,96.40,55.79,46.19,30.15
220.57,35.01,21.04,21.86,20.32,96.40,55.65,46.19,30.15
220.58,35.01,21.04,21.86,20.32,96.40,55.79,46.29,30.15
220.59,34.95,21.04,21.86,20.32,96.40,55.79,46.19,30.15
220.60,35.01,21.07,21.86,20.32,96.40,55.79,46.19,30.21
220.61,34.95,21.04,21.86,20.32,96.40,55.65,46.09,30.21
220.62,34.95,21.04,21.86,20.32,96.40,55.79,46.09,30.15
220.63,35.01,21.04,21.86,20.32,96.04,55.65,46.19,30.21
220.64,34.95,21.07,21.86,20.35,96.40,55.79,46.19,30.21
220.65,34.95,21.07,21.86,20.32,96.40,55.79,46.19,30.21
220.66,34.95,21.07,21.86,20.32,96.40,55.79,46.19,30.21
220.67,34.95,21.07,21.86,20.32,96.04,55.79,46.19,30.21
220.68,35.01,21.04,21.86,20.32,96.40,55.65,46.09,30.21
220.69,35.01,21.04,21.86,20.32,96.40,55.79,46.19,30.21
220.70,35.01,21.07,21.89,20.32,96.40,55.65,46.19,30.21
220.71,35.01,21.07,21.86,20.32,96.40,55.79,46.19,30.21
220.72,35.01,21.07,21.86,20.32,96.40,55.79,46.19,30.21
220.73,34.95,21.04,21.86,20.32,96.40,55.65,46.09,30.21
220.74,34.95,21.07,21.86,20.32,96.40,55.79,46.19,30.21
220.75,34.95,21.07,21.86,20.35,96.40,55.65,46.19,30.21
220.76,35.01,21.07,21.89,20.32,96.40,55.65,46.19,30.21
220.77,34.95,21.04,21.86,20.32,96.40,55.65,46.19,30.21
220.78,35.01,21.04,21.86,20.32,96.40,55.79,46.19,30.21
220.79,34.95,21.07,21.89,20.35,96.04,55.79,46.19,30.21
220.80,34.95,21.07,21.89,20.32,96.40,55.79,46.19,30.21
220.81,35.08,21.07,21.86,20.32,96.40,55.65,46.19,30.21
220.82,34.95,21.04,21.86,20.32,96.40,55.79,46.19,30.21
220.83,34.95,21.07,21.86,20.32,96.40,55.79,46.19,30.21
220.84,34.95,21.07,21.86,20.32,96.40,55.79,46.19,30.21
220.85,35.01,21.07,21.89,20.35,96.40,55.79,46.19,30.21
220.86,34.95,21.07,21.86,20.32,96.40,55.79,46.19,30.21
220.87,34.95,21.04,21.86,20.32,96.40,55.79,46.19,30.21
220.88,35.01,21.07,21.86,20.35,96.04,55.65,46.19,30.21
220.89,34.95,21.07,21.86,20.35,96.40,55.79,46.09,30.21
220.90,35.01,21.07,21.89,20.32,96.40,55.79,46.29,30.21
220.91,35.01,21.07,21.86,20.35,96.40,55.79,46.19,30.21
220.92,34.95,21.04,21.86,20.35,96.40,55.65,46.19,30.21
220.93,35.01,21.04,21.86,20.35,96.40,55.79,46.29,30.21
220.94,34.95,21.04,21.89,20.35,96.40,55.79,46.19,30.21
220.95,34.95,21.07,21.89,20.32,96.40,55.79,46.19,30.21
220.96,34.95,21.07,21.86,20.35,96.40,55.79,46.19,30.21
220.97,34.95,21.04,21.86,20.35,96.40,55.79,46.19,30.21
220.98,34.95,21.04,21.86,20.32,96.40,55.79,46.19,30.21
220.99,34.95,21.07,21.89,20.35,96.40,55.65,46.19,30.26
221.00,34.95,21.07,21.89,20.32,96.40,55.79,46.29,30.21
221.01,34.95,21.07,21.86,20.32,96.40,55.79,46.19,30.21
221.02,34.95,21.04,21.86,20.35,96.04,55.79,46.19,30.21
221.03,35.01,21.04,21.86,20.35,96.40,55.65,46.19,30.21
221.04,35.01,21.04,21.86,20.35,96.40,55.79,46.29,30.21
221.05,34.95,21.07,21.89,20.32,96.40,55.79,46.19,30.21
221.06,35.01,21.04,21.89,20.32,96.04,55.79,46.19,30.21
221.07,34.95,21.04,21.86,20.32,96.40,55.65,46.19,30.21
221.08,34.95,21.04,21.86,20.35,96.40,55.65,46.19,30.21
221.09,35.01,21.07,21.86,20.35,96.40,55.79,46.19,30.21
221.10,35.01,21.07,21.89,20.35,96.40,55.79,46.29,30.21
221.11,34.95,21.07,21.86,20.35,96.40,55.79,46.19,30.21
221.12,34.95,21.04,21.86,20.32,96.40,55.79,46.19,30.21
221.13,34.95,21.04,21.86,20.32,96.40,55.79,46.29,30.21
221.14,34.95,21.04,21.89,20.35,96.40,55.79,46.19,30.21
221.15,35.01,21.07,21.89,20.32,96.40,55.79,46.19,30.21
221.16,35.01,21.07,21.86,20.35,96.40,55.79,46.19,30.26
221.17,34.95,21.04,21.86,20.35,96.40,55.79,46.19,30.21
221.18,34.95,21.07,21.86,20.32,96.04,55.79,46.19,30.21
221.19,34.95,21.07,21.89,20.35,96.40,55.79,46.29,30.26
221.20,34.95,21.07,21.89,20.35,96.40,55.79,46.29,30.21
221.21,35.01,21.07,21.89,20.32,96.40,55.79,46.19,30.26
221.22,35.01,21.04,21.86,20.35,96.40,55.65,46.19,30.26
221.23,34.95,21.07,21.86,20.35,96.40,55.65,46.19,30.21
221.24,35.01,21.07,21.89,20.32,96.77,55.65,46.29,30.26
221.25,34.95,21.07,21.89,20.35,96.40,55.79,46.19,30.26
221.26,34.95,21.07,21.89,20.35,96.40,55.79,46.19,30.26
221.27,34.95,21.04,21.86,20.35,96.40,55.79,46.19,30.26
221.28,34.95,21.04,21.86,20.35,96.04,55.79,46.19,30.26
221.29,35.01,21.07,21.89,20.35,96.40,55.79,46.19,30.26
221.30,35.01,21.07,21.89,20.35,96.40,55.79,46.29,30.26
221.31,34.95,21.07,21.89,20.35,96.40,55.79,46.19,30.21
221.32,34.95,21.04,21.86,20.35,96.40,55.65,46.19,30.26
221.33,35.01,21.07,21.86,20.35,96.40,55.65,46.29,30.26
221.34,35.01,21.07,21.89,20.35,96.40,55.79,46.19,30.26
221.35,34.95,21.07,21.89,20.35,96.40,55.79,46.19,30.26
221.36,34.95,21.10,21.89,20.35,96.40,55.79,46.29,30.26
221.37,34.95,21.01,21.89,20.32,96.40,55.79,46.19,30.21
221.38,34.95,21.07,21.89,20.35,96.40,55.79,46.29,30.26
221.39,35.08,21.07,21.89,20.35,96.40,55.79,46.19,30.26
221.40,35.01,21.07,21.89,20.35,96.40,55.79,46.29,30.26
221.41,34.95,21.04,21.89,20.32,96.40,55.79,46.19,30.26
221.42,34.95,21.04,21.86,20.35,96.40,55.79,46.19,30.21
221.43,35.01,21.04,21.86,20.35,96.40,55.79,46.19,30.26
221.44,35.01,21.07,21.89,20.35,96.40,55.79,46.29,30.26
221.45,34.95,21.07,21.89,20.35,96.40,55.79,46.29,30.26
221.46,35.01,21.07,21.89,20.35,96.40,55.79,46.19,30.26
221.47,34.95,21.04,21.86,20.35,96.40,55.79,46.19,30.21
221.48,35.01,21.07,21.89,20.32,96.40,55.79,46.19,30.31
221.49,34.95,21.07,21.89,20.35,96.40,55.79,46.29,30.21
221.50,35.08,21.07,21.89,20.35,96.40,55.79,46.29,30.26
221.51,35.08,21.07,21.89,20.35,96.40,55.79,46.19,30.26
221.52,34.95,21.04,21.89,20.35,96.40,55.79,46.19,30.26
221.53,35.01,21.04,21.89,20.32,96.40,55.65,46.29,30.26
221.54,35.08,21.07,21.89,20.35,96.40,55.79,46.29,30.26
221.55,35.01,21.07,21.89,20.35,96.40,55.79,46.19,30.31
221.56,35.08,21.07,21.89,20.35,96.40,55.79,46.19,30.26
221.57,35.08,21.04,21.89,20.35,96.40,55.79,46.19,30.26
221.58,34.95,21.04,21.86,20.35,96.40,55.79,46.19,30.26
221.59,35.08,21.07,21.89,20.35,96.40,55.79,46.29,30.26
221.60,35.01,21.07,21.89,20.35,96.40,55.79,46.29,30.26
221.61,35.15,21.04,21.89,20.35,96.40,55.79,46.29,30.26
221.62,34.95,21.07,21.86,20.35,96.40,55.79,46.29,30.26
221.63,34.95,21.04,21.92,20.35,96.40,55.79,46.19,30.26
221.64,35.01,21.07,21.89,20.32,96.40,55.79,46.29,30.26
221.65,35.08,21.07,21.92,20.35,96.40,55.79,46.29,30.26
221.66,35.01,21.07,21.89,20.35,96.40,55.79,46.29,30.26
221.67,35.01,21.07,21.89,20.35,96.40,55.79,46.29,30.26
221.68,34.88,21.07,21.89,20.35,96.40,55.79,46.19,30.26
221.69,35.01,21.07,21.89,20.35,96.40,55.79,46.29,30.26
221.70,35.01,21.07,21.89,20.35,96.04,55.79,46.29,30.26
221.71,35.01,21.07,21.89,20.35,96.04,55.79,46.29,30.26
221.72,34.95,21.07,21.89,20.35,96.04,55.79,46.19,30.26
221.73,34.95,21.04,21.89,20.35,96.40,55.65,46.40,30.26
221.74,35.01,21.07,21.89,20.35,96.40,55.79,46.19,30.26
221.75,35.01,21.07,21.92,20.35,96.40,55.79,46.29,30.26
221.76,34.95,21.07,21.89,20.35,96.40,55.79,46.29,30.26
221.77,34.95,21.07,21.89,20.32,96.40,55.65,46.29,30.26
221.78,35.01,21.07,21.89,20.35,96.40,55.79,46.19,30.26
221.79,34.95,21.07,21.89,20.35,96.40,55.79,46.29,30.26
221.80,34.95,21.07,21.89,20.35,96.40,55.79,46.29,30.26
221.81,34.95,21.04,21.89,20.35,96.40,55.79,46.29,30.26
221.82,35.01,21.04,21.89,20.35,96.40,55.65,46.19,30.31
221.83,34.95,21.04,21.86,20.35,96.40,55.65,46.19,30.26
221.84,35.01,21.04,21.89,20.35,96.40,55.65,46.19,30.26
221.85,35.08,21.07,21.89,20.35,96.40,55.79,46.29,30.31
221.86,35.08,21.07,21.89,20.35,96.40,55.79,46.29,30.26
221.87,34.95,21.04,21.89,20.35,96.40,55.65,46.19,30.31
221.88,35.01,21.04,21.89,20.35,96.40,55.79,46.29,30.26
221.89,35.08,21.07,21.89,20.35,96.40,55.65,46.40,30.31
221.90,34.95,21.07,21.92,20.35,96.40,55.79,46.29,30.31
221.91,35.08,21.07,21.89,20.35,96.40,55.79,46.29,30.26
221.92,35.01,21.07,21.89,20.35,96.40,55.79,46.29,30.26
221.93,35.01,21.04,21.89,20.35,96.40,55.79,46.29,30.31
221.94,34.95,21.07,21.89,20.35,96.40,55.79,46.19,30.31
221.95,35.01,21.07,21.89,20.35,96.40,55.79,46.29,30.31
222.00,35.08,21.04,21.89,20.35,96.40,55.79,46.29,30.26
222.01,34.95,21.04,21.89,20.35,96.40,55.79,46.29,30.26
222.02,35.01,21.04,21.89,20.35,96.04,55.93,46.29,30.31
222.03,34.95,21.07,21.89,20.35,96.40,55.79,46.29,30.31
222.04,35.08,21.07,21.89,20.35,96.40,55.79,46.29,30.31
222.07,35.01,21.07,21.89,20.35,96.40,55.93,46.19,30.31
222.08,35.01,21.04,21.89,20.35,96.40,55.79,46.19,30.31
222.09,34.95,21.04,21.89,20.35,96.40,55.65,46.29,30.31
222.10,34.95,21.07,21.92,20.35,96.40,55.79,46.29,30.31
222.11,34.95,21.07,21.92,20.35,96.40,55.79,46.29,30.26
222.12,35.01,21.04,21.89,20.35,96.40,55.79,46.29,30.31
222.13,35.01,21.04,21.89,20.35,96.40,55.79,46.29,30.31
222.14,35.01,21.07,21.89,20.35,96.40,55.79,46.29,30.31
222.15,35.01,21.07,21.89,20.38,96.40,55.79,46.29,30.31
222.16,34.95,21.07,21.89,20.35,96.40,55.79,46.29,30.31
222.17,35.01,21.04,21.89,20.35,96.40,55.79,46.19,30.31
222.18,34.95,21.07,21.89,20.35,96.40,55.79,46.29,30.31
222.19,35.01,21.07,21.89,20.35,96.40,55.79,46.29,30.31
222.20,35.01,21.04,21.89,20.35,96.40,55.79,46.29,30.26
222.21,35.01,21.07,21.92,20.35,96.40,55.79,46.29,30.31
222.22,34.95,21.04,21.89,20.35,96.40,55.65,46.29,30.31
222.23,34.95,21.04,21.92,20.35,96.40,55.79,46.19,30.26
222.24,35.01,21.04,21.89,20.35,96.40,55.65,46.29,30.31
222.25,35.08,21.07,21.89,20.35,96.40,55.65,46.29,30.31
222.26,35.01,21.07,21.92,20.35,96.40,55.65,46.29,30.31
222.27,34.95,21.07,21.89,20.35,96.40,55.65,46.29,30.31
222.28,35.01,21.07,21.89,20.35,96.40,55.79,46.19,30.31
222.29,35.01,21.04,21.89,20.35,96.40,55.79,46.29,30.31
222.30,35.01,21.07,21.92,20.35,96.40,55.79,46.29,30.31
222.31,34.95,21.07,21.92,20.35,96.40,55.79,46.29,30.31
222.32,34.95,21.04,21.92,20.35,96.40,55.65,46.29,30.31
222.33,34.95,21.07,21.89,20.35,96.40,55.79,46.29,30.31
222.34,35.01,21.07,21.89,20.35,96.40,55.79,46.29,30.31
222.35,35.08,21.07,21.89,20.35,96.40,55.79,46.29,30.31
222.36,35.01,21.07,21.92,20.38,96.40,55.79,46.29,30.31
222.37,35.08,21.07,21.89,20.38,96.40,55.79,46.29,30.31
222.38,35.01,21.04,21.89,20.35,96.40,55.79,46.19,30.31
222.39,35.01,21.07,21.89,20.38,96.40,55.79,46.40,30.31
222.40,35.01,21.10,21.92,20.35,96.40,55.79,46.29,30.31
222.41,35.08,21.07,21.92,20.35,96.40,55.79,46.29,30.31
222.42,35.01,21.07,21.92,20.35,96.40,55.79,46.29,30.31
222.43,34.95,21.07,21.89,20.35,96.40,55.65,46.19,30.31
222.44,34.95,21.04,21.89,20.35,96.40,55.79,46.29,30.31
222.45,34.95,21.07,21.92,20.38,96.40,55.79,46.29,30.31
222.46,35.01,21.07,21.92,20.38,96.40,55.79,46.29,30.31
222.47,35.01,21.07,21.89,20.35,96.40,55.79,46.29,30.31
222.48,34.95,21.04,21.89,20.35,96.77,55.79,46.19,30.31
222.49,34.95,21.04,21.89,20.38,96.40,55.79,46.29,30.31
222.50,35.01,21.07,21.92,20.35,96.77,55.79,46.29,30.31
222.51,35.01,21.07,21.92,20.38,96.40,55.79,46.40,30.31
222.52,34.95,21.07,21.89,20.38,96.40,55.79,46.29,30.31
222.53,34.95,21.04,21.92,20.35,96.40,55.79,46.19,30.31
222.54,34.95,21.04,21.92,20.35,96.40,55.79,46.29,30.31
222.55,35.01,21.07,21.89,20.35,96.40,55.79,46.29,30.31
222.56,35.01,21.07,21.92,20.35,96.40,55.79,46.29,30.31
222.57,34.95,21.07,21.89,20.35,96.40,55.79,46.29,30.31
222.58,34.95,21.04,21.89,20.35,96.40,55.79,46.29,30.31
222.59,34.95,21.04,21.89,20.35,96.40,55.79,46.29,30.31
222.60,35.08,21.07,21.92,20.35,96.40,55.79,46.29,30.31
222.61,34.95,21.07,21.92,20.35,96.40,55.79,46.29,30.31
222.62,35.01,21.07,21.92,20.38,96.40,55.93,46.29,30.31
222.63,35.01,21.07,21.89,20.35,96.40,55.79,46.19,30.31
222.64,34.95,21.07,21.92,20.35,96.40,55.79,46.29,30.36
222.65,34.95,21.07,21.89,20.35,96.40,55.79,46.29,30.31
222.66,35.01,21.07,21.92,20.35,96.40,55.79,46.29,30.31
222.67,35.08,21.04,21.92,20.35,96.40,55.79,46.29,30.31
222.68,35.01,21.07,21.89,20.38,96.40,55.79,46.29,30.31
222.69,35.01,21.07,21.89,20.35,96.40,55.79,46.29,30.36
222.70,35.01,21.07,21.92,20.38,96.40,55.79,46.29,30.31
222.71,35.01,21.07,21.92,20.38,96.40,55.79,46.29,30.31
222.72,35.01,21.07,21.92,20.35,96.40,55.79,46.29,30.36
222.73,34.95,21.07,21.89,20.35,96.40,55.65,46.29,30.31
222.74,35.01,21.04,21.89,20.35,96.40,55.79,46.29,30.31
222.75,35.08,21.07,21.92,20.35,96.40,55.65,46.29,30.36
222.76,35.01,21.07,21.92,20.38,96.40,55.79,46.29,30.36
222.77,35.08,21.04,21.92,20.35,96.40,55.65,46.29,30.31
222.78,35.01,21.07,21.89,20.35,96.40,55.93,46.29,30.31
222.79,35.01,21.04,21.92,20.38,96.40,55.52,46.29,30.26
222.80,35.01,21.07,21.92,20.38,96.40,55.79,46.29,30.31
222.81,35.01,21.07,21.92,20.38,96.40,55.79,46.29,30.31
222.82,35.01,21.07,21.92,20.35,96.40,55.65,46.29,30.31
222.83,34.95,21.07,21.92,20.38,96.40,55.65,46.29,30.31
222.84,35.01,21.07,21.92,20.35,96.40,55.79,46.29,30.36
222.85,34.95,21.07,21.89,20.38,96.40,55.79,46.29,30.31
222.86,35.01,21.07,21.92,20.38,96.40,55.79,46.29,30.36
222.87,34.95,21.07,21.92,20.35,96.40,55.79,46.40,30.36
222.88,34.95,21.04,21.92,20.38,96.40,55.79,46.29,30.36
222.89,34.95,21.07,21.89,20.38,96.40,55.79,46.29,30.36
222.90,35.01,21.07,21.92,20.35,96.40,55.79,46.29,30.36
222.91,35.15,21.07,21.92,20.38,96.77,55.79,46.40,30.31
222.92,34.88,21.07,21.92,20.35,96.40,55.79,46.29,30.31
222.93,35.01,21.07,21.92,20.38,96.40,55.79,46.29,30.36
222.94,34.95,21.07,21.92,20.35,96.40,55.79,46.29,30.26
222.95,35.01,21.07,21.95,20.38,96.40,55.79,46.29,30.36
222.96,35.01,21.07,21.92,20.35,96.40,55.79,46.40,30.36
222.97,34.95,21.07,21.89,20.35,96.40,55.79,46.29,30.36
222.98,34.95,21.04,21.92,20.35,96.40,55.65,46.29,30.36
222.99,34.95,21.04,21.92,20.38,96.40,55.79,46.29,30.36
223.00,35.01,21.07,21.92,20.38,96.40,55.79,46.29,30.36
223.01,35.01,21.07,21.92,20.38,96.40,55.79,46.29,30.36
223.02,35.01,21.07,21.92,20.35,96.40,55.79,46.40,30.36
223.03,35.01,21.07,21.89,20.38,96.40,55.79,46.29,30.36
223.04,34.95,21.04,21.89,20.38,96.40,55.79,46.29,30.36
223.05,34.95,21.07,21.92,20.35,96.40,55.79,46.50,30.36
223.06,35.01,21.07,21.92,20.35,96.40,55.79,46.19,30.36
223.07,34.95,21.07,21.92,20.38,96.40,55.79,46.40,30.31
223.08,34.95,21.04,21.92,20.38,96.40,55.79,46.29,30.36
223.09,34.95,21.07,21.89,20.35,96.40,55.79,46.29,30.36
223.10,34.95,21.07,21.92,20.38,96.40,55.93,46.29,30.36
223.11,35.01,21.07,21.92,20.38,96.40,55.79,46.29,30.36
223.12,35.01,21.07,21.89,20.35,96.40,55.79,46.29,30.41
223.13,34.95,21.04,21.89,20.38,96.40,55.79,46.29,30.36
223.14,34.95,21.04,21.92,20.38,96.40,55.79,46.29,30.36
223.15,35.01,21.07,21.92,20.35,96.40,55.79,46.40,30.36
223.16,35.01,21.07,21.92,20.38,96.40,55.79,46.29,30.36
223.17,34.95,21.07,21.92,20.38,96.40,55.79,46.29,30.36
223.18,34.95,21.04,21.89,20.35,96.40,55.79,46.29,30.36
223.19,34.95,21.04,21.92,20.38,96.40,55.79,46.40,30.36
223.20,35.01,21.07,21.92,20.38,96.40,55.79,46.40,30.36
223.21,35.01,21.07,21.92,20.38,96.40,55.93,46.29,30.36
223.22,34.95,21.07,21.89,20.35,96.40,55.65,46.40,30.36
223.23,35.01,21.04,21.92,20.35,96.40,55.79,46.29,30.36
223.24,34.95,21.04,21.92,20.38,96.40,55.79,46.29,30.36
223.25,35.01,21.07,21.92,20.38,96.40,55.79,46.40,30.36
223.26,35.08,21.04,21.92,20.35,96.40,55.79,46.40,30.36
223.27,35.08,21.04,21.89,20.38,96.40,55.79,46.29,30.36
223.28,34.95,21.04,21.89,20.38,96.40,55.65,46.29,30.36
223.29,34.95,21.04,21.92,20.35,96.40,55.79,46.29,30.36
223.30,35.01,21.04,21.92,20.38,96.40,55.79,46.40,30.36
223.31,34.95,21.07,21.92,20.38,96.40,55.79,46.40,30.36
223.32,35.01,21.07,21.92,20.35,96.40,55.79,46.29,30.36
223.33,35.01,21.04,21.89,20.38,96.04,55.79,46.29,30.36
223.34,34.95,21.04,21.92,20.38,96.40,55.79,46.29,30.36
223.35,34.95,21.04,21.92,20.38,96.40,55.79,46.40,30.36
223.36,35.01,21.07,21.92,20.38,96.40,55.79,46.40,30.36
223.37,35.08,21.04,21.92,20.38,96.40,55.79,46.29,30.36
223.38,34.95,21.04,21.89,20.35,96.40,55.65,46.29,30.36
223.39,35.01,21.04,21.92,20.38,96.40,55.79,46.29,30.36
223.40,35.01,21.07,21.92,20.38,96.40,55.79,46.29,30.36
223.41,35.01,21.07,21.92,20.38,96.40,55.79,46.40,30.36
223.42,34.95,21.04,21.92,20.38,96.40,55.79,46.29,30.41
223.43,35.01,21.04,21.89,20.38,96.04,55.79,46.40,30.36
223.44,34.95,21.04,21.92,20.38,96.40,55.79,46.29,30.36
223.45,34.95,21.04,21.92,20.38,96.77,55.79,46.40,30.36
223.46,35.01,21.07,21.92,20.38,96.40,55.93,46.40,30.41
223.47,35.01,21.07,21.92,20.38,96.40,55.79,46.29,30.36
223.48,34.95,21.04,21.92,20.38,96.40,55.79,46.29,30.36
223.49,34.95,21.04,21.92,20.38,96.40,55.79,46.29,30.41
223.50,34.95,21.04,21.92,20.38,96.40,55.79,46.29,30.31
223.51,35.01,21.07,21.92,20.38,96.40,55.79,46.29,30.36
223.52,34.95,21.04,21.92,20.38,96.77,55.79,46.40,30.36
223.53,34.95,21.04,21.92,20.38,96.40,55.79,46.29,30.36
223.54,34.95,21.04,21.92,20.38,96.40,55.79,46.29,30.36
223.55,35.01,21.07,21.92,20.41,96.40,55.79,46.40,30.41
223.56,35.08,21.07,21.92,20.35,96.40,55.79,46.29,30.36
223.57,34.95,21.07,21.92,20.38,96.40,55.65,46.40,30.41
223.58,34.95,21.04,21.92,20.35,96.40,55.79,46.29,30.41
223.59,34.95,21.04,21.92,20.38,96.40,55.79,46.40,30.36
223.60,34.95,21.07,21.92,20.38,96.40,55.79,46.40,30.36
223.61,35.01,21.07,21.92,20.38,96.40,55.79,46.40,30.36
223.62,34.95,21.07,21.92,20.35,96.40,55.79,46.40,30.41
223.63,34.95,21.04,21.89,20.35,96.77,55.79,46.29,30.36
223.64,34.95,21.07,21.92,20.38,96.40,55.79,46.40,30.41
223.65,35.01,21.07,21.95,20.38,96.40,55.79,46.40,30.41
223.66,35.01,21.07,21.95,20.38,96.40,55.79,46.40,30.36
223.67,35.01,21.04,21.92,20.38,96.40,55.65,46.40,30.36
223.68,34.95,21.04,21.92,20.38,96.40,55.65,46.29,30.36
223.69,34.88,21.07,21.92,20.38,96.40,55.79,46.40,30.41
223.70,35.01,21.07,21.92,20.38,96.40,55.79,46.29,30.41
223.71,35.01,21.07,21.95,20.38,96.40,55.79,46.40,30.41
223.72,35.01,21.07,21.92,20.38,96.40,55.65,46.40,30.36
223.73,34.95,21.04,21.92,20.38,96.40,55.79,46.40,30.41
223.74,35.01,21.07,21.92,20.38,96.40,55.79,46.40,30.31
223.75,35.01,21.07,21.95,20.38,96.40,55.79,46.40,30.41
223.76,35.08,21.07,21.95,20.38,96.40,55.79,46.40,30.41
223.77,35.01,21.04,21.92,20.38,96.40,55.79,46.40,30.41
223.78,34.95,21.04,21.92,20.38,96.40,55.79,46.40,30.36
223.79,34.95,21.07,21.92,20.38,96.40,55.79,46.40,30.41
223.80,35.01,21.07,21.95,20.38,96.40,55.79,46.40,30.41
223.81,35.01,21.07,21.95,20.38,96.40,55.79,46.29,30.36
223.82,34.95,21.04,21.92,20.38,96.40,55.79,46.40,30.41
223.83,34.95,21.07,21.92,20.38,96.40,55.79,46.40,30.41
223.84,35.01,21.04,21.92,20.38,96.40,55.79,46.40,30.36
223.85,35.01,21.07,21.92,20.38,96.77,55.79,46.40,30.41
223.86,35.01,21.07,21.95,20.38,96.40,55.79,46.40,30.41
223.87,34.95,21.07,21.92,20.38,96.40,55.65,46.40,30.41
223.88,35.08,21.04,21.92,20.38,96.40,55.93,46.40,30.41
223.89,34.95,21.04,21.92,20.38,96.40,55.79,46.40,30.41
223.90,35.08,21.07,21.92,20.38,96.40,55.79,46.29,30.36
223.91,34.95,21.04,21.95,20.38,96.40,55.79,46.40,30.41
223.92,34.95,21.07,21.92,20.38,96.40,55.79,46.29,30.41
223.93,35.01,21.01,21.92,20.38,96.40,55.79,46.40,30.41
223.94,34.95,21.07,21.92,20.38,96.40,55.79,46.40,30.41
223.95,35.01,21.07,21.95,20.35,96.40,55.79,46.40,30.41
223.96,35.08,21.07,21.95,20.38,96.40,55.79,46.40,30.41
223.97,34.95,21.04,21.92,20.38,96.40,55.79,46.29,30.41
223.98,34.95,21.04,21.92,20.38,96.40,55.79,46.40,30.41
223.99,34.95,21.04,21.92,20.38,96.77,55.65,46.40,30.41
224.00,34.95,21.04,21.92,20.38,96.40,55.79,46.40,30.41
224.01,34.95,21.07,21.95,20.38,96.40,55.65,46.40,30.36
224.02,35.01,21.07,21.92,20.38,96.40,55.79,46.29,30.41
224.03,35.01,21.04,21.92,20.38,96.40,55.65,46.40,30.41
224.04,35.01,21.04,21.92,20.38,96.40,55.65,46.29,30.41
224.05,35.01,21.07,21.92,20.38,96.40,55.79,46.29,30.47
224.06,34.95,21.07,21.95,20.38,96.40,55.79,46.40,30.47
224.07,35.01,21.04,21.92,20.38,96.40,55.79,46.40,30.41
224.08,34.95,21.04,21.92,20.38,96.40,55.65,46.40,30.41
224.09,34.95,21.04,21.92,20.38,96.40,55.79,46.40,30.41
224.10,35.01,21.07,21.95,20.38,96.40,55.79,46.40,30.41
224.11,35.01,21.07,21.92,20.38,96.40,55.79,46.40,30.41
224.12,35.01,21.04,21.92,20.35,96.40,55.79,46.40,30.41
224.13,34.95,21.04,21.92,20.38,96.40,55.79,46.40,30.41
224.14,34.95,21.04,21.92,20.38,96.40,55.79,46.40,30.41
224.15,35.01,21.04,21.95,20.38,96.40,55.79,46.40,30.41
224.16,34.88,21.04,21.92,20.38,96.40,55.79,46.40,30.41
224.17,35.01,21.07,21.92,20.38,96.40,55.79,46.40,30.47
224.18,34.95,21.04,21.92,20.38,96.77,55.79,46.40,30.41
224.19,35.08,21.04,21.92,20.38,96.40,55.65,46.40,30.41
224.20,35.01,21.07,21.95,20.38,96.40,55.79,46.40,30.41
224.21,35.01,21.07,21.95,20.38,96.40,55.79,46.40,30.41
224.22,35.01,21.04,21.92,20.38,96.40,55.79,46.40,30.41
224.23,35.01,21.04,21.92,20.38,96.40,55.79,46.40,30.47
224.24,35.01,21.04,21.92,20.38,96.40,55.79,46.40,30.41
224.25,34.95,21.07,21.92,20.38,96.40,55.79,46.40,30.47
224.26,35.01,21.07,21.92,20.38,96.40,55.79,46.40,30.41
224.27,35.01,21.04,21.92,20.38,96.77,55.65,46.40,30.47
224.28,34.95,21.04,21.92,20.38,96.04,55.79,46.40,30.41
224.29,34.95,21.04,21.95,20.38,96.77,55.79,46.40,30.41
224.30,35.01,21.07,21.95,20.38,96.40,55.79,46.29,30.41
224.31,34.95,21.04,21.95,20.38,96.40,55.79,46.40,30.47
224.32,34.95,21.04,21.92,20.38,96.40,55.79,46.40,30.47
224.33,34.95,21.04,21.89,20.38,96.40,55.79,46.40,30.41
224.34,35.01,21.04,21.92,20.38,96.40,55.79,46.40,30.47
224.35,35.01,21.07,21.95,20.38,96.77,55.79,46.40,30.47
224.36,34.95,21.07,21.95,20.38,96.40,55.79,46.40,30.41
224.37,34.95,21.04,21.92,20.38,96.40,55.65,46.40,30.47
224.38,35.01,21.04,21.92,20.38,96.40,55.79,46.29,30.41
224.39,35.01,21.04,21.92,20.38,96.40,55.79,46.29,30.47
224.40,34.95,21.04,21.95,20.38,96.40,55.65,46.40,30.47
224.41,35.08,21.07,21.92,20.38,96.40,55.79,46.40,30.47
224.42,34.95,21.04,21.92,20.38,96.40,55.79,46.29,30.41
224.43,34.95,21.04,21.92,20.38,96.40,55.79,46.40,30.41
224.44,35.01,21.04,21.92,20.38,96.40,55.79,46.40,30.47
224.45,34.95,21.04,21.95,20.38,96.40,55.79,46.40,30.47
224.46,35.01,21.07,21.95,20.38,96.77,55.79,46.40,30.41
224.47,34.95,21.04,21.92,20.38,96.40,55.65,46.40,30.47
224.48,34.95,21.04,21.92,20.38,96.40,55.79,46.40,30.41
224.49,34.95,21.04,21.92,20.38,96.40,55.79,46.40,30.41
224.50,35.01,21.07,21.92,20.41,96.40,55.79,46.40,30.47
224.51,35.01,21.04,21.92,20.38,96.40,55.79,46.40,30.41
224.52,35.01,21.04,21.95,20.38,96.77,55.79,46.40,30.41
224.53,34.95,21.04,21.92,20.38,96.40,55.79,46.40,30.47
224.54,34.95,21.07,21.92,20.38,96.40,55.79,46.40,30.47
224.55,35.08,21.07,21.92,20.38,96.40,55.79,46.40,30.41
224.56,35.01,21.07,21.95,20.38,96.40,55.93,46.40,30.47
224.57,34.95,21.04,21.95,20.38,96.40,55.79,46.29,30.47
224.58,34.95,21.04,21.92,20.38,96.40,55.79,46.29,30.47
224.59,35.01,21.04,21.92,20.38,96.40,55.65,46.40,30.47
224.60,34.95,21.07,21.95,20.38,96.40,55.79,46.29,30.47
224.61,35.01,21.07,21.95,20.38,96.40,55.79,46.40,30.41
224.62,35.01,21.04,21.92,20.38,96.40,55.79,46.40,30.41
224.63,34.95,21.04,21.92,20.38,96.40,55.79,46.40,30.47
224.64,34.95,21.04,21.92,20.38,96.40,55.79,46.40,30.47
224.65,35.01,21.07,21.92,20.38,96.40,55.79,46.40,30.47
224.66,35.01,21.04,21.95,20.38,96.77,55.79,46.40,30.41
224.67,34.95,21.04,21.92,20.38,96.40,55.79,46.40,30.47
224.68,34.95,21.04,21.92,20.38,96.40,55.79,46.40,30.47
224.69,35.01,21.04,21.92,20.38,96.40,55.79,46.40,30.41
224.70,35.01,21.04,21.92,20.38,96.40,55.79,46.40,30.41
224.71,35.01,21.07,21.95,20.38,96.40,55.79,46.40,30.47
224.72,34.95,21.04,21.92,20.38,96.40,55.79,46.40,30.47
224.73,34.95,21.04,21.92,20.38,96.40,55.79,46.40,30.47
224.74,34.95,21.04,21.92,20.38,96.40,55.79,46.40,30.47
224.75,35.01,21.04,21.95,20.38,96.40,55.79,46.40,30.47
224.76,34.95,21.07,21.95,20.38,96.40,55.65,46.40,30.47
224.77,34.95,21.04,21.92,20.38,96.40,55.79,46.40,30.47
224.78,34.95,21.04,21.92,20.38,96.40,55.65,46.40,30.47
224.79,34.95,21.04,21.92,20.38,96.40,55.79,46.40,30.47
224.80,35.01,21.04,21.95,20.38,96.40,55.79,46.40,30.47
224.81,35.01,21.04,21.95,20.38,96.77,55.79,46.40,30.47
224.82,35.01,21.04,21.95,20.38,96.40,55.79,46.40,30.47
224.83,35.01,21.04,21.92,20.38,96.40,55.65,46.40,30.47
224.84,35.01,21.04,21.95,20.41,96.40,55.65,46.40,30.47
224.85,35.01,21.07,21.95,20.41,96.40,55.79,46.40,30.47
224.86,35.01,21.04,21.95,20.38,96.40,55.79,46.40,30.47
224.87,34.95,21.04,21.92,20.38,96.40,55.79,46.40,30.41
224.88,35.01,21.04,21.92,20.38,96.40,55.79,46.40,30.47
224.89,34.95,21.04,21.92,20.38,96.40,55.79,46.40,30.47
224.90,35.01,21.04,21.95,20.38,96.40,55.79,46.40,30.41
224.91,35.01,21.07,21.95,20.38,96.40,55.79,46.50,30.47
224.92,35.01,21.04,21.95,20.38,96.40,55.79,46.40,30.47
224.93,34.95,21.04,21.92,20.38,96.77,55.65,46.40,30.47
224.94,35.01,21.04,21.92,20.38,96.77,55.79,46.40,30.41
224.95,35.01,21.07,21.95,20.38,96.77,55.79,46.50,30.47
224.96,35.08,21.07,21.95,20.38,96.40,55.79,46.40,30.47
224.97,35.08,21.04,21.95,20.38,96.40,55.79,46.29,30.47
224.98,35.01,21.04,21.95,20.38,96.40,55.65,46.40,30.47
224.99,34.95,21.04,21.95,20.38,96.40,55.65,46.40,30.47
225.00,35.08,21.04,21.95,20.38,96.40,55.79,46.40,30.47
225.01,35.01,21.07,21.95,20.38,96.40,55.79,46.40,30.47
225.02,34.95,21.04,21.95,20.38,96.40,55.79,46.40,30.47
225.03,34.95,21.04,21.95,20.41,96.40,55.65,46.40,30.47
225.04,34.95,21.04,21.92,20.38,96.40,55.65,46.40,30.47
225.05,35.01,21.04,21.95,20.38,96.40,55.65,46.40,30.47
225.06,34.95,21.04,21.95,20.41,96.40,55.79,46.50,30.47
225.07,35.01,21.01,21.92,20.38,96.40,55.79,46.40,30.47
225.08,34.95,21.04,21.92,20.38,96.40,55.79,46.40,30.47
225.09,34.95,21.01,21.95,20.41,96.40,55.79,46.40,30.47
225.10,35.01,21.07,21.95,20.41,96.77,55.79,46.40,30.47
225.11,35.01,21.04,21.95,20.38,96.40,55.79,46.40,30.52
225.12,34.95,21.04,21.92,20.38,96.40,55.79,46.40,30.47
225.13,35.01,21.04,21.92,20.38,96.40,55.79,46.40,30.47
225.14,34.95,21.07,21.92,20.38,96.40,55.65,46.40,30.47
225.15,34.95,21.04,21.95,20.38,96.40,55.79,46.40,30.47
225.16,35.01,21.07,21.95,20.38,96.40,55.79,46.40,30.47
225.17,35.01,21.04,21.95,20.38,96.40,55.79,46.40,30.52
225.18,35.01,21.01,21.92,20.38,96.40,55.79,46.40,30.52
225.19,34.95,21.04,21.95,20.41,96.40,55.79,46.40,30.47
225.20,34.95,21.07,21.95,20.38,96.40,55.79,46.40,30.47
225.21,35.01,21.07,21.95,20.41,96.40,55.79,46.50,30.52
225.22,34.95,21.04,21.95,20.41,96.40,55.65,46.40,30.47
225.23,34.95,21.04,21.92,20.38,96.40,55.65,46.40,30.52
225.24,35.08,21.04,21.95,20.38,96.40,55.79,46.40,30.52
225.25,34.95,21.04,21.95,20.41,96.40,55.65,46.40,30.52
225.26,35.01,21.04,21.95,20.38,96.40,55.79,46.50,30.47
225.27,34.95,21.04,21.95,20.41,96.40,55.65,46.40,30.47
225.28,34.95,21.04,21.92,20.38,96.40,55.52,46.40,30.47
225.29,34.95,21.04,21.92,20.38,96.40,55.79,46.40,30.52
225.30,35.01,21.04,21.95,20.38,96.77,55.79,46.50,30.47
225.31,34.95,21.07,21.95,20.38,96.40,55.79,46.50,30.52
225.32,34.95,21.04,21.92,20.38,96.40,55.79,46.40,30.52
225.33,34.95,21.04,21.95,20.38,96.40,55.79,46.40,30.47
225.34,35.01,21.04,21.95,20.41,96.40,55.79,46.40,30.52
225.35,35.01,21.07,21.95,20.38,96.40,55.79,46.40,30.52
225.36,34.95,21.07,21.95,20.38,96.40,55.79,46.40,30.52
225.37,34.95,21.04,21.92,20.38,96.40,55.79,46.40,30.52
225.38,34.95,21.04,21.92,20.41,96.40,55.79,46.40,30.52
225.39,35.01,21.04,21.92,20.38,96.40,55.65,46.40,30.52
225.40,35.01,21.04,21.95,20.41,96.40,55.79,46.40,30.52
225.41,35.01,21.07,21.95,20.38,96.40,55.79,46.40,30.52
225.42,34.95,21.04,21.92,20.41,96.40,55.65,46.40,30.52
225.43,34.88,21.01,21.95,20.41,96.40,55.79,46.40,30.52
225.44,35.01,21.04,21.95,20.38,96.40,55.79,46.40,30.47
225.45,35.08,21.07,21.92,20.38,96.40,55.65,46.40,30.52
225.46,35.08,21.04,21.95,20.41,96.77,55.79,46.40,30.52
225.47,34.95,21.04,21.95,20.38,96.40,55.65,46.40,30.47
225.48,34.95,21.04,21.95,20.38,96.40,55.65,46.40,30.52
225.49,35.01,21.04,21.92,20.38,96.40,55.79,46.40,30.52
225.50,35.01,21.04,21.95,20.38,96.40,55.79,46.50,30.52
225.51,35.01,21.04,21.95,20.41,96.77,55.79,46.40,30.52
225.52,34.95,21.04,21.95,20.38,96.40,55.65,46.50,30.52
225.53,35.01,21.04,21.95,20.38,96.40,55.79,46.40,30.52
225.54,35.01,21.04,21.95,20.38,96.40,55.79,46.40,30.52
225.55,35.08,21.04,21.95,20.41,96.40,55.79,46.40,30.52
225.56,35.01,21.07,21.95,20.38,96.40,55.79,46.40,30.52
225.57,34.95,21.04,21.92,20.38,96.40,55.79,46.40,30.52
225.58,34.95,21.04,21.95,20.41,96.40,55.65,46.40,30.52
225.59,35.08,21.04,21.95,20.41,96.40,55.79,46.40,30.52
225.60,35.01,21.04,21.95,20.38,96.77,55.79,46.40,30.52
225.61,35.08,21.07,21.95,20.41,96.77,55.79,46.40,30.52
225.62,34.95,21.04,21.92,20.41,96.40,55.79,46.40,30.52
225.63,34.95,21.04,21.95,20.38,96.40,55.65,46.40,30.52
225.64,34.95,21.04,21.95,20.38,96.40,55.79,46.50,30.52
225.65,35.01,21.04,21.95,20.41,96.40,55.79,46.50,30.52
225.66,34.95,21.04,21.95,20.38,96.40,55.79,46.50,30.52
225.67,34.95,21.04,21.95,20.38,96.40,55.79,46.40,30.52
225.68,35.01,21.04,21.95,20.41,96.40,55.65,46.40,30.52
225.69,35.01,21.04,21.95,20.41,96.40,55.65,46.50,30.52
225.70,35.01,21.04,21.95,20.41,96.40,55.79,46.50,30.52
225.71,34.95,21.04,21.95,20.41,96.40,55.79,46.50,30.52
225.72,34.95,21.04,21.95,20.41,96.77,55.79,46.50,30.52
225.73,34.95,21.04,21.95,20.41,96.40,55.79,46.40,30.52
225.74,34.95,21.04,21.95,20.41,96.40,55.65,46.50,30.52
225.75,34.95,21.04,21.95,20.38,96.77,55.79,46.50,30.52
225.76,35.01,21.04,21.95,20.41,96.40,55.79,46.40,30.52
225.77,34.95,21.04,21.95,20.38,96.40,55.79,46.40,30.52
225.78,34.95,21.04,21.95,20.41,96.40,55.79,46.40,30.52
225.79,35.01,21.04,21.95,20.41,96.40,55.79,46.50,30.52
225.80,35.01,21.04,21.95,20.41,96.40,55.79,46.50,30.52
225.81,35.01,21.04,21.95,20.38,96.40,55.79,46.40,30.52
225.82,34.95,21.04,21.95,20.41,96.77,55.79,46.40,30.52
225.83,35.01,21.04,21.95,20.41,96.40,55.79,46.50,30.52
225.84,35.01,21.04,21.95,20.41,96.40,55.79,46.50,30.52
225.85,35.01,21.07,21.95,20.38,96.77,55.79,46.50,30.52
225.86,35.01,21.07,21.95,20.41,96.40,55.79,46.40,30.52
225.87,34.95,21.04,21.95,20.41,96.40,55.65,46.40,30.52
225.88,34.95,21.04,21.95,20.41,96.40,55.65,46.40,30.52
225.89,35.08,21.07,21.95,20.41,96.40,55.79,46.40,30.52
225.90,35.01,21.07,21.95,20.41,96.77,55.79,46.40,30.52
225.91,35.01,21.07,21.95,20.41,96.40,55.79,46.40,30.52
225.92,34.95,21.04,21.95,20.41,96.40,55.79,46.40,30.52
225.93,35.01,21.04,21.95,20.41,96.40,55.79,46.40,30.52
225.94,35.01,21.04,21.95,20.41,96.40,55.79,46.50,30.52
225.95,35.08,21.07,21.95,20.41,96.40,55.65,46.50,30.52
225.96,35.08,21.07,21.99,20.41,96.40,55.93,46.50,30.57
225.97,35.01,21.04,21.95,20.41,96.40,55.65,46.50,30.52
225.98,34.95,21.04,21.95,20.41,96.40,55.79,46.50,30.57
225.99,34.95,21.04,21.95,20.38,96.40,55.65,46.40,30.52
226.00,35.01,21.04,21.95,20.41,96.40,55.79,46.50,30.52
226.01,35.01,21.07,21.95,20.38,96.40,55.79,46.50,30.52
226.02,35.01,21.04,21.95,20.41,96.40,55.65,46.50,30.52
226.03,35.01,21.04,21.95,20.41,96.40,55.79,46.40,30.52
226.04,35.01,21.04,21.95,20.41,96.77,55.79,46.40,30.52
226.05,35.08,21.07,21.99,20.41,96.77,55.79,46.50,30.52
226.06,35.08,21.07,21.95,20.38,96.40,55.79,46.50,30.52
226.07,34.95,21.04,21.95,20.41,96.40,55.79,46.50,30.57
226.08,34.95,21.04,21.95,20.38,96.40,55.65,46.50,30.52
226.09,34.95,21.04,21.95,20.41,96.77,55.65,46.50,30.52
226.10,35.01,21.04,21.99,20.41,96.40,55.93,46.50,30.52
226.11,35.01,21.07,21.99,20.41,96.77,55.79,46.50,30.52
226.12,35.08,21.07,21.95,20.41,96.40,55.79,46.50,30.52
226.13,35.01,21.04,21.95,20.41,96.77,55.65,46.50,30.57
226.14,35.01,21.04,21.95,20.41,96.40,55.79,46.50,30.57
226.15,35.01,21.04,21.95,20.41,96.77,55.79,46.50,30.52
226.16,35.08,21.04,21.99,20.41,96.40,55.65,46.50,30.52
226.17,35.08,21.07,21.95,20.41,96.40,55.79,46.50,30.57
226.18,35.01,21.04,21.95,20.41,96.40,55.79,46.50,30.52
226.19,35.01,21.04,21.95,20.41,96.77,55.79,46.50,30.57
226.20,35.01,21.07,21.99,20.41,96.40,55.79,46.50,30.52
226.21,35.01,21.07,21.99,20.41,96.40,55.79,46.50,30.57
226.22,35.01,21.04,21.95,20.41,96.40,55.65,46.50,30.52
226.23,35.01,21.04,21.95,20.41,96.40,55.65,46.50,30.57
226.24,35.08,21.04,21.95,20.41,96.40,55.79,46.50,30.57
226.25,35.01,21.07,21.99,20.41,96.77,55.79,46.50,30.57
226.26,35.08,21.07,21.99,20.41,96.77,55.79,46.50,30.57
226.27,34.95,21.04,21.95,20.41,96.40,55.79,46.40,30.57
226.28,35.01,21.04,21.95,20.38,96.40,55.79,46.50,30.52
226.29,34.95,21.04,21.95,20.41,96.40,55.79,46.50,30.57
226.30,35.01,21.07,21.99,20.41,96.40,55.79,46.50,30.57
226.31,35.01,21.07,21.99,20.41,96.77,55.79,46.50,30.57
226.32,35.08,21.07,21.95,20.41,96.40,55.79,46.40,30.57
226.33,35.01,21.04,21.95,20.41,96.40,55.79,46.50,30.57
226.34,34.95,21.04,21.95,20.41,96.40,55.79,46.50,30.57
226.35,35.01,21.07,21.99,20.41,96.40,55.79,46.50,30.57
226.36,35.08,21.07,21.99,20.41,96.40,55.79,46.50,30.57
226.37,35.01,21.04,21.95,20.41,96.77,55.79,46.50,30.57
226.38,35.01,21.04,21.95,20.41,96.77,55.65,46.50,30.57
226.39,35.08,21.04,21.99,20.41,96.77,55.65,46.60,30.57
226.40,35.08,21.07,21.99,20.41,96.40,55.79,46.50,30.57
226.41,35.08,21.04,21.99,20.41,96.40,55.79,46.50,30.57
226.42,35.01,21.04,21.95,20.41,96.40,55.79,46.50,30.57
226.43,35.01,21.04,21.95,20.41,96.77,55.79,46.50,30.57
226.44,35.08,21.04,21.95,20.38,96.77,55.93,46.50,30.57
226.45,35.08,21.10,21.99,20.41,96.77,55.79,46.50,30.57
226.46,35.01,21.04,21.99,20.41,96.40,55.79,46.50,30.57
226.47,35.01,21.07,21.95,20.41,96.40,55.79,46.50,30.57
226.48,35.01,21.04,21.99,20.41,96.40,55.79,46.50,30.57
226.49,35.08,21.04,21.95,20.41,96.40,55.79,46.50,30.47
226.50,35.01,21.07,21.99,20.41,96.77,55.93,46.50,30.57
226.51,35.01,21.07,21.99,20.41,96.77,55.79,46.50,30.57
226.52,35.08,21.04,21.99,20.41,96.77,55.65,46.50,30.57
226.53,34.95,21.04,21.95,20.41,96.40,55.79,46.50,30.57
226.54,35.01,21.04,21.95,20.41,96.40,55.65,46.50,30.57
226.55,35.01,21.07,21.99,20.41,96.77,55.79,46.50,30.57
226.56,35.01,21.07,21.99,20.41,96.77,55.79,46.50,30.57
226.57,35.01,21.04,21.99,20.41,96.77,55.79,46.50,30.57
226.58,35.01,21.04,21.95,20.41,96.40,55.79,46.50,30.57
226.59,35.01,21.04,21.99,20.41,96.77,55.79,46.50,30.57
226.60,35.01,21.07,21.99,20.41,96.77,55.79,46.50,30.57
226.61,35.01,21.04,21.99,20.41,96.77,55.79,46.50,30.57
226.62,35.01,21.04,21.99,20.41,96.77,55.65,46.50,30.57
226.63,35.08,21.04,21.99,20.41,96.40,55.79,46.50,30.57
226.64,35.08,21.04,21.99,20.41,96.77,55.79,46.50,30.57
226.65,35.01,21.07,21.99,20.41,96.77,55.79,46.50,30.57
226.66,35.15,21.04,21.99,20.41,96.40,55.93,46.50,30.57
226.67,35.01,21.07,21.99,20.41,96.40,55.79,46.50,30.57
226.68,35.01,21.04,21.95,20.41,96.40,55.79,46.50,30.57
226.69,34.95,21.04,21.95,20.41,96.40,55.79,46.50,30.57
226.70,35.01,21.07,21.99,20.41,96.77,55.79,46.50,30.57
226.71,35.08,21.07,21.95,20.41,96.40,55.79,46.50,30.57
226.72,34.95,21.04,21.95,20.41,96.77,55.79,46.50,30.62
226.73,34.95,21.04,21.95,20.41,96.40,55.65,46.50,30.57
226.74,35.01,21.04,21.95,20.41,96.40,55.79,46.50,30.57
226.75,35.15,21.07,21.99,20.41,96.77,55.65,46.50,30.57
226.76,34.95,21.04,21.95,20.41,96.40,55.79,46.50,30.57
226.77,35.01,21.07,21.95,20.41,96.77,55.79,46.50,30.57
226.78,34.95,21.04,21.95,20.41,96.40,55.79,46.50,30.57
226.79,34.95,21.04,21.99,20.41,96.40,55.79,46.60,30.57
226.80,35.01,21.07,21.99,20.41,96.77,55.79,46.60,30.57
226.81,35.01,21.07,21.99,20.41,96.40,55.79,46.40,30.62
226.82,34.95,21.04,21.99,20.41,96.77,55.79,46.50,30.57
226.83,34.95,21.04,21.95,20.41,96.40,55.79,46.50,30.57
226.84,34.95,21.04,21.99,20.41,96.40,55.79,46.50,30.62
226.85,34.95,21.04,21.99,20.41,96.77,55.79,46.50,30.57
226.86,35.01,21.07,21.99,20.41,96.40,55.79,46.50,30.62
226.87,35.01,21.04,21.95,20.41,96.77,55.79,46.50,30.57
226.88,35.01,21.04,21.95,20.41,96.40,55.79,46.50,30.57
226.89,35.01,21.04,21.99,20.41,96.77,55.79,46.50,30.62
226.90,35.01,21.07,21.99,20.41,96.77,55.93,46.50,30.57
226.91,35.01,21.04,21.99,20.41,96.77,55.79,46.50,30.57
226.92,35.08,21.04,21.95,20.41,96.40,55.79,46.50,30.57
226.93,34.95,21.01,21.95,20.41,96.40,55.79,46.50,30.62
226.94,34.95,21.04,21.99,20.41,96.40,55.65,46.50,30.57
226.95,35.01,21.04,21.99,20.41,96.77,55.79,46.50,30.62
226.96,35.01,21.04,21.99,20.41,96.77,55.79,46.50,30.57
226.97,34.95,21.04,21.95,20.41,96.40,55.79,46.50,30.62
226.98,34.95,21.04,21.95,20.41,96.77,55.79,46.40,30.57
226.99,35.01,21.04,21.95,20.41,96.77,55.79,46.50,30.57
227.00,35.01,21.07,21.99,20.44,96.77,55.79,46.50,30.62
227.01,34.95,21.04,21.99,20.41,96.77,55.79,46.50,30.62
227.02,35.01,21.04,21.95,20.41,96.77,55.79,46.50,30.62
227.03,34.95,21.04,21.95,20.41,96.40,55.79,46.50,30.57
227.04,34.95,21.04,21.99,20.41,96.77,55.79,46.50,30.57
227.05,35.01,21.07,21.99,20.41,96.40,55.79,46.50,30.57
227.06,35.01,21.04,21.99,20.41,96.40,55.79,46.50,30.62
227.07,34.95,21.04,21.95,20.41,96.40,55.65,46.50,30.62
227.08,35.01,21.04,21.95,20.44,96.40,55.79,46.50,30.57
227.09,34.95,21.04,21.95,20.41,96.40,55.79,46.50,30.62
227.10,35.01,21.04,21.99,20.41,96.77,55.79,46.50,30.62
227.11,35.01,21.07,21.95,20.41,96.40,55.79,46.50,30.62
227.12,34.95,21.01,21.95,20.41,96.40,55.65,46.50,30.57
227.13,35.01,21.04,21.95,20.41,96.40,55.79,46.50,30.57
227.14,35.01,21.01,21.99,20.41,96.40,55.79,46.50,30.62
227.15,35.01,21.07,21.99,20.44,96.77,55.79,46.50,30.57
227.16,35.01,21.04,21.99,20.41,96.77,55.79,46.50,30.62
227.17,34.95,21.01,21.95,20.41,96.40,55.65,46.50,30.57
227.18,35.01,21.04,21.95,20.41,96.40,55.79,46.50,30.57
227.19,35.01,21.04,21.95,20.41,96.40,55.79,46.50,30.62
227.20,34.95,21.04,21.99,20.41,96.40,55.79,46.50,30.62
227.21,35.08,21.04,21.99,20.41,96.40,55.79,46.50,30.62
227.22,34.95,21.04,21.95,20.41,96.77,55.79,46.50,30.62
227.23,34.95,21.04,21.95,20.41,96.40,55.79,46.50,30.62
227.24,35.01,21.01,21.95,20.41,96.40,55.65,46.50,30.62
227.25,35.01,21.04,21.99,20.41,96.77,55.79,46.50,30.62
227.26,34.95,21.04,21.99,20.41,96.40,55.79,46.50,30.62
227.27,34.95,21.04,21.95,20.41,96.40,55.79,46.50,30.57
227.28,34.95,21.04,21.95,20.44,96.40,55.65,46.50,30.62
227.29,34.95,21.04,21.95,20.41,96.77,55.79,46.50,30.62
227.30,35.01,21.04,21.99,20.41,96.77,55.79,46.60,30.62
227.31,34.88,21.04,21.99,20.41,96.40,55.79,46.60,30.62
227.32,34.95,21.04,21.95,20.41,96.40,55.65,46.50,30.62
227.33,34.95,21.01,21.95,20.41,96.77,55.79,46.50,30.62
227.34,34.95,21.01,21.95,20.41,96.40,55.79,46.50,30.62
227.35,35.01,21.04,21.99,20.41,96.40,55.79,46.50,30.62
227.36,35.01,21.04,21.95,20.41,96.77,55.65,46.50,30.62
227.37,34.95,21.01,21.95,20.41,96.40,55.79,46.50,30.62
227.38,34.95,21.04,21.95,20.41,96.77,55.65,46.50,30.62
227.39,34.95,21.04,21.95,20.41,96.77,55.65,46.50,30.62
227.40,35.01,21.04,21.99,20.41,96.77,55.79,46.50,30.62
227.41,34.95,21.04,21.95,20.41,96.40,55.79,46.50,30.57
227.42,34.95,21.04,21.99,20.41,96.40,55.65,46.50,30.62
227.43,34.95,21.01,21.95,20.41,96.40,55.65,46.50,30.62
227.44,35.01,21.04,21.95,20.41,96.40,55.79,46.50,30.62
227.45,34.95,21.04,21.99,20.41,96.40,55.79,46.50,30.62
227.46,35.01,21.04,21.99,20.41,96.40,55.79,46.50,30.62
227.47,34.95,21.01,21.95,20.41,96.40,55.79,46.50,30.62
227.48,35.01,21.01,21.95,20.41,96.40,55.79,46.50,30.62
227.49,35.01,21.01,21.95,20.41,96.40,55.79,46.50,30.62
227.50,35.01,21.04,21.95,20.41,96.40,55.79,46.50,30.62
227.51,34.95,21.04,21.99,20.41,96.40,55.79,46.50,30.68
227.52,34.95,21.01,21.95,20.41,96.40,55.65,46.50,30.62
227.53,34.95,21.01,21.95,20.41,96.40,55.79,46.50,30.62
227.54,34.95,21.04,21.95,20.41,96.40,55.79,46.50,30.62
227.55,34.95,21.04,21.95,20.41,96.40,55.79,46.50,30.62
227.56,35.01,21.04,21.95,20.41,96.40,55.79,46.50,30.62
227.57,34.95,21.01,21.95,20.41,96.77,55.65,46.50,30.62
227.58,34.95,21.01,21.95,20.41,96.40,55.79,46.50,30.62
227.59,35.01,21.04,21.95,20.41,96.40,55.65,46.50,30.62
227.60,35.01,21.04,21.99,20.41,96.40,55.79,46.50,30.62
227.61,34.95,21.04,21.99,20.41,96.40,55.65,46.50,30.62
227.62,34.95,21.01,21.95,20.41,96.40,55.65,46.50,30.62
227.63,34.95,21.01,21.95,20.41,96.40,55.65,46.50,30.57
227.64,34.95,21.01,21.95,20.41,96.04,55.79,46.50,30.62
227.65,34.95,21.04,21.99,20.41,96.40,55.79,46.50,30.62
227.66,34.95,21.04,21.95,20.41,96.40,55.65,46.50,30.62
227.67,34.95,21.01,21.95,20.41,96.40,55.65,46.50,30.62
227.68,34.95,20.98,21.95,20.41,96.40,55.79,46.50,30.62
227.69,34.95,21.04,21.95,20.41,96.40,55.65,46.50,30.68
227.70,34.95,21.01,21.99,20.41,96.40,55.79,46.50,30.62
227.71,34.95,21.04,21.99,20.41,96.40,55.79,46.50,30.62
227.72,34.95,21.01,21.95,20.41,96.40,55.79,46.50,30.62
227.73,34.95,21.01,21.95,20.41,96.77,55.65,46.50,30.62
227.74,34.95,21.01,21.95,20.41,96.77,55.79,46.50,30.62
227.75,35.01,21.04,21.99,20.41,96.77,55.65,46.50,30.62
227.76,34.95,21.04,21.99,20.44,96.77,55.65,46.50,30.62
227.77,34.95,21.01,21.95,20.41,96.40,55.79,46.50,30.62
227.78,34.95,21.01,21.95,20.41,96.40,55.65,46.50,30.57
227.79,34.95,21.04,21.95,20.41,96.04,55.79,46.50,30.68
227.80,34.95,21.04,21.99,20.41,96.77,55.79,46.50,30.57
227.81,35.01,21.01,21.95,20.41,96.40,55.65,46.50,30.62
227.82,34.95,21.01,21.95,20.41,96.40,55.79,46.50,30.62
227.83,34.95,21.01,21.95,20.41,96.40,55.65,46.50,30.62
227.84,34.95,21.04,21.95,20.41,96.40,55.65,46.50,30.68
227.85,34.95,21.04,21.99,20.41,96.40,55.79,46.50,30.62
227.86,34.95,21.04,21.95,20.41,96.40,55.65,46.50,30.62
227.87,34.95,21.01,21.95,20.41,96.40,55.65,46.50,30.62
227.88,34.95,21.01,21.95,20.41,96.40,55.65,46.50,30.62
227.89,35.01,21.01,21.95,20.41,96.77,55.65,46.50,30.62
227.90,34.95,21.04,21.95,20.41,96.40,55.79,46.50,30.62
227.91,34.95,21.04,21.99,20.41,96.40,55.79,46.50,30.62
227.92,35.08,21.01,21.95,20.41,96.40,55.79,46.50,30.62
227.93,34.95,21.01,21.95,20.41,96.40,55.79,46.50,30.62
227.94,35.01,21.01,21.99,20.41,96.40,55.65,46.50,30.68
227.95,34.95,21.04,21.95,20.41,96.40,55.79,46.50,30.68
227.96,34.95,21.01,21.99,20.44,96.40,55.79,46.50,30.68
227.97,34.95,21.04,21.95,20.41,96.40,55.65,46.50,30.68
227.98,34.95,21.01,21.95,20.41,96.40,55.65,46.50,30.68
227.99,34.95,21.01,21.95,20.41,96.77,55.65,46.50,30.62
228.00,35.01,21.04,21.99,20.41,96.40,55.65,46.50,30.62
228.01,34.95,21.04,21.99,20.41,96.40,55.79,46.50,30.68
228.02,34.88,21.01,21.95,20.41,96.40,55.79,46.50,30.68
228.03,34.95,21.01,21.95,20.41,96.40,55.79,46.40,30.68
228.04,35.01,21.01,21.95,20.41,96.77,55.79,46.60,30.68
228.05,35.01,21.01,21.99,20.41,96.77,55.52,46.50,30.62
228.06,34.95,21.04,21.99,20.41,96.40,55.79,46.50,30.68
228.07,34.95,21.01,21.95,20.41,96.40,55.79,46.50,30.62
228.08,34.95,21.01,21.95,20.41,96.40,55.65,46.50,30.68
228.09,34.88,21.01,21.95,20.41,96.40,55.65,46.40,30.62
228.10,35.01,21.04,21.95,20.41,96.40,55.65,46.50,30.68
228.11,34.95,21.04,21.99,20.41,96.40,55.79,46.50,30.68
228.12,35.01,21.01,21.95,20.44,96.40,55.65,46.50,30.68
228.13,34.95,21.01,21.95,20.41,96.40,55.65,46.50,30.62
228.14,34.95,21.01,21.95,20.41,96.40,55.65,46.50,30.68
228.15,34.95,21.04,21.95,20.41,96.40,55.65,46.50,30.68
228.16,34.95,21.01,21.95,20.41,96.77,55.65,46.60,30.68
228.17,34.95,21.01,21.95,20.41,96.40,55.65,46.50,30.62
228.18,34.95,21.01,21.95,20.41,96.40,55.65,46.50,30.68
228.19,34.95,21.04,21.95,20.41,96.40,55.79,46.50,30.68
228.20,34.95,21.04,21.99,20.41,96.40,55.79,46.50,30.62
228.21,35.01,21.01,21.99,20.44,96.77,55.79,46.50,30.68
228.22,34.95,21.01,21.95,20.41,96.40,55.65,46.50,30.68
228.23,34.95,21.01,21.95,20.41,96.40,55.65,46.50,30.68
228.24,34.95,21.01,21.95,20.41,96.40,55.65,46.50,30.68
228.25,34.95,21.04,21.95,20.41,96.40,55.65,46.60,30.68
228.26,34.95,21.04,21.95,20.41,96.40,55.79,46.50,30.68
228.27,34.95,21.01,21.95,20.44,96.40,55.65,46.50,30.68
228.28,34.95,21.01,21.95,20.41,96.40,55.65,46.50,30.68
228.29,34.88,21.01,21.95,20.41,96.40,55.79,46.50,30.68
228.30,34.95,21.01,21.95,20.41,96.40,55.65,46.50,30.62
228.31,34.95,21.01,21.95,20.44,96.40,55.65,46.50,30.68
228.32,34.95,21.01,21.95,20.41,96.40,55.65,46.50,30.68
228.33,34.88,21.01,21.95,20.41,96.40,55.65,46.50,30.68
228.34,34.95,21.01,21.95,20.41,96.40,55.79,46.50,30.68
228.35,34.95,21.04,21.99,20.44,96.40,55.79,46.50,30.68
228.36,34.95,21.01,21.95,20.44,96.40,55.79,46.50,30.68
228.37,35.01,21.01,21.95,20.44,96.40,55.65,46.50,30.68
228.38,34.95,21.01,21.95,20.41,96.40,55.65,46.50,30.68
228.39,35.01,21.01,21.95,20.44,96.40,55.65,46.50,30.68
228.40,35.01,21.01,21.95,20.44,96.40,55.65,46.50,30.68
228.41,35.01,21.01,21.95,20.41,96.40,55.79,46.50,30.68
228.42,34.95,21.01,21.95,20.41,96.40,55.79,46.50,30.68
228.43,34.95,21.01,21.95,20.41,96.40,55.79,46.50,30.68
228.44,34.88,21.01,21.92,20.41,96.40,55.65,46.50,30.68
228.45,34.95,21.04,21.95,20.41,96.40,55.79,46.50,30.68
228.46,35.01,21.04,21.99,20.41,96.40,55.79,46.50,30.68
228.47,34.88,21.01,21.95,20.41,96.40,55.79,46.50,30.68
228.48,34.95,21.01,21.95,20.41,96.40,55.65,46.50,30.68
228.49,35.01,21.01,21.95,20.41,96.40,55.65,46.50,30.68
228.50,35.01,21.04,21.95,20.41,96.40,55.79,46.50,30.68
228.51,35.01,21.01,21.99,20.44,96.40,55.65,46.50,30.68
228.52,34.95,21.01,21.95,20.41,96.40,55.65,46.50,30.68
228.53,35.01,21.01,21.95,20.41,96.40,55.65,46.50,30.68
228.54,34.95,21.01,21.95,20.44,96.40,55.65,46.50,30.68
228.55,34.95,21.01,21.95,20.44,96.40,55.65,46.50,30.68
228.56,34.95,21.04,21.95,20.41,96.40,55.65,46.50,30.68
228.57,34.95,21.01,21.95,20.41,96.40,55.65,46.50,30.68
228.58,34.95,21.01,21.95,20.41,96.40,55.79,46.50,30.68
228.59,34.95,21.01,21.95,20.41,96.40,55.65,46.50,30.68
228.60,34.95,21.01,21.95,20.44,96.40,55.79,46.50,30.68
228.61,34.95,21.01,21.95,20.41,96.40,55.65,46.50,30.68
228.62,34.95,21.01,21.95,20.41,96.40,55.65,46.50,30.68
228.63,34.88,20.98,21.95,20.41,96.40,55.65,46.50,30.68
228.64,34.95,21.01,21.99,20.41,96.77,55.65,46.50,30.68
228.65,34.95,21.01,21.95,20.41,96.40,55.65,46.50,30.68
228.66,34.95,21.01,21.95,20.41,96.40,55.65,46.50,30.68
228.67,34.95,21.01,21.95,20.41,96.77,55.65,46.50,30.68
228.68,34.88,21.01,21.95,20.41,96.40,55.65,46.50,30.68
228.69,34.88,20.98,21.95,20.44,96.40,55.65,46.50,30.68
228.70,34.95,21.01,21.95,20.41,96.77,55.65,46.50,30.68
228.71,34.95,21.01,21.95,20.41,96.40,55.65,46.50,30.68
228.72,34.95,21.01,21.95,20.41,96.40,55.79,46.50,30.68
228.73,34.88,21.01,21.95,20.41,96.40,55.65,46.50,30.68
228.74,35.01,21.01,21.95,20.41,96.40,55.65,46.50,30.68
228.75,34.95,21.01,21.95,20.41,96.40,55.65,46.50,30.68
228.76,35.01,21.01,21.95,20.44,96.40,55.65,46.50,30.68
228.77,34.95,21.01,21.95,20.41,96.40,55.79,46.50,30.73
228.78,34.95,20.98,21.95,20.41,96.40,55.65,46.50,30.73
228.79,34.95,21.01,21.95,20.44,96.40,55.65,46.50,30.73
228.80,35.01,21.01,21.95,20.41,96.40,55.65,46.50,30.73
228.81,34.95,21.01,21.95,20.44,96.40,55.65,46.50,30.68
228.82,34.95,21.01,21.95,20.41,96.40,55.65,46.50,30.68
228.83,34.88,20.98,21.95,20.41,96.40,55.79,46.40,30.68
228.84,34.95,21.01,21.95,20.41,96.40,55.65,46.50,30.68
228.85,34.95,21.01,21.95,20.41,96.40,55.65,46.50,30.68
228.86,34.95,21.01,21.95,20.44,96.40,55.79,46.50,30.68
228.87,34.88,21.01,21.95,20.41,96.40,55.65,46.50,30.73
228.88,34.95,20.98,21.95,20.44,96.40,55.65,46.50,30.68
228.89,34.95,21.01,21.95,20.44,96.40,55.65,46.50,30.68
228.90,34.95,21.01,21.95,20.41,96.40,55.79,46.50,30.73
228.91,34.95,21.01,21.95,20.44,96.40,55.65,46.50,30.68
228.92,34.95,21.01,21.95,20.41,96.40,55.79,46.50,30.68
228.93,34.95,21.01,21.95,20.41,96.40,55.79,46.50,30.73
228.94,34.95,21.01,21.99,20.44,96.40,55.79,46.50,30.73
228.95,34.95,21.01,21.99,20.41,96.40,55.65,46.60,30.73
228.96,34.95,21.01,21.95,20.41,96.77,55.65,46.50,30.73
228.97,34.95,21.01,21.95,20.41,96.40,55.65,46.50,30.68
228.98,34.95,21.01,21.95,20.41,96.40,55.65,46.50,30.68
228.99,35.01,20.98,21.95,20.44,96.40,55.79,46.50,30.73
229.00,35.01,21.01,21.99,20.44,96.40,55.65,46.50,30.73
229.01,34.95,21.01,21.95,20.41,96.40,55.79,46.50,30.68
229.02,35.01,20.98,21.95,20.44,96.40,55.65,46.60,30.73
229.03,34.95,21.01,21.95,20.44,96.40,55.52,46.60,30.68
229.04,34.88,21.01,21.95,20.44,96.40,55.79,46.40,30.78
229.05,35.01,21.01,21.95,20.44,96.40,55.52,46.50,30.68
229.06,35.01,21.01,21.95,20.44,96.40,55.52,46.50,30.73
229.07,34.95,21.01,21.95,20.44,96.40,55.65,46.50,30.62
229.08,34.88,21.01,21.95,20.41,96.40,55.65,46.50,30.68
229.09,34.95,21.01,21.95,20.44,96.40,55.65,46.60,30.73
229.10,34.95,21.01,21.95,20.44,96.40,55.79,46.50,30.73
229.11,35.01,21.01,21.95,20.44,96.40,55.79,46.50,30.73
229.12,34.95,21.01,21.95,20.44,96.40,55.65,46.50,30.68
229.13,34.95,21.01,21.95,20.44,96.40,55.65,46.50,30.73
229.14,34.95,21.01,21.95,20.44,96.40,55.65,46.50,30.73
229.15,35.01,21.01,21.95,20.44,96.77,55.65,46.50,30.73
229.16,34.95,21.01,21.99,20.44,96.40,55.79,46.50,30.68
229.17,34.95,21.01,21.95,20.41,96.40,55.65,46.50,30.73
229.18,34.88,20.98,21.95,20.41,96.40,55.65,46.50,30.73
229.19,34.88,21.01,21.95,20.44,96.40,55.79,46.50,30.73
229.20,34.95,21.01,21.95,20.44,96.77,55.65,46.50,30.68
229.21,35.01,21.01,21.99,20.44,96.40,55.79,46.50,30.73
229.22,34.95,21.01,21.95,20.44,96.40,55.65,46.50,30.73
229.23,34.88,20.98,21.95,20.44,96.40,55.79,46.50,30.73
229.24,34.95,21.01,21.95,20.44,96.40,55.79,46.60,30.73
229.25,34.95,21.01,21.95,20.44,96.40,55.65,46.60,30.73
229.26,35.01,21.01,21.95,20.41,96.77,55.79,46.60,30.78
229.27,34.95,21.01,21.95,20.41,96.40,55.65,46.50,30.73
229.28,34.88,21.01,21.95,20.44,96.40,55.65,46.50,30.73
229.29,35.01,21.01,21.95,20.44,96.77,55.65,46.60,30.73
229.30,34.95,21.01,21.95,20.44,96.77,55.79,46.50,30.73
229.31,34.95,21.01,21.95,20.41,96.40,55.79,46.70,30.73
229.32,35.01,21.01,21.95,20.44,96.40,55.65,46.50,30.73
229.33,34.95,21.01,21.95,20.44,96.40,55.79,46.50,30.73
229.34,34.95,20.98,21.95,20.44,96.40,55.65,46.50,30.73
229.35,34.95,21.01,21.99,20.41,96.40,55.65,46.50,30.73
229.36,34.95,21.01,21.99,20.44,96.40,55.79,46.60,30.73
229.37,34.95,21.01,21.95,20.44,96.40,55.65,46.60,30.73
229.38,34.95,21.01,21.95,20.44,96.40,55.65,46.50,30.73
229.39,34.95,21.01,21.95,20.44,96.40,55.79,46.50,30.73
229.40,35.01,21.01,21.95,20.44,96.40,55.65,46.50,30.73
229.41,34.95,21.01,21.95,20.41,96.77,55.65,46.60,30.73
229.42,34.88,21.01,21.95,20.41,96.04,55.65,46.50,30.73
229.43,34.95,20.98,21.95,20.41,96.40,55.65,46.50,30.73
229.44,34.95,21.01,21.95,20.44,96.40,55.65,46.50,30.73
229.45,34.95,21.01,21.99,20.44,96.40,55.65,46.50,30.78
229.46,35.01,21.01,21.95,20.41,96.40,55.79,46.50,30.73
229.47,34.88,20.98,21.95,20.44,96.40,55.65,46.50,30.73
229.48,34.88,21.01,21.95,20.41,96.40,55.65,46.50,30.73
229.49,34.95,20.98,21.95,20.41,96.40,55.65,46.50,30.73
229.50,35.01,21.01,21.95,20.41,96.40,55.65,46.60,30.73
229.51,34.88,21.01,21.95,20.44,96.40,55.65,46.50,30.73
229.52,34.95,20.98,21.95,20.44,96.40,55.65,46.50,30.73
229.53,34.95,21.01,21.95,20.44,96.40,55.65,46.50,30.73
229.54,34.88,21.01,21.95,20.44,96.40,55.65,46.60,30.73
229.55,34.95,21.01,21.99,20.44,96.77,55.65,46.60,30.73
229.56,35.01,21.01,21.95,20.44,96.40,55.79,46.50,30.73
229.57,34.95,21.01,21.95,20.44,96.40,55.65,46.60,30.73
229.58,34.88,20.98,21.95,20.44,96.40,55.65,46.60,30.73
229.59,34.95,20.98,21.95,20.44,96.40,55.79,46.60,30.73
229.60,34.95,21.04,21.99,20.44,96.40,55.65,46.60,30.73
229.61,34.95,21.01,21.99,20.44,96.40,55.65,46.60,30.73
229.62,34.88,21.01,21.95,20.44,96.40,55.65,46.50,30.73
229.63,34.95,21.01,21.95,20.44,96.77,55.65,46.50,30.73
229.64,34.95,20.98,21.99,20.44,96.40,55.65,46.60,30.73
229.65,34.95,21.01,21.99,20.44,96.40,55.79,46.60,30.78
229.66,35.01,21.01,21.99,20.44,96.40,55.79,46.60,30.73
229.67,35.01,21.01,21.95,20.44,96.40,55.65,46.50,30.73
229.68,34.95,21.01,21.95,20.44,96.40,55.65,46.50,30.73
229.69,34.95,21.01,21.99,20.44,96.40,55.79,46.60,30.73
229.70,35.01,21.01,21.99,20.44,96.77,55.65,46.60,30.73
229.71,34.95,21.01,21.95,20.41,96.40,55.65,46.60,30.73
229.72,34.95,21.01,21.95,20.44,96.40,55.79,46.50,30.73
229.73,34.95,20.98,21.95,20.44,96.40,55.65,46.60,30.73
229.74,34.95,21.01,21.95,20.44,96.40,55.65,46.60,30.73
229.75,35.01,21.01,21.99,20.44,96.77,55.65,46.60,30.73
229.76,34.95,21.01,21.99,20.44,96.40,55.79,46.60,30.73
229.77,34.95,20.98,21.95,20.41,96.40,55.65,46.60,30.78
229.78,34.95,21.01,21.95,20.44,96.40,55.65,46.60,30.73
229.79,34.88,20.98,21.95,20.44,96.40,55.65,46.60,30.73
229.80,34.95,21.04,21.99,20.44,96.40,55.65,46.60,30.73
229.81,34.95,21.01,21.99,20.44,96.40,55.79,46.60,30.73
229.82,34.95,21.01,21.95,20.44,96.40,55.65,46.60,30.78
229.83,34.95,21.01,21.95,20.44,96.40,55.65,46.60,30.73
229.84,35.01,21.01,21.99,20.44,96.40,55.65,46.60,30.73
229.85,35.01,21.01,21.99,20.44,96.40,55.79,46.60,30.78
229.86,35.01,21.01,21.99,20.44,96.40,55.65,46.60,30.73
229.87,34.88,21.01,21.95,20.44,96.40,55.65,46.60,30.73
229.88,35.01,21.01,21.95,20.44,96.40,55.65,46.60,30.73
229.89,34.95,21.01,21.99,20.44,96.40,55.79,46.60,30.73
229.90,34.95,21.01,21.99,20.44,96.77,55.79,46.60,30.73
229.91,34.95,21.01,21.95,20.44,96.40,55.79,46.60,30.73
229.92,34.95,21.01,21.95,20.44,96.40,55.65,46.60,30.78
229.93,34.88,21.01,21.95,20.44,96.40,55.65,46.50,30.78
229.94,34.95,21.01,21.99,20.44,96.40,55.65,46.50,30.78
229.95,34.95,21.01,21.99,20.44,96.40,55.79,46.60,30.78
229.96,34.95,21.01,21.99,20.41,96.40,55.79,46.60,30.73
229.97,34.95,21.01,21.95,20.44,96.40,55.65,46.60,30.73
229.98,34.88,21.01,21.95,20.44,96.40,55.65,46.60,30.78
229.99,34.95,21.01,21.99,20.44,96.40,55.65,46.60,30.73
230.00,34.95,21.01,21.99,20.44,96.77,55.65,46.60,30.73
230.01,35.01,21.01,21.99,20.44,96.77,55.65,46.60,30.78
230.02,34.95,21.01,21.95,20.44,96.40,55.65,46.60,30.78
230.03,34.88,20.98,21.95,20.44,96.40,55.65,46.60,30.78
230.04,34.95,21.01,21.99,20.44,96.40,55.65,46.50,30.73
230.05,34.95,21.01,21.99,20.47,96.40,55.79,46.60,30.78
230.06,34.95,21.01,21.99,20.44,96.40,55.79,46.60,30.78
230.07,35.01,21.01,21.99,20.44,96.40,55.65,46.60,30.73
230.08,34.95,21.01,21.99,20.47,96.40,55.65,46.50,30.78
230.09,34.95,21.01,21.95,20.44,96.40,55.65,46.60,30.78
230.10,34.95,21.04,21.99,20.44,96.77,55.79,46.60,30.78
230.11,35.01,21.01,21.99,20.44,96.40,55.65,46.60,30.78
230.12,34.95,21.01,21.95,20.44,96.40,55.65,46.60,30.78
230.13,35.01,21.01,21.95,20.44,96.40,55.79,46.60,30.78
230.14,34.88,21.01,21.99,20.44,96.40,55.79,46.60,30.78
230.15,35.01,21.01,21.99,20.44,96.40,55.79,46.60,30.78
230.16,34.95,21.01,21.99,20.44,96.40,55.65,46.60,30.73
230.17,34.95,21.01,21.99,20.44,96.40,55.79,46.50,30.78
230.18,34.88,21.01,21.95,20.47,96.40,55.65,46.60,30.78
230.19,35.01,20.98,21.95,20.44,96.77,55.79,46.60,30.73
230.20,34.95,21.07,21.99,20.47,96.77,55.79,46.60,30.78
230.21,35.01,20.98,21.99,20.41,96.40,55.65,46.60,30.78
230.22,34.88,21.01,21.99,20.44,96.40,55.79,46.50,30.73
230.23,34.95,21.01,21.99,20.44,96.40,55.65,46.60,30.78
230.24,34.95,21.01,21.99,20.44,96.40,55.65,46.60,30.78
230.25,35.01,21.04,21.99,20.44,96.77,55.79,46.60,30.78
230.26,35.01,21.04,21.99,20.41,96.40,55.65,46.60,30.84
230.27,35.01,21.01,21.99,20.44,96.77,55.79,46.60,30.78
230.28,34.95,21.01,21.95,20.44,96.40,55.79,46.60,30.78
230.29,34.88,21.01,21.99,20.44,96.40,55.52,46.60,30.78
230.30,34.95,21.01,21.99,20.47,96.77,55.79,46.60,30.84
230.31,34.95,21.01,21.99,20.44,96.40,55.65,46.60,30.73
230.32,34.95,21.01,21.95,20.44,96.40,55.65,46.50,30.78
230.33,34.88,21.01,21.99,20.44,96.77,55.65,46.60,30.78
230.34,34.95,21.01,21.99,20.44,96.77,55.79,46.60,30.78
230.35,35.01,21.01,21.99,20.47,96.40,55.65,46.60,30.84
230.36,34.95,21.04,21.99,20.44,96.40,55.79,46.60,30.78
230.37,34.95,21.01,21.95,20.44,96.77,55.65,46.60,30.78
230.38,34.95,21.01,21.95,20.44,96.77,55.79,46.60,30.78
230.39,34.95,21.01,21.99,20.44,96.77,55.65,46.60,30.78
230.40,34.95,21.01,21.99,20.44,96.77,55.79,46.60,30.78
230.41,35.08,21.01,21.99,20.44,96.40,55.79,46.60,30.78
230.42,34.88,21.01,21.99,20.44,96.40,55.65,46.60,30.78
230.43,35.01,21.01,21.95,20.44,96.40,55.65,46.60,30.78
230.44,34.88,21.01,21.99,20.44,96.77,55.79,46.60,30.78
230.45,35.01,21.04,22.02,20.44,96.40,55.79,46.60,30.73
230.46,34.95,21.01,21.99,20.44,96.77,55.65,46.60,30.78
230.47,34.95,21.01,21.99,20.44,96.40,55.65,46.60,30.78
230.48,34.95,20.98,21.99,20.44,96.40,55.65,46.60,30.78
230.49,35.01,21.01,21.99,20.44,96.40,55.65,46.60,30.78
230.50,35.01,21.04,21.99,20.44,96.77,55.65,46.60,30.78
230.51,34.95,21.01,21.99,20.44,96.40,55.79,46.60,30.78
230.52,34.95,21.01,21.99,20.44,96.77,55.65,46.60,30.78
230.53,34.95,21.01,21.95,20.44,96.77,55.79,46.60,30.84
230.54,34.95,21.01,21.99,20.44,96.04,55.52,46.50,30.78
230.55,34.95,21.04,21.99,20.44,96.77,55.65,46.70,30.78
230.56,34.95,21.01,21.99,20.44,96.77,55.65,46.50,30.78
230.57,34.95,21.01,21.99,20.47,96.77,55.65,46.70,30.78
230.58,34.95,21.01,21.99,20.44,96.40,55.79,46.60,30.78
230.59,35.01,21.01,21.99,20.44,96.40,55.65,46.60,30.73
230.60,35.01,21.01,21.99,20.44,96.40,55.79,46.60,30.78
230.61,34.95,21.01,21.99,20.44,96.40,55.65,46.60,30.78
230.62,34.95,20.98,21.99,20.47,96.40,55.65,46.60,30.78
230.63,34.95,21.01,21.99,20.44,96.40,55.79,46.60,30.84
230.64,34.95,21.01,21.95,20.47,96.77,55.79,46.60,30.78
230.65,35.01,21.01,21.99,20.44,96.40,55.79,46.60,30.84
230.66,34.95,21.04,21.99,20.44,96.40,55.79,46.60,30.78
230.67,34.95,21.01,21.99,20.44,96.40,55.65,46.60,30.84
230.68,34.95,21.01,21.99,20.47,96.77,55.65,46.60,30.84
230.69,35.01,21.04,21.99,20.47,96.40,55.79,46.60,30.78
230.70,35.01,21.04,21.99,20.44,96.40,55.79,46.70,30.78
230.71,35.08,21.04,21.99,20.44,96.40,55.65,46.60,30.78
230.72,34.95,21.01,21.99,20.44,96.40,55.79,46.60,30.84
230.73,35.01,21.01,21.99,20.44,96.40,55.79,46.60,30.78
230.74,34.95,21.01,21.99,20.44,96.77,55.79,46.60,30.84
230.75,35.01,21.04,21.99,20.44,96.77,55.79,46.60,30.78
230.76,35.01,21.01,21.99,20.44,96.40,55.79,46.70,30.78
230.77,34.95,21.01,21.99,20.44,96.40,55.65,46.50,30.78
230.78,34.95,21.01,21.99,20.44,96.40,55.65,46.60,30.78
230.79,35.01,21.01,21.99,20.44,96.40,55.79,46.60,30.78
230.80,34.95,21.04,22.02,20.47,96.77,55.65,46.70,30.78
230.81,35.01,21.04,21.99,20.44,96.40,55.79,46.60,30.84
230.82,35.01,21.01,21.99,20.44,96.77,55.65,46.60,30.78
230.83,35.01,21.01,21.99,20.47,96.77,55.65,46.60,30.78
230.84,35.01,21.01,21.99,20.44,96.77,55.65,46.60,30.78
230.85,35.08,21.04,21.99,20.44,96.77,55.79,46.60,30.84
230.86,35.01,21.04,21.99,20.44,96.40,55.79,46.60,30.84
230.87,34.95,21.01,21.99,20.47,96.77,55.79,46.60,30.84
230.88,34.95,21.01,21.99,20.44,96.40,55.65,46.60,30.78
230.89,34.95,21.01,21.99,20.47,96.40,55.65,46.60,30.78
230.90,34.95,21.04,21.99,20.44,96.77,55.79,46.60,30.84
230.91,35.01,21.04,21.99,20.47,96.40,55.79,46.70,30.84
230.92,34.95,21.01,21.99,20.44,96.40,55.65,46.60,30.78
230.93,35.01,21.01,21.99,20.44,96.40,55.65,46.60,30.78
230.94,35.01,21.01,21.99,20.47,96.40,55.79,46.60,30.84
230.95,35.01,21.04,21.99,20.47,96.77,55.79,46.60,30.78
230.96,35.01,21.04,21.99,20.47,96.77,55.79,46.60,30.84
230.97,35.01,21.01,21.99,20.47,96.40,55.79,46.60,30.84
230.98,34.95,21.01,21.99,20.47,96.40,55.79,46.60,30.84
230.99,34.95,21.01,21.99,20.47,96.40,55.79,46.60,30.84
231.00,35.01,21.04,21.99,20.44,96.40,55.79,46.70,30.84
231.01,34.95,21.01,21.99,20.44,96.77,55.79,46.70,30.84
231.02,34.95,21.01,21.99,20.44,96.77,55.65,46.70,30.84
231.03,34.95,21.01,21.99,20.47,96.77,55.79,46.70,30.78
231.04,34.95,21.01,21.99,20.47,96.77,55.79,46.60,30.84
231.05,35.01,21.04,21.99,20.47,96.77,55.79,46.70,30.84
231.06,35.01,21.04,22.02,20.47,96.77,55.79,46.70,30.84
231.07,35.01,21.01,21.99,20.47,96.40,55.65,46.70,30.84
231.08,35.01,21.01,21.99,20.44,96.40,55.79,46.70,30.84
231.09,35.01,21.01,21.99,20.47,96.77,55.79,46.70,30.84
231.10,35.01,21.04,22.02,20.47,96.77,55.79,46.60,30.84
231.11,35.08,21.04,22.02,20.44,96.77,55.79,46.60,30.84
231.12,35.01,21.01,21.99,20.44,96.40,55.65,46.60,30.78
231.13,35.01,21.01,21.99,20.47,96.40,55.79,46.60,30.84
231.14,34.95,21.04,22.02,20.47,96.77,55.79,46.70,30.84
231.15,34.95,21.04,22.02,20.47,96.77,55.65,46.70,30.84
231.16,35.01,21.04,21.99,20.47,96.40,55.79,46.70,30.84
231.17,35.01,21.04,21.99,20.47,96.77,55.79,46.70,30.84
231.18,34.95,21.01,22.02,20.44,96.40,55.79,46.70,30.84
231.19,35.01,21.01,21.99,20.47,96.40,55.79,46.70,30.84
231.20,35.01,21.04,22.02,20.47,96.77,55.79,46.70,30.84
231.21,34.95,21.04,22.02,20.47,96.77,55.79,46.70,30.84
231.22,34.95,21.01,21.99,20.47,96.40,55.79,46.70,30.84
231.23,35.01,21.04,22.02,20.47,96.40,55.65,46.70,30.84
231.24,34.95,21.04,22.02,20.47,96.77,55.79,46.70,30.84
231.25,35.01,21.04,22.02,20.47,96.40,55.93,46.60,30.84
231.26,34.95,21.04,21.99,20.47,96.40,55.79,46.70,30.84
231.27,34.95,21.01,21.99,20.47,96.77,55.79,46.70,30.84
231.28,34.95,21.04,22.02,20.47,96.77,55.79,46.60,30.84
231.29,35.01,21.04,22.02,20.47,96.77,55.79,46.70,30.84
231.30,35.01,21.04,22.02,20.47,96.77,55.79,46.70,30.84
231.31,34.95,21.04,21.99,20.47,96.77,55.79,46.60,30.84
231.32,34.95,21.01,21.99,20.47,96.40,55.79,46.60,30.84
231.33,34.95,21.04,22.02,20.47,96.40,55.79,46.70,30.84
231.34,35.01,21.04,22.02,20.47,96.77,55.79,46.70,30.84
231.35,34.95,21.04,22.02,20.47,96.77,55.79,46.70,30.84
231.36,34.95,21.01,22.02,20.47,96.77,55.79,46.70,30.84
231.37,35.01,21.01,21.99,20.47,96.77,55.79,46.70,30.89
231.38,34.95,21.07,22.02,20.47,96.77,55.65,46.70,30.89
231.39,35.01,21.04,22.02,20.47,96.77,55.79,46.70,30.84
231.40,35.08,21.04,22.02,20.47,96.77,55.79,46.70,30.84
231.41,35.01,21.01,22.02,20.47,96.77,55.79,46.60,30.89
231.42,34.95,21.01,22.02,20.47,96.77,55.79,46.70,30.89
231.43,34.95,21.01,22.02,20.47,96.77,55.65,46.81,30.84
231.44,35.01,21.04,22.02,20.47,96.77,55.65,46.70,30.84
231.45,35.01,21.04,22.02,20.47,96.77,55.79,46.70,30.84
231.46,35.01,21.01,21.99,20.47,96.77,55.79,46.70,30.89
231.47,34.95,21.01,21.99,20.47,96.40,55.65,46.70,30.89
231.48,35.01,21.04,22.02,20.47,96.77,55.79,46.70,30.89
231.49,34.95,21.04,22.02,20.47,96.77,55.65,46.70,30.84
231.50,35.01,21.04,22.02,20.47,96.77,55.79,46.70,30.94
231.51,34.95,21.01,22.02,20.47,96.77,55.79,46.70,30.84
231.52,35.01,21.01,22.02,20.47,96.77,55.79,46.70,30.84
231.53,35.01,21.04,22.02,20.47,96.77,55.79,46.70,30.89
231.54,35.08,21.04,22.02,20.47,96.77,55.79,46.70,30.89
231.55,35.01,21.04,22.02,20.47,96.77,55.79,46.70,30.84
231.56,34.95,21.04,22.02,20.47,96.77,55.79,46.70,30.84
231.57,34.95,21.01,22.02,20.47,96.77,55.79,46.70,30.89
231.58,35.01,21.04,22.02,20.47,96.77,55.93,46.70,30.89
231.59,35.01,21.04,22.02,20.47,96.77,55.79,46.70,30.84
231.60,35.01,21.04,22.02,20.47,96.77,55.79,46.70,30.84
231.61,34.95,21.01,22.02,20.47,96.77,55.79,46.70,30.84
231.62,34.95,21.01,21.99,20.47,96.40,55.79,46.70,30.84
231.63,35.01,21.01,22.02,20.47,96.77,55.79,46.70,30.89
231.64,35.01,21.07,21.99,20.47,96.77,55.79,46.70,30.89
231.65,35.01,21.04,22.05,20.47,96.77,55.79,46.70,30.84
231.66,34.95,21.04,21.99,20.47,96.40,55.79,46.70,30.84
231.67,34.95,21.04,22.02,20.47,96.77,55.79,46.70,30.89
231.68,35.01,21.04,22.02,20.47,96.77,55.79,46.70,30.84
231.69,34.95,21.04,22.02,20.47,96.77,55.79,46.70,30.84
231.70,35.01,21.04,22.02,20.47,96.77,55.79,46.81,30.89
231.71,34.95,21.04,22.02,20.47,96.77,55.79,46.70,30.89
231.72,34.95,21.04,22.02,20.47,96.77,55.79,46.70,30.89
231.73,35.01,21.04,22.02,20.47,96.40,55.79,46.70,30.89
231.74,35.01,21.07,22.02,20.50,96.77,55.79,46.60,30.89
231.75,35.01,21.04,22.02,20.47,96.77,55.79,46.91,30.89
231.76,35.01,21.04,22.02,20.44,96.77,55.79,46.60,30.89
231.77,34.95,21.04,22.02,20.47,96.77,55.79,46.70,30.84
231.78,35.08,21.04,22.02,20.47,96.77,55.79,46.70,30.89
231.79,35.01,21.04,22.05,20.47,96.77,55.93,46.70,30.89
231.80,35.01,21.04,22.02,20.47,96.77,55.79,46.70,30.89
231.81,34.95,21.01,22.02,20.47,96.40,55.79,46.70,30.89
231.82,35.01,21.04,22.02,20.47,96.77,55.79,46.70,30.89
231.83,35.01,21.04,22.02,20.47,96.77,55.79,46.70,30.89
231.84,35.01,21.04,22.02,20.47,96.77,55.79,46.70,30.89
231.85,35.01,21.07,22.02,20.47,96.77,55.79,46.70,30.89
231.86,35.01,21.04,22.02,20.47,96.77,55.79,46.70,30.89
231.87,34.95,21.04,22.02,20.47,96.77,55.79,46.70,30.89
231.88,35.08,21.04,22.02,20.47,96.77,55.79,46.91,30.89
231.89,35.08,21.04,22.05,20.47,96.77,55.79,46.70,30.89
231.90,34.95,21.04,22.05,20.47,96.77,55.79,46.81,30.89
231.91,35.01,21.04,22.02,20.47,96.40,55.65,46.70,30.89
231.92,35.08,21.04,22.02,20.47,96.77,55.79,46.81,30.89
231.93,35.01,21.04,22.02,20.47,96.77,55.79,46.70,30.89
231.94,35.01,21.07,22.05,20.47,96.77,55.79,46.81,30.89
231.95,35.08,21.04,22.05,20.47,96.77,55.79,46.70,30.89
231.96,34.95,21.04,22.02,20.47,96.77,55.79,46.70,30.89
231.97,35.01,21.04,22.02,20.47,96.77,55.79,46.70,30.89
231.98,35.08,21.04,22.02,20.47,96.77,55.79,46.70,30.89
231.99,35.01,21.04,22.05,20.50,96.77,55.93,46.81,30.89
232.00,34.95,21.04,22.02,20.47,96.77,55.79,46.70,30.89
232.01,35.08,21.04,22.02,20.47,96.40,55.65,46.70,30.89
232.02,34.95,21.01,22.02,20.47,96.77,55.79,46.70,30.89
232.03,35.01,21.04,22.02,20.47,96.77,55.79,46.70,30.89
232.04,35.01,21.07,22.02,20.47,96.77,55.93,46.70,30.89
232.05,35.01,21.07,22.02,20.47,96.77,55.79,46.70,30.89
232.06,35.01,21.04,22.02,20.47,96.77,55.79,46.70,30.89
232.07,35.01,21.04,22.02,20.47,96.77,55.65,46.70,30.89
232.08,35.08,21.04,22.02,20.47,96.77,55.79,46.70,30.89
232.09,35.01,21.04,22.05,20.47,96.77,55.79,46.70,30.89
232.10,35.01,21.07,22.05,20.47,96.77,55.79,46.70,30.89
232.11,35.01,21.04,22.05,20.47,96.77,55.79,46.70,30.89
232.12,35.01,21.04,22.02,20.47,96.77,55.65,46.81,30.89
232.13,35.01,21.04,22.02,20.47,96.77,55.79,46.81,30.89
232.14,35.08,21.07,22.05,20.47,96.77,55.79,46.81,30.89
232.15,35.08,21.04,22.05,20.47,96.77,55.79,46.81,30.89
232.16,34.95,21.04,22.05,20.47,96.77,55.79,46.70,30.89
232.17,35.08,21.04,22.02,20.47,96.77,55.79,46.70,30.89
232.18,35.01,21.04,22.05,20.47,96.77,55.79,46.81,30.94
232.19,35.01,21.07,22.05,20.47,96.77,55.79,46.81,30.89
232.20,35.08,21.07,22.05,20.47,96.77,55.79,46.81,30.89
232.21,35.01,21.04,22.02,20.47,96.77,55.79,46.70,30.89
232.22,34.95,21.04,22.02,20.47,96.77,55.79,46.70,30.89
232.23,35.08,21.07,22.02,20.47,96.77,55.79,46.81,30.89
232.24,35.01,21.04,22.05,20.47,96.77,55.79,46.81,30.89
232.25,35.01,21.07,22.05,20.47,96.77,55.79,46.70,30.94
232.26,34.95,21.04,22.05,20.47,96.77,55.79,46.81,30.89
232.27,34.95,21.04,22.02,20.47,96.77,55.79,46.81,30.89
232.28,35.01,21.04,22.05,20.50,96.77,55.79,46.81,30.94
232.29,35.08,21.07,22.05,20.47,96.77,55.79,46.81,30.89
232.30,35.08,21.04,22.05,20.47,96.77,55.93,46.81,30.94
232.31,35.01,21.04,22.02,20.47,96.77,55.79,46.81,30.89
232.32,35.01,21.04,22.02,20.47,96.77,55.79,46.81,30.89
232.33,35.01,21.04,22.05,20.47,96.77,55.79,46.81,30.94
232.34,35.01,21.07,22.09,20.47,96.77,55.93,46.81,30.89
232.35,35.08,21.07,22.05,20.47,96.77,55.79,46.81,30.89
232.36,35.01,21.04,22.05,20.47,96.77,55.93,46.81,30.89
232.37,35.01,21.04,22.02,20.47,96.77,55.79,46.81,30.89
232.38,35.01,21.04,22.05,20.47,96.77,55.93,46.81,30.94
232.39,35.08,21.07,22.05,20.47,96.77,55.79,46.81,30.94
232.40,35.01,21.07,22.05,20.47,96.77,55.79,46.81,30.94
232.41,35.01,21.04,22.05,20.47,96.77,55.93,46.81,30.94
232.42,35.01,21.04,22.05,20.47,96.77,55.79,46.70,30.89
232.43,35.01,21.07,22.05,20.50,96.77,55.79,46.81,30.94
232.44,35.08,21.07,22.09,20.47,96.77,55.79,46.81,30.94
232.45,35.01,21.07,22.05,20.47,96.77,55.79,46.70,30.89
232.46,35.01,21.04,22.05,20.47,96.77,55.93,46.70,30.89
232.47,35.01,21.07,22.05,20.47,96.77,55.93,46.81,30.89
232.48,35.08,21.04,22.05,20.47,96.77,55.79,46.81,30.89
232.49,35.15,21.07,22.05,20.47,96.77,55.79,46.81,30.89
232.50,35.01,21.07,22.05,20.47,96.77,55.93,46.81,30.94
232.51,35.08,21.07,22.05,20.47,96.77,55.79,46.70,30.94
232.52,35.08,21.04,22.05,20.47,96.77,55.79,46.91,30.94
232.53,35.01,21.07,22.05,20.47,96.77,55.93,46.81,30.94
232.54,35.08,21.07,22.09,20.47,96.77,55.79,46.81,30.94
232.55,35.01,21.07,22.05,20.47,96.77,55.79,46.81,30.94
232.56,35.08,21.07,22.05,20.47,96.77,55.79,46.81,30.94
232.57,35.01,21.07,22.05,20.47,96.77,55.79,46.81,30.94
232.58,35.01,21.07,22.05,20.47,96.77,55.79,46.81,30.94
232.59,35.08,21.07,22.09,20.50,96.77,55.93,46.81,30.94
232.60,35.08,21.07,22.05,20.50,96.77,55.79,46.81,30.94
232.61,35.01,21.07,22.05,20.47,96.77,55.93,46.81,30.94
232.62,35.01,21.07,22.05,20.50,96.77,55.79,46.81,31.00
232.63,35.01,21.04,22.05,20.47,96.77,55.93,46.81,30.94
232.64,35.08,21.13,22.09,20.50,96.77,55.93,46.81,30.94
232.65,35.08,21.07,22.05,20.47,96.77,55.93,46.81,30.94
232.66,35.01,21.04,22.05,20.50,96.77,55.79,46.81,30.89
232.67,35.01,21.04,22.05,20.50,96.77,55.79,46.81,30.94
232.68,35.08,21.07,22.09,20.50,96.77,55.93,46.81,30.94
232.69,35.08,21.07,22.05,20.50,96.77,55.79,46.81,30.94
232.70,35.08,21.07,22.09,20.47,97.14,55.79,46.81,30.89
232.71,35.01,21.07,22.09,20.47,96.77,55.79,46.81,30.94
232.72,35.01,21.07,22.05,20.50,96.77,55.93,46.81,30.94
232.73,35.01,21.04,22.09,20.50,96.77,55.79,46.91,30.89
232.74,35.08,21.10,22.09,20.47,96.77,56.07,46.91,31.00
232.75,35.15,21.07,22.09,20.47,96.77,55.79,46.81,30.94
232.76,35.01,21.07,22.05,20.50,96.77,55.93,46.81,31.00
232.77,35.01,21.07,22.05,20.50,96.77,55.79,46.81,30.94
232.78,35.08,21.07,22.05,20.50,96.77,55.79,46.81,30.94
232.79,35.08,21.07,22.09,20.47,96.77,55.79,46.81,30.94
232.80,35.15,21.07,22.09,20.50,96.77,55.93,46.91,30.94
232.81,35.08,21.07,22.09,20.47,96.77,55.93,46.81,30.94
232.82,35.01,21.07,22.05,20.50,96.77,55.79,46.81,30.94
232.83,35.08,21.07,22.05,20.50,96.77,55.79,46.81,30.94
232.84,35.01,21.07,22.09,20.50,96.77,55.93,46.81,30.94
232.85,35.15,21.07,22.05,20.47,96.77,55.93,46.81,30.94
232.86,34.95,21.07,22.05,20.47,96.77,55.79,46.81,30.94
232.87,35.08,21.04,22.05,20.47,96.77,55.93,46.81,30.94
232.88,35.01,21.07,22.05,20.50,96.77,55.79,46.91,30.94
232.89,35.01,21.07,22.09,20.50,96.77,55.93,46.81,30.94
232.90,35.08,21.07,22.05,20.47,96.77,55.93,46.81,30.94
232.91,35.01,21.07,22.05,20.50,96.77,55.93,46.81,30.94
232.92,35.01,21.07,22.05,20.50,96.77,55.79,46.91,30.89
232.93,35.01,21.07,22.05,20.50,96.77,55.93,46.81,30.94
232.94,35.08,21.10,22.09,20.50,96.77,55.93,46.81,31.00
232.95,35.08,21.07,22.05,20.50,96.77,55.93,46.81,30.94
232.96,35.01,21.07,22.05,20.50,97.14,55.79,46.81,31.00
232.97,35.01,21.07,22.05,20.50,96.40,55.93,46.81,30.94
232.98,35.01,21.07,22.05,20.47,96.77,55.93,46.81,31.00
232.99,35.08,21.07,22.09,20.50,97.14,55.79,47.02,30.94
233.00,35.08,21.07,22.09,20.50,96.77,55.93,46.70,30.94
233.01,35.01,21.07,22.09,20.50,96.77,55.79,47.02,30.94
233.02,35.08,21.07,22.05,20.50,96.77,55.93,46.81,31.00
233.03,35.01,21.07,22.09,20.50,96.77,55.93,46.91,30.94
233.04,35.08,21.07,22.09,20.47,96.77,55.93,46.81,30.94
233.05,35.08,21.07,22.09,20.50,96.77,55.79,46.81,31.00
233.06,35.01,21.07,22.09,20.50,96.77,55.93,46.81,30.94
233.07,35.01,21.07,22.05,20.50,96.77,55.93,46.81,30.94
233.08,35.01,21.07,22.09,20.50,97.14,55.79,46.91,30.94
233.09,35.08,21.07,22.09,20.50,96.77,55.93,46.91,30.94
233.10,35.01,21.07,22.09,20.47,96.77,55.93,46.81,30.94
233.11,35.08,21.07,22.09,20.50,96.77,55.93,46.81,30.94
233.12,35.01,21.04,22.09,20.50,96.77,55.93,46.81,30.94
233.13,35.08,21.07,22.05,20.50,96.77,55.93,46.91,31.00
233.14,35.08,21.07,22.09,20.50,96.77,56.07,46.91,30.94
233.15,35.08,21.07,22.09,20.47,96.77,55.93,46.81,30.94
233.16,35.08,21.07,22.09,20.50,96.77,55.79,46.91,30.94
233.17,35.01,21.07,22.05,20.50,96.77,55.93,46.81,30.94
233.18,35.01,21.07,22.09,20.50,96.77,55.79,46.81,31.00
233.19,35.08,21.07,22.09,20.50,96.77,55.93,46.91,31.00
233.20,35.01,21.07,22.09,20.50,97.14,55.93,46.91,31.00
233.21,35.08,21.07,22.05,20.50,97.14,55.93,46.81,31.00
233.22,35.01,21.07,22.09,20.50,96.77,55.93,46.81,31.00
233.23,35.01,21.07,22.09,20.50,96.77,55.79,46.91,31.00
233.24,35.08,21.10,22.09,20.50,96.77,55.93,46.91,31.00
233.25,35.01,21.07,22.09,20.50,96.77,55.93,46.91,30.94
233.26,35.01,21.07,22.09,20.50,96.77,55.93,46.91,30.94
233.27,35.01,21.04,22.09,20.50,96.77,55.93,46.81,30.94
233.28,35.01,21.07,22.09,20.50,97.14,55.93,46.91,31.00
233.29,35.08,21.07,22.09,20.50,97.14,55.93,46.91,31.00
233.30,35.01,21.07,22.09,20.50,96.77,55.93,46.91,31.00
233.31,35.08,21.07,22.05,20.47,96.77,55.93,46.91,31.00
233.32,35.01,21.07,22.05,20.50,97.14,55.93,46.81,31.00
233.33,35.08,21.07,22.05,20.50,96.77,55.79,46.91,31.00
233.34,35.01,21.07,22.09,20.50,96.77,55.93,46.91,31.00
233.35,35.01,21.07,22.09,20.50,96.77,55.93,46.81,30.94
233.36,35.08,21.07,22.09,20.50,96.77,55.93,46.81,30.94
233.37,35.01,21.07,22.05,20.50,96.77,55.79,46.81,31.00
233.38,35.08,21.07,22.05,20.50,96.77,55.93,46.81,31.00
233.39,35.15,21.10,22.09,20.50,96.77,55.93,46.91,31.00
233.40,35.08,21.07,22.09,20.50,96.77,55.65,46.91,30.94
233.41,35.01,21.07,22.09,20.47,96.77,55.93,46.81,31.00
233.42,35.01,21.07,22.05,20.50,96.77,55.79,46.81,31.00
233.43,35.08,21.07,22.09,20.50,96.77,55.79,46.91,31.00
233.44,35.08,21.07,22.09,20.50,97.14,56.07,46.91,31.00
233.45,35.15,21.10,22.09,20.50,96.77,55.93,46.91,31.00
233.46,35.08,21.07,22.05,20.50,96.77,55.93,46.81,31.00
233.47,35.01,21.07,22.09,20.50,96.77,55.79,46.91,31.00
233.48,35.01,21.07,22.09,20.50,97.14,55.79,46.91,31.00
233.49,35.01,21.10,22.09,20.50,96.77,55.93,46.91,31.00
233.50,35.08,21.07,22.09,20.47,96.77,55.93,46.91,31.00
233.51,35.08,21.07,22.09,20.50,96.77,55.93,46.91,31.00
233.52,35.08,21.07,22.09,20.47,96.77,55.93,46.81,31.00
233.53,35.08,21.10,22.09,20.50,96.77,55.65,46.91,30.94
233.54,35.08,21.10,22.09,20.50,96.77,55.93,46.91,31.00
233.55,35.01,21.07,22.12,20.50,96.77,55.93,46.91,31.00
233.56,35.01,21.07,22.09,20.50,96.77,55.93,46.91,31.00
233.57,35.01,21.07,22.09,20.50,96.77,55.93,46.91,31.00
233.58,35.01,21.07,22.09,20.50,96.77,55.93,46.81,31.00
233.59,35.08,21.10,22.09,20.50,96.77,55.93,46.91,31.00
233.60,35.08,21.10,22.09,20.50,97.14,55.93,46.91,31.00
233.61,35.01,21.07,22.09,20.50,96.77,55.93,46.91,31.00
233.62,35.01,21.07,22.09,20.50,96.77,55.93,46.91,31.00
233.63,35.01,21.07,22.09,20.50,96.77,55.79,47.02,31.00
233.64,35.08,21.10,22.09,20.50,97.14,55.93,46.91,31.00
233.65,35.08,21.07,22.12,20.50,96.77,55.93,46.91,31.00
233.66,35.01,21.04,22.09,20.50,96.77,55.79,46.91,31.00
233.67,35.08,21.07,22.09,20.50,96.77,55.93,46.91,31.00
233.68,35.01,21.07,22.09,20.50,96.77,55.93,46.91,30.94
233.69,35.08,21.07,22.09,20.50,96.77,55.93,46.91,31.00
233.70,35.08,21.07,22.09,20.50,97.14,55.93,46.81,31.00
233.71,35.08,21.07,22.09,20.50,96.77,55.93,46.91,30.94
233.72,35.01,21.07,22.09,20.50,96.77,55.93,46.91,31.00
233.73,35.01,21.07,22.09,20.50,96.77,55.93,46.91,31.00
233.74,35.08,21.07,22.09,20.50,96.77,55.93,46.91,31.00
233.75,35.01,21.10,22.09,20.50,97.14,55.79,46.91,31.00
233.76,35.01,21.07,22.09,20.50,96.77,55.79,46.91,31.00
233.77,35.08,21.07,22.09,20.50,96.77,55.93,46.91,31.00
233.78,35.08,21.07,22.09,20.50,97.14,55.93,46.91,31.00
233.79,35.08,21.07,22.12,20.50,97.14,55.93,46.91,31.00
233.80,35.15,21.07,22.09,20.50,96.77,55.79,46.91,31.00
233.81,35.01,21.07,22.09,20.50,96.77,55.93,46.91,31.00
233.82,35.01,21.07,22.09,20.50,96.77,55.93,46.91,31.00
233.83,35.01,21.07,22.09,20.50,96.77,55.93,46.91,31.00
233.84,35.01,21.10,22.09,20.50,96.77,55.93,46.91,31.00
233.85,35.08,21.07,22.09,20.47,96.77,55.93,46.91,31.00
233.86,35.01,21.07,22.09,20.50,96.77,55.79,46.91,31.00
233.87,35.01,21.04,22.05,20.50,96.77,55.93,46.91,31.05
233.88,35.08,21.07,22.09,20.50,97.14,55.93,46.91,31.05
233.89,35.08,21.07,22.09,20.50,96.77,55.93,46.91,31.05
233.90,35.08,21.07,22.12,20.50,96.77,55.93,46.81,31.00
233.91,35.01,21.13,22.09,20.53,96.77,55.93,46.91,31.00
233.92,35.01,21.07,22.09,20.50,96.77,55.93,46.91,31.00
233.93,35.08,21.07,22.09,20.50,97.14,55.93,46.91,31.00
233.94,35.08,21.10,22.09,20.50,96.77,55.93,46.91,31.00
233.95,35.08,21.07,22.09,20.50,96.77,55.79,46.91,31.05
233.96,35.08,21.07,22.09,20.50,97.14,55.93,46.91,31.05
233.97,35.08,21.07,22.09,20.50,96.77,55.79,46.91,31.00
233.98,35.08,21.07,22.09,20.50,96.77,56.07,46.91,31.00
233.99,35.08,21.07,22.09,20.50,96.77,55.93,46.91,31.05
234.00,35.15,21.07,22.09,20.50,96.77,55.93,46.91,30.94
234.01,35.08,21.07,22.09,20.50,97.14,55.79,46.91,31.11
234.02,35.08,21.07,22.09,20.50,96.77,55.93,46.81,31.05
234.03,35.01,21.07,22.09,20.50,97.14,55.79,46.91,31.00
234.04,35.08,21.07,22.09,20.50,97.14,55.93,46.81,31.00
234.05,35.08,21.10,22.09,20.50,96.77,55.93,46.91,31.00
234.06,35.08,21.07,22.09,20.50,96.77,55.93,46.91,31.00
234.07,35.08,21.07,22.09,20.50,96.77,55.93,46.81,31.05
234.08,35.08,21.07,22.09,20.50,96.77,55.93,46.91,31.05
234.09,35.08,21.07,22.12,20.50,97.14,55.93,46.91,31.00
234.10,35.08,21.07,22.09,20.50,96.77,55.93,46.91,31.05
234.11,35.01,21.07,22.09,20.50,97.14,55.79,46.91,31.05
234.12,35.15,21.07,22.09,20.50,96.77,55.79,46.91,31.05
234.13,34.95,21.07,22.09,20.50,97.14,55.93,46.91,31.05
234.14,35.15,21.07,22.09,20.50,97.14,55.93,46.91,31.05
234.15,34.95,21.07,22.09,20.50,96.77,55.93,46.91,31.00
234.16,35.08,21.04,22.09,20.50,96.77,55.79,46.91,31.05
234.17,35.08,21.07,22.05,20.50,96.77,55.79,46.91,31.05
234.18,35.01,21.07,22.09,20.50,96.77,55.79,46.91,31.00
234.19,35.08,21.10,22.09,20.50,97.14,55.93,46.91,31.00
234.20,35.08,21.07,22.09,20.50,96.77,55.93,46.91,31.00
234.21,35.01,21.07,22.09,20.50,97.14,55.93,46.91,31.05
234.22,35.01,21.07,22.05,20.50,96.77,55.93,46.91,31.00
234.23,35.15,21.07,22.09,20.50,97.14,55.93,46.91,31.00
234.24,35.08,21.10,22.12,20.50,97.14,55.93,46.91,31.05
234.25,35.08,21.10,22.09,20.50,97.14,55.93,46.91,31.05
234.26,35.01,21.07,22.09,20.50,96.77,55.93,47.02,31.00
234.27,35.08,21.07,22.09,20.50,97.14,55.93,46.81,31.05
234.28,35.01,21.07,22.09,20.50,96.77,55.93,46.91,31.05
234.29,35.08,21.07,22.12,20.50,96.77,55.93,46.91,31.05
234.30,35.08,21.10,22.12,20.50,97.14,55.93,46.91,31.05
234.31,35.08,21.07,22.09,20.50,96.77,55.79,46.91,31.05
234.32,35.01,21.07,22.09,20.50,96.77,55.93,46.91,31.05
234.33,35.08,21.07,22.09,20.53,96.77,55.93,46.91,31.00
234.34,35.15,21.07,22.12,20.50,96.77,55.93,46.91,31.05
234.35,35.15,21.10,22.12,20.50,96.77,55.93,46.91,31.05
234.36,35.15,21.07,22.09,20.50,96.77,55.93,46.91,31.00
234.37,35.01,21.04,22.09,20.50,96.77,55.79,46.91,31.05
234.38,35.01,21.07,22.09,20.50,96.77,55.93,46.91,31.05
234.39,35.08,21.10,22.09,20.50,97.14,55.93,46.91,31.05
234.40,35.08,21.10,22.09,20.50,96.77,55.93,46.91,31.05
234.41,35.01,21.07,22.09,20.50,96.77,55.93,46.91,31.05
234.42,35.01,21.07,22.09,20.50,96.77,55.93,46.91,31.05
234.43,35.08,21.07,22.09,20.50,96.77,55.93,46.91,31.05
234.44,35.01,21.10,22.12,20.50,96.77,55.93,46.91,31.05
234.45,35.08,21.10,22.09,20.50,97.14,55.93,46.91,31.05
234.46,35.01,21.07,22.12,20.50,97.14,55.93,46.91,31.05
234.47,35.01,21.07,22.09,20.50,97.14,55.79,46.91,31.05
234.48,35.08,21.07,22.09,20.50,97.51,55.93,46.91,31.05
234.49,35.08,21.10,22.12,20.50,96.77,55.93,46.91,31.05
234.50,35.01,21.07,22.12,20.50,96.77,55.93,46.91,31.05
234.51,35.01,21.07,22.12,20.50,97.14,55.79,46.91,31.05
234.52,35.08,21.07,22.09,20.50,96.77,55.93,46.91,31.05
234.53,35.08,21.07,22.12,20.50,97.14,55.93,46.91,31.05
234.54,35.08,21.10,22.12,20.50,97.14,55.93,46.91,31.05
234.55,35.01,21.07,22.09,20.50,96.77,55.93,46.91,31.05
234.56,35.01,21.07,22.09,20.50,96.77,55.93,46.91,31.05
234.57,35.08,21.07,22.12,20.50,97.14,55.79,46.91,31.05
234.58,35.08,21.07,22.09,20.50,97.14,55.93,46.91,31.05
234.59,35.01,21.07,22.12,20.50,97.14,55.93,46.91,31.05
234.60,35.08,21.10,22.12,20.50,97.14,55.93,46.91,31.05
234.61,35.08,21.04,22.09,20.50,96.77,55.79,46.91,31.00
234.62,35.01,21.07,22.09,20.50,96.77,55.79,46.91,31.05
234.63,35.08,21.07,22.09,20.50,96.40,55.93,46.91,31.05
234.64,35.08,21.10,22.12,20.50,97.14,55.93,46.91,31.05
234.65,35.08,21.07,22.12,20.50,96.77,55.93,46.91,31.05
234.66,35.08,21.07,22.09,20.50,96.77,55.93,46.91,31.05
234.67,34.95,21.07,22.09,20.50,97.14,55.93,46.91,31.05
234.68,35.08,21.07,22.09,20.50,97.14,56.07,46.91,31.11
234.69,35.08,21.10,22.12,20.50,96.77,55.93,46.91,31.05
234.70,35.08,21.07,22.09,20.50,97.14,55.93,46.91,31.05
234.71,35.01,21.07,22.09,20.50,96.77,55.93,46.91,31.05
234.72,35.01,21.07,22.09,20.50,97.14,55.93,46.91,31.05
234.73,35.01,21.07,22.09,20.50,96.77,55.93,46.91,31.05
234.74,35.08,21.10,22.09,20.50,97.14,55.93,46.91,31.05
234.75,35.08,21.07,22.09,20.50,96.77,55.93,46.91,31.05
234.76,35.08,21.07,22.09,20.50,96.77,55.93,46.91,31.05
234.77,35.08,21.04,22.09,20.50,96.77,55.79,46.91,31.05
234.78,35.08,21.07,22.09,20.50,96.77,55.93,46.91,31.05
234.79,35.08,21.07,22.12,20.50,96.77,55.93,46.91,31.11
234.80,35.08,21.07,22.09,20.50,96.77,55.93,46.91,31.05
234.81,35.01,21.07,22.09,20.50,97.14,55.79,46.91,31.05
234.82,35.08,21.04,22.09,20.50,96.77,55.93,46.91,31.05
234.83,35.08,21.07,22.09,20.50,96.77,55.93,46.91,31.05
234.84,35.08,21.10,22.12,20.50,97.14,55.93,46.91,31.05
234.85,35.08,21.10,22.12,20.50,97.14,55.93,46.91,31.11
234.86,35.01,21.07,22.09,20.50,96.77,55.93,46.91,31.05
234.87,35.01,21.07,22.09,20.50,96.77,55.93,46.91,31.11
234.88,35.01,21.07,22.09,20.50,97.14,55.93,47.02,31.05
234.89,35.08,21.07,22.12,20.53,97.14,55.93,46.91,31.05
234.90,35.08,21.10,22.09,20.53,96.77,55.93,46.91,31.05
234.91,35.01,21.07,22.09,20.50,97.14,55.79,46.81,31.11
234.92,35.01,21.07,22.09,20.50,96.77,55.93,46.91,31.05
234.93,35.08,21.07,22.09,20.50,96.77,55.93,46.91,31.05
234.94,35.01,21.07,22.12,20.53,97.14,55.93,46.91,31.11
234.95,35.01,21.07,22.12,20.50,97.14,55.93,46.91,31.00
234.96,35.01,21.07,22.09,20.50,96.77,55.79,46.91,31.05
234.97,35.08,21.07,22.09,20.50,96.77,55.93,46.91,31.05
234.98,35.01,21.07,22.09,20.50,96.77,55.93,46.91,31.11
234.99,35.08,21.07,22.12,20.50,97.14,55.93,46.91,31.05
235.00,35.08,21.07,22.12,20.50,97.14,55.93,46.91,31.05
235.01,35.01,21.07,22.09,20.50,96.77,55.93,46.91,31.11
235.02,35.01,21.07,22.09,20.50,96.77,55.93,46.91,31.11
235.03,35.01,21.07,22.09,20.50,97.14,55.93,46.91,31.05
235.04,35.15,21.07,22.12,20.50,96.77,55.93,47.02,31.11
235.05,35.08,21.07,22.12,20.50,97.14,55.93,46.91,31.11
235.06,35.01,21.07,22.09,20.50,96.77,55.93,46.91,31.05
235.07,35.08,21.07,22.09,20.50,96.77,55.93,46.91,31.05
235.08,35.01,21.07,22.09,20.50,97.14,55.93,46.91,31.11
235.09,35.08,21.07,22.12,20.50,97.14,55.93,46.91,31.11
235.10,35.01,21.07,22.12,20.50,97.14,55.79,46.91,31.11
235.11,35.01,21.04,22.09,20.50,96.77,55.79,46.91,31.05
235.12,35.01,21.04,22.09,20.50,97.14,55.79,46.91,31.11
235.13,35.01,21.07,22.09,20.53,96.77,55.93,46.91,31.11
235.14,35.15,21.04,22.12,20.50,97.14,55.93,46.91,31.11
235.15,35.15,21.07,22.12,20.53,96.77,55.93,46.91,31.11
235.16,35.01,21.07,22.09,20.50,96.77,55.79,46.91,31.11
235.17,35.01,21.07,22.09,20.50,96.77,55.93,46.91,31.11
235.18,35.01,21.07,22.09,20.50,96.77,55.93,46.91,31.11
235.19,35.08,21.07,22.09,20.50,96.77,55.93,46.91,31.11
235.20,35.01,21.07,22.12,20.50,97.14,56.07,46.91,31.11
235.21,35.08,21.04,22.09,20.50,96.77,55.79,46.91,31.11
235.22,35.01,21.07,22.09,20.50,96.77,55.93,46.91,31.11
235.23,35.01,21.07,22.09,20.50,96.77,55.93,46.91,31.11
235.24,35.08,21.07,22.12,20.53,97.14,55.79,46.91,31.05
235.25,35.08,21.10,22.09,20.50,97.14,55.93,46.91,31.16
235.26,35.01,21.07,22.09,20.50,96.77,55.79,46.91,31.05
235.27,35.01,21.04,22.09,20.50,96.77,55.93,46.91,31.11
235.28,35.01,21.07,22.09,20.53,97.14,55.93,46.91,31.11
235.29,35.08,21.07,22.12,20.53,96.77,55.93,46.91,31.11
235.30,35.01,21.07,22.12,20.50,97.14,55.79,46.91,31.11
235.31,35.01,21.07,22.09,20.50,96.77,55.93,46.91,31.11
235.32,34.95,21.04,22.09,20.53,96.77,55.93,46.91,31.11
235.33,35.08,21.10,22.09,20.53,96.77,55.93,46.91,31.11
235.34,35.08,21.07,22.09,20.50,97.14,55.93,46.91,31.11
235.35,35.08,21.07,22.12,20.50,97.14,55.93,46.91,31.11
235.36,35.08,21.07,22.09,20.50,96.77,55.79,46.91,31.11
235.37,35.01,21.04,22.12,20.50,96.77,55.93,46.91,31.11
235.38,35.08,21.04,22.12,20.50,97.14,55.93,46.91,31.11
235.39,35.08,21.07,22.09,20.53,97.14,55.93,46.91,31.11
235.40,35.08,21.07,22.12,20.50,96.77,55.93,46.91,31.11
235.41,35.01,21.04,22.09,20.50,97.14,55.93,47.02,31.11
235.42,35.08,21.07,22.09,20.50,96.77,55.79,46.91,31.11
235.43,35.01,21.07,22.09,20.53,96.77,55.93,46.91,31.11
235.44,35.08,21.07,22.12,20.53,97.14,55.93,46.91,31.11
235.45,35.01,21.07,22.12,20.53,97.14,55.93,46.91,31.11
235.46,35.01,21.07,22.09,20.50,96.77,55.79,46.91,31.11
235.47,35.01,21.07,22.09,20.53,97.14,55.79,46.91,31.11
235.48,35.01,21.07,22.09,20.50,97.14,55.93,47.02,31.11
235.49,35.01,21.10,22.09,20.53,96.77,55.93,46.91,31.11
235.50,35.08,21.07,22.12,20.50,97.14,55.79,47.02,31.11
235.51,35.08,21.07,22.09,20.53,96.77,55.93,46.70,31.11
235.52,35.08,21.04,22.09,20.53,97.14,55.93,47.02,31.11
235.53,35.08,21.07,22.09,20.53,96.77,55.93,46.91,31.11
235.54,35.08,21.07,22.12,20.53,96.77,55.93,46.91,31.11
235.55,35.08,21.07,22.12,20.53,97.14,55.79,47.02,31.11
235.56,35.01,21.07,22.09,20.50,96.77,55.93,46.91,31.11
235.57,35.08,21.04,22.09,20.53,96.77,55.79,46.91,31.11
235.58,35.15,21.07,22.09,20.53,97.14,55.93,46.91,31.11
235.59,35.15,21.07,22.12,20.53,97.14,55.79,46.91,31.11
235.60,35.15,21.07,22.09,20.50,96.77,55.93,46.91,31.11
235.61,35.08,21.07,22.09,20.53,97.14,55.93,46.91,31.11
235.62,35.01,21.07,22.09,20.50,96.77,55.93,46.91,31.11
235.63,35.01,21.07,22.09,20.53,96.77,55.93,47.02,31.16
235.64,35.01,21.07,22.12,20.53,96.77,55.93,46.91,31.11
235.65,35.15,21.07,22.12,20.50,97.14,55.93,47.02,31.11
235.66,35.01,21.04,22.09,20.50,97.14,55.79,46.91,31.11
235.67,35.08,21.04,22.12,20.50,96.77,55.79,47.02,31.11
235.68,35.01,21.07,22.09,20.53,97.14,55.93,46.91,31.11
235.69,35.01,21.07,22.12,20.50,97.14,55.79,47.02,31.11
235.70,35.01,21.10,22.12,20.50,96.77,55.93,46.91,31.11
235.71,34.95,21.04,22.09,20.50,96.77,55.79,46.91,31.11
235.72,35.08,21.07,22.09,20.53,97.14,55.79,46.91,31.11
235.73,35.01,21.07,22.09,20.53,96.77,55.79,46.91,31.11
235.74,35.08,21.07,22.12,20.50,97.14,55.79,46.91,31.11
235.75,35.08,21.07,22.12,20.53,96.77,55.93,47.02,31.11
235.76,35.01,21.04,22.09,20.50,96.77,55.93,46.91,31.11
235.77,35.01,21.04,22.12,20.53,97.14,55.79,46.91,31.16
235.78,34.95,21.07,22.09,20.53,97.14,55.79,47.02,31.11
235.79,35.01,21.07,22.12,20.53,96.77,55.93,46.91,31.11
235.80,35.08,21.07,22.09,20.53,97.14,55.93,46.91,31.11
235.81,35.01,21.04,22.09,20.50,96.77,55.93,46.91,31.16
235.82,35.01,21.07,22.09,20.50,97.14,55.93,47.02,31.11
235.83,35.15,21.07,22.12,20.53,97.14,55.65,46.91,31.11
235.84,35.01,21.07,22.09,20.53,96.77,55.93,47.02,31.11
235.85,35.08,21.07,22.12,20.50,97.14,55.93,47.02,31.11
235.86,35.01,21.07,22.12,20.53,96.77,55.79,46.91,31.11
235.87,35.01,21.07,22.12,20.50,96.77,55.93,46.91,31.16
235.88,35.01,21.07,22.09,20.53,96.77,55.93,47.02,31.11
235.89,35.01,21.07,22.12,20.50,96.77,56.07,46.91,31.11
235.90,35.01,21.07,22.12,20.53,97.14,55.93,47.02,31.11
235.91,35.01,21.04,22.12,20.53,96.77,55.93,46.91,31.11
235.92,35.15,21.07,22.09,20.50,96.77,55.93,46.91,31.11
235.93,35.01,21.07,22.09,20.53,96.77,55.93,46.91,31.16
235.94,35.08,21.07,22.12,20.50,96.77,55.79,47.02,31.11
235.95,35.08,21.07,22.12,20.50,96.77,55.93,46.91,31.11
235.96,35.08,21.07,22.12,20.53,96.77,55.79,46.91,31.16
235.97,35.08,21.04,22.09,20.53,96.77,55.93,46.91,31.16
235.98,35.08,21.07,22.09,20.50,96.77,55.79,46.91,31.16
235.99,35.08,21.07,22.12,20.53,97.14,55.93,46.91,31.11
236.00,35.01,21.07,22.12,20.53,97.14,55.93,47.02,31.11
236.01,35.01,21.04,22.09,20.50,96.77,55.93,46.91,31.11
236.02,35.08,21.07,22.09,20.53,96.77,55.79,47.02,31.11
236.03,35.08,21.07,22.09,20.53,96.77,55.93,47.02,31.11
236.04,35.08,21.07,22.12,20.53,96.77,55.93,47.02,31.16
236.05,35.08,21.07,22.12,20.53,96.77,55.93,47.02,31.16
236.06,35.08,21.04,22.12,20.53,97.14,55.93,46.91,31.16
236.07,35.01,21.07,22.09,20.53,96.77,55.93,46.91,31.16
236.08,35.01,21.07,22.12,20.50,97.14,55.93,46.91,31.16
236.09,35.08,21.07,22.12,20.53,96.77,55.93,46.91,31.16
236.10,35.08,21.07,22.12,20.50,97.14,55.93,47.02,31.16
236.11,35.01,21.07,22.12,20.53,96.77,55.93,46.91,31.11
236.12,35.08,21.04,22.09,20.50,97.14,55.93,47.02,31.16
236.13,35.08,21.07,22.12,20.53,96.77,55.93,46.91,31.16
236.14,35.01,21.07,22.12,20.53,97.14,55.93,46.91,31.16
236.15,35.08,21.07,22.12,20.53,96.77,55.93,47.02,31.16
236.16,35.08,21.04,22.09,20.53,96.77,55.93,46.91,31.11
236.17,35.01,21.07,22.09,20.50,97.14,55.93,46.91,31.16
236.18,35.01,21.07,22.12,20.53,97.14,55.79,47.02,31.16
236.19,35.01,21.07,22.12,20.50,97.14,55.93,47.02,31.11
236.20,35.01,21.07,22.12,20.53,96.77,55.79,47.02,31.16
236.21,35.01,21.07,22.12,20.53,97.14,55.93,47.02,31.16
236.22,35.08,21.07,22.09,20.50,96.77,55.79,46.91,31.16
236.23,35.01,21.07,22.12,20.53,97.14,55.93,46.91,31.16
236.24,35.15,21.07,22.12,20.53,97.14,55.93,46.91,31.16
236.25,35.08,21.07,22.12,20.53,96.77,55.93,47.02,31.16
236.26,35.01,21.07,22.12,20.53,96.77,55.79,46.91,31.11
236.27,35.08,21.07,22.12,20.53,97.14,55.79,47.02,31.16
236.28,35.08,21.07,22.12,20.53,96.77,55.93,46.91,31.16
236.29,35.08,21.07,22.12,20.53,97.14,55.93,47.02,31.16
236.30,35.08,21.07,22.12,20.53,96.77,55.93,47.02,31.16
236.31,35.08,21.07,22.12,20.53,97.14,55.79,47.02,31.16
236.32,35.01,21.04,22.12,20.53,96.77,55.79,46.91,31.16
236.33,35.01,21.04,22.12,20.50,96.77,55.93,47.02,31.16
236.34,35.08,21.07,22.12,20.53,97.14,55.93,47.02,31.21
236.35,35.08,21.07,22.12,20.53,97.14,55.93,47.02,31.16
236.36,35.08,21.07,22.12,20.53,97.14,55.79,46.91,31.16
236.37,35.01,21.07,22.12,20.53,96.77,55.93,47.02,31.16
236.38,35.08,21.04,22.12,20.50,96.77,55.93,46.91,31.16
236.39,35.01,21.10,22.12,20.53,97.14,55.93,47.12,31.16
236.40,35.01,21.07,22.12,20.50,97.14,55.93,47.02,31.16
236.41,35.08,21.07,22.12,20.53,97.14,55.93,47.02,31.16
236.42,35.08,21.07,22.12,20.53,96.77,55.93,47.02,31.16
236.43,35.08,21.07,22.09,20.53,97.51,55.93,47.02,31.16
236.44,35.01,21.07,22.12,20.53,97.14,55.93,47.02,31.16
236.45,35.01,21.07,22.12,20.53,97.14,55.93,46.91,31.16
236.46,35.01,21.07,22.12,20.53,96.77,55.93,47.02,31.16
236.47,35.08,21.04,22.12,20.53,96.77,55.93,46.91,31.16
236.48,35.08,21.07,22.12,20.53,96.77,55.79,46.91,31.16
236.49,35.15,21.10,22.12,20.53,97.14,56.07,47.02,31.16
236.50,35.08,21.07,22.12,20.53,97.14,55.65,47.02,31.11
236.51,35.01,21.07,22.12,20.53,97.14,55.93,47.02,31.16
236.52,35.01,21.07,22.12,20.53,96.77,55.93,47.02,31.16
236.53,35.08,21.07,22.12,20.53,97.14,55.93,47.02,31.16
236.54,35.08,21.10,22.12,20.50,96.77,55.93,47.02,31.16
236.55,35.01,21.07,22.12,20.53,97.14,55.93,47.12,31.16
236.56,35.08,21.10,22.12,20.53,97.14,55.93,47.02,31.16
236.57,35.08,21.07,22.12,20.53,96.77,55.79,47.02,31.16
236.58,35.15,21.07,22.12,20.53,97.14,55.93,47.02,31.16
236.59,35.15,21.10,22.12,20.53,97.14,55.93,47.02,31.21
236.60,35.08,21.10,22.12,20.53,97.14,55.93,47.02,31.16
236.61,35.08,21.07,22.12,20.53,96.77,55.93,47.02,31.16
236.62,35.15,21.07,22.12,20.53,96.77,55.93,47.02,31.16
236.63,35.01,21.07,22.12,20.53,96.77,55.93,47.02,31.16
236.64,35.08,21.07,22.15,20.53,97.14,55.93,47.02,31.21
236.65,35.01,21.07,22.12,20.53,96.77,55.93,47.02,31.21
236.66,35.08,21.07,22.15,20.53,96.77,55.93,47.02,31.16
236.67,35.08,21.07,22.09,20.53,97.14,55.93,47.02,31.16
236.68,35.01,21.07,22.12,20.53,97.14,55.93,47.02,31.21
236.69,35.08,21.07,22.12,20.53,96.77,55.93,47.02,31.16
236.70,35.15,21.07,22.12,20.53,97.14,55.93,47.02,31.16
236.71,35.01,21.07,22.12,20.53,97.14,55.93,47.02,31.16
236.72,35.08,21.07,22.12,20.53,97.14,55.93,47.02,31.16
236.73,35.01,21.07,22.12,20.53,96.77,55.93,46.91,31.21
236.74,35.08,21.10,22.12,20.53,97.51,55.93,47.02,31.16
236.75,35.15,21.07,22.12,20.53,96.77,55.93,46.91,31.16
236.76,35.08,21.07,22.12,20.53,97.14,55.93,47.12,31.16
236.77,35.15,21.07,22.12,20.53,97.14,55.79,47.02,31.21
236.78,35.01,21.07,22.12,20.53,97.14,55.79,47.02,31.16
236.79,35.08,21.10,22.15,20.53,97.14,55.93,47.02,31.16
236.80,35.08,21.10,22.12,20.53,97.14,55.93,47.02,31.16
236.81,35.08,21.07,22.12,20.53,97.14,55.93,47.02,31.16
236.82,35.08,21.07,22.12,20.53,96.77,55.79,47.02,31.16
236.83,35.01,21.07,22.12,20.53,96.77,55.79,47.02,31.16
236.84,35.15,21.07,22.12,20.53,97.14,55.79,47.02,31.16
236.85,35.08,21.10,22.15,20.53,97.14,55.93,47.02,31.16
236.86,35.08,21.07,22.12,20.53,97.14,55.79,47.02,31.16
236.87,35.08,21.07,22.12,20.53,97.14,55.93,47.02,31.16
236.88,35.08,21.07,22.12,20.53,96.77,55.93,47.02,31.16
236.89,35.01,21.07,22.12,20.53,97.14,55.93,47.12,31.16
236.90,35.08,21.07,22.12,20.53,97.14,55.93,47.02,31.16
236.91,35.15,21.07,22.12,20.53,97.14,55.93,47.02,31.21
236.92,35.08,21.07,22.15,20.53,97.14,55.93,47.02,31.16
236.93,35.08,21.10,22.12,20.53,97.14,55.93,47.02,31.21
236.94,35.08,21.10,22.12,20.53,97.14,55.93,47.02,31.21
236.95,35.08,21.10,22.15,20.53,97.14,55.93,47.02,31.16
236.96,35.08,21.07,22.12,20.53,97.14,56.07,47.02,31.21
236.97,35.08,21.07,22.12,20.53,97.14,55.93,47.02,31.21
236.98,35.08,21.07,22.12,20.53,97.14,55.93,47.02,31.21
236.99,35.08,21.10,22.12,20.53,97.14,55.93,47.02,31.21
237.00,35.08,21.10,22.12,20.53,97.14,55.93,47.02,31.11
237.01,35.15,21.07,22.12,20.53,96.77,55.93,47.02,31.21
237.02,35.08,21.07,22.12,20.53,97.14,55.93,47.02,31.16
237.03,35.08,21.07,22.12,20.53,97.14,55.93,47.02,31.16
237.04,35.08,21.10,22.15,20.53,97.14,55.93,47.02,31.21
237.05,35.08,21.10,22.15,20.53,97.14,55.93,47.02,31.21
237.06,35.08,21.07,22.12,20.53,96.77,55.93,47.02,31.21
237.07,35.01,21.07,22.12,20.53,97.14,55.93,47.02,31.21
237.08,35.01,21.07,22.12,20.53,97.14,55.93,47.12,31.21
237.09,35.08,21.10,22.15,20.53,97.14,55.93,47.02,31.21
237.10,35.08,21.10,22.12,20.53,97.14,55.93,47.02,31.21
237.11,35.08,21.07,22.15,20.53,97.14,55.93,47.02,31.21
237.12,35.08,21.07,22.12,20.53,96.77,55.93,47.02,31.21
237.13,35.15,21.10,22.12,20.53,97.14,55.93,47.02,31.21
237.14,35.08,21.10,22.15,20.53,97.14,55.93,47.02,31.21
237.15,35.08,21.10,22.15,20.56,97.14,55.93,47.02,31.21
237.16,35.15,21.10,22.12,20.53,97.14,55.93,47.02,31.21
237.17,35.01,21.07,22.12,20.53,97.14,55.93,47.02,31.21
237.18,35.08,21.10,22.12,20.53,97.14,55.93,47.02,31.16
237.19,35.08,21.07,22.15,20.53,97.14,55.93,47.02,31.21
237.20,35.15,21.10,22.15,20.53,97.14,55.93,47.02,31.21
237.21,35.08,21.07,22.15,20.53,97.14,55.93,47.02,31.21
237.22,35.08,21.07,22.12,20.53,97.14,55.93,47.02,31.16
237.23,35.15,21.07,22.15,20.53,97.14,55.93,47.02,31.21
237.24,35.08,21.10,22.15,20.53,96.77,56.07,47.02,31.21
237.25,35.01,21.07,22.15,20.53,97.14,55.93,47.02,31.21
237.26,35.08,21.07,22.12,20.53,97.14,55.93,47.02,31.21
237.27,35.01,21.07,22.12,20.53,97.14,55.93,47.02,31.21
237.28,35.08,21.07,22.15,20.53,97.14,55.93,47.02,31.21
237.29,35.08,21.10,22.15,20.53,97.14,55.93,47.02,31.21
237.30,35.15,21.10,22.15,20.53,97.14,55.93,47.12,31.21
237.31,35.08,21.07,22.12,20.53,96.77,55.93,47.02,31.21
237.32,35.08,21.07,22.12,20.53,97.14,55.93,47.02,31.27
237.33,35.08,21.07,22.15,20.53,97.14,55.93,47.02,31.21
237.34,35.08,21.10,22.15,20.53,97.14,56.07,47.12,31.21
237.35,35.08,21.07,22.15,20.53,97.14,55.93,47.02,31.21
237.36,35.08,21.07,22.15,20.53,97.14,55.93,47.02,31.21
237.37,35.08,21.07,22.12,20.53,96.77,55.93,47.02,31.21
237.38,35.08,21.07,22.12,20.53,97.14,55.93,47.02,31.21
237.39,35.15,21.10,22.15,20.53,97.14,55.93,47.02,31.21
237.40,35.15,21.10,22.15,20.56,97.14,55.93,47.02,31.21
237.41,35.08,21.10,22.15,20.53,97.14,55.93,47.12,31.21
237.42,35.15,21.07,22.12,20.53,97.14,55.93,47.12,31.21
237.43,35.08,21.10,22.15,20.53,96.77,55.93,47.12,31.21
237.44,35.08,21.10,22.15,20.53,97.14,55.93,47.02,31.21
237.45,35.08,21.10,22.15,20.53,97.14,55.93,47.12,31.21
237.46,35.08,21.07,22.15,20.53,97.14,55.93,47.02,31.21
237.47,35.08,21.07,22.12,20.53,97.14,55.93,47.02,31.21
237.48,35.15,21.07,22.15,20.53,97.14,55.93,47.12,31.21
237.49,35.08,21.10,22.15,20.53,97.14,55.93,47.12,31.21
237.50,35.15,21.10,22.15,20.53,97.14,55.93,47.12,31.21
237.51,35.15,21.10,22.15,20.53,97.14,56.07,47.02,31.21
237.52,35.08,21.10,22.15,20.53,96.77,55.93,47.02,31.21
237.53,35.08,21.10,22.15,20.53,97.14,55.93,47.12,31.21
237.54,35.08,21.10,22.19,20.53,97.14,55.93,47.12,31.21
237.55,35.08,21.10,22.15,20.53,97.14,56.07,47.12,31.21
237.56,35.15,21.10,22.15,20.53,96.77,55.93,47.02,31.16
237.57,35.15,21.07,22.15,20.53,97.14,56.07,47.12,31.21
237.58,35.15,21.10,22.15,20.53,97.14,56.07,47.12,31.21
237.59,35.15,21.10,22.19,20.53,97.14,56.07,47.02,31.21
237.60,35.08,21.13,22.15,20.53,97.14,55.93,47.12,31.21
237.61,35.08,21.10,22.15,20.53,97.14,55.93,47.02,31.27
237.62,35.08,21.07,22.15,20.53,97.14,55.93,47.12,31.21
237.63,35.08,21.10,22.15,20.53,97.14,55.93,47.02,31.27
237.64,35.08,21.10,22.15,20.53,97.14,56.07,47.12,31.21
237.65,35.08,21.13,22.15,20.53,97.14,55.93,47.12,31.21
237.66,35.08,21.10,22.15,20.53,97.14,56.07,47.02,31.27
237.67,35.08,21.07,22.15,20.53,97.14,55.93,47.12,31.21
237.68,35.08,21.10,22.15,20.53,97.14,55.93,47.12,31.21
237.69,35.15,21.10,22.15,20.53,97.14,55.93,47.12,31.27
237.70,35.08,21.10,22.19,20.53,97.14,55.93,47.12,31.21
237.71,35.15,21.10,22.15,20.53,97.14,55.93,47.12,31.27
237.72,35.08,21.10,22.15,20.53,97.14,55.93,47.12,31.27
237.73,35.15,21.10,22.15,20.53,97.14,56.07,47.12,31.21
237.74,35.08,21.10,22.15,20.53,97.14,55.93,47.12,31.16
237.75,35.08,21.10,22.15,20.53,97.14,56.21,47.12,31.27
237.76,35.08,21.10,22.15,20.53,97.14,55.93,47.12,31.21
237.77,35.08,21.10,22.15,20.53,97.14,56.07,47.12,31.16
237.78,35.08,21.10,22.15,20.53,97.14,56.07,47.12,31.27
237.79,35.21,21.10,22.15,20.53,97.14,55.93,47.12,31.27
237.80,35.08,21.10,22.15,20.53,97.14,56.07,47.12,31.27
237.81,35.01,21.10,22.15,20.53,97.14,55.79,47.12,31.21
237.82,35.15,21.10,22.15,20.53,97.14,55.93,47.12,31.27
237.83,35.08,21.10,22.19,20.53,97.14,55.93,47.02,31.27
237.84,35.15,21.13,22.19,20.53,97.14,55.93,47.12,31.21
237.85,35.15,21.10,22.15,20.53,97.14,56.07,47.12,31.27
237.86,35.15,21.10,22.15,20.53,97.14,56.07,47.12,31.27
237.87,35.08,21.10,22.15,20.53,97.14,55.93,47.02,31.27
237.88,35.15,21.10,22.19,20.53,97.14,56.07,47.12,31.21
237.89,35.15,21.10,22.19,20.56,97.14,55.93,47.12,31.27
237.90,35.21,21.10,22.19,20.53,97.14,55.93,47.12,31.27
237.91,35.08,21.10,22.15,20.53,97.14,55.93,47.12,31.27
237.92,35.01,21.10,22.15,20.53,97.14,55.93,47.12,31.21
237.93,35.08,21.10,22.19,20.53,97.14,55.93,47.12,31.27
237.94,35.15,21.13,22.19,20.53,97.14,55.93,47.12,31.27
237.95,35.15,21.13,22.15,20.53,97.14,56.07,47.12,31.21
237.96,35.15,21.10,22.19,20.53,97.14,55.93,47.02,31.27
237.97,35.08,21.10,22.15,20.56,97.14,55.93,46.91,31.27
237.98,35.08,21.07,22.15,20.53,97.51,55.93,47.22,31.27
237.99,35.15,21.10,22.19,20.53,96.77,55.93,47.02,31.27
238.00,35.08,21.10,22.19,20.56,97.14,56.07,47.22,31.27
238.01,35.08,21.10,22.15,20.53,97.14,56.07,47.02,31.27
238.02,35.08,21.10,22.15,20.56,97.14,55.93,47.33,31.27
238.03,35.08,21.10,22.19,20.56,97.14,55.93,47.12,31.27
238.04,35.08,21.10,22.19,20.56,97.14,56.07,47.12,31.27
238.05,35.08,21.10,22.19,20.53,97.14,55.93,47.12,31.27
238.06,35.15,21.10,22.19,20.56,97.14,55.93,47.12,31.27
238.07,35.15,21.10,22.19,20.56,97.14,55.93,47.12,31.27
238.08,35.08,21.10,22.19,20.56,97.14,55.93,47.12,31.27
238.09,35.15,21.10,22.19,20.53,97.14,56.07,47.12,31.27
238.10,35.15,21.10,22.19,20.53,97.14,55.93,47.12,31.27
238.11,35.08,21.10,22.15,20.53,97.14,55.93,47.02,31.27
238.12,35.08,21.10,22.15,20.53,97.14,55.93,47.12,31.27
238.13,35.15,21.10,22.19,20.53,97.14,55.93,47.02,31.27
238.14,35.21,21.13,22.19,20.56,97.14,56.07,47.12,31.27
238.15,35.15,21.10,22.19,20.53,97.14,55.93,47.12,31.27
238.16,35.08,21.10,22.19,20.53,97.14,55.93,47.12,31.27
238.17,35.15,21.10,22.15,20.53,97.14,55.93,47.12,31.27
238.18,35.15,21.10,22.15,20.56,97.14,55.93,47.12,31.27
238.19,35.15,21.13,22.15,20.56,97.14,56.07,47.12,31.32
238.20,35.21,21.10,22.19,20.53,97.14,55.93,47.12,31.27
238.21,35.08,21.10,22.15,20.56,97.14,55.93,47.02,31.27
238.22,35.08,21.10,22.15,20.53,97.14,55.93,47.12,31.27
238.23,35.15,21.10,22.15,20.53,97.14,55.93,47.12,31.27
238.24,35.15,21.10,22.19,20.53,97.14,56.07,47.12,31.27
238.25,35.08,21.10,22.19,20.53,97.14,55.93,47.12,31.27
238.26,35.08,21.07,22.15,20.56,97.14,55.93,47.12,31.27
238.27,35.01,21.10,22.15,20.53,97.14,55.93,47.12,31.27
238.28,35.15,21.10,22.15,20.56,97.14,56.07,47.12,31.27
238.29,35.15,21.13,22.19,20.53,97.14,55.93,47.02,31.27
238.30,35.15,21.10,22.19,20.53,97.14,56.07,47.12,31.27
238.31,35.01,21.10,22.15,20.53,97.14,55.93,47.12,31.27
238.32,35.08,21.10,22.15,20.53,97.14,55.79,47.12,31.27
238.33,35.08,21.10,22.15,20.56,97.14,55.93,47.12,31.27
238.34,35.15,21.10,22.19,20.56,97.14,55.93,47.12,31.27
238.35,35.15,21.10,22.15,20.56,97.14,55.93,47.12,31.27
238.36,35.08,21.07,22.15,20.53,97.14,55.93,47.02,31.27
238.37,35.15,21.07,22.15,20.53,97.14,55.93,47.12,31.27
238.38,35.15,21.10,22.15,20.56,97.14,55.93,47.12,31.27
238.39,35.15,21.13,22.19,20.56,97.14,55.93,47.12,31.27
238.40,35.15,21.10,22.15,20.56,97.14,56.07,47.12,31.27
238.41,35.15,21.10,22.15,20.56,97.14,55.93,47.12,31.27
238.42,35.08,21.07,22.15,20.56,97.14,55.93,47.12,31.27
238.43,35.08,21.10,22.19,20.53,97.14,55.93,47.12,31.27
238.44,35.15,21.10,22.19,20.56,97.14,56.07,47.12,31.32
238.45,35.15,21.10,22.15,20.56,97.14,55.93,47.12,31.27
238.46,35.08,21.10,22.15,20.53,97.14,55.93,47.12,31.27
238.47,35.15,21.10,22.15,20.56,97.14,56.07,47.12,31.27
238.48,35.08,21.07,22.15,20.56,97.14,55.93,47.12,31.32
238.49,35.08,21.10,22.19,20.53,97.14,56.07,47.12,31.27
238.50,35.08,21.10,22.19,20.53,97.14,56.07,47.12,31.27
238.51,35.15,21.10,22.15,20.53,97.14,55.93,47.12,31.32
238.52,35.08,21.10,22.15,20.53,97.14,55.93,47.12,31.27
238.53,35.08,21.10,22.19,20.53,97.14,55.93,47.12,31.27
238.54,35.15,21.10,22.19,20.56,97.14,55.93,47.12,31.27
238.55,35.08,21.10,22.19,20.53,97.14,56.07,47.12,31.27
238.56,35.08,21.10,22.15,20.56,97.14,55.93,47.12,31.27
238.57,35.01,21.10,22.15,20.56,97.14,55.93,47.12,31.32
238.58,35.15,21.10,22.19,20.56,97.14,55.93,47.12,31.27
238.59,35.15,21.13,22.19,20.56,97.14,55.93,47.12,31.27
238.60,35.15,21.10,22.19,20.56,97.14,56.07,47.12,31.27
238.61,35.15,21.13,22.15,20.53,97.14,55.93,47.12,31.27
238.62,35.08,21.07,22.15,20.56,97.14,55.93,47.12,31.32
238.63,35.08,21.10,22.15,20.53,97.14,55.93,47.12,31.27
238.64,35.08,21.13,22.19,20.56,97.14,56.07,47.12,31.32
238.65,35.15,21.10,22.19,20.53,97.14,55.93,47.12,31.27
238.66,35.08,21.10,22.19,20.56,97.14,55.93,47.12,31.32
238.67,35.15,21.10,22.15,20.56,97.14,55.93,47.02,31.27
238.68,35.08,21.10,22.19,20.56,97.14,55.93,47.12,31.32
238.69,35.08,21.10,22.15,20.56,97.14,56.07,47.12,31.27
238.70,35.15,21.10,22.19,20.56,97.14,56.07,47.12,31.27
238.71,35.08,21.10,22.19,20.56,97.14,56.07,47.22,31.27
238.72,35.08,21.10,22.15,20.53,97.14,55.93,47.02,31.32
238.73,35.08,21.10,22.19,20.56,97.14,55.93,47.12,31.27
238.74,35.15,21.13,22.19,20.56,97.14,56.07,47.12,31.27
238.75,35.15,21.10,22.19,20.56,97.14,55.93,47.12,31.27
238.76,35.08,21.10,22.15,20.53,97.14,56.07,47.12,31.27
238.77,35.08,21.10,22.15,20.56,97.14,55.93,47.02,31.32
238.78,35.08,21.10,22.15,20.56,97.14,56.07,47.12,31.32
238.79,35.15,21.10,22.19,20.56,97.14,55.93,47.12,31.32
238.80,35.15,21.13,22.19,20.56,97.14,56.07,47.12,31.27
238.81,35.15,21.10,22.15,20.53,97.14,56.07,47.12,31.27
238.82,35.08,21.10,22.15,20.56,97.14,55.93,47.12,31.27
238.83,35.15,21.10,22.19,20.56,97.14,55.93,47.12,31.32
238.84,35.15,21.10,22.19,20.53,97.14,55.93,47.12,31.32
238.85,35.08,21.10,22.19,20.56,97.14,56.07,47.22,31.32
238.86,35.15,21.07,22.15,20.53,97.14,55.93,47.12,31.32
238.87,35.08,21.10,22.15,20.53,97.14,55.93,47.12,31.27
238.88,35.08,21.10,22.19,20.56,97.14,56.07,47.12,31.27
238.89,35.15,21.16,22.19,20.56,97.14,56.07,47.12,31.32
238.90,35.08,21.10,22.19,20.53,97.14,55.93,47.12,31.32
238.91,35.15,21.13,22.19,20.56,97.14,55.93,47.22,31.32
238.92,35.08,21.10,22.15,20.56,97.14,56.07,47.12,31.32
238.93,35.21,21.07,22.19,20.53,97.14,56.07,47.12,31.32
238.94,35.08,21.13,22.19,20.56,97.14,56.07,47.12,31.32
238.95,35.15,21.10,22.19,20.56,97.14,55.93,47.12,31.32
238.96,35.15,21.10,22.15,20.56,97.14,55.93,47.12,31.32
238.97,35.15,21.10,22.19,20.56,97.14,56.07,47.12,31.32
238.98,35.15,21.10,22.19,20.56,97.14,55.79,47.12,31.27
238.99,35.15,21.13,22.19,20.56,97.14,56.07,47.22,31.32
239.00,35.15,21.10,22.19,20.56,97.14,55.79,47.12,31.32
239.01,35.15,21.07,22.15,20.56,97.14,55.93,47.12,31.32
239.02,35.15,21.07,22.15,20.56,97.14,55.93,47.22,31.32
239.03,35.15,21.10,22.15,20.56,97.14,55.93,47.12,31.27
239.04,35.15,21.10,22.19,20.56,97.14,55.93,47.12,31.32
239.05,35.08,21.10,22.19,20.56,97.14,56.07,47.12,31.32
239.06,35.15,21.10,22.19,20.56,97.14,55.93,47.02,31.27
239.07,35.08,21.10,22.15,20.56,97.14,55.93,47.22,31.27
239.08,35.15,21.10,22.19,20.56,97.14,55.93,47.12,31.32
239.09,35.15,21.10,22.19,20.56,97.14,55.93,47.22,31.32
239.10,35.15,21.10,22.19,20.56,97.14,55.93,47.22,31.32
239.11,35.08,21.10,22.19,20.56,97.14,55.93,47.12,31.32
239.12,35.21,21.07,22.15,20.56,97.14,56.07,47.12,31.32
239.13,35.08,21.10,22.15,20.56,97.14,55.93,47.22,31.32
239.14,35.21,21.10,22.19,20.56,97.14,55.93,47.12,31.32
239.15,35.08,21.10,22.19,20.56,97.14,55.93,47.22,31.32
239.16,35.08,21.10,22.19,20.56,97.14,55.93,47.12,31.32
239.17,35.15,21.10,22.15,20.56,97.14,56.07,47.12,31.32
239.18,35.08,21.10,22.19,20.56,96.77,55.93,47.12,31.32
239.19,35.08,21.10,22.19,20.53,97.14,55.93,47.12,31.32
239.20,35.08,21.10,22.19,20.56,96.77,55.93,47.12,31.32
239.21,35.08,21.10,22.19,20.56,97.14,55.93,47.12,31.32
239.22,35.08,21.10,22.15,20.56,97.14,55.93,47.12,31.32
239.23,35.08,21.10,22.15,20.56,96.77,55.93,47.12,31.32
239.24,35.08,21.13,22.19,20.56,97.14,55.93,47.22,31.32
239.25,35.15,21.10,22.19,20.56,96.77,55.93,47.02,31.32
239.26,35.08,21.10,22.15,20.53,96.77,55.93,47.22,31.32
239.27,35.15,21.07,22.15,20.56,97.14,55.93,47.12,31.32
239.28,35.08,21.10,22.19,20.53,97.14,55.93,47.12,31.32
239.29,35.21,21.10,22.19,20.56,97.14,56.07,47.12,31.32
239.30,35.15,21.10,22.19,20.56,97.14,55.93,47.22,31.32
239.31,35.15,21.10,22.19,20.56,97.14,55.93,47.12,31.32
239.32,35.08,21.10,22.15,20.56,97.14,56.07,47.12,31.32
239.33,35.01,21.10,22.19,20.56,97.14,56.07,47.12,31.32
239.34,35.15,21.10,22.19,20.56,97.14,55.93,47.12,31.32
239.35,35.15,21.13,22.19,20.56,97.14,55.93,47.22,31.32
239.36,35.08,21.10,22.15,20.56,96.77,55.93,47.12,31.32
239.37,35.08,21.10,22.15,20.56,97.14,56.07,47.12,31.32
239.38,35.08,21.10,22.19,20.56,97.14,56.07,47.12,31.32
239.39,35.15,21.13,22.19,20.56,97.14,56.07,47.22,31.32
239.40,35.08,21.13,22.15,20.56,96.77,55.93,47.12,31.32
239.41,35.08,21.10,22.19,20.56,97.14,55.93,47.12,31.38
239.42,35.01,21.10,22.15,20.56,97.14,55.93,47.12,31.32
239.43,35.08,21.10,22.15,20.56,97.14,55.93,47.12,31.32
239.44,35.08,21.10,22.19,20.56,97.14,56.07,47.12,31.32
239.45,35.08,21.10,22.19,20.56,97.14,56.07,47.12,31.32
239.46,35.15,21.10,22.19,20.56,97.14,55.93,47.12,31.32
239.47,35.01,21.07,22.19,20.56,97.14,55.93,47.12,31.38
239.48,35.08,21.10,22.19,20.56,97.14,55.93,47.12,31.38
239.49,35.08,21.10,22.19,20.56,97.14,56.07,47.12,31.32
239.50,35.15,21.10,22.19,20.56,97.14,55.93,47.12,31.32
239.51,35.08,21.10,22.19,20.56,97.14,55.93,47.12,31.38
239.52,35.01,21.10,22.15,20.56,97.14,55.93,47.12,31.32
239.53,35.08,21.10,22.19,20.56,97.14,55.93,47.12,31.32
239.54,35.15,21.10,22.19,20.56,97.14,56.07,47.22,31.32
239.55,35.08,21.10,22.19,20.56,97.14,55.93,47.12,31.32
239.56,35.08,21.10,22.19,20.56,97.14,55.93,47.12,31.32
239.57,35.15,21.07,22.19,20.56,97.14,55.93,47.12,31.32
239.58,35.08,21.10,22.19,20.56,97.14,55.93,47.12,31.32
239.59,35.08,21.10,22.19,20.56,97.14,55.93,47.22,31.32
239.60,35.08,21.10,22.19,20.56,97.14,55.93,47.12,31.32
239.61,35.15,21.10,22.15,20.56,97.14,56.07,47.12,31.32
239.62,35.08,21.10,22.15,20.53,97.14,55.93,47.12,31.32
239.63,35.15,21.07,22.15,20.56,97.14,56.07,47.12,31.32
239.64,35.08,21.10,22.19,20.56,97.14,56.07,47.12,31.38
239.65,35.15,21.10,22.19,20.56,97.14,55.93,47.12,31.32
239.66,35.08,21.10,22.15,20.56,97.14,56.07,47.12,31.32
239.67,35.01,21.07,22.19,20.56,97.14,55.93,47.12,31.32
239.68,35.01,21.10,22.19,20.56,97.14,56.07,47.12,31.32
239.69,35.08,21.10,22.19,20.56,97.51,56.07,47.12,31.32
239.70,35.15,21.10,22.15,20.56,97.14,55.93,47.22,31.32
239.71,35.08,21.07,22.15,20.56,97.14,55.93,47.12,31.38
239.72,35.01,21.10,22.19,20.56,97.14,55.93,47.12,31.38
239.73,35.08,21.10,22.15,20.56,97.14,56.07,47.12,31.32
239.74,35.08,21.10,22.19,20.56,97.14,55.93,47.12,31.38
239.75,35.08,21.10,22.15,20.56,97.14,55.93,47.22,31.32
239.76,35.08,21.07,22.15,20.56,97.14,55.93,47.12,31.32
239.77,35.01,21.07,22.19,20.56,97.14,55.93,47.12,31.32
239.78,35.08,21.10,22.15,20.56,96.77,56.07,47.12,31.32
239.79,35.08,21.10,22.19,20.56,97.14,55.93,47.12,31.38
239.80,35.08,21.10,22.19,20.56,97.14,55.93,47.12,31.38
239.81,35.08,21.07,22.15,20.56,97.14,55.93,47.12,31.38
239.82,35.08,21.07,22.15,20.56,97.14,55.93,47.12,31.38
239.83,35.15,21.10,22.19,20.56,97.14,55.93,47.22,31.38
239.84,35.15,21.10,22.19,20.56,97.14,56.07,47.12,31.32
239.85,35.08,21.10,22.19,20.56,97.14,55.93,47.12,31.32
239.86,35.08,21.10,22.15,20.56,97.14,55.93,47.12,31.32
239.87,35.08,21.07,22.15,20.56,97.14,55.93,47.12,31.38
239.88,35.08,21.10,22.19,20.56,97.14,55.93,47.12,31.38
239.89,35.08,21.10,22.19,20.56,97.14,56.07,47.12,31.38
239.90,35.08,21.10,22.19,20.56,97.14,55.93,47.12,31.38
239.91,35.08,21.10,22.19,20.56,97.14,55.93,47.02,31.32
239.92,35.08,21.07,22.15,20.56,97.14,55.93,47.22,31.32
239.93,35.15,21.10,22.19,20.56,97.14,56.07,47.12,31.38
239.94,35.08,21.10,22.19,20.56,97.51,55.93,47.22,31.38
239.95,35.08,21.10,22.19,20.56,97.14,55.93,47.12,31.38
239.96,35.08,21.07,22.19,20.56,97.14,55.93,47.12,31.38
239.97,35.08,21.07,22.15,20.56,97.14,55.79,47.12,31.38
239.98,35.08,21.13,22.19,20.56,97.14,55.93,47.22,31.38
239.99,35.15,21.10,22.19,20.56,97.14,56.07,47.22,31.38
240.00,35.08,21.10,22.19,20.56,97.14,56.07,47.12,31.32
240.01,35.01,21.10,22.15,20.56,97.14,55.93,47.12,31.38
240.02,35.01,21.07,22.15,20.56,97.14,55.93,47.12,31.38
240.03,35.08,21.10,22.19,20.56,97.14,56.07,47.12,31.38
240.04,35.08,21.10,22.19,20.56,97.14,56.07,47.22,31.38
240.05,35.08,21.10,22.19,20.56,97.14,55.93,47.12,31.38
240.06,35.15,21.10,22.15,20.56,97.14,55.93,47.12,31.38
240.07,35.08,21.07,22.19,20.56,97.14,56.07,47.22,31.32
240.08,35.08,21.10,22.19,20.56,97.14,55.93,47.12,31.38
240.09,35.08,21.10,22.15,20.56,97.14,56.07,47.12,31.38
240.10,35.01,21.10,22.19,20.56,97.14,55.93,47.22,31.38
240.11,35.01,21.07,22.15,20.56,97.14,55.93,47.12,31.32
240.12,35.08,21.07,22.15,20.56,97.14,55.93,47.12,31.38
240.13,35.08,21.10,22.19,20.56,97.14,55.93,47.12,31.38
240.14,35.15,21.07,22.19,20.56,97.14,55.93,47.12,31.38
240.15,35.15,21.10,22.19,20.56,97.14,55.93,47.12,31.38
240.16,35.15,21.07,22.19,20.56,97.14,55.93,47.12,31.38
240.17,35.08,21.07,22.19,20.56,97.14,55.93,47.02,31.38
240.18,35.08,21.07,22.19,20.56,97.14,55.93,47.22,31.38
240.19,35.08,21.10,22.19,20.56,97.14,55.93,47.12,31.38
240.20,35.15,21.10,22.19,20.56,97.14,55.93,47.22,31.38
240.21,35.01,21.10,22.15,20.56,97.14,55.93,47.12,31.38
240.22,35.01,21.07,22.19,20.56,97.14,56.07,47.12,31.38
240.23,35.08,21.10,22.19,20.56,97.14,56.07,47.22,31.43
240.24,35.15,21.10,22.19,20.53,97.14,55.93,47.12,31.38
240.25,35.08,21.10,22.19,20.56,97.14,56.07,47.12,31.38
240.26,35.08,21.07,22.15,20.56,97.14,55.79,47.12,31.32
240.27,35.08,21.10,22.15,20.56,97.14,55.93,47.12,31.43
240.28,35.08,21.10,22.19,20.56,97.14,55.93,47.22,31.38
240.29,35.08,21.10,22.19,20.56,97.14,55.93,47.22,31.38
240.30,35.15,21.10,22.15,20.56,97.14,55.93,47.12,31.38
240.31,35.08,21.07,22.19,20.56,97.14,56.07,47.12,31.38
240.32,35.15,21.10,22.15,20.56,97.14,56.07,47.12,31.38
240.33,35.08,21.07,22.19,20.59,97.14,55.93,47.12,31.38
240.34,35.08,21.10,22.19,20.56,97.14,55.93,47.12,31.38
240.35,35.15,21.10,22.19,20.56,97.14,56.07,47.12,31.38
240.36,35.01,21.07,22.19,20.56,97.14,55.93,47.12,31.38
240.37,35.01,21.07,22.15,20.56,97.14,55.93,47.12,31.38
240.38,35.08,21.10,22.19,20.56,97.14,55.93,47.12,31.38
240.39,35.01,21.10,22.15,20.56,97.14,56.07,47.12,31.38
240.40,35.15,21.10,22.19,20.56,97.14,55.93,47.22,31.38
240.41,35.01,21.07,22.15,20.56,97.14,55.93,47.12,31.38
240.42,35.15,21.07,22.19,20.56,97.14,55.93,47.12,31.38
240.43,35.08,21.07,22.15,20.56,97.14,55.93,47.12,31.38
240.44,35.08,21.10,22.19,20.56,97.14,56.07,47.12,31.38
240.45,35.08,21.10,22.19,20.56,97.14,55.93,47.22,31.43
240.46,35.08,21.07,22.15,20.56,96.77,55.93,47.12,31.43
240.47,35.01,21.07,22.15,20.56,97.14,55.93,47.22,31.38
240.48,35.01,21.07,22.15,20.56,97.14,55.93,47.22,31.38
240.49,35.08,21.10,22.19,20.56,96.77,56.07,47.12,31.38
240.50,35.08,21.10,22.19,20.56,97.51,55.93,47.22,31.38
240.51,35.08,21.07,22.15,20.56,96.77,55.93,47.02,31.38
240.52,35.01,21.07,22.15,20.56,96.77,55.93,47.12,31.38
240.53,35.15,21.07,22.15,20.56,97.14,55.93,47.12,31.38
240.54,35.08,21.10,22.19,20.56,97.14,55.93,47.22,31.38
240.55,35.15,21.10,22.19,20.56,97.14,55.93,47.12,31.38
240.56,35.01,21.07,22.19,20.56,97.14,55.93,47.12,31.43
240.57,35.15,21.10,22.15,20.56,97.14,55.93,47.12,31.43
240.58,35.08,21.07,22.15,20.56,97.14,55.93,47.22,31.38
240.59,35.15,21.10,22.19,20.56,97.14,55.93,47.12,31.38
240.60,35.08,21.10,22.15,20.56,97.14,55.93,47.12,31.43
240.61,35.08,21.10,22.15,20.56,97.14,55.93,47.12,31.38
240.62,35.01,21.07,22.15,20.56,97.14,55.93,47.22,31.38
240.63,35.08,21.10,22.15,20.56,97.14,55.93,47.12,31.38
240.64,35.08,21.10,22.19,20.56,97.14,55.93,47.12,31.38
240.65,35.01,21.07,22.19,20.56,97.51,55.93,47.12,31.38
240.66,35.01,21.07,22.19,20.56,97.14,55.93,47.12,31.38
240.67,35.08,21.07,22.15,20.59,97.14,55.93,47.12,31.38
240.68,35.01,21.07,22.15,20.56,97.14,55.79,47.12,31.38
240.69,35.08,21.10,22.19,20.59,97.14,55.93,47.12,31.38
240.70,35.08,21.10,22.15,20.56,97.14,55.93,47.12,31.38
240.71,35.01,21.07,22.19,20.56,97.14,55.93,47.12,31.43
240.72,35.08,21.07,22.15,20.56,97.14,55.93,47.22,31.38
240.73,35.08,21.07,22.19,20.56,97.14,55.93,47.12,31.43
240.74,35.15,21.10,22.19,20.56,97.14,55.93,47.22,31.38
240.75,35.08,21.10,22.19,20.56,97.14,56.07,47.12,31.43
240.76,35.08,21.07,22.15,20.56,97.14,55.93,47.12,31.38
240.77,35.01,21.07,22.15,20.56,97.14,55.93,47.12,31.38
240.78,35.08,21.07,22.15,20.56,97.14,55.93,47.12,31.43
240.79,35.08,21.10,22.19,20.56,97.14,55.93,47.12,31.38
240.80,35.08,21.07,22.19,20.56,97.14,55.93,47.12,31.43
240.81,35.01,21.07,22.15,20.59,97.14,55.93,47.12,31.38
240.82,35.08,21.07,22.15,20.56,97.14,55.93,47.12,31.43
240.83,35.15,21.07,22.15,20.56,97.14,55.93,47.22,31.38
240.84,35.15,21.10,22.19,20.56,97.14,56.07,47.22,31.38
240.85,35.15,21.10,22.19,20.56,97.14,55.93,47.22,31.38
240.86,35.01,21.10,22.15,20.56,97.14,55.93,47.12,31.38
240.87,35.08,21.07,22.15,20.56,97.14,55.93,47.12,31.38
240.88,35.15,21.10,22.15,20.56,97.14,55.93,47.12,31.43
240.89,35.08,21.10,22.19,20.59,97.14,55.93,47.12,31.38
240.90,35.08,21.07,22.19,20.56,97.14,55.93,47.12,31.43
240.91,35.08,21.07,22.15,20.56,97.14,55.93,47.22,31.43
240.92,35.08,21.07,22.19,20.56,96.77,55.93,47.12,31.38
240.93,35.01,21.07,22.15,20.56,97.14,55.93,47.12,31.43
240.94,35.08,21.10,22.19,20.56,97.14,55.93,47.22,31.38
240.95,35.08,21.10,22.19,20.59,97.14,55.93,47.22,31.38
240.96,35.01,21.07,22.19,20.56,97.14,55.93,47.12,31.38
240.97,35.01,21.10,22.19,20.56,97.14,55.93,47.12,31.43
240.98,35.08,21.07,22.19,20.56,97.14,55.93,47.12,31.43
240.99,35.08,21.10,22.19,20.56,97.14,55.93,47.12,31.38
241.00,35.08,21.07,22.19,20.56,97.14,55.93,47.22,31.38
241.01,35.01,21.07,22.19,20.56,97.14,55.93,47.12,31.38
241.02,35.01,21.07,22.15,20.56,97.14,55.93,47.12,31.43
241.03,35.08,21.10,22.15,20.59,97.14,55.93,47.12,31.38
241.04,35.15,21.10,22.19,20.59,97.14,56.07,47.12,31.49
241.05,35.08,21.07,22.19,20.56,97.14,55.93,47.22,31.43
241.06,35.01,21.07,22.15,20.56,97.14,55.93,47.12,31.43
241.07,35.15,21.07,22.19,20.56,97.14,55.93,47.12,31.43
241.08,35.08,21.07,22.19,20.59,97.14,55.93,47.12,31.38
241.09,35.15,21.10,22.19,20.59,97.14,55.93,47.22,31.43
241.10,35.15,21.10,22.19,20.59,97.14,55.93,47.22,31.43
241.11,35.01,21.07,22.15,20.59,97.14,55.93,47.12,31.43
241.12,35.08,21.07,22.15,20.56,97.14,56.07,47.12,31.38
241.13,35.15,21.07,22.19,20.59,97.14,55.93,47.22,31.43
241.14,35.15,21.10,22.19,20.56,97.14,55.93,47.22,31.43
241.15,35.15,21.07,22.19,20.56,97.14,55.93,47.22,31.43
241.16,35.08,21.10,22.19,20.56,97.14,55.93,47.22,31.43
241.17,35.08,21.07,22.15,20.56,97.14,55.93,47.22,31.43
241.18,35.01,21.07,22.15,20.56,97.14,55.93,47.12,31.38
241.19,35.08,21.10,22.19,20.59,97.14,55.93,47.22,31.43
241.20,35.15,21.10,22.19,20.56,97.14,55.93,47.22,31.43
241.21,35.01,21.07,22.15,20.56,97.14,55.93,47.12,31.43
241.22,35.08,21.07,22.19,20.56,97.14,55.93,47.22,31.43
241.23,35.01,21.07,22.19,20.56,97.14,55.93,47.22,31.43
241.24,35.08,21.10,22.19,20.59,97.14,55.93,47.12,31.43
241.25,35.08,21.10,22.19,20.56,97.14,55.93,47.12,31.43
241.26,35.01,21.07,22.15,20.56,97.14,55.93,47.12,31.38
241.27,35.01,21.07,22.15,20.56,96.77,55.93,47.12,31.43
241.28,35.01,21.10,22.19,20.59,97.14,56.07,47.12,31.43
241.29,35.08,21.10,22.19,20.59,97.14,56.07,47.22,31.43
241.30,35.08,21.10,22.19,20.59,97.14,55.93,47.12,31.43
241.31,35.15,21.07,22.19,20.56,97.14,55.93,47.22,31.43
241.32,35.08,21.07,22.15,20.56,97.14,55.79,47.12,31.43
241.33,35.15,21.07,22.15,20.59,97.14,55.93,47.22,31.43
241.34,35.15,21.10,22.19,20.56,97.14,55.93,47.12,31.43
241.35,35.08,21.10,22.19,20.59,97.14,55.93,47.22,31.43
241.36,35.01,21.07,22.19,20.56,97.14,55.93,47.12,31.43
241.37,35.08,21.07,22.15,20.56,97.14,56.07,47.12,31.43
241.38,35.08,21.07,22.19,20.56,97.14,55.93,47.12,31.43
241.39,35.15,21.10,22.19,20.59,97.14,55.93,47.22,31.43
241.40,35.08,21.07,22.19,20.56,97.14,55.93,47.12,31.43
241.41,35.01,21.10,22.15,20.56,97.14,55.93,47.12,31.43
241.42,35.01,21.04,22.19,20.56,97.14,55.93,47.22,31.43
241.43,35.01,21.10,22.19,20.56,97.14,55.93,47.12,31.43
241.44,35.08,21.10,22.19,20.56,97.14,55.93,47.22,31.43
241.45,35.08,21.07,22.19,20.56,97.14,55.93,47.22,31.43
241.46,35.01,21.07,22.15,20.59,97.14,55.93,47.12,31.43
241.47,35.08,21.10,22.15,20.56,97.14,55.93,47.12,31.43
241.48,35.08,21.07,22.19,20.59,97.14,56.07,47.12,31.43
241.49,35.08,21.10,22.19,20.59,97.14,56.07,47.22,31.49
241.50,35.08,21.07,22.19,20.56,97.14,55.79,47.22,31.38
241.51,35.08,21.10,22.19,20.59,97.14,56.21,47.12,31.43
241.52,35.01,21.07,22.15,20.56,97.14,55.93,47.12,31.43
241.53,35.08,21.07,22.19,20.59,97.14,55.93,47.12,31.38
241.54,35.08,21.07,22.19,20.59,97.14,56.07,47.22,31.43
241.55,35.08,21.10,22.19,20.59,97.14,56.07,47.22,31.43
241.56,35.15,21.07,22.15,20.59,97.14,55.93,47.12,31.49
241.57,35.01,21.07,22.15,20.59,97.14,56.07,47.22,31.43
241.58,35.08,21.07,22.19,20.59,97.14,56.07,47.22,31.43
241.59,35.15,21.10,22.19,20.59,97.14,56.07,47.22,31.43
241.60,35.08,21.10,22.19,20.59,97.14,55.93,47.22,31.49
241.61,35.15,21.07,22.19,20.59,97.14,55.93,47.22,31.43
241.62,35.15,21.10,22.15,20.59,97.14,55.93,47.12,31.43
241.63,35.01,21.10,22.19,20.59,97.14,55.93,47.22,31.43
241.64,35.21,21.10,22.22,20.59,97.14,55.93,47.22,31.43
241.65,35.08,21.10,22.19,20.56,97.14,55.93,47.22,31.43
241.66,35.15,21.10,22.19,20.56,97.14,55.93,47.22,31.43
241.67,35.01,21.10,22.15,20.59,97.14,55.93,47.22,31.43
241.68,35.08,21.07,22.19,20.59,97.14,55.93,47.22,31.43
241.69,35.08,21.07,22.19,20.56,97.14,55.93,47.22,31.43
241.70,35.08,21.10,22.19,20.59,97.14,55.93,47.22,31.49
241.71,35.15,21.10,22.19,20.56,97.14,55.93,47.22,31.43
241.72,35.08,21.07,22.19,20.59,97.14,55.93,47.22,31.43
241.73,35.08,21.10,22.19,20.56,97.14,55.93,47.12,31.43
241.74,35.08,21.10,22.19,20.59,97.51,55.93,47.33,31.43
241.75,35.15,21.10,22.19,20.59,97.14,55.93,47.12,31.49
241.76,35.15,21.10,22.19,20.59,97.51,55.93,47.22,31.49
241.77,35.08,21.07,22.19,20.59,97.14,55.93,47.02,31.49
241.78,35.15,21.10,22.15,20.59,97.14,55.93,47.33,31.49
241.79,35.01,21.10,22.22,20.59,97.14,56.07,47.22,31.49
241.80,35.08,21.10,22.19,20.59,97.14,55.93,47.22,31.43
241.81,35.01,21.07,22.19,20.59,97.14,55.93,47.22,31.49
241.82,35.01,21.07,22.15,20.59,97.14,56.07,47.22,31.43
241.83,35.01,21.10,22.19,20.59,97.14,55.93,47.22,31.49
241.84,35.08,21.10,22.19,20.59,97.14,55.93,47.22,31.49
241.85,35.15,21.10,22.19,20.59,97.14,55.93,47.22,31.43
241.86,35.08,21.07,22.19,20.56,97.14,55.93,47.22,31.43
241.87,35.01,21.07,22.19,20.59,97.14,55.93,47.22,31.49
241.88,35.08,21.10,22.19,20.59,97.14,55.93,47.22,31.49
241.89,35.15,21.10,22.19,20.59,97.14,55.93,47.12,31.49
241.90,35.08,21.10,22.22,20.59,97.14,55.93,47.22,31.49
241.91,35.08,21.10,22.19,20.59,97.14,55.93,47.22,31.43
241.92,35.08,21.07,22.19,20.59,97.14,55.93,47.22,31.43
241.93,35.08,21.10,22.19,20.59,97.14,55.93,47.22,31.43
241.94,35.08,21.10,22.19,20.59,97.14,56.07,47.22,31.49
241.95,35.15,21.10,22.19,20.59,97.14,55.93,47.22,31.49
241.96,35.15,21.07,22.19,20.56,97.14,55.93,47.22,31.49
241.97,35.08,21.10,22.19,20.59,97.14,55.93,47.12,31.49
241.98,35.08,21.10,22.19,20.59,97.14,55.93,47.22,31.49
241.99,35.08,21.10,22.19,20.59,97.14,55.93,47.22,31.49
242.00,35.01,21.10,22.19,20.56,97.14,55.93,47.22,31.49
242.01,35.15,21.07,22.19,20.59,97.14,56.07,47.22,31.49
242.02,35.08,21.10,22.19,20.59,97.14,56.07,47.12,31.49
242.03,35.08,21.10,22.19,20.59,97.14,56.07,47.22,31.49
242.04,35.15,21.10,22.19,20.59,97.14,56.07,47.22,31.43
242.05,35.08,21.10,22.19,20.56,97.14,55.93,47.22,31.49
242.06,35.01,21.10,22.19,20.59,97.14,55.93,47.22,31.49
242.07,35.08,21.07,22.19,20.59,97.14,55.93,47.22,31.49
242.08,35.08,21.10,22.19,20.59,97.14,55.93,47.22,31.49
242.09,35.08,21.13,22.22,20.59,97.14,55.93,47.22,31.49
242.10,35.01,21.10,22.22,20.59,97.14,56.07,47.22,31.49
242.11,35.01,21.10,22.19,20.59,97.14,55.93,47.22,31.49
242.12,35.08,21.10,22.19,20.59,97.14,56.07,47.22,31.49
242.13,35.08,21.10,22.19,20.59,97.14,56.07,47.22,31.43
242.14,35.08,21.10,22.22,20.59,97.14,55.93,47.22,31.43
242.15,35.08,21.10,22.19,20.59,97.14,56.07,47.22,31.49
242.16,35.08,21.07,22.19,20.59,97.14,55.93,47.22,31.49
242.17,35.08,21.10,22.19,20.59,97.14,56.07,47.33,31.49
242.18,35.15,21.10,22.19,20.59,97.14,55.93,47.22,31.49
242.19,35.08,21.10,22.19,20.59,97.14,56.07,47.22,31.43
242.20,35.08,21.10,22.19,20.59,97.51,55.93,47.22,31.49
242.21,35.08,21.10,22.19,20.59,97.14,55.93,47.22,31.49
242.22,35.01,21.10,22.19,20.59,97.14,56.07,47.22,31.49
242.23,35.01,21.07,22.19,20.59,97.14,56.07,47.22,31.49
242.24,35.08,21.10,22.22,20.59,97.14,56.07,47.22,31.49
242.25,35.15,21.10,22.19,20.59,97.14,55.93,47.22,31.49
242.26,35.08,21.07,22.19,20.59,97.14,55.93,47.22,31.43
242.27,35.08,21.10,22.19,20.59,97.14,55.93,47.22,31.49
242.28,35.08,21.07,22.19,20.59,97.14,55.93,47.22,31.49
242.29,35.15,21.10,22.19,20.59,97.14,56.07,47.22,31.49
242.30,35.15,21.10,22.19,20.59,97.14,55.93,47.22,31.49
242.31,35.01,21.10,22.19,20.56,97.14,55.93,47.22,31.49
242.32,35.08,21.07,22.19,20.59,97.14,56.07,47.22,31.49
242.33,35.01,21.10,22.19,20.59,97.14,55.93,47.22,31.49
242.34,35.08,21.10,22.19,20.59,97.14,56.07,47.22,31.49
242.35,35.08,21.10,22.22,20.59,97.14,56.07,47.22,31.49
242.36,35.08,21.07,22.19,20.59,97.14,55.93,47.12,31.49
242.37,35.08,21.10,22.19,20.59,97.14,56.07,47.22,31.49
242.38,35.01,21.10,22.19,20.59,97.14,55.93,47.22,31.49
242.39,35.15,21.10,22.19,20.59,97.14,56.07,47.22,31.49
242.40,35.08,21.07,22.19,20.59,97.14,56.07,47.12,31.49
242.41,35.01,21.10,22.19,20.59,97.14,55.93,47.22,31.49
242.42,35.08,21.07,22.19,20.59,97.14,55.93,47.22,31.49
242.43,35.08,21.10,22.19,20.59,97.14,55.93,47.22,31.49
242.44,35.15,21.10,22.22,20.59,97.14,56.07,47.22,31.49
242.45,35.15,21.10,22.19,20.59,97.14,55.93,47.22,31.49
242.46,35.08,21.07,22.19,20.59,97.14,55.93,47.22,31.49
242.47,35.08,21.07,22.19,20.59,97.14,55.93,47.22,31.49
242.48,35.08,21.07,22.19,20.59,97.14,56.07,47.22,31.49
242.49,35.08,21.10,22.19,20.59,97.14,56.07,47.22,31.49
242.50,35.08,21.10,22.22,20.59,97.14,56.07,47.22,31.54
242.51,35.01,21.07,22.19,20.59,97.14,55.93,47.22,31.49
242.52,35.08,21.10,22.19,20.59,97.14,55.93,47.12,31.49
242.53,35.08,21.10,22.19,20.59,97.14,56.07,47.22,31.49
242.54,35.15,21.10,22.19,20.59,97.14,56.07,47.22,31.49
242.55,35.08,21.10,22.19,20.59,97.14,56.07,47.22,31.54
242.56,35.01,21.10,22.19,20.59,97.14,55.93,47.22,31.49
242.57,35.08,21.07,22.19,20.59,97.14,56.07,47.22,31.49
242.58,35.08,21.10,22.19,20.59,97.14,56.07,47.12,31.49
242.59,35.08,21.10,22.19,20.59,97.14,55.93,47.22,31.49
242.60,35.08,21.07,22.19,20.59,97.14,55.93,47.12,31.49
242.61,35.01,21.07,22.19,20.59,97.14,55.93,47.22,31.49
242.62,35.08,21.07,22.15,20.59,97.14,56.07,47.22,31.49
242.63,35.15,21.10,22.19,20.59,97.14,55.93,47.22,31.49
242.64,35.08,21.07,22.19,20.59,97.14,55.93,47.22,31.49
242.65,35.08,21.10,22.19,20.59,97.14,56.07,47.22,31.49
242.66,35.08,21.07,22.19,20.56,97.14,55.93,47.22,31.49
242.67,35.01,21.10,22.15,20.59,97.14,55.93,47.22,31.49
242.68,35.08,21.10,22.19,20.59,97.14,55.93,47.22,31.49
242.69,35.08,21.10,22.19,20.59,97.14,56.07,47.22,31.49
242.70,35.01,21.10,22.19,20.59,97.14,56.07,47.22,31.49
242.71,35.15,21.07,22.19,20.59,97.14,55.93,47.22,31.49
242.72,35.08,21.10,22.19,20.59,97.14,56.07,47.22,31.49
242.73,35.01,21.07,22.19,20.59,97.14,55.93,47.22,31.49
242.74,35.08,21.10,22.19,20.59,97.14,55.93,47.22,31.49
242.75,35.15,21.07,22.19,20.59,97.14,56.07,47.22,31.49
242.76,35.08,21.07,22.19,20.59,97.14,55.79,47.22,31.43
242.77,35.01,21.07,22.19,20.59,97.14,56.07,47.22,31.54
242.78,35.15,21.07,22.19,20.59,97.14,55.93,47.22,31.54
242.79,35.08,21.10,22.19,20.59,97.14,55.93,47.22,31.49
242.80,35.08,21.10,22.19,20.59,97.14,55.93,47.22,31.49
242.81,35.08,21.10,22.19,20.59,97.14,55.93,47.12,31.49
242.82,35.08,21.07,22.19,20.59,97.14,55.93,47.22,31.49
242.83,35.01,21.07,22.19,20.59,97.14,55.93,47.22,31.49
242.84,35.01,21.10,22.19,20.59,97.14,56.07,47.22,31.49
242.85,35.08,21.10,22.19,20.59,97.14,55.93,47.22,31.49
242.86,35.01,21.04,22.19,20.59,97.14,55.93,47.22,31.49
242.87,35.08,21.07,22.19,20.59,97.14,55.93,47.22,31.49
242.88,35.01,21.07,22.19,20.59,97.51,55.93,47.22,31.54
242.89,35.08,21.10,22.22,20.59,97.14,56.07,47.22,31.49
242.90,35.08,21.10,22.19,20.59,97.14,55.93,47.22,31.54
242.91,34.95,21.07,22.19,20.59,97.14,55.93,47.22,31.49
242.92,35.08,21.10,22.19,20.59,97.14,55.93,47.22,31.54
242.93,35.08,21.07,22.15,20.59,97.14,55.93,47.22,31.49
242.94,35.08,21.10,22.19,20.59,97.51,55.93,47.22,31.54
242.95,35.01,21.10,22.19,20.59,97.14,55.93,47.22,31.54
242.96,35.08,21.07,22.19,20.59,97.14,55.93,47.22,31.49
242.97,35.01,21.07,22.19,20.59,97.51,55.93,47.22,31.54
242.98,35.01,21.07,22.19,20.59,97.14,55.93,47.22,31.49
242.99,35.08,21.10,22.19,20.59,97.14,55.93,47.22,31.54
243.00,35.01,21.10,22.19,20.59,96.77,56.07,47.22,31.54
243.01,35.01,21.07,22.19,20.59,97.51,55.93,47.22,31.49
243.02,35.01,21.07,22.19,20.59,97.14,55.93,47.22,31.54
243.03,35.08,21.10,22.19,20.59,97.14,55.93,47.12,31.54
243.04,35.08,21.10,22.19,20.59,97.14,55.93,47.22,31.54
243.05,35.01,21.10,22.19,20.59,97.14,55.93,47.22,31.49
243.06,35.08,21.10,22.19,20.59,97.14,55.93,47.22,31.49
243.07,35.01,21.07,22.19,20.59,97.14,55.93,47.22,31.49
243.08,35.01,21.07,22.19,20.59,97.14,56.07,47.22,31.54
243.09,35.08,21.07,22.19,20.59,97.14,55.93,47.22,31.54
243.10,35.08,21.10,22.19,20.59,97.14,55.93,47.22,31.49
243.11,35.08,21.07,22.19,20.59,97.14,55.93,47.22,31.54
243.12,35.08,21.07,22.19,20.59,97.14,55.93,47.22,31.49
243.13,35.08,21.10,22.19,20.59,97.14,55.93,47.22,31.49
243.14,35.01,21.10,22.22,20.59,97.14,56.07,47.22,31.49
243.15,35.08,21.07,22.19,20.59,97.14,55.93,47.22,31.49
243.16,35.08,21.07,22.19,20.59,97.14,55.93,47.22,31.49
243.17,35.01,21.07,22.19,20.59,97.14,55.93,47.22,31.49
243.18,35.08,21.07,22.19,20.59,97.14,55.93,47.33,31.54
243.19,35.08,21.07,22.19,20.59,97.14,56.07,47.22,31.54
243.20,35.08,21.10,22.19,20.59,97.14,56.07,47.22,31.54
243.21,35.08,21.07,22.19,20.59,97.14,55.93,47.22,31.54
243.22,35.01,21.07,22.19,20.59,97.14,55.93,47.22,31.54
243.23,35.08,21.10,22.19,20.59,97.14,56.07,47.22,31.54
243.24,35.08,21.10,22.19,20.59,97.14,55.93,47.22,31.54
243.25,35.08,21.10,22.19,20.59,97.14,55.93,47.22,31.54
243.26,35.08,21.07,22.19,20.59,97.14,55.93,47.22,31.54
243.27,35.01,21.07,22.19,20.59,97.14,56.07,47.22,31.54
243.28,35.08,21.10,22.19,20.59,97.14,56.07,47.22,31.49
243.29,35.15,21.10,22.22,20.59,97.14,56.07,47.33,31.54
243.30,35.15,21.10,22.22,20.59,97.14,55.93,47.22,31.54
243.31,35.15,21.10,22.19,20.59,97.14,55.93,47.22,31.54
243.32,35.08,21.07,22.19,20.59,97.14,55.93,47.12,31.54
243.33,35.08,21.10,22.19,20.59,97.14,55.93,47.22,31.54
243.34,35.08,21.10,22.19,20.59,97.14,55.93,47.22,31.54
243.35,35.15,21.10,22.19,20.59,97.14,55.93,47.22,31.54
243.36,35.15,21.10,22.19,20.59,97.14,55.93,47.22,31.54
243.37,35.08,21.07,22.19,20.59,97.14,55.93,47.22,31.54
243.38,35.15,21.10,22.19,20.59,97.14,55.93,47.22,31.54
243.39,35.08,21.10,22.22,20.59,97.14,55.93,47.22,31.54
243.40,35.08,21.10,22.19,20.59,97.14,55.93,47.22,31.54
243.41,35.01,21.10,22.22,20.59,97.14,55.93,47.22,31.54
243.42,35.08,21.10,22.19,20.59,97.14,55.93,47.22,31.54
243.43,35.08,21.10,22.19,20.59,97.51,56.07,47.22,31.54
243.44,35.08,21.10,22.22,20.59,97.14,55.93,47.22,31.54
243.45,35.08,21.10,22.19,20.59,97.14,56.07,47.22,31.54
243.46,35.08,21.07,22.19,20.59,97.14,55.93,47.22,31.54
243.47,35.01,21.07,22.19,20.59,97.14,55.93,47.22,31.54
243.48,35.15,21.10,22.19,20.62,97.51,56.07,47.22,31.54
243.49,35.15,21.10,22.22,20.59,97.14,55.93,47.22,31.54
243.50,35.08,21.10,22.22,20.59,97.14,55.93,47.22,31.54
243.51,35.08,21.07,22.19,20.59,97.14,55.93,47.33,31.54
243.52,35.08,21.07,22.19,20.59,97.14,55.93,47.22,31.54
243.53,35.08,21.10,22.22,20.59,97.14,55.93,47.22,31.54
243.54,35.15,21.10,22.22,20.59,97.14,55.93,47.22,31.54
243.55,35.08,21.10,22.19,20.59,97.14,56.07,47.22,31.54
243.56,35.01,21.10,22.19,20.59,97.14,55.93,47.22,31.54
243.57,35.01,21.07,22.19,20.59,97.51,55.93,47.22,31.54
243.58,35.08,21.10,22.22,20.59,97.14,55.93,47.22,31.54
243.59,35.08,21.10,22.22,20.62,97.14,55.93,47.33,31.54
243.60,35.08,21.07,22.22,20.59,97.14,55.93,47.22,31.54
243.61,35.08,21.10,22.19,20.59,97.14,56.07,47.22,31.54
243.62,35.08,21.10,22.19,20.62,97.14,56.07,47.22,31.54
243.63,35.08,21.10,22.22,20.59,97.14,55.93,47.22,31.60
243.64,35.15,21.10,22.22,20.59,97.14,55.93,47.22,31.54
243.65,35.08,21.10,22.22,20.59,97.14,55.93,47.33,31.54
243.66,35.08,21.07,22.22,20.59,97.14,56.07,47.33,31.60
243.67,35.08,21.10,22.22,20.59,97.14,56.07,47.22,31.54
243.68,35.08,21.10,22.19,20.59,97.14,56.07,47.22,31.54
243.69,35.08,21.10,22.22,20.59,97.14,56.07,47.33,31.54
243.70,35.08,21.10,22.22,20.59,97.14,55.93,47.22,31.54
243.71,35.08,21.10,22.19,20.59,97.14,55.93,47.22,31.54
243.72,35.08,21.10,22.19,20.59,97.14,56.07,47.22,31.54
243.73,35.08,21.10,22.22,20.59,97.14,55.93,47.22,31.54
243.74,35.08,21.10,22.22,20.62,97.14,56.07,47.22,31.54
243.75,35.08,21.10,22.22,20.59,97.14,56.07,47.22,31.54
243.76,35.08,21.10,22.22,20.62,97.14,55.93,47.22,31.54
243.81,35.08,21.10,22.19,20.62,97.14,55.93,47.22,31.54
243.82,35.08,21.10,22.22,20.62,97.14,56.07,47.22,31.54
243.83,35.08,21.10,22.22,20.59,97.14,56.07,47.22,31.54
243.84,35.08,21.10,22.22,20.59,97.14,56.07,47.22,31.54
243.85,35.15,21.10,22.19,20.59,97.14,56.07,47.22,31.54
243.86,35.15,21.10,22.22,20.59,97.14,55.93,47.22,31.54
243.88,35.01,21.10,22.22,20.59,97.14,56.07,47.22,31.54
243.89,35.08,21.10,22.22,20.62,97.14,55.93,47.33,31.60
243.90,35.15,21.10,22.22,20.59,97.51,55.93,47.22,31.54
243.91,35.01,21.10,22.19,20.62,97.14,56.07,47.33,31.54
243.92,35.15,21.10,22.19,20.62,97.14,55.93,47.22,31.54
243.93,35.15,21.10,22.22,20.59,97.51,56.07,47.33,31.54
243.94,35.08,21.13,22.22,20.59,97.14,56.07,47.33,31.54
243.95,35.15,21.13,22.22,20.59,97.14,55.93,47.22,31.54
243.96,35.15,21.10,22.19,20.59,97.14,56.07,47.22,31.54
243.97,35.15,21.07,22.22,20.59,97.14,56.07,47.33,31.60
243.98,35.08,21.13,22.22,20.62,97.14,55.93,47.22,31.54
243.99,35.08,21.10,22.22,20.59,97.14,56.07,47.33,31.54
244.00,35.15,21.13,22.22,20.59,97.14,56.07,47.22,31.60
244.01,35.15,21.10,22.19,20.59,97.14,56.07,47.22,31.54
244.02,35.08,21.07,22.22,20.62,97.14,55.93,47.33,31.54
244.03,35.15,21.10,22.22,20.59,97.14,55.93,47.33,31.60
244.04,35.15,21.13,22.22,20.62,97.14,55.93,47.33,31.60
244.05,35.08,21.10,22.22,20.59,97.14,56.07,47.33,31.60
244.06,35.08,21.10,22.22,20.59,97.14,55.93,47.33,31.54
244.07,35.08,21.10,22.19,20.59,97.51,55.93,47.33,31.54
244.08,35.08,21.10,22.22,20.59,97.14,56.07,47.22,31.65
244.09,35.15,21.13,22.22,20.59,97.14,56.07,47.33,31.49
244.10,35.08,21.13,22.22,20.59,97.14,56.07,47.22,31.60
244.11,35.08,21.10,22.22,20.59,97.14,56.07,47.33,31.60
244.12,35.01,21.10,22.22,20.59,97.14,55.93,47.33,31.54
244.13,35.08,21.10,22.22,20.59,97.14,56.07,47.33,31.60
244.14,35.15,21.10,22.22,20.59,97.51,56.07,47.33,31.60
244.15,35.08,21.10,22.22,20.59,97.14,55.93,47.22,31.54
244.16,35.08,21.10,22.19,20.59,97.14,55.93,47.33,31.54
244.17,35.08,21.10,22.19,20.59,97.14,55.93,47.22,31.60
244.18,35.08,21.10,22.22,20.59,97.14,55.93,47.22,31.54
244.19,35.21,21.10,22.22,20.59,97.14,56.07,47.33,31.60
244.20,35.08,21.13,22.22,20.59,97.14,55.93,47.33,31.54
244.21,35.15,21.10,22.22,20.62,97.14,55.93,47.22,31.60
244.22,35.01,21.13,22.19,20.59,97.14,55.93,47.22,31.60
244.23,35.08,21.10,22.25,20.62,97.14,56.07,47.33,31.60
244.24,35.15,21.10,22.22,20.59,97.14,56.07,47.33,31.60
244.25,35.15,21.10,22.25,20.62,97.14,56.07,47.33,31.54
244.26,35.15,21.10,22.22,20.59,97.14,55.93,47.22,31.54
244.27,35.08,21.10,22.22,20.59,97.14,56.07,47.33,31.54
244.28,35.08,21.10,22.22,20.62,97.14,56.07,47.33,31.60
244.29,35.15,21.13,22.22,20.62,97.14,55.93,47.22,31.54
244.30,35.08,21.10,22.22,20.59,97.51,56.07,47.33,31.60
244.31,35.08,21.10,22.22,20.59,96.77,55.93,47.33,31.60
244.32,35.01,21.10,22.22,20.59,97.14,56.07,47.22,31.60
244.33,35.15,21.10,22.22,20.59,97.14,56.07,47.33,31.60
244.34,35.15,21.13,22.22,20.62,97.14,56.07,47.22,31.60
244.35,35.15,21.10,22.22,20.59,97.14,55.93,47.33,31.60
244.36,35.08,21.10,22.22,20.59,97.14,55.93,47.33,31.60
244.37,35.01,21.10,22.22,20.59,97.14,56.07,47.22,31.60
244.38,35.08,21.10,22.22,20.62,97.14,55.93,47.33,31.54
244.39,35.08,21.10,22.22,20.62,97.51,56.07,47.22,31.60
244.40,35.08,21.13,22.22,20.62,97.51,55.93,47.33,31.60
244.41,35.08,21.10,22.22,20.62,97.14,55.93,47.22,31.60
244.42,35.08,21.10,22.22,20.59,97.14,56.07,47.33,31.60
244.43,35.08,21.07,22.22,20.62,97.14,56.07,47.33,31.60
244.44,35.01,21.10,22.22,20.62,97.14,55.93,47.33,31.60
244.45,35.08,21.10,22.22,20.62,97.14,56.07,47.33,31.60
244.46,35.15,21.10,22.22,20.59,97.14,55.93,47.22,31.60
244.47,35.01,21.10,22.22,20.59,97.14,56.07,47.33,31.60
244.48,35.08,21.10,22.22,20.59,97.14,56.07,47.22,31.60
244.49,35.08,21.10,22.22,20.59,97.51,56.07,47.33,31.60
244.50,35.08,21.13,22.22,20.62,97.14,55.93,47.22,31.60
244.51,35.08,21.10,22.19,20.62,97.14,55.93,47.22,31.60
244.52,35.08,21.10,22.19,20.59,97.14,55.93,47.22,31.60
244.53,35.08,21.10,22.19,20.59,97.14,55.93,47.33,31.60
244.54,35.08,21.13,22.22,20.59,97.14,56.07,47.33,31.60
244.55,35.08,21.10,22.22,20.59,97.14,55.93,47.33,31.60
244.56,35.01,21.10,22.22,20.62,97.14,56.07,47.22,31.60
244.57,35.15,21.07,22.22,20.62,97.51,55.93,47.33,31.60
244.58,35.08,21.10,22.22,20.59,97.14,56.07,47.33,31.54
244.59,35.15,21.13,22.22,20.59,97.14,56.07,47.33,31.60
244.60,35.08,21.10,22.22,20.59,97.14,55.93,47.33,31.60
244.61,35.15,21.10,22.22,20.59,97.14,55.93,47.33,31.54
244.62,35.08,21.10,22.19,20.59,97.14,55.93,47.33,31.60
244.63,35.08,21.10,22.22,20.62,97.14,55.93,47.33,31.60
244.64,35.15,21.10,22.22,20.62,97.14,56.07,47.33,31.60
244.65,35.08,21.10,22.22,20.59,97.14,56.07,47.33,31.60
244.66,35.15,21.10,22.22,20.59,97.14,56.07,47.22,31.54
244.67,35.15,21.10,22.19,20.62,97.14,56.07,47.22,31.60
244.68,35.08,21.10,22.22,20.62,97.14,56.07,47.33,31.60
244.69,35.08,21.10,22.22,20.59,97.14,56.07,47.33,31.60
244.70,35.15,21.10,22.22,20.62,97.14,56.07,47.33,31.60
244.71,35.15,21.10,22.19,20.62,97.14,55.93,47.22,31.60
244.72,35.01,21.07,22.19,20.62,97.14,56.07,47.33,31.60
244.73,35.08,21.10,22.22,20.59,97.14,56.07,47.22,31.60
244.74,35.08,21.10,22.22,20.62,97.14,56.07,47.33,31.60
244.75,35.08,21.10,22.22,20.59,97.14,55.93,47.33,31.60
244.76,35.01,21.10,22.19,20.59,97.14,56.07,47.22,31.60
244.77,35.08,21.10,22.22,20.62,97.14,55.93,47.33,31.60
244.78,35.08,21.10,22.22,20.62,97.14,56.07,47.22,31.60
244.79,35.15,21.10,22.22,20.59,97.51,56.07,47.33,31.60
244.80,35.15,21.10,22.22,20.62,97.14,55.93,47.33,31.60
244.81,35.15,21.10,22.19,20.59,97.14,55.93,47.33,31.60
244.82,35.08,21.10,22.19,20.59,97.14,55.93,47.22,31.60
244.83,35.01,21.10,22.22,20.59,97.14,55.93,47.33,31.60
244.84,35.08,21.10,22.25,20.59,97.14,56.07,47.33,31.60
244.85,35.15,21.10,22.22,20.59,97.51,55.93,47.33,31.60
244.86,35.08,21.10,22.22,20.59,97.14,55.93,47.33,31.65
244.87,35.08,21.07,22.22,20.62,97.14,56.07,47.22,31.60
244.88,35.08,21.10,22.22,20.62,97.14,55.93,47.33,31.60
244.89,35.08,21.10,22.22,20.59,97.14,56.07,47.33,31.60
244.90,35.08,21.10,22.22,20.59,97.51,56.07,47.33,31.60
244.91,35.08,21.10,22.19,20.62,97.14,55.93,47.33,31.60
244.92,35.01,21.10,22.19,20.59,97.14,55.93,47.22,31.60
244.93,35.08,21.10,22.22,20.62,97.14,55.93,47.33,31.60
244.94,35.15,21.10,22.22,20.62,97.14,55.93,47.22,31.65
244.95,35.08,21.10,22.22,20.59,97.14,56.07,47.33,31.60
244.96,35.08,21.10,22.22,20.59,97.14,55.93,47.33,31.60
244.97,35.08,21.10,22.22,20.59,97.14,55.93,47.22,31.60
244.98,35.01,21.10,22.22,20.62,97.14,55.93,47.22,31.65
244.99,35.15,21.10,22.22,20.59,97.51,55.93,47.33,31.60
245.00,35.15,21.10,22.22,20.59,97.14,55.93,47.33,31.60
245.01,35.08,21.07,22.22,20.62,97.14,55.93,47.33,31.60
245.02,35.15,21.10,22.19,20.62,97.14,55.93,47.22,31.60
245.03,35.15,21.10,22.22,20.62,97.14,56.07,47.33,31.60
245.04,35.08,21.13,22.22,20.59,97.14,55.93,47.22,31.60
245.05,35.08,21.10,22.22,20.62,97.14,56.07,47.33,31.60
245.06,35.08,21.10,22.22,20.59,97.14,55.93,47.33,31.60
245.07,35.08,21.07,22.22,20.62,97.14,55.93,47.22,31.60
245.08,35.08,21.07,22.22,20.62,97.14,56.07,47.33,31.60
245.09,35.08,21.10,22.22,20.62,97.14,56.07,47.33,31.60
245.10,35.08,21.10,22.22,20.62,97.14,55.93,47.33,31.65
245.11,35.08,21.10,22.22,20.59,97.14,56.07,47.22,31.60
245.12,35.15,21.10,22.22,20.62,97.14,55.93,47.33,31.60
245.13,35.08,21.10,22.22,20.59,97.14,55.93,47.33,31.65
245.14,35.08,21.10,22.22,20.62,97.14,56.07,47.33,31.60
245.15,35.01,21.10,22.22,20.59,97.14,55.93,47.33,31.60
245.16,35.01,21.10,22.22,20.59,97.14,55.93,47.33,31.60
245.17,35.08,21.10,22.22,20.59,97.14,55.93,47.22,31.60
245.18,35.08,21.07,22.22,20.62,97.14,56.07,47.33,31.65
245.19,35.08,21.13,22.22,20.62,97.14,56.07,47.22,31.65
245.20,35.08,21.10,22.22,20.59,97.14,56.07,47.33,31.60
245.21,35.08,21.10,22.22,20.62,97.14,55.93,47.22,31.60
245.22,35.08,21.10,22.22,20.62,97.14,55.93,47.33,31.65
245.23,35.15,21.10,22.22,20.59,97.14,55.93,47.33,31.60
245.24,35.15,21.10,22.22,20.62,97.14,56.07,47.33,31.60
245.25,35.15,21.10,22.22,20.62,97.51,55.93,47.33,31.60
245.26,35.08,21.07,22.22,20.62,97.14,56.07,47.22,31.60
245.27,35.08,21.07,22.19,20.62,96.77,56.07,47.22,31.65
245.28,35.15,21.10,22.22,20.62,97.14,55.93,47.22,31.60
245.29,35.08,21.10,22.22,20.62,97.14,55.93,47.33,31.65
245.30,35.08,21.10,22.22,20.59,97.14,55.93,47.22,31.60
245.31,35.08,21.07,22.22,20.62,97.14,56.07,47.22,31.65
245.32,35.08,21.07,22.19,20.62,97.14,55.93,47.22,31.65
245.33,35.08,21.10,22.22,20.62,97.14,55.93,47.33,31.65
245.34,35.08,21.10,22.22,20.62,97.14,56.07,47.33,31.71
245.35,35.08,21.10,22.22,20.62,97.14,55.93,47.33,31.54
245.36,35.08,21.10,22.22,20.62,97.14,56.07,47.22,31.65
245.37,35.01,21.07,22.19,20.62,97.14,55.93,47.33,31.60
245.38,35.08,21.10,22.22,20.59,97.14,55.93,47.33,31.60
245.39,35.08,21.10,22.22,20.62,97.14,55.93,47.33,31.65
245.40,35.08,21.10,22.22,20.62,96.77,55.93,47.33,31.65
245.41,35.01,21.07,22.22,20.62,97.14,55.93,47.22,31.65
245.42,35.08,21.10,22.22,20.59,97.14,56.07,47.22,31.65
245.43,35.01,21.10,22.22,20.62,97.14,56.07,47.33,31.65
245.44,35.15,21.10,22.22,20.59,97.14,55.93,47.33,31.65
245.45,35.08,21.13,22.22,20.62,97.14,55.93,47.33,31.65
245.46,35.15,21.07,22.22,20.62,97.14,55.93,47.33,31.65
245.47,35.08,21.10,22.19,20.59,97.14,55.93,47.33,31.65
245.48,35.08,21.10,22.22,20.62,97.14,56.07,47.33,31.65
245.49,35.08,21.10,22.22,20.62,97.14,56.07,47.33,31.65
245.50,35.08,21.10,22.22,20.62,97.14,55.93,47.33,31.65
245.51,35.15,21.10,22.22,20.62,97.14,55.93,47.22,31.65
245.52,35.01,21.10,22.19,20.59,97.14,55.93,47.33,31.65
245.53,35.08,21.10,22.22,20.59,97.14,56.07,47.22,31.65
245.54,35.08,21.10,22.19,20.62,97.51,56.07,47.33,31.65
245.55,35.15,21.10,22.22,20.62,96.77,56.07,47.22,31.65
245.56,35.15,21.07,22.22,20.62,97.51,55.93,47.33,31.65
245.57,35.01,21.10,22.22,20.62,96.77,55.93,47.22,31.65
245.58,35.15,21.07,22.19,20.62,97.14,55.93,47.33,31.65
245.59,35.08,21.10,22.22,20.62,97.14,56.07,47.22,31.65
245.60,35.08,21.10,22.22,20.59,97.14,56.07,47.22,31.65
245.61,35.15,21.10,22.19,20.62,97.14,55.93,47.22,31.65
245.62,35.08,21.07,22.22,20.62,97.14,56.07,47.22,31.65
245.63,35.01,21.10,22.19,20.59,96.77,55.93,47.33,31.65
245.64,35.01,21.10,22.22,20.62,97.14,55.93,47.33,31.65
245.65,35.08,21.10,22.22,20.62,97.14,55.93,47.22,31.65
245.66,35.01,21.10,22.19,20.62,97.14,55.93,47.22,31.65
245.67,35.08,21.10,22.19,20.62,97.14,56.07,47.22,31.65
245.68,35.08,21.10,22.22,20.62,97.14,56.07,47.33,31.60
245.69,35.08,21.07,22.22,20.59,97.14,56.07,47.22,31.65
245.70,35.15,21.10,22.22,20.62,97.14,55.93,47.22,31.60
245.71,35.01,21.07,22.19,20.59,97.14,55.93,47.33,31.65
245.72,35.01,21.07,22.19,20.62,97.14,55.93,47.22,31.65
245.73,35.01,21.07,22.19,20.62,97.14,56.07,47.33,31.65
245.74,35.08,21.07,22.22,20.62,97.14,55.93,47.33,31.65
245.75,35.08,21.10,22.22,20.62,97.14,55.93,47.22,31.65
245.76,35.01,21.10,22.19,20.59,97.14,55.93,47.22,31.65
245.77,35.08,21.07,22.19,20.62,97.14,56.07,47.22,31.65
245.78,35.08,21.10,22.19,20.59,97.14,55.93,47.22,31.65
245.79,35.08,21.10,22.22,20.62,97.14,55.93,47.33,31.65
245.80,35.01,21.10,22.22,20.62,97.14,55.93,47.33,31.65
245.81,35.08,21.10,22.19,20.62,97.14,55.93,47.22,31.65
245.82,35.08,21.07,22.22,20.62,97.14,55.93,47.33,31.65
245.83,35.01,21.07,22.19,20.59,97.14,55.93,47.22,31.65
245.84,35.08,21.10,22.22,20.62,97.14,56.07,47.22,31.65
245.85,35.08,21.10,22.22,20.62,97.14,55.93,47.22,31.65
245.86,35.01,21.07,22.19,20.62,97.14,55.93,47.22,31.65
245.87,35.01,21.07,22.19,20.62,97.14,55.93,47.22,31.65
245.88,35.08,21.07,22.19,20.62,97.14,55.93,47.22,31.65
245.89,35.08,21.10,22.22,20.62,97.14,55.93,47.33,31.65
245.90,35.08,21.10,22.22,20.59,97.14,56.07,47.22,31.65
245.91,35.01,21.07,22.19,20.62,97.14,55.93,47.22,31.65
245.92,35.08,21.07,22.19,20.62,97.14,55.93,47.22,31.65
245.93,35.15,21.07,22.22,20.62,97.14,55.93,47.22,31.65
245.94,35.08,21.10,22.22,20.62,97.14,55.93,47.33,31.65
245.95,35.08,21.10,22.22,20.59,97.14,55.93,47.22,31.65
245.96,35.01,21.07,22.19,20.59,97.14,55.93,47.33,31.65
245.97,35.01,21.07,22.19,20.59,97.14,55.93,47.22,31.65
245.98,35.08,21.07,22.19,20.62,97.14,55.93,47.22,31.65
245.99,35.01,21.10,22.22,20.59,97.14,55.93,47.33,31.65
246.00,35.08,21.07,22.22,20.62,97.14,55.93,47.22,31.65
246.01,35.01,21.07,22.19,20.62,97.14,55.93,47.22,31.71
246.02,35.08,21.07,22.19,20.59,97.14,55.93,47.22,31.65
246.03,35.01,21.07,22.22,20.62,97.14,55.93,47.33,31.65
246.04,35.08,21.10,22.22,20.59,97.14,55.93,47.22,31.71
246.05,35.08,21.10,22.19,20.62,97.14,55.93,47.22,31.65
246.06,35.08,21.07,22.19,20.62,97.14,55.93,47.33,31.65
246.07,35.08,21.07,22.19,20.62,97.14,55.93,47.33,31.65
246.08,35.08,21.07,22.19,20.59,97.14,56.07,47.33,31.65
246.09,35.08,21.10,22.22,20.62,97.14,55.93,47.33,31.65
246.10,35.08,21.10,22.19,20.62,96.77,55.93,47.33,31.65
246.11,35.01,21.07,22.19,20.62,97.14,55.93,47.33,31.65
246.12,35.01,21.07,22.19,20.59,97.14,56.07,47.33,31.65
246.13,35.08,21.07,22.22,20.59,97.14,55.93,47.33,31.65
246.14,35.01,21.10,22.22,20.62,97.14,55.93,47.33,31.65
246.15,35.08,21.10,22.19,20.62,97.14,55.93,47.33,31.65
246.16,35.08,21.10,22.19,20.59,96.77,55.93,47.22,31.65
246.17,35.01,21.07,22.19,20.62,97.14,55.93,47.22,31.65
246.18,35.01,21.07,22.19,20.59,97.14,55.93,47.22,31.65
246.19,35.08,21.10,22.19,20.62,97.14,55.93,47.33,31.65
246.20,35.15,21.10,22.19,20.62,97.14,55.93,47.33,31.65
246.21,35.01,21.07,22.19,20.62,97.14,55.93,47.22,31.65
246.22,35.01,21.07,22.19,20.62,97.14,55.93,47.33,31.71
246.23,35.01,21.07,22.19,20.62,97.14,55.93,47.22,31.65
246.24,35.08,21.10,22.22,20.62,97.14,55.93,47.33,31.65
246.25,35.08,21.07,22.19,20.62,97.14,55.93,47.33,31.71
246.26,35.01,21.07,22.19,20.62,97.14,55.93,47.33,31.71
246.27,35.08,21.07,22.19,20.62,97.14,55.93,47.33,31.65
246.28,35.08,21.07,22.22,20.62,97.14,55.93,47.22,31.65
246.29,35.08,21.10,22.22,20.59,97.14,55.93,47.22,31.65
246.30,35.01,21.10,22.19,20.62,97.14,55.93,47.33,31.65
246.31,35.01,21.07,22.19,20.62,97.14,55.93,47.22,31.65
246.32,35.08,21.07,22.19,20.62,97.14,55.93,47.22,31.65
246.33,35.01,21.07,22.19,20.62,97.14,55.93,47.22,31.71
246.34,35.08,21.10,22.19,20.59,97.14,55.93,47.22,31.65
246.35,35.01,21.07,22.22,20.59,97.14,55.93,47.33,31.65
246.36,35.08,21.10,22.19,20.59,97.14,55.93,47.22,31.65
246.37,35.01,21.07,22.19,20.62,97.14,55.93,47.22,31.65
246.38,35.01,21.07,22.19,20.62,97.14,55.93,47.22,31.71
246.39,35.01,21.10,22.19,20.62,97.14,55.93,47.33,31.65
246.40,35.08,21.07,22.19,20.62,96.77,55.93,47.22,31.71
246.41,34.95,21.07,22.19,20.59,97.14,55.79,47.33,31.71
246.42,35.01,21.04,22.19,20.59,97.14,56.07,47.22,31.71
246.43,35.01,21.07,22.22,20.62,97.14,55.93,47.22,31.71
246.44,35.01,21.10,22.19,20.62,97.14,55.93,47.33,31.71
246.45,35.01,21.10,22.19,20.62,97.14,55.93,47.22,31.71
246.46,35.08,21.04,22.19,20.59,97.14,55.93,47.33,31.65
246.47,35.01,21.07,22.19,20.62,97.14,55.93,47.33,31.71
246.48,35.08,21.04,22.19,20.62,97.14,55.93,47.22,31.71
246.49,35.08,21.13,22.19,20.62,97.14,55.93,47.22,31.65
246.50,35.01,21.10,22.22,20.62,97.14,55.93,47.22,31.71
246.51,34.95,21.07,22.19,20.62,97.14,56.07,47.22,31.71
246.52,35.01,21.07,22.19,20.62,97.14,55.93,47.22,31.65
246.53,35.08,21.07,22.19,20.62,97.14,55.93,47.22,31.71
246.54,35.01,21.07,22.19,20.62,97.14,55.93,47.22,31.71
246.55,35.08,21.07,22.22,20.59,97.14,56.07,47.22,31.71
246.56,35.01,21.07,22.19,20.62,97.14,55.79,47.22,31.65
246.57,35.01,21.07,22.19,20.62,97.14,56.21,47.22,31.71
246.58,35.01,21.07,22.19,20.59,97.14,55.79,47.33,31.65
246.59,35.01,21.10,22.22,20.62,97.14,56.07,47.33,31.77
246.60,35.01,21.07,22.19,20.62,97.14,56.07,47.22,31.71
246.61,35.01,21.07,22.19,20.62,96.77,55.93,47.22,31.71
246.62,35.01,21.07,22.19,20.62,96.77,55.93,47.22,31.71
246.63,35.01,21.07,22.22,20.62,96.77,55.93,47.33,31.71
246.64,35.01,21.10,22.19,20.59,97.14,55.93,47.22,31.71
246.65,35.08,21.10,22.22,20.59,97.14,55.93,47.33,31.71
246.66,35.01,21.10,22.19,20.62,96.77,55.93,47.22,31.71
246.67,35.08,21.07,22.19,20.62,96.77,55.93,47.22,31.71
246.68,35.01,21.07,22.19,20.62,97.14,55.93,47.22,31.65
246.69,35.08,21.10,22.19,20.62,97.14,55.93,47.33,31.71
246.70,35.01,21.10,22.22,20.62,97.14,55.93,47.33,31.71
246.71,35.01,21.07,22.19,20.62,96.77,55.93,47.22,31.71
246.72,35.08,21.07,22.19,20.59,96.77,55.79,47.22,31.71
246.73,35.08,21.07,22.19,20.62,97.14,55.93,47.22,31.71
246.74,35.15,21.10,22.22,20.62,96.77,55.93,47.22,31.71
246.75,35.15,21.10,22.19,20.62,97.14,55.79,47.33,31.71
246.76,35.01,21.07,22.19,20.62,97.14,55.93,47.22,31.71
246.77,35.08,21.07,22.19,20.62,97.14,55.93,47.22,31.71
246.78,34.95,21.07,22.19,20.62,96.77,55.93,47.22,31.71
246.79,35.08,21.10,22.22,20.62,97.14,55.93,47.33,31.71
246.80,35.08,21.10,22.22,20.62,97.14,56.07,47.33,31.71
246.81,35.08,21.07,22.19,20.62,97.14,55.93,47.12,31.71
246.82,35.01,21.07,22.19,20.62,96.77,55.93,47.22,31.71
246.83,35.01,21.07,22.19,20.62,96.77,55.93,47.22,31.71
246.84,35.08,21.10,22.22,20.62,97.14,55.93,47.44,31.71
246.85,35.08,21.07,22.19,20.62,97.14,55.93,47.22,31.71
246.86,35.01,21.07,22.19,20.62,97.14,55.93,47.33,31.71
246.87,35.01,21.07,22.19,20.62,97.14,55.93,47.33,31.71
246.88,35.08,21.10,22.19,20.62,97.14,55.93,47.22,31.71
246.89,35.08,21.10,22.22,20.62,97.14,55.93,47.33,31.71
246.90,35.01,21.07,22.19,20.62,97.14,56.07,47.22,31.71
246.91,35.08,21.07,22.19,20.62,97.14,55.93,47.22,31.71
246.92,35.08,21.07,22.19,20.59,97.14,55.93,47.22,31.71
246.93,35.01,21.07,22.22,20.62,97.14,55.93,47.22,31.65
246.94,35.08,21.10,22.19,20.62,97.14,55.93,47.22,31.71
246.95,35.15,21.07,22.22,20.62,97.14,55.93,47.22,31.71
246.96,35.01,21.07,22.19,20.62,97.14,55.93,47.22,31.71
246.97,35.08,21.07,22.19,20.62,97.14,55.93,47.22,31.71
246.98,35.01,21.07,22.19,20.62,97.14,55.93,47.22,31.71
246.99,35.01,21.10,22.19,20.62,97.14,55.93,47.33,31.71
247.00,35.01,21.07,22.22,20.62,97.14,55.93,47.22,31.71
247.01,35.01,21.07,22.19,20.62,97.14,55.93,47.22,31.71
247.02,35.01,21.07,22.19,20.62,97.14,55.93,47.33,31.71
247.03,35.01,21.07,22.19,20.62,97.14,55.93,47.22,31.71
247.04,35.08,21.10,22.19,20.62,97.14,56.07,47.33,31.71
247.05,35.01,21.10,22.22,20.62,97.51,55.93,47.33,31.71
247.06,35.01,21.07,22.19,20.62,96.77,55.93,47.22,31.71
247.07,35.01,21.07,22.19,20.62,97.14,55.93,47.33,31.71
247.08,35.08,21.07,22.19,20.62,97.14,55.93,47.33,31.71
247.09,35.08,21.10,22.19,20.62,97.14,55.93,47.33,31.71
247.10,35.08,21.07,22.19,20.62,97.14,55.93,47.22,31.71
247.11,35.08,21.07,22.19,20.62,96.77,55.93,47.22,31.71
247.12,35.08,21.07,22.19,20.62,97.14,55.93,47.33,31.71
247.13,35.08,21.07,22.19,20.62,97.14,55.93,47.22,31.71
247.14,35.01,21.07,22.22,20.62,97.14,55.93,47.33,31.77
247.15,35.01,21.07,22.19,20.62,97.14,55.93,47.33,31.71
247.16,35.01,21.07,22.19,20.62,97.14,55.93,47.22,31.71
247.17,35.08,21.07,22.19,20.62,97.14,55.93,47.22,31.71
247.18,35.08,21.07,22.19,20.62,97.14,55.93,47.22,31.71
247.19,35.08,21.10,22.19,20.62,97.14,55.93,47.33,31.71
247.20,35.08,21.10,22.19,20.62,97.14,55.93,47.22,31.71
247.21,35.01,21.07,22.19,20.62,96.77,55.93,47.33,31.71
247.22,35.01,21.07,22.19,20.62,96.77,55.93,47.22,31.71
247.23,35.01,21.07,22.19,20.62,97.14,55.93,47.33,31.71
247.24,35.01,21.10,22.22,20.62,97.14,56.07,47.22,31.71
247.25,35.08,21.10,22.22,20.62,97.14,55.93,47.33,31.71
247.26,35.08,21.07,22.19,20.62,97.14,55.93,47.33,31.71
247.27,35.01,21.07,22.19,20.62,97.14,55.93,47.22,31.71
247.28,35.01,21.07,22.19,20.62,97.14,55.93,47.33,31.71
247.29,35.01,21.10,22.22,20.62,97.14,55.93,47.33,31.71
247.30,35.08,21.10,22.19,20.62,97.14,56.07,47.33,31.71
247.31,35.08,21.10,22.19,20.62,96.77,55.93,47.33,31.71
247.32,35.01,21.07,22.19,20.62,97.14,55.93,47.22,31.71
247.33,35.01,21.07,22.19,20.62,97.14,55.93,47.33,31.71
247.34,35.08,21.10,22.22,20.62,97.14,55.93,47.33,31.71
247.35,35.08,21.07,22.22,20.62,97.14,55.93,47.33,31.71
247.36,35.01,21.07,22.19,20.62,97.14,55.93,47.33,31.71
247.37,35.01,21.10,22.19,20.62,97.14,55.93,47.22,31.71
247.38,35.01,21.10,22.19,20.62,97.14,55.93,47.33,31.77
247.39,35.01,21.10,22.22,20.62,97.14,56.07,47.33,31.71
247.40,35.01,21.10,22.19,20.62,97.14,55.93,47.22,31.77
247.41,35.08,21.07,22.19,20.62,97.14,55.93,47.33,31.71
247.42,35.01,21.07,22.19,20.62,97.14,55.93,47.33,31.71
247.43,35.08,21.10,22.19,20.62,97.14,55.79,47.33,31.77
247.44,35.08,21.10,22.22,20.62,97.14,55.93,47.33,31.71
247.45,35.08,21.10,22.19,20.62,97.14,56.07,47.22,31.71
247.46,35.08,21.10,22.19,20.62,97.14,55.93,47.22,31.77
247.47,35.01,21.07,22.19,20.62,97.14,55.93,47.22,31.71
247.48,35.01,21.10,22.22,20.62,97.14,55.93,47.22,31.71
247.49,35.01,21.10,22.22,20.62,97.14,55.93,47.33,31.77
247.50,35.08,21.10,22.19,20.62,97.14,55.93,47.33,31.77
247.51,35.08,21.10,22.19,20.62,96.77,56.07,47.33,31.71
247.52,35.01,21.07,22.22,20.62,97.14,55.93,47.33,31.77
247.53,35.08,21.10,22.22,20.62,97.14,55.93,47.44,31.77
247.54,35.01,21.10,22.22,20.62,97.14,55.93,47.33,31.71
247.55,35.15,21.10,22.22,20.62,97.14,55.93,47.33,31.71
247.56,35.08,21.10,22.19,20.62,97.14,55.93,47.33,31.77
247.57,35.08,21.07,22.19,20.62,97.14,55.93,47.33,31.77
247.58,35.01,21.07,22.19,20.62,97.14,55.93,47.33,31.71
247.59,35.08,21.10,22.22,20.62,97.14,56.07,47.33,31.77
247.60,35.01,21.10,22.22,20.62,97.14,55.93,47.33,31.71
247.61,35.01,21.07,22.19,20.62,97.14,55.93,47.22,31.77
247.62,35.01,21.07,22.19,20.62,97.14,55.93,47.33,31.71
247.63,35.01,21.07,22.19,20.62,97.51,55.93,47.33,31.71
247.64,35.08,21.10,22.22,20.62,97.14,56.07,47.33,31.77
247.65,35.08,21.10,22.19,20.62,97.14,55.93,47.33,31.71
247.66,35.01,21.07,22.19,20.62,97.14,55.93,47.22,31.71
247.67,35.01,21.07,22.19,20.62,97.14,55.93,47.33,31.71
247.68,35.01,21.07,22.19,20.62,97.14,55.93,47.33,31.77
247.69,35.15,21.10,22.22,20.62,97.14,55.93,47.33,31.77
247.70,35.15,21.13,22.22,20.62,97.14,55.93,47.33,31.77
247.71,34.95,21.07,22.19,20.62,97.14,55.93,47.33,31.71
247.72,35.01,21.07,22.19,20.62,97.14,55.93,47.22,31.77
247.73,35.01,21.10,22.22,20.65,97.14,55.93,47.44,31.77
247.74,35.08,21.07,22.19,20.62,97.14,56.07,47.33,31.77
247.75,35.01,21.07,22.22,20.62,97.14,55.93,47.33,31.71
247.76,35.08,21.10,22.19,20.62,97.14,55.93,47.33,31.77
247.77,35.01,21.07,22.19,20.62,96.77,55.93,47.22,31.77
247.78,35.01,21.10,22.22,20.62,97.14,56.07,47.33,31.77
247.79,35.08,21.13,22.22,20.62,97.14,56.07,47.33,31.77
247.80,35.01,21.10,22.22,20.62,97.14,55.93,47.33,31.77
247.81,35.15,21.10,22.19,20.62,97.14,55.93,47.22,31.77
247.82,35.01,21.04,22.19,20.62,97.14,55.79,47.33,31.71
247.83,35.01,21.10,22.22,20.62,97.14,56.07,47.33,31.77
247.84,35.08,21.10,22.22,20.62,97.14,55.93,47.22,31.71
247.85,35.08,21.10,22.22,20.62,97.14,56.07,47.22,31.71
247.86,35.08,21.07,22.22,20.62,97.14,55.93,47.33,31.71
247.87,35.08,21.07,22.19,20.62,97.14,56.07,47.33,31.77
247.88,35.01,21.07,22.22,20.62,97.14,55.93,47.33,31.77
247.89,35.15,21.10,22.22,20.62,97.14,56.07,47.33,31.77
247.90,35.08,21.10,22.22,20.62,97.14,56.07,47.33,31.77
247.91,35.01,21.10,22.19,20.62,97.14,55.93,47.22,31.71
247.92,35.01,21.07,22.19,20.62,97.14,55.93,47.22,31.77
247.93,35.01,21.10,22.22,20.62,97.14,56.07,47.33,31.77
247.94,35.08,21.13,22.22,20.62,97.14,55.93,47.22,31.77
247.95,35.08,21.10,22.22,20.62,97.14,55.93,47.22,31.77
247.96,35.15,21.07,22.22,20.62,97.14,55.93,47.33,31.77
247.97,34.95,21.10,22.19,20.62,97.14,55.93,47.33,31.77
247.98,35.08,21.10,22.22,20.62,97.14,56.07,47.33,31.71
247.99,35.08,21.10,22.22,20.62,97.14,56.07,47.33,31.77
248.00,35.08,21.10,22.22,20.62,97.14,56.07,47.33,31.77
248.01,35.01,21.10,22.19,20.62,97.14,55.93,47.22,31.77
248.02,35.01,21.10,22.19,20.62,96.77,55.93,47.33,31.77
248.03,35.08,21.10,22.19,20.62,97.14,55.93,47.33,31.77
248.04,35.08,21.10,22.22,20.62,97.14,55.93,47.33,31.77
248.05,35.08,21.10,22.22,20.62,97.14,55.93,47.33,31.71
248.06,35.01,21.07,22.22,20.62,96.77,55.93,47.22,31.77
248.07,35.01,21.07,22.19,20.62,97.14,56.07,47.22,31.71
248.08,35.01,21.10,22.22,20.62,97.51,56.07,47.44,31.77
248.09,35.08,21.10,22.22,20.62,97.14,55.93,47.12,31.77
248.10,35.08,21.10,22.19,20.62,97.14,55.93,47.44,31.77
248.11,35.08,21.10,22.19,20.62,97.14,55.93,47.22,31.77
248.12,35.08,21.07,22.19,20.62,97.14,55.93,47.33,31.77
248.13,35.01,21.10,22.19,20.62,97.14,55.93,47.33,31.77
248.14,35.15,21.10,22.22,20.62,97.14,56.07,47.33,31.77
248.15,35.01,21.10,22.22,20.62,97.14,56.07,47.33,31.77
248.16,35.01,21.07,22.19,20.62,96.77,55.93,47.33,31.77
248.17,35.01,21.07,22.19,20.62,97.14,55.93,47.22,31.77
248.18,35.01,21.10,22.19,20.62,97.14,55.93,47.33,31.77
248.19,35.01,21.10,22.22,20.62,97.14,56.07,47.33,31.77
248.20,35.01,21.10,22.19,20.62,97.14,55.93,47.33,31.77
248.21,35.01,21.10,22.19,20.62,96.77,56.07,47.33,31.77
248.22,35.01,21.10,22.19,20.62,97.14,55.93,47.33,31.77
248.23,35.01,21.04,22.22,20.62,97.14,55.93,47.33,31.77
248.24,35.01,21.10,22.22,20.62,97.14,56.07,47.33,31.77
248.25,35.01,21.10,22.22,20.62,97.14,55.93,47.33,31.77
248.26,35.01,21.10,22.19,20.62,97.14,55.93,47.33,31.77
248.27,35.01,21.07,22.19,20.62,97.14,55.93,47.33,31.77
248.28,35.01,21.10,22.19,20.62,97.14,55.93,47.33,31.77
248.29,35.15,21.10,22.22,20.62,97.14,56.07,47.33,31.77
248.30,35.08,21.07,22.19,20.62,97.14,55.93,47.33,31.77
248.31,35.01,21.07,22.22,20.62,97.14,55.93,47.33,31.77
248.32,35.01,21.10,22.19,20.62,97.14,56.07,47.33,31.77
248.33,35.01,21.10,22.19,20.62,96.77,55.93,47.33,31.77
248.34,35.08,21.10,22.22,20.62,97.14,56.07,47.33,31.77
248.35,35.08,21.13,22.19,20.62,97.14,56.07,47.22,31.77
248.36,35.01,21.07,22.19,20.62,97.14,55.93,47.33,31.82
248.37,35.01,21.07,22.19,20.62,97.14,55.93,47.33,31.77
248.38,35.01,21.07,22.19,20.62,97.14,55.93,47.33,31.77
248.39,34.95,21.10,22.22,20.62,97.14,55.93,47.33,31.77
248.40,35.01,21.10,22.19,20.62,97.14,56.07,47.33,31.77
248.41,35.01,21.10,22.19,20.62,97.14,55.93,47.33,31.77
248.42,35.01,21.07,22.19,20.62,97.14,55.93,47.33,31.77
248.43,35.01,21.10,22.19,20.62,97.14,55.93,47.22,31.77
248.44,35.08,21.10,22.22,20.62,97.14,55.93,47.33,31.82
248.45,35.01,21.10,22.22,20.62,97.14,55.93,47.33,31.77
248.46,35.01,21.10,22.19,20.62,97.14,55.93,47.33,31.77
248.47,35.01,21.10,22.19,20.62,97.14,55.93,47.33,31.77
248.48,35.01,21.07,22.22,20.62,97.14,55.93,47.33,31.77
248.49,35.08,21.10,22.22,20.62,97.14,56.07,47.33,31.77
248.50,35.08,21.10,22.22,20.62,97.14,56.07,47.33,31.77
248.51,35.01,21.07,22.19,20.62,97.14,55.93,47.22,31.77
248.52,35.01,21.07,22.19,20.62,97.14,55.93,47.33,31.77
248.53,35.01,21.07,22.22,20.62,97.14,55.93,47.33,31.77
248.54,35.08,21.10,22.22,20.62,96.77,55.93,47.33,31.77
248.55,35.01,21.10,22.22,20.62,97.14,55.93,47.33,31.77
248.56,35.08,21.07,22.19,20.62,97.14,55.93,47.33,31.77
248.57,34.95,21.10,22.19,20.62,97.14,55.93,47.33,31.77
248.58,35.01,21.10,22.19,20.62,97.14,55.93,47.12,31.77
248.59,35.08,21.10,22.22,20.62,97.14,55.93,47.33,31.77
248.60,35.01,21.10,22.22,20.62,96.77,55.93,47.33,31.77
248.61,35.01,21.07,22.19,20.62,97.14,55.93,47.33,31.77
248.62,35.01,21.07,22.19,20.62,97.14,55.93,47.33,31.82
248.63,35.08,21.10,22.19,20.62,97.14,55.93,47.22,31.82
248.64,35.01,21.10,22.22,20.62,97.14,56.07,47.33,31.82
248.65,35.08,21.10,22.22,20.62,97.14,55.93,47.33,31.82
248.66,35.01,21.10,22.19,20.62,97.14,55.93,47.33,31.77
248.67,35.08,21.07,22.19,20.62,97.14,55.93,47.33,31.77
248.68,35.08,21.10,22.19,20.62,97.14,55.79,47.33,31.77
248.69,35.08,21.10,22.22,20.62,97.14,55.93,47.33,31.77
248.70,35.08,21.10,22.22,20.62,97.14,55.93,47.33,31.82
248.71,35.01,21.10,22.19,20.62,96.77,55.93,47.22,31.77
248.72,35.08,21.10,22.19,20.62,97.14,55.93,47.33,31.82
248.73,35.08,21.07,22.19,20.62,97.14,55.93,47.33,31.77
248.74,35.08,21.10,22.22,20.65,97.14,55.93,47.33,31.77
248.75,35.01,21.10,22.22,20.62,97.14,56.07,47.33,31.77
248.76,35.01,21.07,22.19,20.62,97.14,55.93,47.33,31.77
248.77,35.01,21.07,22.19,20.62,96.77,55.93,47.33,31.77
248.78,35.08,21.10,22.19,20.62,97.14,55.93,47.33,31.77
248.79,35.01,21.10,22.22,20.62,97.14,55.93,47.33,31.77
248.80,35.08,21.10,22.19,20.62,97.14,56.07,47.33,31.82
248.81,35.01,21.07,22.19,20.62,96.77,55.93,47.33,31.82
248.82,35.01,21.07,22.19,20.62,96.77,55.93,47.33,31.77
248.83,35.01,21.10,22.22,20.62,97.14,55.93,47.33,31.82
248.84,35.01,21.10,22.22,20.62,97.14,55.93,47.33,31.77
248.85,35.08,21.10,22.19,20.62,97.14,55.93,47.33,31.82
248.86,35.01,21.10,22.19,20.62,97.14,55.93,47.33,31.82
248.87,34.95,21.07,22.19,20.62,96.77,55.93,47.33,31.82
248.88,35.01,21.07,22.19,20.62,96.77,55.93,47.33,31.82
248.89,35.01,21.10,22.19,20.62,97.14,55.93,47.33,31.77
248.90,35.01,21.10,22.19,20.62,97.14,56.07,47.22,31.82
248.91,35.01,21.10,22.19,20.62,97.14,56.07,47.33,31.77
248.92,34.95,21.07,22.19,20.62,97.14,55.93,47.33,31.82
248.93,35.01,21.10,22.19,20.62,97.14,55.93,47.33,31.77
248.94,35.01,21.10,22.22,20.62,97.14,55.93,47.33,31.82
248.95,35.08,21.10,22.19,20.62,97.14,55.93,47.33,31.82
248.96,34.95,21.07,22.19,20.62,97.14,55.93,47.33,31.82
248.97,35.01,21.10,22.19,20.62,97.14,55.93,47.33,31.77
248.98,35.01,21.10,22.19,20.62,97.14,55.93,47.33,31.82
248.99,35.01,21.10,22.22,20.65,97.14,55.93,47.33,31.82
249.00,35.01,21.10,22.19,20.62,97.14,55.93,47.33,31.82
249.01,35.01,21.07,22.19,20.62,97.14,55.93,47.33,31.82
249.02,34.95,21.07,22.19,20.62,96.77,55.93,47.33,31.82
249.03,35.08,21.10,22.19,20.62,97.14,56.07,47.33,31.82
249.04,35.08,21.10,22.19,20.62,97.14,55.93,47.33,31.82
249.05,35.01,21.07,22.19,20.62,97.14,56.07,47.33,31.82
249.06,34.95,21.07,22.19,20.62,97.14,55.79,47.33,31.82
249.07,35.01,21.07,22.19,20.62,96.77,56.07,47.33,31.82
249.08,35.08,21.07,22.19,20.62,97.14,55.93,47.33,31.82
249.09,35.08,21.10,22.22,20.62,97.14,55.79,47.33,31.77
249.10,35.01,21.07,22.19,20.62,97.14,55.93,47.33,31.77
249.11,34.95,21.07,22.19,20.62,97.14,55.93,47.22,31.82
249.12,35.01,21.07,22.19,20.62,96.77,55.93,47.33,31.82
249.13,35.08,21.07,22.19,20.62,97.14,55.93,47.33,31.82
249.14,35.01,21.10,22.22,20.62,97.14,55.93,47.33,31.82
249.15,35.01,21.10,22.19,20.62,97.14,56.07,47.33,31.82
249.16,35.01,21.07,22.19,20.62,96.77,55.93,47.33,31.82
249.17,35.01,21.07,22.19,20.62,97.14,55.93,47.33,31.82
249.18,35.01,21.07,22.19,20.62,97.14,55.93,47.22,31.82
249.19,35.01,21.10,22.19,20.62,97.14,55.93,47.33,31.82
249.20,34.95,21.10,22.19,20.62,97.14,56.07,47.33,31.82
249.21,34.95,21.10,22.19,20.62,97.14,56.07,47.22,31.82
249.22,34.95,21.07,22.19,20.62,96.77,55.93,47.22,31.82
249.23,34.95,21.07,22.19,20.62,97.14,55.93,47.33,31.82
249.24,35.01,21.07,22.22,20.62,97.14,55.93,47.33,31.82
249.25,34.95,21.07,22.19,20.62,96.77,55.93,47.22,31.82
249.26,35.01,21.07,22.15,20.62,96.77,55.93,47.22,31.82
249.27,34.95,21.07,22.19,20.62,96.77,55.93,47.22,31.77
249.28,34.95,21.07,22.19,20.62,97.14,55.93,47.33,31.82
249.29,35.01,21.10,22.19,20.62,96.77,55.93,47.22,31.82
249.30,35.08,21.07,22.19,20.62,96.77,56.07,47.33,31.82
249.31,35.01,21.07,22.15,20.62,96.77,55.93,47.22,31.82
249.32,34.95,21.07,22.15,20.62,97.14,55.93,47.33,31.82
249.33,35.01,21.07,22.19,20.62,96.77,55.93,47.22,31.82
249.34,35.08,21.07,22.19,20.62,97.14,55.93,47.33,31.82
249.35,35.01,21.10,22.19,20.62,97.14,56.07,47.33,31.82
249.36,34.95,21.07,22.19,20.62,97.14,55.93,47.22,31.82
249.37,35.01,21.07,22.19,20.62,96.77,55.79,47.33,31.82
249.38,35.01,21.07,22.19,20.62,97.14,55.93,47.33,31.82
249.39,35.01,21.07,22.19,20.62,97.14,55.93,47.22,31.77
249.40,34.95,21.07,22.19,20.62,96.77,55.93,47.33,31.82
249.41,34.95,21.07,22.15,20.62,97.14,55.93,47.33,31.82
249.42,34.95,21.04,22.19,20.62,96.77,55.93,47.22,31.82
249.43,34.95,21.07,22.19,20.62,97.14,55.93,47.22,31.82
249.44,35.01,21.10,22.19,20.62,97.14,56.07,47.33,31.82
249.45,35.01,21.10,22.19,20.62,97.14,55.93,47.33,31.82
249.46,34.95,21.07,22.15,20.62,96.77,55.93,47.33,31.82
249.47,34.95,21.07,22.15,20.62,97.14,55.93,47.33,31.82
249.48,35.01,21.07,22.19,20.62,96.77,56.21,47.33,31.82
249.49,34.95,21.07,22.19,20.62,97.14,55.93,47.33,31.82
249.50,35.01,21.07,22.19,20.62,97.14,55.93,47.33,31.82
249.51,35.01,21.07,22.15,20.62,96.77,55.93,47.33,31.82
249.52,34.95,21.04,22.15,20.62,97.14,55.93,47.22,31.82
249.53,34.95,21.07,22.15,20.62,96.77,55.93,47.22,31.82
249.54,35.01,21.07,22.19,20.62,97.14,55.93,47.33,31.82
249.55,35.01,21.07,22.19,20.62,97.14,55.93,47.22,31.82
249.56,35.01,21.07,22.19,20.62,96.77,55.93,47.33,31.82
249.57,34.95,21.07,22.15,20.62,96.77,55.93,47.22,31.82
249.58,35.01,21.07,22.15,20.62,96.77,55.93,47.22,31.82
249.59,34.95,21.10,22.19,20.65,97.14,55.93,47.33,31.82
249.60,34.95,21.07,22.19,20.62,97.14,55.93,47.33,31.82
249.61,34.95,21.07,22.15,20.62,97.14,55.93,47.33,31.82
249.62,34.95,21.07,22.15,20.62,97.14,55.93,47.22,31.82
249.63,34.95,21.07,22.19,20.62,97.14,55.93,47.22,31.82
249.64,35.01,21.07,22.19,20.62,97.14,55.93,47.33,31.82
249.65,35.01,21.07,22.19,20.62,96.77,55.93,47.22,31.82
249.66,34.95,21.07,22.19,20.62,96.77,55.93,47.22,31.82
249.67,35.08,21.07,22.15,20.62,96.77,55.93,47.22,31.82
249.68,35.01,21.07,22.15,20.62,96.77,55.93,47.22,31.82
249.69,34.95,21.07,22.15,20.62,97.14,55.93,47.33,31.82
249.70,34.95,21.07,22.19,20.62,96.77,55.93,47.22,31.82
249.71,34.95,21.04,22.15,20.62,96.77,55.93,47.33,31.82
249.72,34.95,21.07,22.15,20.62,97.14,55.93,47.22,31.82
249.73,35.01,21.07,22.15,20.62,97.14,55.93,47.33,31.82
249.74,35.01,21.07,22.19,20.62,96.77,55.93,47.22,31.82
249.75,35.08,21.07,22.19,20.62,96.77,55.93,47.22,31.82
249.76,34.95,21.07,22.15,20.62,96.77,55.93,47.22,31.82
249.77,34.95,21.04,22.15,20.62,96.77,55.93,47.22,31.82
249.78,34.95,21.04,22.19,20.62,97.14,55.93,47.22,31.82
249.79,35.01,21.07,22.19,20.62,97.14,56.07,47.22,31.82
249.80,34.95,21.07,22.19,20.62,96.77,55.93,47.22,31.82
249.81,35.01,21.07,22.15,20.62,96.77,55.93,47.22,31.88
249.82,34.95,21.07,22.15,20.62,96.77,55.93,47.22,31.82
249.83,34.95,21.07,22.15,20.62,96.77,55.93,47.33,31.82
249.84,34.95,21.07,22.19,20.62,97.14,55.93,47.22,31.82
249.85,35.01,21.07,22.19,20.62,96.77,55.93,47.33,31.82
249.86,34.95,21.07,22.15,20.62,96.77,55.93,47.33,31.88
249.87,34.95,21.07,22.15,20.65,96.77,56.07,47.33,31.82
249.88,35.01,21.07,22.15,20.62,96.77,55.93,47.22,31.82
249.89,35.01,21.07,22.19,20.62,97.14,55.93,47.22,31.82
249.90,34.95,21.07,22.15,20.62,97.14,55.93,47.22,31.82
249.91,34.95,21.07,22.15,20.62,96.77,55.93,47.22,31.82
249.92,34.95,21.04,22.15,20.62,96.77,55.93,47.33,31.82
249.93,34.95,21.07,22.15,20.62,96.77,55.93,47.33,31.82
249.94,34.95,21.07,22.15,20.62,96.77,55.93,47.33,31.88
249.95,34.95,21.07,22.15,20.62,96.77,55.93,47.33,31.88
249.96,34.88,21.04,22.15,20.62,96.77,55.93,47.22,31.82
249.97,34.88,21.04,22.15,20.62,96.77,55.93,47.22,31.82
249.98,34.95,21.07,22.15,20.62,96.77,55.93,47.22,31.88
249.99,34.95,21.07,22.19,20.62,96.77,55.93,47.33,31.88
250.00,34.95,21.07,22.15,20.62,96.77,55.93,47.33,31.88
250.01,34.95,21.07,22.15,20.62,96.77,55.93,47.33,31.82
250.02,34.95,21.04,22.15,20.62,96.77,55.93,47.33,31.82
250.03,34.95,21.07,22.15,20.62,96.77,55.93,47.33,31.88
250.04,34.95,21.07,22.15,20.62,96.77,55.93,47.33,31.82
250.05,34.95,21.07,22.19,20.62,97.14,55.93,47.33,31.82
250.06,34.95,21.07,22.15,20.62,96.77,55.93,47.33,31.88
250.07,34.95,21.07,22.15,20.62,96.77,55.93,47.22,31.82
250.08,34.95,21.07,22.15,20.62,96.77,55.93,47.22,31.82
250.09,35.01,21.07,22.15,20.62,96.77,55.93,47.33,31.82
250.10,34.95,21.07,22.15,20.62,97.14,55.93,47.22,31.82
250.11,34.95,21.07,22.15,20.62,96.77,55.93,47.33,31.82
250.12,34.95,21.07,22.15,20.62,96.77,55.93,47.33,31.88
250.13,35.01,21.07,22.15,20.62,96.77,55.93,47.22,31.82
250.14,34.95,21.07,22.19,20.62,97.14,55.79,47.33,31.82
250.15,34.95,21.07,22.19,20.62,97.14,55.93,47.33,31.82
250.16,34.95,21.07,22.15,20.62,96.77,55.93,47.22,31.82
250.17,34.95,21.04,22.15,20.62,96.77,55.93,47.22,31.82
250.18,34.95,21.04,22.15,20.62,97.14,55.93,47.22,31.82
250.19,35.01,21.07,22.15,20.65,96.77,55.93,47.33,31.82
250.20,35.01,21.07,22.19,20.62,97.14,55.93,47.33,31.88
250.21,35.01,21.07,22.15,20.62,96.77,55.93,47.22,31.82
250.22,34.95,21.04,22.15,20.65,96.77,55.79,47.33,31.88
250.23,34.95,21.07,22.15,20.62,97.14,55.93,47.33,31.88
250.24,34.95,21.10,22.19,20.65,97.14,55.93,47.33,31.82
250.25,35.01,21.07,22.19,20.62,96.77,55.93,47.22,31.88
250.26,34.95,21.04,22.15,20.65,96.77,55.93,47.33,31.82
250.27,34.95,21.07,22.15,20.65,96.77,55.93,47.33,31.88
250.28,34.95,21.07,22.15,20.62,97.14,55.93,47.33,31.82
250.29,35.01,21.07,22.19,20.62,96.77,55.93,47.33,31.82
250.30,34.95,21.07,22.19,20.65,96.77,55.93,47.33,31.88
250.31,34.88,21.07,22.15,20.62,96.77,55.93,47.22,31.88
250.32,35.01,21.04,22.15,20.62,96.77,56.07,47.22,31.82
250.33,34.88,21.04,22.15,20.62,97.14,55.93,47.33,31.82
250.34,34.95,21.07,22.15,20.62,96.77,55.93,47.33,31.88
250.35,34.95,21.07,22.19,20.62,97.14,55.93,47.22,31.82
250.36,34.95,21.07,22.15,20.65,97.14,55.93,47.22,31.88
250.37,34.95,21.07,22.15,20.62,96.77,55.93,47.33,31.88
250.38,35.01,21.07,22.15,20.62,97.14,55.93,47.33,31.82
250.39,34.95,21.07,22.15,20.62,96.77,55.93,47.33,31.88
250.40,34.95,21.10,22.19,20.62,96.77,55.93,47.22,31.88
250.41,34.95,21.07,22.19,20.62,96.77,55.93,47.33,31.88
250.42,35.01,21.07,22.15,20.62,97.14,55.93,47.33,31.88
250.43,34.95,21.07,22.15,20.62,96.77,55.93,47.22,31.88
250.44,35.01,21.07,22.19,20.62,96.77,56.07,47.33,31.88
250.45,34.95,21.07,22.15,20.62,96.77,55.93,47.33,31.88
250.46,34.95,21.04,22.15,20.62,96.77,55.93,47.22,31.88
250.47,35.01,21.07,22.15,20.62,96.77,55.93,47.33,31.82
250.48,34.95,21.07,22.15,20.62,96.77,55.93,47.33,31.88
250.49,34.95,21.07,22.19,20.65,96.77,55.93,47.33,31.88
250.50,34.95,21.07,22.15,20.62,96.77,55.93,47.22,31.88
250.51,35.01,21.04,22.19,20.62,96.77,55.93,47.22,31.88
250.52,34.95,21.07,22.15,20.62,96.77,55.93,47.22,31.88
250.53,34.95,21.07,22.15,20.62,97.14,55.93,47.22,31.88
250.54,34.95,21.07,22.15,20.62,97.14,55.93,47.33,31.82
250.55,34.95,21.07,22.19,20.62,96.77,55.93,47.33,31.88
250.56,34.95,21.07,22.15,20.62,97.14,55.93,47.33,31.88
250.57,34.88,21.07,22.15,20.62,96.77,55.93,47.22,31.88
250.58,34.95,21.07,22.15,20.62,96.77,55.93,47.22,31.88
250.59,34.95,21.07,22.19,20.62,97.14,56.07,47.33,31.88
250.60,34.95,21.07,22.19,20.62,96.77,55.93,47.22,31.88
250.61,34.95,21.07,22.15,20.62,96.77,55.93,47.44,31.88
250.62,34.95,21.04,22.15,20.62,96.77,55.93,47.33,31.88
250.63,34.95,21.07,22.15,20.62,96.77,55.93,47.33,31.88
250.64,34.95,21.07,22.19,20.65,96.77,55.93,47.33,31.88
250.65,35.01,21.07,22.19,20.65,96.77,55.93,47.33,31.88
250.66,34.95,21.07,22.15,20.62,96.77,55.93,47.22,31.88
250.67,34.95,21.07,22.15,20.62,96.77,55.93,47.33,31.88
250.68,34.95,21.07,22.15,20.62,97.14,55.93,47.22,31.88
250.69,34.95,21.07,22.19,20.65,96.77,55.93,47.33,31.88
250.70,34.95,21.07,22.19,20.62,97.14,55.93,47.33,31.88
250.71,34.95,21.07,22.19,20.62,96.77,55.93,47.33,31.93
250.72,34.95,21.07,22.15,20.62,96.77,55.93,47.33,31.88
250.73,34.95,21.07,22.19,20.62,97.14,55.93,47.33,31.88
250.74,34.95,21.07,22.19,20.65,96.77,55.93,47.22,31.88
250.75,34.95,21.07,22.15,20.62,97.14,55.93,47.33,31.88
250.76,34.95,21.07,22.15,20.62,97.14,55.93,47.22,31.88
250.77,34.95,21.07,22.15,20.65,96.77,55.93,47.22,31.88
250.78,35.01,21.07,22.19,20.62,96.77,56.07,47.33,31.88
250.79,35.01,21.07,22.19,20.62,96.77,55.93,47.33,31.88
250.80,35.01,21.04,22.15,20.65,96.77,56.07,47.33,31.88
250.81,34.95,21.07,22.15,20.62,96.77,55.93,47.33,31.88
250.82,34.95,21.07,22.19,20.65,96.77,55.93,47.22,31.93
250.83,34.95,21.07,22.19,20.65,96.77,55.93,47.33,31.88
250.84,35.01,21.07,22.15,20.62,96.77,56.07,47.33,31.93
250.85,34.95,21.07,22.15,20.62,96.77,55.93,47.22,31.88
250.86,34.95,21.04,22.15,20.62,96.40,55.93,47.33,31.88
250.87,34.95,21.07,22.15,20.62,96.77,55.79,47.33,31.88
250.88,34.95,21.07,22.19,20.62,97.14,55.93,47.33,31.88
250.89,35.01,21.07,22.19,20.62,97.14,55.93,47.33,31.88
250.90,34.95,21.07,22.15,20.62,96.77,55.93,47.33,31.88
250.91,34.95,21.07,22.15,20.62,96.77,55.93,47.33,31.88
250.92,34.95,21.07,22.15,20.62,97.14,55.93,47.33,31.88
250.93,35.01,21.07,22.19,20.62,96.77,55.93,47.22,31.88
250.94,34.95,21.07,22.19,20.62,96.77,55.93,47.33,31.88
250.95,34.95,21.07,22.15,20.62,96.77,55.93,47.33,31.93
250.96,34.95,21.04,22.15,20.65,96.77,55.93,47.22,31.88
250.97,34.95,21.07,22.19,20.65,96.77,55.93,47.33,31.82
250.98,34.95,21.10,22.19,20.65,96.77,55.93,47.33,31.93
250.99,35.01,21.07,22.19,20.65,96.77,56.07,47.33,31.93
251.00,34.95,21.07,22.15,20.62,96.77,55.93,47.22,31.88
251.01,34.95,21.04,22.15,20.62,96.77,55.93,47.33,31.88
251.02,34.95,21.07,22.15,20.62,96.77,55.93,47.33,31.88
251.03,35.01,21.10,22.19,20.65,96.77,55.93,47.33,31.93
251.04,34.95,21.07,22.15,20.62,96.77,55.93,47.33,31.93
251.05,34.95,21.07,22.15,20.62,96.77,55.93,47.33,31.93
251.06,35.01,21.07,22.15,20.62,96.77,55.93,47.33,31.93
251.07,34.95,21.07,22.15,20.62,96.77,55.93,47.33,31.88
251.08,34.95,21.07,22.19,20.65,96.77,55.93,47.33,31.88
251.09,35.01,21.07,22.19,20.65,96.77,55.93,47.33,31.93
251.10,35.01,21.07,22.15,20.62,96.77,55.93,47.33,31.93
251.11,35.01,21.07,22.15,20.62,96.77,55.93,47.33,31.88
251.12,34.95,21.07,22.15,20.65,96.77,55.93,47.33,31.93
251.13,34.95,21.07,22.19,20.65,97.14,55.93,47.33,31.93
251.14,35.01,21.07,22.19,20.65,96.77,55.93,47.33,31.88
251.15,34.95,21.07,22.15,20.62,96.77,55.93,47.22,31.88
251.16,34.95,21.07,22.15,20.65,96.77,55.93,47.22,31.93
251.17,34.95,21.07,22.15,20.65,96.77,55.93,47.22,31.93
251.18,35.01,21.10,22.19,20.65,96.77,55.93,47.33,31.88
251.19,34.95,21.07,22.15,20.62,96.77,55.93,47.33,31.88
251.20,34.95,21.07,22.19,20.62,96.77,55.93,47.33,31.88
251.21,35.01,21.07,22.15,20.62,96.77,55.93,47.33,31.88
251.22,34.95,21.07,22.15,20.65,96.77,55.93,47.22,31.88
251.23,34.95,21.07,22.19,20.65,97.14,55.93,47.33,31.88
251.24,34.95,21.07,22.19,20.65,96.77,55.93,47.33,31.93
251.25,34.95,21.07,22.19,20.62,96.77,55.93,47.33,31.88
251.26,35.01,21.07,22.15,20.62,96.77,55.93,47.33,31.93
251.27,34.95,21.07,22.19,20.62,97.14,55.93,47.33,31.93
251.28,35.01,21.10,22.19,20.65,97.14,56.07,47.33,31.93
251.29,34.95,21.07,22.19,20.62,96.77,55.93,47.33,31.93
251.30,34.95,21.07,22.15,20.62,96.77,55.93,47.22,31.93
251.31,35.01,21.07,22.19,20.65,96.77,55.93,47.33,31.88
251.32,34.95,21.07,22.19,20.62,96.77,56.07,47.33,31.93
251.33,35.01,21.07,22.19,20.65,96.77,55.79,47.33,31.93
251.34,34.95,21.10,22.19,20.62,96.77,55.93,47.33,31.88
251.35,35.01,21.07,22.15,20.65,96.77,56.07,47.33,31.93
251.36,34.95,21.07,22.15,20.62,96.77,55.93,47.22,31.93
251.37,34.95,21.07,22.15,20.65,97.14,55.93,47.33,31.93
251.38,35.01,21.10,22.19,20.65,96.77,56.07,47.33,31.93
251.39,34.95,21.10,22.19,20.65,96.77,55.93,47.33,31.93
251.40,34.95,21.07,22.19,20.62,96.77,55.93,47.22,31.88
251.41,34.95,21.04,22.15,20.62,96.77,55.93,47.33,31.88
251.42,34.95,21.10,22.19,20.65,96.77,55.93,47.33,31.93
251.43,35.01,21.07,22.19,20.62,97.14,55.93,47.33,31.93
251.44,35.01,21.07,22.19,20.62,96.77,56.07,47.33,31.93
251.45,35.01,21.07,22.19,20.65,96.77,55.93,47.33,31.93
251.46,34.95,21.07,22.15,20.65,96.77,55.93,47.22,31.93
251.47,35.01,21.07,22.15,20.65,97.14,56.07,47.33,31.93
251.48,35.01,21.07,22.19,20.65,97.14,55.93,47.33,31.93
251.49,34.95,21.10,22.19,20.65,96.77,55.93,47.33,31.93
251.50,34.95,21.07,22.15,20.62,96.77,55.93,47.33,31.93
251.51,34.95,21.07,22.15,20.65,96.77,55.93,47.33,31.82
251.52,34.95,21.07,22.15,20.65,96.77,56.07,47.33,31.93
251.53,34.95,21.10,22.19,20.65,96.77,55.65,47.33,31.88
251.54,34.95,21.07,22.19,20.65,96.77,55.93,47.33,31.93
251.55,34.95,21.07,22.19,20.65,96.77,55.93,47.33,31.93
251.56,34.95,21.07,22.15,20.62,96.77,55.93,47.33,31.93
251.57,34.95,21.07,22.19,20.65,97.14,55.93,47.33,31.93
251.58,35.01,21.07,22.19,20.65,96.77,55.93,47.33,31.93
251.59,35.01,21.10,22.19,20.65,96.77,55.93,47.33,31.93
251.60,34.95,21.07,22.15,20.65,96.77,56.07,47.22,31.93
251.61,35.01,21.07,22.15,20.65,96.77,55.93,47.22,31.93
251.62,34.95,21.07,22.19,20.65,96.77,55.93,47.33,31.93
251.63,35.01,21.10,22.19,20.65,97.14,55.93,47.33,31.93
251.64,35.01,21.07,22.19,20.62,96.77,55.93,47.33,31.93
251.65,35.01,21.07,22.19,20.65,96.77,56.07,47.33,31.93
251.66,34.88,21.07,22.15,20.65,96.77,55.93,47.33,31.93
251.67,35.08,21.07,22.19,20.62,96.77,55.93,47.33,31.93
251.68,34.88,21.10,22.19,20.65,96.77,55.93,47.33,31.93
251.69,34.95,21.07,22.19,20.65,96.77,55.93,47.33,31.93
251.70,34.95,21.07,22.15,20.65,96.77,55.93,47.22,31.93
251.71,34.95,21.07,22.15,20.62,96.77,55.93,47.33,31.93
251.72,34.95,21.07,22.19,20.62,97.14,55.93,47.33,31.93
251.73,34.95,21.07,22.19,20.62,96.77,56.07,47.33,31.93
251.74,35.01,21.07,22.19,20.65,97.14,55.93,47.33,31.93
251.75,35.01,21.04,22.15,20.62,96.77,55.93,47.33,31.93
251.76,34.95,21.07,22.15,20.62,97.14,55.93,47.44,31.93
251.77,34.95,21.07,22.19,20.62,97.14,55.93,47.33,31.93
251.78,34.95,21.10,22.19,20.62,96.40,55.93,47.22,31.93
251.79,34.95,21.10,22.19,20.62,97.14,55.93,47.54,31.93
251.80,34.95,21.07,22.19,20.62,96.77,55.93,47.22,31.93
251.81,34.95,21.07,22.15,20.62,96.77,55.93,47.33,31.93
251.82,34.95,21.07,22.19,20.65,96.77,56.07,47.33,31.93
251.83,35.01,21.10,22.19,20.62,97.14,56.07,47.33,31.93
251.84,34.95,21.10,22.19,20.62,96.77,55.93,47.33,31.93
251.85,35.01,21.07,22.15,20.62,96.77,55.93,47.33,31.93
251.86,34.95,21.07,22.19,20.65,96.77,55.93,47.33,31.93
251.87,34.95,21.07,22.19,20.65,96.77,55.93,47.33,31.93
251.88,35.08,21.10,22.19,20.65,97.14,55.93,47.33,31.99
251.89,35.01,21.07,22.19,20.65,97.14,55.93,47.33,31.93
251.90,34.95,21.07,22.15,20.65,97.14,55.93,47.33,31.93
251.91,34.95,21.07,22.15,20.65,97.14,55.93,47.33,31.93
251.92,35.01,21.07,22.19,20.65,96.77,55.93,47.33,31.88
251.93,35.01,21.10,22.19,20.65,96.77,55.93,47.33,31.93
251.94,34.95,21.10,22.19,20.65,96.77,56.07,47.22,31.93
251.95,34.88,21.07,22.19,20.62,97.14,55.93,47.33,31.93
251.96,34.95,21.07,22.19,20.62,97.14,55.93,47.33,31.93
251.97,34.95,21.07,22.15,20.62,96.77,55.93,47.44,31.99
251.98,34.95,21.10,22.19,20.65,96.77,55.93,47.33,31.93
251.99,35.01,21.10,22.19,20.65,96.77,56.07,47.33,31.99
252.00,34.95,21.07,22.19,20.65,96.77,55.93,47.33,31.93
252.01,35.01,21.07,22.19,20.65,97.14,55.93,47.33,31.93
252.02,34.95,21.07,22.19,20.62,97.14,55.93,47.33,31.93
252.03,34.95,21.10,22.19,20.65,96.77,56.07,47.33,31.99
252.04,34.95,21.10,22.19,20.65,96.77,55.93,47.33,31.93
252.05,34.95,21.07,22.19,20.65,96.77,55.93,47.33,31.99
252.06,34.95,21.04,22.15,20.62,96.77,55.93,47.33,31.93
252.07,35.08,21.10,22.15,20.65,96.77,55.93,47.33,31.93
252.08,35.01,21.10,22.19,20.65,96.77,56.07,47.33,31.93
252.09,35.01,21.07,22.19,20.62,96.77,56.07,47.33,31.99
252.10,35.01,21.07,22.19,20.65,96.77,55.93,47.33,31.93
252.11,35.01,21.10,22.19,20.65,97.14,55.93,47.33,31.99
252.12,34.95,21.07,22.19,20.65,96.77,55.93,47.33,31.93
252.13,34.95,21.10,22.19,20.65,96.77,55.93,47.44,31.99
252.14,35.01,21.10,22.19,20.65,96.77,55.93,47.33,31.93
252.15,34.95,21.07,22.15,20.65,97.14,56.07,47.33,31.99
252.16,34.95,21.07,22.19,20.65,96.77,55.93,47.33,31.93
252.17,34.95,21.07,22.19,20.65,96.77,55.93,47.33,31.99
252.18,35.01,21.10,22.19,20.65,97.14,55.93,47.33,31.99
252.19,35.01,21.10,22.19,20.65,97.14,56.07,47.33,31.93
252.20,34.95,21.07,22.19,20.62,97.14,55.93,47.33,31.99
252.21,34.95,21.07,22.19,20.65,96.77,55.93,47.33,31.93
252.22,34.95,21.10,22.19,20.65,97.14,55.93,47.33,31.93
252.23,35.01,21.10,22.19,20.62,96.77,55.93,47.33,31.93
252.24,34.95,21.07,22.19,20.62,96.77,56.07,47.33,31.93
252.25,34.95,21.10,22.19,20.62,96.77,55.93,47.33,31.93
252.26,34.95,21.07,22.19,20.65,96.77,55.93,47.33,31.99
252.27,35.01,21.07,22.19,20.65,96.77,55.93,47.33,31.93
252.28,35.01,21.10,22.19,20.65,96.77,56.07,47.33,31.99
252.29,34.95,21.07,22.19,20.65,96.77,56.07,47.33,31.93
252.30,35.01,21.07,22.19,20.62,96.77,55.93,47.33,31.99
252.31,35.01,21.07,22.19,20.65,96.77,55.93,47.33,31.99
252.32,34.95,21.07,22.19,20.65,97.14,55.93,47.33,31.93
252.33,34.95,21.10,22.19,20.65,96.77,56.07,47.33,31.93
252.34,35.01,21.10,22.19,20.65,96.77,55.93,47.33,31.99
252.35,34.95,21.07,22.19,20.65,96.77,55.93,47.33,31.99
252.36,34.95,21.07,22.19,20.65,97.14,55.93,47.33,31.99
252.37,35.01,21.07,22.19,20.65,97.14,56.07,47.33,31.99
252.38,34.95,21.10,22.19,20.65,97.14,56.07,47.44,31.93
252.39,34.95,21.10,22.19,20.62,96.77,55.93,47.33,31.99
252.40,34.95,21.07,22.19,20.65,96.77,55.93,47.33,31.99
252.41,34.95,21.07,22.19,20.65,96.77,56.07,47.33,31.93
252.42,35.01,21.10,22.19,20.65,96.77,55.93,47.33,31.99
252.43,35.01,21.07,22.19,20.65,97.14,55.93,47.33,31.99
252.44,35.01,21.10,22.19,20.65,96.77,55.93,47.33,31.99
252.45,35.01,21.10,22.19,20.65,96.77,56.07,47.33,31.99
252.46,34.95,21.07,22.19,20.65,96.77,55.93,47.33,31.99
252.47,35.01,21.07,22.19,20.65,97.14,55.93,47.33,31.93
252.48,34.95,21.10,22.19,20.65,97.14,55.93,47.33,31.99
252.49,35.01,21.07,22.19,20.65,96.77,55.93,47.33,31.99
252.50,34.95,21.10,22.19,20.65,96.77,55.93,47.33,31.99
252.51,35.01,21.07,22.19,20.65,96.77,56.07,47.33,31.99
252.52,35.01,21.10,22.19,20.65,97.14,55.93,47.33,31.99
252.53,34.95,21.10,22.19,20.65,96.77,56.07,47.33,31.99
252.54,35.08,21.10,22.19,20.65,97.14,56.07,47.33,31.99
252.55,34.95,21.07,22.19,20.65,96.77,55.93,47.33,31.99
252.56,34.95,21.07,22.19,20.65,96.77,55.93,47.33,31.99
252.57,34.95,21.10,22.19,20.65,97.14,56.07,47.44,31.99
252.58,34.95,21.10,22.19,20.65,96.77,56.07,47.33,31.99
252.59,35.01,21.10,22.22,20.65,96.77,56.07,47.33,31.93
252.60,34.95,21.07,22.19,20.65,97.14,55.93,47.33,31.93
252.61,34.95,21.07,22.19,20.65,96.77,55.93,47.44,31.99
252.62,34.95,21.04,22.19,20.65,97.14,56.07,47.33,31.93
252.63,34.95,21.10,22.19,20.62,96.77,55.93,47.33,31.99
252.64,34.95,21.10,22.19,20.65,96.77,56.07,47.33,31.99
252.65,34.95,21.07,22.19,20.65,96.77,55.93,47.33,31.99
252.66,34.95,21.07,22.19,20.65,96.77,55.93,47.33,31.93
252.67,34.95,21.04,22.19,20.62,96.77,56.07,47.33,31.99
252.68,34.95,21.13,22.19,20.65,97.14,55.93,47.44,31.99
252.69,34.95,21.07,22.19,20.62,97.14,55.93,47.44,31.99
252.70,34.95,21.10,22.19,20.65,97.14,56.07,47.44,31.99
252.71,35.01,21.07,22.19,20.65,96.77,55.93,47.33,31.99
252.72,35.01,21.10,22.19,20.65,96.77,55.93,47.44,31.99
252.73,35.01,21.10,22.19,20.65,96.77,56.07,47.44,31.99
252.74,34.95,21.10,22.19,20.65,96.77,55.93,47.33,31.99
252.75,34.95,21.07,22.19,20.65,96.77,55.93,47.33,31.99
252.76,34.95,21.07,22.19,20.65,96.77,56.07,47.33,31.99
252.77,34.95,21.10,22.19,20.65,97.14,55.79,47.44,31.93
252.78,35.01,21.10,22.22,20.65,97.14,56.21,47.44,31.99
252.79,35.01,21.10,22.19,20.65,97.14,55.79,47.33,31.93
252.80,35.01,21.07,22.19,20.65,97.14,55.93,47.44,32.05
252.81,34.95,21.07,22.19,20.65,96.77,56.07,47.33,31.99
252.82,34.95,21.10,22.19,20.62,97.14,55.93,47.33,31.99
252.83,35.01,21.10,22.19,20.65,97.14,56.07,47.44,31.99
252.84,35.01,21.10,22.19,20.65,96.77,55.93,47.33,31.99
252.85,34.95,21.10,22.19,20.65,96.77,55.93,47.44,31.99
252.86,34.95,21.07,22.19,20.65,97.14,55.93,47.33,31.99
252.87,35.01,21.07,22.19,20.65,96.77,56.07,47.33,31.99
252.88,34.95,21.10,22.19,20.65,96.77,56.07,47.33,31.99
252.89,35.01,21.10,22.19,20.65,97.14,55.93,47.44,31.99
252.90,34.95,21.07,22.19,20.65,96.77,55.93,47.44,31.99
252.91,35.01,21.07,22.19,20.65,96.77,56.07,47.33,31.99
252.92,34.95,21.10,22.19,20.65,97.14,56.07,47.33,31.99
252.93,35.01,21.13,22.22,20.65,97.14,56.07,47.44,31.99
252.94,35.01,21.10,22.15,20.65,96.77,56.07,47.33,31.99
252.95,34.95,21.10,22.19,20.65,96.77,56.07,47.33,31.99
252.96,34.95,21.07,22.19,20.65,97.14,55.93,47.44,31.99
252.97,34.95,21.07,22.19,20.65,97.14,56.07,47.44,31.99
252.98,35.01,21.10,22.19,20.65,97.14,56.07,47.33,31.99
252.99,35.01,21.10,22.22,20.65,96.77,56.07,47.22,31.99
253.00,34.95,21.10,22.19,20.65,97.14,55.93,47.44,31.99
253.01,35.01,21.10,22.19,20.65,96.77,56.07,47.33,31.99
253.02,34.95,21.10,22.19,20.65,96.77,55.93,47.33,31.99
253.03,35.01,21.10,22.22,20.65,97.51,55.93,47.44,31.99
253.04,35.01,21.10,22.19,20.65,97.14,56.07,47.22,32.05
253.05,35.01,21.10,22.19,20.65,96.77,55.93,47.44,31.99
253.06,34.95,21.07,22.19,20.65,96.77,56.07,47.33,31.99
253.07,34.95,21.10,22.19,20.65,96.77,56.07,47.33,31.99
253.08,35.01,21.10,22.19,20.65,96.77,56.07,47.33,32.05
253.09,34.95,21.10,22.22,20.65,97.14,56.07,47.33,31.99
253.10,34.95,21.07,22.19,20.65,96.77,55.93,47.33,31.99
253.11,35.01,21.10,22.19,20.65,97.14,55.93,47.44,32.05
253.12,35.01,21.10,22.19,20.65,97.14,55.93,47.44,31.99
253.13,35.01,21.10,22.22,20.65,96.77,56.07,47.44,31.99
253.14,35.01,21.10,22.22,20.65,97.14,56.07,47.44,31.99
253.15,34.95,21.07,22.19,20.65,97.14,55.93,47.33,31.99
253.16,35.01,21.10,22.19,20.65,96.77,55.93,47.22,31.99
253.17,35.01,21.10,22.22,20.65,97.14,55.93,47.33,31.99
253.18,35.01,21.10,22.22,20.65,97.14,56.07,47.44,31.99
253.19,35.01,21.10,22.22,20.65,97.14,55.93,47.44,32.05
253.20,35.01,21.10,22.19,20.65,97.14,55.93,47.44,31.99
253.21,35.08,21.10,22.19,20.65,96.77,56.07,47.44,32.05
253.22,35.01,21.10,22.19,20.65,97.14,56.07,47.33,31.99
253.23,35.01,21.10,22.22,20.65,97.14,55.93,47.44,31.99
253.24,35.08,21.10,22.22,20.65,96.77,56.07,47.33,31.99
253.25,35.01,21.07,22.19,20.65,96.77,55.93,47.33,32.05
253.26,34.95,21.07,22.19,20.65,96.77,55.93,47.33,32.05
253.27,35.01,21.10,22.19,20.65,97.14,56.07,47.44,31.99
253.28,35.01,21.10,22.22,20.65,97.14,56.07,47.44,32.05
253.29,35.01,21.10,22.19,20.65,97.14,56.07,47.44,31.99
253.30,34.95,21.10,22.22,20.65,96.77,56.07,47.44,31.99
253.31,35.01,21.10,22.19,20.65,96.77,56.07,47.33,32.05
253.32,34.95,21.10,22.22,20.65,96.77,56.07,47.44,31.99
253.33,35.01,21.10,22.22,20.65,96.77,56.07,47.44,32.05
253.34,35.08,21.10,22.22,20.65,96.77,56.07,47.44,32.05
253.35,35.01,21.10,22.19,20.65,96.77,55.93,47.33,32.05
253.36,34.95,21.07,22.19,20.65,97.14,55.93,47.33,32.05
253.37,34.95,21.10,22.22,20.65,97.14,56.07,47.54,31.99
253.38,35.01,21.10,22.19,20.65,97.14,56.07,47.44,32.05
253.39,35.01,21.10,22.19,20.65,97.14,56.07,47.44,32.05
253.40,34.95,21.10,22.22,20.65,97.14,55.93,47.44,31.99
253.41,35.01,21.07,22.19,20.65,96.77,55.93,47.33,32.05
253.42,35.01,21.10,22.19,20.65,97.14,56.07,47.44,32.05
253.43,35.01,21.10,22.22,20.65,97.14,55.93,47.44,32.05
253.44,35.08,21.13,22.22,20.65,97.14,55.93,47.33,32.05
253.45,35.01,21.10,22.19,20.65,97.14,55.93,47.33,32.05
253.46,35.01,21.10,22.19,20.65,96.77,56.07,47.44,32.05
253.47,35.08,21.10,22.19,20.65,97.14,55.93,47.33,32.05
253.48,35.01,21.10,22.22,20.65,97.14,56.07,47.44,32.05
253.49,35.01,21.10,22.22,20.65,97.14,56.07,47.44,32.05
253.50,35.01,21.10,22.19,20.65,97.14,55.93,47.44,32.05
253.51,34.95,21.10,22.19,20.65,96.77,56.07,47.44,32.05
253.52,34.95,21.10,22.19,20.65,97.14,56.07,47.44,32.05
253.53,35.01,21.10,22.22,20.65,96.77,56.07,47.44,32.05
253.54,35.01,21.10,22.22,20.65,96.77,56.07,47.44,32.05
253.55,34.95,21.10,22.19,20.65,96.77,56.07,47.44,32.05
253.56,35.01,21.10,22.22,20.65,96.77,55.93,47.33,32.05
253.57,34.95,21.10,22.22,20.65,97.14,55.93,47.44,32.05
253.58,35.01,21.10,22.22,20.65,97.14,55.93,47.44,32.05
253.59,35.01,21.10,22.22,20.65,97.14,56.07,47.44,32.05
253.60,34.95,21.07,22.22,20.65,97.14,56.07,47.44,32.05
253.61,34.95,21.07,22.22,20.65,96.77,56.07,47.33,31.99
253.62,35.01,21.10,22.22,20.65,97.14,56.07,47.44,31.99
253.63,35.01,21.10,22.22,20.65,97.14,56.07,47.44,32.05
253.64,35.01,21.10,22.22,20.65,96.77,56.07,47.44,32.05
253.65,35.01,21.10,22.22,20.65,97.14,56.07,47.44,32.05
253.66,35.08,21.10,22.19,20.65,96.77,56.07,47.44,32.05
253.67,35.01,21.10,22.22,20.65,97.14,56.07,47.44,32.05
253.68,35.01,21.10,22.22,20.65,97.14,56.07,47.44,32.05
253.69,35.01,21.10,22.22,20.65,96.77,56.07,47.44,32.05
253.70,34.95,21.10,22.19,20.65,97.14,55.93,47.44,32.05
253.71,34.95,21.10,22.19,20.65,97.14,56.07,47.33,32.05
253.72,35.01,21.10,22.22,20.65,97.14,56.07,47.44,32.05
253.73,35.01,21.10,22.22,20.65,97.14,56.07,47.44,32.05
253.74,35.08,21.10,22.22,20.65,96.77,56.07,47.33,31.99
253.75,35.01,21.10,22.19,20.65,97.14,56.07,47.33,32.05
253.76,35.01,21.10,22.22,20.65,96.77,55.93,47.44,32.05
253.77,35.01,21.10,22.22,20.65,97.14,56.07,47.33,31.99
253.78,35.01,21.10,22.22,20.65,97.14,56.07,47.44,32.05
253.79,35.01,21.10,22.22,20.65,97.14,56.07,47.44,32.05
253.80,35.01,21.10,22.22,20.65,97.14,55.93,47.44,32.05
253.81,35.01,21.10,22.19,20.65,97.14,55.93,47.44,32.05
253.82,34.95,21.10,22.19,20.65,97.14,56.07,47.44,32.05
253.83,35.01,21.10,22.22,20.65,97.14,56.07,47.44,32.05
253.84,35.15,21.10,22.22,20.65,96.77,55.93,47.44,32.05
253.85,34.95,21.10,22.19,20.65,97.14,55.93,47.33,32.05
253.86,35.01,21.10,22.19,20.65,96.77,55.93,47.33,32.05
253.87,35.01,21.10,22.22,20.65,97.14,56.07,47.44,32.05
253.88,35.01,21.13,22.22,20.68,97.14,56.07,47.44,32.05
253.89,35.01,21.10,22.22,20.65,97.14,56.07,47.44,32.05
253.90,34.95,21.07,22.19,20.65,96.77,56.07,47.33,32.05
253.91,35.01,21.07,22.19,20.65,97.14,56.07,47.44,32.05
253.92,35.01,21.10,22.22,20.65,97.14,56.07,47.44,32.05
253.93,35.08,21.10,22.22,20.65,97.14,56.07,47.44,32.05
253.94,35.01,21.13,22.22,20.68,97.14,56.07,47.44,32.05
253.95,35.08,21.10,22.22,20.65,96.77,56.07,47.44,32.05
253.96,35.01,21.10,22.19,20.65,96.77,56.07,47.44,32.05
253.97,35.01,21.10,22.22,20.65,97.14,56.07,47.44,32.05
253.98,35.01,21.13,22.22,20.65,97.14,56.07,47.44,32.05
253.99,35.01,21.10,22.22,20.65,97.14,56.07,47.44,32.05
254.00,35.01,21.10,22.22,20.65,97.51,56.07,47.44,32.05
254.01,35.01,21.10,22.19,20.65,97.14,55.93,47.44,32.05
254.02,35.01,21.10,22.22,20.65,97.14,56.21,47.44,32.05
254.03,35.08,21.10,22.22,20.65,97.14,55.93,47.44,31.99
254.04,35.01,21.13,22.22,20.65,97.14,56.21,47.44,32.05
254.05,35.08,21.10,22.22,20.65,97.14,55.93,47.44,31.99
254.06,34.95,21.10,22.22,20.65,97.14,56.07,47.44,32.05
254.07,35.01,21.10,22.22,20.65,97.14,56.07,47.44,32.05
254.08,35.08,21.10,22.22,20.65,97.14,55.93,47.44,32.05
254.09,35.01,21.10,22.22,20.65,97.14,56.07,47.44,32.05
254.10,35.08,21.10,22.19,20.65,96.77,56.07,47.33,32.05
254.11,35.01,21.10,22.22,20.65,97.14,55.93,47.44,32.05
254.12,35.01,21.10,22.22,20.65,97.14,56.07,47.44,32.05
254.13,35.01,21.10,22.25,20.65,97.14,56.07,47.54,32.05
254.14,35.01,21.13,22.22,20.65,97.14,56.07,47.44,32.05
254.15,35.08,21.10,22.22,20.65,97.51,55.93,47.44,32.05
254.16,34.95,21.10,22.22,20.65,97.14,56.07,47.44,32.05
254.17,35.08,21.10,22.22,20.65,97.14,56.07,47.44,32.05
254.18,34.95,21.13,22.22,20.65,97.14,56.07,47.44,32.05
254.19,35.01,21.10,22.25,20.65,97.14,56.07,47.44,32.05
254.20,35.01,21.10,22.19,20.65,96.77,56.07,47.44,32.05
254.21,35.01,21.10,22.22,20.68,97.14,55.93,47.44,32.05
254.22,35.01,21.10,22.22,20.65,97.14,56.07,47.44,32.05
254.23,35.01,21.13,22.22,20.65,97.14,56.07,47.54,32.10
254.24,35.08,21.13,22.22,20.65,97.14,56.07,47.44,32.05
254.25,35.08,21.10,22.22,20.65,96.77,56.07,47.33,32.05
254.26,35.01,21.10,22.22,20.65,97.14,56.07,47.33,32.05
254.27,35.08,21.10,22.22,20.65,97.51,56.07,47.54,32.05
254.28,35.08,21.13,22.22,20.68,96.77,56.07,47.44,32.05
254.29,35.08,21.10,22.22,20.65,97.14,56.07,47.54,32.05
254.30,35.01,21.10,22.22,20.65,96.77,56.07,47.33,32.10
254.31,35.01,21.10,22.22,20.65,96.77,56.07,47.44,32.05
254.32,35.01,21.10,22.22,20.65,97.14,56.07,47.44,32.05
254.33,35.08,21.10,22.22,20.68,97.14,56.07,47.44,32.05
254.34,35.01,21.13,22.22,20.65,97.14,56.07,47.44,32.05
254.35,35.01,21.10,22.22,20.68,97.14,56.07,47.44,32.05
254.36,35.01,21.10,22.22,20.65,96.77,56.07,47.44,32.05
254.37,35.01,21.10,22.22,20.65,97.14,56.07,47.44,32.10
254.38,35.08,21.13,22.22,20.65,97.14,56.07,47.44,32.10
254.39,35.01,21.13,22.22,20.65,97.14,56.07,47.44,32.05
254.40,35.08,21.10,22.25,20.65,97.14,56.07,47.44,32.05
254.41,35.01,21.10,22.22,20.65,97.14,56.07,47.44,32.05
254.42,35.01,21.10,22.22,20.65,97.14,56.07,47.44,32.10
254.43,35.01,21.13,22.22,20.65,97.14,56.07,47.44,32.10
254.44,35.08,21.13,22.22,20.65,97.14,56.07,47.44,32.05
254.45,35.01,21.10,22.22,20.68,97.14,56.07,47.44,32.05
254.46,35.01,21.10,22.22,20.65,97.14,56.07,47.44,32.10
254.47,35.01,21.10,22.22,20.65,97.14,56.07,47.44,32.10
254.48,35.01,21.10,22.22,20.65,97.14,56.07,47.44,32.05
254.49,35.08,21.10,22.25,20.65,97.14,56.07,47.44,32.05
254.50,35.08,21.10,22.22,20.65,97.14,56.07,47.44,32.05
254.51,35.01,21.10,22.22,20.65,97.14,56.07,47.44,32.05
254.52,34.95,21.13,22.22,20.65,97.14,55.93,47.44,32.05
254.53,35.15,21.13,22.22,20.65,97.14,56.07,47.44,32.05
254.54,35.01,21.13,22.25,20.65,97.14,56.07,47.44,32.10
254.55,35.01,21.10,22.22,20.65,97.14,56.07,47.44,32.05
254.56,35.08,21.10,22.19,20.65,97.14,56.07,47.44,32.05
254.57,35.01,21.10,22.22,20.65,97.14,56.07,47.44,32.10
254.58,35.08,21.10,22.22,20.68,97.14,56.07,47.44,32.10
254.59,35.15,21.13,22.25,20.65,97.14,56.07,47.44,32.05
254.60,35.08,21.10,22.22,20.65,97.14,56.07,47.44,32.05
254.61,35.01,21.10,22.22,20.65,97.14,56.07,47.44,32.10
254.62,35.01,21.10,22.22,20.65,97.14,56.07,47.44,32.05
254.63,35.08,21.13,22.22,20.65,97.14,56.07,47.44,32.10
254.64,35.08,21.10,22.22,20.68,97.14,56.07,47.44,32.10
254.65,35.01,21.10,22.22,20.65,97.14,55.93,47.54,32.05
254.66,35.08,21.10,22.22,20.68,97.14,56.07,47.44,32.05
254.67,35.01,21.10,22.22,20.65,97.14,56.07,47.44,32.10
254.68,35.01,21.13,22.22,20.65,97.14,56.07,47.44,32.10
254.69,35.01,21.10,22.22,20.65,97.14,56.07,47.44,32.05
254.70,35.01,21.10,22.22,20.65,97.14,55.93,47.44,32.10
254.71,34.95,21.13,22.22,20.65,97.14,56.07,47.44,32.10
254.72,35.01,21.10,22.22,20.65,97.14,56.07,47.54,32.10
254.73,35.01,21.10,22.25,20.65,97.14,56.07,47.44,32.10
254.74,35.01,21.10,22.22,20.65,97.14,56.07,47.44,32.10
254.75,35.01,21.10,22.22,20.65,97.14,56.07,47.44,32.10
254.76,35.01,21.10,22.22,20.65,97.14,55.93,47.44,32.10
254.77,35.01,21.10,22.22,20.65,97.14,56.07,47.44,32.05
254.78,35.08,21.13,22.25,20.65,97.14,56.07,47.44,32.10
254.79,35.08,21.10,22.25,20.65,97.14,56.07,47.54,32.05
254.80,35.01,21.10,22.22,20.65,96.77,55.93,47.44,32.05
254.81,35.08,21.10,22.22,20.65,97.14,56.21,47.44,32.10
254.82,35.08,21.10,22.22,20.65,97.14,56.07,47.44,32.05
254.83,35.01,21.10,22.22,20.65,97.14,56.07,47.44,32.10
254.84,35.08,21.13,22.25,20.68,97.14,56.07,47.44,32.05
254.85,35.08,21.10,22.22,20.65,97.14,55.93,47.44,32.10
254.86,35.08,21.10,22.22,20.65,97.14,55.93,47.54,32.10
254.87,35.01,21.10,22.22,20.65,97.14,56.07,47.44,32.10
254.88,35.15,21.13,22.25,20.65,97.14,56.07,47.44,32.10
254.89,35.15,21.10,22.22,20.65,97.14,56.07,47.44,32.05
254.90,35.01,21.10,22.22,20.65,96.77,55.93,47.44,32.05
254.91,35.08,21.10,22.22,20.68,97.14,56.07,47.44,32.10
254.92,35.01,21.10,22.22,20.65,97.14,56.07,47.44,32.10
254.93,35.08,21.13,22.25,20.68,97.14,56.07,47.44,32.10
254.94,35.01,21.13,22.22,20.65,97.14,56.07,47.44,32.10
254.95,35.01,21.10,22.22,20.65,97.14,56.07,47.44,32.10
254.96,34.95,21.10,22.22,20.65,97.14,55.93,47.44,32.05
254.97,35.01,21.10,22.22,20.65,97.14,55.93,47.44,32.10
254.98,35.08,21.13,22.22,20.65,97.14,56.07,47.44,32.10
254.99,35.01,21.10,22.25,20.65,97.14,56.07,47.44,32.10
255.00,35.01,21.13,22.22,20.65,97.14,56.07,47.44,32.10
255.01,35.08,21.10,22.22,20.65,97.14,56.07,47.44,32.10
255.02,35.08,21.10,22.22,20.68,97.14,55.93,47.44,32.10
255.03,35.08,21.13,22.25,20.65,97.14,56.07,47.44,32.10
255.04,35.08,21.13,22.25,20.68,97.14,56.07,47.44,32.10
255.05,35.01,21.13,22.22,20.68,97.14,56.07,47.44,32.10
255.06,35.08,21.10,22.22,20.65,97.14,55.93,47.44,32.10
255.07,35.08,21.10,22.22,20.68,97.14,56.07,47.44,32.10
255.08,35.15,21.10,22.25,20.68,97.14,55.93,47.44,32.10
255.09,35.08,21.13,22.25,20.65,97.14,56.07,47.44,32.10
255.10,35.01,21.10,22.22,20.68,97.14,56.07,47.44,32.10
255.11,35.01,21.10,22.22,20.65,97.14,56.07,47.44,32.10
255.12,35.08,21.13,22.25,20.65,97.14,56.07,47.44,32.16
255.13,35.01,21.10,22.22,20.68,97.14,56.07,47.54,32.10
255.14,35.01,21.10,22.25,20.65,96.77,56.07,47.44,32.10
255.15,35.01,21.10,22.22,20.68,97.14,56.07,47.44,32.10
255.16,35.01,21.10,22.22,20.65,97.14,56.07,47.44,32.10
255.17,35.01,21.07,22.22,20.68,97.14,56.07,47.44,32.10
255.18,35.08,21.16,22.25,20.65,97.14,56.07,47.44,32.10
255.19,35.08,21.10,22.25,20.68,97.14,56.07,47.44,32.10
255.20,35.08,21.10,22.22,20.65,97.14,56.07,47.44,32.10
255.21,34.95,21.10,22.22,20.68,97.14,56.07,47.44,32.10
255.22,35.01,21.10,22.22,20.65,97.14,56.07,47.44,32.10
255.23,35.15,21.13,22.25,20.68,97.14,56.07,47.54,32.10
255.24,35.15,21.10,22.25,20.65,97.14,56.07,47.44,32.10
255.25,35.08,21.10,22.22,20.65,97.14,56.07,47.44,32.10
255.26,35.08,21.10,22.25,20.65,97.14,56.07,47.44,32.10
255.27,35.01,21.10,22.22,20.68,97.14,55.93,47.44,32.10
255.28,35.08,21.13,22.25,20.65,97.51,56.35,47.44,32.10
255.29,35.08,21.10,22.25,20.65,97.14,55.93,47.44,32.10
255.30,35.08,21.13,22.22,20.65,97.14,56.07,47.44,32.22
255.31,35.08,21.10,22.22,20.68,97.14,56.07,47.44,32.10
255.32,35.08,21.10,22.22,20.68,97.14,56.07,47.54,32.10
255.33,35.08,21.13,22.25,20.68,97.14,56.07,47.44,32.10
255.34,35.08,21.13,22.25,20.68,97.14,56.07,47.44,32.10
255.35,35.08,21.10,22.22,20.68,97.14,56.07,47.44,32.16
255.36,35.01,21.10,22.22,20.68,97.14,55.93,47.44,32.10
255.37,35.01,21.10,22.25,20.68,97.14,56.07,47.44,32.10
255.38,35.08,21.13,22.25,20.68,97.14,56.07,47.44,32.10
255.39,35.08,21.10,22.25,20.65,97.14,56.07,47.44,32.10
255.40,35.01,21.10,22.22,20.68,96.77,56.07,47.44,32.10
255.41,35.15,21.10,22.22,20.65,96.77,56.07,47.44,32.10
255.42,34.95,21.10,22.22,20.68,97.14,56.07,47.44,32.10
255.43,35.08,21.13,22.25,20.68,97.14,56.07,47.54,32.16
255.44,35.08,21.10,22.22,20.68,97.14,55.93,47.44,32.10
255.45,35.08,21.10,22.25,20.65,97.14,56.07,47.44,32.10
255.46,35.08,21.10,22.22,20.68,97.14,56.07,47.54,32.10
255.47,35.08,21.10,22.22,20.65,97.14,55.93,47.44,32.10
255.48,35.15,21.13,22.25,20.68,97.14,56.07,47.44,32.10
255.49,35.08,21.10,22.25,20.65,97.14,56.07,47.44,32.10
255.50,35.08,21.10,22.22,20.68,97.14,56.07,47.44,32.10
255.51,35.01,21.10,22.22,20.68,97.14,56.07,47.54,32.10
255.52,35.15,21.10,22.22,20.65,97.14,56.07,47.44,32.10
255.53,35.01,21.10,22.22,20.65,97.14,56.07,47.54,32.10
255.54,35.08,21.13,22.22,20.68,96.77,56.07,47.33,32.16
255.55,35.01,21.10,22.22,20.65,97.14,56.07,47.54,32.10
255.56,35.01,21.10,22.22,20.68,97.14,55.93,47.33,32.10
255.57,35.08,21.10,22.22,20.68,97.14,56.07,47.44,32.10
255.58,35.08,21.10,22.25,20.68,97.14,55.93,47.54,32.10
255.59,35.08,21.10,22.22,20.65,97.14,56.07,47.44,32.10
255.60,35.01,21.10,22.22,20.65,97.14,56.07,47.44,32.10
255.61,35.01,21.10,22.25,20.65,97.14,56.07,47.44,32.10
255.62,35.15,21.10,22.22,20.68,96.77,56.07,47.44,32.16
255.63,35.08,21.10,22.25,20.68,97.14,56.07,47.44,32.16
255.64,35.08,21.10,22.22,20.68,97.14,56.07,47.44,32.10
255.65,35.01,21.10,22.22,20.65,97.14,56.07,47.44,32.16
255.66,35.08,21.10,22.22,20.65,97.14,56.07,47.44,32.16
255.67,35.08,21.10,22.22,20.68,97.14,56.07,47.44,32.10
255.68,35.08,21.10,22.25,20.65,97.14,55.93,47.54,32.10
255.69,35.01,21.10,22.22,20.68,97.14,56.07,47.44,32.10
255.70,35.01,21.10,22.22,20.65,97.14,56.07,47.44,32.10
255.71,35.01,21.10,22.22,20.65,97.14,56.07,47.44,32.16
255.72,35.01,21.10,22.22,20.68,97.14,56.07,47.44,32.10
255.73,35.08,21.13,22.25,20.65,97.14,56.07,47.44,32.16
255.74,35.01,21.10,22.25,20.68,97.14,55.93,47.44,32.16
255.75,35.08,21.10,22.22,20.68,97.14,56.07,47.44,32.16
255.76,35.08,21.10,22.22,20.68,97.14,55.93,47.44,32.16
255.77,35.01,21.10,22.22,20.65,97.14,55.93,47.44,32.16
255.78,35.08,21.10,22.25,20.68,97.14,56.07,47.54,32.16
255.79,35.08,21.10,22.22,20.68,97.14,56.07,47.44,32.10
255.80,35.01,21.10,22.22,20.68,97.14,55.93,47.33,32.16
255.81,35.01,21.10,22.22,20.65,97.14,56.07,47.44,32.16
255.82,35.01,21.10,22.22,20.68,97.14,56.07,47.44,32.10
255.83,35.08,21.10,22.25,20.68,96.77,56.07,47.54,32.10
255.84,35.01,21.10,22.22,20.65,97.14,56.07,47.44,32.10
255.85,35.01,21.10,22.22,20.68,97.14,56.07,47.44,32.10
255.86,35.01,21.07,22.22,20.68,97.14,56.07,47.44,32.16
255.87,35.08,21.10,22.22,20.65,97.14,56.07,47.44,32.16
255.88,35.15,21.10,22.25,20.65,97.14,56.07,47.44,32.16
255.89,35.01,21.10,22.25,20.68,97.14,55.93,47.44,32.16
255.90,35.01,21.10,22.22,20.65,96.77,56.07,47.44,32.16
255.91,35.01,21.10,22.22,20.68,97.14,56.07,47.44,32.16
255.92,35.01,21.10,22.22,20.68,97.14,56.07,47.44,32.16
255.93,35.08,21.10,22.22,20.65,97.14,56.07,47.54,32.16
255.94,35.15,21.10,22.22,20.68,97.14,56.07,47.54,32.16
255.95,35.01,21.10,22.22,20.65,96.77,55.93,47.44,32.16
255.96,35.01,21.10,22.22,20.65,96.77,55.93,47.44,32.16
255.97,34.95,21.10,22.22,20.68,97.14,56.07,47.44,32.16
255.98,35.08,21.10,22.25,20.68,97.14,56.07,47.44,32.16
255.99,35.01,21.10,22.22,20.65,97.14,56.07,47.44,32.10
256.00,35.15,21.10,22.22,20.65,97.14,56.07,47.44,32.16
256.01,35.01,21.10,22.22,20.68,97.14,56.07,47.44,32.10
256.02,35.01,21.10,22.22,20.65,97.14,56.07,47.44,32.16
256.03,35.08,21.10,22.25,20.68,97.14,56.07,47.44,32.16
256.04,35.08,21.10,22.22,20.68,97.14,56.07,47.54,32.10
256.05,35.01,21.10,22.22,20.68,97.14,56.07,47.44,32.16
256.06,35.01,21.07,22.22,20.68,97.14,56.07,47.44,32.16
256.07,35.01,21.10,22.22,20.68,97.14,56.07,47.44,32.16
256.08,35.15,21.10,22.25,20.68,97.14,56.07,47.44,32.16
256.09,35.01,21.10,22.25,20.65,97.14,55.93,47.44,32.16
256.10,35.01,21.07,22.22,20.68,97.14,56.07,47.44,32.16
256.11,35.08,21.10,22.22,20.68,97.14,56.07,47.44,32.16
256.12,35.15,21.10,22.22,20.68,97.14,56.07,47.33,32.16
256.13,35.08,21.13,22.25,20.68,97.14,55.93,47.44,32.10
256.14,35.01,21.10,22.25,20.65,97.14,56.07,47.44,32.16
256.15,35.01,21.10,22.22,20.68,97.14,56.07,47.44,32.16
256.16,35.01,21.10,22.22,20.68,97.14,56.07,47.44,32.16
256.17,35.08,21.10,22.22,20.68,97.14,55.93,47.44,32.16
256.18,35.01,21.10,22.25,20.68,97.14,56.07,47.44,32.16
256.19,35.08,21.13,22.25,20.68,97.14,56.07,47.44,32.16
256.20,35.01,21.10,22.22,20.68,97.14,56.07,47.44,32.10
256.21,35.01,21.10,22.22,20.68,97.14,56.07,47.54,32.16
256.22,35.01,21.07,22.25,20.68,97.14,56.07,47.54,32.16
256.23,35.08,21.13,22.25,20.68,97.14,56.07,47.44,32.16
256.24,35.08,21.10,22.25,20.65,97.14,56.07,47.44,32.16
256.25,35.01,21.10,22.22,20.68,97.14,56.07,47.44,32.16
256.26,35.08,21.10,22.22,20.68,97.14,56.07,47.44,32.16
256.27,35.01,21.10,22.22,20.68,96.77,55.79,47.44,32.16
256.28,35.08,21.10,22.25,20.65,97.51,56.07,47.44,32.16
256.29,35.15,21.10,22.25,20.68,97.14,55.93,47.44,32.16
256.30,35.08,21.10,22.22,20.68,97.14,56.07,47.44,32.16
256.31,35.01,21.10,22.22,20.68,96.77,55.93,47.44,32.16
256.32,35.01,21.10,22.22,20.65,97.14,56.07,47.44,32.16
256.33,35.15,21.13,22.25,20.68,97.14,56.07,47.54,32.16
256.34,35.15,21.10,22.25,20.68,97.14,56.07,47.44,32.16
256.35,35.08,21.10,22.25,20.68,97.14,56.07,47.44,32.16
256.36,35.08,21.10,22.22,20.68,97.14,55.93,47.44,32.16
256.37,35.01,21.10,22.22,20.68,97.14,55.93,47.44,32.16
256.38,35.01,21.10,22.25,20.68,97.14,56.07,47.44,32.16
256.39,35.01,21.13,22.25,20.68,97.14,56.07,47.54,32.16
256.40,35.01,21.10,22.25,20.68,97.14,55.93,47.44,32.16
256.41,35.01,21.10,22.22,20.68,97.14,55.93,47.44,32.16
256.42,35.01,21.10,22.25,20.68,97.14,56.07,47.44,32.16
256.43,35.08,21.10,22.25,20.65,97.14,56.07,47.44,32.16
256.44,35.08,21.13,22.25,20.65,97.14,56.07,47.54,32.16
256.45,35.01,21.10,22.22,20.65,97.14,56.07,47.44,32.16
256.46,35.01,21.10,22.22,20.68,97.14,56.07,47.44,32.16
256.47,35.01,21.10,22.25,20.68,97.14,56.07,47.44,32.16
256.48,35.01,21.10,22.25,20.68,97.14,56.07,47.44,32.16
256.49,35.08,21.13,22.25,20.68,97.14,56.07,47.54,32.16
256.50,35.08,21.10,22.25,20.68,97.14,55.93,47.44,32.16
256.51,35.08,21.07,22.22,20.68,97.14,56.07,47.44,32.16
256.52,35.08,21.10,22.22,20.65,97.14,56.07,47.44,32.16
256.53,35.08,21.10,22.25,20.68,97.14,56.07,47.54,32.16
256.54,35.01,21.10,22.25,20.68,97.14,56.21,47.54,32.22
256.55,35.01,21.10,22.25,20.68,97.14,56.07,47.44,32.10
256.56,35.01,21.07,22.22,20.68,97.14,56.07,47.44,32.22
256.57,35.08,21.10,22.25,20.68,97.14,56.07,47.44,32.16
256.58,35.08,21.10,22.25,20.68,97.14,56.07,47.44,32.16
256.59,35.08,21.10,22.25,20.68,97.14,56.07,47.44,32.16
256.60,35.01,21.10,22.22,20.68,97.14,56.07,47.44,32.16
256.61,35.01,21.10,22.25,20.68,97.14,56.07,47.44,32.16
256.62,35.08,21.10,22.22,20.68,97.14,56.07,47.44,32.16
256.63,35.08,21.10,22.25,20.68,97.14,56.07,47.54,32.16
256.64,35.08,21.10,22.25,20.68,97.14,55.93,47.44,32.16
256.65,35.01,21.10,22.22,20.68,97.14,56.07,47.44,32.16
256.66,35.01,21.10,22.22,20.68,96.77,56.07,47.44,32.16
256.67,35.08,21.10,22.22,20.68,97.14,56.07,47.44,32.16
256.68,34.95,21.10,22.25,20.68,97.51,56.07,47.54,32.16
256.69,35.15,21.10,22.25,20.68,97.14,55.93,47.54,32.16
256.70,34.95,21.10,22.25,20.68,97.14,56.07,47.54,32.16
256.71,35.01,21.10,22.25,20.68,97.14,55.93,47.44,32.10
256.72,35.01,21.10,22.22,20.68,97.14,55.93,47.44,32.16
256.73,35.08,21.10,22.25,20.68,97.14,56.07,47.44,32.10
256.74,35.01,21.10,22.25,20.68,97.14,56.07,47.44,32.22
256.75,35.08,21.10,22.22,20.68,96.77,56.07,47.44,32.16
256.76,35.08,21.10,22.22,20.68,97.14,55.93,47.44,32.16
256.77,35.01,21.07,22.25,20.68,96.77,56.07,47.44,32.16
256.78,35.15,21.10,22.25,20.68,97.14,56.07,47.44,32.16
256.79,35.08,21.10,22.25,20.68,97.14,55.93,47.44,32.16
256.80,35.08,21.10,22.22,20.68,97.14,56.07,47.44,32.16
256.81,35.01,21.10,22.22,20.68,97.14,55.93,47.54,32.16
256.82,35.01,21.10,22.25,20.68,97.14,56.07,47.33,32.16
256.83,35.08,21.10,22.25,20.68,97.14,56.07,47.54,32.16
256.84,35.01,21.10,22.25,20.68,97.14,56.07,47.44,32.22
256.85,35.01,21.10,22.25,20.68,97.14,56.07,47.54,32.16
256.86,35.01,21.07,22.22,20.68,97.14,56.07,47.44,32.22
256.87,35.15,21.10,22.22,20.68,97.14,55.93,47.44,32.16
256.88,35.08,21.13,22.25,20.68,97.14,56.07,47.54,32.22
256.89,35.01,21.10,22.25,20.68,97.14,55.93,47.44,32.16
256.90,35.15,21.10,22.25,20.68,97.14,56.07,47.44,32.16
256.91,35.08,21.10,22.22,20.68,97.14,56.07,47.44,32.16
256.92,35.08,21.10,22.25,20.68,97.14,56.07,47.54,32.16
256.93,35.08,21.10,22.25,20.68,97.14,56.07,47.54,32.22
256.94,35.08,21.10,22.25,20.68,97.14,55.93,47.44,32.22
256.95,35.01,21.07,22.25,20.65,97.14,55.93,47.54,32.22
256.96,35.01,21.07,22.22,20.68,97.14,56.07,47.44,32.16
256.97,35.08,21.10,22.25,20.68,96.77,55.93,47.44,32.22
256.98,35.15,21.10,22.25,20.68,97.14,56.07,47.54,32.22
256.99,35.08,21.10,22.25,20.68,97.14,56.07,47.54,32.22
257.00,35.08,21.10,22.22,20.68,97.14,56.07,47.44,32.16
257.01,35.01,21.10,22.25,20.68,97.14,56.07,47.44,32.16
257.02,35.15,21.10,22.25,20.68,97.14,56.07,47.44,32.22
257.03,35.15,21.13,22.25,20.68,97.14,56.07,47.54,32.16
257.04,35.01,21.10,22.25,20.68,97.14,56.07,47.44,32.22
257.05,35.01,21.10,22.22,20.68,97.14,56.07,47.44,32.16
257.06,35.08,21.10,22.22,20.68,97.14,56.07,47.44,32.22
257.07,35.08,21.10,22.25,20.68,97.14,56.07,47.44,32.22
257.08,35.08,21.10,22.25,20.68,96.77,56.07,47.44,32.22
257.09,35.08,21.10,22.25,20.68,97.14,56.07,47.54,32.16
257.10,35.08,21.10,22.25,20.68,96.77,55.93,47.54,32.16
257.11,35.08,21.10,22.25,20.68,97.14,56.07,47.44,32.22
257.12,35.01,21.10,22.25,20.68,97.14,56.07,47.44,32.22
257.13,35.08,21.13,22.25,20.68,97.14,56.07,47.54,32.22
257.14,35.08,21.10,22.25,20.68,97.14,56.07,47.54,32.22
257.15,35.08,21.13,22.25,20.68,97.14,55.93,47.54,32.16
257.16,35.08,21.07,22.25,20.68,97.14,56.07,47.54,32.22
257.17,35.01,21.07,22.25,20.68,97.14,56.07,47.44,32.16
257.18,35.08,21.13,22.25,20.68,97.14,56.07,47.44,32.22
257.19,35.08,21.10,22.25,20.68,97.14,56.07,47.44,32.22
257.20,35.01,21.07,22.25,20.68,97.14,56.07,47.44,32.16
257.21,35.08,21.10,22.22,20.68,96.77,55.93,47.44,32.22
257.22,35.01,21.10,22.25,20.68,97.14,56.07,47.54,32.22
257.23,35.15,21.10,22.29,20.68,97.14,56.07,47.54,32.22
257.24,35.08,21.13,22.25,20.68,97.14,56.07,47.54,32.16
257.25,35.01,21.10,22.25,20.68,97.14,56.07,47.54,32.22
257.26,35.01,21.10,22.25,20.68,97.14,56.07,47.54,32.22
257.27,35.15,21.10,22.25,20.68,97.14,56.07,47.44,32.16
257.28,35.15,21.10,22.25,20.68,97.51,56.07,47.54,32.22
257.29,35.08,21.13,22.25,20.68,97.14,56.07,47.54,32.22
257.30,35.01,21.07,22.25,20.68,97.14,56.07,47.54,32.16
257.31,35.01,21.10,22.25,20.68,97.14,56.07,47.54,32.22
257.32,35.08,21.10,22.25,20.68,97.14,56.07,47.44,32.22
257.33,35.15,21.10,22.29,20.68,97.14,56.07,47.54,32.22
257.34,35.15,21.10,22.25,20.68,97.14,55.93,47.54,32.16
257.35,35.01,21.10,22.25,20.68,97.14,56.07,47.44,32.22
257.36,35.15,21.10,22.25,20.68,97.14,56.07,47.44,32.22
257.37,35.01,21.10,22.25,20.68,97.14,56.07,47.54,32.22
257.38,35.08,21.10,22.25,20.68,97.14,56.07,47.54,32.22
257.39,35.08,21.10,22.25,20.68,97.14,56.07,47.54,32.22
257.40,35.08,21.10,22.25,20.68,97.14,56.07,47.54,32.22
257.41,35.08,21.10,22.25,20.68,97.14,56.07,47.54,32.22
257.42,35.08,21.10,22.25,20.68,97.14,56.07,47.54,32.22
257.43,35.15,21.10,22.25,20.68,97.14,56.07,47.54,32.22
257.44,35.01,21.13,22.25,20.68,97.14,55.93,47.44,32.22
257.45,35.15,21.10,22.25,20.68,97.14,56.07,47.44,32.22
257.46,35.08,21.10,22.22,20.68,97.14,55.93,47.44,32.16
257.47,35.01,21.10,22.25,20.68,97.14,56.07,47.54,32.22
257.48,35.01,21.13,22.25,20.68,97.14,56.07,47.54,32.22
257.49,35.08,21.13,22.25,20.68,97.14,56.07,47.54,32.22
257.50,35.08,21.10,22.25,20.68,97.14,56.07,47.54,32.22
257.51,35.01,21.10,22.25,20.68,97.14,56.07,47.54,32.22
257.52,35.08,21.10,22.25,20.68,97.14,56.07,47.54,32.22
257.53,35.15,21.13,22.25,20.68,97.14,55.93,47.54,32.22
257.54,35.08,21.13,22.25,20.68,97.14,56.07,47.54,32.22
257.55,35.01,21.10,22.25,20.68,97.14,56.07,47.54,32.22
257.56,35.01,21.10,22.25,20.68,97.14,56.07,47.54,32.22
257.57,35.08,21.10,22.25,20.68,97.14,56.07,47.44,32.22
257.58,35.08,21.10,22.25,20.71,97.14,55.93,47.54,32.22
257.59,35.08,21.10,22.25,20.71,97.14,55.93,47.54,32.22
257.60,35.08,21.07,22.25,20.68,97.14,56.07,47.54,32.22
257.61,35.01,21.10,22.25,20.68,97.14,56.07,47.54,32.22
257.62,35.08,21.10,22.25,20.68,97.14,56.07,47.54,32.22
257.63,35.08,21.10,22.25,20.68,97.14,56.07,47.54,32.22
257.64,35.15,21.10,22.25,20.68,97.14,56.07,47.54,32.22
257.65,35.01,21.10,22.25,20.71,97.14,56.07,47.54,32.22
257.66,35.08,21.10,22.25,20.68,97.14,56.07,47.54,32.22
257.67,35.08,21.10,22.25,20.71,97.14,56.07,47.54,32.22
257.68,35.15,21.13,22.25,20.68,97.14,56.07,47.54,32.22
257.69,35.08,21.16,22.25,20.68,97.14,56.07,47.54,32.22
257.70,35.08,21.13,22.25,20.71,97.14,55.93,47.54,32.22
257.71,35.08,21.10,22.25,20.68,97.14,56.07,47.54,32.22
257.72,35.01,21.10,22.25,20.68,97.14,56.07,47.44,32.22
257.73,35.15,21.13,22.25,20.68,97.14,56.07,47.54,32.22
257.74,35.15,21.13,22.29,20.68,97.14,56.07,47.54,32.22
257.75,35.08,21.10,22.25,20.68,97.14,56.07,47.54,32.22
257.76,35.08,21.10,22.25,20.71,97.14,55.93,47.54,32.22
257.77,35.08,21.10,22.25,20.68,97.14,56.07,47.54,32.22
257.78,35.08,21.10,22.29,20.71,97.14,56.07,47.54,32.27
257.79,35.15,21.10,22.29,20.68,97.14,55.93,47.54,32.16
257.80,35.15,21.10,22.25,20.71,97.14,56.07,47.54,32.27
257.81,35.08,21.10,22.25,20.68,97.14,56.07,47.54,32.16
257.82,35.01,21.10,22.25,20.68,97.14,56.07,47.54,32.27
257.83,35.15,21.13,22.29,20.68,97.14,56.07,47.54,32.22
257.84,35.15,21.13,22.29,20.68,97.14,55.93,47.54,32.27
257.85,35.15,21.13,22.29,20.68,97.14,56.07,47.54,32.22
257.86,35.01,21.10,22.25,20.68,97.14,56.07,47.54,32.22
257.87,35.08,21.10,22.25,20.68,97.14,56.07,47.54,32.27
257.88,35.08,21.13,22.29,20.68,97.14,56.07,47.54,32.22
257.89,35.08,21.13,22.25,20.68,97.14,56.21,47.54,32.22
257.90,35.15,21.10,22.25,20.68,97.14,56.07,47.54,32.22
257.91,35.01,21.10,22.25,20.68,97.14,56.07,47.54,32.22
257.92,35.08,21.10,22.25,20.68,97.14,56.07,47.54,32.27
257.93,35.01,21.10,22.29,20.71,97.14,56.07,47.54,32.22
257.94,35.01,21.13,22.29,20.68,97.14,56.07,47.54,32.22
257.95,35.08,21.10,22.25,20.68,97.14,56.07,47.44,32.22
257.96,35.08,21.10,22.22,20.68,97.14,56.07,47.54,32.22
257.97,35.08,21.10,22.25,20.68,97.14,55.93,47.54,32.22
257.98,35.01,21.10,22.29,20.71,97.14,56.07,47.54,32.22
257.99,35.08,21.13,22.25,20.68,97.14,56.07,47.65,32.22
258.00,35.15,21.10,22.25,20.68,97.14,56.07,47.54,32.22
258.01,35.01,21.10,22.25,20.68,97.14,56.07,47.54,32.22
258.02,35.08,21.10,22.25,20.68,97.51,55.93,47.44,32.27
258.03,35.08,21.13,22.25,20.68,97.14,56.07,47.44,32.27
258.04,35.08,21.13,22.25,20.68,97.51,56.07,47.54,32.22
258.05,35.08,21.10,22.25,20.68,96.77,56.07,47.54,32.22
258.06,35.08,21.10,22.25,20.68,97.14,56.07,47.44,32.22
258.07,35.08,21.10,22.25,20.68,97.14,56.07,47.54,32.27
258.08,35.15,21.13,22.25,20.68,97.14,56.07,47.54,32.22
258.09,35.08,21.10,22.29,20.68,97.14,56.07,47.54,32.27
258.10,35.08,21.10,22.25,20.68,97.14,55.93,47.54,32.22
258.11,35.01,21.10,22.25,20.68,97.14,55.93,47.54,32.22
258.12,35.08,21.13,22.25,20.68,97.14,56.07,47.54,32.27
258.13,35.15,21.10,22.25,20.71,97.14,56.07,47.54,32.22
258.14,35.15,21.13,22.29,20.68,97.14,56.07,47.54,32.22
258.15,35.01,21.10,22.25,20.68,97.14,56.07,47.54,32.22
258.16,35.08,21.10,22.25,20.68,97.14,55.93,47.54,32.22
258.17,35.08,21.10,22.25,20.68,97.14,56.07,47.54,32.27
258.18,35.08,21.13,22.29,20.71,97.14,56.07,47.65,32.22
258.19,35.15,21.13,22.29,20.68,97.14,56.07,47.54,32.22
258.20,35.01,21.13,22.25,20.68,97.14,56.07,47.54,32.22
258.21,35.08,21.10,22.25,20.71,97.14,56.07,47.54,32.27
258.22,35.08,21.10,22.25,20.68,97.14,56.07,47.54,32.27
258.23,35.08,21.10,22.25,20.68,97.14,56.07,47.65,32.27
258.24,35.08,21.13,22.25,20.68,97.14,56.07,47.54,32.27
258.25,35.08,21.10,22.25,20.68,97.14,56.07,47.54,32.27
258.26,35.08,21.10,22.25,20.68,97.14,56.07,47.54,32.22
258.27,35.08,21.10,22.25,20.68,97.14,56.07,47.54,32.27
258.28,35.08,21.13,22.25,20.68,97.14,55.93,47.54,32.27
258.29,35.15,21.13,22.29,20.71,97.14,56.07,47.54,32.27
258.30,35.08,21.10,22.25,20.68,97.14,56.07,47.54,32.27
258.31,35.01,21.10,22.25,20.68,97.14,56.07,47.54,32.22
258.32,35.08,21.10,22.25,20.68,97.14,56.07,47.54,32.22
258.33,35.15,21.13,22.25,20.68,97.14,56.07,47.54,32.27
258.34,35.08,21.10,22.29,20.71,97.14,56.07,47.54,32.27
258.35,35.08,21.10,22.25,20.68,97.14,55.93,47.54,32.22
258.36,35.01,21.07,22.25,20.68,97.14,56.07,47.54,32.22
258.37,35.15,21.10,22.25,20.68,97.14,55.93,47.54,32.27
258.38,35.08,21.13,22.29,20.71,97.14,56.07,47.54,32.27
258.39,35.15,21.10,22.29,20.71,97.14,56.07,47.44,32.27
258.40,35.08,21.10,22.29,20.68,97.14,56.07,47.54,32.27
258.41,35.08,21.10,22.25,20.68,97.14,55.93,47.54,32.27
258.42,35.01,21.10,22.25,20.68,97.14,56.07,47.54,32.27
258.43,35.08,21.13,22.29,20.68,96.77,56.07,47.54,32.27
258.44,35.08,21.10,22.29,20.68,97.14,56.07,47.54,32.22
258.45,35.01,21.10,22.25,20.68,97.14,56.07,47.44,32.27
258.46,35.01,21.10,22.25,20.68,97.14,56.07,47.54,32.27
258.47,35.08,21.10,22.25,20.71,97.51,56.07,47.54,32.22
258.48,35.21,21.10,22.29,20.68,97.14,56.07,47.54,32.27
258.49,35.08,21.10,22.25,20.68,97.14,56.07,47.54,32.27
258.50,35.01,21.10,22.25,20.68,97.14,56.07,47.54,32.27
258.51,35.01,21.10,22.25,20.68,97.14,55.93,47.54,32.27
258.52,35.08,21.10,22.25,20.71,97.14,56.07,47.54,32.27
258.53,35.08,21.10,22.29,20.68,97.14,56.07,47.54,32.22
258.54,35.15,21.10,22.29,20.68,97.14,56.07,47.54,32.27
258.55,35.15,21.10,22.25,20.68,97.14,56.07,47.54,32.27
258.56,35.01,21.10,22.25,20.68,97.14,56.07,47.54,32.27
258.57,35.01,21.10,22.25,20.68,97.14,56.07,47.54,32.27
258.58,35.15,21.13,22.29,20.71,97.14,56.07,47.44,32.27
258.59,35.08,21.13,22.29,20.68,97.14,56.07,47.54,32.27
258.60,35.15,21.10,22.25,20.68,97.14,56.07,47.54,32.27
258.61,35.08,21.10,22.25,20.68,97.14,56.07,47.54,32.27
258.62,35.08,21.10,22.25,20.68,97.14,56.07,47.54,32.27
258.63,35.08,21.13,22.29,20.68,97.14,56.07,47.54,32.27
258.64,35.08,21.13,22.29,20.68,97.14,56.07,47.54,32.27
258.65,35.08,21.10,22.25,20.68,97.14,56.07,47.54,32.27
258.66,35.01,21.10,22.25,20.68,97.14,56.07,47.54,32.27
258.67,35.15,21.10,22.25,20.68,97.14,56.07,47.54,32.27
258.68,35.08,21.10,22.29,20.68,97.51,55.93,47.54,32.27
258.69,35.08,21.13,22.29,20.71,97.14,56.07,47.54,32.27
258.70,35.08,21.10,22.25,20.71,97.14,56.07,47.54,32.27
258.71,35.08,21.10,22.25,20.68,97.14,56.07,47.54,32.27
258.72,35.08,21.10,22.25,20.71,97.14,56.07,47.54,32.27
258.73,35.08,21.13,22.25,20.71,97.14,56.07,47.54,32.27
258.74,35.08,21.13,22.29,20.71,97.14,56.07,47.54,32.27
258.75,35.08,21.10,22.25,20.68,97.14,56.07,47.54,32.27
258.76,35.08,21.10,22.25,20.68,97.14,56.07,47.54,32.27
258.77,35.01,21.10,22.29,20.71,97.14,56.07,47.54,32.27
258.78,35.15,21.10,22.29,20.68,97.14,56.07,47.54,32.27
258.79,35.08,21.10,22.29,20.71,97.14,56.07,47.54,32.27
258.80,35.08,21.10,22.25,20.68,97.14,56.07,47.54,32.33
258.81,35.15,21.10,22.25,20.71,97.14,56.07,47.54,32.27
258.82,35.08,21.10,22.25,20.68,97.14,56.07,47.54,32.27
258.83,35.08,21.13,22.29,20.71,97.51,56.07,47.54,32.27
258.84,35.15,21.13,22.25,20.68,97.14,56.07,47.54,32.27
258.85,35.01,21.10,22.25,20.71,97.14,56.07,47.54,32.27
258.86,35.08,21.10,22.25,20.68,97.14,56.07,47.54,32.27
258.87,35.15,21.13,22.29,20.71,97.14,56.07,47.54,32.27
258.88,35.08,21.13,22.25,20.71,97.14,56.07,47.54,32.27
258.89,35.15,21.13,22.29,20.68,97.14,56.07,47.54,32.27
258.90,35.01,21.10,22.25,20.68,97.14,56.07,47.54,32.27
258.91,35.01,21.10,22.29,20.71,97.14,56.07,47.54,32.27
258.92,35.08,21.10,22.25,20.68,97.14,56.07,47.54,32.27
258.93,35.08,21.13,22.25,20.71,96.77,56.07,47.54,32.27
258.94,35.08,21.13,22.29,20.71,97.14,56.07,47.54,32.27
258.95,35.08,21.13,22.25,20.68,97.14,56.07,47.54,32.27
258.96,35.01,21.07,22.25,20.68,97.14,56.07,47.54,32.27
258.97,35.01,21.10,22.25,20.68,97.14,56.07,47.54,32.27
258.98,35.08,21.13,22.29,20.71,97.14,56.07,47.54,32.27
258.99,35.15,21.13,22.29,20.71,97.14,56.07,47.54,32.27
259.00,35.15,21.10,22.29,20.68,97.51,56.07,47.54,32.27
259.01,35.01,21.10,22.25,20.68,97.14,56.07,47.54,32.27
259.02,35.08,21.10,22.25,20.71,97.14,55.93,47.54,32.27
259.03,35.08,21.10,22.29,20.68,97.14,56.21,47.54,32.27
259.04,35.08,21.13,22.29,20.68,97.14,56.07,47.54,32.27
259.05,35.15,21.10,22.29,20.71,97.14,56.21,47.54,32.27
259.06,35.08,21.10,22.25,20.71,97.14,55.93,47.54,32.33
259.07,35.15,21.10,22.25,20.71,97.14,56.07,47.54,32.22
259.08,35.08,21.13,22.29,20.71,97.14,56.07,47.54,32.33
259.09,35.08,21.10,22.29,20.71,97.14,56.07,47.54,32.27
259.10,35.01,21.10,22.25,20.68,97.14,56.07,47.65,32.27
259.11,35.08,21.10,22.25,20.68,97.14,55.93,47.54,32.27
259.12,35.08,21.10,22.25,20.71,97.14,56.07,47.54,32.27
259.13,35.08,21.10,22.29,20.71,97.14,56.07,47.54,32.27
259.14,35.08,21.13,22.29,20.71,97.14,56.07,47.54,32.27
259.15,35.08,21.10,22.25,20.68,97.14,56.07,47.54,32.27
259.16,35.01,21.10,22.25,20.68,97.14,56.07,47.54,32.27
259.17,35.08,21.10,22.25,20.71,97.14,56.07,47.54,32.33
259.18,35.08,21.13,22.29,20.68,97.14,56.07,47.65,32.27
259.19,35.08,21.13,22.25,20.68,97.14,56.07,47.54,32.27
259.20,35.08,21.10,22.25,20.68,97.14,56.07,47.54,32.27
259.21,35.08,21.10,22.25,20.68,97.14,56.07,47.54,32.33
259.22,35.15,21.10,22.25,20.71,97.14,56.07,47.54,32.33
259.23,35.08,21.13,22.29,20.71,97.51,56.07,47.54,32.33
259.24,35.08,21.13,22.29,20.71,97.14,56.07,47.54,32.33
259.25,35.08,21.10,22.29,20.71,97.14,56.07,47.54,32.33
259.26,35.01,21.10,22.25,20.68,97.14,56.07,47.54,32.33
259.27,35.08,21.13,22.29,20.71,97.14,56.07,47.54,32.27
259.28,35.08,21.13,22.29,20.71,97.51,56.07,47.65,32.27
259.29,35.08,21.13,22.29,20.68,97.14,56.07,47.54,32.27
259.30,35.15,21.10,22.29,20.68,97.51,56.07,47.65,32.27
259.31,35.01,21.10,22.25,20.68,97.14,56.07,47.44,32.33
259.32,35.08,21.10,22.25,20.71,97.14,56.07,47.54,32.33
259.33,35.08,21.13,22.29,20.71,97.14,56.07,47.65,32.27
259.34,35.08,21.13,22.29,20.71,97.51,56.07,47.54,32.27
259.35,35.08,21.13,22.29,20.71,97.14,56.07,47.54,32.27
259.36,35.08,21.10,22.29,20.71,97.14,56.07,47.54,32.27
259.37,35.08,21.10,22.29,20.68,97.51,56.07,47.54,32.27
259.38,35.15,21.13,22.29,20.71,97.14,56.07,47.65,32.27
259.39,35.08,21.10,22.29,20.71,97.51,56.07,47.54,32.33
259.40,35.08,21.13,22.29,20.71,97.14,56.07,47.65,32.27
259.41,35.08,21.10,22.25,20.71,97.14,56.07,47.54,32.27
259.42,35.01,21.10,22.29,20.68,97.14,56.07,47.54,32.27
259.43,35.08,21.13,22.29,20.71,97.51,56.07,47.65,32.27
259.44,35.08,21.13,22.29,20.71,97.14,56.07,47.54,32.33
259.45,35.08,21.13,22.25,20.71,97.14,56.21,47.54,32.33
259.46,35.01,21.10,22.25,20.71,97.14,56.07,47.54,32.27
259.47,35.08,21.13,22.29,20.71,97.14,56.07,47.54,32.33
259.48,35.08,21.13,22.29,20.71,97.14,56.07,47.54,32.27
259.49,35.08,21.13,22.29,20.71,97.14,56.07,47.54,32.33
259.50,35.08,21.13,22.29,20.71,97.14,56.07,47.54,32.33
259.51,35.08,21.10,22.25,20.68,97.14,56.07,47.54,32.33
259.52,35.08,21.10,22.29,20.71,97.14,56.07,47.54,32.27
259.53,35.08,21.13,22.29,20.71,97.51,55.93,47.54,32.27
259.54,35.08,21.13,22.29,20.68,97.14,56.07,47.54,32.33
259.55,35.08,21.10,22.29,20.71,97.14,56.07,47.54,32.33
259.56,35.08,21.13,22.25,20.71,97.14,56.07,47.54,32.27
259.57,35.08,21.10,22.29,20.71,97.14,56.07,47.54,32.33
259.58,35.08,21.13,22.29,20.71,97.14,56.07,47.54,32.27
259.59,35.08,21.13,22.29,20.71,97.14,56.07,47.54,32.27
259.60,35.08,21.13,22.25,20.71,97.14,56.07,47.54,32.27
259.61,35.08,21.10,22.29,20.71,97.14,56.07,47.54,32.27
259.62,35.08,21.10,22.25,20.71,97.14,56.07,47.54,32.33
259.63,35.08,21.13,22.29,20.68,97.14,56.07,47.54,32.33
259.64,35.08,21.13,22.29,20.68,97.51,55.93,47.54,32.33
259.65,35.08,21.13,22.29,20.71,97.14,56.07,47.54,32.33
259.66,35.01,21.10,22.29,20.71,97.14,56.07,47.54,32.27
259.67,35.15,21.10,22.29,20.71,97.14,56.07,47.54,32.27
259.68,35.15,21.13,22.29,20.71,97.51,56.07,47.65,32.33
259.69,35.08,21.13,22.29,20.68,97.14,56.07,47.65,32.33
259.70,35.08,21.10,22.29,20.68,97.14,56.07,47.54,32.33
259.71,35.08,21.10,22.25,20.71,97.14,56.07,47.54,32.33
259.72,35.15,21.13,22.29,20.71,97.14,56.07,47.54,32.33
259.73,35.08,21.13,22.29,20.71,97.14,56.07,47.54,32.33
259.74,35.15,21.13,22.29,20.68,97.14,56.07,47.54,32.33
259.75,35.08,21.10,22.29,20.68,97.14,56.07,47.54,32.27
259.76,35.01,21.10,22.25,20.71,97.14,56.07,47.65,32.33
259.77,35.08,21.10,22.29,20.68,97.14,56.07,47.54,32.33
259.78,35.08,21.13,22.29,20.68,97.14,56.07,47.54,32.39
259.79,35.08,21.13,22.29,20.71,97.51,56.07,47.54,32.33
259.80,35.08,21.10,22.29,20.71,97.14,56.07,47.54,32.33
259.81,35.08,21.13,22.29,20.71,97.14,56.07,47.54,32.33
259.82,35.08,21.13,22.25,20.71,97.14,55.79,47.65,32.33
259.83,35.08,21.13,22.29,20.71,97.14,56.07,47.54,32.33
259.84,35.08,21.13,22.29,20.71,97.51,56.07,47.54,32.33
259.85,35.01,21.10,22.29,20.71,97.51,56.07,47.54,32.33
259.86,35.08,21.13,22.29,20.71,97.14,56.07,47.54,32.33
259.87,35.08,21.10,22.29,20.71,97.14,56.07,47.65,32.33
259.88,35.08,21.13,22.32,20.71,97.51,56.07,47.65,32.33
259.89,35.15,21.10,22.29,20.71,97.14,56.07,47.65,32.33
259.90,35.08,21.13,22.25,20.68,97.14,56.07,47.65,32.27
259.91,35.15,21.10,22.25,20.71,97.14,56.07,47.54,32.33
259.92,35.08,21.13,22.29,20.71,97.14,56.07,47.54,32.33
259.93,35.08,21.13,22.29,20.71,97.14,56.07,47.65,32.33
259.94,35.08,21.13,22.29,20.71,97.14,56.07,47.54,32.33
259.95,35.08,21.13,22.29,20.71,97.51,56.07,47.54,32.39
259.96,35.08,21.10,22.29,20.71,97.14,56.07,47.65,32.33
259.97,35.08,21.13,22.29,20.68,97.14,56.07,47.54,32.33
259.98,35.08,21.13,22.29,20.71,97.51,55.93,47.65,32.33
259.99,35.15,21.13,22.29,20.71,97.51,56.07,47.65,32.33
260.00,35.08,21.10,22.29,20.71,97.14,56.07,47.54,32.33
260.01,35.08,21.10,22.29,20.71,97.14,56.07,47.54,32.39
260.02,35.08,21.10,22.25,20.71,97.14,56.07,47.54,32.33
260.03,35.08,21.13,22.29,20.71,97.14,56.07,47.54,32.39
260.04,35.08,21.13,22.29,20.68,97.51,56.07,47.54,32.33
260.05,35.08,21.10,22.29,20.71,97.14,56.07,47.65,32.33
260.06,35.08,21.10,22.29,20.71,97.14,56.07,47.54,32.33
260.07,35.15,21.13,22.29,20.71,97.51,56.07,47.54,32.33
260.08,35.15,21.13,22.29,20.71,97.14,55.93,47.65,32.33
260.09,35.15,21.13,22.29,20.71,97.14,56.07,47.54,32.33
260.10,35.08,21.13,22.29,20.68,97.51,56.07,47.65,32.33
260.11,35.15,21.13,22.29,20.68,97.14,56.07,47.54,32.33
260.12,35.15,21.13,22.29,20.71,97.14,56.07,47.54,32.33
260.13,35.15,21.13,22.29,20.71,97.14,56.21,47.54,32.33
260.14,35.15,21.13,22.29,20.71,97.14,56.07,47.65,32.33
260.15,35.08,21.10,22.29,20.68,97.51,56.07,47.65,32.33
260.16,35.15,21.13,22.25,20.68,97.14,56.07,47.54,32.33
260.17,35.08,21.13,22.29,20.71,97.14,56.07,47.54,32.33
260.18,35.15,21.13,22.29,20.68,97.14,56.21,47.65,32.33
260.19,35.08,21.13,22.29,20.71,97.51,56.07,47.54,32.39
260.20,35.08,21.13,22.29,20.68,97.14,56.21,47.54,32.33
260.21,35.08,21.13,22.29,20.71,97.14,56.07,47.54,32.33
260.22,35.08,21.13,22.29,20.71,97.51,56.07,47.54,32.33
260.23,35.15,21.13,22.29,20.71,97.14,56.21,47.65,32.39
260.24,35.15,21.13,22.29,20.71,97.14,56.07,47.54,32.33
260.25,35.15,21.13,22.29,20.71,97.14,56.07,47.54,32.33
260.26,35.08,21.13,22.29,20.71,97.14,56.07,47.65,32.27
260.27,35.01,21.13,22.29,20.68,97.14,56.07,47.54,32.33
260.28,35.08,21.13,22.29,20.71,97.14,55.93,47.54,32.33
260.29,35.08,21.13,22.29,20.71,97.14,56.35,47.65,32.33
260.30,35.15,21.13,22.29,20.71,97.14,55.93,47.54,32.33
260.31,35.08,21.10,22.29,20.71,97.14,55.93,47.54,32.33
260.32,35.08,21.13,22.29,20.71,97.14,56.07,47.54,32.33
260.33,35.08,21.13,22.29,20.71,97.14,56.07,47.54,32.39
260.34,35.08,21.13,22.29,20.71,97.51,56.07,47.65,32.33
260.35,35.08,21.13,22.29,20.71,97.14,56.07,47.65,32.33
260.36,35.08,21.13,22.29,20.71,97.14,56.07,47.54,32.33
260.37,35.08,21.13,22.29,20.71,97.51,56.07,47.54,32.33
260.38,35.08,21.13,22.29,20.71,97.14,56.07,47.65,32.33
260.39,35.08,21.13,22.29,20.71,97.14,56.21,47.54,32.33
260.40,35.15,21.10,22.29,20.71,97.14,56.07,47.65,32.33
260.41,35.08,21.10,22.29,20.71,96.77,56.07,47.65,32.33
260.42,35.08,21.13,22.29,20.71,97.14,56.21,47.65,32.39
260.43,35.08,21.13,22.29,20.71,97.14,56.07,47.54,32.33
260.44,35.15,21.13,22.29,20.71,97.51,56.07,47.65,32.33
260.45,35.08,21.13,22.25,20.71,97.14,56.07,47.54,32.33
260.46,35.08,21.10,22.29,20.71,97.14,56.07,47.54,32.33
260.47,35.08,21.10,22.29,20.71,97.14,56.07,47.54,32.33
260.48,35.08,21.13,22.29,20.71,97.14,56.07,47.54,32.33
260.49,35.15,21.13,22.29,20.71,97.14,56.07,47.54,32.33
260.50,35.08,21.10,22.29,20.68,97.14,56.07,47.54,32.39
260.51,35.08,21.13,22.29,20.71,97.51,56.07,47.54,32.33
260.52,35.01,21.10,22.29,20.71,97.14,56.07,47.54,32.33
260.53,35.15,21.13,22.29,20.71,97.14,56.07,47.54,32.39
260.54,35.08,21.13,22.29,20.71,97.51,56.07,47.65,32.33
260.55,35.08,21.13,22.29,20.71,96.77,56.07,47.54,32.39
260.56,35.08,21.10,22.29,20.71,97.51,56.07,47.65,32.39
260.57,35.01,21.13,22.29,20.71,97.14,56.07,47.44,32.39
260.58,35.08,21.13,22.29,20.71,97.14,56.07,47.44,32.33
260.59,35.08,21.13,22.29,20.71,97.14,56.21,47.65,32.33
260.60,35.08,21.13,22.29,20.71,97.14,56.21,47.54,32.33
260.61,35.01,21.10,22.25,20.71,97.51,56.07,47.54,32.33
260.62,35.08,21.10,22.29,20.71,97.14,56.07,47.65,32.33
260.63,35.08,21.13,22.29,20.71,97.14,56.07,47.65,32.39
260.64,35.08,21.13,22.29,20.71,97.14,56.07,47.65,32.39
260.65,35.08,21.13,22.29,20.71,97.14,56.07,47.54,32.39
260.66,35.01,21.10,22.25,20.71,97.14,56.07,47.54,32.33
260.67,35.01,21.10,22.29,20.71,97.14,56.07,47.65,32.39
260.68,35.08,21.13,22.29,20.71,97.14,56.07,47.54,32.39
260.69,35.01,21.13,22.29,20.71,97.14,56.07,47.54,32.39
260.70,35.01,21.10,22.25,20.71,97.14,56.07,47.54,32.33
260.71,35.01,21.10,22.29,20.71,97.14,55.93,47.54,32.33
260.72,35.01,21.10,22.29,20.68,97.14,56.07,47.54,32.39
260.73,35.01,21.13,22.29,20.71,97.51,56.07,47.65,32.39
260.74,35.08,21.13,22.29,20.71,97.14,56.07,47.54,32.39
260.75,35.01,21.10,22.29,20.71,97.14,56.07,47.54,32.39
260.76,35.01,21.10,22.25,20.71,97.14,56.07,47.54,32.33
260.77,35.01,21.10,22.29,20.71,97.14,56.07,47.65,32.39
260.78,35.15,21.13,22.29,20.71,97.14,56.07,47.54,32.33
260.79,35.08,21.10,22.29,20.71,97.14,56.07,47.54,32.39
260.80,35.01,21.10,22.29,20.71,97.14,56.07,47.54,32.39
260.81,35.01,21.10,22.25,20.71,97.14,56.07,47.54,32.39
260.82,35.01,21.13,22.29,20.71,97.14,55.93,47.54,32.39
260.83,35.08,21.13,22.29,20.71,97.14,56.07,47.54,32.39
260.84,35.08,21.13,22.29,20.71,97.14,56.07,47.65,32.39
260.85,35.01,21.10,22.25,20.71,97.14,56.07,47.54,32.39
260.86,35.01,21.10,22.25,20.71,97.14,56.07,47.54,32.39
260.87,35.08,21.10,22.25,20.71,97.14,56.07,47.54,32.39
260.88,35.15,21.13,22.29,20.71,97.14,56.07,47.54,32.39
260.89,35.15,21.13,22.29,20.71,97.14,55.93,47.54,32.39
260.90,35.08,21.10,22.25,20.71,97.14,56.07,47.54,32.39
260.91,35.01,21.10,22.25,20.71,97.14,55.93,47.54,32.39
260.92,35.08,21.10,22.29,20.71,97.14,56.07,47.65,32.39
260.93,35.08,21.13,22.29,20.71,97.14,56.07,47.65,32.33
260.94,35.08,21.13,22.29,20.71,97.14,56.07,47.54,32.39
260.95,35.15,21.10,22.25,20.71,97.14,56.07,47.54,32.39
260.96,35.08,21.10,22.29,20.71,97.14,55.93,47.54,32.39
260.97,35.08,21.10,22.29,20.71,97.14,55.93,47.54,32.39
260.98,35.15,21.13,22.29,20.71,97.14,56.07,47.65,32.39
260.99,35.08,21.13,22.29,20.71,97.14,56.07,47.65,32.39
261.00,35.01,21.10,22.29,20.71,97.14,56.07,47.65,32.39
261.01,35.08,21.10,22.29,20.71,97.14,56.07,47.54,32.39
261.02,35.08,21.10,22.29,20.71,97.51,56.07,47.54,32.39
261.03,35.08,21.13,22.29,20.71,97.51,56.07,47.54,32.39
261.04,35.08,21.13,22.29,20.71,97.14,56.07,47.65,32.39
261.05,35.15,21.13,22.29,20.71,97.14,56.07,47.54,32.39
261.06,35.08,21.10,22.25,20.71,97.14,56.07,47.54,32.39
261.07,35.15,21.10,22.29,20.71,97.14,56.07,47.54,32.39
261.08,35.08,21.13,22.29,20.71,97.14,56.07,47.54,32.39
261.09,35.08,21.13,22.29,20.71,97.14,56.07,47.54,32.39
261.10,35.08,21.10,22.29,20.71,97.14,56.07,47.54,32.39
261.11,35.08,21.10,22.29,20.71,97.14,56.07,47.54,32.39
261.12,35.08,21.10,22.29,20.71,97.14,55.93,47.65,32.39
261.13,35.08,21.13,22.29,20.71,97.14,56.07,47.65,32.39
261.14,35.08,21.13,22.29,20.71,97.14,55.93,47.65,32.39
261.15,35.08,21.13,22.29,20.71,97.14,56.07,47.54,32.39
261.16,35.08,21.10,22.29,20.71,97.14,56.07,47.54,32.39
261.17,35.01,21.10,22.29,20.71,97.14,56.07,47.54,32.39
261.18,35.01,21.10,22.29,20.71,97.14,56.07,47.54,32.39
261.19,35.08,21.13,22.29,20.71,97.14,56.07,47.65,32.39
261.20,35.01,21.10,22.29,20.71,97.14,56.07,47.54,32.39
261.21,35.08,21.10,22.29,20.71,97.14,56.07,47.65,32.39
261.22,35.01,21.10,22.29,20.71,97.14,56.07,47.65,32.39
261.23,35.08,21.13,22.32,20.71,97.14,56.07,47.65,32.39
261.24,35.08,21.10,22.29,20.71,97.14,56.07,47.65,32.39
261.25,35.15,21.10,22.29,20.71,97.14,56.07,47.65,32.45
261.26,35.01,21.10,22.29,20.71,97.14,56.07,47.65,32.39
261.27,35.01,21.10,22.29,20.71,97.14,56.07,47.65,32.39
261.28,35.08,21.10,22.29,20.71,97.14,56.07,47.65,32.39
261.29,35.08,21.13,22.29,20.71,97.14,56.07,47.54,32.39
261.30,35.08,21.10,22.29,20.71,97.14,56.07,47.54,32.39
261.31,35.08,21.10,22.29,20.71,97.14,56.07,47.54,32.39
261.32,35.01,21.10,22.29,20.71,97.14,56.07,47.54,32.39
261.33,35.08,21.13,22.32,20.71,97.14,56.07,47.65,32.39
261.34,35.08,21.13,22.29,20.71,97.14,56.07,47.65,32.39
261.35,35.08,21.10,22.29,20.71,97.14,56.07,47.54,32.39
261.36,35.08,21.07,22.29,20.71,97.14,56.07,47.54,32.39
261.37,35.08,21.13,22.29,20.71,97.14,56.07,47.65,32.39
261.38,35.15,21.10,22.29,20.71,97.14,56.21,47.54,32.39
261.39,35.08,21.13,22.29,20.71,97.14,56.07,47.65,32.39
261.40,35.01,21.10,22.29,20.71,97.14,56.07,47.65,32.39
261.41,35.08,21.10,22.29,20.71,97.14,56.07,47.65,32.39
261.42,35.08,21.10,22.29,20.71,97.14,56.07,47.54,32.45
261.43,35.08,21.13,22.29,20.71,97.14,56.21,47.65,32.45
261.44,35.08,21.13,22.29,20.71,97.14,56.07,47.54,32.39
261.45,35.15,21.13,22.29,20.71,97.14,56.07,47.54,32.39
261.46,35.01,21.10,22.25,20.71,97.14,56.07,47.54,32.39
261.47,35.08,21.10,22.29,20.71,97.14,56.21,47.65,32.39
261.48,35.15,21.13,22.29,20.71,97.14,56.07,47.65,32.39
261.49,35.15,21.13,22.29,20.71,97.51,56.07,47.65,32.39
261.50,35.08,21.10,22.29,20.71,97.14,56.07,47.65,32.39
261.51,35.01,21.10,22.29,20.71,97.14,56.07,47.54,32.45
261.52,35.01,21.10,22.29,20.71,97.14,55.93,47.54,32.39
261.53,35.08,21.13,22.29,20.71,97.14,56.21,47.65,32.45
261.54,35.08,21.13,22.29,20.71,97.51,56.07,47.65,32.39
261.55,35.01,21.10,22.29,20.71,97.51,56.21,47.65,32.39
261.56,35.08,21.10,22.29,20.71,97.14,56.07,47.54,32.39
261.57,35.08,21.10,22.29,20.71,97.14,56.07,47.54,32.27
261.58,35.15,21.10,22.29,20.71,97.14,56.21,47.65,32.45
261.59,35.15,21.13,22.29,20.71,97.14,56.07,47.65,32.45
261.60,35.01,21.13,22.29,20.71,97.14,56.07,47.65,32.39
261.61,35.08,21.13,22.29,20.71,97.14,56.07,47.65,32.39
261.62,35.08,21.10,22.29,20.71,97.14,56.07,47.65,32.39
261.63,35.15,21.13,22.29,20.71,97.14,56.07,47.65,32.39
261.64,35.08,21.13,22.32,20.71,97.14,56.07,47.65,32.45
261.65,35.01,21.10,22.29,20.71,97.14,56.07,47.54,32.45
261.66,35.08,21.13,22.29,20.71,97.14,56.07,47.54,32.39
261.67,35.01,21.13,22.29,20.71,97.14,56.07,47.54,32.39
261.68,35.08,21.13,22.29,20.71,97.51,56.21,47.65,32.39
261.69,35.08,21.13,22.29,20.71,97.14,56.07,47.54,32.45
261.70,35.08,21.10,22.32,20.71,97.14,56.07,47.65,32.39
261.71,35.15,21.10,22.25,20.71,97.14,56.07,47.54,32.45
261.72,34.95,21.10,22.25,20.71,97.14,56.21,47.54,32.39
261.73,35.08,21.13,22.32,20.71,97.14,56.07,47.65,32.45
261.74,35.08,21.13,22.29,20.71,97.14,56.07,47.65,32.45
261.75,35.08,21.13,22.29,20.71,97.51,56.07,47.65,32.39
261.76,35.08,21.10,22.29,20.71,97.14,56.07,47.65,32.39
261.77,35.08,21.10,22.29,20.71,97.14,56.07,47.54,32.39
261.78,35.01,21.13,22.32,20.71,97.51,56.07,47.65,32.45
261.79,35.08,21.13,22.29,20.71,97.14,56.07,47.54,32.45
261.80,35.15,21.13,22.29,20.71,97.51,55.93,47.54,32.39
261.81,35.08,21.13,22.29,20.71,97.14,56.07,47.54,32.39
261.82,35.01,21.10,22.29,20.71,97.14,56.07,47.54,32.45
261.83,35.08,21.10,22.29,20.71,97.14,56.07,47.65,32.45
261.84,35.08,21.13,22.29,20.71,97.51,56.07,47.65,32.45
261.85,35.01,21.13,22.29,20.71,97.14,56.07,47.65,32.39
261.86,35.01,21.13,22.29,20.71,97.14,56.07,47.54,32.39
261.87,35.08,21.10,22.29,20.71,97.14,56.07,47.54,32.45
261.88,35.08,21.13,22.29,20.71,97.14,56.07,47.65,32.45
261.89,35.08,21.13,22.29,20.71,97.51,56.07,47.65,32.45
261.90,35.01,21.10,22.29,20.71,97.14,55.93,47.54,32.39
261.91,35.01,21.10,22.29,20.71,97.14,56.07,47.54,32.39
261.92,35.01,21.10,22.29,20.71,97.14,56.07,47.65,32.39
261.93,35.01,21.13,22.29,20.71,97.14,56.07,47.65,32.39
261.94,35.08,21.13,22.29,20.71,97.14,56.07,47.65,32.45
261.95,35.08,21.10,22.29,20.74,97.14,56.07,47.54,32.45
261.96,35.01,21.10,22.29,20.71,97.14,56.07,47.54,32.45
261.97,35.08,21.13,22.29,20.71,97.14,56.07,47.54,32.39
261.98,35.01,21.10,22.29,20.71,97.14,56.07,47.54,32.45
261.99,35.08,21.13,22.29,20.71,97.14,56.07,47.54,32.45
262.00,35.01,21.10,22.29,20.71,97.14,56.07,47.65,32.45
262.01,35.01,21.10,22.29,20.71,97.51,56.07,47.65,32.45
262.02,35.08,21.10,22.25,20.71,97.14,56.07,47.44,32.45
262.03,35.15,21.10,22.29,20.71,97.14,56.07,47.65,32.45
262.04,35.08,21.10,22.29,20.71,97.14,56.07,47.65,32.45
262.05,35.08,21.10,22.29,20.71,97.14,56.07,47.54,32.45
262.06,35.01,21.10,22.25,20.71,97.14,56.07,47.54,32.45
262.07,35.01,21.10,22.29,20.71,97.14,56.07,47.65,32.45
262.08,35.08,21.10,22.29,20.71,97.14,56.07,47.65,32.45
262.09,35.08,21.13,22.29,20.71,97.14,56.07,47.54,32.45
262.10,35.15,21.10,22.29,20.71,97.14,56.07,47.54,32.45
262.11,35.08,21.10,22.29,20.71,97.14,56.07,47.65,32.45
262.12,35.01,21.10,22.29,20.71,97.14,56.07,47.54,32.45
262.13,35.08,21.10,22.29,20.71,97.14,56.07,47.65,32.45
262.14,35.08,21.10,22.29,20.71,97.14,56.07,47.65,32.45
262.15,35.01,21.10,22.29,20.71,97.14,56.07,47.65,32.45
262.16,35.01,21.10,22.29,20.71,97.14,56.07,47.65,32.45
262.17,35.08,21.10,22.29,20.71,97.14,56.07,47.65,32.45
262.18,35.15,21.13,22.29,20.71,97.14,56.07,47.54,32.45
262.19,35.08,21.13,22.29,20.71,97.51,56.07,47.65,32.45
262.20,35.08,21.10,22.29,20.74,97.14,56.07,47.65,32.45
262.21,35.08,21.10,22.29,20.71,97.14,56.07,47.65,32.45
262.22,35.08,21.13,22.29,20.71,97.14,56.07,47.54,32.45
262.23,35.08,21.07,22.29,20.71,97.14,56.07,47.54,32.45
262.24,35.15,21.13,22.29,20.71,97.14,56.07,47.65,32.45
262.25,35.08,21.10,22.29,20.71,97.14,56.07,47.54,32.45
262.26,35.08,21.10,22.29,20.71,97.14,56.07,47.54,32.45
262.27,35.01,21.10,22.29,20.71,97.14,56.07,47.54,32.45
262.28,35.08,21.13,22.29,20.71,97.14,56.07,47.65,32.45
262.29,35.08,21.13,22.29,20.71,97.14,56.07,47.65,32.45
262.30,35.08,21.10,22.29,20.71,97.14,56.07,47.65,32.45
262.31,35.01,21.10,22.29,20.71,97.14,56.07,47.54,32.45
262.32,35.01,21.10,22.29,20.71,97.14,56.07,47.54,32.45
262.33,35.08,21.10,22.29,20.71,97.14,56.07,47.65,32.45
262.34,35.01,21.13,22.29,20.71,97.51,56.07,47.65,32.45
262.35,35.08,21.10,22.29,20.71,97.14,56.07,47.54,32.45
262.36,35.01,21.10,22.25,20.71,97.14,56.07,47.65,32.45
262.37,35.01,21.10,22.29,20.71,97.14,56.07,47.65,32.45
262.38,35.01,21.10,22.29,20.71,97.14,56.07,47.65,32.45
262.39,35.01,21.10,22.29,20.71,97.51,56.07,47.65,32.45
262.40,35.08,21.10,22.29,20.71,97.51,56.07,47.65,32.39
262.41,35.01,21.10,22.29,20.71,97.14,56.07,47.65,32.45
262.42,35.08,21.10,22.29,20.71,97.14,56.07,47.54,32.45
262.43,35.08,21.13,22.29,20.71,97.14,56.07,47.65,32.45
262.44,35.15,21.10,22.29,20.71,97.14,56.07,47.65,32.45
262.45,35.01,21.10,22.29,20.71,97.14,56.07,47.54,32.45
262.46,35.08,21.10,22.25,20.71,97.14,56.07,47.54,32.45
262.47,35.08,21.10,22.29,20.71,97.14,56.07,47.54,32.45
262.48,35.08,21.10,22.29,20.71,97.14,56.07,47.65,32.45
262.49,35.08,21.10,22.29,20.71,97.14,56.07,47.65,32.45
262.50,35.08,21.10,22.29,20.71,97.14,56.07,47.54,32.45
262.51,35.01,21.07,22.25,20.71,97.14,55.93,47.65,32.45
262.52,35.08,21.10,22.25,20.71,97.14,56.07,47.54,32.39
262.53,35.08,21.13,22.29,20.74,97.14,55.93,47.65,32.45
262.54,35.08,21.10,22.29,20.71,97.14,56.07,47.54,32.45
262.55,35.08,21.10,22.25,20.71,97.14,56.07,47.54,32.45
262.56,35.08,21.07,22.29,20.71,97.14,55.93,47.54,32.45
262.57,35.01,21.10,22.25,20.71,97.14,56.07,47.65,32.45
262.58,35.08,21.10,22.29,20.71,97.14,56.07,47.65,32.50
262.59,35.08,21.10,22.29,20.74,97.14,56.07,47.54,32.45
262.60,35.08,21.10,22.25,20.71,97.14,56.07,47.65,32.45
262.61,35.01,21.07,22.25,20.74,97.14,56.07,47.54,32.45
262.62,35.01,21.07,22.29,20.71,97.14,55.93,47.54,32.45
262.63,35.08,21.10,22.29,20.71,97.14,56.07,47.65,32.45
262.64,35.08,21.10,22.29,20.71,97.14,56.07,47.65,32.45
262.65,35.01,21.10,22.29,20.71,96.77,55.93,47.54,32.50
262.66,35.01,21.07,22.25,20.71,97.14,55.93,47.65,32.45
262.67,35.01,21.10,22.25,20.71,97.14,56.07,47.54,32.45
262.68,35.01,21.10,22.29,20.71,96.77,56.07,47.54,32.45
262.69,35.01,21.10,22.29,20.74,97.14,56.07,47.65,32.45
262.70,35.08,21.07,22.29,20.71,97.14,56.07,47.65,32.45
262.71,35.01,21.07,22.25,20.71,97.14,56.07,47.54,32.45
262.72,35.01,21.07,22.25,20.74,97.14,56.07,47.54,32.45
262.73,35.01,21.10,22.25,20.71,97.14,56.07,47.65,32.45
262.74,35.08,21.10,22.29,20.71,97.14,56.07,47.54,32.45
262.75,35.01,21.10,22.25,20.71,97.14,56.07,47.54,32.45
262.76,34.95,21.07,22.25,20.71,97.14,55.93,47.65,32.45
262.77,35.01,21.10,22.25,20.71,97.14,56.07,47.54,32.45
262.78,35.08,21.10,22.29,20.71,97.51,55.93,47.65,32.45
262.79,35.08,21.10,22.29,20.71,97.14,56.21,47.54,32.45
262.80,34.95,21.10,22.25,20.71,97.14,55.93,47.65,32.45
262.81,35.08,21.10,22.25,20.71,96.77,55.79,47.54,32.50
262.82,35.01,21.10,22.25,20.71,97.14,56.07,47.54,32.50
262.83,35.01,21.10,22.29,20.74,97.14,56.07,47.65,32.45
262.84,35.01,21.10,22.29,20.71,97.14,56.07,47.65,32.50
262.85,35.01,21.10,22.25,20.74,97.14,56.07,47.54,32.45
262.86,35.01,21.07,22.25,20.71,97.14,56.07,47.65,32.45
262.87,35.01,21.07,22.25,20.71,97.14,55.93,47.65,32.45
262.88,35.01,21.10,22.29,20.71,97.14,56.07,47.65,32.45
262.89,35.01,21.10,22.29,20.71,97.14,55.93,47.65,32.45
262.90,35.01,21.10,22.25,20.71,97.14,56.07,47.65,32.45
262.91,35.01,21.10,22.25,20.71,96.77,56.07,47.54,32.50
262.92,35.01,21.10,22.25,20.71,97.14,56.07,47.54,32.50
262.93,35.08,21.10,22.29,20.71,97.14,56.07,47.65,32.45
262.94,35.08,21.13,22.29,20.71,97.14,56.07,47.65,32.45
262.95,34.95,21.10,22.25,20.71,97.14,56.07,47.54,32.50
262.96,35.08,21.10,22.25,20.71,97.14,55.93,47.54,32.45
262.97,35.01,21.10,22.25,20.71,97.14,56.07,47.65,32.50
262.98,35.08,21.07,22.29,20.71,97.14,56.07,47.54,32.45
262.99,35.08,21.10,22.29,20.71,97.14,56.07,47.65,32.45
263.00,35.08,21.10,22.29,20.71,97.14,56.07,47.54,32.50
263.01,35.01,21.10,22.25,20.71,97.14,56.07,47.65,32.45
263.02,35.08,21.10,22.25,20.71,97.14,56.07,47.65,32.39
263.03,35.01,21.10,22.29,20.71,97.14,56.07,47.65,32.45
263.04,35.08,21.10,22.29,20.71,97.14,56.07,47.65,32.45
263.05,35.01,21.10,22.29,20.71,96.77,56.07,47.54,32.45
263.06,35.01,21.10,22.29,20.74,97.51,56.07,47.76,32.45
263.07,35.01,21.07,22.25,20.74,97.14,56.07,47.44,32.45
263.08,35.01,21.10,22.29,20.71,97.14,56.07,47.54,32.45
263.09,35.08,21.10,22.29,20.71,97.14,56.07,47.54,32.50
263.10,35.08,21.10,22.29,20.71,97.14,56.07,47.65,32.45
263.11,35.08,21.07,22.29,20.71,97.14,56.07,47.54,32.50
263.12,35.08,21.10,22.29,20.74,97.14,56.07,47.54,32.50
263.13,35.01,21.10,22.29,20.74,97.14,56.07,47.54,32.45
263.14,35.15,21.13,22.29,20.71,97.51,56.07,47.54,32.50
263.15,35.08,21.10,22.29,20.71,97.14,56.07,47.54,32.50
263.16,35.01,21.10,22.29,20.71,97.14,56.07,47.65,32.50
263.17,35.01,21.10,22.25,20.71,97.14,56.07,47.44,32.45
263.18,35.08,21.10,22.29,20.74,97.14,56.07,47.65,32.45
263.19,35.08,21.10,22.29,20.71,97.14,55.93,47.54,32.50
263.20,35.08,21.10,22.29,20.71,97.14,56.07,47.54,32.50
263.21,35.08,21.10,22.29,20.71,97.51,56.07,47.65,32.50
263.22,35.01,21.10,22.25,20.71,96.77,55.93,47.54,32.50
263.23,35.08,21.10,22.29,20.74,97.14,56.07,47.54,32.50
263.24,35.08,21.10,22.29,20.74,97.14,56.07,47.54,32.45
263.25,35.08,21.10,22.29,20.71,97.14,56.07,47.65,32.50
263.26,35.08,21.07,22.29,20.71,97.14,56.07,47.54,32.50
263.27,35.01,21.10,22.29,20.74,97.14,56.07,47.54,32.50
263.28,35.15,21.10,22.29,20.74,97.14,56.07,47.65,32.50
263.29,35.01,21.10,22.29,20.74,97.14,56.07,47.65,32.50
263.30,35.08,21.10,22.29,20.71,97.14,56.07,47.65,32.50
263.31,35.08,21.10,22.29,20.74,97.14,56.07,47.65,32.50
263.32,35.08,21.10,22.25,20.71,97.14,56.07,47.54,32.50
263.33,34.95,21.10,22.29,20.74,97.14,56.07,47.65,32.50
263.34,35.08,21.13,22.29,20.71,97.14,56.07,47.65,32.50
263.35,35.01,21.10,22.29,20.71,97.14,55.93,47.65,32.45
263.36,35.01,21.10,22.25,20.71,97.14,56.07,47.54,32.50
263.37,35.01,21.10,22.29,20.74,97.14,56.07,47.54,32.50
263.38,35.01,21.10,22.29,20.74,97.14,56.07,47.65,32.50
263.39,35.01,21.10,22.29,20.74,97.14,56.07,47.65,32.50
263.40,35.01,21.10,22.29,20.71,97.14,56.07,47.65,32.50
263.41,35.01,21.10,22.29,20.74,97.14,56.07,47.65,32.50
263.42,35.08,21.10,22.29,20.74,97.14,56.07,47.65,32.45
263.43,35.01,21.10,22.29,20.71,97.51,56.07,47.65,32.50
263.44,35.08,21.10,22.29,20.71,97.14,56.07,47.65,32.50
263.45,35.08,21.10,22.29,20.71,97.14,56.07,47.65,32.50
263.46,35.01,21.10,22.25,20.71,97.14,56.07,47.65,32.50
263.47,35.01,21.10,22.29,20.71,97.14,56.07,47.54,32.50
263.48,35.01,21.10,22.29,20.74,97.14,56.07,47.65,32.50
263.49,35.08,21.13,22.29,20.74,97.14,56.07,47.65,32.50
263.50,35.01,21.10,22.29,20.71,97.14,56.07,47.54,32.50
263.51,35.01,21.10,22.29,20.71,97.14,55.93,47.54,32.45
263.52,35.01,21.07,22.29,20.71,97.14,56.07,47.65,32.50
263.53,35.01,21.10,22.29,20.74,97.14,56.07,47.65,32.50
263.54,35.08,21.10,22.29,20.71,97.14,56.07,47.65,32.50
263.55,35.01,21.10,22.29,20.71,97.14,56.07,47.65,32.50
263.56,35.01,21.10,22.29,20.71,97.14,56.07,47.65,32.50
263.57,35.01,21.10,22.29,20.74,97.14,55.93,47.65,32.50
263.58,35.01,21.10,22.29,20.74,97.14,56.07,47.65,32.50
263.59,35.08,21.13,22.29,20.74,97.14,56.07,47.65,32.50
263.60,35.08,21.10,22.29,20.71,97.51,56.07,47.65,32.50
263.61,35.01,21.07,22.25,20.71,97.14,56.07,47.65,32.45
263.62,35.01,21.07,22.25,20.74,97.14,56.07,47.54,32.50
263.63,35.01,21.10,22.29,20.74,97.14,56.07,47.65,32.50
263.64,35.08,21.10,22.29,20.71,97.14,56.07,47.54,32.45
263.65,35.01,21.10,22.29,20.71,97.14,55.93,47.65,32.50
263.66,35.08,21.10,22.29,20.71,97.14,55.93,47.65,32.50
263.67,34.88,21.10,22.29,20.74,97.14,56.07,47.65,32.50
263.68,35.08,21.10,22.29,20.74,97.14,56.07,47.65,32.50
263.69,35.08,21.13,22.29,20.74,97.14,56.07,47.65,32.50
263.70,35.01,21.13,22.29,20.71,97.14,56.07,47.65,32.50
263.71,35.01,21.07,22.25,20.71,97.14,56.07,47.65,32.50
263.72,35.08,21.10,22.25,20.71,97.14,56.07,47.65,32.50
263.73,35.08,21.13,22.29,20.71,97.14,56.07,47.54,32.50
263.74,35.08,21.13,22.29,20.71,97.14,56.07,47.65,32.50
263.75,35.01,21.10,22.29,20.74,97.14,56.07,47.65,32.50
263.76,35.01,21.10,22.25,20.71,97.14,56.07,47.65,32.50
263.77,35.01,21.10,22.25,20.71,97.14,56.07,47.65,32.50
263.78,35.01,21.13,22.29,20.71,97.14,56.07,47.65,32.56
263.79,35.08,21.10,22.29,20.71,97.14,56.07,47.65,32.50
263.80,35.01,21.10,22.29,20.71,97.14,56.07,47.65,32.50
263.81,35.01,21.10,22.29,20.74,97.14,56.07,47.65,32.50
263.82,35.01,21.10,22.29,20.74,97.14,56.21,47.65,32.50
263.83,35.01,21.10,22.29,20.74,97.14,56.07,47.65,32.50
263.84,35.15,21.10,22.29,20.74,97.14,56.07,47.65,32.50
263.85,35.08,21.10,22.29,20.74,97.14,56.07,47.65,32.50
263.86,35.08,21.10,22.29,20.74,97.14,56.07,47.65,32.50
263.87,35.01,21.10,22.29,20.71,97.14,56.07,47.54,32.50
263.88,35.01,21.10,22.29,20.74,97.14,56.07,47.65,32.50
263.89,35.08,21.10,22.29,20.71,97.14,56.07,47.65,32.50
263.90,35.08,21.10,22.29,20.71,97.14,56.07,47.65,32.50
263.91,35.08,21.10,22.29,20.71,97.14,56.07,47.65,32.50
263.92,35.01,21.10,22.25,20.74,97.14,56.07,47.65,32.50
263.93,35.01,21.10,22.29,20.74,97.14,56.07,47.65,32.50
263.94,35.01,21.13,22.29,20.71,97.51,56.07,47.65,32.50
263.95,35.01,21.13,22.29,20.74,97.14,56.07,47.65,32.50
263.96,35.08,21.07,22.29,20.71,97.14,56.07,47.65,32.50
263.97,35.01,21.13,22.32,20.74,97.14,56.07,47.65,32.50
263.98,35.08,21.07,22.29,20.71,97.14,56.07,47.65,32.50
263.99,35.08,21.10,22.29,20.74,97.51,56.07,47.65,32.45
264.00,35.01,21.10,22.29,20.74,97.14,56.07,47.65,32.50
264.01,35.01,21.10,22.29,20.71,97.14,56.07,47.65,32.50
264.02,35.01,21.10,22.29,20.74,97.14,56.07,47.65,32.50
264.03,35.08,21.10,22.29,20.71,97.14,56.07,47.65,32.56
264.04,35.08,21.13,22.29,20.74,97.14,56.21,47.65,32.50
264.05,35.01,21.10,22.29,20.74,97.14,56.21,47.65,32.50
264.06,35.01,21.10,22.29,20.74,97.14,55.93,47.65,32.50
264.07,35.01,21.10,22.29,20.74,97.14,56.07,47.65,32.56
264.08,35.08,21.10,22.29,20.74,97.14,56.07,47.65,32.50
264.09,35.15,21.10,22.29,20.74,97.14,56.07,47.65,32.50
264.10,35.08,21.10,22.29,20.74,97.14,56.07,47.65,32.50
264.11,35.08,21.10,22.29,20.71,97.14,56.07,47.65,32.50
264.12,35.01,21.10,22.25,20.74,97.14,56.07,47.65,32.50
264.13,35.15,21.13,22.29,20.71,97.14,56.07,47.65,32.50
264.14,35.01,21.13,22.29,20.71,97.14,56.07,47.65,32.56
264.15,35.01,21.10,22.29,20.74,97.14,56.07,47.65,32.50
264.16,35.01,21.10,22.29,20.74,97.14,56.07,47.65,32.50
264.17,35.01,21.10,22.29,20.71,97.51,56.07,47.65,32.50
264.18,35.01,21.10,22.29,20.74,97.14,56.07,47.65,32.56
264.19,35.01,21.13,22.29,20.74,97.14,56.07,47.65,32.50
264.20,35.08,21.10,22.29,20.71,97.14,56.07,47.65,32.50
264.21,34.95,21.10,22.29,20.74,97.14,56.07,47.65,32.50
264.22,35.08,21.10,22.29,20.74,97.14,55.93,47.65,32.50
264.23,35.01,21.10,22.29,20.74,97.14,56.07,47.54,32.50
264.24,35.08,21.10,22.29,20.74,97.51,56.07,47.65,32.50
264.25,35.01,21.13,22.29,20.74,97.14,56.07,47.65,32.50
264.26,35.01,21.10,22.29,20.74,97.14,56.07,47.65,32.50
264.27,35.08,21.10,22.29,20.74,97.14,56.07,47.65,32.50
264.28,35.08,21.10,22.29,20.74,97.14,56.07,47.65,32.50
264.29,35.01,21.13,22.32,20.74,97.51,56.07,47.76,32.50
264.30,35.01,21.10,22.29,20.74,96.77,56.07,47.65,32.50
264.31,35.01,21.10,22.29,20.74,97.51,56.07,47.54,32.56
264.32,35.01,21.10,22.29,20.74,97.14,55.93,47.65,32.56
264.33,35.15,21.10,22.29,20.74,97.14,56.21,47.65,32.50
264.34,35.08,21.13,22.29,20.71,97.14,56.07,47.76,32.56
264.35,35.01,21.10,22.29,20.74,97.14,56.07,47.65,32.50
264.36,35.01,21.10,22.29,20.74,97.14,56.07,47.65,32.50
264.37,35.08,21.10,22.29,20.74,97.14,56.07,47.65,32.56
264.38,35.01,21.10,22.29,20.74,97.14,56.07,47.65,32.56
264.39,35.01,21.13,22.29,20.71,97.14,56.07,47.65,32.56
264.40,35.08,21.10,22.32,20.74,97.14,56.21,47.65,32.50
264.41,35.08,21.10,22.29,20.74,97.14,56.07,47.65,32.50
264.42,35.08,21.10,22.29,20.74,97.14,56.07,47.65,32.50
264.43,35.15,21.10,22.29,20.74,97.14,56.07,47.65,32.56
264.44,35.08,21.13,22.29,20.74,97.51,56.07,47.65,32.56
264.45,35.01,21.10,22.29,20.74,97.14,56.21,47.65,32.56
264.46,35.01,21.10,22.29,20.74,97.14,56.07,47.65,32.56
264.47,35.01,21.10,22.29,20.71,97.14,56.07,47.65,32.56
264.48,35.01,21.13,22.29,20.74,97.14,56.07,47.65,32.56
264.49,35.01,21.13,22.29,20.74,97.14,56.07,47.65,32.50
264.50,35.01,21.10,22.29,20.74,97.14,56.07,47.65,32.50
264.51,35.01,21.10,22.29,20.74,97.14,56.07,47.65,32.56
264.52,35.01,21.10,22.29,20.74,97.14,56.07,47.65,32.50
264.53,35.01,21.10,22.29,20.74,97.14,56.07,47.65,32.50
264.54,35.08,21.13,22.32,20.74,97.51,56.07,47.65,32.56
264.55,35.01,21.13,22.29,20.74,97.14,56.07,47.65,32.56
264.56,35.01,21.10,22.29,20.74,97.14,56.07,47.65,32.50
264.57,35.08,21.10,22.29,20.74,97.14,56.07,47.65,32.56
264.58,35.08,21.13,22.29,20.74,97.51,56.07,47.65,32.56
264.59,35.08,21.13,22.32,20.74,97.51,56.07,47.76,32.56
264.60,35.08,21.13,22.29,20.74,97.14,56.07,47.65,32.56
264.61,35.08,21.10,22.29,20.74,97.14,56.07,47.65,32.56
264.62,35.01,21.10,22.29,20.71,97.14,56.07,47.65,32.56
264.63,35.08,21.13,22.29,20.74,97.14,56.07,47.65,32.56
264.64,35.08,21.13,22.32,20.74,97.51,56.21,47.76,32.56
264.65,35.01,21.10,22.32,20.71,97.14,56.07,47.65,32.56
264.66,35.01,21.10,22.29,20.74,97.14,56.07,47.65,32.56
264.67,35.01,21.10,22.29,20.74,97.51,56.07,47.65,32.56
264.68,35.01,21.13,22.29,20.74,97.14,56.07,47.65,32.56
264.69,35.08,21.13,22.32,20.74,97.14,56.07,47.65,32.56
264.70,35.01,21.13,22.29,20.74,97.14,56.07,47.65,32.56
264.71,35.01,21.10,22.29,20.74,97.51,56.07,47.65,32.56
264.72,35.08,21.13,22.29,20.74,97.51,56.07,47.65,32.56
264.73,35.01,21.13,22.32,20.74,97.14,56.21,47.65,32.56
264.74,35.15,21.13,22.32,20.74,97.14,56.21,47.65,32.56
264.75,35.08,21.13,22.29,20.71,97.14,56.07,47.65,32.56
264.76,35.15,21.10,22.29,20.71,97.14,56.07,47.65,32.56
264.77,35.01,21.10,22.29,20.74,97.14,56.07,47.65,32.56
264.78,35.08,21.13,22.29,20.74,97.51,56.07,47.65,32.56
264.79,35.08,21.13,22.29,20.74,97.14,56.21,47.65,32.56
264.80,35.08,21.13,22.29,20.74,97.14,56.21,47.65,32.56
264.81,35.01,21.10,22.29,20.74,97.14,56.07,47.65,32.56
264.82,35.08,21.10,22.25,20.74,97.14,56.07,47.65,32.56
264.83,35.01,21.13,22.29,20.74,97.51,56.07,47.65,32.56
264.84,35.08,21.13,22.29,20.74,97.51,56.21,47.65,32.56
264.85,35.08,21.13,22.32,20.74,97.51,56.07,47.65,32.56
264.86,35.01,21.10,22.29,20.74,97.14,56.07,47.65,32.56
264.87,35.01,21.10,22.29,20.74,97.14,56.07,47.65,32.56
264.88,35.08,21.13,22.32,20.74,97.51,56.07,47.65,32.56
264.89,35.08,21.13,22.29,20.74,97.14,56.07,47.65,32.56
264.90,35.08,21.13,22.29,20.74,97.14,56.21,47.65,32.56
264.91,35.08,21.13,22.29,20.74,97.14,56.07,47.65,32.56
264.92,35.01,21.10,22.29,20.74,97.14,56.07,47.65,32.56
264.93,35.15,21.13,22.32,20.74,97.14,56.21,47.76,32.56
264.94,35.08,21.13,22.29,20.74,97.14,56.07,47.65,32.56
264.95,35.08,21.10,22.29,20.74,97.14,56.07,47.65,32.56
264.96,35.01,21.10,22.29,20.74,97.14,56.07,47.65,32.56
264.97,35.08,21.13,22.29,20.74,97.14,56.07,47.65,32.56
264.98,35.08,21.13,22.29,20.74,97.14,56.07,47.65,32.56
264.99,35.08,21.13,22.32,20.74,97.14,56.21,47.65,32.56
265.00,35.01,21.13,22.29,20.74,97.14,56.21,47.65,32.56
265.01,35.08,21.10,22.29,20.74,97.14,56.07,47.65,32.56
265.02,35.08,21.10,22.29,20.74,97.14,56.07,47.65,32.56
265.03,35.01,21.13,22.32,20.74,97.14,56.07,47.65,32.62
265.04,35.08,21.13,22.29,20.74,97.14,56.07,47.65,32.56
265.05,35.08,21.13,22.29,20.74,97.51,56.07,47.65,32.56
265.06,35.01,21.10,22.29,20.74,97.14,56.07,47.65,32.62
265.07,35.01,21.10,22.29,20.74,97.14,56.07,47.65,32.62
265.08,35.01,21.13,22.32,20.74,97.51,56.07,47.65,32.56
265.09,35.08,21.13,22.32,20.74,97.14,56.07,47.65,32.56
265.10,35.08,21.10,22.29,20.74,97.14,56.21,47.65,32.56
265.11,35.01,21.10,22.29,20.74,97.14,56.07,47.65,32.56
265.12,35.08,21.13,22.29,20.74,97.14,56.07,47.65,32.56
265.13,35.08,21.13,22.29,20.74,97.51,56.07,47.76,32.56
265.14,35.01,21.13,22.32,20.74,97.14,56.21,47.65,32.56
265.15,35.08,21.10,22.29,20.74,97.14,56.07,47.65,32.56
265.16,35.01,21.10,22.29,20.74,97.14,56.07,47.65,32.56
265.17,35.15,21.10,22.29,20.74,97.14,56.07,47.65,32.56
265.18,35.08,21.10,22.29,20.74,97.14,56.07,47.65,32.56
265.19,35.01,21.13,22.32,20.74,97.14,56.07,47.65,32.56
265.20,35.01,21.13,22.29,20.74,97.14,56.07,47.65,32.56
265.21,35.01,21.10,22.29,20.74,97.51,56.07,47.65,32.56
265.22,34.95,21.10,22.29,20.74,97.14,56.07,47.65,32.56
265.23,35.01,21.13,22.29,20.74,97.14,56.07,47.65,32.56
265.24,35.15,21.13,22.32,20.74,97.51,56.21,47.65,32.62
265.25,35.01,21.10,22.29,20.74,97.14,56.07,47.65,32.56
265.26,35.01,21.10,22.29,20.74,97.51,56.07,47.65,32.56
265.27,35.01,21.10,22.29,20.74,97.14,56.07,47.65,32.56
265.28,35.01,21.13,22.29,20.74,97.14,56.21,47.65,32.56
265.29,35.08,21.10,22.29,20.74,97.14,56.07,47.65,32.56
265.30,35.01,21.10,22.29,20.74,97.51,56.07,47.65,32.56
265.31,35.01,21.10,22.29,20.74,97.14,55.93,47.65,32.56
265.32,35.08,21.10,22.29,20.74,96.77,55.93,47.65,32.50
265.33,35.08,21.13,22.29,20.74,97.14,56.07,47.65,32.68
265.34,35.15,21.13,22.29,20.74,97.14,56.07,47.65,32.56
265.35,35.01,21.10,22.32,20.74,97.14,56.07,47.65,32.62
265.36,35.01,21.10,22.29,20.74,97.14,56.07,47.65,32.62
265.37,35.08,21.10,22.29,20.74,97.14,56.07,47.65,32.56
265.38,35.01,21.13,22.29,20.74,97.14,56.07,47.65,32.62
265.39,35.08,21.13,22.29,20.74,97.14,56.07,47.65,32.56
265.40,35.08,21.10,22.29,20.74,97.14,56.07,47.65,32.62
265.41,35.15,21.13,22.29,20.74,97.51,56.07,47.65,32.62
265.42,35.01,21.10,22.29,20.74,97.51,56.07,47.65,32.62
265.43,35.08,21.10,22.29,20.74,97.14,56.07,47.65,32.56
265.44,35.15,21.13,22.29,20.74,97.14,56.07,47.65,32.56
265.45,35.15,21.13,22.32,20.74,97.14,56.07,47.65,32.56
265.46,35.01,21.10,22.29,20.71,97.14,56.21,47.65,32.62
265.47,35.01,21.10,22.32,20.74,97.14,56.07,47.65,32.56
265.48,35.01,21.10,22.29,20.74,97.14,56.07,47.65,32.62
265.49,35.01,21.13,22.32,20.74,97.14,56.07,47.65,32.56
265.50,35.08,21.13,22.29,20.74,97.14,56.07,47.65,32.62
265.51,35.01,21.10,22.29,20.74,97.14,55.93,47.65,32.56
265.52,35.01,21.10,22.29,20.74,97.14,56.07,47.65,32.56
265.53,35.08,21.13,22.29,20.74,97.51,56.07,47.76,32.62
265.54,35.08,21.13,22.32,20.74,97.14,56.07,47.65,32.56
265.55,35.15,21.13,22.29,20.74,97.51,56.21,47.65,32.62
265.56,35.01,21.10,22.29,20.74,96.77,56.07,47.65,32.56
265.57,35.01,21.10,22.29,20.74,97.51,56.07,47.65,32.56
265.58,35.08,21.13,22.32,20.74,97.14,56.07,47.54,32.62
265.59,35.01,21.13,22.32,20.74,97.51,56.07,47.54,32.62
265.60,35.01,21.13,22.29,20.74,97.14,56.07,47.65,32.56
265.61,35.01,21.10,22.29,20.74,97.14,56.07,47.65,32.56
265.62,35.01,21.10,22.29,20.74,97.14,56.07,47.65,32.62
265.63,35.01,21.10,22.32,20.74,97.14,56.07,47.54,32.56
265.64,35.01,21.13,22.32,20.74,97.51,56.07,47.76,32.62
265.65,35.08,21.10,22.29,20.74,97.14,56.07,47.65,32.62
265.66,35.08,21.10,22.29,20.74,97.14,56.07,47.65,32.62
265.67,35.08,21.10,22.29,20.74,97.14,56.07,47.65,32.62
265.68,35.08,21.10,22.29,20.74,97.14,56.07,47.65,32.62
265.69,35.08,21.10,22.29,20.74,97.14,56.07,47.65,32.62
265.70,35.08,21.10,22.29,20.74,97.51,56.07,47.65,32.62
265.71,35.08,21.10,22.29,20.74,97.14,55.93,47.65,32.56
265.72,35.01,21.13,22.29,20.74,97.14,56.07,47.65,32.62
265.73,35.08,21.10,22.32,20.74,97.14,56.07,47.65,32.62
265.74,35.01,21.10,22.32,20.74,97.14,56.07,47.65,32.62
265.75,35.08,21.10,22.29,20.74,97.14,56.07,47.65,32.62
265.76,35.08,21.10,22.29,20.71,97.14,56.07,47.65,32.56
265.77,35.01,21.07,22.29,20.74,97.14,56.07,47.65,32.62
265.78,35.01,21.10,22.29,20.74,97.51,56.07,47.65,32.62
265.79,35.01,21.10,22.32,20.74,97.14,56.07,47.65,32.62
265.80,35.08,21.13,22.29,20.74,97.14,56.07,47.65,32.62
265.81,35.01,21.10,22.29,20.74,97.14,56.07,47.65,32.62
265.82,35.08,21.10,22.29,20.74,97.14,56.07,47.65,32.56
265.83,35.01,21.13,22.29,20.74,97.14,56.07,47.65,32.62
265.84,35.01,21.13,22.32,20.74,97.14,56.07,47.65,32.62
265.85,35.08,21.10,22.29,20.74,97.14,56.07,47.65,32.62
265.86,35.01,21.10,22.29,20.74,97.14,56.07,47.65,32.56
265.87,35.08,21.10,22.29,20.74,97.14,56.07,47.65,32.62
265.88,35.01,21.10,22.29,20.74,97.51,56.07,47.65,32.56
265.89,35.08,21.13,22.29,20.74,97.14,56.07,47.65,32.62
265.90,35.08,21.10,22.29,20.74,97.14,56.07,47.65,32.62
265.91,35.08,21.10,22.29,20.74,97.14,56.07,47.65,32.62
265.92,35.01,21.10,22.29,20.74,97.14,56.07,47.65,32.62
265.93,35.01,21.10,22.29,20.74,97.14,56.07,47.76,32.62
265.94,35.08,21.13,22.32,20.74,97.14,56.07,47.65,32.62
265.95,35.08,21.10,22.29,20.74,97.14,55.93,47.65,32.62
265.96,35.08,21.10,22.25,20.74,97.14,56.07,47.65,32.62
265.97,35.01,21.10,22.29,20.74,97.14,56.07,47.65,32.62
265.98,35.01,21.10,22.29,20.74,97.14,56.07,47.65,32.56
265.99,35.08,21.10,22.29,20.74,97.51,56.07,47.65,32.62
266.00,35.08,21.10,22.29,20.74,97.14,56.07,47.65,32.62
266.01,35.01,21.10,22.29,20.74,97.14,56.07,47.65,32.62
266.02,35.01,21.07,22.29,20.74,97.51,56.07,47.65,32.62
266.03,35.01,21.10,22.29,20.74,97.14,56.07,47.65,32.62
266.04,35.08,21.10,22.29,20.74,97.14,56.07,47.65,32.62
266.05,35.01,21.10,22.29,20.74,97.14,56.07,47.65,32.62
266.06,35.01,21.10,22.29,20.74,97.14,56.07,47.65,32.62
266.07,35.08,21.10,22.29,20.74,97.14,56.07,47.65,32.62
266.08,35.08,21.10,22.29,20.74,97.14,56.07,47.65,32.56
266.09,35.01,21.10,22.29,20.74,97.14,56.07,47.65,32.62
266.10,35.01,21.10,22.29,20.74,97.14,56.07,47.65,32.62
266.11,35.01,21.10,22.29,20.74,97.14,56.07,47.65,32.62
266.12,35.01,21.07,22.25,20.74,97.14,56.07,47.65,32.62
266.13,35.08,21.10,22.29,20.74,97.14,56.07,47.65,32.62
266.14,35.08,21.07,22.29,20.74,97.14,56.07,47.65,32.62
266.15,35.08,21.10,22.29,20.74,97.14,56.07,47.65,32.62
266.16,35.01,21.10,22.29,20.74,97.14,56.07,47.54,32.68
266.17,35.08,21.10,22.29,20.74,97.14,56.07,47.65,32.62
266.18,35.01,21.10,22.29,20.74,97.14,56.07,47.65,32.62
266.19,35.08,21.10,22.29,20.74,97.14,56.07,47.65,32.62
266.20,35.01,21.10,22.29,20.74,97.14,56.07,47.65,32.62
266.21,35.01,21.10,22.29,20.74,97.14,56.07,47.65,32.62
266.22,35.01,21.10,22.29,20.74,97.14,56.07,47.65,32.62
266.23,35.01,21.10,22.29,20.74,97.14,56.07,47.65,32.62
266.24,35.08,21.10,22.32,20.74,97.14,56.07,47.65,32.62
266.25,35.01,21.10,22.29,20.74,97.14,56.07,47.65,32.62
266.26,35.08,21.10,22.29,20.71,97.14,56.07,47.65,32.62
266.27,35.01,21.10,22.29,20.74,97.14,55.93,47.65,32.62
266.28,35.08,21.10,22.29,20.74,97.14,56.07,47.65,32.68
266.29,35.01,21.10,22.29,20.74,97.14,56.07,47.65,32.62
266.30,35.15,21.10,22.29,20.74,97.14,56.21,47.65,32.62
266.31,35.01,21.10,22.29,20.74,97.14,56.07,47.65,32.62
266.32,35.01,21.10,22.29,20.74,97.14,56.07,47.65,32.62
266.33,35.01,21.10,22.29,20.74,97.14,56.07,47.65,32.62
266.34,35.01,21.10,22.32,20.74,97.14,56.07,47.65,32.62
266.35,35.01,21.10,22.29,20.74,97.14,56.07,47.65,32.62
266.36,35.08,21.07,22.29,20.74,97.14,56.07,47.65,32.62
266.37,35.08,21.10,22.29,20.74,97.14,56.07,47.65,32.68
266.38,35.08,21.10,22.29,20.74,97.14,56.07,47.65,32.68
266.39,35.01,21.10,22.29,20.74,97.14,56.07,47.65,32.62
266.40,35.08,21.10,22.29,20.74,97.14,56.07,47.65,32.62
266.41,35.01,21.07,22.29,20.74,97.14,56.07,47.65,32.62
266.42,35.01,21.10,22.29,20.74,97.51,56.07,47.65,32.62
266.43,35.01,21.10,22.29,20.74,97.14,56.07,47.65,32.62
266.44,35.08,21.10,22.29,20.74,97.14,56.07,47.65,32.62
266.45,35.01,21.10,22.29,20.74,97.14,56.07,47.65,32.62
266.46,35.08,21.07,22.29,20.74,97.14,55.93,47.65,32.62
266.47,35.01,21.13,22.29,20.71,97.14,56.07,47.65,32.62
266.48,35.01,21.07,22.29,20.74,97.51,56.07,47.65,32.68
266.49,35.08,21.10,22.29,20.74,97.14,56.07,47.65,32.62
266.50,35.08,21.10,22.29,20.74,97.14,56.07,47.65,32.62
266.51,35.01,21.07,22.29,20.74,97.14,55.93,47.65,32.62
266.52,35.08,21.10,22.25,20.74,97.14,56.07,47.65,32.68
266.53,35.08,21.10,22.29,20.74,97.14,56.07,47.76,32.62
266.54,35.08,21.10,22.29,20.74,97.14,56.07,47.65,32.68
266.55,35.08,21.10,22.29,20.74,97.14,56.07,47.65,32.62
266.56,35.08,21.07,22.29,20.74,97.51,55.93,47.65,32.62
266.57,35.01,21.07,22.32,20.74,97.14,56.07,47.65,32.74
266.58,35.08,21.10,22.29,20.74,97.14,55.93,47.65,32.56
266.59,35.01,21.10,22.29,20.74,97.51,56.07,47.65,32.68
266.60,35.01,21.10,22.29,20.74,97.14,56.07,47.54,32.62
266.61,35.01,21.10,22.25,20.74,97.14,56.07,47.65,32.62
266.62,35.01,21.10,22.29,20.74,97.14,55.93,47.65,32.62
266.63,35.01,21.10,22.29,20.74,97.14,56.07,47.65,32.62
266.64,35.01,21.10,22.29,20.74,97.51,56.07,47.65,32.62
266.65,35.01,21.10,22.29,20.74,97.14,56.07,47.65,32.62
266.66,35.01,21.10,22.29,20.74,97.51,55.93,47.65,32.68
266.67,35.08,21.10,22.29,20.74,96.77,56.07,47.65,32.62
266.68,35.01,21.10,22.29,20.74,97.14,56.07,47.65,32.68
266.69,35.08,21.10,22.29,20.74,97.14,56.07,47.65,32.62
266.70,35.15,21.10,22.29,20.74,97.14,56.07,47.65,32.62
266.71,35.01,21.07,22.29,20.74,97.14,55.93,47.65,32.62
266.72,35.01,21.10,22.29,20.74,97.14,56.07,47.65,32.62
266.73,35.01,21.10,22.29,20.74,97.14,56.07,47.76,32.62
266.74,35.01,21.10,22.29,20.74,97.14,56.07,47.65,32.62
266.75,35.01,21.10,22.25,20.74,97.14,56.07,47.65,32.62
266.76,35.08,21.10,22.29,20.74,97.14,56.07,47.65,32.68
266.77,35.01,21.10,22.29,20.74,97.51,56.07,47.65,32.62
266.78,35.08,21.10,22.29,20.74,96.77,56.07,47.65,32.62
266.79,35.01,21.10,22.29,20.74,97.51,56.07,47.65,32.68
266.80,35.08,21.10,22.29,20.74,96.77,56.07,47.65,32.68
266.81,35.01,21.07,22.29,20.74,97.51,56.07,47.65,32.68
266.82,35.01,21.10,22.29,20.74,97.14,56.07,47.65,32.68
266.83,35.08,21.10,22.29,20.74,97.14,56.07,47.54,32.68
266.84,35.08,21.10,22.32,20.74,97.14,56.07,47.76,32.62
266.85,35.08,21.10,22.29,20.74,97.14,56.07,47.65,32.62
266.86,35.01,21.07,22.29,20.74,97.14,56.07,47.65,32.62
266.87,35.01,21.10,22.29,20.74,97.14,55.93,47.65,32.68
266.88,35.08,21.10,22.29,20.74,97.14,56.07,47.65,32.62
266.89,35.08,21.10,22.32,20.74,97.14,56.07,47.76,32.68
266.90,35.01,21.10,22.29,20.74,97.14,56.07,47.65,32.62
266.91,35.01,21.07,22.29,20.74,97.14,56.07,47.65,32.62
266.92,35.01,21.10,22.29,20.74,97.14,56.07,47.65,32.68
266.93,35.01,21.10,22.29,20.77,97.14,56.07,47.65,32.68
266.94,35.08,21.10,22.32,20.74,97.14,56.07,47.76,32.62
266.95,35.01,21.10,22.29,20.74,97.14,56.07,47.65,32.62
266.96,35.01,21.10,22.29,20.74,97.14,56.07,47.65,32.62
266.97,35.01,21.10,22.29,20.74,97.14,56.07,47.65,32.68
266.98,35.01,21.10,22.29,20.74,97.14,56.07,47.76,32.62
266.99,35.08,21.10,22.32,20.74,97.14,56.07,47.65,32.68
267.00,35.08,21.10,22.29,20.74,97.14,56.07,47.65,32.62
267.01,35.08,21.07,22.29,20.74,97.14,56.21,47.65,32.68
267.02,35.08,21.10,22.29,20.74,97.14,56.07,47.65,32.68
267.03,35.01,21.10,22.29,20.74,97.14,56.07,47.65,32.68
267.04,35.01,21.13,22.32,20.77,97.51,56.07,47.65,32.68
267.05,35.08,21.10,22.32,20.74,97.14,56.07,47.65,32.68
267.06,35.08,21.10,22.29,20.74,97.14,56.07,47.65,32.62
267.07,34.95,21.10,22.29,20.74,97.14,56.07,47.65,32.68
267.08,35.01,21.10,22.29,20.74,97.51,56.07,47.65,32.68
267.09,35.08,21.13,22.32,20.74,97.14,56.07,47.65,32.68
267.10,35.01,21.10,22.29,20.74,97.51,56.07,47.65,32.68
267.11,35.01,21.10,22.29,20.74,97.14,56.07,47.65,32.68
267.12,35.08,21.10,22.29,20.74,97.14,56.07,47.65,32.68
267.13,35.01,21.10,22.32,20.74,97.14,56.07,47.65,32.68
267.14,35.08,21.10,22.29,20.74,97.14,56.07,47.65,32.68
267.15,35.08,21.10,22.29,20.74,97.14,56.07,47.65,32.68
267.16,35.08,21.10,22.32,20.74,97.14,56.07,47.65,32.62
267.17,35.01,21.10,22.32,20.77,97.14,56.07,47.65,32.68
267.18,35.08,21.10,22.32,20.74,97.51,56.07,47.65,32.68
267.19,35.08,21.13,22.29,20.74,97.51,56.07,47.65,32.68
267.20,35.08,21.10,22.29,20.74,97.14,56.21,47.65,32.68
267.21,35.08,21.10,22.29,20.74,97.14,56.07,47.65,32.68
267.22,35.08,21.10,22.29,20.74,97.14,56.07,47.65,32.68
267.23,35.08,21.10,22.29,20.74,97.14,56.07,47.65,32.68
267.24,35.01,21.13,22.32,20.77,97.14,56.07,47.76,32.68
267.25,35.15,21.13,22.29,20.74,97.14,56.07,47.65,32.68
267.26,35.01,21.10,22.29,20.74,97.14,56.07,47.65,32.68
267.27,35.08,21.10,22.29,20.74,97.14,56.07,47.65,32.68
267.28,35.01,21.10,22.29,20.74,97.14,56.07,47.65,32.68
267.29,35.08,21.10,22.32,20.74,97.14,56.07,47.76,32.68
267.30,35.15,21.10,22.29,20.74,97.14,56.07,47.65,32.68
267.31,35.01,21.10,22.29,20.74,97.14,56.07,47.65,32.68
267.32,35.01,21.10,22.29,20.74,97.14,56.07,47.65,32.68
267.33,35.01,21.10,22.29,20.77,97.14,56.21,47.65,32.68
267.34,35.08,21.10,22.32,20.77,97.14,56.07,47.65,32.68
267.35,35.01,21.10,22.29,20.74,97.14,56.07,47.65,32.68
267.36,35.01,21.10,22.29,20.74,97.14,56.07,47.65,32.68
267.37,35.08,21.10,22.29,20.74,97.14,56.07,47.65,32.68
267.38,35.08,21.10,22.29,20.74,97.14,56.07,47.65,32.68
267.39,35.08,21.10,22.29,20.74,97.14,56.07,47.65,32.68
267.40,35.01,21.10,22.29,20.74,97.14,56.07,47.54,32.68
267.41,35.01,21.10,22.29,20.74,97.14,56.07,47.65,32.68
267.42,35.01,21.10,22.29,20.74,97.14,56.07,47.65,32.68
267.43,35.01,21.10,22.29,20.74,97.14,56.07,47.65,32.68
267.44,35.01,21.10,22.32,20.74,97.14,56.07,47.65,32.68
267.45,35.08,21.10,22.29,20.74,97.14,56.07,47.65,32.68
267.46,35.08,21.10,22.29,20.77,97.14,56.07,47.65,32.68
267.47,35.08,21.10,22.29,20.74,97.14,56.07,47.65,32.68
267.48,35.01,21.10,22.29,20.74,97.14,56.07,47.76,32.74
267.49,35.01,21.10,22.32,20.74,97.51,56.07,47.65,32.68
267.50,35.08,21.10,22.29,20.77,97.14,56.07,47.65,32.68
267.51,35.08,21.10,22.29,20.77,97.14,56.07,47.65,32.68
267.52,35.01,21.10,22.29,20.77,97.14,55.93,47.65,32.68
267.53,35.08,21.10,22.32,20.74,97.14,56.07,47.65,32.68
267.54,35.01,21.10,22.32,20.74,97.51,56.07,47.65,32.68
267.55,35.08,21.10,22.29,20.74,97.14,56.07,47.65,32.68
267.56,35.01,21.10,22.29,20.77,97.14,56.07,47.65,32.68
267.57,35.01,21.10,22.29,20.74,97.14,56.07,47.65,32.68
267.58,35.01,21.10,22.29,20.74,97.14,56.07,47.65,32.68
267.59,35.08,21.10,22.32,20.74,97.14,55.93,47.76,32.68
267.60,35.08,21.10,22.29,20.74,97.14,56.07,47.65,32.68
267.61,35.01,21.10,22.29,20.74,97.14,56.07,47.65,32.68
267.62,35.01,21.10,22.32,20.77,97.14,56.07,47.76,32.68
267.63,35.01,21.10,22.32,20.77,97.14,56.07,47.65,32.68
267.64,35.08,21.10,22.32,20.74,97.14,56.21,47.65,32.68
267.65,35.01,21.10,22.32,20.77,97.14,56.07,47.65,32.68
267.66,35.01,21.10,22.29,20.74,97.14,56.07,47.65,32.68
267.67,35.01,21.10,22.29,20.74,97.14,56.07,47.65,32.68
267.68,35.15,21.10,22.32,20.77,97.14,56.07,47.65,32.68
267.69,35.08,21.10,22.32,20.77,97.51,56.07,47.76,32.68
267.70,35.08,21.10,22.29,20.77,97.51,56.07,47.65,32.68
267.71,35.01,21.10,22.29,20.74,97.14,56.07,47.65,32.68
267.72,35.01,21.07,22.29,20.74,97.14,56.07,47.65,32.68
267.73,35.08,21.10,22.32,20.77,97.14,56.07,47.76,32.68
267.74,35.08,21.10,22.29,20.74,97.14,56.07,47.65,32.68
267.75,35.08,21.10,22.32,20.77,97.14,56.07,47.76,32.68
267.76,35.08,21.10,22.32,20.77,97.14,56.07,47.76,32.68
267.77,35.01,21.10,22.29,20.74,97.14,56.07,47.65,32.68
267.78,35.08,21.10,22.29,20.77,97.14,56.07,47.76,32.68
267.79,35.08,21.10,22.32,20.77,97.14,56.07,47.76,32.68
267.80,35.08,21.10,22.32,20.77,97.14,56.07,47.65,32.68
267.81,35.08,21.10,22.29,20.77,97.14,56.07,47.65,32.74
267.82,35.08,21.10,22.32,20.77,97.14,55.93,47.65,32.62
267.83,35.08,21.10,22.32,20.74,97.51,56.07,47.76,32.74
267.84,35.08,21.10,22.32,20.74,97.14,56.07,47.76,32.68
267.85,35.08,21.10,22.32,20.74,97.14,56.07,47.65,32.62
267.86,35.01,21.10,22.32,20.77,97.14,56.07,47.76,32.68
267.87,35.01,21.10,22.32,20.74,97.14,56.07,47.65,32.68
267.88,35.08,21.13,22.32,20.77,97.14,56.07,47.76,32.68
267.89,35.15,21.13,22.32,20.77,97.14,56.07,47.65,32.68
267.90,35.08,21.10,22.32,20.74,97.14,56.07,47.65,32.68
267.91,35.08,21.10,22.32,20.77,97.14,56.21,47.65,32.68
267.92,35.08,21.10,22.32,20.77,97.14,56.07,47.65,32.68
267.93,35.08,21.10,22.32,20.77,97.14,56.07,47.65,32.68
267.94,35.15,21.13,22.32,20.77,97.14,56.07,47.76,32.68
267.95,35.01,21.13,22.32,20.74,97.14,56.07,47.65,32.68
267.96,35.08,21.10,22.29,20.77,97.14,56.21,47.65,32.68
267.97,35.01,21.10,22.29,20.77,97.14,56.07,47.76,32.68
267.98,35.08,21.10,22.32,20.74,97.51,56.07,47.65,32.68
267.99,35.15,21.13,22.32,20.77,97.14,56.07,47.65,32.68
268.00,35.08,21.13,22.35,20.74,97.51,56.07,47.65,32.68
268.01,35.01,21.10,22.32,20.74,97.14,56.07,47.65,32.68
268.02,35.01,21.10,22.32,20.74,97.14,56.07,47.76,32.74
268.03,35.08,21.10,22.32,20.74,97.51,56.07,47.65,32.68
268.04,35.08,21.13,22.32,20.74,97.14,56.21,47.65,32.68
268.05,35.08,21.10,22.32,20.77,97.51,56.07,47.76,32.68
268.06,35.08,21.10,22.32,20.77,97.14,56.07,47.76,32.68
268.07,35.08,21.10,22.32,20.74,97.51,56.07,47.54,32.68
268.08,35.08,21.10,22.35,20.74,97.14,56.21,47.86,32.80
268.09,35.08,21.13,22.32,20.77,97.51,56.07,47.54,32.74
268.10,35.08,21.10,22.32,20.74,97.14,56.07,47.76,32.68
268.11,35.08,21.10,22.32,20.77,97.14,56.07,47.65,32.68
268.12,35.01,21.10,22.29,20.74,97.14,56.07,47.65,32.74
268.13,35.15,21.10,22.32,20.77,97.51,56.07,47.65,32.74
268.14,35.15,21.13,22.32,20.74,97.14,56.07,47.76,32.68
268.15,35.08,21.10,22.32,20.77,97.14,56.07,47.76,32.68
268.16,35.01,21.10,22.32,20.77,97.14,56.07,47.65,32.68
268.17,35.08,21.10,22.32,20.74,97.14,56.07,47.76,32.68
268.18,35.08,21.13,22.32,20.77,97.51,56.07,47.76,32.68
268.19,35.08,21.13,22.32,20.77,97.14,56.07,47.76,32.74
268.20,35.15,21.13,22.32,20.77,97.14,56.07,47.65,32.68
268.21,35.08,21.10,22.32,20.77,97.14,56.07,47.65,32.74
268.22,35.08,21.10,22.32,20.77,97.14,56.21,47.65,32.68
268.23,35.01,21.13,22.32,20.77,97.14,56.07,47.65,32.74
268.24,35.08,21.13,22.35,20.77,97.51,56.07,47.76,32.68
268.25,35.08,21.10,22.32,20.74,97.14,56.07,47.65,32.68
268.26,35.08,21.10,22.32,20.77,97.14,56.07,47.65,32.68
268.27,35.01,21.10,22.32,20.77,97.51,56.07,47.65,32.68
268.28,35.01,21.13,22.32,20.77,97.14,56.07,47.76,32.74
268.29,35.08,21.13,22.32,20.77,97.14,56.07,47.65,32.68
268.30,35.15,21.10,22.32,20.77,97.14,56.07,47.76,32.74
268.31,35.08,21.10,22.32,20.77,97.14,56.07,47.76,32.68
268.32,35.08,21.13,22.32,20.77,97.14,56.07,47.76,32.74
268.33,35.15,21.10,22.32,20.77,97.51,56.07,47.65,32.68
268.34,35.08,21.10,22.32,20.77,97.51,56.07,47.76,32.68
268.35,35.08,21.13,22.32,20.77,97.14,56.07,47.76,32.74
268.36,35.08,21.10,22.32,20.77,97.14,56.07,47.65,32.74
268.37,35.08,21.10,22.32,20.77,97.14,56.07,47.76,32.74
268.38,35.08,21.13,22.32,20.77,97.14,56.07,47.65,32.74
268.39,35.15,21.13,22.32,20.77,97.51,56.07,47.76,32.74
268.40,35.08,21.13,22.32,20.77,97.14,56.07,47.76,32.68
268.41,35.08,21.10,22.32,20.77,97.14,56.07,47.65,32.74
268.42,35.08,21.13,22.32,20.77,97.14,56.07,47.65,32.74
268.43,35.15,21.13,22.32,20.77,97.51,56.07,47.76,32.74
268.44,35.08,21.13,22.32,20.77,97.51,56.07,47.76,32.74
268.45,35.01,21.13,22.32,20.74,97.51,56.07,47.65,32.74
268.46,35.15,21.10,22.32,20.77,97.14,56.21,47.76,32.68
268.47,35.08,21.10,22.32,20.77,97.14,56.07,47.86,32.74
268.48,35.08,21.13,22.35,20.77,97.51,56.07,47.76,32.74
268.49,35.08,21.13,22.32,20.77,97.51,56.07,47.76,32.68
268.50,35.15,21.13,22.32,20.77,97.14,56.07,47.76,32.74
268.51,35.15,21.10,22.32,20.77,97.14,56.07,47.76,32.74
268.52,35.08,21.10,22.32,20.77,97.14,56.07,47.76,32.74
268.53,35.08,21.13,22.32,20.77,97.14,56.07,47.76,32.74
268.54,35.08,21.13,22.32,20.77,97.51,56.21,47.76,32.68
268.55,35.08,21.13,22.32,20.74,97.14,56.07,47.76,32.74
268.56,35.08,21.13,22.32,20.77,97.14,56.07,47.65,32.74
268.57,35.08,21.10,22.32,20.77,97.14,56.07,47.76,32.74
268.58,35.15,21.13,22.32,20.77,97.14,56.07,47.76,32.74
268.59,35.15,21.13,22.32,20.77,97.14,56.21,47.76,32.74
268.60,35.08,21.13,22.32,20.74,97.14,56.21,47.76,32.74
268.61,35.08,21.10,22.32,20.77,97.14,56.07,47.65,32.74
268.62,35.15,21.13,22.32,20.77,97.14,55.93,47.76,32.74
268.63,35.08,21.13,22.32,20.77,97.51,56.07,47.76,32.74
268.64,35.15,21.13,22.35,20.77,97.14,56.21,47.76,32.74
268.65,35.08,21.13,22.32,20.77,97.14,56.21,47.65,32.68
268.66,35.08,21.10,22.32,20.77,97.14,56.21,47.76,32.74
268.67,35.15,21.10,22.32,20.77,97.14,56.07,47.76,32.74
268.68,35.08,21.13,22.35,20.77,97.51,56.21,47.76,32.74
268.69,35.08,21.13,22.32,20.77,97.14,56.21,47.65,32.74
268.70,35.08,21.13,22.32,20.74,97.14,56.07,47.76,32.74
268.71,35.08,21.10,22.32,20.77,97.14,56.07,47.76,32.74
268.72,35.08,21.13,22.32,20.77,97.14,56.21,47.65,32.74
268.73,35.15,21.13,22.32,20.77,97.51,56.07,47.76,32.74
268.74,35.08,21.13,22.35,20.77,97.14,56.07,47.76,32.74
268.75,35.08,21.13,22.32,20.77,97.51,56.07,47.76,32.74
268.76,35.08,21.10,22.32,20.77,97.14,56.07,47.76,32.68
268.77,35.08,21.16,22.32,20.77,97.14,56.07,47.65,32.68
268.78,35.08,21.13,22.32,20.77,97.14,56.07,47.76,32.74
268.79,35.15,21.13,22.35,20.77,97.14,56.07,47.76,32.74
268.80,35.15,21.13,22.35,20.77,97.14,56.07,47.76,32.74
268.81,35.08,21.10,22.32,20.77,97.14,56.07,47.76,32.74
268.82,35.08,21.10,22.32,20.77,97.14,56.07,47.76,32.74
268.83,35.08,21.13,22.32,20.77,97.51,56.21,47.76,32.74
268.84,35.08,21.16,22.32,20.77,97.51,56.07,47.76,32.74
268.85,35.21,21.13,22.32,20.74,97.14,56.07,47.76,32.74
268.86,35.08,21.10,22.32,20.77,97.14,56.07,47.65,32.74
268.87,35.15,21.10,22.32,20.77,97.51,56.07,47.65,32.74
268.88,35.15,21.13,22.32,20.77,97.51,56.07,47.76,32.74
268.89,35.08,21.13,22.35,20.77,97.51,56.07,47.76,32.74
268.90,35.08,21.10,22.32,20.77,97.14,56.07,47.76,32.74
268.91,35.08,21.10,22.32,20.77,97.14,56.07,47.76,32.74
268.92,35.08,21.13,22.32,20.77,97.51,56.07,47.76,32.74
268.93,35.08,21.13,22.32,20.77,97.51,56.07,47.65,32.74
268.94,35.08,21.13,22.35,20.77,97.14,56.07,47.76,32.74
268.95,35.08,21.13,22.32,20.77,97.51,56.21,47.76,32.74
268.96,35.08,21.10,22.32,20.77,97.51,56.07,47.65,32.74
268.97,35.08,21.13,22.32,20.77,97.14,56.07,47.65,32.74
268.98,35.08,21.10,22.32,20.74,97.51,56.21,47.76,32.74
268.99,35.15,21.16,22.35,20.77,97.51,56.07,47.76,32.74
269.00,35.08,21.16,22.32,20.77,97.51,56.07,47.76,32.74
269.01,35.08,21.13,22.32,20.77,97.14,56.07,47.76,32.74
269.02,35.08,21.10,22.32,20.77,97.14,56.21,47.76,32.74
269.03,35.15,21.13,22.32,20.77,97.14,56.07,47.76,32.74
269.04,35.08,21.13,22.32,20.77,97.51,56.21,47.76,32.74
269.05,35.15,21.13,22.32,20.77,97.14,56.07,47.65,32.74
269.06,35.08,21.13,22.32,20.77,97.14,56.21,47.76,32.74
269.07,35.08,21.13,22.32,20.77,97.14,55.93,47.76,32.80
269.08,35.15,21.13,22.32,20.77,97.14,55.93,47.76,32.74
269.09,35.15,21.13,22.35,20.77,97.14,56.21,47.76,32.85
269.10,35.15,21.13,22.32,20.77,97.14,56.07,47.76,32.62
269.11,35.08,21.10,22.32,20.77,97.14,56.07,47.76,32.74
269.12,35.08,21.13,22.32,20.77,97.14,56.07,47.76,32.74
269.13,35.15,21.13,22.32,20.77,97.14,56.21,47.76,32.74
269.14,35.08,21.13,22.35,20.77,97.51,56.07,47.76,32.74
269.15,35.08,21.13,22.32,20.77,97.14,56.07,47.76,32.74
269.16,35.15,21.10,22.29,20.77,97.51,56.07,47.76,32.74
269.17,35.08,21.13,22.32,20.77,97.14,56.07,47.76,32.74
269.18,35.15,21.13,22.32,20.77,97.14,56.07,47.65,32.74
269.19,35.08,21.13,22.35,20.77,97.14,56.07,47.76,32.74
269.20,35.21,21.13,22.32,20.77,97.14,56.07,47.76,32.74
269.21,35.08,21.10,22.32,20.77,97.14,56.07,47.76,32.74
269.22,35.28,21.10,22.32,20.77,97.14,56.21,47.76,32.80
269.23,35.15,21.13,22.29,20.77,97.14,56.07,47.76,32.74
269.24,35.15,21.10,22.35,20.77,97.51,56.07,47.76,32.74
269.25,35.15,21.13,22.32,20.77,97.14,56.07,47.76,32.74
269.26,35.08,21.10,22.32,20.77,97.14,56.07,47.65,32.74
269.27,35.08,21.10,22.32,20.77,97.14,56.07,47.76,32.80
269.28,35.15,21.10,22.32,20.77,97.14,56.07,47.76,32.74
269.29,35.08,21.13,22.32,20.77,97.14,56.07,47.76,32.74
269.30,35.08,21.13,22.32,20.77,97.14,56.21,47.76,32.74
269.31,35.08,21.10,22.32,20.77,97.14,56.07,47.65,32.74
269.32,35.08,21.10,22.32,20.77,97.14,55.93,47.76,32.74
269.33,35.15,21.13,22.32,20.77,97.51,56.07,47.76,32.74
269.34,35.08,21.13,22.32,20.77,97.51,56.07,47.86,32.74
269.35,35.15,21.10,22.32,20.77,97.51,56.07,47.65,32.74
269.36,35.15,21.10,22.32,20.77,97.14,56.07,47.65,32.74
269.37,35.08,21.10,22.32,20.77,97.14,56.07,47.76,32.74
269.38,35.08,21.10,22.32,20.77,97.14,56.21,47.76,32.74
269.39,35.15,21.13,22.32,20.77,97.51,56.21,47.76,32.74
269.40,35.08,21.10,22.32,20.77,97.14,56.07,47.76,32.74
269.41,35.08,21.10,22.32,20.77,97.14,56.07,47.76,32.74
269.42,35.15,21.10,22.32,20.77,97.14,56.07,47.65,32.74
269.43,35.08,21.10,22.32,20.77,97.14,56.07,47.65,32.74
269.44,35.15,21.13,22.32,20.77,97.14,56.21,47.76,32.80
269.45,35.08,21.13,22.32,20.77,97.14,56.07,47.65,32.74
269.46,35.08,21.10,22.32,20.77,97.14,56.07,47.65,32.74
269.47,35.01,21.10,22.32,20.77,97.14,56.07,47.76,32.74
269.48,35.08,21.13,22.32,20.77,97.14,56.07,47.54,32.74
269.49,35.08,21.13,22.32,20.77,97.14,56.07,47.76,32.74
269.50,35.08,21.10,22.32,20.77,97.14,56.07,47.76,32.74
269.51,35.01,21.10,22.32,20.77,97.14,56.07,47.76,32.74
269.52,35.08,21.10,22.32,20.77,97.14,56.07,47.76,32.74
269.53,35.08,21.10,22.32,20.77,97.14,56.07,47.76,32.80
269.54,35.08,21.13,22.32,20.77,97.51,56.07,47.76,32.80
269.55,35.08,21.13,22.32,20.77,97.14,56.07,47.65,32.74
269.56,35.01,21.10,22.32,20.77,97.14,56.07,47.76,32.80
269.57,35.01,21.10,22.32,20.77,97.51,56.07,47.76,32.80
269.58,35.08,21.13,22.32,20.77,97.14,56.21,47.76,32.74
269.59,35.15,21.13,22.32,20.77,97.14,56.07,47.76,32.80
269.60,35.08,21.13,22.32,20.77,97.14,55.93,47.65,32.74
269.61,35.08,21.10,22.32,20.77,97.14,56.07,47.65,32.74
269.62,35.15,21.10,22.32,20.77,97.14,56.07,47.54,32.80
269.63,35.15,21.10,22.32,20.77,97.14,56.07,47.65,32.74
269.64,35.15,21.13,22.32,20.77,97.14,56.07,47.76,32.74
269.65,35.15,21.13,22.32,20.77,97.14,56.07,47.65,32.80
269.66,35.01,21.10,22.32,20.77,97.14,56.07,47.76,32.74
269.67,35.01,21.10,22.32,20.77,97.14,56.07,47.65,32.74
269.68,35.08,21.10,22.32,20.77,97.14,56.07,47.65,32.74
269.69,35.08,21.10,22.32,20.77,97.14,56.07,47.65,32.74
269.70,35.08,21.10,22.32,20.77,97.14,56.07,47.76,32.80
269.71,35.01,21.10,22.32,20.77,97.51,56.07,47.65,32.74
269.72,35.08,21.10,22.29,20.77,97.14,56.21,47.65,32.80
269.73,35.08,21.13,22.32,20.77,97.14,56.07,47.76,32.74
269.74,35.15,21.13,22.32,20.77,97.51,56.07,47.76,32.80
269.75,35.08,21.10,22.29,20.77,97.14,56.07,47.65,32.74
269.76,35.15,21.10,22.32,20.77,97.51,56.07,47.65,32.80
269.77,35.08,21.10,22.32,20.77,97.14,56.07,47.65,32.74
269.78,35.08,21.13,22.32,20.77,97.51,56.07,47.65,32.80
269.79,35.08,21.13,22.32,20.77,97.51,56.07,47.65,32.74
269.80,35.01,21.10,22.32,20.77,97.14,56.07,47.76,32.74
269.81,35.08,21.10,22.29,20.77,97.14,55.93,47.76,32.80
269.82,35.08,21.10,22.29,20.77,97.14,56.07,47.65,32.74
269.83,35.15,21.10,22.32,20.77,97.14,56.07,47.76,32.74
269.84,35.08,21.13,22.32,20.80,97.51,56.07,47.76,32.74
269.85,35.01,21.10,22.29,20.77,97.14,56.07,47.76,32.74
269.86,35.01,21.10,22.32,20.77,97.14,56.07,47.76,32.74
269.87,35.08,21.10,22.29,20.77,97.14,56.07,47.65,32.74
269.88,35.08,21.10,22.32,20.77,97.14,56.07,47.65,32.80
269.89,35.08,21.10,22.32,20.77,97.14,56.21,47.76,32.80
269.90,35.08,21.10,22.32,20.77,97.14,56.07,47.65,32.74
269.91,35.08,21.10,22.29,20.77,97.14,56.07,47.65,32.80
269.92,35.08,21.10,22.29,20.77,97.14,56.07,47.65,32.80
269.93,35.08,21.10,22.32,20.77,97.14,56.07,47.65,32.74
269.94,35.08,21.10,22.32,20.77,97.14,56.07,47.76,32.80
269.95,35.08,21.10,22.29,20.77,97.14,56.07,47.65,32.74
269.96,35.01,21.10,22.29,20.77,97.14,55.93,47.65,32.74
269.97,35.01,21.07,22.29,20.77,97.14,56.07,47.76,32.80
269.98,35.01,21.07,22.32,20.77,97.14,56.07,47.65,32.80
269.99,35.08,21.10,22.32,20.77,97.14,56.07,47.76,32.74
270.00,35.08,21.10,22.29,20.77,97.14,56.07,47.65,32.80
270.01,35.08,21.10,22.29,20.77,97.14,56.07,47.65,32.80
270.02,35.08,21.07,22.29,20.77,97.14,56.07,47.65,32.74
270.03,35.08,21.10,22.29,20.77,97.14,56.07,47.65,32.74
270.04,35.08,21.10,22.32,20.77,97.14,56.07,47.65,32.80
270.05,35.08,21.10,22.29,20.77,97.14,56.07,47.65,32.80
270.06,35.01,21.07,22.32,20.77,97.14,56.07,47.65,32.80
270.07,35.01,21.10,22.29,20.77,97.14,55.93,47.76,32.80
270.08,35.08,21.10,22.29,20.77,97.14,56.07,47.65,32.80
270.09,35.08,21.10,22.32,20.77,97.14,56.07,47.65,32.74
270.10,35.01,21.10,22.32,20.77,97.14,56.07,47.76,32.80
270.11,35.01,21.07,22.29,20.77,97.14,56.07,47.76,32.80
270.12,35.08,21.07,22.29,20.77,97.14,56.07,47.76,32.74
270.13,35.08,21.10,22.32,20.77,97.14,56.07,47.65,32.80
270.14,35.08,21.10,22.29,20.77,97.14,56.07,47.65,32.80
270.15,35.01,21.10,22.29,20.77,97.14,56.07,47.65,32.80
270.16,35.08,21.10,22.29,20.77,97.14,56.07,47.65,32.80
270.17,35.01,21.07,22.29,20.77,97.14,56.07,47.65,32.80
270.18,35.08,21.10,22.29,20.77,97.51,56.07,47.65,32.80
270.19,35.08,21.10,22.32,20.77,97.14,56.07,47.65,32.80
270.20,35.01,21.07,22.29,20.77,97.14,56.07,47.65,32.80
270.21,35.01,21.10,22.25,20.77,97.14,56.07,47.65,32.80
270.22,35.01,21.07,22.29,20.77,97.14,56.07,47.65,32.80
270.23,35.01,21.10,22.29,20.77,97.14,56.07,47.76,32.80
270.24,35.08,21.10,22.32,20.77,97.14,56.07,47.65,32.80
270.25,35.01,21.10,22.29,20.77,97.14,56.07,47.76,32.80
270.26,35.08,21.07,22.29,20.77,97.14,55.93,47.65,32.74
270.27,35.01,21.07,22.29,20.77,97.14,56.07,47.65,32.80
270.28,35.01,21.07,22.29,20.77,97.14,56.07,47.65,32.80
270.29,35.08,21.10,22.32,20.77,97.14,56.07,47.76,32.80
270.30,35.08,21.07,22.29,20.77,97.14,56.07,47.65,32.74
270.31,35.01,21.07,22.29,20.77,97.14,56.07,47.65,32.80
270.32,35.01,21.07,22.29,20.77,97.14,56.07,47.65,32.80
270.33,35.08,21.10,22.29,20.77,97.14,56.07,47.76,32.74
270.34,35.08,21.10,22.29,20.77,97.14,56.07,47.65,32.85
270.35,35.08,21.07,22.29,20.77,97.14,56.07,47.65,32.74
270.36,35.01,21.07,22.29,20.77,97.14,56.07,47.65,32.85
270.37,35.01,21.07,22.29,20.77,97.14,56.07,47.65,32.80
270.38,35.01,21.10,22.29,20.77,97.14,56.07,47.65,32.80
270.39,35.08,21.07,22.29,20.77,97.14,56.07,47.65,32.80
270.40,35.01,21.07,22.29,20.77,96.77,56.07,47.65,32.80
270.41,34.95,21.07,22.25,20.77,97.14,56.07,47.65,32.80
270.42,35.08,21.07,22.29,20.77,96.77,55.93,47.65,32.80
270.43,35.01,21.07,22.29,20.77,97.14,55.93,47.65,32.80
270.44,35.08,21.10,22.29,20.77,97.14,56.07,47.65,32.80
270.45,35.01,21.10,22.29,20.77,97.14,56.07,47.65,32.80
270.46,34.95,21.07,22.29,20.77,97.14,56.07,47.65,32.80
270.47,35.08,21.07,22.29,20.77,97.14,56.07,47.65,32.80
270.48,35.08,21.07,22.29,20.77,97.14,56.07,47.65,32.80
270.49,35.15,21.07,22.29,20.77,97.14,56.07,47.65,32.80
270.50,35.01,21.07,22.25,20.77,97.14,56.07,47.65,32.80
270.51,35.01,21.10,22.29,20.77,97.14,55.93,47.65,32.74
270.52,35.01,21.07,22.29,20.77,97.14,56.07,47.65,32.80
270.53,35.01,21.07,22.29,20.77,97.14,56.07,47.76,32.80
270.54,35.01,21.10,22.29,20.77,97.14,56.07,47.65,32.80
270.55,35.01,21.07,22.29,20.77,97.14,55.93,47.65,32.80
270.56,35.01,21.07,22.29,20.77,97.14,56.07,47.65,32.80
270.57,35.01,21.07,22.29,20.77,97.14,55.93,47.54,32.80
270.58,35.01,21.07,22.29,20.77,97.14,56.07,47.65,32.80
270.59,35.01,21.07,22.29,20.77,97.14,56.07,47.54,32.74
270.60,35.01,21.10,22.29,20.77,97.14,56.07,47.54,32.80
270.61,35.01,21.04,22.25,20.77,97.14,55.93,47.65,32.80
270.62,35.01,21.04,22.25,20.77,96.77,55.93,47.65,32.80
270.63,34.95,21.07,22.29,20.77,97.14,55.93,47.65,32.74
270.64,35.08,21.07,22.29,20.77,97.14,56.07,47.65,32.80
270.65,35.01,21.07,22.29,20.77,96.77,55.93,47.65,32.80
270.66,34.95,21.07,22.25,20.77,97.14,55.93,47.65,32.80
270.67,34.95,21.07,22.29,20.77,97.14,55.93,47.65,32.80
270.68,35.08,21.10,22.25,20.77,97.14,55.93,47.65,32.80
270.69,35.08,21.07,22.29,20.77,97.14,56.07,47.65,32.74
270.70,35.01,21.07,22.29,20.77,97.14,55.93,47.65,32.80
270.71,34.95,21.04,22.25,20.77,96.77,56.07,47.65,32.80
270.72,35.01,21.04,22.25,20.77,96.77,55.93,47.65,32.80
270.73,35.01,21.07,22.29,20.77,96.77,55.93,47.65,32.80
270.74,35.01,21.07,22.29,20.77,96.77,55.93,47.65,32.80
270.75,35.01,21.07,22.25,20.77,97.14,55.93,47.65,32.80
270.76,35.01,21.07,22.25,20.77,97.14,55.93,47.65,32.80
270.77,35.08,21.07,22.25,20.77,97.14,56.07,47.65,32.80
270.78,35.01,21.07,22.29,20.77,97.14,56.07,47.65,32.80
270.79,35.01,21.07,22.25,20.77,97.14,56.07,47.65,32.80
270.80,35.01,21.04,22.25,20.77,97.14,55.93,47.65,32.80
270.81,35.01,21.07,22.25,20.77,97.14,56.07,47.65,32.80
270.82,34.95,21.04,22.25,20.77,96.77,55.93,47.65,32.80
270.83,35.01,21.04,22.25,20.77,97.14,56.07,47.65,32.80
270.84,35.01,21.07,22.29,20.77,97.14,56.07,47.65,32.80
270.85,35.01,21.07,22.25,20.77,96.77,56.07,47.65,32.80
270.86,35.01,21.07,22.25,20.77,96.77,55.93,47.65,32.80
270.87,34.95,21.04,22.25,20.77,97.14,55.93,47.65,32.80
270.88,35.01,21.04,22.29,20.77,97.14,55.93,47.65,32.80
270.89,35.01,21.07,22.29,20.77,97.14,55.93,47.65,32.80
270.90,35.01,21.07,22.25,20.77,97.14,55.93,47.65,32.80
270.91,34.95,21.04,22.25,20.77,96.77,55.93,47.54,32.80
270.92,35.01,21.04,22.25,20.77,97.14,55.93,47.65,32.80
270.93,35.01,21.07,22.25,20.77,97.14,55.93,47.65,32.80
270.94,35.01,21.07,22.25,20.77,97.14,56.07,47.65,32.80
270.95,35.01,21.07,22.25,20.77,97.14,56.07,47.65,32.80
270.96,35.01,21.04,22.25,20.77,96.77,55.93,47.54,32.80
270.97,34.95,21.07,22.25,20.77,97.14,55.93,47.65,32.80
270.98,34.95,21.07,22.25,20.77,97.14,56.07,47.65,32.80
270.99,35.01,21.07,22.29,20.77,97.14,56.07,47.65,32.85
271.00,35.01,21.07,22.25,20.77,96.77,55.93,47.65,32.80
271.01,35.01,21.04,22.25,20.77,96.77,55.93,47.65,32.80
271.02,34.95,21.07,22.25,20.77,97.14,55.93,47.54,32.80
271.03,35.01,21.07,22.25,20.77,97.14,56.07,47.44,32.80
271.04,35.01,21.07,22.25,20.77,97.14,56.07,47.65,32.80
271.05,35.01,21.04,22.25,20.77,96.77,55.93,47.65,32.80
271.06,34.95,21.04,22.25,20.77,96.77,55.93,47.65,32.80
271.07,35.01,21.04,22.25,20.77,97.14,56.07,47.54,32.80
271.08,35.01,21.04,22.25,20.77,97.14,55.93,47.65,32.85
271.09,35.08,21.07,22.25,20.77,97.14,56.07,47.65,32.80
271.10,35.01,21.04,22.25,20.77,97.14,55.93,47.65,32.80
271.11,35.01,21.04,22.25,20.77,96.77,55.93,47.54,32.80
271.12,34.95,21.04,22.25,20.77,96.77,55.93,47.65,32.85
271.13,35.01,21.07,22.25,20.77,96.77,55.93,47.65,32.80
271.14,35.01,21.07,22.25,20.77,97.14,55.93,47.65,32.80
271.15,34.95,21.04,22.25,20.77,97.14,55.93,47.65,32.80
271.16,34.95,21.04,22.25,20.77,97.14,55.93,47.65,32.80
271.17,34.95,21.04,22.25,20.77,96.77,55.93,47.65,32.80
271.18,34.95,21.04,22.25,20.77,97.14,55.93,47.65,32.80
271.19,35.01,21.07,22.25,20.77,96.77,55.93,47.65,32.80
271.20,35.01,21.04,22.25,20.77,96.77,55.93,47.54,32.80
271.21,34.95,21.04,22.25,20.77,96.77,55.93,47.65,32.80
271.22,34.95,21.04,22.25,20.77,96.77,55.93,47.65,32.80
271.23,34.95,21.04,22.25,20.77,96.77,56.07,47.54,32.80
271.24,34.95,21.07,22.25,20.77,97.14,55.93,47.54,32.80
271.25,34.95,21.04,22.25,20.77,96.77,56.07,47.65,32.74
271.26,34.95,21.04,22.25,20.77,96.77,55.93,47.54,32.85
271.27,35.01,21.04,22.25,20.77,97.14,55.93,47.65,32.85
271.28,34.95,21.04,22.25,20.77,96.77,55.93,47.65,32.80
271.29,34.95,21.04,22.25,20.80,96.77,55.93,47.65,32.80
271.30,34.95,21.04,22.25,20.77,97.14,55.93,47.65,32.80
271.31,34.95,21.04,22.22,20.77,96.77,55.93,47.54,32.85
271.32,35.01,21.04,22.25,20.77,96.77,55.93,47.54,32.85
271.33,34.95,21.04,22.25,20.77,97.14,55.93,47.65,32.85
271.34,34.95,21.07,22.25,20.77,97.14,55.93,47.54,32.85
271.35,34.95,21.04,22.25,20.77,97.14,55.79,47.65,32.80
271.36,34.95,21.04,22.25,20.77,96.77,55.93,47.54,32.80
271.37,34.95,21.04,22.22,20.77,96.77,55.93,47.54,32.85
271.38,34.95,21.04,22.25,20.77,96.77,56.07,47.54,32.80
271.39,34.95,21.04,22.25,20.77,96.77,55.93,47.65,32.85
271.40,35.01,21.04,22.25,20.77,97.14,55.93,47.65,32.80
271.41,34.95,21.04,22.22,20.77,96.77,55.93,47.65,32.85
271.42,34.95,21.04,22.25,20.77,96.77,55.93,47.54,32.85
271.43,35.01,21.04,22.25,20.77,96.77,55.93,47.65,32.85
271.44,34.95,21.04,22.25,20.77,96.77,55.93,47.54,32.80
271.45,35.01,21.04,22.25,20.77,96.77,55.93,47.54,32.80
271.46,34.88,21.01,22.25,20.77,96.77,55.93,47.54,32.80
271.47,34.95,21.01,22.22,20.77,96.77,55.93,47.54,32.85
271.48,35.01,21.07,22.25,20.77,96.77,55.93,47.54,32.80
271.49,34.95,21.01,22.25,20.77,96.77,55.93,47.65,32.85
271.50,34.95,21.07,22.25,20.77,96.77,55.93,47.54,32.80
271.51,34.95,21.01,22.22,20.77,96.77,55.79,47.54,32.80
271.52,34.95,21.04,22.22,20.77,97.14,56.07,47.54,32.85
271.53,34.95,21.04,22.25,20.77,96.77,55.93,47.65,32.85
271.54,34.95,21.04,22.25,20.77,97.14,55.93,47.65,32.85
271.55,34.95,21.04,22.25,20.77,97.14,55.93,47.65,32.80
271.56,34.95,21.04,22.22,20.77,96.77,55.93,47.54,32.80
271.57,34.95,21.04,22.22,20.77,96.77,55.93,47.54,32.80
271.58,34.95,21.01,22.22,20.77,96.77,55.93,47.54,32.85
271.59,34.95,21.04,22.25,20.77,96.77,55.93,47.54,32.74
271.60,34.95,21.04,22.25,20.77,96.77,55.93,47.54,32.85
271.61,35.01,21.04,22.22,20.77,97.14,55.93,47.54,32.85
271.62,34.95,21.04,22.25,20.77,96.77,55.93,47.54,32.85
271.63,34.95,21.01,22.25,20.77,96.77,55.79,47.65,32.85
271.64,34.95,21.04,22.25,20.77,96.77,55.93,47.65,32.85
271.65,34.95,21.04,22.22,20.77,96.77,55.93,47.65,32.85
271.66,34.95,21.01,22.22,20.77,96.77,55.93,47.54,32.85
271.67,34.88,21.04,22.22,20.74,96.77,55.93,47.65,32.80
271.68,34.95,21.04,22.25,20.77,96.77,56.07,47.54,32.80
271.69,34.95,21.04,22.25,20.77,96.77,55.93,47.65,32.85
271.70,34.88,21.04,22.22,20.77,96.77,55.93,47.54,32.85
271.71,35.01,21.01,22.22,20.77,96.77,55.93,47.54,32.85
271.72,34.88,21.01,22.22,20.77,96.77,55.93,47.54,32.85
271.73,35.01,21.04,22.22,20.77,96.77,55.93,47.54,32.80
271.74,35.01,21.07,22.22,20.77,97.14,55.93,47.54,32.85
271.75,35.01,21.04,22.25,20.77,96.77,55.79,47.54,32.80
271.76,34.95,21.01,22.22,20.77,96.77,55.93,47.54,32.85
271.77,34.95,21.04,22.22,20.77,96.77,55.93,47.54,32.85
271.78,34.95,21.01,22.22,20.77,97.14,55.93,47.54,32.85
271.79,34.95,21.04,22.25,20.77,96.77,55.93,47.54,32.85
271.80,34.95,21.01,22.25,20.77,97.14,55.79,47.65,32.85
271.81,34.95,21.01,22.22,20.77,96.40,55.93,47.54,32.80
271.82,34.95,21.04,22.22,20.77,96.77,55.79,47.54,32.85
271.83,34.95,21.04,22.22,20.77,96.77,55.93,47.65,32.80
271.84,35.01,21.04,22.22,20.77,96.77,55.93,47.44,32.80
271.85,34.95,21.04,22.22,20.77,96.77,55.93,47.65,32.80
271.86,34.88,21.01,22.22,20.77,96.77,55.93,47.44,32.80
271.87,34.88,21.04,22.22,20.77,96.77,55.93,47.54,32.85
271.88,34.95,21.04,22.25,20.77,96.77,55.93,47.54,32.85
271.89,34.95,21.04,22.25,20.77,96.77,55.93,47.65,32.85
271.90,34.95,21.01,22.25,20.77,96.77,55.93,47.65,32.85
271.91,34.95,21.01,22.22,20.77,96.77,55.93,47.54,32.85
271.92,34.95,21.01,22.22,20.77,96.77,55.93,47.54,32.85
271.93,35.01,21.04,22.22,20.77,96.77,55.93,47.54,32.85
271.94,35.01,21.04,22.25,20.77,96.77,55.93,47.54,32.85
271.95,34.95,21.01,22.22,20.77,96.77,55.93,47.54,32.85
271.96,35.01,21.01,22.22,20.77,96.77,55.93,47.54,32.85
271.97,34.95,21.01,22.22,20.77,96.77,55.79,47.54,32.85
271.98,34.95,21.04,22.25,20.77,96.77,55.93,47.65,32.85
271.99,34.95,21.04,22.25,20.77,96.77,55.93,47.54,32.85
272.00,34.95,21.01,22.25,20.77,96.77,55.79,47.54,32.85
272.01,34.95,21.04,22.22,20.77,96.77,55.93,47.54,32.80
272.02,34.95,21.01,22.22,20.77,96.77,55.93,47.54,32.85
272.03,35.01,21.04,22.25,20.77,96.77,55.93,47.54,32.85
272.04,35.08,21.04,22.25,20.74,96.77,55.93,47.65,32.85
272.05,34.95,21.01,22.22,20.77,96.77,55.93,47.54,32.85
272.06,34.95,21.01,22.22,20.77,96.77,55.93,47.54,32.85
272.07,34.95,21.01,22.22,20.77,96.77,55.93,47.54,32.85
272.08,34.95,21.04,22.22,20.77,96.77,55.93,47.65,32.85
272.09,35.01,21.04,22.25,20.77,96.77,55.93,47.54,32.85
272.10,34.88,21.04,22.22,20.77,96.77,55.93,47.54,32.85
272.11,34.88,21.01,22.22,20.77,96.77,55.93,47.54,32.85
272.12,35.01,21.01,22.22,20.77,96.77,55.93,47.54,32.85
272.13,35.01,21.04,22.25,20.77,96.77,55.93,47.54,32.85
272.14,34.95,21.04,22.22,20.77,96.77,55.93,47.54,32.85
272.15,34.95,21.04,22.22,20.74,96.77,55.93,47.54,32.85
272.16,34.95,21.04,22.22,20.77,96.77,55.79,47.54,32.85
272.17,34.95,21.01,22.22,20.77,96.77,55.93,47.65,32.85
272.18,34.95,21.04,22.25,20.77,96.77,55.93,47.65,32.85
272.19,34.95,21.04,22.22,20.77,96.77,55.93,47.54,32.85
272.20,34.95,21.04,22.22,20.77,96.77,55.93,47.54,32.85
272.21,34.95,21.01,22.22,20.77,96.77,55.93,47.54,32.85
272.22,34.95,21.01,22.22,20.77,96.77,55.93,47.54,32.85
272.23,34.95,21.04,22.22,20.77,96.77,55.93,47.54,32.85
272.24,34.88,21.04,22.22,20.77,96.77,55.93,47.54,32.85
272.25,34.95,21.01,22.22,20.77,96.77,55.93,47.54,32.85
272.26,34.95,21.01,22.22,20.77,96.77,55.79,47.54,32.85
272.27,35.01,21.04,22.22,20.77,96.77,55.93,47.54,32.85
272.28,35.01,21.04,22.22,20.77,96.77,55.93,47.54,32.85
272.29,35.01,21.04,22.22,20.77,96.77,55.93,47.54,32.85
272.30,35.01,21.04,22.25,20.77,96.77,55.93,47.54,32.85
272.31,35.01,21.01,22.22,20.77,96.77,55.93,47.54,32.85
272.32,34.95,21.04,22.25,20.77,96.77,55.93,47.54,32.85
272.33,35.01,21.04,22.25,20.77,96.77,55.93,47.65,32.85
272.34,34.95,21.04,22.25,20.77,96.77,55.93,47.54,32.85
272.35,34.95,21.04,22.22,20.77,96.77,55.93,47.54,32.85
272.36,34.95,21.01,22.22,20.77,96.77,55.93,47.54,32.85
272.37,35.01,21.04,22.22,20.77,96.77,55.79,47.65,32.85
272.38,35.01,21.04,22.25,20.77,96.77,55.93,47.65,32.85
272.39,34.95,21.04,22.22,20.77,96.77,55.93,47.65,32.85
272.40,34.95,21.04,22.22,20.77,96.77,55.93,47.54,32.85
272.41,34.95,21.01,22.22,20.77,96.77,55.93,47.54,32.85
272.42,34.95,21.04,22.22,20.77,96.77,55.93,47.54,32.85
272.43,34.95,21.04,22.22,20.77,96.77,55.93,47.54,32.85
272.44,35.01,21.04,22.22,20.77,96.77,55.93,47.54,32.85
272.45,34.95,21.04,22.25,20.77,97.14,55.93,47.54,32.85
272.46,34.95,21.01,22.22,20.77,96.77,55.93,47.65,32.85
272.47,34.95,21.01,22.22,20.77,96.77,55.93,47.65,32.85
272.48,34.95,21.04,22.25,20.77,96.77,55.93,47.65,32.91
272.49,35.01,21.04,22.25,20.77,97.14,56.07,47.65,32.85
272.50,34.95,21.04,22.25,20.77,96.77,55.93,47.54,32.85
272.51,34.95,21.04,22.22,20.77,96.77,55.93,47.54,32.85
272.52,34.95,21.04,22.22,20.77,96.77,55.93,47.54,32.91
272.53,35.01,21.04,22.25,20.77,96.77,55.93,47.65,32.85
272.54,34.95,21.04,22.25,20.77,96.77,55.79,47.54,32.85
272.55,35.01,21.04,22.25,20.77,96.77,55.93,47.54,32.85
272.56,34.95,21.01,22.22,20.77,96.77,55.93,47.54,32.85
272.57,34.88,21.04,22.22,20.77,96.77,55.93,47.54,32.85
272.58,34.95,21.04,22.25,20.77,96.77,55.93,47.54,32.85
272.59,35.01,21.04,22.25,20.77,96.77,55.93,47.65,32.85
272.60,34.95,21.04,22.22,20.77,97.14,55.93,47.54,32.85
272.61,34.95,21.04,22.22,20.77,96.77,55.93,47.54,32.85
272.62,34.95,21.04,22.22,20.77,96.77,55.93,47.54,32.85
272.63,34.95,21.04,22.22,20.80,96.77,55.93,47.65,32.85
272.64,34.95,21.04,22.25,20.77,96.77,55.93,47.65,32.85
272.65,35.01,21.04,22.25,20.77,96.77,55.93,47.54,32.85
272.66,34.95,21.01,22.25,20.77,96.77,55.93,47.54,32.85
272.67,34.88,21.01,22.22,20.77,96.77,56.07,47.54,32.85
272.68,35.01,21.04,22.25,20.77,96.77,55.93,47.65,32.85
272.69,34.95,21.04,22.25,20.77,96.77,55.93,47.65,32.85
272.70,34.95,21.04,22.25,20.77,97.14,55.93,47.65,32.85
272.71,34.95,21.01,22.22,20.77,97.14,55.79,47.54,32.85
272.72,34.95,21.07,22.22,20.77,96.77,55.93,47.54,32.91
272.73,34.95,21.04,22.25,20.77,96.77,55.93,47.54,32.85
272.74,35.01,21.07,22.25,20.77,97.14,55.93,47.65,32.85
272.75,34.95,21.04,22.22,20.74,96.77,55.93,47.65,32.85
272.76,34.88,21.04,22.22,20.77,96.77,55.93,47.54,32.85
272.77,34.95,21.04,22.22,20.77,96.77,55.93,47.65,32.85
272.78,34.88,21.04,22.22,20.77,97.14,56.07,47.76,32.91
272.79,34.95,21.04,22.25,20.77,97.14,55.93,47.54,32.85
272.80,34.95,21.04,22.25,20.77,96.77,55.93,47.54,32.91
272.81,34.88,21.01,22.25,20.77,96.77,55.93,47.54,32.85
272.82,34.95,21.04,22.22,20.77,96.77,56.07,47.54,32.85
272.83,35.01,21.04,22.25,20.77,96.77,55.79,47.54,32.85
272.84,35.01,21.04,22.25,20.77,97.14,56.07,47.65,32.91
272.85,34.95,21.04,22.25,20.77,96.77,55.93,47.54,32.80
272.86,35.01,21.04,22.22,20.77,96.77,55.93,47.65,32.85
272.87,34.95,21.04,22.22,20.77,96.77,55.93,47.65,32.85
272.88,34.95,21.04,22.25,20.77,96.77,55.93,47.65,32.85
272.89,34.95,21.04,22.25,20.77,96.77,55.93,47.65,32.85
272.90,34.95,21.04,22.22,20.77,96.77,55.93,47.54,32.80
272.91,34.95,21.04,22.25,20.77,96.77,55.93,47.54,32.91
272.92,34.95,21.04,22.25,20.77,96.77,55.93,47.54,32.85
272.93,35.08,21.04,22.25,20.77,96.77,55.93,47.65,32.91
272.94,34.95,21.04,22.25,20.77,96.77,55.93,47.65,32.85
272.95,35.08,21.04,22.22,20.77,96.77,55.93,47.54,32.91
272.96,34.88,21.01,22.22,20.77,96.77,55.93,47.54,32.85
272.97,34.95,21.01,22.25,20.77,96.77,55.93,47.54,32.91
272.98,35.08,21.07,22.22,20.77,96.77,55.93,47.65,32.91
272.99,34.95,21.04,22.25,20.77,96.77,55.93,47.65,32.85
273.00,34.95,21.04,22.22,20.77,96.77,55.93,47.65,32.85
273.01,34.88,21.04,22.25,20.77,96.77,55.93,47.54,32.85
273.02,34.95,21.04,22.25,20.77,96.77,55.93,47.65,32.85
273.03,34.95,21.04,22.25,20.77,96.77,55.93,47.54,32.80
273.04,35.01,21.04,22.25,20.77,96.77,55.93,47.65,32.91
273.05,34.95,21.04,22.25,20.77,96.77,55.93,47.54,32.85
273.06,34.95,21.04,22.22,20.77,97.14,55.79,47.54,32.85
273.07,34.95,21.04,22.22,20.77,96.77,55.93,47.65,32.91
273.08,35.01,21.04,22.25,20.77,96.40,55.93,47.54,32.85
273.09,35.01,21.04,22.22,20.77,96.77,55.93,47.65,32.91
273.10,34.95,21.04,22.22,20.77,96.77,55.93,47.44,32.91
273.11,34.88,21.01,22.22,20.77,96.77,55.93,47.76,32.91
273.12,34.95,21.04,22.22,20.77,96.77,55.93,47.54,32.85
273.13,35.01,21.04,22.25,20.77,96.77,55.93,47.54,32.85
273.14,34.95,21.04,22.25,20.77,97.14,55.93,47.65,32.91
273.15,34.95,21.04,22.22,20.77,96.77,55.93,47.54,32.85
273.16,34.95,21.04,22.25,20.80,96.77,55.93,47.54,32.91
273.17,34.95,21.04,22.22,20.77,96.77,55.93,47.65,32.91
273.18,34.95,21.04,22.22,20.77,96.77,55.93,47.65,32.91
273.19,34.95,21.04,22.22,20.77,96.77,55.93,47.65,32.85
273.20,35.01,21.01,22.25,20.77,96.77,55.93,47.54,32.91
273.21,34.88,21.01,22.22,20.77,96.77,55.93,47.54,32.85
273.22,34.95,21.01,22.22,20.77,96.77,55.93,47.65,32.91
273.23,34.95,21.01,22.25,20.77,97.14,55.93,47.65,32.91
273.24,34.95,21.04,22.25,20.77,96.77,55.93,47.54,32.85
273.25,34.95,21.04,22.22,20.77,97.14,55.93,47.54,32.91
273.26,34.88,21.01,22.22,20.77,96.77,55.93,47.65,32.91
273.27,34.95,21.04,22.22,20.77,96.77,55.93,47.54,32.85
273.28,35.01,21.04,22.22,20.77,96.77,55.93,47.54,32.91
273.29,35.01,21.04,22.25,20.77,96.77,55.93,47.54,32.91
273.30,34.95,21.04,22.22,20.77,96.77,55.93,47.65,32.91
273.31,34.95,21.04,22.22,20.77,96.77,55.93,47.54,32.91
273.32,35.01,21.04,22.22,20.77,97.14,55.79,47.54,32.91
273.33,35.01,21.04,22.22,20.77,96.77,55.93,47.54,32.91
273.34,34.95,21.04,22.25,20.77,96.77,55.79,47.65,32.85
273.35,34.88,21.01,22.22,20.77,96.77,55.79,47.54,32.91
273.36,34.95,21.01,22.22,20.77,96.77,55.79,47.54,32.91
273.37,34.88,21.01,22.22,20.77,96.77,55.93,47.65,32.91
273.38,34.95,21.04,22.22,20.77,97.14,55.93,47.65,32.91
273.39,34.95,21.01,22.25,20.77,96.77,55.93,47.54,32.91
273.40,34.95,21.01,22.22,20.77,96.77,55.93,47.65,32.85
273.41,34.88,21.01,22.22,20.77,96.77,55.93,47.54,32.91
273.42,34.95,21.01,22.22,20.77,96.40,55.79,47.54,32.91
273.43,34.95,21.04,22.25,20.80,96.77,55.93,47.54,32.91
273.44,34.95,21.04,22.22,20.77,96.77,55.93,47.54,32.91
273.45,34.88,21.01,22.22,20.77,96.77,55.93,47.54,32.91
273.46,34.95,21.01,22.22,20.77,96.77,55.93,47.54,32.91
273.47,35.01,21.04,22.22,20.77,97.14,55.79,47.54,32.91
273.48,34.95,21.01,22.22,20.77,96.77,55.93,47.65,32.91
273.49,35.01,21.04,22.22,20.77,97.14,55.93,47.65,32.91
273.50,35.01,21.01,22.22,20.77,96.77,55.93,47.54,32.91
273.51,34.88,21.01,22.22,20.77,96.77,55.93,47.54,32.91
273.52,34.88,21.01,22.22,20.77,96.77,55.93,47.65,32.91
273.53,34.95,21.04,22.22,20.77,96.77,55.79,47.54,32.91
273.54,34.95,21.04,22.25,20.77,96.77,55.93,47.54,32.91
273.55,34.88,21.01,22.22,20.77,96.77,55.93,47.54,32.91
273.56,34.88,21.01,22.22,20.77,96.77,55.79,47.65,32.91
273.57,34.95,21.04,22.22,20.77,96.77,55.79,47.54,32.91
273.58,34.95,21.04,22.22,20.77,96.77,55.93,47.54,32.91
273.59,35.01,21.04,22.22,20.77,96.77,55.93,47.54,32.91
273.60,34.95,21.01,22.22,20.77,96.77,55.93,47.54,32.85
273.61,34.88,21.01,22.22,20.77,96.77,55.93,47.65,32.91
273.62,34.95,21.01,22.22,20.77,96.77,55.93,47.54,32.91
273.63,35.01,21.04,22.22,20.77,96.77,55.93,47.65,32.91
273.64,34.95,21.01,22.25,20.77,96.77,55.93,47.65,32.91
273.65,34.95,21.04,22.22,20.77,96.77,55.93,47.54,32.91
273.66,34.88,21.01,22.19,20.77,96.77,55.93,47.54,32.91
273.67,34.88,21.01,22.22,20.77,96.77,55.93,47.54,32.91
273.68,34.95,21.01,22.25,20.77,96.77,55.93,47.65,32.91
273.69,34.95,21.01,22.22,20.77,96.77,55.79,47.54,32.91
273.70,34.88,21.01,22.22,20.77,96.77,55.93,47.54,32.91
273.71,34.95,21.01,22.22,20.77,96.77,55.93,47.54,32.91
273.72,34.95,21.01,22.22,20.77,96.77,55.93,47.65,32.91
273.73,34.88,21.01,22.22,20.77,96.77,55.93,47.65,32.91
273.74,34.95,21.01,22.22,20.77,96.77,55.93,47.65,32.91
273.75,34.95,21.01,22.22,20.77,96.77,55.93,47.54,32.91
273.76,34.88,21.01,22.22,20.77,96.77,55.79,47.54,32.91
273.77,34.88,21.01,22.22,20.77,96.77,55.93,47.54,32.91
273.78,34.95,21.01,22.22,20.77,97.14,55.93,47.54,32.91
273.79,35.01,21.01,22.22,20.77,96.77,55.93,47.54,32.91
273.80,35.01,21.01,22.22,20.80,96.77,55.93,47.65,32.91
273.81,34.88,21.01,22.19,20.77,96.77,55.93,47.54,32.91
273.82,34.88,21.01,22.22,20.77,96.77,55.79,47.54,32.91
273.83,34.88,21.01,22.22,20.77,96.77,55.93,47.54,32.91
273.84,35.01,21.04,22.22,20.77,96.77,55.93,47.54,32.91
273.85,34.88,21.01,22.22,20.77,96.77,55.79,47.54,32.91
273.86,34.95,21.01,22.22,20.77,96.77,55.79,47.65,32.91
273.87,34.88,21.01,22.22,20.77,96.77,55.93,47.54,32.91
273.88,34.95,21.04,22.22,20.77,96.77,55.93,47.65,32.91
273.89,35.01,21.04,22.22,20.74,96.77,55.93,47.54,32.91
273.90,34.95,21.04,22.22,20.77,96.77,55.93,47.54,32.91
273.91,34.88,21.01,22.19,20.77,96.77,55.93,47.54,32.91
273.92,34.88,21.01,22.19,20.77,96.77,55.93,47.54,32.91
273.93,34.95,21.01,22.22,20.77,96.77,55.93,47.54,32.97
273.94,34.95,21.04,22.22,20.77,96.77,55.93,47.54,32.91
273.95,34.88,21.01,22.22,20.77,96.77,55.93,47.54,32.91
273.96,34.95,21.01,22.22,20.77,96.77,55.79,47.65,32.91
273.97,34.95,21.01,22.22,20.77,96.77,55.93,47.65,32.91
273.98,34.95,21.04,22.22,20.77,96.77,55.93,47.54,32.91
273.99,34.95,21.01,22.22,20.77,96.77,55.93,47.65,32.91
274.00,34.88,21.01,22.22,20.80,96.77,55.93,47.54,32.91
274.01,34.88,20.98,22.22,20.77,96.77,55.79,47.54,32.91
274.02,34.95,21.01,22.22,20.77,96.77,55.93,47.54,32.91
274.03,34.88,21.01,22.22,20.77,96.77,55.79,47.54,32.91
274.04,35.01,21.04,22.22,20.77,96.77,55.79,47.54,32.91
274.05,34.88,21.01,22.22,20.77,96.77,55.93,47.65,32.91
274.06,34.88,21.01,22.22,20.77,96.77,55.79,47.54,32.91
274.07,34.95,21.01,22.22,20.77,96.77,55.79,47.54,32.91
274.08,35.01,21.04,22.22,20.77,96.77,56.07,47.54,32.91
274.09,34.95,21.04,22.25,20.77,96.77,55.79,47.65,32.91
274.10,34.88,21.01,22.22,20.77,96.77,55.93,47.54,32.97
274.11,34.95,21.01,22.22,20.77,96.77,55.79,47.54,32.85
274.12,34.95,21.01,22.22,20.77,96.77,55.93,47.54,32.97
274.13,34.95,21.04,22.22,20.77,96.77,55.93,47.54,32.91
274.14,34.95,21.04,22.22,20.77,96.77,55.93,47.54,32.91
274.15,35.01,21.04,22.22,20.77,96.77,55.93,47.54,32.91
274.16,34.95,21.01,22.22,20.77,96.77,55.93,47.54,32.91
274.17,34.95,21.01,22.22,20.77,96.77,55.79,47.54,32.91
274.18,34.95,21.04,22.25,20.77,96.77,55.93,47.54,32.91
274.19,34.95,21.01,22.22,20.77,96.77,55.93,47.54,32.91
274.20,34.88,21.01,22.22,20.77,96.77,55.93,47.54,32.91
274.21,34.88,21.01,22.22,20.77,96.77,55.93,47.54,32.97
274.22,34.88,21.01,22.22,20.77,96.77,55.93,47.54,32.91
274.23,34.95,21.01,22.22,20.77,97.14,55.93,47.65,32.91
274.24,34.88,21.04,22.22,20.77,96.77,55.79,47.54,32.91
274.25,35.01,21.01,22.22,20.77,96.77,55.93,47.54,32.91
274.26,34.88,21.01,22.19,20.77,96.77,55.93,47.65,32.91
274.27,34.88,21.01,22.22,20.77,96.77,55.93,47.54,32.91
274.28,34.95,21.01,22.25,20.77,96.77,55.79,47.65,32.91
274.29,34.95,21.04,22.22,20.77,96.77,55.93,47.54,32.91
274.30,34.88,21.01,22.22,20.77,96.77,55.93,47.65,32.91
274.31,34.95,21.01,22.22,20.80,96.40,55.93,47.54,32.91
274.32,35.01,21.01,22.22,20.77,96.77,55.93,47.54,32.91
274.33,34.95,21.04,22.22,20.77,96.40,55.93,47.54,32.91
274.34,35.01,21.04,22.22,20.77,97.14,55.93,47.54,32.91
274.35,34.88,21.04,22.22,20.77,96.77,55.93,47.54,32.91
274.36,34.95,21.04,22.22,20.77,96.77,55.93,47.54,32.91
274.37,34.95,21.01,22.22,20.77,96.77,55.93,47.54,32.97
274.38,34.95,21.01,22.22,20.77,96.77,55.93,47.54,32.97
274.39,35.01,21.04,22.22,20.77,96.77,55.93,47.54,32.97
274.40,34.95,21.01,22.22,20.77,96.77,55.79,47.54,32.91
274.41,34.88,21.01,22.22,20.77,96.77,55.79,47.54,32.91
274.42,35.01,21.01,22.22,20.77,96.77,55.93,47.54,32.97
274.43,34.95,21.04,22.22,20.77,96.77,55.93,47.65,32.91
274.44,34.95,21.04,22.22,20.77,96.77,55.93,47.65,32.97
274.45,34.95,21.01,22.22,20.77,96.77,55.93,47.54,32.91
274.46,34.95,21.01,22.22,20.77,96.77,55.93,47.54,32.91
274.47,34.88,21.01,22.22,20.77,96.77,55.65,47.54,32.91
274.48,34.95,21.04,22.22,20.77,96.77,55.93,47.54,32.91
274.49,35.01,21.01,22.25,20.77,96.77,55.93,47.54,32.91
274.50,34.95,20.98,22.22,20.77,96.77,55.93,47.65,32.97
274.51,34.95,21.01,22.22,20.77,96.77,55.79,47.54,32.91
274.52,34.88,21.01,22.22,20.77,96.77,55.93,47.65,32.91
274.53,34.95,21.04,22.22,20.77,96.77,55.93,47.65,32.91
274.54,34.88,21.01,22.22,20.77,96.77,55.79,47.65,32.97
274.55,34.88,21.01,22.22,20.77,96.77,55.79,47.54,32.91
274.56,34.88,21.01,22.22,20.77,96.77,55.93,47.54,32.91
274.57,34.95,21.01,22.22,20.77,96.77,55.93,47.54,32.91
274.58,34.95,21.04,22.25,20.77,96.77,55.79,47.54,32.97
274.59,34.95,21.04,22.22,20.77,96.77,55.93,47.65,32.97
274.60,34.88,21.01,22.22,20.77,96.77,55.79,47.54,32.91
274.61,34.88,21.01,22.19,20.77,96.77,55.93,47.54,32.91
274.62,35.01,21.04,22.22,20.77,96.77,55.79,47.54,32.91
274.63,34.88,21.04,22.22,20.77,96.77,55.93,47.65,32.91
274.64,35.01,21.01,22.22,20.77,96.77,55.93,47.54,32.91
274.65,34.95,21.04,22.22,20.77,96.77,55.93,47.54,32.91
274.66,34.88,21.01,22.22,20.77,96.77,55.93,47.54,32.91
274.67,34.95,21.01,22.22,20.77,96.77,55.79,47.54,32.91
274.68,35.01,21.04,22.22,20.77,96.77,55.79,47.65,32.97
274.69,35.01,21.04,22.22,20.77,96.77,55.93,47.65,32.97
274.70,34.95,21.01,22.22,20.77,96.77,55.79,47.54,32.91
274.71,34.88,21.01,22.22,20.77,96.77,55.93,47.54,32.91
274.72,34.95,21.01,22.22,20.80,96.77,55.93,47.54,32.97
274.73,34.95,21.04,22.25,20.77,96.77,55.93,47.54,32.91
274.74,35.01,21.04,22.22,20.77,96.77,55.93,47.65,32.91
274.75,34.95,21.04,22.22,20.77,96.77,55.79,47.65,32.97
274.76,34.95,21.01,22.22,20.77,96.77,55.79,47.54,32.97
274.77,34.95,21.04,22.22,20.77,97.14,55.93,47.65,32.97
274.78,35.01,21.04,22.22,20.77,96.77,55.93,47.65,32.91
274.79,34.95,21.04,22.25,20.77,96.77,55.93,47.65,32.97
274.80,34.88,21.01,22.25,20.77,96.77,55.93,47.65,32.91
274.81,34.95,21.01,22.22,20.77,96.77,55.79,47.54,32.97
274.82,34.95,21.04,22.22,20.77,96.77,55.93,47.65,32.97
274.83,34.95,21.04,22.22,20.77,96.77,55.93,47.65,32.91
274.84,34.95,21.04,22.25,20.77,96.77,55.93,47.65,32.97
274.85,34.95,21.01,22.22,20.77,96.77,55.93,47.54,32.97
274.86,35.01,21.01,22.22,20.77,96.77,55.93,47.54,32.97
274.87,35.01,21.01,22.22,20.77,96.77,55.93,47.65,32.97
274.88,34.95,21.01,22.22,20.80,96.77,55.93,47.54,32.97
274.89,34.95,21.04,22.25,20.77,96.77,55.93,47.54,32.97
274.90,34.95,21.04,22.22,20.77,96.77,55.93,47.65,32.97
274.91,34.95,21.01,22.22,20.77,96.77,55.93,47.54,32.97
274.92,34.88,21.01,22.22,20.77,96.77,55.93,47.65,32.91
274.93,34.95,21.04,22.25,20.80,96.77,55.93,47.54,32.97
274.94,34.95,21.04,22.22,20.77,96.77,55.93,47.65,32.97
274.95,34.95,21.01,22.22,20.77,96.77,55.93,47.54,32.97
274.96,34.95,21.01,22.22,20.77,96.77,55.93,47.54,32.97
274.97,34.95,21.04,22.22,20.77,96.77,55.79,47.54,32.97
274.98,34.95,21.04,22.25,20.77,96.77,55.93,47.65,32.97
274.99,34.95,21.04,22.22,20.77,96.77,55.93,47.54,32.97
275.00,34.95,21.01,22.22,20.77,96.77,55.79,47.65,32.97
275.01,34.88,21.01,22.22,20.77,96.77,55.93,47.54,32.97
275.02,34.95,21.04,22.25,20.77,96.77,55.93,47.54,32.97
275.03,34.95,21.04,22.22,20.80,96.77,55.93,47.54,32.97
275.04,34.95,21.04,22.25,20.77,96.77,55.93,47.65,32.97
275.05,34.95,21.04,22.22,20.77,96.77,55.93,47.65,32.97
275.06,34.88,21.01,22.22,20.77,96.77,55.93,47.54,32.97
275.07,34.95,21.01,22.22,20.77,96.77,55.93,47.54,32.97
275.08,35.01,21.04,22.25,20.77,96.77,55.93,47.65,32.97
275.09,35.01,21.04,22.25,20.77,96.77,55.93,47.54,32.97
275.10,34.95,21.04,22.22,20.77,96.77,55.93,47.54,32.97
275.11,34.88,21.01,22.22,20.77,96.77,55.93,47.65,32.97
275.12,34.88,21.01,22.22,20.77,96.77,55.93,47.65,32.97
275.13,34.95,21.04,22.22,20.80,96.77,55.93,47.54,32.97
275.14,34.95,21.04,22.22,20.80,96.77,55.93,47.65,32.97
275.15,34.95,21.04,22.22,20.77,96.77,55.79,47.54,32.97
275.16,34.88,21.01,22.22,20.77,96.77,55.79,47.54,32.97
275.17,34.95,21.01,22.22,20.80,96.77,55.79,47.54,32.97
275.18,34.95,21.04,22.25,20.77,96.77,55.93,47.65,33.03
275.19,34.95,21.04,22.25,20.77,96.77,56.07,47.65,32.97
275.20,35.01,21.01,22.22,20.77,96.77,55.93,47.54,32.97
275.21,34.95,21.01,22.22,20.77,96.77,55.93,47.65,32.97
275.22,34.95,21.04,22.25,20.80,96.77,56.07,47.54,32.97
275.23,34.95,21.01,22.25,20.77,96.77,55.93,47.65,32.97
275.24,35.01,21.04,22.25,20.80,96.77,55.79,47.54,32.97
275.25,34.95,21.04,22.22,20.77,96.77,55.93,47.54,32.97
275.26,34.95,21.01,22.22,20.77,96.77,55.79,47.65,32.97
275.27,34.95,21.01,22.22,20.77,96.77,55.93,47.54,32.97
275.28,34.95,21.04,22.25,20.80,96.77,55.79,47.65,32.97
275.29,34.95,21.04,22.22,20.77,96.77,56.07,47.65,32.97
275.30,34.95,21.01,22.25,20.77,96.77,55.93,47.65,32.97
275.31,34.88,21.01,22.22,20.77,96.77,55.79,47.65,32.97
275.32,35.01,21.04,22.22,20.77,96.77,55.93,47.65,32.97
275.33,34.95,21.04,22.22,20.77,96.77,55.79,47.65,32.97
275.34,35.01,21.04,22.22,20.77,96.77,56.07,47.65,32.97
275.35,34.95,21.01,22.25,20.77,96.77,55.79,47.65,32.97
275.36,34.88,21.04,22.22,20.77,96.77,55.93,47.65,32.97
275.37,34.95,21.01,22.22,20.80,96.77,55.93,47.54,32.97
275.38,34.95,21.04,22.25,20.80,96.77,55.93,47.65,32.97
275.39,35.01,21.04,22.22,20.80,96.77,55.93,47.65,32.97
275.40,34.95,21.04,22.22,20.80,96.77,55.93,47.65,32.97
275.41,34.95,21.04,22.22,20.77,96.77,55.93,47.54,32.97
275.42,34.95,21.04,22.22,20.77,96.77,55.93,47.54,32.97
275.43,34.95,21.04,22.25,20.77,96.77,55.93,47.65,32.97
275.44,34.95,21.04,22.25,20.80,96.77,55.93,47.65,32.97
275.45,34.95,21.04,22.22,20.77,96.77,55.93,47.65,32.97
275.46,34.95,21.04,22.22,20.77,96.77,55.93,47.54,32.97
275.47,35.01,21.01,22.22,20.77,96.77,55.93,47.54,32.91
275.48,34.95,21.04,22.25,20.77,96.77,55.93,47.65,32.97
275.49,34.95,21.04,22.25,20.77,96.77,55.93,47.65,32.97
275.50,34.95,21.04,22.22,20.77,96.77,55.93,47.65,32.97
275.51,34.95,21.01,22.22,20.77,96.77,55.93,47.54,32.97
275.52,34.88,21.01,22.25,20.77,96.77,55.93,47.65,32.97
275.53,34.95,21.04,22.25,20.77,96.77,55.93,47.65,32.97
275.54,34.95,21.04,22.25,20.77,97.14,55.93,47.65,32.97
275.55,35.01,21.01,22.25,20.77,96.77,55.79,47.65,32.97
275.56,34.95,21.01,22.22,20.77,96.77,55.93,47.65,32.97
275.57,34.88,21.04,22.25,20.80,96.77,55.93,47.65,32.97
275.58,34.95,21.04,22.25,20.80,96.40,55.93,47.65,33.03
275.59,35.08,21.04,22.25,20.77,97.14,55.93,47.65,32.97
275.60,34.95,21.04,22.22,20.77,96.77,55.93,47.65,32.97
275.61,34.88,21.01,22.22,20.77,96.77,55.93,47.65,32.97
275.62,34.95,21.04,22.22,20.77,96.77,55.93,47.65,33.03
275.63,35.01,21.04,22.25,20.77,96.77,55.93,47.65,32.97
275.64,34.88,21.04,22.25,20.77,96.77,55.93,47.76,32.97
275.65,34.95,21.01,22.22,20.80,96.77,55.93,47.65,32.97
275.66,34.95,21.01,22.22,20.77,96.77,55.93,47.54,32.97
275.67,35.01,21.04,22.25,20.77,96.77,55.93,47.65,32.97
275.68,34.95,21.04,22.25,20.77,96.77,55.93,47.65,33.03
275.69,35.01,21.04,22.25,20.77,96.77,55.93,47.65,32.97
275.70,34.95,21.04,22.25,20.80,96.77,55.93,47.54,32.97
275.71,34.95,21.01,22.22,20.77,96.77,55.93,47.65,32.97
275.72,34.95,21.01,22.25,20.77,96.77,55.93,47.65,32.97
275.73,35.08,21.04,22.25,20.77,96.77,55.93,47.65,32.97
275.74,34.95,21.04,22.25,20.80,96.77,55.93,47.65,32.97
275.75,34.95,21.01,22.22,20.80,96.77,55.93,47.65,32.97
275.76,34.88,21.01,22.22,20.77,96.77,55.93,47.65,33.03
275.77,34.95,21.04,22.22,20.77,97.14,55.93,47.54,32.97
275.78,34.95,21.04,22.25,20.77,97.14,55.93,47.65,32.97
275.79,34.95,21.04,22.25,20.80,96.77,55.79,47.65,32.97
275.80,34.95,21.01,22.22,20.77,96.77,55.93,47.65,32.97
275.81,34.95,21.04,22.22,20.80,96.77,55.79,47.65,32.97
275.82,34.88,21.01,22.22,20.80,96.77,55.93,47.65,33.03
275.83,34.95,21.04,22.25,20.80,96.77,55.93,47.65,33.03
275.84,34.95,21.01,22.25,20.80,96.77,55.93,47.65,33.03
275.85,35.01,21.01,22.22,20.77,96.77,55.79,47.54,32.97
275.86,34.95,21.01,22.22,20.77,96.77,55.79,47.65,32.97
275.87,34.95,21.01,22.25,20.80,96.77,55.93,47.65,32.97
275.88,34.95,21.04,22.25,20.80,97.14,55.93,47.65,32.97
275.89,34.95,21.04,22.22,20.77,96.77,55.93,47.54,32.97
275.90,34.95,21.04,22.22,20.77,96.77,55.93,47.65,32.97
275.91,34.95,21.01,22.22,20.77,96.77,55.93,47.65,32.97
275.92,34.88,21.01,22.22,20.77,96.77,55.93,47.65,32.97
275.93,34.95,21.04,22.25,20.80,96.77,55.93,47.65,32.97
275.94,35.01,21.04,22.25,20.77,96.77,55.93,47.65,32.97
275.95,34.95,21.04,22.25,20.80,96.77,55.79,47.54,32.97
275.96,35.01,21.01,22.22,20.77,96.77,55.79,47.65,32.97
275.97,34.95,21.01,22.25,20.80,96.77,55.79,47.54,32.97
275.98,35.01,21.04,22.25,20.77,96.77,55.93,47.65,33.03
275.99,35.01,21.04,22.25,20.80,96.77,55.93,47.65,32.97
276.00,34.95,21.01,22.22,20.77,96.77,55.79,47.54,32.97
276.01,34.95,21.01,22.22,20.77,96.77,55.79,47.54,33.03
276.02,34.95,21.01,22.22,20.77,96.77,55.93,47.65,32.97
276.03,34.95,21.01,22.25,20.77,96.77,55.93,47.65,33.03
276.04,34.95,21.04,22.25,20.80,96.77,55.93,47.65,32.97
276.05,34.95,21.01,22.22,20.77,96.77,55.79,47.65,32.97
276.06,34.95,21.01,22.22,20.77,96.77,55.93,47.54,32.97
276.07,34.95,21.01,22.22,20.77,96.77,55.93,47.65,32.97
276.08,34.95,21.04,22.25,20.77,96.77,55.93,47.65,32.97
276.09,34.95,21.04,22.25,20.80,96.77,55.79,47.54,33.03
276.10,34.95,21.04,22.22,20.77,96.77,55.93,47.54,33.03
276.11,34.95,21.01,22.22,20.77,96.77,55.93,47.65,33.03
276.12,35.01,21.04,22.22,20.77,96.77,56.07,47.65,33.03
276.13,35.01,21.04,22.25,20.77,96.77,55.93,47.54,33.03
276.14,34.95,21.04,22.25,20.77,96.77,55.93,47.65,32.97
276.15,34.95,21.01,22.25,20.77,96.77,55.93,47.65,33.03
276.16,35.01,21.04,22.22,20.77,96.77,55.79,47.54,32.97
276.17,35.01,21.04,22.22,20.77,96.77,55.93,47.65,33.03
276.18,34.95,21.04,22.25,20.80,96.77,55.93,47.65,33.03
276.19,34.88,21.04,22.25,20.77,96.77,55.79,47.65,33.03
276.20,35.01,21.01,22.25,20.80,96.77,55.93,47.65,33.03
276.21,34.95,21.01,22.22,20.80,96.77,55.93,47.65,33.03
276.22,35.01,21.01,22.22,20.77,96.77,55.93,47.65,33.03
276.23,35.01,21.04,22.25,20.77,96.77,55.93,47.65,32.97
276.24,34.95,21.04,22.25,20.80,96.77,55.93,47.65,33.03
276.25,34.88,21.04,22.25,20.77,96.77,55.93,47.65,33.03
276.26,34.88,21.04,22.22,20.77,96.77,55.93,47.65,33.03
276.27,34.95,21.01,22.25,20.80,96.77,55.93,47.65,32.97
276.28,35.01,21.04,22.25,20.80,96.77,55.93,47.65,33.03
276.29,35.01,21.04,22.25,20.80,96.77,55.93,47.65,32.97
276.30,34.95,21.01,22.22,20.77,96.77,55.93,47.65,33.03
276.31,34.88,21.01,22.22,20.80,96.77,55.79,47.65,32.97
276.32,34.95,21.01,22.25,20.77,96.77,55.93,47.65,33.03
276.33,35.01,21.01,22.25,20.80,97.14,55.93,47.65,33.03
276.34,35.01,21.04,22.25,20.80,96.77,55.93,47.54,33.03
276.35,35.01,21.01,22.25,20.77,96.77,55.93,47.65,33.03
276.36,34.95,21.01,22.22,20.80,96.77,55.93,47.65,33.03
276.37,35.01,21.01,22.22,20.77,96.77,55.93,47.54,33.03
276.38,34.95,21.04,22.25,20.80,96.77,55.93,47.65,33.03
276.39,35.01,21.04,22.25,20.77,96.77,56.07,47.65,33.03
276.40,34.95,21.01,22.25,20.80,96.77,55.93,47.65,33.03
276.41,35.01,21.01,22.22,20.80,96.77,55.93,47.65,33.03
276.42,34.95,21.04,22.22,20.80,96.77,55.93,47.65,33.03
276.43,34.95,21.01,22.25,20.80,96.77,55.93,47.65,33.03
276.44,34.95,21.04,22.25,20.77,96.77,55.93,47.65,33.03
276.45,34.88,21.01,22.25,20.77,96.77,55.79,47.65,33.03
276.46,34.95,21.01,22.22,20.80,96.77,55.93,47.65,33.03
276.47,34.95,21.01,22.25,20.80,96.77,55.93,47.65,33.03
276.48,34.95,21.04,22.25,20.80,96.77,55.93,47.54,33.03
276.49,34.95,21.01,22.25,20.77,96.77,55.93,47.65,33.03
276.50,34.95,21.01,22.25,20.77,96.77,55.93,47.65,33.03
276.51,34.95,21.04,22.22,20.80,96.77,55.93,47.65,33.03
276.52,34.95,21.04,22.25,20.80,96.77,55.93,47.65,33.03
276.53,34.95,21.04,22.25,20.80,97.14,55.93,47.65,33.03
276.54,34.95,21.04,22.25,20.77,96.77,55.93,47.65,33.03
276.55,35.01,21.01,22.25,20.77,96.77,55.79,47.54,33.03
276.56,34.95,21.01,22.25,20.77,96.77,55.93,47.65,33.03
276.57,34.95,21.04,22.22,20.77,96.77,55.79,47.54,33.03
276.58,34.95,21.04,22.25,20.80,96.77,55.93,47.65,33.03
276.59,34.95,21.04,22.25,20.77,96.77,56.07,47.65,33.03
276.60,34.95,21.04,22.25,20.80,96.77,55.52,47.65,33.03
276.61,34.95,21.04,22.22,20.80,96.77,55.93,47.65,33.03
276.62,34.95,21.01,22.25,20.80,96.77,55.93,47.65,33.03
276.63,35.08,21.04,22.25,20.80,96.77,55.79,47.65,33.03
276.64,34.95,21.04,22.25,20.77,96.77,55.93,47.65,33.03
276.65,34.95,21.01,22.22,20.77,96.77,55.93,47.65,33.03
276.66,34.88,21.01,22.22,20.77,96.77,55.79,47.65,33.03
276.67,34.95,21.01,22.22,20.80,96.77,55.65,47.65,33.03
276.68,34.95,21.04,22.25,20.80,96.77,55.93,47.65,33.03
276.69,34.95,21.04,22.25,20.80,97.14,55.93,47.65,33.03
276.70,34.88,21.01,22.22,20.77,96.77,55.93,47.54,33.03
276.71,35.01,21.01,22.25,20.77,96.77,55.79,47.65,33.03
276.72,34.88,21.04,22.22,20.80,96.77,55.79,47.65,33.03
276.73,34.95,21.04,22.25,20.80,96.77,55.93,47.65,33.03
276.74,35.01,21.04,22.25,20.80,96.77,55.93,47.65,33.03
276.75,35.01,21.04,22.22,20.80,96.77,55.79,47.65,33.03
276.76,34.95,21.04,22.25,20.80,96.77,55.79,47.65,33.03
276.77,35.01,21.01,22.25,20.80,96.77,55.79,47.65,33.03
276.78,34.95,21.04,22.25,20.80,96.77,55.93,47.65,33.09
276.79,35.01,21.04,22.25,20.80,96.77,55.93,47.65,33.03
276.80,34.95,21.01,22.25,20.77,96.77,55.93,47.65,33.03
276.81,34.95,21.01,22.25,20.80,97.14,55.93,47.65,33.03
276.82,34.95,21.04,22.25,20.80,96.77,55.93,47.65,33.03
276.83,35.01,21.04,22.25,20.77,97.14,55.93,47.65,33.09
276.84,34.95,21.01,22.25,20.80,96.77,55.93,47.65,33.03
276.85,34.95,21.01,22.25,20.77,96.77,55.93,47.54,33.03
276.86,35.01,21.01,22.25,20.80,96.77,55.93,47.76,33.03
276.87,34.95,21.01,22.25,20.80,96.77,55.93,47.65,33.03
276.88,35.01,21.04,22.22,20.77,96.77,55.93,47.65,33.03
276.89,34.95,21.04,22.25,20.77,97.14,55.93,47.76,33.03
276.90,35.01,21.04,22.25,20.77,96.77,55.93,47.54,33.03
276.91,34.95,21.01,22.22,20.77,96.77,55.79,47.65,33.03
276.92,34.95,21.01,22.25,20.80,96.77,55.93,47.65,33.03
276.93,34.95,21.04,22.25,20.80,97.14,55.93,47.65,33.09
276.94,34.95,21.04,22.25,20.80,96.77,55.93,47.65,33.03
276.95,34.88,21.01,22.25,20.80,96.77,55.93,47.65,33.03
276.96,34.95,21.01,22.25,20.80,96.77,55.93,47.65,33.03
276.97,34.95,21.01,22.22,20.77,96.77,55.79,47.65,33.03
276.98,34.95,21.04,22.25,20.80,96.77,55.93,47.65,33.03
276.99,34.95,21.04,22.25,20.80,96.77,55.93,47.65,33.03
277.00,35.01,21.04,22.25,20.77,96.77,55.93,47.65,33.03
277.01,34.95,21.01,22.25,20.77,96.77,55.93,47.65,33.03
277.02,34.95,21.01,22.25,20.80,97.14,55.93,47.65,33.03
277.03,35.01,21.04,22.25,20.80,96.77,55.93,47.54,33.03
277.04,35.01,21.04,22.25,20.77,96.77,55.93,47.65,33.03
277.05,35.01,21.01,22.25,20.80,96.77,55.93,47.65,33.03
277.06,34.95,21.01,22.25,20.80,96.77,55.93,47.65,33.03
277.07,35.01,21.04,22.25,20.77,96.77,55.93,47.65,33.09
277.08,34.95,21.01,22.25,20.80,97.14,55.93,47.65,33.03
277.09,35.01,21.04,22.25,20.80,96.77,55.93,47.65,33.03
277.10,34.95,21.01,22.25,20.80,96.77,55.93,47.65,33.09
277.11,34.95,21.01,22.25,20.80,96.77,55.93,47.65,33.03
277.12,34.95,21.01,22.25,20.80,96.77,55.93,47.65,33.09
277.13,35.01,21.04,22.25,20.80,97.14,55.93,47.65,33.09
277.14,34.95,21.04,22.25,20.77,96.77,55.93,47.65,33.09
277.15,34.95,21.01,22.25,20.80,96.77,55.93,47.65,33.03
277.16,34.95,21.01,22.25,20.80,96.77,55.93,47.65,33.03
277.17,34.95,21.04,22.25,20.80,97.14,55.93,47.65,33.09
277.18,35.01,21.04,22.25,20.80,96.77,55.93,47.65,33.09
277.19,35.01,21.04,22.25,20.80,97.14,55.93,47.65,33.03
277.20,35.01,21.04,22.25,20.80,97.14,55.93,47.65,33.09
277.21,34.95,21.01,22.25,20.80,96.77,55.79,47.65,33.09
277.22,34.95,21.04,22.25,20.80,96.40,55.93,47.65,33.03
277.23,35.08,21.04,22.25,20.80,96.77,55.93,47.65,33.03
277.24,34.95,21.04,22.25,20.80,96.77,55.93,47.65,33.09
277.25,34.95,21.04,22.25,20.80,96.77,55.93,47.65,33.09
277.26,35.01,21.04,22.25,20.80,96.77,55.93,47.65,33.09
277.27,34.95,21.04,22.25,20.80,97.14,55.93,47.65,33.09
277.28,35.08,21.04,22.29,20.80,97.14,55.93,47.65,33.09
277.29,34.95,21.04,22.25,20.80,96.77,55.93,47.65,33.03
277.30,35.01,21.01,22.25,20.80,97.14,55.79,47.65,33.03
277.31,34.95,21.01,22.25,20.80,96.77,55.93,47.65,33.03
277.32,34.95,21.04,22.25,20.80,96.77,55.93,47.65,33.09
277.33,35.08,21.01,22.25,20.80,96.77,56.07,47.65,33.09
277.34,34.95,21.04,22.29,20.77,96.77,55.93,47.65,33.09
277.35,34.95,21.04,22.25,20.80,96.77,55.93,47.65,33.09
277.36,34.95,21.01,22.25,20.80,96.77,55.79,47.65,33.09
277.37,34.95,21.01,22.25,20.80,97.14,55.93,47.65,33.09
277.38,35.01,21.04,22.25,20.80,96.77,55.79,47.65,33.09
277.39,34.95,21.04,22.25,20.80,96.77,55.93,47.65,33.03
277.40,34.95,21.01,22.25,20.80,96.77,55.93,47.65,33.09
277.41,34.95,21.01,22.25,20.80,96.77,55.93,47.65,33.09
277.42,34.95,21.01,22.25,20.80,96.77,55.93,47.65,33.09
277.43,35.01,21.07,22.29,20.80,97.14,55.93,47.65,33.09
277.44,34.95,21.04,22.29,20.80,96.77,55.93,47.65,33.09
277.45,35.01,21.04,22.25,20.80,96.77,55.93,47.65,33.09
277.46,35.01,21.01,22.25,20.80,96.77,55.79,47.65,33.09
277.47,34.95,21.01,22.25,20.80,97.14,55.93,47.65,33.09
277.48,34.95,21.04,22.25,20.80,96.77,55.93,47.65,33.09
277.49,35.01,21.04,22.25,20.80,96.77,55.93,47.76,33.03
277.50,34.95,21.04,22.25,20.80,96.77,55.93,47.65,33.09
277.51,34.95,21.01,22.25,20.80,96.77,55.93,47.65,33.09
277.52,34.95,21.04,22.25,20.80,96.77,55.93,47.65,33.09
277.53,34.95,21.04,22.29,20.80,97.14,55.93,47.65,33.09
277.54,34.95,21.04,22.25,20.80,97.14,55.93,47.65,33.09
277.55,34.95,21.01,22.25,20.80,97.14,55.93,47.65,33.03
277.56,35.01,21.01,22.25,20.80,96.77,55.79,47.65,33.09
277.57,34.95,21.07,22.25,20.80,97.14,55.93,47.65,33.03
277.58,34.95,21.01,22.25,20.80,97.14,55.93,47.65,33.03
277.59,34.95,21.04,22.25,20.80,96.77,55.93,47.65,33.03
277.60,34.95,21.01,22.25,20.80,96.77,55.79,47.65,33.09
277.61,34.95,21.01,22.25,20.80,96.77,55.93,47.65,33.09
277.62,34.95,21.01,22.25,20.80,96.77,55.93,47.65,33.03
277.63,34.95,21.04,22.25,20.80,96.77,56.07,47.65,33.09
277.64,34.95,21.04,22.25,20.80,96.77,55.79,47.65,33.09
277.65,34.95,21.01,22.25,20.80,96.77,55.79,47.65,33.09
277.66,34.95,21.01,22.25,20.80,96.77,55.93,47.65,33.09
277.67,34.95,21.01,22.25,20.80,97.14,55.93,47.65,33.09
277.68,35.01,21.04,22.25,20.80,97.14,55.93,47.76,33.09
277.69,34.95,21.04,22.25,20.80,96.77,55.93,47.65,33.09
277.70,34.95,21.04,22.25,20.77,96.77,55.93,47.65,33.09
277.71,34.95,21.01,22.25,20.80,97.14,55.93,47.54,33.03
277.72,35.01,21.01,22.25,20.80,96.77,55.93,47.65,33.09
277.73,35.01,21.07,22.25,20.80,96.77,55.93,47.65,33.09
277.74,34.95,21.01,22.25,20.77,96.77,55.93,47.65,33.09
277.75,34.95,21.04,22.25,20.83,96.77,55.93,47.65,33.09
277.76,34.95,20.98,22.22,20.77,96.77,55.93,47.65,33.09
277.77,34.95,21.01,22.25,20.80,96.77,55.93,47.65,33.09
277.78,34.95,21.04,22.25,20.80,96.77,55.93,47.65,33.09
277.79,34.95,21.04,22.25,20.80,97.14,55.93,47.65,33.09
277.80,34.95,21.04,22.25,20.80,96.77,55.93,47.65,33.09
277.81,34.95,21.01,22.25,20.80,96.77,55.79,47.65,33.09
277.82,34.95,21.04,22.25,20.80,96.77,55.79,47.65,33.09
277.83,35.01,21.04,22.25,20.80,97.14,55.93,47.76,33.09
277.84,35.01,21.04,22.25,20.80,97.14,55.79,47.65,33.03
277.85,34.95,21.01,22.25,20.80,96.77,55.93,47.65,33.15
277.86,34.95,21.04,22.25,20.80,97.14,55.93,47.65,33.03
277.87,34.88,21.04,22.25,20.80,97.14,55.93,47.76,33.09
277.88,35.01,21.04,22.29,20.80,96.77,55.93,47.65,33.09
277.89,35.01,21.04,22.29,20.80,97.14,55.93,47.65,33.09
277.90,35.01,21.04,22.25,20.80,96.77,55.93,47.65,33.09
277.91,35.01,21.01,22.25,20.80,96.77,55.93,47.65,33.09
277.92,35.01,21.01,22.25,20.80,96.77,55.93,47.65,33.09
277.93,35.08,21.04,22.25,20.80,96.77,55.93,47.65,33.09
277.94,35.01,21.04,22.25,20.77,97.14,55.93,47.76,33.09
277.95,34.95,21.01,22.25,20.80,97.14,55.93,47.65,33.09
277.96,34.95,21.01,22.25,20.80,96.77,55.93,47.65,33.09
277.97,34.95,21.04,22.25,20.80,96.77,55.93,47.65,33.09
277.98,35.08,21.04,22.29,20.80,96.77,55.93,47.65,33.09
277.99,35.01,21.04,22.25,20.80,97.14,55.93,47.76,33.09
278.00,34.95,21.01,22.29,20.80,96.77,55.93,47.65,33.09
278.01,34.95,21.01,22.25,20.80,96.77,55.93,47.65,33.09
278.02,35.01,21.01,22.25,20.80,96.77,55.93,47.65,33.09
278.03,34.95,21.04,22.25,20.80,97.14,55.93,47.65,33.09
278.04,34.95,21.04,22.29,20.80,96.77,55.93,47.65,33.09
278.05,34.95,21.04,22.25,20.80,97.14,55.93,47.65,33.09
278.06,34.95,21.01,22.25,20.80,96.77,55.93,47.65,33.09
278.07,35.01,21.04,22.25,20.80,96.77,55.93,47.76,33.15
278.08,34.95,21.04,22.29,20.80,97.14,55.93,47.76,33.09
278.09,35.01,21.04,22.25,20.80,96.77,55.93,47.54,33.09
278.10,35.01,21.01,22.25,20.80,97.14,55.93,47.76,33.09
278.11,35.01,21.01,22.25,20.80,96.77,55.93,47.65,33.09
278.12,34.95,21.01,22.25,20.80,96.77,55.93,47.65,33.09
278.13,34.95,21.04,22.25,20.80,96.77,55.93,47.76,33.09
278.14,35.01,21.04,22.25,20.80,97.14,55.93,47.65,33.09
278.15,34.95,21.04,22.25,20.80,96.77,55.79,47.65,33.09
278.16,34.95,21.01,22.25,20.80,96.77,55.93,47.65,33.09
278.17,35.01,21.01,22.25,20.80,96.77,55.93,47.65,33.09
278.18,35.01,21.04,22.29,20.80,97.14,55.93,47.65,33.09
278.19,35.01,21.04,22.25,20.80,96.77,55.93,47.65,33.09
278.20,34.95,21.04,22.25,20.80,97.14,55.93,47.76,33.09
278.21,34.95,21.04,22.25,20.80,96.77,55.93,47.76,33.09
278.22,34.95,21.04,22.29,20.80,96.77,55.93,47.76,33.09
278.23,35.01,21.07,22.29,20.80,97.14,55.93,47.76,33.09
278.24,35.01,21.04,22.29,20.80,97.14,55.93,47.65,33.09
278.25,35.01,21.04,22.25,20.80,96.77,55.93,47.76,33.09
278.26,34.95,21.04,22.25,20.80,96.77,55.93,47.65,33.09
278.27,34.95,21.04,22.25,20.80,97.14,55.93,47.65,33.09
278.28,34.95,21.04,22.29,20.80,97.14,55.93,47.76,33.09
278.29,34.95,21.01,22.29,20.80,97.14,55.93,47.65,33.15
278.30,34.95,21.04,22.25,20.80,97.14,55.93,47.65,33.09
278.31,34.95,21.01,22.29,20.80,96.77,55.79,47.65,33.15
278.32,34.95,21.04,22.29,20.80,96.77,55.93,47.65,33.09
278.33,34.95,21.04,22.29,20.80,97.14,55.93,47.65,33.09
278.34,35.01,21.04,22.29,20.80,97.14,55.93,47.76,33.09
278.35,34.95,21.01,22.25,20.80,96.77,55.93,47.65,33.09
278.36,34.95,21.01,22.25,20.80,96.77,55.93,47.76,33.09
278.37,34.95,21.04,22.29,20.80,97.14,55.93,47.65,33.09
278.38,35.01,21.04,22.29,20.80,97.14,56.07,47.76,33.09
278.39,35.01,21.04,22.29,20.80,97.14,56.07,47.76,33.09
278.40,35.01,21.04,22.29,20.80,97.14,55.93,47.65,33.09
278.41,34.95,21.01,22.25,20.80,96.77,55.93,47.65,33.09
278.42,34.95,21.04,22.29,20.80,96.77,55.93,47.65,33.09
278.43,34.95,21.04,22.25,20.80,97.14,55.93,47.76,33.15
278.44,34.95,21.04,22.29,20.80,97.14,55.93,47.65,33.09
278.45,35.01,21.04,22.25,20.80,97.14,55.93,47.65,33.09
278.46,35.01,21.04,22.25,20.80,96.77,55.93,47.76,33.15
278.47,34.95,21.04,22.25,20.80,96.77,55.93,47.76,33.09
278.48,35.01,21.04,22.29,20.80,97.14,55.93,47.76,33.09
278.49,34.95,21.07,22.29,20.80,97.14,55.93,47.76,33.09
278.50,34.95,21.04,22.29,20.80,96.77,55.93,47.76,33.09
278.51,34.95,21.04,22.25,20.80,97.14,55.93,47.65,33.15
278.52,34.95,21.04,22.29,20.80,97.14,55.93,47.65,33.09
278.53,35.08,21.07,22.29,20.80,97.14,55.93,47.65,33.15
278.54,35.08,21.07,22.29,20.80,96.77,55.93,47.76,33.09
278.55,34.95,21.04,22.29,20.83,97.14,55.93,47.76,33.15
278.56,34.95,21.04,22.25,20.80,96.77,55.93,47.65,33.09
278.57,35.08,21.04,22.25,20.80,97.14,55.93,47.76,33.09
278.58,35.08,21.07,22.29,20.80,97.14,55.93,47.76,33.09
278.59,34.95,21.04,22.29,20.80,97.14,55.93,47.76,33.09
278.60,35.08,21.04,22.29,20.80,97.14,55.93,47.76,33.09
278.61,34.95,21.01,22.29,20.83,96.77,55.93,47.76,33.15
278.62,35.01,21.04,22.29,20.80,97.14,55.93,47.76,33.15
278.63,35.01,21.04,22.29,20.80,97.14,55.93,47.76,33.09
278.64,35.01,21.04,22.29,20.80,97.14,56.07,47.76,33.15
278.65,35.01,21.04,22.29,20.80,97.14,55.93,47.65,33.09
278.66,34.95,21.04,22.29,20.80,97.14,55.93,47.65,33.15
278.67,35.01,21.04,22.29,20.80,97.14,55.93,47.76,33.15
278.68,34.95,21.04,22.29,20.80,97.14,55.93,47.76,33.09
278.69,35.01,21.04,22.29,20.80,97.14,55.93,47.76,33.09
278.70,34.95,21.04,22.29,20.80,97.14,55.93,47.76,33.09
278.71,35.01,21.04,22.25,20.80,97.14,55.93,47.76,33.09
278.72,34.95,21.04,22.29,20.80,97.14,55.93,47.76,33.15
278.73,35.01,21.07,22.29,20.80,97.14,55.93,47.76,33.09
278.74,34.95,21.04,22.29,20.80,97.14,55.93,47.76,33.15
278.75,35.01,21.04,22.29,20.80,96.77,55.93,47.76,33.09
278.76,35.01,21.04,22.29,20.80,97.14,55.79,47.76,33.15
278.77,35.01,21.07,22.29,20.83,97.14,55.93,47.76,33.15
278.78,35.01,21.07,22.29,20.80,97.14,56.07,47.76,33.15
278.79,35.01,21.04,22.29,20.80,97.14,55.93,47.76,33.09
278.80,34.95,21.04,22.29,20.80,97.14,55.93,47.76,33.09
278.81,34.95,21.04,22.29,20.80,97.14,55.93,47.76,33.15
278.82,34.95,21.04,22.29,20.80,97.14,55.93,47.76,33.15
278.83,35.01,21.07,22.32,20.80,97.14,55.93,47.76,33.15
278.84,35.01,21.04,22.32,20.80,97.14,56.07,47.76,33.15
278.85,35.01,21.04,22.29,20.83,97.14,55.93,47.76,33.15
278.86,35.01,21.04,22.29,20.80,97.14,55.93,47.76,33.15
278.87,34.95,21.04,22.29,20.80,97.14,55.93,47.76,33.15
278.88,35.01,21.07,22.29,20.83,97.14,56.07,47.76,33.15
278.89,35.08,21.07,22.29,20.80,97.14,56.07,47.76,33.15
278.90,35.01,21.04,22.29,20.83,97.14,55.93,47.76,33.15
278.91,34.95,21.04,22.29,20.80,97.14,55.93,47.76,33.15
278.92,35.01,21.04,22.29,20.83,97.14,55.93,47.76,33.09
278.93,35.01,21.07,22.32,20.80,97.14,55.93,47.86,33.15
278.94,35.08,21.04,22.29,20.83,97.14,55.93,47.76,33.15
278.95,35.01,21.07,22.29,20.83,97.14,55.93,47.76,33.15
278.96,35.01,21.04,22.29,20.80,97.14,55.93,47.76,33.15
278.97,34.95,21.01,22.32,20.83,97.14,55.93,47.76,33.15
278.98,35.01,21.07,22.32,20.83,97.14,56.07,47.76,33.15
278.99,35.01,21.07,22.32,20.80,97.14,55.93,47.76,33.15
279.00,35.01,21.07,22.29,20.80,97.14,55.93,47.76,33.15
279.01,35.01,21.07,22.29,20.80,97.14,55.93,47.76,33.15
279.02,35.01,21.04,22.29,20.83,97.14,56.07,47.76,33.15
279.03,35.01,21.07,22.32,20.83,97.14,56.07,47.76,33.15
279.04,35.01,21.07,22.29,20.83,97.14,55.93,47.76,33.15
279.05,35.01,21.07,22.29,20.83,97.14,55.93,47.76,33.15
279.06,35.01,21.04,22.29,20.80,97.14,55.93,47.76,33.09
279.07,35.01,21.04,22.29,20.80,97.14,56.07,47.76,33.15
279.08,35.01,21.07,22.32,20.83,97.14,55.93,47.76,33.15
279.09,35.01,21.07,22.29,20.80,97.14,55.93,47.76,33.15
279.10,35.01,21.04,22.32,20.80,97.14,56.07,47.76,33.21
279.11,35.08,21.04,22.29,20.80,97.14,56.07,47.86,33.09
279.12,35.08,21.04,22.32,20.80,97.14,55.93,47.76,33.15
279.13,35.01,21.07,22.32,20.80,97.14,55.93,47.76,33.15
279.14,35.08,21.07,22.29,20.83,97.14,56.07,47.76,33.15
279.15,35.08,21.04,22.29,20.83,97.14,55.93,47.76,33.15
279.16,35.01,21.04,22.29,20.80,97.14,55.93,47.76,33.15
279.17,35.01,21.04,22.29,20.80,97.14,55.93,47.65,33.15
279.18,35.01,21.07,22.32,20.80,97.14,55.93,47.76,33.15
279.19,35.01,21.07,22.32,20.80,97.14,56.07,47.76,33.15
279.20,35.01,21.04,22.32,20.80,97.14,55.93,47.76,33.15
279.21,35.01,21.04,22.29,20.80,97.51,55.93,47.76,33.15
279.22,35.01,21.07,22.32,20.83,97.14,55.93,47.76,33.15
279.23,35.15,21.07,22.32,20.83,97.14,56.07,47.76,33.15
279.24,35.08,21.07,22.32,20.80,97.14,55.93,47.76,33.15
279.25,34.95,21.04,22.29,20.80,97.14,55.93,47.76,33.15
279.26,35.01,21.04,22.25,20.83,97.14,56.07,47.76,33.15
279.27,35.01,21.04,22.32,20.80,96.40,55.93,47.76,33.15
279.28,35.01,21.07,22.32,20.80,97.14,55.93,47.76,33.15
279.29,35.01,21.07,22.32,20.80,97.14,56.07,47.76,33.15
279.30,35.08,21.04,22.29,20.80,97.14,56.07,47.76,33.15
279.31,35.01,21.04,22.29,20.83,96.77,55.93,47.65,33.15
279.32,35.01,21.07,22.32,20.83,97.51,56.07,47.76,33.15
279.33,35.08,21.07,22.32,20.83,96.77,56.07,47.76,33.15
279.34,35.08,21.07,22.32,20.83,97.14,55.93,47.76,33.15
279.35,35.01,21.07,22.32,20.83,97.14,55.93,47.86,33.15
279.36,35.01,21.04,22.29,20.83,97.14,55.93,47.54,33.15
279.37,35.01,21.04,22.32,20.83,97.14,56.07,47.86,33.15
279.38,35.15,21.07,22.29,20.80,97.14,55.93,47.76,33.15
279.39,35.08,21.07,22.29,20.83,97.14,56.07,47.86,33.15
279.40,35.01,21.04,22.32,20.83,97.14,55.93,47.76,33.15
279.41,35.01,21.04,22.29,20.83,97.14,55.93,47.76,33.15
279.42,35.01,21.04,22.32,20.80,97.14,55.93,47.86,33.15
279.43,35.15,21.07,22.32,20.83,97.14,56.07,47.76,33.15
279.44,35.08,21.07,22.32,20.83,97.14,56.07,47.76,33.15
279.45,35.01,21.07,22.32,20.80,97.14,55.93,47.76,33.15
279.46,35.01,21.07,22.29,20.83,97.14,55.93,47.76,33.15
279.47,35.01,21.04,22.32,20.83,97.14,55.93,47.86,33.15
279.48,35.15,21.07,22.32,20.83,97.14,56.07,47.76,33.15
279.49,35.01,21.07,22.32,20.83,97.14,56.07,47.86,33.15
279.50,35.01,21.04,22.32,20.80,97.14,55.93,47.76,33.15
279.51,35.01,21.07,22.29,20.83,96.77,55.93,47.65,33.15
279.52,35.08,21.07,22.32,20.80,97.14,55.93,47.76,33.15
279.53,35.01,21.07,22.32,20.83,97.14,55.93,47.86,33.15
279.54,35.01,21.07,22.32,20.80,97.51,55.93,47.86,33.15
279.55,35.01,21.04,22.32,20.83,97.14,55.93,47.76,33.15
279.56,35.01,21.04,22.32,20.80,97.14,56.07,47.86,33.15
279.57,35.01,21.07,22.32,20.80,97.14,55.93,47.76,33.15
279.58,35.08,21.10,22.32,20.80,97.14,56.07,47.86,33.15
279.59,35.01,21.07,22.32,20.83,97.14,56.07,47.76,33.15
279.60,35.01,21.07,22.32,20.80,97.14,56.07,47.76,33.15
279.61,35.01,21.07,22.32,20.83,97.14,56.07,47.86,33.15
279.62,35.01,21.07,22.32,20.83,97.51,56.07,47.76,33.15
279.63,35.08,21.07,22.32,20.83,97.14,56.07,47.76,33.21
279.64,35.01,21.07,22.32,20.80,97.14,55.93,47.86,33.15
279.65,35.08,21.07,22.32,20.83,97.14,55.93,47.86,33.15
279.66,35.01,21.07,22.32,20.80,97.14,56.07,47.76,33.15
279.67,35.01,21.07,22.32,20.83,97.14,56.07,47.76,33.15
279.68,35.08,21.07,22.35,20.83,97.14,56.07,47.76,33.15
279.69,35.01,21.07,22.32,20.80,97.14,56.07,47.86,33.15
279.70,35.01,21.04,22.32,20.80,97.14,56.07,47.76,33.15
279.71,35.01,21.07,22.32,20.80,97.14,55.93,47.76,33.15
279.72,35.01,21.07,22.29,20.83,97.14,56.07,47.76,33.21
279.73,35.08,21.07,22.32,20.83,97.14,56.07,47.76,33.15
279.74,35.08,21.07,22.32,20.83,97.14,56.07,47.76,33.15
279.75,35.08,21.07,22.32,20.83,97.14,55.93,47.76,33.15
279.76,35.08,21.07,22.32,20.83,97.14,56.07,47.76,33.15
279.77,35.15,21.07,22.32,20.83,97.14,56.07,47.76,33.15
279.78,35.01,21.10,22.32,20.83,97.14,56.07,47.86,33.15
279.79,35.15,21.10,22.32,20.83,97.14,56.07,47.86,33.21
279.80,35.01,21.04,22.32,20.83,97.14,55.93,47.86,33.15
279.81,34.95,21.04,22.32,20.83,97.14,55.93,47.76,33.15
279.82,35.01,21.07,22.32,20.83,97.51,56.07,47.76,33.21
279.83,35.08,21.10,22.32,20.83,97.14,56.07,47.76,33.15
279.84,35.15,21.07,22.32,20.83,97.14,56.07,47.86,33.15
279.85,35.01,21.07,22.32,20.83,97.14,55.93,47.86,33.21
279.86,35.08,21.07,22.32,20.83,97.14,55.93,47.76,33.21
279.87,35.08,21.07,22.32,20.83,97.14,55.93,47.76,33.21
279.88,35.15,21.07,22.32,20.83,97.14,55.93,47.86,33.15
279.89,35.15,21.07,22.32,20.83,97.14,56.07,47.86,33.15
279.90,35.01,21.07,22.32,20.83,97.14,55.93,47.76,33.15
279.91,35.01,21.04,22.32,20.83,97.14,56.07,47.76,33.15
279.92,35.01,21.07,22.32,20.83,97.14,56.07,47.86,33.15
279.93,35.08,21.07,22.32,20.83,97.14,56.07,47.86,33.15
279.94,35.08,21.07,22.32,20.83,97.14,55.93,47.76,33.15
279.95,35.08,21.07,22.32,20.83,97.14,55.93,47.86,33.21
279.96,35.01,21.07,22.32,20.83,97.51,55.93,47.76,33.21
279.97,35.01,21.07,22.32,20.83,97.14,55.93,47.86,33.21
279.98,35.15,21.07,22.35,20.83,97.14,56.07,47.76,33.15
279.99,35.08,21.10,22.32,20.83,97.14,56.07,47.86,33.21
280.00,35.01,21.04,22.32,20.83,97.14,56.07,47.76,33.21
280.01,35.01,21.07,22.32,20.83,97.14,56.07,47.76,33.15
280.02,35.08,21.07,22.32,20.83,97.14,56.07,47.86,33.21
280.03,35.08,21.07,22.35,20.83,97.51,56.07,47.86,33.21
280.04,35.01,21.07,22.32,20.80,97.14,56.07,47.86,33.21
280.05,35.01,21.04,22.32,20.83,97.14,55.93,47.86,33.21
280.06,35.01,21.07,22.32,20.83,97.14,55.93,47.76,33.21
280.07,35.01,21.07,22.32,20.83,97.14,56.07,47.76,33.21
280.08,35.01,21.10,22.32,20.83,97.14,56.07,47.86,33.21
280.09,35.01,21.07,22.35,20.83,97.14,55.93,47.86,33.15
280.10,35.08,21.07,22.32,20.83,97.14,56.07,47.86,33.21
280.11,35.01,21.07,22.32,20.83,97.14,55.93,47.76,33.21
280.12,35.01,21.04,22.35,20.83,97.51,56.07,47.86,33.21
280.13,35.01,21.07,22.32,20.83,97.14,56.07,47.76,33.21
280.14,35.08,21.07,22.35,20.83,97.14,55.93,47.86,33.21
280.15,35.01,21.07,22.32,20.83,97.14,56.07,47.76,33.21
280.16,35.01,21.07,22.32,20.83,97.51,56.07,47.86,33.21
280.17,35.01,21.07,22.32,20.83,97.14,55.93,47.76,33.21
280.18,35.08,21.07,22.35,20.86,97.51,56.07,47.86,33.21
280.19,35.15,21.10,22.32,20.83,97.14,56.07,47.86,33.21
280.20,35.01,21.07,22.32,20.83,97.14,56.07,47.76,33.21
280.21,35.01,21.07,22.32,20.80,97.14,56.07,47.86,33.21
280.22,35.08,21.10,22.35,20.83,97.51,56.07,47.86,33.21
280.23,35.15,21.07,22.35,20.83,97.51,56.07,47.86,33.21
280.24,35.01,21.10,22.35,20.83,97.51,56.07,47.86,33.21
280.25,35.01,21.07,22.32,20.80,97.14,56.07,47.76,33.21
280.26,35.08,21.07,22.32,20.83,97.14,55.93,47.76,33.21
280.27,35.15,21.07,22.35,20.83,97.14,56.07,47.76,33.21
280.28,35.08,21.10,22.35,20.83,97.14,56.07,47.86,33.21
280.29,35.08,21.10,22.32,20.83,97.14,56.07,47.86,33.21
280.30,35.01,21.07,22.32,20.83,97.14,55.93,47.86,33.21
280.31,35.01,21.07,22.32,20.83,97.14,55.93,47.86,33.21
280.32,35.01,21.07,22.32,20.83,97.51,56.21,47.86,33.21
280.33,35.08,21.07,22.35,20.83,97.14,55.93,47.86,33.15
280.34,35.08,21.10,22.35,20.83,97.14,55.93,47.76,33.21
280.35,35.01,21.07,22.32,20.83,97.51,55.79,47.86,33.15
280.36,35.08,21.07,22.35,20.83,97.14,56.07,47.86,33.27
280.37,35.15,21.07,22.35,20.83,97.51,56.07,47.86,33.21
280.38,35.08,21.10,22.35,20.83,97.14,56.07,47.86,33.21
280.39,35.08,21.07,22.35,20.83,97.51,56.07,47.86,33.21
280.40,35.08,21.07,22.32,20.83,97.14,56.07,47.86,33.21
280.41,35.01,21.07,22.32,20.83,97.51,56.07,47.86,33.21
280.42,35.08,21.07,22.35,20.83,97.14,56.07,47.86,33.21
280.43,35.08,21.07,22.35,20.80,97.51,56.07,47.86,33.21
280.44,35.15,21.10,22.35,20.83,97.14,56.07,47.86,33.21
280.45,35.15,21.07,22.32,20.83,97.14,56.07,47.86,33.21
280.46,35.01,21.07,22.35,20.83,97.14,56.07,47.76,33.21
280.47,35.08,21.07,22.35,20.83,97.51,56.07,47.86,33.21
280.48,35.08,21.10,22.35,20.83,97.51,56.07,47.86,33.27
280.49,35.21,21.10,22.35,20.83,97.14,56.07,47.86,33.27
280.50,34.95,21.10,22.32,20.83,97.14,56.07,47.86,33.21
280.51,35.08,21.07,22.35,20.83,97.51,56.07,47.86,33.21
280.52,35.01,21.10,22.32,20.83,97.51,56.07,47.86,33.21
280.53,35.08,21.10,22.35,20.83,97.51,56.07,47.86,33.21
280.54,35.08,21.10,22.35,20.83,97.51,55.93,47.86,33.21
280.55,35.08,21.07,22.35,20.83,97.14,56.07,47.86,33.21
280.56,35.08,21.07,22.35,20.83,97.51,56.07,47.86,33.21
280.57,35.08,21.07,22.35,20.83,97.51,56.07,47.86,33.27
280.58,35.15,21.10,22.35,20.83,97.51,56.07,47.86,33.21
280.59,35.08,21.10,22.35,20.83,97.51,56.07,47.86,33.21
280.60,35.08,21.10,22.35,20.83,97.14,56.07,47.76,33.21
280.61,35.08,21.07,22.32,20.83,97.14,56.07,47.97,33.21
280.62,35.08,21.10,22.35,20.83,97.51,56.07,47.76,33.21
280.63,35.15,21.10,22.35,20.83,97.51,56.07,47.86,33.21
280.64,35.08,21.10,22.35,20.83,97.51,56.07,47.97,33.21
280.65,35.08,21.07,22.35,20.83,97.51,56.07,47.86,33.21
280.66,35.08,21.07,22.35,20.83,97.51,56.07,47.86,33.21
280.67,35.15,21.07,22.35,20.83,97.51,56.07,47.86,33.21
280.68,35.08,21.10,22.39,20.83,97.51,56.07,47.86,33.21
280.69,35.08,21.10,22.35,20.83,97.51,56.07,47.86,33.21
280.70,35.08,21.10,22.35,20.83,97.14,56.07,47.86,33.21
280.71,35.15,21.07,22.35,20.83,97.14,56.07,47.86,33.21
280.72,35.08,21.10,22.35,20.83,97.14,56.07,47.86,33.27
280.73,35.15,21.10,22.39,20.83,97.51,56.21,47.97,33.21
280.74,35.08,21.10,22.35,20.83,97.51,56.07,47.97,33.21
280.75,35.08,21.10,22.35,20.83,97.51,56.07,47.86,33.21
280.76,35.08,21.07,22.35,20.83,97.51,56.21,47.86,33.21
280.77,35.08,21.10,22.35,20.83,97.51,56.07,47.86,33.21
280.78,35.15,21.13,22.39,20.83,97.51,56.07,47.86,33.21
280.79,35.15,21.10,22.35,20.83,97.51,56.21,47.86,33.21
280.80,35.15,21.10,22.35,20.83,97.14,56.07,47.86,33.21
280.81,35.08,21.07,22.35,20.83,97.14,55.93,47.86,33.27
280.82,35.08,21.10,22.35,20.83,97.51,56.07,47.86,33.21
280.83,35.15,21.10,22.35,20.83,97.51,56.07,47.86,33.27
280.84,35.15,21.10,22.35,20.83,97.51,56.07,47.86,33.21
280.85,35.08,21.07,22.39,20.83,97.14,56.07,47.97,33.21
280.86,35.15,21.07,22.35,20.83,97.51,56.07,47.97,33.21
280.87,35.08,21.10,22.35,20.83,97.51,56.07,47.86,33.27
280.88,35.08,21.10,22.39,20.83,97.51,56.07,47.97,33.27
280.89,35.15,21.10,22.35,20.83,97.51,56.07,47.86,33.21
280.90,35.15,21.07,22.35,20.83,97.51,56.07,47.86,33.21
280.91,35.08,21.07,22.35,20.83,97.14,56.07,47.86,33.21
280.92,35.08,21.10,22.35,20.83,97.51,56.07,47.97,33.27
280.93,35.08,21.10,22.39,20.83,97.51,56.07,47.86,33.21
280.94,35.15,21.13,22.39,20.83,97.14,56.07,47.86,33.21
280.95,35.15,21.10,22.35,20.83,97.51,56.07,47.86,33.27
280.96,35.15,21.10,22.39,20.83,97.51,56.07,47.76,33.21
280.97,35.08,21.10,22.39,20.83,97.51,56.07,47.86,33.21
280.98,35.15,21.10,22.39,20.83,97.51,56.21,47.97,33.27
280.99,35.15,21.10,22.39,20.83,97.51,56.07,47.97,33.27
281.00,35.08,21.10,22.35,20.83,97.51,56.07,47.86,33.27
281.01,35.08,21.10,22.35,20.83,97.51,56.21,47.86,33.27
281.02,35.08,21.13,22.39,20.83,97.51,56.21,47.97,33.21
281.03,35.08,21.13,22.39,20.83,97.51,56.07,47.97,33.27
281.04,35.08,21.13,22.39,20.83,97.51,56.07,47.97,33.21
281.05,35.08,21.10,22.35,20.83,97.51,56.07,47.97,33.21
281.06,35.08,21.10,22.35,20.83,97.51,56.07,47.97,33.27
281.07,35.15,21.10,22.39,20.83,97.51,56.07,47.97,33.27
281.08,35.15,21.10,22.39,20.83,97.51,56.07,47.97,33.21
281.09,35.08,21.10,22.39,20.83,97.51,56.07,47.97,33.27
281.10,35.08,21.10,22.35,20.83,97.51,56.21,47.86,33.27
281.11,35.15,21.10,22.39,20.83,97.51,56.07,47.86,33.21
281.12,35.15,21.13,22.39,20.83,97.51,56.07,47.97,33.21
281.13,35.15,21.13,22.39,20.83,97.51,56.21,47.97,33.27
281.14,35.15,21.13,22.39,20.83,97.51,56.07,47.97,33.27
281.15,35.08,21.10,22.39,20.83,97.51,56.21,47.86,33.27
281.16,35.08,21.07,22.39,20.83,97.51,56.07,47.97,33.27
281.17,35.15,21.13,22.39,20.83,97.51,56.07,47.97,33.27
281.18,35.15,21.13,22.39,20.83,97.51,56.07,47.97,33.27
281.19,35.08,21.13,22.39,20.83,97.51,56.21,47.97,33.27
281.20,35.15,21.10,22.39,20.83,97.51,56.07,47.97,33.21
281.21,35.08,21.10,22.39,20.83,97.51,56.21,47.86,33.27
281.22,35.08,21.10,22.39,20.83,97.51,56.07,47.97,33.27
281.23,35.15,21.13,22.39,20.83,97.51,56.07,47.97,33.21
281.24,35.08,21.10,22.39,20.83,97.51,56.21,47.97,33.27
281.25,35.08,21.10,22.39,20.83,97.51,56.21,47.97,33.27
281.26,35.08,21.10,22.39,20.86,97.51,56.07,47.97,33.27
281.27,35.15,21.13,22.39,20.83,97.51,56.07,47.97,33.21
281.28,35.15,21.13,22.39,20.83,97.51,56.21,47.97,33.21
281.29,35.15,21.13,22.39,20.83,97.51,56.07,47.97,33.27
281.30,35.15,21.10,22.39,20.83,97.51,56.07,47.97,33.27
281.31,35.01,21.10,22.39,20.83,97.51,56.07,47.97,33.27
281.32,35.15,21.10,22.39,20.83,97.51,56.21,47.86,33.33
281.33,35.08,21.10,22.39,20.83,97.14,56.21,47.97,33.27
281.34,35.08,21.10,22.39,20.86,97.51,56.21,47.97,33.27
281.35,35.15,21.10,22.39,20.83,97.14,56.21,47.97,33.27
281.36,35.08,21.10,22.39,20.83,97.51,56.07,47.97,33.27
281.37,35.15,21.13,22.39,20.83,97.51,56.21,47.97,33.27
281.38,35.15,21.13,22.42,20.83,97.51,56.21,48.08,33.27
281.39,35.15,21.13,22.39,20.83,97.51,56.21,47.97,33.27
281.40,35.08,21.10,22.39,20.83,97.51,56.07,47.97,33.27
281.41,35.15,21.13,22.39,20.86,97.51,56.21,47.97,33.27
281.42,35.15,21.13,22.39,20.83,97.51,56.07,47.97,33.27
281.43,35.08,21.13,22.42,20.83,97.51,56.21,47.97,33.27
281.44,35.15,21.13,22.39,20.83,97.51,56.21,47.97,33.27
281.45,35.08,21.13,22.39,20.83,97.51,56.07,47.86,33.27
281.46,35.08,21.13,22.39,20.86,97.88,56.21,47.97,33.27
281.47,35.08,21.10,22.39,20.83,97.51,56.07,47.97,33.27
281.48,35.15,21.13,22.42,20.86,97.51,56.07,47.97,33.27
281.49,35.15,21.10,22.42,20.83,97.51,56.21,47.97,33.27
281.50,35.08,21.13,22.39,20.83,97.51,56.07,47.97,33.27
281.51,35.08,21.10,22.39,20.86,97.51,56.21,47.97,33.27
281.52,35.15,21.13,22.39,20.83,97.51,56.21,47.97,33.27
281.53,35.21,21.13,22.42,20.83,97.51,56.21,48.08,33.27
281.54,35.21,21.13,22.42,20.83,97.51,56.21,47.97,33.27
281.55,35.15,21.13,22.39,20.83,97.51,56.07,47.97,33.27
281.56,35.15,21.13,22.39,20.86,97.51,56.21,47.97,33.27
281.57,35.15,21.13,22.39,20.86,97.51,55.93,47.97,33.27
281.58,35.21,21.16,22.42,20.83,97.51,56.21,47.97,33.27
281.59,35.21,21.13,22.42,20.86,97.51,55.93,48.08,33.27
281.60,35.21,21.10,22.42,20.86,97.51,56.21,47.97,33.27
281.61,35.15,21.13,22.39,20.83,97.51,56.21,47.97,33.21
281.62,35.21,21.13,22.42,20.83,97.51,56.21,48.08,33.27
281.63,35.21,21.13,22.42,20.86,97.51,56.21,47.97,33.27
281.64,35.15,21.13,22.42,20.86,97.51,56.21,47.97,33.27
281.65,35.08,21.13,22.39,20.83,97.51,56.21,47.97,33.27
281.66,35.15,21.13,22.42,20.83,97.51,56.21,47.97,33.33
281.67,35.15,21.13,22.42,20.83,97.51,56.21,48.08,33.27
281.68,35.21,21.16,22.42,20.86,97.51,56.21,48.08,33.27
281.69,35.15,21.13,22.42,20.86,97.51,56.07,47.97,33.27
281.70,35.15,21.10,22.42,20.83,97.51,56.21,47.97,33.27
281.71,35.21,21.13,22.39,20.83,97.51,56.21,47.97,33.27
281.72,35.08,21.13,22.42,20.83,97.51,56.21,48.08,33.27
281.73,35.21,21.13,22.42,20.86,97.51,56.21,47.97,33.33
281.74,35.15,21.13,22.42,20.83,97.51,56.21,47.97,33.27
281.75,35.21,21.10,22.42,20.86,97.51,56.21,47.97,33.27
281.76,35.15,21.13,22.42,20.83,97.51,56.21,48.08,33.27
281.77,35.15,21.13,22.39,20.83,97.51,56.21,48.08,33.27
281.78,35.15,21.13,22.42,20.83,97.51,56.21,47.97,33.27
281.79,35.15,21.13,22.42,20.86,97.51,56.21,48.08,33.27
281.80,35.15,21.13,22.42,20.83,97.88,56.21,48.08,33.27
281.81,35.15,21.13,22.42,20.83,97.51,56.21,47.97,33.27
281.82,35.15,21.13,22.42,20.83,97.51,56.07,47.97,33.27
281.83,35.21,21.13,22.39,20.86,97.51,56.21,48.08,33.27
281.84,35.21,21.13,22.42,20.86,97.14,56.21,47.97,33.27
281.85,35.15,21.13,22.39,20.86,97.88,56.21,48.08,33.27
281.86,35.15,21.13,22.42,20.86,97.51,56.21,47.86,33.27
281.87,35.15,21.13,22.42,20.86,97.51,56.21,47.97,33.27
281.88,35.21,21.16,22.42,20.86,97.51,56.21,48.08,33.27
281.89,35.21,21.13,22.42,20.83,97.51,56.21,47.97,33.27
281.90,35.21,21.13,22.42,20.86,97.51,56.21,47.97,33.27
281.91,35.15,21.13,22.42,20.83,97.51,56.21,47.97,33.27
281.92,35.21,21.13,22.42,20.83,97.88,56.21,47.97,33.27
281.93,35.21,21.16,22.42,20.86,97.88,56.21,47.97,33.27
281.94,35.21,21.13,22.42,20.83,97.51,56.21,47.97,33.27
281.95,35.15,21.13,22.42,20.83,97.51,56.21,48.08,33.27
281.96,35.21,21.13,22.42,20.86,97.51,56.21,48.08,33.33
281.97,35.21,21.13,22.42,20.86,97.51,56.21,47.97,33.27
281.98,35.21,21.13,22.46,20.83,97.88,56.21,47.97,33.27
281.99,35.15,21.13,22.42,20.86,97.51,56.21,48.08,33.33
282.00,35.15,21.13,22.42,20.83,97.51,56.07,47.97,33.33
282.01,35.21,21.13,22.42,20.86,97.51,56.21,47.97,33.33
282.02,35.15,21.16,22.42,20.83,97.88,56.21,48.08,33.33
282.03,35.21,21.16,22.46,20.86,97.88,56.21,48.19,33.33
282.04,35.15,21.13,22.46,20.83,97.88,56.21,47.97,33.33
282.05,35.15,21.13,22.42,20.83,97.51,56.07,48.08,33.33
282.06,35.15,21.13,22.42,20.83,97.51,56.21,47.97,33.33
282.07,35.15,21.13,22.42,20.86,97.51,56.21,48.08,33.33
282.08,35.21,21.16,22.46,20.86,97.88,56.21,48.08,33.33
282.09,35.21,21.13,22.46,20.83,97.51,56.21,48.08,33.33
282.10,35.15,21.13,22.46,20.83,97.51,56.21,48.08,33.33
282.11,35.21,21.13,22.42,20.83,97.88,56.21,47.97,33.27
282.12,35.15,21.13,22.46,20.83,97.88,56.21,47.97,33.33
282.13,35.28,21.16,22.46,20.86,97.88,56.35,48.08,33.33
282.14,35.28,21.13,22.46,20.86,97.88,56.21,48.08,33.33
282.15,35.15,21.13,22.42,20.83,97.88,56.07,48.08,33.33
282.16,35.21,21.16,22.42,20.83,97.51,56.21,48.08,33.33
282.17,35.28,21.16,22.46,20.86,97.88,56.21,47.97,33.33
282.18,35.15,21.16,22.46,20.86,97.88,56.21,48.08,33.33
282.19,35.21,21.16,22.46,20.86,97.51,56.21,48.08,33.33
282.20,35.21,21.13,22.42,20.86,97.51,56.21,48.08,33.33
282.21,35.21,21.13,22.42,20.86,97.51,56.21,48.08,33.33
282.22,35.21,21.16,22.42,20.86,97.51,56.21,48.08,33.27
282.23,35.28,21.16,22.46,20.86,97.51,56.21,48.08,33.33
282.24,35.21,21.16,22.46,20.86,97.51,56.35,48.08,33.33
282.25,35.21,21.16,22.42,20.83,97.51,56.21,48.08,33.33
282.26,35.21,21.13,22.42,20.86,97.51,56.07,48.08,33.33
282.27,35.21,21.13,22.46,20.86,97.88,56.21,48.19,33.33
282.28,35.21,21.16,22.46,20.86,97.88,56.21,48.08,33.33
282.29,35.21,21.16,22.46,20.86,97.51,56.35,48.08,33.33
282.30,35.15,21.13,22.46,20.86,97.88,56.21,48.08,33.33
282.31,35.21,21.16,22.42,20.86,97.88,56.21,48.08,33.33
282.32,35.21,21.16,22.46,20.86,97.88,56.21,48.08,33.33
282.33,35.21,21.16,22.46,20.86,97.88,56.21,48.08,33.33
282.34,35.21,21.16,22.46,20.86,97.88,56.35,48.08,33.33
282.35,35.21,21.13,22.46,20.86,97.88,56.21,47.97,33.33
282.36,35.15,21.16,22.46,20.86,97.88,56.21,48.08,33.33
282.37,35.21,21.16,22.46,20.86,97.88,56.07,48.08,33.33
282.38,35.21,21.16,22.49,20.86,97.88,56.21,48.19,33.27
282.39,35.21,21.16,22.46,20.86,97.51,56.35,48.08,33.33
282.40,35.15,21.13,22.46,20.86,97.51,56.21,48.08,33.33
282.41,35.21,21.16,22.46,20.86,97.51,56.35,47.86,33.33
282.42,35.28,21.16,22.46,20.86,97.88,56.21,48.08,33.33
282.43,35.21,21.16,22.49,20.86,97.51,56.21,48.08,33.33
282.44,35.21,21.16,22.46,20.86,97.88,56.21,48.08,33.27
282.45,35.28,21.13,22.46,20.86,97.88,56.21,48.08,33.33
282.46,35.28,21.16,22.46,20.86,97.51,56.21,48.08,33.33
282.47,35.21,21.16,22.49,20.86,97.88,56.21,48.08,33.33
282.48,35.28,21.16,22.46,20.86,97.88,56.35,48.08,33.33
282.49,35.21,21.16,22.46,20.86,97.88,56.07,48.08,33.33
282.50,35.21,21.16,22.46,20.86,97.88,56.21,48.08,33.33
282.51,35.15,21.16,22.46,20.86,97.88,56.21,48.08,33.33
282.52,35.21,21.16,22.46,20.86,97.88,56.21,48.08,33.33
282.53,35.21,21.16,22.49,20.86,97.88,56.35,48.08,33.33
282.54,35.15,21.16,22.49,20.86,97.88,56.35,48.08,33.33
282.55,35.21,21.16,22.46,20.83,97.88,56.21,48.08,33.33
282.56,35.15,21.16,22.46,20.86,97.88,56.35,48.08,33.33
282.57,35.21,21.16,22.49,20.86,97.88,56.21,48.08,33.27
282.58,35.28,21.19,22.46,20.86,97.88,56.35,48.08,33.33
282.59,35.21,21.19,22.46,20.86,97.88,56.21,48.19,33.33
282.60,35.21,21.16,22.46,20.86,97.88,56.21,48.08,33.33
282.61,35.15,21.16,22.46,20.86,97.88,56.35,48.19,33.33
282.62,35.28,21.16,22.46,20.86,97.88,56.35,48.08,33.39
282.63,35.21,21.16,22.49,20.86,97.88,56.35,48.19,33.33
282.64,35.28,21.16,22.49,20.86,97.88,56.35,48.08,33.33
282.65,35.21,21.16,22.46,20.86,97.51,56.21,48.19,33.33
282.66,35.28,21.16,22.46,20.83,97.88,56.35,48.08,33.33
282.67,35.21,21.16,22.46,20.86,97.88,56.21,48.08,33.33
282.68,35.21,21.19,22.49,20.86,97.88,56.35,48.19,33.33
282.69,35.21,21.16,22.49,20.83,97.88,56.35,48.08,33.33
282.70,35.21,21.16,22.49,20.86,97.88,56.21,48.08,33.33
282.71,35.21,21.16,22.46,20.86,97.88,56.21,48.19,33.33
282.72,35.21,21.19,22.46,20.86,97.88,56.21,48.19,33.33
282.73,35.21,21.16,22.49,20.86,97.88,56.35,48.19,33.33
282.74,35.21,21.19,22.49,20.86,97.88,56.21,48.08,33.33
282.75,35.21,21.16,22.49,20.86,97.88,56.21,48.08,33.33
282.76,35.21,21.16,22.46,20.83,97.51,56.21,48.08,33.33
282.77,35.21,21.19,22.49,20.86,97.88,56.35,48.19,33.33
282.78,35.21,21.16,22.49,20.86,97.88,56.35,48.19,33.33
282.79,35.34,21.19,22.49,20.86,97.88,56.21,48.08,33.33
282.80,35.21,21.16,22.46,20.86,97.88,56.21,48.19,33.33
282.81,35.21,21.16,22.49,20.86,97.88,56.21,48.08,33.33
282.82,35.28,21.19,22.49,20.86,97.88,56.35,48.08,33.33
282.83,35.21,21.19,22.49,20.86,97.88,56.21,48.08,33.33
282.84,35.21,21.16,22.49,20.86,97.88,56.35,48.19,33.33
282.85,35.28,21.16,22.49,20.86,97.88,56.21,48.08,33.33
282.86,35.21,21.16,22.49,20.86,97.88,56.07,48.08,33.27
282.87,35.21,21.19,22.49,20.86,97.88,56.35,48.19,33.39
282.88,35.21,21.19,22.49,20.86,97.88,56.35,48.19,33.27
282.89,35.34,21.19,22.49,20.86,97.88,56.35,48.08,33.33
282.90,35.28,21.19,22.49,20.86,97.88,56.21,48.19,33.33
282.91,35.21,21.16,22.52,20.86,97.51,56.35,48.08,33.27
282.92,35.28,21.19,22.49,20.86,98.26,56.21,48.19,33.33
282.93,35.28,21.19,22.49,20.86,97.88,56.35,48.19,33.33
282.94,35.28,21.19,22.49,20.86,97.88,56.35,48.08,33.39
282.95,35.21,21.19,22.49,20.86,97.88,56.21,48.19,33.33
282.96,35.34,21.16,22.49,20.86,97.88,56.21,48.08,33.33
282.97,35.28,21.19,22.49,20.86,97.88,56.21,48.19,33.39
282.98,35.28,21.19,22.49,20.86,97.88,56.35,48.19,33.33
282.99,35.21,21.19,22.49,20.86,97.88,56.35,48.08,33.33
283.00,35.34,21.16,22.49,20.86,97.88,56.35,48.19,33.33
283.01,35.21,21.19,22.46,20.86,97.88,56.21,48.19,33.33
283.02,35.34,21.16,22.52,20.86,97.88,56.35,48.19,33.33
283.03,35.28,21.19,22.49,20.86,97.88,56.35,48.19,33.33
283.04,35.28,21.19,22.49,20.86,97.88,56.35,48.19,33.33
283.05,35.21,21.19,22.49,20.86,97.88,56.21,48.19,33.33
283.06,35.28,21.19,22.49,20.86,97.88,56.35,48.08,33.33
283.07,35.28,21.19,22.49,20.86,97.88,56.35,48.19,33.33
283.08,35.28,21.19,22.52,20.86,97.51,56.21,48.19,33.33
283.09,35.28,21.19,22.49,20.86,98.26,56.21,48.19,33.33
283.10,35.28,21.19,22.46,20.86,97.51,56.35,48.08,33.39
283.11,35.21,21.19,22.49,20.86,97.88,56.21,48.30,33.33
283.12,35.21,21.19,22.49,20.86,97.88,56.35,48.19,33.33
283.13,35.21,21.19,22.49,20.86,97.88,56.35,48.19,33.39
283.14,35.34,21.19,22.49,20.86,97.88,56.35,48.19,33.33
283.15,35.28,21.16,22.49,20.86,97.88,56.21,48.19,33.39
283.16,35.34,21.19,22.49,20.86,97.88,56.35,48.08,33.33
283.17,35.28,21.19,22.49,20.86,97.88,56.35,48.19,33.39
283.18,35.28,21.19,22.49,20.86,97.88,56.35,48.19,33.27
283.19,35.21,21.19,22.49,20.86,97.88,56.35,48.19,33.39
283.20,35.28,21.19,22.49,20.86,97.88,56.35,48.19,33.33
283.21,35.21,21.16,22.49,20.86,97.88,56.35,48.19,33.33
283.22,35.21,21.16,22.49,20.86,97.88,56.35,48.19,33.33
283.23,35.28,21.19,22.52,20.86,97.88,56.35,48.19,33.33
283.24,35.28,21.19,22.49,20.86,97.88,56.35,48.19,33.33
283.25,35.21,21.19,22.49,20.86,97.88,56.35,48.19,33.39
283.26,35.21,21.16,22.49,20.86,97.88,56.35,48.19,33.33
283.27,35.28,21.19,22.49,20.86,97.88,56.35,47.97,33.39
283.28,35.28,21.19,22.49,20.86,97.88,56.35,48.19,33.39
283.29,35.28,21.19,22.49,20.86,97.88,56.35,48.19,33.39
283.30,35.21,21.19,22.49,20.86,97.88,56.21,48.19,33.33
283.31,35.21,21.16,22.49,20.86,97.88,56.35,48.19,33.39
283.32,35.21,21.19,22.49,20.86,98.26,56.35,48.19,33.39
283.33,35.21,21.19,22.52,20.86,97.88,56.21,48.19,33.33
283.34,35.28,21.19,22.49,20.86,97.88,56.35,48.19,33.39
283.35,35.21,21.16,22.49,20.86,97.88,56.21,48.19,33.33
283.36,35.28,21.16,22.49,20.86,97.88,56.35,48.19,33.33
283.37,35.21,21.16,22.49,20.86,97.88,56.35,48.19,33.39
283.38,35.21,21.19,22.49,20.86,97.88,56.21,48.19,33.33
283.39,35.28,21.16,22.49,20.86,97.88,56.35,48.19,33.33
283.40,35.28,21.19,22.49,20.86,97.88,56.35,48.19,33.33
283.41,35.21,21.19,22.49,20.86,97.88,56.35,48.19,33.39
283.42,35.28,21.19,22.49,20.86,97.88,56.35,48.08,33.39
283.43,35.28,21.19,22.52,20.86,97.88,56.35,48.19,33.39
283.44,35.28,21.19,22.49,20.86,97.88,56.35,48.19,33.39
283.45,35.21,21.19,22.49,20.86,98.26,56.21,48.08,33.39
283.46,35.21,21.19,22.49,20.86,97.88,56.35,48.08,33.39
283.47,35.28,21.19,22.49,20.86,97.88,56.35,48.19,33.39
283.48,35.28,21.19,22.52,20.86,97.88,56.35,48.19,33.39
283.49,35.28,21.19,22.49,20.86,97.88,56.35,48.19,33.39
283.50,35.28,21.16,22.49,20.86,97.88,56.35,48.19,33.39
283.51,35.21,21.19,22.49,20.86,97.88,56.35,48.08,33.39
283.52,35.34,21.19,22.49,20.86,97.88,56.35,48.19,33.39
283.53,35.28,21.19,22.52,20.86,97.88,56.35,48.19,33.39
283.54,35.21,21.19,22.49,20.86,97.88,56.35,48.19,33.39
283.55,35.21,21.19,22.49,20.86,97.88,56.35,48.19,33.33
283.56,35.21,21.19,22.49,20.86,97.88,56.21,48.19,33.39
283.57,35.21,21.19,22.49,20.86,97.88,56.35,48.19,33.39
283.58,35.21,21.19,22.52,20.86,97.88,56.21,48.19,33.39
283.59,35.28,21.19,22.52,20.86,97.88,56.35,48.19,33.39
283.60,35.21,21.16,22.49,20.86,97.88,56.35,48.19,33.33
283.61,35.21,21.19,22.49,20.86,97.88,56.21,48.19,33.39
283.62,35.21,21.19,22.49,20.86,98.26,56.35,48.19,33.39
283.63,35.28,21.19,22.49,20.86,97.88,56.35,48.19,33.39
283.64,35.28,21.19,22.49,20.86,97.88,56.35,48.19,33.39
283.65,35.21,21.16,22.49,20.86,97.88,56.35,48.19,33.39
283.66,35.21,21.19,22.49,20.86,97.88,56.35,48.19,33.39
283.67,35.21,21.19,22.49,20.86,98.26,56.35,48.19,33.39
283.68,35.28,21.19,22.49,20.86,97.88,56.21,48.19,33.39
283.69,35.28,21.19,22.52,20.86,97.88,56.35,48.19,33.39
283.70,35.21,21.19,22.49,20.86,97.88,56.35,48.08,33.39
283.71,35.21,21.16,22.49,20.86,97.51,56.35,48.08,33.39
283.72,35.28,21.19,22.52,20.86,97.88,56.35,48.19,33.39
283.73,35.28,21.19,22.52,20.86,98.26,56.21,48.19,33.39
283.74,35.28,21.19,22.49,20.86,97.88,56.21,48.19,33.39
283.75,35.21,21.19,22.49,20.86,97.88,56.21,48.19,33.39
283.76,35.21,21.19,22.49,20.89,97.88,56.35,48.19,33.39
283.77,35.28,21.19,22.49,20.89,97.88,56.35,48.19,33.33
283.78,35.28,21.19,22.52,20.86,97.88,56.35,48.19,33.39
283.79,35.21,21.19,22.49,20.86,97.88,56.35,48.19,33.39
283.80,35.21,21.19,22.49,20.86,97.88,56.35,48.19,33.33
283.81,35.21,21.19,22.49,20.86,97.88,56.35,48.19,33.39
283.82,35.21,21.19,22.52,20.89,97.88,56.35,48.19,33.39
283.83,35.28,21.19,22.52,20.86,97.88,56.35,48.19,33.39
283.84,35.28,21.19,22.49,20.86,97.88,56.35,48.19,33.39
283.85,35.21,21.19,22.49,20.86,97.88,56.35,48.19,33.33
283.86,35.21,21.19,22.49,20.86,97.88,56.35,48.19,33.39
283.87,35.21,21.19,22.52,20.89,97.88,56.35,48.19,33.39
283.88,35.34,21.19,22.52,20.86,97.88,56.35,48.19,33.39
283.89,35.21,21.19,22.49,20.86,97.88,56.35,48.19,33.39
283.90,35.28,21.19,22.49,20.86,97.88,56.35,48.19,33.39
283.91,35.21,21.19,22.52,20.86,97.88,56.35,48.19,33.39
283.92,35.28,21.19,22.49,20.86,98.26,56.35,48.19,33.39
283.93,35.28,21.19,22.52,20.89,97.88,56.35,48.19,33.39
283.94,35.28,21.19,22.49,20.89,97.88,56.35,48.19,33.39
283.95,35.21,21.19,22.49,20.89,97.88,56.35,48.19,33.39
283.96,35.21,21.19,22.49,20.89,97.88,56.35,48.19,33.39
283.97,35.28,21.19,22.49,20.86,98.26,56.35,48.19,33.39
283.98,35.28,21.23,22.52,20.89,97.88,56.35,48.19,33.39
283.99,35.21,21.19,22.52,20.89,98.26,56.35,48.19,33.39
284.00,35.21,21.16,22.52,20.86,97.88,56.35,48.19,33.39
284.01,35.21,21.19,22.49,20.89,97.88,56.35,48.19,33.39
284.02,35.28,21.19,22.52,20.86,97.88,56.35,48.19,33.39
284.03,35.28,21.16,22.52,20.86,97.88,56.35,48.19,33.39
284.04,35.21,21.19,22.49,20.86,97.88,56.35,48.19,33.39
284.05,35.21,21.19,22.52,20.86,97.88,56.35,48.19,33.39
284.06,35.21,21.19,22.49,20.86,97.88,56.35,48.19,33.39
284.07,35.28,21.19,22.52,20.89,97.88,56.35,48.19,33.39
284.08,35.28,21.19,22.52,20.86,97.88,56.35,48.19,33.39
284.09,35.21,21.19,22.52,20.86,97.88,56.21,48.19,33.39
284.10,35.28,21.19,22.49,20.86,97.88,56.21,48.19,33.39
284.11,35.28,21.19,22.49,20.89,97.88,56.35,48.19,33.45
284.12,35.34,21.19,22.52,20.86,97.88,56.35,48.19,33.33
284.13,35.28,21.19,22.52,20.86,97.88,56.35,48.19,33.45
284.14,35.28,21.19,22.52,20.86,97.88,56.35,48.19,33.45
284.15,35.21,21.19,22.52,20.86,97.88,56.35,48.19,33.39
284.16,35.21,21.19,22.52,20.89,98.26,56.35,48.19,33.45
284.17,35.21,21.19,22.52,20.89,98.26,56.35,48.19,33.39
284.18,35.28,21.19,22.52,20.86,98.26,56.35,48.19,33.39
284.19,35.28,21.19,22.52,20.86,97.88,56.35,48.19,33.39
284.20,35.21,21.16,22.49,20.86,97.88,56.35,48.19,33.39
284.21,35.21,21.19,22.52,20.86,97.88,56.35,48.19,33.39
284.22,35.28,21.19,22.49,20.89,97.88,56.35,48.19,33.39
284.23,35.21,21.19,22.52,20.89,98.26,56.35,48.19,33.39
284.24,35.28,21.19,22.52,20.86,97.88,56.35,48.19,33.39
284.25,35.28,21.16,22.52,20.86,97.88,56.35,48.19,33.39
284.26,35.21,21.16,22.52,20.89,97.88,56.35,48.19,33.45
284.27,35.34,21.19,22.49,20.89,97.88,56.35,48.19,33.39
284.28,35.34,21.19,22.52,20.89,97.88,56.35,48.19,33.39
284.29,35.34,21.19,22.52,20.86,97.88,56.35,48.19,33.39
284.30,35.28,21.19,22.49,20.86,97.88,56.35,48.19,33.39
284.31,35.28,21.19,22.52,20.89,97.88,56.35,48.19,33.39
284.32,35.21,21.19,22.52,20.89,97.88,56.35,48.19,33.45
284.33,35.21,21.19,22.52,20.89,98.26,56.35,48.30,33.39
284.34,35.28,21.16,22.52,20.86,97.88,56.35,48.30,33.39
284.35,35.21,21.16,22.49,20.89,97.88,56.21,48.19,33.39
284.36,35.21,21.16,22.52,20.86,97.88,56.35,48.19,33.39
284.37,35.28,21.19,22.52,20.86,97.88,56.35,48.08,33.39
284.38,35.28,21.19,22.52,20.86,98.26,56.35,48.30,33.39
284.39,35.28,21.19,22.52,20.86,97.88,56.35,48.19,33.39
284.40,35.21,21.19,22.49,20.89,97.88,56.35,48.19,33.45
284.41,35.21,21.19,22.49,20.86,97.88,56.21,48.19,33.39
284.42,35.28,21.19,22.52,20.89,97.88,56.35,48.19,33.45
284.43,35.28,21.19,22.52,20.86,97.88,56.35,48.19,33.39
284.44,35.28,21.19,22.49,20.86,98.26,56.35,48.19,33.39
284.45,35.28,21.19,22.52,20.89,97.88,56.35,48.19,33.45
284.46,35.21,21.19,22.52,20.89,97.88,56.35,48.19,33.39
284.47,35.21,21.19,22.52,20.89,97.88,56.35,48.19,33.39
284.48,35.21,21.19,22.52,20.89,97.88,56.35,48.19,33.39
284.49,35.21,21.19,22.52,20.89,97.88,56.35,48.19,33.45
284.50,35.21,21.19,22.49,20.86,97.88,56.35,48.19,33.39
284.51,35.21,21.19,22.49,20.86,97.88,56.35,48.30,33.39
284.52,35.28,21.19,22.52,20.89,97.88,56.35,48.19,33.39
284.53,35.21,21.19,22.52,20.89,98.26,56.35,48.30,33.45
284.54,35.21,21.19,22.52,20.89,97.88,56.35,48.19,33.39
284.55,35.21,21.16,22.49,20.89,97.88,56.21,48.19,33.39
284.56,35.28,21.19,22.49,20.89,98.26,56.35,48.19,33.45
284.57,35.28,21.19,22.52,20.89,97.88,56.35,48.19,33.39
284.58,35.28,21.19,22.52,20.86,98.26,56.35,48.30,33.39
284.59,35.21,21.19,22.52,20.89,97.88,56.21,48.19,33.45
284.60,35.21,21.16,22.49,20.86,97.88,56.35,48.19,33.45
284.61,35.28,21.19,22.52,20.89,97.88,56.21,48.19,33.45
284.62,35.21,21.19,22.52,20.89,98.26,56.35,48.30,33.39
284.63,35.28,21.19,22.52,20.89,97.88,56.35,48.19,33.45
284.64,35.28,21.19,22.49,20.89,97.88,56.35,48.19,33.45
284.65,35.28,21.19,22.52,20.89,97.88,56.35,48.19,33.39
284.66,35.21,21.19,22.52,20.86,97.88,56.35,48.19,33.39
284.67,35.28,21.19,22.52,20.89,97.88,56.35,48.19,33.45
284.68,35.34,21.19,22.52,20.89,97.88,56.35,48.19,33.39
284.69,35.21,21.16,22.52,20.89,97.88,56.35,48.19,33.39
284.70,35.21,21.19,22.49,20.86,98.26,56.35,48.19,33.39
284.71,35.21,21.19,22.52,20.89,97.88,56.35,48.19,33.45
284.72,35.28,21.19,22.52,20.86,98.26,56.35,48.19,33.45
284.73,35.21,21.19,22.52,20.86,97.88,56.35,48.19,33.39
284.74,35.28,21.19,22.52,20.86,97.88,56.35,48.19,33.39
284.75,35.28,21.16,22.49,20.89,97.88,56.35,48.19,33.45
284.76,35.28,21.19,22.49,20.86,97.88,56.21,48.19,33.45
284.77,35.28,21.19,22.52,20.86,97.88,56.35,48.30,33.39
284.78,35.21,21.19,22.52,20.89,97.88,56.35,48.19,33.45
284.79,35.21,21.19,22.52,20.86,97.88,56.35,48.19,33.45
284.80,35.21,21.19,22.49,20.86,97.88,56.21,48.19,33.39
284.81,35.21,21.16,22.49,20.86,97.88,56.35,48.19,33.45
284.82,35.28,21.19,22.52,20.89,97.88,56.35,48.19,33.45
284.83,35.28,21.19,22.52,20.86,97.88,56.35,48.19,33.39
284.84,35.28,21.19,22.52,20.86,97.88,56.21,48.19,33.39
284.85,35.21,21.16,22.49,20.89,97.88,56.35,48.19,33.45
284.86,35.28,21.16,22.52,20.86,97.88,56.35,48.19,33.45
284.87,35.21,21.19,22.52,20.89,97.88,56.35,48.19,33.45
284.88,35.21,21.19,22.52,20.89,97.88,56.35,48.19,33.45
284.89,35.21,21.19,22.52,20.86,97.88,56.35,48.19,33.45
284.90,35.28,21.16,22.49,20.86,97.88,56.35,48.19,33.39
284.91,35.21,21.16,22.49,20.89,97.88,56.35,48.30,33.45
284.92,35.21,21.19,22.52,20.86,97.88,56.35,48.30,33.45
284.93,35.21,21.19,22.52,20.89,97.88,56.35,48.19,33.45
284.94,35.21,21.16,22.52,20.89,97.88,56.35,48.19,33.39
284.95,35.28,21.19,22.52,20.89,97.88,56.35,48.19,33.45
284.96,35.21,21.19,22.52,20.86,97.88,56.35,48.19,33.45
284.97,35.28,21.19,22.52,20.89,98.26,56.35,48.30,33.45
284.98,35.28,21.19,22.52,20.89,97.88,56.35,48.30,33.45
284.99,35.21,21.16,22.52,20.86,97.88,56.35,48.19,33.45
285.00,35.21,21.16,22.49,20.89,97.88,56.35,48.19,33.45
285.01,35.21,21.16,22.52,20.86,98.26,56.35,48.08,33.45
285.02,35.28,21.16,22.52,20.89,97.88,56.35,48.19,33.45
285.03,35.28,21.19,22.52,20.89,97.88,56.35,48.19,33.45
285.04,35.21,21.19,22.52,20.89,97.88,56.35,48.19,33.45
285.05,35.21,21.16,22.49,20.89,97.88,56.35,48.19,33.45
285.06,35.21,21.16,22.49,20.89,97.88,56.35,48.19,33.45
285.07,35.21,21.19,22.49,20.89,97.88,56.35,48.19,33.45
285.08,35.28,21.19,22.52,20.86,97.88,56.35,48.19,33.45
285.09,35.21,21.16,22.52,20.86,97.88,56.35,48.19,33.45
285.10,35.21,21.16,22.49,20.86,97.88,56.35,48.19,33.45
285.11,35.21,21.16,22.49,20.86,97.88,56.35,48.19,33.45
285.12,35.28,21.19,22.52,20.89,97.88,56.35,48.19,33.45
285.13,35.28,21.16,22.52,20.89,98.26,56.35,48.19,33.45
285.14,35.21,21.19,22.52,20.86,97.88,56.35,48.30,33.45
285.15,35.21,21.19,22.52,20.89,97.88,56.35,48.19,33.45
285.16,35.28,21.16,22.49,20.89,97.88,56.35,48.19,33.45
285.17,35.21,21.19,22.52,20.89,98.26,56.35,48.19,33.45
285.18,35.28,21.19,22.52,20.89,97.88,56.35,48.19,33.45
285.19,35.21,21.16,22.52,20.86,97.88,56.21,48.19,33.45
285.20,35.21,21.19,22.49,20.89,97.88,56.21,48.19,33.45
285.21,35.21,21.16,22.49,20.86,97.88,56.35,48.30,33.45
285.22,35.21,21.16,22.49,20.86,97.88,56.35,48.19,33.45
285.23,35.28,21.16,22.52,20.89,97.88,56.35,48.19,33.45
285.24,35.28,21.19,22.49,20.86,97.88,56.35,48.19,33.45
285.25,35.21,21.16,22.49,20.89,97.88,56.35,48.19,33.45
285.26,35.21,21.16,22.49,20.86,97.88,56.35,48.19,33.45
285.27,35.21,21.19,22.52,20.89,97.88,56.35,48.19,33.45
285.28,35.21,21.16,22.49,20.86,97.88,56.35,48.30,33.45
285.29,35.21,21.16,22.49,20.86,97.88,56.35,48.19,33.45
285.30,35.15,21.13,22.49,20.89,97.88,56.21,48.19,33.45
285.31,35.21,21.16,22.49,20.86,97.88,56.21,48.19,33.45
285.32,35.21,21.16,22.52,20.89,97.88,56.35,48.19,33.45
285.33,35.28,21.19,22.52,20.89,97.88,56.21,48.19,33.45
285.34,35.21,21.16,22.52,20.89,97.88,56.07,48.19,33.45
285.35,35.21,21.16,22.49,20.89,97.88,56.21,48.19,33.45
285.36,35.21,21.16,22.49,20.89,97.88,56.07,48.19,33.39
285.37,35.21,21.16,22.49,20.86,97.88,56.35,48.19,33.57
285.38,35.21,21.16,22.52,20.89,97.88,56.35,48.19,33.39
285.39,35.21,21.16,22.49,20.89,97.88,56.35,48.19,33.45
285.40,35.21,21.16,22.49,20.89,97.88,56.21,48.19,33.45
285.41,35.21,21.16,22.49,20.89,97.88,56.35,48.19,33.45
285.42,35.21,21.16,22.52,20.89,97.88,56.35,48.19,33.45
285.43,35.21,21.16,22.52,20.89,97.88,56.35,48.19,33.45
285.44,35.21,21.16,22.49,20.89,97.88,56.35,48.19,33.45
285.45,35.21,21.16,22.49,20.89,97.88,56.21,48.19,33.45
285.46,35.28,21.16,22.49,20.89,97.88,56.35,48.19,33.45
285.47,35.28,21.16,22.49,20.89,97.88,56.35,48.19,33.45
285.48,35.21,21.19,22.49,20.89,97.88,56.35,48.19,33.45
285.49,35.21,21.16,22.49,20.89,97.88,56.35,48.19,33.45
285.50,35.21,21.16,22.49,20.89,97.88,56.35,48.19,33.45
285.51,35.21,21.16,22.49,20.89,97.88,56.35,48.19,33.45
285.52,35.21,21.16,22.52,20.89,97.88,56.35,48.19,33.45
285.53,35.21,21.19,22.49,20.89,97.88,56.21,48.19,33.45
285.54,35.21,21.16,22.52,20.89,97.88,56.21,48.19,33.39
285.55,35.21,21.16,22.49,20.86,97.88,56.35,48.19,33.45
285.56,35.15,21.16,22.49,20.86,97.88,56.35,48.30,33.45
285.57,35.21,21.16,22.52,20.89,98.26,56.21,48.19,33.45
285.58,35.21,21.19,22.52,20.89,97.88,56.35,48.19,33.45
285.59,35.28,21.13,22.49,20.89,98.26,56.35,48.19,33.45
285.60,35.21,21.16,22.49,20.89,97.51,56.35,48.19,33.45
285.61,35.21,21.16,22.52,20.89,97.88,56.21,48.19,33.45
285.62,35.21,21.16,22.49,20.89,97.88,56.35,48.19,33.45
285.63,35.21,21.16,22.52,20.89,97.88,56.35,48.08,33.45
285.64,35.21,21.16,22.49,20.89,97.88,56.35,48.30,33.45
285.65,35.21,21.16,22.49,20.89,97.88,56.35,48.19,33.45
285.66,35.21,21.16,22.49,20.86,98.26,56.35,48.19,33.45
285.67,35.28,21.13,22.52,20.89,97.88,56.35,48.19,33.45
285.68,35.21,21.16,22.52,20.89,97.88,56.35,48.19,33.45
285.69,35.21,21.16,22.49,20.89,97.88,56.35,48.19,33.45
285.70,35.21,21.13,22.49,20.89,97.88,56.35,48.19,33.45
285.71,35.21,21.16,22.49,20.86,97.88,56.35,48.19,33.45
285.72,35.21,21.16,22.52,20.86,97.88,56.35,48.19,33.45
285.73,35.28,21.16,22.49,20.89,97.88,56.35,48.19,33.45
285.74,35.21,21.16,22.49,20.86,97.88,56.21,48.19,33.45
285.75,35.21,21.13,22.49,20.89,97.88,56.21,48.19,33.45
285.76,35.21,21.16,22.49,20.89,98.26,56.21,48.19,33.45
285.77,35.21,21.13,22.49,20.89,97.88,56.21,48.19,33.45
285.78,35.21,21.16,22.52,20.86,97.88,56.35,48.19,33.45
285.79,35.21,21.16,22.49,20.89,97.88,56.35,48.19,33.45
285.80,35.21,21.16,22.49,20.86,97.88,56.21,48.19,33.45
285.81,35.28,21.16,22.49,20.86,97.88,56.21,48.19,33.45
285.82,35.21,21.16,22.52,20.86,97.88,56.35,48.19,33.45
285.83,35.21,21.19,22.52,20.89,98.26,56.35,48.19,33.51
285.84,35.21,21.16,22.49,20.86,97.88,56.21,48.19,33.45
285.85,35.21,21.16,22.49,20.89,97.88,56.21,48.19,33.45
285.86,35.28,21.13,22.49,20.89,97.88,56.35,48.08,33.45
285.87,35.28,21.16,22.52,20.89,98.26,56.35,48.19,33.45
285.88,35.28,21.16,22.52,20.86,97.88,56.35,48.19,33.45
285.89,35.21,21.16,22.52,20.89,98.26,56.35,48.19,33.45
285.90,35.21,21.13,22.49,20.86,97.88,56.21,48.19,33.45
285.91,35.28,21.16,22.49,20.89,97.88,56.21,48.19,33.45
285.92,35.21,21.16,22.52,20.89,98.26,56.35,48.19,33.45
285.93,35.21,21.19,22.49,20.89,97.88,56.35,48.19,33.45
285.94,35.28,21.16,22.49,20.89,97.88,56.35,48.19,33.45
285.95,35.21,21.16,22.49,20.89,97.88,56.35,48.19,33.51
285.96,35.21,21.16,22.49,20.89,97.88,56.21,48.19,33.45
285.97,35.21,21.16,22.52,20.86,98.26,56.35,48.19,33.51
285.98,35.21,21.16,22.52,20.89,97.88,56.21,48.19,33.51
285.99,35.21,21.16,22.49,20.89,97.88,56.21,48.19,33.51
286.00,35.21,21.16,22.49,20.89,97.88,56.21,48.19,33.39
286.01,35.28,21.16,22.49,20.89,97.88,56.35,48.19,33.45
286.02,35.21,21.16,22.52,20.89,97.88,56.21,48.19,33.45
286.03,35.28,21.16,22.52,20.89,97.88,56.21,48.19,33.45
286.04,35.28,21.16,22.49,20.89,97.88,56.21,48.19,33.51
286.05,35.21,21.16,22.49,20.89,97.88,56.21,48.19,33.45
286.06,35.21,21.16,22.49,20.89,97.88,56.21,48.19,33.51
286.07,35.21,21.16,22.52,20.89,97.88,56.21,48.19,33.45
286.08,35.21,21.16,22.52,20.86,97.88,56.21,48.19,33.45
286.09,35.21,21.16,22.49,20.89,97.88,56.21,48.30,33.45
286.10,35.21,21.16,22.49,20.89,97.88,56.21,48.08,33.45
286.11,35.21,21.16,22.49,20.89,97.88,56.21,48.19,33.45
286.12,35.28,21.16,22.52,20.89,97.88,56.35,48.19,33.45
286.13,35.21,21.19,22.49,20.89,97.88,56.35,48.19,33.45
286.14,35.21,21.16,22.49,20.89,97.88,56.35,48.19,33.51
286.15,35.21,21.16,22.49,20.89,97.88,56.21,48.19,33.45
286.16,35.28,21.16,22.49,20.89,97.51,56.21,48.19,33.45
286.17,35.21,21.16,22.52,20.89,97.88,56.35,48.19,33.51
286.18,35.21,21.16,22.52,20.89,98.26,56.35,48.19,33.51
286.19,35.21,21.16,22.52,20.89,97.88,56.21,48.19,33.45
286.20,35.15,21.13,22.49,20.89,97.88,56.35,48.19,33.45
286.21,35.21,21.13,22.52,20.89,97.88,56.21,48.19,33.51
286.22,35.21,21.16,22.52,20.89,97.88,56.21,48.19,33.45
286.23,35.28,21.16,22.52,20.89,97.88,56.35,48.19,33.45
286.24,35.21,21.16,22.49,20.89,98.26,56.35,48.19,33.51
286.25,35.21,21.13,22.49,20.86,97.88,56.35,48.19,33.51
286.26,35.21,21.16,22.52,20.92,97.88,56.21,48.19,33.51
286.27,35.21,21.16,22.52,20.89,97.88,56.21,48.19,33.45
286.28,35.21,21.16,22.52,20.89,97.88,56.21,48.19,33.45
286.29,35.21,21.13,22.49,20.89,97.88,56.21,48.19,33.45
286.30,35.21,21.13,22.49,20.89,97.88,56.21,48.19,33.45
286.31,35.21,21.13,22.49,20.89,97.88,56.21,48.19,33.51
286.32,35.21,21.16,22.49,20.89,97.88,56.21,48.19,33.45
286.33,35.21,21.16,22.52,20.89,97.88,56.35,48.19,33.51
286.34,35.21,21.16,22.49,20.89,98.26,56.21,48.19,33.45
286.35,35.21,21.13,22.49,20.86,97.88,56.21,48.19,33.45
286.36,35.21,21.16,22.49,20.89,97.88,56.35,48.19,33.51
286.37,35.15,21.16,22.52,20.89,97.88,56.21,48.19,33.51
286.38,35.21,21.16,22.52,20.89,97.88,56.21,48.19,33.51
286.39,35.21,21.13,22.49,20.86,97.88,56.21,48.19,33.45
286.40,35.28,21.16,22.49,20.89,97.88,56.21,48.19,33.51
286.41,35.21,21.16,22.49,20.89,97.88,56.21,48.19,33.51
286.42,35.21,21.16,22.52,20.89,97.88,56.21,48.19,33.51
286.43,35.28,21.16,22.52,20.89,97.88,56.35,48.19,33.51
286.44,35.21,21.16,22.49,20.89,97.88,56.35,48.19,33.51
286.45,35.21,21.13,22.49,20.89,98.26,56.21,48.19,33.45
286.46,35.21,21.16,22.49,20.89,97.88,56.21,48.19,33.45
286.47,35.21,21.16,22.52,20.89,97.88,56.35,48.19,33.51
286.48,35.28,21.19,22.49,20.89,97.88,56.35,48.19,33.51
286.49,35.28,21.13,22.49,20.86,97.88,56.21,48.19,33.51
286.50,35.15,21.13,22.49,20.89,97.88,56.21,48.19,33.45
286.51,35.21,21.16,22.49,20.89,97.88,56.35,48.19,33.45
286.52,35.21,21.16,22.52,20.86,98.26,56.35,48.19,33.51
286.53,35.28,21.16,22.52,20.89,97.88,56.21,48.30,33.45
286.54,35.21,21.16,22.49,20.89,97.88,56.35,48.19,33.51
286.55,35.21,21.16,22.49,20.89,97.88,56.35,48.19,33.45
286.56,35.28,21.16,22.49,20.89,97.88,56.35,48.19,33.51
286.57,35.21,21.16,22.52,20.89,98.26,56.21,48.30,33.51
286.58,35.21,21.16,22.52,20.89,98.26,56.35,48.19,33.45
286.59,35.21,21.13,22.52,20.89,98.26,56.07,48.19,33.45
286.60,35.34,21.16,22.49,20.89,97.88,56.35,48.19,33.51
286.61,35.21,21.16,22.52,20.89,97.88,56.35,48.19,33.51
286.62,35.21,21.16,22.52,20.89,97.88,56.07,48.19,33.51
286.63,35.28,21.19,22.52,20.89,98.26,56.35,48.30,33.57
286.64,35.21,21.13,22.49,20.89,97.88,56.35,48.19,33.45
286.65,35.15,21.13,22.49,20.89,97.88,56.21,48.08,33.51
286.66,35.15,21.13,22.49,20.89,97.88,56.21,48.19,33.51
286.67,35.21,21.16,22.52,20.89,97.88,56.35,48.19,33.51
286.68,35.21,21.16,22.52,20.89,97.88,56.21,48.19,33.51
286.69,35.21,21.13,22.49,20.89,97.88,56.21,48.19,33.51
286.70,35.21,21.16,22.49,20.89,97.88,56.21,48.08,33.51
286.71,35.21,21.16,22.49,20.89,97.88,56.21,48.19,33.45
286.72,35.28,21.16,22.52,20.89,97.88,56.21,48.19,33.51
286.73,35.28,21.16,22.52,20.89,97.88,56.35,48.19,33.51
286.74,35.21,21.16,22.49,20.89,97.88,56.35,48.19,33.51
286.75,35.28,21.13,22.52,20.89,97.88,56.21,48.19,33.51
286.76,35.28,21.13,22.49,20.89,97.88,56.21,48.19,33.51
286.77,35.21,21.16,22.49,20.89,97.88,56.35,48.19,33.57
286.78,35.28,21.16,22.49,20.89,98.26,56.35,48.19,33.51
286.79,35.21,21.13,22.49,20.89,97.88,56.21,48.19,33.51
286.80,35.15,21.13,22.49,20.89,97.88,56.21,48.19,33.51
286.81,35.21,21.13,22.49,20.89,97.88,56.21,48.19,33.51
286.82,35.21,21.16,22.49,20.89,97.88,56.21,48.19,33.51
286.83,35.21,21.16,22.52,20.89,98.26,56.21,48.08,33.51
286.84,35.21,21.16,22.49,20.89,97.88,56.21,48.19,33.45
286.85,35.15,21.13,22.49,20.89,98.26,56.35,48.19,33.51
286.86,35.21,21.16,22.49,20.89,97.88,56.21,48.19,33.51
286.87,35.21,21.16,22.52,20.89,97.88,56.35,48.08,33.51
286.88,35.21,21.16,22.49,20.89,97.88,56.35,48.19,33.51
286.89,35.21,21.16,22.49,20.89,97.88,56.21,48.19,33.51
286.90,35.15,21.13,22.49,20.89,97.88,56.21,48.19,33.51
286.91,35.15,21.13,22.49,20.89,97.88,56.35,48.19,33.51
286.92,35.21,21.16,22.52,20.89,97.88,56.21,48.19,33.51
286.93,35.21,21.16,22.52,20.89,98.26,56.21,48.19,33.51
286.94,35.15,21.13,22.49,20.89,97.88,56.21,48.19,33.51
286.95,35.21,21.13,22.49,20.89,97.88,56.21,48.19,33.51
286.96,35.21,21.13,22.49,20.89,97.88,56.21,48.19,33.51
286.97,35.28,21.16,22.49,20.89,97.88,56.21,48.19,33.51
286.98,35.21,21.16,22.52,20.89,97.88,56.21,48.19,33.51
286.99,35.28,21.13,22.49,20.89,97.88,56.21,48.19,33.51
287.00,35.21,21.13,22.49,20.89,97.88,56.21,48.08,33.51
287.01,35.15,21.13,22.49,20.89,97.88,56.35,48.19,33.51
287.02,35.28,21.16,22.49,20.89,97.88,56.21,48.19,33.51
287.03,35.28,21.13,22.52,20.89,97.88,56.35,48.19,33.51
287.04,35.21,21.13,22.49,20.89,97.88,56.21,48.19,33.51
287.05,35.21,21.13,22.49,20.89,97.88,56.21,48.19,33.51
287.06,35.28,21.13,22.49,20.89,97.88,56.35,48.19,33.57
287.07,35.21,21.13,22.49,20.89,97.88,56.21,48.19,33.51
287.08,35.21,21.16,22.52,20.89,98.26,56.35,48.19,33.51
287.09,35.21,21.16,22.49,20.89,98.26,56.21,48.19,33.51
287.10,35.28,21.13,22.49,20.89,97.88,56.21,48.19,33.51
287.11,35.21,21.13,22.49,20.89,97.88,56.21,48.19,33.51
287.12,35.28,21.16,22.52,20.89,97.88,56.21,48.19,33.51
287.13,35.21,21.16,22.49,20.89,98.26,56.21,48.19,33.51
287.14,35.21,21.13,22.49,20.89,97.88,56.21,48.19,33.51
287.15,35.21,21.13,22.49,20.89,97.88,56.21,48.19,33.51
287.16,35.21,21.13,22.49,20.89,97.51,56.35,48.19,33.51
287.17,35.28,21.16,22.52,20.89,97.88,56.21,48.19,33.51
287.18,35.21,21.13,22.52,20.89,98.26,56.21,48.19,33.51
287.19,35.15,21.16,22.49,20.89,97.88,56.21,48.19,33.51
287.20,35.21,21.13,22.49,20.89,97.88,56.21,48.19,33.51
287.21,35.21,21.13,22.49,20.89,97.88,56.21,48.19,33.57
287.22,35.21,21.13,22.52,20.89,97.88,56.35,48.19,33.51
287.23,35.21,21.16,22.52,20.89,97.88,56.21,48.19,33.51
287.24,35.28,21.13,22.49,20.89,97.88,56.21,48.19,33.51
287.25,35.28,21.13,22.49,20.89,97.88,56.21,48.19,33.51
287.26,35.21,21.16,22.49,20.89,97.88,56.21,48.19,33.57
287.27,35.21,21.16,22.49,20.89,97.88,56.21,48.19,33.51
287.28,35.21,21.16,22.52,20.89,97.88,56.35,48.19,33.51
287.29,35.21,21.13,22.49,20.89,97.88,56.21,48.19,33.51
287.30,35.21,21.16,22.49,20.86,97.88,56.21,48.19,33.51
287.31,35.21,21.16,22.49,20.89,97.88,56.21,48.19,33.51
287.32,35.21,21.16,22.49,20.89,97.88,56.35,48.19,33.51
287.33,35.21,21.16,22.49,20.89,97.51,56.21,48.19,33.51
287.34,35.21,21.16,22.49,20.89,97.88,56.21,48.19,33.51
287.35,35.21,21.13,22.49,20.89,97.88,56.21,48.19,33.51
287.36,35.21,21.13,22.49,20.89,97.88,56.21,48.19,33.51
287.37,35.21,21.16,22.52,20.89,97.88,56.21,48.19,33.51
287.38,35.21,21.16,22.49,20.89,97.88,56.21,48.19,33.57
287.39,35.21,21.13,22.49,20.89,97.88,56.21,48.19,33.51
287.40,35.28,21.13,22.49,20.89,97.88,56.21,48.19,33.45
287.41,35.15,21.13,22.52,20.89,97.88,56.21,48.19,33.57
287.42,35.21,21.13,22.52,20.89,97.88,56.21,48.19,33.51
287.43,35.21,21.16,22.49,20.89,97.88,56.21,48.19,33.51
287.44,35.21,21.13,22.49,20.89,97.88,56.21,48.19,33.51
287.45,35.21,21.13,22.49,20.89,97.88,56.21,48.19,33.51
287.46,35.21,21.13,22.49,20.89,97.88,56.21,48.19,33.51
287.47,35.28,21.13,22.52,20.89,97.88,56.35,48.19,33.57
287.48,35.21,21.16,22.52,20.89,97.88,56.35,48.19,33.51
287.49,35.21,21.13,22.52,20.89,97.88,56.21,48.19,33.51
287.50,35.21,21.13,22.49,20.89,97.88,56.21,48.19,33.51
287.51,35.15,21.13,22.49,20.89,97.51,56.21,48.19,33.51
287.52,35.28,21.16,22.52,20.89,97.88,56.35,48.19,33.51
287.53,35.21,21.16,22.49,20.89,97.88,56.35,48.19,33.57
287.54,35.21,21.13,22.49,20.89,97.88,56.21,48.19,33.51
287.55,35.21,21.13,22.49,20.89,97.88,56.21,48.19,33.51
287.56,35.15,21.13,22.49,20.89,97.88,56.21,48.19,33.51
287.57,35.21,21.16,22.52,20.89,98.26,56.35,48.19,33.57
287.58,35.21,21.13,22.49,20.89,98.26,56.21,48.19,33.51
287.59,35.21,21.13,22.49,20.89,97.88,56.21,48.19,33.51
287.60,35.15,21.13,22.49,20.89,97.88,56.21,48.19,33.51
287.61,35.15,21.13,22.49,20.89,97.88,56.21,48.19,33.57
287.62,35.21,21.16,22.49,20.89,97.88,56.21,48.19,33.57
287.63,35.21,21.16,22.52,20.89,97.88,56.35,48.19,33.51
287.64,35.21,21.13,22.49,20.89,97.88,56.21,48.19,33.51
287.65,35.21,21.13,22.49,20.89,97.88,56.21,48.19,33.57
287.66,35.21,21.13,22.49,20.89,97.88,56.21,48.19,33.57
287.67,35.28,21.13,22.52,20.89,97.88,56.21,48.19,33.51
287.68,35.21,21.13,22.49,20.89,98.26,56.21,48.19,33.51
287.69,35.21,21.16,22.49,20.89,97.88,56.21,48.19,33.51
287.70,35.15,21.13,22.49,20.89,97.88,56.21,48.19,33.51
287.71,35.21,21.13,22.49,20.89,97.88,56.07,48.19,33.51
287.72,35.21,21.13,22.49,20.89,97.88,56.35,48.19,33.51
287.73,35.21,21.13,22.52,20.89,97.88,56.21,48.30,33.57
287.74,35.21,21.13,22.49,20.89,98.26,56.21,48.19,33.57
287.75,35.15,21.10,22.49,20.89,97.88,56.21,48.19,33.57
287.76,35.21,21.13,22.49,20.86,97.88,56.21,48.19,33.51
287.77,35.21,21.19,22.49,20.89,97.88,56.21,48.30,33.51
287.78,35.28,21.13,22.49,20.86,97.88,56.21,48.19,33.57
287.79,35.21,21.16,22.49,20.89,97.88,56.21,48.19,33.57
287.80,35.21,21.13,22.49,20.89,97.88,56.21,48.19,33.51
287.81,35.21,21.13,22.49,20.89,97.88,56.21,48.19,33.51
287.82,35.28,21.13,22.49,20.89,97.88,56.35,48.30,33.57
287.83,35.28,21.13,22.52,20.89,97.88,56.21,48.19,33.51
287.84,35.15,21.13,22.49,20.89,97.88,56.35,48.19,33.57
287.85,35.15,21.10,22.49,20.89,97.88,56.07,48.19,33.51
287.86,35.21,21.13,22.49,20.89,97.88,56.07,48.19,33.51
287.87,35.21,21.13,22.49,20.89,97.88,56.21,48.30,33.57
287.88,35.21,21.13,22.49,20.89,97.88,56.21,48.19,33.45
287.89,35.15,21.13,22.49,20.89,97.88,56.21,48.19,33.57
287.90,35.21,21.13,22.49,20.89,97.88,56.21,48.19,33.51
287.91,35.21,21.13,22.49,20.89,97.88,56.21,48.19,33.51
287.92,35.28,21.16,22.49,20.89,97.88,56.35,48.30,33.57
287.93,35.21,21.13,22.49,20.89,97.88,56.21,48.19,33.51
287.94,35.21,21.13,22.49,20.89,97.88,56.21,48.19,33.57
287.95,35.21,21.13,22.49,20.89,97.88,56.21,48.19,33.57
287.96,35.15,21.13,22.49,20.89,97.88,56.21,48.19,33.57
287.97,35.21,21.13,22.49,20.89,97.88,56.21,48.19,33.57
287.98,35.21,21.13,22.52,20.89,97.88,56.21,48.30,33.51
287.99,35.21,21.13,22.49,20.89,97.88,56.21,48.19,33.57
288.00,35.08,21.13,22.49,20.89,97.88,56.21,48.19,33.57
288.01,35.15,21.13,22.49,20.89,97.88,56.21,48.19,33.51
288.02,35.21,21.16,22.49,20.89,97.88,56.21,48.19,33.51
288.03,35.21,21.13,22.52,20.89,97.88,56.21,48.19,33.51
288.04,35.15,21.13,22.52,20.89,97.88,56.21,48.19,33.51
288.05,35.15,21.10,22.49,20.89,97.88,56.21,48.19,33.57
288.06,35.15,21.13,22.49,20.89,97.51,56.21,48.19,33.57
288.07,35.28,21.13,22.49,20.89,98.26,56.21,48.30,33.57
288.08,35.28,21.13,22.49,20.86,97.88,56.35,48.19,33.57
288.09,35.15,21.10,22.49,20.89,98.26,56.21,48.19,33.57
288.10,35.15,21.13,22.49,20.86,97.51,56.21,48.19,33.57
288.11,35.15,21.13,22.49,20.89,98.26,56.21,48.19,33.57
288.12,35.21,21.13,22.49,20.89,97.51,56.21,48.19,33.57
288.13,35.15,21.13,22.49,20.89,97.88,56.21,48.30,33.57
288.14,35.15,21.13,22.49,20.89,97.88,56.21,48.30,33.57
288.15,35.15,21.13,22.49,20.89,97.88,56.21,48.19,33.57
288.16,35.15,21.13,22.49,20.89,97.88,56.21,48.19,33.57
288.17,35.15,21.13,22.52,20.89,97.88,56.21,48.19,33.51
288.18,35.21,21.13,22.49,20.89,97.88,56.21,48.19,33.57
288.19,35.21,21.13,22.49,20.89,97.88,56.21,48.19,33.51
288.20,35.15,21.10,22.46,20.89,97.88,56.21,48.19,33.51
288.21,35.21,21.13,22.49,20.89,97.88,56.21,48.19,33.57
288.22,35.21,21.13,22.49,20.89,97.88,56.21,48.19,33.57
288.23,35.21,21.13,22.49,20.89,97.88,56.21,48.19,33.57
288.24,35.15,21.10,22.49,20.89,97.51,56.21,48.19,33.57
288.25,35.08,21.13,22.49,20.89,97.88,56.21,48.19,33.57
288.26,35.15,21.13,22.49,20.89,97.88,56.21,48.08,33.51
288.27,35.28,21.13,22.49,20.89,98.26,56.21,48.19,33.51
288.28,35.21,21.13,22.49,20.89,97.88,56.21,48.19,33.57
288.29,35.21,21.13,22.49,20.89,97.88,56.07,48.19,33.51
288.30,35.21,21.13,22.49,20.89,97.88,56.07,48.19,33.57
288.31,35.21,21.13,22.49,20.89,97.88,56.21,48.19,33.57
288.32,35.21,21.13,22.49,20.89,97.88,56.35,48.19,33.57
288.33,35.28,21.13,22.49,20.89,97.88,56.21,48.19,33.57
288.34,35.21,21.10,22.49,20.89,97.88,56.21,48.19,33.57
288.35,35.15,21.13,22.49,20.86,97.88,56.07,48.19,33.51
288.36,35.15,21.13,22.49,20.89,97.88,56.21,48.19,33.57
288.37,35.21,21.13,22.49,20.89,97.88,56.21,48.19,33.57
288.38,35.21,21.13,22.49,20.89,97.88,56.21,48.19,33.51
288.39,35.21,21.13,22.49,20.89,97.88,56.21,48.19,33.57
288.40,35.21,21.10,22.46,20.89,97.88,56.21,48.19,33.51
288.41,35.15,21.10,22.49,20.89,97.88,56.21,48.19,33.57
288.42,35.15,21.13,22.49,20.89,97.88,56.35,48.19,33.57
288.43,35.15,21.13,22.49,20.89,97.88,56.21,48.19,33.57
288.44,35.15,21.13,22.49,20.89,97.51,56.21,48.19,33.57
288.45,35.15,21.10,22.46,20.89,97.88,56.21,48.19,33.57
288.46,35.15,21.13,22.49,20.89,97.88,56.21,48.19,33.57
288.47,35.21,21.13,22.49,20.89,97.88,56.21,48.19,33.57
288.48,35.21,21.13,22.49,20.89,97.88,56.21,48.19,33.57
288.49,35.15,21.13,22.49,20.89,97.88,56.21,48.19,33.57
288.50,35.15,21.13,22.49,20.89,97.88,56.21,48.19,33.57
288.51,35.15,21.13,22.49,20.89,97.88,56.21,48.19,33.57
288.52,35.21,21.13,22.49,20.89,97.88,56.21,48.19,33.57
288.53,35.21,21.13,22.49,20.89,97.88,56.07,48.19,33.57
288.54,35.21,21.13,22.49,20.89,97.88,56.21,48.19,33.57
288.55,35.21,21.10,22.49,20.89,97.88,56.21,48.19,33.57
288.56,35.15,21.10,22.49,20.89,97.88,56.07,48.19,33.57
288.57,35.28,21.13,22.49,20.89,97.88,56.21,48.19,33.57
288.58,35.21,21.13,22.52,20.89,97.88,56.21,48.19,33.57
288.59,35.15,21.13,22.49,20.89,97.88,56.21,48.19,33.57
288.60,35.15,21.13,22.49,20.89,97.88,56.21,48.19,33.57
288.61,35.21,21.13,22.49,20.89,97.88,56.21,48.19,33.57
288.62,35.21,21.10,22.49,20.89,97.88,56.21,48.19,33.57
288.63,35.21,21.13,22.49,20.89,98.26,56.21,48.19,33.57
288.64,35.15,21.13,22.49,20.89,97.88,56.21,48.19,33.57
288.65,35.21,21.10,22.49,20.89,97.88,56.21,48.19,33.57
288.66,35.15,21.13,22.49,20.89,97.88,56.21,48.30,33.57
288.67,35.15,21.13,22.49,20.89,97.88,56.21,48.19,33.57
288.68,35.15,21.13,22.49,20.89,97.88,56.21,48.19,33.57
288.69,35.15,21.13,22.49,20.89,97.88,56.21,48.19,33.57
288.70,35.21,21.13,22.46,20.89,97.88,56.21,48.19,33.57
288.71,35.15,21.13,22.49,20.89,97.88,56.21,48.19,33.57
288.72,35.21,21.13,22.49,20.89,97.88,56.21,48.19,33.57
288.73,35.28,21.13,22.49,20.89,97.88,56.21,48.19,33.57
288.74,35.15,21.13,22.49,20.89,97.88,56.21,48.19,33.57
288.75,35.21,21.13,22.49,20.89,97.88,56.21,48.19,33.57
288.76,35.15,21.13,22.49,20.89,97.88,56.21,48.08,33.57
288.77,35.15,21.13,22.49,20.89,97.88,56.21,48.19,33.57
288.78,35.15,21.13,22.49,20.86,97.88,56.21,48.30,33.57
288.79,35.21,21.13,22.49,20.89,97.88,56.21,48.19,33.57
288.80,35.15,21.10,22.49,20.89,97.88,56.21,48.19,33.57
288.81,35.15,21.10,22.49,20.89,97.88,56.07,48.19,33.57
288.82,35.21,21.13,22.49,20.89,97.88,56.21,48.19,33.57
288.83,35.21,21.13,22.49,20.89,97.88,56.21,48.19,33.57
288.84,35.21,21.13,22.49,20.89,97.88,56.21,48.19,33.57
288.85,35.15,21.13,22.46,20.89,97.88,56.21,48.19,33.57
288.86,35.21,21.13,22.49,20.89,97.88,56.21,48.19,33.57
288.87,35.21,21.13,22.49,20.89,97.88,56.21,48.19,33.57
288.88,35.21,21.13,22.49,20.89,97.88,56.21,48.19,33.57
288.89,35.15,21.13,22.49,20.89,97.88,56.21,48.19,33.57
288.90,35.21,21.13,22.49,20.89,97.88,56.21,48.19,33.57
288.91,35.21,21.13,22.49,20.89,97.88,56.21,48.19,33.57
288.92,35.21,21.13,22.49,20.89,97.88,56.21,48.19,33.57
288.93,35.21,21.13,22.49,20.89,97.88,56.35,48.19,33.57
288.94,35.15,21.13,22.49,20.89,97.88,56.21,48.19,33.57
288.95,35.21,21.10,22.49,20.89,97.88,56.21,48.19,33.57
288.96,35.15,21.13,22.49,20.89,97.88,56.21,48.19,33.57
288.97,35.15,21.13,22.49,20.89,97.88,56.21,48.19,33.57
288.98,35.21,21.16,22.49,20.89,97.88,56.07,48.19,33.57
288.99,35.21,21.10,22.49,20.89,97.88,56.21,48.19,33.57
289.00,35.21,21.10,22.49,20.92,97.88,56.21,48.19,33.57
289.01,35.15,21.13,22.49,20.92,97.88,56.21,48.19,33.57
289.02,35.21,21.13,22.52,20.89,97.88,56.21,48.19,33.63
289.03,35.21,21.13,22.49,20.89,97.88,56.21,48.19,33.63
289.04,35.15,21.13,22.49,20.89,97.88,56.21,48.19,33.57
289.05,35.21,21.10,22.49,20.89,97.88,56.21,48.19,33.57
289.06,35.21,21.13,22.49,20.89,97.88,56.21,48.19,33.57
289.07,35.21,21.13,22.49,20.89,97.88,56.21,48.19,33.57
289.08,35.21,21.13,22.52,20.89,97.88,56.21,48.19,33.57
289.09,35.15,21.13,22.49,20.89,97.88,56.21,48.19,33.57
289.10,35.15,21.13,22.49,20.89,97.88,56.21,48.19,33.57
289.11,35.21,21.13,22.49,20.89,97.88,56.35,48.19,33.63
289.12,35.21,21.16,22.49,20.89,97.88,56.07,48.19,33.51
289.13,35.21,21.16,22.49,20.89,97.88,56.21,48.19,33.69
289.14,35.15,21.10,22.49,20.89,97.88,56.21,48.30,33.51
289.15,35.15,21.13,22.49,20.89,97.88,56.21,48.19,33.63
289.16,35.21,21.13,22.49,20.89,97.88,56.21,48.08,33.63
289.17,35.28,21.13,22.49,20.89,97.88,56.21,48.19,33.57
289.18,35.28,21.13,22.49,20.89,97.88,56.21,48.19,33.63
289.19,35.21,21.13,22.49,20.89,97.88,56.21,48.19,33.57
289.20,35.21,21.10,22.49,20.89,97.88,56.21,48.19,33.63
289.21,35.21,21.13,22.49,20.89,97.88,56.21,48.19,33.57
289.22,35.15,21.13,22.49,20.89,97.88,56.21,48.19,33.57
289.23,35.21,21.13,22.49,20.89,97.88,56.21,48.19,33.63
289.24,35.15,21.13,22.49,20.89,97.88,56.21,48.19,33.57
289.25,35.21,21.13,22.49,20.89,97.51,56.21,48.19,33.57
289.26,35.21,21.13,22.49,20.89,97.51,56.21,48.19,33.63
289.27,35.21,21.13,22.49,20.89,97.88,56.21,48.19,33.63
289.28,35.21,21.13,22.52,20.89,97.88,56.21,48.19,33.57
289.29,35.21,21.13,22.49,20.89,97.88,56.21,48.19,33.63
289.30,35.21,21.13,22.49,20.89,97.88,56.07,48.19,33.57
289.31,35.15,21.13,22.49,20.89,97.88,56.21,48.30,33.63
289.32,35.15,21.13,22.49,20.89,97.88,56.21,48.19,33.63
289.33,35.21,21.13,22.49,20.89,97.88,56.35,48.19,33.63
289.34,35.21,21.13,22.49,20.89,97.51,56.21,48.19,33.57
289.35,35.21,21.13,22.49,20.89,97.88,56.21,48.19,33.57
289.36,35.21,21.13,22.49,20.89,97.51,56.21,48.19,33.63
289.37,35.15,21.13,22.52,20.89,98.26,56.21,48.30,33.63
289.38,35.21,21.13,22.49,20.89,97.88,56.21,48.41,33.57
289.39,35.21,21.13,22.49,20.89,97.88,56.21,48.08,33.57
289.40,35.21,21.13,22.49,20.86,97.88,56.21,48.30,33.63
289.41,35.15,21.13,22.49,20.89,97.88,56.35,48.19,33.63
289.42,35.21,21.13,22.49,20.89,97.88,56.21,48.19,33.57
289.43,35.15,21.13,22.49,20.89,97.88,56.21,48.19,33.63
289.44,35.15,21.13,22.49,20.89,97.88,56.21,48.19,33.57
289.45,35.21,21.13,22.46,20.89,97.88,56.21,48.19,33.57
289.46,35.15,21.13,22.49,20.89,97.88,56.07,48.19,33.63
289.47,35.21,21.13,22.52,20.89,97.88,56.21,48.19,33.63
289.48,35.21,21.13,22.49,20.89,97.88,56.21,48.19,33.57
289.49,35.21,21.13,22.49,20.89,97.88,56.21,48.19,33.57
289.50,35.15,21.10,22.46,20.89,97.88,56.07,48.19,33.57
289.51,35.15,21.13,22.49,20.89,97.88,56.21,48.19,33.63
289.52,35.21,21.13,22.49,20.89,97.88,56.21,48.30,33.57
289.53,35.15,21.13,22.49,20.89,97.88,56.21,48.19,33.57
289.54,35.21,21.13,22.49,20.89,97.88,56.21,48.19,33.63
289.55,35.15,21.13,22.49,20.89,97.88,56.21,48.19,33.57
289.56,35.15,21.10,22.49,20.89,97.88,56.21,48.19,33.63
289.57,35.21,21.13,22.49,20.89,97.88,56.21,48.19,33.63
289.58,35.21,21.13,22.49,20.89,97.88,56.21,48.19,33.63
289.59,35.21,21.10,22.49,20.89,97.88,56.21,48.19,33.57
289.60,35.15,21.13,22.49,20.89,97.88,56.21,48.19,33.63
289.61,35.15,21.13,22.49,20.89,97.51,56.21,48.30,33.57
289.62,35.21,21.13,22.49,20.89,97.88,56.21,48.19,33.57
289.63,35.21,21.13,22.49,20.89,97.51,56.21,48.19,33.63
289.64,35.15,21.13,22.49,20.89,97.88,56.21,48.19,33.57
289.65,35.21,21.13,22.49,20.89,97.88,56.21,48.19,33.63
289.66,35.15,21.13,22.49,20.92,97.88,56.21,48.19,33.57
289.67,35.21,21.13,22.49,20.89,97.88,56.21,48.19,33.63
289.68,35.21,21.13,22.49,20.89,97.88,56.21,48.19,33.63
289.69,35.15,21.13,22.49,20.89,97.88,56.21,48.30,33.63
289.70,35.15,21.10,22.49,20.89,97.51,56.21,48.19,33.63
289.71,35.21,21.13,22.46,20.89,97.88,56.21,48.19,33.57
289.72,35.21,21.13,22.49,20.89,97.88,56.21,48.19,33.63
289.73,35.15,21.13,22.49,20.89,97.88,56.21,48.30,33.57
289.74,35.21,21.13,22.49,20.89,97.88,56.21,48.19,33.63
289.75,35.15,21.13,22.49,20.89,97.88,56.21,48.19,33.63
289.76,35.15,21.13,22.49,20.89,97.88,56.21,48.19,33.63
289.77,35.21,21.13,22.49,20.89,97.88,56.21,48.19,33.63
289.78,35.15,21.13,22.49,20.89,97.88,56.21,48.19,33.63
289.79,35.15,21.13,22.49,20.89,97.88,56.21,48.19,33.57
289.80,35.15,21.10,22.49,20.89,97.88,56.21,48.19,33.63
289.81,35.21,21.13,22.49,20.89,97.88,56.21,48.19,33.69
289.82,35.21,21.13,22.52,20.89,97.88,56.21,48.30,33.63
289.83,35.21,21.13,22.49,20.89,97.88,56.21,48.19,33.57
289.84,35.15,21.13,22.49,20.89,97.88,56.21,48.19,33.57
289.85,35.15,21.10,22.49,20.89,97.88,56.21,48.19,33.63
289.86,35.21,21.13,22.46,20.89,97.88,56.21,48.19,33.63
289.87,35.21,21.13,22.49,20.89,97.88,56.21,48.30,33.63
289.88,35.21,21.13,22.49,20.89,97.88,56.21,48.19,33.63
289.89,35.15,21.10,22.49,20.89,97.88,56.21,48.19,33.57
289.90,35.15,21.13,22.49,20.89,97.88,56.21,48.19,33.63
289.91,35.15,21.10,22.49,20.89,97.88,56.21,48.19,33.63
289.92,35.28,21.13,22.49,20.89,97.88,56.21,48.19,33.63
289.93,35.15,21.13,22.49,20.89,97.88,56.21,48.19,33.63
289.94,35.21,21.13,22.49,20.89,97.88,56.21,48.19,33.63
289.95,35.15,21.10,22.46,20.89,97.88,56.21,48.19,33.63
289.96,35.15,21.10,22.49,20.89,97.88,56.21,48.19,33.63
289.97,35.21,21.13,22.49,20.89,97.88,56.21,48.19,33.63
289.98,35.15,21.13,22.49,20.89,97.88,56.21,48.19,33.63
289.99,35.15,21.13,22.49,20.89,97.88,56.21,48.19,33.57
290.00,35.15,21.13,22.49,20.89,97.88,56.21,48.19,33.63
290.01,35.15,21.13,22.49,20.89,97.88,56.21,48.19,33.63
290.02,35.21,21.16,22.49,20.89,97.88,56.21,48.19,33.63
290.03,35.15,21.13,22.49,20.89,97.88,56.21,48.19,33.57
290.04,35.21,21.13,22.49,20.89,97.88,56.21,48.19,33.63
290.05,35.15,21.13,22.49,20.89,97.88,56.21,48.19,33.63
290.06,35.21,21.13,22.49,20.89,97.88,56.21,48.08,33.63
290.07,35.21,21.13,22.49,20.89,97.88,56.21,48.19,33.63
290.08,35.21,21.13,22.49,20.92,97.88,56.21,48.19,33.63
290.09,35.15,21.13,22.49,20.89,97.88,56.21,48.30,33.63
290.10,35.21,21.13,22.49,20.89,97.88,56.21,48.19,33.63
290.11,35.21,21.13,22.49,20.89,97.88,56.21,48.19,33.63
290.12,35.15,21.13,22.49,20.89,97.88,56.21,48.19,33.63
290.13,35.15,21.13,22.49,20.92,97.51,56.21,48.19,33.63
290.14,35.21,21.10,22.49,20.89,97.88,56.21,48.19,33.63
290.15,35.15,21.13,22.46,20.89,97.51,56.21,48.19,33.63
290.16,35.15,21.13,22.49,20.89,97.88,56.21,48.19,33.63
290.17,35.15,21.13,22.49,20.89,97.88,56.21,48.19,33.57
290.18,35.15,21.13,22.49,20.89,97.88,56.21,48.19,33.63
290.19,35.15,21.10,22.49,20.89,97.88,56.21,48.19,33.63
290.20,35.21,21.13,22.46,20.89,97.88,56.21,48.19,33.63
290.21,35.21,21.13,22.46,20.89,97.88,56.21,48.19,33.63
290.22,35.21,21.13,22.49,20.89,97.88,56.21,48.19,33.63
290.23,35.21,21.13,22.49,20.89,97.88,56.21,48.19,33.63
290.24,35.15,21.10,22.49,20.89,97.88,56.07,48.19,33.63
290.25,35.15,21.13,22.46,20.89,97.88,56.21,48.19,33.63
290.26,35.21,21.10,22.49,20.89,97.88,56.21,48.19,33.63
290.27,35.15,21.13,22.49,20.92,97.88,56.35,48.30,33.63
290.28,35.15,21.10,22.49,20.89,97.88,56.21,48.19,33.63
290.29,35.21,21.13,22.49,20.89,97.88,56.21,48.19,33.63
290.30,35.15,21.10,22.49,20.89,97.88,56.21,48.19,33.63
290.31,35.15,21.13,22.49,20.89,97.88,56.21,48.19,33.63
290.32,35.21,21.13,22.49,20.89,97.88,56.21,48.30,33.63
290.33,35.15,21.13,22.49,20.89,97.88,56.21,48.19,33.63
290.34,35.15,21.10,22.49,20.89,97.88,56.07,48.19,33.63
290.35,35.08,21.10,22.49,20.92,97.88,56.35,48.19,33.63
290.36,35.15,21.13,22.49,20.89,97.88,56.07,48.19,33.63
290.37,35.21,21.13,22.49,20.89,97.88,56.50,48.30,33.63
290.38,35.15,21.13,22.49,20.89,97.88,56.07,48.19,33.57
290.39,35.15,21.13,22.49,20.89,97.88,56.21,48.19,33.69
290.40,35.15,21.13,22.46,20.89,97.88,56.21,48.19,33.63
290.41,35.15,21.13,22.49,20.89,97.88,56.21,48.19,33.63
290.42,35.15,21.13,22.49,20.89,97.88,56.21,48.19,33.63
290.43,35.21,21.13,22.49,20.89,97.88,56.07,48.30,33.63
290.44,35.15,21.13,22.49,20.89,97.88,56.21,48.19,33.63
290.45,35.15,21.13,22.49,20.89,97.88,56.35,48.19,33.63
290.46,35.15,21.13,22.49,20.89,97.88,56.21,48.19,33.63
290.47,35.21,21.13,22.49,20.89,97.88,56.21,48.30,33.63
290.48,35.15,21.13,22.49,20.92,97.88,56.21,48.19,33.63
290.49,35.15,21.13,22.49,20.89,97.51,56.21,48.19,33.63
290.50,35.21,21.13,22.49,20.89,97.88,56.35,48.30,33.63
290.51,35.08,21.13,22.46,20.89,97.88,56.21,48.19,33.63
290.52,35.21,21.13,22.52,20.89,97.88,56.21,48.19,33.63
290.53,35.21,21.13,22.46,20.89,97.88,56.21,48.30,33.63
290.54,35.21,21.13,22.52,20.89,97.88,56.21,48.19,33.63
290.55,35.15,21.13,22.46,20.89,97.88,56.21,48.19,33.63
290.56,35.15,21.13,22.49,20.89,97.51,56.21,48.19,33.63
290.57,35.15,21.13,22.49,20.89,97.88,56.21,48.30,33.69
290.58,35.15,21.13,22.49,20.89,97.88,56.21,48.19,33.63
290.59,35.21,21.10,22.49,20.89,97.88,56.07,48.19,33.69
290.60,35.15,21.10,22.49,20.89,97.88,56.21,48.30,33.63
290.61,35.21,21.13,22.49,20.89,97.88,56.21,48.19,33.63
290.62,35.21,21.13,22.49,20.92,98.26,56.21,48.30,33.69
290.63,35.15,21.13,22.49,20.89,97.88,56.21,48.08,33.63
290.64,35.15,21.13,22.46,20.89,97.51,56.21,48.30,33.63
290.65,35.15,21.13,22.46,20.89,97.88,56.21,48.19,33.63
290.66,35.21,21.13,22.49,20.89,97.88,56.21,48.19,33.69
290.67,35.21,21.13,22.49,20.89,97.88,56.21,48.19,33.63
290.68,35.15,21.13,22.49,20.92,97.88,56.21,48.30,33.63
290.69,35.15,21.13,22.49,20.89,97.88,56.21,48.08,33.63
290.70,35.21,21.10,22.49,20.89,97.88,56.07,48.19,33.63
290.71,35.15,21.13,22.49,20.89,97.88,56.21,48.30,33.63
290.72,35.15,21.13,22.49,20.89,97.88,56.21,48.30,33.63
290.73,35.15,21.13,22.49,20.89,97.88,56.21,48.19,33.63
290.74,35.15,21.13,22.49,20.92,97.88,56.21,48.19,33.63
290.75,35.15,21.10,22.46,20.89,97.88,56.21,48.19,33.63
290.76,35.21,21.10,22.49,20.89,97.88,56.21,48.19,33.63
290.77,35.21,21.13,22.49,20.89,97.88,56.21,48.19,33.63
290.78,35.15,21.13,22.49,20.89,97.88,56.21,48.19,33.63
290.79,35.21,21.13,22.49,20.89,97.88,56.21,48.19,33.63
290.80,35.21,21.13,22.49,20.89,97.88,56.21,48.19,33.63
290.81,35.15,21.13,22.49,20.89,97.88,56.21,48.19,33.63
290.82,35.15,21.13,22.49,20.89,97.88,56.21,48.19,33.63
290.83,35.15,21.13,22.49,20.89,97.88,56.21,48.19,33.63
290.84,35.15,21.10,22.49,20.89,97.88,56.21,48.30,33.63
290.85,35.15,21.10,22.49,20.89,97.88,56.21,48.19,33.63
290.86,35.21,21.13,22.49,20.89,97.88,56.21,48.19,33.63
290.87,35.21,21.13,22.49,20.89,97.88,56.21,48.19,33.63
290.88,35.15,21.13,22.49,20.89,97.88,56.21,48.19,33.69
290.89,35.21,21.13,22.49,20.89,97.88,56.21,48.19,33.63
290.90,35.15,21.13,22.49,20.89,97.88,56.21,48.19,33.63
290.91,35.21,21.13,22.49,20.89,97.88,56.21,48.19,33.63
290.92,35.21,21.13,22.49,20.89,97.88,56.21,48.19,33.63
290.93,35.15,21.13,22.52,20.89,97.88,56.21,48.19,33.63
290.94,35.15,21.13,22.49,20.89,97.88,56.21,48.19,33.63
290.95,35.15,21.13,22.46,20.89,97.88,56.21,48.19,33.63
290.96,35.15,21.13,22.49,20.89,97.88,56.21,48.19,33.69
290.97,35.21,21.13,22.49,20.89,97.88,56.21,48.19,33.63
290.98,35.15,21.13,22.49,20.89,97.88,56.21,48.19,33.63
290.99,35.08,21.10,22.49,20.89,97.88,56.21,48.19,33.63
291.00,35.15,21.13,22.49,20.89,97.88,56.21,48.30,33.69
291.01,35.21,21.16,22.49,20.89,97.88,56.35,48.19,33.69
291.02,35.21,21.13,22.49,20.89,98.26,56.21,48.19,33.63
291.03,35.21,21.13,22.49,20.89,97.88,56.21,48.19,33.63
291.04,35.15,21.13,22.49,20.89,97.88,56.21,48.19,33.63
291.05,35.15,21.13,22.49,20.89,97.88,56.07,48.19,33.69
291.06,35.21,21.13,22.49,20.89,97.88,56.21,48.19,33.63
291.07,35.21,21.13,22.49,20.89,97.88,56.35,48.30,33.69
291.08,35.21,21.13,22.49,20.92,97.88,56.21,48.30,33.63
291.09,35.15,21.13,22.49,20.89,97.88,56.21,48.19,33.63
291.10,35.15,21.13,22.49,20.89,97.88,56.21,48.19,33.63
291.11,35.15,21.16,22.49,20.89,97.88,56.21,48.30,33.63
291.12,35.15,21.13,22.49,20.89,97.88,56.21,48.19,33.63
291.13,35.21,21.13,22.49,20.89,97.88,56.21,48.30,33.63
291.14,35.21,21.13,22.49,20.89,97.88,56.21,48.19,33.63
291.15,35.08,21.13,22.46,20.89,97.88,56.21,48.19,33.69
291.16,35.15,21.13,22.49,20.89,97.88,56.21,48.19,33.69
291.17,35.08,21.13,22.49,20.89,97.88,56.35,48.30,33.69
291.18,35.15,21.13,22.49,20.89,97.88,56.21,48.30,33.69
291.19,35.15,21.13,22.49,20.89,97.88,56.21,48.19,33.69
291.20,35.15,21.13,22.49,20.89,97.88,56.21,48.19,33.69
291.21,35.21,21.13,22.49,20.89,97.88,56.21,48.19,33.69
291.22,35.28,21.16,22.49,20.92,97.88,56.21,48.30,33.69
291.23,35.21,21.13,22.49,20.89,97.88,56.21,48.19,33.63
291.24,35.15,21.13,22.46,20.89,97.88,56.35,48.19,33.63
291.25,35.21,21.13,22.46,20.89,97.88,56.21,48.19,33.69
291.26,35.15,21.13,22.49,20.89,97.88,56.21,48.19,33.69
291.27,35.21,21.13,22.49,20.89,97.88,56.21,48.30,33.63
291.28,35.15,21.13,22.49,20.89,97.88,56.21,48.19,33.63
291.29,35.15,21.13,22.49,20.89,97.88,56.21,48.19,33.63
291.30,35.15,21.10,22.49,20.89,97.88,56.21,48.19,33.69
291.31,35.15,21.13,22.49,20.89,97.88,56.21,48.19,33.69
291.32,35.21,21.13,22.49,20.89,97.88,56.07,48.30,33.69
291.33,35.15,21.16,22.49,20.89,97.88,56.21,48.30,33.69
291.34,35.21,21.13,22.46,20.89,97.88,56.21,48.19,33.63
291.35,35.15,21.13,22.49,20.89,97.88,56.21,48.19,33.63
291.36,35.21,21.13,22.49,20.89,97.88,56.21,48.30,33.63
291.37,35.15,21.13,22.49,20.89,97.88,56.35,48.19,33.69
291.38,35.15,21.13,22.49,20.89,97.88,56.21,48.30,33.63
291.39,35.15,21.13,22.49,20.89,97.88,56.21,48.30,33.69
291.40,35.15,21.10,22.49,20.89,97.88,56.21,48.19,33.63
291.41,35.15,21.13,22.49,20.89,97.88,56.21,48.19,33.69
291.42,35.15,21.13,22.49,20.89,97.88,56.21,48.19,33.69
291.43,35.15,21.13,22.49,20.89,97.88,56.21,48.19,33.69
291.44,35.15,21.10,22.46,20.89,97.88,56.35,48.19,33.69
291.45,35.21,21.13,22.46,20.89,97.88,56.21,48.19,33.69
291.46,35.15,21.13,22.49,20.89,97.88,56.21,48.19,33.69
291.47,35.15,21.13,22.49,20.89,97.88,56.21,48.19,33.63
291.52,35.21,21.13,22.49,20.89,97.88,56.21,48.19,33.69
291.52,35.21,21.13,22.46,20.89,97.88,56.21,48.19,33.69
291.53,35.15,21.10,22.46,20.89,97.88,56.21,48.19,33.69
291.54,35.15,21.13,22.49,20.89,97.88,56.21,48.30,33.69
291.55,35.21,21.16,22.49,20.92,97.88,56.21,48.30,33.63
291.56,35.15,21.13,22.49,20.89,97.88,56.21,48.19,33.63
291.57,35.21,21.10,22.46,20.89,97.88,56.07,48.19,33.63
291.60,35.15,21.13,22.46,20.89,97.88,56.21,48.19,33.69
291.60,35.21,21.13,22.46,20.89,97.88,56.21,48.08,33.69
291.61,35.21,21.13,22.49,20.92,97.88,56.21,48.19,33.69
291.62,35.15,21.13,22.49,20.89,97.88,56.21,48.19,33.63
291.63,35.15,21.13,22.49,20.89,97.88,56.21,48.19,33.69
291.64,35.21,21.13,22.46,20.89,97.88,56.21,48.19,33.69
291.65,35.15,21.13,22.49,20.89,97.88,56.21,48.19,33.69
291.66,35.21,21.13,22.49,20.89,97.88,56.35,48.30,33.69
291.67,35.15,21.13,22.46,20.89,97.88,56.21,48.30,33.57
291.68,35.15,21.13,22.46,20.89,97.51,56.21,48.19,33.75
291.69,35.21,21.13,22.49,20.89,97.88,56.21,48.19,33.69
291.70,35.15,21.13,22.49,20.89,97.88,56.21,48.30,33.69
291.71,35.15,21.13,22.49,20.89,97.88,56.21,48.19,33.69
291.72,35.15,21.13,22.46,20.89,97.88,56.21,48.19,33.69
291.73,35.21,21.13,22.46,20.89,97.51,56.07,48.19,33.69
291.74,35.15,21.10,22.49,20.89,97.88,56.21,48.19,33.63
291.75,35.15,21.13,22.49,20.89,97.88,56.21,48.30,33.69
291.76,35.21,21.13,22.49,20.89,97.88,56.21,48.30,33.69
291.77,35.15,21.13,22.46,20.89,97.88,56.21,48.19,33.69
291.78,35.15,21.10,22.49,20.89,97.88,56.21,48.19,33.69
291.79,35.21,21.13,22.46,20.89,97.88,56.21,48.19,33.69
291.80,35.01,21.13,22.46,20.89,97.88,56.21,48.19,33.69
291.81,35.21,21.13,22.49,20.89,97.88,56.21,48.19,33.69
291.82,35.08,21.13,22.46,20.89,97.88,56.21,48.19,33.69
291.83,35.15,21.13,22.49,20.89,97.51,56.21,48.19,33.69
291.84,35.15,21.10,22.46,20.89,97.88,56.21,48.19,33.69
291.85,35.08,21.13,22.46,20.89,97.88,56.21,48.19,33.69
291.86,35.21,21.13,22.49,20.92,97.88,56.21,48.30,33.69
291.87,35.21,21.13,22.49,20.89,97.88,56.21,48.19,33.69
291.88,35.15,21.10,22.46,20.89,97.88,56.21,48.19,33.69
291.89,35.21,21.10,22.46,20.89,97.88,56.21,48.19,33.69
291.90,35.15,21.10,22.46,20.89,98.26,56.21,48.19,33.69
291.91,35.15,21.13,22.49,20.89,98.26,56.21,48.30,33.69
291.92,35.15,21.13,22.49,20.92,97.88,56.21,48.30,33.69
291.93,35.15,21.13,22.46,20.89,97.88,56.21,48.30,33.69
291.94,35.15,21.13,22.46,20.89,97.51,56.21,48.08,33.63
291.95,35.15,21.13,22.46,20.89,97.88,56.21,48.19,33.69
291.96,35.21,21.16,22.49,20.89,97.88,56.21,48.30,33.69
291.97,35.15,21.13,22.46,20.89,97.88,56.21,48.19,33.69
291.98,35.15,21.10,22.46,20.89,97.88,56.21,48.19,33.69
291.99,35.15,21.10,22.46,20.89,97.88,56.21,48.19,33.69
292.00,35.15,21.10,22.46,20.89,97.88,56.21,48.19,33.69
292.01,35.15,21.13,22.46,20.89,97.88,56.21,48.19,33.69
292.02,35.15,21.13,22.49,20.89,97.88,56.21,48.19,33.69
292.03,35.21,21.10,22.49,20.89,97.88,56.21,48.19,33.69
292.04,35.15,21.13,22.46,20.92,97.88,56.21,48.19,33.69
292.05,35.08,21.10,22.46,20.92,97.88,56.21,48.30,33.69
292.06,35.15,21.13,22.49,20.89,97.88,56.21,48.19,33.63
292.07,35.21,21.13,22.49,20.89,97.88,56.21,48.19,33.69
292.08,35.15,21.10,22.46,20.89,97.88,56.21,48.19,33.69
292.09,35.15,21.10,22.46,20.89,97.88,56.35,48.19,33.69
292.10,35.15,21.13,22.46,20.89,97.51,56.21,48.30,33.69
292.11,35.15,21.13,22.46,20.89,97.88,56.35,48.19,33.69
292.12,35.15,21.13,22.46,20.89,97.88,56.21,48.19,33.69
292.13,35.15,21.10,22.46,20.89,97.88,56.21,48.19,33.69
292.14,35.08,21.10,22.46,20.89,97.88,56.21,48.19,33.69
292.15,35.15,21.10,22.46,20.89,97.88,56.21,48.19,33.69
292.16,35.15,21.13,22.46,20.89,97.88,56.21,48.19,33.69
292.17,35.15,21.10,22.46,20.89,97.51,56.21,48.19,33.69
292.18,35.08,21.13,22.46,20.89,97.51,56.21,48.19,33.69
292.19,35.08,21.10,22.46,20.89,97.51,56.21,48.19,33.69
292.20,35.15,21.13,22.46,20.89,97.88,56.21,48.19,33.69
292.21,35.15,21.13,22.46,20.89,97.88,56.21,48.30,33.69
292.22,35.21,21.13,22.46,20.92,97.88,56.21,48.19,33.69
292.23,35.15,21.10,22.46,20.89,97.51,56.21,48.19,33.69
292.24,35.08,21.10,22.46,20.92,97.88,56.21,48.19,33.69
292.25,35.15,21.10,22.46,20.89,97.51,56.21,48.19,33.69
292.26,35.15,21.13,22.49,20.92,97.88,56.35,48.19,33.69
292.27,35.21,21.13,22.46,20.89,97.88,56.21,48.19,33.69
292.28,35.15,21.10,22.46,20.89,97.88,56.21,48.19,33.69
292.29,35.08,21.13,22.46,20.89,97.88,56.21,48.19,33.69
292.30,35.21,21.13,22.46,20.89,97.88,56.21,48.19,33.69
292.31,35.21,21.13,22.46,20.89,97.88,56.21,48.19,33.69
292.32,35.15,21.13,22.49,20.89,97.88,56.21,48.19,33.69
292.33,35.15,21.10,22.46,20.89,97.51,56.21,48.19,33.69
292.34,35.21,21.10,22.46,20.89,97.51,56.21,48.19,33.69
292.35,35.08,21.10,22.46,20.92,97.88,56.21,48.19,33.69
292.36,35.15,21.13,22.46,20.89,97.88,56.21,48.19,33.69
292.37,35.15,21.13,22.46,20.89,97.88,56.21,48.19,33.69
292.38,35.15,21.10,22.46,20.89,97.88,56.21,48.19,33.69
292.39,35.15,21.10,22.46,20.89,97.88,56.21,48.19,33.69
292.40,35.21,21.13,22.46,20.92,97.88,56.21,48.19,33.69
292.41,35.08,21.10,22.49,20.92,97.88,56.07,48.19,33.69
292.42,35.15,21.10,22.46,20.89,97.88,56.21,48.19,33.69
292.43,35.15,21.10,22.46,20.89,97.51,56.21,48.19,33.69
292.44,35.15,21.10,22.42,20.89,97.51,56.21,48.19,33.69
292.45,35.08,21.10,22.46,20.89,97.88,56.21,48.19,33.69
292.46,35.15,21.13,22.46,20.89,97.88,56.21,48.19,33.69
292.47,35.15,21.13,22.46,20.89,97.88,56.21,48.19,33.69
292.48,35.15,21.10,22.46,20.89,97.88,56.21,48.19,33.69
292.49,35.08,21.10,22.46,20.92,97.88,56.21,48.19,33.69
292.50,35.15,21.10,22.46,20.92,97.88,56.21,48.19,33.69
292.51,35.15,21.13,22.46,20.89,97.88,56.21,48.19,33.69
292.52,35.15,21.13,22.46,20.92,97.88,56.21,48.19,33.69
292.53,35.15,21.10,22.46,20.89,97.88,56.21,48.19,33.69
292.54,35.15,21.10,22.46,20.89,97.88,56.21,48.19,33.69
292.55,35.21,21.10,22.46,20.89,97.88,56.21,48.19,33.69
292.56,35.15,21.13,22.46,20.92,97.88,56.21,48.19,33.69
292.57,35.15,21.13,22.46,20.89,97.88,56.21,48.19,33.69
292.58,35.08,21.10,22.46,20.89,97.51,56.21,48.19,33.69
292.59,35.15,21.13,22.46,20.89,97.51,56.21,48.19,33.69
292.60,35.08,21.10,22.46,20.89,97.88,56.21,48.19,33.69
292.61,35.15,21.13,22.46,20.89,97.88,56.21,48.19,33.69
292.62,35.21,21.13,22.49,20.89,97.88,56.21,48.30,33.69
292.63,35.21,21.10,22.46,20.89,97.88,56.07,48.19,33.69
292.64,35.15,21.10,22.46,20.89,97.51,56.21,48.19,33.69
292.65,35.08,21.10,22.46,20.89,97.51,56.21,48.19,33.69
292.66,35.15,21.13,22.46,20.89,97.88,56.21,48.19,33.69
292.67,35.08,21.13,22.46,20.89,97.88,56.21,48.19,33.69
292.68,35.08,21.10,22.46,20.89,97.88,56.21,48.19,33.69
292.69,35.15,21.10,22.46,20.89,97.88,56.07,48.19,33.69
292.70,35.21,21.13,22.46,20.89,97.88,56.21,48.19,33.69
292.71,35.15,21.13,22.46,20.89,97.88,56.21,48.19,33.69
292.72,35.08,21.13,22.46,20.89,97.51,56.21,48.19,33.69
292.73,35.15,21.10,22.46,20.89,97.51,56.07,48.19,33.69
292.74,35.15,21.10,22.46,20.89,97.51,56.21,48.19,33.69
292.75,35.15,21.10,22.46,20.89,97.88,56.21,48.19,33.69
292.76,35.15,21.13,22.46,20.92,97.88,56.21,48.19,33.69
292.77,35.15,21.10,22.49,20.92,97.88,56.21,48.19,33.69
292.78,35.15,21.13,22.46,20.89,97.51,56.21,48.19,33.69
292.79,35.21,21.10,22.46,20.89,97.51,56.21,48.19,33.69
292.80,35.15,21.10,22.46,20.89,97.51,56.21,48.19,33.69
292.81,35.15,21.13,22.49,20.92,97.88,56.21,48.19,33.69
292.82,35.15,21.13,22.46,20.89,97.51,56.21,48.19,33.69
292.83,35.08,21.10,22.46,20.92,97.88,56.21,48.19,33.69
292.84,35.15,21.10,22.46,20.92,97.88,56.21,48.19,33.69
292.85,35.15,21.10,22.46,20.92,97.88,56.21,48.19,33.69
292.86,35.21,21.13,22.46,20.89,97.51,56.21,48.19,33.75
292.87,35.15,21.13,22.46,20.89,97.88,56.21,48.19,33.69
292.88,35.08,21.10,22.46,20.92,97.88,56.21,48.19,33.75
292.89,35.08,21.10,22.46,20.92,97.51,56.07,48.19,33.69
292.90,35.15,21.10,22.46,20.92,97.51,56.21,48.19,33.69
292.91,35.21,21.13,22.46,20.89,97.88,56.21,48.19,33.69
292.92,35.21,21.13,22.46,20.89,97.88,56.07,48.19,33.69
292.93,35.08,21.10,22.46,20.89,97.88,56.21,48.19,33.75
292.94,35.08,21.10,22.46,20.92,97.51,56.21,48.19,33.63
292.95,35.15,21.10,22.46,20.89,97.51,56.21,48.19,33.69
292.96,35.15,21.13,22.46,20.89,97.88,56.21,48.19,33.69
292.97,35.15,21.13,22.46,20.92,97.88,56.21,48.19,33.69
292.98,35.15,21.10,22.46,20.89,97.51,56.21,48.19,33.69
292.99,35.15,21.10,22.42,20.92,97.88,56.21,48.19,33.69
293.00,35.15,21.10,22.46,20.92,97.88,56.21,48.19,33.69
293.01,35.15,21.13,22.46,20.92,97.88,56.21,48.19,33.69
293.02,35.08,21.10,22.46,20.89,97.88,56.21,48.19,33.75
293.03,35.15,21.10,22.46,20.92,97.51,56.21,48.19,33.69
293.04,35.08,21.10,22.46,20.92,97.51,56.21,48.19,33.69
293.05,35.08,21.13,22.46,20.92,97.51,56.21,48.19,33.69
293.06,35.15,21.13,22.46,20.92,97.88,56.21,48.19,33.69
293.07,35.15,21.10,22.46,20.89,97.88,56.21,48.19,33.69
293.08,35.15,21.10,22.46,20.89,97.88,56.21,48.30,33.69
293.09,35.15,21.10,22.46,20.89,97.51,56.07,48.19,33.69
293.10,35.08,21.10,22.46,20.89,97.88,56.21,48.19,33.69
293.11,35.15,21.13,22.46,20.92,97.88,56.07,48.30,33.75
293.12,35.15,21.13,22.46,20.89,97.88,56.21,48.19,33.69
293.13,35.21,21.10,22.46,20.89,97.88,56.21,48.19,33.69
293.14,35.15,21.10,22.46,20.92,97.51,56.21,48.19,33.69
293.15,35.08,21.10,22.46,20.92,98.26,56.21,48.30,33.75
293.16,35.15,21.13,22.49,20.92,97.51,56.21,48.19,33.75
293.17,35.15,21.13,22.46,20.89,97.88,56.21,48.19,33.75
293.18,35.08,21.10,22.46,20.92,97.88,56.21,48.19,33.75
293.19,35.08,21.10,22.46,20.89,97.88,56.21,48.19,33.69
293.20,35.15,21.13,22.46,20.89,97.51,56.21,48.19,33.69
293.21,35.15,21.13,22.46,20.92,97.88,56.21,48.30,33.75
293.22,35.15,21.13,22.46,20.89,97.51,56.21,48.19,33.75
293.23,35.15,21.10,22.46,20.92,97.88,56.21,48.30,33.69
293.24,35.08,21.10,22.46,20.89,97.51,56.21,48.19,33.69
293.25,35.15,21.13,22.46,20.92,97.88,56.21,48.19,33.69
293.26,35.15,21.13,22.46,20.89,97.88,56.21,48.30,33.69
293.27,35.21,21.13,22.46,20.92,97.51,56.21,48.19,33.69
293.28,35.08,21.13,22.46,20.92,97.51,56.21,48.19,33.69
293.29,35.15,21.13,22.46,20.89,97.51,56.21,48.19,33.69
293.30,35.15,21.13,22.46,20.92,97.88,56.21,48.19,33.69
293.31,35.15,21.13,22.46,20.89,97.88,56.21,48.19,33.75
293.32,35.15,21.13,22.46,20.92,97.51,56.21,48.19,33.69
293.33,35.15,21.10,22.46,20.89,97.88,56.21,48.19,33.75
293.34,35.08,21.13,22.46,20.92,97.51,56.21,48.19,33.75
293.35,35.15,21.13,22.46,20.92,97.51,56.21,48.19,33.81
293.36,35.15,21.13,22.46,20.92,97.88,56.21,48.19,33.75
293.37,35.15,21.13,22.49,20.92,97.88,56.21,48.19,33.75
293.38,35.15,21.13,22.46,20.92,97.88,56.21,48.19,33.75
293.39,35.08,21.10,22.46,20.92,97.88,56.21,48.30,33.69
293.40,35.15,21.13,22.46,20.92,97.88,56.21,48.19,33.75
293.41,35.15,21.13,22.49,20.89,97.88,56.35,48.30,33.75
293.42,35.15,21.13,22.46,20.92,97.51,56.21,48.19,33.75
293.43,35.08,21.10,22.46,20.89,97.88,56.21,48.19,33.75
293.44,35.08,21.10,22.46,20.92,97.88,56.07,48.19,33.75
293.45,35.08,21.10,22.46,20.92,97.88,56.21,48.19,33.75
293.46,35.15,21.13,22.46,20.92,97.88,56.21,48.19,33.75
293.47,35.21,21.13,22.49,20.92,97.88,56.21,48.30,33.69
293.48,35.15,21.10,22.46,20.92,97.88,56.21,48.19,33.75
293.49,35.15,21.10,22.46,20.92,97.88,56.21,48.19,33.75
293.50,35.15,21.13,22.46,20.92,97.88,56.21,48.19,33.75
293.51,35.15,21.13,22.49,20.92,97.88,56.21,48.19,33.75
293.52,35.21,21.13,22.49,20.92,97.51,56.21,48.19,33.75
293.53,35.15,21.13,22.46,20.92,97.88,56.21,48.19,33.75
293.54,35.08,21.10,22.46,20.92,97.88,56.21,48.19,33.69
293.55,35.08,21.13,22.46,20.92,97.51,56.21,48.19,33.75
293.56,35.15,21.13,22.49,20.92,97.88,56.21,48.30,33.75
293.57,35.15,21.13,22.46,20.92,97.88,56.21,48.19,33.75
293.58,35.08,21.10,22.46,20.92,97.88,56.21,48.19,33.75
293.59,35.08,21.10,22.46,20.92,97.51,56.21,48.19,33.75
293.60,35.08,21.13,22.46,20.92,97.88,56.21,48.19,33.75
293.61,35.08,21.13,22.49,20.89,97.88,56.21,48.30,33.75
293.62,35.15,21.10,22.49,20.92,97.88,56.21,48.19,33.69
293.63,35.15,21.10,22.46,20.92,97.88,56.21,48.19,33.75
293.64,35.01,21.10,22.46,20.92,97.51,56.21,48.19,33.75
293.65,35.08,21.13,22.46,20.92,97.51,56.21,48.19,33.75
293.66,35.15,21.13,22.46,20.92,97.88,56.21,48.30,33.75
293.67,35.15,21.13,22.49,20.92,97.88,56.21,48.19,33.75
293.68,35.08,21.13,22.46,20.89,97.88,56.21,48.19,33.69
293.69,35.15,21.07,22.46,20.89,97.88,56.21,48.19,33.75
293.70,35.08,21.10,22.46,20.89,97.88,56.21,48.19,33.75
293.71,35.15,21.13,22.49,20.92,97.88,56.21,48.19,33.75
293.72,35.15,21.10,22.46,20.92,97.88,56.21,48.30,33.75
293.73,35.15,21.10,22.46,20.92,97.51,56.21,48.19,33.75
293.74,35.08,21.10,22.46,20.92,97.51,56.21,48.19,33.75
293.75,35.15,21.10,22.46,20.92,97.51,56.21,48.19,33.75
293.76,35.15,21.13,22.46,20.89,97.88,56.21,48.19,33.69
293.77,35.21,21.13,22.46,20.92,97.88,56.21,48.30,33.75
293.78,35.08,21.10,22.46,20.92,97.88,56.07,48.19,33.75
293.79,35.15,21.10,22.46,20.89,97.88,56.21,48.19,33.75
293.80,35.15,21.13,22.46,20.92,97.88,56.21,48.30,33.75
293.81,35.15,21.13,22.49,20.92,97.88,56.21,48.19,33.75
293.82,35.15,21.13,22.46,20.92,97.88,56.21,48.19,33.75
293.83,35.15,21.13,22.46,20.92,97.88,56.21,48.19,33.75
293.84,35.15,21.13,22.46,20.92,97.51,56.21,48.19,33.75
293.85,35.15,21.13,22.46,20.92,97.88,56.21,48.19,33.75
293.86,35.15,21.13,22.49,20.89,97.88,56.07,48.30,33.75
293.87,35.15,21.13,22.49,20.89,97.88,56.21,48.19,33.81
293.88,35.15,21.13,22.46,20.92,97.88,56.21,48.19,33.75
293.89,35.08,21.13,22.46,20.92,97.88,56.21,48.19,33.75
293.90,35.15,21.13,22.46,20.89,97.88,56.21,48.30,33.75
293.91,35.15,21.13,22.49,20.92,97.88,56.21,48.30,33.75
293.92,35.15,21.13,22.49,20.92,97.88,56.21,48.19,33.75
293.93,35.08,21.13,22.46,20.92,97.88,56.21,48.30,33.75
293.94,35.15,21.13,22.46,20.92,97.88,56.21,48.19,33.75
293.95,35.21,21.13,22.49,20.92,97.88,56.21,48.30,33.75
293.96,35.15,21.13,22.49,20.92,97.88,56.21,48.30,33.75
293.97,35.21,21.16,22.46,20.92,97.88,56.21,48.30,33.75
293.98,35.21,21.10,22.46,20.92,97.51,56.21,48.19,33.75
293.99,35.21,21.13,22.46,20.92,97.88,56.35,48.19,33.75
294.00,35.15,21.13,22.46,20.92,97.88,56.07,48.30,33.75
294.01,35.15,21.16,22.49,20.92,97.88,56.35,48.19,33.75
294.02,35.08,21.13,22.49,20.92,97.88,56.21,48.30,33.75
294.03,35.15,21.13,22.49,20.92,97.51,56.21,48.30,33.75
294.04,35.15,21.10,22.46,20.92,97.88,56.07,48.30,33.75
294.05,35.15,21.13,22.46,20.92,97.88,56.21,48.30,33.75
294.06,35.15,21.16,22.49,20.92,97.88,56.21,48.30,33.75
294.07,35.15,21.10,22.49,20.95,97.88,56.21,48.19,33.69
294.08,35.15,21.16,22.46,20.92,97.88,56.21,48.30,33.75
294.09,35.08,21.13,22.46,20.92,97.88,56.21,48.30,33.81
294.10,35.15,21.13,22.49,20.92,97.88,56.07,48.30,33.75
294.11,35.15,21.13,22.49,20.92,97.88,56.35,48.30,33.75
294.12,35.15,21.13,22.49,20.92,97.88,56.35,48.30,33.75
294.13,35.21,21.13,22.46,20.92,97.88,56.35,48.30,33.81
294.14,35.15,21.13,22.49,20.92,97.88,56.21,48.30,33.75
294.15,35.15,21.13,22.49,20.92,97.88,56.21,48.19,33.75
294.16,35.15,21.13,22.49,20.92,97.88,56.35,48.30,33.75
294.17,35.15,21.13,22.49,20.92,97.88,56.35,48.30,33.81
294.18,35.15,21.13,22.49,20.92,97.88,56.21,48.30,33.75
294.19,35.15,21.13,22.46,20.92,97.51,56.21,48.30,33.75
294.20,35.15,21.13,22.49,20.92,97.88,56.21,48.30,33.75
294.21,35.15,21.13,22.49,20.92,97.88,56.21,48.30,33.75
294.22,35.21,21.13,22.49,20.92,97.88,56.21,48.19,33.75
294.23,35.15,21.13,22.49,20.92,97.88,56.21,48.19,33.75
294.24,35.15,21.13,22.46,20.92,97.88,56.21,48.30,33.75
294.25,35.15,21.13,22.49,20.92,97.88,56.35,48.30,33.81
294.26,35.21,21.13,22.49,20.92,97.88,56.21,48.30,33.75
294.27,35.21,21.16,22.49,20.92,97.88,56.35,48.30,33.75
294.28,35.21,21.13,22.49,20.92,97.88,56.21,48.30,33.81
294.29,35.15,21.13,22.46,20.92,97.88,56.21,48.30,33.75
294.30,35.15,21.16,22.49,20.92,97.88,56.21,48.19,33.75
294.31,35.28,21.16,22.49,20.92,97.88,56.35,48.30,33.75
294.32,35.08,21.13,22.49,20.92,97.88,56.21,48.30,33.75
294.33,35.21,21.13,22.49,20.92,97.88,56.21,48.30,33.75
294.34,35.15,21.13,22.46,20.92,97.88,56.21,48.19,33.75
294.35,35.15,21.16,22.49,20.92,97.88,56.35,48.30,33.75
294.36,35.21,21.16,22.49,20.92,98.26,56.21,48.30,33.75
294.37,35.21,21.16,22.49,20.92,97.88,56.35,48.30,33.81
294.38,35.28,21.13,22.46,20.92,97.88,56.21,48.30,33.75
294.39,35.21,21.13,22.49,20.92,97.88,56.21,48.30,33.75
294.40,35.15,21.16,22.49,20.92,97.88,56.21,48.30,33.75
294.41,35.21,21.16,22.49,20.92,97.88,56.35,48.30,33.75
294.42,35.21,21.16,22.49,20.92,97.88,56.21,48.19,33.75
294.43,35.15,21.13,22.49,20.92,97.88,56.35,48.41,33.81
294.44,35.21,21.13,22.49,20.92,97.88,56.21,48.08,33.75
294.45,35.15,21.16,22.49,20.92,97.88,56.21,48.30,33.75
294.46,35.21,21.16,22.49,20.92,97.88,56.21,48.30,33.75
294.47,35.21,21.13,22.49,20.92,97.88,56.35,48.30,33.75
294.48,35.15,21.16,22.49,20.92,97.88,56.21,48.30,33.75
294.49,35.15,21.13,22.49,20.92,97.88,56.35,48.30,33.81
294.50,35.21,21.19,22.49,20.92,97.88,56.21,48.30,33.75
294.51,35.15,21.16,22.49,20.92,97.51,56.35,48.30,33.75
294.52,35.21,21.16,22.49,20.92,97.88,56.21,48.30,33.81
294.53,35.15,21.16,22.49,20.92,97.88,56.21,48.19,33.81
294.54,35.08,21.16,22.49,20.92,97.88,56.21,48.30,33.75
294.55,35.15,21.13,22.49,20.92,97.88,56.21,48.30,33.81
294.56,35.21,21.16,22.52,20.92,97.88,56.21,48.30,33.75
294.57,35.15,21.16,22.49,20.92,97.88,56.35,48.30,33.81
294.58,35.21,21.13,22.49,20.92,97.88,56.21,48.30,33.75
294.59,35.21,21.13,22.49,20.92,97.88,56.21,48.30,33.81
294.60,35.21,21.16,22.49,20.92,97.88,56.21,48.30,33.81
294.61,35.15,21.16,22.49,20.92,97.88,56.35,48.30,33.81
294.62,35.21,21.16,22.49,20.92,97.88,56.21,48.30,33.81
294.63,35.15,21.16,22.49,20.92,97.88,56.21,48.30,33.75
294.64,35.15,21.13,22.49,20.92,97.88,56.21,48.30,33.75
294.65,35.21,21.13,22.49,20.95,97.88,56.35,48.41,33.81
294.66,35.21,21.16,22.52,20.92,97.88,56.21,48.30,33.75
294.67,35.21,21.16,22.49,20.92,97.88,56.35,48.30,33.81
294.68,35.15,21.16,22.49,20.92,97.88,56.21,48.30,33.81
294.69,35.28,21.16,22.49,20.92,97.88,56.21,48.30,33.75
294.70,35.21,21.13,22.49,20.92,97.88,56.35,48.30,33.81
294.71,35.21,21.16,22.49,20.92,97.88,56.35,48.30,33.81
294.72,35.15,21.16,22.49,20.92,97.88,56.21,48.30,33.81
294.73,35.15,21.13,22.49,20.92,97.88,56.35,48.30,33.75
294.74,35.15,21.13,22.49,20.92,97.88,56.35,48.30,33.81
294.75,35.21,21.16,22.49,20.92,97.88,56.35,48.30,33.81
294.76,35.21,21.16,22.49,20.92,97.88,56.35,48.30,33.81
294.77,35.15,21.16,22.49,20.92,97.51,56.35,48.30,33.81
294.78,35.15,21.16,22.49,20.92,97.88,56.21,48.30,33.81
294.79,35.21,21.16,22.49,20.92,97.88,56.21,48.30,33.81
294.80,35.21,21.16,22.49,20.92,97.88,56.35,48.30,33.81
294.81,35.21,21.16,22.49,20.92,97.88,56.35,48.30,33.75
294.82,35.21,21.16,22.49,20.92,97.88,56.35,48.30,33.81
294.83,35.15,21.13,22.52,20.92,97.88,56.21,48.30,33.81
294.84,35.15,21.13,22.49,20.92,97.88,56.35,48.30,33.81
294.85,35.15,21.16,22.52,20.92,97.88,56.35,48.41,33.75
294.86,35.21,21.16,22.52,20.92,97.88,56.35,48.30,33.75
294.87,35.21,21.16,22.49,20.92,97.88,56.21,48.30,33.81
294.88,35.21,21.13,22.49,20.92,97.88,56.21,48.30,33.81
294.89,35.21,21.13,22.49,20.92,97.88,56.21,48.30,33.75
294.90,35.15,21.16,22.49,20.92,97.88,56.35,48.30,33.75
294.91,35.21,21.16,22.49,20.92,97.88,56.21,48.41,33.81
294.92,35.21,21.16,22.49,20.92,97.88,56.21,48.30,33.81
294.93,35.15,21.13,22.49,20.92,97.88,56.21,48.30,33.81
294.94,35.15,21.13,22.49,20.92,97.88,56.21,48.30,33.81
294.95,35.15,21.16,22.49,20.92,97.88,56.21,48.30,33.81
294.96,35.21,21.19,22.49,20.92,97.88,56.35,48.30,33.81
294.97,35.15,21.16,22.49,20.92,97.88,56.21,48.30,33.81
294.98,35.15,21.13,22.49,20.92,97.88,56.21,48.30,33.81
294.99,35.21,21.16,22.49,20.92,97.88,56.21,48.30,33.69
295.00,35.15,21.16,22.49,20.92,97.88,56.35,48.30,33.81
295.01,35.21,21.19,22.49,20.92,97.88,56.35,48.30,33.81
295.02,35.15,21.16,22.49,20.92,97.88,56.21,48.30,33.81
295.03,35.15,21.13,22.49,20.92,97.88,56.21,48.30,33.81
295.04,35.15,21.13,22.49,20.92,97.88,56.21,48.30,33.81
295.05,35.15,21.16,22.49,20.92,97.88,56.21,48.30,33.81
295.06,35.21,21.16,22.52,20.92,97.88,56.21,48.30,33.81
295.07,35.21,21.16,22.49,20.92,97.88,56.35,48.30,33.81
295.08,35.15,21.13,22.49,20.92,97.51,56.21,48.30,33.81
295.09,35.15,21.16,22.49,20.92,97.88,56.21,48.19,33.81
295.10,35.15,21.16,22.49,20.92,97.88,56.35,48.30,33.81
295.11,35.21,21.16,22.49,20.92,97.88,56.21,48.30,33.81
295.12,35.21,21.16,22.49,20.92,97.88,56.35,48.30,33.81
295.13,35.21,21.16,22.49,20.92,97.88,56.35,48.30,33.81
295.14,35.08,21.13,22.49,20.92,97.88,56.35,48.30,33.81
295.15,35.21,21.16,22.49,20.92,97.88,56.35,48.30,33.81
295.16,35.21,21.16,22.52,20.92,97.88,56.35,48.30,33.81
295.17,35.21,21.16,22.52,20.92,97.88,56.21,48.30,33.81
295.18,35.15,21.13,22.49,20.92,97.88,56.21,48.30,33.81
295.19,35.21,21.16,22.49,20.92,97.88,56.35,48.30,33.81
295.20,35.21,21.16,22.49,20.92,97.88,56.21,48.30,33.81
295.21,35.21,21.16,22.49,20.92,97.88,56.35,48.30,33.81
295.22,35.21,21.16,22.49,20.92,97.88,56.35,48.30,33.81
295.23,35.15,21.13,22.49,20.92,97.88,56.21,48.30,33.81
295.24,35.21,21.16,22.49,20.92,97.88,56.21,48.30,33.81
295.25,35.21,21.13,22.49,20.92,97.88,56.21,48.30,33.81
295.26,35.21,21.16,22.49,20.92,97.88,56.35,48.30,33.81
295.27,35.15,21.13,22.49,20.92,97.88,56.35,48.30,33.81
295.28,35.21,21.16,22.49,20.92,97.88,56.21,48.30,33.81
295.29,35.15,21.13,22.49,20.92,97.88,56.35,48.30,33.81
295.30,35.15,21.13,22.49,20.92,97.88,56.35,48.30,33.81
295.31,35.21,21.19,22.49,20.92,97.88,56.35,48.30,33.81
295.32,35.15,21.16,22.49,20.92,97.88,56.35,48.30,33.81
295.33,35.21,21.13,22.49,20.95,97.88,56.35,48.30,33.81
295.34,35.15,21.13,22.49,20.92,97.88,56.35,48.30,33.81
295.35,35.15,21.16,22.49,20.92,97.88,56.21,48.30,33.81
295.36,35.21,21.16,22.49,20.92,97.88,56.35,48.30,33.81
295.37,35.21,21.16,22.49,20.92,97.88,56.21,48.41,33.81
295.38,35.21,21.13,22.46,20.92,97.88,56.35,48.30,33.81
295.39,35.15,21.13,22.49,20.92,97.88,56.21,48.30,33.81
295.40,35.21,21.16,22.49,20.92,97.88,56.35,48.30,33.75
295.41,35.21,21.16,22.49,20.92,98.26,56.35,48.41,33.88
295.42,35.21,21.13,22.49,20.92,97.88,56.07,48.30,33.75
295.43,35.21,21.16,22.49,20.92,97.88,56.35,48.30,33.88
295.44,35.15,21.13,22.49,20.92,97.88,56.21,48.30,33.75
295.45,35.21,21.16,22.49,20.92,97.88,56.35,48.30,33.81
295.46,35.21,21.16,22.49,20.92,97.88,56.35,48.30,33.81
295.47,35.15,21.16,22.49,20.89,97.88,56.21,48.30,33.81
295.48,35.15,21.16,22.49,20.92,97.88,56.35,48.30,33.81
295.49,35.21,21.16,22.49,20.92,97.88,56.35,48.30,33.81
295.50,35.21,21.16,22.49,20.92,97.88,56.35,48.30,33.81
295.51,35.21,21.19,22.49,20.92,97.88,56.21,48.30,33.88
295.52,35.21,21.16,22.49,20.92,97.88,56.35,48.30,33.81
295.53,35.15,21.16,22.49,20.92,97.88,56.21,48.30,33.81
295.54,35.28,21.16,22.49,20.92,97.88,56.35,48.30,33.81
295.55,35.15,21.13,22.49,20.92,97.88,56.21,48.30,33.81
295.56,35.21,21.16,22.52,20.92,97.88,56.21,48.30,33.81
295.57,35.21,21.16,22.49,20.92,97.88,56.35,48.30,33.81
295.58,35.21,21.16,22.52,20.92,97.51,56.35,48.30,33.81
295.59,35.21,21.16,22.49,20.92,97.88,56.35,48.30,33.81
295.60,35.15,21.16,22.49,20.92,97.88,56.21,48.30,33.81
295.61,35.21,21.16,22.52,20.92,97.88,56.35,48.30,33.81
295.62,35.21,21.16,22.49,20.92,97.88,56.35,48.30,33.88
295.63,35.15,21.13,22.49,20.92,98.26,56.21,48.30,33.88
295.64,35.15,21.16,22.49,20.92,97.51,56.21,48.30,33.81
295.65,35.15,21.16,22.49,20.92,98.26,56.35,48.30,33.81
295.66,35.15,21.16,22.49,20.92,98.26,56.35,48.41,33.81
295.67,35.21,21.16,22.49,20.92,97.88,56.21,48.19,33.75
295.68,35.15,21.13,22.49,20.92,97.88,56.21,48.41,33.81
295.69,35.21,21.13,22.49,20.92,97.51,56.21,48.19,33.81
295.70,35.15,21.16,22.49,20.92,97.88,56.21,48.30,33.81
295.71,35.21,21.16,22.49,20.92,97.88,56.35,48.30,33.81
295.72,35.15,21.16,22.49,20.92,97.88,56.21,48.30,33.81
295.73,35.15,21.13,22.49,20.92,97.88,56.35,48.30,33.81
295.74,35.21,21.13,22.49,20.92,97.88,56.35,48.30,33.81
295.75,35.15,21.16,22.49,20.92,97.88,56.21,48.30,33.81
295.76,35.21,21.16,22.49,20.92,97.88,56.35,48.30,33.81
295.77,35.15,21.16,22.49,20.92,97.88,56.21,48.30,33.81
295.78,35.15,21.16,22.49,20.92,97.88,56.21,48.30,33.81
295.79,35.15,21.13,22.49,20.92,97.88,56.21,48.30,33.81
295.80,35.15,21.16,22.52,20.92,97.88,56.35,48.30,33.81
295.81,35.21,21.16,22.52,20.92,97.88,56.35,48.41,33.88
295.82,35.15,21.16,22.49,20.92,97.88,56.35,48.30,33.81
295.83,35.15,21.13,22.49,20.92,97.88,56.21,48.30,33.88
295.84,35.21,21.16,22.49,20.92,97.88,56.21,48.30,33.81
295.85,35.15,21.16,22.49,20.92,97.88,56.21,48.30,33.88
295.86,35.21,21.16,22.49,20.92,97.88,56.21,48.30,33.81
295.87,35.21,21.16,22.52,20.92,97.88,56.21,48.30,33.81
295.88,35.21,21.16,22.49,20.92,97.88,56.21,48.30,33.81
295.89,35.15,21.13,22.49,20.92,97.88,56.21,48.30,33.81
295.90,35.15,21.16,22.49,20.92,97.88,56.35,48.30,33.81
295.91,35.15,21.16,22.52,20.92,97.88,56.35,48.30,33.81
295.92,35.15,21.16,22.49,20.92,97.88,56.35,48.30,33.81
295.93,35.15,21.13,22.49,20.92,97.88,56.21,48.30,33.81
295.94,35.21,21.13,22.49,20.92,97.88,56.21,48.30,33.88
295.95,35.21,21.16,22.49,20.92,97.88,56.35,48.30,33.88
295.96,35.21,21.19,22.52,20.92,97.88,56.35,48.30,33.88
295.97,35.15,21.13,22.49,20.92,97.51,56.21,48.30,33.88
295.98,35.15,21.13,22.49,20.92,97.88,56.35,48.30,33.81
295.99,35.21,21.16,22.49,20.92,97.88,56.21,48.30,33.88
296.00,35.15,21.16,22.52,20.92,97.88,56.21,48.30,33.81
296.01,35.21,21.16,22.52,20.92,97.88,56.35,48.30,33.88
296.02,35.21,21.16,22.49,20.92,97.88,56.21,48.30,33.81
296.03,35.15,21.13,22.49,20.92,97.88,56.35,48.30,33.81
296.04,35.15,21.13,22.49,20.92,97.88,56.21,48.30,33.88
296.05,35.21,21.16,22.49,20.92,97.88,56.35,48.30,33.88
296.06,35.21,21.19,22.52,20.92,97.88,56.35,48.41,33.88
296.07,35.15,21.16,22.49,20.92,97.88,56.35,48.30,33.81
296.08,35.21,21.13,22.49,20.92,97.88,56.21,48.30,33.88
296.09,35.21,21.16,22.49,20.92,97.88,56.35,48.30,33.81
296.10,35.21,21.16,22.49,20.92,97.88,56.21,48.30,33.81
296.11,35.21,21.16,22.52,20.95,97.88,56.35,48.30,33.88
296.12,35.15,21.16,22.49,20.92,97.88,56.35,48.41,33.88
296.13,35.15,21.16,22.49,20.95,97.88,56.21,48.30,33.88
296.14,35.15,21.13,22.49,20.92,97.88,56.21,48.30,33.88
296.15,35.21,21.16,22.49,20.92,97.88,56.21,48.30,33.81
296.16,35.21,21.16,22.52,20.92,97.88,56.35,48.30,33.88
296.17,35.15,21.16,22.49,20.92,97.88,56.35,48.30,33.88
296.18,35.15,21.13,22.49,20.92,97.88,56.35,48.30,33.88
296.19,35.15,21.13,22.49,20.92,97.51,56.35,48.30,33.81
296.20,35.15,21.16,22.49,20.92,97.88,56.21,48.30,33.88
296.21,35.15,21.16,22.52,20.92,97.88,56.35,48.41,33.88
296.22,35.15,21.16,22.49,20.92,97.88,56.21,48.30,33.81
296.23,35.21,21.13,22.49,20.95,97.88,56.21,48.30,33.88
296.24,35.21,21.13,22.49,20.92,97.88,56.21,48.30,33.81
296.25,35.15,21.16,22.49,20.92,97.88,56.21,48.30,33.88
296.26,35.15,21.16,22.52,20.95,97.88,56.21,48.41,33.88
296.27,35.15,21.16,22.49,20.92,97.88,56.21,48.30,33.88
296.28,35.15,21.16,22.49,20.95,97.88,56.35,48.30,33.88
296.29,35.15,21.13,22.49,20.92,97.88,56.21,48.30,33.88
296.30,35.21,21.16,22.49,20.95,97.88,56.21,48.30,33.88
296.31,35.21,21.16,22.52,20.95,97.88,56.35,48.30,33.88
296.32,35.21,21.16,22.49,20.95,97.88,56.35,48.30,33.88
296.33,35.21,21.13,22.49,20.95,97.88,56.21,48.30,33.81
296.34,35.15,21.13,22.49,20.92,97.88,56.21,48.30,33.88
296.35,35.15,21.16,22.49,20.92,97.88,56.21,48.30,33.88
296.36,35.28,21.16,22.49,20.95,97.88,56.35,48.30,33.81
296.37,35.21,21.16,22.49,20.92,97.88,56.21,48.30,33.88
296.38,35.15,21.16,22.49,20.92,97.88,56.21,48.30,33.88
296.39,35.15,21.13,22.49,20.92,97.88,56.21,48.30,33.88
296.40,35.21,21.16,22.49,20.95,97.88,56.35,48.30,33.88
296.41,35.21,21.16,22.49,20.95,97.88,56.35,48.41,33.88
296.42,35.21,21.13,22.49,20.92,97.88,56.35,48.30,33.81
296.43,35.15,21.13,22.49,20.95,97.88,56.21,48.30,33.81
296.44,35.21,21.13,22.49,20.92,97.88,56.21,48.30,33.88
296.45,35.21,21.13,22.49,20.92,97.88,56.35,48.30,33.88
296.46,35.15,21.16,22.49,20.92,97.88,56.35,48.30,33.88
296.47,35.15,21.16,22.49,20.92,97.88,56.21,48.30,33.88
296.48,35.15,21.13,22.49,20.95,97.88,56.21,48.30,33.88
296.49,35.15,21.16,22.49,20.92,97.88,56.35,48.30,33.88
296.50,35.21,21.13,22.49,20.95,97.88,56.21,48.30,33.88
296.51,35.21,21.16,22.49,20.92,97.88,56.21,48.30,33.88
296.52,35.15,21.16,22.49,20.92,97.88,56.35,48.30,33.88
296.53,35.15,21.16,22.49,20.95,97.88,56.21,48.30,33.88
296.54,35.15,21.16,22.49,20.95,97.88,56.35,48.30,33.88
296.55,35.15,21.13,22.49,20.92,97.51,56.21,48.30,33.88
296.56,35.21,21.19,22.49,20.95,97.88,56.21,48.30,33.88
296.57,35.21,21.13,22.49,20.92,97.88,56.21,48.30,33.88
296.58,35.21,21.19,22.49,20.95,97.88,56.21,48.30,33.88
296.59,35.15,21.16,22.49,20.92,97.88,56.21,48.30,33.88
296.60,35.15,21.16,22.49,20.92,97.88,56.21,48.30,33.88
296.61,35.21,21.16,22.49,20.95,97.88,56.35,48.41,33.88
296.62,35.21,21.16,22.49,20.92,97.88,56.21,48.30,33.88
296.63,35.21,21.16,22.49,20.92,97.88,56.35,48.41,33.81
296.64,35.21,21.13,22.49,20.92,97.88,56.35,48.30,33.88
296.65,35.21,21.16,22.49,20.95,97.88,56.21,48.41,33.81
296.66,35.21,21.16,22.49,20.92,97.88,56.50,48.30,33.88
296.67,35.21,21.16,22.49,20.95,97.88,56.35,48.30,33.81
296.68,35.21,21.16,22.49,20.92,97.88,56.21,48.30,33.88
296.69,35.15,21.13,22.49,20.92,97.88,56.35,48.30,33.88
296.70,35.15,21.16,22.49,20.95,97.88,56.35,48.30,33.88
296.71,35.15,21.16,22.52,20.95,97.88,56.35,48.41,33.88
296.72,35.15,21.13,22.49,20.92,97.88,56.21,48.30,33.88
296.73,35.15,21.13,22.49,20.92,97.88,56.21,48.30,33.88
296.74,35.21,21.13,22.49,20.95,97.88,56.21,48.30,33.88
296.75,35.15,21.16,22.49,20.92,97.88,56.35,48.30,33.94
296.76,35.15,21.16,22.49,20.95,97.88,56.35,48.30,33.88
296.77,35.15,21.13,22.49,20.95,97.88,56.21,48.41,33.88
296.78,35.21,21.13,22.49,20.92,97.88,56.21,48.30,33.88
296.79,35.21,21.13,22.49,20.95,97.88,56.35,48.30,33.88
296.80,35.15,21.13,22.49,20.95,97.88,56.35,48.41,33.88
296.81,35.21,21.16,22.52,20.95,97.88,56.35,48.30,33.88
296.82,35.15,21.16,22.49,20.95,97.88,56.21,48.30,33.88
296.83,35.15,21.13,22.49,20.95,97.88,56.21,48.30,33.88
296.84,35.21,21.13,22.49,20.95,97.88,56.35,48.30,33.81
296.85,35.21,21.16,22.49,20.92,97.88,56.35,48.30,33.88
296.86,35.15,21.16,22.49,20.92,97.88,56.35,48.41,33.88
296.87,35.15,21.13,22.49,20.92,97.88,56.21,48.30,33.88
296.88,35.15,21.13,22.49,20.92,97.88,56.35,48.19,33.88
296.89,35.15,21.16,22.49,20.92,97.88,56.21,48.30,33.88
296.90,35.15,21.13,22.49,20.95,97.51,56.35,48.30,33.88
296.91,35.21,21.16,22.49,20.95,97.88,56.35,48.41,33.88
296.92,35.21,21.13,22.49,20.95,97.88,56.35,48.30,33.88
296.93,35.21,21.13,22.46,20.95,97.88,56.21,48.41,33.88
296.94,35.15,21.13,22.49,20.92,97.88,56.21,48.30,33.88
296.95,35.15,21.10,22.49,20.95,97.88,56.21,48.30,33.94
296.96,35.15,21.16,22.52,20.95,97.88,56.21,48.30,33.88
296.97,35.15,21.16,22.49,20.95,97.88,56.35,48.30,33.88
296.98,35.15,21.13,22.49,20.95,97.51,56.21,48.30,33.88
296.99,35.28,21.13,22.49,20.95,97.88,56.21,48.30,33.88
297.00,35.15,21.13,22.52,20.95,97.88,56.35,48.30,33.88
297.01,35.28,21.16,22.49,20.95,97.88,56.35,48.30,33.88
297.02,35.15,21.16,22.49,20.95,97.88,56.21,48.30,33.88
297.03,35.15,21.13,22.49,20.95,97.88,56.21,48.30,33.88
297.04,35.21,21.13,22.49,20.95,97.88,56.21,48.30,33.88
297.05,35.15,21.13,22.49,20.92,97.88,56.21,48.30,33.88
297.06,35.15,21.16,22.49,20.92,97.88,56.21,48.41,33.94
297.07,35.15,21.13,22.49,20.92,97.88,56.21,48.30,33.88
297.08,35.15,21.13,22.49,20.92,97.88,56.21,48.30,33.88
297.09,35.21,21.13,22.49,20.92,97.88,56.21,48.30,33.88
297.10,35.15,21.16,22.49,20.92,97.88,56.21,48.30,33.88
297.11,35.15,21.16,22.49,20.92,97.88,56.35,48.30,33.94
297.12,35.15,21.13,22.49,20.92,97.88,56.21,48.30,33.94
297.13,35.21,21.13,22.46,20.92,97.51,56.21,48.30,33.88
297.14,35.15,21.16,22.49,20.95,97.51,56.21,48.30,33.88
297.15,35.15,21.13,22.49,20.95,97.88,56.50,48.30,33.88
297.16,35.15,21.13,22.49,20.95,97.88,56.35,48.30,33.88
297.17,35.21,21.13,22.49,20.92,97.88,56.21,48.30,33.88
297.18,35.21,21.13,22.49,20.95,97.88,56.21,48.30,33.94
297.19,35.15,21.13,22.49,20.92,97.88,56.21,48.30,33.88
297.20,35.15,21.13,22.49,20.95,97.88,56.21,48.30,33.88
297.21,35.15,21.16,22.49,20.95,97.88,56.35,48.30,33.88
297.22,35.15,21.16,22.49,20.92,97.88,56.35,48.30,33.88
297.23,35.15,21.13,22.49,20.92,97.88,56.21,48.30,33.88
297.24,35.08,21.13,22.46,20.92,97.88,56.21,48.30,33.88
297.25,35.21,21.13,22.49,20.92,97.88,56.21,48.30,33.88
297.26,35.15,21.16,22.49,20.95,97.88,56.21,48.41,33.88
297.27,35.21,21.16,22.49,20.95,97.51,56.35,48.30,33.88
297.28,35.15,21.13,22.49,20.95,97.51,56.21,48.30,33.88
297.29,35.08,21.13,22.49,20.92,97.88,56.21,48.30,33.88
297.30,35.21,21.13,22.49,20.92,97.88,56.21,48.30,33.88
297.31,35.15,21.13,22.49,20.95,97.88,56.35,48.30,33.88
297.32,35.15,21.16,22.49,20.95,97.88,56.21,48.30,33.88
297.33,35.15,21.13,22.49,20.92,97.88,56.21,48.30,33.88
297.34,35.15,21.13,22.46,20.95,97.88,56.21,48.30,33.88
297.35,35.21,21.16,22.49,20.95,97.88,56.35,48.30,33.94
297.36,35.15,21.16,22.49,20.95,97.88,56.35,48.41,33.88
297.37,35.21,21.16,22.49,20.95,97.88,56.35,48.30,33.88
297.38,35.08,21.13,22.49,20.92,97.88,56.21,48.30,33.88
297.39,35.15,21.13,22.49,20.92,97.88,56.35,48.30,33.88
297.40,35.08,21.13,22.46,20.92,97.88,56.21,48.30,33.88
297.41,35.15,21.16,22.49,20.95,97.88,56.35,48.30,33.94
297.42,35.21,21.16,22.49,20.92,97.88,56.35,48.30,33.88
297.43,35.15,21.13,22.49,20.95,97.88,56.21,48.30,33.94
297.44,35.15,21.13,22.49,20.95,97.88,56.21,48.41,33.88
297.45,35.15,21.16,22.49,20.95,97.88,56.21,48.30,33.94
297.46,35.15,21.16,22.49,20.95,97.88,56.35,48.30,33.94
297.47,35.15,21.13,22.49,20.95,97.88,56.21,48.30,33.94
297.48,35.15,21.13,22.49,20.95,97.88,56.21,48.30,33.88
297.49,35.15,21.13,22.49,20.95,97.88,56.21,48.30,33.94
297.50,35.15,21.13,22.49,20.95,97.88,56.35,48.30,33.88
297.51,35.15,21.16,22.49,20.95,97.88,56.35,48.41,33.94
297.52,35.21,21.16,22.49,20.95,97.88,56.35,48.30,33.94
297.53,35.21,21.13,22.49,20.95,97.88,56.21,48.30,33.94
297.54,35.15,21.13,22.49,20.92,97.88,56.21,48.30,33.88
297.55,35.15,21.16,22.49,20.95,97.88,56.21,48.30,33.94
297.56,35.15,21.16,22.49,20.95,97.88,56.35,48.30,33.94
297.57,35.15,21.16,22.49,20.95,97.88,56.35,48.30,33.94
297.58,35.08,21.13,22.49,20.92,97.88,56.21,48.30,33.88
297.59,35.15,21.13,22.46,20.95,97.88,56.35,48.30,33.94
297.60,35.15,21.13,22.49,20.95,97.88,56.21,48.30,33.94
297.61,35.21,21.16,22.49,20.95,97.88,56.35,48.30,33.88
297.62,35.15,21.16,22.49,20.95,97.88,56.21,48.30,33.94
297.63,35.15,21.16,22.49,20.95,97.51,56.21,48.30,33.94
297.64,35.15,21.13,22.49,20.95,97.88,56.21,48.30,33.88
297.65,35.15,21.13,22.49,20.95,97.88,56.21,48.30,33.94
297.66,35.15,21.16,22.49,20.95,97.88,56.21,48.41,33.94
297.67,35.15,21.13,22.49,20.92,97.88,56.21,48.30,33.88
297.68,35.15,21.13,22.49,20.92,97.88,56.21,48.30,33.88
297.69,35.15,21.13,22.49,20.95,97.88,56.21,48.30,33.94
297.70,35.15,21.13,22.49,20.92,97.51,56.35,48.30,33.94
297.71,35.21,21.16,22.49,20.95,97.88,56.21,48.30,33.94
297.72,35.21,21.13,22.49,20.92,97.88,56.21,48.30,33.94
297.73,35.15,21.13,22.49,20.95,97.88,56.21,48.30,33.94
297.74,35.08,21.13,22.49,20.95,97.88,56.21,48.30,33.94
297.75,35.15,21.13,22.49,20.92,97.88,56.21,48.30,33.94
297.76,35.15,21.16,22.49,20.95,97.88,56.21,48.30,33.94
297.77,35.08,21.13,22.49,20.95,97.88,56.35,48.30,33.94
297.78,35.08,21.13,22.46,20.95,97.88,56.35,48.30,33.88
297.79,35.15,21.13,22.49,20.95,97.88,56.21,48.30,33.94
297.80,35.15,21.13,22.46,20.92,97.88,56.35,48.30,33.94
297.81,35.15,21.16,22.49,20.95,97.88,56.35,48.30,33.94
297.82,35.15,21.13,22.49,20.92,97.88,56.35,48.30,33.88
297.83,35.08,21.13,22.49,20.95,97.88,56.21,48.30,33.94
297.84,35.15,21.13,22.49,20.95,97.51,56.21,48.30,33.88
297.85,35.15,21.13,22.49,20.95,97.88,56.07,48.30,33.94
297.86,35.21,21.16,22.49,20.95,97.88,56.21,48.30,33.94
297.87,35.15,21.13,22.49,20.95,97.88,56.21,48.30,33.94
297.88,35.08,21.13,22.49,20.95,97.88,56.21,48.30,33.94
297.89,35.15,21.13,22.49,20.95,97.51,56.21,48.30,33.94
297.90,35.15,21.13,22.49,20.95,97.88,56.07,48.30,33.88
297.91,35.15,21.16,22.49,20.95,97.88,56.50,48.30,34.00
297.92,35.15,21.13,22.49,20.95,97.88,56.07,48.41,33.88
297.93,35.08,21.13,22.49,20.95,97.51,56.21,48.19,33.94
297.94,35.08,21.13,22.49,20.92,97.88,56.21,48.30,33.94
297.95,35.15,21.13,22.49,20.95,97.88,56.21,48.30,33.88
297.96,35.15,21.16,22.49,20.95,97.51,56.21,48.30,33.94
297.97,35.15,21.13,22.49,20.92,97.88,56.35,48.30,33.94
297.98,35.08,21.13,22.49,20.92,97.88,56.21,48.30,33.94
297.99,35.21,21.13,22.49,20.92,97.88,55.93,48.30,33.94
298.00,35.15,21.16,22.49,20.95,97.88,56.35,48.30,33.94
298.01,35.15,21.16,22.49,20.92,97.88,56.35,48.30,33.94
298.02,35.21,21.16,22.49,20.95,97.88,56.21,48.30,33.94
298.03,35.08,21.13,22.46,20.92,97.51,56.35,48.19,33.94
298.04,35.21,21.13,22.49,20.95,97.88,56.21,48.30,33.94
298.05,35.08,21.13,22.46,20.95,97.88,56.35,48.30,33.88
298.06,35.21,21.16,22.49,20.95,97.88,56.35,48.30,33.94
298.07,35.15,21.13,22.46,20.95,97.88,56.35,48.30,33.94
298.08,35.15,21.13,22.49,20.95,97.88,56.21,48.30,33.94
298.09,35.15,21.13,22.49,20.95,97.88,56.21,48.30,33.94
298.10,35.15,21.16,22.49,20.92,97.51,56.21,48.30,33.94
298.11,35.15,21.13,22.49,20.95,97.88,56.35,48.30,33.94
298.12,35.15,21.16,22.49,20.95,97.88,56.21,48.30,33.94
298.13,35.15,21.13,22.46,20.92,97.88,56.21,48.30,33.94
298.14,35.15,21.13,22.46,20.95,97.88,56.21,48.41,33.88
298.15,35.15,21.13,22.49,20.95,97.51,56.21,48.30,33.94
298.16,35.15,21.16,22.49,20.95,98.26,56.35,48.41,33.94
298.17,35.15,21.16,22.49,20.95,97.88,56.21,48.19,33.94
298.18,35.08,21.13,22.49,20.95,97.51,56.21,48.41,33.94
298.19,35.15,21.13,22.49,20.95,97.88,56.21,48.30,33.94
298.20,35.15,21.16,22.49,20.95,97.88,56.21,48.30,33.94
298.21,35.15,21.16,22.49,20.95,97.88,56.35,48.30,33.94
298.22,35.21,21.13,22.49,20.95,97.88,56.35,48.30,33.94
298.23,35.15,21.13,22.49,20.95,97.88,56.21,48.41,33.94
298.24,35.08,21.13,22.49,20.95,97.88,56.07,48.30,33.88
298.25,35.21,21.13,22.49,20.95,97.88,56.21,48.30,33.94
298.26,35.15,21.16,22.49,20.95,97.88,56.35,48.41,33.94
298.27,35.15,21.16,22.49,20.95,97.88,56.35,48.30,33.94
298.28,35.15,21.13,22.49,20.95,97.88,56.21,48.30,33.94
298.29,35.08,21.13,22.46,20.92,97.88,56.21,48.30,33.94
298.30,35.08,21.13,22.49,20.95,97.88,56.35,48.30,33.94
298.31,35.21,21.16,22.49,20.95,97.88,56.35,48.30,33.94
298.32,35.15,21.16,22.49,20.95,97.88,56.35,48.30,33.94
298.33,35.15,21.13,22.49,20.95,97.88,56.35,48.30,33.94
298.34,35.15,21.13,22.49,20.95,97.88,56.21,48.30,33.94
298.35,35.15,21.13,22.49,20.95,97.88,56.21,48.30,33.88
298.36,35.21,21.16,22.49,20.95,97.88,56.35,48.30,33.94
298.37,35.15,21.13,22.49,20.95,97.88,56.21,48.30,33.94
298.38,35.08,21.13,22.49,20.95,97.88,56.21,48.30,33.94
298.39,35.21,21.13,22.49,20.92,97.88,56.21,48.30,33.94
298.40,35.15,21.13,22.49,20.95,97.88,56.21,48.30,33.94
298.41,35.15,21.16,22.49,20.95,97.88,56.35,48.30,33.88
298.42,35.15,21.16,22.49,20.95,97.88,56.21,48.30,33.94
298.43,35.08,21.13,22.49,20.95,97.88,56.21,48.30,34.00
298.44,35.15,21.13,22.49,20.95,97.88,56.35,48.30,33.94
298.45,35.15,21.13,22.49,20.95,97.88,56.21,48.30,33.94
298.46,35.15,21.16,22.52,20.95,97.88,56.35,48.30,33.94
298.47,35.15,21.16,22.49,20.95,97.88,56.35,48.30,33.94
298.48,35.15,21.13,22.49,20.95,97.88,56.21,48.30,33.94
298.49,35.15,21.13,22.49,20.95,97.88,56.21,48.30,33.94
298.50,35.15,21.16,22.49,20.95,97.88,56.35,48.30,33.94
298.51,35.15,21.16,22.49,20.95,97.88,56.21,48.30,33.94
298.52,35.15,21.16,22.49,20.95,97.88,56.21,48.30,33.94
298.53,35.08,21.13,22.49,20.95,97.88,56.35,48.30,33.94
298.54,35.08,21.16,22.49,20.95,97.88,56.21,48.30,33.94
298.55,35.15,21.13,22.49,20.95,97.88,56.21,48.30,33.94
298.56,35.15,21.16,22.49,20.95,97.88,56.35,48.41,33.94
298.57,35.15,21.16,22.49,20.95,97.88,56.35,48.30,33.94
298.58,35.08,21.13,22.49,20.95,97.51,56.21,48.30,33.94
298.59,35.15,21.13,22.46,20.95,97.88,56.35,48.19,33.94
298.60,35.21,21.16,22.49,20.95,97.88,56.35,48.30,33.94
298.61,35.15,21.16,22.49,20.95,97.88,56.21,48.30,33.94
298.62,35.15,21.13,22.49,20.95,97.51,56.21,48.30,33.94
298.63,35.15,21.13,22.49,20.95,97.88,56.21,48.30,33.94
298.64,35.15,21.13,22.49,20.95,97.88,56.21,48.30,33.94
298.65,35.21,21.16,22.49,20.95,97.88,56.35,48.30,33.94
298.66,35.21,21.16,22.49,20.95,97.88,56.35,48.30,33.94
298.67,35.21,21.16,22.49,20.95,97.51,56.21,48.41,33.94
298.68,35.15,21.13,22.49,20.92,97.88,56.21,48.30,33.94
298.69,35.08,21.13,22.49,20.95,97.88,56.21,48.30,33.94
298.70,35.21,21.13,22.49,20.95,97.88,56.21,48.30,33.94
298.71,35.15,21.16,22.49,20.95,97.88,56.35,48.41,33.94
298.72,35.21,21.16,22.49,20.95,97.88,56.35,48.30,33.94
298.73,35.08,21.13,22.49,20.95,97.88,56.21,48.30,33.94
298.74,35.08,21.13,22.49,20.95,97.88,56.21,48.30,33.94
298.75,35.15,21.16,22.49,20.95,97.88,56.21,48.41,33.94
298.76,35.15,21.16,22.49,20.95,97.88,56.21,48.41,33.94
298.77,35.15,21.13,22.49,20.92,97.51,56.21,48.30,33.94
298.78,35.08,21.13,22.49,20.95,97.51,56.35,48.30,33.94
298.79,35.15,21.16,22.46,20.95,97.88,56.35,48.30,33.94
298.80,35.21,21.13,22.49,20.95,97.88,56.21,48.30,33.94
298.81,35.21,21.16,22.49,20.95,97.88,56.35,48.30,33.94
298.82,35.21,21.13,22.49,20.95,97.88,56.21,48.30,33.94
298.83,35.08,21.13,22.46,20.95,97.51,56.21,48.30,33.94
298.84,35.15,21.13,22.46,20.95,97.88,56.35,48.30,33.94
298.85,35.21,21.13,22.49,20.95,97.88,56.21,48.30,33.94
298.86,35.15,21.13,22.49,20.95,97.88,56.21,48.41,33.94
298.87,35.15,21.13,22.49,20.95,97.88,56.21,48.41,33.94
298.88,35.08,21.13,22.46,20.95,97.88,56.21,48.30,33.94
298.89,35.15,21.13,22.49,20.95,97.88,56.21,48.30,33.94
298.90,35.08,21.13,22.49,20.95,97.88,56.21,48.30,33.94
298.91,35.21,21.16,22.46,20.95,97.88,56.35,48.30,33.94
298.92,35.15,21.16,22.49,20.95,97.88,56.35,48.30,33.94
298.93,35.08,21.13,22.46,20.95,97.51,56.35,48.30,33.94
298.94,35.15,21.13,22.46,20.95,97.88,56.35,48.30,33.94
298.95,35.15,21.13,22.49,20.95,97.88,56.35,48.30,33.94
298.96,35.15,21.13,22.49,20.95,97.88,56.21,48.30,33.94
298.97,35.15,21.13,22.49,20.95,97.88,56.21,48.30,33.94
298.98,35.15,21.13,22.46,20.95,97.88,56.35,48.30,33.94
298.99,35.21,21.13,22.46,20.95,97.88,56.21,48.30,34.00
299.00,35.15,21.13,22.46,20.95,97.88,56.35,48.30,33.94
299.01,35.15,21.16,22.46,20.95,97.88,56.35,48.30,33.94
299.02,35.08,21.16,22.49,20.95,97.88,56.21,48.30,34.00
299.03,35.08,21.13,22.46,20.95,97.88,56.21,48.30,33.94
299.04,35.08,21.13,22.46,20.95,97.88,56.35,48.41,33.94
299.05,35.15,21.10,22.49,20.92,97.88,56.35,48.30,33.94
299.06,35.15,21.16,22.49,20.95,97.88,56.35,48.30,33.94
299.07,35.15,21.13,22.49,20.95,97.88,56.21,48.30,33.94
299.08,35.08,21.13,22.46,20.95,97.88,56.21,48.30,33.94
299.09,35.15,21.13,22.46,20.95,97.88,56.21,48.30,34.00
299.10,35.15,21.13,22.46,20.95,97.88,56.21,48.30,33.94
299.11,35.15,21.16,22.49,20.95,97.88,56.21,48.30,34.00
299.12,35.08,21.13,22.49,20.95,97.51,56.21,48.30,33.94
299.13,35.21,21.13,22.46,20.95,97.88,56.21,48.30,33.94
299.14,35.08,21.13,22.46,20.95,97.88,56.35,48.30,34.00
299.15,35.08,21.13,22.46,20.95,97.88,56.07,48.30,33.94
299.16,35.15,21.16,22.49,20.95,97.88,56.50,48.30,34.00
299.17,35.08,21.13,22.46,20.95,97.88,56.21,48.30,33.88
299.18,35.08,21.13,22.46,20.95,97.88,56.21,48.19,33.94
299.19,35.08,21.13,22.46,20.95,97.88,56.21,48.30,33.94
299.20,35.08,21.13,22.49,20.95,97.88,56.21,48.30,33.94
299.21,35.21,21.13,22.46,20.95,97.88,56.21,48.30,33.94
299.22,35.08,21.13,22.49,20.95,97.88,56.21,48.30,34.00
299.23,35.08,21.13,22.46,20.95,97.51,56.21,48.30,33.94
299.24,35.08,21.13,22.46,20.95,97.88,56.21,48.30,34.00
299.25,35.08,21.13,22.46,20.95,97.51,56.21,48.30,33.94
299.26,35.08,21.13,22.49,20.95,97.88,56.21,48.30,33.94
299.27,35.15,21.13,22.49,20.95,97.88,56.21,48.19,33.94
299.28,35.08,21.10,22.46,20.95,97.51,56.21,48.30,34.00
299.29,35.15,21.10,22.46,20.95,97.51,56.21,48.30,33.94
299.30,35.01,21.13,22.46,20.95,97.88,56.21,48.30,34.00
299.31,35.08,21.13,22.49,20.95,97.88,56.35,48.30,34.00
299.32,35.08,21.13,22.46,20.95,97.88,56.21,48.30,33.94
299.33,35.08,21.10,22.46,20.95,97.51,56.21,48.30,33.94
299.34,35.08,21.10,22.46,20.95,97.88,56.21,48.30,33.94
299.35,35.08,21.13,22.46,20.95,97.88,56.21,48.30,33.94
299.36,35.15,21.13,22.46,20.95,97.88,56.21,48.30,34.00
299.37,35.08,21.13,22.46,20.92,97.88,56.21,48.30,33.94
299.38,35.08,21.10,22.46,20.95,97.88,56.21,48.30,33.94
299.39,35.08,21.10,22.46,20.95,97.88,56.21,48.30,33.94
299.40,35.08,21.13,22.46,20.95,97.14,56.21,48.19,33.94
299.41,35.08,21.13,22.49,20.95,97.88,56.21,48.41,33.94
299.42,35.08,21.13,22.46,20.95,97.88,56.21,48.19,33.94
299.43,35.15,21.10,22.46,20.95,97.51,56.35,48.30,33.94
299.44,35.08,21.13,22.46,20.95,97.51,56.21,48.30,33.94
299.45,35.08,21.13,22.46,20.95,97.88,56.21,48.30,33.94
299.46,35.08,21.13,22.49,20.95,97.88,56.21,48.30,33.94
299.47,35.08,21.13,22.46,20.95,97.88,56.07,48.30,34.00
299.48,35.01,21.10,22.46,20.95,97.88,56.21,48.30,34.00
299.49,35.08,21.13,22.46,20.95,97.51,56.21,48.30,34.00
299.50,35.08,21.10,22.46,20.95,97.51,56.21,48.30,34.00
299.51,35.15,21.13,22.46,20.95,97.88,56.21,48.30,33.94
299.52,35.15,21.13,22.46,20.95,97.51,56.21,48.30,34.00
299.53,35.08,21.10,22.46,20.95,97.51,56.07,48.30,33.94
299.54,35.08,21.10,22.46,20.95,97.88,56.21,48.30,33.94
299.55,35.08,21.13,22.49,20.95,97.88,56.35,48.19,33.94
299.56,35.08,21.13,22.46,20.95,97.51,56.21,48.30,33.94
299.57,35.08,21.10,22.46,20.95,97.88,56.21,48.30,34.00
299.58,35.08,21.10,22.46,20.95,97.88,56.21,48.19,34.00
299.59,35.15,21.10,22.46,20.95,97.88,56.21,48.19,33.94
299.60,35.15,21.13,22.46,20.95,97.88,56.21,48.30,33.94
299.61,35.08,21.13,22.46,20.95,97.88,56.21,48.30,34.00
299.62,35.08,21.13,22.46,20.95,97.51,56.21,48.30,34.00
299.63,35.08,21.10,22.42,20.95,97.51,56.21,48.19,34.00
299.64,35.08,21.10,22.46,20.95,97.51,56.21,48.19,33.94
299.65,35.08,21.10,22.46,20.95,97.51,56.21,48.30,33.94
299.66,35.08,21.10,22.46,20.95,97.88,56.21,48.30,34.00
299.67,35.08,21.10,22.46,20.95,97.51,56.21,48.19,33.94
299.68,35.01,21.10,22.46,20.95,97.51,56.21,48.30,34.00
299.69,35.08,21.10,22.42,20.95,97.51,56.21,48.19,34.00
299.70,35.01,21.13,22.42,20.95,97.88,56.21,48.30,33.94
299.71,35.08,21.13,22.46,20.95,97.88,56.21,48.30,33.94
299.72,35.15,21.10,22.46,20.95,97.51,56.21,48.19,34.00
299.73,35.08,21.10,22.46,20.95,97.51,56.21,48.19,33.94
299.74,35.08,21.10,22.46,20.95,97.51,56.21,48.30,33.94
299.75,35.08,21.10,22.46,20.95,97.51,56.21,48.30,34.00
299.76,35.08,21.13,22.46,20.95,97.88,56.21,48.19,34.00
299.77,35.08,21.10,22.46,20.95,97.88,56.21,48.30,34.00
299.78,35.08,21.10,22.46,20.95,97.88,56.21,48.19,33.94
299.79,35.01,21.10,22.46,20.95,97.51,56.21,48.30,34.00
299.80,35.08,21.10,22.46,20.95,97.51,56.21,48.30,34.00
299.81,35.15,21.13,22.46,20.95,97.51,56.21,48.30,34.00
299.82,35.08,21.10,22.46,20.95,97.51,56.21,48.19,34.00
299.83,35.15,21.10,22.42,20.95,97.51,56.21,48.19,34.00
299.84,35.08,21.10,22.46,20.95,97.51,56.21,48.30,34.00
299.85,35.08,21.10,22.46,20.95,97.51,56.21,48.19,33.94
299.86,35.08,21.10,22.46,20.95,97.51,56.21,48.30,33.94
299.87,35.01,21.10,22.46,20.95,97.51,56.21,48.30,33.94
299.88,35.08,21.10,22.46,20.95,97.51,56.21,48.30,34.00
299.89,35.01,21.10,22.46,20.95,97.51,56.21,48.30,34.00
299.90,35.08,21.10,22.46,20.95,97.51,56.21,48.30,34.00
299.91,35.08,21.13,22.46,20.95,97.88,56.21,48.30,34.00
299.92,35.08,21.10,22.46,20.92,97.51,56.21,48.30,33.94
299.93,35.15,21.10,22.46,20.95,97.88,56.21,48.30,34.00
299.94,35.08,21.10,22.46,20.95,97.51,56.07,48.30,34.00
299.95,35.01,21.10,22.46,20.95,97.88,56.21,48.19,33.94
299.96,35.15,21.13,22.46,20.95,97.51,56.35,48.30,34.00
299.97,35.15,21.10,22.46,20.95,97.88,56.21,48.19,34.00
299.98,35.01,21.10,22.46,20.95,97.51,56.07,48.30,34.00
299.99,35.01,21.10,22.42,20.95,97.51,56.21,48.30,34.00
300.00,35.01,21.10,22.46,20.95,97.51,56.21,48.19,34.00
300.01,35.08,21.10,22.46,20.95,97.88,56.21,48.30,34.00
300.02,35.08,21.13,22.46,20.95,97.51,56.21,48.30,34.00
300.03,35.01,21.10,22.46,20.95,97.51,56.21,48.30,34.00
300.04,35.01,21.10,22.46,20.95,97.88,56.21,48.30,34.00
300.05,35.08,21.13,22.46,20.95,97.51,56.21,48.19,34.00
300.06,35.01,21.10,22.46,20.95,97.88,56.21,48.30,34.00
300.07,35.01,21.13,22.46,20.95,97.51,56.21,48.30,34.00
300.08,35.01,21.10,22.46,20.95,97.51,56.07,48.19,34.00
300.09,35.01,21.10,22.46,20.95,97.51,56.21,48.19,34.00
300.10,35.08,21.10,22.46,20.95,97.51,56.21,48.30,34.00
300.11,35.08,21.13,22.46,20.95,97.51,56.21,48.30,34.00
300.12,35.08,21.13,22.46,20.92,97.51,56.21,48.30,33.94
300.13,35.01,21.10,22.46,20.95,97.51,56.21,48.30,34.00
300.14,35.08,21.10,22.42,20.95,97.51,56.21,48.19,34.00
300.15,35.08,21.10,22.46,20.95,97.51,56.21,48.30,34.00
300.16,35.08,21.13,22.46,20.95,97.88,56.21,48.30,34.00
300.17,35.08,21.13,22.46,20.95,97.51,56.21,48.30,34.00
300.18,35.01,21.10,22.42,20.92,97.51,56.07,48.19,34.00
300.19,35.08,21.10,22.42,20.95,97.51,56.21,48.30,34.00
300.20,35.08,21.10,22.46,20.95,97.51,56.21,48.19,34.00
300.21,35.15,21.13,22.46,20.95,97.88,56.21,48.30,34.00
300.22,35.08,21.10,22.46,20.95,97.51,56.21,48.30,34.00
300.23,35.08,21.10,22.46,20.95,97.51,56.21,48.30,34.00
300.24,35.01,21.10,22.46,20.95,97.51,56.07,48.19,34.00
300.25,35.08,21.10,22.46,20.95,97.51,56.21,48.19,34.00
300.26,35.08,21.13,22.46,20.95,97.88,56.21,48.30,34.00
300.27,35.08,21.10,22.46,20.95,97.88,56.21,48.30,34.00
300.28,35.01,21.10,22.46,20.92,97.51,56.21,48.19,34.00
300.29,35.08,21.13,22.42,20.95,97.51,56.21,48.30,34.00
300.30,35.08,21.10,22.46,20.95,97.51,56.07,48.30,34.00
300.31,35.08,21.13,22.46,20.95,97.88,56.21,48.30,34.00
300.32,35.08,21.07,22.46,20.92,97.88,56.21,48.30,34.00
300.33,35.08,21.10,22.46,20.95,97.51,56.21,48.19,34.00
300.34,35.08,21.10,22.46,20.95,97.51,56.21,48.30,34.00
300.35,35.08,21.10,22.46,20.95,97.51,56.07,48.30,34.00
300.36,35.15,21.13,22.46,20.95,97.88,56.35,48.30,34.06
300.37,35.15,21.13,22.46,20.95,97.51,56.07,48.19,34.00
300.38,35.01,21.10,22.42,20.95,97.51,56.21,48.30,34.00
300.39,35.01,21.10,22.42,20.95,97.51,56.35,48.19,34.00
300.40,35.08,21.13,22.46,20.95,97.51,56.21,48.30,34.00
300.41,35.08,21.13,22.46,20.95,97.88,56.35,48.30,34.06
300.42,35.08,21.10,22.42,20.95,97.51,56.07,48.30,33.94
300.43,35.08,21.10,22.46,20.95,97.51,56.21,48.19,34.00
300.44,35.08,21.07,22.42,20.95,97.51,56.21,48.30,34.00
300.45,35.01,21.07,22.46,20.95,97.88,56.21,48.30,34.00
300.46,35.08,21.13,22.46,20.95,97.88,56.21,48.30,34.00
300.47,35.01,21.10,22.46,20.95,97.51,56.21,48.19,34.00
300.48,35.08,21.10,22.42,20.95,97.51,56.21,48.30,34.00
300.49,35.08,21.10,22.46,20.95,97.88,56.21,48.19,34.00
300.50,35.08,21.07,22.46,20.95,97.51,56.07,48.30,34.00
300.51,35.08,21.13,22.46,20.95,97.88,56.21,48.30,34.00
300.52,35.01,21.10,22.42,20.95,97.51,56.21,48.30,34.00
300.53,35.01,21.10,22.46,20.95,97.51,56.21,48.19,34.00
300.54,35.01,21.10,22.42,20.95,97.51,56.21,48.19,34.00
300.55,34.95,21.10,22.42,20.95,97.51,56.21,48.19,34.00
300.56,35.08,21.10,22.46,20.95,97.88,56.21,48.30,34.00
300.57,35.01,21.10,22.42,20.95,97.51,56.21,48.19,33.94
300.58,35.01,21.10,22.46,20.95,97.51,56.07,48.19,34.00
300.59,35.08,21.10,22.46,20.95,97.88,56.21,48.30,34.00
300.60,35.08,21.10,22.46,20.95,97.51,56.21,48.19,34.00
300.61,35.08,21.13,22.46,20.95,97.51,56.21,48.30,34.00
300.62,35.01,21.10,22.42,20.95,97.88,56.21,48.30,34.00
300.63,35.01,21.10,22.42,20.95,97.51,56.21,48.19,34.06
300.64,35.01,21.10,22.42,20.95,97.51,56.21,48.30,34.00
300.65,35.08,21.10,22.46,20.95,97.88,56.21,48.19,34.00
300.66,35.01,21.10,22.46,20.95,97.51,56.07,48.30,34.00
300.67,35.15,21.10,22.42,20.95,97.51,56.07,48.19,34.00
300.68,35.01,21.07,22.42,20.95,97.51,56.21,48.41,34.06
300.69,35.01,21.10,22.46,20.95,97.88,56.07,48.30,34.00
300.70,35.01,21.07,22.46,20.95,97.51,56.21,48.30,34.00
300.71,35.08,21.10,22.46,20.95,97.51,56.21,48.30,34.00
300.72,35.08,21.10,22.46,20.95,97.51,56.21,48.30,34.00
300.73,35.08,21.10,22.46,20.95,97.51,56.07,48.30,34.00
300.74,35.01,21.07,22.46,20.95,97.51,56.21,48.19,34.00
300.75,35.01,21.10,22.46,20.95,97.51,56.21,48.19,34.06
300.76,35.08,21.13,22.46,20.95,97.51,56.21,48.19,34.00
300.77,35.08,21.10,22.42,20.95,97.51,56.21,48.30,34.00
300.78,35.01,21.10,22.46,20.95,97.51,56.21,48.19,34.00
300.79,35.01,21.10,22.46,20.95,97.51,56.21,48.30,34.00
300.80,35.08,21.10,22.42,20.95,97.51,56.21,48.30,34.06
300.81,35.08,21.10,22.46,20.95,97.51,56.21,48.30,34.06
300.82,35.08,21.10,22.46,20.95,97.51,56.21,48.30,34.00
300.83,35.01,21.10,22.42,20.95,97.51,56.21,48.30,34.00
300.84,35.01,21.10,22.42,20.95,97.51,56.21,48.30,34.00
300.85,35.08,21.10,22.46,20.95,97.51,56.07,48.19,34.00
300.86,35.01,21.10,22.46,20.95,97.88,56.21,48.30,34.00
300.87,35.01,21.10,22.42,20.95,97.51,56.21,48.30,34.06
300.88,35.08,21.07,22.42,20.95,97.51,56.21,48.19,34.00
300.89,35.01,21.10,22.42,20.95,97.88,56.21,48.30,34.00
300.90,35.01,21.10,22.42,20.95,97.51,56.07,48.30,34.00
300.91,35.08,21.10,22.46,20.95,97.51,56.21,48.30,34.00
300.92,35.01,21.10,22.42,20.95,97.51,56.07,48.30,34.00
300.93,35.01,21.10,22.46,20.95,97.88,56.21,48.30,34.00
300.94,35.01,21.10,22.42,20.95,97.51,56.21,48.30,34.00
300.95,35.01,21.10,22.42,20.95,97.51,56.21,48.19,34.00
300.96,35.08,21.13,22.46,20.95,97.51,56.21,48.19,34.00
300.97,35.01,21.10,22.42,20.95,97.51,56.21,48.30,34.00
300.98,35.08,21.10,22.42,20.95,97.88,56.21,48.19,34.00
300.99,35.01,21.07,22.42,20.95,97.51,56.21,48.19,34.00
301.00,35.08,21.10,22.46,20.95,97.51,56.21,48.30,34.00
301.01,35.08,21.13,22.46,20.95,97.51,56.21,48.19,34.00
301.02,35.08,21.10,22.46,20.95,97.88,56.21,48.30,34.00
301.03,35.01,21.07,22.46,20.95,97.51,56.07,48.30,34.00
301.04,35.01,21.10,22.42,20.95,97.51,56.21,48.30,34.00
301.05,35.01,21.10,22.46,20.95,97.51,56.07,48.30,34.00
301.06,35.08,21.10,22.46,20.95,97.51,56.21,48.30,34.00
301.07,35.01,21.10,22.46,20.95,97.51,56.21,48.30,34.00
301.08,35.01,21.10,22.42,20.95,97.51,56.07,48.19,34.00
301.09,35.01,21.10,22.42,20.95,97.51,56.21,48.19,34.00
301.10,35.15,21.10,22.46,20.95,97.88,56.21,48.30,34.00
301.11,35.15,21.13,22.46,20.95,97.51,56.21,48.30,34.00
301.12,35.08,21.10,22.42,20.95,97.51,56.21,48.19,34.00
301.13,35.08,21.10,22.42,20.92,97.51,56.07,48.19,34.00
301.14,35.01,21.10,22.42,20.92,97.51,56.21,48.19,34.06
301.15,35.01,21.10,22.46,20.95,97.51,56.07,48.19,34.00
301.16,35.15,21.10,22.46,20.95,97.51,56.21,48.30,34.00
301.17,35.08,21.10,22.46,20.95,97.51,56.21,48.19,34.00
301.18,35.08,21.10,22.46,20.95,97.51,56.07,48.19,34.00
301.19,35.01,21.10,22.42,20.95,97.51,56.21,48.19,34.00
301.20,35.01,21.10,22.46,20.95,97.51,56.21,48.19,34.06
301.21,35.15,21.13,22.42,20.95,97.51,56.21,48.30,34.00
301.22,35.08,21.10,22.46,20.95,97.51,56.07,48.30,34.06
301.23,35.01,21.10,22.42,20.92,97.51,56.21,48.30,34.06
301.24,35.01,21.10,22.42,20.95,97.51,56.21,48.19,34.06
301.25,35.01,21.10,22.42,20.95,97.51,56.21,48.30,34.00
301.26,35.01,21.13,22.46,20.95,97.51,56.21,48.30,34.00
301.27,35.08,21.10,22.42,20.95,97.51,56.21,48.30,34.00
301.28,35.08,21.10,22.42,20.95,97.51,56.07,48.19,34.06
301.29,35.08,21.10,22.42,20.95,97.88,56.21,48.19,34.00
301.30,35.01,21.10,22.46,20.95,97.51,56.21,48.30,34.06
301.31,35.01,21.13,22.46,20.95,97.51,56.07,48.30,34.00
301.32,35.08,21.10,22.42,20.95,97.51,56.21,48.19,34.00
301.33,35.08,21.10,22.42,20.95,97.51,56.07,48.19,34.00
301.34,35.01,21.07,22.46,20.95,97.51,56.07,48.19,34.00
301.35,35.01,21.10,22.46,20.95,97.51,56.21,48.30,34.06
301.36,35.15,21.10,22.46,20.95,97.51,56.07,48.30,34.06
301.37,35.15,21.10,22.46,20.95,97.51,56.21,48.30,34.00
301.38,35.01,21.10,22.42,20.95,97.51,56.21,48.19,34.06
301.39,35.08,21.10,22.42,20.95,97.51,56.07,48.19,33.94
301.40,35.01,21.10,22.46,20.95,97.14,56.21,48.30,34.06
301.41,35.08,21.10,22.46,20.95,97.88,56.21,48.30,34.06
301.42,35.01,21.10,22.46,20.95,97.51,56.21,48.19,34.00
301.43,35.01,21.10,22.42,20.95,97.51,56.21,48.19,34.00
301.44,35.01,21.10,22.42,20.95,97.51,56.21,48.19,34.06
301.45,35.08,21.10,22.42,20.95,97.88,56.21,48.30,34.00
301.46,35.08,21.10,22.46,20.95,97.51,56.21,48.19,34.00
301.47,35.08,21.10,22.46,20.95,97.51,56.07,48.30,34.00
301.48,35.08,21.07,22.42,20.95,97.51,56.21,48.19,34.06
301.49,35.01,21.10,22.42,20.95,97.51,56.21,48.19,34.06
301.50,35.01,21.10,22.46,20.95,97.51,56.21,48.30,34.06
301.51,35.08,21.10,22.42,20.95,97.88,56.07,48.19,34.00
301.52,35.01,21.10,22.46,20.95,97.51,56.21,48.30,34.00
301.53,35.01,21.10,22.42,20.95,97.51,56.21,48.30,34.00
301.54,35.08,21.10,22.42,20.95,97.51,56.21,48.30,34.06
301.55,35.01,21.10,22.46,20.95,97.51,56.21,48.30,34.06
301.56,35.01,21.10,22.46,20.95,97.51,56.21,48.30,34.06
301.57,35.15,21.10,22.46,20.95,97.51,56.21,48.30,34.00
301.58,35.01,21.10,22.42,20.95,97.51,56.21,48.19,34.06
301.59,35.08,21.10,22.42,20.95,97.88,56.21,48.19,34.06
301.60,35.01,21.10,22.46,20.95,97.51,56.21,48.30,34.06
301.61,35.15,21.10,22.46,20.95,97.88,56.21,48.30,34.06
301.62,35.01,21.10,22.46,20.95,97.88,56.07,48.30,34.00
301.63,35.01,21.10,22.46,20.95,97.51,56.21,48.19,34.06
301.64,35.01,21.10,22.42,20.95,97.51,56.07,48.19,34.06
301.65,35.01,21.10,22.42,20.95,97.51,56.35,48.19,34.00
301.66,35.01,21.10,22.46,20.95,97.51,55.93,48.30,34.06
301.67,35.08,21.10,22.46,20.95,97.88,56.21,48.30,34.00
301.68,35.08,21.10,22.42,20.95,97.51,56.21,48.19,34.12
301.69,35.08,21.10,22.46,20.95,97.51,56.21,48.30,33.94
301.70,35.01,21.10,22.46,20.95,97.88,56.21,48.30,34.06
301.71,35.08,21.10,22.46,20.95,97.51,56.07,48.30,34.06
301.72,35.01,21.10,22.46,20.95,97.88,56.21,48.30,34.06
301.73,35.08,21.10,22.46,20.95,97.51,56.21,48.30,34.06
301.74,35.08,21.10,22.42,20.95,97.51,56.21,48.30,34.06
301.75,35.01,21.10,22.46,20.95,97.51,56.21,48.30,34.06
301.76,35.08,21.10,22.46,20.95,97.51,56.21,48.30,34.06
301.77,35.01,21.10,22.46,20.95,97.51,56.21,48.30,34.06
301.78,35.15,21.10,22.42,20.95,97.51,56.07,48.19,34.00
301.79,35.08,21.10,22.42,20.95,97.51,56.21,48.19,34.06
301.80,35.01,21.10,22.46,20.95,97.51,56.07,48.30,34.06
301.81,35.08,21.13,22.46,20.95,97.88,56.21,48.30,34.06
301.82,35.08,21.10,22.46,20.95,97.51,56.21,48.19,34.06
301.83,35.08,21.10,22.46,20.95,97.51,56.21,48.30,34.06
301.84,35.01,21.07,22.42,20.95,97.51,56.21,48.19,34.06
301.85,35.08,21.10,22.46,20.95,97.51,56.21,48.30,34.06
301.86,35.08,21.10,22.46,20.95,97.88,56.21,48.30,34.06
301.87,35.01,21.10,22.46,20.95,97.51,56.21,48.19,34.00
301.88,35.01,21.10,22.46,20.95,97.51,56.07,48.30,34.06
301.89,35.01,21.10,22.46,20.95,97.14,56.21,48.19,34.06
301.90,35.08,21.10,22.42,20.95,97.88,56.21,48.30,34.06
301.91,35.08,21.13,22.49,20.95,97.51,56.21,48.30,34.06
301.92,35.15,21.10,22.46,20.95,97.51,56.21,48.30,34.06
301.93,35.01,21.10,22.46,20.95,97.88,56.07,48.41,34.06
301.94,35.08,21.10,22.46,20.95,97.88,56.21,48.08,34.06
301.95,35.08,21.10,22.46,20.95,97.51,56.21,48.19,34.06
301.96,35.08,21.13,22.46,20.95,97.88,56.21,48.30,34.06
301.97,35.01,21.13,22.46,20.95,97.88,56.21,48.30,34.06
301.98,35.01,21.10,22.46,20.95,97.51,56.21,48.30,34.06
301.99,35.01,21.10,22.46,20.95,97.88,56.21,48.30,34.06
302.00,35.08,21.10,22.46,20.95,97.51,56.21,48.30,34.06
302.01,35.08,21.13,22.46,20.95,97.88,56.21,48.30,34.06
302.02,35.01,21.10,22.46,20.95,97.51,56.21,48.30,34.06
302.03,35.08,21.10,22.46,20.95,97.51,56.07,48.19,34.06
302.04,35.01,21.10,22.46,20.95,97.51,56.21,48.30,34.06
302.05,35.01,21.10,22.46,20.95,97.88,56.21,48.30,34.06
302.06,35.08,21.13,22.46,20.95,97.88,56.21,48.30,34.06
302.07,35.15,21.13,22.46,20.95,97.88,56.07,48.30,34.06
302.08,35.08,21.10,22.42,20.92,97.51,56.21,48.30,34.06
302.09,35.08,21.10,22.46,20.95,97.51,56.21,48.30,34.06
302.10,35.01,21.10,22.46,20.95,97.51,56.21,48.30,34.06
302.11,35.08,21.13,22.46,20.95,97.51,56.21,48.30,34.06
302.12,35.08,21.10,22.46,20.95,97.88,56.21,48.30,34.06
302.13,35.08,21.10,22.46,20.95,97.51,56.21,48.30,34.06
302.14,35.08,21.10,22.46,20.95,97.51,56.21,48.30,34.06
302.15,35.01,21.10,22.46,20.95,97.51,56.21,48.30,34.06
302.16,35.08,21.13,22.49,20.95,97.51,56.21,48.30,34.06
302.17,35.08,21.13,22.46,20.95,97.51,56.21,48.30,34.06
302.18,35.01,21.10,22.46,20.95,97.51,56.21,48.30,34.06
302.19,35.01,21.10,22.42,20.95,97.51,56.21,48.30,34.06
302.20,35.08,21.13,22.46,20.95,97.88,56.21,48.30,34.06
302.21,35.08,21.13,22.46,20.95,97.51,56.21,48.30,34.06
302.22,35.08,21.13,22.46,20.95,97.51,56.21,48.30,34.06
302.23,35.08,21.10,22.46,20.95,97.51,56.21,48.19,34.06
302.24,35.01,21.10,22.46,20.95,97.51,56.21,48.30,34.06
302.25,35.08,21.10,22.46,20.95,97.51,56.21,48.30,34.06
302.26,35.08,21.13,22.49,20.95,97.88,56.21,48.30,34.06
302.27,35.01,21.13,22.46,20.95,97.88,56.21,48.30,34.06
302.28,35.08,21.10,22.46,20.95,97.51,56.21,48.30,34.06
302.29,35.15,21.10,22.46,20.95,97.51,56.21,48.30,34.06
302.30,35.08,21.10,22.46,20.95,97.88,56.21,48.30,34.06
302.31,35.08,21.13,22.46,20.95,97.88,56.21,48.30,34.12
302.32,35.08,21.13,22.46,20.95,97.51,56.21,48.30,34.06
302.33,35.01,21.13,22.46,20.95,97.51,56.21,48.19,34.06
302.34,35.08,21.13,22.46,20.95,97.88,56.21,48.30,34.12
302.35,35.08,21.13,22.46,20.95,97.51,56.21,48.30,34.06
302.36,35.08,21.13,22.46,20.95,97.88,56.21,48.30,34.06
302.37,35.15,21.13,22.46,20.95,97.51,56.21,48.30,34.06
302.38,35.08,21.10,22.46,20.95,97.88,56.21,48.30,34.06
302.39,35.01,21.10,22.46,20.95,97.51,56.21,48.30,34.06
302.40,35.01,21.13,22.46,20.95,97.88,56.21,48.30,34.06
302.41,35.08,21.13,22.46,20.95,97.88,56.21,48.30,34.06
302.42,35.15,21.10,22.49,20.95,97.51,56.21,48.30,34.06
302.43,35.08,21.13,22.46,20.95,97.88,56.21,48.30,34.06
302.44,35.01,21.10,22.46,20.95,97.51,56.21,48.30,34.06
302.45,35.08,21.10,22.46,20.95,97.51,56.21,48.30,34.12
302.46,35.08,21.13,22.46,20.95,97.88,56.21,48.41,34.06
302.47,35.15,21.13,22.46,20.95,97.88,56.21,48.30,34.06
302.48,35.08,21.13,22.46,20.95,97.88,56.21,48.30,34.06
302.49,35.08,21.13,22.49,20.95,97.88,56.07,48.30,34.06
302.50,35.08,21.13,22.46,20.95,97.51,56.21,48.30,34.06
302.51,35.08,21.13,22.46,20.95,97.51,56.21,48.30,34.06
302.52,35.01,21.13,22.46,20.95,97.88,56.21,48.30,34.06
302.53,35.01,21.10,22.46,20.95,97.51,56.21,48.30,34.06
302.54,35.15,21.10,22.46,20.95,97.51,56.21,48.30,34.06
302.55,35.01,21.10,22.49,20.95,97.51,56.21,48.30,34.06
302.56,35.08,21.13,22.49,20.95,97.88,56.21,48.30,34.06
302.57,35.15,21.13,22.46,20.95,97.88,56.21,48.30,34.12
302.58,35.08,21.10,22.46,20.95,97.51,56.21,48.30,34.06
302.59,35.01,21.10,22.46,20.95,97.88,56.21,48.30,34.06
302.60,35.08,21.10,22.46,20.95,97.88,56.21,48.30,34.06
302.61,35.08,21.13,22.49,20.95,97.88,56.21,48.30,34.06
302.62,35.08,21.13,22.46,20.95,97.51,56.35,48.30,34.06
302.63,35.08,21.13,22.46,20.95,97.88,56.21,48.19,34.06
302.64,35.08,21.10,22.46,20.95,97.51,56.21,48.30,34.06
302.65,35.15,21.10,22.46,20.95,97.51,56.21,48.30,34.06
302.66,35.01,21.13,22.46,20.99,97.88,56.21,48.30,34.12
302.67,35.15,21.13,22.49,20.95,97.51,56.21,48.30,34.06
302.68,35.15,21.13,22.46,20.95,97.51,56.21,48.30,34.12
302.69,35.08,21.10,22.46,20.95,97.88,56.07,48.30,34.06
302.70,35.08,21.13,22.49,20.95,97.88,56.21,48.30,34.06
302.71,35.15,21.13,22.49,20.95,97.51,56.21,48.30,34.12
302.72,35.08,21.13,22.46,20.95,97.88,56.21,48.41,34.06
302.73,35.08,21.13,22.46,20.95,97.51,56.21,48.30,34.06
302.74,35.08,21.13,22.46,20.95,97.51,56.21,48.30,34.06
302.75,35.08,21.13,22.49,20.95,97.51,56.21,48.30,34.12
302.76,35.08,21.13,22.49,20.95,97.88,56.21,48.41,34.06
302.77,35.08,21.13,22.49,20.95,97.51,56.35,48.30,34.12
302.78,35.08,21.13,22.46,20.95,97.51,56.21,48.30,34.06
302.79,35.08,21.10,22.46,20.95,97.51,56.21,48.30,34.06
302.80,35.08,21.16,22.49,20.95,97.88,56.21,48.30,34.06
302.81,35.08,21.10,22.49,20.95,97.51,56.35,48.30,34.12
302.82,35.08,21.16,22.46,20.95,97.88,56.21,48.30,34.06
302.83,35.08,21.10,22.46,20.95,97.88,56.21,48.30,34.06
302.84,35.08,21.10,22.46,20.95,97.51,56.21,48.30,34.06
302.85,35.08,21.13,22.49,20.95,97.51,56.21,48.30,34.06
302.86,35.15,21.13,22.49,20.95,97.88,56.35,48.30,34.06
302.87,35.08,21.13,22.49,20.95,97.88,56.35,48.30,34.06
302.88,35.08,21.13,22.46,20.95,97.88,56.07,48.30,34.12
302.89,35.08,21.10,22.46,20.95,97.88,56.21,48.30,34.06
302.90,35.08,21.13,22.46,20.95,97.51,56.21,48.30,34.12
302.91,35.08,21.13,22.49,20.95,97.88,56.21,48.30,34.06
302.92,35.08,21.13,22.49,20.95,97.88,56.35,48.30,34.12
302.93,35.08,21.13,22.49,20.95,97.51,56.21,48.30,34.00
302.94,35.08,21.13,22.46,20.95,97.51,56.21,48.30,34.06
302.95,35.08,21.13,22.46,20.95,97.88,56.21,48.30,34.06
302.96,35.08,21.13,22.49,20.95,97.88,56.21,48.30,34.06
302.97,35.08,21.13,22.46,20.95,97.51,56.21,48.41,34.06
302.98,35.08,21.13,22.46,20.95,97.51,56.21,48.30,34.06
302.99,35.08,21.13,22.46,20.95,97.88,56.21,48.30,34.06
303.00,35.08,21.13,22.49,20.95,97.88,56.21,48.30,34.06
303.01,35.08,21.13,22.49,20.95,97.88,56.21,48.30,34.06
303.02,35.08,21.13,22.49,20.95,97.88,56.21,48.30,34.06
303.03,35.15,21.13,22.46,20.95,97.88,56.21,48.30,34.06
303.04,35.08,21.13,22.46,20.95,97.51,56.21,48.30,34.06
303.05,35.15,21.13,22.49,20.95,97.88,56.21,48.41,34.12
303.06,35.08,21.13,22.46,20.95,97.88,56.21,48.30,34.06
303.07,35.08,21.13,22.49,20.95,97.88,56.21,48.41,34.12
303.08,35.08,21.13,22.46,20.95,97.88,56.21,48.41,34.06
303.09,35.15,21.13,22.46,20.95,97.88,56.21,48.30,34.06
303.10,35.08,21.13,22.46,20.95,97.88,56.21,48.41,34.12
303.11,35.15,21.13,22.49,20.95,97.88,56.21,48.30,34.06
303.12,35.08,21.13,22.49,20.95,97.51,56.35,48.41,34.12
303.13,35.08,21.13,22.46,20.95,97.88,56.21,48.30,34.06
303.14,35.01,21.10,22.46,20.95,97.51,56.21,48.30,34.06
303.15,35.08,21.13,22.49,20.95,97.88,56.35,48.41,34.06
303.16,35.08,21.13,22.49,20.95,97.51,56.21,48.30,34.12
303.17,35.08,21.13,22.49,20.95,97.88,56.21,48.30,34.12
303.18,35.08,21.10,22.46,20.95,97.88,56.35,48.19,34.12
303.19,35.01,21.13,22.46,20.95,97.88,56.21,48.30,34.06
303.20,35.08,21.10,22.49,20.95,97.88,56.21,48.41,34.06
303.21,35.08,21.13,22.49,20.95,97.88,56.21,48.41,34.12
303.22,35.08,21.13,22.49,20.95,97.88,56.21,48.30,34.12
303.23,35.08,21.13,22.49,20.95,97.51,56.21,48.30,34.12
303.24,35.08,21.10,22.49,20.95,97.88,56.21,48.41,34.06
303.25,35.15,21.13,22.49,20.95,97.88,56.21,48.30,34.12
303.26,35.15,21.13,22.49,20.95,97.88,56.21,48.41,34.12
303.27,35.21,21.13,22.49,20.95,97.88,56.21,48.30,34.12
303.28,35.15,21.13,22.49,20.95,97.88,56.35,48.30,34.12
303.29,35.08,21.13,22.49,20.95,97.88,56.35,48.30,34.12
303.30,35.08,21.16,22.49,20.95,97.88,56.21,48.41,34.12
303.31,35.15,21.16,22.49,20.99,97.88,56.35,48.30,34.12
303.32,35.08,21.13,22.49,20.95,97.88,56.21,48.41,34.06
303.33,35.01,21.13,22.49,20.99,97.51,56.21,48.30,34.12
303.34,35.08,21.13,22.49,20.95,97.88,56.35,48.30,34.12
303.35,35.08,21.13,22.52,20.95,97.88,56.35,48.30,34.12
303.36,35.15,21.16,22.49,20.95,97.88,56.21,48.41,34.12
303.37,35.08,21.16,22.49,20.99,97.88,56.21,48.41,34.06
303.38,35.08,21.13,22.46,20.95,97.51,56.35,48.30,34.06
303.39,35.08,21.13,22.49,20.95,97.88,56.21,48.30,34.12
303.40,35.15,21.13,22.49,20.95,97.88,56.21,48.41,34.12
303.41,35.08,21.16,22.49,20.95,97.88,56.35,48.41,34.12
303.42,35.08,21.13,22.49,20.95,97.88,56.21,48.41,34.12
303.43,35.08,21.13,22.49,20.95,97.51,56.35,48.30,34.12
303.44,35.15,21.13,22.49,20.99,97.88,56.35,48.30,34.12
303.45,35.01,21.13,22.49,20.99,97.88,56.50,48.41,34.12
303.46,35.08,21.16,22.49,20.95,97.88,56.35,48.41,34.12
303.47,35.08,21.16,22.49,20.95,97.88,56.35,48.30,34.06
303.48,35.08,21.13,22.49,20.95,97.51,56.35,48.30,34.12
303.49,35.08,21.13,22.49,20.95,97.88,56.21,48.41,34.06
303.50,35.08,21.13,22.49,20.95,97.88,56.21,48.41,34.12
303.51,35.15,21.16,22.49,20.95,97.88,56.35,48.41,34.12
303.52,35.15,21.16,22.49,20.95,97.88,56.35,48.30,34.12
303.53,35.08,21.13,22.49,20.95,97.88,56.21,48.30,34.06
303.54,35.15,21.13,22.49,20.95,97.88,56.21,48.30,34.12
303.55,35.15,21.13,22.49,20.95,97.88,56.35,48.41,34.12
303.56,35.08,21.16,22.49,20.95,97.88,56.21,48.41,34.12
303.57,35.08,21.13,22.49,20.95,97.88,56.21,48.30,34.06
303.58,35.15,21.13,22.49,20.95,97.88,56.21,48.30,34.12
303.59,35.08,21.13,22.49,20.95,97.88,56.21,48.30,34.12
303.60,35.15,21.16,22.49,20.95,97.88,56.35,48.41,34.12
303.61,35.15,21.16,22.49,20.95,97.88,56.21,48.41,34.12
303.62,35.21,21.16,22.49,20.95,97.88,56.35,48.30,34.12
303.63,35.08,21.13,22.49,20.95,97.88,56.35,48.41,34.12
303.64,35.08,21.13,22.49,20.95,97.88,56.35,48.41,34.12
303.65,35.15,21.13,22.49,20.95,97.88,56.35,48.41,34.12
303.66,35.15,21.16,22.49,20.95,97.88,56.35,48.41,34.12
303.67,35.08,21.13,22.49,20.95,97.88,56.21,48.41,34.06
303.68,35.08,21.13,22.49,20.99,97.88,56.35,48.41,34.12
303.69,35.08,21.13,22.49,20.95,97.88,56.21,48.41,34.12
303.70,35.08,21.13,22.49,20.95,97.88,56.21,48.41,34.12
303.71,35.15,21.16,22.52,20.99,97.88,56.35,48.41,34.12
303.72,35.15,21.16,22.49,20.99,97.88,56.35,48.41,34.12
303.73,35.15,21.13,22.49,20.95,97.88,56.35,48.41,34.12
303.74,35.15,21.13,22.49,20.95,97.88,56.35,48.41,34.12
303.75,35.15,21.13,22.49,20.95,97.88,56.21,48.30,34.12
303.76,35.21,21.16,22.52,20.95,97.88,56.35,48.41,34.12
303.77,35.15,21.16,22.49,20.95,97.88,56.35,48.41,34.12
303.78,35.08,21.16,22.49,20.95,97.51,56.21,48.30,34.12
303.79,35.15,21.13,22.49,20.95,97.88,56.21,48.41,34.12
303.80,35.15,21.16,22.49,20.95,97.88,56.35,48.41,34.12
303.81,35.15,21.16,22.49,20.95,97.88,56.21,48.41,34.12
303.82,35.21,21.16,22.49,20.95,97.88,56.35,48.41,34.12
303.83,35.15,21.16,22.49,20.95,97.88,56.21,48.30,34.12
303.84,35.15,21.13,22.49,20.95,97.88,56.35,48.41,34.12
303.85,35.21,21.16,22.49,20.95,97.88,56.35,48.30,34.12
303.86,35.21,21.16,22.52,20.95,97.88,56.35,48.41,34.12
303.87,35.08,21.16,22.52,20.95,97.88,56.35,48.41,34.12
303.88,35.08,21.13,22.49,20.95,97.88,56.35,48.30,34.12
303.89,35.15,21.13,22.49,20.95,97.88,56.21,48.41,34.12
303.90,35.08,21.13,22.49,20.95,97.88,56.35,48.41,34.12
303.91,35.15,21.16,22.52,20.95,97.88,56.21,48.41,34.12
303.92,35.15,21.16,22.52,20.95,97.88,56.35,48.41,34.12
303.93,35.15,21.13,22.49,20.95,97.88,56.21,48.41,34.12
303.94,35.08,21.13,22.49,20.95,97.88,56.35,48.41,34.12
303.95,35.08,21.13,22.49,20.95,97.88,56.35,48.41,34.12
303.96,35.15,21.16,22.49,20.95,97.88,56.35,48.41,34.12
303.97,35.15,21.16,22.52,20.99,97.88,56.21,48.41,34.12
303.98,35.08,21.13,22.49,20.95,97.88,56.21,48.41,34.12
303.99,35.08,21.16,22.49,20.95,97.88,56.35,48.30,34.12
304.00,35.15,21.16,22.49,20.95,97.88,56.35,48.41,34.12
304.01,35.15,21.16,22.52,20.95,97.88,56.35,48.41,34.12
304.02,35.15,21.19,22.52,20.99,97.88,56.21,48.41,34.12
304.03,35.08,21.13,22.49,20.95,97.88,56.35,48.41,34.12
304.04,35.08,21.13,22.49,20.95,97.88,56.35,48.41,34.12
304.05,35.08,21.16,22.49,20.95,97.88,56.35,48.41,34.12
304.06,35.15,21.16,22.52,20.99,97.88,56.35,48.30,34.12
304.07,35.15,21.19,22.49,20.99,97.88,56.35,48.41,34.12
304.08,35.15,21.16,22.49,20.99,97.88,56.35,48.41,34.12
304.09,35.15,21.13,22.49,20.95,97.88,56.35,48.41,34.19
304.10,35.08,21.16,22.52,20.95,97.88,56.35,48.41,34.12
304.11,35.21,21.16,22.52,20.95,97.88,56.21,48.41,34.12
304.12,35.15,21.16,22.52,20.95,97.88,56.35,48.41,34.12
304.13,35.15,21.13,22.49,20.95,97.88,56.07,48.41,34.12
304.14,35.21,21.16,22.49,20.95,97.88,56.35,48.30,34.19
304.15,35.21,21.13,22.49,20.99,97.88,56.35,48.41,34.12
304.16,35.21,21.16,22.49,20.95,97.88,56.21,48.41,34.12
304.17,35.21,21.16,22.52,20.95,97.88,56.35,48.41,34.19
304.18,35.08,21.16,22.52,20.95,97.88,56.21,48.41,34.06
304.19,35.08,21.13,22.49,20.95,97.88,56.21,48.41,34.12
304.20,35.15,21.16,22.52,20.95,97.88,56.35,48.41,34.19
304.21,35.15,21.16,22.52,20.99,97.88,56.35,48.41,34.12
304.22,35.15,21.13,22.52,20.95,97.88,56.35,48.41,34.12
304.23,35.15,21.13,22.49,20.95,97.88,56.21,48.41,34.12
304.24,35.08,21.13,22.49,20.99,97.88,56.35,48.41,34.12
304.25,35.15,21.16,22.49,20.95,97.88,56.35,48.41,34.12
304.26,35.15,21.16,22.52,20.99,97.88,56.35,48.41,34.19
304.27,35.15,21.16,22.52,20.95,97.88,56.35,48.41,34.12
304.28,35.08,21.13,22.49,20.95,97.88,56.35,48.41,34.19
304.29,35.15,21.16,22.52,20.95,97.88,56.35,48.41,34.12
304.30,35.21,21.16,22.49,20.99,97.88,56.35,48.41,34.12
304.31,35.15,21.16,22.52,20.95,97.88,56.35,48.41,34.12
304.32,35.15,21.19,22.52,20.99,97.88,56.35,48.41,34.12
304.33,35.15,21.13,22.49,20.95,97.88,56.35,48.41,34.12
304.34,35.15,21.13,22.52,20.95,97.88,56.35,48.41,34.12
304.35,35.08,21.16,22.52,20.95,97.88,56.35,48.41,34.12
304.36,35.15,21.16,22.52,20.95,97.88,56.35,48.41,34.12
304.37,35.21,21.16,22.52,20.95,97.88,56.35,48.41,34.12
304.38,35.08,21.16,22.49,20.95,97.51,56.35,48.41,34.12
304.39,35.08,21.16,22.49,20.99,97.88,56.35,48.30,34.12
304.40,35.21,21.16,22.52,20.99,97.51,56.35,48.41,34.12
304.41,35.15,21.16,22.52,20.95,97.88,56.35,48.30,34.19
304.42,35.21,21.19,22.52,20.99,97.88,56.35,48.41,34.19
304.43,35.15,21.16,22.52,20.99,97.88,56.21,48.19,34.12
304.44,35.15,21.16,22.49,20.99,97.88,56.35,48.52,34.12
304.45,35.15,21.16,22.52,20.99,97.88,56.35,48.41,34.19
304.46,35.21,21.16,22.52,20.95,97.88,56.35,48.41,34.12
304.47,35.15,21.16,22.52,20.99,97.88,56.35,48.41,34.19
304.48,35.15,21.16,22.49,20.95,97.88,56.35,48.41,34.12
304.49,35.08,21.16,22.52,20.99,97.88,56.21,48.41,34.12
304.50,35.08,21.13,22.52,20.99,97.88,56.21,48.41,34.12
304.51,35.15,21.16,22.52,20.99,97.88,56.35,48.41,34.12
304.52,35.15,21.16,22.52,20.99,97.88,56.35,48.41,34.12
304.53,35.08,21.16,22.52,20.95,97.88,56.35,48.41,34.19
304.54,35.15,21.16,22.52,20.95,97.88,56.21,48.41,34.19
304.55,35.08,21.16,22.52,20.95,97.88,56.35,48.41,34.12
304.56,35.15,21.16,22.52,20.95,97.88,56.35,48.41,34.12
304.57,35.21,21.16,22.52,20.99,97.88,56.35,48.41,34.12
304.58,35.08,21.13,22.49,20.95,97.88,56.35,48.41,34.12
304.59,35.08,21.16,22.52,20.95,97.88,56.35,48.41,34.12
304.60,35.15,21.16,22.52,20.95,97.88,56.35,48.41,34.12
304.61,35.15,21.16,22.52,20.99,97.51,56.35,48.41,34.19
304.62,35.15,21.16,22.52,20.99,97.88,56.35,48.30,34.12
304.63,35.21,21.16,22.49,20.95,97.88,56.35,48.41,34.12
304.64,35.15,21.16,22.52,20.95,97.88,56.35,48.41,34.19
304.65,35.15,21.16,22.52,20.95,97.88,56.35,48.41,34.19
304.66,35.21,21.16,22.52,20.95,97.88,56.35,48.30,34.12
304.67,35.15,21.19,22.52,20.99,97.88,56.35,48.41,34.19
304.68,35.08,21.16,22.52,20.95,97.88,56.35,48.41,34.19
304.69,35.08,21.13,22.49,20.99,97.88,56.35,48.41,34.19
304.70,35.08,21.16,22.52,20.99,97.88,56.35,48.41,34.19
304.71,35.15,21.16,22.52,20.95,97.88,56.35,48.41,34.19
304.72,35.15,21.16,22.52,20.99,97.88,56.35,48.41,34.19
304.73,35.15,21.16,22.52,20.95,97.88,56.35,48.41,34.12
304.74,35.15,21.16,22.49,20.99,97.88,56.35,48.41,34.19
304.75,35.21,21.16,22.52,20.95,97.88,56.35,48.41,34.19
304.76,35.15,21.16,22.52,20.99,97.88,56.35,48.41,34.12
304.77,35.15,21.16,22.52,20.95,97.88,56.35,48.52,34.19
304.78,35.15,21.16,22.52,20.95,97.88,56.35,48.41,34.19
304.79,35.15,21.16,22.52,20.99,97.88,56.35,48.41,34.19
304.80,35.15,21.16,22.52,20.99,97.88,56.35,48.41,34.19
304.81,35.15,21.16,22.52,20.99,97.88,56.35,48.52,34.19
304.82,35.15,21.16,22.52,20.95,97.88,56.35,48.41,34.19
304.83,35.21,21.16,22.52,20.95,97.88,56.35,48.41,34.19
304.84,35.15,21.16,22.52,20.99,97.88,56.35,48.41,34.19
304.85,35.15,21.10,22.52,20.95,97.88,56.35,48.41,34.19
304.86,35.15,21.19,22.52,20.95,97.88,56.35,48.41,34.12
304.87,35.15,21.16,22.52,20.99,97.88,56.35,48.52,34.12
304.88,35.08,21.16,22.52,20.99,97.88,56.35,48.41,34.19
304.89,35.08,21.16,22.52,20.95,97.88,56.35,48.41,34.19
304.90,35.15,21.16,22.52,20.99,97.88,56.35,48.41,34.19
304.91,35.15,21.16,22.56,20.95,97.88,56.35,48.41,34.19
304.92,35.15,21.16,22.52,20.99,97.88,56.35,48.52,34.19
304.93,35.21,21.16,22.52,20.95,97.88,56.21,48.30,34.12
304.94,35.15,21.16,22.52,20.99,97.88,56.35,48.41,34.19
304.95,35.15,21.16,22.52,20.99,97.88,56.35,48.52,34.19
304.96,35.21,21.16,22.52,20.99,97.88,56.35,48.41,34.12
304.97,35.21,21.19,22.52,20.95,97.88,56.35,48.41,34.19
304.98,35.15,21.16,22.52,20.95,97.88,56.21,48.41,34.12
304.99,35.15,21.16,22.52,20.95,97.88,56.35,48.41,34.19
305.00,35.15,21.16,22.52,20.95,97.88,56.35,48.52,34.19
305.01,35.21,21.19,22.52,20.99,97.88,56.35,48.41,34.19
305.02,35.15,21.16,22.52,20.99,97.88,56.35,48.41,34.12
305.03,35.15,21.16,22.52,20.95,97.88,56.35,48.41,34.12
305.04,35.21,21.19,22.49,20.95,97.88,56.35,48.41,34.12
305.05,35.15,21.16,22.52,20.99,97.88,56.35,48.41,34.19
305.06,35.21,21.16,22.52,20.99,97.88,56.35,48.41,34.19
305.07,35.15,21.16,22.52,20.99,97.88,56.35,48.41,34.19
305.08,35.15,21.16,22.52,20.95,97.88,56.35,48.41,34.19
305.09,35.21,21.16,22.52,20.99,97.88,56.35,48.41,34.12
305.10,35.15,21.16,22.52,20.99,97.88,56.35,48.52,34.19
305.11,35.15,21.19,22.52,20.99,97.88,56.35,48.41,34.19
305.12,35.15,21.19,22.52,20.99,97.88,56.35,48.41,34.19
305.13,35.21,21.16,22.52,20.95,97.88,56.35,48.41,34.19
305.14,35.15,21.16,22.52,20.95,97.88,56.35,48.41,34.19
305.15,35.15,21.16,22.52,20.99,97.88,56.35,48.52,34.19
305.16,35.21,21.19,22.56,20.99,97.88,56.35,48.52,34.19
305.17,35.15,21.16,22.52,20.99,97.88,56.35,48.41,34.19
305.18,35.21,21.16,22.52,20.99,97.88,56.35,48.41,34.19
305.19,35.15,21.16,22.52,20.95,97.88,56.35,48.41,34.12
305.20,35.15,21.19,22.52,20.99,97.88,56.35,48.52,34.19
305.21,35.21,21.19,22.56,20.99,97.88,56.35,48.41,34.19
305.22,35.15,21.16,22.52,20.99,97.88,56.35,48.41,34.19
305.23,35.15,21.16,22.52,20.95,97.88,56.35,48.41,34.19
305.24,35.15,21.16,22.52,20.99,97.88,56.35,48.41,34.19
305.25,35.15,21.16,22.52,20.99,97.88,56.35,48.41,34.19
305.26,35.15,21.19,22.56,20.99,97.88,56.35,48.41,34.19
305.27,35.15,21.19,22.52,20.99,97.88,56.35,48.52,34.19
305.28,35.21,21.16,22.52,20.99,97.88,56.35,48.41,34.19
305.29,35.15,21.19,22.52,20.95,97.88,56.35,48.41,34.19
305.30,35.21,21.13,22.52,20.99,98.26,56.35,48.41,34.19
305.31,35.28,21.23,22.52,20.99,97.88,56.35,48.41,34.19
305.32,35.21,21.19,22.52,20.95,97.88,56.50,48.52,34.19
305.33,35.15,21.19,22.52,20.95,97.88,56.35,48.52,34.19
305.34,35.15,21.16,22.52,20.99,97.88,56.35,48.41,34.19
305.35,35.15,21.19,22.56,20.99,97.88,56.35,48.52,34.19
305.36,35.15,21.19,22.56,20.99,97.88,56.35,48.41,34.12
305.37,35.15,21.19,22.56,20.99,97.88,56.35,48.52,34.19
305.38,35.21,21.16,22.52,20.99,97.88,56.35,48.41,34.19
305.39,35.21,21.16,22.52,20.99,98.26,56.50,48.41,34.19
305.40,35.21,21.16,22.52,20.99,97.88,56.35,48.52,34.19
305.41,35.21,21.19,22.56,20.99,97.88,56.64,48.41,34.19
305.42,35.21,21.19,22.56,20.99,97.88,56.35,48.41,34.12
305.43,35.21,21.16,22.52,20.99,98.26,56.35,48.41,34.25
305.44,35.15,21.16,22.52,20.99,97.88,56.50,48.41,34.19
305.45,35.15,21.19,22.52,20.99,97.88,56.50,48.41,34.19
305.46,35.21,21.19,22.56,20.99,97.88,56.50,48.52,34.19
305.47,35.21,21.19,22.56,20.99,97.88,56.35,48.41,34.19
305.48,35.21,21.16,22.52,20.99,98.26,56.35,48.41,34.19
305.49,35.15,21.16,22.52,20.99,97.88,56.35,48.52,34.19
305.50,35.15,21.19,22.52,20.99,97.88,56.35,48.52,34.19
305.51,35.21,21.19,22.56,20.95,98.26,56.35,48.52,34.19
305.52,35.15,21.19,22.56,20.99,98.26,56.35,48.41,34.19
305.53,35.15,21.19,22.52,20.99,97.88,56.35,48.52,34.19
305.54,35.21,21.16,22.56,20.99,97.88,56.50,48.41,34.19
305.55,35.08,21.19,22.56,20.95,97.88,56.35,48.52,34.19
305.56,35.28,21.19,22.56,20.99,97.88,56.35,48.41,34.19
305.57,35.34,21.19,22.52,20.99,97.88,56.50,48.52,34.19
305.58,35.15,21.16,22.56,20.99,97.88,56.35,48.52,34.19
305.59,35.15,21.19,22.52,20.99,97.88,56.35,48.52,34.19
305.60,35.28,21.19,22.56,20.99,97.88,56.35,48.41,34.19
305.61,35.21,21.19,22.56,20.99,98.26,56.35,48.41,34.19
305.62,35.15,21.19,22.56,20.95,97.88,56.21,48.41,34.19
305.63,35.15,21.16,22.56,20.99,98.26,56.35,48.52,34.19
305.64,35.15,21.16,22.52,20.99,97.88,56.50,48.52,34.19
305.65,35.15,21.19,22.56,20.99,97.51,56.35,48.41,34.19
305.66,35.21,21.19,22.56,20.99,98.64,56.50,48.62,34.19
305.67,35.15,21.19,22.56,20.99,97.88,56.35,48.30,34.19
305.68,35.15,21.19,22.52,20.99,97.88,56.50,48.62,34.19
305.69,35.15,21.19,22.56,20.95,98.26,56.35,48.41,34.19
305.70,35.15,21.19,22.56,20.99,98.26,56.50,48.52,34.19
305.71,35.28,21.19,22.59,20.99,98.26,56.50,48.52,34.19
305.72,35.21,21.19,22.56,20.95,97.88,56.35,48.41,34.19
305.73,35.15,21.16,22.56,20.99,97.88,56.35,48.41,34.19
305.74,35.21,21.19,22.56,20.99,97.88,56.35,48.52,34.12
305.75,35.28,21.19,22.56,20.99,97.88,56.35,48.52,34.19
305.76,35.21,21.19,22.56,20.99,97.88,56.50,48.52,34.19
305.77,35.21,21.19,22.56,20.99,97.88,56.35,48.52,34.19
305.78,35.15,21.19,22.56,20.99,97.88,56.35,48.52,34.19
305.79,35.21,21.19,22.52,20.99,97.88,56.35,48.41,34.19
305.80,35.15,21.19,22.56,20.95,98.26,56.35,48.52,34.19
305.81,35.21,21.19,22.56,20.99,97.88,56.35,48.52,34.19
305.82,35.28,21.19,22.56,20.99,98.26,56.50,48.52,34.19
305.83,35.15,21.19,22.56,20.99,97.88,56.35,48.52,34.19
305.84,35.15,21.19,22.56,20.99,97.88,56.35,48.52,34.19
305.85,35.21,21.19,22.56,20.99,97.88,56.35,48.52,34.19
305.86,35.21,21.19,22.56,20.99,97.88,56.35,48.41,34.19
305.87,35.28,21.19,22.56,20.99,97.88,56.35,48.52,34.19
305.88,35.21,21.19,22.56,20.95,98.26,56.35,48.41,34.19
305.89,35.15,21.19,22.56,20.99,97.88,56.35,48.41,34.19
305.90,35.21,21.19,22.56,20.99,98.26,56.50,48.52,34.25
305.91,35.21,21.19,22.56,20.99,98.26,56.50,48.52,34.19
305.92,35.21,21.19,22.56,20.99,98.26,56.50,48.52,34.19
305.93,35.21,21.19,22.56,20.99,98.26,56.35,48.52,34.19
305.94,35.21,21.19,22.56,20.99,97.88,56.50,48.52,34.19
305.95,35.21,21.19,22.56,20.99,98.26,56.35,48.30,34.19
305.96,35.21,21.19,22.56,20.99,98.26,56.50,48.52,34.19
305.97,35.21,21.19,22.56,20.95,97.88,56.50,48.52,34.19
305.98,35.15,21.19,22.56,20.99,98.26,56.35,48.52,34.19
305.99,35.21,21.19,22.56,20.99,98.26,56.50,48.52,34.19
306.00,35.21,21.23,22.56,20.99,98.26,56.35,48.52,34.25
306.01,35.21,21.19,22.59,20.99,98.26,56.50,48.52,34.19
306.02,35.21,21.19,22.59,20.99,97.88,56.50,48.52,34.25
306.03,35.21,21.19,22.56,20.99,97.88,56.35,48.52,34.19
306.04,35.21,21.19,22.56,20.99,98.26,56.21,48.52,34.19
306.05,35.21,21.19,22.56,20.99,98.26,56.50,48.52,34.19
306.06,35.21,21.23,22.59,20.99,97.88,56.35,48.52,34.25
306.07,35.21,21.19,22.56,20.99,98.26,56.35,48.52,34.19
306.08,35.21,21.19,22.56,20.99,97.88,56.35,48.52,34.19
306.09,35.21,21.19,22.56,20.99,97.88,56.35,48.52,34.19
306.10,35.21,21.23,22.56,20.99,98.26,56.50,48.52,34.19
306.11,35.21,21.26,22.56,20.99,98.26,56.50,48.52,34.25
306.12,35.21,21.19,22.56,20.99,97.88,56.35,48.52,34.19
306.13,35.28,21.19,22.56,20.99,97.88,56.35,48.52,34.19
306.14,35.08,21.19,22.56,20.99,98.26,56.50,48.52,34.19
306.15,35.21,21.19,22.56,20.99,98.26,56.50,48.52,34.19
306.16,35.21,21.23,22.59,20.99,98.26,56.50,48.52,34.19
306.17,35.21,21.19,22.59,20.99,97.88,56.50,48.52,34.25
306.18,35.21,21.19,22.56,20.99,98.26,56.35,48.52,34.19
306.19,35.21,21.19,22.56,20.99,97.88,56.50,48.52,34.19
306.20,35.21,21.19,22.56,20.99,98.26,56.50,48.52,34.19
306.21,35.28,21.23,22.59,20.99,98.26,56.50,48.52,34.25
306.22,35.21,21.23,22.59,20.99,98.26,56.50,48.52,34.19
306.23,35.21,21.19,22.56,20.99,97.88,56.35,48.52,34.19
306.24,35.28,21.19,22.56,20.99,98.26,56.35,48.52,34.25
306.25,35.28,21.23,22.56,20.99,97.88,56.50,48.52,34.25
306.26,35.21,21.23,22.59,20.99,97.88,56.50,48.52,34.19
306.27,35.21,21.19,22.59,20.99,98.26,56.35,48.52,34.19
306.28,35.21,21.19,22.56,20.99,98.26,56.35,48.52,34.19
306.29,35.21,21.19,22.56,20.99,98.26,56.50,48.52,34.19
306.30,35.21,21.19,22.59,20.99,98.26,56.50,48.52,34.19
306.31,35.21,21.23,22.59,20.99,98.26,56.50,48.52,34.19
306.32,35.21,21.19,22.59,20.99,98.26,56.50,48.52,34.25
306.33,35.28,21.23,22.56,20.99,97.88,56.50,48.52,34.25
306.34,35.28,21.23,22.56,20.99,98.26,56.50,48.52,34.19
306.35,35.21,21.19,22.56,20.99,98.26,56.50,48.52,34.25
306.36,35.28,21.23,22.59,20.99,98.26,56.50,48.62,34.25
306.37,35.28,21.19,22.59,20.99,98.26,56.50,48.52,34.25
306.38,35.21,21.19,22.56,20.99,97.88,56.50,48.52,34.25
306.39,35.21,21.19,22.56,20.99,98.26,56.50,48.52,34.25
306.40,35.28,21.23,22.59,20.99,98.26,56.50,48.52,34.25
306.41,35.28,21.23,22.59,20.99,98.26,56.50,48.52,34.25
306.42,35.21,21.19,22.59,20.99,97.88,56.50,48.52,34.25
306.43,35.21,21.19,22.59,20.99,98.26,56.50,48.52,34.19
306.44,35.21,21.19,22.59,20.99,98.26,56.35,48.62,34.19
306.45,35.21,21.19,22.56,20.99,98.26,56.50,48.52,34.25
306.46,35.28,21.23,22.59,20.99,98.26,56.64,48.52,34.25
306.47,35.34,21.23,22.59,20.99,98.26,56.35,48.52,34.25
306.48,35.28,21.23,22.59,20.99,98.26,56.50,48.52,34.19
306.49,35.21,21.19,22.59,20.99,98.26,56.50,48.52,34.25
306.50,35.21,21.23,22.56,20.99,98.26,56.50,48.52,34.25
306.51,35.21,21.23,22.59,20.99,98.26,56.35,48.52,34.25
306.52,35.28,21.23,22.59,20.99,98.26,56.50,48.52,34.25
306.53,35.21,21.23,22.59,20.99,98.26,56.35,48.52,34.25
306.54,35.28,21.19,22.59,20.99,98.26,56.50,48.52,34.25
306.55,35.28,21.19,22.59,20.99,98.26,56.35,48.52,34.25
306.56,35.21,21.23,22.59,20.99,98.26,56.50,48.52,34.25
306.57,35.21,21.19,22.59,20.95,98.26,56.35,48.52,34.19
306.58,35.28,21.19,22.56,20.99,97.88,56.50,48.52,34.25
306.59,35.28,21.19,22.56,20.99,98.26,56.35,48.52,34.25
306.60,35.21,21.19,22.59,20.99,98.26,56.35,48.52,34.25
306.61,35.21,21.23,22.59,20.99,98.26,56.50,48.62,34.25
306.62,35.21,21.23,22.59,20.99,97.88,56.50,48.52,34.25
306.63,35.21,21.19,22.59,20.99,98.26,56.50,48.52,34.19
306.64,35.28,21.19,22.56,20.99,97.88,56.35,48.52,34.25
306.65,35.28,21.23,22.59,20.99,98.26,56.64,48.52,34.31
306.66,35.21,21.23,22.59,20.99,98.26,56.50,48.52,34.25
306.67,35.21,21.23,22.59,20.99,98.26,56.21,48.52,34.19
306.68,35.21,21.19,22.59,20.99,97.88,56.50,48.52,34.31
306.69,35.28,21.23,22.56,20.99,98.26,56.50,48.52,34.19
306.70,35.21,21.19,22.59,20.99,98.26,56.35,48.52,34.25
306.71,35.21,21.23,22.59,20.95,98.26,56.50,48.52,34.25
306.72,35.28,21.19,22.59,20.99,98.26,56.50,48.52,34.25
306.73,35.28,21.23,22.56,20.99,98.26,56.35,48.52,34.19
306.74,35.21,21.23,22.56,20.99,97.88,56.35,48.52,34.25
306.75,35.21,21.23,22.56,20.99,98.26,56.50,48.52,34.25
306.76,35.21,21.23,22.59,20.99,98.26,56.50,48.52,34.19
306.77,35.21,21.23,22.59,20.99,98.26,56.50,48.52,34.19
306.78,35.21,21.19,22.56,20.99,97.88,56.50,48.52,34.25
306.79,35.21,21.19,22.56,20.99,97.88,56.35,48.52,34.25
306.80,35.28,21.23,22.59,20.99,98.26,56.50,48.52,34.25
306.81,35.28,21.23,22.59,20.99,98.26,56.50,48.52,34.25
306.82,35.21,21.23,22.59,20.99,98.26,56.50,48.62,34.25
306.83,35.28,21.23,22.59,20.99,98.26,56.35,48.52,34.19
306.84,35.21,21.19,22.56,20.99,98.26,56.50,48.52,34.25
306.85,35.28,21.19,22.56,20.99,97.88,56.50,48.52,34.25
306.86,35.28,21.23,22.56,20.99,98.26,56.50,48.52,34.25
306.87,35.21,21.23,22.59,20.99,98.26,56.50,48.62,34.25
306.88,35.28,21.23,22.59,20.99,98.26,56.50,48.52,34.25
306.89,35.28,21.19,22.59,20.99,98.26,56.50,48.62,34.25
306.90,35.21,21.19,22.59,20.99,98.26,56.50,48.52,34.25
306.91,35.28,21.23,22.59,20.99,98.26,56.35,48.62,34.25
306.92,35.21,21.23,22.59,20.99,98.26,56.35,48.52,34.25
306.93,35.21,21.23,22.59,20.99,98.26,56.50,48.52,34.25
306.94,35.21,21.19,22.59,20.99,98.26,56.50,48.52,34.25
306.95,35.21,21.19,22.56,20.99,97.88,56.50,48.52,34.25
306.96,35.21,21.19,22.59,20.99,98.26,56.35,48.52,34.25
306.97,35.21,21.23,22.59,20.99,98.26,56.50,48.52,34.25
306.98,35.21,21.23,22.59,20.99,97.88,56.50,48.52,34.25
306.99,35.21,21.19,22.59,20.99,97.88,56.35,48.52,34.25
307.00,35.28,21.19,22.59,20.99,98.26,56.35,48.52,34.25
307.01,35.21,21.19,22.59,20.99,98.26,56.35,48.52,34.25
307.02,35.28,21.23,22.59,20.99,98.26,56.50,48.52,34.25
307.03,35.28,21.23,22.59,20.99,97.88,56.50,48.52,34.25
307.04,35.21,21.23,22.59,20.99,98.26,56.35,48.52,34.25
307.05,35.21,21.19,22.56,20.99,98.26,56.35,48.52,34.25
307.06,35.21,21.23,22.56,20.99,98.26,56.50,48.62,34.25
307.07,35.21,21.23,22.59,20.99,98.26,56.50,48.52,34.25
307.08,35.21,21.19,22.59,20.99,98.26,56.50,48.62,34.25
307.09,35.21,21.19,22.56,20.99,98.26,56.35,48.52,34.25
307.10,35.21,21.19,22.59,20.99,98.26,56.35,48.52,34.25
307.11,35.28,21.19,22.59,21.02,98.26,56.50,48.52,34.25
307.12,35.21,21.19,22.59,20.99,98.26,56.50,48.52,34.25
307.13,35.21,21.23,22.59,20.99,98.26,56.50,48.52,34.25
307.14,35.21,21.19,22.56,20.99,98.26,56.35,48.52,34.25
307.15,35.21,21.19,22.56,20.99,97.88,56.35,48.52,34.25
307.16,35.21,21.19,22.59,20.99,98.26,56.50,48.52,34.25
307.17,35.21,21.23,22.59,20.99,98.26,56.35,48.52,34.25
307.18,35.21,21.23,22.59,20.99,97.88,56.50,48.52,34.25
307.19,35.21,21.19,22.59,20.99,97.88,56.50,48.52,34.25
307.20,35.21,21.19,22.56,20.99,97.88,56.35,48.52,34.25
307.21,35.21,21.19,22.56,20.99,98.26,56.50,48.52,34.25
307.22,35.28,21.23,22.59,20.99,98.26,56.50,48.52,34.25
307.23,35.21,21.19,22.59,20.99,98.26,56.50,48.62,34.25
307.24,35.21,21.19,22.56,20.99,98.26,56.35,48.62,34.25
307.25,35.21,21.19,22.56,20.99,98.26,56.50,48.52,34.25
307.26,35.28,21.23,22.59,20.99,98.26,56.50,48.52,34.25
307.27,35.21,21.19,22.59,21.02,98.26,56.50,48.52,34.25
307.28,35.21,21.19,22.59,20.99,98.26,56.35,48.52,34.25
307.29,35.21,21.19,22.59,20.99,98.26,56.50,48.52,34.25
307.30,35.21,21.19,22.56,20.99,97.88,56.50,48.52,34.25
307.31,35.28,21.19,22.59,20.99,98.26,56.50,48.52,34.25
307.32,35.28,21.23,22.59,20.99,98.26,56.50,48.52,34.25
307.33,35.21,21.23,22.59,20.95,97.88,56.50,48.52,34.25
307.34,35.28,21.19,22.59,20.99,98.26,56.35,48.41,34.25
307.35,35.21,21.19,22.59,20.99,97.88,56.50,48.52,34.25
307.36,35.28,21.19,22.59,20.99,98.26,56.50,48.52,34.25
307.37,35.21,21.23,22.59,20.99,98.26,56.50,48.52,34.25
307.38,35.21,21.19,22.59,20.99,98.26,56.50,48.52,34.25
307.39,35.21,21.19,22.59,20.99,98.26,56.50,48.52,34.25
307.40,35.21,21.19,22.56,20.99,98.26,56.35,48.52,34.31
307.41,35.21,21.19,22.59,20.99,98.26,56.35,48.52,34.25
307.42,35.34,21.23,22.59,20.99,98.26,56.50,48.52,34.25
307.43,35.21,21.23,22.59,20.99,97.88,56.50,48.52,34.25
307.44,35.21,21.19,22.59,20.99,98.26,56.35,48.52,34.25
307.45,35.21,21.19,22.56,20.99,98.26,56.35,48.52,34.19
307.46,35.21,21.19,22.59,20.99,98.26,56.35,48.52,34.25
307.47,35.21,21.23,22.56,20.99,98.26,56.50,48.52,34.25
307.48,35.21,21.19,22.59,20.99,97.88,56.50,48.52,34.25
307.49,35.28,21.19,22.56,20.99,98.26,56.35,48.41,34.25
307.50,35.28,21.19,22.56,20.99,98.26,56.35,48.52,34.25
307.51,35.21,21.19,22.59,20.99,97.88,56.35,48.52,34.25
307.52,35.28,21.23,22.59,20.99,98.26,56.50,48.52,34.25
307.53,35.28,21.19,22.59,20.99,98.26,56.50,48.52,34.25
307.54,35.21,21.19,22.56,20.99,97.88,56.50,48.52,34.25
307.55,35.28,21.19,22.56,20.99,98.26,56.50,48.52,34.31
307.56,35.21,21.19,22.59,20.99,98.26,56.35,48.52,34.25
307.57,35.21,21.19,22.59,20.99,98.26,56.35,48.52,34.31
307.58,35.21,21.19,22.56,20.99,97.88,56.50,48.52,34.25
307.59,35.21,21.19,22.56,20.99,97.88,56.50,48.52,34.25
307.60,35.21,21.19,22.56,20.99,98.26,56.50,48.52,34.31
307.61,35.28,21.19,22.56,20.99,98.26,56.50,48.52,34.31
307.62,35.21,21.19,22.59,20.99,98.26,56.50,48.62,34.25
307.63,35.21,21.19,22.59,20.99,97.88,56.50,48.52,34.31
307.64,35.21,21.19,22.56,20.99,97.88,56.50,48.52,34.25
307.65,35.21,21.19,22.56,20.99,98.26,56.50,48.52,34.31
307.66,35.21,21.19,22.56,20.99,98.26,56.50,48.52,34.31
307.67,35.21,21.19,22.59,20.99,98.26,56.50,48.52,34.31
307.68,35.28,21.19,22.59,20.99,97.88,56.35,48.52,34.31
307.69,35.21,21.19,22.59,20.99,97.88,56.50,48.52,34.31
307.70,35.21,21.19,22.56,20.99,98.26,56.35,48.52,34.25
307.71,35.21,21.19,22.59,20.99,98.26,56.50,48.52,34.25
307.72,35.28,21.23,22.59,20.99,98.26,56.50,48.52,34.25
307.73,35.21,21.19,22.59,20.99,98.26,56.50,48.52,34.25
307.74,35.21,21.19,22.56,20.99,98.26,56.35,48.52,34.25
307.75,35.21,21.16,22.56,20.99,98.26,56.35,48.52,34.25
307.76,35.21,21.19,22.59,21.02,98.26,56.50,48.52,34.25
307.77,35.28,21.16,22.59,20.99,98.26,56.50,48.52,34.31
307.78,35.28,21.23,22.59,20.99,98.26,56.50,48.52,34.25
307.79,35.28,21.19,22.56,20.99,98.26,56.50,48.52,34.25
307.80,35.21,21.19,22.56,20.99,97.88,56.35,48.52,34.31
307.81,35.21,21.19,22.56,20.99,98.26,56.50,48.52,34.25
307.82,35.21,21.23,22.59,20.99,98.26,56.50,48.52,34.31
307.83,35.21,21.19,22.59,20.99,98.26,56.35,48.52,34.25
307.84,35.15,21.19,22.56,20.99,98.26,56.35,48.52,34.31
307.85,35.15,21.19,22.56,20.99,98.26,56.35,48.62,34.25
307.86,35.28,21.19,22.59,20.99,98.26,56.64,48.52,34.31
307.87,35.21,21.23,22.59,21.02,98.26,56.21,48.52,34.25
307.88,35.21,21.19,22.59,20.99,98.26,56.50,48.62,34.25
307.89,35.21,21.19,22.56,20.99,98.26,56.50,48.41,34.38
307.90,35.21,21.19,22.56,20.99,97.88,56.50,48.52,34.25
307.91,35.28,21.19,22.59,20.99,98.26,56.50,48.52,34.31
307.92,35.21,21.23,22.59,20.99,98.26,56.50,48.52,34.31
307.93,35.21,21.19,22.59,20.99,98.26,56.50,48.52,34.25
307.94,35.15,21.19,22.59,21.02,97.88,56.50,48.62,34.31
307.95,35.21,21.19,22.59,20.99,97.88,56.35,48.52,34.25
307.96,35.21,21.19,22.59,21.02,98.26,56.35,48.52,34.31
307.97,35.28,21.19,22.59,21.02,98.26,56.50,48.52,34.25
307.98,35.21,21.19,22.59,20.99,98.26,56.50,48.52,34.25
307.99,35.21,21.19,22.59,20.99,98.26,56.50,48.52,34.31
308.00,35.15,21.19,22.59,20.99,98.26,56.50,48.52,34.25
308.01,35.28,21.19,22.59,20.99,98.26,56.50,48.52,34.25
308.02,35.15,21.23,22.59,20.99,98.26,56.50,48.62,34.31
308.03,35.21,21.23,22.59,21.02,98.26,56.50,48.52,34.31
308.04,35.21,21.19,22.59,20.99,98.26,56.50,48.52,34.31
308.05,35.15,21.19,22.56,20.99,97.88,56.50,48.52,34.25
308.06,35.28,21.19,22.59,20.99,98.26,56.50,48.52,34.25
308.07,35.28,21.23,22.59,20.99,98.26,56.50,48.52,34.25
308.08,35.28,21.19,22.59,20.99,98.26,56.50,48.52,34.31
308.09,35.21,21.23,22.59,20.99,98.26,56.50,48.52,34.25
308.10,35.21,21.19,22.56,20.99,97.88,56.50,48.52,34.31
308.11,35.21,21.19,22.56,20.99,98.64,56.50,48.52,34.31
308.12,35.28,21.23,22.59,20.99,97.88,56.50,48.52,34.31
308.13,35.21,21.19,22.59,20.99,97.88,56.50,48.52,34.31
308.14,35.21,21.19,22.59,20.99,98.26,56.50,48.62,34.31
308.15,35.28,21.19,22.59,20.99,97.88,56.35,48.52,34.25
308.16,35.21,21.19,22.59,20.99,98.26,56.50,48.62,34.25
308.17,35.21,21.23,22.59,20.99,98.26,56.35,48.62,34.31
308.18,35.28,21.19,22.59,20.99,98.26,56.50,48.52,34.31
308.19,35.21,21.19,22.59,20.99,98.26,56.50,48.52,34.31
308.20,35.21,21.19,22.59,20.99,98.26,56.50,48.52,34.31
308.21,35.21,21.19,22.59,20.99,98.26,56.50,48.52,34.31
308.22,35.28,21.23,22.59,20.99,98.26,56.50,48.52,34.25
308.23,35.21,21.19,22.59,20.99,98.26,56.50,48.52,34.31
308.24,35.28,21.19,22.59,20.99,98.26,56.35,48.52,34.31
308.25,35.28,21.19,22.59,20.99,97.88,56.35,48.52,34.31
308.26,35.21,21.19,22.59,21.02,98.26,56.50,48.62,34.31
308.27,35.28,21.23,22.59,20.99,98.26,56.50,48.52,34.31
308.28,35.21,21.23,22.59,20.99,98.26,56.50,48.62,34.31
308.29,35.21,21.23,22.59,20.99,98.26,56.50,48.52,34.25
308.30,35.21,21.19,22.56,20.99,98.26,56.35,48.52,34.31
308.31,35.28,21.23,22.59,20.99,98.26,56.50,48.62,34.31
308.32,35.28,21.23,22.63,20.99,98.26,56.50,48.52,34.25
308.33,35.21,21.19,22.59,21.02,98.26,56.50,48.52,34.25
308.34,35.28,21.19,22.59,20.99,98.26,56.50,48.52,34.31
308.35,35.15,21.19,22.59,20.99,98.26,56.50,48.62,34.25
308.36,35.28,21.23,22.59,21.02,98.26,56.50,48.62,34.31
308.37,35.28,21.23,22.59,21.02,98.26,56.50,48.52,34.31
308.38,35.28,21.23,22.59,20.99,98.26,56.50,48.52,34.31
308.39,35.21,21.19,22.59,20.99,98.26,56.50,48.41,34.25
308.40,35.28,21.19,22.59,20.99,98.26,56.35,48.52,34.31
308.41,35.21,21.23,22.59,21.02,98.26,56.35,48.52,34.31
308.42,35.21,21.23,22.63,21.02,98.26,56.50,48.62,34.31
308.43,35.28,21.23,22.59,20.99,98.26,56.35,48.52,34.25
308.44,35.21,21.19,22.59,20.99,98.26,56.35,48.52,34.31
308.45,35.28,21.19,22.59,21.02,98.26,56.35,48.52,34.25
308.46,35.21,21.19,22.59,20.99,98.26,56.50,48.52,34.19
308.47,35.21,21.23,22.63,21.02,98.26,56.50,48.62,34.31
308.48,35.21,21.23,22.59,20.99,98.26,56.50,48.62,34.31
308.49,35.21,21.19,22.59,21.02,97.88,56.50,48.52,34.31
308.50,35.21,21.23,22.59,21.02,98.26,56.35,48.52,34.31
308.51,35.28,21.23,22.59,21.02,98.26,56.50,48.62,34.31
308.52,35.21,21.23,22.59,20.99,98.26,56.50,48.52,34.31
308.53,35.21,21.23,22.59,21.02,98.26,56.50,48.62,34.31
308.54,35.21,21.19,22.59,20.99,98.26,56.50,48.62,34.31
308.55,35.21,21.19,22.59,20.99,98.26,56.50,48.52,34.31
308.56,35.21,21.19,22.59,20.99,97.88,56.50,48.52,34.31
308.57,35.28,21.23,22.59,21.02,98.26,56.50,48.62,34.31
308.58,35.34,21.23,22.59,21.02,98.26,56.50,48.62,34.25
308.59,35.21,21.23,22.59,20.99,98.26,56.50,48.52,34.31
308.60,35.21,21.19,22.59,20.99,98.26,56.50,48.52,34.31
308.61,35.28,21.19,22.59,21.02,98.26,56.50,48.62,34.31
308.62,35.21,21.23,22.63,21.02,98.26,56.50,48.62,34.31
308.63,35.21,21.23,22.59,21.02,98.26,56.50,48.62,34.31
308.64,35.28,21.19,22.59,20.99,98.26,56.50,48.52,34.31
308.65,35.21,21.19,22.59,21.02,98.26,56.50,48.52,34.31
308.66,35.21,21.23,22.59,20.99,98.26,56.50,48.52,34.31
308.67,35.28,21.23,22.59,21.02,98.26,56.50,48.62,34.31
308.68,35.21,21.19,22.59,21.02,98.26,56.50,48.62,34.31
308.69,35.28,21.23,22.59,21.02,98.26,56.50,48.52,34.31
308.70,35.21,21.19,22.59,21.02,98.26,56.35,48.52,34.31
308.71,35.21,21.23,22.59,21.02,98.26,56.50,48.62,34.31
308.72,35.21,21.23,22.63,20.99,98.26,56.50,48.62,34.31
308.73,35.21,21.23,22.63,21.02,98.26,56.50,48.62,34.31
308.74,35.28,21.19,22.59,20.99,98.26,56.50,48.52,34.31
308.75,35.21,21.19,22.59,21.02,98.26,56.50,48.52,34.31
308.76,35.28,21.19,22.59,21.02,98.26,56.50,48.62,34.31
308.77,35.21,21.19,22.63,21.02,98.64,56.50,48.62,34.31
308.78,35.21,21.23,22.59,20.99,98.26,56.50,48.52,34.31
308.79,35.21,21.19,22.59,21.02,98.26,56.50,48.52,34.31
308.80,35.28,21.19,22.59,21.02,97.88,56.50,48.62,34.31
308.81,35.28,21.23,22.59,21.02,97.88,56.50,48.52,34.31
308.82,35.34,21.23,22.63,21.02,98.26,56.50,48.52,34.31
308.83,35.34,21.23,22.59,21.02,98.26,56.50,48.52,34.31
308.84,35.21,21.23,22.59,21.02,98.26,56.50,48.62,34.31
308.85,35.21,21.19,22.59,21.02,98.26,56.64,48.62,34.31
308.86,35.28,21.19,22.59,21.02,98.26,56.50,48.52,34.31
308.87,35.28,21.23,22.63,21.02,98.26,56.50,48.52,34.31
308.88,35.21,21.23,22.59,21.02,98.26,56.50,48.52,34.31
308.89,35.21,21.23,22.59,21.02,98.26,56.50,48.52,34.31
308.90,35.28,21.19,22.59,21.02,98.26,56.50,48.62,34.31
308.91,35.21,21.19,22.59,21.02,98.26,56.50,48.62,34.31
308.92,35.34,21.23,22.59,21.02,98.26,56.50,48.62,34.31
308.93,35.34,21.23,22.63,21.02,98.26,56.50,48.62,34.31
308.94,35.21,21.19,22.59,21.02,98.26,56.50,48.52,34.31
308.95,35.21,21.19,22.59,21.02,98.26,56.50,48.52,34.38
308.96,35.34,21.23,22.59,21.02,98.26,56.50,48.62,34.31
308.97,35.21,21.23,22.63,21.02,98.26,56.50,48.62,34.31
308.98,35.28,21.23,22.59,21.02,98.26,56.35,48.62,34.31
308.99,35.21,21.19,22.59,21.02,98.26,56.50,48.62,34.31
309.00,35.28,21.19,22.59,20.99,98.26,56.50,48.62,34.38
309.01,35.21,21.23,22.59,21.02,98.26,56.50,48.62,34.31
309.02,35.28,21.23,22.63,20.99,98.26,56.50,48.62,34.38
309.03,35.28,21.23,22.59,21.02,98.26,56.50,48.62,34.31
309.04,35.21,21.19,22.59,20.99,98.26,56.50,48.62,34.31
309.05,35.28,21.19,22.59,20.99,98.26,56.35,48.52,34.31
309.06,35.28,21.23,22.59,21.02,98.26,56.50,48.62,34.31
309.07,35.28,21.19,22.63,20.99,98.26,56.64,48.62,34.38
309.08,35.28,21.19,22.59,21.02,98.26,56.50,48.62,34.31
309.09,35.21,21.19,22.59,21.02,98.26,56.50,48.52,34.31
309.10,35.21,21.19,22.59,20.99,98.26,56.35,48.52,34.31
309.11,35.28,21.19,22.59,21.02,98.26,56.64,48.62,34.31
309.12,35.28,21.23,22.59,21.02,98.26,56.50,48.52,34.31
309.13,35.34,21.23,22.59,20.99,98.26,56.50,48.62,34.38
309.14,35.21,21.19,22.59,21.02,98.26,56.35,48.52,34.25
309.15,35.21,21.19,22.59,20.99,98.26,56.35,48.52,34.25
309.16,35.21,21.19,22.59,21.02,98.26,56.35,48.52,34.31
309.17,35.21,21.23,22.59,21.02,98.26,56.50,48.62,34.31
309.18,35.28,21.19,22.59,20.99,98.26,56.50,48.52,34.31
309.19,35.21,21.19,22.59,21.02,98.26,56.35,48.62,34.31
309.20,35.21,21.19,22.59,21.02,98.26,56.50,48.52,34.31
309.21,35.21,21.19,22.59,21.02,98.26,56.50,48.52,34.31
309.22,35.21,21.23,22.63,21.02,98.26,56.50,48.62,34.31
309.23,35.28,21.23,22.59,21.02,98.26,56.50,48.62,34.31
309.24,35.21,21.19,22.59,20.99,98.26,56.50,48.52,34.31
309.25,35.21,21.19,22.59,20.99,98.26,56.35,48.52,34.31
309.26,35.21,21.19,22.63,21.02,98.26,56.50,48.52,34.31
309.27,35.21,21.23,22.59,20.99,98.26,56.35,48.62,34.31
309.28,35.28,21.19,22.59,21.02,98.26,56.35,48.52,34.31
309.29,35.28,21.19,22.59,21.02,98.26,56.50,48.52,34.38
309.30,35.28,21.19,22.56,21.02,98.26,56.50,48.52,34.31
309.31,35.28,21.19,22.59,20.99,98.26,56.35,48.62,34.38
309.32,35.28,21.23,22.59,21.02,98.26,56.35,48.62,34.31
309.33,35.28,21.23,22.59,21.02,98.26,56.50,48.62,34.31
309.34,35.21,21.19,22.59,21.02,98.26,56.35,48.62,34.31
309.35,35.21,21.19,22.59,21.02,98.26,56.50,48.52,34.38
309.36,35.21,21.19,22.59,21.02,98.26,56.50,48.62,34.38
309.37,35.34,21.23,22.63,21.02,98.64,56.50,48.52,34.31
309.38,35.28,21.19,22.59,20.99,98.26,56.50,48.62,34.31
309.39,35.21,21.19,22.59,21.02,98.26,56.35,48.52,34.31
309.40,35.21,21.19,22.59,21.02,98.26,56.50,48.74,34.31
309.41,35.21,21.19,22.59,21.02,98.26,56.50,48.62,34.38
309.42,35.28,21.23,22.59,21.02,98.26,56.50,48.62,34.38
309.43,35.21,21.23,22.59,21.02,98.26,56.35,48.62,34.38
309.44,35.21,21.19,22.59,20.99,98.26,56.50,48.52,34.31
309.45,35.21,21.19,22.59,20.99,98.26,56.50,48.52,34.31
309.46,35.21,21.19,22.59,21.02,98.26,56.50,48.52,34.38
309.47,35.21,21.19,22.59,20.99,98.26,56.50,48.62,34.31
309.48,35.28,21.23,22.63,21.02,98.26,56.50,48.52,34.38
309.49,35.21,21.19,22.59,21.02,98.26,56.50,48.52,34.31
309.50,35.15,21.19,22.59,21.02,97.88,56.50,48.52,34.38
309.51,35.21,21.19,22.59,20.99,98.26,56.50,48.52,34.31
309.52,35.34,21.23,22.59,20.99,98.26,56.50,48.62,34.31
309.53,35.21,21.23,22.59,21.02,98.26,56.50,48.62,34.31
309.54,35.21,21.19,22.59,21.02,98.26,56.50,48.62,34.31
309.55,35.21,21.19,22.59,21.02,98.26,56.50,48.52,34.38
309.56,35.21,21.19,22.59,21.02,98.26,56.50,48.62,34.31
309.57,35.21,21.19,22.59,21.02,98.26,56.50,48.52,34.31
309.58,35.21,21.23,22.59,21.02,98.26,56.50,48.62,34.38
309.59,35.28,21.19,22.59,21.02,98.26,56.50,48.52,34.38
309.60,35.21,21.19,22.59,20.99,98.26,56.50,48.62,34.38
309.61,35.28,21.19,22.59,21.02,98.26,56.50,48.52,34.38
309.62,35.21,21.19,22.59,21.02,98.26,56.35,48.62,34.31
309.63,35.21,21.19,22.59,20.99,98.26,56.50,48.52,34.38
309.64,35.21,21.19,22.59,21.02,98.26,56.35,48.52,34.38
309.65,35.21,21.16,22.59,21.02,98.26,56.35,48.52,34.31
309.66,35.21,21.19,22.59,21.02,98.26,56.50,48.62,34.38
309.67,35.21,21.19,22.59,21.02,98.26,56.50,48.62,34.31
309.68,35.21,21.19,22.59,21.02,98.26,56.50,48.62,34.31
309.69,35.21,21.19,22.59,21.02,98.26,56.50,48.52,34.31
309.70,35.15,21.19,22.59,21.02,98.26,56.50,48.62,34.38
309.71,35.21,21.19,22.59,21.02,98.26,56.50,48.52,34.38
309.72,35.28,21.23,22.59,21.02,98.26,56.50,48.62,34.38
309.73,35.21,21.19,22.59,21.02,98.26,56.35,48.62,34.31
309.74,35.21,21.19,22.59,21.02,98.26,56.50,48.52,34.31
309.75,35.28,21.19,22.59,21.02,98.26,56.35,48.52,34.31
309.76,35.15,21.19,22.59,21.02,98.26,56.50,48.52,34.38
309.77,35.21,21.19,22.59,21.02,98.26,56.35,48.62,34.38
309.78,35.21,21.19,22.59,21.02,98.26,56.50,48.62,34.31
309.79,35.28,21.19,22.59,20.99,98.26,56.50,48.52,34.31
309.80,35.21,21.19,22.59,20.99,98.26,56.50,48.62,34.38
309.81,35.21,21.19,22.59,21.02,98.26,56.50,48.52,34.38
309.82,35.21,21.23,22.59,21.02,98.26,56.50,48.62,34.38
309.83,35.28,21.19,22.59,21.02,98.26,56.50,48.52,34.31
309.84,35.28,21.19,22.59,21.02,98.26,56.50,48.62,34.38
309.85,35.28,21.19,22.56,20.99,97.88,56.35,48.52,34.31
309.86,35.21,21.19,22.59,20.99,98.26,56.35,48.62,34.38
309.87,35.21,21.19,22.59,21.02,98.26,56.50,48.62,34.38
309.88,35.21,21.19,22.59,21.02,98.26,56.35,48.62,34.38
309.89,35.28,21.19,22.59,21.02,97.88,56.50,48.52,34.38
309.90,35.28,21.19,22.59,21.02,98.26,56.50,48.62,34.38
309.91,35.21,21.19,22.59,21.02,98.26,56.35,48.52,34.38
309.92,35.21,21.19,22.59,21.02,98.26,56.50,48.62,34.38
309.93,35.28,21.19,22.59,21.02,98.26,56.50,48.62,34.38
309.94,35.21,21.19,22.59,21.02,98.26,56.50,48.62,34.38
309.95,35.21,21.19,22.56,21.02,98.26,56.35,48.52,34.38
309.96,35.28,21.19,22.59,21.02,98.26,56.50,48.62,34.38
309.97,35.28,21.19,22.59,20.99,98.26,56.50,48.62,34.31
309.98,35.21,21.19,22.59,21.02,98.26,56.35,48.62,34.31
309.99,35.28,21.19,22.59,21.02,98.26,56.50,48.52,34.31
310.00,35.28,21.19,22.59,21.02,98.26,56.50,48.62,34.38
310.01,35.21,21.19,22.59,21.02,98.26,56.50,48.62,34.38
310.02,35.21,21.19,22.59,21.02,98.26,56.50,48.62,34.31
310.03,35.21,21.19,22.59,21.02,98.26,56.50,48.52,34.38
310.04,35.21,21.16,22.59,20.99,98.26,56.35,48.52,34.38
310.05,35.28,21.16,22.59,21.02,98.26,56.35,48.52,34.31
310.06,35.28,21.19,22.59,20.99,98.26,56.50,48.62,34.38
310.07,35.21,21.19,22.59,21.02,98.26,56.50,48.62,34.38
310.08,35.21,21.19,22.59,21.02,98.26,56.50,48.62,34.38
310.09,35.21,21.19,22.59,21.02,98.26,56.50,48.52,34.38
310.10,35.21,21.19,22.59,21.02,98.26,56.50,48.52,34.31
310.11,35.21,21.19,22.56,21.02,98.26,56.35,48.62,34.38
310.12,35.28,21.19,22.59,21.02,98.26,56.50,48.52,34.31
310.13,35.28,21.19,22.59,21.02,98.26,56.50,48.52,34.31
310.14,35.15,21.16,22.59,21.02,98.26,56.50,48.52,34.38
310.15,35.21,21.19,22.59,20.99,98.26,56.50,48.62,34.38
310.16,35.21,21.19,22.59,21.02,98.26,56.50,48.52,34.38
310.17,35.21,21.19,22.59,20.99,98.26,56.50,48.62,34.38
310.18,35.28,21.19,22.59,21.02,98.26,56.50,48.52,34.38
310.19,35.21,21.19,22.59,21.02,97.88,56.50,48.52,34.38
310.20,35.21,21.16,22.59,21.02,98.26,56.50,48.52,34.38
310.21,35.21,21.19,22.59,20.99,98.26,56.50,48.52,34.38
310.22,35.21,21.23,22.59,20.99,98.26,56.50,48.52,34.38
310.23,35.21,21.19,22.59,21.02,98.26,56.35,48.62,34.38
310.24,35.21,21.19,22.59,21.02,98.26,56.50,48.62,34.31
310.25,35.15,21.19,22.56,21.02,98.26,56.50,48.52,34.31
310.26,35.21,21.19,22.59,20.99,98.26,56.50,48.62,34.38
310.27,35.21,21.23,22.59,21.02,98.26,56.50,48.62,34.38
310.28,35.21,21.19,22.59,21.02,98.26,56.50,48.52,34.38
310.29,35.15,21.19,22.59,21.02,98.26,56.35,48.62,34.38
310.30,35.21,21.16,22.59,21.02,98.26,56.50,48.52,34.38
310.31,35.21,21.19,22.59,21.02,98.26,56.50,48.52,34.38
310.32,35.21,21.23,22.59,21.02,98.26,56.50,48.62,34.38
310.33,35.21,21.19,22.59,21.02,98.26,56.35,48.62,34.38
310.34,35.21,21.16,22.59,21.02,98.26,56.50,48.62,34.38
310.35,35.21,21.19,22.59,21.02,98.26,56.50,48.52,34.38
310.36,35.21,21.19,22.59,21.02,98.26,56.35,48.62,34.38
310.37,35.21,21.19,22.59,21.02,98.26,56.64,48.62,34.38
310.38,35.21,21.19,22.59,21.02,98.26,56.35,48.52,34.44
310.39,35.21,21.19,22.59,21.02,98.26,56.50,48.52,34.44
310.40,35.28,21.19,22.59,21.02,98.26,56.50,48.52,34.44
310.41,35.21,21.19,22.59,21.02,98.26,56.35,48.62,34.38
310.42,35.28,21.23,22.59,21.02,98.26,56.50,48.62,34.38
310.43,35.21,21.23,22.59,21.02,98.26,56.50,48.62,34.38
310.44,35.21,21.19,22.59,21.02,98.26,56.50,48.52,34.38
310.45,35.21,21.19,22.59,21.02,98.26,56.35,48.52,34.38
310.46,35.21,21.19,22.59,21.02,98.26,56.50,48.62,34.38
310.47,35.21,21.23,22.59,21.02,98.26,56.50,48.62,34.38
310.48,35.21,21.19,22.59,21.02,98.26,56.50,48.52,34.38
310.49,35.21,21.23,22.59,21.02,98.26,56.50,48.62,34.38
310.50,35.21,21.19,22.59,21.02,98.26,56.50,48.52,34.38
310.51,35.21,21.19,22.56,21.02,98.26,56.50,48.52,34.38
310.52,35.28,21.23,22.59,21.02,98.26,56.50,48.62,34.38
310.53,35.28,21.19,22.59,21.02,98.26,56.50,48.62,34.38
310.54,35.28,21.19,22.63,21.02,98.26,56.50,48.62,34.38
310.55,35.28,21.19,22.56,21.02,98.26,56.50,48.52,34.38
310.56,35.21,21.19,22.59,21.02,98.26,56.50,48.62,34.38
310.57,35.21,21.19,22.59,21.02,98.26,56.50,48.62,34.38
310.58,35.28,21.23,22.59,21.02,98.26,56.50,48.62,34.38
310.59,35.21,21.19,22.59,21.02,98.26,56.50,48.52,34.38
310.60,35.21,21.19,22.59,21.02,98.26,56.35,48.62,34.38
310.61,35.28,21.19,22.59,21.02,97.88,56.50,48.52,34.38
310.62,35.21,21.19,22.59,21.02,98.64,56.50,48.62,34.38
310.63,35.28,21.23,22.59,21.02,97.88,56.50,48.52,34.38
310.64,35.21,21.19,22.59,21.02,98.26,56.50,48.62,34.38
310.65,35.21,21.19,22.59,21.02,98.26,56.50,48.52,34.38
310.66,35.21,21.19,22.59,21.02,98.26,56.50,48.52,34.38
310.67,35.21,21.23,22.59,21.02,98.26,56.50,48.62,34.38
310.68,35.21,21.23,22.59,21.02,98.26,56.50,48.62,34.38
310.69,35.21,21.19,22.59,20.99,98.26,56.50,48.52,34.38
310.70,35.21,21.19,22.59,21.02,98.26,56.50,48.62,34.38
310.71,35.21,21.19,22.59,20.99,98.26,56.35,48.62,34.38
310.72,35.28,21.23,22.59,21.02,98.26,56.50,48.52,34.38
310.73,35.21,21.19,22.59,21.02,98.26,56.50,48.52,34.38
310.74,35.21,21.19,22.59,21.02,98.26,56.50,48.52,34.38
310.75,35.21,21.19,22.59,21.02,98.26,56.50,48.52,34.38
310.76,35.28,21.19,22.59,21.02,98.26,56.50,48.62,34.38
310.77,35.28,21.23,22.63,21.02,98.26,56.50,48.62,34.38
310.78,35.21,21.23,22.63,21.02,98.26,56.35,48.62,34.38
310.79,35.21,21.19,22.59,21.02,98.26,56.50,48.62,34.38
310.80,35.15,21.19,22.59,21.02,98.26,56.50,48.62,34.38
310.81,35.21,21.19,22.59,21.02,98.26,56.50,48.62,34.38
310.82,35.21,21.23,22.59,21.02,98.26,56.50,48.62,34.38
310.83,35.28,21.23,22.63,21.02,98.26,56.50,48.52,34.38
310.84,35.28,21.19,22.59,21.02,98.26,56.50,48.52,34.38
310.85,35.21,21.19,22.59,21.02,98.26,56.50,48.62,34.38
310.86,35.21,21.19,22.59,21.02,98.26,56.50,48.62,34.38
310.87,35.21,21.19,22.59,21.02,98.26,56.35,48.62,34.38
310.88,35.21,21.19,22.63,21.02,98.26,56.50,48.62,34.38
310.89,35.21,21.19,22.59,21.02,98.26,56.50,48.62,34.38
310.90,35.21,21.19,22.59,21.02,98.26,56.50,48.52,34.44
310.91,35.21,21.19,22.59,21.02,98.26,56.50,48.62,34.38
310.92,35.21,21.23,22.63,21.02,98.26,56.50,48.62,34.38
310.93,35.21,21.19,22.63,21.02,98.26,56.35,48.62,34.44
310.94,35.21,21.19,22.59,21.02,98.26,56.50,48.62,34.44
310.95,35.28,21.19,22.59,21.02,97.88,56.50,48.62,34.38
310.96,35.21,21.19,22.59,21.02,98.26,56.50,48.62,34.38
310.97,35.28,21.23,22.63,21.02,98.26,56.50,48.62,34.38
310.98,35.21,21.19,22.63,20.99,98.26,56.50,48.62,34.38
310.99,35.21,21.19,22.59,21.02,98.26,56.50,48.62,34.38
311.00,35.21,21.19,22.59,21.02,98.26,56.50,48.52,34.38
311.01,35.28,21.19,22.63,21.02,97.88,56.35,48.62,34.38
311.02,35.28,21.23,22.63,21.02,98.26,56.50,48.62,34.38
311.03,35.21,21.23,22.59,21.02,98.26,56.50,48.52,34.44
311.04,35.28,21.19,22.59,20.99,98.26,56.50,48.62,34.38
311.05,35.28,21.19,22.59,20.99,98.26,56.35,48.52,34.38
311.06,35.21,21.19,22.59,21.02,98.26,56.50,48.62,34.38
311.07,35.21,21.23,22.63,21.02,98.26,56.50,48.62,34.38
311.08,35.21,21.23,22.59,21.02,98.26,56.50,48.52,34.38
311.09,35.21,21.19,22.59,21.02,98.26,56.50,48.62,34.44
311.10,35.21,21.19,22.59,21.02,98.26,56.50,48.62,34.38
311.11,35.34,21.19,22.59,21.02,98.26,56.50,48.52,34.38
311.12,35.28,21.23,22.63,21.02,98.26,56.35,48.62,34.38
311.13,35.28,21.19,22.59,21.02,98.26,56.50,48.62,34.44
311.14,35.28,21.19,22.59,21.02,98.26,56.50,48.62,34.44
311.15,35.28,21.19,22.59,21.02,98.26,56.50,48.62,34.44
311.16,35.21,21.23,22.59,21.02,98.26,56.50,48.62,34.38
311.17,35.28,21.23,22.63,20.99,98.26,56.50,48.62,34.44
311.18,35.34,21.23,22.59,21.02,98.26,56.50,48.62,34.38
311.19,35.21,21.23,22.59,21.02,98.26,56.35,48.62,34.38
311.20,35.21,21.19,22.59,21.02,98.26,56.50,48.62,34.38
311.21,35.21,21.19,22.59,21.02,98.26,56.50,48.62,34.44
311.22,35.21,21.23,22.63,21.02,98.26,56.50,48.62,34.38
311.23,35.21,21.23,22.63,21.02,98.26,56.50,48.62,34.38
311.24,35.21,21.19,22.59,21.02,98.26,56.50,48.62,34.38
311.25,35.21,21.19,22.59,21.02,98.26,56.50,48.62,34.44
311.26,35.21,21.19,22.59,21.02,98.26,56.50,48.62,34.38
311.27,35.21,21.19,22.63,21.02,98.26,56.50,48.62,34.38
311.28,35.21,21.19,22.63,21.02,98.26,56.50,48.62,34.44
311.29,35.21,21.19,22.59,21.02,98.26,56.50,48.62,34.38
311.30,35.21,21.19,22.59,21.02,98.26,56.35,48.62,34.44
311.31,35.21,21.19,22.59,21.02,98.26,56.50,48.62,34.44
311.32,35.28,21.23,22.63,21.02,98.26,56.50,48.62,34.44
311.33,35.28,21.23,22.59,21.02,98.26,56.50,48.62,34.44
311.34,35.21,21.19,22.59,21.02,98.26,56.50,48.62,34.44
311.35,35.28,21.19,22.59,21.02,98.26,56.50,48.62,34.44
311.36,35.21,21.23,22.59,21.02,98.26,56.50,48.62,34.44
311.37,35.28,21.23,22.63,21.02,98.26,56.50,48.62,34.38
311.38,35.21,21.19,22.59,21.02,97.88,56.50,48.62,34.44
311.39,35.21,21.19,22.59,21.02,98.26,56.50,48.62,34.38
311.40,35.21,21.19,22.59,21.02,98.26,56.50,48.62,34.38
311.41,35.21,21.19,22.59,21.02,98.26,56.50,48.62,34.44
311.42,35.28,21.23,22.63,21.02,98.26,56.50,48.62,34.38
311.43,35.21,21.19,22.63,21.02,98.26,56.50,48.62,34.44
311.44,35.21,21.19,22.59,21.02,98.26,56.50,48.62,34.44
311.45,35.21,21.19,22.59,21.02,98.26,56.50,48.62,34.44
311.46,35.21,21.19,22.63,21.02,98.26,56.50,48.62,34.44
311.47,35.21,21.23,22.63,21.02,98.26,56.50,48.62,34.38
311.48,35.28,21.23,22.63,21.02,98.26,56.50,48.62,34.44
311.49,35.21,21.19,22.59,21.02,98.26,56.50,48.62,34.44
311.50,35.21,21.23,22.59,21.02,98.26,56.50,48.62,34.44
311.51,35.21,21.19,22.63,21.02,98.26,56.50,48.62,34.44
311.52,35.28,21.23,22.63,21.02,98.26,56.50,48.62,34.44
311.53,35.28,21.23,22.63,21.02,98.26,56.50,48.62,34.44
311.54,35.21,21.19,22.59,21.02,98.26,56.50,48.62,34.38
311.55,35.21,21.19,22.59,21.02,98.26,56.50,48.62,34.44
311.56,35.28,21.19,22.63,21.02,98.26,56.50,48.62,34.44
311.57,35.21,21.19,22.63,21.02,98.26,56.50,48.62,34.44
311.58,35.28,21.23,22.63,21.02,98.26,56.50,48.62,34.44
311.59,35.28,21.19,22.59,21.02,98.26,56.50,48.62,34.44
311.60,35.21,21.19,22.59,20.99,98.26,56.35,48.62,34.44
311.61,35.21,21.19,22.59,21.02,98.26,56.50,48.62,34.44
311.62,35.21,21.23,22.59,21.02,98.26,56.64,48.62,34.44
311.63,35.21,21.23,22.63,21.02,98.64,56.50,48.62,34.38
311.64,35.28,21.23,22.63,21.02,98.26,56.50,48.62,34.44
311.65,35.21,21.19,22.59,21.02,98.26,56.50,48.62,34.38
311.66,35.28,21.19,22.63,20.99,98.26,56.50,48.62,34.44
311.67,35.28,21.23,22.63,21.02,98.26,56.50,48.62,34.44
311.68,35.28,21.23,22.63,21.02,98.26,56.50,48.62,34.44
311.69,35.28,21.19,22.63,21.02,98.26,56.50,48.62,34.44
311.70,35.28,21.19,22.63,21.02,98.26,56.50,48.62,34.44
311.71,35.21,21.19,22.59,21.02,98.26,56.50,48.62,34.44
311.72,35.28,21.23,22.63,21.02,98.26,56.50,48.62,34.44
311.73,35.28,21.23,22.63,20.99,98.26,56.35,48.62,34.44
311.74,35.28,21.19,22.63,21.02,98.26,56.50,48.62,34.44
311.75,35.15,21.19,22.63,21.02,98.26,56.50,48.62,34.38
311.76,35.15,21.19,22.59,21.02,98.26,56.50,48.62,34.44
311.77,35.28,21.23,22.63,21.02,98.26,56.50,48.62,34.44
311.78,35.15,21.23,22.63,21.02,98.26,56.50,48.62,34.44
311.79,35.28,21.19,22.63,21.02,98.26,56.50,48.62,34.44
311.80,35.21,21.19,22.63,21.02,98.26,56.35,48.62,34.44
311.81,35.21,21.19,22.63,21.02,98.26,56.50,48.74,34.44
311.82,35.28,21.23,22.63,21.02,98.26,56.50,48.62,34.38
311.83,35.21,21.19,22.63,20.99,98.26,56.50,48.62,34.44
311.84,35.21,21.19,22.63,21.02,98.26,56.50,48.62,34.44
311.85,35.28,21.19,22.59,21.02,98.26,56.50,48.52,34.44
311.86,35.21,21.19,22.59,21.02,98.26,56.50,48.62,34.44
311.87,35.21,21.23,22.63,21.02,98.64,56.50,48.62,34.44
311.88,35.21,21.23,22.63,21.02,98.64,56.50,48.62,34.44
311.89,35.21,21.19,22.59,21.02,98.26,56.50,48.74,34.44
311.90,35.28,21.19,22.59,21.02,98.26,56.50,48.52,34.44
311.91,35.28,21.19,22.59,21.02,98.26,56.50,48.62,34.44
311.92,35.28,21.23,22.63,21.02,98.26,56.50,48.62,34.44
311.93,35.28,21.23,22.63,21.02,98.26,56.50,48.62,34.44
311.94,35.21,21.19,22.59,21.02,98.26,56.50,48.62,34.44
311.95,35.21,21.19,22.59,21.02,98.26,56.50,48.62,34.44
311.96,35.28,21.23,22.63,21.02,98.26,56.50,48.62,34.44
311.97,35.21,21.23,22.63,21.02,98.26,56.50,48.62,34.44
311.98,35.34,21.23,22.63,21.02,98.26,56.50,48.62,34.44
311.99,35.21,21.19,22.59,21.02,98.26,56.35,48.62,34.44
312.00,35.28,21.19,22.59,21.02,98.26,56.35,48.62,34.44
312.01,35.21,21.19,22.63,21.02,98.26,56.50,48.62,34.44
312.02,35.28,21.23,22.63,21.02,98.26,56.50,48.62,34.44
312.03,35.21,21.19,22.63,21.02,98.26,56.50,48.62,34.44
312.04,35.21,21.19,22.63,21.02,98.26,56.50,48.62,34.44
312.05,35.28,21.19,22.59,21.02,98.26,56.50,48.62,34.44
312.06,35.21,21.19,22.63,21.02,98.26,56.50,48.62,34.44
312.07,35.21,21.23,22.63,21.02,98.26,56.50,48.62,34.44
312.08,35.28,21.19,22.63,21.02,98.26,56.50,48.62,34.44
312.09,35.21,21.19,22.59,21.02,98.26,56.50,48.62,34.44
312.10,35.21,21.19,22.59,21.02,98.26,56.50,48.62,34.44
312.11,35.21,21.19,22.63,21.05,98.26,56.50,48.62,34.44
312.12,35.28,21.19,22.63,21.02,98.26,56.50,48.62,34.44
312.13,35.28,21.23,22.59,21.02,98.26,56.50,48.62,34.44
312.14,35.21,21.19,22.63,21.02,98.26,56.50,48.62,34.44
312.15,35.21,21.19,22.59,21.02,98.26,56.50,48.52,34.44
312.16,35.21,21.19,22.59,21.02,98.26,56.50,48.62,34.44
312.17,35.28,21.19,22.63,21.02,98.26,56.50,48.62,34.44
312.18,35.34,21.23,22.63,21.02,98.26,56.50,48.62,34.44
312.19,35.28,21.19,22.63,21.02,98.26,56.50,48.62,34.44
312.20,35.21,21.19,22.59,21.02,98.26,56.50,48.52,34.44
312.21,35.21,21.19,22.63,21.02,98.26,56.50,48.62,34.44
312.22,35.21,21.19,22.63,21.02,98.26,56.50,48.62,34.44
312.23,35.28,21.23,22.63,21.02,98.26,56.50,48.62,34.44
312.24,35.28,21.19,22.59,21.02,98.26,56.50,48.62,34.44
312.25,35.21,21.19,22.59,21.02,98.26,56.50,48.52,34.44
312.26,35.21,21.19,22.63,21.02,98.26,56.50,48.62,34.44
312.27,35.28,21.23,22.63,21.02,98.26,56.50,48.62,34.44
312.28,35.28,21.23,22.63,21.02,98.26,56.50,48.62,34.44
312.29,35.21,21.19,22.59,21.02,98.26,56.50,48.62,34.44
312.30,35.21,21.19,22.59,21.02,98.26,56.50,48.62,34.44
312.31,35.21,21.19,22.63,21.02,98.64,56.50,48.62,34.44
312.32,35.28,21.19,22.63,21.02,98.26,56.50,48.62,34.44
312.33,35.28,21.19,22.63,21.02,98.26,56.35,48.62,34.44
312.34,35.28,21.19,22.59,21.02,98.26,56.50,48.62,34.44
312.35,35.21,21.19,22.59,21.02,98.26,56.50,48.62,34.44
312.36,35.21,21.19,22.59,21.02,98.26,56.50,48.62,34.44
312.37,35.21,21.19,22.63,21.02,98.26,56.50,48.62,34.44
312.38,35.21,21.23,22.63,21.02,98.26,56.50,48.62,34.44
312.39,35.21,21.19,22.59,21.02,98.26,56.50,48.62,34.44
312.40,35.21,21.19,22.59,21.02,97.88,56.50,48.62,34.44
312.41,35.21,21.19,22.63,21.02,98.26,56.50,48.52,34.44
312.42,35.21,21.23,22.63,21.02,98.26,56.50,48.62,34.44
312.43,35.34,21.23,22.63,21.02,98.26,56.64,48.62,34.44
312.44,35.28,21.19,22.63,21.02,98.26,56.50,48.62,34.44
312.45,35.28,21.19,22.59,21.02,98.26,56.50,48.62,34.44
312.46,35.21,21.19,22.59,21.02,98.26,56.50,48.62,34.44
312.47,35.21,21.23,22.63,21.02,98.26,56.64,48.52,34.44
312.48,35.21,21.19,22.63,21.02,98.26,56.35,48.62,34.44
312.49,35.21,21.19,22.59,21.02,98.26,56.50,48.62,34.44
312.50,35.21,21.19,22.59,21.02,98.26,56.50,48.62,34.44
312.51,35.21,21.19,22.63,21.02,98.26,56.50,48.62,34.44
312.52,35.21,21.23,22.63,21.05,98.26,56.64,48.62,34.50
312.53,35.21,21.23,22.63,21.02,98.26,56.50,48.62,34.44
312.54,35.21,21.19,22.59,21.02,98.26,56.50,48.62,34.44
312.55,35.21,21.19,22.63,21.02,98.26,56.50,48.62,34.44
312.56,35.28,21.19,22.63,21.02,98.26,56.50,48.62,34.44
312.57,35.28,21.23,22.63,21.02,98.26,56.50,48.62,34.44
312.58,35.21,21.23,22.63,21.02,97.88,56.50,48.62,34.44
312.59,35.21,21.19,22.59,21.02,98.26,56.50,48.62,34.44
312.60,35.21,21.19,22.59,21.02,98.26,56.50,48.62,34.44
312.61,35.21,21.19,22.59,21.02,98.26,56.50,48.62,34.44
312.62,35.28,21.23,22.63,21.02,98.26,56.50,48.62,34.44
312.63,35.21,21.19,22.63,21.05,98.26,56.50,48.62,34.50
312.64,35.28,21.19,22.63,21.02,98.26,56.35,48.62,34.44
312.65,35.21,21.19,22.59,21.02,98.26,56.50,48.62,34.44
312.66,35.21,21.19,22.63,21.02,98.26,56.50,48.62,34.44
312.67,35.21,21.23,22.63,21.02,98.26,56.50,48.74,34.44
312.68,35.21,21.19,22.63,21.02,98.26,56.50,48.62,34.44
312.69,35.21,21.19,22.59,21.02,98.26,56.50,48.62,34.44
312.70,35.21,21.19,22.59,21.02,98.26,56.35,48.62,34.44
312.71,35.21,21.19,22.63,21.02,98.26,56.50,48.62,34.44
312.72,35.28,21.23,22.63,21.05,98.26,56.50,48.62,34.44
312.73,35.21,21.23,22.63,21.02,98.26,56.50,48.62,34.44
312.74,35.21,21.19,22.63,21.02,98.26,56.50,48.62,34.44
312.75,35.21,21.19,22.59,21.02,98.26,56.50,48.62,34.44
312.76,35.21,21.19,22.63,21.02,98.26,56.50,48.62,34.44
312.77,35.21,21.23,22.63,21.02,98.26,56.50,48.62,34.50
312.78,35.21,21.23,22.63,21.02,98.26,56.50,48.62,34.44
312.79,35.21,21.23,22.59,21.02,98.26,56.50,48.62,34.44
312.80,35.21,21.19,22.63,21.02,97.88,56.50,48.62,34.44
312.81,35.21,21.19,22.63,21.02,98.26,56.50,48.62,34.44
312.82,35.28,21.23,22.63,21.02,98.26,56.50,48.62,34.44
312.83,35.21,21.19,22.63,21.02,98.26,56.50,48.62,34.44
312.84,35.28,21.19,22.63,21.02,98.26,56.50,48.62,34.44
312.85,35.21,21.19,22.59,21.02,98.26,56.35,48.62,34.44
312.86,35.28,21.23,22.59,21.02,98.26,56.50,48.62,34.44
312.87,35.28,21.19,22.63,21.02,98.26,56.35,48.62,34.44
312.88,35.28,21.19,22.63,21.02,98.26,56.50,48.62,34.44
312.89,35.21,21.19,22.59,21.02,98.26,56.50,48.62,34.50
312.90,35.21,21.23,22.59,21.02,98.26,56.50,48.62,34.38
312.91,35.21,21.19,22.63,21.02,98.26,56.50,48.62,34.44
312.92,35.28,21.23,22.63,21.02,98.26,56.50,48.62,34.44
312.93,35.28,21.23,22.63,21.02,98.26,56.50,48.62,34.44
312.94,35.21,21.19,22.63,21.05,98.26,56.50,48.62,34.50
312.95,35.28,21.19,22.59,21.02,98.26,56.50,48.62,34.44
312.96,35.21,21.23,22.63,21.02,98.26,56.50,48.62,34.50
312.97,35.28,21.23,22.63,21.02,98.26,56.50,48.62,34.50
312.98,35.28,21.23,22.63,21.02,98.26,56.50,48.62,34.44
312.99,35.28,21.19,22.63,21.05,98.26,56.50,48.62,34.44
313.00,35.21,21.19,22.59,21.02,98.26,56.50,48.62,34.44
313.01,35.21,21.23,22.63,21.02,98.26,56.50,48.62,34.44
313.43,35.28,21.23,22.59,21.02,98.26,56.50,48.62,34.44
313.44,35.28,21.23,22.63,21.02,98.26,56.50,48.62,34.44
313.45,35.28,21.19,22.59,21.02,98.26,56.50,48.62,34.44
313.46,35.28,21.19,22.59,21.02,98.26,56.50,48.62,34.50
313.47,35.21,21.19,22.59,21.02,98.26,56.50,48.62,34.50
313.48,35.34,21.23,22.63,21.05,98.26,56.50,48.62,34.44
313.49,35.21,21.23,22.63,21.02,98.26,56.50,48.62,34.44
313.51,35.21,21.19,22.59,21.02,98.26,56.35,48.62,34.44
313.52,35.21,21.19,22.59,21.02,98.26,56.50,48.62,34.44
313.53,35.21,21.19,22.59,21.02,98.64,56.50,48.62,34.44
313.54,35.21,21.23,22.63,21.02,98.26,56.50,48.62,34.44
313.55,35.21,21.23,22.63,21.02,98.64,56.50,48.74,34.44
313.56,35.21,21.19,22.59,21.02,98.26,56.50,48.74,34.44
313.57,35.21,21.19,22.59,21.02,98.26,56.35,48.52,34.44
313.58,35.28,21.19,22.59,21.02,98.26,56.50,48.74,34.44
313.59,35.21,21.23,22.63,21.05,98.26,56.50,48.62,34.44
313.60,35.28,21.19,22.63,21.02,98.26,56.50,48.62,34.44
313.61,35.21,21.19,22.59,21.02,98.26,56.50,48.62,34.44
313.62,35.21,21.19,22.59,21.02,98.26,56.35,48.62,34.44
313.63,35.21,21.19,22.59,21.05,98.26,56.50,48.62,34.44
313.64,35.28,21.23,22.63,21.02,98.26,56.50,48.62,34.50
313.65,35.28,21.23,22.63,21.02,98.26,56.50,48.62,34.50
313.66,35.21,21.19,22.59,21.02,98.26,56.50,48.62,34.44
313.67,35.21,21.19,22.59,21.02,98.26,56.50,48.62,34.44
313.68,35.21,21.19,22.59,21.02,98.26,56.50,48.62,34.44
313.69,35.34,21.23,22.63,21.02,98.26,56.50,48.62,34.50
313.70,35.21,21.19,22.63,21.02,98.26,56.50,48.62,34.50
313.71,35.21,21.19,22.59,21.02,98.26,56.35,48.62,34.44
313.72,35.21,21.19,22.59,21.02,98.26,56.50,48.62,34.50
313.73,35.28,21.19,22.63,21.05,98.26,56.50,48.62,34.50
313.74,35.21,21.23,22.63,21.02,98.26,56.50,48.62,34.50
313.75,35.21,21.19,22.63,21.02,98.26,56.50,48.62,34.44
313.76,35.21,21.23,22.63,21.02,98.26,56.50,48.62,34.44
313.77,35.21,21.19,22.59,21.02,98.26,56.50,48.62,34.44
313.78,35.21,21.19,22.63,21.02,98.26,56.50,48.62,34.50
313.79,35.21,21.23,22.63,21.02,98.26,56.50,48.62,34.50
313.80,35.28,21.23,22.63,21.02,98.26,56.50,48.62,34.50
313.81,35.21,21.19,22.59,21.02,98.26,56.50,48.62,34.44
313.82,35.21,21.19,22.63,21.02,98.26,56.50,48.62,34.50
313.83,35.21,21.23,22.59,21.02,98.26,56.50,48.62,34.50
313.84,35.21,21.23,22.63,21.05,98.26,56.64,48.62,34.50
313.85,35.28,21.19,22.63,21.02,98.26,56.50,48.62,34.44
313.86,35.21,21.19,22.63,21.02,98.26,56.35,48.62,34.44
313.87,35.28,21.19,22.59,21.05,98.26,56.50,48.62,34.44
313.88,35.21,21.19,22.63,21.02,98.26,56.50,48.52,34.50
313.89,35.34,21.23,22.63,21.05,98.26,56.50,48.62,34.50
313.90,35.28,21.23,22.63,21.02,98.26,56.50,48.62,34.50
313.91,35.21,21.19,22.59,21.02,98.26,56.50,48.62,34.50
313.92,35.28,21.19,22.59,21.02,98.26,56.50,48.62,34.50
313.93,35.28,21.19,22.59,21.02,98.26,56.50,48.62,34.50
313.94,35.21,21.23,22.63,21.02,98.26,56.50,48.62,34.50
313.95,35.21,21.23,22.63,21.02,98.26,56.50,48.62,34.50
313.96,35.28,21.19,22.59,21.02,98.26,56.50,48.62,34.44
313.97,35.21,21.16,22.63,21.02,98.26,56.50,48.62,34.50
313.98,35.21,21.19,22.63,21.05,98.26,56.50,48.62,34.50
313.99,35.21,21.23,22.63,21.02,98.26,56.50,48.62,34.44
314.00,35.21,21.19,22.63,21.02,98.26,56.50,48.62,34.50
314.01,35.28,21.19,22.63,21.02,98.26,56.50,48.62,34.50
314.02,35.21,21.19,22.59,21.02,98.26,56.50,48.62,34.44
314.03,35.21,21.19,22.59,21.02,98.26,56.50,48.62,34.50
314.04,35.21,21.19,22.63,21.02,98.26,56.50,48.62,34.50
314.05,35.21,21.19,22.63,21.05,98.26,56.50,48.62,34.50
314.06,35.21,21.19,22.59,21.02,98.26,56.50,48.62,34.44
314.07,35.21,21.19,22.63,21.05,98.26,56.50,48.62,34.50
314.08,35.28,21.19,22.63,21.02,98.26,56.50,48.62,34.50
314.09,35.21,21.23,22.63,21.02,98.26,56.50,48.62,34.50
314.10,35.21,21.23,22.63,21.02,98.26,56.50,48.62,34.50
314.11,35.21,21.19,22.59,21.02,98.26,56.50,48.62,34.50
314.12,35.21,21.19,22.59,21.02,98.26,56.50,48.62,34.50
314.13,35.21,21.19,22.63,21.02,98.26,56.50,48.62,34.50
314.14,35.21,21.19,22.63,21.05,98.26,56.50,48.62,34.50
314.15,35.15,21.23,22.63,21.02,98.26,56.50,48.62,34.44
314.16,35.21,21.19,22.59,21.02,98.26,56.50,48.62,34.44
314.17,35.21,21.16,22.63,21.02,98.26,56.50,48.62,34.50
314.18,35.28,21.19,22.59,21.05,98.26,56.50,48.62,34.50
314.19,35.28,21.23,22.63,21.02,98.26,56.50,48.62,34.50
314.20,35.28,21.23,22.63,21.02,98.26,56.50,48.62,34.50
314.21,35.21,21.23,22.59,21.02,98.26,56.50,48.62,34.50
314.22,35.21,21.19,22.63,21.05,98.26,56.50,48.62,34.50
314.23,35.21,21.19,22.63,21.05,98.26,56.50,48.62,34.50
314.24,35.21,21.19,22.63,21.02,98.26,56.50,48.62,34.44
314.25,35.21,21.19,22.63,21.02,98.26,56.50,48.62,34.44
314.26,35.21,21.19,22.59,21.02,98.26,56.35,48.62,34.44
314.27,35.15,21.16,22.59,21.05,98.26,56.35,48.62,34.44
314.28,35.21,21.16,22.59,21.02,98.26,56.50,48.62,34.50
314.29,35.21,21.19,22.63,21.02,98.26,56.50,48.62,34.50
314.30,35.28,21.19,22.59,21.05,98.26,56.50,48.62,34.50
314.31,35.21,21.19,22.59,21.02,98.26,56.35,48.62,34.44
314.32,35.28,21.16,22.59,21.02,97.88,56.50,48.62,34.50
314.33,35.21,21.19,22.59,21.02,98.26,56.50,48.62,34.44
314.34,35.28,21.19,22.63,21.02,98.26,56.50,48.52,34.50
314.35,35.21,21.19,22.63,21.02,98.26,56.50,48.62,34.50
314.36,35.21,21.19,22.59,21.02,98.26,56.35,48.52,34.44
314.37,35.21,21.19,22.59,21.02,97.88,56.50,48.62,34.44
314.38,35.28,21.19,22.59,21.02,98.26,56.50,48.62,34.50
314.39,35.28,21.19,22.59,21.02,98.26,56.50,48.62,34.50
314.40,35.34,21.19,22.59,21.02,98.26,56.50,48.62,34.50
314.41,35.21,21.19,22.59,21.05,98.26,56.50,48.62,34.50
314.42,35.21,21.19,22.59,21.02,98.26,56.50,48.52,34.44
314.43,35.21,21.23,22.59,21.02,98.26,56.50,48.52,34.50
314.44,35.21,21.16,22.59,21.02,98.26,56.50,48.62,34.50
314.45,35.21,21.23,22.63,21.05,98.26,56.50,48.62,34.50
314.46,35.28,21.16,22.59,21.02,98.26,56.35,48.62,34.50
314.47,35.28,21.16,22.59,21.05,98.26,56.35,48.52,34.50
314.48,35.21,21.23,22.59,21.02,98.26,56.50,48.62,34.50
314.49,35.21,21.19,22.63,21.05,98.26,56.35,48.52,34.50
314.50,35.21,21.19,22.59,21.02,98.26,56.50,48.62,34.50
314.51,35.21,21.19,22.59,21.02,97.88,56.50,48.52,34.50
314.52,35.28,21.19,22.59,21.02,98.26,56.50,48.62,34.50
314.53,35.15,21.19,22.59,21.02,98.26,56.50,48.62,34.50
314.54,35.21,21.19,22.59,21.02,98.26,56.35,48.62,34.44
314.55,35.21,21.19,22.63,21.02,98.26,56.64,48.62,34.50
314.56,35.21,21.19,22.59,21.02,98.26,56.35,48.62,34.44
314.57,35.21,21.16,22.59,21.02,98.26,56.50,48.62,34.50
314.58,35.21,21.19,22.59,21.02,98.26,56.50,48.62,34.56
314.59,35.21,21.19,22.63,21.05,98.26,56.50,48.62,34.50
314.60,35.21,21.19,22.63,21.05,98.26,56.35,48.62,34.50
314.61,35.21,21.16,22.59,21.02,97.88,56.50,48.52,34.44
314.62,35.21,21.16,22.59,21.02,98.26,56.35,48.52,34.44
314.63,35.21,21.19,22.59,21.05,98.26,56.35,48.52,34.50
314.64,35.21,21.19,22.59,21.05,98.26,56.50,48.52,34.50
314.65,35.21,21.16,22.59,21.02,98.26,56.50,48.62,34.50
314.66,35.21,21.16,22.59,21.02,98.26,56.50,48.62,34.50
314.67,35.15,21.19,22.59,21.02,98.26,56.50,48.62,34.50
314.68,35.28,21.19,22.59,21.02,98.26,56.50,48.62,34.50
314.69,35.08,21.19,22.59,21.02,98.26,56.50,48.62,34.50
314.70,35.21,21.19,22.59,21.02,98.26,56.35,48.62,34.44
314.71,35.15,21.19,22.59,21.02,98.26,56.35,48.62,34.50
314.72,35.15,21.16,22.59,21.02,98.26,56.35,48.52,34.50
314.73,35.21,21.19,22.59,21.02,98.26,56.35,48.52,34.50
314.74,35.21,21.16,22.59,21.02,98.26,56.50,48.62,34.50
314.75,35.21,21.19,22.59,21.02,98.26,56.35,48.62,34.50
314.76,35.21,21.16,22.59,21.02,97.88,56.50,48.62,34.50
314.77,35.21,21.16,22.59,21.02,98.64,56.50,48.62,34.50
314.78,35.21,21.19,22.59,21.02,98.26,56.50,48.62,34.50
314.79,35.21,21.19,22.59,21.02,98.26,56.50,48.62,34.50
314.80,35.21,21.16,22.59,21.02,98.64,56.35,48.74,34.50
314.81,35.21,21.19,22.59,21.05,98.26,56.50,48.52,34.50
314.82,35.21,21.16,22.59,21.02,98.26,56.50,48.62,34.50
314.83,35.21,21.16,22.59,21.02,98.26,56.50,48.52,34.50
314.84,35.21,21.19,22.59,21.02,98.26,56.35,48.62,34.50
314.85,35.15,21.19,22.59,21.02,98.26,56.50,48.62,34.50
314.86,35.15,21.16,22.59,21.02,98.26,56.50,48.41,34.50
314.87,35.21,21.16,22.59,21.02,98.26,56.50,48.52,34.56
314.88,35.28,21.16,22.59,21.05,98.26,56.50,48.52,34.50
314.89,35.21,21.19,22.59,21.02,98.26,56.35,48.62,34.50
314.90,35.21,21.19,22.59,21.02,98.26,56.50,48.62,34.50
314.91,35.15,21.19,22.59,21.02,98.26,56.35,48.62,34.50
314.92,35.21,21.16,22.59,21.02,98.26,56.35,48.52,34.50
314.93,35.21,21.16,22.56,21.02,97.88,56.50,48.52,34.50
314.94,35.28,21.19,22.59,21.02,98.26,56.35,48.62,34.50
314.95,35.28,21.19,22.59,21.02,98.26,56.50,48.52,34.50
314.96,35.21,21.16,22.59,21.02,98.26,56.50,48.62,34.50
314.97,35.21,21.16,22.56,21.02,98.26,56.21,48.62,34.50
314.98,35.15,21.19,22.59,21.02,97.88,56.35,48.62,34.56
314.99,35.21,21.16,22.59,21.02,98.26,56.35,48.62,34.50
315.00,35.15,21.16,22.63,21.02,98.26,56.50,48.62,34.50
315.01,35.21,21.16,22.59,21.02,98.26,56.35,48.62,34.50
315.02,35.21,21.16,22.59,21.02,98.26,56.35,48.52,34.50
315.03,35.15,21.16,22.59,21.02,98.26,56.50,48.62,34.50
315.04,35.15,21.16,22.59,21.02,98.26,56.50,48.62,34.50
315.05,35.21,21.16,22.59,21.02,98.26,56.35,48.52,34.50
315.06,35.15,21.16,22.59,21.02,98.26,56.35,48.62,34.50
315.07,35.15,21.16,22.59,21.02,98.26,56.35,48.52,34.50
315.08,35.15,21.16,22.59,21.02,98.26,56.50,48.52,34.50
315.09,35.15,21.16,22.59,21.02,98.26,56.35,48.62,34.50
315.10,35.21,21.19,22.59,21.02,98.26,56.50,48.62,34.50
315.11,35.15,21.16,22.59,21.02,97.88,56.35,48.52,34.50
315.12,35.21,21.16,22.56,21.02,97.88,56.35,48.62,34.50
315.13,35.15,21.16,22.59,21.02,97.88,56.50,48.52,34.50
315.14,35.28,21.16,22.59,21.02,98.26,56.35,48.62,34.50
315.15,35.15,21.16,22.59,21.02,98.26,56.50,48.62,34.56
315.16,35.15,21.16,22.56,21.02,97.88,56.35,48.52,34.50
315.17,35.15,21.16,22.56,21.02,97.51,56.35,48.52,34.50
315.18,35.15,21.16,22.56,21.02,97.88,56.35,48.41,34.50
315.19,35.15,21.16,22.59,21.02,97.88,56.35,48.52,34.50
315.20,35.21,21.16,22.56,21.02,97.88,56.50,48.62,34.50
315.21,35.21,21.16,22.59,21.02,97.88,56.35,48.52,34.50
315.22,35.15,21.16,22.56,21.02,98.26,56.35,48.52,34.50
315.23,35.15,21.16,22.59,21.02,98.26,56.35,48.52,34.50
315.24,35.21,21.16,22.59,21.02,98.26,56.50,48.62,34.50
315.25,35.15,21.16,22.59,21.02,97.88,56.35,48.52,34.50
315.26,35.15,21.16,22.59,21.05,97.88,56.35,48.52,34.56
315.27,35.15,21.16,22.56,21.02,98.26,56.50,48.52,34.50
315.28,35.15,21.16,22.59,21.02,98.26,56.35,48.52,34.50
315.29,35.21,21.16,22.59,21.05,98.26,56.35,48.62,34.50
315.30,35.15,21.16,22.59,21.05,98.26,56.35,48.62,34.50
315.31,35.21,21.13,22.56,21.02,98.26,56.35,48.52,34.50
315.32,35.21,21.13,22.59,21.02,98.26,56.35,48.52,34.50
315.33,35.15,21.16,22.59,21.02,98.26,56.35,48.62,34.50
315.34,35.15,21.16,22.59,21.02,97.88,56.35,48.52,34.50
315.35,35.15,21.16,22.59,21.02,98.26,56.50,48.52,34.56
315.36,35.21,21.16,22.59,21.02,98.26,56.35,48.52,34.50
315.37,35.15,21.13,22.59,21.02,98.26,56.35,48.52,34.50
315.38,35.15,21.16,22.56,21.05,97.88,56.50,48.52,34.50
315.39,35.15,21.16,22.59,21.02,98.26,56.35,48.52,34.50
315.40,35.21,21.16,22.59,21.02,98.26,56.35,48.52,34.50
315.41,35.15,21.16,22.56,21.02,98.26,56.35,48.52,34.50
315.42,35.15,21.13,22.56,21.05,97.88,56.35,48.52,34.50
315.43,35.15,21.16,22.56,21.02,98.26,56.35,48.52,34.50
315.44,35.21,21.19,22.59,21.02,98.26,56.35,48.52,34.50
315.45,35.21,21.16,22.59,21.02,98.26,56.35,48.62,34.50
315.46,35.15,21.16,22.56,21.02,98.26,56.35,48.52,34.50
315.47,35.21,21.16,22.56,21.02,97.88,56.35,48.52,34.50
315.48,35.21,21.16,22.59,21.05,98.26,56.35,48.52,34.56
315.49,35.28,21.16,22.59,21.02,98.26,56.35,48.52,34.50
315.50,35.28,21.16,22.59,21.02,97.88,56.35,48.52,34.50
315.51,35.15,21.16,22.56,21.02,97.88,56.35,48.52,34.50
315.52,35.21,21.16,22.56,21.02,97.88,56.35,48.52,34.50
315.53,35.15,21.16,22.56,21.02,97.88,56.35,48.52,34.50
315.54,35.28,21.16,22.59,21.05,97.88,56.35,48.62,34.50
315.55,35.21,21.16,22.59,21.02,97.88,56.35,48.52,34.50
315.56,35.15,21.16,22.56,21.02,98.26,56.35,48.62,34.50
315.57,35.15,21.16,22.56,21.02,98.26,56.35,48.52,34.50
315.58,35.21,21.16,22.56,21.02,97.88,56.35,48.52,34.50
315.59,35.21,21.16,22.59,21.02,98.26,56.35,48.62,34.56
315.60,35.21,21.16,22.59,21.02,98.26,56.35,48.62,34.56
315.61,35.21,21.13,22.56,21.02,98.26,56.50,48.52,34.50
315.62,35.15,21.13,22.56,21.02,97.88,56.35,48.52,34.50
315.63,35.21,21.16,22.56,21.02,97.88,56.35,48.52,34.50
315.64,35.21,21.16,22.59,21.02,98.26,56.35,48.52,34.50
315.65,35.15,21.16,22.59,21.02,97.88,56.50,48.62,34.50
315.66,35.15,21.16,22.56,21.02,97.88,56.35,48.52,34.50
315.67,35.15,21.16,22.56,21.02,97.88,56.35,48.52,34.50
315.68,35.15,21.16,22.56,21.05,98.26,56.35,48.52,34.50
315.69,35.15,21.13,22.59,21.02,97.88,56.50,48.52,34.56
315.70,35.21,21.16,22.59,21.02,98.26,56.35,48.52,34.50
315.71,35.21,21.13,22.59,21.02,97.88,56.35,48.52,34.56
315.72,35.15,21.16,22.56,21.02,97.88,56.35,48.52,34.56
315.73,35.15,21.16,22.56,21.02,98.26,56.35,48.52,34.50
315.74,35.21,21.16,22.56,21.02,98.26,56.35,48.62,34.56
315.75,35.15,21.16,22.59,21.02,98.26,56.50,48.52,34.50
315.76,35.15,21.16,22.56,21.02,98.26,56.35,48.52,34.50
315.77,35.21,21.13,22.56,21.02,98.26,56.35,48.52,34.50
315.78,35.21,21.13,22.56,21.02,97.88,56.50,48.52,34.50
315.79,35.21,21.16,22.56,21.02,97.88,56.21,48.52,34.50
315.80,35.15,21.16,22.59,21.02,98.26,56.50,48.62,34.56
315.81,35.15,21.13,22.56,21.02,98.26,56.35,48.52,34.50
315.82,35.21,21.13,22.56,21.02,98.26,56.35,48.52,34.56
315.83,35.15,21.13,22.56,21.02,98.26,56.35,48.52,34.50
315.84,35.15,21.16,22.56,21.02,98.26,56.35,48.52,34.56
315.85,35.15,21.16,22.56,21.02,97.88,56.35,48.52,34.56
315.86,35.15,21.16,22.56,21.02,98.26,56.35,48.52,34.50
315.87,35.15,21.13,22.56,21.02,98.26,56.35,48.52,34.56
315.88,35.15,21.13,22.56,21.02,97.88,56.35,48.52,34.50
315.89,35.21,21.13,22.59,21.02,98.26,56.35,48.52,34.50
315.90,35.21,21.16,22.59,21.02,98.26,56.35,48.52,34.56
315.91,35.21,21.16,22.56,21.02,98.26,56.35,48.52,34.50
315.92,35.15,21.13,22.56,21.02,97.88,56.35,48.52,34.50
315.93,35.15,21.13,22.56,21.02,97.88,56.35,48.52,34.50
315.94,35.08,21.16,22.56,21.02,98.26,56.35,48.52,34.50
315.95,35.15,21.16,22.56,21.02,98.26,56.35,48.52,34.56
315.96,35.21,21.13,22.56,21.02,97.88,56.35,48.52,34.50
315.97,35.15,21.13,22.56,21.02,98.26,56.35,48.52,34.56
315.98,35.15,21.16,22.56,21.02,98.26,56.35,48.52,34.56
315.99,35.15,21.16,22.59,21.02,98.26,56.35,48.62,34.56
316.00,35.21,21.16,22.56,21.02,98.26,56.35,48.52,34.56
316.01,35.21,21.13,22.56,21.02,97.88,56.35,48.52,34.56
316.02,35.15,21.13,22.56,21.02,98.26,56.35,48.52,34.56
316.03,35.15,21.16,22.56,21.02,98.26,56.50,48.74,34.56
316.04,35.21,21.16,22.56,21.02,97.51,56.35,48.52,34.50
316.05,35.21,21.16,22.59,21.02,98.26,56.50,48.62,34.56
316.06,35.15,21.16,22.56,21.02,97.88,56.50,48.52,34.50
316.07,35.15,21.13,22.59,21.02,98.26,56.35,48.74,34.56
316.08,35.15,21.13,22.56,21.02,97.88,56.35,48.62,34.56
316.09,35.21,21.16,22.56,21.02,98.26,56.35,48.52,34.56
316.10,35.15,21.16,22.59,21.02,98.26,56.35,48.52,34.56
316.11,35.15,21.16,22.59,21.02,97.88,56.35,48.52,34.56
316.12,35.15,21.13,22.56,21.02,98.26,56.50,48.52,34.50
316.13,35.21,21.13,22.56,21.02,98.26,56.35,48.52,34.56
316.14,35.28,21.16,22.59,21.02,98.26,56.50,48.52,34.56
316.15,35.21,21.16,22.56,21.02,97.88,56.35,48.52,34.56
316.16,35.15,21.13,22.56,21.02,98.26,56.35,48.62,34.50
316.17,35.21,21.13,22.56,21.02,97.88,56.35,48.52,34.50
316.18,35.21,21.16,22.56,21.02,97.88,56.35,48.52,34.50
316.19,35.21,21.16,22.56,21.02,97.88,56.35,48.52,34.56
316.20,35.15,21.16,22.56,21.02,98.26,56.35,48.62,34.56
316.21,35.15,21.13,22.56,21.02,97.88,56.35,48.52,34.50
316.22,35.15,21.16,22.56,21.02,98.26,56.35,48.52,34.56
316.23,35.21,21.13,22.56,21.02,97.88,56.35,48.52,34.50
316.24,35.21,21.16,22.56,21.02,98.26,56.35,48.52,34.50
316.25,35.15,21.16,22.59,21.02,98.26,56.35,48.52,34.50
316.26,35.15,21.13,22.56,21.02,97.88,56.35,48.52,34.56
316.27,35.15,21.13,22.56,21.02,97.88,56.35,48.52,34.50
316.28,35.15,21.13,22.56,21.02,97.88,56.35,48.52,34.56
316.29,35.21,21.16,22.56,20.99,98.26,56.35,48.52,34.56
316.30,35.21,21.16,22.56,21.02,98.26,56.35,48.52,34.50
316.31,35.21,21.16,22.56,21.05,97.88,56.35,48.52,34.50
316.32,35.21,21.13,22.56,20.99,97.88,56.35,48.52,34.56
316.33,35.21,21.16,22.56,21.02,97.88,56.35,48.52,34.56
316.34,35.21,21.16,22.56,21.02,97.88,56.35,48.52,34.56
316.35,35.15,21.16,22.59,21.02,97.88,56.35,48.52,34.56
316.36,35.21,21.13,22.56,21.02,98.26,56.35,48.52,34.50
316.37,35.08,21.13,22.56,21.02,97.88,56.35,48.52,34.56
316.38,35.15,21.16,22.56,21.02,98.26,56.35,48.52,34.56
316.39,35.15,21.16,22.59,21.02,97.88,56.35,48.62,34.56
316.40,35.15,21.16,22.59,21.02,98.26,56.35,48.52,34.50
316.41,35.15,21.13,22.56,21.02,97.88,56.35,48.52,34.50
316.42,35.15,21.13,22.56,21.02,97.88,56.35,48.52,34.56
316.43,35.15,21.16,22.56,21.02,97.88,56.35,48.52,34.56
316.44,35.15,21.16,22.59,21.02,97.88,56.35,48.52,34.56
316.45,35.15,21.13,22.59,21.02,98.26,56.35,48.52,34.56
316.46,35.15,21.13,22.56,21.02,97.88,56.35,48.52,34.56
316.47,35.21,21.13,22.56,21.02,97.88,56.35,48.52,34.50
316.48,35.15,21.13,22.56,21.02,97.88,56.50,48.52,34.56
316.49,35.15,21.16,22.56,21.02,98.26,56.35,48.52,34.56
316.50,35.21,21.16,22.59,21.02,98.26,56.50,48.52,34.50
316.51,35.21,21.13,22.56,21.02,97.88,56.35,48.52,34.56
316.52,35.21,21.13,22.56,21.02,97.88,56.35,48.52,34.56
316.53,35.15,21.13,22.56,21.02,97.88,56.35,48.52,34.56
316.54,35.15,21.16,22.59,21.02,97.88,56.35,48.52,34.56
316.55,35.21,21.16,22.59,21.02,98.26,56.35,48.52,34.56
316.56,35.15,21.13,22.56,21.02,98.26,56.35,48.52,34.56
316.57,35.08,21.13,22.56,21.02,97.88,56.35,48.52,34.50
316.58,35.15,21.13,22.56,21.02,97.88,56.35,48.62,34.56
316.59,35.21,21.16,22.59,21.05,98.26,56.35,48.52,34.56
316.60,35.15,21.16,22.56,21.02,98.26,56.35,48.52,34.50
316.61,35.21,21.13,22.56,21.02,97.88,56.35,48.52,34.56
316.62,35.15,21.16,22.56,21.02,97.88,56.35,48.52,34.56
316.63,35.15,21.16,22.56,21.02,97.88,56.35,48.52,34.56
316.64,35.21,21.16,22.56,21.02,97.88,56.35,48.62,34.56
316.65,35.21,21.16,22.59,21.02,98.26,56.35,48.52,34.56
316.66,35.15,21.13,22.56,21.02,98.26,56.35,48.52,34.56
316.67,35.15,21.13,22.56,21.02,98.26,56.35,48.52,34.56
316.68,35.21,21.13,22.56,21.02,97.88,56.35,48.52,34.56
316.69,35.15,21.13,22.56,21.02,98.26,56.35,48.62,34.56
316.70,35.15,21.13,22.59,21.02,98.26,56.35,48.52,34.56
316.71,35.15,21.16,22.56,21.02,97.88,56.35,48.52,34.56
316.72,35.08,21.13,22.56,21.02,97.88,56.35,48.52,34.56
316.73,35.15,21.16,22.56,21.02,98.26,56.35,48.52,34.56
316.74,35.21,21.13,22.56,21.02,98.26,56.35,48.52,34.56
316.75,35.21,21.16,22.59,21.02,97.88,56.35,48.52,34.56
316.76,35.15,21.13,22.56,21.02,97.88,56.35,48.52,34.56
316.77,35.08,21.13,22.56,21.02,97.88,56.35,48.52,34.56
316.78,35.15,21.13,22.56,21.02,97.88,56.35,48.52,34.56
316.79,35.15,21.16,22.56,21.02,98.26,56.35,48.62,34.56
316.80,35.15,21.16,22.59,21.02,97.88,56.50,48.52,34.56
316.81,35.15,21.13,22.56,21.02,98.26,56.35,48.52,34.56
316.82,35.15,21.13,22.56,21.02,98.26,56.50,48.52,34.56
316.83,35.21,21.13,22.59,21.05,97.88,56.35,48.52,34.56
316.84,35.15,21.16,22.59,21.02,98.26,56.50,48.52,34.56
316.85,35.21,21.16,22.59,21.02,98.26,56.21,48.52,34.56
316.86,35.15,21.16,22.56,21.02,97.88,56.35,48.52,34.56
316.87,35.15,21.13,22.56,21.02,97.88,56.35,48.52,34.56
316.88,35.21,21.16,22.56,21.02,97.88,56.35,48.52,34.56
316.89,35.15,21.16,22.59,21.02,98.26,56.35,48.52,34.56
316.90,35.08,21.16,22.59,21.02,98.26,56.21,48.52,34.56
316.91,35.21,21.16,22.56,21.05,97.88,56.35,48.52,34.56
316.92,35.15,21.13,22.56,21.02,97.88,56.35,48.41,34.56
316.93,35.15,21.16,22.56,21.02,97.88,56.35,48.52,34.50
316.94,35.15,21.16,22.59,21.02,98.26,56.35,48.52,34.56
316.95,35.15,21.19,22.59,21.02,98.26,56.35,48.52,34.56
316.96,35.15,21.10,22.56,21.02,97.88,56.35,48.52,34.56
316.97,35.15,21.19,22.56,21.02,98.26,56.50,48.62,34.56
316.98,35.15,21.13,22.59,21.02,98.26,56.35,48.52,34.56
316.99,35.21,21.16,22.59,21.02,98.26,56.35,48.52,34.56
317.00,35.21,21.16,22.59,21.02,97.88,56.50,48.62,34.56
317.01,35.15,21.13,22.56,21.02,97.88,56.35,48.52,34.50
317.02,35.15,21.16,22.56,21.02,97.88,56.35,48.52,34.56
317.03,35.15,21.16,22.56,21.02,97.88,56.35,48.52,34.56
317.04,35.21,21.16,22.56,21.02,98.26,56.35,48.52,34.56
317.05,35.21,21.16,22.59,21.02,97.88,56.64,48.62,34.56
317.06,35.21,21.13,22.59,21.02,97.88,56.21,48.52,34.56
317.07,35.15,21.13,22.56,21.02,97.88,56.50,48.52,34.63
317.08,35.21,21.13,22.56,21.02,98.26,56.35,48.52,34.63
317.09,35.21,21.16,22.59,21.02,98.26,56.35,48.62,34.56
317.10,35.21,21.16,22.59,21.02,97.88,56.50,48.52,34.56
317.11,35.08,21.16,22.56,21.02,98.26,56.35,48.52,34.56
317.12,35.08,21.13,22.56,21.02,97.88,56.35,48.52,34.56
317.13,35.15,21.16,22.59,21.02,97.88,56.35,48.62,34.56
317.14,35.21,21.16,22.59,21.02,97.88,56.50,48.52,34.56
317.15,35.21,21.16,22.59,21.02,98.26,56.35,48.52,34.56
317.16,35.15,21.16,22.56,21.02,98.26,56.35,48.52,34.56
317.17,35.15,21.16,22.56,21.02,97.88,56.35,48.52,34.56
317.18,35.21,21.16,22.56,21.02,97.88,56.35,48.52,34.56
317.19,35.15,21.16,22.56,21.02,98.26,56.35,48.52,34.63
317.20,35.28,21.16,22.59,21.02,97.88,56.50,48.52,34.56
317.21,35.21,21.16,22.56,21.02,98.26,56.35,48.52,34.56
317.22,35.21,21.13,22.59,21.02,97.88,56.35,48.52,34.56
317.23,35.15,21.13,22.52,21.05,98.26,56.35,48.52,34.63
317.24,35.21,21.16,22.59,21.02,97.88,56.35,48.62,34.56
317.25,35.21,21.16,22.59,21.02,98.26,56.35,48.52,34.56
317.26,35.21,21.16,22.56,21.02,98.26,56.35,48.52,34.56
317.27,35.21,21.16,22.56,21.02,98.26,56.35,48.52,34.63
317.28,35.15,21.16,22.56,20.99,97.88,56.50,48.52,34.56
317.29,35.15,21.16,22.56,21.02,98.26,56.35,48.52,34.56
317.30,35.21,21.16,22.59,21.02,98.26,56.50,48.52,34.56
317.31,35.21,21.16,22.56,21.02,97.51,56.35,48.41,34.56
317.32,35.15,21.16,22.56,21.02,97.88,56.35,48.62,34.56
317.33,35.15,21.13,22.56,21.02,97.88,56.50,48.41,34.56
317.34,35.21,21.16,22.59,21.02,98.26,56.35,48.52,34.56
317.35,35.28,21.16,22.56,21.02,98.26,56.35,48.52,34.56
317.36,35.15,21.16,22.56,21.02,98.26,56.35,48.62,34.56
317.37,35.15,21.13,22.56,21.02,97.88,56.35,48.52,34.56
317.38,35.21,21.16,22.56,21.02,98.26,56.35,48.52,34.56
317.39,35.15,21.16,22.59,21.02,97.88,56.35,48.52,34.56
317.40,35.21,21.16,22.56,21.02,98.26,56.35,48.62,34.56
317.41,35.15,21.13,22.56,21.02,97.88,56.50,48.62,34.56
317.42,35.15,21.13,22.56,21.02,97.88,56.35,48.52,34.56
317.43,35.15,21.16,22.56,21.02,97.88,56.35,48.62,34.56
317.44,35.15,21.16,22.56,21.02,97.88,56.35,48.52,34.56
317.45,35.15,21.16,22.59,21.02,98.26,56.35,48.52,34.56
317.46,35.15,21.13,22.59,21.02,97.88,56.35,48.52,34.56
317.47,35.15,21.13,22.56,21.05,97.88,56.35,48.52,34.56
317.48,35.21,21.13,22.56,21.02,97.88,56.35,48.52,34.56
317.49,35.15,21.16,22.56,21.02,98.26,56.35,48.52,34.63
317.50,35.15,21.16,22.56,21.02,97.88,56.35,48.52,34.56
317.51,35.08,21.13,22.56,21.02,97.88,56.35,48.52,34.56
317.52,35.21,21.13,22.56,21.02,97.88,56.35,48.62,34.56
317.53,35.15,21.13,22.56,21.02,97.88,56.35,48.52,34.56
317.54,35.15,21.16,22.59,21.02,98.26,56.35,48.52,34.56
317.55,35.21,21.16,22.56,21.02,97.88,56.35,48.52,34.50
317.56,35.15,21.16,22.56,21.02,98.26,56.35,48.52,34.56
317.57,35.15,21.13,22.56,21.02,97.88,56.35,48.52,34.56
317.58,35.15,21.13,22.56,21.02,97.88,56.35,48.52,34.56
317.59,35.15,21.16,22.56,21.02,97.88,56.35,48.62,34.56
317.60,35.15,21.16,22.59,21.02,97.88,56.35,48.52,34.56
317.61,35.15,21.13,22.56,21.02,97.88,56.35,48.52,34.56
317.62,35.08,21.13,22.56,21.02,97.88,56.35,48.52,34.56
317.63,35.15,21.13,22.56,21.02,97.88,56.35,48.52,34.56
317.64,35.15,21.16,22.59,21.02,98.26,56.35,48.62,34.56
317.65,35.21,21.16,22.56,21.02,97.88,56.35,48.52,34.56
317.66,35.15,21.13,22.56,21.02,97.88,56.35,48.52,34.56
317.67,35.15,21.13,22.52,21.02,97.88,56.35,48.52,34.56
317.68,35.15,21.13,22.56,21.02,97.88,56.35,48.52,34.56
317.69,35.15,21.16,22.56,21.02,97.88,56.35,48.52,34.56
317.70,35.21,21.16,22.56,21.02,97.88,56.35,48.52,34.56
317.71,35.15,21.16,22.56,21.02,97.88,56.35,48.52,34.56
317.72,35.15,21.13,22.56,21.02,97.88,56.35,48.52,34.63
317.73,35.21,21.13,22.56,21.02,97.88,56.35,48.52,34.56
317.74,35.21,21.16,22.56,21.05,97.88,56.35,48.52,34.56
317.75,35.15,21.16,22.56,21.02,98.26,56.35,48.52,34.63
317.76,35.15,21.13,22.56,21.02,98.26,56.35,48.52,34.56
317.77,35.15,21.13,22.56,21.02,97.88,56.35,48.52,34.56
317.78,35.15,21.13,22.56,21.02,97.88,56.35,48.52,34.56
317.79,35.15,21.16,22.56,21.02,98.26,56.35,48.52,34.56
317.80,35.15,21.16,22.56,21.02,97.88,56.35,48.52,34.56
317.81,35.15,21.13,22.56,21.02,97.88,56.35,48.52,34.56
317.82,35.08,21.13,22.56,21.02,97.88,56.35,48.52,34.56
317.83,35.15,21.16,22.56,21.02,97.88,56.35,48.52,34.56
317.84,35.15,21.16,22.56,21.02,97.88,56.35,48.52,34.56
317.85,35.15,21.16,22.56,21.02,97.88,56.35,48.52,34.56
317.86,35.21,21.16,22.56,21.02,97.88,56.35,48.52,34.56
317.87,35.15,21.13,22.56,21.02,97.88,56.35,48.52,34.56
317.88,35.15,21.13,22.56,21.02,97.88,56.35,48.52,34.56
317.89,35.15,21.16,22.56,21.02,97.88,56.35,48.52,34.56
317.90,35.15,21.16,22.56,21.02,98.26,56.35,48.62,34.56
317.91,35.21,21.13,22.56,21.02,97.88,56.35,48.52,34.56
317.92,35.08,21.13,22.56,21.02,97.88,56.35,48.52,34.56
317.93,35.15,21.13,22.56,21.02,97.88,56.21,48.52,34.56
317.94,35.15,21.13,22.56,21.05,98.26,56.50,48.52,34.56
317.95,35.15,21.16,22.59,21.02,97.88,56.35,48.52,34.56
317.96,35.15,21.13,22.56,21.02,97.88,56.35,48.52,34.63
317.97,35.15,21.16,22.56,21.02,97.88,56.35,48.52,34.56
317.98,35.15,21.16,22.56,21.02,97.88,56.35,48.52,34.56
317.99,35.15,21.16,22.56,21.02,98.26,56.35,48.52,34.63
318.00,35.15,21.13,22.59,21.02,97.88,56.35,48.52,34.56
318.01,35.08,21.13,22.56,21.02,97.88,56.35,48.52,34.56
318.02,35.15,21.13,22.56,21.02,97.88,56.35,48.52,34.56
318.03,35.21,21.13,22.56,21.02,97.88,56.35,48.52,34.56
318.04,35.15,21.16,22.56,21.02,97.88,56.35,48.52,34.63
318.05,35.15,21.16,22.56,21.02,98.26,56.35,48.52,34.56
318.06,35.21,21.13,22.56,21.02,97.88,56.35,48.41,34.63
318.07,35.15,21.13,22.56,21.02,97.88,56.35,48.52,34.56
318.08,35.15,21.13,22.56,21.02,97.88,56.35,48.52,34.56
318.09,35.15,21.13,22.56,21.02,97.88,56.21,48.52,34.63
318.10,35.15,21.16,22.56,21.02,98.26,56.35,48.52,34.56
318.11,35.15,21.13,22.56,21.02,97.88,56.35,48.52,34.56
318.12,35.15,21.13,22.52,21.02,97.88,56.35,48.52,34.56
318.13,35.15,21.13,22.56,21.02,98.26,56.35,48.52,34.56
318.14,35.15,21.13,22.59,21.02,97.88,56.35,48.52,34.63
318.15,35.21,21.16,22.56,21.02,97.88,56.35,48.52,34.63
318.16,35.15,21.16,22.56,21.02,97.88,56.35,48.52,34.63
318.17,35.21,21.13,22.56,21.02,97.88,56.21,48.52,34.56
318.18,35.15,21.13,22.56,21.02,97.88,56.35,48.52,34.56
318.19,35.21,21.16,22.56,21.02,97.88,56.35,48.52,34.56
318.20,35.15,21.13,22.56,21.02,98.26,56.35,48.52,34.56
318.21,35.21,21.13,22.56,21.02,97.88,56.35,48.52,34.56
318.22,35.08,21.13,22.56,21.05,98.26,56.35,48.52,34.63
318.23,35.15,21.13,22.56,21.02,97.88,56.35,48.41,34.56
318.24,35.15,21.13,22.56,21.02,98.26,56.35,48.52,34.56
318.25,35.21,21.16,22.56,21.02,97.88,56.50,48.52,34.56
318.26,35.15,21.16,22.56,21.02,97.88,56.35,48.52,34.56
318.27,35.15,21.13,22.56,21.02,97.88,56.35,48.52,34.56
318.28,35.15,21.13,22.56,21.02,97.88,56.35,48.52,34.56
318.29,35.15,21.16,22.56,21.02,98.26,56.50,48.52,34.63
318.30,35.15,21.16,22.56,21.02,97.88,56.50,48.52,34.56
318.31,35.08,21.16,22.56,21.02,98.26,56.35,48.52,34.63
318.32,35.08,21.13,22.56,21.02,97.88,56.35,48.52,34.63
318.33,35.08,21.16,22.56,21.02,97.88,56.35,48.52,34.56
318.34,35.15,21.13,22.59,21.02,97.88,56.35,48.52,34.63
318.35,35.15,21.13,22.56,21.02,97.88,56.35,48.52,34.56
318.36,35.15,21.13,22.56,21.02,97.88,56.35,48.52,34.56
318.37,35.08,21.13,22.56,21.02,97.88,56.35,48.52,34.56
318.38,35.15,21.13,22.56,21.02,97.88,56.35,48.52,34.63
318.39,35.15,21.16,22.56,21.02,98.26,56.35,48.52,34.56
318.40,35.15,21.16,22.56,21.02,97.88,56.21,48.52,34.63
318.41,35.15,21.13,22.56,21.02,97.88,56.35,48.52,34.56
318.42,35.21,21.13,22.56,21.02,97.88,56.35,48.52,34.56
318.43,35.08,21.13,22.52,21.02,98.26,56.35,48.52,34.63
318.44,35.15,21.16,22.59,21.02,97.88,56.35,48.52,34.63
318.45,35.28,21.16,22.56,21.02,97.88,56.35,48.52,34.56
318.46,35.08,21.13,22.56,21.02,97.88,56.35,48.52,34.56
318.47,35.08,21.13,22.52,21.02,97.88,56.35,48.52,34.56
318.48,35.15,21.13,22.52,21.02,97.88,56.35,48.52,34.63
318.49,35.15,21.16,22.56,21.02,97.88,56.35,48.52,34.56
318.50,35.15,21.16,22.56,21.02,97.88,56.35,48.52,34.56
318.51,35.15,21.13,22.56,21.02,97.88,56.35,48.52,34.56
318.52,35.15,21.13,22.56,21.02,97.88,56.35,48.52,34.63
318.53,35.15,21.16,22.56,21.02,97.88,56.35,48.52,34.56
318.54,35.15,21.16,22.56,21.02,98.26,56.35,48.62,34.63
318.55,35.08,21.16,22.56,21.02,98.26,56.35,48.52,34.63
318.56,35.15,21.13,22.56,21.02,98.26,56.35,48.62,34.56
318.57,35.15,21.13,22.52,21.02,97.88,56.35,48.41,34.63
318.58,35.08,21.13,22.56,21.02,97.88,56.35,48.52,34.63
318.59,35.15,21.13,22.56,21.05,97.88,56.35,48.62,34.63
318.60,35.15,21.16,22.56,21.02,97.88,56.35,48.52,34.63
318.61,35.15,21.13,22.56,21.02,97.88,56.35,48.52,34.63
318.62,35.15,21.13,22.52,21.02,97.88,56.35,48.52,34.56
318.63,35.15,21.13,22.52,21.02,97.88,56.35,48.52,34.63
318.64,35.15,21.13,22.56,21.02,97.88,56.35,48.52,34.56
318.65,35.21,21.13,22.56,21.02,97.88,56.35,48.52,34.63
318.66,35.15,21.13,22.56,21.02,97.88,56.35,48.52,34.56
318.67,35.15,21.13,22.56,21.02,97.88,56.35,48.52,34.63
318.68,35.08,21.13,22.52,21.02,97.88,56.35,48.52,34.63
318.69,35.15,21.16,22.56,21.02,97.88,56.35,48.52,34.56
318.70,35.21,21.13,22.56,21.02,97.88,56.35,48.52,34.56
318.71,35.15,21.13,22.56,21.05,98.26,56.35,48.52,34.56
318.72,35.15,21.13,22.56,21.02,97.88,56.07,48.52,34.63
318.73,35.15,21.13,22.56,21.02,97.88,56.35,48.52,34.56
318.97,35.15,21.13,22.56,21.02,97.88,56.35,48.52,34.63
318.98,35.21,21.16,22.56,21.02,97.88,56.35,48.52,34.63
318.99,35.15,21.13,22.56,21.02,97.88,56.35,48.52,34.63
319.00,35.15,21.13,22.56,21.05,97.88,56.35,48.52,34.56
319.01,35.08,21.13,22.52,21.02,97.88,56.35,48.52,34.63
319.02,35.21,21.16,22.56,21.02,97.88,56.35,48.52,34.63
319.04,35.15,21.16,22.56,21.02,97.88,56.35,48.52,34.63
319.05,35.15,21.13,22.56,21.02,97.88,56.35,48.52,34.56
319.06,35.08,21.13,22.52,21.02,97.88,56.35,48.52,34.63
319.07,35.15,21.13,22.56,21.02,97.88,56.35,48.52,34.56
319.08,35.15,21.13,22.56,21.02,97.88,56.35,48.52,34.63
319.09,35.15,21.16,22.56,21.02,97.88,56.35,48.52,34.63
319.10,35.15,21.13,22.56,21.02,97.88,56.35,48.52,34.63
319.11,35.08,21.13,22.56,21.02,97.88,56.35,48.52,34.63
319.12,35.08,21.13,22.56,21.02,97.88,56.35,48.52,34.63
319.13,35.15,21.13,22.56,21.02,97.88,56.35,48.52,34.63
319.14,35.15,21.13,22.56,21.02,98.26,56.35,48.52,34.63
319.15,35.15,21.13,22.56,21.02,97.88,56.35,48.52,34.56
319.16,35.15,21.16,22.52,21.02,97.88,56.35,48.52,34.63
319.17,35.08,21.13,22.56,21.02,97.88,56.35,48.52,34.63
319.18,35.15,21.16,22.56,21.05,98.26,56.35,48.52,34.63
319.19,35.21,21.16,22.56,21.05,97.88,56.35,48.52,34.63
319.20,35.21,21.16,22.56,21.02,97.88,56.35,48.52,34.63
319.21,35.08,21.13,22.56,21.02,97.88,56.35,48.52,34.56
319.22,35.08,21.13,22.56,21.02,97.88,56.35,48.52,34.63
319.23,35.15,21.13,22.56,21.05,97.88,56.35,48.52,34.63
319.24,35.15,21.16,22.56,21.02,98.26,56.35,48.62,34.63
319.25,35.15,21.13,22.56,21.02,97.88,56.35,48.52,34.63
319.26,35.08,21.13,22.56,21.02,97.88,56.35,48.52,34.63
319.27,35.08,21.13,22.56,21.05,97.88,56.35,48.62,34.56
319.28,35.08,21.13,22.56,21.02,97.88,56.35,48.52,34.63
319.29,35.15,21.16,22.56,21.02,97.88,56.50,48.52,34.63
319.30,35.15,21.13,22.56,21.02,97.88,56.35,48.52,34.63
319.31,35.15,21.13,22.56,21.05,97.88,56.21,48.52,34.56
319.32,35.08,21.13,22.56,21.02,97.88,56.35,48.62,34.56
319.33,35.15,21.16,22.56,21.02,97.88,56.35,48.52,34.63
319.34,35.15,21.16,22.56,21.02,97.88,56.35,48.52,34.63
319.35,35.15,21.13,22.52,21.02,97.88,56.35,48.52,34.63
319.36,35.08,21.13,22.56,21.02,97.88,56.35,48.52,34.56
319.37,35.08,21.13,22.56,21.02,97.88,56.21,48.52,34.63
319.38,35.15,21.16,22.56,21.02,97.88,56.35,48.52,34.63
319.39,35.08,21.13,22.56,21.02,97.88,56.35,48.52,34.63
319.40,35.15,21.13,22.56,21.02,97.88,56.35,48.52,34.63
319.41,35.08,21.13,22.52,21.02,97.88,56.35,48.52,34.63
319.42,35.15,21.13,22.56,21.02,97.88,56.35,48.52,34.63
319.43,35.21,21.16,22.56,21.02,97.88,56.35,48.52,34.63
319.44,35.15,21.16,22.56,21.02,97.88,56.35,48.52,34.63
319.45,35.08,21.13,22.56,21.02,97.88,56.35,48.52,34.63
319.46,35.15,21.13,22.56,21.02,97.88,56.35,48.52,34.63
319.47,35.08,21.13,22.56,21.02,97.88,56.35,48.52,34.63
319.48,35.15,21.16,22.56,21.02,98.26,56.35,48.62,34.63
319.49,35.15,21.16,22.56,21.02,97.88,56.35,48.52,34.63
319.50,35.15,21.16,22.56,21.02,97.88,56.35,48.52,34.63
319.51,35.08,21.13,22.56,21.02,97.88,56.35,48.52,34.63
319.52,35.08,21.16,22.56,21.02,97.88,56.35,48.52,34.63
319.53,35.15,21.16,22.59,21.05,97.88,56.35,48.52,34.56
319.54,35.15,21.16,22.56,21.02,97.88,56.50,48.52,34.63
319.55,35.15,21.16,22.56,21.02,97.88,56.35,48.52,34.56
319.56,35.08,21.13,22.56,21.02,97.88,56.35,48.52,34.63
319.57,35.08,21.13,22.56,21.02,97.88,56.35,48.52,34.63
319.58,35.15,21.16,22.56,21.02,97.88,56.35,48.52,34.63
319.59,35.15,21.16,22.56,21.02,97.88,56.35,48.52,34.63
319.60,35.08,21.13,22.56,21.02,97.88,56.35,48.52,34.63
319.61,35.15,21.13,22.56,21.02,97.88,56.35,48.52,34.63
319.62,35.15,21.13,22.56,21.02,97.88,56.35,48.52,34.63
319.63,35.15,21.16,22.56,21.02,97.88,56.35,48.52,34.63
319.64,35.15,21.16,22.56,21.02,97.88,56.35,48.52,34.63
319.65,35.15,21.16,22.56,21.02,97.88,56.35,48.52,34.63
319.66,35.15,21.13,22.56,21.02,97.88,56.35,48.41,34.63
319.67,35.15,21.13,22.56,21.02,97.88,56.35,48.52,34.63
319.68,35.21,21.16,22.56,21.05,97.88,56.50,48.52,34.56
319.69,35.15,21.13,22.56,21.05,97.88,56.50,48.52,34.63
319.70,35.08,21.16,22.56,21.05,97.88,56.35,48.52,34.63
319.71,35.15,21.13,22.56,21.02,97.88,56.21,48.52,34.63
319.72,35.15,21.16,22.56,21.02,98.26,56.35,48.52,34.63
319.73,35.15,21.16,22.56,21.02,97.88,56.35,48.62,34.63
319.74,35.15,21.16,22.56,21.05,98.26,56.35,48.52,34.63
319.75,35.15,21.13,22.56,21.05,97.88,56.35,48.52,34.63
319.76,35.15,21.16,22.56,21.02,97.88,56.35,48.62,34.63
319.77,35.15,21.16,22.56,21.05,98.26,56.50,48.52,34.63
319.78,35.21,21.16,22.56,21.02,97.88,56.35,48.62,34.69
319.79,35.15,21.16,22.59,21.02,97.88,56.35,48.52,34.63
319.80,35.21,21.16,22.56,21.02,97.88,56.35,48.52,34.69
319.81,35.08,21.13,22.56,21.02,97.88,56.35,48.52,34.56
319.82,35.15,21.16,22.56,21.02,97.88,56.35,48.52,34.63
319.83,35.15,21.16,22.56,21.02,97.88,56.50,48.52,34.63
319.84,35.15,21.16,22.59,21.02,98.26,56.50,48.52,34.63
319.85,35.21,21.16,22.56,21.02,97.88,56.35,48.52,34.63
319.86,35.08,21.16,22.56,21.02,97.88,56.35,48.52,34.63
319.87,35.15,21.16,22.52,21.05,97.88,56.35,48.52,34.63
319.88,35.15,21.16,22.59,21.02,97.88,56.35,48.52,34.63
319.89,35.21,21.16,22.56,21.02,97.51,56.35,48.52,34.63
319.90,35.15,21.13,22.56,21.02,97.88,56.35,48.52,34.56
319.91,35.15,21.16,22.56,21.02,97.88,56.35,48.52,34.63
319.92,35.15,21.13,22.56,21.05,97.88,56.35,48.52,34.56
319.93,35.21,21.16,22.59,21.05,97.88,56.50,48.52,34.63
319.94,35.08,21.16,22.56,21.02,98.26,56.35,48.52,34.63
319.95,35.21,21.16,22.56,21.02,97.88,56.35,48.52,34.69
319.96,35.15,21.13,22.52,21.02,97.88,56.35,48.52,34.63
319.97,35.15,21.16,22.59,21.02,97.88,56.35,48.52,34.63
319.98,35.21,21.16,22.56,21.02,97.88,56.50,48.62,34.63
319.99,35.21,21.16,22.56,21.02,98.26,56.35,48.52,34.63
320.00,35.15,21.16,22.56,21.05,97.88,56.35,48.52,34.63
320.01,35.15,21.16,22.56,21.05,97.88,56.35,48.41,34.63
320.02,35.15,21.16,22.56,21.02,97.88,56.35,48.52,34.63
320.03,35.21,21.16,22.56,21.05,97.88,56.35,48.52,34.69
320.04,35.15,21.16,22.59,21.02,98.26,56.35,48.52,34.63
320.05,35.15,21.13,22.56,21.02,97.88,56.35,48.62,34.63
320.06,35.15,21.13,22.56,21.02,97.88,56.35,48.41,34.63
320.07,35.21,21.16,22.56,21.05,97.88,56.35,48.62,34.63
320.08,35.15,21.16,22.59,21.05,97.88,56.35,48.62,34.63
320.09,35.15,21.19,22.56,21.05,97.88,56.35,48.62,34.63
320.10,35.15,21.16,22.56,21.02,98.26,56.35,48.52,34.63
320.11,35.21,21.16,22.56,21.02,97.88,56.35,48.62,34.63
320.12,35.15,21.16,22.56,21.02,97.88,56.35,48.52,34.63
320.13,35.21,21.16,22.56,21.02,97.88,56.35,48.52,34.63
320.14,35.15,21.16,22.56,21.02,97.88,56.35,48.41,34.69
320.15,35.15,21.16,22.56,21.02,97.88,56.50,48.62,34.63
320.16,35.15,21.16,22.59,21.05,97.88,56.50,48.62,34.69
320.17,35.21,21.19,22.56,21.05,97.88,56.35,48.52,34.69
320.18,35.21,21.16,22.59,21.05,97.88,56.35,48.52,34.69
320.19,35.15,21.16,22.56,21.02,98.26,56.50,48.62,34.69
320.20,35.15,21.16,22.56,21.02,97.88,56.35,48.52,34.63
320.21,35.21,21.19,22.59,21.02,97.88,56.35,48.52,34.69
320.22,35.21,21.19,22.59,21.02,97.88,56.35,48.62,34.69
320.23,35.15,21.16,22.56,21.02,97.88,56.50,48.62,34.69
320.24,35.15,21.16,22.56,21.05,97.88,56.35,48.52,34.63
320.25,35.15,21.16,22.56,21.05,97.88,56.35,48.62,34.69
320.26,35.15,21.19,22.59,21.05,97.88,56.35,48.62,34.69
320.27,35.21,21.19,22.59,21.05,97.88,56.50,48.52,34.63
320.28,35.15,21.16,22.56,21.02,97.88,56.35,48.62,34.69
320.29,35.08,21.13,22.56,21.02,97.88,56.35,48.52,34.63
320.30,35.15,21.16,22.56,21.02,97.88,56.35,48.52,34.63
320.31,35.21,21.19,22.59,21.05,97.88,56.50,48.62,34.69
320.32,35.15,21.16,22.59,21.02,98.26,56.35,48.52,34.63
320.33,35.15,21.16,22.56,21.05,97.88,56.35,48.52,34.63
320.34,35.21,21.16,22.56,21.02,97.88,56.35,48.52,34.63
320.35,35.15,21.16,22.56,21.02,97.88,56.50,48.62,34.63
320.36,35.15,21.16,22.59,21.05,98.26,56.35,48.52,34.63
320.37,35.15,21.16,22.59,21.05,98.26,56.50,48.52,34.63
320.38,35.15,21.16,22.56,21.05,98.26,56.35,48.52,34.69
320.39,35.15,21.16,22.56,21.05,97.88,56.50,48.62,34.69
320.40,35.21,21.16,22.56,21.05,97.88,56.35,48.52,34.69
320.41,35.21,21.19,22.59,21.05,98.26,56.35,48.62,34.69
320.42,35.21,21.19,22.59,21.02,98.26,56.50,48.62,34.69
320.43,35.21,21.16,22.59,21.02,97.88,56.35,48.52,34.63
320.44,35.21,21.16,22.56,21.05,97.88,56.35,48.62,34.69
320.45,35.15,21.16,22.59,21.05,97.88,56.35,48.62,34.69
320.46,35.21,21.16,22.59,21.05,97.88,56.50,48.62,34.69
320.47,35.15,21.19,22.59,21.05,98.26,56.35,48.62,34.63
320.48,35.21,21.16,22.56,21.05,97.88,56.35,48.52,34.69
320.49,35.15,21.16,22.56,21.02,97.88,56.35,48.52,34.63
320.50,35.15,21.16,22.56,21.05,98.26,56.35,48.52,34.63
320.51,35.21,21.16,22.56,21.05,97.88,56.35,48.62,34.63
320.52,35.21,21.19,22.56,21.05,98.26,56.50,48.62,34.69
320.53,35.21,21.16,22.59,21.05,98.26,56.35,48.41,34.69
320.54,35.15,21.16,22.56,21.02,97.88,56.35,48.52,34.63
320.55,35.15,21.16,22.56,21.05,97.88,56.50,48.62,34.69
320.56,35.21,21.19,22.59,21.02,98.26,56.35,48.62,34.69
320.57,35.21,21.19,22.59,21.05,98.26,56.50,48.62,34.63
320.58,35.21,21.16,22.56,21.05,97.88,56.50,48.52,34.69
320.59,35.15,21.16,22.56,21.05,97.88,56.35,48.52,34.69
320.60,35.21,21.16,22.56,21.05,97.88,56.50,48.52,34.63
320.61,35.21,21.16,22.59,21.05,98.26,56.50,48.52,34.69
320.62,35.15,21.19,22.59,21.05,97.88,56.35,48.52,34.69
320.63,35.21,21.13,22.56,21.02,97.88,56.35,48.62,34.69
320.64,35.21,21.16,22.56,21.05,97.88,56.35,48.52,34.63
320.65,35.21,21.19,22.56,21.02,97.88,56.35,48.52,34.69
320.66,35.28,21.13,22.59,21.05,98.26,56.50,48.52,34.69
320.67,35.21,21.19,22.56,21.05,97.88,56.35,48.62,34.69
320.68,35.15,21.16,22.56,21.05,97.88,56.35,48.52,34.69
320.69,35.15,21.16,22.56,21.05,97.88,56.35,48.52,34.63
320.70,35.15,21.16,22.56,21.05,97.88,56.35,48.52,34.69
320.71,35.21,21.16,22.59,21.05,97.88,56.50,48.62,34.69
320.72,35.15,21.16,22.56,21.05,97.88,56.35,48.62,34.69
320.73,35.08,21.16,22.56,21.05,97.88,56.50,48.62,34.63
320.74,35.15,21.16,22.56,21.02,97.88,56.35,48.52,34.69
320.75,35.15,21.16,22.56,21.05,97.88,56.35,48.52,34.69
320.76,35.15,21.16,22.56,21.05,97.88,56.50,48.62,34.69
320.77,35.21,21.19,22.59,21.05,97.88,56.50,48.52,34.69
320.78,35.15,21.16,22.56,21.05,97.88,56.35,48.62,34.69
320.79,35.15,21.16,22.56,21.05,97.88,56.35,48.52,34.63
320.80,35.15,21.16,22.56,21.05,97.88,56.50,48.52,34.69
320.81,35.15,21.19,22.59,21.02,97.88,56.35,48.62,34.69
320.82,35.21,21.16,22.59,21.05,97.88,56.35,48.62,34.63
320.83,35.15,21.16,22.56,21.02,97.88,56.35,48.52,34.63
320.84,35.15,21.16,22.56,21.05,97.88,56.50,48.52,34.63
320.85,35.28,21.16,22.56,21.05,97.88,56.50,48.52,34.63
320.86,35.15,21.16,22.56,21.05,97.88,56.50,48.52,34.63
320.87,35.15,21.16,22.59,21.02,97.88,56.50,48.52,34.69
320.88,35.08,21.16,22.56,21.02,97.88,56.35,48.52,34.69
320.89,35.01,21.16,22.59,21.02,97.88,56.35,48.52,34.63
320.90,35.15,21.16,22.56,21.05,97.88,56.35,48.52,34.63
320.91,35.15,21.16,22.56,21.02,97.88,56.35,48.52,34.69
320.92,35.15,21.16,22.56,21.05,97.88,56.35,48.62,34.69
320.93,35.15,21.19,22.56,21.02,97.88,56.35,48.52,34.69
320.94,35.15,21.16,22.56,21.02,97.88,56.35,48.52,34.69
320.95,35.15,21.13,22.59,21.02,97.88,56.35,48.52,34.63
320.96,35.15,21.19,22.56,21.02,97.88,56.50,48.52,34.69
320.97,35.15,21.16,22.56,21.02,97.88,56.50,48.62,34.69
320.98,35.21,21.16,22.56,21.05,97.88,56.35,48.52,34.69
320.99,35.15,21.16,22.56,21.05,97.88,56.35,48.62,34.69
321.00,35.15,21.16,22.56,21.02,97.88,56.50,48.52,34.69
321.01,35.08,21.16,22.56,21.05,97.88,56.35,48.52,34.69
321.02,35.21,21.19,22.56,21.02,97.88,56.35,48.62,34.69
321.03,35.15,21.16,22.56,21.05,97.88,56.50,48.52,34.69
321.04,35.15,21.13,22.56,21.05,97.88,56.35,48.52,34.63
321.05,35.15,21.16,22.56,21.05,97.88,56.35,48.52,34.76
321.06,35.15,21.16,22.59,21.05,97.88,56.35,48.62,34.69
321.07,35.15,21.16,22.59,21.05,97.88,56.35,48.52,34.69
321.08,35.15,21.16,22.56,21.05,97.88,56.35,48.62,34.69
321.09,35.15,21.16,22.56,21.05,97.88,56.35,48.52,34.69
321.10,35.21,21.16,22.56,21.05,97.88,56.35,48.52,34.69
321.11,35.15,21.16,22.56,21.05,97.88,56.50,48.52,34.69
321.12,35.21,21.16,22.56,21.05,97.88,56.35,48.52,34.69
321.13,35.15,21.16,22.56,21.05,97.88,56.35,48.52,34.63
321.14,35.15,21.13,22.56,21.02,97.88,56.35,48.52,34.63
321.15,35.15,21.16,22.56,21.05,97.88,56.35,48.52,34.63
321.16,35.21,21.16,22.56,21.05,97.88,56.50,48.52,34.69
321.17,35.15,21.16,22.56,21.02,97.88,56.35,48.52,34.69
321.18,35.15,21.16,22.56,21.02,97.88,56.35,48.52,34.69
321.19,35.08,21.16,22.56,21.02,97.88,56.35,48.52,34.69
321.20,35.08,21.16,22.56,21.05,97.88,56.35,48.52,34.69
321.21,35.15,21.16,22.56,21.05,97.88,56.50,48.62,34.63
321.22,35.15,21.16,22.59,21.05,97.88,56.35,48.62,34.69
321.23,35.08,21.16,22.56,21.05,97.88,56.35,48.52,34.63
321.24,35.08,21.13,22.56,21.05,97.88,56.50,48.52,34.69
321.25,35.15,21.16,22.56,21.05,97.88,56.35,48.52,34.69
321.26,35.08,21.16,22.56,21.05,97.88,56.35,48.52,34.69
321.27,35.15,21.16,22.59,21.05,97.88,56.50,48.52,34.69
321.28,35.15,21.16,22.56,21.05,97.88,56.35,48.52,34.69
321.29,35.08,21.13,22.52,21.02,97.88,56.35,48.52,34.69
321.30,35.15,21.16,22.56,21.05,97.88,56.35,48.52,34.69
321.31,35.08,21.16,22.56,21.02,97.88,56.35,48.52,34.69
321.32,35.15,21.16,22.56,21.05,97.88,56.35,48.52,34.69
321.33,35.15,21.16,22.56,21.05,97.88,56.35,48.62,34.63
321.34,35.15,21.13,22.56,21.05,97.88,56.35,48.52,34.69
321.35,35.08,21.16,22.56,21.05,97.88,56.35,48.52,34.69
321.36,35.21,21.16,22.56,21.05,98.26,56.35,48.52,34.69
321.37,35.15,21.16,22.56,21.05,97.88,56.35,48.52,34.69
321.38,35.08,21.13,22.56,21.05,97.88,56.35,48.52,34.69
321.39,35.08,21.13,22.56,21.02,97.88,56.35,48.62,34.69
321.40,35.08,21.13,22.56,21.05,97.88,56.35,48.52,34.69
321.41,35.21,21.16,22.56,21.05,97.88,56.35,48.52,34.69
321.42,35.15,21.16,22.56,21.05,97.88,56.35,48.52,34.69
321.43,35.15,21.16,22.56,21.02,97.88,56.35,48.52,34.69
321.44,35.15,21.13,22.52,21.02,98.26,56.35,48.52,34.69
321.45,35.08,21.13,22.52,21.05,97.88,56.35,48.52,34.69
321.46,35.21,21.16,22.56,21.05,97.88,56.50,48.52,34.69
321.47,35.15,21.16,22.56,21.05,97.88,56.35,48.52,34.69
321.48,35.15,21.16,22.56,21.05,97.88,56.35,48.62,34.69
321.49,35.08,21.16,22.52,21.05,97.88,56.35,48.52,34.63
321.50,35.08,21.13,22.56,21.05,97.88,56.35,48.52,34.69
321.51,35.15,21.16,22.56,21.05,98.26,56.35,48.62,34.69
321.52,35.21,21.16,22.56,21.02,97.88,56.35,48.52,34.69
321.53,35.15,21.16,22.56,21.02,97.88,56.35,48.52,34.69
321.54,35.08,21.16,22.56,21.02,97.88,56.35,48.52,34.69
321.55,35.08,21.16,22.52,21.02,97.88,56.35,48.52,34.69
321.56,35.15,21.16,22.56,21.05,97.88,56.35,48.62,34.69
321.57,35.15,21.16,22.56,21.05,97.88,56.35,48.62,34.69
321.58,35.15,21.16,22.56,21.05,97.88,56.35,48.52,34.69
321.59,35.08,21.16,22.56,21.05,97.88,56.35,48.52,34.69
321.60,35.08,21.16,22.56,21.05,97.88,56.35,48.52,34.69
321.61,35.15,21.16,22.56,21.05,97.88,56.50,48.52,34.69
321.62,35.15,21.16,22.56,21.05,97.88,56.35,48.52,34.69
321.63,35.15,21.16,22.56,21.05,97.88,56.35,48.52,34.69
321.64,35.08,21.13,22.56,21.02,97.88,56.35,48.52,34.69
321.65,35.15,21.16,22.56,21.05,97.88,56.35,48.52,34.69
321.66,35.21,21.16,22.56,21.05,97.88,56.50,48.52,34.69
321.67,35.15,21.16,22.56,21.05,97.88,56.50,48.52,34.69
321.68,35.15,21.16,22.56,21.05,97.88,56.50,48.52,34.69
321.69,35.08,21.16,22.52,21.05,97.88,56.21,48.52,34.69
321.70,35.15,21.16,22.56,21.05,97.88,56.35,48.52,34.69
321.71,35.15,21.16,22.56,21.05,97.88,56.35,48.41,34.69
321.72,35.15,21.16,22.56,21.05,97.88,56.50,48.52,34.69
321.73,35.15,21.16,22.56,21.05,97.88,56.35,48.52,34.69
321.74,35.08,21.16,22.52,21.02,97.88,56.35,48.52,34.69
321.75,35.15,21.16,22.56,21.05,97.88,56.35,48.62,34.69
321.76,35.15,21.19,22.56,21.05,97.88,56.35,48.62,34.69
321.77,35.15,21.16,22.56,21.05,97.88,56.35,48.52,34.69
321.78,35.15,21.16,22.56,21.05,97.88,56.50,48.52,34.69
321.79,35.08,21.16,22.56,21.02,97.88,56.35,48.52,34.69
321.80,35.08,21.16,22.56,21.05,97.88,56.35,48.52,34.69
321.81,35.15,21.16,22.56,21.05,97.88,56.35,48.52,34.69
321.82,35.15,21.16,22.56,21.05,97.88,56.35,48.52,34.69
321.83,35.15,21.16,22.56,21.05,97.88,56.35,48.52,34.69
321.84,35.15,21.16,22.56,21.05,97.88,56.35,48.52,34.69
321.85,35.15,21.16,22.56,21.05,97.88,56.50,48.62,34.69
321.86,35.15,21.16,22.56,21.05,97.88,56.35,48.62,34.69
321.87,35.08,21.16,22.56,21.05,97.88,56.35,48.62,34.69
321.88,35.15,21.16,22.56,21.02,97.88,56.35,48.52,34.69
321.89,35.15,21.16,22.56,21.08,97.88,56.35,48.52,34.69
321.90,35.08,21.16,22.56,21.05,97.88,56.50,48.52,34.69
321.91,35.15,21.19,22.56,21.02,97.88,56.50,48.52,34.69
321.92,35.21,21.16,22.56,21.05,97.88,56.35,48.62,34.69
321.93,35.15,21.16,22.56,21.05,97.88,56.35,48.62,34.76
321.94,35.08,21.16,22.52,21.05,97.88,56.50,48.52,34.69
321.95,35.08,21.16,22.56,21.05,97.88,56.50,48.62,34.69
321.96,35.15,21.19,22.56,21.05,97.88,56.35,48.62,34.69
321.97,35.15,21.16,22.56,21.05,97.88,56.50,48.62,34.69
321.98,35.08,21.16,22.56,21.05,97.88,56.35,48.62,34.69
321.99,35.15,21.16,22.56,21.05,97.88,56.35,48.52,34.76
322.00,35.15,21.16,22.52,21.05,97.88,56.35,48.62,34.63
322.01,35.15,21.19,22.56,21.05,97.88,56.50,48.62,34.76
322.02,35.15,21.19,22.59,21.05,97.88,56.50,48.62,34.69
322.03,35.15,21.16,22.56,21.05,97.88,56.50,48.62,34.69
322.04,35.15,21.16,22.52,21.05,97.88,56.35,48.62,34.69
322.05,35.21,21.16,22.56,21.05,97.88,56.35,48.52,34.69
322.06,35.15,21.19,22.59,21.05,97.88,56.35,48.52,34.69
322.07,35.28,21.19,22.59,21.05,97.88,56.50,48.52,34.76
322.08,35.15,21.19,22.56,21.05,97.88,56.50,48.52,34.69
322.09,35.15,21.16,22.56,21.05,97.88,56.35,48.62,34.69
322.10,35.15,21.16,22.56,21.05,97.88,56.35,48.52,34.69
322.11,35.15,21.19,22.59,21.05,97.88,56.50,48.62,34.69
322.12,35.21,21.19,22.56,21.05,98.26,56.35,48.62,34.69
322.13,35.01,21.16,22.59,21.05,97.88,56.50,48.62,34.69
322.14,35.28,21.16,22.56,21.05,97.88,56.35,48.52,34.69
322.15,35.08,21.19,22.52,21.05,97.88,56.50,48.62,34.69
322.16,35.15,21.19,22.59,21.05,98.26,56.35,48.52,34.69
322.17,35.15,21.19,22.56,21.05,97.88,56.35,48.62,34.69
322.18,35.15,21.16,22.56,21.05,97.88,56.50,48.52,34.76
322.19,35.15,21.16,22.56,21.05,97.88,56.35,48.52,34.69
322.20,35.15,21.16,22.56,21.05,97.88,56.35,48.52,34.69
322.21,35.15,21.19,22.59,21.05,97.88,56.50,48.62,34.69
322.22,35.21,21.19,22.56,21.05,97.51,56.50,48.62,34.69
322.23,35.15,21.16,22.56,21.02,97.88,56.35,48.62,34.69
322.24,35.15,21.16,22.56,21.05,97.88,56.35,48.52,34.69
322.25,35.15,21.16,22.56,21.05,97.88,56.35,48.41,34.69
322.26,35.15,21.19,22.56,21.05,97.88,56.50,48.52,34.69
322.27,35.15,21.19,22.56,21.05,97.88,56.50,48.62,34.69
322.28,35.15,21.16,22.56,21.02,97.88,56.50,48.62,34.69
322.29,35.15,21.16,22.56,21.05,97.88,56.50,48.62,34.76
322.30,35.21,21.16,22.56,21.05,97.88,56.35,48.52,34.69
322.31,35.15,21.19,22.56,21.05,97.88,56.50,48.62,34.69
322.32,35.15,21.19,22.59,21.05,97.88,56.50,48.52,34.69
322.33,35.08,21.19,22.56,21.05,98.26,56.35,48.62,34.69
322.34,35.21,21.16,22.56,21.05,97.88,56.35,48.62,34.69
322.35,35.08,21.16,22.56,21.05,97.88,56.50,48.52,34.69
322.36,35.15,21.16,22.59,21.05,97.88,56.50,48.62,34.69
322.37,35.15,21.19,22.56,21.05,97.88,56.50,48.62,34.69
322.38,35.21,21.16,22.56,21.05,97.88,56.50,48.52,34.76
322.39,35.15,21.19,22.56,21.05,97.88,56.35,48.52,34.69
322.40,35.08,21.16,22.56,21.05,97.88,56.35,48.52,34.69
322.41,35.15,21.19,22.56,21.05,97.88,56.50,48.62,34.76
322.42,35.21,21.19,22.56,21.05,97.88,56.50,48.62,34.69
322.43,35.15,21.16,22.56,21.05,97.88,56.35,48.52,34.69
322.44,35.08,21.16,22.56,21.05,97.88,56.35,48.52,34.69
322.45,35.15,21.16,22.56,21.05,97.88,56.50,48.62,34.69
322.46,35.21,21.19,22.56,21.05,97.88,56.50,48.62,34.69
322.47,35.21,21.19,22.56,21.05,97.88,56.50,48.62,34.76
322.48,35.15,21.16,22.56,21.05,97.88,56.35,48.62,34.69
322.49,35.15,21.16,22.56,21.05,97.88,56.50,48.52,34.76
322.50,35.15,21.16,22.56,21.05,97.88,56.35,48.62,34.69
322.51,35.15,21.19,22.56,21.05,98.26,56.50,48.62,34.69
322.52,35.15,21.19,22.59,21.05,97.88,56.35,48.62,34.76
322.53,35.15,21.16,22.56,21.05,97.88,56.50,48.62,34.69
322.54,35.15,21.16,22.56,21.05,98.26,56.35,48.62,34.69
322.55,35.08,21.16,22.56,21.05,97.88,56.35,48.62,34.69
322.56,35.15,21.19,22.56,21.05,97.88,56.35,48.62,34.69
322.57,35.15,21.16,22.56,21.05,97.88,56.35,48.62,34.69
322.58,35.21,21.16,22.56,21.05,97.88,56.35,48.62,34.69
322.59,35.21,21.16,22.56,21.02,97.88,56.35,48.52,34.76
322.60,35.15,21.16,22.56,21.05,97.88,56.35,48.62,34.76
322.61,35.15,21.19,22.56,21.05,98.26,56.35,48.62,34.76
322.62,35.21,21.19,22.59,21.05,97.88,56.50,48.62,34.69
322.63,35.15,21.16,22.56,21.05,97.88,56.50,48.52,34.69
322.64,35.08,21.16,22.56,21.05,97.88,56.35,48.62,34.76
322.65,35.15,21.16,22.56,21.05,97.88,56.35,48.52,34.69
322.66,35.15,21.19,22.56,21.05,97.88,56.50,48.62,34.76
322.67,35.15,21.19,22.56,21.05,97.88,56.50,48.62,34.69
322.68,35.08,21.16,22.56,21.05,97.88,56.35,48.62,34.69
322.69,35.08,21.16,22.56,21.05,97.88,56.35,48.62,34.69
322.70,35.15,21.16,22.56,21.05,97.88,56.35,48.62,34.69
322.71,35.15,21.19,22.59,21.05,97.51,56.35,48.62,34.69
322.72,35.15,21.16,22.56,21.02,97.88,56.35,48.62,34.76
322.73,35.15,21.16,22.56,21.05,97.88,56.50,48.52,34.69
322.74,35.15,21.16,22.56,21.05,97.88,56.50,48.52,34.76
322.75,35.15,21.19,22.56,21.05,97.88,56.35,48.52,34.69
322.76,35.15,21.16,22.56,21.05,97.88,56.50,48.62,34.69
322.77,35.15,21.19,22.59,21.05,97.88,56.50,48.62,34.69
322.78,35.15,21.19,22.56,21.05,97.88,56.50,48.62,34.69
322.79,35.08,21.16,22.56,21.05,97.88,56.50,48.62,34.76
322.80,35.15,21.16,22.56,21.05,97.88,56.50,48.62,34.76
322.81,35.15,21.16,22.59,21.05,97.88,56.50,48.62,34.76
322.82,35.08,21.19,22.56,21.05,97.88,56.50,48.62,34.76
322.83,35.15,21.19,22.56,21.05,97.88,56.50,48.52,34.69
322.84,35.21,21.19,22.56,21.05,97.88,56.50,48.62,34.69
322.85,35.15,21.16,22.56,21.02,97.88,56.35,48.62,34.69
322.86,35.21,21.19,22.56,21.05,97.88,56.50,48.52,34.76
322.87,35.15,21.19,22.59,21.05,97.88,56.50,48.52,34.76
322.88,35.21,21.19,22.56,21.02,97.88,56.50,48.52,34.76
322.89,35.15,21.16,22.56,21.05,97.88,56.50,48.62,34.69
322.90,35.15,21.19,22.56,21.05,97.88,56.35,48.52,34.76
322.91,35.21,21.19,22.56,21.05,97.88,56.50,48.62,34.76
322.92,35.21,21.19,22.56,21.05,97.88,56.35,48.52,34.76
322.93,35.15,21.16,22.56,21.05,97.88,56.50,48.62,34.69
322.94,35.08,21.16,22.56,21.05,97.88,56.35,48.52,34.69
322.95,35.15,21.16,22.56,21.05,97.88,56.50,48.62,34.76
322.96,35.21,21.16,22.59,21.05,97.88,56.50,48.62,34.69
322.97,35.15,21.19,22.59,21.05,97.88,56.50,48.62,34.76
322.98,35.21,21.16,22.56,21.05,97.88,56.50,48.62,34.76
322.99,35.21,21.16,22.56,21.05,97.88,56.35,48.62,34.76
323.00,35.21,21.16,22.56,21.05,97.88,56.50,48.62,34.76
323.01,35.21,21.19,22.59,21.05,97.88,56.50,48.62,34.76
323.02,35.15,21.19,22.56,21.05,97.88,56.50,48.62,34.69
323.03,35.08,21.19,22.56,21.05,97.88,56.50,48.52,34.76
323.04,35.08,21.16,22.56,21.05,97.88,56.50,48.52,34.76
323.05,35.21,21.16,22.56,21.05,97.88,56.50,48.62,34.76
323.06,35.21,21.19,22.56,21.05,97.88,56.35,48.62,34.69
323.07,35.15,21.16,22.59,21.05,97.88,56.35,48.62,34.76
323.08,35.21,21.16,22.56,21.05,97.88,56.35,48.62,34.76
323.09,35.08,21.16,22.56,21.05,97.88,56.50,48.52,34.76
323.10,35.08,21.16,22.56,21.05,97.88,56.50,48.62,34.76
323.11,35.15,21.19,22.56,21.05,97.88,56.50,48.62,34.76
323.12,35.21,21.16,22.59,21.02,97.88,56.50,48.62,34.76
323.13,35.08,21.19,22.56,21.05,97.88,56.50,48.52,34.76
323.14,35.15,21.13,22.56,21.02,97.88,56.35,48.52,34.76
323.15,35.15,21.19,22.56,21.05,97.88,56.35,48.62,34.76
323.16,35.15,21.19,22.56,21.05,97.88,56.50,48.62,34.69
323.17,35.15,21.19,22.59,21.05,97.88,56.50,48.62,34.76
323.18,35.15,21.16,22.56,21.05,97.88,56.35,48.62,34.76
323.19,35.15,21.16,22.56,21.05,97.88,56.35,48.52,34.69
323.20,35.15,21.19,22.56,21.05,97.88,56.50,48.52,34.76
323.21,35.15,21.19,22.56,21.05,97.88,56.50,48.62,34.76
323.22,35.21,21.19,22.59,21.05,98.26,56.35,48.62,34.76
323.23,35.15,21.19,22.56,21.05,97.88,56.64,48.62,34.76
323.24,35.08,21.16,22.56,21.05,97.88,56.21,48.62,34.69
323.25,35.15,21.16,22.56,21.05,97.88,56.50,48.74,34.69
323.26,35.15,21.19,22.59,21.05,97.88,56.50,48.52,34.82
323.27,35.15,21.16,22.56,21.05,97.88,56.35,48.62,34.76
323.28,35.15,21.16,22.56,21.05,97.88,56.35,48.62,34.76
323.29,35.15,21.16,22.56,21.05,97.88,56.35,48.52,34.76
323.30,35.21,21.16,22.56,21.05,97.88,56.50,48.62,34.76
323.31,35.15,21.19,22.56,21.05,97.88,56.50,48.62,34.76
323.32,35.15,21.19,22.59,21.08,97.88,56.35,48.62,34.76
323.33,35.15,21.19,22.56,21.05,97.88,56.35,48.62,34.76
323.34,35.21,21.16,22.56,21.05,97.88,56.50,48.62,34.76
323.35,35.15,21.16,22.56,21.05,97.88,56.50,48.62,34.76
323.36,35.21,21.19,22.56,21.05,97.88,56.50,48.62,34.76
323.37,35.15,21.19,22.56,21.05,98.26,56.50,48.62,34.76
323.38,35.15,21.19,22.56,21.05,97.88,56.50,48.62,34.76
323.39,35.15,21.16,22.56,21.05,97.88,56.35,48.52,34.69
323.40,35.15,21.19,22.56,21.05,97.88,56.50,48.62,34.69
323.41,35.15,21.19,22.59,21.05,97.88,56.50,48.62,34.76
323.42,35.15,21.19,22.56,21.05,97.88,56.35,48.62,34.76
323.43,35.08,21.16,22.56,21.05,97.88,56.35,48.52,34.76
323.44,35.15,21.16,22.56,21.05,97.88,56.35,48.52,34.76
323.45,35.15,21.19,22.56,21.05,98.26,56.50,48.62,34.76
323.46,35.15,21.19,22.59,21.05,97.88,56.50,48.62,34.76
323.47,35.15,21.19,22.59,21.05,97.51,56.50,48.62,34.76
323.48,35.21,21.16,22.56,21.05,98.26,56.35,48.74,34.76
323.49,35.15,21.19,22.56,21.05,97.51,56.50,48.52,34.76
323.50,35.08,21.16,22.56,21.05,97.88,56.50,48.62,34.76
323.51,35.15,21.19,22.59,21.05,97.88,56.50,48.52,34.76
323.52,35.21,21.19,22.59,21.05,97.88,56.50,48.62,34.76
323.53,35.15,21.19,22.56,21.05,97.88,56.50,48.62,34.76
323.54,35.15,21.16,22.56,21.05,97.88,56.35,48.52,34.76
323.55,35.15,21.16,22.56,21.08,97.88,56.35,48.62,34.76
323.56,35.15,21.23,22.59,21.08,97.88,56.50,48.62,34.76
323.57,35.21,21.19,22.56,21.05,97.88,56.50,48.62,34.76
323.58,35.15,21.19,22.56,21.05,97.88,56.50,48.52,34.76
323.59,35.15,21.16,22.56,21.05,97.88,56.35,48.62,34.76
323.60,35.15,21.19,22.56,21.08,97.88,56.50,48.62,34.76
323.61,35.15,21.19,22.59,21.05,97.88,56.50,48.62,34.76
323.62,35.15,21.19,22.59,21.05,97.88,56.50,48.62,34.69
323.63,35.15,21.19,22.56,21.05,97.88,56.64,48.62,34.76
323.64,35.15,21.16,22.56,21.05,97.88,56.35,48.62,34.76
323.65,35.15,21.19,22.56,21.05,97.88,56.50,48.62,34.76
323.66,35.15,21.19,22.56,21.05,98.26,56.50,48.62,34.69
323.67,35.21,21.19,22.59,21.05,97.88,56.50,48.62,34.76
323.68,35.15,21.19,22.56,21.05,97.88,56.50,48.52,34.76
323.69,35.21,21.16,22.56,21.05,97.88,56.35,48.62,34.76
323.70,35.15,21.19,22.56,21.05,97.88,56.50,48.62,34.76
323.71,35.15,21.19,22.59,21.05,98.26,56.35,48.62,34.76
323.72,35.21,21.19,22.59,21.05,97.88,56.50,48.52,34.76
323.73,35.15,21.19,22.56,21.05,97.88,56.50,48.62,34.76
323.74,35.15,21.19,22.56,21.05,97.88,56.50,48.52,34.76
323.75,35.21,21.19,22.56,21.05,97.88,56.50,48.62,34.76
323.76,35.21,21.19,22.56,21.05,97.88,56.50,48.62,34.76
323.77,35.15,21.19,22.56,21.05,97.88,56.50,48.62,34.76
323.78,35.15,21.19,22.56,21.05,97.88,56.50,48.52,34.76
323.79,35.15,21.16,22.56,21.05,97.88,56.35,48.62,34.82
323.80,35.15,21.19,22.56,21.05,97.88,56.50,48.62,34.76
323.81,35.15,21.19,22.59,21.05,97.88,56.50,48.62,34.76
323.82,35.15,21.19,22.59,21.05,97.88,56.35,48.62,34.76
323.83,35.15,21.16,22.56,21.05,97.88,56.50,48.62,34.76
323.84,35.15,21.16,22.59,21.05,97.88,56.35,48.52,34.82
323.85,35.15,21.19,22.56,21.05,97.88,56.50,48.62,34.76
323.86,35.15,21.19,22.59,21.05,98.26,56.50,48.62,34.76
323.87,35.15,21.19,22.59,21.05,97.88,56.50,48.52,34.76
323.88,35.15,21.19,22.56,21.05,98.26,56.35,48.62,34.76
323.89,35.15,21.16,22.56,21.05,97.88,56.50,48.62,34.76
323.90,35.15,21.16,22.56,21.08,97.88,56.35,48.62,34.76
323.91,35.15,21.19,22.59,21.05,97.88,56.50,48.62,34.82
323.92,35.15,21.19,22.59,21.05,98.26,56.50,48.62,34.76
323.93,35.21,21.16,22.56,21.05,97.88,56.35,48.62,34.76
323.94,35.15,21.16,22.56,21.05,97.88,56.50,48.62,34.76
323.95,35.21,21.19,22.56,21.05,97.88,56.50,48.62,34.76
323.96,35.21,21.19,22.59,21.05,97.88,56.50,48.62,34.82
323.97,35.21,21.19,22.59,21.05,97.88,56.35,48.62,34.76
323.98,35.08,21.16,22.56,21.05,97.88,56.50,48.62,34.76
323.99,35.15,21.16,22.56,21.05,97.88,56.50,48.62,34.76
324.00,35.21,21.19,22.56,21.05,97.88,56.50,48.62,34.76
324.01,35.15,21.19,22.59,21.08,97.88,56.50,48.62,34.76
324.02,35.15,21.19,22.59,21.05,97.88,56.50,48.62,34.82
324.03,35.15,21.19,22.59,21.05,97.88,56.50,48.62,34.76
324.04,35.15,21.16,22.56,21.05,97.88,56.50,48.62,34.76
324.05,35.15,21.19,22.56,21.05,97.88,56.50,48.52,34.76
324.06,35.15,21.19,22.59,21.05,97.88,56.50,48.52,34.76
324.07,35.15,21.19,22.59,21.05,98.26,56.50,48.62,34.76
324.08,35.15,21.19,22.59,21.05,97.88,56.50,48.62,34.76
324.09,35.15,21.16,22.56,21.05,97.88,56.50,48.62,34.76
324.10,35.15,21.16,22.56,21.05,97.88,56.50,48.62,34.76
324.11,35.15,21.19,22.56,21.05,97.88,56.50,48.62,34.76
324.12,35.21,21.19,22.59,21.05,97.88,56.50,48.62,34.76
324.13,35.21,21.19,22.56,21.05,97.88,56.50,48.62,34.76
324.14,35.08,21.16,22.56,21.08,97.88,56.50,48.62,34.76
324.15,35.15,21.16,22.59,21.08,97.88,56.35,48.62,34.76
324.16,35.21,21.19,22.59,21.05,97.88,56.50,48.62,34.76
324.17,35.21,21.19,22.59,21.05,97.88,56.50,48.62,34.82
324.18,35.15,21.19,22.56,21.05,97.88,56.35,48.62,34.76
324.19,35.21,21.19,22.56,21.05,97.88,56.35,48.52,34.82
324.20,35.15,21.19,22.56,21.05,98.26,56.50,48.62,34.76
324.21,35.21,21.19,22.59,21.05,97.88,56.50,48.62,34.82
324.22,35.21,21.23,22.59,21.05,97.88,56.50,48.62,34.76
324.23,35.15,21.19,22.56,21.05,97.88,56.50,48.62,34.76
324.24,35.15,21.19,22.59,21.05,97.88,56.50,48.52,34.82
324.25,35.15,21.19,22.56,21.08,97.88,56.50,48.62,34.76
324.26,35.21,21.19,22.59,21.08,97.88,56.50,48.62,34.82
324.27,35.15,21.23,22.59,21.05,97.88,56.50,48.62,34.76
324.28,35.15,21.19,22.56,21.05,97.88,56.50,48.62,34.82
324.29,35.08,21.16,22.56,21.05,97.88,56.50,48.62,34.76
324.30,35.21,21.19,22.59,21.05,97.88,56.35,48.62,34.76
324.31,35.15,21.19,22.59,21.05,97.88,56.50,48.62,34.82
324.32,35.21,21.23,22.59,21.05,98.26,56.50,48.62,34.76
324.33,35.21,21.19,22.56,21.05,97.88,56.50,48.62,34.82
324.34,35.15,21.19,22.59,21.05,97.88,56.50,48.62,34.82
324.35,35.08,21.19,22.56,21.05,97.88,56.35,48.62,34.76
324.36,35.21,21.19,22.59,21.05,97.88,56.50,48.62,34.76
324.37,35.28,21.23,22.59,21.05,97.88,56.50,48.62,34.76
324.38,35.15,21.16,22.56,21.05,97.88,56.50,48.62,34.82
324.39,35.21,21.19,22.56,21.02,97.88,56.35,48.62,34.82
324.40,35.21,21.19,22.56,21.05,97.88,56.35,48.62,34.76
324.41,35.15,21.19,22.59,21.05,97.88,56.35,48.62,34.76
324.42,35.15,21.19,22.59,21.05,97.88,56.50,48.62,34.76
324.43,35.15,21.19,22.56,21.05,97.88,56.50,48.62,34.82
324.44,35.15,21.19,22.56,21.05,97.88,56.50,48.62,34.82
324.45,35.15,21.19,22.59,21.05,98.26,56.50,48.62,34.82
324.46,35.15,21.19,22.59,21.05,97.88,56.35,48.62,34.76
324.47,35.15,21.19,22.59,21.05,98.26,56.50,48.74,34.76
324.48,35.15,21.19,22.59,21.08,97.88,56.50,48.62,34.76
324.49,35.15,21.19,22.56,21.05,97.88,56.35,48.62,34.76
324.50,35.15,21.19,22.59,21.05,97.88,56.50,48.62,34.82
324.51,35.21,21.19,22.59,21.05,97.88,56.35,48.62,34.76
324.52,35.15,21.19,22.59,21.08,98.26,56.50,48.62,34.82
324.53,35.15,21.19,22.59,21.05,97.88,56.50,48.62,34.82
324.54,35.21,21.19,22.56,21.08,97.88,56.50,48.62,34.82
324.55,35.21,21.19,22.56,21.05,97.88,56.50,48.62,34.76
324.56,35.15,21.23,22.59,21.05,97.88,56.50,48.62,34.76
324.57,35.15,21.19,22.59,21.05,97.88,56.50,48.62,34.82
324.58,35.21,21.19,22.59,21.05,97.88,56.50,48.62,34.82
324.59,35.08,21.19,22.59,21.05,97.88,56.50,48.74,34.76
324.60,35.21,21.19,22.56,21.05,97.88,56.50,48.62,34.76
324.61,35.15,21.19,22.59,21.08,97.88,56.50,48.62,34.82
324.62,35.21,21.23,22.59,21.05,97.88,56.50,48.62,34.76
324.63,35.21,21.19,22.56,21.05,97.88,56.50,48.62,34.76
324.64,35.08,21.19,22.59,21.05,97.88,56.50,48.62,34.76
324.65,35.21,21.19,22.59,21.05,98.26,56.50,48.62,34.82
324.66,35.21,21.19,22.59,21.05,97.88,56.50,48.62,34.82
324.67,35.21,21.23,22.59,21.05,97.88,56.50,48.62,34.82
324.68,35.21,21.19,22.59,21.05,97.88,56.50,48.62,34.76
324.69,35.15,21.19,22.59,21.05,97.88,56.50,48.62,34.76
324.70,35.15,21.19,22.59,21.05,98.26,56.50,48.62,34.82
324.71,35.21,21.23,22.59,21.05,97.88,56.35,48.52,34.82
324.72,35.15,21.19,22.59,21.05,97.88,56.50,48.62,34.82
324.73,35.15,21.19,22.59,21.05,97.88,56.50,48.62,34.82
324.74,35.21,21.19,22.56,21.05,98.26,56.50,48.62,34.76
324.75,35.15,21.19,22.59,21.05,97.88,56.50,48.62,34.76
324.76,35.15,21.23,22.59,21.05,97.88,56.50,48.62,34.82
324.77,35.15,21.19,22.59,21.05,97.88,56.50,48.62,34.82
324.78,35.15,21.19,22.56,21.05,97.88,56.35,48.62,34.76
324.79,35.15,21.19,22.56,21.05,97.88,56.50,48.62,34.76
324.80,35.21,21.19,22.56,21.05,97.88,56.35,48.62,34.76
324.81,35.15,21.19,22.59,21.05,97.88,56.50,48.62,34.82
324.82,35.21,21.19,22.59,21.05,97.88,56.50,48.62,34.76
324.83,35.15,21.19,22.59,21.05,97.88,56.50,48.62,34.76
324.84,35.15,21.19,22.56,21.05,97.88,56.35,48.62,34.76
324.85,35.15,21.19,22.59,21.05,97.88,56.50,48.62,34.76
324.86,35.15,21.19,22.59,21.05,97.88,56.50,48.62,34.82
324.87,35.21,21.19,22.59,21.05,97.88,56.50,48.62,34.82
324.88,35.15,21.19,22.59,21.05,97.88,56.35,48.62,34.82
324.89,35.15,21.19,22.59,21.05,97.88,56.50,48.62,34.82
324.90,35.15,21.19,22.59,21.05,97.88,56.50,48.62,34.82
324.91,35.21,21.19,22.59,21.05,97.88,56.50,48.62,34.82
324.92,35.15,21.19,22.59,21.08,97.88,56.50,48.62,34.82
324.93,35.15,21.19,22.59,21.05,97.88,56.50,48.62,34.82
324.94,35.15,21.19,22.59,21.05,97.88,56.50,48.62,34.82
324.95,35.15,21.19,22.59,21.05,97.88,56.50,48.62,34.82
324.96,35.15,21.23,22.59,21.05,97.88,56.50,48.62,34.82
324.97,35.21,21.19,22.59,21.05,97.88,56.50,48.62,34.82
324.98,35.21,21.19,22.59,21.05,97.88,56.35,48.62,34.82
324.99,35.15,21.16,22.56,21.05,98.26,56.50,48.62,34.82
325.00,35.15,21.19,22.59,21.05,97.88,56.50,48.62,34.82
325.01,35.21,21.19,22.59,21.05,97.88,56.50,48.62,34.82
325.02,35.15,21.19,22.59,21.05,97.88,56.50,48.62,34.82
325.03,35.21,21.19,22.59,21.05,97.88,56.50,48.62,34.76
325.04,35.15,21.16,22.59,21.05,97.88,56.50,48.62,34.82
325.05,35.15,21.19,22.59,21.05,97.88,56.50,48.62,34.82
325.06,35.21,21.19,22.59,21.05,97.88,56.50,48.62,34.82
325.07,35.15,21.19,22.59,21.05,98.26,56.50,48.62,34.82
325.08,35.08,21.19,22.59,21.05,97.88,56.50,48.62,34.82
325.09,35.15,21.19,22.59,21.05,97.88,56.35,48.62,34.76
325.10,35.21,21.19,22.59,21.05,97.88,56.35,48.62,34.82
325.11,35.15,21.19,22.59,21.05,97.88,56.50,48.62,34.82
325.12,35.21,21.19,22.59,21.05,97.88,56.50,48.62,34.82
325.13,35.21,21.16,22.56,21.05,97.88,56.50,48.62,34.82
325.14,35.15,21.19,22.56,21.05,97.88,56.50,48.62,34.82
325.15,35.21,21.19,22.56,21.05,97.88,56.50,48.62,34.82
325.16,35.15,21.19,22.59,21.05,97.88,56.35,48.62,34.82
325.17,35.21,21.19,22.59,21.05,97.88,56.50,48.62,34.82
325.18,35.15,21.19,22.56,21.05,97.88,56.50,48.62,34.82
325.19,35.21,21.16,22.56,21.05,97.88,56.50,48.62,34.82
325.20,35.21,21.19,22.59,21.05,97.88,56.35,48.62,34.82
325.21,35.15,21.19,22.59,21.08,97.88,56.50,48.62,34.82
325.22,35.21,21.19,22.59,21.05,97.88,56.50,48.62,34.82
325.23,35.21,21.19,22.59,21.05,97.88,56.50,48.62,34.82
325.24,35.15,21.19,22.56,21.05,97.88,56.50,48.52,34.82
325.25,35.21,21.19,22.59,21.05,98.26,56.35,48.62,34.82
325.26,35.15,21.19,22.59,21.05,97.88,56.50,48.62,34.82
325.27,35.21,21.19,22.59,21.05,97.88,56.50,48.62,34.82
325.28,35.15,21.19,22.56,21.05,97.88,56.35,48.62,34.82
325.29,35.21,21.19,22.56,21.05,97.88,56.35,48.62,34.82
325.30,35.21,21.16,22.59,21.05,97.88,56.50,48.52,34.76
325.31,35.21,21.19,22.59,21.08,97.88,56.50,48.62,34.82
325.32,35.21,21.19,22.56,21.05,97.88,56.50,48.62,34.82
325.33,35.15,21.19,22.56,21.05,97.88,56.35,48.52,34.76
325.34,35.15,21.19,22.56,21.05,97.88,56.50,48.62,34.82
325.35,35.15,21.19,22.56,21.08,97.88,56.50,48.52,34.82
325.36,35.15,21.19,22.59,21.05,97.88,56.50,48.62,34.82
325.37,35.21,21.19,22.59,21.05,97.88,56.35,48.62,34.82
325.38,35.21,21.19,22.56,21.05,97.88,56.35,48.62,34.82
325.39,35.15,21.16,22.56,21.05,97.88,56.50,48.62,34.82
325.40,35.08,21.19,22.56,21.05,97.88,56.35,48.52,34.82
325.41,35.21,21.19,22.59,21.08,97.88,56.35,48.62,34.82
325.42,35.15,21.19,22.56,21.05,97.88,56.50,48.62,34.82
325.43,35.21,21.16,22.56,21.05,97.88,56.35,48.52,34.82
325.44,35.15,21.16,22.56,21.05,97.88,56.35,48.52,34.82
325.45,35.15,21.19,22.56,21.08,97.88,56.50,48.62,34.82
325.46,35.15,21.19,22.59,21.05,97.51,56.50,48.62,34.82
325.47,35.21,21.19,22.56,21.05,97.88,56.50,48.52,34.82
325.48,35.08,21.16,22.56,21.05,97.88,56.35,48.52,34.82
325.49,35.15,21.16,22.56,21.05,97.88,56.35,48.52,34.82
325.50,35.21,21.19,22.56,21.05,97.88,56.50,48.52,34.82
325.51,35.21,21.19,22.59,21.05,97.88,56.50,48.62,34.82
325.52,35.21,21.19,22.56,21.05,97.88,56.50,48.52,34.82
325.53,35.15,21.16,22.56,21.05,97.88,56.35,48.62,34.82
325.54,35.15,21.19,22.56,21.05,97.88,56.50,48.52,34.82
325.55,35.15,21.16,22.56,21.05,97.88,56.35,48.52,34.82
325.56,35.15,21.16,22.56,21.05,97.88,56.35,48.62,34.82
325.57,35.15,21.19,22.56,21.05,97.88,56.35,48.62,34.82
325.58,35.08,21.16,22.56,21.05,97.88,56.35,48.62,34.82
325.59,35.08,21.16,22.56,21.05,97.88,56.35,48.62,34.82
325.60,35.15,21.19,22.56,21.05,97.88,56.50,48.62,34.82
325.61,35.15,21.19,22.56,21.05,97.88,56.50,48.62,34.82
325.62,35.15,21.19,22.59,21.05,97.88,56.35,48.62,34.82
325.63,35.21,21.16,22.56,21.05,97.88,56.35,48.52,34.88
325.64,35.08,21.16,22.56,21.05,97.88,56.50,48.62,34.82
325.65,35.15,21.16,22.56,21.05,97.88,56.35,48.52,34.82
325.66,35.21,21.13,22.52,21.08,97.88,56.35,48.62,34.82
325.67,35.08,21.16,22.56,21.05,97.88,56.35,48.62,34.82
325.68,35.08,21.19,22.56,21.05,97.88,56.35,48.62,34.82
325.69,35.15,21.16,22.52,21.05,97.88,56.50,48.62,34.82
325.70,35.08,21.16,22.56,21.05,97.88,56.35,48.52,34.82
325.71,35.15,21.16,22.52,21.08,97.88,56.35,48.52,34.82
325.72,35.15,21.16,22.52,21.05,97.51,56.50,48.62,34.82
325.73,35.15,21.16,22.56,21.05,98.26,56.35,48.62,34.88
325.74,35.15,21.16,22.56,21.05,97.51,56.35,48.52,34.82
325.75,35.08,21.13,22.52,21.05,97.88,56.35,48.52,34.82
325.76,35.15,21.16,22.52,21.05,97.51,56.35,48.52,34.82
325.77,35.08,21.13,22.52,21.05,97.88,56.35,48.52,34.82
325.78,35.08,21.16,22.56,21.08,97.88,56.35,48.62,34.82
325.79,35.15,21.16,22.56,21.05,97.88,56.50,48.62,34.88
325.80,35.15,21.16,22.52,21.05,97.88,56.35,48.52,34.82
325.81,35.08,21.16,22.52,21.05,97.88,56.35,48.52,34.82
325.82,35.08,21.16,22.52,21.05,97.88,56.35,48.62,34.82
325.83,35.15,21.16,22.56,21.08,97.88,56.50,48.52,34.82
325.84,35.08,21.16,22.56,21.05,97.88,56.35,48.62,34.82
325.85,35.15,21.16,22.52,21.05,97.88,56.35,48.52,34.82
325.86,35.15,21.16,22.52,21.05,97.88,56.35,48.52,34.82
325.87,35.15,21.13,22.52,21.05,97.88,56.35,48.52,34.82
325.88,35.08,21.16,22.56,21.05,97.88,56.35,48.62,34.82
325.89,35.08,21.19,22.56,21.05,97.88,56.35,48.52,34.82
325.90,35.15,21.16,22.52,21.05,97.88,56.35,48.52,34.82
325.91,35.08,21.13,22.52,21.05,97.88,56.35,48.52,34.82
325.92,35.08,21.16,22.52,21.05,97.88,56.35,48.52,34.82
325.93,35.08,21.16,22.56,21.05,97.88,56.35,48.52,34.82
325.94,35.21,21.19,22.52,21.05,97.88,56.35,48.52,34.82
325.95,35.15,21.16,22.52,21.05,97.51,56.35,48.52,34.82
325.96,35.15,21.16,22.52,21.05,97.88,56.35,48.52,34.82
325.97,35.01,21.16,22.52,21.05,97.88,56.35,48.62,34.82
325.98,35.15,21.19,22.52,21.05,97.88,56.35,48.52,34.82
325.99,35.08,21.16,22.52,21.05,97.88,56.21,48.52,34.82
326.00,35.15,21.13,22.52,21.05,97.88,56.35,48.52,34.82
326.01,35.15,21.16,22.52,21.05,97.88,56.35,48.52,34.82
326.02,35.08,21.16,22.52,21.05,97.88,56.35,48.52,34.88
326.03,35.08,21.19,22.56,21.05,97.88,56.35,48.62,34.82
326.04,35.08,21.16,22.56,21.05,97.88,56.21,48.62,34.82
326.05,35.08,21.13,22.52,21.05,97.88,56.35,48.52,34.82
326.06,35.08,21.13,22.52,21.05,97.88,56.35,48.52,34.82
326.07,35.15,21.16,22.56,21.05,97.88,56.35,48.52,34.82
326.08,35.08,21.16,22.52,21.05,97.88,56.35,48.52,34.82
326.09,35.21,21.16,22.52,21.05,97.88,56.35,48.52,34.82
326.10,35.15,21.13,22.56,21.05,97.88,56.35,48.52,34.82
326.11,35.08,21.13,22.52,21.05,97.88,56.35,48.52,34.82
326.12,35.08,21.16,22.52,21.05,97.88,56.50,48.62,34.88
326.13,35.08,21.16,22.56,21.05,97.88,56.35,48.52,34.82
326.14,35.08,21.16,22.52,21.05,97.88,56.35,48.52,34.82
326.15,35.08,21.13,22.52,21.05,97.51,56.35,48.52,34.82
326.16,35.15,21.13,22.52,21.05,97.88,56.35,48.62,34.82
326.17,35.08,21.16,22.52,21.05,97.51,56.35,48.52,34.82
326.18,35.08,21.16,22.56,21.05,97.88,56.50,48.62,34.82
326.19,35.15,21.16,22.56,21.05,97.88,56.50,48.52,34.82
326.20,35.08,21.16,22.52,21.05,97.88,56.35,48.52,34.82
326.21,35.15,21.13,22.52,21.05,97.88,56.35,48.52,34.82
326.22,35.08,21.16,22.52,21.05,97.88,56.50,48.52,34.82
326.23,35.15,21.19,22.56,21.05,97.88,56.35,48.52,34.82
326.24,35.15,21.16,22.56,21.05,97.88,56.35,48.62,34.82
326.25,35.08,21.13,22.52,21.05,97.88,56.35,48.52,34.88
326.26,35.15,21.16,22.52,21.05,97.88,56.35,48.52,34.82
326.27,35.08,21.16,22.52,21.05,97.88,56.35,48.52,34.82
326.28,35.08,21.16,22.52,21.05,97.88,56.50,48.52,34.82
326.29,35.08,21.16,22.56,21.05,97.88,56.50,48.62,34.82
326.30,35.08,21.16,22.56,21.05,97.88,56.35,48.62,34.82
326.31,35.15,21.13,22.52,21.08,97.51,56.35,48.52,34.82
326.32,35.15,21.13,22.56,21.05,97.51,56.50,48.62,34.82
326.33,35.08,21.16,22.56,21.05,97.88,56.35,48.52,34.82
326.34,35.08,21.16,22.56,21.05,97.88,56.35,48.52,34.82
326.35,35.08,21.13,22.52,21.08,97.51,56.35,48.52,34.82
326.36,35.08,21.16,22.52,21.05,97.88,56.35,48.52,34.82
326.37,35.08,21.16,22.52,21.08,97.88,56.50,48.52,34.82
326.38,35.15,21.16,22.52,21.05,97.88,56.50,48.62,34.82
326.39,35.08,21.16,22.56,21.05,97.88,56.35,48.52,34.82
326.40,35.15,21.16,22.52,21.05,97.88,56.35,48.52,34.82
326.41,35.08,21.13,22.52,21.05,97.88,56.35,48.52,34.82
326.42,35.08,21.16,22.52,21.05,97.88,56.35,48.52,34.82
326.43,35.15,21.16,22.56,21.05,97.88,56.50,48.52,34.82
326.44,35.08,21.16,22.56,21.05,97.88,56.35,48.52,34.82
326.45,35.15,21.16,22.52,21.05,97.88,56.35,48.52,34.82
326.46,35.01,21.13,22.52,21.05,97.88,56.35,48.52,34.82
326.47,35.08,21.16,22.52,21.05,97.88,56.35,48.52,34.88
326.48,35.08,21.19,22.56,21.05,97.88,56.50,48.62,34.82
326.49,35.15,21.19,22.56,21.05,97.88,56.35,48.62,34.88
326.50,35.15,21.16,22.52,21.05,97.88,56.35,48.52,34.82
326.51,35.15,21.16,22.52,21.05,97.88,56.35,48.52,34.82
326.52,35.15,21.16,22.52,21.05,97.88,56.50,48.52,34.88
326.53,35.08,21.16,22.56,21.05,97.88,56.35,48.52,34.82
326.54,35.08,21.16,22.56,21.05,97.88,56.35,48.52,34.82
326.55,35.15,21.16,22.52,21.05,97.88,56.35,48.52,34.82
326.56,35.15,21.13,22.52,21.05,97.88,56.35,48.52,34.82
326.57,35.08,21.16,22.52,21.05,97.88,56.35,48.52,34.88
326.58,35.15,21.16,22.56,21.05,97.88,56.50,48.62,34.82
326.59,35.15,21.16,22.56,21.05,97.88,56.35,48.52,34.82
326.60,35.15,21.13,22.52,21.05,97.88,56.35,48.52,34.82
326.61,35.08,21.16,22.52,21.05,97.51,56.35,48.52,34.82
326.62,35.08,21.16,22.52,21.05,97.88,56.35,48.62,34.88
326.63,35.08,21.16,22.56,21.05,97.88,56.35,48.62,34.88
326.64,35.08,21.19,22.56,21.05,97.88,56.50,48.62,34.82
326.65,35.08,21.19,22.52,21.05,97.88,56.35,48.52,34.82
326.66,35.08,21.13,22.52,21.05,97.51,56.35,48.52,34.82
326.67,35.21,21.16,22.56,21.05,97.88,56.35,48.52,34.82
326.68,35.08,21.16,22.56,21.05,97.88,56.50,48.62,34.82
326.69,35.08,21.16,22.56,21.05,97.88,56.50,48.62,34.82
326.70,35.08,21.16,22.52,21.05,97.51,56.35,48.52,34.82
326.71,35.08,21.16,22.52,21.05,97.88,56.35,48.62,34.82
326.72,35.15,21.16,22.52,21.05,97.88,56.35,48.62,34.82
326.73,35.08,21.16,22.56,21.05,97.88,56.50,48.62,34.88
326.74,35.08,21.16,22.56,21.05,97.88,56.50,48.62,34.82
326.75,35.15,21.16,22.52,21.05,97.88,56.35,48.52,34.82
326.76,35.08,21.16,22.52,21.05,97.88,56.50,48.52,34.88
326.77,35.08,21.16,22.52,21.05,97.88,56.50,48.52,34.88
326.78,35.08,21.16,22.56,21.05,97.88,56.50,48.52,34.88
326.79,35.15,21.19,22.56,21.05,97.88,56.35,48.62,34.82
326.80,35.08,21.16,22.52,21.05,97.88,56.50,48.52,34.88
326.81,35.15,21.13,22.56,21.05,97.88,56.35,48.52,34.82
326.82,35.08,21.16,22.56,21.05,97.88,56.35,48.62,34.82
326.83,35.08,21.19,22.56,21.08,97.88,56.50,48.62,34.88
326.84,35.08,21.16,22.56,21.08,97.88,56.50,48.62,34.82
326.85,35.08,21.16,22.52,21.05,97.88,56.35,48.52,34.88
326.86,35.08,21.16,22.52,21.05,97.88,56.35,48.62,34.88
326.87,35.15,21.16,22.56,21.05,97.88,56.35,48.62,34.88
326.88,35.15,21.19,22.56,21.05,97.88,56.35,48.62,34.88
326.89,35.08,21.16,22.56,21.05,97.88,56.35,48.62,34.88
326.90,35.08,21.16,22.52,21.05,97.88,56.35,48.52,34.82
326.91,35.01,21.16,22.52,21.05,97.88,56.35,48.62,34.82
326.92,35.15,21.16,22.56,21.05,97.88,56.35,48.52,34.88
326.93,35.15,21.16,22.52,21.05,97.88,56.50,48.52,34.88
326.94,35.08,21.16,22.56,21.05,97.88,56.50,48.52,34.88
326.95,35.08,21.16,22.52,21.05,97.88,56.35,48.62,34.88
326.96,35.08,21.16,22.52,21.05,97.88,56.35,48.52,34.82
326.97,35.08,21.16,22.52,21.05,97.88,56.35,48.62,34.82
326.98,35.15,21.19,22.56,21.08,97.88,56.50,48.62,34.88
326.99,35.15,21.16,22.52,21.08,98.26,56.35,48.62,34.88
327.00,35.15,21.16,22.56,21.05,97.88,56.35,48.52,34.82
327.01,35.08,21.16,22.52,21.05,97.51,56.50,48.52,34.82
327.02,35.08,21.16,22.52,21.05,97.88,56.35,48.52,34.88
327.03,35.15,21.19,22.56,21.05,97.88,56.35,48.41,34.82
327.04,35.15,21.16,22.56,21.05,97.88,56.35,48.74,34.88
327.05,35.08,21.16,22.52,21.05,97.88,56.35,48.52,34.88
327.06,35.15,21.16,22.56,21.05,97.88,56.35,48.52,34.82
327.07,35.15,21.16,22.52,21.05,97.88,56.35,48.52,34.82
327.08,35.08,21.16,22.56,21.05,97.88,56.35,48.62,34.88
327.09,35.21,21.16,22.52,21.05,97.88,56.35,48.52,34.88
327.10,35.08,21.16,22.52,21.05,97.88,56.35,48.52,34.82
327.11,35.15,21.13,22.52,21.05,97.88,56.35,48.52,34.88
327.12,35.15,21.13,22.52,21.05,97.88,56.35,48.52,34.88
327.13,35.08,21.16,22.52,21.05,97.88,56.50,48.52,34.88
327.14,35.08,21.16,22.56,21.05,97.88,56.35,48.52,34.82
327.15,35.08,21.16,22.52,21.05,97.88,56.35,48.62,34.88
327.16,35.08,21.13,22.52,21.05,97.88,56.35,48.52,34.82
327.17,35.15,21.13,22.52,21.05,97.88,56.50,48.52,34.88
327.18,35.08,21.16,22.56,21.05,97.88,56.35,48.62,34.88
327.19,35.15,21.16,22.52,21.05,97.88,56.35,48.62,34.82
327.20,35.08,21.13,22.52,21.05,97.88,56.35,48.52,34.88
327.21,35.15,21.13,22.52,21.05,97.88,56.35,48.52,34.88
327.22,35.08,21.16,22.52,21.05,97.88,56.35,48.52,34.88
327.23,35.15,21.16,22.56,21.05,97.88,56.50,48.62,34.88
327.24,35.08,21.16,22.56,21.05,97.51,56.35,48.52,34.88
327.25,35.15,21.13,22.52,21.05,97.88,56.35,48.52,34.88
327.26,35.08,21.13,22.52,21.05,97.51,56.35,48.62,34.88
327.27,35.08,21.16,22.52,21.05,97.51,56.21,48.52,34.88
327.28,35.15,21.16,22.56,21.05,97.88,56.50,48.62,34.88
327.29,35.15,21.16,22.56,21.05,97.88,56.50,48.62,34.88
327.30,35.15,21.13,22.52,21.05,97.88,56.35,48.52,34.82
327.31,35.15,21.16,22.52,21.05,97.88,56.35,48.52,34.82
327.32,35.15,21.16,22.52,21.08,97.88,56.35,48.62,34.88
327.33,35.15,21.19,22.56,21.05,97.88,56.50,48.52,34.88
327.34,35.08,21.16,22.52,21.05,97.88,56.35,48.62,34.88
327.35,35.08,21.16,22.52,21.05,97.88,56.35,48.52,34.88
327.36,35.08,21.13,22.52,21.05,97.88,56.35,48.62,34.88
327.37,35.08,21.16,22.52,21.05,97.88,56.50,48.62,34.82
327.38,35.08,21.16,22.52,21.05,97.88,56.50,48.62,34.88
327.39,35.08,21.16,22.56,21.05,97.88,56.50,48.52,34.88
327.40,35.08,21.16,22.52,21.05,97.88,56.35,48.52,34.88
327.41,35.08,21.16,22.52,21.05,97.88,56.50,48.52,34.88
327.42,35.08,21.16,22.52,21.05,97.88,56.35,48.52,34.88
327.43,35.08,21.16,22.56,21.05,97.88,56.35,48.62,34.88
327.44,35.08,21.16,22.52,21.05,97.88,56.50,48.52,34.88
327.45,35.08,21.16,22.52,21.05,97.88,56.35,48.52,34.88
327.46,35.08,21.16,22.52,21.05,97.88,56.35,48.62,34.82
327.47,35.08,21.16,22.52,21.05,97.51,56.50,48.52,34.88
327.48,35.08,21.19,22.56,21.05,97.88,56.50,48.52,34.88
327.49,35.15,21.19,22.56,21.05,97.88,56.50,48.62,34.88
327.50,35.01,21.16,22.52,21.05,97.88,56.35,48.62,34.88
327.51,35.08,21.16,22.52,21.05,97.88,56.35,48.62,34.82
327.52,35.15,21.16,22.56,21.05,97.88,56.50,48.52,34.88
327.53,35.15,21.16,22.52,21.08,97.88,56.50,48.62,34.88
327.54,35.15,21.16,22.56,21.05,97.88,56.35,48.62,34.82
327.55,35.08,21.13,22.52,21.05,97.88,56.35,48.62,34.88
327.56,35.08,21.16,22.52,21.05,97.88,56.35,48.52,34.88
327.57,35.08,21.16,22.56,21.05,97.88,56.35,48.52,34.88
327.58,35.08,21.19,22.56,21.05,97.51,56.50,48.62,34.88
327.59,35.08,21.16,22.56,21.05,97.88,56.50,48.62,34.88
327.60,35.15,21.16,22.56,21.05,97.88,56.35,48.52,34.88
327.61,35.15,21.16,22.52,21.05,97.88,56.35,48.62,34.88
327.62,35.08,21.16,22.56,21.05,97.88,56.35,48.52,34.88
327.63,35.15,21.19,22.56,21.05,97.88,56.50,48.62,34.88
327.64,35.15,21.16,22.56,21.05,97.88,56.35,48.52,34.82
327.65,35.08,21.16,22.52,21.05,97.88,56.35,48.62,34.82
327.66,35.15,21.16,22.52,21.05,97.88,56.35,48.52,34.88
327.67,35.08,21.16,22.56,21.08,97.88,56.35,48.62,34.88
327.68,35.08,21.16,22.56,21.05,97.88,56.35,48.62,34.88
327.69,35.15,21.16,22.56,21.05,97.88,56.35,48.52,34.88
327.70,35.08,21.16,22.52,21.05,97.88,56.50,48.52,34.82
327.71,35.15,21.16,22.52,21.05,97.88,56.35,48.62,34.88
327.72,35.08,21.16,22.52,21.08,97.88,56.35,48.62,34.88
327.73,35.08,21.16,22.56,21.05,97.51,56.35,48.62,34.88
327.74,35.08,21.16,22.56,21.05,97.88,56.35,48.52,34.82
327.75,35.08,21.16,22.52,21.05,97.88,56.35,48.52,34.88
327.76,35.08,21.16,22.52,21.05,97.88,56.35,48.52,34.88
327.77,35.08,21.16,22.56,21.05,97.88,56.35,48.52,34.88
327.78,35.15,21.16,22.56,21.05,97.88,56.50,48.62,34.88
327.79,35.08,21.16,22.52,21.05,97.88,56.50,48.52,34.82
327.80,35.08,21.13,22.52,21.08,97.88,56.35,48.52,34.88
327.81,35.08,21.16,22.52,21.05,97.88,56.35,48.52,34.88
327.82,35.15,21.16,22.52,21.05,97.88,56.50,48.62,34.88
327.83,35.15,21.19,22.52,21.05,97.88,56.35,48.62,34.88
327.84,35.08,21.16,22.52,21.05,97.88,56.50,48.62,34.88
327.85,35.15,21.16,22.52,21.05,97.88,56.35,48.52,34.88
327.86,35.08,21.16,22.52,21.05,97.88,56.35,48.52,34.88
327.87,35.08,21.16,22.52,21.08,97.88,56.50,48.52,34.88
327.88,35.15,21.16,22.56,21.05,97.88,56.50,48.62,34.88
327.89,35.15,21.16,22.56,21.05,97.88,56.35,48.52,34.88
327.90,35.15,21.13,22.52,21.05,97.51,56.35,48.52,34.88
327.91,35.08,21.19,22.52,21.05,97.88,56.35,48.52,34.88
327.92,35.01,21.13,22.52,21.05,97.88,56.50,48.62,34.88
327.93,35.15,21.16,22.56,21.08,97.88,56.35,48.62,34.88
327.94,35.08,21.16,22.52,21.05,97.88,56.50,48.52,34.88
327.95,35.15,21.16,22.52,21.05,97.88,56.35,48.62,34.88
327.96,35.01,21.16,22.52,21.05,97.88,56.35,48.52,34.88
327.97,35.15,21.16,22.52,21.08,97.88,56.35,48.52,34.88
327.98,35.15,21.19,22.52,21.05,97.88,56.50,48.52,34.82
327.99,35.08,21.16,22.56,21.08,97.88,56.35,48.52,34.88
328.00,35.15,21.16,22.52,21.05,97.51,56.35,48.52,34.82
328.01,35.08,21.16,22.52,21.05,97.51,56.64,48.52,34.95
328.02,35.15,21.16,22.52,21.05,97.88,56.35,48.62,34.88
328.03,35.15,21.16,22.56,21.05,97.88,56.50,48.52,34.88
328.04,35.08,21.16,22.52,21.05,97.88,56.35,48.62,34.82
328.05,35.08,21.13,22.52,21.05,97.88,56.35,48.52,34.88
328.06,35.08,21.13,22.52,21.05,97.88,56.35,48.52,34.88
328.07,35.08,21.16,22.52,21.05,97.88,56.35,48.52,34.88
328.08,35.15,21.16,22.52,21.05,97.88,56.35,48.62,34.88
328.09,35.08,21.16,22.56,21.05,97.88,56.35,48.52,34.88
328.10,35.15,21.16,22.52,21.05,97.88,56.35,48.52,34.88
328.11,35.08,21.16,22.52,21.05,97.51,56.21,48.52,34.88
328.12,35.15,21.16,22.52,21.05,97.88,56.35,48.52,34.88
328.13,35.08,21.16,22.56,21.05,97.88,56.35,48.62,34.88
328.14,35.21,21.16,22.56,21.05,97.88,56.50,48.52,34.88
328.15,34.95,21.13,22.52,21.05,97.88,56.35,48.52,34.88
328.16,35.15,21.13,22.52,21.05,97.51,56.35,48.52,34.88
328.17,35.08,21.13,22.52,21.05,97.88,56.35,48.52,34.88
328.18,35.15,21.16,22.59,21.08,97.88,56.50,48.52,34.88
328.19,35.08,21.13,22.52,21.05,97.88,56.35,48.62,34.88
328.20,35.15,21.16,22.52,21.05,97.88,56.35,48.52,34.88
328.21,35.08,21.13,22.52,21.05,97.88,56.35,48.52,34.88
328.22,35.15,21.16,22.52,21.05,97.51,56.35,48.52,34.88
328.23,35.15,21.16,22.56,21.05,97.88,56.50,48.62,34.88
328.24,35.08,21.16,22.52,21.05,97.51,56.35,48.52,34.88
328.25,35.01,21.13,22.52,21.05,97.88,56.35,48.52,34.88
328.26,35.01,21.13,22.49,21.05,97.51,56.35,48.62,34.88
328.27,35.08,21.13,22.52,21.05,97.51,56.35,48.52,34.88
328.28,35.15,21.16,22.56,21.05,97.88,56.35,48.62,34.88
328.29,35.15,21.16,22.52,21.05,97.88,56.50,48.41,34.88
328.30,35.08,21.13,22.52,21.05,97.88,56.35,48.52,34.88
328.31,35.08,21.13,22.52,21.05,97.88,56.35,48.52,34.88
328.32,35.08,21.16,22.52,21.05,97.88,56.35,48.52,34.88
328.33,35.08,21.16,22.52,21.05,97.88,56.35,48.52,34.88
328.34,35.08,21.16,22.52,21.05,97.88,56.35,48.52,34.88
328.35,35.15,21.13,22.49,21.05,97.88,56.35,48.52,34.88
328.36,35.01,21.16,22.52,21.05,97.51,56.35,48.52,34.88
328.37,35.08,21.16,22.52,21.05,97.88,56.35,48.52,34.88
328.38,35.08,21.16,22.56,21.05,97.88,56.35,48.62,34.88
328.39,35.08,21.16,22.52,21.05,97.88,56.35,48.52,34.88
328.40,35.15,21.13,22.52,21.05,97.88,56.35,48.52,34.88
328.41,35.08,21.13,22.52,21.05,97.51,56.35,48.52,34.88
328.42,35.08,21.13,22.52,21.05,97.88,56.35,48.62,34.88
328.43,35.08,21.16,22.52,21.05,97.88,56.35,48.52,34.88
328.44,35.15,21.16,22.52,21.05,97.88,56.35,48.62,34.88
328.45,35.08,21.16,22.52,21.05,97.88,56.35,48.52,34.88
328.46,35.08,21.13,22.52,21.05,97.88,56.35,48.52,34.88
328.47,35.08,21.16,22.52,21.05,97.88,56.35,48.52,34.88
328.48,35.15,21.16,22.56,21.08,97.88,56.50,48.52,34.88
328.49,35.08,21.16,22.52,21.05,97.51,56.35,48.52,34.88
328.50,35.08,21.13,22.52,21.05,97.88,56.35,48.52,34.88
328.51,35.08,21.16,22.52,21.05,97.88,56.35,48.52,34.88
328.52,35.08,21.16,22.52,21.05,97.88,56.35,48.62,34.88
328.53,35.08,21.16,22.56,21.08,97.88,56.35,48.62,34.88
328.54,35.08,21.16,22.52,21.05,97.88,56.35,48.52,34.88
328.55,35.15,21.13,22.52,21.05,97.51,56.35,48.52,34.88
328.56,35.08,21.13,22.52,21.05,97.88,56.35,48.52,34.88
328.57,35.15,21.16,22.52,21.05,97.88,56.35,48.52,34.82
328.58,35.08,21.16,22.52,21.05,97.88,56.50,48.62,34.88
328.59,35.08,21.16,22.52,21.05,97.88,56.35,48.52,34.88
328.60,35.08,21.13,22.52,21.05,97.51,56.35,48.52,34.88
328.61,35.01,21.13,22.52,21.05,97.88,56.35,48.52,34.88
328.62,35.08,21.13,22.49,21.05,97.88,56.35,48.52,34.88
328.63,35.08,21.16,22.52,21.05,97.88,56.35,48.52,34.88
328.64,35.08,21.16,22.52,21.05,97.88,56.35,48.52,34.88
328.65,35.08,21.13,22.52,21.05,97.51,56.35,48.52,34.88
328.66,35.01,21.13,22.52,21.05,97.51,56.35,48.52,34.88
328.67,35.08,21.13,22.52,21.05,97.88,56.35,48.52,34.88
328.68,35.08,21.16,22.52,21.05,97.88,56.50,48.62,34.88
328.69,35.08,21.16,22.52,21.05,97.88,56.50,48.52,34.88
328.70,35.01,21.13,22.52,21.05,97.51,56.35,48.52,34.88
328.71,35.08,21.13,22.52,21.05,97.88,56.35,48.52,34.88
328.72,35.08,21.13,22.52,21.05,97.88,56.35,48.52,34.88
328.73,35.08,21.16,22.52,21.05,97.88,56.35,48.52,34.88
328.74,35.08,21.16,22.52,21.05,97.88,56.50,48.52,34.88
328.75,35.01,21.13,22.52,21.05,97.51,56.35,48.52,34.88
328.76,35.01,21.13,22.52,21.05,97.88,56.35,48.52,34.88
328.77,35.08,21.13,22.52,21.05,97.88,56.50,48.52,34.88
328.78,35.08,21.16,22.52,21.05,97.88,56.50,48.62,34.88
328.79,35.08,21.16,22.52,21.05,97.51,56.35,48.52,34.88
328.80,35.01,21.13,22.52,21.05,97.88,56.35,48.62,34.88
328.81,35.01,21.16,22.52,21.05,97.88,56.35,48.62,34.88
328.82,35.08,21.13,22.52,21.05,97.51,56.35,48.52,34.88
328.83,35.01,21.16,22.52,21.05,97.88,56.35,48.52,34.88
328.84,35.08,21.16,22.52,21.05,97.88,56.35,48.52,34.88
328.85,35.01,21.13,22.52,21.05,97.88,56.35,48.52,34.88
328.86,35.01,21.13,22.52,21.05,97.51,56.35,48.52,34.88
328.87,35.01,21.16,22.52,21.05,97.51,56.35,48.52,34.88
328.88,35.08,21.16,22.52,21.05,97.88,56.35,48.52,34.88
328.89,35.08,21.16,22.52,21.05,97.88,56.35,48.52,34.88
328.90,35.08,21.13,22.52,21.05,97.88,56.35,48.52,34.88
328.91,35.08,21.13,22.49,21.05,97.88,56.35,48.52,34.88
328.92,35.01,21.13,22.52,21.05,97.88,56.35,48.52,34.88
328.93,35.01,21.16,22.52,21.05,97.88,56.35,48.52,34.88
328.94,35.08,21.13,22.52,21.05,97.51,56.35,48.52,34.88
328.95,35.08,21.13,22.49,21.05,97.88,56.35,48.41,34.88
328.96,35.08,21.13,22.49,21.05,97.88,56.35,48.52,34.95
328.97,35.08,21.13,22.49,21.05,97.51,56.35,48.52,34.88
328.98,35.08,21.13,22.52,21.05,97.51,56.35,48.52,34.88
328.99,35.15,21.13,22.52,21.05,97.88,56.35,48.52,34.95
329.00,35.15,21.16,22.52,21.05,97.88,56.35,48.52,34.88
329.01,35.08,21.13,22.49,21.05,97.51,56.21,48.52,34.88
329.02,35.08,21.13,22.52,21.05,97.51,56.35,48.52,34.88
329.03,35.01,21.13,22.52,21.05,97.51,56.21,48.52,34.95
329.04,35.01,21.16,22.52,21.05,97.88,56.35,48.52,34.88
329.05,35.01,21.13,22.49,21.05,97.51,56.35,48.52,34.88
329.06,35.01,21.13,22.49,21.05,97.88,56.35,48.52,34.88
329.07,35.01,21.10,22.49,21.05,97.51,56.35,48.52,34.88
329.08,35.01,21.13,22.49,21.05,97.88,56.35,48.52,34.88
329.09,35.15,21.16,22.52,21.08,97.88,56.35,48.52,34.88
329.10,35.08,21.16,22.52,21.05,97.51,56.35,48.52,34.88
329.11,35.01,21.13,22.49,21.05,97.51,56.35,48.52,34.88
329.12,35.08,21.13,22.49,21.05,97.51,56.35,48.52,34.88
329.13,35.01,21.13,22.52,21.05,97.88,56.21,48.62,34.88
329.14,35.01,21.16,22.52,21.05,97.51,56.35,48.52,34.88
329.15,35.08,21.13,22.49,21.05,97.88,56.21,48.52,34.88
329.16,35.01,21.13,22.49,21.05,97.51,56.50,48.52,34.88
329.17,35.08,21.13,22.49,21.05,97.51,56.21,48.52,34.88
329.18,35.01,21.13,22.52,21.05,97.88,56.50,48.52,34.88
329.19,35.08,21.13,22.52,21.05,97.88,56.35,48.52,34.95
329.20,35.01,21.13,22.52,21.05,97.88,56.35,48.52,34.82
329.21,35.01,21.13,22.49,21.05,97.51,56.35,48.52,34.88
329.22,35.01,21.10,22.49,21.05,97.51,56.35,48.52,34.88
329.23,35.01,21.13,22.49,21.05,97.51,56.35,48.52,34.95
329.24,35.08,21.13,22.52,21.05,97.51,56.35,48.52,34.88
329.25,35.01,21.13,22.49,21.05,97.51,56.35,48.52,34.88
329.26,34.95,21.13,22.49,21.05,97.51,56.35,48.52,34.88
329.27,35.01,21.10,22.52,21.05,97.51,56.35,48.52,34.95
329.28,35.01,21.13,22.49,21.05,97.88,56.35,48.52,34.88
329.29,35.08,21.13,22.52,21.05,97.51,56.35,48.52,34.95
329.30,35.01,21.13,22.49,21.05,97.51,56.35,48.52,34.95
329.31,35.01,21.13,22.49,21.05,97.51,56.35,48.41,34.95
329.32,35.01,21.10,22.49,21.05,97.88,56.35,48.52,34.95
329.33,35.08,21.13,22.52,21.05,97.51,56.50,48.52,34.88
329.34,35.01,21.13,22.52,21.05,97.51,56.35,48.52,34.95
329.35,35.08,21.13,22.49,21.05,97.51,56.21,48.52,34.95
329.36,35.08,21.13,22.49,21.05,97.51,56.35,48.52,34.88
329.37,35.01,21.13,22.49,21.05,97.51,56.35,48.52,34.88
329.38,35.01,21.13,22.49,21.05,97.51,56.35,48.41,34.88
329.39,35.01,21.13,22.49,21.05,97.88,56.35,48.52,34.88
329.40,34.95,21.13,22.49,21.05,97.51,56.21,48.52,34.88
329.41,35.01,21.13,22.49,21.02,97.88,56.35,48.52,34.88
329.42,35.01,21.13,22.49,21.05,97.14,56.21,48.52,34.88
329.43,35.01,21.13,22.49,21.05,97.88,56.35,48.52,34.88
329.44,35.08,21.16,22.52,21.05,97.88,56.35,48.74,34.88
329.45,35.08,21.13,22.49,21.05,97.51,56.35,48.30,34.88
329.46,34.95,21.13,22.49,21.05,97.51,56.35,48.52,34.88
329.47,35.08,21.13,22.49,21.05,97.51,56.35,48.41,34.88
329.48,35.01,21.13,22.49,21.05,97.51,56.21,48.52,34.88
329.49,35.01,21.13,22.52,21.05,97.51,56.35,48.52,34.88
329.50,35.01,21.10,22.49,21.05,97.51,56.35,48.52,34.88
329.51,35.01,21.13,22.49,21.05,97.51,56.35,48.52,34.88
329.52,35.01,21.13,22.49,21.05,97.51,56.35,48.41,34.95
329.53,35.01,21.13,22.49,21.05,97.51,56.35,48.52,34.95
329.54,35.08,21.13,22.52,21.05,97.88,56.35,48.52,34.88
329.55,35.01,21.13,22.52,21.05,97.51,56.21,48.52,34.95
329.56,35.08,21.10,22.49,21.05,97.51,56.35,48.52,34.88
329.57,35.01,21.10,22.49,21.05,97.51,56.35,48.52,34.88
329.58,34.95,21.13,22.49,21.05,97.88,56.35,48.52,34.95
329.59,35.01,21.13,22.52,21.05,97.51,56.35,48.52,34.95
329.60,35.01,21.13,22.49,21.05,97.51,56.35,48.52,34.88
329.61,35.01,21.13,22.49,21.05,97.51,56.35,48.52,34.88
329.62,35.01,21.13,22.52,21.02,97.51,56.35,48.52,34.88
329.63,35.08,21.13,22.49,21.05,97.51,56.35,48.52,34.88
329.64,35.08,21.13,22.49,21.05,97.51,56.35,48.52,34.95
329.65,35.08,21.13,22.49,21.05,97.51,56.35,48.52,34.88
329.66,35.01,21.10,22.49,21.05,97.51,56.35,48.41,34.95
329.67,35.01,21.10,22.49,21.05,97.51,56.35,48.52,34.88
329.68,35.08,21.10,22.49,21.05,97.51,56.35,48.52,34.88
329.69,35.01,21.13,22.52,21.05,97.88,56.35,48.52,34.95
329.70,35.01,21.13,22.49,21.05,97.51,56.35,48.52,34.88
329.71,35.08,21.13,22.49,21.05,97.51,56.35,48.41,34.88
329.72,35.08,21.13,22.49,21.05,97.51,56.35,48.52,34.95
329.73,35.08,21.13,22.49,21.05,97.51,56.35,48.41,34.95
329.74,35.01,21.13,22.49,21.05,97.51,56.35,48.52,34.88
329.75,34.95,21.13,22.49,21.05,97.51,56.21,48.52,34.95
329.76,35.01,21.13,22.49,21.05,97.88,56.35,48.41,34.88
329.77,34.95,21.10,22.52,21.05,97.88,56.35,48.52,34.95
329.78,35.01,21.13,22.49,21.05,97.51,56.35,48.52,34.95
329.79,35.08,21.13,22.52,21.05,97.51,56.35,48.52,34.95
329.80,35.01,21.13,22.49,21.05,97.51,56.35,48.52,34.95
329.81,35.01,21.13,22.49,21.05,97.51,56.35,48.52,34.88
329.82,35.01,21.10,22.49,21.05,97.51,56.35,48.52,34.88
329.83,35.01,21.13,22.49,21.08,97.51,56.35,48.41,34.95
329.84,34.95,21.13,22.49,21.05,97.51,56.35,48.52,34.88
329.85,35.08,21.13,22.49,21.05,97.51,56.35,48.52,34.95
329.86,35.01,21.10,22.49,21.05,97.51,56.35,48.52,34.88
329.87,35.01,21.13,22.49,21.05,97.51,56.35,48.52,34.95
329.88,35.01,21.13,22.49,21.05,97.51,56.21,48.52,34.88
329.89,35.01,21.13,22.52,21.05,97.51,56.35,48.52,34.95
329.90,35.01,21.13,22.49,21.05,97.51,56.35,48.52,34.88
329.91,34.95,21.10,22.49,21.05,97.51,56.21,48.41,34.95
329.92,35.01,21.10,22.46,21.05,97.51,56.21,48.41,34.88
329.93,35.01,21.13,22.49,21.05,97.51,56.35,48.52,34.95
329.94,35.01,21.13,22.49,21.05,97.88,56.35,48.52,34.95
329.95,35.01,21.13,22.49,21.05,97.51,56.35,48.52,34.88
329.96,35.01,21.13,22.49,21.05,97.51,56.35,48.52,34.88
329.97,34.95,21.13,22.49,21.05,97.88,56.35,48.52,34.95
329.98,35.08,21.13,22.49,21.05,97.51,56.35,48.52,34.88
329.99,35.01,21.13,22.49,21.05,97.88,56.35,48.52,34.88
330.00,35.08,21.13,22.49,21.05,97.51,56.21,48.52,34.88
330.01,35.01,21.10,22.49,21.05,97.51,56.35,48.52,34.95
330.02,34.95,21.10,22.49,21.05,97.51,56.21,48.52,34.88
330.03,34.95,21.10,22.49,21.05,97.51,56.50,48.41,34.95
330.04,35.01,21.13,22.49,21.05,97.51,56.35,48.52,34.95
330.05,35.01,21.13,22.49,21.05,97.51,56.35,48.52,34.88
330.06,34.95,21.10,22.49,21.05,97.51,56.35,48.52,34.95
330.07,35.01,21.10,22.49,21.05,97.51,56.35,48.41,34.88
330.08,35.08,21.13,22.49,21.05,97.88,56.35,48.52,34.95
330.09,35.01,21.16,22.49,21.05,97.51,56.35,48.52,34.95
330.10,35.01,21.13,22.49,21.05,97.51,56.35,48.52,34.95
330.11,35.08,21.10,22.49,21.05,97.51,56.35,48.41,34.95
330.12,34.95,21.10,22.49,21.05,97.88,56.35,48.41,34.95
330.13,35.01,21.10,22.49,21.05,97.51,56.35,48.41,34.95
330.14,35.08,21.16,22.49,21.05,97.88,56.35,48.52,34.95
330.15,35.01,21.13,22.49,21.05,97.88,56.35,48.52,34.95
330.16,34.95,21.13,22.49,21.05,97.51,56.35,48.41,34.95
330.17,35.01,21.13,22.49,21.05,97.51,56.35,48.62,34.95
330.18,34.95,21.13,22.49,21.05,97.51,56.35,48.52,34.95
330.19,35.08,21.13,22.49,21.05,97.88,56.35,48.52,34.95
330.20,35.01,21.13,22.49,21.05,97.51,56.35,48.52,34.95
330.21,34.95,21.10,22.49,21.02,97.51,56.21,48.52,34.95
330.22,35.01,21.10,22.49,21.05,97.51,56.35,48.52,34.95
330.23,35.01,21.13,22.49,21.05,97.51,56.35,48.52,34.95
330.24,35.08,21.13,22.49,21.05,97.51,56.35,48.52,34.95
330.25,35.08,21.10,22.49,21.05,97.51,56.35,48.52,34.95
330.26,35.08,21.13,22.46,21.02,97.51,56.35,48.52,34.88
330.27,34.95,21.13,22.49,21.05,97.51,56.35,48.41,34.95
330.28,35.01,21.13,22.49,21.05,97.51,56.35,48.52,34.95
330.29,35.08,21.13,22.49,21.05,97.51,56.35,48.52,34.95
330.30,35.08,21.13,22.49,21.05,97.88,56.35,48.52,34.95
330.31,35.01,21.10,22.49,21.02,97.51,56.35,48.52,34.95
330.32,35.01,21.10,22.49,21.05,97.51,56.35,48.52,34.95
330.33,35.01,21.13,22.49,21.05,97.51,56.35,48.52,34.95
330.34,35.01,21.13,22.52,21.02,97.88,56.35,48.52,34.95
330.35,35.01,21.13,22.49,21.05,97.51,56.35,48.41,34.95
330.36,35.08,21.13,22.49,21.05,97.51,56.35,48.41,34.95
330.37,34.95,21.10,22.49,21.05,97.51,56.21,48.41,34.88
330.38,35.01,21.13,22.49,21.05,97.88,56.35,48.52,34.95
330.39,35.01,21.13,22.49,21.05,97.51,56.35,48.52,34.95
330.40,35.01,21.13,22.49,21.05,97.51,56.35,48.52,34.95
330.41,34.95,21.13,22.49,21.05,97.51,56.35,48.52,34.95
330.42,35.01,21.13,22.49,21.05,97.51,56.50,48.52,34.88
330.43,35.08,21.13,22.49,21.05,97.88,56.50,48.41,34.95
330.44,35.08,21.13,22.49,21.05,97.51,56.21,48.52,34.88
330.45,35.01,21.13,22.49,21.02,97.51,56.35,48.52,35.01
330.46,35.08,21.10,22.49,21.05,97.51,56.35,48.41,34.95
330.47,35.08,21.13,22.49,21.05,97.51,56.21,48.52,34.88
330.48,35.01,21.13,22.49,21.05,97.88,56.35,48.41,34.95
330.49,35.01,21.16,22.49,21.05,97.51,56.35,48.52,34.95
330.50,35.01,21.13,22.49,21.05,97.51,56.21,48.52,34.88
330.51,35.08,21.13,22.49,21.05,97.51,56.35,48.52,34.95
330.52,34.95,21.13,22.49,21.05,97.51,56.21,48.52,34.88
330.53,35.01,21.13,22.49,21.05,97.51,56.21,48.52,34.95
330.54,35.01,21.13,22.49,21.05,97.51,56.35,48.52,34.95
330.55,35.01,21.13,22.49,21.05,97.51,56.35,48.52,34.95
330.56,35.15,21.13,22.49,21.05,97.88,56.35,48.52,34.95
330.57,35.01,21.13,22.46,21.05,97.51,56.21,48.52,34.95
330.58,35.08,21.13,22.52,21.05,97.51,56.35,48.52,34.95
330.59,35.08,21.13,22.49,21.05,97.51,56.35,48.52,34.95
330.60,35.08,21.13,22.52,21.05,97.51,56.35,48.52,34.88
330.61,35.08,21.13,22.49,21.05,97.51,56.35,48.52,34.95
330.62,35.01,21.13,22.49,21.05,97.51,56.35,48.52,34.95
330.63,35.01,21.13,22.49,21.05,97.88,56.35,48.41,34.95
330.64,35.01,21.13,22.52,21.05,97.51,56.21,48.52,34.95
330.65,35.01,21.13,22.49,21.05,97.88,56.35,48.52,34.95
330.66,34.95,21.13,22.52,21.05,97.51,56.21,48.41,34.88
330.67,34.95,21.13,22.49,21.05,97.88,56.35,48.41,34.95
330.68,35.01,21.13,22.49,21.05,97.51,56.35,48.52,34.95
330.69,35.08,21.13,22.49,21.08,97.51,56.35,48.30,34.95
330.70,35.08,21.13,22.49,21.05,97.51,56.35,48.62,34.95
330.71,34.95,21.13,22.49,21.05,97.51,56.35,48.52,34.95
330.72,35.01,21.13,22.49,21.05,97.51,56.35,48.52,34.95
330.73,35.01,21.13,22.52,21.05,97.51,56.35,48.41,34.95
330.74,35.01,21.13,22.52,21.05,97.51,56.35,48.52,34.95
330.75,35.01,21.13,22.49,21.05,97.51,56.35,48.52,34.95
330.76,35.01,21.10,22.49,21.05,97.88,56.35,48.52,34.95
330.77,35.01,21.13,22.49,21.05,97.51,56.21,48.52,34.95
330.78,35.01,21.13,22.49,21.05,97.51,56.35,48.52,34.95
330.79,35.08,21.16,22.49,21.05,97.51,56.35,48.52,34.95
330.80,35.01,21.13,22.52,21.05,97.51,56.35,48.52,34.95
330.81,35.01,21.13,22.49,21.05,97.51,56.35,48.52,34.95
330.82,35.01,21.13,22.49,21.05,97.51,56.35,48.41,34.95
330.83,35.08,21.16,22.49,21.05,97.88,56.35,48.52,34.95
330.84,35.01,21.13,22.49,21.05,97.88,56.35,48.52,34.95
330.85,35.08,21.13,22.49,21.05,97.51,56.35,48.41,34.95
330.86,35.08,21.13,22.49,21.05,97.51,56.35,48.52,34.95
330.87,35.01,21.13,22.49,21.05,97.51,56.35,48.52,34.95
330.88,35.08,21.13,22.49,21.05,97.88,56.07,48.52,34.95
330.89,35.08,21.13,22.52,21.05,97.51,56.35,48.52,34.95
330.90,35.08,21.13,22.52,21.05,97.51,56.35,48.52,34.88
330.91,35.01,21.13,22.49,21.05,97.51,56.35,48.52,34.95
330.92,35.01,21.13,22.49,21.05,97.51,56.35,48.41,34.95
330.93,35.08,21.13,22.49,21.05,97.51,56.35,48.52,34.95
330.94,35.08,21.16,22.52,21.05,97.51,56.35,48.52,34.95
330.95,35.08,21.13,22.49,21.05,97.51,56.35,48.52,34.95
330.96,34.95,21.10,22.49,21.05,97.51,56.35,48.52,34.88
330.97,35.08,21.13,22.49,21.05,97.88,56.35,48.52,34.95
330.98,35.01,21.13,22.49,21.05,97.88,56.35,48.52,34.95
330.99,35.01,21.13,22.52,21.05,97.51,56.35,48.52,34.95
331.00,35.01,21.13,22.49,21.05,97.51,56.35,48.41,34.95
331.01,34.95,21.13,22.49,21.05,97.51,56.35,48.52,34.95
331.02,34.95,21.13,22.49,21.05,97.51,56.21,48.52,34.95
331.03,35.01,21.13,22.49,21.05,97.88,56.35,48.52,34.95
331.04,35.01,21.13,22.49,21.05,97.51,56.35,48.52,34.95
331.05,35.08,21.13,22.49,21.05,97.88,56.35,48.52,34.95
331.06,34.95,21.10,22.49,21.05,97.51,56.35,48.41,34.95
331.07,35.08,21.13,22.49,21.05,97.51,56.35,48.52,34.95
331.08,35.08,21.13,22.49,21.05,97.51,56.35,48.52,34.95
331.09,35.08,21.16,22.49,21.05,97.51,56.35,48.52,34.95
331.10,35.01,21.13,22.49,21.05,97.51,56.35,48.52,34.95
331.11,35.08,21.13,22.49,21.05,97.51,56.35,48.52,34.95
331.12,34.95,21.13,22.49,21.05,97.51,56.35,48.52,34.95
331.13,35.01,21.16,22.49,21.05,97.51,56.35,48.52,35.01
331.14,35.08,21.16,22.49,21.05,97.51,56.35,48.52,34.95
331.15,35.01,21.13,22.52,21.05,97.51,56.35,48.52,34.95
331.16,35.01,21.13,22.49,21.05,97.51,56.35,48.52,34.95
331.17,35.01,21.13,22.49,21.05,97.51,56.35,48.41,35.01
331.18,35.01,21.16,22.49,21.05,97.51,56.50,48.52,34.95
331.19,35.08,21.16,22.49,21.05,97.88,56.35,48.52,34.95
331.20,35.01,21.13,22.52,21.05,97.88,56.35,48.52,34.95
331.21,35.01,21.13,22.49,21.05,97.51,56.35,48.52,34.95
331.22,35.08,21.13,22.49,21.05,97.51,56.07,48.52,34.95
331.23,35.01,21.13,22.49,21.05,97.51,56.35,48.52,34.95
331.24,35.08,21.13,22.52,21.05,97.51,56.35,48.52,34.95
331.25,35.01,21.13,22.52,21.05,97.51,56.35,48.52,34.95
331.26,35.01,21.13,22.49,21.05,97.51,56.35,48.52,34.95
331.27,35.08,21.13,22.49,21.05,97.51,56.35,48.52,34.95
331.28,35.01,21.13,22.49,21.05,97.51,56.35,48.52,34.95
331.29,35.01,21.13,22.52,21.05,97.88,56.35,48.52,34.95
331.30,35.01,21.13,22.49,21.05,97.51,56.35,48.52,34.95
331.31,35.01,21.13,22.49,21.05,97.51,56.35,48.52,34.95
331.32,34.95,21.13,22.49,21.05,97.51,56.35,48.52,34.95
331.33,35.01,21.13,22.52,21.05,97.88,56.35,48.52,34.95
331.34,35.01,21.13,22.52,21.05,97.88,56.35,48.52,34.95
331.35,35.01,21.16,22.52,21.05,97.51,56.35,48.62,34.95
331.36,35.08,21.13,22.49,21.05,97.51,56.35,48.52,34.95
331.37,35.01,21.13,22.49,21.05,97.51,56.35,48.52,34.95
331.38,35.01,21.13,22.49,21.05,97.51,56.35,48.52,34.95
331.39,35.08,21.16,22.49,21.05,97.51,56.50,48.52,34.95
331.40,35.01,21.16,22.52,21.05,97.51,56.35,48.52,34.95
331.41,35.01,21.10,22.49,21.05,97.51,56.35,48.52,34.95
331.42,35.01,21.10,22.49,21.05,97.51,56.35,48.41,34.95
331.43,35.01,21.13,22.49,21.05,97.88,56.35,48.52,34.95
331.44,35.01,21.16,22.52,21.05,97.51,56.35,48.52,34.95
331.45,35.08,21.13,22.49,21.05,97.51,56.35,48.52,34.95
331.46,35.01,21.13,22.49,21.05,97.51,56.35,48.52,34.95
331.47,34.95,21.13,22.49,21.05,97.51,56.35,48.52,34.95
331.48,35.08,21.13,22.49,21.05,97.51,56.35,48.52,34.95
331.49,35.01,21.16,22.52,21.05,97.51,56.50,48.41,34.95
331.50,35.08,21.13,22.49,21.05,97.51,56.35,48.52,34.95
331.51,34.95,21.13,22.49,21.05,97.51,56.35,48.52,34.95
331.52,35.01,21.13,22.49,21.05,97.51,56.35,48.52,34.95
331.53,35.01,21.16,22.49,21.05,97.88,56.35,48.52,34.95
331.54,35.01,21.16,22.49,21.05,97.51,56.35,48.52,34.95
331.55,35.08,21.16,22.49,21.05,97.88,56.35,48.52,34.95
331.56,34.95,21.13,22.49,21.05,97.51,56.35,48.52,34.95
331.57,35.08,21.13,22.49,21.05,97.88,56.35,48.52,34.95
331.58,35.08,21.13,22.49,21.05,97.51,56.35,48.52,34.95
331.59,35.01,21.16,22.52,21.05,97.88,56.35,48.62,34.95
331.60,35.01,21.16,22.49,21.05,97.88,56.35,48.52,34.95
331.61,35.01,21.13,22.49,21.05,97.51,56.35,48.52,34.95
331.62,34.95,21.13,22.49,21.05,97.51,56.21,48.52,34.88
331.63,35.08,21.16,22.52,21.05,97.88,56.35,48.52,34.95
331.64,35.08,21.16,22.52,21.05,97.51,56.21,48.52,34.95
331.65,35.01,21.13,22.49,21.05,97.51,56.50,48.52,34.95
331.66,34.95,21.13,22.49,21.05,97.51,56.21,48.52,34.95
331.67,34.95,21.13,22.49,21.05,97.51,56.35,48.52,34.95
331.68,35.01,21.13,22.49,21.05,97.88,56.50,48.52,35.01
331.69,35.01,21.16,22.49,21.05,97.51,56.35,48.41,34.95
331.70,35.08,21.16,22.49,21.05,97.51,56.35,48.52,35.08
331.71,34.95,21.13,22.49,21.05,97.51,56.21,48.52,34.88
331.72,35.01,21.13,22.49,21.05,97.51,56.35,48.41,34.95
331.73,35.01,21.16,22.49,21.05,97.51,56.35,48.52,34.95
331.74,35.08,21.16,22.52,21.05,97.51,56.35,48.52,34.95
331.75,35.01,21.13,22.52,21.05,97.51,56.35,48.52,34.95
331.76,34.95,21.13,22.49,21.05,97.51,56.35,48.52,34.95
331.77,34.95,21.13,22.49,21.05,97.88,56.35,48.52,34.95
331.78,35.15,21.13,22.49,21.05,97.88,56.35,48.52,34.95
331.79,35.08,21.16,22.52,21.05,97.51,56.35,48.52,34.95
331.80,35.08,21.16,22.52,21.05,97.51,56.35,48.52,34.95
331.81,35.08,21.13,22.49,21.05,97.51,56.35,48.41,35.01
331.82,35.01,21.13,22.49,21.05,97.51,56.35,48.41,34.95
331.83,35.08,21.13,22.49,21.05,97.51,56.35,48.52,34.95
331.84,35.01,21.13,22.52,21.05,97.51,56.35,48.52,34.95
331.85,35.01,21.13,22.52,21.05,97.51,56.35,48.52,34.95
331.86,35.01,21.13,22.49,21.05,97.51,56.35,48.41,34.95
331.87,35.01,21.13,22.49,21.05,97.51,56.35,48.52,34.95
331.88,35.01,21.13,22.49,21.05,97.51,56.35,48.52,34.95
331.89,35.01,21.13,22.52,21.05,97.51,56.35,48.52,34.95
331.90,35.01,21.13,22.49,21.05,97.51,56.35,48.41,34.95
331.91,34.95,21.13,22.49,21.05,97.14,56.21,48.52,34.95
331.92,35.01,21.13,22.49,21.05,97.88,56.35,48.52,34.95
331.93,35.01,21.13,22.49,21.05,97.51,56.35,48.41,34.95
331.94,35.08,21.16,22.52,21.08,97.88,56.35,48.52,34.95
331.95,35.01,21.16,22.52,21.05,97.88,56.35,48.62,35.01
331.96,35.01,21.13,22.49,21.02,97.51,56.35,48.41,34.95
331.97,35.01,21.13,22.49,21.05,97.51,56.35,48.52,34.95
331.98,35.01,21.16,22.49,21.05,97.51,56.50,48.52,34.95
331.99,35.01,21.16,22.49,21.05,97.88,56.35,48.52,34.95
332.00,35.01,21.13,22.49,21.05,97.51,56.35,48.52,34.95
332.01,35.01,21.13,22.49,21.05,97.51,56.35,48.52,34.95
332.02,34.95,21.13,22.49,21.05,97.51,56.35,48.52,35.01
332.03,35.08,21.13,22.49,21.05,97.51,56.35,48.52,35.01
332.04,35.08,21.16,22.52,21.05,97.88,56.50,48.52,35.01
332.05,35.08,21.13,22.49,21.05,97.88,56.35,48.52,34.95
332.06,35.08,21.13,22.49,21.05,97.51,56.35,48.52,34.95
332.07,35.08,21.13,22.49,21.05,97.51,56.35,48.52,35.01
332.08,35.01,21.13,22.49,21.05,97.51,56.35,48.52,35.01
332.09,35.08,21.16,22.52,21.05,97.88,56.35,48.52,34.95
332.10,35.08,21.16,22.49,21.05,97.51,56.35,48.52,35.01
332.11,34.95,21.13,22.49,21.05,97.51,56.35,48.52,34.95
332.12,35.01,21.13,22.49,21.05,97.88,56.35,48.52,34.95
332.13,35.01,21.13,22.49,21.05,97.51,56.35,48.52,35.01
332.14,35.08,21.16,22.52,21.05,97.88,56.35,48.52,35.01
332.15,35.01,21.16,22.49,21.05,97.88,56.35,48.52,34.95
332.16,35.01,21.13,22.49,21.05,97.51,56.35,48.41,34.95
332.17,35.01,21.13,22.49,21.05,97.51,56.35,48.41,34.95
332.18,35.08,21.16,22.49,21.05,97.51,56.35,48.52,34.95
332.19,35.08,21.16,22.52,21.05,97.88,56.35,48.52,35.01
332.20,35.08,21.16,22.49,21.05,97.51,56.35,48.52,34.95
332.21,35.01,21.10,22.49,21.05,97.51,56.35,48.52,34.95
332.22,35.01,21.13,22.49,21.05,97.51,56.35,48.52,35.01
332.23,35.08,21.13,22.49,21.05,97.88,56.35,48.52,35.01
332.24,35.08,21.16,22.52,21.05,97.51,56.35,48.41,34.95
332.25,35.08,21.13,22.49,21.05,97.88,56.21,48.52,34.95
332.26,35.08,21.13,22.49,21.05,97.51,56.35,48.52,34.95
332.27,35.01,21.13,22.49,21.05,97.51,56.35,48.52,34.95
332.28,35.01,21.13,22.49,21.05,97.88,56.50,48.52,34.95
332.29,35.08,21.16,22.52,21.05,97.88,56.35,48.52,35.01
332.30,35.08,21.16,22.49,21.05,97.51,56.35,48.52,34.95
332.31,35.08,21.13,22.52,21.05,97.51,56.35,48.52,35.01
332.32,35.01,21.16,22.49,21.05,97.88,56.21,48.52,35.01
332.33,35.08,21.13,22.49,21.05,97.88,56.35,48.41,34.95
332.34,35.08,21.16,22.49,21.05,97.51,56.50,48.52,35.01
332.35,35.08,21.13,22.49,21.05,97.51,56.35,48.52,34.95
332.36,35.08,21.13,22.49,21.05,97.51,56.35,48.52,34.95
332.71,35.01,21.16,22.49,21.08,97.51,56.35,48.62,34.95
332.72,35.01,21.16,22.52,21.05,97.88,56.35,48.52,35.01
332.73,35.01,21.16,22.49,21.05,97.51,56.35,48.52,34.95
332.74,35.08,21.16,22.49,21.05,97.51,56.35,48.52,35.01
332.75,35.08,21.13,22.49,21.05,97.51,56.35,48.52,34.95
332.76,35.01,21.13,22.49,21.05,97.88,56.35,48.52,35.01
332.78,35.01,21.13,22.49,21.05,97.51,56.35,48.52,35.01
332.79,35.01,21.16,22.52,21.05,97.51,56.35,48.52,34.95
332.80,35.01,21.19,22.49,21.05,97.51,56.35,48.52,34.95
332.81,35.01,21.13,22.49,21.05,97.51,56.35,48.52,35.01
332.82,35.08,21.16,22.49,21.05,97.51,56.35,48.52,34.95
332.83,35.01,21.16,22.49,21.05,97.51,56.35,48.52,35.01
332.84,35.08,21.16,22.52,21.02,97.88,56.35,48.52,35.01
332.85,35.08,21.16,22.52,21.05,97.51,56.35,48.52,35.01
332.86,35.01,21.13,22.49,21.05,97.51,56.35,48.52,34.95
332.87,35.01,21.13,22.49,21.05,97.51,56.35,48.52,34.95
332.88,35.01,21.13,22.49,21.05,97.51,56.35,48.52,34.95
332.89,35.08,21.16,22.49,21.05,97.51,56.50,48.52,35.01
332.90,35.01,21.16,22.49,21.05,97.51,56.35,48.52,34.95
332.91,35.08,21.13,22.49,21.05,97.51,56.21,48.52,34.95
332.92,35.08,21.13,22.49,21.05,97.51,56.21,48.52,35.01
332.93,35.01,21.16,22.52,21.05,97.51,56.35,48.52,35.01
332.94,35.01,21.16,22.52,21.05,97.51,56.35,48.52,34.95
332.95,35.08,21.16,22.52,21.05,97.51,56.35,48.52,35.01
332.96,35.01,21.13,22.49,21.05,97.51,56.35,48.52,34.95
332.97,35.01,21.16,22.49,21.05,97.51,56.35,48.52,35.01
332.98,35.01,21.16,22.49,21.05,97.51,56.35,48.62,35.01
332.99,35.01,21.16,22.52,21.05,97.88,56.50,48.52,34.95
333.00,35.08,21.16,22.49,21.05,97.51,56.50,48.52,35.01
333.01,34.95,21.13,22.49,21.05,97.51,56.35,48.52,35.01
333.02,34.95,21.13,22.49,21.05,97.51,56.35,48.52,35.01
333.03,35.08,21.16,22.52,21.05,97.88,56.35,48.52,34.95
333.04,35.15,21.16,22.52,21.05,97.51,56.35,48.52,35.01
333.05,35.01,21.13,22.49,21.05,97.51,56.35,48.52,34.95
333.06,35.01,21.13,22.49,21.05,97.51,56.35,48.52,34.95
333.07,35.01,21.13,22.52,21.05,97.51,56.35,48.52,34.95
333.08,35.08,21.16,22.52,21.05,97.51,56.35,48.52,35.01
333.09,35.08,21.16,22.49,21.05,97.51,56.35,48.52,35.01
333.10,35.01,21.16,22.52,21.05,97.88,56.35,48.52,35.01
333.11,35.08,21.16,22.49,21.05,97.51,56.35,48.52,35.01
333.12,35.01,21.13,22.49,21.05,97.51,56.35,48.52,35.01
333.13,35.01,21.16,22.49,21.05,97.51,56.35,48.52,35.01
333.14,35.01,21.16,22.52,21.05,97.88,56.35,48.52,35.01
333.15,35.01,21.16,22.49,21.05,97.51,56.35,48.52,34.95
333.16,34.95,21.13,22.49,21.05,97.51,56.35,48.52,35.01
333.17,34.95,21.16,22.49,21.05,97.51,56.35,48.52,34.95
333.18,35.01,21.13,22.49,21.05,97.51,56.35,48.52,35.01
333.19,35.08,21.19,22.52,21.05,97.51,56.35,48.52,35.01
333.20,35.01,21.13,22.49,21.05,97.51,56.35,48.52,35.01
333.21,35.01,21.13,22.49,21.05,97.51,56.35,48.52,35.01
333.22,34.95,21.13,22.49,21.05,97.51,56.35,48.52,34.95
333.23,35.01,21.13,22.49,21.05,97.51,56.50,48.52,35.01
333.24,35.01,21.13,22.49,21.05,97.51,56.35,48.52,35.01
333.25,35.01,21.16,22.49,21.05,97.51,56.35,48.52,35.01
333.26,34.95,21.13,22.49,21.05,97.51,56.21,48.52,34.95
333.27,34.95,21.13,22.49,21.05,97.51,56.50,48.52,35.01
333.28,35.08,21.16,22.49,21.05,97.51,56.35,48.52,34.95
333.29,35.01,21.16,22.49,21.05,97.51,56.35,48.62,35.01
333.30,35.08,21.13,22.49,21.05,97.51,56.35,48.52,35.08
333.31,35.01,21.13,22.49,21.05,97.51,56.35,48.52,34.88
333.32,34.95,21.16,22.49,21.08,97.51,56.35,48.41,35.01
333.33,35.08,21.13,22.49,21.05,97.88,56.35,48.52,35.01
333.34,35.01,21.16,22.52,21.05,97.51,56.35,48.52,35.01
333.35,35.08,21.13,22.49,21.05,97.51,56.35,48.52,35.01
333.36,35.01,21.16,22.49,21.05,97.51,56.35,48.52,35.01
333.37,35.01,21.13,22.49,21.05,97.51,56.21,48.52,35.01
333.38,35.08,21.13,22.52,21.05,97.51,56.35,48.52,35.01
333.39,35.01,21.16,22.52,21.05,97.88,56.35,48.52,34.95
333.40,35.08,21.16,22.49,21.05,97.51,56.35,48.52,35.01
333.41,35.01,21.13,22.49,21.05,97.51,56.35,48.52,35.01
333.42,35.01,21.13,22.49,21.05,97.51,56.35,48.52,34.95
333.43,35.15,21.16,22.49,21.05,97.51,56.35,48.52,35.01
333.44,34.95,21.16,22.52,21.05,97.51,56.35,48.52,35.01
333.45,35.08,21.16,22.49,21.05,97.51,56.35,48.52,35.01
333.46,35.01,21.13,22.49,21.05,97.51,56.35,48.52,35.01
333.47,35.01,21.13,22.49,21.05,97.51,56.35,48.52,35.01
333.48,35.01,21.13,22.49,21.05,97.88,56.35,48.52,35.01
333.49,35.08,21.16,22.49,21.05,97.51,56.35,48.52,35.01
333.50,35.01,21.16,22.49,21.05,97.88,56.21,48.52,35.01
333.51,35.01,21.10,22.49,21.05,97.51,56.35,48.52,35.01
333.52,34.95,21.13,22.49,21.05,97.88,56.35,48.52,35.01
333.53,35.01,21.16,22.49,21.05,97.14,56.35,48.41,35.01
333.54,35.01,21.16,22.49,21.05,97.88,56.35,48.52,35.01
333.55,35.08,21.13,22.52,21.05,97.51,56.35,48.52,35.01
333.56,35.01,21.13,22.49,21.05,97.51,56.35,48.52,35.01
333.57,35.01,21.13,22.49,21.05,97.51,56.35,48.52,35.01
333.58,34.95,21.13,22.52,21.05,97.51,56.35,48.52,35.01
333.59,35.08,21.16,22.49,21.05,97.88,56.35,48.52,35.01
333.60,35.08,21.16,22.49,21.05,97.51,56.35,48.52,35.01
333.61,35.01,21.13,22.49,21.05,97.51,56.35,48.52,35.01
333.62,35.01,21.13,22.49,21.05,97.51,56.35,48.52,35.01
333.63,35.01,21.13,22.49,21.05,97.51,56.35,48.52,35.01
333.64,35.01,21.16,22.49,21.05,97.88,56.35,48.52,35.01
333.65,35.01,21.16,22.49,21.05,97.51,56.35,48.52,35.01
333.66,35.01,21.13,22.49,21.05,97.51,56.35,48.52,35.01
333.67,35.01,21.13,22.49,21.05,97.51,56.35,48.52,35.01
333.68,35.01,21.16,22.49,21.05,97.51,56.35,48.52,35.01
333.69,35.08,21.16,22.49,21.05,97.51,56.35,48.52,35.01
333.70,34.95,21.13,22.52,21.05,97.51,56.35,48.52,34.95
333.71,34.95,21.13,22.49,21.05,97.51,56.35,48.52,35.01
333.72,35.01,21.13,22.49,21.05,97.51,56.35,48.52,34.95
333.73,35.01,21.13,22.49,21.05,97.51,56.35,48.52,35.01
333.74,35.01,21.16,22.49,21.05,97.51,56.35,48.52,35.01
333.75,35.01,21.13,22.49,21.05,97.51,56.35,48.52,35.01
333.76,35.01,21.13,22.49,21.05,97.51,56.21,48.41,35.01
333.77,35.08,21.13,22.49,21.05,97.51,56.35,48.41,35.01
333.78,35.08,21.13,22.49,21.05,97.51,56.35,48.52,35.01
333.79,35.08,21.16,22.49,21.05,97.51,56.35,48.52,35.01
333.80,35.01,21.16,22.49,21.05,97.51,56.35,48.52,35.01
333.81,34.95,21.13,22.49,21.05,97.51,56.35,48.52,35.01
333.82,35.08,21.13,22.49,21.05,97.51,56.35,48.41,35.01
333.83,35.01,21.16,22.49,21.05,97.51,56.35,48.41,35.01
333.84,35.08,21.16,22.49,21.05,97.51,56.35,48.52,35.01
333.85,35.01,21.13,22.49,21.05,97.51,56.21,48.52,35.01
333.86,34.95,21.13,22.49,21.05,97.51,56.35,48.41,34.95
333.87,35.01,21.13,22.49,21.02,97.51,56.35,48.41,35.01
333.88,35.01,21.13,22.49,21.05,97.51,56.35,48.41,35.01
333.89,35.01,21.16,22.49,21.05,97.51,56.35,48.52,35.01
333.90,35.08,21.13,22.49,21.05,97.51,56.35,48.52,35.01
333.91,34.95,21.13,22.49,21.02,97.51,56.35,48.41,35.01
333.92,34.95,21.13,22.46,21.05,97.51,56.35,48.52,35.01
333.93,34.95,21.13,22.49,21.05,97.51,56.35,48.52,35.01
333.94,35.01,21.16,22.49,21.05,97.51,56.35,48.52,35.01
333.95,34.95,21.13,22.49,21.05,97.51,56.35,48.52,35.01
333.96,35.01,21.13,22.46,21.02,97.51,56.35,48.41,35.01
333.97,35.01,21.13,22.46,21.05,97.51,56.35,48.52,35.01
333.98,35.01,21.13,22.49,21.05,97.51,56.35,48.52,35.01
333.99,34.95,21.13,22.49,21.05,97.51,56.35,48.52,35.01
334.00,34.95,21.13,22.49,21.05,97.51,56.35,48.52,35.01
334.01,34.95,21.13,22.46,21.05,97.51,56.35,48.52,35.01
334.02,34.95,21.13,22.49,21.02,97.51,56.35,48.41,35.01
334.03,34.95,21.16,22.49,21.05,97.51,56.35,48.52,35.01
334.04,34.95,21.13,22.49,21.05,97.51,56.35,48.52,35.01
334.05,35.01,21.13,22.49,21.05,97.51,56.35,48.52,35.01
334.06,34.95,21.13,22.46,21.05,97.51,56.21,48.41,35.01
334.07,34.95,21.13,22.49,21.02,97.51,56.35,48.52,35.01
334.08,34.95,21.13,22.49,21.05,97.51,56.35,48.41,34.95
334.09,35.01,21.16,22.49,21.05,97.51,56.35,48.41,35.01
334.10,35.01,21.13,22.46,21.05,97.51,56.35,48.41,34.95
334.11,35.01,21.13,22.46,21.05,97.51,56.35,48.52,35.01
334.12,35.01,21.13,22.49,21.05,97.51,56.35,48.41,35.01
334.13,34.95,21.13,22.49,21.05,97.51,56.35,48.52,35.01
334.14,35.01,21.16,22.49,21.05,97.51,56.21,48.52,35.01
334.15,35.01,21.13,22.49,21.05,97.51,56.35,48.52,35.01
334.16,35.01,21.13,22.46,21.05,97.51,56.35,48.41,35.01
334.17,35.01,21.13,22.46,21.05,97.51,56.21,48.62,35.01
334.18,35.01,21.13,22.49,21.05,97.51,56.35,48.41,35.01
334.19,34.95,21.16,22.49,21.05,97.51,56.35,48.52,35.01
334.20,34.95,21.13,22.49,21.05,97.51,56.35,48.41,35.01
334.21,34.95,21.13,22.46,21.05,97.51,56.35,48.41,35.01
334.22,34.95,21.13,22.46,21.05,97.51,56.50,48.41,35.01
334.23,34.95,21.13,22.46,21.05,97.51,56.35,48.41,35.01
334.24,35.01,21.13,22.46,21.05,97.51,56.35,48.52,35.01
334.25,34.95,21.13,22.49,21.05,97.51,56.35,48.41,35.01
334.26,34.95,21.13,22.46,21.05,97.14,56.35,48.41,35.01
334.27,34.95,21.13,22.46,21.05,97.51,56.35,48.41,35.01
334.28,35.01,21.13,22.49,21.05,97.51,56.35,48.41,35.01
334.29,35.01,21.13,22.49,21.05,97.51,56.35,48.52,35.01
334.30,35.01,21.13,22.46,21.05,97.51,56.21,48.52,35.01
334.31,35.01,21.13,22.49,21.05,97.51,56.35,48.52,35.01
334.32,34.95,21.13,22.46,21.05,97.51,56.21,48.41,35.01
334.33,34.95,21.13,22.46,21.05,97.51,56.35,48.41,35.01
334.34,35.01,21.13,22.49,21.05,97.51,56.35,48.52,35.01
334.35,34.95,21.13,22.46,21.05,97.51,56.35,48.41,35.01
334.36,34.95,21.13,22.46,21.05,97.51,56.21,48.41,35.01
334.37,34.95,21.10,22.46,21.05,97.51,56.21,48.52,35.01
334.38,34.95,21.13,22.49,21.05,97.51,56.35,48.52,35.01
334.39,34.95,21.13,22.49,21.05,97.51,56.35,48.52,35.01
334.40,34.95,21.16,22.46,21.05,97.51,56.35,48.41,35.01
334.41,34.95,21.10,22.46,21.05,97.51,56.35,48.41,35.01
334.42,34.95,21.13,22.46,21.05,97.51,56.21,48.41,34.88
334.43,35.01,21.13,22.46,21.05,97.51,56.35,48.52,35.01
334.44,34.95,21.13,22.49,21.05,97.51,56.35,48.52,35.01
334.45,35.01,21.13,22.46,21.08,97.51,56.35,48.52,35.01
334.46,34.95,21.13,22.46,21.05,97.51,56.21,48.41,35.01
334.47,35.01,21.13,22.46,21.05,97.51,56.35,48.41,35.01
334.48,34.95,21.13,22.49,21.08,97.51,56.35,48.41,35.01
334.49,35.01,21.13,22.49,21.05,97.51,56.35,48.52,35.01
334.50,34.95,21.13,22.46,21.05,97.51,56.35,48.41,35.01
334.51,34.95,21.10,22.46,21.05,97.51,56.21,48.41,35.01
334.52,35.01,21.13,22.46,21.05,97.51,56.21,48.41,35.01
334.53,35.01,21.13,22.49,21.08,97.51,56.21,48.41,35.01
334.54,34.95,21.13,22.46,21.05,97.51,56.35,48.52,34.95
334.55,35.01,21.13,22.46,21.05,97.51,56.35,48.41,35.15
334.56,35.01,21.10,22.46,21.05,97.51,56.35,48.41,34.95
334.57,34.88,21.13,22.46,21.05,97.51,56.35,48.52,35.01
334.58,35.01,21.10,22.46,21.05,97.51,56.35,48.52,35.01
334.59,34.95,21.16,22.49,21.05,97.51,56.35,48.41,35.01
334.60,35.01,21.13,22.46,21.05,97.14,56.35,48.52,35.01
334.61,35.01,21.10,22.46,21.05,97.51,56.35,48.52,35.01
334.62,34.88,21.13,22.46,21.05,97.51,56.35,48.41,35.01
334.63,35.08,21.13,22.49,21.05,97.51,56.35,48.52,35.01
334.64,34.88,21.13,22.46,21.05,97.51,56.35,48.52,35.01
334.65,34.95,21.13,22.46,21.05,97.51,56.35,48.52,35.01
334.66,34.95,21.13,22.46,21.05,97.51,56.21,48.41,35.01
334.67,34.95,21.13,22.46,21.05,97.51,56.35,48.41,35.01
334.68,34.95,21.13,22.49,21.05,97.51,56.21,48.52,35.01
334.69,34.95,21.13,22.46,21.05,97.51,56.35,48.41,35.08
334.70,34.95,21.13,22.49,21.05,97.51,56.35,48.41,35.08
334.71,35.01,21.10,22.46,21.05,97.51,56.35,48.41,35.01
334.72,34.95,21.10,22.46,21.05,97.51,56.35,48.41,35.01
334.73,34.95,21.13,22.46,21.05,97.51,56.21,48.52,35.01
334.74,34.95,21.13,22.46,21.05,97.51,56.35,48.52,35.01
334.75,35.01,21.13,22.46,21.05,97.51,56.21,48.41,35.08
334.76,34.88,21.10,22.46,21.05,97.14,56.21,48.41,35.01
334.77,34.95,21.13,22.46,21.05,97.51,56.35,48.41,35.01
334.78,35.01,21.13,22.46,21.05,97.51,56.35,48.52,35.01
334.79,35.01,21.13,22.49,21.05,97.51,56.35,48.41,35.08
334.80,34.95,21.13,22.46,21.05,97.51,56.35,48.62,35.01
334.81,34.95,21.13,22.46,21.05,97.51,56.35,48.30,35.08
334.82,35.01,21.13,22.46,21.05,97.51,56.35,48.52,35.01
334.83,34.95,21.13,22.49,21.05,97.51,56.35,48.52,35.01
334.84,35.01,21.16,22.46,21.05,97.51,56.35,48.41,35.01
334.85,34.95,21.13,22.46,21.05,97.51,56.21,48.52,35.01
334.86,34.95,21.13,22.46,21.02,97.51,56.21,48.41,35.01
334.87,35.01,21.13,22.46,21.05,97.51,56.35,48.41,35.01
334.88,34.95,21.13,22.49,21.05,97.51,56.35,48.41,35.01
334.89,34.95,21.13,22.49,21.05,97.51,56.35,48.52,35.01
334.90,34.95,21.13,22.49,21.05,97.51,56.35,48.41,35.01
334.91,34.95,21.13,22.46,21.05,97.14,56.35,48.41,35.01
334.92,34.95,21.13,22.46,21.05,97.51,56.35,48.52,35.01
334.93,35.01,21.13,22.49,21.05,97.51,56.35,48.52,35.01
334.94,34.95,21.13,22.49,21.05,97.51,56.35,48.52,35.01
334.95,34.95,21.13,22.46,21.05,97.51,56.35,48.41,35.08
334.96,34.88,21.13,22.42,21.05,97.51,56.35,48.41,35.01
334.97,34.95,21.13,22.46,21.05,97.88,56.35,48.41,35.01
334.98,34.95,21.13,22.46,21.05,97.51,56.35,48.41,35.01
334.99,34.95,21.13,22.46,21.05,97.51,56.35,48.52,35.01
335.00,34.95,21.13,22.46,21.05,97.51,56.35,48.52,35.01
335.01,35.01,21.10,22.46,21.05,97.51,56.35,48.30,35.01
335.02,34.95,21.13,22.46,21.05,97.51,56.21,48.41,35.08
335.03,34.95,21.10,22.49,21.05,97.51,56.35,48.41,35.08
335.04,34.95,21.13,22.49,21.05,97.51,56.35,48.41,35.08
335.05,35.01,21.13,22.46,21.05,97.51,56.35,48.52,35.01
335.06,34.95,21.13,22.46,21.05,97.14,56.35,48.41,35.01
335.07,34.95,21.10,22.46,21.05,97.51,56.21,48.52,35.01
335.08,35.01,21.13,22.46,21.05,97.51,56.35,48.52,35.08
335.09,34.95,21.13,22.46,21.05,97.14,56.35,48.52,35.01
335.10,34.95,21.10,22.46,21.05,97.51,56.35,48.52,35.01
335.11,34.95,21.10,22.46,21.05,97.51,56.35,48.41,35.08
335.12,34.95,21.10,22.46,21.05,97.51,56.35,48.41,35.08
335.13,35.01,21.13,22.46,21.05,97.51,56.35,48.41,35.08
335.14,34.95,21.13,22.46,21.05,97.51,56.35,48.41,35.08
335.15,34.95,21.13,22.46,21.05,97.51,56.35,48.52,35.01
335.16,34.95,21.10,22.42,21.05,97.51,56.35,48.41,35.01
335.17,34.95,21.13,22.46,21.05,97.51,56.21,48.41,35.01
335.18,35.01,21.13,22.46,21.05,97.51,56.35,48.41,35.08
335.19,35.01,21.13,22.49,21.05,97.51,56.21,48.52,35.01
335.20,34.95,21.13,22.46,21.05,97.51,56.21,48.52,35.01
335.21,35.01,21.13,22.42,21.05,97.51,56.21,48.41,34.95
335.22,34.88,21.13,22.46,21.05,97.14,56.21,48.41,35.01
335.23,34.95,21.13,22.46,21.05,97.51,56.35,48.41,35.01
335.24,34.95,21.10,22.46,21.05,97.51,56.21,48.41,35.01
335.25,34.88,21.10,22.46,21.05,97.51,56.21,48.41,35.08
335.26,34.95,21.10,22.46,21.05,97.51,56.21,48.41,35.01
335.27,34.95,21.10,22.46,21.05,97.14,56.35,48.41,35.01
335.28,34.95,21.13,22.46,21.05,97.51,56.35,48.41,35.01
335.29,35.01,21.13,22.46,21.05,97.51,56.35,48.41,35.08
335.30,34.95,21.10,22.46,21.05,97.51,56.35,48.41,35.01
335.31,34.88,21.13,22.42,21.05,97.14,56.35,48.41,35.01
335.32,34.88,21.10,22.46,21.05,97.14,56.21,48.41,35.01
335.33,34.88,21.10,22.46,21.02,97.51,56.35,48.41,35.01
335.34,34.95,21.13,22.46,21.05,97.51,56.35,48.41,35.01
335.35,35.01,21.10,22.46,21.05,97.51,56.21,48.41,35.01
335.36,34.95,21.10,22.42,21.05,97.14,56.35,48.41,35.01
335.37,34.88,21.10,22.46,21.05,97.51,56.21,48.41,35.01
335.38,34.95,21.13,22.46,21.05,97.51,56.21,48.41,35.01
335.39,34.95,21.10,22.46,21.05,97.51,56.21,48.41,35.08
335.40,34.95,21.10,22.42,21.05,97.14,56.21,48.41,35.08
335.41,34.88,21.10,22.46,21.05,97.14,56.21,48.41,35.08
335.42,34.88,21.10,22.46,21.05,97.14,56.35,48.41,35.01
335.43,34.88,21.13,22.46,21.05,97.51,56.35,48.41,35.08
335.44,35.01,21.13,22.46,21.05,97.51,56.35,48.41,35.01
335.45,34.82,21.13,22.46,21.05,97.14,56.35,48.41,35.08
335.46,34.88,21.10,22.46,21.05,97.14,56.21,48.41,35.01
335.47,34.88,21.10,22.42,21.05,97.51,56.21,48.41,35.01
335.48,34.95,21.10,22.46,21.05,97.14,56.21,48.41,35.08
335.49,35.01,21.13,22.46,21.05,97.51,56.35,48.41,35.08
335.50,34.88,21.10,22.42,21.05,97.51,56.21,48.41,35.01
335.51,34.88,21.10,22.46,21.05,97.14,56.21,48.30,35.08
335.52,34.88,21.10,22.42,21.05,97.51,56.35,48.41,35.08
335.53,34.88,21.10,22.42,21.05,97.51,56.21,48.41,35.01
335.54,34.95,21.13,22.46,21.05,97.51,56.21,48.41,35.08
335.55,34.88,21.10,22.46,21.05,97.51,56.21,48.41,35.01
335.56,34.88,21.10,22.42,21.05,97.14,56.21,48.41,35.01
335.57,34.88,21.07,22.42,21.05,97.14,56.21,48.41,35.08
335.58,34.88,21.10,22.46,21.05,97.51,56.21,48.41,35.08
335.59,34.88,21.13,22.46,21.05,97.14,56.35,48.41,35.01
335.60,34.88,21.10,22.42,21.05,97.51,56.35,48.41,35.01
335.61,34.88,21.10,22.42,21.05,97.51,56.21,48.41,35.08
335.62,34.88,21.10,22.42,21.05,97.51,56.21,48.41,35.08
335.63,34.88,21.10,22.42,21.05,97.51,56.21,48.41,35.01
335.64,34.95,21.10,22.46,21.05,97.14,56.21,48.41,35.01
335.65,34.95,21.10,22.42,21.05,97.14,56.21,48.41,35.01
335.66,34.88,21.07,22.42,21.02,97.51,56.21,48.41,35.08
335.67,34.95,21.13,22.42,21.05,97.14,56.35,48.41,35.01
335.68,34.88,21.10,22.42,21.05,97.51,56.35,48.41,35.08
335.69,34.88,21.13,22.46,21.05,97.51,56.21,48.41,35.08
335.70,34.95,21.13,22.42,21.05,97.14,56.21,48.41,35.08
335.71,34.88,21.10,22.42,21.05,97.14,56.35,48.41,35.01
335.72,34.88,21.10,22.42,21.05,97.51,56.21,48.41,35.01
335.73,34.88,21.10,22.42,21.05,97.51,56.35,48.41,35.08
335.74,34.88,21.13,22.46,21.05,97.51,56.21,48.41,35.08
335.75,34.88,21.10,22.42,21.05,97.14,56.21,48.41,35.08
335.76,34.88,21.10,22.42,21.05,97.51,56.07,48.41,35.01
335.77,34.95,21.10,22.42,21.05,97.14,56.35,48.41,35.08
335.78,34.95,21.13,22.42,21.05,97.51,56.07,48.52,35.08
335.79,34.88,21.07,22.46,21.05,97.51,56.35,48.41,35.01
335.80,34.95,21.10,22.42,21.05,97.14,56.21,48.41,35.08
335.81,34.88,21.10,22.42,21.05,97.14,56.21,48.41,35.01
335.82,34.88,21.10,22.42,21.05,97.14,56.21,48.41,35.08
335.83,34.95,21.10,22.42,21.05,97.51,56.21,48.41,35.08
335.84,34.88,21.13,22.46,21.05,97.14,56.21,48.41,35.01
335.85,34.88,21.07,22.42,21.05,97.51,56.21,48.41,35.01
335.86,34.88,21.10,22.42,21.05,97.14,56.21,48.41,35.08
335.87,34.88,21.07,22.42,21.05,97.51,56.21,48.41,35.01
335.88,34.88,21.10,22.42,21.05,97.14,56.21,48.41,35.08
335.89,34.88,21.13,22.42,21.05,97.14,56.21,48.41,35.08
335.90,34.95,21.10,22.46,21.05,97.51,56.21,48.41,35.01
335.91,34.82,21.07,22.39,21.02,97.14,56.21,48.41,35.01
335.92,34.95,21.07,22.42,21.05,97.14,56.21,48.41,35.08
335.93,34.88,21.10,22.42,21.05,97.51,56.21,48.41,35.08
335.94,34.82,21.13,22.46,21.05,97.14,56.35,48.41,35.01
335.95,34.88,21.10,22.42,21.05,97.14,56.21,48.41,35.01
335.96,34.95,21.07,22.39,21.05,97.14,56.21,48.30,35.01
335.97,34.88,21.07,22.42,21.05,97.14,56.21,48.41,35.08
335.98,34.95,21.10,22.42,21.05,97.14,56.35,48.52,35.08
335.99,34.95,21.10,22.42,21.05,97.51,56.35,48.41,35.01
336.00,34.95,21.10,22.42,21.05,97.14,56.21,48.41,35.08
336.01,34.88,21.07,22.42,21.05,97.14,56.21,48.30,35.08
336.02,34.82,21.04,22.42,21.05,97.51,56.21,48.41,34.88
336.03,34.88,21.10,22.42,21.05,97.14,56.21,48.30,35.08
336.04,34.88,21.10,22.42,21.05,97.14,56.35,48.41,35.01
336.05,34.88,21.07,22.42,21.05,97.14,56.21,48.41,35.08
336.06,34.88,21.10,22.39,21.05,97.14,56.07,48.41,35.01
336.07,34.95,21.07,22.42,21.05,97.14,56.21,48.41,35.01
336.08,34.95,21.10,22.42,21.05,97.14,56.21,48.30,35.08
336.09,34.95,21.10,22.42,21.05,97.14,56.35,48.41,35.08
336.10,34.88,21.10,22.42,21.05,97.51,56.21,48.41,35.01
336.11,34.95,21.10,22.42,21.05,97.14,56.21,48.41,35.01
336.12,34.95,21.10,22.42,21.05,97.14,56.21,48.30,35.08
336.13,34.95,21.10,22.42,21.05,97.14,56.35,48.41,35.01
336.14,34.88,21.10,22.42,21.05,97.14,56.21,48.41,35.08
336.15,34.88,21.10,22.42,21.05,97.51,56.21,48.30,35.01
336.16,34.82,21.10,22.39,21.05,97.14,56.21,48.30,35.08
336.17,34.88,21.10,22.39,21.05,97.14,56.21,48.30,35.08
336.18,34.88,21.10,22.42,21.05,97.14,56.21,48.41,35.08
336.19,34.88,21.10,22.42,21.05,97.14,56.35,48.41,35.01
336.20,34.88,21.07,22.42,21.05,97.14,56.21,48.30,35.08
336.21,34.88,21.10,22.39,21.05,97.14,56.21,48.41,35.01
336.22,34.88,21.07,22.42,21.05,97.14,56.21,48.41,35.08
336.23,34.88,21.10,22.42,21.05,97.51,56.21,48.41,35.01
336.24,34.88,21.10,22.42,21.05,97.51,56.21,48.30,35.01
336.25,34.88,21.07,22.42,21.05,97.14,56.07,48.41,35.01
336.26,34.88,21.07,22.42,21.05,97.14,56.07,48.19,35.08
336.27,34.88,21.10,22.39,21.05,97.14,56.21,48.41,35.01
336.28,34.88,21.10,22.42,21.05,97.51,56.21,48.41,35.08
336.29,34.88,21.10,22.42,21.05,97.14,56.21,48.41,35.08
336.30,34.95,21.07,22.42,21.05,97.14,56.21,48.41,35.08
336.31,34.88,21.07,22.39,21.05,97.14,56.21,48.30,35.08
336.32,34.88,21.07,22.42,21.05,97.14,56.21,48.41,35.08
336.33,34.95,21.07,22.42,21.05,97.51,56.21,48.41,35.08
336.34,34.88,21.10,22.42,21.05,97.14,56.21,48.41,35.08
336.35,34.88,21.07,22.39,21.05,97.14,56.21,48.41,35.08
336.36,34.95,21.07,22.39,21.05,97.14,56.07,48.30,35.08
336.37,34.82,21.07,22.39,21.05,97.14,56.21,48.30,35.08
336.38,34.82,21.10,22.42,21.05,97.14,56.21,48.41,35.01
336.39,34.88,21.10,22.42,21.05,97.51,56.21,48.30,35.01
336.40,34.82,21.07,22.39,21.05,97.14,56.21,48.30,35.08
336.41,34.82,21.07,22.39,21.05,97.14,56.21,48.30,35.08
336.42,34.88,21.07,22.39,21.05,97.14,56.21,48.41,35.08
336.43,34.88,21.07,22.39,21.05,97.14,56.07,48.30,35.08
336.44,34.82,21.10,22.42,21.05,97.14,56.21,48.30,35.01
336.45,34.82,21.10,22.42,21.05,97.51,56.21,48.41,35.08
336.46,34.82,21.07,22.39,21.05,97.14,56.21,48.30,35.01
336.47,34.88,21.07,22.39,21.02,97.14,56.21,48.30,35.08
336.48,34.88,21.07,22.39,21.05,97.14,56.21,48.30,35.01
336.49,34.95,21.10,22.42,21.05,97.14,56.21,48.41,35.01
336.50,34.82,21.07,22.42,21.05,97.14,56.21,48.30,35.01
336.51,34.88,21.07,22.39,21.05,97.14,56.21,48.30,35.08
336.52,34.88,21.07,22.39,21.05,97.14,56.21,48.41,35.01
336.53,34.88,21.07,22.42,21.05,97.51,56.21,48.41,35.01
336.54,34.88,21.10,22.42,21.05,97.14,56.21,48.41,35.08
336.55,34.82,21.07,22.42,21.05,97.14,56.21,48.30,35.08
336.56,34.82,21.07,22.39,21.05,97.14,56.07,48.30,35.08
336.57,34.82,21.07,22.39,21.05,97.14,56.21,48.30,35.08
336.58,34.88,21.07,22.42,21.05,97.14,56.21,48.30,35.08
336.59,34.95,21.07,22.42,21.05,97.14,56.07,48.41,35.08
336.60,34.88,21.07,22.42,21.05,97.14,56.21,48.30,35.08
336.61,34.88,21.07,22.39,21.05,97.14,56.07,48.30,35.08
336.62,34.82,21.07,22.39,21.05,97.14,56.21,48.30,35.08
336.63,34.82,21.07,22.39,21.05,97.14,56.21,48.41,35.08
336.64,34.88,21.07,22.39,21.05,97.14,56.21,48.30,35.08
336.65,34.82,21.07,22.39,21.05,97.14,56.21,48.30,35.08
336.66,34.88,21.04,22.39,21.05,97.14,56.21,48.30,35.08
336.67,34.88,21.07,22.39,21.05,96.77,56.21,48.30,35.08
336.68,34.82,21.07,22.39,21.05,97.14,56.21,48.30,35.08
336.69,34.82,21.07,22.42,21.05,97.14,56.21,48.30,35.08
336.70,34.82,21.07,22.39,21.05,97.14,56.07,48.19,35.01
336.71,34.82,21.07,22.39,21.05,97.14,56.21,48.30,35.08
336.72,34.82,21.07,22.39,21.05,97.14,56.21,48.30,35.01
336.73,34.82,21.07,22.39,21.05,97.14,56.21,48.41,35.08
336.74,34.88,21.07,22.42,21.05,97.14,56.21,48.30,35.01
336.75,34.82,21.07,22.39,21.05,97.14,56.21,48.30,35.08
336.76,34.88,21.04,22.39,21.02,97.14,56.07,48.30,35.08
336.77,34.88,21.07,22.39,21.05,97.14,56.21,48.30,35.08
336.78,34.82,21.07,22.39,21.05,97.14,56.21,48.30,35.08
336.79,34.88,21.07,22.39,21.05,97.14,56.21,48.30,35.08
336.80,34.82,21.07,22.39,21.05,97.14,56.21,48.30,35.08
336.81,34.76,21.04,22.35,21.05,97.14,56.07,48.30,35.08
336.82,34.82,21.07,22.35,21.05,97.14,56.21,48.30,35.08
336.83,34.82,21.07,22.39,21.05,97.14,56.21,48.30,35.08
336.84,34.88,21.10,22.39,21.05,97.14,56.21,48.30,35.08
336.85,34.88,21.04,22.39,21.05,97.14,56.07,48.30,35.08
336.86,34.82,21.07,22.39,21.05,97.14,56.21,48.30,35.08
336.87,34.82,21.07,22.39,21.05,97.14,56.07,48.41,35.08
336.88,34.88,21.07,22.39,21.05,97.14,56.21,48.30,35.08
336.89,34.88,21.10,22.39,21.05,97.51,56.07,48.30,35.01
336.90,34.82,21.04,22.39,21.05,97.14,56.21,48.30,35.01
336.91,34.82,21.07,22.39,21.05,97.14,56.21,48.30,35.08
336.92,34.82,21.07,22.39,21.05,97.14,56.21,48.30,35.08
336.93,34.88,21.04,22.39,21.05,97.14,56.21,48.30,35.08
336.94,34.82,21.07,22.39,21.08,97.14,56.07,48.30,35.08
336.95,34.82,21.07,22.39,21.05,97.14,56.07,48.30,35.08
336.96,34.82,21.07,22.39,21.05,97.14,56.21,48.30,35.08
336.97,34.82,21.04,22.39,21.05,97.14,56.21,48.30,35.08
336.98,34.82,21.07,22.39,21.05,97.14,56.07,48.30,35.08
336.99,34.82,21.07,22.39,21.05,97.14,56.21,48.30,35.08
337.00,34.88,21.07,22.39,21.05,97.14,56.07,48.30,35.08
337.01,34.82,21.04,22.39,21.05,97.14,56.21,48.30,35.08
337.02,34.82,21.07,22.39,21.05,97.14,56.07,48.30,35.08
337.03,34.82,21.07,22.39,21.05,97.51,55.93,48.30,35.01
337.04,34.82,21.07,22.39,21.05,97.14,56.21,48.41,35.15
337.05,34.82,21.07,22.39,21.05,97.14,56.21,48.30,34.95
337.06,34.82,21.07,22.39,21.05,97.14,56.21,48.30,35.08
337.07,34.82,21.07,22.39,21.05,97.14,56.21,48.30,35.08
337.08,34.88,21.07,22.35,21.05,97.14,56.21,48.30,35.08
337.09,34.82,21.07,22.39,21.05,97.14,56.07,48.30,35.08
337.10,34.88,21.07,22.39,21.05,97.14,56.21,48.30,35.08
337.11,34.82,21.04,22.39,21.05,97.14,56.21,48.30,35.08
337.12,34.88,21.07,22.39,21.05,97.14,56.21,48.30,35.08
337.13,34.88,21.07,22.39,21.05,97.14,56.21,48.30,35.15
337.14,34.82,21.10,22.39,21.05,97.14,56.21,48.30,35.08
337.15,34.82,21.04,22.39,21.05,97.14,56.21,48.30,35.08
337.16,34.76,21.07,22.39,21.05,97.14,56.07,48.30,35.08
337.17,34.95,21.04,22.39,21.05,96.77,56.21,48.30,35.08
337.18,34.76,21.07,22.39,21.05,97.14,56.21,48.30,35.08
337.19,34.88,21.07,22.42,21.08,97.14,56.21,48.30,35.08
337.20,34.82,21.04,22.35,21.05,97.14,56.07,48.30,35.01
337.21,34.82,21.07,22.39,21.05,97.14,56.07,48.30,35.08
337.22,34.88,21.07,22.39,21.05,97.14,56.21,48.30,35.08
337.23,34.82,21.07,22.39,21.05,97.14,56.21,48.30,35.08
337.24,34.82,21.07,22.39,21.05,97.14,56.07,48.30,35.08
337.25,34.82,21.07,22.39,21.05,96.77,56.21,48.30,35.08
337.26,34.88,21.07,22.39,21.05,97.14,56.21,48.30,35.08
337.27,34.88,21.04,22.39,21.05,96.77,56.21,48.41,35.08
337.28,34.82,21.07,22.39,21.05,96.77,56.21,48.19,35.08
337.29,34.88,21.04,22.39,21.05,97.14,56.21,48.30,35.08
337.30,34.88,21.07,22.39,21.05,97.14,56.21,48.19,35.08
337.31,34.76,21.04,22.39,21.05,97.14,56.07,48.41,35.08
337.32,34.88,21.04,22.39,21.05,97.14,56.21,48.30,35.08
337.33,34.82,21.07,22.39,21.05,97.14,56.21,48.30,35.08
337.34,34.88,21.07,22.39,21.05,97.14,56.21,48.30,35.08
337.35,34.82,21.07,22.39,21.05,96.77,56.21,48.30,35.08
337.36,34.82,21.04,22.39,21.05,97.14,56.21,48.30,35.08
337.37,34.88,21.07,22.39,21.05,97.14,56.07,48.30,35.08
337.38,34.88,21.07,22.39,21.05,97.14,56.07,48.30,35.08
337.39,34.88,21.07,22.39,21.05,97.14,56.07,48.30,35.08
337.40,34.82,21.04,22.39,21.05,97.14,56.21,48.30,35.08
337.41,34.76,21.04,22.35,21.05,97.14,56.07,48.30,35.08
337.42,34.82,21.04,22.39,21.05,97.14,56.07,48.30,35.08
337.43,34.82,21.07,22.39,21.05,97.14,56.21,48.30,35.08
337.44,34.88,21.07,22.39,21.05,97.14,56.21,48.30,35.08
337.45,34.82,21.04,22.39,21.05,97.14,56.07,48.30,35.01
337.46,34.82,21.04,22.39,21.05,97.14,56.07,48.30,35.08
337.47,34.76,21.04,22.39,21.05,97.14,56.07,48.30,35.08
337.48,34.82,21.07,22.39,21.05,97.14,56.21,48.30,35.08
337.49,34.82,21.07,22.39,21.05,97.14,56.21,48.30,35.08
337.50,34.76,21.04,22.39,21.05,97.14,56.07,48.30,35.08
337.51,34.82,21.07,22.39,21.05,97.14,56.21,48.30,35.08
337.52,34.82,21.04,22.39,21.05,97.14,56.21,48.30,35.08
337.53,34.82,21.04,22.39,21.05,97.14,56.21,48.30,35.08
337.54,34.82,21.07,22.39,21.05,97.14,56.21,48.30,35.08
337.55,34.76,21.07,22.39,21.05,97.14,56.07,48.30,35.08
337.56,34.76,21.04,22.35,21.05,97.14,56.07,48.30,35.08
337.57,34.82,21.07,22.39,21.05,97.14,56.07,48.30,35.08
337.58,34.82,21.04,22.39,21.05,97.14,56.21,48.30,35.08
337.59,34.82,21.07,22.39,21.05,97.14,56.21,48.41,35.08
337.60,34.88,21.04,22.39,21.05,97.14,56.07,48.30,35.08
337.61,34.82,21.04,22.35,21.05,97.14,56.21,48.30,35.08
337.62,34.82,21.04,22.35,21.05,97.14,56.07,48.30,35.08
337.63,34.82,21.07,22.39,21.05,97.14,56.21,48.30,35.08
337.64,34.82,21.04,22.39,21.05,97.14,56.07,48.30,35.08
337.65,34.76,21.04,22.39,21.05,97.14,56.07,48.30,35.08
337.66,34.82,21.04,22.35,21.05,97.14,56.07,48.30,35.08
337.67,34.76,21.04,22.39,21.05,97.14,56.07,48.30,35.08
337.68,34.82,21.04,22.35,21.05,97.14,56.21,48.30,35.08
337.69,34.82,21.07,22.39,21.05,97.14,56.21,48.30,35.08
337.70,34.76,21.04,22.39,21.05,97.14,56.21,48.30,35.08
337.71,34.82,21.04,22.35,21.05,97.14,56.07,48.30,35.08
337.72,34.76,21.04,22.39,21.05,97.14,56.21,48.30,35.08
337.73,34.82,21.07,22.39,21.05,97.14,56.21,48.19,35.08
337.74,34.88,21.07,22.39,21.05,97.14,56.07,48.30,35.08
337.75,34.76,21.04,22.39,21.05,97.14,56.07,48.30,35.08
337.76,34.76,21.04,22.35,21.05,97.14,56.07,48.30,35.08
337.77,34.88,21.04,22.35,21.05,97.14,56.07,48.30,35.08
337.78,34.82,21.04,22.39,21.05,97.14,56.21,48.30,35.08
337.79,34.88,21.07,22.39,21.05,97.14,56.07,48.41,35.08
337.80,34.82,21.04,22.39,21.05,97.14,56.07,48.30,35.08
337.81,34.82,21.07,22.35,21.05,97.14,56.21,48.30,35.08
337.82,34.82,21.04,22.39,21.05,97.14,56.07,48.30,35.08
337.83,34.82,21.07,22.39,21.05,97.14,56.21,48.30,35.08
337.84,34.82,21.07,22.39,21.05,97.14,56.07,48.30,35.08
337.85,34.76,21.04,22.39,21.05,97.14,56.07,48.30,35.08
337.86,34.82,21.04,22.39,21.05,97.14,56.07,48.30,35.08
337.87,34.82,21.07,22.35,21.05,97.14,56.07,48.30,35.08
337.88,34.88,21.07,22.39,21.05,97.14,56.07,48.30,35.08
337.89,34.76,21.07,22.39,21.05,97.14,56.21,48.30,35.08
337.90,34.82,21.04,22.39,21.05,97.14,56.21,48.19,35.08
337.91,34.82,21.04,22.39,21.05,97.14,56.21,48.30,35.08
337.92,34.82,21.04,22.39,21.05,97.14,56.07,48.30,35.08
337.93,34.88,21.07,22.39,21.05,97.14,56.07,48.30,35.08
337.94,34.82,21.07,22.39,21.05,97.14,56.07,48.30,35.08
337.95,34.76,21.04,22.39,21.05,96.77,56.07,48.30,35.08
337.96,34.82,21.04,22.35,21.05,97.14,56.07,48.30,35.08
337.97,34.88,21.07,22.35,21.05,97.14,56.07,48.30,35.08
337.98,34.88,21.07,22.39,21.05,97.14,56.07,48.30,35.01
337.99,34.82,21.07,22.39,21.05,97.14,56.21,48.30,35.08
338.00,34.76,21.04,22.39,21.05,97.14,56.07,48.30,35.08
338.01,34.76,21.04,22.39,21.05,97.14,56.07,48.30,35.08
338.02,34.82,21.04,22.39,21.05,97.14,56.07,48.30,35.08
338.03,34.82,21.07,22.39,21.05,97.14,56.21,48.30,35.08
338.04,34.82,21.07,22.39,21.05,97.14,56.07,48.30,35.08
338.05,34.82,21.04,22.39,21.05,97.14,56.07,48.30,35.08
338.06,34.82,21.04,22.35,21.05,97.14,56.07,48.30,35.08
338.07,34.82,21.04,22.39,21.05,97.14,56.07,48.41,35.08
338.08,34.82,21.07,22.39,21.05,97.14,56.21,48.30,35.08
338.09,34.82,21.07,22.39,21.05,97.14,56.21,48.30,35.08
338.10,34.82,21.04,22.39,21.05,96.77,56.21,48.30,35.08
338.11,34.76,21.04,22.35,21.05,97.14,56.07,48.19,35.08
338.12,34.82,21.04,22.39,21.05,97.14,56.21,48.30,35.15
338.13,34.82,21.04,22.39,21.05,97.14,56.21,48.30,35.08
338.14,34.82,21.07,22.39,21.05,97.14,56.21,48.30,35.08
338.15,34.82,21.04,22.35,21.05,97.14,56.07,48.30,35.08
338.16,34.76,21.04,22.35,21.05,97.14,56.07,48.30,35.08
338.17,34.82,21.04,22.35,21.05,97.14,56.21,48.30,35.08
338.18,34.76,21.07,22.39,21.05,97.14,56.21,48.30,35.08
338.19,34.82,21.07,22.39,21.02,97.14,56.21,48.30,35.08
338.20,34.76,21.04,22.39,21.02,97.14,56.07,48.30,35.08
338.21,34.76,21.04,22.39,21.05,97.14,56.07,48.30,35.08
338.22,34.82,21.04,22.35,21.05,97.14,56.21,48.30,35.15
338.23,34.82,21.04,22.39,21.05,97.14,56.07,48.30,35.08
338.24,34.88,21.04,22.39,21.05,97.14,56.07,48.30,35.08
338.25,34.82,21.07,22.39,21.05,97.14,56.21,48.30,35.08
338.26,34.88,21.04,22.39,21.05,97.14,56.21,48.30,35.08
338.27,34.82,21.04,22.35,21.05,97.14,56.07,48.30,35.15
338.28,34.88,21.07,22.39,21.05,97.14,56.35,48.30,35.15
338.29,34.82,21.07,22.39,21.05,97.14,56.21,48.30,35.08
338.30,34.82,21.04,22.35,21.05,97.14,56.07,48.19,35.08
338.31,34.82,21.04,22.35,21.05,97.14,56.07,48.30,35.15
338.32,34.82,21.04,22.32,21.05,97.14,56.07,48.30,35.08
338.33,34.82,21.07,22.39,21.05,97.14,56.21,48.30,35.08
338.34,34.82,21.07,22.39,21.05,97.14,56.07,48.30,35.08
338.35,34.88,21.04,22.39,21.05,97.14,56.07,48.30,35.08
338.36,34.82,21.04,22.35,21.05,97.14,56.07,48.30,35.15
338.37,34.82,21.04,22.35,21.05,97.14,56.21,48.30,35.08
338.38,34.82,21.07,22.35,21.05,97.14,56.21,48.30,35.15
338.39,34.82,21.07,22.39,21.05,96.77,56.21,48.19,35.08
338.40,34.82,21.04,22.35,21.05,97.14,56.21,48.30,35.08
338.41,34.82,21.04,22.35,21.05,97.14,56.07,48.30,35.08
338.42,34.88,21.04,22.39,21.05,97.14,56.21,48.30,35.08
338.43,34.82,21.07,22.39,21.05,97.14,56.07,48.30,35.08
338.44,34.82,21.07,22.35,21.05,97.14,56.21,48.30,35.08
338.45,34.88,21.04,22.39,21.05,97.14,56.07,48.30,35.08
338.46,34.88,21.04,22.35,21.05,97.14,56.07,48.30,35.08
338.47,34.82,21.04,22.39,21.05,96.77,56.21,48.30,35.08
338.48,34.82,21.07,22.39,21.05,97.14,56.07,48.30,35.15
338.49,34.82,21.07,22.39,21.05,97.14,56.07,48.30,35.08
338.50,34.82,21.04,22.39,21.05,97.14,56.07,48.19,35.08
338.51,34.82,21.04,22.35,21.05,97.14,56.07,48.30,35.08
338.52,34.76,21.04,22.39,21.05,96.77,56.07,48.19,35.15
338.53,34.82,21.07,22.39,21.05,97.51,56.07,48.30,35.08
338.54,34.82,21.07,22.39,21.05,96.77,56.07,48.19,35.08
338.55,34.76,21.04,22.35,21.05,97.14,56.07,48.19,35.08
338.56,34.76,21.04,22.35,21.05,97.14,56.07,48.30,35.08
338.57,34.88,21.04,22.39,21.05,97.14,56.07,48.30,35.08
338.58,34.82,21.07,22.39,21.05,97.14,56.21,48.30,35.08
338.59,34.82,21.07,22.39,21.05,97.14,56.21,48.30,35.08
338.60,34.76,21.04,22.35,21.05,97.14,56.07,48.30,35.15
338.61,34.76,21.01,22.35,21.05,96.77,56.07,48.30,35.08
338.62,34.82,21.04,22.39,21.05,97.14,56.07,48.30,35.08
338.63,34.82,21.07,22.35,21.05,97.14,56.21,48.41,35.08
338.64,34.82,21.04,22.39,21.05,97.14,56.07,48.30,35.08
338.65,34.82,21.07,22.39,21.05,97.14,56.07,48.30,35.08
338.66,34.76,21.04,22.39,21.05,97.14,56.07,48.30,35.08
338.67,34.82,21.04,22.39,21.05,97.14,56.21,48.30,35.08
338.68,34.82,21.07,22.39,21.05,97.51,56.07,48.30,35.08
338.69,34.88,21.07,22.39,21.08,96.77,56.07,48.30,35.08
338.70,34.82,21.04,22.39,21.05,97.14,56.07,48.30,35.15
338.71,34.76,21.01,22.39,21.05,97.14,56.07,48.30,35.08
338.72,34.82,21.04,22.39,21.05,97.14,56.07,48.30,35.08
338.73,34.88,21.07,22.39,21.05,97.14,56.21,48.30,35.15
338.74,34.82,21.07,22.39,21.05,97.14,56.21,48.30,35.15
338.75,34.76,21.04,22.39,21.05,97.14,56.07,48.19,35.08
338.76,34.76,21.01,22.35,21.05,96.77,56.07,48.19,35.15
338.77,34.82,21.04,22.39,21.05,97.14,56.07,48.30,35.15
338.78,34.82,21.07,22.39,21.05,97.14,56.07,48.30,35.15
338.79,34.82,21.07,22.39,21.05,97.14,56.21,48.30,35.08
338.80,34.76,21.07,22.39,21.05,96.77,56.07,48.30,35.08
338.81,34.82,21.04,22.35,21.05,96.77,56.07,48.30,35.08
338.82,34.88,21.04,22.35,21.05,97.14,56.07,48.30,35.08
338.83,34.82,21.07,22.39,21.05,97.14,56.21,48.30,35.15
338.84,34.82,21.07,22.39,21.05,97.14,56.21,48.30,35.08
338.85,34.82,21.04,22.35,21.05,97.14,56.07,48.19,35.15
338.86,34.88,21.04,22.39,21.05,97.14,56.21,48.30,35.08
338.87,34.82,21.04,22.39,21.05,97.14,56.07,48.19,35.08
338.88,34.82,21.07,22.39,21.05,97.14,56.21,48.30,35.08
338.89,34.82,21.07,22.39,21.05,97.14,56.07,48.30,35.08
338.90,34.82,21.04,22.35,21.05,97.14,56.07,48.30,35.08
338.91,34.76,21.07,22.35,21.05,97.14,56.07,48.30,35.15
338.92,34.82,21.04,22.39,21.05,97.14,56.07,48.30,35.08
338.93,34.88,21.04,22.39,21.05,97.14,56.07,48.30,35.15
338.94,34.88,21.07,22.39,21.05,97.14,56.07,48.30,35.08
338.95,34.82,21.04,22.35,21.05,97.14,56.07,48.30,35.08
338.96,34.82,21.04,22.35,21.05,97.14,56.07,48.30,35.08
338.97,34.82,21.04,22.39,21.05,97.14,56.21,48.19,35.08
338.98,34.82,21.07,22.39,21.05,97.14,56.21,48.30,35.15
338.99,34.88,21.04,22.39,21.05,97.14,56.07,48.30,35.15
339.00,34.82,21.04,22.39,21.05,97.14,56.07,48.30,35.08
339.01,34.82,21.04,22.35,21.05,97.14,56.07,48.19,35.15
339.02,34.88,21.04,22.39,21.05,97.14,56.07,48.30,35.15
339.03,34.82,21.07,22.39,21.05,97.14,56.07,48.41,35.15
339.04,34.82,21.01,22.35,21.05,97.14,56.07,48.19,35.15
339.05,34.82,21.01,22.35,21.05,97.14,56.07,48.19,35.15
339.06,34.88,21.07,22.39,21.05,97.14,56.07,48.30,35.15
339.07,34.82,21.04,22.39,21.02,96.77,56.21,48.30,35.15
339.08,34.88,21.07,22.35,21.08,96.77,56.07,48.19,35.08
339.09,34.82,21.01,22.35,21.05,96.77,56.07,48.19,35.15
339.10,34.82,21.04,22.35,21.05,97.14,56.21,48.30,35.08
339.11,34.88,21.07,22.39,21.05,97.14,56.21,48.30,35.15
339.12,34.82,21.04,22.39,21.05,97.14,56.07,48.30,35.08
339.13,34.76,21.04,22.39,21.05,97.14,56.21,48.30,35.15
339.14,34.82,21.04,22.35,21.05,97.14,56.07,48.30,35.15
339.15,34.88,21.04,22.39,21.05,97.14,56.07,48.30,35.08
339.16,34.82,21.04,22.39,21.05,97.14,56.07,48.30,35.15
339.17,34.88,21.07,22.39,21.05,97.14,55.93,48.30,35.08
339.18,34.76,21.04,22.35,21.05,97.14,56.21,48.30,35.21
339.19,34.76,21.04,22.35,21.05,97.14,56.07,48.19,35.15
339.20,34.76,21.04,22.35,21.05,96.77,56.07,48.19,35.15
339.21,34.76,21.04,22.39,21.05,97.14,56.21,48.19,35.15
339.22,34.88,21.04,22.39,21.05,97.14,56.21,48.30,35.08
339.23,34.82,21.04,22.35,21.05,96.77,56.07,48.19,35.15
339.24,34.82,21.01,22.35,21.05,96.77,56.07,48.30,35.08
339.25,34.76,21.04,22.35,21.05,97.14,56.07,48.30,35.15
339.26,34.82,21.04,22.39,21.05,97.14,56.07,48.30,35.08
339.27,34.82,21.07,22.39,21.05,96.77,56.21,48.30,35.15
339.28,34.82,21.01,22.39,21.05,96.77,56.07,48.30,35.08
339.29,34.82,21.04,22.35,21.05,97.14,56.07,48.19,35.15
339.30,34.76,21.04,22.39,21.05,97.14,56.07,48.19,35.15
339.31,34.88,21.04,22.39,21.05,97.14,56.07,48.30,35.15
339.32,34.76,21.04,22.39,21.05,97.14,56.07,48.30,35.15
339.33,34.82,21.04,22.39,21.05,97.14,56.07,48.30,35.08
339.34,34.76,21.04,22.35,21.05,97.14,56.07,48.30,35.15
339.35,34.82,21.04,22.39,21.05,97.14,56.21,48.19,35.15
339.36,34.88,21.04,22.39,21.05,96.77,56.21,48.30,35.15
339.37,34.88,21.07,22.35,21.05,97.14,56.21,48.30,35.15
339.38,34.88,21.04,22.35,21.05,97.14,56.21,48.30,35.15
339.39,34.82,21.04,22.35,21.05,96.77,56.21,48.19,35.08
339.40,34.88,21.04,22.35,21.05,97.14,56.21,48.30,35.15
339.41,34.88,21.04,22.39,21.05,96.77,56.07,48.30,35.15
339.42,34.82,21.04,22.39,21.05,96.77,56.07,48.30,35.15
339.43,34.82,21.04,22.35,21.05,97.14,56.07,48.41,35.08
339.44,34.82,21.04,22.35,21.05,97.14,56.07,48.19,35.15
339.45,34.82,21.04,22.39,21.05,97.14,56.07,48.30,35.15
339.46,34.82,21.07,22.39,21.05,97.14,56.07,48.30,35.15
339.47,34.82,21.04,22.39,21.05,97.14,56.07,48.30,35.15
339.48,34.82,21.04,22.39,21.05,97.14,56.07,48.30,35.15
339.49,34.82,21.04,22.35,21.05,96.77,56.07,48.30,35.15
339.50,34.82,21.04,22.39,21.05,97.14,56.07,48.30,35.15
339.51,34.82,21.07,22.39,21.05,97.14,56.07,48.30,35.15
339.52,34.88,21.04,22.39,21.05,97.14,56.07,48.30,35.15
339.53,34.88,21.04,22.35,21.05,97.14,56.07,48.19,35.15
339.54,34.82,21.04,22.35,21.05,96.77,56.07,48.19,35.15
339.55,34.82,21.04,22.35,21.05,97.14,56.07,48.30,35.08
339.56,34.82,21.04,22.39,21.05,97.14,56.07,48.30,35.15
339.57,34.82,21.04,22.39,21.05,97.14,56.07,48.19,35.15
339.58,34.82,21.04,22.35,21.05,96.77,56.07,48.19,35.15
339.59,34.82,21.04,22.35,21.05,96.77,56.07,48.19,35.15
339.60,34.88,21.04,22.35,21.05,96.77,56.07,48.19,35.15
339.61,34.82,21.07,22.39,21.05,97.14,56.21,48.30,35.21
339.62,34.82,21.04,22.39,21.05,97.14,56.07,48.30,35.15
339.63,34.82,21.04,22.39,21.05,96.77,56.07,48.30,35.15
339.64,34.82,21.04,22.35,21.05,97.14,56.07,48.19,35.15
339.65,34.82,21.04,22.35,21.05,97.14,56.07,48.19,35.15
339.66,34.82,21.04,22.39,21.05,97.14,56.07,48.30,35.15
339.67,34.88,21.04,22.39,21.05,97.14,56.21,48.30,35.15
339.68,34.82,21.04,22.39,21.05,97.14,56.07,48.30,35.15
339.69,34.82,21.04,22.39,21.05,97.14,55.93,48.30,35.15
339.70,34.82,21.04,22.35,21.05,97.14,56.07,48.19,35.15
339.71,34.82,21.04,22.39,21.05,97.14,56.21,48.30,35.15
339.72,34.82,21.04,22.39,21.05,97.14,56.21,48.30,35.15
339.73,34.82,21.01,22.39,21.05,97.14,56.07,48.30,35.15
339.74,34.88,21.04,22.39,21.02,97.14,56.07,48.19,35.15
339.75,34.76,21.04,22.39,21.05,97.14,56.07,48.19,35.15
339.76,34.88,21.07,22.39,21.05,97.14,56.07,48.30,35.15
339.77,34.82,21.04,22.39,21.05,97.14,56.07,48.30,35.15
339.78,34.82,21.04,22.39,21.05,97.14,56.07,48.30,35.15
339.79,34.82,21.01,22.35,21.05,97.14,56.07,48.19,35.15
339.80,34.88,21.04,22.39,21.05,97.14,56.07,48.19,35.15
339.81,34.82,21.04,22.39,21.05,97.14,56.21,48.30,35.15
339.82,34.88,21.04,22.39,21.05,97.14,56.07,48.19,35.15
339.83,34.76,21.04,22.39,21.05,97.14,56.07,48.30,35.15
339.84,34.76,21.04,22.39,21.05,97.14,56.07,48.30,35.15
339.85,34.76,21.04,22.39,21.05,97.14,56.07,48.30,35.15
339.86,34.82,21.04,22.39,21.05,97.14,56.07,48.30,35.15
339.87,34.82,21.04,22.39,21.05,97.14,56.07,48.30,35.15
339.88,34.76,21.04,22.39,21.05,97.14,56.07,48.30,35.15
339.89,34.76,21.01,22.39,21.05,97.14,56.07,48.19,35.15
339.90,34.82,21.04,22.39,21.05,96.77,56.07,48.30,35.15
339.91,34.82,21.04,22.39,21.05,97.14,56.07,48.30,35.15
339.92,34.82,21.04,22.39,21.05,97.14,56.07,48.30,35.15
339.93,34.82,21.04,22.39,21.05,96.77,56.07,48.30,35.15
339.94,34.76,21.04,22.35,21.05,97.14,56.07,48.30,35.15
339.95,34.82,21.04,22.39,21.05,97.14,56.07,48.30,35.15
339.96,34.88,21.04,22.39,21.05,97.14,56.07,48.30,35.15
339.97,34.88,21.04,22.39,21.05,96.77,56.07,48.30,35.15
339.98,34.88,21.01,22.35,21.05,97.14,56.07,48.19,35.15
339.99,34.82,21.04,22.35,21.05,97.14,56.07,48.30,35.15
340.00,34.82,21.04,22.39,21.05,97.14,56.07,48.30,35.15
340.01,34.88,21.04,22.39,21.05,97.14,56.21,48.30,35.15
340.02,34.82,21.04,22.39,21.05,97.14,56.07,48.19,35.15
340.03,34.82,21.04,22.35,21.05,96.77,56.07,48.19,35.15
340.04,34.76,21.04,22.39,21.05,97.14,56.07,48.30,35.15
340.05,34.76,21.04,22.39,21.05,97.14,56.21,48.30,35.15
340.06,34.88,21.04,22.39,21.05,97.14,56.21,48.30,35.15
340.07,34.82,21.04,22.39,21.05,97.14,56.07,48.30,35.15
340.08,34.82,21.04,22.39,21.05,96.77,56.07,48.30,35.15
340.09,34.88,21.04,22.39,21.05,97.14,56.07,48.19,35.15
340.10,34.82,21.04,22.39,21.05,96.77,56.07,48.19,35.15
340.11,34.82,21.07,22.39,21.05,97.14,56.07,48.30,35.21
340.12,34.82,21.04,22.39,21.05,96.77,56.07,48.19,35.15
340.13,34.88,21.04,22.35,21.05,97.14,56.07,48.19,35.15
340.14,34.82,21.04,22.39,21.05,97.14,56.07,48.30,35.15
340.15,34.82,21.04,22.39,21.05,97.14,56.07,48.30,35.15
340.16,34.82,21.04,22.39,21.05,97.14,56.21,48.19,35.15
340.17,34.82,21.04,22.39,21.05,97.14,56.07,48.30,35.15
340.18,34.82,21.04,22.39,21.05,96.77,56.21,48.19,35.15
340.19,34.82,21.04,22.39,21.05,97.14,56.07,48.30,35.15
340.20,34.82,21.04,22.39,21.05,97.14,56.07,48.08,35.15
340.21,34.82,21.07,22.39,21.05,97.14,56.07,48.30,35.15
340.22,34.88,21.04,22.39,21.05,97.14,56.21,48.19,35.15
340.23,34.82,21.04,22.39,21.05,97.14,56.07,48.19,35.15
340.24,34.88,21.04,22.35,21.05,97.14,56.07,48.19,35.15
340.25,34.82,21.04,22.39,21.05,96.77,56.07,48.30,35.21
340.26,34.82,21.07,22.39,21.05,97.14,56.07,48.30,35.15
340.27,34.82,21.07,22.39,21.05,97.14,56.07,48.30,35.15
340.28,34.82,21.04,22.35,21.05,97.14,56.07,48.19,35.15
340.29,34.82,21.01,22.35,21.05,96.77,56.07,48.30,35.15
340.30,34.82,21.04,22.39,21.05,97.14,56.07,48.30,35.15
340.31,34.82,21.01,22.39,21.05,97.14,56.21,48.19,35.15
340.32,34.82,21.04,22.39,21.05,97.14,56.21,48.30,35.15
340.33,34.82,21.01,22.39,21.05,97.14,56.07,48.19,35.15
340.34,34.76,21.04,22.39,21.05,97.14,56.07,48.30,35.15
340.35,34.82,21.04,22.39,21.05,97.14,56.35,48.30,35.15
340.36,34.88,21.04,22.39,21.05,97.14,56.07,48.30,35.15
340.37,34.82,21.07,22.39,21.05,97.14,56.07,48.19,35.15
340.38,34.82,21.01,22.39,21.05,97.14,56.21,48.30,35.21
340.39,34.82,21.01,22.35,21.05,97.14,56.07,48.19,35.15
340.40,34.82,21.04,22.39,21.05,97.14,56.21,48.30,35.21
340.41,34.88,21.04,22.39,21.05,97.14,56.07,48.19,35.15
340.42,34.88,21.04,22.39,21.05,97.14,55.79,48.30,35.15
340.43,34.82,21.04,22.39,21.05,96.77,56.21,48.19,35.21
340.44,34.82,21.01,22.35,21.05,97.14,56.07,48.30,35.15
340.45,34.88,21.04,22.35,21.05,97.14,56.07,48.30,35.15
340.46,34.82,21.04,22.39,21.02,97.14,56.07,48.30,35.15
340.47,34.88,21.04,22.39,21.05,97.14,56.07,48.30,35.15
340.48,34.82,21.04,22.39,21.05,97.14,56.07,48.30,35.15
340.49,34.82,21.01,22.35,21.05,96.77,56.07,48.19,35.15
340.50,34.88,21.04,22.39,21.05,97.14,56.07,48.30,35.15
340.51,34.82,21.04,22.39,21.05,97.14,56.21,48.30,35.15
340.52,34.82,21.04,22.39,21.05,97.14,56.07,48.30,35.15
340.53,34.88,21.04,22.39,21.05,97.14,56.21,48.30,35.15
340.54,34.82,21.04,22.39,21.05,97.14,56.07,48.19,35.15
340.55,34.88,21.04,22.39,21.05,97.51,56.21,48.19,35.15
340.56,34.82,21.04,22.39,21.05,97.14,56.07,48.30,35.15
340.57,34.88,21.04,22.39,21.05,97.14,56.21,48.30,35.15
340.58,34.88,21.04,22.35,21.05,97.14,56.07,48.19,35.15
340.59,34.82,21.04,22.35,21.05,97.14,56.07,48.30,35.15
340.60,34.82,21.04,22.39,21.05,96.77,56.07,48.30,35.15
340.61,34.88,21.07,22.39,21.05,97.14,56.07,48.30,35.15
340.62,34.82,21.04,22.39,21.05,97.14,56.07,48.19,35.21
340.63,34.82,21.04,22.39,21.05,96.77,56.07,48.30,35.21
340.64,34.88,21.04,22.39,21.05,96.77,56.07,48.30,35.15
340.65,34.82,21.04,22.39,21.05,97.51,56.07,48.30,35.15
340.66,34.82,21.04,22.39,21.05,96.77,56.21,48.30,35.15
340.67,34.82,21.04,22.39,21.05,97.14,56.21,48.30,35.15
340.68,34.88,21.04,22.39,21.05,97.14,56.07,48.19,35.15
340.69,34.88,21.04,22.39,21.05,97.14,56.07,48.19,35.15
340.70,34.88,21.04,22.35,21.05,97.14,56.07,48.19,35.15
340.71,34.88,21.07,22.39,21.05,97.14,56.07,48.30,35.15
340.72,34.82,21.04,22.39,21.05,97.14,56.07,48.30,35.15
340.73,34.88,21.01,22.39,21.05,97.14,56.21,48.30,35.21
340.74,34.88,21.04,22.39,21.05,97.14,56.07,48.30,35.15
340.75,34.82,21.04,22.39,21.05,97.14,56.07,48.19,35.15
340.76,34.82,21.04,22.39,21.05,97.14,56.07,48.30,35.21
340.77,34.88,21.04,22.39,21.05,97.14,56.07,48.30,35.15
340.78,34.88,21.04,22.39,21.05,97.14,56.07,48.19,35.15
340.79,34.82,21.04,22.39,21.05,97.14,56.07,48.19,35.15
340.80,34.88,21.04,22.39,21.05,97.14,56.07,48.30,35.15
340.81,34.82,21.04,22.39,21.05,97.14,56.07,48.30,35.15
340.82,34.82,21.07,22.39,21.05,96.77,56.07,48.30,35.21
340.83,34.88,21.04,22.39,21.05,97.14,56.07,48.30,35.15
340.84,34.82,21.04,22.39,21.05,97.14,55.93,48.19,35.15
340.85,34.82,21.04,22.39,21.05,97.14,56.07,48.30,35.15
340.86,34.82,21.04,22.39,21.05,97.14,56.07,48.30,35.15
340.87,34.82,21.07,22.39,21.05,97.14,56.21,48.30,35.15
340.88,34.82,21.04,22.39,21.02,97.14,56.07,48.30,35.15
340.89,34.82,21.04,22.39,21.05,96.77,56.07,48.30,35.15
340.90,34.88,21.04,22.39,21.05,97.14,56.07,48.30,35.08
340.91,34.88,21.04,22.42,21.05,97.14,56.07,48.30,35.15
340.92,34.82,21.04,22.39,21.05,96.77,56.07,48.30,35.21
340.93,34.82,21.04,22.39,21.05,97.14,56.07,48.19,35.15
340.94,34.88,21.04,22.39,21.05,96.77,56.07,48.30,35.21
340.95,34.82,21.04,22.39,21.05,97.14,56.07,48.30,35.15
340.96,34.95,21.04,22.39,21.05,97.14,56.07,48.30,35.15
340.97,34.88,21.07,22.39,21.05,97.14,56.07,48.30,35.15
340.98,34.88,21.04,22.39,21.05,97.14,56.07,48.30,35.15
340.99,34.82,21.04,22.39,21.05,96.77,56.21,48.19,35.21
341.00,34.76,21.04,22.39,21.05,97.14,56.07,48.30,35.15
341.01,34.82,21.07,22.39,21.05,97.14,56.21,48.30,35.15
341.02,34.82,21.04,22.39,21.05,97.14,56.07,48.30,35.15
341.03,34.82,21.04,22.39,21.05,96.77,56.07,48.30,35.15
341.04,34.82,21.04,22.39,21.05,97.14,56.07,48.30,35.15
341.05,34.82,21.04,22.39,21.05,97.14,56.07,48.30,35.21
341.06,34.88,21.07,22.39,21.05,97.14,56.21,48.30,35.15
341.07,34.82,21.04,22.39,21.05,97.14,56.07,48.30,35.21
341.08,34.76,21.04,22.39,21.05,97.14,56.07,48.30,35.15
341.09,34.82,21.01,22.39,21.05,97.14,56.07,48.30,35.15
341.10,34.82,21.04,22.39,21.05,97.14,56.21,48.30,35.15
341.11,34.88,21.04,22.39,21.05,97.14,56.07,48.30,35.15
341.12,34.88,21.04,22.42,21.05,97.14,56.07,48.30,35.21
341.13,34.82,21.04,22.39,21.05,96.77,56.07,48.30,35.21
341.14,34.82,21.04,22.35,21.05,96.77,56.07,48.19,35.15
341.15,34.82,21.04,22.39,21.05,97.14,56.07,48.30,35.15
341.16,34.88,21.04,22.39,21.05,97.14,56.07,48.30,35.15
341.17,34.82,21.04,22.39,21.05,97.14,56.07,48.30,35.15
341.18,34.88,21.04,22.39,21.05,97.14,56.07,48.30,35.15
341.19,34.82,21.04,22.39,21.02,97.14,56.07,48.30,35.15
341.20,34.82,21.04,22.39,21.05,97.14,56.21,48.30,35.15
341.21,34.88,21.04,22.39,21.05,97.14,56.07,48.30,35.21
341.22,34.82,21.04,22.39,21.05,97.14,56.21,48.30,35.21
341.23,34.82,21.01,22.39,21.05,97.14,56.07,48.30,35.15
341.24,34.82,21.04,22.39,21.05,97.14,56.07,48.30,35.21
341.25,34.88,21.04,22.39,21.05,97.14,56.07,48.30,35.15
341.26,34.95,21.07,22.39,21.05,97.14,56.07,48.30,35.15
341.27,34.82,21.07,22.39,21.05,97.14,56.07,48.30,35.15
341.28,34.82,21.01,22.39,21.05,97.14,56.07,48.30,35.21
341.29,34.82,21.04,22.39,21.05,97.14,56.07,48.30,35.15
341.30,34.82,21.04,22.39,21.05,97.14,56.07,48.30,35.21
341.31,34.88,21.07,22.42,21.05,97.14,56.07,48.30,35.21
341.32,34.88,21.04,22.39,21.05,97.14,56.07,48.30,35.15
341.33,34.82,21.04,22.39,21.05,97.14,56.07,48.30,35.15
341.34,34.82,21.04,22.39,21.05,97.14,56.07,48.30,35.15
341.35,34.82,21.04,22.39,21.05,97.14,56.07,48.30,35.15
341.36,34.88,21.04,22.42,21.05,97.14,56.21,48.30,35.15
341.37,34.82,21.07,22.39,21.05,96.77,56.07,48.30,35.15
341.38,34.88,21.04,22.39,21.05,97.14,56.07,48.30,35.21
341.39,34.88,21.04,22.39,21.05,97.14,56.07,48.19,35.15
341.40,34.88,21.04,22.39,21.05,97.14,56.07,48.30,35.21
341.41,34.88,21.04,22.39,21.05,97.14,56.07,48.30,35.15
341.42,34.82,21.04,22.39,21.05,97.14,56.07,48.19,35.15
341.43,34.82,21.04,22.39,21.05,97.14,56.07,48.30,35.15
341.44,34.82,21.04,22.39,21.05,97.14,56.07,48.19,35.15
341.45,34.82,21.04,22.39,21.05,97.14,56.07,48.30,35.21
341.46,34.88,21.04,22.42,21.05,97.14,56.07,48.30,35.21
341.47,34.82,21.04,22.39,21.05,97.14,56.07,48.30,35.21
341.48,34.82,21.04,22.39,21.05,97.14,56.07,48.30,35.21
341.49,34.82,21.04,22.39,21.05,97.14,56.07,48.30,35.15
341.50,34.82,21.04,22.39,21.05,97.14,56.07,48.30,35.21
341.51,34.88,21.07,22.39,21.05,97.14,56.21,48.30,35.21
341.52,34.95,21.04,22.39,21.05,97.14,56.07,48.19,35.21
341.53,34.82,21.04,22.39,21.05,97.14,56.07,48.19,35.15
341.54,34.82,21.01,22.39,21.05,97.14,56.07,48.30,35.15
341.55,34.88,21.07,22.39,21.05,97.14,56.07,48.30,35.21
341.56,34.82,21.04,22.42,21.05,97.14,56.21,48.30,35.21
341.57,34.88,21.07,22.39,21.05,97.14,56.07,48.30,35.21
341.58,34.82,21.04,22.39,21.05,97.14,56.07,48.30,35.15
341.59,34.82,21.04,22.39,21.02,97.14,56.07,48.30,35.21
341.60,34.88,21.04,22.39,21.05,96.77,56.07,48.30,35.15
341.61,34.82,21.07,22.39,21.05,97.14,56.21,48.30,35.21
341.62,34.88,21.07,22.39,21.05,96.77,56.07,48.30,35.21
341.63,34.82,21.04,22.39,21.05,96.77,56.07,48.30,35.21
341.64,34.88,21.04,22.39,21.05,97.14,55.93,48.30,35.15
341.65,34.88,21.07,22.39,21.05,97.14,56.21,48.30,35.21
341.66,34.82,21.07,22.42,21.05,97.14,55.93,48.30,35.15
341.67,34.82,21.04,22.39,21.05,97.14,56.35,48.30,35.15
341.68,34.82,21.04,22.39,21.05,97.14,56.07,48.19,35.15
341.69,34.88,21.04,22.39,21.05,97.14,56.07,48.30,35.15
341.70,34.88,21.04,22.39,21.05,97.14,56.07,48.30,35.21
341.71,34.88,21.07,22.42,21.05,97.14,56.07,48.41,35.21
341.72,34.88,21.07,22.42,21.05,97.14,56.07,48.30,35.21
341.73,34.88,21.04,22.39,21.05,97.14,56.07,48.19,35.21
341.74,34.88,21.04,22.39,21.05,97.14,56.07,48.30,35.21
341.75,34.82,21.04,22.39,21.05,97.14,56.07,48.30,35.21
341.76,34.88,21.07,22.39,21.05,97.14,56.07,48.30,35.21
341.77,34.82,21.04,22.42,21.05,97.14,56.07,48.30,35.21
341.78,34.88,21.04,22.39,21.05,97.14,56.21,48.19,35.15
341.79,34.76,21.04,22.39,21.05,97.14,56.07,48.19,35.15
341.80,34.88,21.07,22.39,21.05,97.14,56.21,48.30,35.21
341.81,34.88,21.07,22.39,21.05,97.14,56.07,48.41,35.21
341.82,34.82,21.04,22.42,21.05,97.14,56.07,48.30,35.15
341.83,34.88,21.04,22.39,21.05,97.14,56.07,48.30,35.15
341.84,34.88,21.04,22.42,21.05,97.14,56.07,48.30,35.21
341.85,34.88,21.04,22.42,21.05,97.14,56.21,48.30,35.21
341.86,34.82,21.07,22.42,21.05,97.14,56.21,48.30,35.21
341.87,34.88,21.07,22.42,21.05,97.14,56.07,48.30,35.08
341.88,34.82,21.04,22.39,21.05,96.77,56.07,48.30,35.15
341.89,34.88,21.04,22.39,21.05,96.77,56.07,48.30,35.15
341.90,34.82,21.07,22.39,21.05,97.14,56.21,48.41,35.21
341.91,34.88,21.07,22.42,21.05,96.77,56.21,48.19,35.21
341.92,34.88,21.07,22.42,21.05,97.51,56.21,48.41,35.21
341.93,34.82,21.04,22.39,21.05,97.14,56.07,48.19,35.15
341.94,34.88,21.04,22.39,21.05,97.14,56.21,48.30,35.21
341.95,34.88,21.07,22.42,21.05,97.14,56.07,48.30,35.21
341.96,34.88,21.07,22.42,21.05,97.14,56.21,48.30,35.21
341.97,34.88,21.07,22.42,21.05,97.14,56.07,48.30,35.15
341.98,34.82,21.04,22.39,21.05,97.14,56.21,48.30,35.21
341.99,34.82,21.04,22.39,21.05,97.14,56.07,48.41,35.15
342.00,34.82,21.04,22.42,21.08,97.14,56.07,48.30,35.21
342.01,34.88,21.10,22.42,21.05,97.14,56.21,48.30,35.21
342.02,34.88,21.07,22.42,21.05,97.14,56.07,48.30,35.21
342.03,34.95,21.04,22.42,21.05,97.14,56.07,48.30,35.21
342.04,34.88,21.04,22.39,21.05,97.14,56.07,48.30,35.21
342.05,34.88,21.07,22.42,21.05,97.14,56.21,48.30,35.15
342.06,34.88,21.07,22.42,21.05,97.14,56.21,48.30,35.21
342.07,34.95,21.07,22.42,21.05,97.14,56.21,48.30,35.21
342.08,34.88,21.04,22.39,21.05,97.14,56.21,48.30,35.15
342.09,34.82,21.07,22.42,21.05,96.77,56.21,48.30,35.21
342.10,34.82,21.04,22.42,21.05,97.14,56.07,48.30,35.21
342.11,34.88,21.07,22.42,21.05,97.14,56.21,48.30,35.21
342.12,34.88,21.07,22.42,21.05,97.14,56.21,48.30,35.21
342.13,34.88,21.07,22.39,21.05,97.14,56.07,48.30,35.21
342.14,34.82,21.07,22.42,21.05,97.14,56.07,48.41,35.21
342.15,34.88,21.04,22.42,21.05,97.14,56.07,48.30,35.21
342.16,34.88,21.07,22.42,21.05,97.14,56.21,48.30,35.21
342.17,34.88,21.07,22.42,21.05,97.14,56.21,48.30,35.21
342.18,34.88,21.07,22.42,21.05,97.14,56.21,48.30,35.21
342.19,34.82,21.04,22.42,21.05,97.14,56.07,48.30,35.21
342.20,34.88,21.07,22.42,21.05,97.14,56.21,48.30,35.21
342.21,34.88,21.07,22.42,21.05,97.14,56.21,48.30,35.21
342.22,34.88,21.07,22.42,21.05,97.14,56.21,48.30,35.21
342.23,34.88,21.04,22.42,21.05,97.14,56.07,48.30,35.15
342.24,34.82,21.07,22.42,21.05,97.14,56.21,48.30,35.21
342.25,34.82,21.07,22.42,21.05,97.14,56.21,48.30,35.21
342.26,34.95,21.10,22.42,21.05,97.14,56.35,48.30,35.21
342.27,34.88,21.07,22.42,21.05,97.14,56.21,48.30,35.21
342.28,34.82,21.04,22.42,21.05,97.14,56.07,48.30,35.21
342.29,34.88,21.07,22.42,21.05,97.14,56.21,48.41,35.21
342.30,34.88,21.07,22.42,21.05,97.14,56.21,48.30,35.21
342.31,34.88,21.10,22.46,21.05,97.14,56.21,48.41,35.21
342.32,34.95,21.07,22.42,21.05,97.14,56.21,48.30,35.15
342.33,34.88,21.07,22.42,21.05,97.14,56.21,48.30,35.21
342.34,34.88,21.07,22.42,21.05,97.14,56.07,48.30,35.21
342.35,34.88,21.07,22.42,21.05,97.14,56.21,48.30,35.21
342.36,34.95,21.10,22.42,21.05,97.51,56.21,48.41,35.21
342.37,34.95,21.07,22.42,21.05,97.14,56.07,48.41,35.21
342.38,34.95,21.07,22.42,21.05,97.14,56.21,48.30,35.21
342.39,34.95,21.07,22.42,21.05,97.51,56.21,48.30,35.21
342.40,34.88,21.07,22.42,21.05,97.14,56.21,48.41,35.21
342.41,34.95,21.10,22.42,21.05,97.14,56.21,48.30,35.21
342.42,34.95,21.07,22.46,21.05,97.14,56.21,48.30,35.21
342.43,34.88,21.07,22.42,21.05,97.14,56.21,48.30,35.21
342.44,34.82,21.07,22.42,21.05,97.14,56.21,48.30,35.21
342.45,34.88,21.07,22.42,21.05,97.51,56.21,48.30,35.21
342.46,34.88,21.10,22.42,21.05,97.14,56.21,48.41,35.15
342.47,34.95,21.07,22.46,21.05,97.14,56.21,48.41,35.21
342.48,34.88,21.07,22.42,21.05,97.14,56.21,48.30,35.21
342.49,34.88,21.07,22.42,21.05,97.14,56.21,48.30,35.21
342.50,34.88,21.07,22.42,21.05,97.14,56.21,48.41,35.21
342.51,34.95,21.07,22.46,21.05,97.14,56.21,48.30,35.21
342.52,34.95,21.07,22.42,21.05,97.14,56.21,48.41,35.21
342.53,34.88,21.07,22.46,21.05,97.14,56.21,48.41,35.21
342.54,34.95,21.07,22.42,21.05,97.14,56.21,48.30,35.21
342.55,34.88,21.10,22.42,21.08,97.14,56.21,48.41,35.21
342.56,34.88,21.07,22.46,21.05,97.51,56.21,48.30,35.15
342.57,34.88,21.07,22.42,21.05,97.14,56.21,48.41,35.21
342.58,34.95,21.07,22.42,21.05,97.14,56.21,48.30,35.21
342.59,34.88,21.07,22.42,21.05,97.14,56.21,48.30,35.21
342.60,34.88,21.07,22.42,21.08,97.14,56.21,48.41,35.21
342.61,35.01,21.07,22.46,21.05,97.14,56.21,48.41,35.21
342.62,34.88,21.07,22.42,21.05,97.14,56.21,48.41,35.21
342.63,34.88,21.07,22.42,21.05,97.14,56.21,48.41,35.21
342.64,34.88,21.07,22.42,21.05,97.14,56.21,48.41,35.21
342.65,34.88,21.07,22.46,21.05,97.14,56.21,48.41,35.21
342.66,34.88,21.07,22.46,21.05,97.51,56.21,48.41,35.21
342.67,34.88,21.07,22.42,21.05,97.14,56.21,48.41,35.21
342.68,34.88,21.07,22.42,21.05,97.14,56.21,48.30,35.21
342.69,34.82,21.07,22.42,21.05,97.14,56.21,48.41,35.21
342.70,34.88,21.07,22.42,21.08,97.51,56.21,48.41,35.21
342.71,34.95,21.10,22.46,21.05,97.14,56.21,48.41,35.21
342.72,34.88,21.07,22.46,21.05,97.14,56.21,48.41,35.21
342.73,34.88,21.07,22.42,21.05,97.14,56.21,48.30,35.21
342.74,34.88,21.07,22.42,21.05,97.14,56.21,48.41,35.21
342.75,34.88,21.10,22.42,21.08,97.14,56.35,48.41,35.21
342.76,34.95,21.07,22.46,21.05,97.14,56.21,48.41,35.21
342.77,34.88,21.10,22.42,21.05,97.51,56.21,48.41,35.21
342.78,34.88,21.07,22.42,21.05,97.14,56.21,48.30,35.21
342.79,34.88,21.07,22.42,21.05,97.14,56.21,48.30,35.21
342.80,34.88,21.07,22.42,21.05,97.14,56.21,48.41,35.21
342.81,34.95,21.07,22.46,21.05,97.14,56.21,48.41,35.21
342.82,34.88,21.10,22.46,21.05,97.51,56.21,48.41,35.21
342.83,34.95,21.07,22.42,21.05,97.14,56.21,48.41,35.21
342.84,34.88,21.07,22.42,21.08,97.14,56.21,48.30,35.21
342.85,34.95,21.07,22.42,21.05,97.14,56.21,48.41,35.21
342.86,34.88,21.10,22.42,21.08,97.14,56.21,48.41,35.21
342.87,34.88,21.07,22.46,21.05,97.14,56.21,48.41,35.21
342.88,34.95,21.07,22.42,21.05,97.14,56.07,48.30,35.21
342.89,34.88,21.07,22.42,21.05,97.14,56.21,48.41,35.21
342.90,34.88,21.07,22.42,21.08,97.14,56.21,48.41,35.21
342.91,34.88,21.10,22.46,21.05,97.51,56.07,48.41,35.21
342.92,34.88,21.10,22.42,21.05,97.51,56.35,48.41,35.21
342.93,34.95,21.07,22.42,21.05,97.14,56.21,48.41,35.15
342.94,34.88,21.07,22.46,21.05,97.14,56.21,48.19,35.27
342.95,34.88,21.07,22.46,21.05,97.14,56.21,48.41,35.21
342.96,34.95,21.10,22.46,21.05,97.14,56.21,48.41,35.21
342.97,34.95,21.07,22.46,21.05,97.14,56.21,48.41,35.21
342.98,34.95,21.07,22.42,21.05,97.14,56.21,48.30,35.21
342.99,34.88,21.07,22.42,21.05,97.14,56.21,48.41,35.21
343.00,34.88,21.07,22.46,21.05,97.51,56.21,48.41,35.21
343.01,34.88,21.10,22.46,21.05,97.51,56.21,48.30,35.21
343.02,34.88,21.07,22.42,21.08,97.14,56.21,48.41,35.21
343.03,34.88,21.07,22.42,21.05,97.14,56.21,48.30,35.21
343.04,34.88,21.07,22.42,21.05,97.88,56.21,48.30,35.21
343.05,35.01,21.07,22.46,21.08,97.14,56.21,48.41,35.21
343.06,34.95,21.10,22.42,21.05,97.14,56.21,48.30,35.21
343.07,34.95,21.07,22.46,21.05,97.14,56.21,48.41,35.21
343.08,34.88,21.07,22.42,21.05,97.14,56.21,48.41,35.21
343.09,34.88,21.07,22.46,21.05,97.51,56.21,48.30,35.21
343.10,34.95,21.07,22.42,21.05,97.51,56.07,48.41,35.21
343.11,34.95,21.07,22.42,21.05,97.14,56.21,48.41,35.21
343.12,34.95,21.07,22.46,21.05,97.14,56.21,48.41,35.21
343.13,34.95,21.07,22.42,21.05,97.14,56.21,48.41,35.21
343.14,34.95,21.07,22.42,21.05,97.14,56.21,48.30,35.21
343.15,34.88,21.07,22.42,21.05,96.77,56.21,48.41,35.21
343.16,34.95,21.07,22.46,21.08,97.14,56.21,48.30,35.21
343.17,34.88,21.07,22.42,21.05,97.51,56.21,48.41,35.21
343.18,34.95,21.07,22.42,21.05,97.14,56.21,48.19,35.21
343.19,34.95,21.07,22.46,21.08,97.14,56.21,48.41,35.21
343.20,34.95,21.07,22.46,21.05,97.51,56.21,48.41,35.27
343.21,34.95,21.10,22.46,21.05,97.14,56.21,48.41,35.21
343.22,34.88,21.07,22.46,21.05,97.14,56.21,48.41,35.21
343.23,34.95,21.07,22.42,21.05,97.14,56.07,48.41,35.21
343.24,34.95,21.07,22.46,21.05,97.14,56.21,48.41,35.21
343.25,34.88,21.07,22.42,21.05,97.14,56.21,48.41,35.21
343.26,35.01,21.10,22.46,21.05,97.14,56.21,48.41,35.21
343.27,34.88,21.07,22.46,21.05,97.14,56.21,48.52,35.21
343.28,34.95,21.07,22.42,21.05,97.51,56.21,48.30,35.21
343.29,34.95,21.07,22.42,21.05,97.14,56.07,48.41,35.21
343.30,34.88,21.07,22.42,21.05,97.14,56.21,48.41,35.21
343.31,34.88,21.10,22.46,21.05,97.14,56.21,48.41,35.21
343.32,34.88,21.10,22.46,21.05,97.14,56.21,48.41,35.21
343.33,34.88,21.07,22.42,21.05,97.14,56.21,48.30,35.21
343.34,34.95,21.07,22.42,21.05,97.51,56.21,48.41,35.21
343.35,34.95,21.07,22.42,21.05,97.14,56.21,48.41,35.21
343.36,34.95,21.10,22.46,21.05,97.51,56.21,48.41,35.21
343.37,34.95,21.07,22.46,21.05,97.14,56.21,48.41,35.21
343.38,34.88,21.07,22.42,21.05,97.14,56.21,48.41,35.21
343.39,34.95,21.07,22.42,21.08,97.51,56.21,48.41,35.21
343.40,34.88,21.07,22.46,21.05,97.14,56.21,48.30,35.27
343.41,34.88,21.07,22.46,21.08,97.51,56.21,48.41,35.21
343.42,34.82,21.07,22.46,21.08,97.14,56.21,48.30,35.21
343.43,34.88,21.07,22.42,21.08,97.14,56.21,48.41,35.21
343.44,34.88,21.07,22.42,21.05,97.51,56.07,48.41,35.21
343.45,34.88,21.07,22.46,21.08,97.14,56.21,48.41,35.21
343.46,34.95,21.07,22.46,21.08,97.14,56.21,48.41,35.21
343.47,34.95,21.10,22.46,21.05,97.14,56.21,48.41,35.21
343.48,34.95,21.07,22.42,21.05,97.14,56.21,48.41,35.21
343.49,34.88,21.07,22.42,21.05,97.51,56.21,48.41,35.21
343.50,34.95,21.10,22.46,21.05,97.14,56.21,48.41,35.21
343.51,34.95,21.10,22.46,21.05,97.14,56.21,48.41,35.21
343.52,35.01,21.07,22.46,21.05,97.14,56.21,48.41,35.21
343.53,34.95,21.07,22.42,21.08,97.14,56.21,48.41,35.21
343.54,34.88,21.07,22.42,21.05,97.14,56.21,48.41,35.21
343.55,34.88,21.07,22.46,21.05,97.14,56.21,48.41,35.21
343.56,34.95,21.10,22.46,21.08,97.14,56.21,48.30,35.21
343.57,34.88,21.07,22.42,21.05,97.51,56.21,48.41,35.27
343.58,34.95,21.07,22.42,21.08,97.14,56.21,48.41,35.21
343.59,34.88,21.07,22.42,21.05,97.14,56.21,48.30,35.21
343.60,34.95,21.07,22.42,21.05,97.51,56.21,48.41,35.21
343.61,34.95,21.10,22.46,21.05,97.14,56.21,48.41,35.21
343.62,34.88,21.10,22.46,21.05,97.14,56.21,48.30,35.21
343.63,34.95,21.07,22.42,21.05,97.14,56.21,48.30,35.21
343.64,34.95,21.07,22.42,21.05,97.14,56.21,48.41,35.27
343.65,34.88,21.04,22.42,21.05,97.14,56.21,48.41,35.34
343.66,34.95,21.10,22.46,21.05,97.14,56.21,48.30,35.21
343.67,34.95,21.10,22.46,21.05,97.51,56.21,48.41,35.27
343.68,34.88,21.07,22.42,21.05,97.14,56.21,48.41,35.27
343.69,34.88,21.07,22.42,21.05,97.14,56.21,48.41,35.21
343.70,34.88,21.07,22.46,21.05,97.14,56.21,48.41,35.21
343.71,34.95,21.10,22.46,21.05,97.51,56.07,48.41,35.21
343.72,34.88,21.07,22.46,21.05,97.14,56.07,48.41,35.21
343.73,34.88,21.07,22.42,21.05,97.14,56.21,48.30,35.21
343.74,34.88,21.07,22.46,21.05,97.14,56.21,48.41,35.21
343.75,34.95,21.07,22.46,21.05,97.14,56.21,48.41,35.27
343.76,34.95,21.10,22.46,21.05,97.51,56.21,48.41,35.21
343.77,34.95,21.07,22.46,21.08,97.14,56.21,48.41,35.21
343.78,34.88,21.07,22.46,21.05,97.14,56.21,48.41,35.21
343.79,34.88,21.07,22.42,21.05,97.51,56.21,48.41,35.27
343.80,34.88,21.07,22.42,21.05,97.51,56.21,48.41,35.21
343.81,34.88,21.10,22.46,21.05,97.51,56.21,48.41,35.21
343.82,34.95,21.07,22.46,21.05,97.14,56.21,48.41,35.21
343.83,34.88,21.07,22.42,21.05,97.51,56.21,48.30,35.21
343.84,34.95,21.07,22.42,21.05,97.14,56.21,48.41,35.27
343.85,34.95,21.10,22.46,21.05,97.51,56.21,48.41,35.27
343.86,34.95,21.10,22.46,21.05,97.14,56.21,48.41,35.27
343.87,34.88,21.07,22.46,21.05,97.14,56.21,48.41,35.21
343.88,34.88,21.07,22.42,21.05,97.14,56.21,48.41,35.21
343.89,34.88,21.07,22.46,21.05,97.14,56.21,48.30,35.21
343.90,34.88,21.07,22.46,21.05,97.51,56.07,48.41,35.21
343.91,34.95,21.10,22.46,21.05,97.51,56.35,48.30,35.27
343.92,34.95,21.07,22.46,21.05,97.51,56.21,48.41,35.21
343.93,34.88,21.07,22.46,21.05,97.14,56.21,48.41,35.27
343.94,34.88,21.07,22.42,21.08,97.51,56.21,48.41,35.21
343.95,34.95,21.10,22.46,21.08,97.14,56.21,48.41,35.21
343.96,34.88,21.10,22.46,21.08,97.14,56.21,48.41,35.27
343.97,34.88,21.07,22.46,21.05,97.14,56.21,48.41,35.27
343.98,34.95,21.07,22.42,21.05,97.14,56.21,48.41,35.21
343.99,34.95,21.07,22.42,21.08,97.14,56.21,48.30,35.27
344.00,34.95,21.10,22.46,21.05,97.14,56.21,48.41,35.21
344.01,34.95,21.10,22.46,21.08,97.14,56.21,48.41,35.27
344.02,34.95,21.10,22.46,21.08,97.14,56.21,48.41,35.21
344.03,34.95,21.07,22.42,21.05,97.14,56.21,48.41,35.27
344.04,34.88,21.04,22.46,21.05,97.14,56.07,48.41,35.21
344.05,34.95,21.07,22.46,21.08,97.14,56.21,48.41,35.21
344.06,34.95,21.10,22.46,21.05,97.51,56.21,48.41,35.21
344.07,34.88,21.10,22.46,21.05,97.14,56.21,48.41,35.27
344.08,34.95,21.04,22.42,21.05,97.14,56.21,48.41,35.27
344.09,34.95,21.07,22.42,21.08,97.14,56.21,48.41,35.21
344.10,34.88,21.04,22.46,21.05,96.77,56.35,48.41,35.27
344.11,34.95,21.10,22.46,21.05,97.51,56.21,48.41,35.27
344.12,34.95,21.07,22.46,21.05,97.14,56.21,48.41,35.21
344.13,34.88,21.07,22.42,21.05,97.14,56.21,48.41,35.21
344.14,34.95,21.10,22.42,21.05,97.14,56.21,48.30,35.27
344.15,34.88,21.07,22.46,21.08,97.51,56.21,48.41,35.27
344.16,34.95,21.10,22.46,21.05,97.51,56.35,48.41,35.21
344.17,34.88,21.07,22.46,21.05,97.51,56.50,48.41,35.27
344.18,34.88,21.07,22.42,21.05,97.14,56.07,48.41,35.21
344.19,34.88,21.07,22.46,21.05,97.14,56.21,48.41,35.27
344.20,34.95,21.07,22.46,21.08,97.14,56.21,48.41,35.21
344.21,34.95,21.07,22.46,21.05,97.14,56.21,48.41,35.21
344.22,34.88,21.10,22.46,21.05,97.51,56.21,48.41,35.21
344.23,34.88,21.07,22.42,21.05,97.14,56.21,48.30,35.27
344.24,34.88,21.07,22.46,21.05,97.14,56.21,48.41,35.21
344.25,34.95,21.10,22.46,21.08,97.14,56.21,48.41,35.21
344.26,34.95,21.10,22.46,21.05,97.51,56.21,48.41,35.27
344.27,34.88,21.10,22.46,21.05,97.14,56.21,48.41,35.27
344.28,34.95,21.07,22.42,21.05,97.14,56.21,48.41,35.21
344.29,34.88,21.07,22.46,21.08,97.14,56.21,48.41,35.27
344.30,34.95,21.10,22.46,21.08,97.14,56.21,48.41,35.27
344.31,34.82,21.07,22.46,21.05,97.51,56.35,48.41,35.27
344.32,34.95,21.07,22.46,21.05,97.51,56.21,48.41,35.27
344.33,34.88,21.07,22.46,21.08,97.14,56.21,48.30,35.27
344.34,34.88,21.07,22.46,21.05,97.51,56.21,48.41,35.27
344.35,34.95,21.07,22.42,21.08,97.51,56.21,48.41,35.21
344.36,34.95,21.10,22.46,21.08,97.14,56.21,48.41,35.27
344.37,34.88,21.07,22.46,21.05,97.51,56.21,48.41,35.21
344.38,34.88,21.07,22.46,21.05,97.14,56.21,48.41,35.27
344.39,34.95,21.07,22.46,21.08,97.51,55.93,48.41,35.27
344.40,35.01,21.07,22.46,21.05,97.51,56.07,48.41,35.27
344.41,34.95,21.10,22.46,21.08,97.14,56.21,48.41,35.21
344.42,34.95,21.07,22.46,21.05,97.14,56.21,48.41,35.27
344.43,34.95,21.07,22.42,21.05,97.14,56.07,48.19,35.27
344.44,34.82,21.07,22.42,21.05,97.14,56.07,48.52,35.21
344.45,34.88,21.10,22.46,21.05,97.14,56.21,48.41,35.27
344.46,35.01,21.10,22.46,21.08,97.14,56.21,48.41,35.27
344.47,34.95,21.10,22.46,21.05,97.51,56.07,48.41,35.27
344.48,34.88,21.07,22.42,21.05,97.14,56.21,48.41,35.21
344.49,34.88,21.07,22.46,21.05,97.51,56.21,48.41,35.27
344.50,34.95,21.07,22.46,21.05,97.14,56.21,48.41,35.27
344.51,34.95,21.10,22.46,21.08,97.51,56.21,48.41,35.27
344.52,34.88,21.10,22.46,21.05,97.14,56.21,48.52,35.27
344.53,34.95,21.07,22.42,21.08,97.14,56.21,48.41,35.21
344.54,34.88,21.07,22.46,21.08,97.14,56.21,48.41,35.27
344.55,34.95,21.10,22.46,21.05,97.51,56.35,48.41,35.27
344.56,34.95,21.10,22.46,21.08,97.14,56.21,48.41,35.27
344.57,35.01,21.10,22.46,21.05,97.14,56.21,48.41,35.27
344.58,34.88,21.10,22.46,21.05,97.14,56.07,48.41,35.27
344.59,34.88,21.07,22.46,21.05,97.14,56.21,48.41,35.27
344.60,34.95,21.10,22.46,21.05,97.51,56.21,48.41,35.27
344.61,34.95,21.10,22.46,21.08,97.14,56.21,48.41,35.27
344.62,34.88,21.07,22.46,21.05,97.51,56.21,48.41,35.27
344.63,34.88,21.07,22.46,21.08,97.14,56.21,48.41,35.27
344.64,34.95,21.07,22.46,21.08,97.51,56.35,48.41,35.27
344.65,34.88,21.07,22.46,21.08,97.51,56.21,48.41,35.27
344.66,34.95,21.10,22.46,21.05,97.51,56.21,48.41,35.27
344.67,34.95,21.10,22.46,21.05,97.14,56.21,48.41,35.27
344.68,34.88,21.07,22.46,21.05,97.51,56.21,48.41,35.21
344.69,34.88,21.10,22.42,21.05,97.14,56.21,48.41,35.27
344.70,34.88,21.10,22.46,21.08,97.14,56.21,48.41,35.27
344.71,34.88,21.10,22.46,21.05,97.51,56.21,48.41,35.27
344.72,35.01,21.10,22.46,21.05,97.51,56.21,48.41,35.27
344.73,34.88,21.10,22.46,21.05,97.51,56.21,48.41,35.27
344.74,34.88,21.10,22.46,21.05,97.14,56.21,48.41,35.27
344.75,34.88,21.10,22.46,21.05,97.14,56.21,48.41,35.27
344.76,34.95,21.10,22.46,21.05,97.14,56.21,48.41,35.27
344.77,34.95,21.10,22.46,21.05,97.14,56.21,48.41,35.27
344.78,34.95,21.07,22.46,21.05,97.51,56.21,48.41,35.27
344.79,35.01,21.10,22.46,21.05,97.51,56.21,48.41,35.27
344.80,34.88,21.10,22.46,21.05,97.14,56.21,48.41,35.27
344.81,35.01,21.10,22.49,21.05,97.14,56.21,48.52,35.27
344.82,34.95,21.10,22.46,21.05,97.51,56.21,48.41,35.27
344.83,34.95,21.10,22.46,21.05,97.14,56.21,48.41,35.27
344.84,35.01,21.10,22.46,21.05,97.14,56.21,48.41,35.27
344.85,34.95,21.10,22.46,21.05,97.51,56.21,48.41,35.27
344.86,34.95,21.10,22.46,21.08,97.51,56.21,48.41,35.27
344.87,34.95,21.07,22.46,21.05,97.14,56.21,48.41,35.27
344.88,34.95,21.07,22.46,21.08,97.51,56.35,48.41,35.27
344.89,34.88,21.07,22.46,21.05,97.51,56.21,48.41,35.27
344.90,34.95,21.10,22.46,21.05,97.14,56.21,48.52,35.27
344.91,35.01,21.10,22.49,21.05,97.14,56.21,48.41,35.27
344.92,35.01,21.10,22.46,21.05,97.14,56.21,48.41,35.27
344.93,34.95,21.10,22.46,21.05,97.14,56.07,48.30,35.34
344.94,34.95,21.07,22.46,21.05,97.51,56.21,48.41,35.27
344.95,35.01,21.07,22.46,21.08,97.14,56.21,48.41,35.27
344.96,35.01,21.10,22.49,21.08,97.51,56.21,48.41,35.27
344.97,34.95,21.10,22.46,21.05,97.14,56.21,48.30,35.27
344.98,34.88,21.07,22.46,21.05,97.14,56.21,48.41,35.27
344.99,34.88,21.10,22.42,21.05,97.14,56.21,48.41,35.27
345.00,34.88,21.10,22.46,21.05,97.51,56.21,48.41,35.27
345.01,35.01,21.10,22.49,21.05,97.51,56.21,48.41,35.27
345.02,34.95,21.07,22.46,21.05,97.51,56.21,48.41,35.27
345.03,34.88,21.10,22.42,21.08,97.14,56.21,48.41,35.27
345.04,34.88,21.07,22.46,21.08,97.14,56.21,48.41,35.27
345.05,34.95,21.10,22.46,21.05,97.14,56.21,48.41,35.27
345.06,34.95,21.10,22.46,21.05,97.51,56.21,48.41,35.27
345.07,34.95,21.10,22.46,21.05,97.51,56.21,48.41,35.27
345.08,34.95,21.07,22.46,21.05,97.14,56.21,48.30,35.27
345.09,34.95,21.10,22.46,21.05,97.14,56.21,48.41,35.34
345.10,34.95,21.07,22.46,21.08,97.51,56.21,48.41,35.27
345.11,35.01,21.10,22.46,21.08,97.51,56.21,48.41,35.27
345.12,34.95,21.07,22.46,21.08,97.14,56.21,48.41,35.27
345.13,34.88,21.07,22.46,21.05,97.14,56.21,48.41,35.21
345.14,34.88,21.10,22.46,21.05,97.14,56.21,48.41,35.27
345.15,34.95,21.10,22.46,21.05,97.14,56.07,48.41,35.27
345.16,35.01,21.10,22.49,21.08,97.51,56.21,48.41,35.27
345.17,34.88,21.07,22.46,21.08,97.14,56.21,48.41,35.27
345.18,34.88,21.07,22.46,21.08,97.14,56.21,48.41,35.27
345.19,34.88,21.10,22.46,21.08,97.14,56.21,48.41,35.27
345.20,35.01,21.07,22.46,21.05,97.51,56.21,48.41,35.27
345.21,34.95,21.10,22.46,21.05,97.51,56.35,48.41,35.27
345.22,34.95,21.10,22.46,21.08,97.51,56.21,48.41,35.27
345.23,35.01,21.07,22.46,21.05,97.14,56.07,48.41,35.27
345.24,34.88,21.07,22.46,21.05,97.14,56.21,48.41,35.27
345.25,34.95,21.10,22.46,21.05,97.14,56.21,48.41,35.27
345.26,34.95,21.10,22.46,21.05,97.51,56.21,48.41,35.34
345.27,34.88,21.10,22.46,21.08,97.51,56.21,48.41,35.27
345.28,34.88,21.07,22.46,21.05,97.51,56.07,48.41,35.27
345.29,34.95,21.10,22.46,21.08,97.51,56.21,48.41,35.27
345.30,34.95,21.07,22.46,21.08,97.14,56.21,48.52,35.27
345.31,34.95,21.10,22.46,21.08,97.51,56.21,48.41,35.27
345.32,34.95,21.07,22.46,21.05,97.51,56.21,48.41,35.27
345.33,34.95,21.07,22.46,21.08,97.14,56.21,48.41,35.27
345.34,34.88,21.07,22.46,21.08,97.14,56.21,48.41,35.27
345.35,34.95,21.10,22.46,21.05,97.51,56.21,48.41,35.27
345.36,35.01,21.10,22.46,21.05,97.51,56.21,48.41,35.34
345.37,35.01,21.10,22.46,21.05,97.14,56.21,48.41,35.27
345.38,34.95,21.07,22.46,21.08,97.14,56.07,48.41,35.27
345.39,34.95,21.07,22.46,21.05,97.14,56.35,48.41,35.27
345.40,34.95,21.07,22.46,21.08,97.14,56.07,48.41,35.27
345.41,34.95,21.10,22.49,21.08,97.51,56.35,48.41,35.34
345.42,34.95,21.10,22.46,21.05,97.14,55.93,48.52,35.21
345.43,34.88,21.07,22.46,21.05,97.14,56.21,48.41,35.27
345.44,34.88,21.10,22.46,21.05,97.14,56.21,48.41,35.21
345.45,35.01,21.10,22.46,21.05,97.51,56.21,48.52,35.21
345.46,34.95,21.07,22.49,21.08,97.14,56.21,48.41,35.27
345.47,34.88,21.07,22.46,21.05,97.14,56.21,48.41,35.27
345.48,34.88,21.07,22.46,21.05,97.14,56.21,48.41,35.27
345.49,34.88,21.07,22.46,21.08,97.14,56.21,48.41,35.27
345.50,34.95,21.10,22.46,21.08,97.14,56.07,48.41,35.27
345.51,34.95,21.10,22.46,21.05,97.51,56.21,48.41,35.27
345.52,34.95,21.07,22.46,21.08,97.14,56.21,48.41,35.27
345.53,34.88,21.07,22.46,21.05,97.14,56.21,48.41,35.27
345.54,35.01,21.07,22.46,21.05,97.14,56.21,48.41,35.27
345.55,34.95,21.07,22.46,21.08,97.14,56.21,48.41,35.27
345.56,35.01,21.07,22.46,21.08,97.14,56.21,48.41,35.27
345.57,34.95,21.10,22.46,21.08,97.51,56.21,48.41,35.27
345.58,34.88,21.07,22.46,21.05,97.14,56.07,48.41,35.27
345.59,35.01,21.07,22.42,21.05,97.14,56.21,48.41,35.27
345.60,34.88,21.07,22.46,21.08,97.14,56.35,48.41,35.27
345.61,34.95,21.10,22.46,21.05,97.51,56.21,48.41,35.27
345.62,35.01,21.10,22.46,21.08,97.14,56.21,48.41,35.34
345.63,34.95,21.07,22.46,21.08,97.51,56.07,48.41,35.27
345.64,34.95,21.07,22.42,21.08,97.51,56.21,48.41,35.27
345.65,34.88,21.13,22.46,21.05,97.14,56.21,48.41,35.21
345.66,34.95,21.07,22.46,21.08,97.51,56.21,48.41,35.27
345.67,34.88,21.07,22.46,21.05,96.77,56.21,48.41,35.27
345.68,34.88,21.07,22.46,21.05,97.51,56.21,48.41,35.27
345.69,34.88,21.07,22.46,21.08,97.14,56.21,48.19,35.27
345.70,34.95,21.10,22.46,21.08,97.14,56.21,48.52,35.27
345.71,34.95,21.10,22.46,21.08,97.14,56.21,48.41,35.27
345.72,34.88,21.07,22.46,21.05,97.14,56.21,48.41,35.27
345.73,34.88,21.07,22.46,21.05,97.14,56.21,48.41,35.27
345.74,34.88,21.07,22.46,21.05,97.51,56.21,48.41,35.27
345.75,34.95,21.07,22.46,21.05,97.14,56.21,48.41,35.27
345.76,34.95,21.07,22.49,21.08,97.51,56.35,48.41,35.27
345.77,34.82,21.07,22.46,21.08,97.14,56.21,48.41,35.27
345.78,34.88,21.07,22.46,21.05,97.14,56.21,48.41,35.27
345.79,34.88,21.07,22.46,21.08,97.14,56.21,48.41,35.27
345.80,34.95,21.13,22.46,21.05,97.14,56.21,48.41,35.34
345.81,34.95,21.10,22.46,21.05,97.14,56.21,48.41,35.27
345.82,34.88,21.07,22.46,21.05,97.14,56.21,48.41,35.34
345.83,34.88,21.07,22.46,21.05,97.51,56.21,48.41,35.27
345.84,34.95,21.07,22.46,21.05,97.14,56.21,48.41,35.27
345.85,34.95,21.10,22.46,21.05,97.51,56.21,48.41,35.34
345.86,34.88,21.10,22.46,21.08,97.14,56.21,48.41,35.27
345.87,34.88,21.07,22.46,21.05,97.14,56.21,48.41,35.34
345.88,34.88,21.07,22.46,21.05,97.14,56.21,48.41,35.27
345.89,34.95,21.07,22.46,21.05,97.14,56.21,48.41,35.27
345.90,34.95,21.07,22.46,21.08,97.14,56.21,48.41,35.34
345.91,34.95,21.10,22.46,21.08,97.14,56.35,48.41,35.34
345.92,34.95,21.10,22.46,21.05,97.14,56.21,48.41,35.27
345.93,34.95,21.07,22.46,21.05,97.14,56.21,48.41,35.27
345.94,34.95,21.07,22.46,21.08,97.14,56.21,48.41,35.27
345.95,34.95,21.07,22.46,21.05,97.14,56.21,48.41,35.34
345.96,35.01,21.10,22.46,21.08,97.51,56.21,48.41,35.34
345.97,34.95,21.07,22.46,21.08,97.51,56.21,48.41,35.27
345.98,34.95,21.07,22.46,21.05,97.14,56.07,48.41,35.27
345.99,34.95,21.07,22.46,21.08,97.14,56.21,48.41,35.27
346.00,34.95,21.10,22.46,21.08,97.51,56.21,48.41,35.27
346.01,34.95,21.07,22.46,21.05,97.51,56.21,48.41,35.34
346.02,34.95,21.07,22.46,21.05,97.14,56.21,48.41,35.27
346.03,34.95,21.07,22.46,21.08,97.14,56.21,48.41,35.27
346.04,34.95,21.07,22.46,21.05,97.14,56.21,48.41,35.34
346.05,34.95,21.07,22.46,21.05,97.14,56.07,48.41,35.27
346.06,34.88,21.07,22.46,21.08,97.14,56.21,48.41,35.34
346.07,34.95,21.07,22.46,21.08,97.51,56.21,48.41,35.21
346.08,34.95,21.07,22.46,21.08,97.14,56.21,48.41,35.27
346.09,34.95,21.07,22.46,21.05,97.14,56.21,48.41,35.34
346.10,34.88,21.07,22.46,21.05,97.14,56.21,48.41,35.34
346.11,34.95,21.10,22.46,21.05,97.51,56.21,48.41,35.27
346.12,34.88,21.07,22.46,21.05,97.14,56.21,48.41,35.34
346.13,34.88,21.07,22.42,21.05,97.14,56.21,48.41,35.34
346.14,34.95,21.07,22.46,21.05,97.14,56.21,48.41,35.27
346.15,34.95,21.07,22.46,21.05,97.14,56.21,48.41,35.27
346.16,35.01,21.07,22.46,21.05,97.51,56.21,48.41,35.27
346.17,34.95,21.07,22.46,21.08,97.51,56.21,48.41,35.27
346.18,34.95,21.07,22.46,21.05,97.14,56.21,48.41,35.27
346.19,35.01,21.07,22.46,21.05,97.14,56.21,48.41,35.27
346.20,34.95,21.10,22.46,21.05,97.14,56.35,48.41,35.27
346.21,34.95,21.07,22.46,21.05,97.51,56.21,48.41,35.27
346.22,35.01,21.07,22.46,21.05,97.14,56.21,48.41,35.27
346.23,34.88,21.07,22.42,21.05,97.14,56.21,48.41,35.27
346.24,34.88,21.07,22.46,21.08,97.14,56.21,48.41,35.27
346.25,34.88,21.07,22.46,21.05,97.14,56.21,48.41,35.27
346.26,34.95,21.10,22.49,21.08,97.14,56.21,48.41,35.27
346.27,34.95,21.07,22.46,21.08,97.14,56.21,48.41,35.27
346.28,35.01,21.07,22.46,21.08,97.14,56.21,48.30,35.27
346.29,34.95,21.07,22.46,21.05,97.14,56.21,48.41,35.27
346.30,34.95,21.07,22.46,21.05,97.14,56.21,48.41,35.27
346.31,34.95,21.07,22.46,21.05,97.51,56.21,48.41,35.27
346.32,34.88,21.07,22.46,21.08,97.14,56.21,48.41,35.27
346.33,34.95,21.07,22.46,21.08,97.14,56.21,48.41,35.27
346.34,34.88,21.07,22.42,21.05,97.14,56.21,48.41,35.27
346.35,34.95,21.07,22.46,21.08,97.51,56.21,48.41,35.27
346.36,34.95,21.07,22.46,21.08,97.51,56.21,48.41,35.27
346.37,34.95,21.10,22.46,21.08,97.51,56.21,48.41,35.27
346.38,34.88,21.07,22.46,21.05,97.14,56.07,48.41,35.27
346.39,34.88,21.07,22.46,21.08,97.14,56.21,48.41,35.27
346.40,34.95,21.10,22.46,21.08,97.14,56.21,48.41,35.27
346.41,34.95,21.10,22.46,21.05,97.14,56.21,48.41,35.27
346.42,34.95,21.07,22.46,21.05,97.51,56.21,48.41,35.27
346.43,34.88,21.07,22.42,21.05,97.14,56.21,48.30,35.27
346.44,34.95,21.07,22.46,21.08,97.14,56.21,48.41,35.34
346.45,34.95,21.07,22.46,21.08,97.51,56.21,48.41,35.34
346.46,35.01,21.10,22.46,21.08,97.51,56.21,48.41,35.34
346.47,34.88,21.07,22.46,21.05,97.51,56.21,48.41,35.34
346.48,34.95,21.07,22.46,21.05,97.14,56.21,48.41,35.27
346.49,34.88,21.07,22.42,21.05,97.14,56.21,48.41,35.27
346.50,35.01,21.07,22.46,21.05,97.51,56.21,48.41,35.27
346.51,34.95,21.07,22.46,21.05,97.51,56.21,48.41,35.34
346.52,34.95,21.07,22.46,21.08,97.14,56.07,48.41,35.27
346.53,34.95,21.07,22.46,21.05,97.14,56.21,48.41,35.34
346.54,34.88,21.07,22.42,21.05,97.51,56.21,48.41,35.27
346.55,34.88,21.10,22.46,21.08,97.51,56.21,48.41,35.27
346.56,34.95,21.07,22.46,21.08,97.14,56.21,48.41,35.34
346.57,34.95,21.10,22.46,21.08,97.51,56.21,48.41,35.34
346.58,34.95,21.10,22.46,21.08,97.14,56.21,48.41,35.34
346.59,34.95,21.04,22.46,21.05,97.51,56.21,48.41,35.34
346.60,35.01,21.10,22.46,21.08,97.51,56.07,48.41,35.34
346.61,34.95,21.10,22.46,21.08,97.51,56.21,48.41,35.34
346.62,35.01,21.07,22.46,21.05,97.14,56.21,48.41,35.27
346.63,34.95,21.07,22.46,21.05,97.14,56.21,48.41,35.34
346.64,34.95,21.07,22.46,21.08,97.14,56.07,48.41,35.27
346.65,34.88,21.07,22.46,21.05,97.14,56.35,48.52,35.34
346.66,35.01,21.07,22.46,21.08,97.14,56.21,48.41,35.34
346.67,34.95,21.10,22.46,21.05,97.14,56.35,48.41,35.27
346.68,34.95,21.07,22.46,21.08,97.14,56.21,48.41,35.34
346.69,34.95,21.07,22.42,21.05,97.14,56.21,48.41,35.21
346.70,35.01,21.07,22.46,21.05,97.14,56.21,48.41,35.34
346.71,34.95,21.10,22.46,21.05,97.51,56.21,48.41,35.27
346.72,34.95,21.07,22.46,21.05,97.14,56.21,48.41,35.34
346.73,34.88,21.07,22.46,21.05,97.14,56.21,48.41,35.27
346.74,34.95,21.07,22.46,21.08,97.14,56.21,48.41,35.34
346.75,34.88,21.10,22.46,21.08,97.14,56.21,48.41,35.27
346.76,34.95,21.10,22.46,21.05,97.14,56.21,48.41,35.27
346.77,34.95,21.10,22.46,21.08,97.51,56.21,48.41,35.27
346.78,34.95,21.07,22.46,21.08,97.14,56.21,48.41,35.27
346.79,34.88,21.07,22.46,21.08,97.14,56.21,48.41,35.27
346.80,34.95,21.07,22.46,21.08,97.51,56.21,48.41,35.27
346.81,34.95,21.10,22.46,21.05,97.51,56.21,48.41,35.34
346.82,34.95,21.10,22.49,21.08,97.51,56.07,48.41,35.34
346.83,34.88,21.07,22.46,21.08,97.14,56.07,48.41,35.27
346.84,34.88,21.10,22.46,21.05,97.14,56.21,48.41,35.27
346.85,34.95,21.10,22.49,21.08,97.14,56.21,48.41,35.34
346.86,34.95,21.10,22.49,21.08,97.51,56.21,48.41,35.34
346.87,34.95,21.10,22.46,21.08,97.14,56.21,48.41,35.34
346.88,34.88,21.10,22.46,21.05,97.14,56.21,48.41,35.34
346.89,34.95,21.07,22.46,21.08,97.14,56.21,48.41,35.34
346.90,35.01,21.10,22.49,21.08,97.51,56.21,48.41,35.34
346.91,34.95,21.10,22.46,21.05,97.14,56.35,48.41,35.34
346.92,34.88,21.10,22.46,21.08,97.88,56.21,48.41,35.27
346.93,34.88,21.07,22.46,21.05,97.51,56.07,48.41,35.27
346.94,34.95,21.10,22.46,21.08,97.51,56.21,48.30,35.34
346.95,35.01,21.07,22.49,21.08,97.51,56.21,48.52,35.27
346.96,35.01,21.10,22.46,21.08,97.51,56.35,48.30,35.34
346.97,34.95,21.07,22.46,21.08,97.14,56.21,48.41,35.27
346.98,34.95,21.07,22.46,21.08,97.14,56.07,48.41,35.34
346.99,34.95,21.10,22.46,21.08,97.51,56.21,48.41,35.34
347.00,34.95,21.10,22.46,21.08,97.51,56.21,48.52,35.34
347.01,34.95,21.10,22.46,21.08,97.51,56.21,48.41,35.34
347.02,34.95,21.10,22.46,21.08,97.51,56.21,48.41,35.34
347.03,35.01,21.07,22.46,21.08,97.14,56.21,48.41,35.27
347.04,34.88,21.07,22.46,21.08,97.51,56.21,48.41,35.34
347.05,34.95,21.10,22.46,21.08,97.14,56.21,48.41,35.34
347.06,35.01,21.10,22.46,21.05,97.14,56.21,48.41,35.34
347.07,35.01,21.07,22.46,21.08,97.14,56.35,48.41,35.34
347.08,34.95,21.07,22.46,21.08,97.14,56.21,48.41,35.34
347.09,34.95,21.07,22.46,21.08,97.14,56.21,48.41,35.34
347.10,35.01,21.07,22.46,21.05,97.51,56.21,48.41,35.34
347.11,35.01,21.07,22.46,21.05,97.51,56.21,48.41,35.34
347.12,34.95,21.07,22.46,21.05,97.14,56.21,48.41,35.34
347.13,34.95,21.07,22.46,21.05,97.51,56.21,48.41,35.34
347.14,34.95,21.07,22.46,21.08,97.14,56.21,48.41,35.34
347.15,35.01,21.10,22.46,21.05,97.51,56.21,48.41,35.34
347.16,34.88,21.10,22.49,21.08,97.51,56.21,48.41,35.34
347.17,34.95,21.07,22.49,21.08,97.14,56.21,48.41,35.34
347.18,34.95,21.07,22.46,21.08,97.14,56.21,48.41,35.27
347.19,34.95,21.07,22.46,21.05,97.51,56.21,48.41,35.34
347.20,34.95,21.10,22.46,21.08,97.51,56.21,48.41,35.34
347.21,34.95,21.10,22.46,21.05,97.51,56.21,48.41,35.27
347.22,34.95,21.07,22.46,21.05,97.14,56.21,48.41,35.27
347.23,35.01,21.07,22.46,21.08,97.51,56.21,48.41,35.34
347.24,34.95,21.07,22.46,21.05,97.14,56.21,48.41,35.34
347.25,35.01,21.10,22.46,21.05,97.14,56.21,48.41,35.34
347.26,34.95,21.10,22.46,21.05,97.51,56.21,48.41,35.34
347.27,34.95,21.07,22.46,21.05,97.51,56.21,48.41,35.34
347.28,34.95,21.07,22.46,21.05,97.14,56.21,48.41,35.34
347.29,34.95,21.07,22.46,21.08,97.14,56.21,48.30,35.34
347.30,34.95,21.10,22.46,21.08,97.14,56.21,48.41,35.34
347.31,35.01,21.07,22.46,21.08,97.14,56.21,48.41,35.27
347.32,34.95,21.10,22.46,21.05,97.14,56.21,48.41,35.34
347.33,34.88,21.07,22.46,21.08,97.51,56.21,48.41,35.34
347.34,34.95,21.07,22.46,21.05,97.14,56.21,48.41,35.34
347.35,34.95,21.07,22.46,21.05,97.14,56.21,48.41,35.34
347.36,35.01,21.10,22.46,21.05,97.51,56.21,48.41,35.34
347.37,35.01,21.10,22.46,21.08,97.14,56.07,48.41,35.27
347.38,34.95,21.07,22.46,21.08,97.14,56.21,48.41,35.27
347.39,34.95,21.07,22.46,21.08,97.14,56.21,48.41,35.34
347.40,34.95,21.10,22.46,21.08,97.14,56.21,48.41,35.34
347.41,34.95,21.10,22.46,21.08,97.14,56.21,48.41,35.34
347.42,34.88,21.07,22.46,21.08,97.14,56.21,48.41,35.34
347.43,34.88,21.07,22.46,21.08,97.14,56.21,48.41,35.34
347.44,35.01,21.10,22.46,21.08,97.14,56.21,48.41,35.27
347.45,34.88,21.10,22.46,21.08,97.51,56.21,48.41,35.34
347.46,34.95,21.10,22.46,21.08,97.51,56.21,48.41,35.34
347.47,34.95,21.07,22.46,21.08,96.77,56.21,48.41,35.34
347.48,34.95,21.07,22.46,21.05,97.14,56.21,48.41,35.34
347.49,35.01,21.07,22.46,21.08,97.14,56.21,48.41,35.34
347.50,35.01,21.07,22.46,21.05,97.14,56.21,48.41,35.34
347.51,34.95,21.10,22.46,21.08,97.51,56.21,48.41,35.27
347.52,34.88,21.07,22.46,21.05,97.14,56.21,48.41,35.34
347.53,34.95,21.07,22.46,21.05,97.14,56.21,48.41,35.34
347.54,34.88,21.07,22.46,21.08,97.14,56.07,48.41,35.27
347.55,34.95,21.07,22.46,21.05,97.14,56.21,48.41,35.34
347.56,34.95,21.07,22.46,21.08,97.51,56.21,48.41,35.34
347.57,34.88,21.07,22.46,21.08,97.51,56.21,48.41,35.34
347.58,34.95,21.07,22.46,21.08,97.51,56.21,48.41,35.34
347.59,34.95,21.07,22.46,21.08,97.14,56.21,48.41,35.34
347.60,34.95,21.10,22.46,21.08,97.14,56.21,48.41,35.34
347.61,34.95,21.10,22.46,21.08,97.14,56.21,48.41,35.34
347.62,34.95,21.07,22.46,21.08,97.14,56.07,48.41,35.34
347.63,34.95,21.07,22.46,21.08,97.14,56.21,48.41,35.34
347.64,34.95,21.07,22.46,21.08,97.51,56.21,48.41,35.34
347.65,34.95,21.07,22.46,21.08,97.14,56.21,48.41,35.34
347.66,34.95,21.10,22.46,21.05,97.14,56.21,48.41,35.34
347.67,34.88,21.07,22.46,21.05,97.14,56.21,48.41,35.34
347.68,34.95,21.07,22.46,21.08,97.14,56.07,48.30,35.34
347.69,34.95,21.07,22.46,21.05,97.51,56.21,48.41,35.34
347.70,34.95,21.07,22.46,21.05,97.51,56.21,48.41,35.34
347.71,34.95,21.10,22.49,21.08,97.51,56.21,48.41,35.34
347.72,34.95,21.07,22.46,21.05,97.51,56.21,48.41,35.41
347.73,34.95,21.07,22.46,21.05,97.14,56.07,48.41,35.34
347.74,34.95,21.07,22.46,21.05,97.14,56.07,48.41,35.34
347.75,35.01,21.07,22.46,21.05,97.14,56.21,48.30,35.34
347.76,35.01,21.07,22.46,21.05,97.14,56.21,48.41,35.34
347.77,35.01,21.07,22.46,21.05,97.14,56.07,48.30,35.41
347.78,34.88,21.07,22.46,21.05,97.14,56.21,48.41,35.34
347.79,34.95,21.07,22.46,21.05,97.14,56.21,48.41,35.34
347.80,34.95,21.10,22.46,21.08,97.14,56.21,48.41,35.34
347.81,34.95,21.07,22.46,21.05,97.14,56.21,48.41,35.34
347.82,34.95,21.10,22.46,21.08,97.14,56.21,48.41,35.34
347.83,34.88,21.04,22.46,21.05,97.14,56.07,48.41,35.34
347.84,34.88,21.07,22.46,21.08,97.14,56.21,48.41,35.34
347.85,34.95,21.07,22.46,21.08,97.14,56.21,48.41,35.34
347.86,34.95,21.07,22.46,21.08,97.14,56.21,48.41,35.34
347.87,34.95,21.07,22.46,21.08,97.14,56.21,48.41,35.34
347.88,34.88,21.04,22.46,21.08,97.14,56.07,48.41,35.34
347.89,34.95,21.07,22.49,21.08,97.14,56.21,48.41,35.34
347.90,35.01,21.07,22.46,21.08,97.14,56.21,48.41,35.34
347.91,35.01,21.07,22.46,21.05,97.14,56.07,48.41,35.34
347.92,34.95,21.07,22.46,21.05,97.14,56.35,48.41,35.34
347.93,34.95,21.07,22.46,21.08,97.14,55.93,48.41,35.27
347.94,34.95,21.07,22.46,21.08,97.14,56.21,48.19,35.27
347.95,34.95,21.10,22.49,21.05,97.14,56.21,48.41,35.41
347.96,34.95,21.07,22.46,21.08,97.51,56.21,48.52,35.34
347.97,34.95,21.07,22.46,21.08,97.51,56.21,48.41,35.34
347.98,34.88,21.07,22.46,21.08,97.14,56.07,48.41,35.34
347.99,34.88,21.07,22.46,21.05,97.51,56.21,48.41,35.34
348.00,34.88,21.07,22.46,21.08,97.14,56.21,48.41,35.34
348.01,34.95,21.07,22.46,21.05,97.14,56.07,48.41,35.34
348.02,34.95,21.07,22.46,21.08,97.51,56.21,48.41,35.34
348.03,34.88,21.04,22.46,21.08,97.14,56.21,48.41,35.34
348.04,34.88,21.07,22.46,21.08,97.14,56.21,48.41,35.34
348.05,34.95,21.07,22.49,21.08,97.14,56.07,48.41,35.34
348.06,34.82,21.10,22.46,21.05,97.14,56.07,48.41,35.34
348.07,34.95,21.07,22.49,21.08,97.14,56.07,48.41,35.34
348.08,35.01,21.07,22.42,21.08,97.14,56.21,48.41,35.34
348.09,34.95,21.07,22.49,21.08,97.14,56.21,48.41,35.34
348.10,34.88,21.07,22.49,21.08,97.14,56.07,48.41,35.34
348.11,34.95,21.07,22.46,21.08,97.14,56.21,48.41,35.34
348.12,34.95,21.07,22.46,21.08,97.14,56.07,48.30,35.34
348.13,34.95,21.07,22.42,21.08,97.14,56.21,48.41,35.34
348.14,34.88,21.07,22.46,21.05,97.14,56.21,48.41,35.34
348.15,34.95,21.07,22.46,21.08,97.51,56.07,48.52,35.34
348.16,34.95,21.07,22.46,21.05,96.77,56.21,48.30,35.34
348.17,34.95,21.07,22.46,21.05,97.51,56.21,48.52,35.34
348.18,34.95,21.04,22.42,21.05,97.14,56.07,48.30,35.34
348.19,34.95,21.07,22.46,21.08,97.51,56.21,48.41,35.34
348.20,35.01,21.07,22.46,21.08,97.51,56.21,48.52,35.34
348.21,34.95,21.10,22.46,21.08,97.51,56.07,48.41,35.34
348.22,34.95,21.07,22.46,21.08,97.14,56.21,48.41,35.34
348.23,34.95,21.07,22.46,21.08,97.14,56.07,48.30,35.34
348.24,34.88,21.07,22.46,21.08,97.14,56.21,48.41,35.34
348.25,34.95,21.07,22.46,21.08,97.51,56.21,48.41,35.41
348.26,34.95,21.07,22.46,21.08,97.14,56.07,48.41,35.34
348.27,34.95,21.07,22.46,21.08,97.14,56.07,48.41,35.34
348.28,34.88,21.04,22.46,21.08,97.14,56.07,48.41,35.34
348.29,34.88,21.07,22.46,21.08,97.14,56.07,48.41,35.34
348.30,34.88,21.07,22.46,21.08,97.14,56.21,48.41,35.34
348.31,34.95,21.07,22.46,21.08,97.14,56.21,48.41,35.34
348.32,34.95,21.07,22.46,21.08,97.14,56.07,48.41,35.34
348.33,34.88,21.04,22.46,21.05,97.51,56.07,48.41,35.34
348.34,34.95,21.07,22.46,21.05,97.14,56.21,48.41,35.27
348.35,34.95,21.07,22.46,21.08,97.14,56.21,48.41,35.34
348.36,34.88,21.07,22.46,21.08,97.14,56.21,48.41,35.34
348.37,34.88,21.07,22.46,21.08,97.14,56.21,48.30,35.34
348.38,34.88,21.04,22.46,21.08,97.14,56.21,48.41,35.34
348.39,34.88,21.04,22.46,21.08,97.14,56.07,48.52,35.34
348.40,34.95,21.07,22.46,21.08,97.51,56.07,48.41,35.34
348.41,34.88,21.07,22.46,21.08,97.14,56.07,48.41,35.34
348.42,34.95,21.07,22.46,21.08,97.14,56.21,48.41,35.34
348.43,34.95,21.04,22.42,21.08,97.14,56.21,48.41,35.34
348.44,34.88,21.04,22.42,21.08,97.14,56.21,48.41,35.34
348.45,34.95,21.07,22.46,21.08,97.51,56.21,48.41,35.34
348.46,35.01,21.07,22.46,21.08,97.14,56.07,48.41,35.34
348.47,34.95,21.07,22.46,21.08,97.14,56.07,48.30,35.34
348.48,34.95,21.04,22.46,21.08,97.14,56.07,48.30,35.34
348.49,34.88,21.07,22.42,21.08,97.14,56.21,48.41,35.34
348.50,34.95,21.07,22.46,21.08,97.14,56.21,48.41,35.34
348.51,34.88,21.07,22.46,21.08,97.14,56.21,48.41,35.34
348.52,34.88,21.07,22.46,21.05,97.14,56.07,48.41,35.34
348.53,34.88,21.04,22.42,21.05,97.14,56.07,48.41,35.34
348.54,34.88,21.07,22.42,21.08,97.14,56.21,48.41,35.34
348.55,34.95,21.07,22.46,21.08,97.14,56.21,48.41,35.34
348.56,34.95,21.07,22.46,21.08,97.14,56.21,48.41,35.34
348.57,34.95,21.04,22.46,21.08,97.14,56.07,48.41,35.34
348.58,34.88,21.04,22.42,21.08,97.14,56.07,48.41,35.34
348.59,34.95,21.04,22.46,21.08,97.14,56.07,48.41,35.34
348.60,34.88,21.07,22.46,21.08,97.14,56.21,48.41,35.34
348.61,34.88,21.07,22.46,21.08,97.51,56.21,48.41,35.34
348.62,34.88,21.07,22.46,21.08,97.14,56.07,48.41,35.34
348.63,34.88,21.04,22.42,21.05,97.14,56.07,48.41,35.34
348.64,34.88,21.07,22.46,21.08,97.14,56.21,48.41,35.34
348.65,34.95,21.07,22.46,21.08,97.14,56.21,48.41,35.34
348.66,34.95,21.07,22.46,21.08,97.14,56.21,48.41,35.34
348.67,34.95,21.07,22.46,21.08,97.14,56.07,48.41,35.34
348.68,34.95,21.07,22.42,21.08,97.14,56.07,48.41,35.34
348.69,34.95,21.07,22.46,21.08,97.14,56.21,48.41,35.34
348.70,34.88,21.07,22.46,21.08,97.14,56.21,48.41,35.41
348.71,35.01,21.07,22.46,21.08,97.14,56.21,48.41,35.41
348.72,34.95,21.07,22.46,21.08,97.14,56.21,48.41,35.34
348.73,34.95,21.04,22.46,21.05,97.14,56.21,48.41,35.34
348.74,34.95,21.07,22.46,21.08,97.51,56.21,48.41,35.34
348.75,35.01,21.07,22.46,21.05,97.14,56.21,48.41,35.34
348.76,35.01,21.07,22.46,21.08,97.14,56.21,48.41,35.34
348.77,34.95,21.07,22.46,21.08,97.14,56.21,48.41,35.34
348.78,34.95,21.07,22.46,21.08,97.14,56.21,48.41,35.34
348.79,34.88,21.07,22.46,21.05,97.14,56.21,48.30,35.34
348.80,35.01,21.07,22.46,21.08,97.14,56.21,48.41,35.41
348.81,34.88,21.07,22.46,21.08,97.51,56.21,48.41,35.34
348.82,34.88,21.07,22.46,21.08,97.14,56.21,48.30,35.27
348.83,34.88,21.07,22.46,21.08,97.14,56.21,48.41,35.34
348.84,34.88,21.07,22.46,21.08,97.14,56.07,48.41,35.34
348.85,34.88,21.10,22.46,21.08,97.51,56.21,48.41,35.34
348.86,34.95,21.07,22.46,21.08,97.14,56.21,48.41,35.34
348.87,34.88,21.07,22.46,21.08,97.51,56.07,48.41,35.34
348.88,34.88,21.07,22.46,21.08,97.14,56.21,48.41,35.34
348.89,34.95,21.07,22.46,21.08,97.14,56.07,48.30,35.34
348.90,34.95,21.07,22.46,21.08,97.14,56.21,48.41,35.34
348.91,35.01,21.10,22.46,21.08,97.14,56.07,48.41,35.34
348.92,34.95,21.07,22.46,21.08,97.14,56.07,48.41,35.41
348.93,34.88,21.04,22.46,21.08,97.14,56.21,48.41,35.41
348.94,34.95,21.07,22.46,21.08,97.14,56.07,48.41,35.34
348.95,35.01,21.07,22.46,21.08,97.14,56.07,48.41,35.34
348.96,34.95,21.07,22.46,21.08,97.14,56.21,48.41,35.41
348.97,34.95,21.07,22.46,21.08,97.14,56.07,48.41,35.34
348.98,34.88,21.07,22.46,21.08,97.14,56.21,48.41,35.34
348.99,34.95,21.07,22.46,21.08,97.14,56.07,48.41,35.34
349.00,34.95,21.07,22.46,21.08,97.51,56.21,48.52,35.41
349.01,34.95,21.07,22.46,21.08,97.14,56.07,48.41,35.34
349.02,34.95,21.07,22.46,21.08,97.51,56.07,48.41,35.34
349.03,34.88,21.07,22.46,21.08,97.14,56.07,48.41,35.34
349.04,34.95,21.07,22.46,21.08,97.51,56.21,48.41,35.41
349.05,34.95,21.07,22.46,21.08,97.14,56.07,48.41,35.34
349.06,34.82,21.07,22.46,21.08,97.51,56.21,48.41,35.34
349.07,34.95,21.07,22.46,21.08,97.51,56.07,48.41,35.41
349.08,34.88,21.04,22.46,21.05,97.14,56.21,48.41,35.34
349.09,34.95,21.07,22.46,21.08,97.14,56.07,48.41,35.34
349.10,34.95,21.10,22.46,21.05,97.14,56.21,48.41,35.34
349.11,34.95,21.07,22.46,21.08,97.14,56.07,48.41,35.34
349.12,34.88,21.07,22.46,21.08,97.14,56.07,48.41,35.34
349.13,34.95,21.04,22.46,21.08,97.51,56.07,48.41,35.34
349.14,34.88,21.07,22.46,21.08,97.14,56.07,48.41,35.34
349.15,34.88,21.07,22.46,21.08,97.14,56.07,48.41,35.41
349.16,34.88,21.07,22.49,21.08,97.14,56.07,48.41,35.34
349.17,34.88,21.07,22.46,21.08,97.14,56.35,48.41,35.34
349.18,34.95,21.04,22.42,21.08,97.14,55.93,48.30,35.34
349.19,34.88,21.07,22.46,21.08,97.14,56.21,48.30,35.41
349.20,34.95,21.07,22.46,21.08,97.14,56.21,48.41,35.34
349.21,34.95,21.07,22.46,21.08,97.14,56.07,48.41,35.34
349.22,34.95,21.07,22.46,21.08,97.14,56.21,48.41,35.34
349.23,34.95,21.04,22.42,21.05,97.14,56.07,48.41,35.34
349.24,34.95,21.07,22.46,21.08,97.14,56.21,48.30,35.41
349.25,34.88,21.07,22.46,21.08,97.14,56.21,48.41,35.34
349.26,34.95,21.07,22.46,21.08,97.14,56.21,48.41,35.41
349.27,34.95,21.07,22.46,21.08,97.14,56.07,48.41,35.41
349.28,34.95,21.04,22.42,21.08,97.14,56.07,48.41,35.34
349.29,34.95,21.07,22.46,21.08,97.14,56.07,48.41,35.34
349.30,35.01,21.07,22.46,21.08,97.51,56.21,48.41,35.34
349.31,34.88,21.07,22.46,21.08,97.14,56.21,48.41,35.34
349.32,34.95,21.04,22.46,21.08,97.14,56.07,48.41,35.41
349.33,34.95,21.04,22.46,21.08,97.14,56.07,48.30,35.41
349.34,34.88,21.04,22.49,21.08,97.14,56.07,48.41,35.34
349.35,34.95,21.07,22.42,21.08,97.14,56.21,48.41,35.34
349.36,34.88,21.07,22.46,21.08,97.14,56.21,48.41,35.34
349.37,34.88,21.04,22.42,21.05,97.14,56.07,48.41,35.34
349.38,34.95,21.07,22.42,21.08,97.14,56.21,48.30,35.34
349.39,34.88,21.07,22.46,21.08,97.51,56.07,48.41,35.34
349.40,34.88,21.04,22.46,21.08,97.14,56.21,48.41,35.41
349.41,34.95,21.07,22.46,21.08,97.51,56.07,48.41,35.34
349.42,34.88,21.04,22.42,21.08,97.14,56.07,48.30,35.41
349.43,34.82,21.04,22.46,21.08,97.14,56.07,48.30,35.41
349.44,34.88,21.04,22.42,21.08,97.14,56.07,48.52,35.41
349.45,34.95,21.07,22.46,21.08,97.14,56.21,48.30,35.34
349.46,34.88,21.07,22.46,21.08,97.14,56.21,48.41,35.41
349.47,34.95,21.07,22.46,21.08,97.14,56.07,48.41,35.34
349.48,34.88,21.04,22.42,21.08,97.14,56.07,48.30,35.34
349.49,34.88,21.04,22.46,21.08,97.14,56.21,48.30,35.41
349.50,34.95,21.07,22.46,21.08,97.14,56.21,48.41,35.41
349.51,34.88,21.07,22.46,21.08,97.14,56.07,48.41,35.41
349.52,34.95,21.04,22.42,21.08,97.14,56.07,48.41,35.41
349.53,34.88,21.04,22.42,21.08,97.14,56.07,48.30,35.34
349.54,34.88,21.04,22.42,21.05,97.14,56.07,48.41,35.41
349.55,34.95,21.07,22.46,21.08,97.14,56.07,48.41,35.41
349.56,34.95,21.07,22.46,21.08,97.51,56.07,48.41,35.34
349.57,34.95,21.04,22.46,21.08,97.14,56.21,48.30,35.41
349.58,34.88,21.07,22.42,21.08,97.14,56.07,48.30,35.34
349.59,34.95,21.04,22.46,21.08,97.14,56.07,48.41,35.34
349.60,34.95,21.04,22.46,21.08,97.14,56.21,48.30,35.41
349.61,34.95,21.07,22.46,21.08,97.14,56.07,48.41,35.34
349.62,34.95,21.04,22.46,21.08,97.14,56.07,48.30,35.34
349.63,34.88,21.04,22.42,21.08,97.14,56.07,48.41,35.34
349.64,34.88,21.07,22.42,21.05,97.14,56.07,48.41,35.41
349.65,35.01,21.07,22.46,21.05,97.14,56.07,48.41,35.34
349.66,34.95,21.07,22.46,21.08,97.14,56.21,48.41,35.34
349.67,34.88,21.04,22.46,21.08,97.14,56.07,48.41,35.34
349.68,34.88,21.04,22.42,21.08,97.14,56.07,48.41,35.34
349.69,34.88,21.04,22.42,21.08,97.14,56.07,48.30,35.34
349.70,34.95,21.07,22.46,21.05,97.14,56.21,48.41,35.34
349.71,34.88,21.07,22.46,21.08,97.14,56.07,48.41,35.41
349.72,34.88,21.07,22.46,21.05,97.14,56.07,48.41,35.34
349.73,34.88,21.04,22.46,21.08,97.14,56.21,48.41,35.41
349.74,34.95,21.07,22.42,21.08,97.51,56.07,48.41,35.41
349.75,34.95,21.07,22.46,21.08,97.14,56.07,48.41,35.41
349.76,34.88,21.07,22.46,21.08,97.14,56.21,48.41,35.41
349.77,34.88,21.04,22.46,21.05,97.14,56.21,48.41,35.34
349.78,34.95,21.04,22.42,21.05,97.14,56.07,48.30,35.41
349.79,34.88,21.07,22.42,21.08,97.14,56.21,48.41,35.41
349.80,34.88,21.07,22.46,21.08,97.14,56.21,48.41,35.41
349.81,34.88,21.07,22.46,21.08,97.14,56.21,48.30,35.34
349.82,34.95,21.07,22.42,21.08,97.14,56.07,48.41,35.34
349.83,34.95,21.04,22.46,21.08,97.14,56.07,48.41,35.34
349.84,34.95,21.04,22.46,21.08,97.14,56.07,48.41,35.34
349.85,34.95,21.04,22.46,21.08,97.14,56.07,48.41,35.41
349.86,34.95,21.07,22.46,21.08,97.14,56.21,48.41,35.34
349.87,34.88,21.07,22.46,21.08,97.14,56.07,48.41,35.34
349.88,34.88,21.04,22.42,21.08,97.14,56.21,48.30,35.41
349.89,34.95,21.07,22.46,21.08,97.14,56.07,48.41,35.41
349.90,34.88,21.04,22.46,21.08,97.14,56.21,48.41,35.34
349.91,34.88,21.07,22.46,21.08,97.14,56.07,48.41,35.41
349.92,34.95,21.07,22.42,21.08,97.14,56.07,48.41,35.34
349.93,34.82,21.04,22.42,21.08,97.14,56.07,48.41,35.41
349.94,34.95,21.04,22.46,21.08,97.14,56.21,48.30,35.41
349.95,34.95,21.07,22.46,21.08,97.14,56.21,48.41,35.41
349.96,34.88,21.07,22.46,21.08,97.14,56.21,48.41,35.34
349.97,34.88,21.04,22.42,21.08,97.14,56.21,48.30,35.41
349.98,34.88,21.04,22.42,21.05,97.14,56.07,48.30,35.41
349.99,34.88,21.04,22.46,21.08,97.14,56.07,48.41,35.34
350.00,34.88,21.07,22.46,21.08,97.14,56.21,48.41,35.34
350.01,34.95,21.07,22.46,21.08,97.14,56.21,48.30,35.41
350.02,34.88,21.04,22.46,21.05,97.14,56.07,48.41,35.41
350.03,34.95,21.07,22.42,21.08,97.14,56.07,48.41,35.41
350.04,34.95,21.07,22.46,21.08,97.14,56.07,48.41,35.34
350.05,34.95,21.07,22.46,21.08,97.14,56.21,48.41,35.41
350.06,34.95,21.07,22.46,21.08,97.14,56.07,48.41,35.41
350.07,34.95,21.04,22.46,21.05,97.14,56.07,48.41,35.41
350.08,34.95,21.04,22.46,21.08,97.14,56.07,48.41,35.41
350.09,34.95,21.07,22.46,21.08,97.14,56.21,48.41,35.41
350.10,35.01,21.07,22.46,21.08,97.14,56.21,48.41,35.41
350.11,34.88,21.07,22.46,21.08,97.14,56.07,48.41,35.34
350.12,34.88,21.07,22.46,21.08,97.14,56.21,48.41,35.34
350.13,34.88,21.07,22.42,21.08,97.14,56.21,48.41,35.41
350.14,34.95,21.07,22.46,21.05,97.14,56.21,48.41,35.41
350.15,34.95,21.07,22.46,21.08,97.51,56.21,48.41,35.41
350.16,35.01,21.07,22.46,21.08,97.14,56.21,48.41,35.34
350.17,34.88,21.07,22.46,21.08,97.51,56.07,48.41,35.41
350.18,34.95,21.04,22.46,21.08,97.14,56.07,48.41,35.41
350.19,34.95,21.07,22.46,21.08,97.14,56.07,48.41,35.41
350.20,34.88,21.07,22.46,21.08,97.14,56.07,48.41,35.41
350.21,34.95,21.04,22.46,21.08,97.14,56.21,48.41,35.34
350.22,34.95,21.07,22.46,21.08,97.14,56.21,48.41,35.41
350.23,34.95,21.04,22.46,21.08,97.14,56.07,48.41,35.41
350.24,34.95,21.07,22.46,21.05,97.14,56.07,48.41,35.41
350.25,34.88,21.07,22.46,21.05,97.14,56.21,48.41,35.41
350.26,34.88,21.07,22.46,21.05,97.51,56.21,48.41,35.41
350.27,34.95,21.07,22.46,21.05,97.14,56.21,48.41,35.41
350.28,34.88,21.04,22.42,21.08,97.14,56.07,48.41,35.41
350.29,35.01,21.07,22.46,21.08,97.14,56.35,48.41,35.41
350.30,34.95,21.07,22.46,21.08,97.14,56.21,48.41,35.41
350.31,34.95,21.07,22.46,21.08,97.14,56.21,48.41,35.41
350.32,34.95,21.04,22.46,21.05,97.14,56.21,48.30,35.41
350.33,34.88,21.04,22.46,21.08,97.14,56.07,48.41,35.34
350.34,35.01,21.04,22.46,21.08,97.14,56.21,48.41,35.41
350.35,34.95,21.07,22.46,21.08,97.14,56.07,48.41,35.41
350.36,34.95,21.07,22.46,21.08,97.14,56.21,48.41,35.41
350.37,34.95,21.07,22.46,21.05,97.14,56.21,48.30,35.41
350.38,34.88,21.04,22.46,21.08,97.14,56.21,48.41,35.41
350.39,34.95,21.04,22.46,21.08,97.14,56.07,48.41,35.41
350.40,35.01,21.07,22.46,21.08,97.14,56.21,48.41,35.41
350.41,34.95,21.07,22.46,21.08,97.14,56.21,48.41,35.41
350.42,34.88,21.07,22.46,21.05,97.14,55.93,48.41,35.34
350.43,34.95,21.07,22.46,21.08,97.51,56.35,48.30,35.47
350.44,34.88,21.07,22.46,21.08,97.51,55.93,48.41,35.34
350.45,34.88,21.07,22.46,21.08,97.14,56.21,48.41,35.41
350.46,34.95,21.07,22.46,21.05,97.14,56.21,48.41,35.34
350.47,34.88,21.04,22.46,21.08,97.14,56.21,48.41,35.41
350.48,34.88,21.04,22.46,21.08,97.51,56.07,48.41,35.41
350.49,34.88,21.07,22.46,21.08,97.51,56.07,48.41,35.41
350.50,34.95,21.07,22.46,21.08,97.14,56.21,48.41,35.41
350.51,34.95,21.07,22.46,21.08,97.14,56.21,48.41,35.41
350.52,34.88,21.04,22.46,21.08,97.14,56.07,48.41,35.41
350.53,34.95,21.04,22.46,21.08,97.14,56.07,48.41,35.34
350.54,34.95,21.07,22.46,21.08,97.14,56.21,48.41,35.41
350.55,34.88,21.07,22.46,21.08,97.51,56.21,48.41,35.41
350.56,34.95,21.07,22.46,21.08,97.14,56.21,48.41,35.41
350.57,34.88,21.07,22.46,21.05,97.14,56.07,48.41,35.41
350.58,34.95,21.04,22.46,21.08,97.14,56.21,48.41,35.41
350.59,34.88,21.07,22.46,21.05,97.51,56.21,48.41,35.41
350.60,34.95,21.07,22.49,21.08,97.14,56.21,48.41,35.41
350.61,34.95,21.07,22.46,21.08,97.14,56.21,48.41,35.41
350.62,34.95,21.07,22.46,21.08,97.14,56.07,48.30,35.41
350.63,34.88,21.04,22.46,21.08,97.14,56.07,48.41,35.41
350.64,34.95,21.07,22.46,21.05,97.14,56.07,48.41,35.34
350.65,34.95,21.07,22.46,21.08,97.51,56.21,48.41,35.41
350.66,35.01,21.07,22.46,21.08,97.14,56.21,48.41,35.41
350.67,34.95,21.04,22.46,21.08,97.51,56.21,48.41,35.41
350.68,34.88,21.07,22.46,21.05,97.14,56.21,48.30,35.41
350.69,34.95,21.07,22.46,21.05,97.51,56.21,48.30,35.41
350.70,34.95,21.07,22.46,21.08,97.14,56.21,48.52,35.41
350.71,35.01,21.07,22.46,21.08,97.14,56.21,48.41,35.41
350.72,34.88,21.04,22.46,21.05,97.14,56.21,48.41,35.41
350.73,34.95,21.07,22.46,21.05,97.14,56.07,48.41,35.41
350.74,34.88,21.07,22.46,21.05,97.51,56.21,48.41,35.41
350.75,35.01,21.10,22.46,21.05,97.51,56.21,48.41,35.41
350.76,35.01,21.07,22.46,21.08,97.14,56.21,48.41,35.41
350.77,34.88,21.07,22.46,21.08,97.14,56.07,48.41,35.41
350.78,34.95,21.04,22.46,21.05,97.14,56.21,48.41,35.34
350.79,34.95,21.07,22.46,21.08,97.14,56.21,48.30,35.41
350.80,34.95,21.07,22.46,21.05,97.14,56.21,48.41,35.41
350.81,34.95,21.07,22.49,21.05,97.14,56.07,48.41,35.41
350.82,34.88,21.04,22.46,21.08,97.14,56.21,48.41,35.41
350.83,34.88,21.04,22.46,21.05,97.14,56.07,48.41,35.41
350.84,34.95,21.07,22.46,21.05,97.14,56.35,48.41,35.41
350.85,34.88,21.07,22.46,21.08,97.51,56.21,48.41,35.41
350.86,34.95,21.07,22.46,21.08,97.14,56.21,48.41,35.41
350.87,34.95,21.07,22.46,21.08,97.14,56.21,48.41,35.41
350.88,34.88,21.04,22.46,21.08,97.14,56.21,48.41,35.41
350.89,34.88,21.04,22.46,21.08,97.14,56.21,48.41,35.41
350.90,35.01,21.07,22.46,21.05,97.14,56.21,48.41,35.41
350.91,34.95,21.07,22.46,21.08,97.14,56.21,48.30,35.41
350.92,34.88,21.04,22.46,21.08,97.14,56.21,48.41,35.41
350.93,34.88,21.07,22.46,21.05,97.14,56.07,48.41,35.41
350.94,34.88,21.04,22.46,21.08,97.14,56.21,48.41,35.41
350.95,34.95,21.07,22.46,21.08,97.51,56.21,48.41,35.41
350.96,34.95,21.07,22.46,21.08,97.14,56.21,48.41,35.41
350.97,34.95,21.04,22.46,21.08,97.14,56.21,48.41,35.41
350.98,34.88,21.04,22.46,21.05,97.14,56.21,48.41,35.41
350.99,34.95,21.07,22.46,21.08,97.14,56.07,48.41,35.41
351.00,34.95,21.07,22.46,21.08,97.14,56.07,48.30,35.41
351.01,35.01,21.07,22.46,21.08,97.14,56.21,48.41,35.47
351.02,34.88,21.07,22.46,21.08,97.51,56.21,48.52,35.41
351.03,34.88,21.04,22.46,21.05,97.14,56.07,48.41,35.41
351.04,34.95,21.07,22.46,21.05,97.14,56.21,48.41,35.41
351.05,34.95,21.07,22.46,21.08,97.14,56.21,48.41,35.41
351.06,35.01,21.07,22.46,21.08,97.14,56.07,48.41,35.41
351.07,34.88,21.04,22.46,21.08,97.14,56.07,48.41,35.41
351.08,34.88,21.04,22.46,21.05,97.14,56.07,48.41,35.41
351.09,34.88,21.07,22.46,21.08,97.14,56.21,48.41,35.41
351.10,34.95,21.07,22.46,21.08,97.14,56.21,48.41,35.34
351.11,34.95,21.07,22.46,21.08,97.14,56.21,48.41,35.41
351.12,34.88,21.04,22.46,21.08,97.14,56.07,48.41,35.41
351.13,34.88,21.04,22.46,21.08,97.14,56.07,48.52,35.41
351.14,34.88,21.07,22.46,21.08,97.51,56.21,48.41,35.41
351.15,34.95,21.07,22.46,21.08,97.14,56.21,48.41,35.41
351.16,34.88,21.07,22.46,21.05,97.14,56.07,48.41,35.34
351.17,34.95,21.07,22.42,21.08,97.14,56.07,48.30,35.41
351.18,34.88,21.04,22.46,21.08,97.14,56.07,48.30,35.41
351.19,34.88,21.07,22.46,21.05,97.14,56.07,48.41,35.41
351.20,34.88,21.07,22.46,21.08,97.51,56.21,48.41,35.41
351.21,34.88,21.07,22.46,21.08,97.14,56.21,48.41,35.41
351.22,34.88,21.04,22.46,21.05,97.14,56.21,48.41,35.41
351.23,34.88,21.04,22.46,21.05,97.14,56.21,48.41,35.41
351.24,34.88,21.04,22.46,21.08,97.14,56.07,48.41,35.41
351.25,34.95,21.07,22.46,21.05,97.14,56.21,48.41,35.41
351.26,34.88,21.07,22.46,21.08,97.14,56.07,48.41,35.41
351.27,34.88,21.07,22.46,21.08,97.14,56.07,48.41,35.41
351.28,34.88,21.04,22.46,21.08,97.14,56.07,48.41,35.41
351.29,34.95,21.07,22.46,21.08,97.14,56.21,48.41,35.41
351.30,34.95,21.07,22.46,21.08,97.51,56.21,48.41,35.41
351.31,34.88,21.07,22.46,21.05,97.14,56.07,48.41,35.41
351.32,34.95,21.04,22.46,21.05,97.51,56.07,48.41,35.41
351.33,34.88,21.04,22.46,21.08,97.14,56.07,48.41,35.41
351.34,34.88,21.07,22.46,21.08,97.14,56.21,48.41,35.41
351.35,34.95,21.07,22.46,21.08,97.14,56.21,48.41,35.41
351.36,34.88,21.07,22.49,21.08,97.14,56.21,48.41,35.34
351.37,34.88,21.04,22.46,21.08,97.51,56.21,48.41,35.41
351.38,34.95,21.04,22.46,21.08,97.14,56.07,48.41,35.47
351.39,34.95,21.07,22.46,21.08,97.14,56.07,48.41,35.41
351.40,34.95,21.07,22.46,21.05,97.14,56.21,48.41,35.41
351.41,34.88,21.07,22.46,21.08,97.14,56.21,48.41,35.41
351.42,34.95,21.04,22.46,21.05,97.14,56.07,48.41,35.41
351.43,34.88,21.07,22.46,21.08,97.14,56.21,48.41,35.41
351.44,34.95,21.07,22.46,21.05,97.51,56.21,48.41,35.41
351.45,34.95,21.07,22.46,21.08,97.14,56.21,48.41,35.41
351.46,34.88,21.07,22.46,21.08,97.51,56.21,48.41,35.41
351.47,34.95,21.04,22.46,21.08,97.14,56.21,48.41,35.41
351.48,34.88,21.07,22.46,21.08,97.14,56.21,48.41,35.41
351.49,34.95,21.04,22.46,21.08,97.14,56.07,48.41,35.41
351.50,34.95,21.07,22.46,21.08,97.51,56.07,48.41,35.41
351.51,34.95,21.04,22.46,21.08,97.14,56.21,48.41,35.41
351.52,34.88,21.07,22.46,21.08,97.14,56.07,48.41,35.41
351.53,34.88,21.07,22.46,21.08,97.14,56.07,48.41,35.41
351.54,34.88,21.07,22.46,21.08,97.14,56.21,48.41,35.41
351.55,34.95,21.07,22.49,21.08,97.14,56.21,48.41,35.41
351.56,34.88,21.07,22.46,21.08,97.14,56.07,48.41,35.41
351.57,34.95,21.10,22.49,21.08,97.51,56.07,48.41,35.47
351.58,34.88,21.04,22.46,21.08,97.14,56.21,48.41,35.41
351.59,34.95,21.07,22.46,21.08,97.51,56.07,48.41,35.41
351.60,34.95,21.07,22.49,21.08,97.51,56.21,48.41,35.41
351.61,34.95,21.07,22.46,21.08,97.51,56.21,48.41,35.41
351.62,34.88,21.07,22.46,21.05,97.14,56.07,48.41,35.41
351.63,34.88,21.04,22.46,21.08,97.14,56.07,48.41,35.41
351.64,34.88,21.07,22.46,21.08,97.14,56.21,48.41,35.41
351.65,34.95,21.07,22.46,21.05,97.14,56.35,48.41,35.47
351.66,34.95,21.07,22.49,21.08,97.14,56.21,48.41,35.41
351.67,34.95,21.07,22.46,21.08,97.14,56.21,48.41,35.41
351.68,34.88,21.04,22.46,21.08,97.14,55.93,48.41,35.34
351.69,34.95,21.07,22.49,21.05,97.14,56.21,48.41,35.41
351.70,34.95,21.10,22.49,21.05,97.51,56.21,48.41,35.34
351.71,35.01,21.07,22.46,21.08,97.51,56.21,48.41,35.41
351.72,34.95,21.07,22.46,21.08,97.14,56.07,48.41,35.41
351.73,34.95,21.07,22.46,21.05,97.14,56.07,48.41,35.41
351.74,34.95,21.10,22.46,21.08,97.51,56.21,48.41,35.34
351.75,34.95,21.07,22.49,21.08,97.14,56.21,48.41,35.41
351.76,34.95,21.07,22.49,21.05,97.14,56.21,48.41,35.41
351.77,34.95,21.07,22.46,21.05,97.14,56.21,48.41,35.41
351.78,34.88,21.07,22.46,21.05,97.14,56.21,48.41,35.41
351.79,34.95,21.07,22.46,21.08,97.14,56.07,48.41,35.47
351.80,34.95,21.07,22.49,21.08,97.51,56.21,48.41,35.41
351.81,34.88,21.07,22.49,21.08,97.51,56.21,48.52,35.41
351.82,34.95,21.07,22.46,21.08,97.14,56.07,48.41,35.41
351.83,34.95,21.07,22.46,21.08,97.14,56.21,48.41,35.41
351.84,34.88,21.07,22.49,21.08,97.14,56.07,48.41,35.41
351.85,35.01,21.10,22.49,21.08,97.51,56.21,48.41,35.41
351.86,34.88,21.07,22.49,21.08,97.51,56.21,48.41,35.47
351.87,34.88,21.07,22.46,21.05,97.14,56.07,48.41,35.41
351.88,34.95,21.07,22.46,21.08,97.14,56.21,48.41,35.41
351.89,35.01,21.07,22.49,21.08,97.14,56.21,48.41,35.41
351.90,34.95,21.10,22.49,21.08,97.14,56.21,48.41,35.41
351.91,34.95,21.10,22.49,21.08,97.14,56.21,48.41,35.41
351.92,34.95,21.07,22.46,21.05,97.14,56.21,48.41,35.41
351.93,34.95,21.07,22.46,21.08,97.14,56.07,48.30,35.41
351.94,34.95,21.10,22.46,21.08,97.51,56.21,48.52,35.41
351.95,34.95,21.10,22.49,21.08,97.51,56.21,48.30,35.41
351.96,35.01,21.10,22.46,21.08,97.51,56.21,48.30,35.41
351.97,35.01,21.07,22.49,21.08,97.14,56.21,48.41,35.41
351.98,34.88,21.07,22.46,21.08,97.14,56.21,48.41,35.41
351.99,34.95,21.07,22.49,21.08,97.51,56.21,48.41,35.41
352.00,35.01,21.10,22.49,21.08,97.51,56.21,48.52,35.41
352.01,34.95,21.10,22.49,21.08,97.51,56.21,48.52,35.41
352.02,34.95,21.07,22.46,21.08,97.14,56.21,48.41,35.41
352.03,34.95,21.07,22.46,21.08,97.51,56.21,48.41,35.41
352.04,34.88,21.07,22.49,21.08,97.14,56.21,48.41,35.41
352.05,34.95,21.10,22.49,21.08,97.14,56.21,48.52,35.47
352.06,35.01,21.07,22.49,21.08,97.14,56.21,48.41,35.41
352.07,34.95,21.07,22.49,21.08,97.14,56.21,48.52,35.41
352.08,34.95,21.07,22.46,21.08,97.14,56.21,48.41,35.47
352.09,35.01,21.07,22.49,21.08,97.51,56.21,48.52,35.47
352.10,35.01,21.10,22.49,21.08,97.51,56.21,48.52,35.41
352.11,35.01,21.10,22.46,21.08,97.14,56.21,48.52,35.41
352.12,34.88,21.07,22.46,21.08,97.14,56.21,48.41,35.41
352.13,35.01,21.10,22.46,21.08,97.51,56.21,48.41,35.47
352.14,35.01,21.10,22.49,21.08,97.51,56.21,48.41,35.41
352.15,34.95,21.10,22.49,21.08,97.51,56.21,48.41,35.41
352.16,35.01,21.10,22.49,21.08,97.51,56.07,48.52,35.47
352.17,34.95,21.07,22.49,21.08,97.14,56.21,48.41,35.47
352.18,34.95,21.07,22.46,21.08,97.14,56.21,48.41,35.47
352.19,34.95,21.07,22.49,21.08,97.51,56.21,48.41,35.41
352.20,34.95,21.10,22.49,21.08,97.51,56.21,48.52,35.47
352.21,34.95,21.10,22.49,21.08,97.51,56.21,48.52,35.41
352.22,35.01,21.07,22.49,21.08,97.51,56.21,48.41,35.47
352.23,34.95,21.07,22.49,21.08,97.14,56.21,48.41,35.41
352.24,34.95,21.07,22.49,21.08,97.51,56.21,48.52,35.41
352.25,34.95,21.10,22.49,21.08,97.51,56.21,48.52,35.47
352.26,35.01,21.10,22.49,21.08,97.51,56.07,48.52,35.47
352.27,34.95,21.07,22.49,21.08,97.51,56.21,48.41,35.41
352.28,34.95,21.07,22.49,21.08,97.51,56.21,48.41,35.41
352.29,34.95,21.10,22.49,21.08,97.51,56.21,48.52,35.41
352.30,35.08,21.10,22.49,21.08,97.51,56.21,48.52,35.41
352.31,35.01,21.10,22.49,21.08,97.51,56.21,48.41,35.47
352.32,34.95,21.07,22.49,21.08,97.51,56.21,48.52,35.41
352.33,34.95,21.07,22.49,21.08,97.51,56.21,48.41,35.41
352.34,34.95,21.10,22.49,21.08,97.14,56.21,48.52,35.41
352.35,35.01,21.10,22.49,21.08,97.51,56.21,48.52,35.41
352.36,34.95,21.10,22.49,21.08,97.14,56.21,48.52,35.47
352.37,34.95,21.10,22.49,21.08,97.14,56.21,48.41,35.41
352.38,35.01,21.07,22.49,21.08,97.51,56.21,48.52,35.47
352.39,34.95,21.10,22.49,21.08,97.51,56.21,48.52,35.47
352.40,34.95,21.10,22.49,21.08,97.51,56.21,48.52,35.41
352.41,34.95,21.10,22.49,21.08,97.51,56.21,48.52,35.47
352.42,34.95,21.07,22.49,21.08,97.51,56.21,48.52,35.47
352.43,35.01,21.07,22.49,21.08,97.51,56.21,48.52,35.41
352.44,35.01,21.10,22.49,21.08,97.51,56.21,48.41,35.47
352.45,35.08,21.13,22.49,21.08,97.51,56.21,48.52,35.47
352.46,35.01,21.10,22.49,21.08,97.51,56.21,48.52,35.41
352.47,34.95,21.10,22.49,21.08,97.14,56.21,48.41,35.47
352.48,35.01,21.10,22.49,21.08,97.51,56.21,48.52,35.47
352.49,34.95,21.10,22.49,21.08,97.51,56.21,48.52,35.41
352.50,34.95,21.10,22.49,21.08,97.51,56.21,48.41,35.47
352.51,34.95,21.10,22.49,21.08,97.51,56.21,48.52,35.41
352.52,35.01,21.10,22.49,21.08,97.51,56.21,48.41,35.47
352.53,34.95,21.10,22.49,21.08,97.51,56.21,48.52,35.47
352.54,34.95,21.07,22.49,21.08,97.51,56.21,48.52,35.47
352.55,34.95,21.10,22.52,21.08,97.51,56.21,48.52,35.47
352.56,35.01,21.10,22.49,21.08,97.51,56.21,48.41,35.47
352.57,35.01,21.10,22.49,21.08,97.51,56.21,48.52,35.47
352.58,34.95,21.10,22.49,21.08,97.14,56.21,48.41,35.41
352.59,35.01,21.10,22.49,21.08,97.51,56.21,48.52,35.41
352.60,35.01,21.10,22.49,21.08,97.51,56.21,48.52,35.47
352.61,34.95,21.10,22.49,21.08,97.51,56.35,48.52,35.41
352.62,34.95,21.10,22.49,21.08,97.51,56.21,48.52,35.47
352.63,34.95,21.10,22.49,21.08,97.51,56.21,48.52,35.47
352.64,35.01,21.07,22.49,21.08,97.51,56.21,48.52,35.47
352.65,34.95,21.10,22.52,21.08,97.51,56.21,48.52,35.41
352.66,34.95,21.10,22.49,21.08,97.14,56.35,48.52,35.47
352.67,34.95,21.07,22.49,21.08,97.14,56.21,48.41,35.47
352.68,35.01,21.10,22.49,21.08,97.51,56.07,48.52,35.34
352.69,35.01,21.10,22.49,21.08,97.51,56.21,48.52,35.47
352.70,35.01,21.10,22.52,21.08,97.51,56.35,48.52,35.47
352.71,34.95,21.10,22.49,21.08,97.51,56.21,48.52,35.47
352.72,34.95,21.07,22.49,21.08,97.51,56.21,48.52,35.41
352.73,35.01,21.07,22.49,21.08,97.51,56.21,48.52,35.47
352.74,34.95,21.10,22.49,21.08,97.14,56.21,48.52,35.47
352.75,34.95,21.10,22.52,21.08,97.51,56.35,48.52,35.47
352.76,35.01,21.10,22.49,21.08,97.51,56.21,48.41,35.41
352.77,34.95,21.10,22.49,21.08,97.51,56.21,48.52,35.47
352.78,34.95,21.07,22.49,21.08,97.14,56.21,48.52,35.47
352.79,34.95,21.10,22.49,21.08,97.51,56.21,48.52,35.47
352.80,35.01,21.10,22.52,21.08,97.14,56.35,48.52,35.47
352.81,35.08,21.10,22.52,21.08,97.14,56.21,48.52,35.47
352.82,34.95,21.07,22.49,21.05,97.14,56.21,48.41,35.47
352.83,35.01,21.13,22.49,21.08,97.51,56.35,48.52,35.47
352.84,34.95,21.10,22.52,21.08,97.51,56.21,48.52,35.47
352.85,34.95,21.10,22.52,21.08,97.51,56.35,48.52,35.47
352.86,35.01,21.10,22.49,21.08,97.51,56.21,48.52,35.47
352.87,35.01,21.10,22.49,21.08,97.51,56.21,48.41,35.47
352.88,35.01,21.10,22.49,21.08,97.51,56.21,48.41,35.47
352.89,34.95,21.10,22.49,21.08,97.51,56.21,48.52,35.47
352.90,35.08,21.13,22.49,21.08,97.14,56.21,48.52,35.47
352.91,35.01,21.13,22.52,21.08,97.51,56.21,48.52,35.47
352.92,34.95,21.10,22.49,21.08,97.51,56.07,48.41,35.47
352.93,35.01,21.10,22.49,21.08,97.51,56.35,48.52,35.47
352.94,34.95,21.10,22.52,21.08,97.51,56.21,48.52,35.47
352.95,35.01,21.10,22.52,21.08,97.51,56.35,48.52,35.41
352.96,34.95,21.10,22.49,21.08,97.51,56.21,48.52,35.47
352.97,35.01,21.07,22.49,21.08,97.51,56.21,48.52,35.47
352.98,35.01,21.10,22.49,21.08,97.51,56.21,48.41,35.47
352.99,34.95,21.10,22.49,21.08,97.51,56.35,48.52,35.47
353.00,34.95,21.10,22.52,21.08,97.51,56.21,48.52,35.47
353.01,34.95,21.10,22.52,21.08,97.51,56.21,48.52,35.47
353.02,34.95,21.10,22.49,21.08,97.51,56.21,48.41,35.47
353.03,34.95,21.10,22.52,21.08,97.51,56.21,48.52,35.47
353.04,34.95,21.10,22.49,21.08,97.14,56.21,48.52,35.47
353.05,34.95,21.10,22.52,21.08,97.51,56.35,48.52,35.47
353.06,35.01,21.10,22.52,21.08,97.51,56.35,48.52,35.47
353.07,34.88,21.10,22.49,21.08,97.51,56.21,48.41,35.47
353.08,35.08,21.10,22.49,21.08,97.14,56.21,48.52,35.47
353.09,34.95,21.10,22.49,21.08,97.51,56.21,48.52,35.47
353.10,34.88,21.10,22.52,21.08,97.51,56.21,48.52,35.47
353.11,34.95,21.10,22.49,21.08,97.51,56.21,48.52,35.41
353.12,34.95,21.10,22.49,21.08,97.51,56.21,48.52,35.47
353.13,34.95,21.10,22.49,21.08,97.51,56.21,48.52,35.47
353.14,34.95,21.10,22.49,21.05,97.51,56.21,48.52,35.47
353.15,35.01,21.10,22.52,21.08,97.51,56.21,48.52,35.47
353.16,35.01,21.10,22.52,21.08,97.51,56.35,48.62,35.41
353.17,35.01,21.10,22.49,21.08,97.14,56.21,48.41,35.47
353.18,35.01,21.10,22.52,21.05,97.88,56.21,48.52,35.47
353.19,35.01,21.10,22.52,21.08,97.51,56.35,48.41,35.47
353.20,35.01,21.10,22.52,21.08,97.51,56.35,48.62,35.47
353.21,35.01,21.10,22.49,21.08,97.51,56.21,48.41,35.47
353.22,34.95,21.10,22.49,21.08,97.51,56.21,48.52,35.47
353.23,34.95,21.10,22.52,21.08,97.51,56.21,48.52,35.47
353.24,35.08,21.13,22.49,21.08,97.51,56.21,48.52,35.47
353.25,35.01,21.13,22.52,21.08,97.51,56.21,48.52,35.47
353.26,35.01,21.10,22.52,21.08,97.51,56.21,48.52,35.47
353.27,35.01,21.10,22.49,21.08,97.51,56.21,48.52,35.47
353.28,35.01,21.10,22.49,21.08,97.51,56.21,48.52,35.47
353.29,34.95,21.10,22.49,21.08,97.51,56.21,48.52,35.47
353.30,35.01,21.10,22.52,21.08,97.51,56.21,48.52,35.47
353.31,35.08,21.10,22.52,21.08,97.51,56.21,48.52,35.47
353.32,35.01,21.10,22.49,21.08,97.51,56.07,48.52,35.47
353.33,35.01,21.10,22.49,21.08,97.51,56.21,48.52,35.47
353.34,34.95,21.10,22.49,21.08,97.51,56.35,48.52,35.47
353.35,35.01,21.13,22.52,21.08,97.51,56.21,48.52,35.47
353.36,35.01,21.10,22.52,21.08,97.14,56.21,48.52,35.47
353.37,35.01,21.10,22.52,21.08,97.51,56.21,48.52,35.47
353.38,35.01,21.10,22.49,21.08,97.51,56.21,48.52,35.47
353.39,35.01,21.10,22.52,21.08,97.51,56.21,48.52,35.54
353.40,35.01,21.10,22.52,21.08,97.51,56.21,48.52,35.47
353.41,34.95,21.10,22.52,21.08,97.51,56.21,48.52,35.47
353.42,35.01,21.10,22.49,21.08,97.51,56.21,48.41,35.47
353.43,34.95,21.13,22.49,21.08,97.51,56.21,48.52,35.47
353.44,34.95,21.10,22.52,21.08,97.51,56.35,48.52,35.47
353.45,35.01,21.13,22.52,21.08,97.51,56.35,48.52,35.47
353.46,35.08,21.13,22.52,21.08,97.51,56.21,48.52,35.47
353.47,35.01,21.10,22.52,21.08,97.51,56.21,48.52,35.47
353.48,35.01,21.10,22.49,21.08,97.51,56.35,48.52,35.47
353.49,35.01,21.13,22.49,21.08,97.51,56.35,48.41,35.47
353.50,35.08,21.13,22.52,21.08,97.51,56.35,48.52,35.47
353.51,34.95,21.10,22.52,21.08,97.51,56.21,48.52,35.47
353.52,35.01,21.10,22.49,21.08,97.51,56.21,48.52,35.47
353.53,35.01,21.10,22.52,21.08,97.51,56.35,48.52,35.47
353.54,35.01,21.10,22.52,21.08,97.51,56.21,48.52,35.47
353.55,35.01,21.13,22.52,21.08,97.88,56.35,48.52,35.47
353.56,34.95,21.10,22.52,21.08,97.51,56.21,48.52,35.47
353.57,34.95,21.10,22.52,21.05,97.51,56.21,48.62,35.47
353.58,35.01,21.10,22.52,21.08,97.51,56.21,48.52,35.47
353.59,34.95,21.10,22.52,21.08,97.51,56.21,48.52,35.47
353.60,35.08,21.13,22.52,21.08,97.51,56.21,48.52,35.47
353.61,35.01,21.10,22.52,21.08,97.51,56.21,48.52,35.47
353.62,35.08,21.10,22.52,21.08,97.51,56.21,48.52,35.47
353.63,34.95,21.10,22.52,21.08,97.51,56.21,48.52,35.47
353.64,34.95,21.10,22.52,21.08,97.51,56.21,48.52,35.47
353.65,34.95,21.10,22.52,21.08,97.51,56.21,48.52,35.47
353.66,35.01,21.10,22.52,21.08,97.51,56.35,48.52,35.47
353.67,35.01,21.10,22.52,21.08,97.51,56.21,48.52,35.41
353.68,35.01,21.10,22.49,21.08,97.51,56.21,48.52,35.47
353.69,35.08,21.13,22.52,21.08,97.51,56.21,48.52,35.47
353.70,35.08,21.13,22.52,21.08,97.51,56.35,48.52,35.47
353.71,34.95,21.10,22.52,21.08,97.51,56.21,48.52,35.47
353.72,34.95,21.10,22.49,21.05,97.51,56.21,48.52,35.47
353.73,35.01,21.10,22.52,21.08,97.14,56.21,48.52,35.47
353.74,34.95,21.10,22.52,21.08,97.51,56.21,48.52,35.47
353.75,34.95,21.13,22.52,21.08,97.51,56.35,48.62,35.47
353.76,35.01,21.13,22.52,21.08,97.51,56.21,48.52,35.47
353.77,34.95,21.10,22.52,21.08,97.51,56.35,48.52,35.47
353.78,34.95,21.10,22.52,21.08,97.51,56.21,48.52,35.47
353.79,35.01,21.10,22.52,21.08,97.51,56.21,48.52,35.47
353.80,35.01,21.13,22.52,21.08,97.51,56.35,48.52,35.47
353.81,35.08,21.10,22.52,21.08,97.51,56.21,48.52,35.47
353.82,34.95,21.07,22.52,21.08,97.51,56.21,48.52,35.47
353.83,34.95,21.10,22.49,21.08,97.51,56.21,48.52,35.47
353.84,34.95,21.10,22.56,21.08,97.51,56.21,48.52,35.47
353.85,35.01,21.13,22.52,21.08,97.51,56.21,48.52,35.47
353.86,35.01,21.10,22.52,21.08,97.51,56.21,48.52,35.47
353.87,34.95,21.10,22.49,21.08,97.51,56.21,48.52,35.47
353.88,35.08,21.10,22.49,21.08,97.51,56.35,48.52,35.47
353.89,34.95,21.13,22.52,21.08,97.51,56.21,48.52,35.47
353.90,35.01,21.13,22.52,21.08,97.51,56.21,48.52,35.47
353.91,35.01,21.10,22.52,21.08,97.51,56.21,48.52,35.47
353.92,35.01,21.10,22.52,21.08,97.51,56.21,48.41,35.47
353.93,35.01,21.10,22.52,21.08,97.51,56.21,48.41,35.47
353.94,34.95,21.10,22.52,21.08,97.51,56.35,48.52,35.47
353.95,35.01,21.13,22.52,21.08,97.51,56.35,48.52,35.54
353.96,35.01,21.10,22.52,21.08,97.51,56.21,48.62,35.47
353.97,34.95,21.10,22.52,21.08,97.51,56.21,48.52,35.47
353.98,34.95,21.10,22.52,21.08,97.51,56.21,48.52,35.47
353.99,34.95,21.10,22.52,21.08,97.51,56.21,48.52,35.47
354.00,34.95,21.13,22.52,21.08,97.51,56.21,48.52,35.47
354.01,35.08,21.10,22.52,21.08,97.51,56.21,48.52,35.47
354.02,34.95,21.10,22.52,21.08,97.14,56.35,48.52,35.47
354.03,34.95,21.10,22.52,21.08,97.51,56.21,48.52,35.54
354.04,35.01,21.10,22.52,21.08,97.51,56.35,48.52,35.54
354.05,35.01,21.13,22.52,21.08,97.51,56.35,48.52,35.47
354.06,35.01,21.10,22.52,21.08,97.51,56.35,48.52,35.47
354.07,34.95,21.13,22.52,21.08,97.51,56.21,48.52,35.47
354.08,35.01,21.10,22.49,21.08,97.51,56.21,48.52,35.47
354.09,35.01,21.07,22.52,21.05,97.51,56.35,48.52,35.47
354.10,35.08,21.13,22.52,21.11,97.51,56.21,48.52,35.47
354.11,34.95,21.13,22.52,21.08,97.51,56.21,48.52,35.47
354.12,34.95,21.10,22.49,21.08,97.51,56.35,48.52,35.47
354.13,35.01,21.13,22.52,21.08,97.51,56.35,48.52,35.47
354.14,35.01,21.13,22.52,21.08,97.51,56.21,48.52,35.47
354.15,34.95,21.13,22.52,21.08,97.51,56.35,48.52,35.47
354.16,34.95,21.10,22.52,21.08,97.51,56.21,48.52,35.47
354.17,34.95,21.10,22.52,21.08,97.51,56.35,48.52,35.47
354.18,35.01,21.10,22.52,21.08,97.51,56.21,48.52,35.54
354.19,35.01,21.13,22.52,21.08,97.51,56.21,48.52,35.47
354.20,35.01,21.10,22.52,21.08,97.51,56.35,48.52,35.61
354.21,35.01,21.13,22.52,21.08,97.51,56.35,48.52,35.41
354.22,34.95,21.10,22.52,21.08,97.51,56.35,48.52,35.47
354.23,34.95,21.10,22.52,21.08,97.51,56.21,48.52,35.47
354.24,35.01,21.13,22.52,21.08,97.51,56.21,48.52,35.47
354.25,35.01,21.13,22.52,21.05,97.51,56.35,48.52,35.47
354.26,35.01,21.13,22.52,21.08,97.14,56.35,48.52,35.47
354.27,34.95,21.10,22.52,21.08,97.51,56.21,48.52,35.47
354.28,34.95,21.10,22.52,21.08,97.51,56.21,48.52,35.47
354.29,35.08,21.13,22.52,21.08,97.51,56.35,48.52,35.47
354.30,35.01,21.13,22.52,21.08,97.51,56.21,48.52,35.47
354.31,34.95,21.13,22.52,21.08,97.51,56.21,48.52,35.47
354.32,34.95,21.10,22.52,21.08,97.51,56.21,48.52,35.47
354.33,35.01,21.10,22.52,21.08,97.51,56.21,48.52,35.54
354.34,35.01,21.13,22.52,21.08,97.51,56.35,48.52,35.54
354.35,35.01,21.10,22.56,21.08,97.51,56.21,48.52,35.47
354.36,35.01,21.13,22.52,21.08,97.14,56.21,48.52,35.47
354.37,35.08,21.13,22.52,21.08,97.51,56.21,48.52,35.54
354.38,35.01,21.10,22.52,21.08,97.51,56.21,48.52,35.47
354.39,35.01,21.10,22.52,21.08,97.51,56.21,48.52,35.47
354.40,35.01,21.13,22.52,21.08,97.51,56.21,48.52,35.47
354.41,35.01,21.10,22.52,21.08,97.51,56.35,48.52,35.47
354.42,34.95,21.10,22.52,21.08,97.51,56.21,48.52,35.47
354.43,35.08,21.10,22.52,21.08,97.51,56.35,48.52,35.47
354.44,35.08,21.13,22.52,21.08,97.14,56.35,48.41,35.47
354.45,35.08,21.13,22.52,21.08,97.51,56.35,48.62,35.47
354.46,34.95,21.13,22.52,21.08,97.51,56.21,48.41,35.47
354.47,35.01,21.10,22.52,21.08,97.51,56.21,48.52,35.47
354.48,34.95,21.10,22.52,21.08,97.51,56.21,48.52,35.47
354.49,35.08,21.13,22.52,21.08,97.51,56.35,48.52,35.47
354.50,35.08,21.13,22.52,21.08,97.51,56.35,48.52,35.47
354.51,34.95,21.13,22.52,21.08,97.51,56.35,48.52,35.54
354.52,35.01,21.10,22.52,21.08,97.51,56.35,48.52,35.47
354.53,35.01,21.13,22.52,21.08,97.51,56.21,48.52,35.47
354.54,35.08,21.13,22.52,21.08,97.51,56.35,48.52,35.47
354.55,35.08,21.13,22.52,21.08,97.51,56.35,48.52,35.47
354.56,35.01,21.10,22.52,21.08,97.51,56.21,48.52,35.47
354.57,35.01,21.10,22.52,21.08,97.51,56.21,48.41,35.47
354.58,34.95,21.10,22.52,21.08,97.51,56.21,48.52,35.47
354.59,34.95,21.10,22.52,21.08,97.51,56.21,48.52,35.54
354.60,35.08,21.13,22.52,21.08,97.51,56.35,48.52,35.47
354.61,35.01,21.10,22.52,21.08,97.51,56.21,48.52,35.47
354.62,34.95,21.10,22.52,21.08,97.51,56.35,48.52,35.47
354.63,34.88,21.10,22.52,21.08,97.51,56.35,48.52,35.47
354.64,35.08,21.13,22.52,21.08,97.51,56.35,48.52,35.47
354.65,35.01,21.13,22.52,21.08,97.51,56.35,48.52,35.47
354.66,34.95,21.13,22.52,21.08,97.51,56.35,48.52,35.54
354.67,34.95,21.13,22.52,21.08,97.51,56.35,48.52,35.47
354.68,34.95,21.10,22.52,21.08,97.51,56.21,48.52,35.54
354.69,35.08,21.10,22.52,21.08,97.51,56.21,48.52,35.47
354.70,35.01,21.13,22.52,21.08,97.51,56.21,48.52,35.47
354.71,34.95,21.10,22.52,21.08,97.51,56.21,48.52,35.47
354.72,34.95,21.13,22.52,21.08,97.51,56.35,48.52,35.47
354.73,35.08,21.13,22.49,21.08,97.51,56.35,48.52,35.47
354.74,35.08,21.13,22.52,21.08,97.51,56.35,48.52,35.54
354.75,35.01,21.13,22.52,21.11,97.51,56.35,48.62,35.47
354.76,35.01,21.10,22.52,21.08,97.51,56.21,48.52,35.54
354.77,35.01,21.13,22.52,21.08,97.51,56.35,48.52,35.47
354.78,35.01,21.10,22.52,21.08,97.51,56.35,48.52,35.54
354.79,35.08,21.13,22.52,21.08,97.51,56.35,48.52,35.54
354.80,35.08,21.13,22.56,21.08,97.51,56.35,48.62,35.47
354.81,35.08,21.13,22.52,21.08,97.51,56.21,48.52,35.47
354.82,35.08,21.10,22.52,21.08,97.14,56.35,48.52,35.47
354.83,35.01,21.10,22.52,21.08,97.88,56.21,48.52,35.47
354.84,35.01,21.13,22.52,21.08,97.51,56.35,48.52,35.54
354.85,35.08,21.13,22.52,21.08,97.51,56.35,48.52,35.47
354.86,35.01,21.13,22.52,21.08,97.51,56.21,48.52,35.54
354.87,34.95,21.10,22.52,21.08,97.51,56.21,48.62,35.47
354.88,35.01,21.10,22.52,21.08,97.51,56.21,48.52,35.54
354.89,35.01,21.13,22.52,21.08,97.51,56.21,48.52,35.54
354.90,35.08,21.13,22.52,21.08,97.51,56.21,48.52,35.47
354.91,34.95,21.10,22.52,21.08,97.51,56.35,48.52,35.47
354.92,35.01,21.10,22.52,21.08,97.51,56.21,48.52,35.47
354.93,34.95,21.10,22.52,21.08,97.51,56.21,48.52,35.47
354.94,34.95,21.13,22.52,21.08,97.51,56.21,48.74,35.54
354.95,35.08,21.13,22.52,21.08,97.51,56.35,48.62,35.54
354.96,34.95,21.10,22.52,21.08,97.51,56.21,48.52,35.54
354.97,35.01,21.10,22.52,21.08,97.51,56.35,48.62,35.47
354.98,34.95,21.10,22.52,21.08,97.51,56.21,48.52,35.54
354.99,34.95,21.13,22.52,21.08,97.51,56.35,48.52,35.47
355.00,35.01,21.13,22.52,21.08,97.51,56.21,48.52,35.47
355.01,35.01,21.13,22.52,21.08,97.51,56.35,48.62,35.54
355.02,34.95,21.10,22.52,21.08,97.14,56.21,48.52,35.47
355.03,34.95,21.10,22.52,21.08,97.51,56.21,48.52,35.54
355.04,35.01,21.13,22.52,21.08,97.51,56.35,48.52,35.47
355.05,35.01,21.13,22.52,21.08,97.51,56.35,48.52,35.54
355.06,34.95,21.10,22.52,21.08,97.51,56.21,48.52,35.47
355.07,35.01,21.10,22.52,21.08,97.51,56.21,48.52,35.47
355.08,35.01,21.10,22.52,21.08,97.51,56.21,48.52,35.47
355.09,35.08,21.13,22.52,21.08,97.51,56.35,48.52,35.54
355.10,35.08,21.13,22.52,21.08,97.51,56.35,48.52,35.47
355.11,35.01,21.10,22.52,21.08,97.14,56.21,48.52,35.47
355.12,35.01,21.13,22.52,21.08,97.51,56.35,48.52,35.47
355.13,35.08,21.16,22.52,21.08,97.51,56.35,48.52,35.54
355.14,35.01,21.13,22.52,21.08,97.51,56.21,48.52,35.47
355.15,35.01,21.13,22.52,21.08,97.51,56.21,48.52,35.54
355.16,34.95,21.10,22.52,21.08,97.51,56.21,48.52,35.47
355.17,34.95,21.10,22.52,21.08,97.51,56.35,48.52,35.47
355.18,34.95,21.13,22.52,21.08,97.51,56.21,48.52,35.47
355.19,35.01,21.13,22.52,21.08,97.51,56.21,48.62,35.54
355.20,35.01,21.13,22.52,21.08,97.51,56.35,48.52,35.47
355.21,35.08,21.10,22.52,21.11,97.51,56.21,48.52,35.54
355.22,35.08,21.10,22.52,21.08,97.14,56.21,48.52,35.47
355.23,35.01,21.13,22.52,21.08,97.14,56.21,48.52,35.54
355.24,35.08,21.13,22.52,21.08,97.51,56.35,48.52,35.47
355.25,35.08,21.13,22.56,21.08,97.51,56.21,48.52,35.54
355.26,35.01,21.13,22.52,21.08,97.51,56.21,48.52,35.47
355.27,35.01,21.10,22.52,21.08,97.51,56.21,48.52,35.47
355.28,35.01,21.13,22.52,21.08,97.51,56.21,48.52,35.47
355.29,35.01,21.13,22.52,21.08,97.51,56.35,48.52,35.54
355.30,35.08,21.13,22.52,21.08,97.51,56.35,48.52,35.47
355.31,35.01,21.10,22.52,21.08,97.51,56.35,48.52,35.54
355.32,35.01,21.10,22.52,21.11,97.51,56.21,48.52,35.47
355.33,34.95,21.10,22.52,21.08,97.51,56.21,48.52,35.47
355.34,35.01,21.10,22.52,21.08,97.51,56.35,48.62,35.54
355.35,35.08,21.16,22.52,21.11,97.51,56.21,48.62,35.54
355.36,35.01,21.10,22.52,21.08,97.51,56.21,48.52,35.47
355.37,35.01,21.10,22.52,21.08,97.51,56.21,48.52,35.54
355.38,35.01,21.13,22.52,21.08,97.51,56.35,48.52,35.54
355.39,35.01,21.13,22.52,21.08,97.51,56.21,48.52,35.47
355.40,35.08,21.13,22.52,21.08,97.51,56.35,48.52,35.54
355.41,35.08,21.13,22.52,21.08,97.51,56.07,48.52,35.47
355.42,35.01,21.10,22.52,21.08,97.51,56.21,48.52,35.54
355.43,35.01,21.10,22.52,21.08,97.88,56.35,48.52,35.54
355.44,35.08,21.13,22.52,21.08,97.51,56.35,48.52,35.47
355.45,35.01,21.16,22.52,21.08,97.51,56.35,48.52,35.47
355.46,35.08,21.13,22.52,21.08,97.51,56.21,48.52,35.47
355.47,35.01,21.10,22.52,21.08,97.51,56.35,48.52,35.54
355.48,35.01,21.07,22.52,21.08,97.51,56.21,48.62,35.47
355.49,35.01,21.13,22.52,21.08,97.51,56.21,48.62,35.47
355.50,35.01,21.13,22.52,21.08,97.14,56.21,48.52,35.47
355.51,35.01,21.10,22.52,21.08,97.51,56.35,48.52,35.54
355.52,35.08,21.13,22.52,21.08,97.51,56.21,48.52,35.54
355.53,34.95,21.13,22.52,21.08,97.51,56.21,48.52,35.54
355.54,34.95,21.13,22.52,21.08,97.51,56.35,48.52,35.54
355.55,35.08,21.13,22.52,21.08,97.51,56.35,48.52,35.54
355.56,35.01,21.10,22.52,21.08,97.51,56.21,48.52,35.54
355.57,34.95,21.10,22.52,21.08,97.51,56.21,48.52,35.54
355.58,35.08,21.13,22.52,21.08,97.51,56.21,48.52,35.54
355.59,34.95,21.13,22.56,21.08,97.51,56.21,48.62,35.54
355.60,35.08,21.13,22.56,21.08,97.51,56.35,48.62,35.54
355.61,35.01,21.10,22.49,21.08,97.51,56.21,48.62,35.47
355.62,35.01,21.10,22.52,21.08,97.51,56.35,48.52,35.54
355.63,35.01,21.10,22.52,21.08,97.14,56.35,48.52,35.54
355.64,35.01,21.13,22.52,21.11,97.51,56.21,48.62,35.54
355.65,34.95,21.13,22.52,21.08,97.51,56.21,48.62,35.54
355.66,35.01,21.10,22.52,21.08,97.14,56.35,48.52,35.54
355.67,35.08,21.10,22.52,21.08,97.88,56.21,48.52,35.54
355.68,35.01,21.10,22.52,21.08,97.14,56.35,48.52,35.54
355.69,34.95,21.13,22.52,21.08,97.51,56.35,48.62,35.47
355.70,35.01,21.13,22.52,21.08,97.51,56.21,48.62,35.54
355.71,35.08,21.10,22.52,21.08,97.51,56.21,48.41,35.54
355.72,34.95,21.10,22.52,21.08,97.51,56.21,48.62,35.54
355.73,35.01,21.10,22.52,21.08,97.51,56.35,48.52,35.54
355.74,35.01,21.13,22.52,21.08,97.51,56.35,48.52,35.54
355.75,35.01,21.13,22.52,21.11,97.51,56.35,48.62,35.54
355.76,34.95,21.13,22.52,21.08,97.51,56.35,48.52,35.54
355.77,35.01,21.10,22.52,21.08,97.51,56.21,48.52,35.54
355.78,35.01,21.10,22.52,21.08,97.51,56.21,48.52,35.54
355.79,35.01,21.13,22.52,21.08,97.51,56.21,48.62,35.54
355.80,35.01,21.13,22.52,21.08,97.51,56.21,48.52,35.54
355.81,34.95,21.10,22.56,21.08,97.51,56.21,48.52,35.54
355.82,35.01,21.10,22.52,21.08,97.51,56.21,48.52,35.54
355.83,34.95,21.10,22.52,21.08,97.51,56.21,48.52,35.54
355.84,35.08,21.13,22.52,21.08,97.51,56.35,48.52,35.54
355.85,35.01,21.13,22.52,21.08,97.51,56.35,48.52,35.54
355.86,35.01,21.13,22.52,21.08,97.51,56.21,48.52,35.54
355.87,34.95,21.10,22.52,21.08,97.51,56.21,48.52,35.54
355.88,34.95,21.10,22.52,21.08,97.51,56.35,48.52,35.54
355.89,35.01,21.13,22.52,21.08,97.51,56.35,48.52,35.54
355.90,35.08,21.13,22.52,21.08,97.51,56.35,48.52,35.54
355.91,35.01,21.13,22.52,21.08,97.51,56.35,48.52,35.54
355.92,34.95,21.10,22.52,21.08,97.51,56.35,48.52,35.54
355.93,35.01,21.13,22.52,21.08,97.51,56.35,48.52,35.61
355.94,35.01,21.13,22.52,21.08,97.51,56.21,48.52,35.54
355.95,35.08,21.13,22.52,21.08,97.51,56.21,48.52,35.54
355.96,34.95,21.10,22.52,21.08,97.51,56.21,48.52,35.54
355.97,35.08,21.13,22.52,21.08,97.51,56.21,48.52,35.54
355.98,35.01,21.10,22.52,21.08,97.51,56.35,48.52,35.54
355.99,34.95,21.13,22.52,21.08,97.51,56.35,48.52,35.54
356.00,35.08,21.10,22.52,21.08,97.51,56.35,48.52,35.54
356.01,34.95,21.10,22.52,21.08,97.51,56.21,48.41,35.54
356.02,35.01,21.10,22.52,21.08,97.51,56.35,48.52,35.54
356.03,35.01,21.13,22.52,21.08,97.51,56.21,48.52,35.54
356.04,35.08,21.10,22.52,21.11,97.51,56.21,48.62,35.47
356.05,35.01,21.13,22.52,21.08,97.51,56.35,48.52,35.54
356.06,34.95,21.13,22.52,21.08,97.51,56.21,48.52,35.54
356.07,34.95,21.13,22.52,21.08,97.51,56.21,48.52,35.54
356.08,35.01,21.10,22.52,21.08,97.51,56.21,48.52,35.54
356.09,34.95,21.13,22.52,21.08,97.51,56.35,48.52,35.54
356.10,35.01,21.13,22.52,21.08,97.51,56.35,48.52,35.54
356.11,34.95,21.13,22.52,21.08,97.51,56.21,48.52,35.54
356.12,35.01,21.10,22.52,21.08,97.51,56.35,48.52,35.54
356.13,34.95,21.07,22.52,21.08,97.51,56.21,48.52,35.47
356.14,34.95,21.13,22.52,21.08,97.51,56.21,48.62,35.54
356.15,35.01,21.13,22.52,21.08,97.51,56.35,48.52,35.54
356.16,35.01,21.13,22.52,21.08,97.51,56.21,48.52,35.54
356.17,35.01,21.10,22.52,21.08,97.51,56.21,48.52,35.54
356.18,34.95,21.13,22.52,21.08,97.51,56.21,48.52,35.54
356.19,35.08,21.13,22.52,21.08,97.51,56.21,48.52,35.54
356.20,35.01,21.13,22.52,21.11,97.51,56.21,48.52,35.54
356.21,34.95,21.10,22.52,21.11,97.14,56.21,48.52,35.54
356.22,34.95,21.10,22.52,21.08,97.51,56.35,48.52,35.54
356.23,34.95,21.13,22.52,21.08,97.51,56.35,48.52,35.54
356.24,35.01,21.13,22.52,21.08,97.51,56.21,48.52,35.54
356.25,35.08,21.13,22.56,21.08,97.51,56.35,48.52,35.54
356.26,35.01,21.13,22.52,21.08,97.51,56.21,48.52,35.54
356.27,35.01,21.10,22.52,21.08,97.14,56.21,48.52,35.54
356.28,35.01,21.13,22.52,21.08,97.51,56.35,48.52,35.54
356.29,34.95,21.13,22.52,21.08,97.51,56.21,48.52,35.54
356.30,35.08,21.13,22.52,21.08,97.51,56.21,48.52,35.54
356.31,34.95,21.10,22.52,21.08,97.51,56.21,48.52,35.54
356.32,34.95,21.10,22.52,21.08,97.51,56.35,48.52,35.54
356.33,35.08,21.10,22.52,21.11,97.14,56.35,48.52,35.54
356.34,35.01,21.10,22.52,21.08,97.51,56.21,48.52,35.54
356.35,35.08,21.13,22.52,21.08,97.51,56.35,48.52,35.54
356.36,35.01,21.10,22.52,21.08,97.51,56.21,48.52,35.54
356.37,34.95,21.10,22.52,21.08,97.51,56.21,48.52,35.54
356.38,35.01,21.10,22.52,21.11,97.51,56.21,48.52,35.54
356.39,35.08,21.13,22.52,21.08,97.51,56.35,48.52,35.54
356.40,35.01,21.13,22.52,21.08,97.51,56.21,48.52,35.54
356.41,35.01,21.10,22.52,21.08,97.51,56.21,48.52,35.61
356.42,35.01,21.10,22.52,21.08,97.51,56.21,48.52,35.54
356.43,35.01,21.10,22.52,21.08,97.51,56.21,48.52,35.54
356.44,34.95,21.10,22.52,21.08,97.51,56.21,48.52,35.61
356.45,35.01,21.10,22.52,21.08,97.51,56.35,48.52,35.54
356.46,34.95,21.10,22.52,21.08,97.51,56.35,48.52,35.54
356.47,35.01,21.10,22.52,21.08,97.51,56.21,48.52,35.54
356.48,35.01,21.10,22.52,21.08,97.51,56.21,48.52,35.54
356.49,35.08,21.13,22.52,21.08,97.51,56.35,48.52,35.54
356.50,35.08,21.13,22.52,21.08,97.51,56.35,48.52,35.54
356.51,34.95,21.13,22.52,21.08,97.51,56.21,48.52,35.54
356.52,34.95,21.10,22.49,21.08,97.51,56.21,48.52,35.54
356.53,34.95,21.10,22.52,21.08,97.14,56.21,48.62,35.54
356.54,35.08,21.13,22.52,21.08,97.51,56.35,48.52,35.54
356.55,35.01,21.10,22.52,21.11,97.51,56.21,48.62,35.54
356.56,35.01,21.13,22.52,21.08,97.14,56.21,48.52,35.54
356.57,35.01,21.13,22.52,21.08,97.51,56.21,48.52,35.54
356.58,35.01,21.10,22.52,21.08,97.51,56.21,48.52,35.54
356.59,35.08,21.13,22.52,21.11,97.51,56.21,48.52,35.54
356.60,34.95,21.13,22.52,21.08,97.51,56.21,48.52,35.54
356.61,34.95,21.10,22.52,21.08,97.14,56.21,48.52,35.54
356.62,35.01,21.10,22.52,21.08,97.51,56.21,48.52,35.54
356.63,35.01,21.10,22.52,21.08,97.51,56.21,48.52,35.54
356.64,34.95,21.10,22.52,21.11,97.51,56.35,48.52,35.54
356.65,34.95,21.10,22.52,21.08,97.51,56.21,48.52,35.54
356.66,34.95,21.10,22.49,21.08,97.51,56.35,48.52,35.54
356.67,34.95,21.10,22.49,21.08,97.51,56.07,48.52,35.54
356.68,35.01,21.10,22.52,21.11,97.14,56.07,48.52,35.54
356.69,34.95,21.10,22.52,21.08,97.51,56.35,48.52,35.61
356.70,34.95,21.10,22.52,21.08,97.14,56.21,48.62,35.47
356.71,34.95,21.10,22.52,21.08,97.51,56.21,48.52,35.61
356.72,34.88,21.10,22.49,21.08,97.51,56.21,48.41,35.47
356.73,34.95,21.10,22.52,21.08,97.51,56.21,48.52,35.54
356.74,34.95,21.10,22.49,21.08,97.51,56.21,48.52,35.61
356.75,35.01,21.13,22.52,21.08,97.51,56.21,48.52,35.54
356.76,34.95,21.10,22.49,21.08,97.51,56.21,48.52,35.54
356.77,35.01,21.10,22.49,21.08,97.14,56.21,48.52,35.54
356.78,34.95,21.10,22.49,21.08,97.51,56.21,48.52,35.61
356.79,35.01,21.10,22.52,21.08,97.51,56.35,48.52,35.61
356.80,35.08,21.10,22.52,21.08,97.51,56.07,48.52,35.54
356.81,34.88,21.10,22.49,21.11,97.51,56.21,48.52,35.54
356.82,34.95,21.07,22.49,21.08,97.51,56.21,48.52,35.54
356.83,34.95,21.07,22.49,21.08,97.51,56.21,48.52,35.54
356.84,35.01,21.10,22.52,21.08,97.51,56.35,48.52,35.54
356.85,34.95,21.10,22.49,21.11,97.51,56.35,48.52,35.54
356.86,35.01,21.10,22.52,21.08,97.51,56.21,48.52,35.54
356.87,34.95,21.10,22.49,21.08,97.14,56.21,48.41,35.54
356.88,35.01,21.10,22.49,21.08,97.14,56.21,48.52,35.54
356.89,34.95,21.10,22.49,21.08,97.14,56.21,48.52,35.61
356.90,34.95,21.10,22.52,21.08,97.51,56.21,48.52,35.54
356.91,34.95,21.07,22.49,21.08,97.14,56.07,48.52,35.54
356.92,34.95,21.10,22.49,21.08,97.14,56.21,48.52,35.54
356.93,34.95,21.10,22.49,21.11,97.14,56.21,48.41,35.54
356.94,35.01,21.10,22.49,21.08,97.51,56.21,48.62,35.54
356.95,35.01,21.13,22.49,21.08,97.51,56.21,48.30,35.54
356.96,34.88,21.07,22.49,21.08,97.14,56.21,48.62,35.54
356.97,34.88,21.07,22.49,21.11,97.14,56.07,48.52,35.54
356.98,34.95,21.10,22.49,21.08,97.51,56.21,48.52,35.54
356.99,35.01,21.07,22.49,21.08,97.14,56.21,48.52,35.54
357.00,35.01,21.10,22.49,21.08,97.14,56.21,48.52,35.61
357.01,35.01,21.10,22.49,21.08,97.14,56.21,48.52,35.54
357.02,34.88,21.07,22.46,21.08,97.14,56.21,48.41,35.54
357.03,34.95,21.07,22.49,21.08,97.51,56.21,48.52,35.54
357.04,34.95,21.10,22.49,21.08,97.14,56.21,48.52,35.54
357.05,35.01,21.10,22.49,21.08,97.51,56.21,48.52,35.54
357.06,34.88,21.07,22.49,21.08,97.51,56.07,48.52,35.54
357.07,34.95,21.07,22.46,21.08,97.14,56.21,48.41,35.54
357.08,34.95,21.07,22.49,21.08,97.14,56.21,48.52,35.54
357.09,34.95,21.10,22.49,21.08,97.14,56.35,48.52,35.54
357.10,35.01,21.10,22.49,21.08,97.51,56.07,48.52,35.54
357.11,34.88,21.07,22.49,21.08,97.14,56.07,48.52,35.54
357.12,34.95,21.07,22.49,21.08,97.14,56.21,48.52,35.54
357.13,34.95,21.07,22.49,21.08,97.51,56.21,48.52,35.54
357.14,34.95,21.10,22.49,21.08,97.51,56.21,48.41,35.54
357.15,34.95,21.10,22.49,21.08,97.14,56.21,48.52,35.54
357.16,34.95,21.07,22.49,21.08,97.14,56.21,48.41,35.54
357.17,34.95,21.07,22.49,21.08,97.51,56.21,48.41,35.61
357.18,34.95,21.07,22.49,21.08,97.51,56.21,48.52,35.61
357.19,34.95,21.07,22.49,21.08,97.51,56.21,48.52,35.54
357.20,35.01,21.10,22.49,21.11,97.51,56.21,48.52,35.54
357.21,34.88,21.07,22.46,21.08,97.14,56.21,48.41,35.54
357.22,34.95,21.07,22.49,21.08,97.14,56.07,48.52,35.54
357.23,34.95,21.07,22.49,21.08,97.14,56.21,48.52,35.54
357.24,34.95,21.10,22.49,21.08,97.14,56.21,48.41,35.54
357.25,34.88,21.07,22.49,21.08,97.14,56.21,48.52,35.54
357.26,34.95,21.07,22.46,21.08,97.14,56.07,48.41,35.54
357.27,34.88,21.07,22.49,21.08,97.14,56.21,48.41,35.54
357.28,35.01,21.07,22.49,21.08,97.14,56.21,48.52,35.54
357.29,34.95,21.10,22.49,21.08,97.14,56.21,48.41,35.54
357.30,34.95,21.10,22.49,21.08,97.14,56.07,48.41,35.54
357.31,34.88,21.07,22.49,21.08,97.14,56.21,48.41,35.54
357.32,34.95,21.07,22.49,21.08,97.14,56.21,48.52,35.54
357.33,34.88,21.07,22.49,21.08,96.77,56.21,48.41,35.54
357.34,35.01,21.10,22.49,21.08,97.14,56.21,48.52,35.61
357.35,34.95,21.07,22.49,21.08,97.51,56.07,48.41,35.54
357.36,34.95,21.07,22.49,21.08,97.14,56.21,48.41,35.54
357.37,34.88,21.07,22.49,21.08,97.14,56.21,48.41,35.54
357.38,34.88,21.07,22.49,21.08,97.51,56.21,48.62,35.54
357.39,34.95,21.07,22.49,21.08,97.14,56.21,48.41,35.54
357.40,34.88,21.10,22.49,21.08,97.14,56.07,48.52,35.54
357.41,34.95,21.07,22.46,21.08,97.14,56.07,48.41,35.54
357.42,34.88,21.07,22.46,21.08,97.14,56.21,48.52,35.54
357.43,34.88,21.07,22.46,21.08,97.14,56.07,48.41,35.54
357.44,34.95,21.07,22.49,21.08,97.14,56.21,48.41,35.54
357.45,34.95,21.07,22.49,21.08,97.14,56.07,48.41,35.54
357.46,34.95,21.07,22.49,21.08,97.14,56.21,48.41,35.61
357.47,34.95,21.07,22.46,21.08,97.14,56.21,48.41,35.54
357.48,34.95,21.07,22.49,21.08,97.14,56.21,48.41,35.54
357.49,34.95,21.07,22.49,21.08,97.14,56.21,48.41,35.54
357.50,34.95,21.07,22.49,21.08,97.14,56.21,48.52,35.54
357.51,34.95,21.07,22.49,21.08,97.14,56.07,48.52,35.61
357.52,34.88,21.07,22.46,21.08,97.14,56.07,48.41,35.54
357.53,34.95,21.04,22.46,21.08,97.14,56.21,48.41,35.54
357.54,34.95,21.07,22.49,21.08,97.14,56.07,48.52,35.54
357.55,34.95,21.07,22.49,21.08,97.51,56.21,48.41,35.54
357.56,34.95,21.07,22.46,21.08,97.14,56.21,48.41,35.61
357.57,34.88,21.07,22.46,21.08,97.14,56.07,48.41,35.54
357.58,34.95,21.07,22.49,21.08,97.51,56.21,48.41,35.61
357.59,34.88,21.07,22.49,21.08,97.51,56.21,48.52,35.54
357.60,34.95,21.07,22.49,21.08,97.51,56.21,48.52,35.54
357.61,34.88,21.07,22.46,21.08,97.14,56.07,48.41,35.54
357.62,34.88,21.04,22.49,21.08,97.14,56.07,48.41,35.54
357.63,34.95,21.07,22.46,21.08,97.14,56.07,48.41,35.54
357.64,34.95,21.10,22.49,21.08,97.14,56.21,48.41,35.54
357.65,34.95,21.07,22.46,21.08,97.14,56.21,48.41,35.54
357.66,34.88,21.07,22.46,21.08,97.14,56.21,48.41,35.54
357.67,34.95,21.07,22.46,21.08,97.14,56.07,48.41,35.61
357.68,35.01,21.07,22.49,21.08,97.14,56.21,48.41,35.61
357.69,34.88,21.07,22.49,21.11,97.51,56.21,48.52,35.61
357.70,34.95,21.07,22.49,21.08,97.14,56.21,48.41,35.54
357.71,34.88,21.07,22.46,21.08,97.14,56.07,48.52,35.54
357.72,34.88,21.04,22.46,21.08,97.14,56.21,48.52,35.54
357.73,34.95,21.07,22.46,21.08,97.14,56.21,48.41,35.54
357.74,34.95,21.07,22.49,21.08,97.14,56.35,48.41,35.61
357.75,34.88,21.07,22.49,21.08,97.14,56.21,48.52,35.54
357.76,34.95,21.07,22.46,21.08,97.14,56.21,48.41,35.54
357.77,34.88,21.07,22.46,21.08,97.14,56.21,48.41,35.61
357.78,34.88,21.04,22.46,21.08,97.14,56.21,48.41,35.54
357.79,35.01,21.10,22.49,21.08,97.51,56.07,48.41,35.54
357.80,34.88,21.07,22.49,21.08,97.14,56.07,48.52,35.54
357.81,34.88,21.07,22.46,21.08,97.14,56.21,48.52,35.54
357.82,34.95,21.07,22.46,21.08,97.14,56.21,48.41,35.54
357.83,34.88,21.10,22.49,21.08,97.14,56.21,48.52,35.54
357.84,34.95,21.10,22.49,21.11,97.14,56.21,48.52,35.54
357.85,34.88,21.07,22.49,21.08,97.14,56.21,48.52,35.61
357.86,34.95,21.07,22.46,21.11,97.14,56.07,48.41,35.54
357.87,34.82,21.07,22.46,21.08,97.14,56.21,48.41,35.54
357.88,34.88,21.04,22.46,21.08,97.14,56.07,48.41,35.61
357.89,34.88,21.10,22.49,21.11,97.14,56.21,48.41,35.61
357.90,34.95,21.07,22.49,21.08,97.51,56.07,48.41,35.61
357.91,34.95,21.07,22.46,21.08,97.14,56.21,48.41,35.54
357.92,34.88,21.07,22.46,21.08,97.14,56.21,48.52,35.54
357.93,34.95,21.04,22.46,21.08,97.14,56.07,48.52,35.47
357.94,34.95,21.10,22.49,21.08,97.14,56.35,48.52,35.61
357.95,34.95,21.07,22.49,21.08,97.51,55.93,48.52,35.47
357.96,34.88,21.04,22.46,21.08,97.14,56.21,48.41,35.61
357.97,34.88,21.07,22.46,21.08,97.14,56.07,48.41,35.61
357.98,34.95,21.07,22.49,21.08,97.14,56.21,48.41,35.54
357.99,35.01,21.07,22.49,21.11,97.14,56.21,48.52,35.54
358.00,35.01,21.07,22.49,21.08,97.14,56.21,48.41,35.61
358.01,34.88,21.07,22.46,21.08,97.14,56.07,48.41,35.54
358.02,34.88,21.04,22.46,21.08,97.51,56.07,48.41,35.54
358.03,34.88,21.07,22.49,21.08,97.14,56.21,48.41,35.54
358.04,34.95,21.07,22.49,21.11,97.14,56.21,48.52,35.61
358.05,34.95,21.07,22.49,21.08,97.14,56.21,48.41,35.54
358.06,34.88,21.04,22.46,21.08,97.14,56.07,48.41,35.61
358.07,34.95,21.04,22.46,21.08,97.51,56.21,48.41,35.54
358.08,34.88,21.07,22.49,21.08,97.51,56.07,48.52,35.54
358.09,35.01,21.07,22.49,21.08,97.14,56.21,48.52,35.61
358.10,34.88,21.07,22.46,21.08,97.14,56.21,48.52,35.61
358.11,34.95,21.07,22.49,21.08,97.14,56.07,48.52,35.54
358.12,34.95,21.04,22.42,21.08,97.14,56.07,48.41,35.61
358.13,34.88,21.07,22.46,21.08,97.51,56.21,48.52,35.61
358.14,34.88,21.07,22.49,21.08,97.51,56.21,48.41,35.61
358.15,35.01,21.07,22.46,21.08,97.14,56.21,48.41,35.54
358.16,34.95,21.04,22.49,21.08,97.14,56.07,48.41,35.61
358.17,34.95,21.07,22.46,21.08,97.14,56.21,48.41,35.54
358.18,35.01,21.07,22.49,21.08,97.14,56.21,48.41,35.61
358.19,34.88,21.07,22.49,21.08,97.51,56.21,48.52,35.54
358.20,34.95,21.07,22.49,21.08,97.51,56.21,48.41,35.61
358.21,34.95,21.07,22.49,21.08,97.14,56.07,48.52,35.61
358.22,34.95,21.07,22.46,21.08,97.14,56.07,48.30,35.54
358.23,34.95,21.07,22.49,21.08,96.77,56.21,48.52,35.61
358.24,34.95,21.07,22.49,21.08,97.14,56.21,48.52,35.61
358.25,34.95,21.07,22.49,21.08,97.14,56.21,48.41,35.61
358.26,34.88,21.07,22.46,21.08,97.14,56.21,48.41,35.61
358.27,34.88,21.07,22.46,21.08,97.14,56.07,48.52,35.61
358.28,34.95,21.07,22.49,21.08,97.51,56.07,48.41,35.61
358.29,34.88,21.07,22.49,21.11,97.14,56.21,48.52,35.61
358.30,34.88,21.10,22.49,21.11,97.14,56.21,48.52,35.61
358.31,34.88,21.07,22.49,21.08,97.51,56.21,48.52,35.61
358.32,34.95,21.07,22.49,21.11,97.14,56.21,48.52,35.54
358.33,34.88,21.07,22.49,21.11,97.14,56.21,48.41,35.54
358.34,35.01,21.10,22.49,21.08,97.14,56.21,48.52,35.61
358.35,34.95,21.07,22.49,21.11,97.14,56.21,48.52,35.61
358.36,34.88,21.07,22.46,21.08,97.14,56.07,48.52,35.61
358.37,34.88,21.07,22.46,21.11,97.14,56.21,48.52,35.54
358.38,34.95,21.07,22.49,21.08,97.14,56.21,48.52,35.61
358.39,34.95,21.07,22.49,21.08,97.14,56.07,48.52,35.61
358.40,34.95,21.07,22.49,21.08,97.51,56.07,48.52,35.61
358.41,34.95,21.07,22.49,21.08,97.51,56.21,48.52,35.54
358.42,34.95,21.04,22.46,21.08,97.14,56.21,48.52,35.61
358.43,34.95,21.07,22.49,21.08,97.14,56.21,48.41,35.61
358.44,35.01,21.10,22.49,21.08,97.14,56.21,48.52,35.61
358.45,34.95,21.10,22.49,21.11,97.14,56.21,48.52,35.61
358.46,35.01,21.07,22.49,21.08,97.14,56.07,48.52,35.61
358.47,34.95,21.07,22.46,21.08,97.14,56.21,48.52,35.61
358.48,34.95,21.07,22.49,21.08,97.14,56.21,48.52,35.61
358.49,34.95,21.07,22.49,21.08,97.14,56.21,48.52,35.61
358.50,34.95,21.07,22.49,21.08,97.14,56.21,48.52,35.61
358.51,34.88,21.07,22.49,21.08,97.51,56.07,48.41,35.61
358.52,34.95,21.07,22.49,21.08,97.51,56.21,48.41,35.61
358.53,34.95,21.07,22.49,21.08,97.14,56.21,48.41,35.61
358.54,34.95,21.10,22.49,21.08,97.51,56.21,48.52,35.61
358.55,34.95,21.07,22.49,21.08,97.51,56.21,48.52,35.61
358.56,34.95,21.07,22.49,21.08,97.14,56.21,48.52,35.61
358.57,34.88,21.07,22.49,21.08,97.51,56.21,48.52,35.61
358.58,35.01,21.07,22.49,21.08,97.51,56.21,48.52,35.61
358.59,34.95,21.10,22.49,21.08,97.51,56.21,48.52,35.61
358.60,34.88,21.10,22.49,21.11,97.14,56.21,48.52,35.61
358.61,34.88,21.10,22.46,21.08,97.14,56.21,48.52,35.54
358.62,34.95,21.07,22.46,21.08,97.14,56.21,48.52,35.61
358.63,34.95,21.07,22.49,21.08,97.14,56.21,48.52,35.61
358.64,34.95,21.10,22.49,21.08,97.51,56.21,48.52,35.61
358.65,34.95,21.10,22.49,21.08,97.14,56.35,48.52,35.61
358.66,34.95,21.10,22.49,21.08,97.14,56.07,48.52,35.54
358.67,35.01,21.07,22.49,21.08,97.14,56.21,48.52,35.61
358.68,34.95,21.10,22.49,21.11,97.14,56.21,48.52,35.61
358.69,35.01,21.10,22.49,21.08,97.14,56.21,48.52,35.61
358.70,35.01,21.07,22.49,21.08,97.14,56.21,48.52,35.61
358.71,35.01,21.07,22.49,21.11,97.14,56.21,48.41,35.61
358.72,34.95,21.07,22.49,21.08,97.14,56.21,48.52,35.61
358.73,34.95,21.10,22.49,21.08,97.14,56.07,48.41,35.61
358.74,34.95,21.07,22.49,21.08,97.51,56.21,48.52,35.61
358.75,35.01,21.10,22.49,21.11,97.14,56.21,48.52,35.61
358.76,34.95,21.07,22.49,21.11,97.14,56.21,48.52,35.61
358.77,34.95,21.07,22.49,21.08,97.14,56.21,48.52,35.61
358.78,35.01,21.07,22.46,21.08,97.51,56.35,48.52,35.61
358.79,34.95,21.10,22.49,21.08,97.51,56.21,48.52,35.61
358.80,34.95,21.10,22.49,21.08,97.51,56.21,48.52,35.61
358.81,34.95,21.07,22.49,21.08,97.51,56.21,48.52,35.61
358.82,34.88,21.10,22.49,21.08,97.14,56.21,48.41,35.61
358.83,34.95,21.07,22.49,21.08,97.14,56.21,48.52,35.61
358.84,34.95,21.10,22.49,21.08,97.51,56.21,48.52,35.61
358.85,34.95,21.07,22.49,21.08,97.51,56.21,48.52,35.61
358.86,34.95,21.07,22.49,21.08,97.14,56.21,48.52,35.61
358.87,35.01,21.10,22.49,21.11,97.14,56.21,48.52,35.61
358.88,35.01,21.10,22.49,21.08,97.14,56.21,48.52,35.54
358.89,35.01,21.10,22.49,21.08,97.51,56.21,48.52,35.61
358.90,35.01,21.10,22.49,21.08,97.51,56.21,48.52,35.61
358.91,35.01,21.07,22.49,21.08,97.51,56.21,48.52,35.61
358.92,35.01,21.07,22.49,21.08,97.51,56.21,48.52,35.61
358.93,34.95,21.07,22.49,21.11,97.14,56.21,48.52,35.61
358.94,35.08,21.10,22.52,21.11,97.14,56.21,48.52,35.61
358.95,35.01,21.10,22.49,21.11,97.51,56.21,48.52,35.61
358.96,34.95,21.10,22.49,21.08,97.14,56.21,48.41,35.61
358.97,34.88,21.07,22.49,21.11,97.14,56.21,48.52,35.61
358.98,34.95,21.10,22.49,21.11,97.14,56.21,48.52,35.61
358.99,34.95,21.10,22.52,21.11,97.51,56.21,48.52,35.61
359.00,34.95,21.10,22.49,21.08,97.51,56.21,48.52,35.61
359.01,34.95,21.10,22.49,21.08,97.14,56.21,48.52,35.61
359.02,34.95,21.07,22.49,21.08,97.51,56.21,48.52,35.61
359.03,35.01,21.10,22.49,21.08,97.51,56.21,48.52,35.61
359.04,34.95,21.10,22.52,21.08,97.14,56.21,48.52,35.61
359.05,34.95,21.10,22.49,21.08,97.51,56.21,48.52,35.61
359.06,34.95,21.10,22.49,21.08,97.51,56.21,48.52,35.61
359.07,35.01,21.07,22.49,21.11,97.14,56.21,48.52,35.61
359.08,35.01,21.10,22.49,21.08,97.51,56.35,48.52,35.61
359.09,34.95,21.13,22.49,21.11,97.51,56.21,48.52,35.61
359.10,35.08,21.07,22.49,21.11,97.14,56.35,48.52,35.61
359.11,35.01,21.10,22.49,21.11,97.14,56.21,48.52,35.54
359.12,35.01,21.07,22.49,21.08,97.14,56.21,48.52,35.61
359.13,35.01,21.10,22.49,21.11,97.14,56.35,48.52,35.61
359.14,35.01,21.10,22.49,21.08,97.51,56.21,48.52,35.61
359.15,35.01,21.10,22.49,21.11,97.51,56.21,48.52,35.61
359.16,35.01,21.10,22.49,21.08,97.51,56.21,48.52,35.61
359.17,34.95,21.07,22.49,21.11,97.51,56.35,48.52,35.61
359.18,35.01,21.10,22.49,21.08,97.51,56.07,48.52,35.54
359.19,34.95,21.10,22.52,21.08,97.51,56.35,48.52,35.61
359.20,35.01,21.10,22.49,21.08,97.51,56.07,48.52,35.54
359.21,34.95,21.10,22.49,21.11,97.14,56.21,48.52,35.54
359.22,35.01,21.10,22.49,21.11,97.51,56.21,48.52,35.61
359.23,34.95,21.10,22.49,21.08,97.51,56.21,48.62,35.61
359.24,34.95,21.10,22.52,21.08,97.51,56.21,48.52,35.61
359.25,35.01,21.10,22.52,21.11,97.51,56.21,48.52,35.61
359.26,34.95,21.10,22.49,21.08,97.14,56.21,48.52,35.61
359.27,34.95,21.10,22.49,21.11,97.51,56.21,48.52,35.61
359.28,34.95,21.10,22.49,21.11,97.51,56.21,48.52,35.61
359.29,34.95,21.13,22.52,21.11,97.14,56.21,48.52,35.61
359.30,35.01,21.13,22.52,21.11,97.51,56.21,48.52,35.61
359.31,35.01,21.10,22.49,21.11,97.51,56.21,48.52,35.61
359.32,35.01,21.10,22.52,21.11,97.51,56.21,48.52,35.61
359.33,35.01,21.10,22.49,21.11,97.51,56.21,48.52,35.61
359.34,35.01,21.13,22.52,21.11,97.51,56.21,48.52,35.61
359.35,34.95,21.10,22.49,21.11,97.51,56.21,48.52,35.61
359.36,34.95,21.07,22.52,21.08,97.51,56.07,48.52,35.61
359.37,35.01,21.10,22.49,21.08,97.51,56.21,48.52,35.61
359.38,34.95,21.10,22.52,21.11,97.51,56.21,48.52,35.54
359.39,35.01,21.10,22.52,21.08,97.51,56.21,48.52,35.61
359.40,35.01,21.10,22.52,21.08,97.14,56.21,48.52,35.61
359.41,34.95,21.10,22.52,21.11,97.14,56.21,48.52,35.61
359.42,35.01,21.07,22.49,21.11,97.51,56.21,48.52,35.61
359.43,35.01,21.10,22.52,21.11,96.77,56.21,48.41,35.61
359.44,34.95,21.10,22.52,21.11,97.51,56.21,48.62,35.61
359.45,35.01,21.10,22.52,21.08,97.51,56.21,48.41,35.61
359.46,34.95,21.10,22.49,21.08,97.51,56.21,48.62,35.61
359.47,35.01,21.10,22.49,21.11,97.14,56.21,48.62,35.61
359.48,34.95,21.10,22.52,21.08,97.51,56.21,48.52,35.61
359.49,35.01,21.13,22.52,21.08,97.51,56.35,48.52,35.61
359.50,35.01,21.10,22.52,21.11,97.14,56.21,48.52,35.61
359.51,34.95,21.10,22.49,21.08,97.51,56.35,48.52,35.61
359.52,35.01,21.10,22.52,21.08,97.51,56.21,48.52,35.61
359.53,34.95,21.10,22.52,21.11,97.51,56.21,48.52,35.61
359.54,35.01,21.13,22.52,21.08,97.51,56.35,48.52,35.61
359.55,34.95,21.10,22.52,21.11,97.51,56.21,48.52,35.61
359.56,34.95,21.10,22.52,21.08,97.14,56.35,48.52,35.61
359.57,34.95,21.10,22.49,21.11,97.14,56.21,48.52,35.61
359.58,34.95,21.10,22.52,21.11,97.51,56.21,48.62,35.61
359.59,35.08,21.13,22.52,21.11,97.51,56.35,48.52,35.61
359.60,35.01,21.10,22.52,21.08,97.51,56.21,48.62,35.61
359.61,35.01,21.10,22.52,21.11,97.14,56.35,48.52,35.61
359.62,34.95,21.10,22.49,21.11,97.51,56.35,48.52,35.67
359.63,34.95,21.10,22.52,21.11,97.51,56.35,48.52,35.61
359.64,35.01,21.10,22.52,21.08,97.51,56.21,48.52,35.61
359.65,35.01,21.10,22.52,21.08,97.51,56.21,48.52,35.61
359.66,35.01,21.10,22.52,21.11,97.51,56.35,48.52,35.61
359.67,34.95,21.10,22.52,21.11,97.51,56.21,48.52,35.61
359.68,34.95,21.10,22.52,21.11,97.14,56.35,48.52,35.61
359.69,35.01,21.13,22.52,21.11,97.14,56.35,48.52,35.61
359.70,35.08,21.13,22.52,21.08,97.51,56.35,48.52,35.61
359.71,35.01,21.10,22.49,21.11,97.51,56.35,48.52,35.61
359.72,34.95,21.10,22.52,21.11,97.51,56.21,48.52,35.61
359.73,34.95,21.13,22.52,21.11,97.51,56.35,48.52,35.61
359.74,35.01,21.13,22.52,21.11,97.51,56.35,48.52,35.61
359.75,34.95,21.10,22.52,21.11,97.51,56.35,48.62,35.61
359.76,34.95,21.10,22.52,21.08,97.51,56.21,48.52,35.61
359.77,35.01,21.10,22.52,21.08,97.51,56.35,48.52,35.61
359.78,34.95,21.13,22.52,21.11,97.51,56.35,48.52,35.67
359.79,35.01,21.13,22.52,21.11,97.51,56.21,48.52,35.61
359.80,35.01,21.13,22.52,21.11,97.51,56.35,48.52,35.61
359.81,35.01,21.13,22.52,21.11,97.51,56.21,48.52,35.61
359.82,34.95,21.10,22.52,21.11,97.51,56.35,48.52,35.61
359.83,35.01,21.13,22.52,21.11,97.51,56.21,48.52,35.67
359.84,35.01,21.13,22.52,21.11,97.51,56.35,48.52,35.67
359.85,35.08,21.13,22.52,21.11,97.51,56.21,48.52,35.61
359.86,34.95,21.13,22.52,21.08,97.51,56.35,48.41,35.61
359.87,34.95,21.10,22.52,21.11,97.51,56.21,48.62,35.61
359.88,35.01,21.13,22.52,21.11,97.51,56.35,48.52,35.61
359.89,35.01,21.13,22.56,21.11,97.51,56.35,48.62,35.67
359.90,35.01,21.10,22.52,21.08,97.51,56.35,48.52,35.61
359.91,35.01,21.10,22.52,21.11,97.51,56.21,48.62,35.61
359.92,35.01,21.10,22.52,21.08,97.51,56.35,48.62,35.61
359.93,34.95,21.13,22.52,21.11,97.51,56.21,48.62,35.61
359.94,35.01,21.13,22.56,21.11,97.51,56.21,48.52,35.61
359.95,35.01,21.13,22.52,21.11,97.51,56.35,48.62,35.67
359.96,34.95,21.10,22.52,21.08,97.51,56.35,48.52,35.61
359.97,35.01,21.10,22.49,21.11,97.51,56.21,48.52,35.61
359.98,34.95,21.13,22.52,21.11,97.51,56.35,48.52,35.67
359.99,35.01,21.13,22.52,21.08,97.51,56.35,48.52,35.61
360.00,35.01,21.10,22.52,21.11,97.51,56.35,48.62,35.61
360.01,35.01,21.10,22.52,21.08,97.51,56.35,48.52,35.67
360.02,35.01,21.10,22.52,21.08,97.51,56.21,48.52,35.67
360.03,35.08,21.10,22.52,21.11,97.51,56.21,48.62,35.61
360.04,35.01,21.13,22.52,21.11,97.51,56.35,48.62,35.61
360.05,35.01,21.13,22.52,21.11,97.51,56.35,48.62,35.67
360.06,34.95,21.10,22.52,21.08,97.51,56.21,48.52,35.61
360.07,34.95,21.13,22.52,21.08,97.51,56.21,48.62,35.61
360.08,35.01,21.13,22.52,21.11,97.51,56.35,48.52,35.61
360.09,35.08,21.16,22.52,21.11,97.51,56.35,48.62,35.61
360.10,35.01,21.13,22.52,21.11,97.51,56.35,48.62,35.67
360.11,35.08,21.10,22.52,21.08,97.51,56.21,48.52,35.61
360.12,34.95,21.10,22.52,21.08,97.51,56.35,48.52,35.61
360.13,35.08,21.13,22.52,21.11,97.51,56.35,48.62,35.67
360.14,35.08,21.13,22.56,21.11,97.51,56.35,48.62,35.61
360.15,35.08,21.13,22.52,21.08,97.51,56.21,48.52,35.61
360.16,35.08,21.10,22.52,21.11,97.51,56.21,48.52,35.67
360.17,34.95,21.10,22.52,21.11,97.51,56.35,48.62,35.67
360.18,35.08,21.13,22.52,21.11,97.51,56.21,48.62,35.67
360.19,35.01,21.13,22.52,21.11,97.51,56.35,48.62,35.61
360.20,35.08,21.13,22.52,21.11,97.51,56.21,48.62,35.61
360.21,34.95,21.10,22.52,21.11,97.51,56.21,48.52,35.61
360.22,35.08,21.13,22.52,21.11,97.51,56.35,48.62,35.67
360.23,35.08,21.10,22.52,21.11,97.51,56.21,48.52,35.67
360.24,35.01,21.13,22.52,21.11,97.51,56.21,48.62,35.67
360.25,35.08,21.13,22.52,21.08,97.51,56.21,48.52,35.61
360.26,35.01,21.10,22.52,21.11,97.51,56.21,48.62,35.67
360.27,35.01,21.13,22.52,21.11,97.51,56.35,48.52,35.61
360.28,35.08,21.13,22.52,21.11,97.51,56.35,48.62,35.61
360.29,35.01,21.13,22.56,21.11,97.51,56.21,48.62,35.67
360.30,35.01,21.13,22.52,21.08,97.51,56.35,48.52,35.67
360.31,35.01,21.10,22.52,21.11,97.51,56.35,48.52,35.67
360.32,35.01,21.10,22.52,21.11,97.51,56.35,48.52,35.61
360.33,35.01,21.13,22.52,21.11,97.51,56.35,48.62,35.67
360.34,35.01,21.13,22.56,21.11,97.51,56.35,48.52,35.61
360.35,35.01,21.13,22.52,21.11,97.51,56.35,48.62,35.67
360.36,34.95,21.13,22.52,21.11,97.14,56.35,48.62,35.61
360.37,35.01,21.10,22.52,21.11,97.51,56.35,48.52,35.67
360.38,35.01,21.13,22.52,21.08,97.51,56.35,48.62,35.61
360.39,35.01,21.13,22.52,21.11,97.51,56.35,48.62,35.67
360.40,35.08,21.13,22.52,21.11,97.51,56.35,48.52,35.61
360.41,35.01,21.13,22.52,21.11,97.51,56.35,48.62,35.61
360.42,34.95,21.13,22.52,21.11,97.51,56.35,48.52,35.67
360.43,35.01,21.13,22.52,21.11,97.51,56.21,48.62,35.61
360.44,35.08,21.13,22.56,21.11,97.51,56.50,48.52,35.67
360.45,35.08,21.13,22.52,21.11,97.51,56.21,48.62,35.61
360.46,35.08,21.13,22.52,21.08,97.51,56.35,48.62,35.67
360.47,35.01,21.13,22.52,21.11,97.51,56.21,48.62,35.61
360.48,35.01,21.13,22.52,21.11,97.88,56.35,48.62,35.67
360.49,35.01,21.13,22.56,21.11,97.51,56.35,48.62,35.67
360.50,35.08,21.13,22.56,21.11,97.51,56.35,48.62,35.61
360.51,35.01,21.10,22.52,21.11,97.51,56.21,48.62,35.67
360.52,35.01,21.13,22.52,21.11,97.51,56.35,48.62,35.67
360.53,35.01,21.07,22.56,21.11,97.51,56.21,48.52,35.67
360.54,35.01,21.13,22.56,21.11,97.51,56.35,48.62,35.67
360.55,35.01,21.13,22.52,21.11,97.51,56.35,48.62,35.67
360.56,35.08,21.13,22.52,21.11,97.51,56.21,48.52,35.67
360.57,35.01,21.13,22.52,21.11,97.51,56.35,48.62,35.67
360.58,35.15,21.13,22.56,21.11,97.51,56.21,48.62,35.67
360.59,35.08,21.13,22.56,21.11,97.51,56.21,48.62,35.67
360.60,35.08,21.13,22.49,21.11,97.51,56.35,48.62,35.61
360.61,35.01,21.10,22.52,21.11,97.51,56.35,48.52,35.67
360.62,35.01,21.13,22.52,21.11,97.51,56.35,48.62,35.67
360.63,35.15,21.10,22.52,21.11,97.51,56.35,48.62,35.67
360.64,35.01,21.13,22.52,21.11,97.51,56.35,48.62,35.67
360.65,34.95,21.13,22.52,21.08,97.51,56.21,48.62,35.67
360.66,35.01,21.13,22.52,21.11,97.51,56.35,48.62,35.67
360.67,35.08,21.10,22.52,21.11,97.51,56.35,48.62,35.67
360.68,35.01,21.13,22.52,21.11,97.14,56.35,48.62,35.61
360.69,35.08,21.13,22.56,21.11,97.51,56.35,48.62,35.67
360.70,35.01,21.13,22.52,21.11,97.51,56.21,48.52,35.61
360.71,35.01,21.13,22.52,21.11,97.51,56.35,48.74,35.61
360.72,35.08,21.13,22.52,21.08,97.51,56.21,48.52,35.74
360.73,34.95,21.13,22.52,21.11,97.51,56.35,48.62,35.61
360.74,35.01,21.13,22.56,21.11,97.51,56.35,48.62,35.61
360.75,35.08,21.13,22.56,21.11,97.51,56.21,48.62,35.67
360.76,35.01,21.13,22.56,21.08,97.51,56.21,48.52,35.61
360.77,35.01,21.10,22.56,21.11,97.51,56.35,48.52,35.67
360.78,35.08,21.13,22.52,21.11,97.51,56.35,48.52,35.67
360.79,35.08,21.13,22.56,21.11,97.51,56.35,48.62,35.67
360.80,35.01,21.13,22.52,21.11,97.51,56.35,48.52,35.67
360.81,35.08,21.13,22.52,21.11,97.51,56.35,48.62,35.61
360.82,35.08,21.10,22.52,21.11,97.51,56.35,48.52,35.67
360.83,35.08,21.13,22.56,21.11,97.51,56.21,48.62,35.67
360.84,35.01,21.13,22.52,21.11,97.51,56.35,48.62,35.67
360.85,35.08,21.13,22.52,21.11,97.51,56.35,48.52,35.61
360.86,35.01,21.10,22.52,21.11,97.51,56.35,48.62,35.67
360.87,34.95,21.13,22.52,21.11,97.14,56.35,48.52,35.67
360.88,35.01,21.10,22.52,21.11,97.51,56.35,48.62,35.67
360.89,35.08,21.13,22.52,21.11,97.51,56.35,48.52,35.67
360.90,35.01,21.13,22.56,21.11,97.51,56.35,48.52,35.67
360.91,34.95,21.10,22.52,21.11,97.51,56.21,48.52,35.61
360.92,35.01,21.10,22.52,21.11,97.51,56.35,48.62,35.61
360.93,34.95,21.13,22.52,21.11,97.51,56.35,48.62,35.67
360.94,35.08,21.13,22.56,21.11,97.51,56.35,48.62,35.67
360.95,35.01,21.13,22.52,21.11,97.51,56.35,48.52,35.67
360.96,35.01,21.10,22.52,21.11,97.51,56.21,48.62,35.61
360.97,34.95,21.10,22.52,21.11,97.51,56.35,48.52,35.67
360.98,35.01,21.13,22.52,21.11,97.51,56.21,48.62,35.67
360.99,35.01,21.13,22.52,21.08,97.51,56.35,48.62,35.67
361.00,35.01,21.13,22.52,21.11,97.51,56.35,48.52,35.67
361.01,34.95,21.13,22.52,21.11,97.51,56.35,48.52,35.67
361.02,34.95,21.13,22.52,21.11,97.51,56.35,48.52,35.67
361.03,35.01,21.13,22.52,21.11,97.51,56.35,48.62,35.67
361.04,35.08,21.13,22.52,21.11,97.51,56.21,48.52,35.67
361.05,35.01,21.13,22.56,21.11,97.51,56.21,48.52,35.67
361.06,35.01,21.10,22.52,21.11,97.51,56.35,48.52,35.67
361.07,35.08,21.13,22.52,21.11,97.51,56.21,48.52,35.67
361.08,35.08,21.13,22.52,21.11,97.51,56.35,48.52,35.67
361.09,35.08,21.13,22.52,21.11,97.51,56.35,48.62,35.67
361.10,34.95,21.10,22.52,21.11,97.51,56.21,48.62,35.67
361.11,35.01,21.10,22.52,21.11,97.51,56.21,48.52,35.67
361.12,35.01,21.13,22.52,21.11,97.51,56.35,48.62,35.67
361.13,35.01,21.13,22.52,21.11,97.51,56.21,48.62,35.67
361.14,35.01,21.07,22.52,21.11,97.51,56.21,48.62,35.67
361.15,35.01,21.13,22.52,21.11,97.51,56.21,48.52,35.67
361.16,34.95,21.10,22.52,21.11,97.51,56.21,48.52,35.67
361.17,35.01,21.10,22.52,21.11,97.14,56.21,48.52,35.67
361.18,35.01,21.13,22.52,21.11,97.51,56.35,48.52,35.61
361.19,35.01,21.13,22.52,21.11,97.51,56.35,48.62,35.67
361.20,35.01,21.13,22.52,21.11,97.51,56.21,48.62,35.67
361.21,34.95,21.10,22.52,21.11,97.51,56.35,48.52,35.67
361.22,35.01,21.13,22.52,21.11,97.14,56.21,48.52,35.67
361.23,35.08,21.13,22.52,21.11,97.51,56.21,48.62,35.67
361.24,35.01,21.13,22.52,21.11,97.51,56.35,48.62,35.67
361.25,35.08,21.10,22.52,21.11,97.51,56.35,48.52,35.67
361.26,34.95,21.10,22.52,21.11,97.51,56.35,48.41,35.67
361.27,35.08,21.10,22.52,21.11,97.51,56.21,48.52,35.67
361.28,35.01,21.13,22.52,21.11,97.51,56.21,48.62,35.67
361.29,35.01,21.13,22.52,21.11,97.51,56.35,48.52,35.61
361.30,35.08,21.13,22.52,21.11,97.51,56.21,48.62,35.67
361.31,35.01,21.13,22.52,21.11,97.51,56.21,48.52,35.61
361.32,35.01,21.10,22.52,21.11,97.51,56.35,48.62,35.67
361.33,35.01,21.10,22.56,21.11,97.51,56.35,48.62,35.67
361.34,35.01,21.13,22.52,21.11,97.14,56.35,48.52,35.67
361.35,34.95,21.10,22.52,21.11,97.51,56.07,48.52,35.61
361.36,35.01,21.10,22.52,21.08,97.14,56.21,48.52,35.67
361.37,34.95,21.10,22.52,21.11,97.51,56.21,48.52,35.67
361.38,35.01,21.13,22.52,21.11,97.51,56.21,48.52,35.67
361.39,34.95,21.10,22.52,21.11,97.51,56.21,48.52,35.67
361.40,35.01,21.10,22.52,21.11,97.51,56.35,48.52,35.67
361.41,35.08,21.10,22.49,21.11,97.51,56.35,48.52,35.67
361.42,35.01,21.10,22.52,21.11,97.51,56.21,48.62,35.67
361.43,35.01,21.10,22.52,21.11,97.51,56.21,48.52,35.67
361.44,35.01,21.13,22.52,21.11,97.51,56.21,48.52,35.67
361.45,35.01,21.13,22.52,21.11,97.51,56.21,48.52,35.67
361.46,34.95,21.13,22.52,21.11,97.51,56.21,48.52,35.67
361.47,35.01,21.10,22.52,21.11,97.51,56.21,48.62,35.67
361.48,35.01,21.10,22.52,21.11,97.51,56.21,48.62,35.67
361.49,35.01,21.10,22.52,21.11,97.51,56.35,48.62,35.67
361.50,34.95,21.10,22.52,21.11,97.51,56.21,48.52,35.67
361.51,35.01,21.10,22.52,21.11,97.51,56.35,48.52,35.67
361.52,34.95,21.10,22.52,21.11,97.51,56.21,48.62,35.67
361.53,35.01,21.13,22.52,21.11,97.51,56.21,48.62,35.67
361.54,35.08,21.13,22.52,21.11,97.51,56.21,48.52,35.67
361.55,34.95,21.10,22.52,21.11,97.51,56.21,48.52,35.67
361.56,34.95,21.10,22.52,21.11,97.51,56.35,48.52,35.67
361.57,35.08,21.10,22.52,21.11,97.14,56.35,48.52,35.67
361.58,34.95,21.13,22.52,21.11,97.51,56.35,48.52,35.67
361.59,35.01,21.13,22.52,21.11,97.51,56.35,48.62,35.67
361.60,35.01,21.10,22.52,21.11,97.51,56.21,48.52,35.67
361.61,35.01,21.10,22.52,21.11,97.51,56.21,48.62,35.67
361.62,34.95,21.10,22.52,21.11,96.77,56.21,48.62,35.67
361.63,34.95,21.13,22.52,21.11,97.51,56.21,48.62,35.67
361.64,34.95,21.10,22.52,21.11,97.51,56.35,48.62,35.67
361.65,34.95,21.10,22.52,21.11,97.14,56.21,48.52,35.61
361.66,34.95,21.10,22.52,21.11,97.51,56.35,48.52,35.67
361.67,34.95,21.10,22.52,21.08,97.51,56.35,48.52,35.67
361.68,34.95,21.10,22.52,21.11,97.51,56.07,48.62,35.54
361.69,34.95,21.13,22.52,21.11,97.51,56.35,48.62,35.67
361.70,35.01,21.10,22.52,21.08,97.14,56.07,48.52,35.61
361.71,35.01,21.10,22.49,21.11,97.51,56.21,48.52,35.67
361.72,34.95,21.10,22.52,21.11,97.51,56.35,48.52,35.67
361.73,35.01,21.10,22.52,21.11,97.51,56.35,48.62,35.67
361.74,35.01,21.13,22.52,21.11,97.51,56.21,48.52,35.67
361.75,34.95,21.10,22.52,21.11,97.14,56.21,48.62,35.67
361.76,35.01,21.10,22.49,21.11,97.51,56.21,48.52,35.67
361.77,35.01,21.10,22.52,21.11,97.51,56.21,48.52,35.67
361.78,34.95,21.13,22.52,21.11,97.51,56.21,48.62,35.67
361.79,35.08,21.13,22.52,21.11,97.51,56.21,48.62,35.61
361.80,34.95,21.10,22.52,21.11,97.51,56.35,48.62,35.67
361.81,34.95,21.10,22.49,21.11,97.51,56.35,48.62,35.67
361.82,35.08,21.10,22.52,21.11,97.51,56.21,48.52,35.61
361.83,34.88,21.10,22.52,21.11,97.51,56.21,48.62,35.67
361.84,35.08,21.13,22.52,21.11,97.51,56.35,48.62,35.67
361.85,35.01,21.10,22.49,21.11,97.51,56.21,48.62,35.61
361.86,34.95,21.10,22.56,21.11,97.51,56.21,48.52,35.67
361.87,34.95,21.10,22.52,21.11,97.51,56.35,48.62,35.67
361.88,35.08,21.10,22.52,21.11,97.14,56.35,48.52,35.67
361.89,35.01,21.13,22.52,21.11,97.51,56.35,48.62,35.67
361.90,35.01,21.10,22.52,21.11,97.14,56.21,48.52,35.67
361.91,34.95,21.10,22.52,21.11,97.51,56.21,48.62,35.67
361.92,34.95,21.13,22.52,21.11,97.14,56.35,48.52,35.61
361.93,34.95,21.13,22.52,21.11,97.88,56.21,48.52,35.67
361.94,34.95,21.10,22.52,21.11,97.51,56.21,48.52,35.67
361.95,34.95,21.10,22.52,21.11,97.51,56.21,48.41,35.67
361.96,34.95,21.10,22.52,21.11,97.51,56.21,48.74,35.67
361.97,35.01,21.10,22.52,21.11,97.51,56.21,48.62,35.67
361.98,35.01,21.10,22.52,21.11,97.14,56.21,48.52,35.67
361.99,35.01,21.13,22.52,21.11,97.51,56.21,48.62,35.67
362.00,35.01,21.10,22.52,21.08,97.14,56.21,48.52,35.67
362.01,34.95,21.10,22.49,21.11,97.51,56.35,48.62,35.67
362.02,34.95,21.07,22.52,21.11,97.14,56.21,48.52,35.67
362.03,35.01,21.13,22.52,21.11,97.51,56.35,48.52,35.67
362.04,34.95,21.13,22.52,21.11,97.51,56.21,48.62,35.67
362.05,34.95,21.10,22.52,21.11,97.51,56.21,48.52,35.67
362.06,35.01,21.10,22.52,21.11,97.14,56.21,48.52,35.67
362.07,34.95,21.10,22.52,21.11,97.51,56.35,48.52,35.67
362.08,35.01,21.13,22.52,21.11,97.51,56.35,48.52,35.67
362.09,34.95,21.13,22.52,21.11,97.51,56.35,48.52,35.67
362.10,34.95,21.10,22.52,21.11,97.14,56.21,48.52,35.67
362.11,34.95,21.10,22.49,21.11,97.51,56.21,48.52,35.67
362.12,34.95,21.10,22.52,21.11,97.51,56.21,48.52,35.61
362.13,35.08,21.13,22.52,21.11,97.51,56.21,48.62,35.67
362.14,34.95,21.13,22.52,21.11,97.51,56.21,48.52,35.67
362.15,34.95,21.10,22.52,21.11,97.51,56.21,48.52,35.67
362.16,35.01,21.10,22.52,21.11,97.51,56.21,48.52,35.67
362.17,34.95,21.10,22.52,21.11,97.14,56.21,48.52,35.67
362.18,34.95,21.13,22.52,21.11,97.51,56.35,48.62,35.67
362.19,34.95,21.10,22.52,21.11,97.51,56.21,48.62,35.67
362.20,34.95,21.10,22.52,21.11,97.51,56.21,48.62,35.67
362.21,35.01,21.07,22.49,21.11,97.14,56.21,48.52,35.67
362.22,34.95,21.10,22.52,21.11,97.14,56.35,48.52,35.67
362.23,35.01,21.10,22.52,21.11,97.14,56.35,48.62,35.67
362.24,35.01,21.10,22.49,21.11,97.51,56.21,48.62,35.74
362.25,34.95,21.10,22.49,21.11,97.51,56.35,48.52,35.67
362.26,35.01,21.07,22.52,21.11,97.51,56.21,48.52,35.67
362.27,34.95,21.10,22.52,21.11,97.14,56.21,48.52,35.67
362.28,34.95,21.10,22.52,21.11,97.51,56.21,48.62,35.67
362.29,34.95,21.10,22.52,21.11,97.51,56.35,48.62,35.67
362.30,34.95,21.10,22.52,21.11,97.14,56.35,48.52,35.67
362.31,34.95,21.07,22.49,21.11,97.14,56.21,48.52,35.67
362.32,34.95,21.07,22.49,21.11,97.51,56.35,48.52,35.74
362.33,34.95,21.10,22.49,21.11,97.51,56.35,48.52,35.67
362.34,35.01,21.10,22.52,21.11,97.51,56.21,48.62,35.67
362.35,34.95,21.10,22.52,21.11,97.14,56.21,48.62,35.74
362.36,34.95,21.10,22.49,21.11,97.51,56.21,48.52,35.67
362.37,34.95,21.10,22.49,21.14,97.51,56.35,48.52,35.67
362.38,34.95,21.13,22.52,21.11,97.51,56.35,48.62,35.74
362.39,34.95,21.10,22.52,21.11,97.51,56.21,48.62,35.67
362.40,34.95,21.10,22.49,21.11,97.51,56.21,48.52,35.67
362.41,34.95,21.07,22.49,21.11,97.51,56.35,48.52,35.67
362.42,35.01,21.10,22.49,21.11,97.51,56.21,48.52,35.67
362.43,34.95,21.10,22.52,21.14,97.51,56.21,48.62,35.67
362.44,35.01,21.10,22.52,21.11,97.51,56.21,48.52,35.67
362.45,34.95,21.10,22.52,21.11,97.14,56.35,48.62,35.67
362.46,34.88,21.07,22.52,21.11,97.14,56.21,48.52,35.67
362.47,35.01,21.10,22.49,21.11,97.51,56.21,48.52,35.67
362.48,34.95,21.10,22.52,21.11,97.51,56.21,48.52,35.67
362.49,35.01,21.10,22.52,21.11,97.51,56.35,48.62,35.74
362.50,34.88,21.10,22.49,21.11,97.14,56.35,48.52,35.67
362.51,34.95,21.10,22.52,21.14,97.14,56.21,48.52,35.67
362.52,34.95,21.10,22.49,21.11,97.51,56.21,48.52,35.67
362.53,34.95,21.10,22.52,21.11,97.51,56.21,48.52,35.67
362.54,35.08,21.13,22.49,21.11,97.51,56.35,48.62,35.67
362.55,35.01,21.10,22.49,21.11,97.14,56.21,48.52,35.67
362.56,35.01,21.10,22.49,21.11,97.14,56.21,48.52,35.67
362.57,34.95,21.10,22.49,21.11,97.51,56.21,48.62,35.67
362.58,34.95,21.10,22.52,21.11,97.51,56.21,48.52,35.67
362.59,35.01,21.10,22.52,21.11,97.51,56.21,48.52,35.67
362.60,35.01,21.10,22.49,21.11,97.14,56.21,48.52,35.67
362.61,35.01,21.10,22.49,21.11,97.51,56.21,48.52,35.67
362.62,34.88,21.07,22.49,21.11,97.51,56.21,48.52,35.67
362.63,34.95,21.10,22.52,21.11,97.51,56.21,48.52,35.67
362.64,34.95,21.10,22.52,21.11,97.51,56.21,48.52,35.74
362.65,35.01,21.10,22.49,21.11,97.51,56.21,48.52,35.67
362.66,34.95,21.10,22.49,21.11,97.14,56.21,48.52,35.74
362.67,34.95,21.10,22.52,21.11,97.51,56.21,48.52,35.67
362.68,34.95,21.10,22.49,21.11,97.51,56.21,48.52,35.67
362.69,34.95,21.10,22.52,21.11,97.51,56.21,48.62,35.67
362.70,34.95,21.10,22.49,21.11,97.51,56.21,48.52,35.67
362.71,35.01,21.07,22.49,21.11,97.14,56.21,48.52,35.67
362.72,34.95,21.10,22.49,21.11,97.51,56.21,48.52,35.67
362.73,34.95,21.07,22.52,21.11,97.51,56.21,48.62,35.67
362.74,34.95,21.10,22.49,21.11,97.51,56.35,48.52,35.67
362.75,34.88,21.07,22.49,21.11,97.51,56.21,48.52,35.67
362.76,34.88,21.10,22.49,21.11,97.51,56.21,48.52,35.67
362.77,35.01,21.10,22.49,21.11,97.14,56.21,48.52,35.67
362.78,35.01,21.10,22.49,21.11,97.51,56.21,48.52,35.67
362.79,34.95,21.10,22.52,21.11,97.51,56.21,48.62,35.67
362.80,34.88,21.07,22.49,21.11,97.51,56.07,48.52,35.67
362.81,34.88,21.10,22.49,21.11,97.14,56.21,48.52,35.74
362.82,34.95,21.07,22.49,21.14,97.51,56.21,48.62,35.67
362.83,34.95,21.10,22.52,21.11,97.51,56.21,48.52,35.67
362.84,34.95,21.10,22.52,21.08,97.51,56.21,48.62,35.67
362.85,34.95,21.07,22.49,21.11,97.51,56.21,48.52,35.67
362.86,34.88,21.07,22.49,21.11,97.14,56.21,48.52,35.67
362.87,35.01,21.07,22.49,21.11,97.51,56.35,48.52,35.67
362.88,34.95,21.10,22.49,21.11,97.51,56.21,48.52,35.67
362.89,34.95,21.10,22.49,21.11,97.51,56.21,48.52,35.67
362.90,34.95,21.10,22.49,21.11,97.14,56.07,48.52,35.74
362.91,34.95,21.10,22.49,21.11,97.51,56.35,48.62,35.67
362.92,34.95,21.07,22.49,21.11,97.51,56.07,48.52,35.74
362.93,35.01,21.10,22.52,21.14,97.51,56.50,48.52,35.74
362.94,34.95,21.10,22.49,21.11,97.14,56.21,48.52,35.74
362.95,35.01,21.07,22.49,21.11,97.51,56.21,48.52,35.67
362.96,34.95,21.07,22.49,21.11,97.51,56.21,48.52,35.74
362.97,34.95,21.07,22.49,21.11,97.14,56.21,48.52,35.61
362.98,34.95,21.10,22.52,21.11,97.51,56.21,48.52,35.67
362.99,35.01,21.10,22.52,21.11,97.51,56.07,48.52,35.67
363.00,35.01,21.10,22.49,21.11,97.14,56.21,48.52,35.67
363.01,34.95,21.10,22.49,21.11,97.14,56.21,48.52,35.67
363.02,35.01,21.07,22.49,21.11,97.51,56.21,48.52,35.67
363.03,34.95,21.10,22.52,21.11,97.14,56.35,48.52,35.74
363.04,35.08,21.10,22.52,21.11,97.51,56.21,48.62,35.67
363.05,34.88,21.07,22.49,21.11,97.14,56.21,48.52,35.67
363.06,34.95,21.07,22.49,21.11,97.14,56.21,48.52,35.74
363.07,34.95,21.10,22.49,21.11,97.14,56.21,48.52,35.67
363.08,34.88,21.10,22.52,21.11,97.51,56.21,48.52,35.67
363.09,34.95,21.10,22.49,21.11,97.51,56.21,48.62,35.67
363.10,34.95,21.07,22.49,21.11,97.14,56.21,48.52,35.67
363.11,34.95,21.10,22.49,21.11,97.51,56.21,48.52,35.67
363.12,34.95,21.10,22.49,21.11,97.51,56.21,48.52,35.67
363.13,34.95,21.10,22.52,21.11,97.51,56.21,48.52,35.74
363.14,35.01,21.10,22.49,21.11,97.14,56.35,48.62,35.67
363.15,34.95,21.07,22.49,21.11,97.14,56.21,48.52,35.74
363.16,34.95,21.07,22.49,21.11,97.51,56.21,48.52,35.74
363.17,34.95,21.10,22.49,21.11,97.14,56.35,48.52,35.74
363.18,34.95,21.10,22.52,21.14,97.88,56.35,48.62,35.74
363.19,34.95,21.10,22.52,21.11,97.14,56.21,48.62,35.74
363.20,35.01,21.07,22.49,21.11,97.51,56.21,48.52,35.67
363.21,34.88,21.07,22.49,21.11,97.14,56.21,48.52,35.67
363.22,34.88,21.07,22.49,21.14,97.14,56.07,48.41,35.74
363.23,34.95,21.10,22.49,21.14,97.51,56.35,48.52,35.67
363.24,35.01,21.10,22.52,21.11,97.51,56.21,48.52,35.67
363.25,34.88,21.07,22.49,21.11,97.51,56.21,48.62,35.74
363.26,34.88,21.07,22.49,21.11,97.51,56.21,48.52,35.67
363.27,34.95,21.07,22.49,21.11,97.14,56.21,48.52,35.74
363.28,34.95,21.10,22.52,21.14,97.14,56.21,48.62,35.67
363.29,34.95,21.10,22.49,21.14,97.51,56.21,48.52,35.67
363.30,34.95,21.07,22.49,21.11,97.51,56.35,48.52,35.67
363.31,34.88,21.07,22.49,21.11,97.14,56.21,48.52,35.67
363.32,34.95,21.07,22.49,21.11,97.14,56.07,48.41,35.74
363.33,34.95,21.10,22.49,21.14,97.51,56.35,48.52,35.74
363.34,34.95,21.10,22.49,21.11,97.51,56.21,48.52,35.74
363.35,35.01,21.07,22.49,21.11,97.14,56.21,48.52,35.74
363.36,34.95,21.07,22.49,21.11,97.14,56.21,48.52,35.74
363.37,34.95,21.10,22.49,21.11,97.51,56.21,48.52,35.74
363.38,35.01,21.10,22.49,21.11,97.51,56.21,48.52,35.74
363.39,34.95,21.10,22.49,21.11,97.14,56.21,48.52,35.67
363.40,35.01,21.07,22.49,21.11,97.51,56.21,48.62,35.67
363.41,35.01,21.07,22.49,21.11,97.14,56.21,48.52,35.74
363.42,34.95,21.07,22.49,21.14,97.14,56.21,48.52,35.74
363.43,35.01,21.10,22.49,21.11,97.51,56.21,48.52,35.67
363.44,34.95,21.10,22.49,21.14,97.51,56.35,48.52,35.74
363.45,35.01,21.10,22.46,21.11,97.51,56.21,48.52,35.74
363.46,34.95,21.07,22.49,21.11,97.14,56.21,48.52,35.74
363.47,35.01,21.07,22.49,21.11,97.14,56.21,48.52,35.67
363.48,34.95,21.10,22.52,21.11,97.51,56.21,48.52,35.74
363.49,35.01,21.10,22.49,21.11,97.51,56.21,48.52,35.67
363.50,34.95,21.07,22.49,21.11,97.14,56.21,48.52,35.67
363.51,34.88,21.07,22.49,21.11,97.51,56.21,48.52,35.67
363.52,34.88,21.07,22.49,21.11,97.14,56.21,48.52,35.74
363.53,34.95,21.10,22.52,21.11,97.51,56.21,48.62,35.74
363.54,34.95,21.10,22.49,21.11,97.14,56.21,48.52,35.74
363.55,34.95,21.07,22.49,21.14,97.14,56.21,48.52,35.74
363.56,34.95,21.07,22.49,21.11,97.51,56.07,48.52,35.67
363.57,35.01,21.10,22.49,21.11,97.51,56.21,48.52,35.74
363.58,34.88,21.10,22.49,21.11,97.14,56.21,48.52,35.67
363.59,34.95,21.10,22.49,21.11,97.51,56.21,48.52,35.74
363.60,34.88,21.07,22.49,21.11,97.51,56.21,48.62,35.74
363.61,34.95,21.07,22.49,21.11,97.14,56.21,48.52,35.74
363.62,35.01,21.07,22.49,21.11,97.14,56.21,48.52,35.74
363.63,34.95,21.07,22.52,21.11,97.51,56.21,48.52,35.67
363.64,35.01,21.10,22.49,21.11,97.51,56.35,48.62,35.67
363.65,34.95,21.10,22.49,21.11,97.14,56.21,48.52,35.74
363.66,34.88,21.07,22.49,21.11,97.14,56.21,48.52,35.74
363.67,34.88,21.07,22.49,21.11,97.51,56.21,48.52,35.74
363.68,34.95,21.10,22.49,21.11,97.51,56.21,48.52,35.74
363.69,35.01,21.07,22.49,21.11,97.14,56.21,48.52,35.74
363.70,34.88,21.07,22.49,21.11,97.51,56.21,48.52,35.67
363.71,34.95,21.07,22.49,21.11,97.51,56.21,48.62,35.74
363.72,34.88,21.10,22.49,21.11,97.14,56.21,48.52,35.74
363.73,35.01,21.10,22.49,21.11,97.51,56.21,48.52,35.74
363.74,34.95,21.07,22.49,21.11,97.51,56.21,48.52,35.74
363.75,34.95,21.07,22.49,21.11,97.14,56.21,48.52,35.74
363.76,34.88,21.07,22.49,21.11,97.51,56.21,48.52,35.74
363.77,34.95,21.10,22.49,21.11,97.88,56.21,48.52,35.74
363.78,34.95,21.07,22.49,21.11,97.14,56.21,48.52,35.74
363.79,34.95,21.07,22.49,21.11,97.14,56.21,48.52,35.74
363.80,34.95,21.07,22.49,21.11,97.14,56.07,48.52,35.74
363.81,34.95,21.07,22.49,21.11,97.14,56.07,48.52,35.74
363.82,34.95,21.10,22.49,21.11,97.51,56.21,48.52,35.74
363.83,34.95,21.10,22.49,21.11,97.51,56.21,48.52,35.67
363.84,35.01,21.07,22.49,21.11,97.51,56.21,48.52,35.74
363.85,34.88,21.07,22.49,21.11,97.51,56.21,48.52,35.74
363.86,34.88,21.07,22.49,21.11,97.51,56.21,48.52,35.74
363.87,34.95,21.07,22.49,21.11,97.14,56.21,48.52,35.67
363.88,34.95,21.10,22.52,21.11,97.51,56.21,48.52,35.74
363.89,35.01,21.10,22.49,21.11,97.51,56.21,48.52,35.74
363.90,34.95,21.07,22.49,21.11,97.14,56.21,48.52,35.74
363.91,34.88,21.07,22.49,21.11,97.14,56.21,48.52,35.74
363.92,34.88,21.07,22.49,21.11,97.51,56.07,48.52,35.74
363.93,34.95,21.07,22.49,21.11,97.51,56.07,48.52,35.74
363.94,34.95,21.10,22.49,21.11,97.51,56.21,48.52,35.74
363.95,34.88,21.07,22.49,21.11,97.51,56.07,48.52,35.67
363.96,35.01,21.07,22.49,21.11,97.14,56.07,48.52,35.74
363.97,35.01,21.07,22.49,21.14,97.14,56.21,48.52,35.74
363.98,35.01,21.10,22.52,21.11,97.51,56.21,48.62,35.74
363.99,34.95,21.10,22.49,21.11,97.51,56.21,48.52,35.74
364.00,34.95,21.07,22.49,21.11,97.51,56.21,48.52,35.67
364.01,34.88,21.07,22.49,21.11,97.14,56.21,48.52,35.74
364.02,35.01,21.07,22.49,21.14,97.14,56.21,48.52,35.74
364.03,35.01,21.10,22.49,21.14,97.51,56.35,48.62,35.74
364.04,34.95,21.07,22.52,21.14,97.51,56.21,48.52,35.74
364.05,34.95,21.07,22.49,21.11,97.14,56.21,48.52,35.74
364.06,34.95,21.07,22.49,21.11,97.51,56.21,48.52,35.74
364.07,34.95,21.07,22.49,21.11,97.51,56.21,48.52,35.67
364.08,34.95,21.13,22.49,21.14,97.51,56.21,48.62,35.74
364.09,34.88,21.10,22.49,21.11,97.14,56.21,48.52,35.67
364.10,34.88,21.10,22.46,21.14,97.14,56.21,48.52,35.74
364.11,34.95,21.07,22.49,21.11,97.14,56.21,48.52,35.74
364.12,35.01,21.04,22.49,21.11,97.14,56.21,48.62,35.74
364.13,34.95,21.10,22.49,21.11,97.14,56.07,48.52,35.74
364.14,34.95,21.10,22.49,21.14,97.51,56.21,48.52,35.74
364.15,34.95,21.07,22.49,21.11,97.51,56.35,48.52,35.74
364.16,34.88,21.04,22.49,21.14,97.14,56.21,48.52,35.74
364.17,35.01,21.07,22.49,21.14,97.51,56.07,48.52,35.74
364.18,34.95,21.10,22.52,21.14,97.51,56.21,48.52,35.74
364.19,34.95,21.04,22.49,21.14,97.14,56.07,48.52,35.74
364.20,34.95,21.04,22.49,21.11,97.14,56.07,48.52,35.67
364.21,34.88,21.07,22.49,21.11,97.14,56.21,48.52,35.74
364.22,34.95,21.07,22.49,21.11,97.14,56.21,48.52,35.61
364.23,34.95,21.07,22.52,21.11,97.51,56.21,48.52,35.74
364.24,34.88,21.07,22.49,21.11,97.51,56.21,48.52,35.74
364.25,34.95,21.07,22.49,21.11,97.14,56.21,48.52,35.74
364.26,34.95,21.07,22.49,21.11,97.51,56.21,48.52,35.74
364.27,34.88,21.07,22.49,21.14,97.14,56.21,48.52,35.74
364.28,34.95,21.07,22.49,21.11,97.14,56.21,48.52,35.74
364.29,34.95,21.10,22.49,21.11,97.14,56.21,48.52,35.74
364.30,34.88,21.07,22.49,21.11,97.14,56.21,48.52,35.74
364.31,34.95,21.07,22.49,21.11,97.51,56.21,48.52,35.74
364.32,34.82,21.07,22.49,21.11,97.14,56.21,48.52,35.74
364.33,34.88,21.07,22.49,21.11,97.14,56.21,48.52,35.74
364.34,35.08,21.07,22.49,21.11,97.51,56.21,48.52,35.74
364.35,34.82,21.04,22.49,21.11,97.14,56.21,48.52,35.67
364.36,34.95,21.07,22.49,21.11,97.14,56.21,48.52,35.74
364.37,34.88,21.07,22.49,21.11,97.14,56.21,48.52,35.74
364.38,34.88,21.07,22.49,21.11,97.51,56.21,48.52,35.74
364.39,34.95,21.07,22.49,21.11,97.14,56.21,48.52,35.67
364.40,34.95,21.07,22.49,21.11,97.14,56.21,48.52,35.74
364.41,34.88,21.04,22.49,21.11,97.51,56.07,48.52,35.74
364.42,34.95,21.07,22.49,21.11,97.14,56.21,48.52,35.74
364.43,34.95,21.07,22.49,21.11,97.51,56.35,48.52,35.67
364.44,34.88,21.07,22.49,21.11,96.77,56.21,48.52,35.74
364.45,34.95,21.07,22.49,21.11,97.51,56.07,48.52,35.74
364.46,34.88,21.07,22.46,21.11,97.14,56.21,48.74,35.74
364.47,34.88,21.07,22.49,21.11,97.14,56.21,48.52,35.74
364.48,34.95,21.07,22.49,21.11,97.14,56.21,48.52,35.74
364.49,34.95,21.07,22.49,21.11,97.14,56.21,48.52,35.74
364.50,34.95,21.07,22.49,21.08,97.14,56.21,48.52,35.74
364.51,34.95,21.07,22.46,21.11,97.51,56.21,48.52,35.74
364.52,34.95,21.07,22.49,21.11,97.14,56.21,48.52,35.74
364.53,34.88,21.07,22.49,21.11,97.51,56.21,48.52,35.74
364.54,35.01,21.07,22.49,21.11,97.14,56.21,48.52,35.74
364.55,34.88,21.07,22.49,21.11,97.51,56.21,48.52,35.74
364.56,34.88,21.04,22.49,21.11,97.14,56.07,48.41,35.74
364.57,35.01,21.07,22.49,21.11,97.51,56.07,48.62,35.74
364.58,34.95,21.07,22.49,21.11,97.51,56.21,48.52,35.74
364.59,34.95,21.07,22.46,21.11,97.14,56.07,48.52,35.74
364.60,34.88,21.07,22.49,21.11,97.14,56.21,48.52,35.74
364.61,34.88,21.04,22.49,21.11,97.14,56.21,48.52,35.74
364.62,34.95,21.07,22.49,21.11,97.14,56.21,48.52,35.74
364.63,34.95,21.10,22.49,21.11,97.51,56.21,48.52,35.74
364.64,34.95,21.07,22.49,21.11,97.14,56.21,48.52,35.74
364.65,34.88,21.07,22.49,21.11,97.51,56.21,48.52,35.74
364.66,34.95,21.07,22.49,21.11,97.51,56.21,48.52,35.74
364.67,34.95,21.07,22.49,21.11,97.14,56.07,48.52,35.67
364.68,34.95,21.07,22.49,21.11,97.51,56.07,48.52,35.74
364.69,34.88,21.07,22.49,21.11,97.51,56.21,48.52,35.74
364.70,34.88,21.07,22.49,21.11,97.51,56.21,48.52,35.74
364.71,34.88,21.04,22.49,21.11,97.51,56.21,48.52,35.74
364.72,34.88,21.04,22.49,21.11,97.14,56.21,48.52,35.74
364.73,34.95,21.07,22.49,21.11,97.14,56.21,48.52,35.74
364.74,34.95,21.07,22.49,21.11,97.51,56.21,48.52,35.81
364.75,34.88,21.07,22.49,21.11,97.14,56.21,48.52,35.74
364.76,34.88,21.04,22.46,21.11,97.51,56.07,48.52,35.67
364.77,34.95,21.07,22.49,21.11,97.51,56.07,48.52,35.74
364.78,34.88,21.07,22.49,21.11,97.51,56.21,48.52,35.74
364.79,34.95,21.07,22.49,21.11,97.51,56.21,48.52,35.74
364.80,34.88,21.07,22.49,21.11,97.14,56.07,48.52,35.74
364.81,34.88,21.04,22.49,21.11,97.14,56.07,48.52,35.74
364.82,34.88,21.07,22.49,21.14,97.14,56.21,48.52,35.74
364.83,34.95,21.07,22.49,21.11,97.14,56.21,48.52,35.74
364.84,34.88,21.07,22.49,21.11,97.14,56.07,48.52,35.74
364.85,34.88,21.07,22.49,21.11,97.14,56.07,48.52,35.74
364.86,34.88,21.07,22.46,21.11,97.14,56.07,48.62,35.81
364.87,34.88,21.07,22.49,21.11,97.14,56.21,48.52,35.74
364.88,34.95,21.07,22.49,21.11,97.51,56.21,48.52,35.74
364.89,34.88,21.07,22.49,21.11,97.14,56.21,48.62,35.74
364.90,34.88,21.07,22.49,21.11,97.14,56.07,48.52,35.74
364.91,34.88,21.04,22.49,21.11,97.14,56.21,48.52,35.74
364.92,34.95,21.07,22.49,21.11,97.51,56.21,48.52,35.74
364.93,34.95,21.07,22.52,21.11,97.51,56.21,48.52,35.74
364.94,34.95,21.07,22.49,21.11,97.14,55.93,48.52,35.81
364.95,34.95,21.07,22.49,21.11,97.14,56.07,48.52,35.74
364.96,34.95,21.07,22.49,21.11,97.14,56.21,48.52,35.74
364.97,34.88,21.07,22.49,21.11,97.51,56.07,48.52,35.74
364.98,35.01,21.07,22.49,21.11,97.14,56.21,48.52,35.74
364.99,34.88,21.07,22.49,21.11,97.51,56.21,48.52,35.67
365.00,34.95,21.07,22.49,21.11,97.14,56.07,48.41,35.74
365.01,34.95,21.04,22.49,21.11,97.51,56.21,48.52,35.74
365.02,34.88,21.07,22.49,21.11,97.51,56.21,48.52,35.74
365.03,34.95,21.07,22.49,21.14,97.51,56.21,48.52,35.81
365.04,34.88,21.07,22.49,21.11,97.51,56.21,48.52,35.74
365.05,34.88,21.07,22.49,21.11,97.14,56.21,48.52,35.74
365.06,34.88,21.04,22.49,21.11,97.51,56.21,48.52,35.74
365.07,35.01,21.07,22.49,21.11,97.51,56.21,48.52,35.74
365.08,35.01,21.07,22.52,21.14,97.51,56.21,48.52,35.74
365.09,34.88,21.07,22.52,21.11,97.51,56.21,48.52,35.74
365.10,34.95,21.07,22.49,21.11,97.51,56.21,48.52,35.74
365.11,34.95,21.04,22.49,21.11,97.14,56.21,48.52,35.74
365.12,35.01,21.07,22.49,21.11,97.51,56.21,48.52,35.74
365.13,34.95,21.10,22.52,21.14,97.51,56.21,48.52,35.74
365.14,34.95,21.07,22.49,21.11,97.14,56.21,48.52,35.74
365.15,34.95,21.07,22.49,21.11,97.51,56.21,48.52,35.74
365.16,34.95,21.07,22.49,21.11,97.51,56.21,48.52,35.74
365.17,34.95,21.07,22.49,21.11,97.51,56.21,48.52,35.74
365.18,34.95,21.07,22.49,21.11,97.51,56.21,48.52,35.74
365.19,34.95,21.07,22.49,21.11,97.51,56.21,48.52,35.74
365.20,34.88,21.07,22.49,21.11,97.51,56.21,48.62,35.74
365.21,34.95,21.07,22.49,21.11,97.14,56.21,48.52,35.74
365.22,34.95,21.07,22.49,21.11,97.14,56.21,48.52,35.74
365.23,34.95,21.07,22.49,21.11,97.51,56.21,48.52,35.81
365.24,34.88,21.07,22.49,21.11,97.51,56.21,48.52,35.74
365.25,34.88,21.07,22.49,21.11,97.14,56.21,48.52,35.74
365.26,34.88,21.07,22.49,21.11,97.14,56.07,48.52,35.74
365.27,34.95,21.07,22.49,21.11,97.51,56.21,48.52,35.74
365.28,34.95,21.07,22.49,21.11,97.14,56.21,48.52,35.74
365.29,34.95,21.07,22.49,21.11,97.14,56.21,48.52,35.74
365.30,34.88,21.07,22.49,21.11,97.14,56.21,48.52,35.74
365.31,34.95,21.07,22.49,21.11,97.51,56.21,48.52,35.74
365.32,34.95,21.07,22.49,21.11,97.51,56.21,48.52,35.74
365.33,35.01,21.10,22.52,21.11,97.51,56.21,48.52,35.74
365.34,34.88,21.10,22.49,21.11,97.51,56.21,48.52,35.74
365.35,34.95,21.07,22.49,21.11,97.51,56.07,48.52,35.67
365.36,34.95,21.07,22.49,21.11,97.14,56.21,48.52,35.74
365.37,35.01,21.07,22.52,21.11,97.51,56.21,48.52,35.81
365.38,35.01,21.07,22.52,21.11,97.51,56.35,48.52,35.81
365.39,35.08,21.07,22.49,21.11,97.51,56.21,48.52,35.74
365.40,34.95,21.07,22.49,21.14,97.14,56.21,48.52,35.74
365.41,35.01,21.07,22.49,21.11,97.51,56.21,48.62,35.74
365.42,35.01,21.07,22.52,21.11,97.51,56.07,48.52,35.74
365.43,34.95,21.10,22.52,21.11,97.51,56.21,48.62,35.74
365.44,35.01,21.07,22.49,21.11,97.51,56.07,48.62,35.81
365.45,34.88,21.07,22.49,21.11,97.51,56.21,48.52,35.67
365.46,34.88,21.07,22.49,21.11,97.51,56.21,48.52,35.87
365.47,34.95,21.07,22.49,21.11,97.14,56.21,48.52,35.74
365.48,34.95,21.07,22.49,21.14,97.51,56.21,48.52,35.74
365.49,35.01,21.07,22.52,21.14,97.51,56.21,48.52,35.74
365.50,34.95,21.07,22.49,21.11,97.51,56.07,48.52,35.81
365.51,35.01,21.07,22.49,21.11,97.51,56.21,48.52,35.81
365.52,35.01,21.07,22.49,21.11,97.51,56.21,48.62,35.74
365.53,34.95,21.10,22.52,21.11,97.51,56.21,48.52,35.74
365.54,34.95,21.07,22.49,21.11,97.51,56.21,48.62,35.74
365.55,34.95,21.07,22.49,21.11,97.51,56.21,48.52,35.74
365.56,34.95,21.07,22.49,21.11,97.51,56.21,48.52,35.74
365.57,34.95,21.07,22.49,21.11,97.51,56.21,48.52,35.81
365.58,34.95,21.07,22.52,21.11,97.51,56.21,48.52,35.74
365.59,35.01,21.07,22.52,21.11,97.51,56.21,48.52,35.74
365.60,34.95,21.07,22.49,21.11,97.51,56.21,48.52,35.74
365.61,34.95,21.07,22.49,21.11,97.51,56.21,48.62,35.81
365.62,34.95,21.07,22.49,21.11,97.14,56.21,48.52,35.74
365.63,34.95,21.07,22.52,21.14,97.14,56.21,48.52,35.74
365.64,34.95,21.07,22.52,21.11,97.51,56.21,48.52,35.81
365.65,34.88,21.07,22.49,21.11,97.14,56.21,48.52,35.74
365.66,34.95,21.07,22.49,21.14,97.51,56.21,48.52,35.74
365.67,35.01,21.07,22.49,21.14,97.51,56.21,48.52,35.74
365.68,35.01,21.07,22.52,21.11,97.51,56.21,48.62,35.74
365.69,34.95,21.10,22.49,21.11,97.51,56.21,48.41,35.81
365.70,35.01,21.07,22.49,21.14,97.51,56.07,48.52,35.81
365.71,34.95,21.07,22.49,21.11,97.14,56.21,48.62,35.81
365.72,34.95,21.07,22.49,21.11,97.14,56.21,48.41,35.81
365.73,35.01,21.10,22.52,21.11,97.51,56.21,48.52,35.74
365.74,34.95,21.07,22.49,21.11,97.51,56.21,48.52,35.81
365.75,34.95,21.04,22.49,21.14,97.14,56.07,48.52,35.74
365.76,34.95,21.07,22.49,21.14,97.51,56.07,48.52,35.74
365.77,34.95,21.10,22.49,21.14,97.14,56.21,48.52,35.74
365.78,35.01,21.10,22.52,21.11,97.51,56.21,48.52,35.81
365.79,34.88,21.07,22.49,21.11,97.14,56.21,48.41,35.74
365.80,34.88,21.07,22.49,21.11,97.51,56.21,48.52,35.74
365.81,34.95,21.07,22.49,21.11,97.51,56.21,48.52,35.74
365.82,34.95,21.10,22.52,21.11,97.51,56.21,48.52,35.74
365.83,34.95,21.07,22.52,21.14,97.51,56.21,48.52,35.74
365.84,34.95,21.07,22.52,21.14,97.51,56.21,48.52,35.74
365.85,34.95,21.07,22.49,21.11,97.14,56.21,48.52,35.74
365.86,34.88,21.07,22.49,21.11,97.51,56.21,48.52,35.74
365.87,34.95,21.07,22.49,21.11,97.51,56.21,48.52,35.81
365.88,34.95,21.10,22.49,21.11,97.51,56.21,48.62,35.81
365.89,34.95,21.07,22.49,21.11,97.14,56.21,48.62,35.74
365.90,34.95,21.07,22.49,21.11,97.14,56.21,48.52,35.81
365.91,34.95,21.07,22.49,21.11,97.51,56.07,48.62,35.74
365.92,34.95,21.07,22.49,21.11,97.14,56.21,48.52,35.81
365.93,34.95,21.10,22.52,21.14,97.51,56.21,48.52,35.81
365.94,34.95,21.10,22.49,21.11,97.14,56.21,48.62,35.81
365.95,35.01,21.07,22.49,21.11,97.14,56.21,48.52,35.81
365.96,34.88,21.07,22.49,21.11,97.14,56.21,48.52,35.81
365.97,34.95,21.10,22.49,21.11,97.14,56.21,48.52,35.81
365.98,34.95,21.07,22.52,21.11,97.51,56.07,48.52,35.81
365.99,34.95,21.07,22.49,21.11,97.14,56.21,48.52,35.81
366.00,35.01,21.07,22.49,21.11,97.14,56.21,48.41,35.74
366.01,35.01,21.07,22.49,21.11,97.51,56.21,48.52,35.81
366.02,35.01,21.07,22.49,21.11,97.51,56.21,48.52,35.81
366.03,35.01,21.07,22.52,21.14,97.51,56.21,48.52,35.81
366.04,34.95,21.07,22.49,21.11,97.14,56.21,48.52,35.74
366.05,34.88,21.07,22.49,21.11,97.51,56.21,48.52,35.74
366.06,34.95,21.07,22.49,21.14,97.51,56.21,48.52,35.81
366.07,34.95,21.10,22.49,21.11,97.51,56.21,48.52,35.81
366.08,35.01,21.07,22.49,21.11,97.51,56.21,48.52,35.81
366.09,34.95,21.07,22.49,21.11,97.14,56.21,48.52,35.81
366.10,35.01,21.07,22.49,21.11,97.14,56.21,48.52,35.81
366.11,35.01,21.07,22.49,21.11,97.51,56.21,48.62,35.81
366.12,34.95,21.07,22.49,21.11,97.51,56.21,48.52,35.81
366.13,35.01,21.07,22.52,21.11,97.51,56.21,48.52,35.81
366.14,34.95,21.07,22.49,21.11,97.51,56.21,48.52,35.74
366.15,34.95,21.04,22.49,21.11,97.14,56.21,48.52,35.81
366.16,35.01,21.07,22.49,21.11,97.51,56.21,48.52,35.81
366.17,35.01,21.07,22.49,21.14,97.51,56.21,48.52,35.81
366.18,35.01,21.07,22.52,21.11,97.51,56.07,48.52,35.81
366.19,34.95,21.07,22.49,21.11,97.14,56.21,48.52,35.81
366.20,34.95,21.07,22.49,21.11,97.14,56.21,48.62,35.74
366.21,34.95,21.04,22.49,21.11,97.51,56.07,48.52,35.81
366.22,35.01,21.07,22.49,21.11,97.51,56.21,48.41,35.81
366.23,34.95,21.10,22.52,21.11,97.14,56.21,48.62,35.81
366.24,34.88,21.07,22.49,21.11,97.51,56.21,48.62,35.81
366.25,34.88,21.07,22.49,21.11,97.51,56.07,48.52,35.81
366.26,34.95,21.07,22.49,21.11,97.51,56.07,48.52,35.81
366.27,34.95,21.07,22.49,21.11,97.14,56.21,48.52,35.81
366.28,34.95,21.07,22.52,21.11,97.14,56.21,48.52,35.81
366.29,35.01,21.07,22.49,21.11,97.14,56.21,48.52,35.81
366.30,34.95,21.07,22.49,21.14,97.14,56.21,48.52,35.81
366.31,34.95,21.07,22.49,21.11,97.14,56.21,48.52,35.81
366.32,35.01,21.07,22.49,21.11,97.51,56.21,48.52,35.81
366.33,34.95,21.07,22.52,21.11,97.51,56.21,48.62,35.81
366.34,34.88,21.07,22.49,21.11,97.51,56.07,48.52,35.81
366.35,34.88,21.04,22.49,21.11,97.51,56.21,48.52,35.81
366.36,34.95,21.07,22.49,21.11,97.14,56.07,48.52,35.81
366.37,34.95,21.07,22.52,21.11,97.51,56.21,48.52,35.81
366.38,34.95,21.07,22.52,21.11,97.51,56.21,48.52,35.81
366.39,34.88,21.07,22.49,21.11,97.14,56.21,48.52,35.74
366.40,34.88,21.07,22.49,21.11,97.14,56.21,48.41,35.81
366.41,34.88,21.07,22.49,21.11,97.14,56.21,48.52,35.74
366.42,34.95,21.07,22.49,21.14,97.14,56.21,48.52,35.81
366.43,34.95,21.07,22.49,21.11,97.51,56.21,48.52,35.81
366.44,34.95,21.07,22.49,21.11,97.14,56.21,48.52,35.81
366.45,34.88,21.07,22.49,21.11,97.14,56.21,48.52,35.81
366.46,34.95,21.07,22.49,21.11,97.51,56.21,48.52,35.81
366.47,34.88,21.07,22.52,21.11,97.51,56.21,48.52,35.81
366.48,35.01,21.07,22.49,21.11,97.14,56.21,48.52,35.81
366.49,35.01,21.07,22.49,21.11,97.14,56.21,48.52,35.74
366.50,34.88,21.04,22.49,21.11,97.51,56.07,48.52,35.81
366.51,34.95,21.07,22.49,21.08,97.51,56.21,48.52,35.81
366.52,34.95,21.07,22.52,21.11,97.14,56.21,48.62,35.81
366.53,34.88,21.04,22.52,21.11,97.51,56.21,48.52,35.81
366.54,34.95,21.07,22.49,21.11,97.51,56.21,48.52,35.74
366.55,34.88,21.04,22.49,21.11,97.14,56.21,48.52,35.81
366.56,34.88,21.04,22.49,21.11,97.51,56.07,48.52,35.81
366.57,34.88,21.04,22.49,21.11,97.51,56.21,48.52,35.81
366.58,34.95,21.10,22.52,21.11,97.14,56.07,48.62,35.81
366.59,34.88,21.01,22.49,21.11,97.51,56.21,48.52,35.81
366.60,34.88,21.07,22.49,21.11,97.51,56.21,48.52,35.74
366.61,34.95,21.07,22.49,21.11,97.14,56.21,48.52,35.74
366.62,34.95,21.01,22.49,21.14,97.51,56.21,48.62,35.81
366.63,34.95,21.07,22.49,21.11,97.14,56.21,48.52,35.81
366.64,34.95,21.07,22.49,21.11,97.14,56.21,48.52,35.81
366.65,34.95,21.07,22.49,21.11,97.14,56.21,48.52,35.81
366.66,34.88,21.07,22.49,21.11,97.51,56.21,48.52,35.81
366.67,34.95,21.07,22.49,21.11,97.14,56.07,48.52,35.74
366.68,34.95,21.07,22.49,21.11,97.51,56.21,48.52,35.81
366.69,34.95,21.04,22.49,21.11,97.14,56.07,48.52,35.74
366.70,34.88,21.04,22.49,21.11,97.14,56.07,48.52,35.81
366.71,34.95,21.07,22.49,21.11,97.51,56.21,48.52,35.74
366.72,35.01,21.07,22.49,21.14,97.14,56.21,48.52,35.74
366.73,35.01,21.07,22.49,21.11,97.14,56.21,48.52,35.81
366.74,34.88,21.04,22.49,21.11,97.14,56.21,48.52,35.81
366.75,34.88,21.04,22.49,21.11,97.14,56.21,48.52,35.81
366.76,34.88,21.07,22.49,21.11,97.51,56.07,48.52,35.81
366.77,35.01,21.07,22.49,21.11,97.51,56.21,48.52,35.81
366.78,34.95,21.07,22.49,21.11,97.14,56.07,48.52,35.81
366.79,34.95,21.07,22.49,21.11,97.51,56.07,48.52,35.81
366.80,34.95,21.07,22.49,21.11,97.14,56.21,48.52,35.81
366.81,34.95,21.04,22.49,21.14,97.51,56.21,48.52,35.74
366.82,34.95,21.07,22.49,21.11,97.14,56.21,48.52,35.81
366.83,34.88,21.07,22.52,21.11,97.14,56.07,48.62,35.81
366.84,34.95,21.07,22.49,21.11,97.51,56.07,48.52,35.81
366.85,34.88,21.04,22.52,21.11,97.14,56.07,48.52,35.81
366.86,34.88,21.07,22.49,21.11,97.14,56.21,48.52,35.74
366.87,35.01,21.07,22.49,21.11,97.51,56.21,48.52,35.81
366.88,34.95,21.07,22.49,21.11,97.51,56.07,48.62,35.81
366.89,34.88,21.07,22.49,21.11,97.14,56.07,48.52,35.81
366.90,34.95,21.04,22.49,21.11,97.51,56.21,48.52,35.81
366.91,34.95,21.07,22.49,21.11,97.14,56.21,48.52,35.81
366.92,34.95,21.04,22.49,21.14,97.14,56.07,48.52,35.81
366.93,34.95,21.07,22.49,21.11,97.88,56.21,48.52,35.81
366.94,34.95,21.07,22.49,21.14,96.77,56.21,48.41,35.81
366.95,34.88,21.04,22.49,21.14,97.51,56.07,48.52,35.81
366.96,35.01,21.04,22.46,21.11,97.14,56.21,48.52,35.81
366.97,35.01,21.04,22.52,21.11,97.14,56.21,48.52,35.81
366.98,35.01,21.07,22.52,21.14,97.14,56.07,48.52,35.81
366.99,34.88,21.04,22.49,21.14,97.14,56.07,48.52,35.74
367.00,34.95,21.04,22.49,21.11,97.14,55.93,48.52,35.81
367.01,34.95,21.04,22.49,21.11,97.51,56.21,48.52,35.81
367.02,35.01,21.07,22.49,21.14,97.14,56.21,48.52,35.81
367.03,34.95,21.04,22.49,21.11,97.14,56.07,48.52,35.81
367.04,34.95,21.04,22.49,21.11,97.14,56.07,48.52,35.81
367.05,34.95,21.04,22.49,21.11,97.14,56.07,48.52,35.81
367.06,34.95,21.07,22.49,21.14,97.14,56.07,48.52,35.67
367.07,34.88,21.07,22.49,21.11,97.14,56.21,48.52,35.81
367.08,34.88,21.04,22.49,21.11,97.51,56.07,48.52,35.81
367.09,34.88,21.04,22.49,21.11,97.14,56.07,48.52,35.81
367.10,34.95,21.04,22.49,21.11,97.14,56.21,48.52,35.81
367.11,34.95,21.04,22.49,21.11,97.14,56.21,48.52,35.81
367.12,34.95,21.07,22.49,21.11,97.51,56.21,48.52,35.81
367.13,34.95,21.07,22.49,21.11,97.14,56.21,48.52,35.74
367.14,34.95,21.04,22.49,21.14,97.14,56.07,48.52,35.81
367.15,34.95,21.04,22.49,21.11,97.14,56.07,48.41,35.81
367.16,34.88,21.07,22.49,21.11,97.14,56.21,48.52,35.81
367.17,34.95,21.07,22.49,21.11,97.51,56.21,48.52,35.81
367.18,34.88,21.07,22.49,21.11,97.14,56.21,48.52,35.81
367.19,34.88,21.04,22.49,21.11,97.14,56.21,48.52,35.81
367.20,34.95,21.04,22.49,21.11,97.14,56.21,48.52,35.81
367.21,34.95,21.04,22.49,21.11,97.51,56.21,48.52,35.81
367.22,34.95,21.07,22.49,21.11,97.14,56.07,48.52,35.81
367.23,34.95,21.07,22.49,21.14,97.14,56.21,48.52,35.81
367.24,34.88,21.04,22.49,21.11,97.14,56.07,48.52,35.81
367.25,34.88,21.04,22.49,21.11,97.14,56.07,48.52,35.81
367.26,34.88,21.04,22.49,21.11,97.14,56.07,48.62,35.81
367.27,35.01,21.07,22.49,21.14,97.51,56.07,48.52,35.81
367.28,34.95,21.04,22.49,21.11,97.14,56.07,48.52,35.81
367.29,34.95,21.04,22.49,21.11,97.14,56.07,48.52,35.81
367.30,34.88,21.01,22.46,21.11,97.14,55.93,48.52,35.81
367.31,34.88,21.04,22.49,21.11,97.51,56.07,48.52,35.81
367.32,34.95,21.07,22.49,21.11,97.14,56.21,48.52,35.81
367.33,34.95,21.07,22.52,21.14,97.51,56.21,48.52,35.81
367.34,34.88,21.04,22.46,21.11,97.14,56.21,48.52,35.87
367.35,34.95,21.04,22.49,21.11,97.51,56.07,48.52,35.81
367.36,34.95,21.04,22.49,21.11,97.14,56.07,48.52,35.81
367.37,35.01,21.07,22.49,21.11,97.14,56.21,48.52,35.81
367.38,34.88,21.07,22.49,21.11,97.14,56.07,48.52,35.81
367.39,34.95,21.04,22.49,21.11,97.51,56.07,48.52,35.81
367.40,34.88,21.04,22.49,21.11,97.14,56.07,48.52,35.81
367.41,34.95,21.07,22.49,21.14,97.14,56.07,48.52,35.81
367.42,34.95,21.07,22.49,21.14,97.51,56.21,48.52,35.87
367.43,34.88,21.07,22.49,21.11,97.51,56.21,48.52,35.81
367.44,34.95,21.04,22.49,21.11,97.14,56.07,48.52,35.81
367.45,34.88,21.04,22.46,21.11,97.51,56.07,48.52,35.81
367.46,34.88,21.04,22.49,21.14,97.14,56.07,48.52,35.81
367.47,34.95,21.07,22.49,21.11,97.14,56.07,48.52,35.81
367.48,34.95,21.07,22.49,21.11,97.51,56.21,48.62,35.81
367.49,34.88,21.04,22.49,21.11,97.14,56.07,48.52,35.81
367.50,34.88,21.04,22.49,21.11,97.14,56.07,48.52,35.81
367.51,34.88,21.04,22.49,21.11,97.51,56.07,48.52,35.81
367.52,34.88,21.07,22.49,21.14,97.14,56.07,48.52,35.81
367.53,34.95,21.07,22.49,21.11,97.14,56.21,48.52,35.81
367.54,35.01,21.04,22.49,21.11,97.14,56.21,48.52,35.81
367.55,34.82,21.01,22.46,21.11,97.14,56.07,48.52,35.87
367.56,34.88,21.04,22.49,21.11,97.51,56.21,48.52,35.81
367.57,34.95,21.07,22.49,21.11,97.51,56.21,48.52,35.81
367.58,34.95,21.04,22.49,21.11,97.51,56.07,48.52,35.81
367.59,34.88,21.04,22.49,21.11,97.14,56.07,48.52,35.81
367.60,34.88,21.04,22.46,21.11,97.14,56.07,48.52,35.81
367.61,34.88,21.04,22.49,21.11,97.51,56.07,48.52,35.87
367.62,34.95,21.04,22.49,21.11,97.51,56.21,48.52,35.81
367.63,34.88,21.04,22.49,21.11,97.51,56.07,48.52,35.81
367.64,34.88,21.04,22.49,21.11,97.51,56.21,48.52,35.81
367.65,34.88,21.04,22.49,21.11,97.14,56.07,48.52,35.81
367.66,34.95,21.04,22.49,21.11,97.14,56.21,48.52,35.81
367.67,34.95,21.07,22.49,21.11,97.51,56.21,48.52,35.81
367.68,34.95,21.07,22.49,21.14,97.14,56.21,48.52,35.81
367.69,34.95,21.04,22.49,21.11,97.14,56.21,48.52,35.81
367.70,34.88,21.04,22.49,21.11,97.14,56.07,48.52,35.81
367.71,34.95,21.04,22.49,21.14,97.51,56.21,48.52,35.81
367.72,34.95,21.07,22.49,21.11,97.51,56.21,48.52,35.87
367.73,35.01,21.07,22.49,21.11,97.51,56.21,48.52,35.81
367.74,34.88,21.04,22.49,21.11,97.51,56.21,48.52,35.81
367.75,34.95,21.04,22.49,21.14,97.14,56.07,48.41,35.81
367.76,34.95,21.04,22.49,21.14,97.51,56.21,48.52,35.81
367.77,34.95,21.07,22.49,21.11,97.14,56.21,48.52,35.81
367.78,34.95,21.07,22.49,21.14,97.14,56.21,48.52,35.87
367.79,34.95,21.04,22.49,21.11,97.14,56.07,48.52,35.87
367.80,34.88,21.04,22.49,21.11,97.51,56.07,48.52,35.81
367.81,34.88,21.07,22.46,21.14,97.14,56.21,48.52,35.87
367.82,34.88,21.07,22.49,21.11,97.14,56.07,48.52,35.81
367.83,35.01,21.07,22.49,21.11,97.51,56.21,48.52,35.81
367.84,34.95,21.04,22.49,21.11,97.14,56.07,48.52,35.81
367.85,34.88,21.07,22.49,21.14,97.51,56.07,48.52,35.81
367.86,34.88,21.04,22.49,21.14,97.51,56.07,48.52,35.81
367.87,34.95,21.04,22.49,21.14,97.14,56.21,48.52,35.87
367.88,34.95,21.07,22.49,21.14,97.51,56.21,48.52,35.87
367.89,34.95,21.04,22.49,21.14,97.14,56.07,48.52,35.81
367.90,34.88,21.04,22.49,21.11,97.14,56.07,48.52,35.81
367.91,34.95,21.07,22.49,21.14,97.14,56.21,48.52,35.81
367.92,34.95,21.07,22.49,21.11,97.14,56.21,48.52,35.81
367.93,34.95,21.04,22.49,21.11,97.14,56.21,48.52,35.81
367.94,34.88,21.04,22.49,21.11,97.51,55.93,48.52,35.81
367.95,34.95,21.04,22.46,21.11,97.51,56.21,48.52,35.87
367.96,34.88,21.04,22.49,21.11,97.14,56.07,48.52,35.87
367.97,35.01,21.04,22.49,21.11,97.51,56.21,48.52,35.81
367.98,34.88,21.07,22.49,21.11,97.51,56.21,48.52,35.87
367.99,34.95,21.04,22.49,21.11,97.14,56.07,48.52,35.87
368.00,34.88,21.04,22.46,21.11,97.14,56.07,48.52,35.81
368.01,34.95,21.04,22.49,21.14,97.51,56.07,48.52,35.81
368.02,34.95,21.04,22.49,21.14,97.14,56.07,48.62,35.87
368.03,34.95,21.04,22.49,21.11,97.14,56.07,48.52,35.81
368.04,34.88,21.04,22.49,21.14,97.14,56.07,48.52,35.87
368.05,34.88,21.04,22.46,21.14,97.14,56.07,48.52,35.87
368.06,35.01,21.04,22.49,21.11,97.14,56.21,48.52,35.81
368.07,34.82,21.07,22.49,21.14,97.51,56.21,48.52,35.87
368.08,35.01,21.07,22.49,21.14,97.51,56.21,48.52,35.87
368.09,34.82,21.04,22.49,21.11,97.14,56.07,48.52,35.81
368.10,34.88,21.04,22.49,21.11,97.51,56.07,48.52,35.87
368.11,34.88,21.04,22.46,21.11,97.14,56.07,48.52,35.87
368.12,34.95,21.04,22.49,21.11,97.14,56.21,48.52,35.81
368.13,34.95,21.04,22.49,21.11,97.14,56.07,48.52,35.81
368.14,34.88,21.04,22.49,21.11,97.14,56.21,48.52,35.81
368.15,34.95,21.04,22.49,21.11,97.51,56.07,48.41,35.87
368.16,34.88,21.04,22.49,21.11,97.14,56.07,48.52,35.81
368.17,34.95,21.07,22.49,21.11,97.51,56.07,48.52,35.81
368.18,35.01,21.07,22.49,21.11,97.14,56.21,48.52,35.87
368.19,34.95,21.04,22.46,21.11,97.51,56.07,48.41,35.81
368.20,34.95,21.04,22.49,21.11,96.77,56.07,48.62,35.81
368.21,34.88,21.04,22.46,21.11,97.14,56.21,48.41,35.81
368.22,34.95,21.04,22.49,21.11,97.51,56.07,48.52,35.81
368.23,34.95,21.04,22.49,21.11,97.51,56.07,48.52,35.81
368.24,34.88,21.04,22.46,21.11,97.14,56.07,48.52,35.87
368.25,34.88,21.04,22.46,21.11,97.14,56.07,48.52,35.81
368.26,34.88,21.04,22.49,21.11,97.14,56.07,48.41,35.87
368.27,34.95,21.04,22.49,21.14,97.14,56.21,48.52,35.87
368.28,34.95,21.04,22.49,21.11,97.51,56.21,48.52,35.87
368.29,34.88,21.04,22.49,21.11,97.14,56.07,48.41,35.81
368.30,34.95,21.04,22.46,21.11,97.14,56.07,48.52,35.81
368.31,34.95,21.04,22.49,21.11,97.14,56.07,48.52,35.81
368.32,34.95,21.04,22.49,21.11,97.14,56.07,48.52,35.81
368.33,34.95,21.04,22.49,21.11,97.14,56.07,48.52,35.81
368.34,34.88,21.01,22.46,21.11,97.14,56.07,48.52,35.81
368.35,34.88,21.01,22.46,21.11,97.14,56.07,48.41,35.81
368.36,34.88,21.04,22.46,21.11,97.14,56.21,48.52,35.87
368.37,34.95,21.04,22.49,21.11,97.14,56.07,48.52,35.81
368.38,34.88,21.04,22.49,21.11,97.14,56.07,48.52,35.87
368.39,34.88,21.04,22.46,21.11,97.14,56.07,48.52,35.81
368.40,34.88,21.01,22.46,21.11,97.14,56.07,48.52,35.81
368.41,34.88,21.04,22.46,21.11,97.14,56.07,48.41,35.81
368.42,34.95,21.04,22.46,21.11,97.14,56.21,48.52,35.81
368.43,34.95,21.01,22.49,21.11,97.14,56.07,48.52,35.81
368.44,34.88,21.01,22.49,21.11,97.14,56.07,48.52,35.81
368.45,34.88,21.04,22.46,21.11,97.14,56.07,48.52,35.87
368.46,34.88,21.01,22.46,21.11,97.14,56.07,48.52,35.81
368.47,34.88,21.04,22.49,21.11,97.14,56.07,48.52,35.81
368.48,34.95,21.04,22.49,21.11,97.14,56.07,48.52,35.87
368.49,34.82,21.01,22.46,21.11,97.14,56.07,48.52,35.81
368.50,34.82,21.01,22.46,21.11,97.14,56.07,48.41,35.81
368.51,34.88,21.04,22.46,21.11,97.14,56.07,48.52,35.87
368.52,34.88,21.01,22.49,21.11,97.14,56.07,48.52,35.87
368.53,34.88,21.04,22.49,21.11,97.14,56.07,48.52,35.81
368.54,34.88,21.01,22.46,21.11,97.14,55.93,48.52,35.81
368.55,34.82,21.01,22.46,21.11,97.14,56.07,48.41,35.81
368.56,34.88,21.04,22.46,21.11,97.14,56.07,48.52,35.81
368.57,34.88,21.04,22.49,21.11,97.14,56.07,48.52,35.81
368.58,34.88,21.04,22.46,21.11,97.14,56.07,48.52,35.87
368.59,34.88,21.01,22.46,21.11,97.14,56.07,48.41,35.81
368.60,34.95,21.01,22.46,21.11,97.14,56.07,48.41,35.87
368.61,34.88,21.01,22.46,21.11,97.14,56.07,48.52,35.81
368.62,34.95,21.04,22.49,21.11,97.14,56.07,48.52,35.81
368.63,34.95,21.04,22.49,21.11,97.14,55.93,48.52,35.81
368.64,34.95,21.01,22.46,21.11,97.14,56.07,48.41,35.87
368.65,34.88,21.01,22.46,21.11,97.14,56.07,48.41,35.81
368.66,34.95,21.01,22.46,21.11,97.14,56.07,48.52,35.87
368.67,34.95,21.04,22.49,21.11,97.14,56.07,48.52,35.87
368.68,34.88,21.01,22.46,21.11,97.14,56.07,48.52,35.81
368.69,34.82,21.04,22.46,21.11,97.14,56.07,48.52,35.81
368.70,34.95,21.01,22.46,21.11,97.14,56.07,48.52,35.87
368.71,34.88,21.01,22.46,21.11,97.14,56.07,48.52,35.87
368.72,34.95,21.04,22.46,21.11,97.14,56.07,48.52,35.87
368.73,34.95,21.04,22.49,21.11,97.51,56.07,48.52,35.87
368.74,34.88,21.01,22.46,21.11,97.14,56.07,48.52,35.87
368.75,34.82,21.01,22.46,21.11,97.51,56.07,48.41,35.87
368.76,34.82,21.01,22.46,21.11,97.14,56.07,48.52,35.81
368.77,34.88,21.04,22.46,21.11,97.14,56.07,48.52,35.81
368.78,34.95,21.04,22.46,21.11,97.14,56.07,48.41,35.87
368.79,34.82,21.01,22.46,21.11,97.14,56.07,48.52,35.81
368.80,34.88,21.01,22.46,21.11,96.77,56.07,48.41,35.87
368.81,34.95,21.01,22.46,21.11,97.14,56.07,48.41,35.87
368.82,34.95,21.04,22.49,21.11,97.14,56.07,48.41,35.81
368.83,34.95,21.04,22.46,21.11,97.14,56.07,48.52,35.87
368.84,34.88,21.01,22.46,21.11,97.14,56.07,48.52,35.87
368.85,34.95,21.01,22.46,21.11,97.14,56.07,48.52,35.87
368.86,34.95,21.01,22.49,21.11,97.14,56.07,48.41,35.87
368.87,34.95,21.04,22.46,21.11,97.14,56.07,48.52,35.81
368.88,34.88,21.04,22.46,21.14,97.14,56.07,48.52,35.81
368.89,34.95,21.04,22.46,21.11,97.14,56.07,48.41,35.87
368.90,34.88,21.01,22.46,21.11,97.14,56.07,48.41,35.87
368.91,34.95,21.01,22.49,21.11,97.14,56.07,48.41,35.87
368.92,34.88,21.04,22.46,21.11,97.14,56.07,48.52,35.81
368.93,34.95,21.04,22.49,21.11,97.14,56.07,48.52,35.81
368.94,34.95,21.01,22.49,21.11,97.14,56.07,48.41,35.81
368.95,34.82,21.01,22.46,21.11,97.14,56.07,48.41,35.87
368.96,34.88,21.04,22.46,21.11,97.14,56.07,48.52,35.87
368.97,34.88,21.04,22.49,21.11,97.14,56.07,48.52,35.87
368.98,34.88,21.04,22.49,21.11,97.14,56.07,48.52,35.81
368.99,34.82,21.01,22.46,21.11,97.14,56.07,48.41,35.81
369.00,34.88,21.01,22.46,21.11,97.14,56.07,48.41,35.81
369.01,34.95,21.01,22.46,21.11,97.14,56.07,48.41,35.87
369.02,34.88,21.04,22.46,21.11,97.51,56.07,48.52,35.81
369.03,34.88,21.04,22.49,21.11,97.14,56.07,48.52,35.87
369.04,34.88,21.01,22.46,21.11,97.14,56.07,48.52,35.81
369.05,34.88,21.04,22.46,21.11,97.14,56.07,48.52,35.87
369.06,34.88,21.04,22.46,21.14,97.14,56.07,48.41,35.87
369.07,34.88,21.04,22.49,21.11,97.51,56.07,48.52,35.87
369.08,34.88,21.04,22.46,21.11,97.14,56.07,48.52,35.81
369.09,34.95,21.01,22.46,21.11,97.14,56.07,48.52,35.81
369.10,34.95,21.04,22.46,21.14,97.14,56.07,48.41,35.81
369.11,34.88,21.04,22.46,21.11,97.14,56.07,48.52,35.87
369.12,34.82,21.04,22.46,21.11,97.14,56.07,48.52,35.87
369.13,34.95,21.04,22.46,21.11,97.14,56.07,48.41,35.87
369.14,34.82,21.04,22.46,21.11,97.14,56.07,48.52,35.87
369.15,34.88,21.04,22.46,21.11,97.14,56.07,48.41,35.81
369.16,34.95,21.04,22.46,21.11,97.14,56.07,48.52,35.87
369.17,34.88,21.04,22.49,21.11,97.14,56.21,48.52,35.81
369.18,34.88,21.04,22.49,21.11,97.14,56.07,48.52,35.87
369.19,34.88,21.01,22.49,21.11,97.14,55.93,48.41,35.81
369.20,34.88,21.01,22.46,21.11,97.14,56.07,48.52,35.87
369.21,34.95,21.01,22.46,21.11,97.14,55.93,48.52,35.74
369.22,34.95,21.04,22.46,21.11,97.51,56.07,48.52,35.87
369.23,34.88,21.04,22.46,21.11,97.14,56.07,48.41,35.87
369.24,34.95,21.01,22.49,21.11,97.14,56.07,48.52,35.87
369.25,34.95,21.01,22.46,21.11,97.14,56.07,48.52,35.87
369.26,34.95,21.04,22.49,21.11,97.14,56.07,48.52,35.87
369.27,34.95,21.04,22.49,21.11,97.14,56.07,48.52,35.87
369.28,34.95,21.04,22.49,21.11,97.14,56.07,48.52,35.87
369.29,34.95,21.01,22.46,21.11,97.14,56.07,48.41,35.87
369.30,34.95,21.04,22.46,21.14,97.14,56.07,48.52,35.87
369.31,34.88,21.04,22.49,21.11,97.14,56.07,48.52,35.87
369.32,34.88,21.04,22.49,21.14,97.14,56.21,48.52,35.87
369.33,35.01,21.04,22.49,21.14,97.14,56.07,48.52,35.87
369.34,34.95,21.01,22.46,21.11,97.14,56.07,48.52,35.87
369.35,34.95,21.01,22.49,21.11,97.14,56.07,48.52,35.87
369.36,34.95,21.04,22.46,21.11,97.14,56.07,48.52,35.87
369.37,34.88,21.04,22.49,21.11,97.14,56.21,48.52,35.81
369.38,34.95,21.04,22.49,21.11,97.14,56.07,48.52,35.87
369.39,34.88,21.01,22.46,21.11,97.14,56.07,48.52,35.81
369.40,34.88,21.01,22.46,21.11,97.14,56.07,48.41,35.87
369.41,34.95,21.04,22.49,21.11,97.14,56.07,48.52,35.81
369.42,34.95,21.04,22.49,21.11,97.14,56.07,48.52,35.87
369.43,34.95,21.04,22.49,21.11,97.14,56.07,48.52,35.87
369.44,34.95,21.04,22.49,21.11,97.51,56.07,48.52,35.81
369.45,34.95,21.01,22.49,21.11,97.14,55.93,48.62,35.87
369.46,34.95,21.04,22.46,21.11,97.14,56.07,48.41,35.87
369.47,34.95,21.04,22.49,21.14,97.14,56.07,48.52,35.87
369.48,34.95,21.04,22.49,21.11,97.14,56.07,48.52,35.87
369.49,34.88,21.04,22.49,21.11,97.14,56.07,48.52,35.87
369.50,34.95,21.04,22.46,21.11,97.14,56.07,48.52,35.87
369.51,34.88,21.04,22.49,21.14,97.14,56.07,48.52,35.87
369.52,34.95,21.07,22.49,21.11,97.51,56.07,48.52,35.87
369.53,34.95,21.04,22.49,21.11,97.14,56.07,48.41,35.87
369.54,34.88,21.04,22.46,21.11,97.14,56.07,48.52,35.87
369.55,34.88,21.04,22.49,21.11,97.14,56.07,48.52,35.87
369.56,34.88,21.04,22.49,21.11,97.14,56.21,48.52,35.87
369.57,34.95,21.04,22.49,21.14,97.51,56.07,48.52,35.87
369.58,35.01,21.04,22.49,21.11,97.14,56.07,48.52,35.87
369.59,34.95,21.04,22.49,21.11,97.51,56.07,48.52,35.87
369.60,34.88,21.04,22.49,21.14,97.51,56.07,48.52,35.87
369.61,34.95,21.04,22.49,21.11,97.14,56.07,48.52,35.87
369.62,34.95,21.04,22.49,21.11,97.14,56.07,48.52,35.87
369.63,34.88,21.04,22.49,21.14,97.14,56.07,48.52,35.87
369.64,34.95,21.04,22.46,21.11,97.14,56.07,48.41,35.81
369.65,34.88,21.04,22.46,21.11,97.14,56.07,48.52,35.87
369.66,34.88,21.04,22.49,21.11,97.14,56.07,48.52,35.87
369.67,34.95,21.04,22.49,21.11,97.14,56.07,48.52,35.87
369.68,34.95,21.04,22.49,21.14,97.14,56.21,48.52,35.87
369.69,34.95,21.01,22.49,21.11,97.14,56.07,48.52,35.87
369.70,34.88,21.01,22.49,21.14,97.14,56.07,48.52,35.87
369.71,35.01,21.04,22.49,21.11,97.14,56.07,48.52,35.87
369.72,34.95,21.04,22.49,21.11,97.14,56.07,48.52,35.87
369.73,34.95,21.04,22.49,21.11,97.14,56.07,48.52,35.87
369.74,34.95,21.04,22.46,21.14,97.14,56.07,48.52,35.87
369.75,34.88,21.04,22.46,21.11,97.14,56.07,48.41,35.87
369.76,34.88,21.01,22.49,21.11,97.14,56.07,48.52,35.87
369.77,34.95,21.04,22.49,21.11,97.51,56.07,48.52,35.87
369.78,34.95,21.04,22.49,21.11,97.14,56.07,48.52,35.87
369.79,34.88,21.04,22.46,21.14,97.14,56.07,48.52,35.87
369.80,34.88,21.04,22.49,21.11,97.14,56.07,48.52,35.87
369.81,34.88,21.04,22.49,21.14,97.51,56.07,48.52,35.87
369.82,34.88,21.04,22.49,21.11,97.14,56.07,48.52,35.87
369.83,34.88,21.04,22.49,21.11,97.51,56.07,48.52,35.87
369.84,34.88,21.04,22.46,21.11,97.14,56.07,48.52,35.87
369.85,34.88,21.01,22.46,21.11,97.14,56.07,48.52,35.87
369.86,34.95,21.04,22.49,21.11,97.14,56.07,48.52,35.87
369.87,34.95,21.04,22.49,21.14,97.51,56.21,48.52,35.87
369.88,34.88,21.04,22.49,21.11,97.51,56.07,48.52,35.87
369.89,34.88,21.04,22.46,21.11,97.14,56.07,48.52,35.87
369.90,34.88,21.04,22.46,21.11,97.14,56.07,48.52,35.87
369.91,34.95,21.04,22.49,21.11,97.14,56.21,48.52,35.94
369.92,34.95,21.04,22.49,21.11,97.14,56.07,48.52,35.87
369.93,34.88,21.04,22.49,21.11,97.14,56.07,48.52,35.87
369.94,34.95,21.01,22.46,21.11,97.14,56.07,48.52,35.87
369.95,34.88,21.01,22.46,21.11,97.14,56.07,48.52,35.87
369.96,34.88,21.04,22.46,21.11,97.14,56.07,48.52,35.87
369.97,34.95,21.04,22.49,21.14,97.51,56.07,48.52,35.87
369.98,34.88,21.04,22.49,21.11,97.14,56.07,48.52,35.87
369.99,34.88,21.04,22.46,21.11,97.14,56.07,48.52,35.87
370.00,34.88,21.01,22.49,21.11,97.14,56.07,48.52,35.94
370.01,34.88,21.04,22.49,21.11,97.14,56.07,48.52,35.87
370.02,34.88,21.04,22.49,21.11,97.51,56.07,48.52,35.87
370.03,34.95,21.04,22.49,21.14,97.51,56.07,48.41,35.87
370.04,34.95,21.04,22.49,21.11,97.14,56.07,48.52,35.87
370.05,34.88,21.04,22.49,21.11,97.14,56.07,48.52,35.87
370.06,34.88,21.04,22.49,21.11,97.14,56.07,48.52,35.87
370.07,34.95,21.07,22.49,21.11,97.51,56.21,48.52,35.87
370.08,34.95,21.04,22.49,21.11,97.14,56.07,48.52,35.87
370.09,34.88,21.01,22.49,21.11,97.14,56.07,48.52,35.87
370.10,34.88,21.01,22.46,21.11,97.14,56.07,48.52,35.87
370.11,34.88,21.04,22.49,21.14,97.14,56.07,48.52,35.94
370.12,34.95,21.07,22.49,21.14,97.14,56.07,48.52,35.87
370.13,34.95,21.04,22.49,21.11,97.14,56.07,48.52,35.87
370.14,34.95,21.04,22.46,21.11,97.14,56.07,48.52,35.87
370.15,34.95,21.01,22.49,21.11,97.14,56.07,48.41,35.87
370.16,34.95,21.04,22.49,21.11,97.51,56.07,48.52,35.87
370.17,34.95,21.04,22.49,21.11,97.51,56.07,48.52,35.87
370.18,34.88,21.04,22.49,21.11,97.14,56.07,48.52,35.87
370.19,34.95,21.04,22.49,21.11,97.14,56.07,48.52,35.87
370.20,34.88,21.04,22.49,21.11,97.14,56.07,48.52,35.87
370.21,34.88,21.04,22.49,21.14,97.51,56.07,48.52,35.87
370.22,34.95,21.07,22.49,21.11,97.51,56.21,48.52,35.87
370.23,34.88,21.04,22.49,21.14,97.14,56.07,48.52,35.87
370.24,34.88,21.01,22.46,21.11,97.14,56.07,48.52,35.87
370.25,34.88,21.01,22.49,21.11,97.14,56.07,48.52,35.87
370.26,34.88,21.04,22.49,21.14,97.14,56.07,48.52,35.87
370.27,34.95,21.04,22.49,21.11,97.14,56.07,48.52,35.87
370.28,34.88,21.04,22.49,21.11,97.51,56.21,48.52,35.87
370.29,34.88,21.01,22.49,21.11,97.14,56.07,48.52,35.87
370.30,34.88,21.04,22.49,21.11,97.14,56.07,48.52,35.87
370.31,34.88,21.04,22.49,21.11,97.14,56.07,48.52,35.87
370.32,34.95,21.04,22.49,21.11,97.51,56.07,48.52,35.87
370.33,34.95,21.04,22.49,21.11,97.14,56.21,48.52,35.87
370.34,34.95,21.01,22.46,21.11,97.14,56.07,48.52,35.87
370.35,34.95,21.07,22.49,21.14,97.14,56.07,48.52,35.87
370.36,34.95,21.01,22.49,21.11,97.51,56.21,48.52,35.94
370.37,34.88,21.04,22.49,21.14,97.14,56.07,48.52,35.87
370.38,34.95,21.04,22.49,21.11,97.14,56.07,48.52,35.87
370.39,34.95,21.04,22.49,21.11,97.14,56.07,48.52,35.87
370.40,34.88,21.01,22.49,21.14,97.14,56.07,48.52,35.87
370.41,34.88,21.04,22.49,21.11,97.14,56.21,48.52,35.87
370.42,34.95,21.04,22.49,21.11,97.14,56.07,48.52,35.87
370.43,34.95,21.04,22.49,21.11,97.14,56.07,48.52,35.94
370.44,34.88,21.04,22.46,21.11,97.14,56.07,48.52,35.81
370.45,34.88,21.04,22.49,21.14,97.14,56.07,48.41,35.94
370.46,34.95,21.04,22.49,21.14,97.14,56.07,48.52,35.94
370.47,34.88,21.04,22.49,21.11,97.14,56.07,48.52,35.87
370.48,34.95,21.04,22.49,21.14,97.14,56.07,48.52,35.87
370.49,34.88,21.04,22.46,21.11,97.14,56.07,48.52,35.87
370.50,34.88,21.04,22.46,21.11,97.14,56.07,48.52,35.94
370.51,34.88,21.04,22.49,21.14,97.14,56.07,48.52,35.87
370.52,34.88,21.04,22.49,21.14,97.14,56.07,48.52,35.87
370.53,34.88,21.04,22.49,21.14,97.14,56.07,48.52,35.87
370.54,34.95,21.01,22.46,21.11,97.14,56.21,48.52,35.87
370.55,34.88,21.01,22.46,21.11,97.14,56.07,48.52,35.87
370.56,34.95,21.04,22.49,21.11,97.14,56.07,48.52,35.94
370.57,34.88,21.07,22.49,21.11,97.51,56.07,48.52,35.87
370.58,34.95,21.04,22.49,21.11,97.14,56.07,48.52,35.87
370.59,34.88,21.04,22.46,21.11,97.51,56.07,48.52,35.87
370.60,34.88,21.04,22.49,21.11,97.51,56.07,48.52,35.94
370.61,34.88,21.04,22.49,21.11,97.88,56.07,48.52,35.87
370.62,34.88,21.01,22.49,21.11,97.14,56.07,48.52,35.87
370.63,34.88,21.04,22.49,21.11,97.51,56.07,48.52,35.87
370.64,34.88,21.04,22.46,21.11,97.14,56.07,48.52,35.87
370.65,34.88,21.01,22.49,21.14,97.14,56.07,48.52,35.87
370.66,34.95,21.04,22.49,21.14,97.14,56.07,48.52,35.87
370.67,34.95,21.04,22.49,21.11,97.14,56.21,48.52,35.87
370.68,34.95,21.04,22.49,21.14,97.14,56.07,48.52,35.87
370.69,34.95,21.01,22.49,21.14,97.14,56.07,48.52,35.87
370.70,34.95,21.01,22.49,21.14,97.51,56.07,48.62,35.87
370.71,34.88,21.04,22.49,21.14,97.14,56.07,48.41,35.87
370.72,34.95,21.04,22.49,21.14,97.14,56.07,48.52,35.87
370.73,34.88,21.04,22.49,21.14,97.14,56.07,48.52,35.87
370.74,34.88,21.04,22.46,21.14,97.14,56.21,48.52,35.87
370.75,34.88,21.04,22.49,21.11,97.14,56.07,48.52,35.94
370.76,34.88,21.04,22.49,21.14,97.14,56.07,48.52,35.94
370.77,34.88,21.04,22.49,21.14,97.14,56.07,48.52,35.94
370.78,35.01,21.01,22.49,21.14,97.51,56.07,48.52,35.87
370.79,34.88,21.01,22.49,21.11,97.14,56.07,48.52,35.87
370.80,34.88,21.01,22.49,21.14,97.14,56.07,48.52,35.87
370.81,34.95,21.04,22.49,21.11,97.14,56.07,48.41,35.87
370.82,34.95,21.04,22.49,21.11,97.14,56.07,48.52,35.87
370.83,34.88,21.04,22.49,21.11,97.14,56.07,48.52,35.87
370.84,34.88,21.04,22.49,21.11,97.14,56.07,48.52,35.87
370.85,34.95,21.04,22.46,21.11,97.14,56.07,48.41,35.87
370.86,34.95,21.04,22.49,21.11,97.14,56.07,48.52,35.87
370.87,34.95,21.04,22.49,21.11,97.14,56.07,48.52,35.87
370.88,34.88,21.04,22.49,21.11,97.14,56.07,48.52,35.94
370.89,34.88,21.01,22.49,21.14,97.14,56.07,48.52,35.87
370.90,34.88,21.01,22.46,21.11,97.14,56.07,48.52,35.94
370.91,34.95,21.04,22.49,21.11,97.14,56.07,48.52,35.81
370.92,34.95,21.04,22.49,21.11,97.14,56.07,48.52,35.87
370.93,34.88,21.01,22.49,21.11,97.14,56.07,48.52,35.94
370.94,34.95,21.01,22.46,21.11,97.14,56.07,48.52,35.87
370.95,34.95,21.04,22.49,21.11,97.14,56.07,48.41,35.87
370.96,34.88,21.04,22.49,21.14,97.14,56.07,48.52,35.94
370.97,34.95,21.04,22.49,21.11,97.14,56.07,48.52,35.87
370.98,34.95,21.04,22.49,21.11,97.51,56.07,48.52,35.94
370.99,34.88,21.01,22.49,21.14,97.14,55.93,48.52,35.94
371.00,34.88,21.01,22.46,21.11,97.14,56.07,48.52,35.94
371.01,34.95,21.04,22.49,21.14,97.14,56.07,48.52,35.94
371.02,34.95,21.04,22.49,21.14,97.14,56.07,48.52,35.94
371.03,34.88,21.04,22.49,21.11,97.51,56.07,48.52,35.94
371.04,34.95,21.04,22.49,21.14,97.14,56.07,48.41,35.94
371.05,34.88,21.01,22.46,21.11,96.77,56.07,48.52,35.87
371.06,34.95,21.04,22.49,21.14,97.14,56.07,48.52,35.94
371.07,34.95,21.04,22.49,21.14,97.14,56.21,48.52,35.94
371.08,35.01,21.04,22.49,21.14,97.14,56.07,48.52,35.94
371.09,34.88,21.01,22.49,21.11,97.14,56.07,48.52,35.94
371.10,34.95,21.01,22.46,21.14,97.14,56.07,48.52,35.87
371.11,34.88,21.01,22.49,21.11,97.14,56.07,48.52,35.87
371.12,34.95,21.04,22.49,21.14,97.14,56.07,48.52,35.87
371.13,34.88,21.04,22.49,21.14,97.14,56.07,48.52,35.94
371.14,34.82,21.01,22.49,21.14,97.51,56.07,48.52,35.87
371.15,34.88,21.01,22.49,21.14,97.14,56.07,48.52,35.94
371.16,34.88,21.04,22.49,21.14,97.14,56.07,48.52,35.87
371.17,34.88,21.04,22.49,21.14,97.14,56.07,48.52,35.94
371.18,35.01,21.04,22.49,21.11,97.14,56.07,48.52,35.87
371.19,34.88,21.01,22.46,21.11,97.14,56.07,48.52,35.87
371.20,34.95,21.04,22.49,21.11,97.14,56.07,48.52,35.87
371.21,34.88,21.01,22.49,21.11,97.51,56.07,48.52,35.94
371.22,34.95,21.04,22.49,21.11,97.14,56.07,48.52,35.94
371.23,34.88,21.04,22.49,21.11,97.14,56.07,48.52,35.87
371.24,34.88,21.01,22.46,21.14,97.14,56.07,48.52,35.87
371.25,34.88,21.04,22.46,21.11,97.14,56.07,48.52,35.94
371.26,34.88,21.01,22.49,21.11,97.14,56.07,48.52,35.87
371.27,34.95,21.04,22.49,21.11,97.51,56.07,48.52,35.87
371.28,34.88,21.04,22.49,21.14,97.14,56.07,48.52,35.94
371.29,34.88,21.01,22.46,21.11,97.14,56.07,48.52,35.94
371.30,34.88,21.07,22.49,21.11,97.14,56.07,48.52,35.94
371.31,34.88,21.01,22.49,21.11,97.14,56.21,48.52,35.87
371.32,34.95,21.07,22.49,21.14,97.14,56.07,48.52,35.94
371.33,34.88,21.04,22.49,21.11,97.14,56.07,48.52,35.87
371.34,34.95,21.01,22.49,21.11,97.14,56.07,48.52,35.87
371.35,34.88,21.01,22.46,21.14,97.14,56.07,48.52,35.94
371.36,34.95,21.04,22.49,21.11,97.14,56.07,48.41,35.94
371.37,34.95,21.04,22.49,21.14,97.14,56.07,48.52,35.94
371.38,34.88,21.04,22.49,21.11,97.14,56.07,48.52,35.94
371.39,34.95,21.01,22.49,21.11,97.14,56.07,48.41,35.94
371.40,34.95,21.01,22.46,21.14,97.14,56.07,48.52,35.94
371.41,34.95,21.04,22.49,21.14,97.14,56.07,48.52,35.94
371.42,34.95,21.04,22.49,21.11,97.14,56.07,48.52,35.94
371.43,34.95,21.04,22.49,21.11,97.14,56.07,48.52,35.87
371.44,34.95,21.01,22.49,21.14,97.51,56.07,48.52,35.94
371.45,34.95,21.01,22.46,21.14,97.51,56.07,48.52,35.94
371.46,34.95,21.04,22.49,21.11,97.14,56.21,48.52,35.94
371.47,34.95,21.04,22.49,21.14,97.14,56.07,48.52,35.94
371.48,34.88,21.04,22.46,21.11,97.14,56.07,48.52,35.87
371.49,34.88,21.01,22.49,21.11,97.14,56.07,48.52,35.94
371.50,34.88,21.04,22.46,21.14,97.14,56.07,48.52,35.94
371.51,34.88,21.04,22.46,21.14,97.14,56.07,48.41,35.94
371.52,34.88,21.04,22.49,21.14,97.14,56.07,48.52,35.94
371.53,34.88,21.04,22.49,21.14,97.14,56.07,48.52,35.94
371.54,34.88,21.04,22.46,21.11,97.14,56.07,48.52,35.87
371.55,34.95,21.04,22.46,21.11,97.14,56.07,48.52,35.94
371.56,34.88,21.04,22.49,21.11,97.14,56.07,48.52,35.94
371.57,34.95,21.04,22.49,21.11,97.14,56.07,48.52,35.94
371.58,34.88,21.04,22.46,21.14,97.14,56.07,48.52,35.94
371.59,34.88,20.98,22.46,21.11,97.14,56.07,48.52,35.94
371.60,34.95,21.04,22.49,21.17,97.14,56.07,48.52,35.87
371.61,34.95,21.04,22.49,21.11,97.14,56.21,48.52,35.94
371.62,34.95,21.04,22.49,21.14,97.14,56.07,48.52,35.94
371.63,34.95,21.04,22.49,21.11,97.51,56.07,48.52,35.94
371.64,34.88,21.01,22.46,21.11,97.14,56.07,48.52,35.87
371.65,34.95,21.04,22.49,21.14,97.14,56.07,48.52,35.94
371.66,34.95,21.04,22.49,21.14,97.51,56.21,48.52,35.94
371.67,34.95,21.04,22.49,21.11,97.51,56.07,48.52,35.87
371.68,34.88,21.04,22.49,21.14,97.14,56.07,48.52,35.94
371.69,34.88,21.01,22.49,21.14,97.14,56.07,48.52,35.81
371.70,34.95,21.04,22.49,21.14,97.14,56.07,48.52,36.01
371.71,34.88,21.04,22.49,21.11,97.14,56.07,48.52,35.94
371.72,34.95,21.04,22.49,21.14,97.51,56.21,48.52,35.87
371.73,34.88,21.04,22.49,21.14,97.14,56.07,48.41,35.94
371.74,34.95,21.01,22.46,21.11,97.14,56.07,48.52,35.94
371.75,34.88,21.04,22.49,21.11,97.14,56.07,48.52,35.94
371.76,34.95,21.04,22.49,21.14,97.14,56.07,48.52,35.94
371.77,34.95,21.07,22.49,21.14,97.51,56.21,48.52,35.94
371.78,34.88,21.04,22.49,21.11,97.14,56.07,48.62,35.94
371.79,34.88,21.04,22.49,21.14,97.14,56.07,48.52,35.94
371.80,34.88,21.04,22.46,21.11,97.14,56.07,48.52,35.94
371.81,35.01,21.04,22.49,21.14,97.14,56.07,48.52,35.94
371.82,34.95,21.04,22.49,21.14,97.51,56.07,48.52,35.94
371.83,35.01,21.04,22.49,21.14,97.14,56.07,48.52,35.94
371.84,34.88,21.01,22.49,21.11,97.14,56.07,48.52,35.94
371.85,34.88,21.04,22.49,21.14,97.14,56.07,48.52,35.94
371.86,34.95,21.04,22.46,21.14,97.51,56.07,48.52,35.94
371.87,34.95,21.04,22.49,21.14,97.14,56.07,48.52,35.94
371.88,34.95,21.04,22.49,21.11,97.51,55.93,48.52,35.94
371.89,34.95,21.01,22.49,21.14,97.14,56.07,48.52,35.94
371.90,34.88,21.04,22.49,21.14,97.14,56.07,48.52,35.94
371.91,34.95,21.04,22.46,21.14,97.14,56.07,48.52,35.94
371.92,34.95,21.04,22.49,21.11,97.14,56.07,48.41,35.94
371.93,34.88,21.04,22.49,21.11,97.88,56.07,48.62,35.94
371.94,34.88,21.04,22.49,21.11,97.14,55.93,48.41,35.87
371.95,34.88,21.04,22.49,21.11,97.14,56.07,48.74,35.87
371.96,34.95,21.04,22.49,21.14,97.51,56.07,48.41,35.94
371.97,34.95,21.04,22.49,21.11,97.14,56.07,48.52,35.94
371.98,34.95,21.04,22.49,21.11,97.14,56.07,48.52,35.94
371.99,34.88,21.01,22.49,21.11,97.14,56.07,48.52,35.94
372.00,34.88,21.04,22.49,21.14,97.51,56.07,48.52,35.94
372.01,34.88,21.07,22.49,21.14,97.14,56.07,48.52,35.94
372.02,34.88,21.04,22.49,21.11,97.14,56.07,48.52,35.94
372.03,34.88,21.04,22.49,21.14,97.51,56.07,48.52,35.87
372.04,34.88,21.01,22.49,21.14,97.14,56.07,48.52,35.94
372.05,34.88,21.04,22.49,21.14,97.14,56.07,48.52,35.94
372.06,34.88,21.01,22.49,21.14,97.14,56.07,48.52,35.94
372.07,34.95,21.07,22.49,21.11,97.51,56.07,48.62,35.94
372.08,34.88,21.04,22.49,21.11,97.51,56.07,48.52,35.94
372.09,34.95,21.04,22.49,21.14,97.14,56.07,48.52,35.94
372.10,34.95,21.01,22.49,21.11,97.14,56.07,48.52,35.94
372.11,34.95,21.04,22.49,21.14,97.14,56.07,48.52,35.94
372.12,34.95,21.04,22.49,21.11,97.14,56.07,48.52,35.94
372.13,34.88,21.04,22.49,21.11,97.51,56.07,48.52,35.94
372.14,34.88,21.04,22.49,21.11,97.14,56.07,48.52,35.94
372.15,34.88,21.04,22.49,21.14,97.14,56.07,48.52,35.94
372.16,34.88,21.04,22.49,21.11,97.51,56.07,48.52,35.94
372.17,34.95,21.04,22.49,21.11,97.51,56.21,48.62,35.94
372.18,34.95,21.04,22.49,21.11,97.51,56.07,48.62,35.94
372.19,34.88,21.01,22.49,21.11,97.14,56.07,48.52,35.94
372.20,34.88,21.04,22.49,21.11,97.14,56.07,48.52,35.94
372.21,35.01,21.04,22.49,21.14,97.14,56.07,48.52,35.94
372.22,35.01,21.07,22.49,21.14,97.51,56.07,48.62,35.94
372.23,34.88,21.04,22.49,21.14,97.51,56.07,48.52,35.94
372.24,34.88,21.04,22.49,21.11,97.14,56.21,48.52,35.94
372.25,34.88,21.04,22.49,21.14,97.14,56.07,48.62,35.94
372.26,35.01,21.07,22.49,21.14,97.51,56.07,48.52,36.01
372.27,34.95,21.04,22.49,21.14,97.14,56.07,48.52,35.94
372.28,34.95,21.04,22.49,21.14,97.14,56.21,48.52,35.94
372.29,34.95,21.04,22.49,21.14,97.14,56.07,48.62,35.94
372.30,34.95,21.04,22.49,21.14,97.14,56.07,48.52,35.94
372.31,34.95,21.04,22.49,21.11,97.14,56.07,48.41,35.94
372.32,34.88,21.04,22.49,21.14,97.51,56.07,48.62,35.94
372.33,34.88,21.04,22.49,21.14,97.51,56.07,48.52,35.94
372.34,34.95,21.04,22.49,21.14,97.51,56.07,48.52,35.94
372.35,34.88,21.04,22.49,21.14,97.51,56.07,48.52,35.94
372.36,34.95,21.07,22.49,21.11,97.51,56.07,48.52,35.94
372.37,34.95,21.04,22.49,21.11,97.51,56.21,48.62,35.94
372.38,35.01,21.04,22.49,21.11,97.14,56.07,48.52,35.94
372.39,34.95,21.04,22.46,21.14,97.14,56.07,48.52,35.94
372.40,34.88,21.04,22.49,21.11,97.14,56.21,48.52,35.94
372.41,34.95,21.07,22.49,21.14,97.51,56.21,48.62,36.01
372.42,35.01,21.04,22.52,21.14,97.51,56.21,48.52,35.94
372.43,34.95,21.07,22.49,21.14,97.14,56.07,48.52,36.01
372.44,34.95,21.04,22.49,21.11,97.14,56.07,48.52,35.94
372.45,34.95,21.04,22.49,21.11,97.14,56.07,48.52,35.94
372.46,34.88,21.04,22.49,21.14,97.51,56.07,48.62,35.94
372.47,34.95,21.07,22.52,21.14,97.51,56.07,48.62,35.94
372.48,34.95,21.04,22.49,21.11,97.51,56.07,48.52,35.94
372.49,34.95,21.04,22.49,21.14,97.14,56.07,48.52,35.94
372.50,34.95,21.04,22.49,21.11,97.14,56.07,48.52,35.94
372.51,35.01,21.04,22.52,21.14,97.14,56.21,48.52,35.94
372.52,34.95,21.07,22.49,21.14,97.51,56.21,48.62,35.94
372.53,34.88,21.04,22.49,21.11,97.14,56.07,48.62,35.94
372.54,34.95,21.04,22.49,21.14,97.14,56.07,48.52,35.94
372.55,34.88,21.04,22.49,21.11,97.14,56.07,48.52,35.94
372.56,35.01,21.04,22.49,21.11,97.51,56.07,48.52,35.94
372.57,35.01,21.04,22.49,21.11,97.51,56.07,48.52,35.94
372.58,34.95,21.04,22.49,21.14,97.14,56.07,48.52,36.01
372.59,34.88,21.04,22.49,21.14,97.14,56.07,48.52,35.94
372.60,34.95,21.04,22.49,21.14,97.14,56.07,48.52,35.94
372.61,34.88,21.07,22.49,21.14,97.51,56.21,48.62,35.94
372.62,34.95,21.04,22.49,21.11,97.14,56.21,48.52,35.94
372.63,34.95,21.04,22.49,21.11,97.14,56.07,48.52,35.94
372.64,34.95,21.01,22.49,21.14,97.14,56.21,48.52,36.01
372.65,34.88,21.04,22.49,21.11,97.14,56.07,48.52,35.94
372.66,34.95,21.04,22.49,21.14,97.14,56.21,48.62,35.94
372.67,34.95,21.07,22.49,21.11,97.51,56.07,48.62,35.94
372.68,34.95,21.04,22.49,21.11,97.14,56.07,48.52,35.94
372.69,34.95,21.04,22.49,21.11,97.14,56.07,48.62,35.94
372.70,35.01,21.01,22.49,21.14,97.14,56.07,48.62,35.94
372.71,35.01,21.04,22.49,21.14,97.14,56.07,48.52,35.94
372.72,34.95,21.04,22.49,21.14,97.51,56.07,48.62,36.01
372.73,34.95,21.04,22.49,21.11,97.14,56.07,48.62,35.94
372.74,34.95,21.04,22.49,21.14,97.14,56.07,48.52,35.94
372.75,34.88,21.01,22.49,21.11,97.51,56.07,48.52,36.01
372.76,35.01,21.04,22.49,21.14,97.14,56.07,48.52,35.94
372.77,34.95,21.04,22.49,21.14,97.51,56.07,48.52,35.94
372.78,34.88,21.04,22.49,21.11,97.51,56.07,48.52,35.94
372.79,34.95,21.01,22.49,21.11,97.14,56.07,48.52,35.87
372.80,34.95,21.01,22.49,21.11,97.14,56.07,48.52,35.94
372.81,34.95,21.04,22.49,21.14,97.51,56.07,48.52,35.94
372.82,34.95,21.04,22.52,21.11,97.51,56.07,48.52,35.94
372.83,34.88,21.07,22.49,21.14,97.14,56.07,48.52,35.94
372.84,34.95,21.01,22.49,21.11,97.14,56.07,48.52,35.94
372.85,34.88,21.07,22.49,21.14,97.51,56.07,48.62,35.94
372.86,34.95,21.04,22.49,21.11,97.14,56.07,48.52,35.94
372.87,34.95,21.07,22.49,21.14,97.51,56.07,48.62,35.94
372.88,34.88,21.04,22.49,21.14,97.14,56.21,48.52,35.94
372.89,34.88,21.01,22.49,21.11,97.14,56.21,48.52,35.94
372.90,34.95,21.04,22.49,21.14,97.14,56.07,48.52,35.94
372.91,34.95,21.04,22.49,21.14,97.51,56.35,48.52,36.01
372.92,34.95,21.04,22.49,21.14,97.14,56.07,48.52,35.94
372.93,34.95,21.04,22.49,21.11,97.51,56.21,48.52,36.01
372.94,34.88,21.01,22.49,21.11,97.51,55.93,48.52,35.87
372.95,34.95,21.04,22.49,21.11,97.51,56.21,48.62,36.01
372.96,34.95,21.04,22.49,21.14,97.14,56.07,48.52,35.87
372.97,35.01,21.04,22.49,21.14,97.14,56.07,48.52,36.01
372.98,34.88,21.04,22.49,21.14,97.14,56.07,48.52,35.94
372.99,34.95,21.01,22.49,21.14,97.14,56.07,48.52,35.94
373.00,34.88,21.04,22.49,21.14,97.14,56.07,48.52,35.94
373.01,34.95,21.04,22.49,21.14,97.51,56.07,48.62,35.94
373.02,34.88,21.04,22.49,21.14,97.14,56.07,48.52,35.94
373.03,34.88,21.04,22.49,21.11,97.51,56.07,48.52,35.94
373.04,34.88,21.04,22.49,21.14,97.51,56.07,48.52,36.01
373.05,34.88,21.04,22.49,21.14,97.14,56.07,48.52,35.94
373.06,34.95,21.04,22.49,21.14,97.14,56.21,48.62,35.94
373.07,34.88,21.04,22.49,21.14,97.14,56.07,48.52,36.01
373.08,34.95,21.04,22.49,21.14,97.51,56.07,48.52,35.94
373.09,34.88,21.04,22.49,21.14,97.51,56.07,48.62,35.94
373.10,34.88,21.04,22.49,21.14,97.14,56.07,48.52,35.94
373.11,34.95,21.04,22.49,21.14,97.51,56.21,48.62,36.01
373.12,34.95,21.04,22.49,21.11,97.14,56.07,48.52,35.94
373.13,34.88,21.04,22.49,21.14,97.14,56.07,48.52,35.94
373.14,34.88,21.04,22.49,21.14,97.14,56.07,48.52,35.94
373.15,35.01,21.04,22.49,21.14,97.51,56.07,48.52,35.94
373.16,34.95,21.04,22.52,21.14,97.51,56.21,48.52,36.01
373.17,34.95,21.04,22.49,21.14,97.51,56.07,48.52,35.94
373.18,34.95,21.04,22.49,21.14,97.51,56.07,48.52,35.94
373.19,35.01,21.04,22.49,21.11,97.14,56.07,48.52,35.94
373.20,34.88,21.04,22.49,21.11,97.51,56.07,48.62,35.94
373.21,34.95,21.04,22.49,21.14,97.14,56.07,48.41,35.94
373.22,34.95,21.04,22.49,21.11,97.51,56.21,48.62,35.94
373.23,34.95,21.04,22.49,21.14,97.14,56.07,48.52,35.94
373.24,34.88,21.01,22.49,21.11,97.14,56.07,48.52,35.94
373.25,34.95,21.04,22.49,21.14,97.51,56.07,48.52,36.01
373.26,35.01,21.04,22.52,21.14,97.14,56.21,48.62,35.94
373.27,34.95,21.04,22.49,21.11,97.51,56.07,48.62,35.94
373.28,35.01,21.07,22.49,21.14,97.14,56.07,48.52,35.94
373.29,34.88,21.04,22.49,21.14,97.14,56.07,48.52,35.94
373.30,34.95,21.04,22.49,21.14,97.14,56.07,48.52,35.94
373.31,35.01,21.04,22.49,21.14,97.51,56.07,48.52,36.01
373.32,34.95,21.04,22.49,21.14,97.51,56.21,48.62,35.94
373.33,34.88,21.04,22.49,21.14,97.51,56.07,48.52,35.94
373.34,34.88,21.04,22.49,21.11,97.51,56.07,48.52,35.94
373.35,34.88,21.04,22.49,21.11,97.51,56.07,48.62,35.94
373.36,34.95,21.07,22.49,21.14,97.51,56.07,48.62,35.94
373.37,35.01,21.04,22.49,21.11,97.51,56.21,48.62,35.94
373.38,34.95,21.04,22.49,21.11,97.51,56.07,48.62,35.94
373.39,34.88,21.04,22.49,21.14,97.51,56.07,48.52,35.94
373.40,34.95,21.04,22.49,21.14,97.14,56.07,48.62,35.94
373.41,34.95,21.07,22.52,21.14,97.14,56.07,48.62,35.94
373.42,34.95,21.07,22.52,21.14,97.51,56.21,48.52,36.01
373.43,35.01,21.04,22.49,21.14,97.51,56.07,48.62,35.94
373.44,34.95,21.04,22.49,21.14,97.14,56.07,48.52,35.94
373.45,34.88,21.04,22.49,21.14,97.14,56.07,48.52,35.94
373.46,34.95,21.07,22.49,21.14,97.14,56.21,48.52,35.94
373.47,34.95,21.07,22.49,21.11,97.14,56.21,48.62,35.94
373.48,34.95,21.04,22.49,21.11,97.14,56.07,48.62,35.94
373.49,34.88,21.04,22.49,21.14,97.51,56.07,48.52,36.01
373.50,34.95,21.04,22.49,21.14,97.14,56.21,48.52,36.01
373.51,34.95,21.04,22.49,21.11,97.51,56.21,48.62,35.94
373.52,35.01,21.04,22.49,21.11,97.51,55.93,48.62,35.94
373.53,34.88,21.04,22.49,21.14,97.51,56.07,48.62,35.94
373.54,34.95,21.04,22.49,21.11,97.14,56.21,48.52,35.94
373.55,34.95,21.04,22.49,21.14,97.51,56.07,48.52,35.94
373.56,34.95,21.04,22.52,21.14,97.51,56.21,48.62,36.01
373.57,34.95,21.04,22.49,21.14,97.51,56.21,48.62,35.94
373.58,34.95,21.04,22.49,21.11,97.14,56.07,48.62,36.01
373.59,34.95,21.04,22.46,21.14,97.14,56.07,48.41,36.01
373.60,34.95,21.04,22.49,21.14,97.14,56.07,48.62,36.01
373.61,34.95,21.04,22.49,21.11,97.14,56.07,48.62,36.01
373.62,34.95,21.07,22.52,21.14,97.14,56.07,48.52,36.01
373.63,34.95,21.01,22.49,21.14,97.14,56.07,48.52,35.94
373.64,34.95,21.04,22.49,21.14,97.14,56.07,48.52,36.01
373.65,34.88,21.04,22.49,21.11,97.51,56.07,48.52,36.01
373.66,35.01,21.04,22.52,21.14,97.14,56.21,48.62,35.94
373.67,34.95,21.04,22.52,21.14,97.14,56.07,48.62,35.94
373.68,34.95,21.04,22.49,21.14,97.51,56.21,48.52,36.01
373.69,34.95,21.04,22.52,21.14,97.14,56.21,48.52,36.01
373.70,34.95,21.04,22.49,21.14,97.14,56.07,48.52,36.01
373.71,35.01,21.04,22.52,21.14,97.51,56.21,48.62,36.01
373.72,34.95,21.07,22.52,21.14,97.51,56.07,48.62,35.94
373.73,34.95,21.04,22.49,21.14,97.51,56.21,48.62,36.01
373.74,34.95,21.04,22.49,21.14,97.14,56.07,48.52,36.01
373.75,35.01,21.04,22.52,21.14,97.51,56.21,48.62,36.01
373.76,34.95,21.07,22.52,21.14,97.51,56.21,48.62,36.01
373.77,35.01,21.07,22.49,21.14,97.14,56.07,48.52,35.94
373.78,35.01,21.04,22.52,21.14,97.14,56.07,48.52,36.01
373.79,34.95,21.04,22.49,21.14,97.14,56.07,48.62,35.94
373.80,34.95,21.04,22.49,21.14,97.51,56.07,48.62,36.01
373.81,34.95,21.04,22.52,21.14,97.51,56.07,48.62,35.94
373.82,35.01,21.04,22.52,21.14,97.51,56.21,48.62,36.01
373.83,35.01,21.04,22.49,21.14,97.51,56.07,48.62,36.01
373.84,34.88,21.04,22.49,21.14,97.51,56.21,48.62,36.01
373.85,35.01,21.04,22.49,21.14,97.51,56.07,48.62,36.01
373.86,35.01,21.07,22.49,21.11,97.51,56.21,48.62,35.94
373.87,34.95,21.04,22.52,21.14,97.14,56.21,48.62,35.94
373.88,34.95,21.07,22.49,21.14,97.14,56.07,48.52,36.01
373.89,34.95,21.04,22.49,21.11,97.51,56.21,48.52,35.94
373.90,35.01,21.07,22.49,21.14,97.51,56.21,48.52,36.01
373.91,35.01,21.07,22.52,21.14,97.51,56.07,48.62,36.01
373.92,34.95,21.07,22.52,21.14,97.14,56.07,48.62,36.01
373.93,34.88,21.04,22.49,21.14,97.51,56.07,48.52,36.01
373.94,34.88,21.04,22.49,21.14,97.51,56.07,48.62,36.01
373.95,35.01,21.07,22.52,21.11,97.51,56.07,48.62,35.87
373.96,35.08,21.07,22.52,21.14,97.51,56.21,48.62,36.01
373.97,34.95,21.07,22.52,21.14,97.51,56.07,48.62,36.01
373.98,34.95,21.07,22.52,21.14,97.14,56.07,48.52,36.01
373.99,34.88,21.04,22.49,21.11,97.51,56.07,48.52,36.01
374.00,34.95,21.04,22.49,21.14,97.51,56.07,48.52,35.94
374.01,35.01,21.07,22.52,21.14,97.51,56.21,48.62,36.01
374.02,34.95,21.04,22.52,21.14,97.51,56.07,48.62,36.01
374.03,34.88,21.04,22.49,21.14,97.51,56.07,48.62,36.01
374.04,35.01,21.04,22.49,21.14,97.14,56.07,48.62,36.01
374.05,34.95,21.04,22.52,21.14,97.14,56.07,48.62,36.01
374.06,35.08,21.07,22.52,21.14,97.51,56.21,48.62,36.01
374.07,34.88,21.07,22.52,21.14,97.51,56.21,48.62,35.94
374.08,35.01,21.07,22.52,21.14,97.14,56.21,48.62,36.01
374.09,34.88,21.04,22.49,21.11,97.51,56.07,48.52,36.01
374.10,34.95,21.07,22.49,21.17,97.14,56.07,48.62,36.01
374.11,34.95,21.07,22.52,21.14,97.51,56.21,48.62,36.01
374.12,35.01,21.07,22.52,21.14,97.51,56.21,48.62,36.01
374.13,34.95,21.07,22.52,21.14,97.14,56.21,48.62,36.01
374.14,34.95,21.04,22.52,21.14,97.51,56.21,48.62,36.01
374.15,35.01,21.07,22.52,21.14,97.51,56.07,48.62,36.01
374.16,35.01,21.07,22.52,21.14,97.51,56.07,48.62,36.01
374.17,35.01,21.04,22.52,21.14,97.14,56.07,48.62,36.01
374.18,35.01,21.07,22.52,21.14,97.14,56.21,48.62,36.01
374.19,34.95,21.04,22.49,21.14,97.14,55.93,48.62,36.01
374.20,34.88,21.04,22.52,21.14,97.14,56.21,48.62,36.01
374.21,34.95,21.07,22.52,21.14,97.14,56.21,48.62,35.94
374.22,34.95,21.07,22.49,21.14,97.51,56.21,48.62,36.08
374.23,34.95,21.04,22.52,21.14,97.51,56.07,48.62,35.94
374.24,34.88,21.04,22.52,21.14,97.14,56.21,48.62,36.01
374.25,34.95,21.04,22.49,21.14,97.51,56.07,48.52,36.01
374.26,34.95,21.04,22.52,21.14,97.51,56.21,48.62,36.01
374.27,34.95,21.07,22.52,21.14,97.14,56.07,48.62,36.01
374.28,34.95,21.04,22.52,21.14,97.51,56.21,48.62,36.01
374.29,34.95,21.04,22.49,21.14,97.51,56.07,48.52,36.01
374.30,34.95,21.04,22.49,21.14,97.14,56.21,48.52,36.01
374.31,35.01,21.07,22.52,21.14,97.51,56.07,48.62,36.01
374.32,34.95,21.07,22.52,21.14,97.51,56.07,48.62,36.01
374.33,35.01,21.07,22.52,21.14,97.51,56.21,48.62,36.01
374.34,34.95,21.04,22.52,21.14,97.51,56.07,48.62,35.94
374.35,34.88,21.04,22.52,21.14,97.14,56.07,48.62,36.01
374.36,35.01,21.07,22.49,21.14,97.51,56.21,48.62,36.01
374.37,35.01,21.07,22.52,21.14,97.51,56.21,48.52,36.01
374.38,34.95,21.04,22.52,21.14,97.51,56.07,48.62,36.01
374.39,34.95,21.04,22.52,21.14,97.51,56.07,48.62,36.01
374.40,35.01,21.04,22.52,21.14,97.51,56.21,48.62,36.01
374.41,34.95,21.07,22.52,21.14,97.51,56.07,48.62,36.01
374.42,34.95,21.07,22.52,21.14,97.51,56.07,48.62,36.01
374.43,35.01,21.04,22.52,21.14,97.14,56.07,48.62,35.94
374.44,34.88,21.04,22.49,21.14,97.14,56.07,48.62,36.01
374.45,34.95,21.04,22.52,21.14,97.51,56.07,48.62,36.01
374.46,34.95,21.07,22.52,21.14,97.51,56.21,48.62,36.01
374.47,34.95,21.07,22.52,21.14,97.51,56.21,48.52,36.01
374.48,34.95,21.04,22.49,21.14,97.14,56.21,48.62,36.01
374.49,34.88,21.04,22.49,21.14,97.14,56.21,48.62,36.01
374.50,34.95,21.04,22.52,21.14,97.51,56.07,48.62,36.01
374.51,35.01,21.07,22.52,21.14,97.51,56.21,48.62,36.01
374.52,34.95,21.07,22.52,21.14,97.51,56.21,48.62,36.01
374.53,35.01,21.04,22.52,21.14,97.51,56.21,48.62,35.94
374.54,35.01,21.04,22.49,21.14,97.14,56.07,48.62,36.01
374.55,34.95,21.04,22.49,21.14,97.51,56.07,48.62,36.01
374.56,35.01,21.04,22.52,21.14,97.14,56.07,48.62,36.01
374.57,35.01,21.07,22.52,21.14,97.14,56.21,48.62,36.01
374.58,35.01,21.04,22.49,21.14,97.51,56.07,48.62,36.01
374.59,34.95,21.04,22.49,21.14,97.14,56.07,48.62,36.01
374.60,34.88,21.04,22.49,21.14,97.51,56.07,48.41,36.01
374.61,35.01,21.07,22.52,21.14,97.51,56.07,48.62,36.01
374.62,35.01,21.04,22.52,21.14,97.51,56.21,48.62,36.01
374.63,34.95,21.04,22.49,21.14,97.14,56.07,48.52,36.01
374.64,34.88,21.04,22.49,21.14,97.51,56.07,48.52,36.01
374.65,34.95,21.04,22.49,21.14,97.51,56.07,48.62,36.01
374.66,35.01,21.04,22.52,21.14,97.51,56.07,48.62,36.01
374.67,34.95,21.07,22.49,21.14,97.14,56.21,48.52,36.01
374.68,35.01,21.04,22.49,21.14,97.51,56.07,48.62,36.01
374.69,34.95,21.04,22.52,21.14,97.51,56.07,48.62,36.01
374.70,34.88,21.04,22.49,21.14,97.51,56.07,48.62,36.01
374.71,35.01,21.07,22.52,21.14,97.51,56.21,48.62,35.94
374.72,35.01,21.04,22.52,21.14,97.51,56.21,48.62,36.01
374.73,34.95,21.04,22.49,21.14,97.51,56.21,48.62,36.01
374.74,34.88,21.04,22.49,21.14,97.14,56.07,48.62,36.01
374.75,34.95,21.04,22.49,21.14,97.14,56.21,48.74,36.01
374.76,35.01,21.07,22.52,21.14,97.51,56.21,48.62,36.01
374.77,35.01,21.04,22.49,21.14,97.51,56.07,48.52,36.01
374.78,35.01,21.04,22.49,21.14,97.14,56.07,48.52,36.01
374.79,35.01,21.04,22.49,21.14,97.14,56.21,48.52,36.01
374.80,34.88,21.04,22.49,21.14,97.14,56.07,48.62,36.01
374.81,34.95,21.04,22.52,21.14,97.51,56.07,48.62,36.01
374.82,35.01,21.04,22.49,21.14,97.51,56.07,48.52,36.01
374.83,34.95,21.04,22.49,21.14,97.14,56.21,48.62,36.01
374.84,34.95,21.04,22.49,21.14,97.14,56.07,48.62,36.01
374.85,34.88,21.04,22.49,21.14,97.14,56.07,48.62,36.01
374.86,35.01,21.07,22.49,21.14,97.51,56.21,48.62,36.01
374.87,35.01,21.04,22.49,21.14,97.14,56.21,48.62,36.01
374.88,34.95,21.04,22.49,21.14,97.14,56.07,48.52,36.01
374.89,34.95,21.04,22.49,21.14,97.51,56.07,48.62,36.01
374.90,34.95,21.04,22.49,21.14,97.51,56.21,48.62,36.01
374.91,34.95,21.04,22.52,21.14,97.51,56.07,48.62,36.01
374.92,34.95,21.04,22.52,21.14,97.51,56.07,48.62,36.01
374.93,34.95,21.04,22.49,21.14,97.51,56.07,48.52,36.01
374.94,34.95,21.04,22.49,21.14,97.51,56.21,48.62,36.01
374.95,35.01,21.04,22.49,21.14,97.14,56.21,48.62,36.01
374.96,35.01,21.04,22.52,21.14,97.51,56.07,48.62,36.01
374.97,35.01,21.04,22.52,21.14,97.51,56.21,48.62,36.01
374.98,35.01,21.04,22.49,21.14,97.51,56.07,48.62,36.01
374.99,34.95,21.04,22.49,21.14,97.14,56.21,48.52,36.01
375.00,35.01,21.04,22.49,21.14,97.14,56.07,48.62,36.01
375.01,35.01,21.04,22.52,21.14,97.51,56.07,48.62,36.01
375.02,34.95,21.07,22.52,21.14,97.51,56.21,48.62,36.01
375.03,34.95,21.04,22.52,21.14,97.51,56.21,48.62,36.01
375.04,34.95,21.04,22.49,21.14,97.51,56.21,48.62,36.01
375.05,35.01,21.04,22.52,21.14,97.51,56.07,48.62,36.01
375.06,34.95,21.04,22.52,21.14,97.51,56.21,48.62,36.01
375.07,35.01,21.07,22.52,21.14,97.51,56.07,48.62,36.01
375.08,35.01,21.04,22.49,21.14,97.14,56.07,48.62,36.01
375.09,34.88,21.04,22.49,21.14,97.14,56.07,48.62,36.01
375.10,34.95,21.04,22.49,21.14,97.14,56.07,48.52,36.01
375.11,35.01,21.07,22.52,21.14,97.14,56.21,48.62,36.08
375.12,34.95,21.04,22.52,21.14,97.51,56.07,48.62,36.01
375.13,34.95,21.04,22.52,21.14,97.14,56.07,48.62,36.01
375.14,34.88,21.04,22.49,21.14,97.14,56.07,48.52,36.01
375.15,34.88,21.04,22.49,21.14,97.14,56.07,48.62,36.01
375.16,34.95,21.04,22.52,21.14,97.14,56.21,48.62,36.01
375.17,34.95,21.07,22.49,21.14,97.51,56.21,48.62,36.01
375.18,35.01,21.04,22.49,21.14,97.51,56.07,48.62,36.01
375.19,34.88,21.04,22.49,21.14,97.51,56.21,48.52,36.01
375.20,34.95,21.04,22.49,21.14,97.51,56.07,48.52,36.01
375.21,34.95,21.04,22.52,21.14,97.51,56.07,48.62,36.01
375.22,34.95,21.07,22.52,21.14,97.51,56.07,48.52,36.01
375.23,34.88,21.04,22.49,21.14,97.51,56.07,48.52,36.01
375.24,34.88,21.04,22.49,21.14,97.51,56.07,48.52,36.01
375.25,34.95,21.04,22.49,21.14,97.51,56.07,48.62,36.01
375.26,34.95,21.04,22.52,21.14,97.51,56.07,48.62,36.01
375.27,34.95,21.04,22.49,21.14,97.51,56.07,48.52,36.01
375.28,34.95,21.04,22.49,21.14,97.14,56.07,48.62,36.01
375.29,34.95,21.04,22.49,21.14,97.51,56.07,48.52,36.01
375.30,35.01,21.01,22.49,21.14,97.51,56.07,48.62,36.01
375.31,35.01,21.04,22.52,21.14,97.51,56.21,48.62,36.01
375.32,35.01,21.04,22.52,21.14,97.51,56.07,48.52,36.01
375.33,35.01,21.07,22.49,21.14,97.14,56.07,48.52,36.01
375.34,34.88,20.98,22.49,21.14,97.14,56.07,48.62,36.01
375.35,34.95,21.04,22.52,21.17,97.51,56.07,48.52,36.01
375.36,34.95,21.04,22.52,21.14,97.51,56.21,48.62,36.01
375.37,34.88,21.07,22.52,21.14,97.51,56.07,48.62,36.01
375.38,34.88,21.04,22.49,21.14,97.51,56.21,48.62,36.01
375.39,34.95,21.04,22.49,21.14,97.51,56.07,48.52,36.01
375.40,34.95,21.07,22.49,21.14,97.14,55.93,48.62,36.01
375.41,34.95,21.04,22.52,21.14,97.51,56.35,48.62,36.01
375.42,34.95,21.04,22.52,21.14,97.51,56.21,48.62,36.01
375.43,34.88,21.04,22.52,21.14,97.14,56.35,48.52,36.01
375.44,34.88,21.01,22.49,21.14,97.51,56.07,48.62,36.01
375.45,34.95,21.01,22.52,21.14,97.51,56.07,48.62,36.01
375.46,34.95,21.04,22.52,21.14,97.14,56.21,48.62,36.01
375.47,34.95,21.04,22.49,21.14,97.51,56.21,48.52,36.08
375.48,34.95,21.04,22.52,21.14,97.14,56.07,48.62,36.01
375.49,34.88,21.04,22.49,21.14,97.51,56.21,48.52,36.01
375.50,34.95,21.04,22.49,21.14,97.14,56.07,48.62,36.01
375.51,34.95,21.04,22.52,21.14,97.51,56.21,48.62,36.01
375.52,34.95,21.07,22.52,21.14,97.51,56.07,48.62,36.01
375.53,34.95,21.04,22.49,21.14,97.14,56.07,48.62,36.01
375.54,34.95,21.04,22.49,21.14,97.51,56.07,48.62,36.08
375.55,34.95,21.04,22.52,21.14,97.51,56.07,48.62,36.01
375.56,35.01,21.04,22.52,21.14,97.51,56.21,48.62,36.01
375.57,34.95,21.07,22.52,21.14,97.51,56.21,48.62,36.01
375.58,34.95,21.04,22.52,21.14,97.14,56.07,48.62,36.01
375.59,35.01,21.01,22.49,21.14,97.14,56.07,48.62,36.01
375.60,34.88,21.04,22.52,21.14,97.14,56.07,48.62,36.01
375.61,34.95,21.07,22.52,21.14,97.51,56.21,48.62,36.01
375.62,35.01,21.04,22.49,21.14,97.51,56.21,48.62,36.08
375.63,34.95,21.04,22.49,21.14,97.51,56.07,48.52,36.01
375.64,34.88,21.04,22.52,21.14,97.51,56.07,48.62,36.01
375.65,34.95,21.04,22.52,21.14,97.51,56.21,48.62,36.01
375.66,34.95,21.07,22.52,21.14,97.51,56.21,48.62,36.01
375.67,34.95,21.04,22.52,21.14,97.14,56.21,48.62,36.08
375.68,34.88,21.04,22.52,21.14,97.51,56.21,48.62,36.01
375.69,35.01,21.04,22.49,21.14,97.14,56.21,48.62,36.01
375.70,34.95,21.04,22.49,21.14,97.51,56.07,48.62,36.01
375.71,34.95,21.07,22.52,21.14,97.51,56.35,48.62,36.01
375.72,34.95,21.07,22.52,21.14,97.14,56.07,48.62,36.01
375.73,34.95,21.01,22.49,21.14,97.51,56.07,48.62,36.08
375.74,34.95,21.04,22.49,21.14,97.51,56.07,48.62,36.08
375.75,34.88,21.04,22.52,21.14,97.51,56.21,48.62,36.01
375.76,35.01,21.04,22.52,21.14,97.51,56.07,48.62,36.01
375.77,34.95,21.04,22.52,21.14,97.51,56.21,48.62,36.01
375.78,34.95,21.04,22.52,21.14,97.51,56.07,48.62,36.08
375.79,34.88,21.04,22.49,21.14,97.14,56.07,48.62,36.01
375.80,34.95,21.04,22.52,21.14,97.51,56.07,48.62,36.08
375.81,35.01,21.04,22.52,21.14,97.51,56.21,48.62,36.01
375.82,34.95,21.04,22.52,21.14,97.14,56.21,48.62,36.01
375.83,34.95,21.04,22.49,21.14,97.51,56.07,48.62,36.01
375.84,34.95,21.04,22.49,21.14,97.51,56.21,48.62,36.01
375.85,34.95,21.04,22.52,21.14,97.51,56.21,48.62,36.01
375.86,35.08,21.07,22.52,21.14,97.51,56.07,48.62,36.08
375.87,35.01,21.07,22.52,21.14,97.51,56.21,48.62,36.01
375.88,34.95,21.04,22.52,21.14,97.51,56.07,48.62,36.01
375.89,35.01,21.04,22.52,21.14,97.51,56.21,48.62,36.08
375.90,35.01,21.01,22.52,21.14,97.14,56.21,48.62,36.08
375.91,34.95,21.07,22.52,21.14,97.51,56.07,48.62,36.08
375.92,34.95,21.07,22.52,21.14,97.51,56.21,48.74,36.01
375.93,34.95,21.04,22.49,21.14,97.51,56.21,48.62,36.01
375.94,34.88,21.04,22.52,21.14,97.51,56.07,48.62,36.01
375.95,34.95,21.04,22.49,21.14,97.51,56.21,48.62,36.01
375.96,34.95,21.07,22.52,21.14,97.51,56.07,48.62,36.08
375.97,34.95,21.04,22.52,21.14,97.51,56.07,48.62,36.01
375.98,35.01,21.04,22.52,21.14,97.14,56.21,48.62,36.01
375.99,34.95,21.04,22.52,21.14,97.51,56.07,48.62,36.01
376.00,34.88,21.04,22.52,21.14,97.51,56.07,48.62,36.01
376.01,35.01,21.07,22.52,21.14,97.51,56.21,48.62,36.08
376.02,35.01,21.04,22.52,21.14,97.51,56.07,48.62,36.01
376.03,34.95,21.04,22.52,21.14,97.51,56.07,48.62,36.01
376.04,34.95,21.04,22.49,21.14,97.14,56.07,48.62,36.01
376.05,34.88,21.04,22.52,21.14,97.14,56.07,48.62,36.01
376.06,35.01,21.07,22.52,21.14,97.51,56.21,48.62,36.01
376.07,34.95,21.04,22.52,21.14,97.51,56.07,48.62,36.01
376.08,34.88,21.04,22.52,21.14,97.14,56.07,48.52,36.01
376.09,35.01,21.04,22.52,21.14,97.14,56.07,48.62,36.01
376.10,34.95,21.07,22.52,21.14,97.51,56.07,48.62,36.08
376.11,34.95,21.07,22.52,21.14,97.51,56.21,48.62,36.08
376.12,34.95,21.04,22.52,21.14,97.14,56.07,48.62,36.08
376.13,34.95,21.04,22.52,21.14,97.51,56.07,48.62,36.01
376.14,35.01,21.04,22.52,21.14,97.51,56.07,48.62,36.01
376.15,34.95,21.04,22.52,21.14,97.14,56.21,48.62,36.01
376.16,35.01,21.07,22.52,21.14,97.51,56.21,48.62,36.01
376.17,35.01,21.04,22.52,21.14,97.51,56.21,48.62,36.01
376.18,34.95,21.04,22.52,21.14,97.14,56.21,48.62,36.01
376.19,34.95,21.04,22.52,21.14,97.51,56.21,48.62,36.01
376.20,35.01,21.04,22.52,21.14,97.51,56.07,48.62,36.08
376.21,35.01,21.07,22.52,21.14,97.51,56.21,48.62,36.01
376.22,34.95,21.04,22.52,21.14,97.51,56.21,48.62,36.01
376.23,34.95,21.04,22.52,21.14,97.51,56.21,48.62,36.08
376.24,35.01,21.04,22.52,21.14,97.51,56.07,48.62,36.08
376.25,34.95,21.04,22.52,21.14,97.51,56.07,48.62,36.08
376.26,34.95,21.07,22.52,21.14,97.51,56.07,48.62,36.01
376.27,35.01,21.04,22.52,21.14,97.51,56.21,48.62,36.08
376.28,34.95,21.04,22.52,21.14,97.51,56.07,48.62,36.08
376.29,34.95,21.04,22.49,21.14,97.51,56.07,48.62,36.01
376.30,34.95,21.07,22.52,21.14,97.51,56.07,48.62,36.08
376.31,34.95,21.07,22.52,21.14,97.51,56.21,48.62,36.08
376.32,34.95,21.04,22.52,21.14,97.51,56.07,48.62,36.01
376.33,34.95,21.04,22.52,21.14,97.51,56.07,48.62,36.08
376.34,34.95,21.04,22.52,21.14,97.14,56.21,48.62,36.08
376.35,34.95,21.07,22.52,21.14,97.51,56.21,48.62,36.08
376.36,35.01,21.07,22.52,21.14,97.51,56.21,48.62,36.08
376.37,35.01,21.07,22.52,21.14,97.51,56.21,48.62,36.01
376.38,34.95,21.04,22.52,21.14,97.51,56.21,48.62,36.08
376.39,34.95,21.04,22.49,21.14,97.51,56.21,48.62,36.01
376.40,34.88,21.04,22.52,21.14,97.51,56.21,48.62,36.01
376.41,34.95,21.04,22.52,21.14,97.51,56.21,48.62,36.01
376.42,34.95,21.07,22.52,21.14,97.51,56.07,48.62,36.01
376.43,34.95,21.04,22.52,21.14,97.51,56.07,48.62,36.08
376.44,34.95,21.04,22.49,21.14,97.14,56.07,48.62,36.08
376.45,34.95,21.04,22.52,21.14,97.14,56.21,48.62,36.08
376.46,34.95,21.07,22.52,21.14,97.51,56.21,48.62,36.01
376.47,35.01,21.07,22.52,21.14,97.51,56.07,48.52,36.08
376.48,34.88,21.04,22.49,21.14,97.51,56.21,48.62,36.08
376.49,34.95,21.04,22.49,21.14,97.51,56.07,48.62,36.01
376.50,34.88,21.04,22.52,21.14,97.14,56.07,48.62,36.08
376.51,35.01,21.07,22.52,21.14,97.51,56.21,48.62,36.08
376.52,35.01,21.07,22.52,21.14,97.51,56.21,48.62,36.08
376.53,35.01,21.04,22.52,21.14,97.14,56.07,48.62,36.01
376.54,34.88,21.04,22.49,21.14,97.51,56.21,48.62,36.01
376.55,34.95,21.04,22.52,21.14,97.51,56.21,48.62,36.01
376.56,34.95,21.07,22.52,21.14,97.51,56.21,48.62,36.08
376.57,34.95,21.04,22.52,21.14,97.51,56.21,48.62,36.08
376.58,34.95,21.07,22.52,21.14,97.51,56.07,48.62,36.01
376.59,34.88,21.01,22.52,21.14,97.51,56.21,48.62,36.08
376.60,34.95,21.07,22.52,21.14,97.51,56.07,48.62,36.01
376.61,35.01,21.07,22.52,21.14,97.51,56.21,48.62,36.08
376.62,34.95,21.07,22.52,21.14,97.51,56.07,48.62,36.08
376.63,34.95,21.04,22.52,21.14,97.51,56.07,48.62,36.01
376.64,34.88,21.04,22.52,21.14,97.51,56.21,48.62,36.08
376.65,35.01,21.07,22.52,21.14,97.51,56.21,48.62,36.08
376.66,34.95,21.07,22.52,21.14,97.51,56.21,48.62,36.08
376.67,34.95,21.07,22.52,21.14,97.51,56.21,48.62,36.01
376.68,34.88,21.04,22.49,21.14,97.51,56.21,48.62,36.01
376.69,34.95,21.04,22.52,21.14,97.51,55.93,48.62,36.01
376.70,34.88,21.04,22.52,21.14,97.51,56.21,48.62,36.01
376.71,35.01,21.07,22.52,21.14,97.51,56.21,48.62,36.08
376.72,35.01,21.04,22.52,21.14,97.51,56.07,48.62,36.08
376.73,34.88,21.04,22.49,21.14,97.51,56.07,48.62,36.01
376.74,34.95,21.04,22.52,21.14,97.51,56.21,48.62,36.08
376.75,34.95,21.04,22.52,21.14,97.51,56.21,48.62,36.08
376.76,34.95,21.07,22.52,21.14,97.51,56.21,48.62,36.01
376.77,34.95,21.07,22.52,21.14,97.51,56.21,48.62,36.08
376.78,35.01,21.04,22.52,21.14,97.51,56.21,48.62,36.08
376.79,34.88,21.04,22.49,21.14,97.51,56.07,48.62,36.08
376.80,34.88,21.04,22.52,21.14,97.51,56.07,48.62,36.08
376.81,35.01,21.07,22.52,21.14,97.51,56.21,48.62,36.08
376.82,34.88,21.07,22.52,21.14,97.51,56.07,48.62,36.08
376.83,35.01,21.04,22.52,21.14,97.51,56.21,48.62,36.01
376.84,34.95,21.04,22.49,21.14,97.51,56.21,48.62,36.08
376.85,34.88,21.01,22.56,21.14,97.51,56.21,48.62,36.08
376.86,35.01,21.07,22.52,21.14,97.51,56.21,48.62,36.08
376.87,34.95,21.07,22.52,21.14,97.51,56.07,48.62,36.08
376.88,34.95,21.04,22.52,21.14,97.51,56.07,48.62,36.08
376.89,34.95,21.04,22.52,21.14,97.51,56.21,48.62,36.08
376.90,34.95,21.04,22.52,21.14,97.51,56.21,48.62,36.08
376.91,34.95,21.07,22.52,21.14,97.14,56.21,48.62,36.08
376.92,35.01,21.07,22.52,21.14,97.51,56.07,48.62,36.08
376.93,34.95,21.04,22.52,21.14,97.51,56.07,48.62,36.08
376.94,34.95,21.04,22.52,21.14,97.14,56.07,48.52,36.08
376.95,34.95,21.07,22.52,21.14,97.51,56.21,48.85,36.08
376.96,34.95,21.04,22.52,21.14,97.51,56.21,48.52,36.08
376.97,34.95,21.04,22.52,21.14,97.51,56.21,48.62,36.08
376.98,34.95,21.01,22.52,21.14,97.51,56.21,48.62,36.08
376.99,34.95,21.04,22.52,21.14,97.14,56.07,48.62,36.08
377.00,35.01,21.04,22.52,21.14,97.51,56.21,48.62,36.08
377.01,35.01,21.07,22.52,21.14,97.51,56.21,48.62,36.08
377.02,34.95,21.04,22.52,21.14,97.51,56.21,48.62,36.08
377.03,34.88,21.04,22.52,21.14,97.14,56.07,48.62,36.08
377.04,34.88,21.04,22.52,21.14,97.51,56.07,48.52,36.08
377.05,34.95,21.04,22.52,21.14,97.51,56.21,48.62,36.08
377.06,34.95,21.07,22.52,21.14,97.51,56.21,48.62,36.08
377.07,34.95,21.07,22.52,21.14,97.14,56.21,48.52,36.08
377.08,34.95,21.07,22.52,21.14,97.14,56.21,48.62,36.08
377.09,34.95,21.04,22.49,21.14,97.51,56.21,48.62,36.08
377.10,34.95,21.07,22.52,21.11,97.51,56.07,48.62,36.01
377.11,34.95,21.04,22.52,21.14,97.51,56.21,48.62,36.08
377.12,34.95,21.04,22.49,21.14,97.51,56.21,48.62,36.08
377.13,34.95,21.04,22.52,21.14,97.51,56.07,48.62,36.08
377.14,34.95,21.01,22.49,21.14,97.51,56.07,48.62,36.08
377.15,34.95,21.07,22.52,21.14,97.51,56.21,48.62,36.08
377.16,35.01,21.04,22.52,21.14,97.51,56.21,48.62,36.08
377.17,34.88,21.04,22.52,21.14,97.14,56.07,48.62,36.08
377.18,34.88,21.07,22.52,21.14,97.51,56.07,48.62,36.08
377.19,34.95,21.04,22.49,21.14,97.51,56.07,48.62,36.08
377.20,34.88,21.04,22.49,21.14,97.51,56.07,48.62,36.08
377.21,34.95,21.04,22.52,21.14,97.51,56.21,48.62,36.08
377.22,35.01,21.04,22.52,21.14,97.51,56.07,48.62,36.08
377.23,34.88,21.04,22.49,21.14,97.14,56.07,48.62,36.08
377.24,35.01,21.04,22.49,21.14,97.14,56.21,48.62,36.08
377.25,34.88,21.04,22.52,21.14,97.51,56.07,48.74,36.08
377.26,35.01,21.07,22.52,21.14,97.51,56.21,48.62,36.08
377.27,34.95,21.04,22.52,21.14,97.51,56.07,48.62,36.08
377.28,34.95,21.04,22.49,21.14,97.51,56.21,48.62,36.08
377.29,34.88,21.01,22.49,21.14,97.51,56.07,48.62,36.08
377.30,34.88,21.04,22.52,21.14,97.14,56.21,48.62,36.08
377.31,34.95,21.07,22.52,21.14,97.14,56.21,48.62,36.08
377.32,34.95,21.04,22.49,21.14,97.51,56.07,48.62,36.08
377.33,34.95,21.04,22.49,21.14,97.51,56.07,48.62,36.08
377.34,34.95,21.04,22.52,21.14,97.51,56.21,48.62,36.08
377.35,34.88,21.04,22.49,21.14,97.51,56.07,48.62,36.08
377.36,34.88,21.07,22.52,21.14,97.51,56.21,48.62,36.08
377.37,35.01,21.04,22.52,21.14,97.51,56.21,48.62,36.08
377.38,34.88,21.04,22.52,21.14,97.14,56.07,48.62,36.08
377.39,34.88,21.04,22.52,21.14,97.51,56.07,48.62,36.08
377.40,34.88,21.04,22.52,21.14,97.51,56.21,48.62,36.08
377.41,34.95,21.04,22.52,21.14,97.51,56.21,48.62,36.08
377.42,35.01,21.04,22.52,21.14,97.51,56.21,48.62,36.08
377.43,34.88,21.04,22.52,21.14,97.51,56.07,48.62,36.08
377.44,34.95,21.04,22.52,21.14,97.14,56.21,48.62,36.08
377.45,34.95,21.04,22.52,21.14,97.51,56.21,48.62,36.08
377.46,35.01,21.04,22.52,21.14,97.51,56.21,48.62,36.08
377.47,34.95,21.04,22.52,21.14,97.51,56.07,48.62,36.08
377.48,34.88,21.04,22.52,21.14,97.51,56.07,48.62,36.08
377.49,35.01,21.04,22.49,21.14,97.51,56.07,48.62,36.08
377.50,34.95,21.04,22.49,21.14,97.51,56.07,48.62,36.08
377.51,34.95,21.07,22.52,21.14,97.51,56.07,48.62,36.08
377.52,35.01,21.04,22.52,21.17,97.51,56.07,48.62,36.08
377.53,34.88,21.04,22.49,21.14,97.51,56.07,48.52,36.08
377.54,34.88,21.04,22.52,21.14,97.51,56.21,48.62,36.08
377.55,34.88,21.04,22.52,21.14,97.51,56.21,48.62,36.08
377.56,34.95,21.07,22.52,21.14,97.51,56.21,48.62,36.08
377.57,34.95,21.04,22.52,21.14,97.51,56.21,48.62,36.08
377.58,34.95,21.04,22.52,21.14,97.51,56.07,48.62,36.08
377.59,34.88,21.04,22.52,21.14,97.14,56.07,48.62,36.08
377.60,34.95,21.07,22.52,21.14,97.51,56.07,48.62,36.01
377.61,34.95,21.07,22.52,21.17,97.51,56.07,48.62,36.08
377.62,34.95,21.07,22.52,21.14,97.51,56.07,48.62,36.01
377.63,35.01,21.04,22.49,21.14,97.51,56.07,48.62,36.08
377.64,34.88,21.04,22.52,21.17,97.51,56.21,48.62,36.08
377.65,34.95,21.04,22.52,21.14,97.51,56.07,48.62,36.08
377.66,34.95,21.04,22.52,21.14,97.51,56.21,48.52,36.08
377.67,34.88,21.04,22.52,21.14,97.51,56.07,48.62,36.08
377.68,34.88,21.04,22.49,21.14,97.51,56.21,48.62,36.08
377.69,34.88,21.04,22.49,21.14,97.51,56.07,48.62,36.15
377.70,34.95,21.04,22.52,21.14,97.51,56.21,48.62,36.08
377.71,34.95,21.07,22.52,21.14,97.51,56.07,48.62,36.08
377.72,34.95,21.04,22.52,21.14,97.51,56.21,48.62,36.08
377.73,34.95,21.04,22.52,21.14,97.14,56.07,48.62,36.08
377.74,34.95,21.04,22.49,21.14,97.51,56.07,48.62,36.08
377.75,34.95,21.04,22.49,21.14,97.51,56.07,48.62,36.08
377.76,34.95,21.07,22.49,21.14,97.51,56.21,48.62,36.08
377.77,34.95,21.04,22.52,21.17,97.51,56.07,48.62,36.08
377.78,34.95,21.04,22.52,21.14,97.51,56.07,48.62,36.08
377.79,34.88,21.04,22.49,21.14,97.51,56.07,48.62,36.08
377.80,34.88,21.04,22.52,21.14,97.51,56.21,48.62,36.08
377.81,34.95,21.04,22.52,21.14,97.51,56.21,48.62,36.08
377.82,34.95,21.07,22.52,21.14,97.51,56.21,48.62,36.08
377.83,34.95,21.01,22.49,21.14,97.14,56.07,48.62,36.08
377.84,34.88,21.01,22.49,21.14,97.14,56.21,48.62,36.08
377.85,34.95,21.04,22.52,21.14,97.14,56.21,48.62,36.08
377.86,34.95,21.07,22.52,21.14,97.51,56.07,48.62,36.08
377.87,34.95,21.04,22.52,21.14,97.51,56.21,48.62,36.08
377.88,34.88,21.04,22.49,21.14,97.51,56.07,48.62,36.01
377.89,34.88,21.04,22.52,21.14,97.51,56.07,48.62,36.08
377.90,34.88,21.04,22.49,21.14,97.14,56.07,48.62,36.08
377.91,34.95,21.04,22.52,21.14,97.51,56.07,48.62,36.08
377.92,35.01,21.07,22.52,21.14,97.51,56.21,48.62,36.08
377.93,34.95,21.01,22.49,21.14,97.51,56.21,48.62,36.15
377.94,34.95,21.04,22.49,21.14,97.51,56.07,48.62,36.08
377.95,34.95,21.04,22.49,21.14,97.51,56.07,48.62,36.08
377.96,35.01,21.04,22.52,21.17,97.51,56.07,48.62,36.01
377.97,35.01,21.04,22.52,21.14,97.51,56.21,48.62,36.08
377.98,34.95,21.04,22.49,21.14,97.51,56.07,48.62,36.08
377.99,34.95,21.04,22.49,21.14,97.14,56.21,48.62,36.08
378.00,34.88,21.04,22.52,21.14,97.51,56.21,48.62,36.08
378.01,34.95,21.04,22.52,21.14,97.51,56.21,48.62,36.08
378.02,34.95,21.04,22.52,21.14,97.51,56.21,48.62,36.08
378.03,35.01,21.04,22.52,21.14,97.51,56.07,48.62,36.08
378.04,34.88,21.04,22.49,21.14,97.51,56.07,48.62,36.08
378.05,35.01,21.07,22.52,21.17,97.51,56.21,48.62,36.08
378.06,34.95,21.07,22.52,21.14,97.51,56.07,48.62,36.08
378.07,35.01,21.04,22.52,21.14,97.51,56.21,48.62,36.08
378.08,34.95,21.04,22.52,21.14,97.14,56.21,48.62,36.08
378.09,34.95,21.04,22.49,21.14,97.51,56.21,48.62,36.08
378.10,34.88,21.04,22.52,21.14,97.51,56.07,48.62,36.08
378.11,35.01,21.04,22.52,21.14,97.51,56.21,48.62,36.08
378.12,35.01,21.04,22.52,21.14,97.14,56.21,48.62,36.08
378.13,34.88,21.04,22.52,21.14,97.51,56.07,48.62,36.15
378.14,34.88,21.04,22.52,21.17,97.14,56.21,48.62,36.08
378.15,34.95,21.07,22.52,21.14,97.51,56.21,48.74,36.08
378.16,34.95,21.04,22.52,21.14,97.14,56.21,48.74,36.08
378.17,34.95,21.04,22.52,21.14,97.51,56.21,48.62,36.08
378.18,34.95,21.01,22.52,21.14,97.14,56.21,48.62,36.08
378.19,34.88,21.04,22.52,21.14,97.14,56.07,48.62,36.08
378.20,34.88,21.04,22.52,21.14,97.51,56.07,48.62,36.08
378.21,34.95,21.07,22.52,21.14,97.51,56.07,48.62,36.08
378.22,34.95,21.04,22.52,21.14,97.51,56.07,48.74,36.08
378.23,34.88,21.04,22.52,21.14,97.51,56.07,48.62,36.08
378.24,35.01,21.04,22.52,21.14,97.51,56.07,48.62,36.15
378.25,34.95,21.04,22.52,21.14,97.14,55.93,48.62,36.08
378.26,35.01,21.07,22.52,21.14,97.51,56.21,48.62,36.08
378.27,34.95,21.04,22.52,21.14,97.51,56.21,48.62,36.08
378.28,34.95,21.04,22.52,21.14,97.51,56.07,48.52,36.08
378.29,34.88,21.04,22.52,21.14,97.51,56.07,48.62,36.08
378.30,34.95,21.04,22.52,21.14,97.14,56.07,48.62,36.08
378.31,34.95,21.07,22.52,21.14,97.51,56.21,48.62,36.08
378.32,34.95,21.04,22.52,21.14,97.51,56.07,48.62,36.08
378.33,34.88,21.04,22.49,21.14,97.51,56.07,48.62,36.08
378.34,34.88,21.01,22.49,21.14,97.51,56.21,48.62,36.08
378.35,34.95,21.07,22.52,21.14,97.51,56.07,48.74,36.08
378.36,35.01,21.07,22.52,21.14,97.51,56.21,48.62,36.08
378.37,34.95,21.07,22.52,21.14,97.51,56.21,48.62,36.08
378.38,34.88,21.04,22.52,21.14,97.51,56.21,48.62,36.08
378.39,34.95,21.04,22.52,21.14,97.51,56.07,48.62,36.08
378.40,34.88,21.04,22.52,21.14,97.51,56.07,48.62,36.15
378.41,34.95,21.07,22.52,21.14,97.14,56.21,48.62,36.08
378.42,34.95,21.07,22.52,21.14,97.51,56.07,48.62,36.08
378.43,34.88,21.04,22.52,21.14,97.51,56.21,48.62,36.08
378.44,34.88,21.07,22.49,21.14,97.51,56.21,48.62,36.08
378.45,34.88,21.04,22.52,21.14,97.51,56.21,48.62,36.08
378.46,34.95,21.07,22.52,21.17,97.51,56.21,48.62,36.08
378.47,34.95,21.07,22.49,21.14,97.51,56.07,48.62,36.08
378.48,34.88,21.04,22.52,21.14,97.51,56.21,48.62,36.08
378.49,34.88,21.04,22.52,21.14,97.51,56.07,48.62,36.08
378.50,34.95,21.07,22.52,21.14,97.51,56.21,48.62,36.08
378.51,35.01,21.07,22.52,21.14,97.51,56.21,48.62,36.08
378.52,34.88,21.07,22.52,21.14,97.51,56.21,48.62,36.08
378.53,34.95,21.04,22.49,21.14,97.14,56.21,48.62,36.08
378.54,34.88,21.04,22.52,21.14,97.51,56.21,48.62,36.08
378.55,34.95,21.04,22.52,21.14,97.51,56.07,48.52,36.08
378.56,35.01,21.07,22.52,21.14,97.51,56.21,48.62,36.08
378.57,35.01,21.04,22.49,21.14,97.51,56.21,48.62,36.08
378.58,34.88,21.04,22.49,21.14,97.51,56.21,48.62,36.08
378.59,34.95,21.04,22.52,21.14,97.51,56.07,48.62,36.08
378.60,34.95,21.04,22.52,21.14,97.51,56.21,48.62,36.08
378.61,34.95,21.07,22.52,21.14,97.51,56.21,48.74,36.15
378.62,34.88,21.04,22.52,21.14,97.51,56.21,48.62,36.08
378.63,34.95,21.04,22.52,21.14,97.51,56.07,48.62,36.15
378.64,34.95,21.04,22.49,21.14,97.51,56.07,48.62,36.08
378.65,34.95,21.04,22.52,21.14,97.51,56.21,48.62,36.08
378.66,34.88,21.07,22.52,21.14,97.14,56.07,48.62,36.15
378.67,34.95,21.04,22.52,21.14,97.51,56.21,48.62,36.08
378.68,34.88,21.04,22.52,21.14,97.14,56.07,48.62,36.08
378.69,34.88,21.01,22.52,21.14,97.51,56.07,48.62,36.01
378.70,34.88,21.04,22.52,21.14,97.51,56.07,48.62,36.08
378.71,34.95,21.07,22.52,21.14,97.51,56.21,48.62,36.08
378.72,34.95,21.04,22.52,21.14,97.51,56.07,48.62,36.08
378.73,34.95,21.04,22.49,21.14,97.51,56.21,48.62,36.15
378.74,34.88,21.04,22.52,21.14,97.51,56.07,48.62,36.08
378.75,34.95,21.04,22.52,21.14,97.51,56.21,48.62,36.08
378.76,34.95,21.07,22.52,21.14,97.51,56.21,48.62,36.08
378.77,34.95,21.07,22.52,21.14,97.51,56.07,48.62,36.08
378.78,34.88,21.04,22.52,21.14,97.51,56.07,48.62,36.08
378.79,34.88,21.04,22.49,21.14,97.14,56.07,48.62,36.08
378.80,34.95,21.04,22.52,21.14,97.51,56.21,48.62,36.15
378.81,34.95,21.07,22.52,21.17,97.51,56.07,48.62,36.08
378.82,34.88,21.04,22.49,21.14,97.51,56.21,48.62,36.08
378.83,34.95,21.04,22.52,21.14,97.14,56.07,48.62,36.08
378.84,34.95,21.04,22.49,21.14,97.14,56.21,48.62,36.15
378.85,34.88,21.04,22.52,21.14,97.51,56.07,48.62,36.08
378.86,34.95,21.07,22.52,21.14,97.51,56.21,48.62,36.08
378.87,34.88,21.04,22.52,21.14,97.14,56.07,48.62,36.08
378.88,34.88,21.04,22.52,21.14,97.51,56.21,48.62,36.08
378.89,34.95,21.04,22.49,21.14,97.51,56.21,48.62,36.08
378.90,34.95,21.04,22.52,21.14,97.51,56.07,48.62,36.08
378.91,34.95,21.07,22.52,21.14,97.51,56.07,48.62,36.08
378.92,34.88,21.04,22.52,21.14,97.51,56.21,48.74,36.08
378.93,34.88,21.04,22.49,21.14,97.51,56.07,48.62,36.08
378.94,34.95,21.04,22.49,21.14,97.51,56.07,48.62,36.08
378.95,35.01,21.04,22.52,21.14,97.14,56.21,48.62,36.08
378.96,34.95,21.07,22.52,21.14,97.51,56.21,48.62,36.15
378.97,34.95,21.04,22.52,21.14,97.14,56.07,48.62,36.08
378.98,34.95,21.04,22.52,21.14,97.51,56.07,48.62,36.08
378.99,34.88,21.04,22.49,21.14,97.14,56.07,48.62,36.08
379.00,34.95,21.04,22.52,21.14,97.51,56.21,48.62,36.08
379.01,34.95,21.07,22.52,21.14,97.51,56.21,48.62,36.15
379.02,35.01,21.04,22.52,21.14,97.51,56.07,48.62,36.08
379.03,34.82,21.04,22.52,21.14,97.51,56.07,48.62,36.08
379.04,34.95,21.04,22.52,21.14,97.51,56.21,48.62,36.08
379.05,34.88,21.07,22.52,21.14,97.14,56.21,48.62,36.08
379.06,34.88,21.04,22.52,21.14,97.14,56.21,48.62,36.15
379.07,34.88,21.04,22.52,21.14,97.14,56.07,48.62,36.08
379.08,34.95,21.01,22.49,21.14,97.51,56.21,48.62,36.08
379.09,34.88,21.04,22.49,21.14,97.14,56.07,48.62,36.15
379.10,34.95,21.07,22.52,21.17,97.51,56.21,48.62,36.08
379.11,34.95,21.10,22.52,21.11,97.51,56.21,48.62,36.08
379.12,34.95,21.07,22.52,21.14,97.14,56.21,48.62,36.15
379.13,34.88,21.01,22.49,21.14,97.51,56.07,48.62,36.08
379.14,34.88,21.04,22.49,21.14,97.51,56.21,48.62,36.08
379.15,34.88,21.04,22.49,21.14,97.51,56.21,48.62,36.08
379.16,34.95,21.04,22.52,21.14,97.51,56.07,48.52,36.08
379.17,34.88,21.04,22.52,21.14,97.51,56.21,48.62,36.15
379.18,34.95,21.04,22.49,21.14,97.51,55.93,48.62,36.08
379.19,34.88,21.04,22.49,21.14,97.51,56.21,48.62,36.08
379.20,34.88,21.04,22.52,21.14,97.14,56.07,48.62,36.08
379.21,34.95,21.04,22.52,21.14,97.51,56.07,48.62,36.08
379.22,34.95,21.04,22.52,21.14,97.51,56.07,48.62,36.08
379.23,34.88,21.04,22.49,21.14,97.51,56.07,48.62,36.08
379.24,34.88,21.04,22.49,21.14,97.14,56.21,48.62,36.08
379.25,34.88,21.04,22.52,21.14,97.51,56.07,48.62,36.08
379.26,34.95,21.07,22.52,21.14,97.51,56.21,48.62,36.08
379.27,34.88,21.04,22.52,21.14,97.14,56.21,48.62,36.15
379.28,34.95,21.04,22.49,21.14,97.14,56.21,48.62,36.08
379.29,34.88,21.04,22.49,21.14,97.51,56.07,48.62,36.15
379.30,35.01,21.04,22.49,21.14,97.14,56.21,48.62,36.08
379.31,34.88,21.07,22.52,21.14,97.51,56.21,48.62,36.08
379.32,35.01,21.04,22.49,21.14,97.51,56.07,48.62,36.08
379.33,34.88,21.01,22.49,21.14,97.51,56.07,48.62,36.15
379.34,34.82,21.04,22.49,21.14,97.51,56.07,48.62,36.08
379.35,34.95,21.04,22.49,21.14,97.51,56.07,48.62,36.08
379.36,34.82,21.04,22.52,21.14,97.51,56.07,48.62,36.08
379.37,34.95,21.04,22.52,21.14,97.51,56.07,48.62,36.08
379.38,34.88,21.04,22.49,21.14,97.14,56.07,48.62,36.15
379.39,34.88,21.04,22.49,21.14,97.51,56.21,48.62,36.08
379.40,34.88,21.04,22.49,21.14,97.51,56.21,48.62,36.08
379.41,34.95,21.04,22.52,21.14,97.14,56.21,48.62,36.15
379.42,34.95,21.04,22.49,21.14,97.51,56.07,48.62,36.08
379.43,34.88,21.01,22.49,21.14,97.14,56.07,48.52,36.08
379.44,34.88,21.01,22.49,21.14,97.51,56.07,48.62,36.15
379.45,34.88,21.04,22.49,21.14,97.51,56.07,48.62,36.15
379.46,34.95,21.04,22.52,21.14,97.51,56.21,48.62,36.08
379.47,34.88,21.04,22.52,21.14,97.51,56.07,48.74,36.08
379.48,34.88,21.04,22.49,21.14,97.14,56.21,48.62,36.15
379.49,34.95,21.04,22.49,21.14,97.14,56.07,48.62,36.08
379.50,34.88,21.04,22.49,21.14,97.51,56.07,48.62,36.15
379.51,34.88,21.04,22.52,21.14,97.51,56.21,48.62,36.08
379.52,34.95,21.04,22.49,21.14,97.51,56.21,48.62,36.08
379.53,34.95,21.04,22.49,21.14,97.14,56.07,48.52,36.08
379.54,34.88,21.04,22.49,21.14,97.14,56.21,48.62,36.15
379.55,34.88,21.04,22.49,21.14,97.51,56.07,48.62,36.08
379.56,34.88,21.04,22.52,21.14,97.51,56.07,48.62,36.08
379.57,34.88,21.04,22.52,21.14,97.14,56.07,48.52,36.08
379.58,34.88,21.01,22.49,21.14,97.14,56.07,48.62,36.15
379.59,34.88,21.01,22.49,21.14,97.51,56.07,48.62,36.15
379.60,34.95,21.04,22.52,21.14,97.51,56.07,48.52,36.15
379.61,34.88,21.04,22.52,21.14,97.51,56.21,48.62,36.15
379.62,34.88,21.04,22.52,21.14,97.14,56.21,48.62,36.15
379.63,34.88,21.04,22.49,21.14,97.51,56.07,48.62,36.08
379.64,34.88,21.04,22.49,21.14,97.51,56.07,48.62,36.15
379.65,34.82,21.04,22.52,21.14,97.51,56.07,48.62,36.15
379.66,34.88,21.04,22.52,21.14,97.14,56.21,48.62,36.08
379.67,34.95,21.04,22.49,21.14,97.14,56.07,48.62,36.08
379.68,34.88,21.04,22.49,21.14,97.14,56.07,48.62,36.08
379.69,34.88,21.01,22.49,21.14,97.14,56.21,48.62,36.15
379.70,34.88,21.04,22.52,21.14,97.14,56.07,48.62,36.08
379.71,34.95,21.04,22.52,21.14,97.51,56.21,48.62,36.08
379.72,34.88,21.04,22.52,21.14,97.14,56.21,48.62,36.15
379.73,34.95,21.04,22.49,21.14,97.51,56.21,48.62,36.15
379.74,34.88,21.04,22.49,21.14,97.14,56.07,48.62,36.08
379.75,34.88,21.04,22.49,21.14,97.51,56.21,48.62,36.08
379.76,34.95,21.07,22.52,21.14,97.51,56.07,48.62,36.08
379.77,34.88,21.04,22.49,21.14,97.51,56.21,48.62,36.08
379.78,34.88,21.04,22.49,21.14,97.14,56.07,48.62,36.08
379.79,34.95,21.04,22.49,21.17,97.14,56.07,48.52,36.08
379.80,34.88,21.04,22.52,21.14,97.51,56.07,48.62,36.08
379.81,34.88,21.07,22.52,21.14,97.51,56.21,48.62,36.15
379.82,34.88,21.04,22.52,21.14,97.14,56.07,48.62,36.08
379.83,34.88,21.01,22.49,21.14,97.14,56.07,48.62,36.15
379.84,34.95,21.04,22.49,21.14,97.51,56.07,48.62,36.08
379.85,34.88,21.04,22.52,21.14,97.51,56.07,48.62,36.08
379.86,34.95,21.04,22.52,21.14,97.14,56.21,48.62,36.08
379.87,34.95,21.04,22.49,21.14,97.51,56.07,48.62,36.15
379.88,34.88,21.04,22.49,21.14,97.14,56.07,48.62,36.15
379.89,34.95,21.04,22.52,21.14,97.51,56.07,48.62,36.15
379.90,34.88,21.04,22.49,21.14,97.51,56.07,48.62,36.15
379.91,35.01,21.07,22.49,21.14,97.51,56.07,48.62,36.15
379.92,34.95,21.04,22.52,21.14,97.51,56.07,48.62,36.15
379.93,34.95,21.04,22.49,21.14,97.14,56.21,48.52,36.15
379.94,34.95,21.04,22.49,21.14,97.14,56.07,48.62,36.15
379.95,34.95,21.04,22.52,21.17,97.51,56.07,48.62,36.15
379.96,34.95,21.04,22.52,21.17,97.14,56.07,48.62,36.15
379.97,34.88,21.04,22.52,21.14,97.51,56.07,48.62,36.08
379.98,34.88,21.01,22.49,21.14,97.14,56.07,48.62,36.15
379.99,34.88,21.01,22.52,21.14,97.14,56.07,48.62,36.08
380.00,34.95,21.04,22.52,21.14,97.14,56.07,48.62,36.15
380.01,34.95,21.04,22.52,21.14,97.51,56.07,48.62,36.08
380.02,34.88,21.04,22.52,21.14,97.51,56.07,48.62,36.08
380.03,34.88,21.04,22.49,21.14,97.51,56.07,48.62,36.15
380.04,34.88,21.04,22.52,21.14,97.14,56.07,48.62,36.15
380.05,34.82,21.04,22.49,21.14,97.51,56.21,48.62,36.15
380.06,34.88,21.04,22.52,21.17,97.51,56.07,48.62,36.08
380.07,34.88,21.04,22.52,21.14,97.51,56.07,48.62,36.15
380.08,34.88,21.04,22.49,21.14,97.51,56.07,48.62,36.15
380.09,34.88,21.01,22.49,21.14,97.51,56.07,48.62,36.08
380.10,34.95,21.04,22.49,21.14,97.51,56.07,48.62,36.15
380.11,34.95,21.04,22.52,21.14,97.51,56.07,48.62,36.15
380.12,34.88,21.04,22.49,21.14,97.14,56.07,48.62,36.08
380.13,34.95,21.01,22.49,21.14,97.14,56.07,48.52,36.15
380.14,34.88,21.04,22.49,21.14,97.14,56.07,48.62,36.15
380.15,34.88,21.04,22.49,21.14,97.51,56.07,48.52,36.08
380.16,34.95,21.04,22.52,21.14,97.14,56.07,48.62,36.15
380.17,34.88,21.04,22.49,21.14,97.51,56.07,48.62,36.08
380.18,34.88,21.01,22.49,21.14,97.14,56.07,48.62,36.15
380.19,34.82,21.01,22.49,21.14,97.51,56.07,48.62,36.15
380.20,34.88,21.04,22.52,21.14,97.14,56.07,48.62,36.15
380.21,34.95,21.04,22.52,21.14,97.14,56.07,48.62,36.15
380.22,34.88,21.04,22.52,21.14,97.51,56.21,48.62,36.15
380.23,34.95,21.04,22.49,21.14,97.14,56.07,48.62,36.08
380.24,34.95,21.01,22.49,21.14,97.51,56.07,48.62,36.08
380.25,34.88,21.04,22.49,21.14,97.51,56.07,48.62,36.15
380.26,34.95,21.04,22.52,21.14,97.51,56.21,48.62,36.15
380.27,34.88,21.04,22.49,21.14,97.14,56.07,48.62,36.08
380.28,34.88,21.01,22.49,21.14,97.14,56.21,48.62,36.08
380.29,34.95,20.98,22.49,21.14,97.14,56.21,48.62,36.08
380.30,34.88,21.01,22.49,21.14,97.14,56.21,48.62,36.15
380.31,34.95,21.04,22.52,21.14,97.51,56.07,48.62,36.15
380.32,34.88,21.04,22.52,21.17,97.51,56.07,48.62,36.15
380.33,34.82,21.01,22.49,21.14,97.14,56.21,48.62,36.15
380.34,34.88,21.04,22.49,21.17,97.14,55.93,48.62,36.15
380.35,34.88,21.01,22.49,21.14,97.51,56.07,48.62,36.15
380.36,34.88,21.04,22.49,21.14,97.51,56.07,48.62,36.15
380.37,34.95,21.01,22.49,21.14,97.51,56.07,48.62,36.08
380.38,34.88,21.01,22.49,21.14,97.14,56.07,48.62,36.15
380.39,34.82,21.01,22.49,21.14,97.14,56.07,48.62,36.08
380.40,34.88,21.04,22.49,21.14,97.51,56.21,48.62,36.15
380.41,34.88,21.04,22.52,21.14,97.51,56.07,48.62,36.15
380.42,34.95,21.04,22.52,21.14,97.51,56.07,48.62,36.15
380.43,34.88,21.04,22.49,21.14,97.51,55.93,48.62,36.15
380.44,34.88,21.04,22.49,21.14,97.51,56.21,48.62,36.15
380.45,34.88,21.04,22.49,21.17,97.51,55.93,48.52,36.15
380.46,34.88,21.04,22.49,21.14,97.51,56.21,48.62,36.08
380.47,34.88,21.04,22.49,21.14,97.51,56.07,48.62,36.21
380.48,34.82,21.01,22.49,21.14,97.51,56.07,48.52,36.15
380.49,34.88,21.04,22.49,21.14,97.14,56.07,48.62,36.15
380.50,34.95,21.04,22.49,21.14,97.51,56.07,48.62,36.15
380.51,34.95,21.04,22.52,21.14,97.51,56.07,48.62,36.15
380.52,34.88,21.01,22.49,21.14,97.14,56.07,48.62,36.15
380.53,34.88,21.01,22.49,21.17,97.14,56.07,48.62,36.15
380.54,34.88,21.04,22.49,21.14,97.14,56.21,48.52,36.01
380.55,34.95,21.01,22.49,21.14,97.14,56.07,48.62,36.08
380.56,34.95,21.04,22.52,21.14,97.51,56.21,48.62,36.15
380.57,34.88,21.04,22.52,21.14,97.14,56.07,48.62,36.08
380.58,34.82,21.01,22.49,21.14,97.51,56.07,48.62,36.15
380.59,34.95,21.01,22.49,21.14,97.51,56.07,48.62,36.08
380.60,34.88,21.04,22.52,21.14,97.51,56.07,48.62,36.15
380.61,34.95,21.04,22.52,21.14,97.14,56.07,48.62,36.15
380.62,34.88,21.04,22.49,21.14,97.14,56.07,48.62,36.15
380.63,34.82,21.01,22.49,21.14,97.14,56.07,48.52,36.15
380.64,34.88,21.01,22.49,21.14,97.14,56.07,48.62,36.15
380.65,34.88,21.04,22.49,21.14,97.14,56.07,48.62,36.15
380.66,34.88,21.04,22.49,21.14,97.14,56.07,48.62,36.15
380.67,34.95,21.04,22.49,21.14,97.14,56.07,48.62,36.15
380.68,34.95,21.01,22.49,21.14,97.14,56.07,48.62,36.15
380.69,34.88,21.01,22.49,21.14,97.51,56.07,48.62,36.15
380.70,34.95,21.04,22.49,21.17,97.14,56.07,48.52,36.15
380.71,34.95,21.04,22.52,21.14,97.14,56.07,48.62,36.15
380.72,34.88,21.01,22.49,21.14,97.51,56.07,48.62,36.15
380.73,34.88,21.01,22.49,21.14,97.14,56.07,48.62,36.15
380.74,34.88,21.04,22.49,21.14,97.14,56.07,48.62,36.15
380.75,34.88,21.01,22.49,21.14,97.14,56.07,48.62,36.15
380.76,34.88,21.04,22.49,21.14,97.14,56.21,48.62,36.15
380.77,34.88,21.01,22.49,21.14,97.14,55.93,48.62,36.15
380.78,34.88,21.01,22.49,21.14,97.14,56.07,48.52,36.08
380.79,34.88,21.01,22.49,21.14,97.14,56.07,48.62,36.15
380.80,34.95,21.01,22.49,21.14,97.51,56.07,48.52,36.15
380.81,34.95,21.04,22.49,21.17,97.14,56.07,48.62,36.15
380.82,34.88,21.01,22.49,21.14,97.51,56.07,48.62,36.15
380.83,34.88,21.01,22.49,21.14,97.14,56.07,48.62,36.08
380.84,34.88,21.01,22.49,21.14,97.51,56.07,48.62,36.15
380.85,34.95,21.01,22.49,21.14,97.14,56.21,48.62,36.15
380.86,34.95,21.04,22.49,21.14,97.14,56.07,48.62,36.15
380.87,34.88,21.01,22.49,21.14,97.51,56.07,48.62,36.15
380.88,34.88,21.01,22.49,21.14,97.14,56.07,48.62,36.15
380.89,34.88,21.01,22.49,21.14,97.14,55.93,48.62,36.15
380.90,34.95,21.04,22.49,21.14,97.14,56.07,48.62,36.15
380.91,34.88,21.04,22.49,21.14,97.51,56.07,48.62,36.15
380.92,34.88,21.04,22.49,21.14,97.14,56.07,48.62,36.15
380.93,34.88,21.01,22.49,21.14,97.14,56.07,48.62,36.15
380.94,34.88,21.01,22.49,21.14,97.14,56.07,48.62,36.15
380.95,34.95,21.04,22.49,21.14,97.14,56.07,48.62,36.15
380.96,34.88,21.04,22.49,21.14,97.51,56.07,48.62,36.15
380.97,34.88,21.01,22.49,21.14,97.14,56.07,48.52,36.15
380.98,34.88,21.01,22.49,21.14,97.14,56.07,48.52,36.15
380.99,34.88,21.01,22.49,21.14,97.14,56.07,48.62,36.15
381.00,34.95,21.04,22.49,21.14,97.14,56.07,48.62,36.15
381.01,34.95,21.04,22.52,21.14,97.14,56.07,48.62,36.15
381.02,34.95,21.01,22.49,21.14,97.14,56.07,48.62,36.15
381.03,34.88,20.98,22.49,21.14,97.14,56.07,48.62,36.15
381.04,34.88,21.01,22.49,21.17,97.14,56.07,48.52,36.15
381.05,34.95,21.04,22.49,21.17,97.14,56.07,48.62,36.15
381.06,34.95,21.04,22.52,21.14,97.51,56.21,48.62,36.15
381.07,34.88,21.04,22.52,21.14,97.14,56.07,48.62,36.15
381.08,34.82,21.01,22.49,21.17,97.14,56.07,48.52,36.15
381.09,34.95,21.01,22.49,21.17,97.14,56.07,48.52,36.15
381.10,34.88,21.01,22.49,21.17,97.14,56.21,48.62,36.15
381.11,34.88,21.04,22.49,21.14,97.51,56.21,48.62,36.15
381.12,34.88,21.04,22.49,21.14,97.14,56.07,48.62,36.15
381.13,34.88,21.01,22.49,21.14,97.14,56.07,48.62,36.15
381.14,34.88,21.01,22.49,21.14,97.51,56.07,48.52,36.15
381.15,34.88,21.04,22.49,21.17,97.51,56.07,48.62,36.15
381.16,34.95,21.04,22.52,21.14,97.14,56.07,48.62,36.15
381.17,34.88,21.04,22.49,21.14,97.51,56.07,48.62,36.15
381.18,34.82,21.01,22.49,21.14,97.14,56.07,48.62,36.15
381.19,34.88,21.04,22.52,21.14,97.14,56.07,48.62,36.21
381.20,34.95,21.01,22.49,21.14,97.14,56.07,48.62,36.15
381.21,34.88,21.04,22.52,21.17,97.51,56.21,48.62,36.15
381.22,34.95,21.04,22.49,21.14,97.14,56.07,48.62,36.15
381.23,34.88,21.01,22.49,21.14,97.14,56.07,48.52,36.15
381.24,34.88,21.01,22.49,21.14,97.14,55.79,48.62,36.15
381.25,34.88,21.01,22.49,21.14,97.14,56.21,48.62,36.15
381.26,34.88,21.04,22.49,21.14,97.14,56.07,48.62,36.15
381.27,34.88,21.04,22.49,21.14,97.14,56.07,48.62,36.15
381.28,34.88,21.01,22.49,21.14,97.14,56.07,48.62,36.15
381.29,34.88,21.01,22.49,21.14,97.14,56.21,48.62,36.15
381.30,34.95,21.04,22.52,21.17,97.51,56.07,48.62,36.15
381.31,34.88,21.01,22.52,21.17,97.51,56.07,48.62,36.15
381.32,34.95,21.01,22.49,21.17,97.14,56.07,48.62,36.15
381.33,34.88,21.01,22.49,21.14,97.14,56.07,48.62,36.15
381.34,34.95,21.01,22.49,21.14,97.51,56.07,48.52,36.15
381.35,34.95,21.01,22.49,21.14,97.14,56.07,48.52,36.15
381.36,34.95,21.04,22.49,21.14,97.14,56.07,48.62,36.15
381.37,34.95,21.01,22.49,21.14,97.51,56.07,48.52,36.15
381.38,34.88,21.01,22.49,21.17,97.51,56.07,48.52,36.15
381.39,34.95,20.98,22.49,21.14,97.14,56.07,48.62,36.15
381.40,34.95,21.04,22.49,21.14,97.14,56.07,48.62,36.15
381.41,34.88,21.04,22.49,21.14,97.51,56.07,48.62,36.15
381.42,34.88,21.01,22.49,21.14,97.51,56.07,48.62,36.15
381.43,34.88,21.01,22.49,21.14,97.51,56.07,48.62,36.15
381.44,34.88,21.01,22.49,21.14,97.51,56.07,48.62,36.15
381.45,34.95,21.04,22.49,21.14,97.14,56.21,48.52,36.15
381.46,34.88,21.04,22.52,21.17,97.51,56.07,48.62,36.15
381.47,34.88,21.01,22.49,21.14,97.14,56.07,48.62,36.08
381.48,34.88,21.01,22.49,21.14,97.51,56.07,48.62,36.08
381.49,34.88,21.04,22.49,21.14,97.14,56.07,48.62,36.15
381.50,34.88,21.01,22.49,21.14,97.51,56.07,48.62,36.15
381.51,34.88,21.01,22.49,21.14,97.51,56.07,48.62,36.15
381.52,34.88,21.01,22.49,21.14,97.14,56.07,48.62,36.15
381.53,34.88,20.98,22.49,21.14,97.14,56.07,48.52,36.15
381.54,34.82,21.01,22.49,21.14,97.14,56.07,48.62,36.15
381.55,34.95,21.01,22.49,21.17,97.14,56.07,48.62,36.15
381.56,34.95,21.01,22.52,21.14,97.14,56.07,48.62,36.15
381.57,34.88,21.04,22.49,21.14,97.14,56.07,48.62,36.15
381.58,34.88,20.98,22.49,21.14,97.14,56.07,48.62,36.15
381.59,34.95,21.04,22.49,21.17,97.14,56.07,48.62,36.15
381.60,34.88,21.01,22.49,21.14,97.14,56.07,48.62,36.21
381.61,34.88,21.01,22.49,21.14,97.51,55.93,48.62,36.15
381.62,34.88,21.04,22.49,21.17,97.14,56.07,48.52,36.21
381.63,34.95,21.01,22.49,21.14,97.14,56.07,48.62,36.15
381.64,34.88,21.01,22.49,21.14,97.51,56.07,48.52,36.15
381.65,34.95,21.04,22.49,21.17,97.14,56.07,48.52,36.15
381.66,34.95,21.01,22.49,21.14,97.14,56.07,48.62,36.15
381.67,34.88,21.01,22.49,21.14,97.14,56.07,48.62,36.15
381.68,34.88,21.01,22.49,21.17,97.14,55.93,48.62,36.15
381.69,34.88,21.01,22.49,21.14,97.14,56.21,48.62,36.15
381.70,34.95,21.01,22.49,21.17,97.51,56.07,48.52,36.21
381.71,34.88,21.04,22.52,21.14,97.51,56.21,48.62,36.15
381.72,34.95,21.01,22.49,21.14,97.14,56.07,48.62,36.21
381.73,34.88,21.01,22.49,21.14,97.14,56.07,48.62,36.15
381.74,34.95,21.01,22.49,21.17,97.14,56.07,48.52,36.15
381.75,34.88,21.01,22.49,21.14,97.51,56.07,48.52,36.15
381.76,34.88,21.01,22.49,21.17,97.14,56.07,48.62,36.15
381.77,34.95,21.01,22.49,21.17,97.14,56.07,48.52,36.15
381.78,34.88,21.01,22.49,21.14,97.14,56.07,48.62,36.15
381.79,34.82,21.01,22.49,21.14,97.14,56.07,48.62,36.15
381.80,34.95,21.01,22.49,21.14,97.14,56.07,48.62,36.15
381.81,34.88,21.01,22.49,21.14,97.14,56.07,48.62,36.15
381.82,34.88,21.01,22.49,21.17,97.14,56.07,48.52,36.15
381.83,34.82,21.01,22.49,21.14,97.14,56.07,48.62,36.15
381.84,34.82,21.01,22.49,21.14,97.14,56.07,48.62,36.15
381.85,34.88,21.01,22.49,21.14,97.51,56.07,48.62,36.15
381.86,34.88,21.01,22.49,21.14,97.51,56.07,48.62,36.15
381.87,34.88,21.01,22.49,21.14,97.14,56.07,48.52,36.15
381.88,34.88,21.01,22.49,21.14,97.14,56.07,48.52,36.15
381.89,34.88,21.01,22.49,21.14,97.14,56.07,48.52,36.15
381.90,34.88,21.01,22.49,21.17,97.14,56.07,48.62,36.15
381.91,34.88,21.01,22.49,21.17,97.14,56.07,48.62,36.15
381.92,34.88,21.01,22.49,21.14,97.51,56.07,48.62,36.15
381.93,34.82,21.01,22.49,21.14,96.77,56.07,48.52,36.15
381.94,34.88,21.01,22.49,21.17,97.88,56.07,48.62,36.15
381.95,34.88,21.01,22.49,21.17,97.14,56.21,48.62,36.15
381.96,34.88,21.01,22.52,21.14,97.14,56.21,48.74,36.15
381.97,34.88,21.01,22.49,21.14,97.14,56.07,48.74,36.15
381.98,34.82,21.01,22.49,21.17,97.14,56.07,48.62,36.15
381.99,34.82,21.01,22.49,21.14,97.14,56.07,48.62,36.15
382.00,34.88,21.01,22.49,21.14,97.14,56.07,48.62,36.15
382.01,34.88,21.01,22.49,21.17,97.14,56.07,48.62,36.15
382.02,34.95,21.01,22.49,21.14,97.14,56.07,48.62,36.15
382.03,34.82,21.01,22.49,21.14,97.14,56.07,48.52,36.15
382.04,34.88,21.01,22.49,21.17,97.14,55.93,48.52,36.15
382.05,34.88,21.01,22.49,21.14,97.51,56.07,48.62,36.15
382.06,34.88,21.01,22.49,21.14,97.14,56.07,48.62,36.15
382.07,34.82,21.01,22.49,21.17,97.14,56.07,48.52,36.15
382.08,34.88,21.01,22.49,21.14,97.14,56.07,48.52,36.15
382.09,34.88,21.01,22.49,21.14,97.14,56.07,48.62,36.15
382.10,34.88,21.01,22.49,21.14,97.14,56.07,48.62,36.15
382.11,34.88,21.01,22.49,21.17,97.14,56.07,48.62,36.15
382.12,34.88,21.01,22.49,21.17,97.14,56.07,48.62,36.15
382.13,34.88,21.01,22.49,21.14,97.14,56.07,48.52,36.15
382.14,34.82,21.01,22.49,21.14,97.14,56.07,48.52,36.15
382.15,34.95,21.01,22.49,21.14,97.14,56.07,48.62,36.15
382.16,34.88,21.01,22.49,21.17,97.14,56.07,48.62,36.15
382.17,34.88,21.01,22.49,21.17,97.14,56.07,48.52,36.15
382.18,34.88,21.01,22.49,21.14,97.14,56.07,48.62,36.15
382.19,34.88,21.01,22.49,21.14,97.14,56.21,48.52,36.15
382.20,34.95,21.01,22.49,21.17,97.14,56.07,48.62,36.15
382.21,34.95,21.01,22.49,21.14,97.14,56.07,48.62,36.15
382.22,34.88,21.01,22.49,21.14,97.14,56.07,48.62,36.15
382.23,34.88,21.01,22.49,21.14,97.14,56.07,48.52,36.15
382.24,34.88,21.01,22.49,21.17,97.14,56.07,48.62,36.21
382.25,34.88,21.01,22.49,21.14,97.51,56.07,48.62,36.21
382.26,34.88,21.01,22.49,21.14,97.14,56.07,48.52,36.15
382.27,34.88,21.01,22.49,21.14,97.14,56.07,48.62,36.15
382.28,34.88,21.01,22.49,21.17,97.14,56.07,48.52,36.15
382.29,34.95,21.01,22.49,21.17,97.14,55.93,48.52,36.15
382.30,34.95,21.04,22.49,21.14,97.14,56.07,48.62,36.15
382.31,34.88,21.01,22.49,21.17,97.14,56.07,48.62,36.15
382.32,34.88,21.01,22.49,21.17,97.14,56.07,48.52,36.15
382.33,34.82,21.01,22.49,21.17,97.14,56.07,48.52,36.15
382.34,34.88,21.01,22.49,21.17,97.14,56.07,48.62,36.15
382.35,34.88,21.01,22.49,21.17,97.14,56.07,48.52,36.15
382.36,34.88,21.01,22.49,21.14,97.14,56.07,48.62,36.21
382.37,34.88,21.01,22.49,21.14,97.51,56.07,48.52,36.21
382.38,34.88,21.01,22.49,21.17,97.14,56.07,48.52,36.21
382.39,34.88,21.01,22.49,21.17,97.14,56.07,48.62,36.15
382.40,34.88,21.01,22.49,21.14,97.14,56.07,48.62,36.15
382.41,34.88,21.04,22.49,21.14,97.14,56.07,48.62,36.15
382.42,34.88,21.01,22.49,21.17,97.14,56.07,48.52,36.15
382.43,34.88,21.01,22.49,21.17,97.14,56.07,48.52,36.21
382.44,34.88,21.01,22.49,21.17,97.51,56.07,48.62,36.15
382.45,34.88,21.01,22.49,21.17,97.14,56.07,48.62,36.21
382.46,34.88,21.04,22.52,21.17,97.14,56.07,48.62,36.15
382.47,34.95,21.01,22.49,21.17,97.14,55.93,48.62,36.15
382.48,34.88,20.98,22.49,21.17,97.14,56.07,48.52,36.15
382.49,34.95,21.01,22.49,21.14,97.14,56.07,48.52,36.15
382.50,34.88,21.01,22.52,21.17,97.14,56.07,48.62,36.21
382.51,35.01,21.04,22.52,21.17,97.14,56.07,48.52,36.21
382.52,34.88,21.01,22.49,21.14,97.14,56.07,48.62,36.15
382.53,34.95,21.01,22.49,21.14,97.14,56.07,48.52,36.15
382.54,34.95,21.01,22.49,21.14,97.14,56.07,48.62,36.15
382.55,34.95,21.01,22.49,21.14,97.14,55.93,48.62,36.15
382.56,34.95,21.01,22.52,21.17,97.14,56.07,48.62,36.15
382.57,34.95,21.01,22.49,21.17,97.14,56.07,48.52,36.21
382.58,34.95,21.01,22.49,21.17,97.14,56.07,48.52,36.15
382.59,34.95,21.01,22.49,21.17,97.14,56.07,48.62,36.15
382.60,34.95,21.01,22.49,21.14,97.14,56.07,48.52,36.21
382.61,34.95,21.01,22.49,21.14,97.14,56.07,48.62,36.15
382.62,34.88,21.01,22.49,21.14,97.14,56.07,48.62,36.15
382.63,34.95,21.01,22.49,21.17,97.14,56.07,48.62,36.15
382.64,34.88,21.01,22.49,21.14,97.14,56.07,48.52,36.15
382.65,34.95,21.04,22.49,21.14,97.14,56.07,48.62,36.15
382.66,34.95,21.01,22.49,21.17,97.14,56.07,48.62,36.15
382.67,34.88,21.01,22.49,21.14,97.14,56.07,48.62,36.15
382.68,34.95,21.01,22.49,21.14,97.14,56.07,48.52,36.15
382.69,34.88,21.01,22.49,21.17,97.51,56.07,48.62,36.15
382.70,34.95,21.01,22.52,21.14,97.51,56.07,48.62,36.15
382.71,34.88,21.01,22.49,21.14,97.14,56.21,48.62,36.21
382.72,34.88,21.01,22.49,21.17,97.14,56.07,48.52,36.15
382.73,34.88,21.01,22.49,21.14,97.14,56.07,48.62,36.15
382.74,34.88,21.01,22.49,21.14,97.51,56.07,48.62,36.21
382.75,35.01,21.04,22.49,21.14,97.14,56.07,48.62,36.15
382.76,34.95,21.04,22.49,21.17,97.14,56.07,48.62,36.15
382.77,34.88,21.01,22.49,21.17,97.14,56.07,48.62,36.15
382.78,34.88,21.01,22.49,21.14,97.51,56.07,48.62,36.21
382.79,34.88,21.01,22.49,21.17,97.14,55.93,48.52,36.15
382.80,34.88,21.01,22.52,21.17,97.51,56.07,48.62,36.15
382.81,34.88,21.01,22.52,21.14,97.51,56.07,48.62,36.21
382.82,34.88,21.01,22.49,21.14,97.51,56.07,48.62,36.15
382.83,34.82,20.98,22.49,21.14,97.14,56.07,48.62,36.15
382.84,34.88,21.04,22.49,21.17,97.14,56.07,48.62,36.15
382.85,34.88,21.01,22.52,21.14,97.51,56.07,48.62,36.15
382.86,34.95,21.04,22.52,21.14,97.51,56.07,48.62,36.21
382.87,34.95,21.01,22.52,21.17,97.14,56.07,48.52,36.21
382.88,34.95,21.01,22.49,21.14,97.14,55.93,48.52,36.21
382.89,34.88,21.01,22.49,21.17,97.14,56.07,48.62,36.15
382.90,34.88,21.01,22.49,21.17,97.51,56.07,48.62,36.15
382.91,35.01,21.04,22.49,21.14,97.14,56.07,48.62,36.15
382.92,34.95,21.01,22.49,21.17,97.51,56.07,48.52,36.21
382.93,34.95,21.01,22.49,21.17,97.14,55.93,48.62,36.15
382.94,34.95,21.01,22.49,21.14,97.51,55.93,48.52,36.21
382.95,34.88,21.01,22.52,21.14,97.51,56.07,48.62,36.15
382.96,34.95,21.01,22.52,21.14,97.51,56.07,48.52,36.21
382.97,34.95,21.01,22.52,21.14,97.14,56.07,48.62,36.15
382.98,34.95,21.01,22.49,21.14,97.14,56.07,48.52,36.21
382.99,34.88,21.01,22.49,21.14,97.51,56.07,48.52,36.21
383.00,34.95,21.01,22.52,21.17,97.51,56.07,48.62,36.15
383.01,34.88,21.01,22.52,21.17,97.51,56.07,48.52,36.15
383.02,34.95,21.01,22.49,21.14,97.14,56.07,48.62,36.15
383.03,34.88,21.01,22.49,21.17,97.51,56.07,48.62,36.21
383.04,34.88,21.01,22.49,21.14,97.51,56.07,48.52,36.15
383.05,34.88,21.01,22.49,21.14,97.51,56.07,48.62,36.21
383.06,34.82,21.01,22.52,21.17,97.14,56.21,48.62,36.21
383.07,34.95,21.01,22.49,21.17,97.14,56.07,48.62,36.15
383.08,34.82,21.01,22.49,21.14,97.14,55.93,48.62,36.15
383.09,34.95,21.01,22.52,21.17,97.14,56.07,48.62,36.21
383.10,34.95,21.01,22.49,21.14,97.51,56.07,48.62,36.15
383.11,34.95,21.01,22.52,21.17,97.51,56.07,48.62,36.21
383.12,34.95,21.01,22.49,21.14,97.14,56.07,48.62,36.21
383.13,34.95,21.01,22.49,21.14,97.14,56.07,48.62,36.15
383.14,34.88,21.01,22.49,21.14,97.14,56.07,48.52,36.21
383.15,34.95,21.04,22.52,21.14,97.51,56.07,48.62,36.21
383.16,35.01,21.04,22.52,21.17,97.51,56.07,48.52,36.21
383.17,34.88,21.01,22.49,21.14,97.14,56.07,48.62,36.21
383.18,34.95,20.98,22.49,21.14,97.14,56.07,48.52,36.15
383.19,34.95,21.01,22.49,21.14,97.51,56.21,48.62,36.15
383.20,34.88,21.01,22.52,21.17,97.14,56.07,48.62,36.15
383.21,34.95,21.04,22.52,21.14,97.51,56.07,48.74,36.21
383.22,34.88,21.01,22.49,21.14,97.14,56.07,48.62,36.21
383.23,34.88,21.01,22.49,21.14,97.51,56.07,48.62,36.21
383.24,34.95,21.01,22.52,21.14,97.14,56.07,48.62,36.21
383.25,34.88,21.01,22.52,21.17,97.14,56.07,48.62,36.21
383.26,34.95,21.04,22.52,21.17,97.14,56.07,48.62,36.15
383.27,34.88,21.01,22.49,21.17,97.14,56.07,48.62,36.21
383.28,34.82,20.98,22.49,21.17,97.51,55.93,48.62,36.21
383.29,34.88,21.01,22.49,21.14,97.14,56.07,48.62,36.15
383.30,34.95,21.01,22.52,21.17,97.51,56.07,48.62,36.21
383.31,34.95,21.04,22.52,21.17,97.14,56.07,48.62,36.21
383.32,34.95,21.01,22.49,21.14,97.14,56.07,48.62,36.21
383.33,34.95,21.01,22.49,21.17,97.14,56.07,48.62,36.21
383.34,34.95,21.01,22.49,21.17,97.14,56.07,48.62,36.21
383.35,34.95,21.04,22.52,21.17,97.14,56.07,48.62,36.21
383.36,34.95,21.04,22.52,21.17,97.14,56.07,48.62,36.21
383.37,34.88,21.01,22.52,21.14,97.14,56.07,48.52,36.21
383.38,34.95,21.01,22.49,21.14,97.14,56.07,48.62,36.21
383.39,34.88,21.01,22.49,21.17,97.14,56.07,48.62,36.21
383.40,34.88,21.01,22.49,21.17,97.14,56.07,48.62,36.15
383.41,34.95,21.04,22.52,21.14,97.51,56.07,48.62,36.21
383.42,34.95,21.01,22.49,21.14,97.51,56.07,48.62,36.15
383.43,34.88,21.01,22.49,21.14,97.51,55.93,48.62,36.15
383.44,34.95,21.01,22.49,21.17,97.51,56.07,48.62,36.21
383.45,34.95,21.01,22.52,21.17,97.51,55.93,48.62,36.21
383.46,34.95,21.04,22.52,21.14,97.14,56.07,48.62,36.21
383.47,34.95,21.01,22.52,21.17,97.51,56.07,48.62,36.21
383.48,34.95,20.98,22.49,21.14,97.51,55.93,48.62,36.21
383.49,34.95,21.04,22.49,21.14,97.14,56.07,48.52,36.21
383.50,34.95,21.04,22.52,21.17,97.14,56.07,48.62,36.15
383.51,35.01,21.01,22.52,21.17,97.51,55.93,48.62,36.21
383.52,34.95,21.01,22.49,21.17,97.51,56.07,48.62,36.15
383.53,34.95,21.01,22.52,21.14,97.14,55.93,48.62,36.21
383.54,34.88,21.01,22.49,21.17,97.14,56.07,48.62,36.21
383.55,34.95,21.01,22.52,21.14,97.14,56.07,48.62,36.21
383.56,34.95,21.01,22.52,21.14,97.14,56.07,48.62,36.21
383.57,34.95,21.01,22.52,21.14,97.14,56.07,48.62,36.21
383.58,34.95,21.01,22.49,21.14,97.14,55.93,48.52,36.15
383.59,34.88,21.01,22.52,21.17,97.14,56.07,48.62,36.21
383.60,34.95,21.01,22.52,21.14,97.14,56.07,48.62,36.15
383.61,35.01,21.04,22.52,21.17,97.51,56.07,48.62,36.21
383.62,34.95,21.04,22.49,21.14,97.14,56.07,48.52,36.15
383.63,34.95,21.01,22.49,21.14,97.51,56.07,48.62,36.21
383.64,34.95,21.01,22.52,21.14,97.14,56.07,48.62,36.21
383.65,35.01,21.01,22.52,21.17,97.51,56.07,48.52,36.21
383.66,35.01,21.04,22.52,21.14,97.14,56.07,48.62,36.21
383.67,34.88,21.01,22.52,21.14,97.14,56.07,48.62,36.21
383.68,34.95,21.01,22.52,21.14,97.14,56.07,48.52,36.21
383.69,34.95,21.01,22.49,21.17,97.14,56.07,48.62,36.21
383.70,34.88,21.01,22.52,21.14,97.51,56.07,48.62,36.21
383.71,34.95,21.01,22.52,21.17,97.14,56.07,48.62,36.21
383.72,34.95,21.01,22.49,21.17,97.14,56.07,48.62,36.21
383.73,34.88,21.01,22.49,21.14,97.14,56.07,48.62,36.21
383.74,34.88,21.01,22.49,21.14,97.51,56.07,48.62,36.21
383.75,34.88,21.01,22.49,21.14,97.51,56.07,48.62,36.21
383.76,34.95,21.01,22.52,21.14,97.14,56.07,48.62,36.21
383.77,34.95,20.98,22.52,21.14,97.14,56.07,48.62,36.21
383.78,34.88,21.01,22.49,21.17,97.14,56.07,48.62,36.21
383.79,34.88,21.01,22.49,21.14,97.14,56.07,48.62,36.21
383.80,34.95,21.04,22.52,21.14,97.51,56.07,48.62,36.21
383.81,34.95,21.04,22.49,21.14,97.14,56.07,48.62,36.21
383.82,34.88,21.01,22.49,21.17,97.14,56.07,48.62,36.21
383.83,34.95,21.01,22.49,21.14,97.14,56.07,48.62,36.21
383.84,34.88,21.01,22.52,21.14,97.51,56.07,48.62,36.21
383.85,34.95,21.01,22.52,21.14,97.51,56.07,48.62,36.21
383.86,34.95,21.01,22.52,21.14,97.14,56.07,48.62,36.15
383.87,34.95,21.01,22.52,21.14,97.14,56.07,48.62,36.21
383.88,34.88,21.01,22.49,21.14,97.14,56.07,48.62,36.21
383.89,34.95,21.01,22.49,21.14,97.14,56.07,48.52,36.21
383.90,34.95,21.04,22.52,21.17,97.14,56.07,48.62,36.21
383.91,34.95,21.01,22.52,21.14,97.51,56.07,48.62,36.21
383.92,34.95,20.98,22.52,21.14,97.14,56.07,48.62,36.21
383.93,34.88,21.01,22.49,21.14,97.14,55.93,48.62,36.21
383.94,34.95,21.01,22.49,21.17,97.51,56.07,48.62,36.21
383.95,34.95,21.01,22.52,21.17,97.51,56.07,48.62,36.21
383.96,34.88,21.01,22.52,21.17,97.14,56.07,48.52,36.21
383.97,35.01,21.01,22.52,21.17,97.14,56.07,48.62,36.21
383.98,34.88,21.01,22.49,21.14,97.51,55.93,48.62,36.21
383.99,34.95,21.01,22.49,21.17,97.51,55.93,48.62,36.21
384.00,35.01,21.04,22.52,21.17,97.14,56.07,48.62,36.21
384.01,34.95,21.01,22.52,21.14,97.14,56.07,48.62,36.21
384.02,34.95,21.01,22.49,21.14,97.14,56.07,48.62,36.21
384.03,34.95,21.01,22.49,21.14,97.14,56.07,48.62,36.21
384.04,34.88,20.98,22.49,21.14,97.14,56.07,48.62,36.21
384.05,34.95,21.01,22.49,21.14,97.14,56.07,48.62,36.21
384.06,34.95,21.01,22.52,21.17,97.14,56.07,48.62,36.21
384.07,34.88,20.98,22.52,21.17,97.14,55.93,48.62,36.21
384.08,34.88,20.98,22.49,21.14,97.14,56.07,48.52,36.21
384.09,34.95,21.01,22.52,21.17,97.14,56.07,48.62,36.15
384.10,34.88,20.98,22.52,21.14,97.14,56.07,48.62,36.21
384.11,34.95,21.04,22.52,21.17,97.51,56.07,48.62,36.21
384.12,34.95,21.01,22.49,21.14,97.14,56.07,48.52,36.21
384.13,34.88,21.01,22.49,21.17,97.14,56.07,48.62,36.21
384.14,34.88,21.01,22.49,21.17,97.14,56.07,48.62,36.21
384.15,34.95,21.01,22.52,21.17,97.14,56.07,48.62,36.21
384.16,34.95,21.04,22.52,21.17,97.51,56.07,48.62,36.21
384.17,34.95,21.01,22.49,21.17,97.14,56.07,48.62,36.21
384.18,34.95,20.98,22.49,21.14,97.14,55.93,48.62,36.21
384.19,34.95,20.98,22.49,21.17,97.14,56.21,48.62,36.28
384.20,34.95,21.01,22.52,21.14,97.51,55.79,48.62,36.15
384.21,34.95,21.01,22.49,21.17,97.14,56.07,48.62,36.28
384.22,34.95,21.01,22.49,21.14,97.14,56.07,48.62,36.28
384.23,34.88,20.98,22.49,21.14,97.51,56.07,48.62,36.21
384.24,34.88,20.98,22.49,21.17,97.14,56.07,48.62,36.21
384.25,34.95,21.01,22.52,21.17,97.51,56.07,48.62,36.21
384.26,34.95,21.01,22.52,21.14,97.14,56.07,48.62,36.21
384.27,34.88,20.98,22.49,21.14,97.14,56.07,48.52,36.21
384.28,34.95,20.98,22.49,21.14,97.14,56.07,48.52,36.21
384.29,34.88,21.01,22.49,21.14,97.14,56.07,48.52,36.15
384.30,35.01,21.01,22.52,21.14,97.51,56.07,48.62,36.21
384.31,34.88,21.01,22.49,21.14,97.14,56.07,48.62,36.21
384.32,35.01,20.98,22.49,21.17,97.51,56.07,48.52,36.21
384.33,34.88,20.98,22.49,21.14,97.14,55.93,48.52,36.21
384.34,34.95,21.01,22.52,21.17,97.14,56.07,48.62,36.21
384.35,34.95,21.01,22.49,21.17,97.14,56.07,48.62,36.21
384.36,34.88,21.01,22.52,21.17,97.14,56.07,48.52,36.21
384.37,34.88,20.98,22.49,21.17,97.14,56.07,48.62,36.21
384.38,34.88,20.98,22.46,21.14,97.14,56.07,48.62,36.21
384.39,34.88,20.98,22.49,21.17,97.14,56.07,48.52,36.21
384.40,34.95,21.01,22.49,21.14,97.14,56.07,48.62,36.21
384.41,35.01,21.01,22.52,21.17,97.51,55.93,48.62,36.21
384.42,34.88,20.98,22.49,21.14,97.14,56.07,48.62,36.21
384.43,34.95,20.98,22.49,21.14,97.14,56.07,48.62,36.21
384.44,34.88,20.98,22.49,21.14,97.14,56.07,48.62,36.21
384.45,34.95,21.01,22.49,21.14,96.77,56.07,48.52,36.21
384.46,34.95,21.01,22.49,21.14,97.14,56.07,48.62,36.21
384.47,34.88,20.98,22.49,21.14,97.14,56.07,48.52,36.15
384.48,34.88,20.98,22.49,21.14,97.14,55.93,48.52,36.21
384.49,34.88,20.98,22.49,21.14,97.14,55.93,48.52,36.21
384.50,34.88,21.01,22.52,21.14,97.14,56.07,48.62,36.21
384.51,34.95,21.01,22.52,21.14,97.14,56.07,48.62,36.21
384.52,34.95,20.98,22.49,21.14,97.14,56.07,48.62,36.21
384.53,34.95,20.98,22.49,21.14,97.14,55.93,48.62,36.21
384.54,34.88,20.98,22.49,21.17,97.14,55.93,48.52,36.21
384.55,34.95,20.98,22.49,21.14,97.51,56.07,48.62,36.21
384.56,34.95,20.98,22.49,21.14,97.14,56.07,48.62,36.21
384.57,34.88,20.98,22.49,21.17,97.14,55.93,48.52,36.21
384.58,34.88,20.98,22.49,21.14,97.14,55.93,48.52,36.21
384.59,34.88,20.98,22.49,21.17,97.14,55.93,48.62,36.21
384.60,34.95,21.01,22.49,21.14,97.14,56.07,48.52,36.21
384.61,34.88,21.01,22.52,21.14,97.14,56.07,48.62,36.21
384.62,34.88,20.98,22.49,21.14,97.14,56.07,48.52,36.21
384.63,34.88,20.98,22.49,21.14,97.14,56.07,48.52,36.21
384.64,34.88,20.98,22.49,21.17,97.14,56.07,48.52,36.21
384.65,34.88,20.98,22.49,21.17,97.14,56.07,48.62,36.21
384.66,34.88,20.98,22.49,21.14,97.14,56.07,48.52,36.21
384.67,34.95,20.98,22.49,21.14,97.14,56.07,48.62,36.21
384.68,34.95,20.98,22.49,21.17,97.14,55.93,48.52,36.21
384.69,34.95,21.01,22.49,21.17,97.14,55.93,48.62,36.21
384.70,34.88,20.98,22.49,21.14,97.14,55.93,48.62,36.15
384.71,34.95,20.98,22.49,21.14,97.14,56.07,48.52,36.21
384.72,34.88,20.98,22.49,21.14,97.14,56.07,48.52,36.21
384.73,34.95,20.98,22.46,21.14,97.14,56.07,48.52,36.21
384.74,34.95,20.98,22.49,21.17,97.14,55.93,48.62,36.21
384.75,34.88,20.98,22.49,21.14,97.14,56.07,48.62,36.21
384.76,34.95,20.98,22.49,21.17,97.14,56.07,48.62,36.21
384.77,34.88,20.98,22.49,21.17,97.14,55.93,48.52,36.15
384.78,34.82,20.98,22.49,21.17,97.14,55.93,48.52,36.21
384.79,34.88,20.98,22.49,21.17,97.14,56.07,48.52,36.21
384.80,34.88,20.98,22.49,21.17,97.14,56.07,48.52,36.21
384.81,34.88,20.98,22.49,21.14,97.14,56.07,48.52,36.21
384.82,34.88,20.98,22.49,21.14,97.14,56.07,48.52,36.21
384.83,34.82,20.98,22.49,21.14,97.14,55.93,48.52,36.21
384.84,34.88,20.98,22.49,21.14,97.14,56.07,48.52,36.21
384.85,34.95,20.98,22.49,21.14,97.14,55.93,48.62,36.21
384.86,34.88,21.01,22.49,21.14,97.14,56.07,48.62,36.21
384.87,34.82,20.98,22.46,21.14,97.14,55.93,48.52,36.21
384.88,34.82,20.98,22.49,21.14,97.14,56.07,48.52,36.21
384.89,34.88,20.98,22.49,21.14,97.14,55.93,48.52,36.21
384.90,34.88,21.01,22.49,21.17,97.14,56.07,48.52,36.21
384.91,34.95,20.98,22.49,21.17,97.14,55.93,48.62,36.21
384.92,34.88,20.98,22.49,21.14,97.14,56.07,48.52,36.21
384.93,34.95,20.98,22.49,21.14,97.14,55.93,48.52,36.21
384.94,34.88,20.98,22.49,21.14,97.14,55.93,48.52,36.21
384.95,34.88,20.98,22.49,21.17,97.14,56.07,48.62,36.21
384.96,34.88,20.98,22.49,21.14,97.14,55.93,48.52,36.21
384.97,34.82,20.98,22.49,21.14,97.14,55.93,48.62,36.21
384.98,34.95,20.98,22.46,21.14,97.14,55.93,48.52,36.21
384.99,34.88,20.98,22.49,21.14,97.14,56.07,48.62,36.21
385.00,34.95,20.98,22.49,21.14,97.14,56.07,48.52,36.21
385.01,34.88,20.98,22.49,21.14,97.14,55.93,48.52,36.21
385.02,34.88,20.98,22.49,21.17,97.14,55.93,48.52,36.21
385.03,34.95,20.98,22.49,21.14,97.14,55.93,48.52,36.21
385.04,34.88,20.98,22.49,21.17,97.14,55.93,48.62,36.21
385.05,34.88,20.98,22.49,21.17,97.14,56.07,48.62,36.21
385.06,34.88,20.98,22.49,21.17,97.14,55.93,48.52,36.21
385.07,34.95,20.98,22.49,21.14,97.14,55.93,48.52,36.21
385.08,34.82,20.98,22.46,21.14,97.14,55.93,48.52,36.21
385.09,34.95,20.98,22.49,21.14,97.14,55.93,48.52,36.15
385.10,35.01,20.98,22.49,21.17,97.14,56.07,48.62,36.21
385.11,34.95,20.98,22.49,21.14,97.14,55.93,48.52,36.21
385.12,34.88,20.98,22.49,21.14,97.14,55.93,48.62,36.21
385.13,34.88,20.98,22.49,21.14,97.14,55.93,48.52,36.21
385.14,34.88,20.98,22.49,21.14,97.14,55.93,48.52,36.21
385.15,34.95,20.98,22.49,21.14,97.14,56.07,48.52,36.21
385.16,34.88,20.98,22.49,21.14,97.14,55.93,48.62,36.21
385.17,34.88,20.98,22.49,21.17,97.14,55.93,48.52,36.21
385.18,34.82,20.95,22.49,21.14,97.14,55.93,48.52,36.21
385.19,34.88,20.98,22.46,21.14,97.14,55.93,48.52,36.21
385.20,34.88,20.98,22.49,21.17,97.14,56.07,48.52,36.15
385.21,34.95,20.98,22.49,21.14,97.14,55.93,48.62,36.15
385.22,34.95,20.98,22.49,21.14,97.14,55.93,48.52,36.21
385.23,34.82,20.95,22.49,21.14,97.14,55.93,48.52,36.21
385.24,34.88,20.98,22.49,21.14,97.14,55.93,48.52,36.21
385.25,34.95,20.98,22.49,21.14,97.14,56.07,48.52,36.21
385.26,34.95,20.98,22.49,21.14,97.14,55.93,48.52,36.21
385.27,34.88,20.98,22.49,21.14,97.14,55.93,48.62,36.21
385.28,34.88,20.98,22.46,21.17,97.14,55.79,48.52,36.28
385.29,34.82,20.98,22.49,21.14,97.14,55.93,48.52,36.21
385.30,34.95,20.98,22.49,21.14,97.14,55.93,48.52,36.21
385.31,34.95,20.98,22.49,21.17,97.14,56.07,48.52,36.21
385.32,34.88,20.95,22.46,21.14,97.14,55.93,48.52,36.21
385.33,34.88,20.95,22.49,21.17,97.14,55.93,48.52,36.21
385.34,34.88,20.98,22.49,21.14,97.14,55.93,48.52,36.21
385.35,34.88,20.95,22.49,21.14,97.14,55.93,48.52,36.21
385.36,34.88,20.98,22.49,21.17,97.14,55.93,48.52,36.21
385.37,34.88,20.98,22.49,21.17,97.14,56.07,48.52,36.21
385.38,34.88,20.98,22.49,21.17,97.14,56.07,48.52,36.21
385.39,34.88,20.95,22.49,21.14,97.14,55.93,48.62,36.21
385.40,34.88,20.98,22.49,21.14,97.14,55.93,48.62,36.21
385.41,34.88,20.98,22.49,21.17,97.14,55.93,48.52,36.21
385.42,34.95,20.98,22.49,21.14,97.14,55.93,48.52,36.21
385.43,34.82,20.95,22.49,21.14,97.14,55.93,48.52,36.15
385.44,34.88,20.98,22.46,21.14,97.14,56.21,48.52,36.21
385.45,34.95,20.98,22.49,21.14,97.14,55.93,48.52,36.15
385.46,34.95,20.98,22.49,21.17,97.14,56.07,48.52,36.15
385.47,34.95,20.98,22.49,21.14,97.14,55.93,48.52,36.21
385.48,34.82,20.98,22.49,21.14,97.14,55.93,48.52,36.21
385.49,34.88,20.98,22.49,21.14,97.14,56.07,48.52,36.21
385.50,34.88,20.98,22.49,21.14,97.14,55.93,48.62,36.21
385.51,34.88,20.98,22.49,21.14,97.14,56.07,48.62,36.21
385.52,34.88,20.98,22.49,21.14,97.14,55.93,48.52,36.21
385.53,34.82,20.95,22.49,21.17,97.14,55.93,48.52,36.21
385.54,34.95,20.98,22.49,21.14,97.14,55.93,48.62,36.21
385.55,34.95,20.98,22.49,21.14,97.14,55.93,48.62,36.21
385.56,34.82,20.98,22.49,21.14,97.14,55.93,48.52,36.21
385.57,35.01,20.98,22.49,21.14,97.14,55.93,48.62,36.21
385.58,34.88,20.98,22.49,21.14,97.14,55.93,48.52,36.21
385.59,34.95,20.98,22.49,21.14,97.14,56.07,48.52,36.21
385.60,34.88,20.98,22.49,21.14,97.14,56.07,48.62,36.21
385.61,34.95,20.98,22.52,21.17,97.14,55.93,48.62,36.21
385.62,34.88,20.98,22.49,21.14,97.14,56.07,48.62,36.21
385.63,34.88,20.98,22.49,21.14,97.14,55.93,48.52,36.21
385.64,34.88,20.98,22.49,21.14,97.14,55.93,48.52,36.21
385.65,34.88,20.98,22.49,21.14,97.14,56.07,48.52,36.21
385.66,34.88,20.98,22.49,21.14,97.14,55.93,48.62,36.21
385.67,34.88,20.98,22.49,21.14,97.14,56.07,48.52,36.21
385.68,34.88,20.98,22.49,21.14,97.14,55.93,48.52,36.21
385.69,34.95,20.98,22.49,21.14,97.14,56.07,48.62,36.21
385.70,34.88,20.98,22.49,21.14,97.14,55.93,48.52,36.28
385.71,34.95,21.01,22.49,21.14,97.14,56.07,48.74,36.21
385.72,34.88,20.98,22.49,21.14,97.14,55.93,48.41,36.21
385.73,34.82,20.98,22.49,21.14,97.14,56.07,48.52,36.21
385.74,34.88,20.98,22.49,21.14,97.14,55.93,48.52,36.21
385.75,34.88,21.01,22.49,21.17,97.14,56.07,48.62,36.21
385.76,34.88,20.98,22.49,21.17,97.14,55.93,48.62,36.21
385.77,34.88,20.98,22.49,21.17,97.14,55.93,48.52,36.21
385.78,34.88,20.98,22.49,21.14,97.14,55.93,48.62,36.21
385.79,34.88,20.98,22.49,21.14,97.14,55.93,48.52,36.21
385.80,34.95,20.98,22.52,21.14,97.14,56.07,48.62,36.21
385.81,34.95,21.01,22.49,21.14,97.14,55.93,48.52,36.21
385.82,34.88,20.98,22.49,21.14,97.14,55.93,48.62,36.21
385.83,34.88,20.98,22.49,21.14,97.14,56.07,48.52,36.21
385.84,34.88,20.98,22.49,21.14,97.51,55.93,48.52,36.21
385.85,35.01,21.01,22.52,21.17,97.14,55.93,48.62,36.21
385.86,34.95,21.01,22.49,21.17,97.51,55.93,48.62,36.21
385.87,34.95,20.98,22.49,21.14,97.51,55.93,48.52,36.21
385.88,34.88,20.98,22.49,21.17,97.14,55.93,48.52,36.21
385.89,34.95,20.98,22.49,21.14,97.51,55.93,48.52,36.28
385.90,34.95,20.98,22.52,21.14,97.51,56.07,48.62,36.21
385.91,34.95,20.98,22.52,21.14,97.51,55.93,48.62,36.28
385.92,34.95,20.98,22.49,21.14,97.51,55.93,48.52,36.21
385.93,34.95,20.98,22.49,21.17,97.14,55.93,48.62,36.21
385.94,34.88,20.98,22.49,21.17,97.14,55.93,48.52,36.21
385.95,34.95,21.01,22.52,21.14,97.14,56.07,48.62,36.21
385.96,35.01,20.98,22.49,21.17,97.14,56.07,48.62,36.21
385.97,34.88,20.98,22.49,21.14,97.14,56.07,48.52,36.21
385.98,34.88,20.98,22.49,21.17,97.14,55.93,48.62,36.28
385.99,34.88,21.01,22.49,21.17,97.14,56.07,48.52,36.21
386.00,34.88,21.01,22.52,21.17,97.14,56.07,48.62,36.28
386.01,34.88,21.01,22.49,21.17,97.14,56.07,48.62,36.21
386.02,34.95,21.01,22.49,21.17,97.14,56.07,48.62,36.21
386.03,34.95,20.98,22.49,21.17,97.14,55.93,48.52,36.21
386.04,34.95,20.98,22.49,21.17,97.14,56.07,48.62,36.28
386.05,34.88,21.01,22.52,21.14,97.14,56.07,48.62,36.21
386.06,34.95,21.01,22.52,21.17,97.51,55.93,48.62,36.21
386.07,34.95,20.98,22.49,21.17,97.14,55.93,48.62,36.21
386.08,34.95,20.98,22.52,21.14,97.51,56.07,48.62,36.28
386.09,34.88,20.98,22.49,21.14,97.14,56.07,48.62,36.28
386.10,34.95,21.01,22.52,21.17,97.51,56.07,48.62,36.28
386.11,35.01,21.01,22.52,21.14,97.51,56.07,48.62,36.21
386.12,34.88,21.01,22.52,21.14,97.51,55.93,48.52,36.21
386.13,34.88,20.98,22.52,21.17,97.14,56.07,48.62,36.28
386.14,34.95,20.98,22.49,21.14,97.51,55.93,48.62,36.21
386.15,34.95,21.01,22.52,21.14,97.51,56.07,48.62,36.21
386.16,34.95,21.01,22.52,21.14,97.14,56.07,48.74,36.28
386.17,34.95,20.98,22.52,21.14,97.14,55.93,48.62,36.21
386.18,34.95,20.98,22.49,21.14,97.51,55.93,48.62,36.28
386.19,34.95,21.01,22.52,21.17,97.14,55.93,48.62,36.21
386.20,35.01,21.01,22.52,21.14,97.51,56.07,48.62,36.28
386.21,34.95,21.01,22.52,21.14,97.51,56.07,48.62,36.21
386.22,34.95,20.98,22.52,21.17,97.14,55.93,48.52,36.21
386.23,34.88,20.98,22.49,21.14,97.14,55.93,48.62,36.21
386.24,34.95,21.01,22.52,21.14,97.51,56.07,48.62,36.21
386.25,34.95,21.01,22.52,21.17,97.51,56.07,48.62,36.28
386.26,34.95,21.01,22.52,21.14,97.51,56.07,48.62,36.21
386.27,34.95,21.01,22.52,21.14,97.51,55.93,48.62,36.21
386.28,34.95,20.98,22.49,21.14,97.14,56.07,48.62,36.21
386.29,34.88,20.98,22.52,21.17,97.51,56.07,48.62,36.21
386.30,34.95,21.01,22.52,21.17,97.51,56.07,48.62,36.28
386.31,34.95,21.01,22.52,21.17,97.51,56.07,48.62,36.28
386.32,34.95,20.98,22.49,21.14,97.14,56.07,48.62,36.21
386.33,34.88,20.98,22.52,21.14,97.14,56.07,48.62,36.28
386.34,34.95,20.98,22.52,21.17,97.14,56.07,48.62,36.28
386.35,34.95,21.01,22.52,21.14,97.51,56.07,48.62,36.21
386.36,35.01,21.01,22.52,21.17,97.14,56.07,48.62,36.28
386.37,35.01,20.98,22.52,21.17,97.14,56.07,48.62,36.21
386.38,34.95,21.01,22.52,21.14,97.51,56.07,48.52,36.21
386.39,34.95,21.01,22.52,21.17,97.51,55.93,48.62,36.21
386.40,34.95,21.01,22.52,21.17,97.51,56.07,48.62,36.15
386.41,35.01,21.01,22.52,21.17,97.14,56.07,48.62,36.21
386.42,34.95,21.01,22.52,21.14,97.14,56.07,48.62,36.15
386.43,34.88,20.98,22.52,21.17,97.51,56.07,48.62,36.28
386.44,34.95,21.01,22.52,21.17,97.51,55.93,48.62,36.28
386.45,34.95,21.01,22.52,21.17,97.51,56.07,48.62,36.21
386.46,34.95,21.01,22.52,21.14,97.51,56.07,48.62,36.21
386.47,34.88,21.01,22.49,21.14,97.14,56.07,48.62,36.21
386.48,35.01,20.98,22.52,21.14,97.14,56.07,48.62,36.21
386.49,35.01,21.01,22.52,21.17,97.14,56.07,48.62,36.21
386.50,34.95,21.01,22.52,21.17,97.14,56.07,48.62,36.21
386.51,34.95,21.01,22.56,21.17,97.51,56.07,48.62,36.21
386.52,34.95,21.01,22.52,21.17,97.51,55.93,48.62,36.21
386.53,34.95,21.01,22.52,21.17,97.14,56.07,48.62,36.21
386.54,34.88,20.98,22.52,21.17,97.51,56.07,48.62,36.21
386.55,34.95,21.01,22.52,21.17,97.14,56.07,48.62,36.28
386.56,34.95,21.01,22.52,21.17,97.14,56.07,48.62,36.21
386.57,34.88,21.01,22.52,21.14,97.14,56.07,48.62,36.21
386.58,34.95,21.01,22.52,21.17,97.14,56.07,48.62,36.28
386.59,34.95,21.04,22.52,21.17,97.14,56.07,48.62,36.21
386.60,34.95,20.98,22.52,21.14,97.51,56.07,48.62,36.21
386.61,35.01,21.01,22.56,21.17,97.51,56.07,48.62,36.21
386.62,34.95,21.01,22.52,21.14,97.51,55.93,48.62,36.28
386.63,35.01,21.01,22.52,21.17,97.51,56.07,48.62,36.28
386.64,34.95,21.01,22.52,21.17,97.51,56.07,48.62,36.28
386.65,35.01,21.04,22.52,21.17,97.51,56.07,48.62,36.21
386.66,35.01,21.01,22.52,21.17,97.14,56.07,48.62,36.28
386.67,35.01,21.01,22.52,21.17,97.51,56.07,48.62,36.21
386.68,35.01,21.01,22.52,21.17,97.14,55.93,48.62,36.21
386.69,35.01,21.01,22.52,21.17,97.51,56.21,48.62,36.28
386.70,34.95,21.01,22.56,21.17,97.51,55.93,48.74,36.21
386.71,34.95,21.01,22.52,21.14,97.51,56.07,48.62,36.35
386.72,35.01,21.01,22.52,21.17,97.51,56.07,48.62,36.21
386.73,35.01,21.01,22.52,21.14,97.14,55.93,48.41,36.28
386.74,35.01,21.01,22.52,21.17,97.51,56.07,48.62,36.28
386.75,34.95,21.01,22.52,21.17,97.51,56.07,48.62,36.28
386.76,34.95,21.01,22.52,21.14,97.51,56.07,48.62,36.21
386.77,34.95,21.01,22.52,21.17,97.14,56.07,48.62,36.28
386.78,34.95,21.01,22.52,21.17,97.51,56.07,48.62,36.28
386.79,34.95,21.01,22.52,21.17,97.51,56.07,48.62,36.28
386.80,34.95,21.01,22.56,21.14,97.51,56.07,48.62,36.28
386.81,35.01,21.01,22.56,21.17,97.51,56.07,48.62,36.28
386.82,34.95,21.01,22.52,21.17,97.14,56.07,48.62,36.28
386.83,34.95,21.01,22.52,21.17,97.51,55.93,48.62,36.28
386.84,35.01,21.01,22.52,21.17,97.51,56.07,48.62,36.21
386.85,35.01,21.01,22.52,21.17,97.51,56.07,48.62,36.28
386.86,34.95,21.01,22.56,21.14,97.51,56.07,48.62,36.28
386.87,35.01,21.01,22.52,21.17,97.51,55.93,48.62,36.21
386.88,34.95,21.01,22.56,21.17,97.14,56.07,48.62,36.28
386.89,34.95,21.01,22.52,21.17,97.51,56.07,48.62,36.28
386.90,35.01,21.04,22.56,21.17,97.51,56.21,48.62,36.28
386.91,34.95,21.01,22.56,21.17,97.51,56.07,48.62,36.28
386.92,34.95,21.01,22.52,21.17,97.14,56.07,48.62,36.28
386.93,34.95,21.01,22.52,21.17,97.88,56.07,48.62,36.21
386.94,35.01,21.01,22.52,21.17,97.14,56.07,48.74,36.28
386.95,34.95,21.01,22.56,21.17,97.51,56.07,48.62,36.28
386.96,34.95,21.04,22.56,21.17,97.51,56.07,48.62,36.28
386.97,34.95,21.01,22.52,21.17,97.51,56.07,48.52,36.21
386.98,34.95,21.01,22.52,21.17,97.51,56.07,48.62,36.21
386.99,34.95,21.01,22.52,21.17,97.51,56.07,48.62,36.28
387.00,34.95,21.01,22.56,21.17,97.51,56.07,48.62,36.28
387.01,34.95,21.04,22.56,21.17,97.51,56.07,48.74,36.28
387.02,34.95,21.01,22.52,21.17,97.51,56.07,48.62,36.28
387.03,34.88,21.01,22.52,21.17,97.51,56.07,48.62,36.28
387.04,34.95,21.01,22.52,21.17,97.51,56.21,48.62,36.28
387.05,34.95,21.04,22.56,21.17,97.51,56.07,48.62,36.28
387.06,34.95,21.01,22.52,21.17,97.51,56.07,48.74,36.28
387.07,34.95,21.01,22.52,21.17,97.14,56.07,48.62,36.28
387.08,34.95,21.01,22.52,21.17,97.14,56.07,48.74,36.21
387.09,34.95,21.01,22.56,21.17,97.51,56.07,48.62,36.28
387.10,34.95,21.01,22.56,21.17,97.51,56.07,48.62,36.21
387.11,34.95,21.04,22.56,21.17,97.51,56.07,48.62,36.21
387.12,34.88,21.01,22.52,21.17,97.14,56.07,48.62,36.28
387.13,34.95,21.01,22.52,21.17,97.51,56.07,48.62,36.28
387.14,34.95,21.01,22.52,21.17,97.51,56.07,48.62,36.28
387.15,34.95,21.04,22.56,21.17,97.51,56.07,48.74,36.21
387.16,34.95,21.01,22.56,21.17,97.51,56.21,48.74,36.28
387.17,34.95,21.01,22.52,21.17,97.14,56.07,48.62,36.21
387.18,35.01,21.01,22.52,21.17,97.51,56.07,48.62,36.21
387.19,35.01,21.01,22.52,21.17,97.51,56.07,48.74,36.28
387.20,35.01,21.04,22.56,21.17,97.51,56.07,48.62,36.28
387.21,35.08,21.04,22.56,21.17,97.51,56.07,48.74,36.28
387.22,34.95,21.01,22.56,21.17,97.51,56.07,48.74,36.28
387.23,34.95,21.01,22.56,21.17,97.51,56.07,48.62,36.28
387.24,35.01,21.01,22.56,21.17,97.51,56.07,48.62,36.21
387.25,35.01,21.04,22.56,21.17,97.51,56.07,48.74,36.28
387.26,34.95,21.04,22.56,21.17,97.51,56.07,48.62,36.28
387.27,34.95,21.01,22.52,21.17,97.51,56.07,48.74,36.28
387.28,34.95,21.01,22.52,21.17,97.51,56.07,48.62,36.28
387.29,35.01,21.01,22.56,21.17,97.51,56.07,48.62,36.28
387.30,35.01,21.04,22.56,21.17,97.51,56.07,48.62,36.28
387.31,35.01,21.04,22.56,21.17,97.51,55.93,48.52,36.28
387.32,34.95,21.04,22.52,21.14,97.14,56.07,48.62,36.21
387.33,35.01,21.01,22.52,21.17,97.51,56.07,48.62,36.28
387.34,34.95,21.01,22.56,21.17,97.14,56.07,48.62,36.28
387.35,34.95,21.04,22.56,21.17,97.51,56.07,48.62,36.28
387.36,34.95,21.04,22.56,21.17,97.51,56.07,48.62,36.28
387.37,34.95,21.01,22.52,21.14,97.51,56.07,48.74,36.28
387.38,34.95,21.04,22.52,21.17,97.51,56.07,48.62,36.28
387.39,35.01,21.04,22.56,21.17,97.14,56.07,48.62,36.28
387.40,35.01,21.04,22.56,21.17,97.51,56.07,48.74,36.28
387.41,34.95,21.04,22.56,21.17,97.51,56.21,48.62,36.28
387.42,35.01,21.01,22.52,21.17,97.51,56.07,48.62,36.21
387.43,34.95,21.01,22.52,21.17,97.51,56.07,48.62,36.28
387.44,34.95,21.01,22.56,21.17,97.51,56.07,48.74,36.28
387.45,34.95,21.04,22.56,21.17,97.51,56.07,48.74,36.28
387.46,34.95,21.01,22.56,21.17,97.51,56.07,48.62,36.28
387.47,34.95,21.01,22.56,21.17,97.51,56.07,48.62,36.28
387.48,35.01,21.01,22.52,21.17,97.51,56.07,48.62,36.28
387.49,34.95,21.04,22.56,21.17,97.51,56.07,48.62,36.28
387.50,35.01,21.04,22.56,21.17,97.51,56.07,48.74,36.28
387.51,35.01,21.04,22.56,21.17,97.51,56.07,48.74,36.28
387.52,34.95,21.01,22.56,21.17,97.14,56.07,48.62,36.21
387.53,34.95,20.98,22.52,21.17,97.51,56.07,48.74,36.28
387.54,34.95,21.01,22.56,21.17,97.51,56.07,48.74,36.28
387.55,34.95,21.04,22.56,21.17,97.51,56.07,48.62,36.28
387.56,35.01,21.04,22.56,21.17,97.51,56.07,48.62,36.28
387.57,34.95,21.01,22.56,21.17,97.51,56.07,48.74,36.28
387.58,35.01,21.01,22.56,21.17,97.51,56.07,48.62,36.28
387.59,34.88,21.04,22.52,21.17,97.51,56.07,48.62,36.28
387.60,35.01,21.04,22.56,21.17,97.51,56.07,48.74,36.28
387.61,34.95,21.04,22.56,21.17,97.51,56.07,48.62,36.28
387.62,34.95,21.01,22.56,21.17,97.51,56.07,48.62,36.28
387.63,34.95,21.04,22.56,21.17,97.51,56.07,48.62,36.28
387.64,34.95,21.01,22.56,21.17,97.51,56.07,48.62,36.28
387.65,34.95,21.04,22.56,21.14,97.51,56.07,48.74,36.28
387.66,34.95,21.04,22.56,21.17,97.51,56.07,48.74,36.28
387.67,34.95,21.01,22.56,21.17,97.51,56.07,48.62,36.28
387.68,35.01,21.01,22.56,21.17,97.14,56.07,48.62,36.28
387.69,35.01,21.04,22.56,21.17,97.14,55.93,48.74,36.28
387.70,35.01,21.04,22.56,21.17,97.51,56.07,48.74,36.28
387.71,35.01,21.04,22.56,21.17,97.51,56.07,48.62,36.21
387.72,34.95,21.01,22.52,21.17,97.51,56.07,48.62,36.28
387.73,34.95,21.01,22.56,21.17,97.51,56.21,48.62,36.28
387.74,35.01,21.04,22.56,21.17,97.51,56.07,48.74,36.28
387.75,35.08,21.04,22.56,21.17,97.51,56.07,48.74,36.28
387.76,34.95,21.04,22.56,21.17,97.51,56.07,48.74,36.28
387.77,34.95,21.01,22.56,21.17,97.51,56.07,48.74,36.28
387.78,34.95,21.01,22.52,21.17,97.51,56.07,48.62,36.28
387.79,34.95,21.04,22.56,21.17,97.51,56.07,48.74,36.28
387.80,35.01,21.04,22.56,21.17,97.51,56.07,48.74,36.28
387.81,35.08,21.07,22.56,21.17,97.51,56.07,48.62,36.28
387.82,35.01,21.01,22.56,21.17,97.51,56.07,48.62,36.28
387.83,34.95,21.04,22.52,21.17,97.51,56.07,48.62,36.28
387.84,35.01,21.01,22.56,21.14,97.51,56.07,48.62,36.28
387.85,34.95,21.07,22.56,21.20,97.51,56.07,48.74,36.28
387.86,34.95,21.04,22.56,21.17,97.51,56.07,48.74,36.28
387.87,34.95,21.01,22.56,21.17,97.51,56.07,48.62,36.28
387.88,34.95,21.01,22.52,21.17,97.51,56.07,48.74,36.28
387.89,35.01,21.01,22.56,21.17,97.51,56.07,48.74,36.28
387.90,34.95,21.04,22.56,21.17,97.51,56.07,48.74,36.28
387.91,34.95,21.04,22.56,21.17,97.51,56.07,48.62,36.28
387.92,34.88,21.01,22.56,21.17,97.51,56.07,48.74,36.28
387.93,34.95,21.01,22.52,21.17,97.51,56.21,48.62,36.28
387.94,35.01,21.01,22.56,21.17,97.51,55.93,48.74,36.28
387.95,34.95,21.04,22.56,21.17,97.51,56.35,48.74,36.28
387.96,35.01,21.04,22.56,21.17,97.51,55.93,48.62,36.28
387.97,34.95,21.01,22.56,21.17,97.51,56.07,48.62,36.21
387.98,34.95,21.01,22.56,21.17,97.51,56.07,48.62,36.28
387.99,34.95,21.01,22.56,21.17,97.51,56.07,48.74,36.28
388.00,34.95,21.04,22.56,21.17,97.51,56.21,48.74,36.28
388.01,34.95,21.01,22.56,21.17,97.51,56.07,48.62,36.28
388.02,34.95,21.01,22.56,21.17,97.51,56.21,48.62,36.28
388.03,34.95,21.01,22.56,21.17,97.51,56.07,48.62,36.28
388.04,35.01,21.01,22.56,21.17,97.51,56.07,48.62,36.28
388.05,34.95,21.04,22.56,21.17,97.51,56.07,48.74,36.28
388.06,35.01,21.04,22.56,21.17,97.51,56.07,48.74,36.28
388.07,34.88,21.01,22.56,21.17,97.14,56.07,48.62,36.28
388.08,35.01,21.01,22.52,21.14,97.51,56.07,48.74,36.28
388.09,34.88,21.04,22.52,21.17,97.51,56.07,48.74,36.28
388.10,35.01,21.04,22.56,21.17,97.51,56.21,48.74,36.28
388.11,35.08,21.04,22.52,21.17,97.14,56.07,48.74,36.28
388.12,34.95,21.01,22.56,21.17,97.51,56.07,48.62,36.28
388.13,34.95,21.01,22.52,21.17,97.51,56.07,48.74,36.28
388.14,34.95,21.01,22.56,21.17,97.51,56.07,48.74,36.28
388.15,34.95,21.04,22.56,21.17,97.51,56.07,48.74,36.35
388.16,34.95,21.04,22.56,21.17,97.51,56.07,48.62,36.28
388.17,34.95,21.01,22.52,21.17,97.88,56.07,48.74,36.28
388.18,34.95,21.01,22.52,21.17,97.51,56.21,48.74,36.28
388.19,34.95,21.04,22.56,21.17,97.14,56.07,48.62,36.28
388.20,35.01,21.04,22.56,21.17,97.88,56.07,48.85,36.28
388.21,35.01,21.01,22.56,21.17,97.51,56.07,48.62,36.28
388.22,34.95,21.04,22.52,21.17,97.51,56.07,48.85,36.28
388.23,34.95,21.01,22.52,21.17,97.51,56.07,48.62,36.28
388.24,34.95,21.04,22.56,21.17,97.51,56.07,48.74,36.28
388.25,35.01,21.04,22.56,21.17,97.51,56.21,48.74,36.28
388.26,34.95,21.01,22.56,21.17,97.51,56.07,48.74,36.28
388.27,34.95,21.01,22.56,21.17,97.51,56.07,48.62,36.28
388.28,34.95,21.01,22.56,21.17,97.51,56.07,48.74,36.28
388.29,34.88,21.04,22.56,21.17,97.51,56.07,48.62,36.28
388.30,34.95,21.04,22.56,21.17,97.51,56.07,48.74,36.28
388.31,35.01,21.04,22.59,21.17,97.51,56.07,48.74,36.28
388.32,34.95,21.01,22.56,21.17,97.14,56.07,48.74,36.28
388.33,34.95,21.01,22.56,21.17,97.51,56.07,48.62,36.28
388.34,34.95,21.01,22.56,21.17,97.51,56.07,48.74,36.28
388.35,34.95,21.04,22.56,21.17,97.51,56.07,48.74,36.28
388.36,34.95,21.04,22.56,21.17,97.51,56.07,48.74,36.28
388.37,34.95,21.01,22.56,21.17,97.51,56.07,48.74,36.28
388.38,34.95,21.01,22.56,21.17,97.51,56.07,48.74,36.28
388.39,35.01,21.04,22.56,21.17,97.51,56.07,48.74,36.28
388.40,35.01,21.04,22.56,21.17,97.51,56.21,48.74,36.28
388.41,35.01,21.04,22.56,21.17,97.51,56.07,48.74,36.28
388.42,34.95,21.01,22.56,21.17,97.51,56.07,48.74,36.28
388.43,34.95,21.01,22.56,21.17,97.51,56.07,48.74,36.28
388.44,35.01,21.04,22.56,21.17,97.51,56.07,48.74,36.28
388.45,34.95,21.04,22.59,21.17,97.51,56.21,48.62,36.28
388.46,35.01,21.04,22.56,21.17,97.51,56.07,48.62,36.28
388.47,35.01,21.01,22.56,21.17,97.51,56.07,48.62,36.28
388.48,35.01,21.04,22.56,21.17,97.51,56.07,48.74,36.28
388.49,34.95,21.04,22.56,21.17,97.51,56.07,48.74,36.28
388.50,35.08,21.07,22.56,21.17,97.51,56.21,48.74,36.35
388.51,35.01,21.04,22.56,21.17,97.51,56.07,48.74,36.28
388.52,35.01,21.04,22.56,21.17,97.51,56.07,48.62,36.28
388.53,34.95,21.04,22.56,21.17,97.51,56.07,48.74,36.28
388.54,35.01,21.04,22.56,21.17,97.51,56.07,48.74,36.28
388.55,35.01,21.07,22.56,21.17,97.51,56.21,48.74,36.28
388.56,34.95,21.04,22.56,21.17,97.14,56.07,48.62,36.28
388.57,35.01,21.01,22.56,21.17,97.51,56.07,48.62,36.28
388.58,35.01,21.04,22.56,21.17,97.14,56.07,48.62,36.28
388.59,35.01,21.04,22.56,21.17,97.51,56.07,48.74,36.35
388.60,35.01,21.04,22.59,21.17,97.51,56.07,48.74,36.28
388.61,35.01,21.04,22.56,21.17,97.51,56.21,48.74,36.28
388.62,35.01,21.04,22.56,21.17,97.51,56.07,48.74,36.28
388.63,34.95,21.01,22.56,21.17,97.51,56.07,48.74,36.28
388.64,34.95,21.01,22.56,21.17,97.51,56.07,48.74,36.28
388.65,35.01,21.04,22.59,21.17,97.51,56.07,48.74,36.28
388.66,35.01,21.04,22.59,21.17,97.51,56.21,48.74,36.28
388.67,34.95,21.04,22.56,21.17,97.51,56.07,48.62,36.28
388.68,34.88,21.04,22.56,21.17,97.51,56.07,48.74,36.28
388.69,35.01,21.04,22.56,21.17,97.51,56.21,48.74,36.28
388.70,35.01,21.07,22.59,21.17,97.51,56.21,48.74,36.28
388.71,35.01,21.04,22.56,21.17,97.51,56.07,48.74,36.28
388.72,34.95,21.04,22.56,21.17,97.51,56.07,48.74,36.28
388.73,35.01,21.04,22.56,21.17,97.51,56.21,48.74,36.28
388.74,35.01,21.04,22.56,21.17,97.51,56.07,48.74,36.28
388.75,34.95,21.04,22.56,21.17,97.51,56.21,48.74,36.28
388.76,35.01,21.04,22.59,21.17,97.51,56.07,48.74,36.28
388.77,35.01,21.04,22.56,21.17,97.51,56.07,48.74,36.35
388.78,34.95,21.04,22.56,21.17,97.51,56.07,48.74,36.28
388.79,35.01,21.04,22.56,21.17,97.51,56.07,48.74,36.28
388.80,35.01,21.04,22.59,21.17,97.51,56.21,48.74,36.28
388.81,35.01,21.04,22.59,21.20,97.51,56.21,48.74,36.35
388.82,34.95,21.04,22.56,21.17,97.51,56.21,48.74,36.28
388.83,34.95,21.04,22.56,21.17,97.51,56.07,48.74,36.28
388.84,34.95,21.04,22.56,21.20,97.51,56.07,48.74,36.28
388.85,35.08,21.07,22.59,21.17,97.51,56.07,48.74,36.35
388.86,35.01,21.04,22.59,21.17,97.51,56.21,48.74,36.28
388.87,35.01,21.04,22.56,21.17,97.51,56.07,48.74,36.28
388.88,34.95,21.04,22.56,21.17,97.51,56.07,48.85,36.28
388.89,35.01,21.04,22.56,21.17,97.51,56.07,48.74,36.35
388.90,35.01,21.07,22.59,21.17,97.51,56.07,48.74,36.35
388.91,35.01,21.04,22.59,21.17,97.51,56.21,48.74,36.28
388.92,35.01,21.01,22.56,21.17,97.51,56.21,48.74,36.35
388.93,35.01,21.04,22.56,21.17,97.51,56.07,48.74,36.28
388.94,35.01,21.04,22.59,21.20,97.51,56.21,48.74,36.28
388.95,35.01,21.07,22.59,21.17,97.51,56.21,48.74,36.28
388.96,34.95,21.04,22.56,21.17,97.51,56.21,48.74,36.28
388.97,34.95,21.04,22.56,21.17,97.51,56.07,48.74,36.28
388.98,35.01,21.04,22.56,21.20,97.51,56.21,48.74,36.35
388.99,35.01,21.04,22.56,21.17,97.51,56.21,48.74,36.35
389.00,35.01,21.04,22.59,21.17,97.51,56.21,48.74,36.35
389.01,34.95,21.04,22.56,21.17,97.51,56.07,48.74,36.28
389.02,35.01,21.04,22.59,21.17,97.51,56.21,48.74,36.35
389.03,35.01,21.04,22.56,21.20,97.51,56.07,48.74,36.28
389.04,35.01,21.04,22.56,21.20,97.51,56.07,48.74,36.28
389.05,35.01,21.04,22.59,21.20,97.51,56.21,48.85,36.35
389.06,35.01,21.04,22.59,21.20,97.51,56.21,48.74,36.28
389.07,35.08,21.04,22.56,21.17,97.51,56.07,48.74,36.28
389.08,35.08,21.07,22.56,21.20,97.51,56.07,48.74,36.28
389.09,34.95,21.04,22.59,21.17,97.51,56.21,48.74,36.28
389.10,35.01,21.07,22.59,21.20,97.51,56.21,48.74,36.28
389.11,35.01,21.04,22.59,21.17,97.51,56.21,48.74,36.35
389.12,34.95,21.04,22.56,21.20,97.51,56.07,48.74,36.28
389.13,34.95,21.01,22.56,21.20,97.51,56.07,48.74,36.28
389.14,35.01,21.04,22.56,21.17,97.51,56.21,48.74,36.28
389.15,34.95,21.07,22.59,21.17,97.51,56.21,48.74,36.35
389.16,34.95,21.04,22.59,21.17,97.51,56.07,48.74,36.35
389.17,35.01,21.04,22.56,21.17,97.51,56.21,48.74,36.28
389.18,34.95,21.04,22.56,21.17,97.51,56.21,48.85,36.28
389.19,35.01,21.04,22.56,21.20,97.51,55.93,48.74,36.28
389.20,35.01,21.07,22.59,21.20,97.51,56.35,48.74,36.35
389.21,35.01,21.04,22.56,21.20,97.51,56.07,48.74,36.21
389.22,34.95,21.04,22.56,21.17,97.51,56.07,48.74,36.35
389.23,35.01,21.04,22.56,21.17,97.51,56.07,48.74,36.35
389.24,35.01,21.04,22.59,21.17,97.51,56.07,48.74,36.35
389.25,35.01,21.04,22.59,21.17,97.51,56.21,48.74,36.35
389.26,35.01,21.04,22.56,21.17,97.51,56.07,48.74,36.28
389.27,34.95,21.01,22.56,21.20,97.51,56.07,48.74,36.28
389.28,34.95,21.01,22.59,21.17,97.51,56.07,48.74,36.28
389.29,35.01,21.04,22.56,21.17,97.51,56.07,48.74,36.28
389.30,34.95,21.07,22.59,21.20,97.51,56.21,48.74,36.35
389.31,35.01,21.04,22.56,21.20,97.51,56.07,48.74,36.28
389.32,34.95,21.01,22.56,21.17,97.51,56.07,48.74,36.35
389.33,35.01,21.04,22.56,21.20,97.51,56.21,48.74,36.21
389.34,34.95,21.04,22.56,21.17,97.51,56.07,48.74,36.35
389.35,35.01,21.04,22.59,21.17,97.51,56.21,48.74,36.35
389.36,35.01,21.04,22.56,21.17,97.51,56.07,48.74,36.28
389.37,34.95,21.04,22.56,21.17,97.51,56.07,48.74,36.28
389.38,34.95,21.01,22.56,21.17,97.51,56.07,48.74,36.35
389.39,34.95,21.04,22.56,21.20,97.51,56.21,48.74,36.28
389.40,35.01,21.04,22.59,21.17,97.51,56.21,48.74,36.35
389.41,34.95,21.04,22.56,21.17,97.14,56.21,48.74,36.28
389.42,34.95,21.04,22.56,21.17,97.51,56.07,48.74,36.28
389.43,35.01,21.04,22.56,21.17,97.88,56.07,48.74,36.28
389.44,35.01,21.04,22.56,21.17,97.51,56.21,48.62,36.35
389.45,34.95,21.04,22.56,21.20,97.51,56.21,48.85,36.35
389.46,34.95,21.04,22.56,21.17,97.51,56.07,48.62,36.28
389.47,34.95,21.01,22.56,21.17,97.51,56.07,48.74,36.28
389.48,34.95,21.04,22.56,21.20,97.51,56.07,48.62,36.35
389.49,34.95,21.04,22.56,21.20,97.51,56.07,48.74,36.28
389.50,35.08,21.04,22.56,21.20,97.51,56.07,48.74,36.28
389.51,34.95,21.04,22.56,21.17,97.51,56.07,48.74,36.35
389.52,34.95,21.01,22.56,21.17,97.51,56.07,48.62,36.35
389.53,34.95,21.04,22.56,21.17,97.51,56.07,48.62,36.28
389.54,35.01,21.04,22.56,21.17,97.51,56.07,48.74,36.28
389.55,35.01,21.04,22.59,21.17,97.51,56.07,48.74,36.28
389.56,34.95,21.04,22.56,21.17,97.51,56.07,48.62,36.28
389.57,34.95,21.01,22.56,21.17,97.51,56.07,48.74,36.28
389.58,34.95,21.01,22.56,21.17,97.51,56.07,48.74,36.28
389.59,34.95,21.04,22.56,21.17,97.51,56.07,48.74,36.28
389.60,34.95,21.04,22.56,21.17,97.51,56.07,48.74,36.35
389.61,34.95,21.04,22.56,21.17,97.51,56.07,48.74,36.35
389.62,34.95,21.01,22.56,21.17,97.51,56.07,48.74,36.28
389.63,34.95,21.04,22.56,21.17,97.51,56.07,48.62,36.35
389.64,35.01,21.04,22.56,21.17,97.51,56.07,48.74,36.28
389.65,35.01,21.04,22.59,21.17,97.51,56.07,48.85,36.35
389.66,34.95,21.01,22.56,21.17,97.51,56.07,48.74,36.35
389.67,34.95,21.01,22.52,21.17,97.51,56.07,48.74,36.28
389.68,34.95,21.01,22.56,21.20,97.51,56.07,48.74,36.28
389.69,34.95,21.04,22.56,21.20,97.51,56.07,48.74,36.35
389.70,34.95,21.04,22.56,21.20,97.51,56.07,48.74,36.35
389.71,34.95,21.04,22.56,21.17,97.51,56.21,48.74,36.35
389.72,34.95,21.01,22.56,21.17,97.51,56.07,48.62,36.35
389.73,34.88,21.01,22.56,21.20,97.51,56.07,48.74,36.28
389.74,34.95,21.04,22.56,21.17,97.51,56.07,48.74,36.28
389.75,34.95,21.01,22.59,21.17,97.51,56.07,48.74,36.21
389.76,34.95,21.04,22.56,21.17,97.51,56.07,48.74,36.28
389.77,34.88,21.01,22.56,21.17,97.51,56.07,48.74,36.28
389.78,34.95,21.01,22.56,21.17,97.51,56.07,48.74,36.28
389.79,34.95,21.04,22.56,21.17,97.51,56.07,48.74,36.35
389.80,34.95,21.04,22.56,21.20,97.51,56.21,48.74,36.35
389.81,35.01,21.04,22.56,21.17,97.51,56.07,48.74,36.35
389.82,34.95,21.01,22.56,21.17,97.51,56.07,48.74,36.35
389.83,34.95,21.04,22.56,21.17,97.51,56.07,48.74,36.35
389.84,34.95,21.04,22.56,21.17,97.51,56.07,48.74,36.28
389.85,34.95,21.04,22.59,21.20,97.51,56.07,48.74,36.28
389.86,34.95,21.04,22.56,21.20,97.51,56.07,48.74,36.28
389.87,34.95,21.01,22.56,21.17,97.51,56.07,48.62,36.35
389.88,34.95,21.01,22.56,21.17,97.51,56.07,48.74,36.35
389.89,34.95,21.04,22.56,21.17,97.51,56.07,48.74,36.35
389.90,34.95,21.07,22.56,21.20,97.51,56.07,48.74,36.28
389.91,34.95,21.04,22.56,21.20,97.51,56.07,48.74,36.35
389.92,34.95,21.01,22.56,21.17,97.51,56.07,48.62,36.28
389.93,34.95,21.04,22.56,21.17,97.51,56.07,48.74,36.28
389.94,35.01,21.04,22.56,21.20,97.51,55.93,48.74,36.35
389.95,34.95,21.04,22.56,21.20,97.51,56.07,48.74,36.35
389.96,34.95,21.04,22.56,21.20,97.51,56.07,48.74,36.35
389.97,34.95,21.04,22.56,21.20,97.51,56.07,48.74,36.28
389.98,34.88,21.01,22.52,21.17,97.51,56.07,48.74,36.28
389.99,34.95,21.04,22.56,21.20,97.51,56.07,48.74,36.35
390.00,34.95,21.04,22.56,21.20,97.51,56.07,48.74,36.35
390.01,34.95,21.01,22.56,21.17,97.51,56.07,48.74,36.35
390.02,34.95,21.01,22.56,21.17,97.51,56.07,48.74,36.28
390.03,34.95,21.01,22.56,21.17,97.51,56.07,48.62,36.35
390.04,34.95,21.04,22.56,21.20,97.51,56.07,48.74,36.35
390.05,35.01,21.04,22.59,21.20,97.51,56.07,48.74,36.28
390.06,34.95,21.01,22.56,21.20,97.51,56.07,48.74,36.35
390.07,34.95,21.01,22.56,21.17,97.51,56.07,48.74,36.28
390.08,35.01,21.04,22.56,21.20,97.51,56.07,48.62,36.28
390.09,34.95,21.04,22.56,21.20,97.51,56.07,48.74,36.35
390.10,35.01,21.04,22.56,21.20,97.51,56.07,48.74,36.35
390.11,34.95,21.04,22.59,21.20,97.51,56.07,48.74,36.28
390.12,34.95,21.01,22.56,21.17,97.51,56.07,48.62,36.35
390.13,34.95,21.01,22.56,21.17,97.51,56.07,48.74,36.35
390.14,34.95,21.04,22.56,21.20,97.51,55.93,48.74,36.35
390.15,34.95,21.04,22.56,21.20,97.51,56.21,48.74,36.28
390.16,34.95,21.04,22.56,21.20,97.51,56.07,48.74,36.35
390.17,34.95,21.01,22.52,21.20,97.51,56.07,48.62,36.35
390.18,34.95,21.01,22.56,21.20,97.51,56.07,48.74,36.35
390.19,34.95,21.01,22.56,21.20,97.51,56.07,48.74,36.35
390.20,34.95,21.04,22.56,21.20,97.51,56.07,48.74,36.35
390.21,34.95,21.04,22.56,21.20,97.51,56.21,48.74,36.28
390.22,34.95,21.01,22.56,21.20,97.51,56.07,48.74,36.35
390.23,34.95,21.01,22.56,21.17,97.51,56.21,48.74,36.35
390.24,35.01,21.01,22.56,21.17,97.51,56.07,48.74,36.35
390.25,34.95,21.04,22.59,21.20,97.14,56.07,48.74,36.35
390.26,34.95,21.04,22.56,21.20,97.51,56.07,48.74,36.35
390.27,34.95,21.01,22.56,21.20,97.51,56.21,48.74,36.35
390.28,34.95,21.04,22.56,21.17,97.51,56.07,48.62,36.35
390.29,34.95,21.04,22.56,21.20,97.51,56.07,48.74,36.35
390.30,34.95,21.01,22.56,21.20,97.51,56.07,48.74,36.35
390.31,35.01,21.04,22.56,21.17,97.51,56.07,48.74,36.35
390.32,34.95,21.04,22.52,21.17,97.51,56.07,48.62,36.28
390.33,34.95,21.04,22.56,21.20,97.51,56.07,48.74,36.35
390.34,35.01,21.01,22.56,21.17,97.51,56.07,48.74,36.35
390.35,35.01,21.07,22.56,21.20,97.51,56.07,48.74,36.35
390.36,34.95,21.01,22.56,21.17,97.51,56.21,48.74,36.35
390.37,34.95,21.04,22.56,21.20,97.51,56.07,48.74,36.35
390.38,35.01,21.01,22.56,21.17,97.51,56.07,48.74,36.35
390.39,34.95,21.04,22.59,21.17,97.51,56.07,48.74,36.28
390.40,34.95,21.04,22.56,21.20,97.51,56.07,48.74,36.35
390.41,34.95,21.01,22.56,21.20,97.51,56.07,48.74,36.35
390.42,34.95,21.01,22.56,21.20,97.51,56.07,48.74,36.35
390.43,35.01,21.01,22.56,21.20,97.51,56.07,48.74,36.35
390.44,34.95,21.04,22.56,21.20,97.51,55.93,48.74,36.28
390.45,34.95,21.04,22.59,21.17,97.51,56.35,48.74,36.42
390.46,34.95,21.04,22.56,21.17,97.51,55.93,48.74,36.28
390.47,34.95,21.04,22.56,21.17,97.51,56.07,48.74,36.35
390.48,34.95,21.01,22.56,21.20,97.88,56.07,48.74,36.35
390.49,35.01,21.04,22.56,21.20,97.51,56.07,48.74,36.35
390.50,35.01,21.04,22.56,21.20,97.51,56.21,48.74,36.35
390.51,34.95,21.04,22.56,21.17,97.51,56.21,48.74,36.35
390.52,34.95,21.01,22.56,21.20,97.51,56.07,48.74,36.35
390.53,34.95,21.01,22.56,21.20,97.51,56.07,48.74,36.35
390.54,35.01,21.04,22.56,21.20,97.51,56.07,48.74,36.28
390.55,34.95,21.04,22.59,21.20,97.51,56.07,48.74,36.35
390.56,34.95,21.04,22.56,21.20,97.51,56.07,48.74,36.35
390.57,34.95,21.01,22.56,21.17,97.51,56.07,48.74,36.35
390.58,35.01,21.01,22.56,21.20,97.51,56.07,48.74,36.28
390.59,34.88,21.04,22.56,21.20,97.51,56.07,48.74,36.28
390.60,35.08,21.04,22.56,21.20,97.51,56.07,48.74,36.35
390.61,34.88,21.01,22.52,21.20,97.51,56.07,48.62,36.35
390.62,34.95,21.04,22.56,21.17,97.51,56.21,48.74,36.35
390.63,34.95,21.01,22.56,21.17,97.51,56.21,48.74,36.42
390.64,34.95,21.01,22.56,21.20,97.51,56.07,48.85,36.35
390.65,34.95,21.04,22.56,21.20,97.51,56.21,48.74,36.35
390.66,34.95,21.04,22.56,21.20,97.14,56.07,48.74,36.35
390.67,34.88,21.01,22.56,21.17,97.51,56.07,48.74,36.35
390.68,34.95,21.01,22.56,21.17,96.77,56.07,48.74,36.35
390.69,34.95,21.01,22.56,21.20,97.51,56.07,48.74,36.35
390.70,35.01,21.04,22.56,21.17,97.14,56.07,48.74,36.35
390.71,34.95,21.01,22.56,21.20,97.51,56.07,48.74,36.35
390.72,34.88,21.01,22.56,21.17,97.51,56.07,48.85,36.35
390.73,34.95,21.01,22.56,21.20,97.51,56.07,48.62,36.35
390.74,34.95,21.04,22.56,21.20,97.51,56.07,48.74,36.35
390.75,34.95,21.04,22.56,21.17,97.51,56.21,48.74,36.35
390.76,34.95,21.04,22.56,21.17,97.51,56.07,48.74,36.35
390.77,34.88,21.01,22.56,21.17,97.51,55.93,48.62,36.35
390.78,34.95,21.01,22.56,21.17,97.51,56.07,48.74,36.42
390.79,34.95,21.04,22.56,21.20,97.51,56.07,48.74,36.35
390.80,34.95,21.04,22.56,21.17,97.51,56.07,48.74,36.35
390.81,34.95,21.04,22.56,21.20,97.51,56.07,48.74,36.35
390.82,34.95,21.01,22.52,21.20,97.51,56.07,48.74,36.35
390.83,34.95,21.01,22.56,21.20,97.51,56.07,48.74,36.35
390.84,34.95,21.04,22.56,21.20,97.51,56.07,48.74,36.35
390.85,34.95,21.04,22.56,21.20,97.51,56.07,48.74,36.35
390.86,34.95,21.04,22.56,21.17,97.51,56.07,48.74,36.35
390.87,34.95,21.01,22.56,21.20,97.51,56.21,48.62,36.35
390.88,34.88,21.04,22.56,21.20,97.51,56.21,48.74,36.35
390.89,34.95,21.04,22.56,21.17,97.51,56.07,48.74,36.35
390.90,34.95,21.04,22.56,21.20,97.51,56.07,48.74,36.42
390.91,35.01,21.04,22.56,21.20,97.51,56.07,48.74,36.35
390.92,34.95,21.01,22.56,21.20,97.51,56.07,48.74,36.35
390.93,34.95,21.04,22.56,21.20,97.51,56.07,48.74,36.35
390.94,34.95,21.04,22.56,21.20,97.51,56.07,48.74,36.35
390.95,34.95,21.04,22.56,21.20,97.51,56.07,48.74,36.35
390.96,34.88,21.01,22.56,21.17,97.51,56.07,48.62,36.35
390.97,34.88,21.01,22.52,21.20,97.51,56.07,48.74,36.28
390.98,34.95,21.01,22.56,21.20,97.51,56.07,48.74,36.35
390.99,34.95,21.04,22.56,21.20,97.51,56.21,48.74,36.35
391.00,34.95,21.04,22.56,21.20,97.51,56.07,48.74,36.35
391.01,34.95,21.04,22.56,21.20,97.51,56.07,48.74,36.35
391.02,34.95,21.04,22.56,21.20,97.51,56.07,48.74,36.35
391.03,34.95,21.01,22.56,21.17,97.51,56.07,48.74,36.35
391.04,34.95,21.04,22.56,21.20,97.51,56.07,48.74,36.35
391.05,35.01,21.04,22.56,21.20,97.51,56.07,48.74,36.35
391.06,34.88,21.01,22.56,21.20,97.51,56.07,48.74,36.35
391.07,34.88,21.01,22.56,21.20,97.51,56.07,48.74,36.35
391.08,34.95,21.01,22.52,21.20,97.51,56.07,48.74,36.35
391.09,34.95,21.04,22.56,21.20,97.51,56.07,48.74,36.35
391.10,34.95,21.01,22.56,21.20,97.51,56.21,48.74,36.35
391.11,34.95,21.04,22.56,21.20,97.51,56.07,48.62,36.35
391.12,34.95,21.01,22.56,21.20,97.51,56.07,48.62,36.35
391.13,34.95,21.01,22.56,21.20,97.51,56.07,48.74,36.35
391.14,34.95,21.04,22.56,21.20,97.51,56.07,48.74,36.35
391.15,34.95,21.04,22.56,21.20,97.51,56.07,48.74,36.35
391.16,34.88,21.01,22.56,21.20,97.51,56.07,48.62,36.35
391.17,34.95,21.01,22.52,21.20,97.51,56.07,48.62,36.35
391.18,34.88,21.04,22.56,21.20,97.51,56.07,48.74,36.35
391.19,34.95,21.04,22.56,21.20,97.51,56.07,48.74,36.42
391.20,34.95,21.04,22.56,21.20,97.51,56.07,48.74,36.35
391.21,34.88,21.01,22.52,21.20,97.51,56.07,48.74,36.35
391.22,34.88,21.01,22.52,21.20,97.51,56.07,48.62,36.35
391.23,34.88,21.01,22.52,21.20,97.14,56.07,48.74,36.35
391.24,34.95,21.04,22.56,21.17,97.51,56.07,48.62,36.42
391.25,34.95,21.01,22.56,21.20,97.51,56.07,48.74,36.35
391.26,34.88,21.01,22.52,21.20,97.51,56.07,48.62,36.35
391.27,34.88,21.01,22.52,21.17,97.51,56.07,48.74,36.35
391.28,34.88,21.01,22.52,21.20,97.51,56.07,48.62,36.35
391.29,34.95,21.04,22.56,21.20,97.51,56.07,48.74,36.35
391.30,35.01,21.04,22.56,21.17,97.51,56.07,48.74,36.35
391.31,34.95,21.01,22.52,21.17,97.51,56.07,48.74,36.35
391.32,34.88,21.01,22.52,21.20,97.51,56.07,48.62,36.42
391.33,34.88,21.04,22.52,21.20,97.51,56.07,48.74,36.35
391.34,34.95,21.04,22.56,21.20,97.51,56.07,48.74,36.35
391.35,35.01,21.04,22.56,21.20,97.51,56.07,48.74,36.28
391.36,34.88,21.01,22.52,21.17,97.51,56.07,48.74,36.35
391.37,34.95,21.01,22.52,21.20,97.51,56.07,48.62,36.35
391.38,34.95,21.01,22.52,21.20,97.51,56.07,48.74,36.35
391.39,34.95,21.04,22.52,21.17,97.51,56.07,48.74,36.35
391.40,34.88,21.04,22.56,21.20,97.51,56.07,48.74,36.35
391.41,34.95,21.01,22.52,21.17,97.51,56.07,48.74,36.35
391.42,34.88,21.01,22.52,21.20,97.51,56.07,48.74,36.35
391.43,34.95,21.01,22.56,21.20,97.51,56.07,48.74,36.42
391.44,34.95,21.04,22.56,21.20,97.51,56.07,48.74,36.35
391.45,34.95,21.04,22.56,21.20,97.51,56.07,48.74,36.42
391.46,34.88,21.04,22.52,21.20,97.51,56.07,48.62,36.35
391.47,34.88,21.01,22.52,21.20,97.14,56.07,48.74,36.35
391.48,34.88,21.01,22.56,21.20,97.51,56.07,48.74,36.35
391.49,34.95,21.01,22.52,21.20,97.51,56.07,48.74,36.35
391.50,34.95,21.04,22.56,21.17,97.51,56.21,48.74,36.35
391.51,34.88,21.01,22.56,21.20,97.51,56.07,48.74,36.35
391.52,34.88,21.01,22.52,21.20,97.14,56.07,48.62,36.35
391.53,34.95,21.01,22.52,21.20,97.14,56.07,48.62,36.35
391.54,34.95,21.01,22.52,21.20,97.51,56.07,48.74,36.35
391.55,34.88,21.04,22.56,21.20,97.51,56.07,48.74,36.35
391.56,34.88,21.01,22.56,21.20,97.51,56.07,48.62,36.35
391.57,34.88,21.01,22.52,21.20,97.51,56.07,48.62,36.35
391.58,34.95,21.01,22.52,21.20,97.51,56.07,48.62,36.35
391.59,34.88,21.04,22.56,21.20,97.51,55.93,48.74,36.42
391.60,34.95,21.01,22.56,21.20,97.51,56.21,48.74,36.35
391.61,34.95,21.04,22.56,21.17,97.51,56.07,48.74,36.35
391.62,34.82,21.01,22.52,21.20,97.51,56.07,48.74,36.35
391.63,34.88,21.01,22.52,21.20,97.51,56.07,48.62,36.35
391.64,34.88,21.01,22.52,21.17,97.51,56.07,48.74,36.35
391.65,34.95,21.04,22.52,21.20,97.51,56.07,48.62,36.35
391.66,34.88,21.01,22.52,21.20,97.51,56.07,48.62,36.35
391.67,34.88,21.01,22.52,21.20,97.51,56.07,48.74,36.35
391.68,34.95,21.01,22.52,21.20,97.51,56.07,48.62,36.35
391.69,34.88,21.04,22.52,21.20,97.51,55.93,48.74,36.35
391.70,35.01,21.01,22.56,21.20,97.51,55.93,48.74,36.42
391.71,34.88,21.01,22.52,21.20,97.51,56.07,48.74,36.28
391.72,34.88,21.01,22.52,21.20,97.14,56.07,48.74,36.49
391.73,34.95,21.01,22.56,21.20,97.51,56.07,48.74,36.35
391.74,34.88,21.01,22.56,21.17,97.51,56.07,48.74,36.35
391.75,34.88,21.04,22.56,21.20,97.51,56.07,48.74,36.35
391.76,34.88,21.01,22.56,21.20,97.51,56.07,48.74,36.35
391.77,34.95,21.01,22.52,21.20,97.51,56.07,48.62,36.42
391.78,34.88,21.04,22.52,21.20,97.51,56.07,48.74,36.42
391.79,34.95,21.04,22.56,21.20,97.51,56.07,48.74,36.35
391.80,34.88,21.01,22.56,21.20,97.51,56.07,48.74,36.35
391.81,34.88,21.01,22.52,21.17,97.51,56.07,48.74,36.35
391.82,34.95,21.01,22.52,21.20,97.51,56.07,48.74,36.42
391.83,34.95,21.01,22.52,21.20,97.51,56.07,48.74,36.35
391.84,34.88,21.01,22.56,21.20,97.51,56.21,48.74,36.35
391.85,35.01,21.04,22.56,21.20,97.51,56.07,48.74,36.35
391.86,34.88,21.04,22.52,21.20,97.51,56.07,48.74,36.35
391.87,34.95,21.01,22.56,21.20,97.51,56.07,48.74,36.35
391.88,34.88,21.01,22.52,21.20,97.51,56.07,48.74,36.35
391.89,34.88,21.04,22.56,21.20,97.51,56.21,48.74,36.35
391.90,34.88,21.01,22.56,21.20,97.51,56.07,48.74,36.35
391.91,34.88,21.01,22.56,21.20,97.14,56.07,48.62,36.35
391.92,34.95,21.01,22.52,21.20,97.51,56.07,48.62,36.35
391.93,34.88,21.01,22.52,21.20,97.14,56.07,48.74,36.42
391.94,34.88,21.04,22.56,21.20,97.88,56.07,48.74,36.35
391.95,34.95,21.04,22.56,21.20,97.51,56.07,48.74,36.42
391.96,34.95,21.01,22.52,21.17,97.51,56.07,48.62,36.35
391.97,34.88,21.01,22.52,21.20,97.14,56.07,48.85,36.35
391.98,34.88,21.01,22.52,21.20,97.51,56.07,48.62,36.35
391.99,34.88,21.01,22.56,21.17,97.51,56.07,48.74,36.35
392.00,34.88,21.01,22.56,21.20,97.51,56.07,48.74,36.35
392.01,34.88,21.01,22.52,21.17,97.14,56.21,48.74,36.35
392.02,34.88,21.01,22.52,21.20,97.51,56.07,48.74,36.42
392.03,34.88,21.01,22.56,21.20,97.51,56.07,48.74,36.35
392.04,34.95,21.04,22.52,21.20,97.51,56.07,48.74,36.35
392.05,34.95,21.04,22.56,21.20,97.51,56.07,48.74,36.42
392.06,34.95,21.01,22.56,21.20,97.51,56.07,48.62,36.35
392.07,34.95,21.04,22.52,21.20,97.14,56.07,48.62,36.35
392.08,34.88,21.01,22.56,21.20,97.51,56.07,48.74,36.35
392.09,34.95,21.04,22.52,21.20,97.14,56.07,48.74,36.35
392.10,34.95,21.04,22.56,21.20,97.51,56.07,48.74,36.35
392.11,34.88,21.01,22.52,21.17,97.14,56.07,48.62,36.35
392.12,34.88,21.01,22.56,21.17,97.51,56.07,48.62,36.42
392.13,34.95,21.01,22.52,21.20,97.51,56.07,48.74,36.35
392.14,34.95,21.04,22.56,21.20,97.51,56.07,48.74,36.35
392.15,34.95,21.04,22.56,21.20,97.51,56.07,48.62,36.35
392.16,34.95,21.01,22.56,21.20,97.51,56.07,48.74,36.35
392.17,34.88,21.01,22.52,21.20,97.14,56.07,48.74,36.35
392.18,34.95,21.01,22.56,21.20,97.51,56.07,48.74,36.42
392.19,34.95,21.01,22.56,21.20,97.51,56.07,48.74,36.35
392.20,34.95,21.04,22.56,21.20,97.14,56.07,48.74,36.35
392.21,34.88,21.01,22.56,21.20,97.51,56.07,48.74,36.35
392.22,34.88,21.01,22.52,21.20,97.51,56.07,48.74,36.35
392.23,34.95,21.01,22.52,21.20,97.51,56.07,48.74,36.42
392.24,34.95,21.04,22.56,21.20,97.51,56.07,48.74,36.35
392.25,34.95,21.04,22.56,21.20,97.51,56.07,48.74,36.42
392.26,34.88,21.04,22.56,21.20,97.51,56.07,48.74,36.42
392.27,34.95,21.01,22.52,21.20,97.51,56.07,48.74,36.42
392.28,34.88,21.01,22.52,21.23,97.51,56.07,48.74,36.35
392.29,34.95,21.04,22.56,21.20,97.51,56.07,48.74,36.35
392.30,34.88,21.01,22.56,21.20,97.51,56.07,48.74,36.42
392.31,34.95,21.01,22.52,21.20,97.51,56.07,48.74,36.35
392.32,34.88,21.01,22.52,21.20,97.14,56.07,48.74,36.35
392.33,34.88,21.01,22.52,21.20,97.51,56.07,48.74,36.35
392.34,34.95,21.04,22.56,21.20,97.14,56.07,48.74,36.42
392.35,34.95,21.04,22.56,21.20,97.51,56.07,48.74,36.35
392.36,34.88,21.01,22.56,21.20,97.51,56.07,48.74,36.35
392.37,34.95,21.01,22.52,21.20,97.14,56.07,48.74,36.42
392.38,34.95,21.01,22.56,21.20,97.51,56.07,48.74,36.35
392.39,34.95,21.04,22.56,21.20,97.51,56.07,48.74,36.42
392.40,34.95,21.04,22.56,21.20,97.51,56.07,48.74,36.35
392.41,34.95,21.04,22.52,21.20,97.51,56.07,48.74,36.35
392.42,34.88,21.01,22.52,21.20,97.14,56.07,48.74,36.35
392.43,34.95,21.01,22.56,21.20,97.51,56.07,48.85,36.35
392.44,34.95,21.04,22.56,21.20,97.51,56.07,48.74,36.35
392.45,34.95,21.04,22.56,21.20,97.51,56.07,48.74,36.35
392.46,34.95,21.01,22.56,21.20,97.51,56.07,48.74,36.42
392.47,34.95,21.01,22.56,21.20,97.51,56.07,48.74,36.35
392.48,34.95,21.04,22.56,21.20,97.51,56.07,48.74,36.35
392.49,34.95,21.04,22.56,21.20,97.51,56.07,48.74,36.42
392.50,34.95,21.04,22.56,21.20,97.51,56.21,48.74,36.42
392.51,35.01,21.04,22.56,21.20,97.51,56.07,48.74,36.35
392.52,34.88,21.01,22.52,21.20,97.51,56.07,48.74,36.35
392.53,34.88,21.04,22.56,21.20,97.51,56.21,48.74,36.42
392.54,34.95,21.04,22.56,21.20,97.51,56.07,48.74,36.35
392.55,34.88,21.04,22.56,21.20,97.51,56.21,48.74,36.42
392.56,35.01,21.04,22.56,21.20,97.51,56.07,48.74,36.42
392.57,34.95,21.04,22.56,21.20,97.51,56.07,48.74,36.42
392.58,34.88,21.01,22.56,21.20,97.51,56.07,48.74,36.35
392.59,34.95,21.04,22.56,21.20,97.51,56.21,48.74,36.35
392.60,35.01,21.04,22.56,21.20,97.51,56.07,48.74,36.35
392.61,34.95,21.04,22.52,21.20,97.51,56.07,48.74,36.35
392.62,34.95,21.01,22.56,21.20,97.14,56.21,48.74,36.35
392.63,34.88,21.01,22.56,21.20,97.51,56.21,48.74,36.42
392.64,34.88,21.01,22.56,21.20,97.51,56.07,48.85,36.35
392.65,34.88,21.04,22.59,21.20,97.51,56.07,48.74,36.35
392.66,34.88,21.04,22.56,21.20,97.51,56.07,48.74,36.42
392.67,34.88,21.04,22.56,21.20,97.14,56.07,48.62,36.35
392.68,34.95,21.04,22.56,21.20,97.51,56.07,48.74,36.42
392.69,34.95,21.04,22.56,21.20,97.51,56.07,48.74,36.35
392.70,35.01,21.04,22.56,21.20,97.51,56.07,48.74,36.42
392.71,34.95,21.04,22.56,21.20,97.51,56.07,48.74,36.42
392.72,34.88,21.01,22.56,21.20,97.14,56.07,48.74,36.35
392.73,34.95,21.01,22.56,21.20,97.51,56.07,48.74,36.42
392.74,34.95,21.04,22.59,21.20,97.51,56.21,48.74,36.42
392.75,34.95,21.04,22.59,21.20,97.51,56.07,48.74,36.42
392.76,34.88,21.04,22.56,21.20,97.51,56.07,48.74,36.42
392.77,34.95,21.01,22.56,21.20,97.51,56.07,48.74,36.42
392.78,34.95,21.04,22.56,21.20,97.51,56.07,48.74,36.35
392.79,35.01,21.07,22.56,21.20,97.51,56.07,48.74,36.42
392.80,34.95,21.04,22.59,21.20,97.51,56.21,48.74,36.42
392.81,34.95,21.01,22.56,21.23,97.51,56.21,48.74,36.42
392.82,35.01,21.01,22.56,21.20,97.51,56.07,48.74,36.42
392.83,34.95,21.04,22.56,21.20,97.51,56.07,48.74,36.42
392.84,35.01,21.04,22.56,21.20,97.51,56.21,48.74,36.35
392.85,34.95,21.07,22.59,21.20,97.51,56.07,48.74,36.35
392.86,35.01,21.04,22.56,21.20,97.51,56.07,48.74,36.35
392.87,34.88,21.04,22.56,21.23,97.51,56.21,48.74,36.42
392.88,34.95,21.04,22.56,21.20,97.51,56.07,48.74,36.42
392.89,34.95,21.01,22.56,21.20,97.51,56.07,48.85,36.35
392.90,34.95,21.04,22.56,21.20,97.51,56.07,48.74,36.42
392.91,34.88,21.04,22.56,21.20,97.51,56.07,48.74,36.42
392.92,34.95,21.01,22.56,21.20,97.51,56.21,48.74,36.49
392.93,34.95,21.04,22.56,21.20,97.51,56.07,48.74,36.42
392.94,34.88,21.04,22.56,21.20,97.51,56.35,48.74,36.42
392.95,34.95,21.04,22.56,21.20,97.51,56.21,48.74,36.35
392.96,34.95,21.04,22.56,21.20,97.51,56.07,48.74,36.35
392.97,34.95,21.01,22.56,21.20,97.51,56.07,48.74,36.49
392.98,34.95,21.04,22.56,21.20,97.51,56.21,48.74,36.28
392.99,34.95,21.07,22.56,21.20,97.51,56.21,48.74,36.35
393.00,34.95,21.04,22.56,21.20,97.51,56.07,48.74,36.42
393.01,34.95,21.04,22.56,21.20,97.14,56.07,48.74,36.42
393.02,34.95,21.04,22.56,21.20,97.51,55.93,48.74,36.42
393.03,34.95,21.04,22.56,21.20,97.51,56.07,48.74,36.42
393.04,34.95,21.04,22.56,21.20,97.51,56.07,48.74,36.42
393.05,35.01,21.04,22.59,21.20,97.51,56.21,48.74,36.42
393.06,34.95,21.04,22.56,21.20,97.51,56.07,48.74,36.35
393.07,34.88,21.04,22.56,21.20,97.51,56.07,48.74,36.35
393.08,35.01,21.04,22.56,21.20,97.51,56.07,48.74,36.42
393.09,34.88,21.04,22.56,21.20,97.51,56.07,48.74,36.42
393.10,34.95,21.07,22.56,21.20,97.51,56.07,48.85,36.42
393.11,35.01,21.04,22.56,21.20,97.51,56.07,48.74,36.35
393.12,34.88,21.01,22.59,21.20,97.51,56.07,48.74,36.35
393.13,34.88,21.04,22.56,21.20,97.51,56.07,48.74,36.42
393.14,34.95,21.04,22.56,21.20,97.51,56.21,48.74,36.42
393.15,35.01,21.04,22.56,21.20,97.51,56.07,48.74,36.42
393.16,34.95,21.04,22.56,21.20,97.51,56.07,48.74,36.42
393.17,34.88,21.01,22.56,21.20,97.51,56.07,48.74,36.42
393.18,34.88,21.01,22.56,21.20,97.14,56.07,48.74,36.28
393.19,34.88,21.04,22.59,21.20,97.88,56.21,48.85,36.42
393.20,35.01,21.04,22.56,21.20,97.51,56.21,48.85,36.42
393.21,34.88,21.01,22.56,21.20,97.51,56.07,48.62,36.42
393.22,34.95,21.04,22.56,21.20,97.51,56.07,48.85,36.42
393.23,34.95,21.04,22.56,21.20,97.51,56.21,48.74,36.42
393.24,35.01,21.04,22.56,21.20,97.51,56.07,48.85,36.42
393.25,34.95,21.04,22.56,21.20,97.51,56.07,48.85,36.35
393.26,34.88,21.04,22.56,21.20,97.51,56.21,48.74,36.42
393.27,34.95,21.04,22.56,21.20,97.51,56.07,48.74,36.42
393.28,34.95,21.04,22.56,21.20,97.51,56.07,48.74,36.42
393.29,34.95,21.04,22.59,21.20,97.51,56.07,48.74,36.42
393.30,34.88,21.04,22.56,21.20,97.51,56.21,48.74,36.42
393.31,34.88,21.01,22.56,21.20,97.51,56.07,48.74,36.42
393.32,34.88,21.04,22.56,21.20,97.51,56.07,48.74,36.42
393.33,34.88,21.04,22.56,21.20,97.51,56.21,48.74,36.42
393.34,35.01,21.04,22.56,21.20,97.51,56.21,48.74,36.42
393.35,34.95,21.04,22.56,21.20,97.51,56.07,48.74,36.42
393.36,34.95,21.04,22.56,21.20,97.51,56.07,48.74,36.42
393.37,34.95,21.04,22.56,21.20,97.51,56.07,48.74,36.42
393.38,34.95,21.04,22.56,21.20,97.51,56.07,48.74,36.42
393.39,34.95,21.04,22.59,21.20,97.51,56.07,48.74,36.42
393.40,34.95,21.01,22.59,21.20,97.51,56.07,48.74,36.42
393.41,34.88,21.04,22.56,21.17,97.51,56.07,48.74,36.42
393.42,34.88,21.04,22.56,21.20,97.51,56.21,48.74,36.42
393.43,35.01,21.04,22.56,21.20,97.51,56.21,48.74,36.42
393.44,34.95,21.04,22.56,21.20,97.51,56.21,48.74,36.42
393.45,34.95,21.04,22.56,21.20,97.51,56.07,48.85,36.42
393.46,34.95,21.04,22.56,21.20,97.51,56.21,48.74,36.42
393.47,34.95,21.04,22.56,21.20,97.51,56.07,48.74,36.42
393.48,34.88,21.04,22.56,21.20,97.51,56.07,48.74,36.42
393.49,35.01,21.04,22.56,21.20,97.51,56.21,48.85,36.42
393.50,34.95,21.04,22.59,21.20,97.51,56.21,48.74,36.42
393.51,35.01,21.04,22.56,21.20,97.51,56.07,48.74,36.42
393.52,34.88,21.01,22.56,21.20,97.51,56.07,48.74,36.42
393.53,34.95,21.04,22.56,21.20,97.51,56.07,48.74,36.42
393.54,34.95,21.04,22.59,21.20,97.51,56.07,48.74,36.42
393.55,34.95,21.07,22.56,21.20,97.51,56.21,48.74,36.42
393.56,34.95,21.01,22.56,21.20,97.51,56.07,48.85,36.42
393.57,34.88,21.04,22.56,21.17,97.51,56.07,48.74,36.42
393.58,34.88,21.07,22.56,21.20,97.51,56.07,48.74,36.35
393.59,34.95,21.04,22.56,21.20,97.51,56.21,48.74,36.42
393.60,34.95,21.04,22.56,21.20,97.51,56.07,48.85,36.42
393.61,34.88,21.04,22.56,21.20,97.51,56.07,48.85,36.42
393.62,34.88,21.04,22.56,21.20,97.51,56.07,48.74,36.42
393.63,34.95,21.04,22.56,21.20,97.51,56.21,48.74,36.42
393.64,34.95,21.04,22.59,21.20,97.51,56.21,48.74,36.42
393.65,34.95,21.04,22.59,21.20,97.51,56.07,48.74,36.42
393.66,34.95,21.04,22.56,21.20,97.51,56.07,48.74,36.42
393.67,34.95,21.04,22.56,21.20,97.51,56.07,48.74,36.42
393.68,34.95,21.04,22.56,21.20,97.51,56.07,48.74,36.42
393.69,34.95,21.07,22.56,21.20,97.51,56.21,48.74,36.42
393.70,34.95,21.04,22.59,21.20,97.51,56.07,48.74,36.42
393.71,34.88,21.04,22.56,21.20,97.51,56.07,48.74,36.42
393.72,34.88,21.04,22.56,21.20,97.51,56.21,48.74,36.42
393.73,35.01,21.04,22.56,21.20,97.51,56.21,48.74,36.42
393.74,34.95,21.04,22.56,21.20,97.51,56.21,48.74,36.42
393.75,34.95,21.04,22.56,21.20,97.51,56.21,48.74,36.42
393.76,34.88,21.04,22.56,21.20,97.51,56.07,48.74,36.42
393.77,34.88,21.04,22.56,21.20,97.51,56.07,48.74,36.42
393.78,34.95,21.04,22.56,21.20,97.14,56.07,48.74,36.42
393.79,34.95,21.04,22.59,21.20,97.51,56.21,48.74,36.42
393.80,34.95,21.04,22.56,21.20,97.14,56.21,48.74,36.42
393.81,34.95,21.04,22.56,21.20,97.14,56.21,48.74,36.42
393.82,34.88,21.01,22.56,21.20,97.51,56.21,48.74,36.42
393.83,34.95,21.04,22.56,21.20,97.51,56.07,48.74,36.42
393.84,34.95,21.04,22.59,21.20,97.51,56.21,48.85,36.42
393.85,34.95,21.07,22.59,21.20,97.51,56.21,48.85,36.42
393.86,35.01,21.04,22.56,21.20,97.51,56.21,48.85,36.42
393.87,34.88,21.04,22.56,21.20,97.51,56.21,48.85,36.42
393.88,34.95,21.07,22.56,21.20,97.51,56.07,48.74,36.42
393.89,34.95,21.04,22.59,21.20,97.51,56.21,48.85,36.42
393.90,34.95,21.04,22.59,21.20,97.51,56.21,48.85,36.35
393.91,34.95,21.04,22.56,21.20,97.51,56.21,48.74,36.42
393.92,35.01,21.04,22.56,21.20,97.51,56.07,48.74,36.42
393.93,34.95,21.04,22.56,21.20,97.51,56.07,48.74,36.42
393.94,34.95,21.04,22.59,21.23,97.51,56.21,48.85,36.42
393.95,34.95,21.07,22.59,21.20,97.51,56.07,48.74,36.42
393.96,34.88,21.04,22.56,21.23,97.51,56.21,48.74,36.42
393.97,34.88,21.04,22.56,21.20,97.51,56.21,48.85,36.42
393.98,34.95,21.04,22.56,21.20,97.51,56.21,48.74,36.42
393.99,34.95,21.04,22.59,21.23,97.51,56.21,48.85,36.42
394.00,34.95,21.07,22.59,21.20,97.51,56.21,48.74,36.42
394.01,34.95,21.04,22.56,21.20,97.51,56.21,48.74,36.42
394.02,34.88,21.04,22.56,21.20,97.51,56.21,48.74,36.42
394.03,34.95,21.04,22.56,21.20,97.51,56.21,48.74,36.42
394.04,35.01,21.07,22.59,21.20,97.51,56.07,48.85,36.42
394.05,34.95,21.04,22.56,21.20,97.51,56.21,48.85,36.42
394.06,34.95,21.04,22.56,21.20,97.51,56.21,48.74,36.42
394.07,35.01,21.04,22.56,21.20,97.51,56.21,48.85,36.42
394.08,34.95,21.04,22.56,21.23,97.51,56.21,48.85,36.42
394.09,34.95,21.07,22.59,21.23,97.51,56.07,48.85,36.42
394.10,35.01,21.04,22.56,21.20,97.51,56.21,48.85,36.42
394.11,34.95,21.01,22.56,21.23,97.51,56.21,48.74,36.42
394.12,34.95,21.04,22.56,21.20,97.51,56.07,48.74,36.42
394.13,34.95,21.07,22.59,21.20,97.51,56.21,48.74,36.42
394.14,35.01,21.04,22.59,21.23,97.51,56.21,48.85,36.42
394.15,35.01,21.07,22.59,21.20,97.51,56.21,48.85,36.42
394.16,35.01,21.04,22.56,21.20,97.51,56.07,48.74,36.42
394.17,34.95,21.04,22.56,21.20,97.51,56.35,48.74,36.42
394.18,35.01,21.04,22.56,21.20,97.51,56.07,48.74,36.42
394.19,35.08,21.07,22.59,21.20,97.51,56.21,48.96,36.42
394.20,34.95,21.04,22.56,21.20,97.51,56.07,48.74,36.42
394.21,34.88,21.04,22.56,21.20,97.51,56.07,48.74,36.42
394.22,34.95,21.04,22.56,21.20,97.51,56.21,48.74,36.42
394.23,34.95,21.04,22.59,21.20,97.51,56.07,48.85,36.42
394.24,35.01,21.04,22.59,21.20,97.51,56.21,48.74,36.42
394.25,34.95,21.04,22.59,21.20,97.51,56.21,48.85,36.42
394.26,34.95,21.04,22.56,21.20,97.51,56.21,48.74,36.42
394.27,34.95,21.04,22.56,21.20,97.51,56.07,48.74,36.42
394.28,34.88,21.04,22.59,21.23,97.51,56.21,48.74,36.42
394.29,34.95,21.07,22.59,21.20,97.51,56.21,48.85,36.42
394.30,34.95,21.07,22.59,21.23,97.51,56.21,48.85,36.42
394.31,34.88,21.04,22.56,21.20,97.51,56.07,48.85,36.42
394.32,34.95,21.04,22.56,21.20,97.51,56.07,48.85,36.42
394.33,34.88,21.07,22.56,21.20,97.51,56.21,48.74,36.42
394.34,35.01,21.07,22.59,21.20,97.51,56.21,48.74,36.42
394.35,35.08,21.04,22.56,21.20,97.51,56.21,48.85,36.42
394.36,34.88,21.04,22.59,21.20,97.51,56.21,48.74,36.42
394.37,35.01,21.07,22.56,21.20,97.51,56.21,48.74,36.49
394.38,34.95,21.04,22.56,21.20,97.51,56.07,48.85,36.49
394.39,35.01,21.07,22.59,21.20,97.51,56.07,48.85,36.42
394.40,34.95,21.07,22.59,21.20,97.51,56.21,48.85,36.42
394.41,35.01,21.07,22.56,21.20,97.14,56.07,48.74,36.42
394.42,34.95,21.04,22.56,21.20,97.51,56.21,48.85,36.42
394.43,34.95,21.07,22.59,21.23,97.14,56.21,48.85,36.42
394.44,35.01,21.07,22.59,21.20,97.88,56.07,48.74,36.42
394.45,34.95,21.07,22.59,21.20,97.51,56.21,48.74,36.42
394.46,34.95,21.04,22.59,21.20,97.51,56.21,48.62,36.42
394.47,34.95,21.04,22.56,21.20,97.51,56.21,48.74,36.42
394.48,35.01,21.04,22.56,21.20,97.51,56.21,48.62,36.42
394.49,34.95,21.07,22.59,21.20,97.51,56.21,48.74,36.49
394.50,35.01,21.07,22.59,21.20,97.51,56.21,48.85,36.42
394.51,34.88,21.04,22.56,21.20,97.51,56.07,48.74,36.42
394.52,34.95,21.04,22.56,21.20,97.51,56.07,48.85,36.42
394.53,35.01,21.07,22.59,21.20,97.51,56.21,48.74,36.42
394.54,34.88,21.07,22.59,21.20,97.51,56.07,48.85,36.42
394.55,35.01,21.04,22.59,21.20,97.88,56.21,48.85,36.42
394.56,34.95,21.04,22.59,21.20,97.51,56.07,48.74,36.42
394.57,34.95,21.04,22.56,21.20,97.51,56.21,48.74,36.42
394.58,34.95,21.04,22.56,21.20,97.51,56.21,48.85,36.42
394.59,34.95,21.07,22.59,21.20,97.51,56.21,48.85,36.42
394.60,35.01,21.04,22.59,21.20,97.14,56.21,48.85,36.42
394.61,34.95,21.04,22.56,21.20,97.51,56.21,48.74,36.42
394.62,34.95,21.04,22.56,21.20,97.51,56.21,48.74,36.42
394.63,34.95,21.07,22.59,21.20,97.51,56.21,48.85,36.49
394.64,34.95,21.07,22.59,21.20,97.51,56.21,48.85,36.42
394.65,35.01,21.07,22.59,21.20,97.51,56.21,48.74,36.42
394.66,35.01,21.04,22.56,21.20,97.51,56.07,48.74,36.42
394.67,34.95,21.04,22.56,21.20,97.51,56.07,48.74,36.49
394.68,34.95,21.04,22.59,21.20,97.51,56.07,48.85,36.42
394.69,35.01,21.07,22.59,21.23,97.51,56.21,48.85,36.49
394.70,34.95,21.04,22.59,21.20,97.51,56.21,48.74,36.42
394.71,34.88,21.04,22.59,21.20,97.51,56.21,48.85,36.42
394.72,34.95,21.04,22.56,21.20,97.88,56.21,48.85,36.42
394.73,35.01,21.04,22.56,21.20,97.51,56.07,48.62,36.42
394.74,34.95,21.07,22.59,21.20,97.51,56.21,48.85,36.42
394.75,34.95,21.07,22.59,21.20,97.51,56.21,48.74,36.42
394.76,34.95,21.04,22.56,21.20,97.51,56.21,48.85,36.49
394.77,34.95,21.04,22.56,21.20,97.51,56.21,48.85,36.42
394.78,34.95,21.04,22.56,21.20,97.51,56.21,48.85,36.42
394.79,35.01,21.04,22.59,21.20,97.51,56.21,48.85,36.42
394.80,34.95,21.07,22.59,21.20,97.51,56.07,48.85,36.42
394.81,35.01,21.04,22.56,21.20,97.51,56.21,48.85,36.49
394.82,34.95,21.04,22.56,21.20,97.51,56.21,48.74,36.42
394.83,35.01,21.04,22.59,21.20,97.51,56.21,48.85,36.42
394.84,34.95,21.07,22.59,21.20,97.51,56.21,48.85,36.49
394.85,34.95,21.07,22.59,21.20,97.51,56.07,48.85,36.49
394.86,34.88,21.04,22.56,21.20,97.51,56.21,48.85,36.49
394.87,34.95,21.04,22.56,21.20,97.51,56.07,48.85,36.42
394.88,34.95,21.04,22.59,21.20,97.51,56.07,48.85,36.42
394.89,34.95,21.04,22.59,21.20,97.51,56.21,48.85,36.49
394.90,34.95,21.07,22.59,21.20,97.51,56.21,48.74,36.42
394.91,34.95,21.04,22.56,21.20,97.51,56.07,48.74,36.42
394.92,34.88,21.04,22.59,21.20,97.51,56.07,48.74,36.42
394.93,35.01,21.04,22.59,21.20,97.51,56.21,48.85,36.49
394.94,34.95,21.07,22.59,21.20,97.51,56.35,48.85,36.42
394.95,34.88,21.04,22.59,21.20,97.51,56.21,48.74,36.42
394.96,34.95,21.04,22.59,21.20,97.51,56.21,48.74,36.49
394.97,34.95,21.04,22.56,21.20,97.51,56.21,48.85,36.49
394.98,35.01,21.04,22.59,21.20,97.51,56.07,48.74,36.42
394.99,35.01,21.07,22.59,21.23,97.51,56.07,48.74,36.49
395.00,35.01,21.04,22.59,21.20,97.51,56.21,48.85,36.49
395.01,34.95,21.04,22.59,21.20,97.51,56.07,48.85,36.42
395.02,34.88,21.01,22.59,21.20,97.51,56.07,48.85,36.42
395.03,35.01,21.04,22.59,21.20,97.51,56.21,48.85,36.49
395.04,35.01,21.04,22.59,21.20,97.51,56.21,48.85,36.49
395.05,34.95,21.04,22.59,21.20,97.51,56.21,48.85,36.42
395.06,34.95,21.04,22.56,21.20,97.51,56.21,48.85,36.42
395.07,34.88,21.04,22.59,21.20,97.51,56.21,48.74,36.49
395.08,35.01,21.04,22.59,21.20,97.51,56.21,48.85,36.42
395.09,34.95,21.07,22.59,21.20,97.51,56.21,48.85,36.49
395.10,34.95,21.04,22.59,21.20,97.51,56.07,48.85,36.42
395.11,34.88,21.04,22.59,21.20,97.51,56.21,48.85,36.42
395.12,34.95,21.04,22.56,21.20,97.51,56.21,48.74,36.42
395.13,34.95,21.04,22.59,21.20,97.51,56.07,48.85,36.42
395.14,35.01,21.07,22.59,21.20,97.51,56.21,48.85,36.49
395.15,35.01,21.07,22.59,21.23,97.51,56.07,48.85,36.49
395.16,35.01,21.04,22.59,21.20,97.51,56.21,48.85,36.42
395.17,35.01,21.07,22.59,21.20,97.51,56.21,48.74,36.42
395.18,34.95,21.04,22.59,21.23,97.51,56.21,48.85,36.49
395.19,35.01,21.07,22.59,21.23,97.51,56.21,48.85,36.49
395.20,35.01,21.07,22.59,21.20,97.51,56.21,48.85,36.49
395.21,35.01,21.04,22.56,21.20,97.51,56.21,48.85,36.49
395.22,34.95,21.04,22.59,21.20,97.51,56.21,48.85,36.42
395.23,34.95,21.04,22.59,21.20,97.51,56.07,48.85,36.49
395.24,35.01,21.04,22.59,21.20,97.88,56.07,48.85,36.42
395.25,35.01,21.04,22.59,21.20,97.51,56.07,48.85,36.49
395.26,35.01,21.04,22.56,21.20,97.51,56.07,48.85,36.49
395.27,35.01,21.04,22.56,21.20,97.51,56.21,48.74,36.42
395.28,34.95,21.04,22.59,21.20,97.51,56.21,48.85,36.42
395.29,35.01,21.07,22.59,21.20,97.88,56.21,48.85,36.49
395.30,35.01,21.04,22.59,21.20,97.51,56.07,48.85,36.42
395.31,34.95,21.04,22.59,21.20,97.51,56.07,48.74,36.49
395.32,34.95,21.07,22.56,21.20,97.51,56.07,48.74,36.42
395.33,35.01,21.04,22.59,21.20,97.51,56.07,48.85,36.49
395.34,35.01,21.07,22.59,21.20,97.51,56.21,48.85,36.49
395.35,35.01,21.04,22.59,21.20,97.51,56.21,48.85,36.49
395.36,35.01,21.04,22.56,21.20,97.51,56.21,48.85,36.42
395.37,34.95,21.04,22.59,21.20,97.51,56.21,48.85,36.49
395.38,34.95,21.07,22.59,21.20,97.51,56.21,48.85,36.49
395.39,34.95,21.07,22.59,21.23,97.51,56.35,48.85,36.42
395.40,34.95,21.07,22.59,21.20,97.51,56.21,48.74,36.49
395.41,35.01,21.04,22.59,21.20,97.51,56.21,48.85,36.42
395.42,35.01,21.04,22.59,21.20,97.51,56.21,48.85,36.49
395.43,35.01,21.04,22.59,21.20,97.51,56.07,48.85,36.42
395.44,34.95,21.07,22.59,21.20,97.51,56.35,48.85,36.49
395.45,34.95,21.04,22.59,21.20,97.88,55.93,48.85,36.42
395.46,34.95,21.04,22.59,21.20,97.51,56.21,48.74,36.56
395.47,34.88,21.04,22.59,21.20,97.51,56.21,48.85,36.42
395.48,34.95,21.04,22.59,21.20,97.51,56.21,48.85,36.42
395.49,34.95,21.07,22.59,21.20,97.51,56.21,48.85,36.42
395.50,34.95,21.04,22.59,21.20,97.51,56.21,48.85,36.49
395.51,34.95,21.04,22.59,21.20,97.88,56.21,48.74,36.42
395.52,34.95,21.04,22.59,21.20,97.51,56.21,48.85,36.49
395.53,34.88,21.04,22.59,21.20,97.51,56.07,48.85,36.49
395.54,34.95,21.07,22.59,21.20,97.51,56.07,48.85,36.42
395.55,35.01,21.07,22.59,21.20,97.51,56.21,48.85,36.42
395.56,34.95,21.04,22.56,21.23,97.51,56.21,48.85,36.49
395.57,35.01,21.04,22.59,21.20,97.51,56.21,48.85,36.49
395.58,34.95,21.04,22.59,21.23,97.51,56.21,48.74,36.49
395.59,35.01,21.07,22.59,21.23,97.51,56.21,48.85,36.49
395.60,35.08,21.04,22.59,21.20,97.51,56.07,48.85,36.49
395.61,34.95,21.04,22.59,21.20,97.51,56.21,48.74,36.42
395.62,34.95,21.04,22.56,21.20,97.51,56.21,48.85,36.49
395.63,34.95,21.04,22.59,21.20,97.51,56.21,48.74,36.49
395.64,34.95,21.04,22.59,21.20,97.51,56.21,48.85,36.42
395.65,34.95,21.04,22.59,21.20,97.51,56.21,48.85,36.49
395.66,34.95,21.04,22.59,21.20,97.51,56.07,48.85,36.42
395.67,35.01,21.04,22.59,21.20,97.51,56.21,48.85,36.42
395.68,34.95,21.04,22.59,21.20,97.51,56.07,48.74,36.42
395.69,34.95,21.07,22.59,21.20,97.88,56.21,48.96,36.49
395.70,34.95,21.07,22.59,21.20,97.51,56.21,48.85,36.49
395.71,34.88,21.04,22.59,21.20,97.51,56.21,48.96,36.49
395.72,34.95,21.04,22.56,21.20,97.51,56.07,48.62,36.49
395.73,34.95,21.04,22.59,21.20,97.88,56.21,48.85,36.49
395.74,34.95,21.07,22.59,21.20,97.51,56.21,48.85,36.49
395.75,34.95,21.07,22.59,21.20,97.51,56.21,48.85,36.49
395.76,34.95,21.04,22.59,21.20,97.51,56.21,48.74,36.49
395.77,34.95,21.04,22.59,21.20,97.51,56.07,48.85,36.49
395.78,34.95,21.04,22.59,21.20,97.51,56.21,48.85,36.49
395.79,35.01,21.07,22.59,21.20,97.51,56.21,48.85,36.42
395.80,35.01,21.04,22.59,21.20,97.51,56.07,48.85,36.49
395.81,34.95,21.04,22.59,21.20,97.51,56.21,48.74,36.42
395.82,34.95,21.04,22.59,21.20,97.51,56.21,48.85,36.49
395.83,34.95,21.07,22.59,21.20,97.51,56.07,48.85,36.49
395.84,35.01,21.04,22.59,21.20,97.51,56.21,48.85,36.49
395.85,35.01,21.07,22.59,21.20,97.51,56.21,48.85,36.49
395.86,34.95,21.04,22.59,21.20,97.51,56.21,48.85,36.49
395.87,34.95,21.04,22.56,21.20,97.88,56.07,48.74,36.49
395.88,34.95,21.04,22.59,21.20,97.51,56.21,48.85,36.49
395.89,34.95,21.07,22.59,21.20,97.51,56.21,48.85,36.49
395.90,34.95,21.07,22.59,21.20,97.51,56.21,48.85,36.49
395.91,34.95,21.04,22.59,21.20,97.51,56.21,48.74,36.49
395.92,34.95,21.07,22.59,21.20,97.51,56.21,48.85,36.49
395.93,34.95,21.04,22.59,21.20,97.51,56.21,48.85,36.49
395.94,35.01,21.07,22.59,21.20,97.51,56.21,48.85,36.42
395.95,35.01,21.07,22.59,21.23,97.51,56.21,48.85,36.49
395.96,34.95,21.04,22.59,21.20,97.51,56.21,48.85,36.49
395.97,34.95,21.04,22.59,21.20,97.51,56.21,48.85,36.42
395.98,34.95,21.07,22.59,21.20,97.51,56.21,48.85,36.49
395.99,35.01,21.07,22.59,21.23,97.51,56.21,48.85,36.49
396.00,34.95,21.04,22.59,21.20,97.51,56.21,48.85,36.42
396.01,34.95,21.04,22.59,21.20,97.51,56.21,48.74,36.49
396.02,34.95,21.07,22.59,21.20,97.51,56.21,48.85,36.42
396.03,34.95,21.04,22.59,21.23,97.51,56.21,48.85,36.49
396.04,35.01,21.07,22.59,21.20,97.88,56.21,48.85,36.49
396.05,34.95,21.04,22.59,21.20,97.51,56.21,48.85,36.42
396.06,35.01,21.04,22.59,21.20,97.51,56.07,48.85,36.49
396.07,34.95,21.04,22.59,21.23,97.51,56.21,48.85,36.49
396.08,34.95,21.04,22.59,21.20,97.51,56.07,48.85,36.49
396.09,35.01,21.07,22.59,21.20,97.51,56.21,48.85,36.49
396.10,35.01,21.07,22.59,21.20,97.51,56.21,48.85,36.42
396.11,34.95,21.04,22.59,21.20,97.51,56.07,48.74,36.49
396.12,34.95,21.04,22.59,21.20,97.51,56.21,48.85,36.49
396.13,34.95,21.07,22.59,21.20,97.51,56.21,48.85,36.49
396.14,34.95,21.07,22.59,21.23,97.51,56.21,48.85,36.49
396.15,34.95,21.07,22.59,21.20,97.51,56.21,48.85,36.49
396.16,34.95,21.04,22.59,21.20,97.51,56.21,48.85,36.49
396.17,34.95,21.07,22.59,21.20,97.51,56.21,48.85,36.49
396.18,34.95,21.04,22.59,21.20,97.51,56.21,48.85,36.49
396.19,35.01,21.07,22.59,21.20,97.88,56.21,48.85,36.49
396.20,34.95,21.07,22.59,21.20,97.51,56.21,48.85,36.49
396.21,35.01,21.07,22.59,21.20,97.88,56.21,48.85,36.49
396.22,35.01,21.04,22.56,21.23,97.51,56.07,48.85,36.49
396.23,34.95,21.07,22.59,21.23,97.51,56.35,48.85,36.49
396.24,35.01,21.07,22.59,21.23,97.51,56.35,48.85,36.49
396.25,35.08,21.07,22.63,21.20,97.51,56.21,48.85,36.49
396.26,34.95,21.04,22.59,21.20,97.51,56.07,48.85,36.49
396.27,34.95,21.07,22.59,21.20,97.51,56.21,48.85,36.49
396.28,35.01,21.07,22.59,21.20,97.51,56.21,48.85,36.49
396.29,34.95,21.07,22.63,21.20,97.51,56.21,48.85,36.42
396.30,34.95,21.07,22.63,21.20,97.51,56.21,48.85,36.49
396.31,35.01,21.07,22.59,21.20,97.88,56.21,48.85,36.49
396.32,34.95,21.07,22.59,21.20,97.51,56.21,48.85,36.49
396.33,34.95,21.07,22.59,21.20,97.51,56.21,48.96,36.49
396.34,35.01,21.07,22.63,21.20,97.88,56.21,48.85,36.49
396.35,35.01,21.10,22.63,21.20,97.51,56.21,48.85,36.49
396.36,34.95,21.07,22.59,21.20,97.51,56.21,48.85,36.49
396.37,34.88,21.07,22.59,21.20,97.51,56.21,48.85,36.49
396.38,34.95,21.07,22.63,21.23,97.51,56.21,48.85,36.49
396.39,35.01,21.07,22.63,21.20,97.88,56.21,48.85,36.49
396.40,34.95,21.07,22.59,21.20,97.51,56.21,48.85,36.49
396.41,34.95,21.07,22.59,21.20,97.51,56.21,48.85,36.42
396.42,34.95,21.04,22.59,21.20,97.51,56.21,48.85,36.49
396.43,34.95,21.07,22.63,21.23,97.51,56.21,48.85,36.49
396.44,35.01,21.07,22.63,21.20,97.51,56.21,48.85,36.49
396.45,34.95,21.07,22.59,21.23,97.51,56.21,48.85,36.49
396.46,34.95,21.04,22.63,21.20,97.51,56.21,48.85,36.49
396.47,34.95,21.07,22.59,21.20,97.51,56.21,48.85,36.49
396.48,35.01,21.07,22.59,21.20,97.51,56.21,48.85,36.49
396.49,35.08,21.07,22.63,21.20,97.88,56.21,48.85,36.49
396.50,35.08,21.07,22.63,21.20,97.51,56.21,48.85,36.49
396.51,34.95,21.07,22.59,21.20,97.88,56.21,48.85,36.49
396.52,34.95,21.07,22.63,21.20,97.88,56.21,48.85,36.42
396.53,35.01,21.07,22.63,21.20,97.51,56.21,48.85,36.49
396.54,35.01,21.10,22.63,21.20,97.88,56.21,48.85,36.49
396.55,34.95,21.07,22.63,21.23,97.51,56.35,48.85,36.49
396.56,34.95,21.07,22.59,21.20,97.88,56.21,48.85,36.49
396.57,34.95,21.04,22.59,21.23,97.51,56.21,48.85,36.49
396.58,34.95,21.07,22.63,21.20,97.88,56.21,48.85,36.49
396.59,35.01,21.10,22.63,21.20,97.88,56.21,48.85,36.49
396.60,35.01,21.07,22.63,21.23,97.51,56.21,48.85,36.49
396.61,34.95,21.10,22.59,21.20,97.51,56.21,48.85,36.49
396.62,34.95,21.04,22.59,21.20,97.51,56.21,48.85,36.49
396.63,34.95,21.07,22.63,21.23,97.88,56.21,48.85,36.49
396.64,35.01,21.10,22.63,21.23,97.88,56.21,48.96,36.49
396.65,35.01,21.07,22.63,21.20,97.51,56.21,48.85,36.49
396.66,35.01,21.07,22.59,21.20,97.51,56.21,48.85,36.49
396.67,35.01,21.07,22.63,21.23,97.51,56.21,48.85,36.49
396.68,35.01,21.07,22.63,21.23,97.51,56.21,48.85,36.49
396.69,35.01,21.07,22.63,21.20,97.51,56.07,48.85,36.49
396.70,35.01,21.07,22.63,21.23,97.88,56.07,48.85,36.49
396.71,35.01,21.07,22.63,21.20,97.51,56.35,48.85,36.56
396.72,35.01,21.07,22.59,21.20,97.51,56.21,48.85,36.42
396.73,34.95,21.07,22.63,21.23,97.51,56.21,48.85,36.49
396.74,35.08,21.10,22.63,21.23,97.88,56.35,48.85,36.56
396.75,35.01,21.07,22.63,21.20,97.51,56.35,48.85,36.49
396.76,35.01,21.07,22.63,21.20,97.51,56.21,48.85,36.49
396.77,35.01,21.07,22.63,21.23,97.51,56.21,48.85,36.49
396.78,34.95,21.07,22.63,21.20,97.88,56.35,48.85,36.49
396.79,35.01,21.10,22.63,21.23,97.88,56.21,48.85,36.56
396.80,35.01,21.07,22.63,21.23,97.51,56.21,48.96,36.49
396.81,35.01,21.07,22.63,21.23,97.88,56.21,48.85,36.49
396.82,35.01,21.07,22.63,21.23,97.88,56.21,48.85,36.49
396.83,34.95,21.07,22.63,21.23,97.51,56.21,48.96,36.42
396.84,35.08,21.07,22.63,21.23,97.88,56.21,48.96,36.49
396.85,35.01,21.10,22.63,21.23,97.51,56.35,48.85,36.49
396.86,35.08,21.07,22.63,21.23,97.88,56.21,48.85,36.49
396.87,34.95,21.07,22.59,21.23,97.88,56.21,48.85,36.49
396.88,35.01,21.07,22.63,21.23,97.51,56.21,48.85,36.49
396.89,35.08,21.07,22.63,21.20,97.88,56.21,48.85,36.49
396.90,35.08,21.07,22.63,21.23,97.88,56.21,48.85,36.49
396.91,35.01,21.07,22.63,21.23,97.88,56.21,48.85,36.49
396.92,34.95,21.07,22.63,21.23,97.51,56.21,48.96,36.49
396.93,35.01,21.07,22.63,21.23,97.88,56.21,48.85,36.49
396.94,35.01,21.07,22.63,21.23,97.51,56.35,48.96,36.49
396.95,35.01,21.07,22.63,21.23,97.88,56.21,48.96,36.49
396.96,34.95,21.04,22.63,21.23,97.88,56.21,48.96,36.49
396.97,34.95,21.07,22.63,21.23,97.51,56.21,48.85,36.49
396.98,35.01,21.07,22.63,21.23,97.88,56.21,48.96,36.49
396.99,35.08,21.07,22.63,21.23,97.88,56.35,48.85,36.49
397.00,35.01,21.10,22.63,21.23,97.51,56.35,48.85,36.49
397.01,35.01,21.07,22.63,21.23,97.51,56.21,48.85,36.49
397.02,35.01,21.07,22.63,21.20,97.51,56.21,48.96,36.49
397.03,35.01,21.07,22.63,21.23,97.88,56.21,48.85,36.49
397.04,35.08,21.10,22.63,21.23,97.88,56.21,48.85,36.49
397.05,34.95,21.07,22.63,21.23,97.88,56.21,48.85,36.49
397.06,34.95,21.07,22.63,21.23,97.51,56.21,48.85,36.49
397.07,35.01,21.07,22.63,21.23,97.51,56.21,48.85,36.49
397.08,35.01,21.10,22.63,21.23,97.51,56.21,48.96,36.49
397.09,35.01,21.10,22.66,21.23,97.88,56.21,48.85,36.49
397.10,35.01,21.07,22.63,21.23,97.88,56.21,48.85,36.49
397.11,35.01,21.07,22.63,21.23,97.51,56.21,48.85,36.49
397.12,35.01,21.07,22.63,21.23,97.88,56.35,48.85,36.49
397.13,35.01,21.10,22.63,21.23,97.88,56.21,48.85,36.49
397.14,35.01,21.10,22.66,21.23,97.88,56.21,48.85,36.49
397.15,35.08,21.10,22.63,21.23,97.88,56.35,48.96,36.49
397.16,34.95,21.07,22.63,21.23,97.51,56.35,48.96,36.56
397.17,34.95,21.07,22.63,21.23,97.51,56.21,48.85,36.49
397.18,35.01,21.10,22.63,21.23,97.88,56.21,48.85,36.56
397.19,35.01,21.10,22.66,21.23,97.88,56.35,48.96,36.49
397.20,35.01,21.10,22.63,21.23,97.88,56.21,48.96,36.49
397.21,34.95,21.07,22.63,21.23,97.88,56.21,48.85,36.49
397.22,35.08,21.10,22.66,21.20,97.88,56.21,48.85,36.49
397.23,35.01,21.10,22.66,21.23,97.88,56.21,48.96,36.49
397.24,35.08,21.10,22.66,21.23,97.88,56.35,48.96,36.56
397.25,35.01,21.10,22.63,21.23,97.88,56.35,48.96,36.49
397.26,35.08,21.10,22.63,21.23,97.51,56.35,48.85,36.49
397.27,35.01,21.10,22.63,21.23,97.88,56.35,48.96,36.49
397.28,34.95,21.10,22.66,21.23,97.88,56.21,48.96,36.49
397.29,35.08,21.10,22.66,21.23,97.88,56.35,48.96,36.49
397.30,35.01,21.10,22.66,21.23,97.88,56.35,48.96,36.56
397.31,35.08,21.07,22.66,21.23,97.88,56.35,48.96,36.49
397.32,35.08,21.10,22.63,21.23,97.88,56.21,48.96,36.56
397.33,35.01,21.10,22.66,21.23,97.88,56.35,48.96,36.49
397.34,35.01,21.10,22.66,21.23,97.88,56.35,48.96,36.49
397.35,35.01,21.10,22.63,21.23,97.88,56.35,48.96,36.56
397.36,35.08,21.10,22.63,21.23,97.88,56.21,48.96,36.49
397.37,35.01,21.07,22.63,21.23,97.88,56.35,48.96,36.49
397.38,35.08,21.10,22.66,21.23,97.88,56.35,48.96,36.49
397.39,35.15,21.10,22.66,21.23,97.88,56.21,48.96,36.49
397.40,35.01,21.10,22.66,21.23,97.88,56.35,48.96,36.49
397.41,35.08,21.07,22.63,21.23,97.88,56.21,48.96,36.56
397.42,35.01,21.07,22.63,21.23,97.51,56.35,48.96,36.49
397.43,35.01,21.10,22.66,21.23,97.88,56.35,48.85,36.49
397.44,35.15,21.10,22.66,21.23,97.88,56.35,48.96,36.56
397.45,35.08,21.10,22.66,21.23,97.88,56.21,48.96,36.49
397.46,35.08,21.10,22.63,21.23,97.51,56.21,48.96,36.49
397.47,35.01,21.07,22.66,21.23,97.88,56.35,48.96,36.49
397.48,35.01,21.10,22.66,21.23,97.88,56.35,48.96,36.49
397.49,35.15,21.10,22.66,21.23,97.88,56.21,48.96,36.49
397.50,35.08,21.10,22.66,21.23,97.88,56.35,48.85,36.49
397.51,35.08,21.10,22.63,21.23,97.88,56.35,48.96,36.49
397.52,35.01,21.07,22.66,21.23,97.51,56.21,48.96,36.56
397.53,35.01,21.10,22.66,21.23,97.88,56.21,48.96,36.56
397.54,35.08,21.10,22.66,21.23,97.88,56.35,48.85,36.49
397.55,35.08,21.10,22.66,21.23,97.88,56.35,48.96,36.49
397.56,35.01,21.10,22.66,21.23,97.88,56.35,48.85,36.49
397.57,35.01,21.10,22.63,21.23,97.88,56.35,48.96,36.49
397.58,35.01,21.10,22.66,21.23,97.88,56.21,48.96,36.49
397.59,35.08,21.10,22.66,21.20,97.88,56.35,48.96,36.49
397.60,35.01,21.10,22.66,21.23,97.88,56.35,48.96,36.49
397.61,35.01,21.10,22.63,21.23,97.88,56.21,48.96,36.49
397.62,35.01,21.10,22.66,21.23,97.88,56.21,48.96,36.49
397.63,35.08,21.10,22.63,21.23,97.88,56.35,48.96,36.49
397.64,35.01,21.10,22.66,21.23,97.88,56.35,48.96,36.49
397.65,35.08,21.10,22.66,21.23,97.51,56.35,48.96,36.49
397.66,35.01,21.10,22.63,21.23,97.88,56.21,48.85,36.49
397.67,35.01,21.10,22.66,21.23,97.88,56.35,48.96,36.49
397.68,35.01,21.10,22.66,21.23,97.88,56.35,48.96,36.49
397.69,35.01,21.10,22.66,21.23,98.26,56.35,48.96,36.49
397.70,35.08,21.10,22.66,21.23,97.88,56.35,48.96,36.56
397.71,35.08,21.10,22.63,21.23,97.88,56.21,48.85,36.49
397.72,35.01,21.10,22.63,21.23,97.88,56.35,48.96,36.49
397.73,35.01,21.10,22.66,21.23,97.88,56.35,48.96,36.56
397.74,35.01,21.10,22.66,21.23,97.88,56.35,48.96,36.56
397.75,35.01,21.10,22.66,21.23,97.88,56.35,48.96,36.49
397.76,35.08,21.10,22.66,21.23,97.88,56.35,48.96,36.49
397.77,35.08,21.10,22.66,21.23,97.88,56.21,48.96,36.49
397.78,35.01,21.10,22.66,21.23,97.88,56.35,48.96,36.49
397.79,35.01,21.10,22.66,21.23,97.88,56.21,48.96,36.56
397.80,35.01,21.10,22.66,21.23,97.88,56.35,48.96,36.49
397.81,35.01,21.10,22.63,21.23,97.88,56.35,48.96,36.56
397.82,35.01,21.07,22.66,21.23,97.88,56.21,48.96,36.49
397.83,35.08,21.10,22.66,21.27,97.88,56.35,48.96,36.56
397.84,35.01,21.10,22.66,21.23,97.88,56.35,48.96,36.49
397.85,35.08,21.13,22.66,21.23,97.88,56.35,48.96,36.56
397.86,35.01,21.10,22.63,21.23,97.88,56.35,48.96,36.49
397.87,35.01,21.07,22.66,21.20,97.88,56.21,48.96,36.56
397.88,35.01,21.10,22.66,21.20,97.88,56.35,48.96,36.56
397.89,35.15,21.10,22.66,21.23,97.88,56.35,48.96,36.49
397.90,35.08,21.10,22.66,21.23,97.88,56.35,48.96,36.49
397.91,35.01,21.10,22.66,21.23,97.88,56.35,48.96,36.49
397.92,35.08,21.10,22.66,21.23,97.88,56.21,48.96,36.56
397.93,35.08,21.10,22.66,21.23,97.88,56.35,48.96,36.56
397.94,35.01,21.13,22.66,21.23,97.88,56.21,48.85,36.56
397.95,35.08,21.13,22.66,21.23,97.88,56.50,48.96,36.56
397.96,35.08,21.10,22.63,21.23,97.88,56.21,48.96,36.56
397.97,35.01,21.10,22.66,21.23,97.88,56.35,48.96,36.56
397.98,35.01,21.10,22.66,21.23,97.88,56.35,48.96,36.56
397.99,35.08,21.10,22.66,21.23,97.88,56.35,48.96,36.49
398.00,35.01,21.13,22.66,21.23,97.88,56.35,48.96,36.56
398.01,35.08,21.07,22.66,21.23,97.88,56.21,48.96,36.56
398.02,35.01,21.10,22.66,21.23,97.88,56.35,48.96,36.56
398.03,35.08,21.10,22.63,21.23,97.88,56.35,48.96,36.56
398.04,35.01,21.10,22.66,21.23,97.88,56.35,48.85,36.56
398.05,35.08,21.10,22.66,21.23,97.88,56.35,48.96,36.56
398.06,35.08,21.10,22.63,21.23,97.88,56.35,48.96,36.56
398.07,35.01,21.10,22.66,21.23,97.88,56.35,48.96,36.49
398.08,35.08,21.10,22.66,21.23,97.88,56.35,48.96,36.56
398.09,35.15,21.10,22.66,21.23,97.88,56.35,48.85,36.56
398.10,35.01,21.07,22.66,21.23,97.88,56.35,48.96,36.49
398.11,35.01,21.10,22.63,21.23,97.88,56.21,48.96,36.56
398.12,35.01,21.10,22.66,21.23,97.88,56.35,48.96,36.56
398.13,35.01,21.10,22.66,21.23,97.88,56.21,48.96,36.56
398.14,35.08,21.10,22.66,21.23,97.88,56.35,48.96,36.56
398.15,35.01,21.10,22.66,21.23,97.88,56.35,48.96,36.49
398.16,35.08,21.07,22.66,21.23,97.88,56.21,48.96,36.49
398.17,35.01,21.10,22.63,21.23,97.51,56.35,48.85,36.49
398.18,35.08,21.10,22.66,21.23,98.26,56.35,48.96,36.56
398.19,35.01,21.10,22.66,21.23,97.51,56.35,48.96,36.56
398.20,35.01,21.10,22.63,21.23,98.26,56.35,48.96,36.49
398.21,35.01,21.10,22.63,21.23,97.88,56.35,48.74,36.56
398.22,35.01,21.10,22.66,21.23,97.88,56.21,48.96,36.49
398.23,35.08,21.10,22.66,21.23,97.88,56.35,48.85,36.56
398.24,35.08,21.13,22.66,21.20,97.88,56.35,48.96,36.56
398.25,35.08,21.10,22.63,21.23,97.51,56.35,48.96,36.56
398.26,35.08,21.10,22.63,21.23,97.88,56.35,48.96,36.49
398.27,34.95,21.10,22.66,21.23,97.88,56.35,48.96,36.56
398.28,35.08,21.10,22.66,21.23,97.88,56.35,48.96,36.49
398.29,35.15,21.13,22.66,21.23,97.88,56.35,48.96,36.49
398.30,35.08,21.10,22.66,21.23,97.88,56.35,49.07,36.56
398.31,35.01,21.07,22.63,21.23,97.88,56.35,48.96,36.49
398.32,35.01,21.10,22.66,21.23,97.88,56.21,48.96,36.56
398.33,35.08,21.10,22.66,21.23,97.51,56.35,48.96,36.56
398.34,35.08,21.10,22.66,21.23,97.88,56.35,48.96,36.56
398.35,35.08,21.10,22.66,21.23,97.88,56.21,48.96,36.56
398.36,35.01,21.10,22.66,21.23,97.88,56.21,48.96,36.56
398.37,35.01,21.10,22.66,21.23,97.88,56.35,48.85,36.49
398.38,35.01,21.10,22.66,21.23,97.88,56.35,48.96,36.56
398.39,35.08,21.10,22.66,21.23,97.88,56.35,48.96,36.56
398.40,35.01,21.10,22.66,21.23,97.88,56.35,48.96,36.49
398.41,35.01,21.07,22.66,21.23,97.88,56.21,48.96,36.56
398.42,35.01,21.10,22.63,21.23,97.88,56.21,48.96,36.56
398.43,35.01,21.10,22.66,21.23,97.88,56.35,48.96,36.56
398.44,35.08,21.10,22.66,21.23,97.88,56.35,48.96,36.56
398.45,35.08,21.10,22.66,21.23,97.88,56.21,48.96,36.56
398.46,35.08,21.10,22.66,21.23,97.51,56.21,48.96,36.56
398.47,35.08,21.10,22.63,21.23,97.88,56.21,48.85,36.56
398.48,35.08,21.10,22.66,21.23,97.51,56.35,48.96,36.56
398.49,35.08,21.10,22.66,21.23,97.88,56.35,48.96,36.56
398.50,35.01,21.10,22.66,21.23,97.88,56.35,48.96,36.56
398.51,35.01,21.07,22.66,21.23,97.88,56.21,48.96,36.56
398.52,35.08,21.10,22.66,21.23,97.88,56.35,48.96,36.49
398.53,35.08,21.13,22.66,21.23,97.88,56.35,48.96,36.56
398.54,35.15,21.13,22.66,21.23,97.88,56.35,48.96,36.56
398.55,35.01,21.13,22.66,21.23,97.88,56.35,48.96,36.56
398.56,35.08,21.07,22.66,21.23,97.88,56.35,48.96,36.56
398.57,35.01,21.07,22.66,21.23,97.88,56.21,48.96,36.49
398.58,35.01,21.10,22.66,21.23,97.88,56.35,48.96,36.56
398.59,35.15,21.10,22.66,21.23,97.88,56.35,48.96,36.49
398.60,35.01,21.10,22.66,21.23,97.88,56.35,48.96,36.56
398.61,35.08,21.10,22.66,21.23,97.88,56.21,48.96,36.49
398.62,35.01,21.10,22.66,21.23,97.88,56.21,48.96,36.56
398.63,35.08,21.10,22.66,21.23,97.88,56.35,48.96,36.56
398.64,35.15,21.10,22.66,21.23,97.88,56.35,48.96,36.56
398.65,35.01,21.13,22.66,21.23,97.88,56.35,48.96,36.56
398.66,35.01,21.10,22.66,21.23,97.51,56.21,48.96,36.56
398.67,35.08,21.10,22.66,21.23,97.88,56.21,48.96,36.49
398.68,35.01,21.10,22.66,21.23,97.88,56.21,48.96,36.56
398.69,35.08,21.10,22.66,21.23,97.88,56.35,48.96,36.56
398.70,35.01,21.10,22.66,21.23,97.88,56.35,48.96,36.56
398.71,35.01,21.10,22.66,21.23,97.88,56.21,48.96,36.56
398.72,35.01,21.10,22.66,21.23,97.88,56.35,48.96,36.49
398.73,35.08,21.07,22.66,21.23,97.88,56.21,48.96,36.56
398.74,35.01,21.13,22.66,21.23,97.88,56.35,48.96,36.56
398.75,34.95,21.10,22.66,21.23,97.88,56.35,48.96,36.49
398.76,35.01,21.10,22.66,21.23,97.88,56.35,48.96,36.56
398.77,35.01,21.10,22.66,21.23,97.88,56.21,48.96,36.56
398.78,35.08,21.10,22.66,21.23,97.88,56.35,48.96,36.56
398.79,35.01,21.10,22.66,21.23,97.88,56.35,48.96,36.49
398.80,35.08,21.10,22.66,21.23,97.88,56.21,48.96,36.56
398.81,34.95,21.10,22.66,21.20,97.88,56.35,48.96,36.56
398.82,35.01,21.10,22.66,21.23,97.88,56.21,48.96,36.56
398.83,35.01,21.10,22.66,21.23,98.26,56.35,48.96,36.56
398.84,35.08,21.13,22.66,21.23,97.88,56.35,48.96,36.56
398.85,35.01,21.10,22.66,21.23,97.88,56.35,48.96,36.56
398.86,35.08,21.10,22.66,21.23,97.51,56.35,48.96,36.56
398.87,35.01,21.10,22.66,21.23,97.88,56.35,48.96,36.56
398.88,35.08,21.13,22.66,21.23,98.26,56.35,48.96,36.56
398.89,35.01,21.13,22.66,21.23,97.88,56.35,48.96,36.56
398.90,35.08,21.10,22.66,21.23,97.88,56.35,48.96,36.56
398.91,35.01,21.10,22.66,21.23,97.88,56.35,48.96,36.56
398.92,35.08,21.10,22.66,21.23,97.88,56.35,48.96,36.56
398.93,35.01,21.10,22.66,21.23,97.88,56.35,48.96,36.49
398.94,35.01,21.13,22.66,21.23,97.88,56.35,48.96,36.56
398.95,35.01,21.10,22.66,21.23,97.88,56.21,48.96,36.49
398.96,35.01,21.10,22.66,21.23,97.88,56.35,48.96,36.56
398.97,35.01,21.10,22.66,21.23,98.26,56.35,48.96,36.56
398.98,35.01,21.13,22.66,21.23,97.88,56.35,48.96,36.56
398.99,35.08,21.13,22.66,21.23,97.88,56.35,48.96,36.56
399.00,35.01,21.10,22.66,21.23,97.88,56.35,48.96,36.56
399.01,35.01,21.10,22.66,21.23,97.88,56.35,48.96,36.56
399.02,35.08,21.10,22.66,21.23,97.88,56.35,48.96,36.56
399.03,35.08,21.10,22.66,21.23,97.88,56.35,48.96,36.56
399.04,35.15,21.13,22.66,21.23,97.88,56.50,48.96,36.49
399.05,35.08,21.13,22.66,21.23,97.88,56.50,48.96,36.56
399.06,35.01,21.10,22.66,21.23,97.88,56.35,48.96,36.56
399.07,35.01,21.10,22.66,21.23,97.88,56.35,48.96,36.56
399.08,35.08,21.10,22.66,21.23,97.88,56.35,48.96,36.56
399.09,35.01,21.13,22.70,21.23,97.88,56.35,49.07,36.56
399.10,35.01,21.10,22.66,21.27,97.88,56.35,49.07,36.56
399.11,35.08,21.13,22.66,21.20,97.88,56.35,48.96,36.56
399.12,35.08,21.10,22.66,21.23,97.88,56.21,48.96,36.56
399.13,35.15,21.13,22.66,21.23,97.88,56.21,48.96,36.56
399.14,35.15,21.13,22.66,21.23,97.88,56.50,48.96,36.56
399.15,35.08,21.13,22.66,21.23,97.88,56.35,48.96,36.56
399.16,35.08,21.10,22.66,21.23,97.88,56.35,48.96,36.56
399.17,35.08,21.10,22.66,21.23,97.88,56.21,48.96,36.56
399.18,35.01,21.10,22.66,21.23,97.88,56.35,48.96,36.56
399.19,35.01,21.10,22.66,21.23,97.88,56.35,48.96,36.56
399.20,35.01,21.10,22.66,21.23,97.88,56.35,48.96,36.56
399.21,35.01,21.10,22.66,21.23,97.88,56.21,48.96,36.49
399.22,35.15,21.10,22.66,21.23,97.88,56.21,48.96,36.63
399.23,35.01,21.10,22.66,21.23,97.88,56.35,48.96,36.49
399.24,35.08,21.13,22.66,21.23,97.88,56.35,48.96,36.63
399.25,35.08,21.13,22.66,21.23,97.88,56.35,48.96,36.56
399.26,35.01,21.10,22.66,21.27,97.88,56.35,48.96,36.56
399.27,35.01,21.10,22.66,21.23,97.88,56.35,48.96,36.56
399.28,35.15,21.10,22.66,21.23,97.88,56.35,48.96,36.56
399.29,35.01,21.10,22.70,21.23,97.88,56.35,48.96,36.56
399.30,35.08,21.13,22.66,21.23,97.88,56.35,48.96,36.56
399.31,35.08,21.10,22.66,21.23,97.88,56.21,48.96,36.56
399.32,35.08,21.13,22.66,21.23,97.88,56.35,48.96,36.56
399.33,35.01,21.10,22.66,21.23,97.88,56.21,49.07,36.56
399.34,35.01,21.13,22.66,21.23,97.88,56.35,48.96,36.56
399.35,35.08,21.10,22.66,21.23,97.88,56.35,48.96,36.56
399.36,34.95,21.10,22.66,21.23,97.88,56.21,48.96,36.56
399.37,35.01,21.10,22.66,21.23,97.88,56.35,48.96,36.56
399.38,35.08,21.13,22.63,21.23,97.88,56.35,48.96,36.56
399.39,35.08,21.10,22.70,21.23,97.88,56.35,48.96,36.56
399.40,35.01,21.10,22.66,21.23,97.88,56.35,48.96,36.56
399.41,35.08,21.10,22.66,21.23,97.88,56.35,48.96,36.56
399.42,35.01,21.10,22.66,21.23,97.88,56.35,49.07,36.56
399.43,35.01,21.10,22.66,21.23,97.51,56.35,48.96,36.56
399.44,35.08,21.13,22.70,21.23,97.88,56.35,48.96,36.56
399.45,35.08,21.10,22.66,21.23,97.51,56.50,48.96,36.56
399.46,35.08,21.10,22.66,21.23,97.51,56.35,49.07,36.56
399.47,35.01,21.10,22.66,21.23,97.88,56.35,48.96,36.56
399.48,35.01,21.13,22.66,21.23,97.88,56.35,48.85,36.56
399.49,35.08,21.13,22.66,21.23,97.88,56.35,48.96,36.56
399.50,35.08,21.10,22.66,21.23,97.88,56.35,48.96,36.56
399.51,35.08,21.10,22.66,21.23,97.88,56.35,48.85,36.56
399.52,35.08,21.13,22.66,21.23,97.51,56.35,48.96,36.56
399.53,35.01,21.10,22.66,21.23,97.88,56.21,48.96,36.56
399.54,35.08,21.13,22.66,21.23,97.88,56.35,49.07,36.63
399.55,35.01,21.07,22.66,21.23,97.88,56.35,48.96,36.49
399.56,35.01,21.10,22.66,21.23,97.88,56.35,48.96,36.56
399.57,35.01,21.10,22.66,21.23,97.88,56.35,48.96,36.56
399.58,35.08,21.13,22.66,21.23,97.88,56.35,48.96,36.56
399.59,35.08,21.13,22.66,21.23,97.88,56.35,48.96,36.56
399.60,35.01,21.13,22.66,21.23,97.88,56.35,49.07,36.56
399.61,35.08,21.10,22.66,21.23,97.88,56.35,48.96,36.56
399.62,35.01,21.10,22.66,21.23,97.88,56.35,48.96,36.56
399.63,35.01,21.10,22.66,21.23,97.88,56.35,49.07,36.49
399.64,35.01,21.10,22.66,21.23,97.88,56.35,48.96,36.56
399.65,35.01,21.10,22.66,21.23,97.88,56.35,48.96,36.56
399.66,35.01,21.10,22.66,21.23,97.88,56.35,48.96,36.56
399.67,35.01,21.10,22.66,21.23,97.88,56.21,48.96,36.56
399.68,35.08,21.10,22.66,21.23,97.88,56.35,48.96,36.56
399.69,35.01,21.13,22.66,21.23,97.88,56.35,48.96,36.56
399.70,35.01,21.10,22.66,21.23,97.88,56.35,48.96,36.56
399.71,35.01,21.10,22.66,21.23,97.88,56.35,48.96,36.56
399.72,35.01,21.10,22.66,21.23,97.88,56.35,48.96,36.56
399.73,35.08,21.10,22.66,21.23,97.88,56.35,48.96,36.56
399.74,35.08,21.10,22.66,21.23,97.88,56.35,48.96,36.56
399.75,35.08,21.10,22.66,21.23,97.88,56.35,48.96,36.56
399.76,35.01,21.10,22.66,21.23,97.88,56.35,48.96,36.63
399.77,35.01,21.10,22.66,21.23,97.88,56.35,48.96,36.56
399.78,35.08,21.10,22.66,21.23,97.88,56.35,48.96,36.56
399.79,35.01,21.13,22.66,21.23,97.88,56.35,48.96,36.56
399.80,35.01,21.10,22.66,21.23,98.26,56.21,48.96,36.56
399.81,35.01,21.07,22.66,21.23,97.88,56.35,48.96,36.56
399.82,35.01,21.10,22.66,21.23,97.88,56.35,48.96,36.56
399.83,35.01,21.10,22.70,21.23,97.88,56.35,49.07,36.56
399.84,35.08,21.10,22.66,21.23,97.88,56.35,49.07,36.63
399.85,35.01,21.10,22.66,21.23,97.88,56.35,48.96,36.56
399.86,35.01,21.10,22.66,21.23,97.88,56.35,48.96,36.56
399.87,35.01,21.10,22.66,21.23,97.88,56.35,49.07,36.56
399.88,35.01,21.10,22.66,21.23,97.88,56.50,48.96,36.63
399.89,35.01,21.10,22.66,21.23,97.88,56.35,48.96,36.56
399.90,35.01,21.10,22.66,21.23,97.88,56.35,48.96,36.56
399.91,35.01,21.10,22.66,21.23,97.88,56.35,48.96,36.56
399.92,35.08,21.10,22.66,21.23,97.88,56.35,48.96,36.56
399.93,35.01,21.10,22.66,21.23,98.26,56.35,48.96,36.63
399.94,35.01,21.13,22.66,21.23,97.88,56.35,48.96,36.56
399.95,35.01,21.10,22.66,21.23,97.88,56.35,48.96,36.56
399.96,35.01,21.10,22.66,21.23,97.88,56.35,48.96,36.56
399.97,35.01,21.10,22.66,21.23,97.88,56.35,48.96,36.56
399.98,35.08,21.10,22.66,21.23,97.88,56.64,48.96,36.56
399.99,35.01,21.13,22.66,21.23,97.88,56.35,48.96,36.56
400.00,35.08,21.10,22.66,21.23,97.88,56.35,48.96,36.56
400.01,35.01,21.10,22.66,21.23,97.88,56.21,48.85,36.56
400.02,35.01,21.07,22.66,21.23,97.88,56.35,48.96,36.56
400.03,35.01,21.10,22.66,21.23,97.88,56.35,48.96,36.56
400.04,35.15,21.13,22.66,21.23,97.88,56.35,48.96,36.56
400.05,35.08,21.10,22.66,21.23,97.88,56.35,48.96,36.56
400.06,35.01,21.10,22.66,21.20,97.88,56.35,48.96,36.56
400.07,35.01,21.10,22.66,21.23,97.88,56.35,48.96,36.56
400.08,35.08,21.10,22.66,21.23,97.88,56.35,48.96,36.56
400.09,35.01,21.10,22.66,21.23,97.88,56.35,49.07,36.56
400.10,35.01,21.13,22.66,21.23,97.88,56.35,48.96,36.56
400.11,35.01,21.10,22.66,21.23,97.88,56.35,48.96,36.56
400.12,35.01,21.10,22.66,21.23,97.88,56.35,48.96,36.56
400.13,35.01,21.10,22.66,21.23,97.88,56.35,49.07,36.56
400.14,35.08,21.10,22.66,21.23,97.88,56.35,49.07,36.56
400.15,35.08,21.10,22.66,21.23,97.88,56.35,48.96,36.63
400.16,35.08,21.10,22.66,21.23,97.88,56.21,48.96,36.56
400.17,35.01,21.10,22.66,21.23,97.88,56.35,48.96,36.56
400.18,35.08,21.10,22.66,21.23,97.88,56.35,48.96,36.56
400.19,35.01,21.13,22.66,21.23,97.88,56.35,48.96,36.56
400.20,35.01,21.13,22.66,21.23,97.88,56.35,48.96,36.56
400.21,35.01,21.10,22.66,21.23,97.88,56.35,48.96,36.56
400.22,35.01,21.10,22.66,21.27,97.88,56.35,48.96,36.56
400.23,35.08,21.10,22.66,21.23,97.88,56.35,48.96,36.63
400.24,35.01,21.10,22.66,21.23,97.88,56.35,48.96,36.56
400.25,35.01,21.10,22.66,21.23,97.88,56.35,48.96,36.56
400.26,34.95,21.10,22.66,21.23,97.88,56.35,48.96,36.56
400.27,35.01,21.10,22.66,21.23,97.88,56.35,48.96,36.56
400.28,35.08,21.10,22.66,21.23,97.88,56.35,49.07,36.63
400.29,35.01,21.13,22.66,21.23,97.88,56.35,48.96,36.56
400.30,35.01,21.10,22.66,21.23,97.88,56.21,48.96,36.56
400.31,35.01,21.10,22.66,21.23,97.88,56.21,48.96,36.56
400.32,35.01,21.13,22.66,21.23,97.88,56.35,48.96,36.63
400.33,35.01,21.10,22.66,21.23,97.88,56.35,48.96,36.63
400.34,35.01,21.13,22.66,21.23,97.88,56.35,49.07,36.56
400.35,35.08,21.10,22.66,21.23,97.88,56.21,48.96,36.56
400.36,35.01,21.10,22.66,21.23,97.88,56.21,48.96,36.56
400.37,35.08,21.10,22.66,21.23,97.88,56.35,48.96,36.63
400.38,35.01,21.10,22.66,21.23,97.88,56.35,48.96,36.56
400.39,35.01,21.10,22.66,21.23,97.88,56.35,48.96,36.56
400.40,35.08,21.10,22.66,21.23,97.88,56.35,48.96,36.56
400.41,35.01,21.10,22.66,21.23,97.88,56.35,48.96,36.63
400.42,35.01,21.10,22.66,21.23,97.88,56.35,48.96,36.63
400.43,35.08,21.10,22.66,21.23,97.88,56.35,48.96,36.56
400.44,35.08,21.10,22.66,21.23,97.88,56.35,48.96,36.63
400.45,35.01,21.10,22.66,21.23,97.88,56.07,48.96,36.49
400.46,35.01,21.10,22.66,21.23,97.51,56.64,48.96,36.56
400.47,34.95,21.10,22.66,21.23,97.88,56.35,48.96,36.56
400.48,35.01,21.10,22.66,21.23,97.88,56.35,48.96,36.49
400.49,35.08,21.10,22.70,21.23,97.88,56.35,49.07,36.63
400.50,35.08,21.10,22.66,21.23,97.88,56.35,48.96,36.56
400.51,35.01,21.10,22.66,21.23,97.88,56.35,48.96,36.56
400.52,34.95,21.10,22.66,21.23,97.88,56.35,48.96,36.63
400.53,35.01,21.13,22.66,21.23,97.88,56.21,48.74,36.56
400.54,35.01,21.10,22.66,21.23,97.88,56.35,48.96,36.56
400.55,34.95,21.10,22.66,21.23,97.88,56.21,48.96,36.56
400.56,34.95,21.10,22.66,21.23,97.88,56.35,48.85,36.63
400.57,35.01,21.07,22.63,21.23,97.88,56.35,48.96,36.56
400.58,35.01,21.10,22.66,21.23,97.88,56.35,48.96,36.56
400.59,35.08,21.10,22.66,21.23,97.88,56.35,48.96,36.56
400.60,35.01,21.10,22.63,21.23,97.88,56.35,48.96,36.63
400.61,35.01,21.07,22.66,21.23,97.88,56.21,48.96,36.56
400.62,34.95,21.07,22.63,21.23,97.88,56.07,48.96,36.56
400.63,35.01,21.10,22.66,21.23,97.88,56.35,48.96,36.56
400.64,35.01,21.10,22.66,21.23,97.88,56.35,49.07,36.63
400.65,35.01,21.10,22.66,21.23,97.51,56.35,48.96,36.56
400.66,35.01,21.10,22.63,21.23,97.88,56.35,48.96,36.56
400.67,35.01,21.07,22.66,21.23,97.51,56.35,48.96,36.56
400.68,35.01,21.10,22.66,21.23,97.88,56.35,48.96,36.56
400.69,35.01,21.10,22.66,21.23,98.26,56.35,48.96,36.63
400.70,35.01,21.10,22.66,21.23,97.51,56.35,48.96,36.63
400.71,34.95,21.07,22.66,21.23,98.26,56.21,49.07,36.56
400.72,35.01,21.10,22.66,21.23,97.88,56.35,48.85,36.63
400.73,35.01,21.10,22.66,21.23,97.88,56.35,48.85,36.63
400.74,35.01,21.10,22.66,21.23,97.88,56.35,49.07,36.56
400.75,35.01,21.10,22.66,21.27,97.88,56.35,48.96,36.63
400.76,34.95,21.07,22.63,21.23,97.88,56.35,48.96,36.56
400.77,35.01,21.10,22.66,21.23,97.88,56.35,48.96,36.56
400.78,35.08,21.13,22.66,21.23,97.88,56.21,48.96,36.56
400.79,35.08,21.10,22.66,21.23,97.88,56.21,48.96,36.56
400.80,35.01,21.10,22.66,21.23,97.88,56.35,48.96,36.63
400.81,35.01,21.07,22.66,21.23,97.88,56.07,48.96,36.63
400.82,35.08,21.10,22.66,21.23,97.88,56.35,48.96,36.56
400.83,35.01,21.10,22.66,21.27,97.88,56.35,49.07,36.56
400.84,35.01,21.13,22.66,21.23,97.88,56.35,48.96,36.56
400.85,35.08,21.10,22.66,21.23,97.88,56.35,48.96,36.63
400.86,35.01,21.10,22.66,21.23,97.88,56.35,48.96,36.56
400.87,35.01,21.10,22.66,21.23,97.88,56.35,48.96,36.63
400.88,35.01,21.10,22.66,21.23,97.88,56.35,48.96,36.63
400.89,35.01,21.10,22.70,21.23,97.88,56.35,48.96,36.56
400.90,35.01,21.10,22.66,21.23,97.88,56.21,49.07,36.63
400.91,34.95,21.10,22.66,21.23,97.51,56.21,48.96,36.56
400.92,35.01,21.07,22.66,21.23,97.88,56.35,48.96,36.63
400.93,35.01,21.13,22.66,21.23,97.88,56.35,49.07,36.63
400.94,35.01,21.10,22.66,21.23,97.88,56.35,48.96,36.63
400.95,35.01,21.10,22.66,21.23,97.88,56.35,48.96,36.63
400.96,34.95,21.10,22.66,21.23,97.51,56.35,48.96,36.56
400.97,35.01,21.10,22.66,21.27,97.88,56.35,48.96,36.56
400.98,35.01,21.10,22.66,21.23,97.88,56.35,48.96,36.63
400.99,35.01,21.10,22.66,21.23,97.88,56.35,48.96,36.56
401.00,35.01,21.10,22.66,21.27,97.88,56.35,48.96,36.63
401.01,35.01,21.10,22.66,21.23,97.88,56.35,48.96,36.63
401.02,35.08,21.10,22.66,21.23,97.88,56.35,48.96,36.63
401.03,35.01,21.13,22.66,21.23,97.88,56.35,48.96,36.63
401.04,35.01,21.10,22.66,21.23,97.88,56.35,49.07,36.63
401.05,35.08,21.10,22.66,21.23,97.88,56.35,49.07,36.56
401.06,34.95,21.10,22.66,21.23,97.88,56.21,48.96,36.63
401.07,35.01,21.10,22.66,21.23,97.88,56.35,48.96,36.63
401.08,35.01,21.13,22.66,21.23,97.88,56.35,48.96,36.63
401.09,35.01,21.10,22.66,21.23,97.88,56.35,48.96,36.56
401.10,35.01,21.10,22.66,21.23,97.88,56.35,49.07,36.63
401.11,35.01,21.10,22.66,21.23,97.88,56.35,48.96,36.63
401.12,35.01,21.10,22.66,21.23,97.88,56.35,48.96,36.63
401.13,34.95,21.10,22.66,21.23,97.88,56.35,48.96,36.63
401.14,35.01,21.13,22.66,21.23,97.88,56.35,49.07,36.56
401.15,35.01,21.10,22.66,21.27,97.88,56.35,48.96,36.63
401.16,35.01,21.10,22.66,21.23,97.88,56.35,48.96,36.56
401.17,35.01,21.07,22.66,21.23,97.88,56.35,48.96,36.63
401.18,35.01,21.13,22.66,21.23,97.88,56.35,49.07,36.63
401.19,35.01,21.10,22.66,21.23,98.26,56.35,48.96,36.63
401.20,35.01,21.10,22.66,21.23,97.88,56.35,48.96,36.56
401.21,34.95,21.10,22.66,21.23,97.88,56.21,48.96,36.63
401.22,34.95,21.10,22.66,21.23,97.88,56.35,48.96,36.63
401.23,35.01,21.13,22.66,21.23,97.88,56.35,49.07,36.56
401.24,35.08,21.10,22.66,21.23,97.88,56.35,48.96,36.56
401.25,35.01,21.10,22.66,21.23,97.88,56.21,48.96,36.63
401.26,34.95,21.10,22.66,21.23,97.88,56.21,48.96,36.56
401.27,35.01,21.10,22.66,21.23,97.88,56.35,49.18,36.63
401.28,35.01,21.13,22.66,21.23,97.88,56.35,49.07,36.63
401.29,35.01,21.13,22.66,21.23,97.88,56.35,49.07,36.63
401.30,35.08,21.10,22.66,21.27,97.88,56.35,48.96,36.63
401.31,34.95,21.10,22.66,21.23,97.88,56.35,48.96,36.63
401.32,35.01,21.10,22.66,21.23,97.88,56.35,48.96,36.63
401.33,34.95,21.10,22.66,21.23,97.88,56.35,48.96,36.56
401.34,35.08,21.10,22.66,21.23,97.88,56.35,48.96,36.56
401.35,35.01,21.10,22.66,21.23,97.88,56.35,48.96,36.63
401.36,35.01,21.10,22.66,21.23,97.88,56.35,48.96,36.56
401.37,34.95,21.10,22.66,21.23,97.88,56.35,48.96,36.63
401.38,35.01,21.13,22.66,21.23,97.88,56.35,49.07,36.63
401.39,35.01,21.10,22.66,21.23,97.88,56.35,48.96,36.63
401.40,35.01,21.13,22.66,21.23,97.88,56.35,48.96,36.63
401.41,35.01,21.10,22.66,21.23,97.88,56.35,48.96,36.63
401.42,35.01,21.10,22.66,21.23,97.88,56.35,48.96,36.63
401.43,35.08,21.10,22.66,21.23,97.88,56.35,48.96,36.56
401.44,35.08,21.13,22.66,21.23,97.88,56.35,48.96,36.63
401.45,35.08,21.10,22.66,21.23,97.88,56.35,49.07,36.70
401.46,35.08,21.10,22.66,21.23,97.88,56.35,48.96,36.63
401.47,35.01,21.10,22.66,21.23,97.88,56.50,48.96,36.63
401.48,35.01,21.10,22.66,21.23,97.88,56.35,48.96,36.63
401.49,35.01,21.10,22.66,21.23,97.88,56.35,48.96,36.63
401.50,35.08,21.10,22.70,21.23,97.88,56.35,48.96,36.63
401.51,35.01,21.10,22.66,21.27,97.88,56.35,48.96,36.63
401.52,35.01,21.10,22.66,21.23,97.88,56.35,48.96,36.63
401.53,35.08,21.10,22.66,21.23,97.88,56.35,48.96,36.63
401.54,35.01,21.13,22.66,21.27,97.88,56.35,49.07,36.56
401.55,35.01,21.10,22.66,21.23,97.88,56.35,48.96,36.63
401.56,35.01,21.10,22.66,21.27,97.88,56.35,48.96,36.63
401.57,35.01,21.07,22.66,21.23,97.88,56.35,48.96,36.63
401.58,35.01,21.10,22.66,21.23,97.88,56.35,48.96,36.63
401.59,35.01,21.13,22.70,21.23,98.26,56.35,49.07,36.63
401.60,35.01,21.10,22.66,21.23,97.88,56.21,49.07,36.63
401.61,35.08,21.13,22.66,21.27,97.88,56.35,49.07,36.63
401.62,35.01,21.07,22.66,21.23,97.88,56.35,49.07,36.63
401.63,35.01,21.13,22.66,21.23,97.88,56.35,48.96,36.63
401.64,35.01,21.13,22.70,21.23,97.88,56.50,49.07,36.63
401.65,35.08,21.10,22.66,21.23,97.88,56.35,49.07,36.63
401.66,35.08,21.10,22.66,21.23,97.88,56.35,48.96,36.63
401.67,35.01,21.10,22.66,21.23,97.88,56.21,48.96,36.63
401.68,35.01,21.13,22.66,21.23,97.88,56.35,48.96,36.63
401.69,35.08,21.13,22.70,21.23,97.88,56.35,48.96,36.63
401.70,35.01,21.13,22.66,21.23,97.88,56.35,48.96,36.56
401.71,35.08,21.10,22.66,21.23,97.88,56.35,48.96,36.63
401.72,35.01,21.10,22.66,21.23,97.88,56.21,49.07,36.56
401.73,35.08,21.10,22.66,21.27,97.51,56.35,49.07,36.70
401.74,35.01,21.13,22.70,21.23,97.88,56.50,48.96,36.63
401.75,35.08,21.10,22.70,21.23,97.88,56.35,49.07,36.63
401.76,35.01,21.10,22.66,21.27,97.88,56.35,48.96,36.63
401.77,35.01,21.10,22.66,21.27,97.88,56.35,48.96,36.63
401.78,35.01,21.13,22.66,21.23,98.26,56.35,49.07,36.63
401.79,35.08,21.13,22.70,21.23,97.88,56.35,49.07,36.63
401.80,35.01,21.13,22.66,21.27,97.88,56.35,49.07,36.63
401.81,35.08,21.13,22.66,21.23,97.88,56.35,49.07,36.63
401.82,35.08,21.07,22.66,21.27,97.88,56.35,48.96,36.70
401.83,35.01,21.13,22.70,21.23,97.88,56.35,49.07,36.63
401.84,35.15,21.13,22.66,21.23,97.88,56.35,49.07,36.63
401.85,34.95,21.13,22.66,21.23,97.88,56.35,49.07,36.63
401.86,35.01,21.10,22.66,21.23,97.88,56.35,48.96,36.63
401.87,35.01,21.10,22.66,21.27,97.88,56.35,49.07,36.63
401.88,35.01,21.13,22.73,21.23,97.88,56.35,49.07,36.63
401.89,35.01,21.13,22.70,21.23,98.26,56.21,49.07,36.56
401.90,35.08,21.13,22.66,21.23,97.88,56.35,48.96,36.63
401.91,35.01,21.13,22.66,21.23,97.88,56.35,48.96,36.63
401.92,35.08,21.10,22.66,21.23,97.88,56.35,49.07,36.63
401.93,35.01,21.13,22.66,21.27,98.26,56.35,48.74,36.63
401.94,35.01,21.13,22.70,21.27,97.88,56.35,49.07,36.63
401.95,35.01,21.13,22.70,21.27,98.26,56.35,49.07,36.63
401.96,35.01,21.10,22.66,21.23,98.26,56.35,49.07,36.63
401.97,35.01,21.10,22.66,21.27,97.88,56.35,48.85,36.63
401.98,35.08,21.13,22.70,21.23,97.88,56.35,49.18,36.63
401.99,35.08,21.13,22.70,21.27,98.26,56.35,49.07,36.63
402.00,35.01,21.10,22.66,21.27,97.88,56.35,49.07,36.63
402.01,35.01,21.10,22.66,21.23,97.88,56.35,48.96,36.63
402.02,35.01,21.10,22.66,21.23,97.88,56.35,48.96,36.63
402.03,35.01,21.13,22.70,21.27,97.88,56.35,49.07,36.63
402.04,35.08,21.13,22.70,21.23,97.88,56.35,49.07,36.63
402.05,35.08,21.10,22.70,21.27,97.88,56.35,48.96,36.70
402.06,35.08,21.10,22.66,21.23,97.88,56.35,48.96,36.63
402.07,35.01,21.10,22.66,21.23,97.88,56.21,49.07,36.63
402.08,35.08,21.13,22.70,21.23,97.88,56.35,49.07,36.63
402.09,35.01,21.13,22.70,21.23,97.88,56.50,49.07,36.63
402.10,35.01,21.10,22.66,21.23,97.88,56.35,49.07,36.63
402.11,35.01,21.10,22.66,21.23,97.88,56.35,49.07,36.63
402.12,35.08,21.10,22.66,21.27,97.88,56.35,48.96,36.63
402.13,35.08,21.13,22.70,21.27,97.88,56.35,49.07,36.63
402.14,35.01,21.13,22.70,21.27,97.88,56.35,49.07,36.63
402.15,35.08,21.13,22.66,21.23,97.88,56.35,49.07,36.63
402.16,35.01,21.10,22.66,21.23,97.88,56.35,48.96,36.63
402.17,35.08,21.10,22.66,21.23,97.88,56.35,49.07,36.63
402.18,35.08,21.13,22.66,21.23,97.88,56.35,49.07,36.63
402.19,35.08,21.13,22.70,21.23,97.88,56.35,49.07,36.63
402.20,35.01,21.13,22.66,21.27,97.51,56.35,48.96,36.63
402.21,35.01,21.10,22.70,21.27,97.88,56.35,49.07,36.63
402.22,35.08,21.10,22.66,21.23,97.88,56.21,48.96,36.63
402.23,35.15,21.13,22.66,21.27,97.88,56.35,49.07,36.63
402.24,35.08,21.13,22.70,21.27,97.88,56.35,48.96,36.63
402.25,35.08,21.13,22.66,21.23,97.88,56.35,49.07,36.63
402.26,35.08,21.10,22.66,21.23,97.88,56.35,48.96,36.63
402.27,35.01,21.10,22.66,21.23,97.88,56.35,49.07,36.63
402.28,35.08,21.13,22.66,21.27,98.26,56.35,49.07,36.63
402.29,35.01,21.13,22.70,21.27,97.88,56.35,48.96,36.63
402.30,35.01,21.10,22.66,21.27,97.51,56.35,49.07,36.63
402.31,35.08,21.10,22.66,21.23,97.88,56.35,48.96,36.63
402.32,35.08,21.10,22.66,21.27,97.88,56.35,48.96,36.63
402.33,35.01,21.13,22.70,21.23,97.88,56.35,49.07,36.63
402.34,35.01,21.13,22.66,21.23,97.88,56.35,49.07,36.63
402.35,35.01,21.10,22.66,21.23,97.88,56.35,48.96,36.63
402.36,35.01,21.10,22.66,21.27,97.88,56.35,48.96,36.63
402.37,35.01,21.10,22.66,21.23,97.88,56.35,49.07,36.63
402.38,35.08,21.13,22.66,21.27,98.26,56.50,49.07,36.63
402.39,35.08,21.13,22.66,21.23,97.88,56.50,49.07,36.63
402.40,35.01,21.10,22.70,21.23,97.88,56.35,49.07,36.63
402.41,35.01,21.13,22.70,21.23,97.88,56.35,48.96,36.63
402.42,35.08,21.10,22.66,21.27,97.88,56.35,49.07,36.63
402.43,35.01,21.13,22.66,21.27,97.88,56.35,49.07,36.56
402.44,35.01,21.13,22.70,21.27,97.88,56.50,49.07,36.63
402.45,35.08,21.13,22.70,21.27,97.88,56.35,49.07,36.63
402.46,35.08,21.10,22.66,21.27,97.88,56.35,49.07,36.63
402.47,35.08,21.13,22.66,21.23,97.88,56.35,49.07,36.63
402.48,35.08,21.16,22.70,21.23,97.88,56.35,49.07,36.63
402.49,35.08,21.13,22.70,21.27,98.26,56.35,49.07,36.63
402.50,35.01,21.13,22.70,21.27,97.88,56.35,49.07,36.63
402.51,35.08,21.10,22.66,21.27,97.88,56.35,48.96,36.63
402.52,35.15,21.13,22.66,21.23,98.26,56.35,49.07,36.63
402.53,35.08,21.13,22.70,21.27,97.88,56.35,49.07,36.63
402.54,35.01,21.13,22.70,21.23,97.88,56.35,49.07,36.63
402.55,35.01,21.13,22.66,21.27,97.88,56.35,49.07,36.63
402.56,35.01,21.13,22.66,21.23,97.88,56.50,49.07,36.63
402.57,35.01,21.13,22.70,21.27,97.88,56.50,49.07,36.63
402.58,35.08,21.13,22.66,21.27,97.88,56.35,49.07,36.63
402.59,35.08,21.13,22.70,21.27,97.88,56.50,49.07,36.63
402.60,35.08,21.13,22.66,21.27,97.88,56.35,49.07,36.63
402.61,35.08,21.13,22.66,21.27,97.88,56.35,49.07,36.63
402.62,35.08,21.13,22.66,21.27,97.88,56.35,49.07,36.63
402.63,35.08,21.13,22.70,21.23,97.88,56.35,49.07,36.63
402.64,35.08,21.13,22.70,21.23,98.26,56.35,49.07,36.63
402.65,35.08,21.13,22.70,21.27,98.26,56.35,49.07,36.63
402.66,35.01,21.10,22.66,21.27,98.26,56.35,49.07,36.63
402.67,35.08,21.10,22.66,21.27,97.88,56.35,49.07,36.63
402.68,35.01,21.13,22.70,21.27,97.88,56.50,49.07,36.63
402.69,35.08,21.13,22.70,21.27,98.26,56.50,49.07,36.63
402.70,35.08,21.10,22.70,21.23,97.88,56.35,49.07,36.63
402.71,35.08,21.13,22.66,21.27,97.88,56.35,49.07,36.63
402.72,35.08,21.13,22.66,21.27,97.88,56.35,49.07,36.63
402.73,35.01,21.13,22.70,21.27,97.88,56.50,49.07,36.63
402.74,35.08,21.13,22.70,21.27,97.88,56.35,48.96,36.70
402.75,35.01,21.13,22.70,21.23,97.88,56.50,49.07,36.63
402.76,35.01,21.10,22.70,21.23,97.88,56.35,49.07,36.63
402.77,35.01,21.13,22.70,21.27,97.88,56.35,48.96,36.63
402.78,35.08,21.13,22.70,21.27,97.88,56.50,48.96,36.70
402.79,35.01,21.13,22.70,21.27,97.88,56.35,49.07,36.63
402.80,35.01,21.13,22.70,21.27,97.88,56.50,49.07,36.63
402.81,35.01,21.13,22.66,21.27,97.88,56.50,49.07,36.63
402.82,35.01,21.13,22.66,21.23,97.88,56.50,49.07,36.70
402.83,35.08,21.13,22.70,21.27,98.26,56.35,49.07,36.63
402.84,35.15,21.13,22.70,21.23,97.88,56.35,49.07,36.63
402.85,35.08,21.13,22.70,21.23,97.88,56.35,49.07,36.63
402.86,35.01,21.10,22.70,21.27,97.88,56.35,49.07,36.63
402.87,35.08,21.10,22.66,21.27,97.88,56.35,49.07,36.70
402.88,35.01,21.16,22.70,21.27,97.88,56.35,49.07,36.63
402.89,35.01,21.13,22.70,21.27,97.88,56.50,49.07,36.63
402.90,35.08,21.13,22.70,21.27,98.26,56.35,49.07,36.63
402.91,35.01,21.13,22.66,21.23,97.88,56.35,49.07,36.70
402.92,35.01,21.13,22.70,21.27,97.88,56.50,49.07,36.63
402.93,35.08,21.13,22.70,21.27,97.88,56.50,49.07,36.63
402.94,35.08,21.13,22.70,21.27,98.26,56.35,49.07,36.63
402.95,35.08,21.13,22.70,21.27,97.88,56.35,49.07,36.63
402.96,35.01,21.13,22.66,21.23,97.88,56.35,49.07,36.63
402.97,35.01,21.13,22.70,21.27,97.88,56.50,49.07,36.56
402.98,35.08,21.13,22.70,21.27,97.88,56.35,49.07,36.77
402.99,35.08,21.13,22.70,21.27,97.88,56.50,49.07,36.70
403.00,35.01,21.13,22.66,21.23,97.88,56.50,49.07,36.63
403.01,35.08,21.13,22.70,21.23,98.26,56.35,49.07,36.63
403.02,35.01,21.13,22.70,21.27,98.26,56.50,49.07,36.63
403.03,34.95,21.13,22.70,21.27,98.26,56.50,49.07,36.63
403.04,35.15,21.16,22.70,21.27,98.26,56.35,49.07,36.63
403.05,35.01,21.13,22.70,21.27,97.88,56.50,49.07,36.63
403.06,35.01,21.13,22.70,21.27,97.88,56.35,49.07,36.63
403.07,35.01,21.13,22.66,21.27,97.88,56.50,49.07,36.63
403.08,35.01,21.13,22.70,21.27,97.88,56.35,49.07,36.63
403.09,35.01,21.16,22.70,21.23,97.88,56.35,49.07,36.63
403.10,35.08,21.13,22.70,21.27,97.88,56.35,49.07,36.63
403.11,35.01,21.13,22.66,21.27,98.26,56.35,49.07,36.70
403.12,35.01,21.13,22.70,21.27,98.26,56.50,49.07,36.63
403.13,35.08,21.13,22.73,21.27,98.26,56.35,49.07,36.63
403.14,35.01,21.13,22.66,21.27,97.88,56.35,49.07,36.63
403.15,35.01,21.13,22.70,21.27,97.88,56.35,49.07,36.63
403.16,35.01,21.13,22.66,21.27,97.88,56.35,49.07,36.70
403.17,35.08,21.13,22.70,21.23,97.88,56.50,49.07,36.70
403.18,35.08,21.16,22.70,21.27,98.26,56.35,49.18,36.70
403.19,35.08,21.16,22.70,21.23,97.51,56.35,49.07,36.63
403.20,35.08,21.13,22.70,21.27,98.26,56.35,49.07,36.70
403.21,35.08,21.13,22.70,21.27,98.26,56.21,49.07,36.70
403.22,35.08,21.13,22.70,21.27,97.88,56.35,48.96,36.63
403.23,35.08,21.13,22.73,21.27,98.26,56.50,49.18,36.70
403.24,35.08,21.16,22.70,21.27,98.26,56.50,48.96,36.70
403.25,35.08,21.13,22.70,21.27,97.88,56.35,49.07,36.70
403.26,35.01,21.10,22.70,21.27,97.88,56.35,49.07,36.56
403.27,35.01,21.13,22.70,21.27,97.88,56.50,49.07,36.70
403.28,35.08,21.16,22.70,21.23,97.88,56.35,48.96,36.63
403.29,35.08,21.16,22.73,21.27,97.88,56.35,49.07,36.63
403.30,35.08,21.13,22.70,21.27,98.26,56.50,49.07,36.70
403.31,35.01,21.13,22.66,21.23,97.88,56.35,49.07,36.63
403.32,35.01,21.13,22.70,21.27,98.26,56.35,49.07,36.63
403.33,35.01,21.13,22.70,21.27,98.26,56.50,49.07,36.70
403.34,35.08,21.16,22.70,21.27,97.88,56.35,49.07,36.63
403.35,35.01,21.13,22.70,21.27,98.26,56.35,49.07,36.63
403.36,35.01,21.13,22.70,21.27,97.88,56.35,49.07,36.63
403.37,35.01,21.13,22.70,21.23,98.26,56.35,49.07,36.70
403.38,35.08,21.13,22.70,21.27,98.26,56.50,49.07,36.63
403.39,35.08,21.16,22.70,21.27,98.26,56.35,49.07,36.63
403.40,35.08,21.13,22.70,21.27,97.88,56.50,49.07,36.70
403.41,35.01,21.13,22.70,21.27,97.88,56.35,49.07,36.63
403.42,35.01,21.13,22.70,21.27,97.88,56.35,49.18,36.63
403.43,35.08,21.16,22.70,21.27,98.26,56.50,49.07,36.63
403.44,35.08,21.13,22.70,21.23,97.88,56.50,49.07,36.63
403.45,35.08,21.13,22.70,21.23,97.88,56.50,49.07,36.70
403.46,35.08,21.13,22.70,21.27,97.88,56.50,48.96,36.70
403.47,35.08,21.13,22.70,21.27,97.88,56.50,49.07,36.63
403.48,35.01,21.16,22.73,21.27,97.88,56.50,49.07,36.70
403.49,35.01,21.13,22.70,21.27,97.88,56.50,49.07,36.70
403.50,35.08,21.13,22.70,21.27,97.88,56.35,49.07,36.63
403.51,35.01,21.10,22.70,21.27,97.88,56.35,49.07,36.63
403.52,35.01,21.13,22.70,21.27,97.88,56.35,49.07,36.70
403.53,35.01,21.13,22.70,21.27,97.88,56.50,49.07,36.70
403.54,35.08,21.13,22.70,21.27,98.26,56.35,49.07,36.70
403.55,35.01,21.13,22.70,21.27,97.88,56.35,49.07,36.63
403.56,35.01,21.13,22.70,21.27,97.88,56.35,49.07,36.63
403.57,35.08,21.13,22.66,21.27,97.88,56.50,49.07,36.70
403.58,35.01,21.16,22.70,21.27,98.26,56.50,49.07,36.70
403.59,35.01,21.16,22.70,21.27,98.26,56.35,49.07,36.70
403.60,35.08,21.13,22.70,21.23,98.26,56.50,49.07,36.63
403.61,35.08,21.10,22.66,21.23,97.88,56.35,49.07,36.70
403.62,35.01,21.13,22.70,21.27,97.88,56.35,49.07,36.63
403.63,35.08,21.13,22.73,21.27,98.26,56.50,49.07,36.63
403.64,35.01,21.16,22.70,21.27,97.88,56.50,49.07,36.70
403.65,35.01,21.13,22.70,21.27,97.88,56.35,49.07,36.70
403.66,35.01,21.13,22.66,21.23,97.88,56.35,49.07,36.63
403.67,35.01,21.13,22.70,21.27,98.26,56.35,49.07,36.63
403.68,35.01,21.13,22.70,21.27,98.26,56.50,49.07,36.70
403.69,35.08,21.13,22.70,21.27,98.26,56.50,49.07,36.63
403.70,35.01,21.13,22.70,21.27,97.88,56.50,49.07,36.63
403.71,35.01,21.13,22.70,21.27,98.26,56.50,49.07,36.63
403.72,35.01,21.13,22.70,21.27,98.26,56.35,49.07,36.70
403.73,35.01,21.16,22.70,21.27,98.26,56.50,49.07,36.63
403.74,35.08,21.13,22.70,21.27,98.26,56.35,49.07,36.70
403.75,35.08,21.13,22.70,21.27,98.26,56.35,49.07,36.70
403.76,35.08,21.13,22.70,21.23,98.26,56.35,49.07,36.63
403.77,35.01,21.13,22.70,21.23,97.88,56.35,49.07,36.63
403.78,35.08,21.16,22.70,21.23,98.26,56.50,49.07,36.70
403.79,35.01,21.16,22.70,21.23,97.88,56.35,49.07,36.63
403.80,35.08,21.13,22.70,21.23,97.88,56.35,49.07,36.70
403.81,35.01,21.13,22.70,21.27,97.88,56.35,49.07,36.70
403.82,35.08,21.13,22.70,21.27,97.88,56.50,49.07,36.70
403.83,35.08,21.13,22.70,21.27,97.88,56.50,49.07,36.70
403.84,35.08,21.16,22.70,21.27,98.26,56.35,49.07,36.70
403.85,35.01,21.13,22.70,21.27,97.88,56.50,49.07,36.70
403.86,35.08,21.13,22.70,21.27,97.88,56.50,49.07,36.70
403.87,35.08,21.13,22.70,21.27,98.26,56.35,49.07,36.70
403.88,35.08,21.16,22.70,21.27,97.88,56.50,49.07,36.70
403.89,35.08,21.16,22.70,21.27,98.26,56.50,49.07,36.70
403.90,35.01,21.16,22.70,21.23,97.88,56.50,49.07,36.70
403.91,35.01,21.13,22.70,21.27,98.26,56.50,49.07,36.63
403.92,35.01,21.13,22.70,21.27,97.88,56.50,49.07,36.70
403.93,35.01,21.16,22.70,21.27,98.26,56.50,49.07,36.70
403.94,35.08,21.16,22.73,21.27,98.26,56.50,49.07,36.70
403.95,35.08,21.13,22.70,21.27,97.88,56.50,49.07,36.70
403.96,35.08,21.13,22.70,21.27,97.88,56.35,49.07,36.63
403.97,35.01,21.13,22.73,21.27,97.88,56.35,49.07,36.70
403.98,35.01,21.16,22.70,21.27,98.26,56.50,49.07,36.70
403.99,35.01,21.16,22.73,21.27,98.26,56.35,49.18,36.70
404.00,35.08,21.13,22.70,21.27,98.26,56.50,49.07,36.70
404.01,35.01,21.13,22.70,21.27,97.88,56.50,49.07,36.70
404.02,35.08,21.13,22.70,21.27,97.88,56.50,49.07,36.63
404.03,35.01,21.16,22.73,21.27,98.26,56.35,49.07,36.70
404.04,35.08,21.16,22.73,21.27,98.26,56.50,49.18,36.70
404.05,35.08,21.13,22.73,21.27,98.26,56.50,49.07,36.63
404.06,35.01,21.13,22.70,21.27,97.88,56.35,49.07,36.63
404.07,35.01,21.16,22.70,21.27,98.26,56.35,49.07,36.70
404.08,35.15,21.16,22.70,21.27,98.26,56.50,49.07,36.70
404.09,35.08,21.16,22.70,21.27,98.26,56.50,49.07,36.70
404.10,35.01,21.13,22.70,21.27,97.88,56.50,49.07,36.70
404.11,35.08,21.13,22.70,21.23,97.88,56.50,49.07,36.70
404.12,35.01,21.13,22.70,21.27,98.26,56.35,49.07,36.70
404.13,35.01,21.16,22.70,21.27,98.26,56.50,49.07,36.63
404.14,35.08,21.16,22.73,21.27,98.26,56.35,49.07,36.63
404.15,35.01,21.13,22.70,21.27,97.88,56.35,49.07,36.70
404.16,35.15,21.13,22.70,21.27,97.88,56.50,49.07,36.70
404.17,35.01,21.13,22.70,21.27,97.88,56.35,49.07,36.63
404.18,35.08,21.16,22.73,21.27,98.26,56.50,49.07,36.70
404.19,35.15,21.16,22.70,21.27,98.26,56.50,49.07,36.63
404.20,35.08,21.13,22.70,21.27,98.26,56.50,49.07,36.70
404.21,35.01,21.13,22.70,21.27,98.26,56.21,49.07,36.63
404.22,35.08,21.16,22.70,21.27,98.26,56.50,49.07,36.70
404.23,35.08,21.16,22.73,21.27,98.26,56.50,49.07,36.70
404.24,35.08,21.16,22.73,21.27,97.88,56.50,49.18,36.63
404.25,35.01,21.16,22.70,21.23,97.88,56.50,49.18,36.70
404.26,35.01,21.16,22.70,21.27,98.26,56.35,49.07,36.70
404.27,35.01,21.13,22.70,21.27,98.26,56.50,49.07,36.70
404.28,35.08,21.16,22.70,21.23,98.26,56.50,49.07,36.70
404.29,35.08,21.19,22.70,21.27,97.88,56.50,49.07,36.70
404.30,35.15,21.13,22.70,21.23,98.26,56.50,49.07,36.63
404.31,35.08,21.13,22.70,21.27,97.88,56.50,49.07,36.70
404.32,35.01,21.13,22.70,21.27,98.26,56.35,49.07,36.70
404.33,35.15,21.16,22.73,21.27,98.26,56.64,49.18,36.70
404.34,35.01,21.16,22.73,21.27,97.88,56.50,49.07,36.63
404.35,35.08,21.13,22.70,21.27,97.88,56.50,49.07,36.70
404.36,35.01,21.13,22.66,21.23,98.26,56.35,49.07,36.70
404.37,35.08,21.16,22.70,21.27,97.88,56.50,49.07,36.70
404.38,35.08,21.16,22.70,21.27,98.26,56.50,49.07,36.70
404.39,35.15,21.16,22.73,21.27,97.88,56.50,49.07,36.63
404.40,35.08,21.13,22.70,21.27,97.88,56.50,49.07,36.70
404.41,35.01,21.13,22.70,21.27,97.88,56.50,49.07,36.70
404.42,35.08,21.16,22.70,21.27,97.88,56.35,49.07,36.70
404.43,35.08,21.16,22.73,21.27,98.26,56.50,49.07,36.70
404.44,35.01,21.16,22.73,21.27,97.88,56.35,49.07,36.70
404.45,35.08,21.13,22.70,21.27,98.26,56.35,49.18,36.70
404.46,35.01,21.13,22.70,21.27,97.51,56.50,48.96,36.70
404.47,35.01,21.13,22.70,21.27,98.26,56.35,49.18,36.70
404.48,35.08,21.13,22.73,21.27,98.26,56.35,48.96,36.70
404.49,35.08,21.16,22.73,21.27,97.88,56.50,49.18,36.70
404.50,34.95,21.13,22.70,21.27,97.88,56.50,49.07,36.70
404.51,35.01,21.13,22.70,21.27,98.26,56.35,49.07,36.70
404.52,35.01,21.13,22.70,21.23,98.26,56.50,49.07,36.70
404.53,35.08,21.13,22.73,21.27,98.26,56.50,49.07,36.70
404.54,35.08,21.16,22.73,21.27,97.88,56.50,49.07,36.70
404.55,35.08,21.13,22.70,21.27,97.88,56.50,49.07,36.70
404.56,35.08,21.13,22.70,21.27,97.88,56.35,49.07,36.63
404.57,35.01,21.13,22.70,21.27,97.88,56.50,48.96,36.70
404.58,35.01,21.16,22.73,21.27,98.26,56.50,49.07,36.70
404.59,35.08,21.16,22.70,21.27,98.26,56.50,49.07,36.70
404.60,35.01,21.13,22.70,21.27,98.26,56.50,49.18,36.70
404.61,35.08,21.13,22.70,21.27,97.88,56.50,49.07,36.70
404.62,35.01,21.13,22.70,21.27,97.88,56.35,49.07,36.70
404.63,35.08,21.13,22.70,21.27,97.88,56.50,49.07,36.77
404.64,35.15,21.13,22.70,21.27,97.88,56.50,49.07,36.70
404.65,35.08,21.13,22.70,21.27,97.88,56.50,49.07,36.70
404.66,35.01,21.13,22.70,21.27,97.88,56.50,49.07,36.70
404.67,35.08,21.13,22.70,21.27,97.88,56.35,49.07,36.70
404.68,35.08,21.13,22.73,21.27,98.26,56.50,49.07,36.70
404.69,35.08,21.13,22.70,21.27,97.88,56.50,49.07,36.70
404.70,35.01,21.13,22.70,21.27,97.88,56.35,48.96,36.70
404.71,35.01,21.13,22.66,21.27,97.88,56.35,48.96,36.70
404.72,35.01,21.13,22.70,21.27,97.88,56.35,49.07,36.70
404.73,35.15,21.16,22.70,21.27,98.26,56.50,49.07,36.70
404.74,35.08,21.13,22.70,21.27,97.88,56.35,49.07,36.70
404.75,35.01,21.13,22.70,21.27,98.26,56.35,49.07,36.70
404.76,35.01,21.13,22.70,21.27,98.26,56.50,49.07,36.70
404.77,35.08,21.13,22.70,21.27,97.88,56.35,49.07,36.70
404.78,35.01,21.13,22.70,21.27,98.26,56.50,49.07,36.70
404.79,35.08,21.13,22.70,21.27,98.26,56.50,49.07,36.70
404.80,35.01,21.13,22.70,21.27,97.88,56.50,49.07,36.70
404.81,35.08,21.13,22.70,21.27,97.88,56.35,49.07,36.70
404.82,35.01,21.13,22.70,21.27,97.88,56.50,49.07,36.70
404.83,35.08,21.13,22.70,21.27,97.88,56.50,49.07,36.70
404.84,35.08,21.13,22.70,21.27,98.26,56.35,49.07,36.70
404.85,35.01,21.13,22.70,21.27,97.88,56.35,49.07,36.70
404.86,35.01,21.13,22.66,21.27,97.88,56.50,49.07,36.70
404.87,35.08,21.13,22.70,21.27,98.26,56.50,49.07,36.70
404.88,35.01,21.16,22.73,21.27,98.26,56.35,49.07,36.63
404.89,35.08,21.13,22.73,21.27,98.26,56.50,49.07,36.70
404.90,35.01,21.13,22.70,21.27,97.88,56.50,49.07,36.70
404.91,35.08,21.13,22.70,21.27,97.88,56.35,49.07,36.70
404.92,35.01,21.13,22.70,21.27,97.88,56.35,49.07,36.70
404.93,35.08,21.16,22.70,21.27,98.26,56.35,49.07,36.70
404.94,35.01,21.13,22.70,21.27,98.26,56.50,49.07,36.70
404.95,35.08,21.13,22.70,21.27,97.88,56.35,48.96,36.70
404.96,35.01,21.13,22.70,21.27,97.88,56.35,49.07,36.70
404.97,35.01,21.13,22.70,21.27,97.88,56.50,49.07,36.70
404.98,35.01,21.13,22.70,21.27,97.88,56.50,49.07,36.70
404.99,35.01,21.13,22.70,21.27,97.88,56.35,49.07,36.70
405.00,35.01,21.13,22.70,21.27,97.88,56.35,49.07,36.70
405.01,35.01,21.13,22.70,21.27,98.26,56.50,49.18,36.70
405.02,35.01,21.13,22.70,21.27,98.26,56.50,49.07,36.70
405.03,35.08,21.13,22.70,21.27,98.26,56.50,49.07,36.70
405.04,35.08,21.16,22.70,21.27,97.88,56.50,49.07,36.70
405.05,35.08,21.13,22.70,21.27,97.88,56.35,49.07,36.70
405.06,35.01,21.13,22.70,21.27,98.26,56.50,49.07,36.70
405.07,35.01,21.13,22.70,21.27,97.88,56.35,49.07,36.70
405.08,35.01,21.13,22.70,21.27,97.88,56.50,49.07,36.70
405.09,35.08,21.13,22.70,21.27,98.26,56.50,49.07,36.70
405.10,35.01,21.13,22.70,21.27,97.88,56.35,49.07,36.70
405.11,34.95,21.13,22.66,21.27,98.26,56.35,49.07,36.70
405.12,35.01,21.13,22.66,21.27,98.26,56.35,49.07,36.70
405.13,35.01,21.13,22.70,21.27,97.88,56.35,49.07,36.70
405.14,35.08,21.13,22.70,21.27,98.26,56.50,49.07,36.70
405.15,35.01,21.13,22.70,21.27,97.88,56.35,49.07,36.70
405.16,35.01,21.13,22.70,21.27,97.88,56.50,49.07,36.70
405.17,35.08,21.13,22.70,21.27,97.88,56.35,49.07,36.70
405.18,35.01,21.13,22.70,21.27,97.88,56.35,49.07,36.70
405.19,35.01,21.13,22.70,21.27,98.26,56.50,49.07,36.70
405.20,35.08,21.13,22.70,21.27,98.26,56.50,49.07,36.70
405.21,35.01,21.13,22.66,21.27,97.88,56.35,49.07,36.70
405.22,35.01,21.13,22.70,21.27,98.26,56.50,49.07,36.70
405.23,35.01,21.16,22.70,21.27,97.88,56.50,49.07,36.63
405.24,35.01,21.13,22.70,21.27,98.26,56.50,49.07,36.70
405.25,35.01,21.13,22.70,21.27,97.88,56.35,49.07,36.70
405.26,35.08,21.13,22.66,21.27,97.88,56.50,48.96,36.70
405.27,35.01,21.13,22.70,21.27,97.88,56.50,49.07,36.70
405.28,35.08,21.13,22.70,21.27,98.26,56.50,49.07,36.70
405.29,35.08,21.16,22.70,21.27,98.26,56.50,49.07,36.63
405.30,35.01,21.13,22.70,21.27,97.88,56.50,49.07,36.70
405.31,35.01,21.13,22.70,21.27,98.26,56.35,49.07,36.63
405.32,35.01,21.13,22.66,21.27,97.88,56.50,49.07,36.70
405.33,35.08,21.13,22.70,21.27,97.88,56.35,49.07,36.70
405.34,35.01,21.16,22.70,21.27,98.26,56.50,49.07,36.70
405.35,35.08,21.10,22.70,21.23,97.88,56.35,49.07,36.70
405.36,35.08,21.13,22.70,21.27,97.88,56.35,49.07,36.70
405.37,35.01,21.13,22.70,21.27,97.88,56.35,49.07,36.70
405.38,35.08,21.10,22.70,21.23,97.88,56.35,49.07,36.70
405.39,35.01,21.13,22.70,21.27,97.88,56.35,49.07,36.70
405.40,35.08,21.13,22.70,21.27,97.88,56.35,49.07,36.70
405.41,35.01,21.13,22.70,21.27,97.88,56.35,49.07,36.70
405.42,35.01,21.13,22.70,21.27,97.88,56.50,49.07,36.56
405.43,35.08,21.13,22.70,21.27,97.88,56.35,48.96,36.70
405.44,35.15,21.13,22.70,21.27,98.26,56.50,49.07,36.70
405.45,35.01,21.13,22.66,21.27,97.88,56.35,49.07,36.70
405.46,35.08,21.13,22.66,21.27,97.88,56.50,48.96,36.70
405.47,35.08,21.13,22.70,21.27,97.88,56.50,49.07,36.70
405.48,35.01,21.13,22.70,21.27,98.26,56.50,49.07,36.56
405.49,35.01,21.13,22.70,21.27,98.26,56.50,49.07,36.77
405.50,35.08,21.13,22.70,21.27,97.88,56.35,49.07,36.70
405.51,34.95,21.13,22.70,21.27,97.88,56.35,49.07,36.70
405.52,35.01,21.13,22.70,21.27,98.26,56.50,49.07,36.70
405.53,35.15,21.16,22.70,21.27,98.26,56.50,49.18,36.70
405.54,35.08,21.16,22.70,21.27,97.88,56.35,49.07,36.70
405.55,35.01,21.13,22.70,21.27,98.26,56.35,49.07,36.70
405.56,35.08,21.13,22.66,21.27,97.88,56.50,49.07,36.70
405.57,35.15,21.13,22.70,21.27,97.88,56.35,49.07,36.70
405.58,35.01,21.13,22.70,21.27,97.88,56.50,49.18,36.70
405.59,35.08,21.13,22.70,21.27,98.26,56.50,49.07,36.70
405.60,34.95,21.13,22.70,21.27,98.26,56.35,49.07,36.70
405.61,35.01,21.13,22.70,21.27,98.26,56.35,49.07,36.70
405.62,35.08,21.13,22.66,21.27,97.88,56.50,49.07,36.70
405.63,35.08,21.13,22.70,21.27,97.88,56.50,49.07,36.70
405.64,35.01,21.13,22.70,21.27,97.88,56.35,49.07,36.70
405.65,35.08,21.13,22.70,21.27,97.88,56.35,49.07,36.70
405.66,35.01,21.13,22.70,21.27,97.88,56.35,48.96,36.70
405.67,35.08,21.13,22.70,21.27,98.26,56.35,49.07,36.70
405.68,35.01,21.13,22.70,21.27,97.88,56.50,49.07,36.70
405.69,35.01,21.13,22.70,21.27,97.88,56.50,49.18,36.70
405.70,35.01,21.10,22.70,21.27,97.51,56.35,48.96,36.70
405.71,34.95,21.13,22.66,21.27,98.26,56.35,49.07,36.70
405.72,35.01,21.13,22.66,21.27,97.88,56.35,49.07,36.70
405.73,35.01,21.16,22.70,21.27,97.88,56.35,49.07,36.70
405.74,35.08,21.13,22.70,21.27,97.88,56.50,49.18,36.70
405.75,35.08,21.13,22.70,21.27,97.88,56.35,49.07,36.70
405.76,35.08,21.13,22.66,21.27,97.88,56.50,49.07,36.70
405.77,35.01,21.13,22.66,21.27,97.88,56.35,49.07,36.70
405.78,35.08,21.16,22.70,21.27,97.88,56.35,49.07,36.70
405.79,35.08,21.13,22.70,21.27,98.26,56.35,49.07,36.63
405.80,35.08,21.13,22.66,21.27,97.88,56.50,49.07,36.70
405.81,35.01,21.13,22.66,21.27,97.88,56.35,49.07,36.70
405.82,35.01,21.13,22.70,21.27,97.88,56.35,49.07,36.70
405.83,35.08,21.13,22.70,21.27,98.26,56.35,49.07,36.70
405.84,35.08,21.13,22.70,21.27,98.26,56.50,49.07,36.70
405.85,34.95,21.13,22.66,21.27,97.88,56.35,49.07,36.70
405.86,35.01,21.13,22.66,21.27,98.26,56.35,49.07,36.70
405.87,35.08,21.13,22.70,21.27,98.26,56.50,49.07,36.70
405.88,35.08,21.16,22.70,21.27,97.88,56.35,49.07,36.70
405.89,35.01,21.13,22.70,21.27,97.88,56.35,49.07,36.70
405.90,35.01,21.13,22.70,21.27,97.88,56.35,49.07,36.70
405.91,35.08,21.13,22.70,21.27,97.88,56.50,49.07,36.70
405.92,35.01,21.16,22.70,21.23,98.26,56.35,49.07,36.70
405.93,35.08,21.13,22.70,21.27,97.88,56.21,49.07,36.70
405.94,35.01,21.13,22.70,21.27,97.88,56.35,49.07,36.70
405.95,35.08,21.13,22.70,21.27,97.88,56.35,49.07,36.70
405.96,35.01,21.13,22.70,21.27,97.88,56.50,49.07,36.70
405.97,35.01,21.13,22.70,21.27,97.88,56.35,49.07,36.70
405.98,35.08,21.13,22.70,21.27,98.26,56.35,49.07,36.70
405.99,35.01,21.13,22.70,21.27,97.88,56.50,49.07,36.70
406.00,35.01,21.13,22.70,21.27,98.26,56.50,49.07,36.70
406.01,35.01,21.10,22.66,21.27,97.88,56.35,49.07,36.70
406.02,35.08,21.13,22.70,21.27,98.26,56.35,49.07,36.70
406.03,35.08,21.13,22.70,21.27,97.88,56.35,49.07,36.70
406.04,35.01,21.13,22.70,21.27,97.88,56.50,49.07,36.70
406.05,35.01,21.13,22.70,21.27,97.88,56.35,49.07,36.70
406.06,35.01,21.13,22.66,21.27,97.88,56.35,49.07,36.70
406.07,35.01,21.13,22.70,21.27,98.26,56.35,49.07,36.70
406.08,35.01,21.13,22.70,21.27,98.26,56.35,49.07,36.70
406.09,35.01,21.13,22.70,21.27,98.26,56.35,49.07,36.70
406.10,35.01,21.13,22.70,21.27,97.88,56.35,49.07,36.70
406.11,35.01,21.10,22.70,21.27,97.88,56.35,49.07,36.70
406.12,35.01,21.13,22.70,21.27,97.88,56.35,49.07,36.70
406.13,35.08,21.13,22.70,21.27,97.88,56.50,49.07,36.70
406.14,35.08,21.13,22.70,21.27,97.88,56.35,49.07,36.70
406.15,35.01,21.13,22.70,21.27,97.88,56.35,48.96,36.70
406.16,35.08,21.10,22.70,21.27,97.88,56.50,49.07,36.70
406.17,35.08,21.13,22.70,21.27,97.88,56.35,49.07,36.70
406.18,35.08,21.13,22.70,21.27,98.26,56.50,49.07,36.70
406.19,35.08,21.13,22.70,21.27,98.26,56.35,49.07,36.77
406.20,35.08,21.13,22.70,21.27,97.88,56.35,49.07,36.70
406.21,35.01,21.13,22.70,21.27,97.88,56.35,49.07,36.70
406.22,35.08,21.13,22.70,21.27,97.88,56.35,49.07,36.70
406.23,35.01,21.13,22.70,21.27,97.88,56.35,49.07,36.70
406.24,35.15,21.13,22.70,21.27,97.88,56.50,49.07,36.70
406.25,35.08,21.13,22.70,21.27,97.88,56.35,49.07,36.70
406.26,35.08,21.13,22.70,21.27,98.26,56.35,49.07,36.70
406.27,35.01,21.13,22.70,21.27,98.26,56.50,49.07,36.70
406.28,35.01,21.13,22.70,21.27,97.88,56.50,49.07,36.70
406.29,35.01,21.13,22.70,21.27,97.88,56.35,49.07,36.70
406.30,35.01,21.13,22.70,21.27,98.26,56.50,49.07,36.70
406.31,35.01,21.13,22.66,21.27,97.88,56.35,48.96,36.70
406.32,34.95,21.13,22.70,21.27,98.26,56.35,49.07,36.70
406.33,35.01,21.13,22.70,21.27,97.88,56.50,49.07,36.70
406.34,35.01,21.13,22.70,21.27,97.88,56.35,49.07,36.70
406.35,35.08,21.13,22.70,21.27,97.88,56.35,49.07,36.70
406.36,35.01,21.13,22.70,21.27,97.88,56.35,49.07,36.77
406.37,35.01,21.13,22.70,21.27,98.26,56.35,49.07,36.77
406.38,35.01,21.16,22.70,21.27,97.88,56.35,49.07,36.70
406.39,35.01,21.13,22.70,21.27,97.88,56.35,49.07,36.70
406.40,35.01,21.13,22.70,21.27,97.88,56.35,49.07,36.70
406.41,35.01,21.13,22.70,21.27,97.88,56.35,49.07,36.70
406.42,35.01,21.13,22.70,21.27,98.26,56.35,49.07,36.70
406.43,35.01,21.13,22.70,21.27,98.26,56.50,49.07,36.77
406.44,35.01,21.13,22.70,21.27,98.26,56.50,49.07,36.70
406.45,35.01,21.13,22.70,21.27,97.88,56.50,49.07,36.70
406.46,35.01,21.13,22.70,21.27,97.88,56.35,49.07,36.77
406.47,35.08,21.13,22.70,21.27,97.88,56.35,49.07,36.70
406.48,35.01,21.13,22.70,21.27,97.88,56.50,49.07,36.70
406.49,35.08,21.13,22.70,21.27,98.26,56.50,49.07,36.70
406.50,35.08,21.13,22.66,21.27,97.88,56.35,49.07,36.70
406.51,34.95,21.07,22.70,21.27,97.88,56.35,49.07,36.70
406.52,35.01,21.13,22.70,21.27,98.26,56.35,49.07,36.70
406.53,35.08,21.13,22.70,21.27,97.88,56.50,49.07,36.77
406.54,35.15,21.13,22.70,21.27,97.88,56.35,49.07,36.77
406.55,35.01,21.10,22.70,21.27,97.88,56.35,49.07,36.70
406.56,35.01,21.13,22.70,21.27,97.88,56.35,49.07,36.70
406.57,35.01,21.13,22.66,21.27,97.88,56.35,49.07,36.70
406.58,35.01,21.13,22.70,21.27,98.26,56.35,49.07,36.70
406.59,35.01,21.13,22.70,21.27,97.88,56.35,49.07,36.77
406.60,35.01,21.13,22.70,21.27,97.88,56.35,49.07,36.70
406.61,35.01,21.10,22.66,21.27,97.88,56.35,49.07,36.77
406.62,35.01,21.10,22.70,21.23,98.26,56.35,49.07,36.70
406.63,35.01,21.16,22.73,21.27,98.26,56.50,49.07,36.70
406.64,35.01,21.13,22.70,21.23,97.88,56.35,49.18,36.70
406.65,35.08,21.13,22.70,21.27,97.88,56.50,49.07,36.70
406.66,34.95,21.13,22.70,21.27,97.88,56.35,49.07,36.70
406.67,35.01,21.13,22.70,21.27,98.26,56.35,49.07,36.70
406.68,35.08,21.13,22.70,21.27,97.88,56.50,49.07,36.70
406.69,35.01,21.16,22.70,21.27,97.88,56.35,49.07,36.70
406.70,35.08,21.13,22.66,21.27,97.88,56.35,49.07,36.77
406.71,35.01,21.13,22.70,21.27,97.88,56.35,49.07,36.77
406.72,35.01,21.13,22.70,21.27,97.88,56.50,49.07,36.70
406.73,35.08,21.13,22.70,21.27,97.88,56.35,49.07,36.84
406.74,35.08,21.13,22.70,21.27,97.88,56.50,49.07,36.63
406.75,35.08,21.13,22.70,21.27,97.88,56.21,49.07,36.70
406.76,35.08,21.13,22.70,21.27,97.88,56.35,49.07,36.77
406.77,35.08,21.13,22.70,21.27,97.88,56.50,49.07,36.70
406.78,35.08,21.13,22.70,21.27,97.88,56.35,49.07,36.70
406.79,35.01,21.16,22.70,21.27,97.88,56.35,49.07,36.70
406.80,35.08,21.10,22.70,21.27,97.88,56.50,49.07,36.77
406.81,35.01,21.10,22.70,21.27,97.88,56.35,49.07,36.70
406.82,35.08,21.13,22.70,21.27,97.88,56.35,49.07,36.70
406.83,35.08,21.13,22.70,21.27,97.88,56.35,49.07,36.77
406.84,35.15,21.13,22.70,21.27,97.88,56.50,49.07,36.70
406.85,35.01,21.10,22.70,21.27,97.88,56.35,49.07,36.77
406.86,35.08,21.13,22.70,21.27,97.88,56.35,49.07,36.77
406.87,35.01,21.13,22.70,21.27,97.88,56.35,48.96,36.77
406.88,35.01,21.13,22.73,21.27,97.88,56.50,49.07,36.70
406.89,35.08,21.13,22.66,21.27,97.88,56.50,49.07,36.70
406.90,35.01,21.13,22.70,21.27,97.88,56.35,48.96,36.70
406.91,35.08,21.10,22.70,21.27,97.88,56.50,49.07,36.70
406.92,35.01,21.13,22.70,21.27,98.26,56.35,48.96,36.77
406.93,35.08,21.13,22.70,21.27,98.26,56.50,49.07,36.77
406.94,35.08,21.13,22.70,21.27,97.88,56.50,49.07,36.70
406.95,35.01,21.13,22.70,21.27,98.26,56.50,49.07,36.70
406.96,35.01,21.10,22.70,21.27,97.88,56.35,49.07,36.70
406.97,35.01,21.13,22.70,21.27,97.88,56.50,48.96,36.70
406.98,35.08,21.13,22.70,21.27,98.26,56.50,49.30,36.70
406.99,35.08,21.13,22.70,21.27,98.26,56.35,48.96,36.70
407.00,35.08,21.13,22.70,21.27,97.88,56.35,49.07,36.70
407.01,35.01,21.13,22.70,21.27,97.88,56.35,49.07,36.70
407.02,35.08,21.13,22.70,21.27,97.88,56.35,49.07,36.70
407.03,35.01,21.13,22.73,21.30,98.26,56.35,49.07,36.70
407.04,35.08,21.13,22.70,21.30,97.88,56.35,49.07,36.77
407.05,35.01,21.13,22.70,21.27,97.88,56.50,49.07,36.70
407.06,35.01,21.13,22.70,21.27,97.88,56.35,49.07,36.70
407.07,35.01,21.13,22.70,21.27,97.88,56.35,49.07,36.77
407.08,35.08,21.13,22.70,21.27,98.26,56.50,49.07,36.70
407.09,35.01,21.13,22.70,21.27,97.88,56.35,49.07,36.77
407.10,35.01,21.13,22.70,21.27,97.88,56.35,49.07,36.77
407.11,35.01,21.10,22.70,21.27,98.26,56.35,49.07,36.70
407.12,35.08,21.13,22.70,21.27,97.88,56.35,49.07,36.77
407.13,35.01,21.13,22.70,21.27,98.26,56.35,49.07,36.77
407.14,35.01,21.13,22.73,21.27,98.26,56.35,49.07,36.70
407.15,35.01,21.13,22.70,21.27,97.88,56.50,49.07,36.77
407.16,35.08,21.13,22.70,21.27,97.88,56.35,49.07,36.70
407.17,35.01,21.13,22.70,21.27,97.88,56.50,49.07,36.70
407.18,35.08,21.13,22.73,21.30,98.26,56.50,49.07,36.70
407.19,35.08,21.13,22.70,21.27,97.88,56.35,49.07,36.70
407.20,35.08,21.13,22.70,21.27,97.88,56.35,49.07,36.70
407.21,35.08,21.13,22.70,21.27,97.88,56.35,49.07,36.77
407.22,35.01,21.13,22.70,21.27,97.88,56.35,49.07,36.70
407.23,35.08,21.16,22.70,21.27,98.26,56.50,49.18,36.70
407.24,35.08,21.13,22.70,21.27,97.88,56.50,49.07,36.77
407.25,35.08,21.13,22.70,21.27,97.88,56.35,49.07,36.77
407.26,35.08,21.13,22.70,21.27,98.26,56.35,49.07,36.77
407.27,35.08,21.13,22.70,21.27,97.88,56.50,49.07,36.77
407.28,35.08,21.13,22.70,21.27,97.88,56.50,49.07,36.77
407.29,35.01,21.16,22.73,21.27,98.26,56.35,49.07,36.70
407.30,35.01,21.13,22.70,21.27,98.26,56.35,49.07,36.77
407.31,35.08,21.13,22.70,21.27,97.88,56.35,49.07,36.77
407.32,35.15,21.13,22.70,21.27,98.26,56.50,49.07,36.70
407.33,35.08,21.16,22.73,21.27,98.26,56.35,49.07,36.77
407.34,35.15,21.16,22.73,21.27,97.88,56.50,49.07,36.77
407.35,35.08,21.13,22.70,21.27,98.26,56.50,49.07,36.70
407.36,35.01,21.13,22.70,21.27,97.88,56.35,48.96,36.70
407.37,35.01,21.13,22.70,21.27,97.51,56.50,49.07,36.77
407.38,35.15,21.16,22.73,21.27,97.88,56.50,49.07,36.77
407.39,35.15,21.13,22.70,21.27,97.88,56.50,49.07,36.77
407.40,35.01,21.13,22.70,21.27,98.26,56.35,49.07,36.77
407.41,35.01,21.10,22.70,21.27,97.88,56.35,49.07,36.70
407.42,35.08,21.13,22.70,21.27,98.26,56.35,49.07,36.70
407.43,35.15,21.16,22.73,21.30,98.26,56.50,49.18,36.77
407.44,35.01,21.13,22.70,21.27,97.88,56.50,49.07,36.70
407.45,35.08,21.13,22.70,21.27,97.88,56.35,49.07,36.77
407.46,35.01,21.13,22.70,21.27,98.26,56.35,49.07,36.77
407.47,35.08,21.13,22.70,21.30,97.88,56.35,49.07,36.70
407.48,35.08,21.16,22.73,21.27,98.26,56.50,49.07,36.77
407.49,35.08,21.16,22.70,21.27,98.26,56.50,49.07,36.77
407.50,35.08,21.13,22.70,21.30,98.26,56.35,49.07,36.70
407.51,35.08,21.13,22.70,21.27,97.88,56.50,49.07,36.77
407.52,35.01,21.13,22.70,21.27,97.88,56.50,49.07,36.77
407.53,35.15,21.13,22.73,21.27,97.88,56.50,49.07,36.77
407.54,35.08,21.16,22.73,21.27,98.26,56.50,49.18,36.77
407.55,35.01,21.13,22.70,21.27,97.88,56.50,49.07,36.77
407.56,35.01,21.13,22.70,21.27,97.88,56.50,49.07,36.77
407.57,35.15,21.13,22.70,21.27,97.88,56.50,49.07,36.70
407.58,35.08,21.16,22.70,21.27,98.26,56.35,49.07,36.77
407.59,35.01,21.16,22.73,21.27,97.88,56.35,49.07,36.77
407.60,35.08,21.13,22.70,21.27,97.88,56.50,49.07,36.77
407.61,35.08,21.13,22.70,21.27,98.26,56.50,49.07,36.70
407.62,35.08,21.13,22.73,21.27,97.88,56.50,49.07,36.77
407.63,35.15,21.16,22.73,21.27,98.26,56.50,49.07,36.77
407.64,35.15,21.16,22.70,21.27,98.26,56.35,49.07,36.77
407.65,35.15,21.13,22.70,21.27,98.26,56.35,49.07,36.70
407.66,35.01,21.13,22.70,21.30,97.88,56.50,49.07,36.77
407.67,35.08,21.13,22.73,21.30,98.26,56.50,49.07,36.77
407.68,35.15,21.16,22.73,21.30,97.88,56.50,49.07,36.77
407.69,35.15,21.13,22.73,21.27,98.26,56.50,49.07,36.70
407.70,35.15,21.13,22.70,21.27,98.26,56.50,49.07,36.77
407.71,35.08,21.16,22.70,21.30,97.88,56.50,49.07,36.77
407.72,35.15,21.13,22.73,21.27,98.26,56.35,48.85,36.77
407.73,35.08,21.16,22.73,21.30,97.88,56.50,49.07,36.77
407.74,35.08,21.13,22.70,21.27,98.26,56.50,49.07,36.77
407.75,35.01,21.13,22.70,21.27,97.88,56.50,49.07,36.70
407.76,35.08,21.13,22.70,21.27,97.88,56.50,49.07,36.77
407.77,35.08,21.13,22.73,21.27,98.26,56.50,49.07,36.77
407.78,35.08,21.16,22.73,21.30,97.88,56.50,49.07,36.77
407.79,35.08,21.13,22.73,21.30,97.88,56.50,49.07,36.77
407.80,35.08,21.13,22.70,21.27,97.88,56.35,49.07,36.77
407.81,35.01,21.13,22.70,21.27,97.88,56.35,49.07,36.77
407.82,35.08,21.13,22.70,21.27,98.26,56.50,49.07,36.77
407.83,35.01,21.13,22.73,21.27,98.26,56.35,49.18,36.77
407.84,35.08,21.13,22.70,21.27,97.88,56.50,49.07,36.77
407.85,35.15,21.13,22.70,21.27,97.88,56.50,49.07,36.77
407.86,35.08,21.10,22.70,21.27,97.88,56.50,49.07,36.77
407.87,35.08,21.16,22.73,21.27,97.88,56.50,49.07,36.77
407.88,35.08,21.13,22.73,21.27,98.26,56.35,49.07,36.77
407.89,35.15,21.13,22.70,21.27,98.26,56.35,49.07,36.77
407.90,35.08,21.16,22.70,21.27,98.26,56.50,49.07,36.77
407.91,35.08,21.13,22.70,21.30,98.26,56.35,49.07,36.77
407.92,35.08,21.13,22.70,21.30,97.88,56.35,48.96,36.77
407.93,35.08,21.16,22.73,21.27,97.88,56.50,49.07,36.77
407.94,35.08,21.16,22.73,21.27,97.88,56.35,49.07,36.77
407.95,35.01,21.13,22.70,21.27,97.88,56.50,49.07,36.77
407.96,35.08,21.13,22.70,21.27,98.26,56.21,49.18,36.70
407.97,35.01,21.13,22.73,21.27,97.88,56.35,49.07,36.77
407.98,35.15,21.16,22.73,21.27,98.26,56.50,49.07,36.77
407.99,35.15,21.16,22.73,21.27,97.88,56.35,49.07,36.70
408.00,35.15,21.13,22.70,21.30,97.88,56.50,49.07,36.84
408.01,35.08,21.13,22.70,21.27,97.88,56.35,49.07,36.77
408.02,35.08,21.13,22.70,21.30,97.88,56.50,49.18,36.77
408.03,35.15,21.13,22.73,21.27,98.26,56.50,49.07,36.77
408.04,35.08,21.16,22.70,21.27,98.26,56.50,49.07,36.77
408.05,35.08,21.13,22.73,21.30,97.88,56.50,49.07,36.77
408.06,35.08,21.16,22.70,21.27,97.88,56.50,49.07,36.77
408.07,35.15,21.16,22.70,21.30,98.26,56.50,49.07,36.77
408.08,35.15,21.16,22.73,21.30,98.26,56.50,49.07,36.77
408.09,35.01,21.16,22.73,21.27,98.26,56.50,49.18,36.77
408.10,35.15,21.13,22.70,21.27,97.88,56.50,49.07,36.77
408.11,34.95,21.13,22.70,21.30,98.26,56.50,49.07,36.77
408.12,35.15,21.13,22.73,21.30,97.88,56.50,49.07,36.70
408.13,35.01,21.13,22.70,21.30,98.26,56.50,49.07,36.77
408.14,35.01,21.13,22.73,21.27,98.26,56.50,49.07,36.77
408.15,35.08,21.13,22.70,21.27,97.88,56.35,49.07,36.77
408.16,35.08,21.13,22.70,21.27,97.88,56.50,49.07,36.77
408.17,35.08,21.13,22.73,21.30,98.26,56.50,49.07,36.77
408.18,35.08,21.16,22.73,21.30,98.26,56.35,49.07,36.77
408.19,35.08,21.16,22.70,21.30,97.88,56.50,49.07,36.70
408.20,35.08,21.13,22.70,21.30,98.26,56.35,49.07,36.77
408.21,35.08,21.13,22.70,21.27,97.88,56.35,49.07,36.84
408.22,35.08,21.13,22.73,21.27,98.26,56.50,49.07,36.77
408.23,35.08,21.16,22.73,21.30,98.26,56.50,48.96,36.70
408.24,35.08,21.16,22.73,21.30,97.88,56.50,49.18,36.77
408.25,35.15,21.13,22.73,21.27,97.88,56.50,49.07,36.70
408.26,35.08,21.13,22.70,21.30,97.88,56.50,49.07,36.77
408.27,35.08,21.16,22.70,21.27,98.26,56.50,49.07,36.77
408.28,35.15,21.16,22.73,21.30,97.88,56.50,49.07,36.77
408.29,35.08,21.16,22.70,21.27,98.26,56.50,49.07,36.70
408.30,35.01,21.13,22.73,21.30,97.88,56.35,49.07,36.77
408.31,35.15,21.16,22.70,21.30,97.88,56.35,49.07,36.77
408.32,35.01,21.13,22.73,21.30,97.88,56.50,49.07,36.77
408.33,35.08,21.16,22.73,21.30,97.88,56.50,49.07,36.77
408.34,35.08,21.16,22.73,21.27,98.26,56.35,49.07,36.77
408.35,35.08,21.13,22.70,21.27,97.88,56.50,49.18,36.77
408.36,35.01,21.13,22.70,21.30,98.26,56.50,49.07,36.77
408.37,35.08,21.16,22.70,21.27,98.26,56.50,49.07,36.77
408.38,35.08,21.16,22.73,21.30,98.26,56.50,49.07,36.77
408.39,35.08,21.13,22.73,21.30,98.26,56.50,49.07,36.70
408.40,35.01,21.13,22.70,21.30,97.88,56.50,49.07,36.77
408.41,35.08,21.16,22.73,21.30,98.26,56.35,49.07,36.77
408.42,35.15,21.13,22.70,21.27,98.26,56.35,49.07,36.77
408.43,35.15,21.16,22.73,21.30,98.26,56.50,49.18,36.77
408.44,35.08,21.13,22.73,21.30,98.26,56.50,49.07,36.77
408.45,35.01,21.13,22.73,21.30,97.88,56.35,49.07,36.77
408.46,35.15,21.13,22.73,21.30,98.26,56.50,49.07,36.77
408.47,35.08,21.13,22.73,21.30,98.26,56.50,49.07,36.77
408.48,35.15,21.16,22.73,21.30,98.26,56.50,49.07,36.77
408.49,35.08,21.16,22.73,21.30,98.26,56.50,49.07,36.77
408.50,35.08,21.13,22.70,21.30,97.88,56.50,49.07,36.70
408.51,35.08,21.13,22.70,21.27,98.26,56.50,49.07,36.77
408.52,35.08,21.16,22.73,21.27,98.26,56.50,49.18,36.77
408.53,35.08,21.16,22.73,21.30,98.26,56.50,49.18,36.77
408.54,35.08,21.16,22.73,21.30,98.26,56.50,49.18,36.77
408.55,35.08,21.13,22.73,21.30,97.88,56.50,49.07,36.77
408.56,35.15,21.16,22.70,21.30,97.88,56.35,49.07,36.77
408.57,35.08,21.16,22.73,21.30,98.26,56.50,49.07,36.77
408.58,35.15,21.16,22.73,21.27,98.26,56.50,49.18,36.77
408.59,35.15,21.16,22.73,21.30,98.26,56.50,49.18,36.77
408.60,35.08,21.16,22.73,21.27,98.26,56.50,49.07,36.77
408.61,35.08,21.16,22.73,21.30,97.88,56.50,49.07,36.77
408.62,35.08,21.16,22.73,21.30,97.88,56.50,49.18,36.77
408.63,35.08,21.16,22.73,21.30,98.26,56.50,49.18,36.77
408.64,35.08,21.16,22.73,21.30,98.26,56.50,49.18,36.77
408.65,35.08,21.16,22.73,21.30,98.26,56.50,49.07,36.77
408.66,35.08,21.13,22.73,21.30,98.26,56.50,49.18,36.77
408.67,35.08,21.16,22.73,21.30,98.26,56.50,49.18,36.77
408.68,35.15,21.16,22.73,21.30,98.26,56.50,49.18,36.77
408.69,35.21,21.16,22.73,21.27,98.26,56.50,49.18,36.77
408.70,35.08,21.16,22.73,21.30,98.26,56.50,49.18,36.77
408.75,35.08,21.16,22.73,21.30,98.26,56.50,49.07,36.77
408.75,35.08,21.13,22.73,21.30,98.26,56.50,49.18,36.77
408.76,35.15,21.16,22.73,21.30,98.26,56.64,49.18,36.77
408.77,35.15,21.16,22.73,21.30,98.26,56.50,49.07,36.77
408.78,35.08,21.16,22.73,21.27,98.26,56.50,49.18,36.77
408.81,35.08,21.13,22.73,21.30,97.88,56.50,49.07,36.77
408.81,35.08,21.16,22.73,21.30,98.26,56.50,49.18,36.77
408.82,35.21,21.16,22.73,21.30,98.26,56.50,49.07,36.77
408.83,35.15,21.16,22.73,21.30,98.26,56.35,49.18,36.77
408.84,35.15,21.16,22.73,21.30,98.26,56.50,49.07,36.77
408.85,35.21,21.16,22.73,21.30,98.26,56.50,49.07,36.77
408.86,35.08,21.16,22.73,21.30,98.26,56.50,49.07,36.77
408.87,35.15,21.19,22.73,21.30,98.26,56.50,49.07,36.77
408.88,35.08,21.16,22.73,21.30,98.26,56.50,49.07,36.77
408.89,35.08,21.16,22.73,21.30,98.26,56.50,49.07,36.77
408.90,35.08,21.16,22.73,21.30,98.26,56.64,49.18,36.77
408.91,35.15,21.16,22.73,21.30,98.26,56.50,49.18,36.77
408.92,35.08,21.16,22.76,21.30,98.26,56.50,49.18,36.77
408.93,35.15,21.19,22.73,21.30,98.26,56.50,49.18,36.77
408.94,35.15,21.16,22.73,21.30,97.88,56.50,49.18,36.70
408.95,35.08,21.16,22.73,21.30,98.26,56.50,49.18,36.77
408.96,35.21,21.16,22.73,21.30,98.26,56.50,49.18,36.77
408.97,35.15,21.19,22.76,21.27,98.26,56.35,49.18,36.77
408.98,35.08,21.16,22.76,21.30,98.26,56.50,49.18,36.84
408.99,35.15,21.16,22.73,21.30,97.88,56.50,49.18,36.77
409.00,35.15,21.16,22.73,21.27,98.26,56.50,49.18,36.77
409.01,35.08,21.16,22.73,21.30,98.26,56.64,49.18,36.77
409.02,35.21,21.19,22.76,21.30,98.26,56.50,49.18,36.77
409.03,35.15,21.19,22.73,21.30,98.26,56.50,49.07,36.77
409.04,35.08,21.16,22.73,21.30,98.26,56.50,49.18,36.77
409.05,35.08,21.16,22.73,21.30,98.26,56.50,49.18,36.77
409.06,35.15,21.16,22.73,21.30,98.26,56.64,49.18,36.77
409.07,35.21,21.19,22.76,21.30,98.26,56.50,49.18,36.77
409.08,35.21,21.16,22.73,21.30,98.26,56.50,49.18,36.77
409.09,35.15,21.16,22.73,21.30,98.26,56.50,49.18,36.77
409.10,35.15,21.16,22.73,21.30,98.26,56.50,49.18,36.77
409.11,35.21,21.16,22.73,21.30,98.26,56.50,49.18,36.77
409.12,35.15,21.19,22.76,21.30,98.26,56.64,49.18,36.77
409.13,35.15,21.19,22.73,21.30,98.26,56.50,49.18,36.77
409.14,35.08,21.16,22.73,21.30,98.26,56.50,49.18,36.84
409.15,35.15,21.16,22.73,21.30,98.26,56.50,49.18,36.84
409.16,35.08,21.16,22.76,21.30,98.26,56.50,49.18,36.77
409.17,35.15,21.19,22.76,21.30,97.88,56.50,49.18,36.77
409.18,35.08,21.16,22.76,21.30,98.26,56.50,49.18,36.77
409.19,35.15,21.19,22.73,21.30,98.26,56.50,49.18,36.84
409.20,35.08,21.16,22.76,21.30,98.26,56.50,49.07,36.77
409.21,35.21,21.19,22.76,21.30,97.88,56.50,49.18,36.77
409.22,35.21,21.19,22.76,21.30,98.26,56.50,49.18,36.77
409.23,35.15,21.19,22.76,21.30,98.26,56.64,49.18,36.77
409.24,35.08,21.16,22.73,21.30,98.26,56.50,49.18,36.70
409.25,35.08,21.16,22.73,21.30,98.26,56.64,49.18,36.77
409.26,35.15,21.16,22.73,21.30,98.26,56.78,49.18,36.84
409.27,35.15,21.19,22.73,21.30,98.26,56.50,49.18,36.70
409.28,35.15,21.16,22.76,21.30,98.26,56.50,49.18,36.84
409.29,35.21,21.19,22.76,21.30,98.26,56.50,49.18,36.70
409.30,35.21,21.16,22.76,21.30,98.26,56.50,49.18,36.77
409.31,35.21,21.16,22.73,21.30,98.26,56.50,49.18,36.77
409.32,35.15,21.19,22.76,21.30,98.26,56.50,49.18,36.77
409.33,35.21,21.19,22.76,21.27,98.26,56.50,49.07,36.77
409.34,35.15,21.16,22.73,21.30,98.26,56.50,49.18,36.77
409.35,35.08,21.16,22.73,21.30,98.26,56.50,49.18,36.77
409.36,35.15,21.19,22.76,21.30,98.26,56.35,49.18,36.77
409.37,35.15,21.19,22.76,21.30,98.26,56.64,49.18,36.77
409.38,35.15,21.19,22.76,21.30,98.64,56.50,49.18,36.77
409.39,35.08,21.16,22.73,21.30,98.26,56.50,49.07,36.77
409.40,35.15,21.16,22.73,21.30,98.26,56.50,49.18,36.84
409.41,35.15,21.19,22.76,21.30,98.26,56.50,49.18,36.84
409.42,35.15,21.19,22.76,21.30,98.26,56.50,49.18,36.84
409.43,35.15,21.16,22.76,21.30,98.26,56.50,49.18,36.77
409.44,35.15,21.16,22.73,21.30,97.88,56.64,49.18,36.77
409.45,35.08,21.16,22.73,21.30,98.26,56.35,49.18,36.77
409.46,35.15,21.16,22.76,21.30,98.26,56.50,49.18,36.77
409.47,35.15,21.19,22.76,21.30,98.26,56.64,49.18,36.77
409.48,35.15,21.16,22.73,21.30,98.64,56.50,49.18,36.77
409.49,35.15,21.16,22.73,21.30,97.88,56.50,49.07,36.84
409.50,35.15,21.16,22.73,21.33,98.64,56.50,49.30,36.77
409.51,35.15,21.19,22.76,21.30,98.26,56.50,49.30,36.84
409.52,35.15,21.19,22.76,21.30,98.26,56.64,49.18,36.77
409.53,35.21,21.19,22.76,21.30,97.88,56.50,49.30,36.77
409.54,35.08,21.16,22.73,21.30,98.26,56.50,48.96,36.77
409.55,35.15,21.16,22.73,21.27,98.26,56.50,49.18,36.77
409.56,35.15,21.19,22.76,21.30,98.26,56.64,49.07,36.84
409.57,35.15,21.19,22.76,21.30,98.26,56.50,49.18,36.77
409.58,35.15,21.16,22.73,21.30,98.26,56.50,49.18,36.77
409.59,35.08,21.16,22.73,21.30,98.26,56.50,49.07,36.77
409.60,35.15,21.16,22.73,21.33,98.26,56.50,49.18,36.77
409.61,35.21,21.19,22.76,21.30,98.26,56.50,49.18,36.84
409.62,35.15,21.19,22.76,21.30,98.26,56.64,49.18,36.77
409.63,35.21,21.19,22.76,21.30,98.26,56.50,49.18,36.84
409.64,35.15,21.19,22.73,21.30,98.26,56.50,49.18,36.84
409.65,35.08,21.16,22.76,21.30,98.26,56.50,49.18,36.77
409.66,35.15,21.19,22.73,21.30,98.26,56.50,49.18,36.77
409.67,35.21,21.19,22.76,21.30,98.26,56.64,49.18,36.77
409.68,35.08,21.16,22.73,21.27,98.26,56.50,49.18,36.77
409.69,35.21,21.16,22.73,21.30,98.26,56.50,49.18,36.77
409.70,35.15,21.16,22.73,21.30,98.26,56.50,49.18,36.77
409.71,35.21,21.19,22.73,21.30,98.26,56.50,49.18,36.77
409.72,35.15,21.19,22.76,21.30,98.26,56.50,49.18,36.84
409.73,35.15,21.16,22.73,21.30,98.26,56.50,49.18,36.77
409.74,35.15,21.16,22.73,21.30,98.26,56.50,49.07,36.77
409.75,35.08,21.19,22.73,21.30,98.26,56.50,49.18,36.77
409.76,35.21,21.19,22.73,21.30,98.26,56.50,49.18,36.77
409.77,35.15,21.19,22.76,21.30,98.26,56.64,49.18,36.77
409.78,35.21,21.19,22.73,21.27,98.26,56.50,49.07,36.77
409.79,35.15,21.16,22.73,21.30,98.26,56.50,49.18,36.77
409.80,35.15,21.16,22.73,21.30,98.26,56.64,49.18,36.84
409.81,35.15,21.16,22.76,21.30,98.26,56.50,49.18,36.77
409.82,35.15,21.19,22.76,21.30,98.26,56.64,49.18,36.77
409.83,35.15,21.16,22.76,21.30,98.26,56.50,49.18,36.77
409.84,35.08,21.19,22.73,21.30,97.88,56.50,49.18,36.84
409.85,35.08,21.16,22.73,21.30,98.26,56.50,49.18,36.84
409.86,35.15,21.19,22.76,21.30,97.88,56.50,49.30,36.77
409.87,35.15,21.19,22.76,21.30,98.26,56.50,49.18,36.84
409.88,35.15,21.19,22.76,21.30,98.26,56.64,49.18,36.84
409.89,35.15,21.19,22.73,21.30,98.26,56.50,49.18,36.84
409.90,35.15,21.16,22.76,21.30,98.26,56.64,49.07,36.70
409.91,35.15,21.19,22.76,21.30,98.26,56.50,49.18,36.84
409.92,35.15,21.19,22.76,21.30,98.26,56.64,49.18,36.84
409.93,35.15,21.19,22.76,21.30,98.26,56.50,49.18,36.77
409.94,35.15,21.19,22.76,21.30,98.26,56.50,49.18,36.77
409.95,35.15,21.16,22.76,21.30,98.26,56.35,49.18,36.77
409.96,35.15,21.16,22.76,21.30,98.26,56.50,49.18,36.84
409.97,35.15,21.19,22.76,21.30,98.26,56.50,49.18,36.77
409.98,35.21,21.19,22.76,21.30,98.26,56.50,49.18,36.84
409.99,35.15,21.16,22.76,21.30,98.26,56.50,49.18,36.84
410.00,35.15,21.16,22.76,21.30,98.26,56.50,49.18,36.84
410.01,35.15,21.19,22.76,21.30,98.26,56.64,49.18,36.77
410.02,35.21,21.19,22.76,21.30,98.26,56.64,49.07,36.84
410.03,35.21,21.19,22.76,21.30,98.26,56.64,49.18,36.84
410.04,35.15,21.16,22.76,21.30,98.26,56.50,49.18,36.84
410.05,35.15,21.19,22.73,21.30,98.26,56.50,49.18,36.84
410.06,35.21,21.19,22.76,21.30,98.26,56.64,49.18,36.84
410.07,35.15,21.19,22.76,21.30,98.26,56.50,49.30,36.77
410.08,35.15,21.19,22.76,21.30,98.26,56.64,49.18,36.84
410.09,35.21,21.16,22.73,21.30,98.26,56.50,49.18,36.84
410.10,35.08,21.16,22.76,21.30,98.26,56.50,49.18,36.84
410.11,35.15,21.19,22.76,21.30,98.26,56.50,49.18,36.84
410.12,35.21,21.19,22.76,21.30,98.26,56.50,49.18,36.84
410.13,35.15,21.19,22.76,21.30,98.26,56.64,49.18,36.84
410.14,35.08,21.16,22.73,21.30,98.26,56.50,49.18,36.84
410.15,35.21,21.19,22.76,21.30,98.26,56.64,49.18,36.84
410.16,35.21,21.19,22.76,21.30,98.26,56.64,49.18,36.84
410.17,35.15,21.19,22.76,21.30,98.26,56.64,49.18,36.77
410.18,35.21,21.19,22.76,21.30,98.26,56.50,49.18,36.84
410.19,35.08,21.16,22.76,21.30,98.26,56.50,49.18,36.84
410.20,35.21,21.16,22.73,21.30,98.26,56.50,49.18,36.77
410.21,35.15,21.19,22.73,21.30,98.26,56.50,49.18,36.84
410.22,35.15,21.19,22.76,21.30,98.26,56.64,49.30,36.84
410.23,35.15,21.19,22.76,21.30,98.26,56.50,49.18,36.77
410.24,35.15,21.19,22.76,21.30,97.88,56.50,49.18,36.84
410.25,35.15,21.19,22.73,21.30,98.26,56.64,49.18,36.84
410.26,35.15,21.19,22.76,21.30,98.26,56.64,49.18,36.84
410.27,35.15,21.19,22.80,21.30,98.26,56.64,49.30,36.84
410.28,35.15,21.19,22.76,21.30,98.26,56.64,49.18,36.77
410.29,35.15,21.19,22.76,21.30,98.26,56.50,49.18,36.84
410.30,35.21,21.19,22.73,21.30,98.26,56.64,49.18,36.84
410.31,35.21,21.19,22.76,21.30,98.26,56.64,49.18,36.84
410.32,35.15,21.19,22.76,21.27,98.26,56.50,49.18,36.84
410.33,35.15,21.19,22.76,21.30,98.26,56.64,49.18,36.77
410.34,35.21,21.16,22.76,21.30,98.26,56.50,49.18,36.84
410.35,35.15,21.19,22.76,21.30,98.26,56.50,49.18,36.84
410.36,35.15,21.19,22.76,21.30,98.26,56.64,49.30,36.77
410.37,35.21,21.19,22.76,21.30,98.26,56.64,49.30,36.84
410.38,35.21,21.19,22.76,21.33,98.26,56.50,49.18,36.84
410.39,35.15,21.19,22.76,21.30,98.26,56.50,49.30,36.84
410.40,35.08,21.19,22.76,21.30,98.26,56.35,49.18,36.84
410.41,35.15,21.19,22.76,21.30,98.26,56.64,49.18,36.84
410.42,35.21,21.23,22.76,21.30,98.26,56.50,49.18,36.84
410.43,35.15,21.19,22.76,21.30,98.26,56.64,49.30,36.84
410.44,35.15,21.19,22.76,21.30,98.26,56.64,49.18,36.84
410.45,35.15,21.19,22.76,21.30,98.26,56.50,49.18,36.84
410.46,35.15,21.16,22.76,21.30,98.26,56.50,49.30,36.84
410.47,35.21,21.23,22.76,21.30,98.26,56.64,49.30,36.84
410.48,35.15,21.19,22.76,21.30,98.26,56.64,49.18,36.84
410.49,35.21,21.19,22.76,21.30,98.26,56.50,49.30,36.84
410.50,35.15,21.19,22.76,21.30,98.26,56.64,49.18,36.84
410.51,35.15,21.19,22.80,21.30,98.26,56.35,49.18,36.77
410.52,35.15,21.19,22.76,21.30,98.26,56.64,49.30,36.84
410.53,35.21,21.19,22.76,21.30,98.26,56.64,49.30,36.84
410.54,35.15,21.19,22.76,21.30,98.26,56.64,49.18,36.77
410.55,35.15,21.19,22.76,21.30,98.26,56.64,49.30,36.84
410.56,35.15,21.19,22.76,21.30,98.26,56.64,49.18,36.84
410.57,35.15,21.19,22.80,21.30,98.26,56.64,49.18,36.84
410.58,35.15,21.19,22.76,21.30,98.26,56.50,49.18,36.84
410.59,35.15,21.19,22.73,21.30,98.26,56.64,49.18,36.84
410.60,35.08,21.19,22.76,21.30,98.26,56.64,49.30,36.84
410.61,35.15,21.23,22.76,21.30,98.26,56.50,49.18,36.84
410.62,35.21,21.23,22.80,21.30,98.26,56.64,49.18,36.84
410.63,35.15,21.19,22.76,21.30,97.88,56.50,49.18,36.84
410.64,35.21,21.19,22.76,21.30,98.26,56.50,49.30,36.84
410.65,35.15,21.19,22.76,21.30,98.26,56.64,49.30,36.84
410.66,35.15,21.19,22.76,21.30,98.26,56.64,49.30,36.84
410.67,35.15,21.23,22.80,21.30,98.26,56.64,49.30,36.84
410.68,35.15,21.19,22.73,21.30,98.26,56.50,49.18,36.84
410.69,35.21,21.19,22.76,21.30,98.26,56.50,49.18,36.84
410.70,35.15,21.19,22.76,21.30,98.26,56.64,49.18,36.84
410.71,35.15,21.23,22.76,21.30,98.26,56.64,49.18,36.84
410.72,35.15,21.23,22.80,21.30,98.26,56.64,49.30,36.84
410.73,35.21,21.23,22.76,21.30,98.26,56.64,49.18,36.84
410.74,35.15,21.19,22.76,21.30,98.64,56.50,49.18,36.84
410.75,35.15,21.19,22.76,21.30,98.64,56.64,49.30,36.84
410.76,35.15,21.19,22.76,21.30,98.26,56.64,49.18,36.84
410.77,35.28,21.23,22.80,21.30,98.64,56.64,49.30,36.84
410.78,35.15,21.19,22.76,21.33,98.26,56.50,49.18,36.77
410.79,35.15,21.19,22.76,21.30,98.26,56.50,49.30,36.84
410.80,35.21,21.23,22.76,21.30,98.26,56.64,49.18,36.84
410.81,35.21,21.19,22.76,21.30,98.26,56.64,49.18,36.84
410.82,35.21,21.23,22.80,21.30,98.64,56.50,49.30,36.84
410.83,35.21,21.19,22.76,21.33,98.26,56.64,49.30,36.84
410.84,35.21,21.19,22.76,21.30,98.26,56.50,49.30,36.84
410.85,35.21,21.19,22.76,21.30,98.26,56.64,49.18,36.84
410.86,35.21,21.19,22.76,21.30,98.26,56.64,49.30,36.84
410.87,35.28,21.23,22.80,21.30,98.26,56.64,49.30,36.84
410.88,35.21,21.19,22.76,21.33,98.26,56.64,49.18,36.84
410.89,35.21,21.19,22.76,21.30,98.26,56.50,49.18,36.84
410.90,35.21,21.19,22.76,21.30,98.26,56.64,49.18,36.84
410.91,35.21,21.19,22.76,21.30,98.26,56.64,49.18,36.84
410.92,35.15,21.23,22.80,21.30,98.26,56.64,49.30,36.84
410.93,35.21,21.23,22.76,21.30,98.26,56.64,49.30,36.84
410.94,35.21,21.19,22.76,21.33,98.26,56.50,49.18,36.84
410.95,35.15,21.19,22.76,21.30,98.26,56.50,49.30,36.84
410.96,35.15,21.23,22.80,21.30,98.26,56.64,49.18,36.84
410.97,35.21,21.23,22.80,21.30,98.26,56.64,49.30,36.84
410.98,35.21,21.23,22.76,21.30,98.26,56.64,49.18,36.84
410.99,35.15,21.19,22.76,21.30,98.26,56.64,49.30,36.84
411.00,35.15,21.19,22.80,21.33,98.26,56.64,49.30,36.84
411.01,35.15,21.19,22.80,21.30,98.26,56.64,49.18,36.84
411.02,35.21,21.23,22.76,21.30,98.26,56.64,49.18,36.84
411.03,35.21,21.23,22.76,21.30,98.26,56.50,49.18,36.84
411.04,35.15,21.19,22.76,21.33,98.26,56.64,49.18,36.84
411.05,35.21,21.19,22.76,21.30,98.26,56.50,49.18,36.84
411.06,35.21,21.23,22.76,21.30,98.26,56.64,49.18,36.84
411.07,35.21,21.23,22.80,21.30,98.26,56.64,49.30,36.84
411.08,35.21,21.19,22.80,21.30,98.26,56.64,49.30,36.84
411.09,35.15,21.19,22.76,21.30,98.26,56.64,49.30,36.84
411.10,35.21,21.19,22.76,21.30,98.26,56.64,49.18,36.84
411.11,35.15,21.23,22.76,21.30,98.26,56.64,49.18,36.84
411.12,35.15,21.19,22.80,21.30,98.26,56.64,49.30,36.84
411.13,35.21,21.23,22.76,21.30,98.26,56.64,49.18,36.84
411.14,35.15,21.19,22.76,21.33,98.26,56.50,49.30,36.84
411.15,35.21,21.19,22.76,21.30,98.26,56.64,49.30,36.84
411.16,35.15,21.19,22.80,21.30,98.26,56.64,49.30,36.84
411.17,35.21,21.19,22.76,21.30,98.64,56.64,49.30,36.84
411.18,35.15,21.23,22.76,21.30,98.26,56.64,49.30,36.84
411.19,35.15,21.19,22.76,21.30,98.26,56.50,49.30,36.84
411.20,35.15,21.19,22.76,21.30,98.26,56.64,49.18,36.84
411.21,35.21,21.19,22.76,21.30,98.26,56.64,49.18,36.91
411.22,35.21,21.23,22.80,21.33,98.26,56.64,49.30,36.84
411.23,35.15,21.23,22.76,21.30,98.26,56.64,49.30,36.84
411.24,35.15,21.19,22.76,21.30,98.26,56.64,49.18,36.84
411.25,35.15,21.16,22.76,21.30,98.26,56.64,49.18,36.84
411.26,35.21,21.23,22.76,21.30,98.64,56.64,49.30,36.84
411.27,35.21,21.19,22.80,21.30,98.26,56.50,49.18,36.84
411.28,35.21,21.19,22.76,21.30,98.64,56.64,49.30,36.84
411.29,35.15,21.19,22.76,21.30,98.26,56.64,49.18,36.84
411.30,35.21,21.19,22.76,21.30,98.26,56.64,49.18,36.84
411.31,35.15,21.23,22.76,21.33,98.26,56.64,49.30,36.84
411.32,35.15,21.23,22.76,21.33,98.26,56.64,49.30,36.84
411.33,35.21,21.19,22.76,21.30,98.64,56.64,49.30,36.84
411.34,35.15,21.19,22.76,21.30,98.26,56.64,49.18,36.84
411.35,35.15,21.19,22.76,21.30,98.26,56.64,49.18,36.84
411.36,35.21,21.23,22.76,21.30,98.26,56.64,49.30,36.84
411.37,35.28,21.23,22.80,21.33,98.26,56.64,49.30,36.91
411.38,35.21,21.19,22.76,21.30,98.26,56.64,49.30,36.84
411.39,35.21,21.19,22.76,21.33,98.26,56.64,49.30,36.84
411.40,35.15,21.19,22.76,21.30,98.26,56.64,49.30,36.84
411.41,35.28,21.26,22.80,21.33,98.26,56.64,49.30,36.84
411.42,35.21,21.23,22.76,21.33,98.26,56.64,49.30,36.84
411.43,35.21,21.23,22.76,21.30,98.26,56.64,49.30,36.91
411.44,35.21,21.23,22.76,21.30,98.26,56.50,49.30,36.84
411.45,35.21,21.19,22.76,21.30,98.26,56.64,49.18,36.84
411.46,35.28,21.23,22.80,21.33,98.26,56.64,49.30,36.91
411.47,35.15,21.23,22.76,21.30,98.26,56.64,49.30,36.84
411.48,35.15,21.19,22.80,21.30,98.26,56.64,49.30,36.84
411.49,35.15,21.23,22.76,21.33,98.26,56.64,49.30,36.84
411.50,35.21,21.19,22.76,21.33,98.64,56.50,49.18,36.84
411.51,35.21,21.23,22.80,21.30,98.26,56.64,49.30,36.84
411.52,35.21,21.23,22.80,21.30,98.26,56.64,49.30,36.84
411.53,35.21,21.23,22.76,21.33,98.26,56.50,49.30,36.84
411.54,35.21,21.19,22.76,21.30,98.26,56.64,49.18,36.84
411.55,35.21,21.19,22.76,21.33,98.26,56.64,49.18,36.84
411.56,35.15,21.23,22.76,21.30,98.26,56.64,49.30,36.84
411.57,35.21,21.23,22.80,21.30,98.26,56.64,49.30,36.84
411.58,35.15,21.23,22.76,21.30,98.26,56.64,49.30,36.84
411.59,35.15,21.19,22.76,21.30,98.26,56.50,49.18,36.84
411.60,35.15,21.19,22.76,21.33,98.26,56.64,49.30,36.84
411.61,35.15,21.23,22.80,21.33,98.26,56.64,49.30,36.84
411.62,35.15,21.19,22.80,21.30,98.26,56.64,49.30,36.84
411.63,35.15,21.23,22.76,21.30,98.26,56.64,49.30,36.84
411.64,35.21,21.23,22.76,21.30,98.26,56.64,49.18,36.84
411.65,35.15,21.19,22.76,21.30,98.26,56.64,49.30,36.91
411.66,35.28,21.23,22.80,21.33,98.26,56.64,49.30,36.84
411.67,35.21,21.23,22.76,21.33,98.64,56.64,49.30,36.84
411.68,35.15,21.19,22.76,21.30,98.26,56.64,49.30,36.84
411.69,35.15,21.19,22.76,21.33,98.26,56.64,49.18,36.91
411.70,35.15,21.19,22.76,21.33,98.26,56.64,49.18,36.84
411.71,35.21,21.19,22.80,21.30,98.26,56.64,49.18,36.91
411.72,35.21,21.23,22.76,21.30,98.26,56.64,49.30,36.84
411.73,35.21,21.19,22.80,21.33,98.26,56.50,49.30,36.84
411.74,35.15,21.19,22.76,21.33,98.26,56.64,49.18,36.84
411.75,35.21,21.19,22.76,21.30,98.26,56.50,49.30,36.84
411.76,35.21,21.23,22.80,21.33,98.26,56.78,49.30,36.91
411.77,35.21,21.23,22.80,21.30,98.26,56.64,49.30,36.84
411.78,35.15,21.23,22.76,21.30,98.26,56.50,49.30,36.77
411.79,35.15,21.23,22.76,21.30,98.26,56.64,49.30,36.84
411.80,35.15,21.19,22.80,21.33,98.26,56.64,49.30,36.84
411.81,35.21,21.23,22.76,21.30,98.26,56.64,49.30,36.84
411.82,35.21,21.23,22.76,21.30,98.26,56.64,49.30,36.84
411.83,35.28,21.19,22.80,21.30,98.26,56.64,49.18,36.84
411.84,35.15,21.23,22.76,21.30,98.26,56.64,49.18,36.84
411.85,35.15,21.19,22.76,21.33,98.26,56.64,49.18,36.84
411.86,35.21,21.23,22.80,21.30,98.64,56.64,49.30,36.84
411.87,35.21,21.23,22.76,21.30,98.26,56.64,49.30,36.84
411.88,35.08,21.19,22.80,21.30,98.26,56.64,49.30,36.84
411.89,35.21,21.23,22.76,21.30,98.26,56.64,49.30,36.91
411.90,35.08,21.19,22.76,21.33,98.26,56.64,49.30,36.84
411.91,35.08,21.23,22.80,21.33,98.26,56.64,49.30,36.84
411.92,35.15,21.23,22.76,21.30,98.26,56.64,49.30,36.84
411.93,35.15,21.23,22.73,21.30,98.26,56.50,49.30,36.84
411.94,35.21,21.19,22.80,21.33,98.26,56.64,49.30,36.84
411.95,35.15,21.19,22.76,21.33,98.26,56.64,49.30,36.98
411.96,35.21,21.23,22.80,21.30,98.26,56.64,49.30,36.84
411.97,35.28,21.23,22.80,21.33,98.26,56.64,49.18,36.84
411.98,35.21,21.19,22.76,21.33,98.26,56.64,49.18,36.84
411.99,35.15,21.19,22.76,21.33,98.64,56.64,49.30,36.84
412.00,35.21,21.19,22.76,21.33,98.26,56.50,49.18,36.84
412.01,35.21,21.23,22.76,21.30,98.26,56.50,49.18,36.84
412.02,35.21,21.23,22.80,21.33,98.26,56.64,49.18,36.84
412.03,35.15,21.23,22.76,21.33,98.26,56.64,49.41,36.91
412.04,35.21,21.23,22.76,21.33,98.26,56.64,49.41,36.84
412.05,35.15,21.19,22.76,21.30,98.26,56.64,49.30,36.91
412.06,35.21,21.23,22.80,21.30,98.26,56.64,49.30,36.91
412.07,35.21,21.23,22.80,21.33,98.26,56.64,49.18,36.91
412.08,35.15,21.19,22.76,21.30,98.26,56.64,49.30,36.84
412.09,35.15,21.19,22.76,21.30,98.26,56.64,49.18,36.84
412.10,35.15,21.19,22.76,21.33,98.26,56.64,49.30,36.84
412.11,35.21,21.23,22.76,21.30,98.26,56.64,49.30,36.84
412.12,35.21,21.23,22.76,21.30,98.26,56.64,49.30,36.84
412.13,35.21,21.23,22.76,21.30,98.26,56.64,49.30,36.84
412.14,35.15,21.19,22.76,21.30,98.26,56.64,49.18,36.84
412.15,35.15,21.19,22.76,21.30,98.26,56.64,49.30,36.91
412.16,35.15,21.23,22.76,21.30,98.26,56.64,49.30,36.91
412.17,35.21,21.23,22.76,21.33,98.26,56.64,49.30,36.84
412.18,35.21,21.23,22.76,21.33,98.26,56.64,49.30,36.91
412.19,35.15,21.16,22.80,21.30,98.26,56.64,49.18,36.84
412.20,35.15,21.19,22.76,21.33,98.64,56.64,49.18,36.91
412.21,35.15,21.23,22.76,21.33,98.26,56.64,49.18,36.84
412.22,35.15,21.23,22.80,21.33,98.26,56.64,49.30,36.84
412.23,35.15,21.19,22.76,21.30,98.26,56.64,49.30,36.84
412.24,35.15,21.19,22.76,21.33,98.26,56.64,49.30,36.84
412.25,35.15,21.19,22.76,21.30,98.26,56.64,49.18,36.91
412.26,35.21,21.23,22.76,21.33,98.26,56.64,49.18,36.84
412.27,35.08,21.23,22.80,21.30,98.26,56.64,49.18,36.84
412.28,35.21,21.23,22.76,21.33,98.26,56.50,49.30,36.84
412.29,35.15,21.19,22.76,21.30,98.26,56.64,49.18,36.84
412.30,35.15,21.19,22.76,21.30,98.26,56.64,49.30,36.91
412.31,35.21,21.23,22.80,21.30,98.26,56.64,49.30,36.91
412.32,35.21,21.23,22.76,21.30,98.26,56.64,49.30,36.91
412.33,35.15,21.23,22.76,21.30,98.26,56.64,49.30,36.84
412.34,35.15,21.19,22.76,21.30,98.26,56.64,49.30,36.84
412.35,35.15,21.19,22.76,21.30,98.26,56.64,49.30,36.84
412.36,35.15,21.19,22.80,21.33,98.64,56.64,49.30,36.84
412.37,35.21,21.19,22.76,21.30,98.26,56.64,49.30,36.84
412.38,35.15,21.19,22.76,21.33,98.26,56.64,49.30,36.91
412.39,35.15,21.19,22.76,21.33,98.26,56.64,49.30,36.84
412.40,35.15,21.19,22.76,21.33,98.26,56.64,49.30,36.91
412.41,35.21,21.23,22.76,21.33,98.26,56.64,49.30,36.84
412.42,35.21,21.23,22.80,21.33,98.26,56.64,49.30,36.84
412.43,35.21,21.19,22.76,21.33,98.26,56.64,49.18,36.91
412.44,35.15,21.19,22.76,21.30,98.26,56.50,49.18,36.84
412.45,35.15,21.19,22.76,21.30,98.26,56.64,49.30,36.84
412.46,35.21,21.23,22.76,21.33,98.26,56.64,49.30,36.84
412.47,35.21,21.23,22.76,21.30,98.26,56.64,49.30,36.84
412.48,35.15,21.19,22.76,21.33,98.26,56.64,49.18,36.84
412.49,35.21,21.19,22.76,21.33,98.26,56.50,49.18,36.91
412.50,35.21,21.19,22.76,21.30,98.26,56.64,49.18,36.91
412.51,35.15,21.23,22.76,21.33,98.26,56.64,49.30,36.91
412.52,35.21,21.23,22.76,21.33,98.26,56.64,49.30,36.84
412.53,35.21,21.23,22.76,21.30,98.26,56.64,49.18,36.84
412.54,35.15,21.19,22.76,21.30,98.26,56.64,49.18,36.91
412.55,35.15,21.19,22.76,21.33,98.26,56.64,49.18,36.91
412.56,35.21,21.19,22.76,21.33,98.26,56.64,49.30,36.91
412.57,35.21,21.23,22.76,21.30,98.26,56.64,49.30,36.84
412.58,35.15,21.19,22.76,21.30,98.26,56.64,49.30,36.84
412.59,35.15,21.19,22.76,21.30,98.26,56.64,49.30,36.91
412.60,35.21,21.19,22.76,21.33,98.26,56.64,49.30,36.84
412.61,35.21,21.23,22.76,21.33,98.26,56.64,49.30,36.91
412.62,35.21,21.23,22.76,21.30,98.26,56.64,49.18,36.91
412.63,35.15,21.23,22.76,21.33,98.26,56.64,49.30,36.84
412.64,35.15,21.19,22.76,21.30,98.26,56.64,49.30,36.91
412.65,35.15,21.19,22.76,21.33,98.26,56.64,49.30,36.91
412.66,35.15,21.23,22.80,21.33,98.64,56.64,49.30,36.91
412.67,35.15,21.19,22.80,21.30,98.26,56.64,49.30,36.91
412.68,35.15,21.19,22.76,21.30,98.26,56.64,49.30,36.91
412.69,35.15,21.19,22.76,21.33,98.26,56.64,49.30,36.84
412.70,35.15,21.19,22.76,21.33,98.26,56.64,49.30,36.91
412.71,35.21,21.19,22.80,21.30,98.26,56.64,49.30,36.84
412.72,35.15,21.19,22.76,21.33,98.26,56.64,49.30,36.91
412.73,35.21,21.19,22.76,21.33,98.26,56.64,49.30,36.84
412.74,35.21,21.19,22.76,21.30,98.26,56.64,49.18,36.91
412.75,35.15,21.19,22.76,21.33,98.26,56.64,49.18,36.84
412.76,35.15,21.23,22.80,21.33,98.26,56.64,49.30,36.84
412.77,35.15,21.23,22.76,21.30,98.64,56.64,49.18,36.84
412.78,35.15,21.19,22.76,21.30,98.26,56.64,49.18,36.84
412.79,35.15,21.19,22.76,21.33,98.26,56.64,49.30,36.91
412.80,35.15,21.19,22.76,21.33,98.26,56.64,49.30,36.84
412.81,35.21,21.19,22.76,21.30,98.26,56.64,49.30,36.84
412.82,35.21,21.23,22.76,21.33,98.26,56.64,49.30,36.84
412.83,35.15,21.19,22.76,21.33,98.26,56.64,49.30,36.84
412.84,35.15,21.19,22.76,21.33,98.26,56.64,49.18,36.91
412.85,35.15,21.19,22.76,21.33,98.26,56.64,49.18,36.91
412.86,35.21,21.23,22.80,21.33,98.26,56.64,49.30,36.84
412.87,35.21,21.19,22.80,21.30,98.26,56.64,49.30,36.91
412.88,35.15,21.19,22.76,21.33,98.26,56.64,49.30,36.84
412.89,35.15,21.19,22.76,21.33,98.26,56.64,49.30,36.84
412.90,35.15,21.19,22.76,21.30,98.26,56.64,49.30,36.84
412.91,35.21,21.26,22.76,21.33,98.26,56.64,49.30,36.91
412.92,35.15,21.19,22.76,21.30,98.26,56.64,49.30,36.91
412.93,35.15,21.23,22.76,21.30,98.26,56.64,49.18,36.84
412.94,35.15,21.19,22.76,21.33,98.26,56.64,49.30,36.91
412.95,35.15,21.19,22.76,21.33,98.26,56.64,49.18,36.91
412.96,35.15,21.23,22.76,21.33,98.26,56.64,49.30,36.84
412.97,35.21,21.23,22.76,21.33,98.26,56.64,49.30,36.84
412.98,35.15,21.19,22.76,21.33,98.26,56.64,49.30,36.91
412.99,35.15,21.19,22.76,21.33,98.26,56.64,49.18,36.91
413.00,35.15,21.19,22.76,21.30,98.26,56.50,49.30,36.84
413.01,35.21,21.23,22.76,21.33,98.26,56.92,49.30,36.91
413.02,35.21,21.23,22.80,21.33,97.88,56.50,49.30,36.91
413.03,35.08,21.19,22.76,21.33,98.26,56.64,49.30,36.91
413.04,35.15,21.19,22.76,21.33,98.26,56.64,49.18,36.91
413.05,35.15,21.19,22.76,21.33,98.26,56.64,49.18,36.84
413.06,35.15,21.23,22.76,21.33,98.26,56.64,49.30,36.91
413.07,35.21,21.23,22.80,21.33,98.26,56.64,49.18,36.91
413.08,35.21,21.19,22.76,21.30,98.26,56.64,49.18,36.91
413.09,35.15,21.19,22.76,21.30,97.88,56.64,49.18,36.91
413.10,35.21,21.19,22.76,21.30,98.26,56.64,49.18,36.91
413.11,35.15,21.23,22.76,21.33,98.26,56.64,49.30,36.91
413.12,35.28,21.19,22.76,21.33,98.26,56.64,49.30,36.84
413.13,35.15,21.19,22.76,21.33,98.26,56.64,49.18,36.84
413.14,35.15,21.19,22.76,21.30,98.26,56.64,49.30,36.84
413.15,35.21,21.19,22.76,21.30,98.26,56.50,49.30,36.84
413.16,35.21,21.23,22.76,21.33,98.26,56.64,49.30,36.84
413.17,35.21,21.19,22.76,21.30,98.26,56.64,49.30,36.84
413.18,35.15,21.19,22.80,21.30,98.26,56.64,49.30,36.91
413.19,35.21,21.16,22.73,21.30,98.26,56.50,49.30,36.84
413.20,35.15,21.19,22.76,21.33,98.26,56.64,49.18,36.91
413.21,35.21,21.23,22.76,21.33,98.26,56.64,49.30,36.91
413.22,35.15,21.23,22.76,21.33,98.26,56.64,49.18,36.91
413.23,35.15,21.19,22.76,21.33,98.26,56.50,49.30,36.91
413.24,35.15,21.19,22.76,21.30,98.26,56.64,49.30,36.91
413.25,35.15,21.19,22.76,21.33,97.88,56.64,49.18,36.84
413.26,35.15,21.23,22.76,21.33,98.64,56.64,49.30,36.84
413.27,35.15,21.19,22.76,21.33,97.88,56.64,49.18,36.84
413.28,35.15,21.19,22.76,21.30,98.26,56.64,49.18,36.84
413.29,35.15,21.19,22.76,21.33,98.26,56.64,49.18,36.91
413.30,35.15,21.19,22.76,21.33,98.26,56.64,49.30,36.91
413.31,35.15,21.23,22.80,21.33,98.64,56.64,49.30,36.84
413.32,35.15,21.23,22.80,21.33,98.26,56.64,49.30,36.91
413.33,35.15,21.23,22.76,21.33,98.26,56.64,49.18,36.84
413.34,35.15,21.19,22.76,21.33,98.26,56.64,49.30,36.91
413.35,35.15,21.19,22.76,21.33,98.26,56.64,49.30,36.91
413.36,35.21,21.23,22.76,21.33,98.26,56.50,49.30,36.91
413.37,35.15,21.23,22.80,21.30,98.26,56.64,49.30,36.91
413.38,35.15,21.19,22.76,21.33,98.26,56.64,49.30,36.91
413.39,35.15,21.19,22.76,21.33,98.64,56.64,49.18,36.91
413.40,35.15,21.19,22.76,21.33,98.26,56.64,49.41,36.91
413.41,35.15,21.23,22.76,21.30,98.26,56.64,49.30,36.84
413.42,35.15,21.23,22.80,21.33,98.26,56.64,49.30,36.91
413.43,35.15,21.19,22.76,21.33,98.26,56.64,49.30,36.91
413.44,35.15,21.19,22.76,21.33,98.26,56.64,49.30,36.91
413.45,35.21,21.19,22.76,21.33,98.26,56.64,49.18,36.91
413.46,35.21,21.23,22.76,21.33,98.64,56.64,49.30,36.91
413.47,35.21,21.19,22.76,21.33,98.26,56.64,49.30,36.91
413.48,35.21,21.23,22.76,21.33,98.26,56.64,49.30,36.91
413.49,35.15,21.19,22.76,21.33,98.26,56.64,49.18,36.91
413.50,35.15,21.19,22.76,21.33,98.26,56.64,49.30,36.91
413.51,35.21,21.19,22.80,21.33,98.64,56.64,49.18,36.91
413.52,35.21,21.23,22.80,21.33,98.64,56.64,49.30,36.91
413.53,35.21,21.19,22.76,21.33,98.26,56.64,49.18,36.91
413.54,35.21,21.19,22.76,21.33,98.26,56.64,49.18,36.91
413.55,35.15,21.19,22.76,21.33,98.26,56.64,49.30,36.91
413.56,35.15,21.23,22.76,21.30,98.26,56.64,49.30,36.91
413.57,35.15,21.19,22.80,21.33,98.26,56.64,49.18,36.91
413.58,35.21,21.19,22.76,21.33,98.26,56.64,49.18,36.91
413.59,35.28,21.19,22.76,21.33,98.26,56.50,49.30,36.91
413.60,35.15,21.19,22.76,21.33,98.26,56.64,49.30,36.91
413.61,35.15,21.19,22.80,21.33,98.26,56.64,49.30,36.91
413.62,35.28,21.19,22.76,21.33,98.26,56.64,49.30,36.91
413.63,35.15,21.19,22.76,21.30,98.26,56.64,49.30,36.91
413.64,35.15,21.19,22.76,21.33,98.26,56.64,49.30,36.91
413.65,35.15,21.19,22.76,21.33,98.26,56.64,49.18,36.91
413.66,35.21,21.19,22.76,21.30,98.26,56.64,49.30,36.91
413.67,35.21,21.23,22.80,21.33,98.26,56.64,49.30,36.91
413.68,35.21,21.19,22.76,21.33,98.26,56.64,49.30,36.91
413.69,35.15,21.19,22.76,21.33,98.26,56.64,49.30,36.91
413.70,35.15,21.19,22.76,21.33,98.26,56.64,49.30,36.91
413.71,35.15,21.23,22.76,21.33,98.26,56.50,49.30,36.91
413.72,35.15,21.19,22.76,21.33,98.26,56.64,49.30,36.91
413.73,35.15,21.19,22.76,21.30,98.26,56.50,49.18,36.91
413.74,35.15,21.19,22.76,21.30,98.26,56.64,49.18,36.91
413.75,35.08,21.19,22.76,21.33,98.26,56.64,49.18,36.91
413.76,35.15,21.19,22.76,21.33,98.64,56.64,49.30,36.84
413.77,35.15,21.19,22.76,21.30,98.26,56.64,49.30,36.91
413.78,35.15,21.19,22.76,21.33,98.26,56.64,49.30,36.91
413.79,35.15,21.19,22.73,21.30,98.26,56.50,49.30,36.91
413.80,35.15,21.19,22.76,21.33,98.26,56.64,49.18,36.91
413.81,35.21,21.19,22.76,21.30,98.26,56.50,49.30,36.91
413.82,35.15,21.23,22.76,21.33,98.26,56.64,49.18,36.91
413.83,35.15,21.19,22.76,21.33,98.26,56.64,49.18,36.91
413.84,35.15,21.19,22.76,21.33,98.26,56.64,49.30,36.91
413.85,35.15,21.19,22.76,21.30,98.26,56.64,49.18,36.91
413.86,35.15,21.19,22.80,21.33,98.26,56.64,49.30,36.84
413.87,35.28,21.19,22.76,21.30,98.26,56.50,49.30,36.91
413.88,35.21,21.19,22.76,21.30,98.26,56.64,49.30,36.91
413.89,35.15,21.19,22.76,21.33,98.26,56.64,49.30,36.91
413.90,35.15,21.19,22.76,21.33,98.26,56.64,49.30,36.91
413.91,35.15,21.19,22.76,21.30,98.26,56.64,49.30,36.91
413.92,35.15,21.19,22.76,21.33,98.26,56.64,49.30,36.91
413.93,35.15,21.19,22.76,21.33,98.26,56.64,49.18,36.91
413.94,35.15,21.19,22.76,21.30,98.26,56.50,49.18,36.91
413.95,35.15,21.19,22.76,21.30,98.26,56.50,49.18,36.91
413.96,35.15,21.23,22.76,21.33,98.26,56.64,49.30,36.98
413.97,35.21,21.23,22.76,21.30,98.26,56.64,49.30,36.91
413.98,35.21,21.19,22.76,21.30,98.26,56.64,49.18,36.91
413.99,35.15,21.19,22.76,21.30,98.26,56.64,49.30,36.84
414.00,35.21,21.19,22.76,21.30,98.26,56.64,49.30,36.91
414.01,35.21,21.19,22.76,21.30,98.26,56.64,49.18,36.91
414.02,35.15,21.19,22.76,21.33,98.26,56.64,49.30,36.91
414.03,35.15,21.19,22.76,21.33,98.26,56.64,49.30,36.84
414.04,35.21,21.19,22.76,21.30,98.26,56.50,49.30,36.91
414.05,35.21,21.19,22.76,21.30,98.26,56.64,49.30,36.84
414.06,35.15,21.19,22.76,21.33,98.26,56.64,49.30,36.91
414.07,35.15,21.19,22.76,21.30,98.26,56.64,49.30,36.84
414.08,35.15,21.19,22.76,21.30,98.26,56.64,49.30,36.91
414.09,35.15,21.19,22.76,21.30,98.26,56.64,49.18,36.91
414.10,35.15,21.19,22.76,21.33,98.26,56.64,49.30,36.98
414.11,35.15,21.19,22.76,21.30,98.26,56.64,49.30,36.91
414.12,35.15,21.19,22.76,21.30,98.26,56.64,49.18,36.91
414.13,35.15,21.19,22.76,21.30,98.26,56.64,49.30,36.91
414.14,35.15,21.16,22.76,21.33,98.26,56.64,49.30,36.91
414.15,35.01,21.19,22.76,21.30,98.26,56.50,49.30,36.91
414.16,35.21,21.23,22.76,21.33,98.26,56.64,49.30,36.91
414.17,35.15,21.16,22.76,21.30,98.26,56.64,49.30,36.91
414.18,35.15,21.19,22.76,21.30,98.26,56.64,49.30,36.91
414.19,35.15,21.16,22.73,21.30,98.26,56.50,49.30,36.91
414.20,35.15,21.16,22.76,21.33,98.26,56.64,49.30,36.91
414.21,35.15,21.19,22.76,21.33,98.26,56.64,49.30,36.91
414.22,35.15,21.19,22.76,21.30,98.26,56.64,49.30,36.91
414.23,35.08,21.19,22.76,21.30,98.26,56.50,49.18,36.84
414.24,35.15,21.19,22.73,21.33,98.26,56.64,49.18,36.91
414.25,35.15,21.19,22.76,21.33,98.26,56.50,49.18,36.91
414.26,35.15,21.19,22.76,21.33,98.26,56.78,49.30,36.91
414.27,35.15,21.19,22.76,21.33,98.26,56.50,49.30,36.84
414.28,35.15,21.16,22.76,21.33,98.64,56.64,49.18,36.98
414.29,35.15,21.16,22.76,21.30,98.26,56.50,49.18,36.84
414.30,35.15,21.19,22.76,21.30,98.26,56.64,49.30,36.91
414.31,35.21,21.23,22.76,21.33,98.26,56.64,49.30,36.91
414.32,35.15,21.19,22.76,21.30,98.26,56.64,49.30,36.91
414.33,35.15,21.19,22.76,21.30,98.26,56.64,49.30,36.91
414.34,35.15,21.19,22.76,21.33,98.26,56.50,49.18,36.91
414.35,35.15,21.19,22.76,21.33,98.26,56.64,49.18,36.91
414.36,35.15,21.19,22.76,21.33,98.26,56.64,49.30,36.91
414.37,35.15,21.19,22.76,21.33,98.26,56.64,49.30,36.91
414.38,35.15,21.19,22.76,21.30,98.26,56.64,49.30,36.91
414.39,35.21,21.19,22.73,21.30,98.26,56.64,49.30,36.91
414.40,35.08,21.19,22.76,21.33,98.26,56.50,49.18,36.84
414.41,35.28,21.23,22.76,21.30,98.64,56.64,49.30,36.91
414.42,35.15,21.19,22.76,21.33,98.26,56.50,49.30,36.91
414.43,35.15,21.16,22.73,21.33,98.26,56.64,49.18,36.84
414.44,35.15,21.19,22.73,21.30,98.26,56.64,49.18,36.91
414.45,35.15,21.19,22.76,21.30,98.26,56.64,49.30,36.91
414.46,35.15,21.19,22.76,21.30,98.26,56.64,49.30,36.84
414.47,35.15,21.19,22.76,21.33,98.26,56.50,49.30,36.91
414.48,35.15,21.16,22.73,21.30,98.26,56.50,49.18,36.84
414.49,35.15,21.19,22.73,21.33,98.26,56.64,49.18,36.91
414.50,35.15,21.19,22.73,21.33,97.88,56.64,49.18,36.91
414.51,35.28,21.19,22.76,21.30,98.64,56.64,49.41,36.91
414.52,35.15,21.19,22.76,21.33,98.26,56.64,49.30,36.91
414.53,35.21,21.19,22.73,21.30,98.26,56.64,49.18,36.91
414.54,35.08,21.19,22.73,21.30,98.26,56.50,49.18,36.91
414.55,35.15,21.16,22.76,21.30,98.26,56.50,49.30,36.91
414.56,35.21,21.19,22.76,21.33,98.26,56.64,49.30,36.91
414.57,35.21,21.19,22.76,21.33,98.26,56.64,49.18,36.91
414.58,35.21,21.19,22.76,21.30,98.26,56.64,49.30,36.91
414.59,35.08,21.19,22.76,21.33,98.26,56.64,49.18,36.91
414.60,35.15,21.19,22.76,21.30,98.26,56.50,49.18,36.91
414.61,35.15,21.19,22.76,21.33,98.26,56.64,49.30,36.91
414.62,35.15,21.19,22.76,21.33,98.26,56.64,49.18,36.91
414.63,35.15,21.19,22.76,21.33,98.26,56.50,49.18,36.91
414.64,35.08,21.16,22.73,21.33,98.26,56.50,49.18,36.91
414.65,35.15,21.16,22.76,21.30,98.26,56.64,49.18,36.91
414.66,35.15,21.19,22.76,21.33,98.26,56.50,49.30,36.91
414.67,35.15,21.19,22.76,21.33,98.26,56.64,49.30,36.91
414.68,35.21,21.19,22.73,21.33,98.26,56.64,49.18,36.91
414.69,35.15,21.19,22.76,21.33,98.26,56.64,49.30,36.91
414.70,35.15,21.19,22.73,21.33,98.26,56.64,49.18,36.91
414.71,35.15,21.19,22.76,21.33,98.26,56.64,49.30,36.91
414.72,35.21,21.19,22.76,21.33,98.26,56.64,49.18,36.91
414.73,35.15,21.19,22.76,21.33,98.26,56.64,49.30,36.91
414.74,35.15,21.19,22.73,21.33,98.26,56.64,49.18,36.91
414.75,35.15,21.19,22.73,21.30,98.26,56.50,49.18,36.91
414.76,35.21,21.19,22.76,21.33,98.26,56.50,49.18,36.98
414.77,35.15,21.19,22.76,21.33,98.26,56.50,49.18,36.91
414.78,35.08,21.19,22.76,21.33,98.26,56.64,49.18,36.98
414.79,35.15,21.19,22.73,21.33,98.26,56.64,49.30,36.91
414.80,35.15,21.19,22.76,21.33,98.26,56.64,49.30,36.91
414.81,35.15,21.19,22.76,21.33,98.26,56.64,49.30,36.91
414.82,35.15,21.19,22.76,21.33,97.88,56.64,49.30,36.91
414.83,35.15,21.19,22.76,21.33,98.26,56.50,49.30,36.91
414.84,35.08,21.16,22.76,21.30,98.26,56.64,49.30,36.91
414.85,35.15,21.19,22.76,21.30,98.26,56.64,49.30,36.91
414.86,35.15,21.19,22.76,21.33,98.26,56.64,49.18,36.91
414.87,35.21,21.19,22.76,21.33,98.26,56.64,49.18,36.91
414.88,35.21,21.19,22.76,21.33,98.26,56.64,49.18,36.91
414.89,35.15,21.19,22.76,21.33,98.26,56.64,49.18,36.91
414.90,35.15,21.19,22.76,21.33,98.26,56.64,49.18,36.91
414.91,35.15,21.19,22.76,21.33,98.26,56.64,49.18,36.91
414.92,35.21,21.19,22.76,21.33,98.26,56.64,49.30,36.91
414.93,35.15,21.19,22.76,21.33,98.26,56.50,49.18,36.91
414.94,35.15,21.19,22.76,21.33,98.26,56.64,49.30,36.91
414.95,35.15,21.19,22.76,21.33,98.26,56.64,49.18,36.91
414.96,35.15,21.19,22.76,21.33,98.26,56.64,49.30,36.91
414.97,35.15,21.19,22.76,21.33,98.26,56.50,49.30,36.91
414.98,35.15,21.19,22.76,21.33,98.26,56.64,49.18,36.91
414.99,35.08,21.19,22.76,21.30,98.26,56.64,49.18,36.91
415.00,35.15,21.19,22.73,21.30,98.26,56.64,49.18,36.91
415.01,35.15,21.23,22.76,21.33,98.26,56.64,49.30,36.91
415.02,35.28,21.19,22.76,21.33,98.26,56.64,49.18,36.91
415.03,35.15,21.19,22.76,21.33,98.26,56.64,49.18,36.91
415.04,35.08,21.16,22.73,21.33,98.26,56.50,49.18,36.91
415.05,35.15,21.19,22.76,21.33,98.26,56.64,49.30,36.91
415.06,35.15,21.19,22.76,21.30,98.26,56.64,49.30,36.91
415.07,35.21,21.23,22.76,21.30,98.26,56.64,49.30,36.91
415.08,35.15,21.19,22.76,21.30,98.26,56.50,49.30,36.91
415.09,35.08,21.16,22.76,21.30,97.88,56.50,49.18,36.91
415.10,35.21,21.19,22.76,21.33,98.26,56.64,49.30,36.91
415.11,35.15,21.19,22.76,21.33,98.26,56.64,49.30,36.91
415.12,35.15,21.19,22.76,21.33,98.26,56.64,49.30,36.91
415.13,35.15,21.16,22.76,21.33,98.26,56.50,49.18,36.91
415.14,35.15,21.19,22.76,21.30,98.26,56.64,49.18,36.91
415.15,35.15,21.19,22.76,21.33,98.26,56.50,49.18,36.91
415.16,35.15,21.19,22.76,21.33,98.26,56.64,49.30,36.91
415.17,35.15,21.19,22.76,21.30,98.26,56.50,49.30,36.91
415.18,35.15,21.19,22.76,21.33,98.26,56.50,49.30,36.91
415.19,35.15,21.19,22.73,21.33,98.26,56.64,49.30,36.91
415.20,35.15,21.19,22.76,21.33,98.26,56.64,49.18,36.91
415.21,35.21,21.19,22.76,21.33,98.26,56.64,49.30,36.91
415.22,35.15,21.19,22.76,21.30,98.26,56.64,49.30,36.91
415.23,35.15,21.19,22.73,21.30,98.26,56.64,49.18,36.91
415.24,35.08,21.19,22.76,21.30,98.26,56.64,49.18,36.91
415.25,35.15,21.19,22.76,21.33,98.26,56.64,49.18,36.91
415.26,35.15,21.19,22.76,21.33,98.26,56.64,49.30,36.98
415.27,35.15,21.19,22.76,21.30,98.26,56.64,49.30,36.91
415.28,35.15,21.19,22.76,21.33,98.26,56.64,49.18,36.91
415.29,35.08,21.16,22.76,21.33,98.26,56.50,49.30,36.91
415.30,35.08,21.19,22.76,21.33,98.26,56.64,49.30,36.91
415.31,35.15,21.19,22.76,21.30,98.26,56.64,49.30,36.91
415.32,35.21,21.19,22.76,21.30,98.26,56.64,49.18,36.91
415.33,35.15,21.19,22.76,21.33,98.26,56.50,49.18,36.91
415.34,35.15,21.19,22.76,21.30,98.26,56.50,49.18,36.91
415.35,35.15,21.19,22.76,21.33,98.26,56.64,49.30,36.91
415.36,35.15,21.19,22.76,21.30,98.26,56.64,49.30,36.91
415.37,35.15,21.19,22.76,21.33,98.26,56.64,49.30,36.91
415.38,35.21,21.19,22.76,21.30,98.26,56.64,49.18,36.91
415.39,35.08,21.19,22.76,21.30,98.26,56.50,49.18,36.91
415.40,35.15,21.16,22.76,21.30,98.26,56.64,49.30,36.91
415.41,35.21,21.26,22.76,21.30,98.26,56.64,49.18,36.91
415.42,35.15,21.19,22.76,21.33,98.26,56.64,49.18,36.91
415.43,35.21,21.19,22.76,21.33,98.26,56.50,49.30,36.91
415.44,35.15,21.19,22.73,21.30,98.26,56.50,49.18,36.98
415.45,35.15,21.19,22.76,21.30,98.26,56.64,49.30,36.91
415.46,35.21,21.19,22.76,21.33,98.26,56.64,49.30,36.91
415.47,35.15,21.19,22.76,21.33,98.26,56.64,49.30,36.91
415.48,35.15,21.19,22.76,21.33,98.26,56.50,49.18,36.91
415.49,35.08,21.19,22.76,21.30,98.26,56.64,49.30,36.98
415.50,35.15,21.19,22.73,21.30,98.26,56.64,49.18,36.91
415.51,35.21,21.19,22.76,21.30,98.26,56.78,49.30,36.98
415.52,35.21,21.19,22.76,21.30,98.26,56.64,49.30,36.91
415.53,35.15,21.19,22.76,21.33,98.26,56.64,49.30,36.91
415.54,35.15,21.19,22.73,21.30,98.26,56.50,49.30,36.91
415.55,35.15,21.19,22.76,21.30,98.26,56.64,49.30,36.91
415.56,35.15,21.19,22.76,21.33,98.26,56.64,49.30,36.98
415.57,35.15,21.19,22.76,21.33,98.26,56.64,49.30,36.91
415.58,35.15,21.19,22.76,21.30,98.26,56.64,49.30,36.91
415.59,35.15,21.19,22.76,21.33,98.26,56.64,49.30,36.91
415.60,35.15,21.19,22.76,21.33,98.26,56.64,49.30,36.91
415.61,35.08,21.19,22.76,21.33,98.26,56.64,49.30,36.91
415.62,35.15,21.19,22.76,21.30,98.26,56.64,49.18,36.91
415.63,35.15,21.19,22.76,21.30,98.26,56.64,49.30,36.91
415.64,35.15,21.19,22.76,21.33,97.88,56.64,49.30,36.91
415.65,35.21,21.19,22.76,21.33,98.26,56.64,49.30,36.91
415.66,35.15,21.23,22.76,21.33,98.26,56.64,49.30,36.91
415.67,35.21,21.19,22.76,21.33,98.26,56.64,49.30,36.91
415.68,35.21,21.19,22.76,21.33,98.26,56.50,49.18,36.91
415.69,35.15,21.19,22.76,21.33,98.26,56.50,49.30,36.91
415.70,35.15,21.19,22.76,21.33,98.26,56.64,49.30,36.91
415.71,35.15,21.16,22.76,21.33,98.26,56.64,49.18,36.98
415.72,35.21,21.19,22.76,21.33,98.26,56.64,49.30,36.98
415.73,35.21,21.19,22.76,21.33,98.26,56.64,49.18,36.98
415.74,35.15,21.19,22.76,21.33,98.26,56.64,49.30,36.91
415.75,35.15,21.19,22.76,21.33,97.88,56.64,49.18,36.91
415.76,35.08,21.23,22.76,21.33,99.02,56.50,49.30,36.98
415.77,35.21,21.23,22.76,21.30,98.26,56.64,49.07,36.98
415.78,35.15,21.19,22.76,21.33,98.26,56.64,49.30,36.98
415.79,35.21,21.19,22.73,21.30,98.26,56.64,49.30,36.98
415.80,35.15,21.19,22.76,21.30,98.26,56.64,49.30,36.91
415.81,35.15,21.23,22.76,21.33,98.64,56.64,49.30,36.91
415.82,35.15,21.19,22.76,21.33,98.26,56.64,49.30,36.84
415.83,35.15,21.19,22.76,21.30,98.26,56.64,49.18,36.98
415.84,35.15,21.19,22.76,21.33,98.26,56.50,49.30,36.91
415.85,35.15,21.19,22.76,21.33,98.26,56.64,49.30,36.98
415.86,35.21,21.23,22.76,21.33,98.26,56.64,49.30,36.98
415.87,35.21,21.19,22.76,21.33,98.26,56.64,49.30,36.91
415.88,35.08,21.19,22.76,21.30,98.26,56.64,49.30,36.91
415.89,35.15,21.19,22.76,21.33,98.26,56.64,49.18,36.91
415.90,35.15,21.19,22.76,21.30,98.26,56.64,49.18,36.98
415.91,35.15,21.23,22.76,21.33,98.26,56.64,49.18,36.98
415.92,35.15,21.19,22.76,21.33,98.26,56.64,49.18,36.91
415.93,35.15,21.16,22.76,21.30,98.26,56.64,49.30,36.91
415.94,35.15,21.19,22.73,21.30,98.26,56.64,49.30,36.91
415.95,35.15,21.19,22.73,21.30,98.26,56.64,49.30,36.98
415.96,35.21,21.23,22.76,21.33,98.26,56.64,49.30,36.98
415.97,35.21,21.19,22.76,21.33,98.26,56.64,49.30,36.91
415.98,35.15,21.19,22.76,21.33,98.26,56.64,49.30,36.91
415.99,35.15,21.19,22.73,21.30,98.26,56.64,49.30,36.91
416.00,35.21,21.19,22.76,21.33,98.26,56.64,49.30,36.91
416.01,35.15,21.23,22.76,21.33,98.26,56.50,49.30,36.91
416.02,35.15,21.19,22.80,21.33,98.26,56.64,49.30,36.91
416.03,35.15,21.19,22.76,21.30,98.26,56.64,49.30,36.98
416.04,35.15,21.19,22.73,21.33,98.26,56.64,49.30,36.91
416.05,35.15,21.19,22.76,21.33,98.26,56.64,49.30,36.98
416.06,35.15,21.23,22.76,21.33,98.26,56.64,49.30,36.91
416.07,35.15,21.23,22.76,21.30,98.26,56.50,49.30,36.91
416.08,35.08,21.19,22.76,21.33,98.26,56.64,49.30,36.91
416.09,35.15,21.19,22.76,21.33,98.26,56.64,49.30,36.91
416.10,35.15,21.23,22.76,21.33,98.26,56.64,49.30,36.98
416.11,35.15,21.19,22.76,21.33,98.26,56.50,49.30,36.98
416.12,35.15,21.19,22.76,21.33,98.26,56.64,49.30,36.91
416.13,35.21,21.19,22.76,21.33,98.26,56.64,49.30,36.91
416.14,35.15,21.19,22.76,21.33,98.26,56.64,49.30,36.98
416.15,35.21,21.19,22.76,21.33,98.26,56.64,49.30,36.91
416.16,35.21,21.23,22.76,21.33,98.26,56.64,49.30,36.98
416.17,35.21,21.19,22.76,21.33,98.26,56.64,49.30,36.98
416.18,35.21,21.19,22.76,21.33,98.26,56.64,49.30,36.98
416.19,35.15,21.19,22.73,21.33,98.26,56.64,49.30,36.91
416.20,35.15,21.19,22.76,21.33,98.26,56.64,49.18,36.91
416.21,35.21,21.23,22.76,21.33,98.26,56.64,49.30,36.98
416.22,35.15,21.23,22.76,21.33,98.26,56.64,49.30,36.98
416.23,35.15,21.19,22.76,21.30,98.26,56.64,49.30,36.98
416.24,35.21,21.19,22.76,21.33,98.26,56.64,49.30,36.98
416.25,35.21,21.19,22.76,21.33,98.26,56.64,49.30,36.98
416.26,35.21,21.23,22.76,21.30,98.26,56.50,49.30,36.98
416.27,35.15,21.23,22.76,21.33,98.26,56.64,49.30,36.98
416.28,35.15,21.19,22.76,21.33,98.26,56.64,49.30,36.98
416.29,35.15,21.19,22.76,21.30,98.26,56.64,49.30,36.91
416.30,35.15,21.19,22.76,21.33,98.64,56.50,49.30,36.91
416.31,35.15,21.19,22.80,21.33,98.26,56.64,49.30,36.91
416.32,35.15,21.23,22.76,21.33,98.26,56.64,49.30,36.98
416.33,35.21,21.19,22.76,21.33,98.26,56.64,49.18,36.98
416.34,35.21,21.19,22.76,21.30,98.26,56.50,49.18,36.91
416.35,35.15,21.19,22.76,21.33,98.26,56.64,49.30,36.91
416.36,35.21,21.23,22.76,21.33,98.26,56.64,49.30,36.91
416.37,35.21,21.19,22.76,21.33,98.26,56.64,49.30,36.91
416.38,35.15,21.19,22.76,21.33,98.26,56.50,49.30,36.98
416.39,35.15,21.19,22.76,21.33,98.26,56.64,49.30,36.98
416.40,35.15,21.19,22.76,21.33,98.26,56.64,49.30,36.98
416.41,35.15,21.23,22.76,21.33,98.26,56.50,49.30,36.98
416.42,35.21,21.19,22.76,21.33,98.26,56.64,49.30,36.91
416.43,35.15,21.23,22.76,21.33,98.26,56.64,49.30,36.98
416.44,35.21,21.19,22.76,21.33,98.26,56.64,49.30,36.98
416.45,35.08,21.23,22.76,21.33,98.26,56.64,49.30,36.91
416.46,35.15,21.23,22.76,21.33,98.26,56.64,49.30,36.91
416.47,35.15,21.19,22.76,21.30,98.26,56.64,49.30,36.98
416.48,35.15,21.19,22.76,21.33,98.26,56.64,49.18,36.98
416.49,35.15,21.19,22.76,21.30,98.26,56.64,49.30,36.98
416.50,35.21,21.19,22.76,21.33,98.26,56.64,49.30,36.98
416.51,35.21,21.23,22.76,21.33,98.26,56.64,49.30,36.98
416.52,35.21,21.23,22.76,21.33,98.26,56.64,49.30,36.98
416.53,35.21,21.19,22.76,21.33,98.26,56.64,49.30,36.91
416.54,35.15,21.19,22.76,21.33,98.26,56.64,49.30,36.98
416.55,35.15,21.19,22.80,21.33,98.26,56.64,49.30,36.98
416.56,35.21,21.23,22.76,21.33,98.26,56.64,49.30,36.98
416.57,35.15,21.23,22.76,21.33,98.26,56.64,49.30,36.98
416.58,35.15,21.19,22.76,21.30,98.26,56.64,49.30,36.98
416.59,35.15,21.19,22.76,21.33,98.26,56.50,49.30,36.91
416.60,35.15,21.23,22.76,21.33,98.26,56.64,49.30,36.98
416.61,35.21,21.23,22.76,21.30,98.26,56.64,49.30,36.98
416.62,35.21,21.19,22.80,21.33,98.26,56.64,49.30,36.98
416.63,35.15,21.19,22.76,21.33,98.26,56.64,49.30,36.91
416.64,35.15,21.23,22.76,21.33,98.64,56.64,49.30,36.91
416.65,35.15,21.19,22.76,21.33,98.26,56.64,49.30,36.91
416.66,35.15,21.26,22.80,21.33,98.26,56.50,49.41,36.98
416.67,35.21,21.19,22.80,21.33,98.26,56.64,49.30,36.98
416.68,35.21,21.23,22.76,21.33,98.26,56.64,49.18,36.98
416.69,35.15,21.19,22.76,21.33,98.26,56.64,49.30,36.98
416.70,35.08,21.19,22.76,21.33,98.26,56.64,49.41,36.98
416.71,35.15,21.23,22.76,21.33,98.64,56.64,49.30,36.98
416.72,35.21,21.19,22.76,21.33,98.26,56.64,49.30,36.98
416.73,35.15,21.19,22.76,21.33,98.26,56.64,49.30,36.98
416.74,35.21,21.19,22.76,21.30,98.26,56.64,49.18,36.98
416.75,35.15,21.19,22.76,21.33,98.26,56.64,49.30,36.91
416.76,35.21,21.23,22.80,21.33,98.26,56.78,49.30,36.98
416.77,35.15,21.23,22.76,21.33,98.26,56.50,49.30,36.91
416.78,35.15,21.19,22.76,21.33,98.26,56.78,49.30,37.05
416.79,35.15,21.19,22.76,21.33,98.26,56.64,49.30,36.98
416.80,35.15,21.23,22.76,21.33,98.26,56.64,49.30,36.98
416.81,35.15,21.23,22.76,21.33,98.26,56.64,49.30,36.98
416.82,35.21,21.23,22.76,21.33,98.26,56.64,49.30,36.98
416.83,35.21,21.19,22.76,21.33,98.26,56.64,49.30,36.98
416.84,35.15,21.19,22.76,21.33,98.26,56.64,49.30,36.98
416.85,35.15,21.19,22.76,21.33,98.26,56.64,49.30,36.91
416.86,35.15,21.23,22.76,21.33,98.26,56.64,49.30,36.98
416.87,35.21,21.23,22.76,21.33,98.26,56.64,49.30,36.91
416.88,35.15,21.16,22.76,21.33,98.26,56.64,49.30,36.98
416.89,35.28,21.23,22.76,21.33,98.26,56.64,49.30,36.91
416.90,35.15,21.23,22.76,21.33,98.26,56.64,49.30,36.98
416.91,35.21,21.23,22.80,21.33,98.26,56.64,49.30,36.98
416.92,35.15,21.23,22.76,21.33,98.26,56.64,49.30,36.98
416.93,35.15,21.19,22.80,21.33,98.26,56.64,49.30,36.91
416.94,35.15,21.19,22.73,21.33,98.64,56.64,49.30,36.91
416.95,35.21,21.23,22.76,21.33,98.26,56.64,49.30,36.91
416.96,35.21,21.19,22.80,21.33,98.64,56.64,49.41,36.98
416.97,35.21,21.23,22.80,21.33,98.64,56.64,49.30,36.98
416.98,35.15,21.19,22.76,21.33,98.26,56.64,49.30,36.98
416.99,35.21,21.19,22.76,21.33,98.26,56.64,49.30,36.98
417.00,35.21,21.23,22.76,21.33,97.88,56.64,49.18,36.98
417.01,35.15,21.19,22.80,21.33,98.64,56.64,49.30,36.91
417.02,35.21,21.23,22.76,21.33,97.88,56.64,49.18,36.98
417.03,35.15,21.19,22.76,21.33,98.26,56.64,49.41,36.98
417.04,35.15,21.16,22.76,21.33,98.26,56.64,49.41,36.98
417.05,35.15,21.19,22.76,21.30,98.64,56.64,49.30,36.98
417.06,35.21,21.19,22.80,21.33,98.26,56.64,49.30,36.98
417.07,35.15,21.23,22.76,21.33,98.26,56.64,49.30,36.98
417.08,35.15,21.23,22.76,21.33,98.26,56.64,49.18,36.98
417.09,35.15,21.19,22.76,21.33,98.26,56.64,49.30,36.98
417.10,35.15,21.23,22.76,21.33,99.02,56.64,49.30,36.98
417.11,35.21,21.23,22.80,21.33,98.26,56.64,49.30,36.98
417.12,35.15,21.23,22.80,21.33,98.26,56.64,49.30,36.98
417.13,35.15,21.19,22.76,21.33,98.26,56.50,49.30,36.98
417.14,35.15,21.19,22.76,21.33,98.26,56.64,49.30,36.98
417.15,35.15,21.23,22.76,21.33,98.26,56.64,49.30,36.98
417.16,35.15,21.23,22.80,21.33,98.26,56.64,49.30,36.98
417.17,35.21,21.23,22.76,21.33,98.26,56.64,49.30,36.98
417.18,35.15,21.19,22.76,21.33,98.26,56.64,49.30,36.98
417.19,35.15,21.19,22.76,21.33,98.26,56.64,49.30,36.98
417.20,35.15,21.19,22.76,21.33,98.26,56.50,49.30,36.98
417.21,35.21,21.23,22.80,21.33,98.26,56.64,49.30,36.98
417.22,35.15,21.23,22.76,21.33,98.26,56.64,49.30,36.91
417.23,35.21,21.19,22.76,21.33,98.26,56.64,49.30,36.98
417.24,35.15,21.19,22.76,21.33,98.26,56.50,49.30,36.98
417.25,35.21,21.19,22.76,21.33,98.26,56.64,49.30,36.98
417.26,35.15,21.23,22.76,21.33,98.26,56.64,49.30,36.98
417.27,35.21,21.23,22.76,21.33,98.26,56.64,49.30,36.98
417.28,35.15,21.19,22.76,21.33,98.26,56.50,49.30,36.91
417.29,35.15,21.19,22.76,21.33,98.26,56.64,49.18,36.98
417.30,35.15,21.19,22.76,21.33,98.26,56.64,49.30,36.98
417.31,35.15,21.23,22.80,21.33,98.26,56.64,49.30,36.98
417.32,35.21,21.23,22.76,21.33,98.26,56.64,49.30,36.98
417.33,35.15,21.19,22.76,21.33,98.26,56.64,49.18,36.98
417.34,35.21,21.19,22.76,21.33,98.26,56.64,49.30,36.98
417.35,35.15,21.19,22.76,21.33,98.26,56.64,49.30,36.98
417.36,35.15,21.23,22.80,21.33,98.26,56.64,49.30,36.98
417.37,35.15,21.19,22.76,21.33,98.26,56.64,49.30,36.98
417.38,35.15,21.19,22.76,21.33,98.26,56.64,49.18,36.98
417.39,35.15,21.19,22.76,21.33,98.26,56.64,49.30,36.98
417.40,35.15,21.23,22.76,21.33,98.26,56.64,49.30,36.98
417.41,35.15,21.23,22.80,21.33,98.26,56.64,49.30,36.98
417.42,35.15,21.23,22.76,21.33,98.26,56.64,49.30,36.98
417.43,35.15,21.19,22.76,21.33,98.26,56.64,49.30,36.98
417.44,35.21,21.19,22.76,21.33,98.26,56.64,49.30,36.98
417.45,35.15,21.23,22.76,21.33,98.26,56.64,49.30,36.98
417.46,35.21,21.23,22.76,21.33,98.26,56.64,49.30,36.98
417.47,35.15,21.23,22.76,21.33,98.26,56.64,49.30,36.98
417.48,35.21,21.19,22.76,21.33,98.26,56.64,49.30,36.98
417.49,35.15,21.19,22.76,21.33,98.26,56.64,49.30,36.98
417.50,35.15,21.23,22.76,21.36,98.26,56.64,49.30,36.98
417.51,35.15,21.23,22.80,21.33,98.26,56.64,49.30,36.98
417.52,35.21,21.23,22.76,21.33,98.26,56.64,49.30,36.98
417.53,35.15,21.19,22.76,21.33,98.26,56.64,49.18,36.91
417.54,35.15,21.19,22.73,21.33,98.26,56.64,49.30,36.98
417.55,35.15,21.19,22.76,21.33,98.26,56.64,49.30,36.98
417.56,35.21,21.23,22.76,21.33,98.26,56.64,49.30,36.98
417.57,35.15,21.23,22.80,21.33,98.26,56.64,49.30,36.98
417.58,35.15,21.19,22.76,21.33,98.26,56.64,49.30,36.98
417.59,35.21,21.19,22.76,21.33,98.26,56.64,49.18,36.98
417.60,35.21,21.19,22.76,21.33,98.26,56.64,49.07,36.98
417.61,35.15,21.23,22.76,21.33,98.26,56.64,49.30,36.98
417.62,35.15,21.19,22.76,21.33,98.26,56.64,49.30,36.98
417.63,35.15,21.19,22.76,21.33,98.26,56.64,49.30,36.98
417.64,35.15,21.19,22.76,21.33,98.26,56.64,49.30,36.98
417.65,35.15,21.19,22.76,21.33,98.26,56.64,49.30,36.98
417.66,35.15,21.23,22.76,21.33,98.26,56.64,49.30,36.98
417.67,35.21,21.23,22.76,21.33,98.26,56.64,49.18,36.98
417.68,35.15,21.19,22.76,21.33,98.26,56.64,49.30,36.98
417.69,35.08,21.19,22.76,21.33,98.26,56.50,49.30,36.98
417.70,35.21,21.19,22.76,21.33,98.26,56.64,49.30,36.98
417.71,35.21,21.23,22.76,21.33,98.26,56.64,49.30,36.98
417.72,35.21,21.23,22.76,21.33,98.26,56.64,49.30,36.98
417.73,35.15,21.23,22.76,21.30,98.26,56.64,49.30,36.98
417.74,35.15,21.19,22.76,21.33,97.88,56.50,49.18,36.98
417.75,35.15,21.19,22.76,21.33,98.26,56.64,49.30,36.98
417.76,35.15,21.19,22.76,21.33,98.26,56.64,49.30,37.05
417.77,35.21,21.23,22.76,21.33,98.26,56.64,49.18,36.98
417.78,35.15,21.23,22.76,21.33,98.26,56.64,49.30,36.98
417.79,35.21,21.19,22.76,21.33,98.26,56.64,49.30,36.98
417.80,35.21,21.19,22.76,21.33,98.26,56.64,49.18,36.98
417.81,35.21,21.23,22.76,21.33,98.26,56.64,49.30,36.98
417.82,35.21,21.26,22.76,21.33,98.26,56.64,49.30,36.98
417.83,35.21,21.19,22.76,21.33,98.26,56.64,49.30,36.98
417.84,35.21,21.19,22.76,21.33,98.26,56.64,49.30,36.98
417.85,35.15,21.19,22.76,21.33,98.26,56.50,49.30,36.98
417.86,35.15,21.19,22.76,21.33,98.26,56.64,49.30,36.98
417.87,35.15,21.26,22.80,21.36,98.26,56.50,49.30,36.98
417.88,35.15,21.19,22.76,21.33,98.26,56.64,49.30,36.98
417.89,35.21,21.19,22.76,21.33,98.26,56.64,49.30,36.98
417.90,35.15,21.19,22.76,21.33,98.26,56.64,49.30,36.98
417.91,35.21,21.19,22.76,21.33,98.26,56.64,49.30,36.98
417.92,35.21,21.23,22.76,21.33,98.26,56.64,49.30,36.98
417.93,35.15,21.23,22.76,21.33,98.26,56.64,49.30,36.98
417.94,35.15,21.19,22.76,21.33,98.26,56.64,49.30,36.98
417.95,35.15,21.19,22.76,21.33,98.26,56.78,49.30,36.98
417.96,35.21,21.19,22.80,21.33,98.26,56.50,49.30,36.91
417.97,35.21,21.23,22.76,21.33,98.26,56.50,49.30,36.98
417.98,35.21,21.19,22.76,21.33,98.26,56.50,49.18,36.91
417.99,35.08,21.19,22.76,21.33,98.26,56.64,49.30,37.05
418.00,35.15,21.19,22.76,21.33,98.26,56.64,49.30,36.98
418.01,35.21,21.19,22.76,21.33,98.26,56.64,49.30,36.98
418.02,35.15,21.23,22.76,21.33,98.26,56.64,49.30,36.98
418.03,35.15,21.19,22.76,21.33,98.26,56.64,49.30,36.98
418.04,35.21,21.19,22.76,21.33,98.26,56.64,49.30,36.98
418.05,35.15,21.19,22.76,21.33,98.26,56.64,49.30,36.98
418.06,35.15,21.19,22.76,21.33,98.26,56.64,49.30,36.98
418.07,35.21,21.23,22.76,21.33,98.26,56.64,49.30,36.98
418.08,35.21,21.23,22.76,21.33,98.26,56.64,49.30,36.98
418.09,35.08,21.19,22.76,21.33,98.26,56.64,49.30,36.98
418.10,35.21,21.19,22.76,21.33,98.26,56.64,49.30,36.98
418.11,35.15,21.19,22.76,21.33,98.26,56.64,49.30,36.98
418.12,35.21,21.23,22.80,21.33,98.26,56.64,49.30,36.98
418.13,35.21,21.23,22.76,21.33,98.26,56.64,49.30,36.98
418.14,35.08,21.19,22.73,21.33,98.26,56.64,49.30,36.98
418.15,35.15,21.19,22.76,21.33,98.26,56.64,49.30,36.98
418.16,35.21,21.19,22.76,21.33,98.26,56.64,49.18,36.98
418.17,35.15,21.23,22.76,21.33,98.26,56.64,49.30,36.98
418.18,35.15,21.19,22.76,21.33,98.26,56.64,49.30,36.98
418.19,35.21,21.19,22.76,21.33,98.26,56.64,49.18,36.98
418.20,35.15,21.19,22.76,21.33,98.26,56.64,49.30,36.98
418.21,35.15,21.23,22.76,21.33,97.88,56.64,49.18,36.98
418.22,35.21,21.23,22.80,21.33,98.64,56.64,49.30,37.05
418.23,35.15,21.19,22.76,21.33,97.88,56.64,49.07,36.98
418.24,35.08,21.19,22.76,21.33,98.26,56.64,49.18,36.98
418.25,35.15,21.19,22.76,21.33,98.26,56.64,49.30,36.98
418.26,35.15,21.19,22.76,21.33,98.26,56.64,49.30,36.98
418.27,35.21,21.23,22.80,21.33,98.26,56.64,49.30,36.98
418.28,35.15,21.19,22.80,21.33,98.26,56.50,49.30,36.98
418.29,35.21,21.19,22.76,21.33,98.26,56.50,49.30,36.98
418.30,35.15,21.19,22.76,21.36,98.26,56.64,49.30,36.98
418.31,35.15,21.19,22.76,21.33,98.26,56.64,49.30,36.98
418.32,35.21,21.19,22.76,21.33,98.26,56.64,49.30,36.98
418.33,35.21,21.19,22.76,21.33,98.26,56.64,49.30,36.98
418.34,35.15,21.19,22.76,21.33,98.26,56.50,49.18,36.98
418.35,35.15,21.19,22.76,21.33,98.26,56.64,49.30,36.98
418.36,35.21,21.19,22.76,21.33,98.26,56.64,49.30,36.98
418.37,35.21,21.19,22.76,21.33,98.26,56.64,49.30,36.98
418.38,35.15,21.23,22.76,21.33,98.26,56.64,49.30,36.98
418.39,35.21,21.19,22.76,21.33,98.26,56.64,49.18,36.98
418.40,35.21,21.19,22.76,21.33,98.26,56.64,49.30,36.98
418.41,35.15,21.19,22.76,21.33,98.26,56.50,49.30,36.98
418.42,35.28,21.19,22.76,21.33,98.26,56.64,49.30,37.05
418.43,35.21,21.23,22.76,21.33,98.26,56.64,49.18,36.98
418.44,35.15,21.19,22.76,21.33,98.26,56.64,49.18,36.98
418.45,35.21,21.19,22.76,21.33,98.26,56.64,49.30,36.98
418.46,35.21,21.19,22.76,21.33,98.26,56.64,49.30,37.05
418.47,35.21,21.23,22.76,21.33,98.26,56.64,49.30,36.98
418.48,35.21,21.19,22.76,21.33,98.26,56.50,49.30,36.98
418.49,35.15,21.19,22.76,21.33,97.88,56.64,49.30,37.05
418.50,35.21,21.19,22.76,21.33,98.26,56.50,49.30,36.98
418.51,35.15,21.19,22.76,21.33,98.26,56.64,49.18,36.98
418.52,35.15,21.23,22.76,21.33,98.26,56.64,49.30,36.98
418.53,35.15,21.23,22.76,21.33,98.26,56.64,49.30,36.98
418.54,35.21,21.19,22.76,21.33,98.26,56.64,49.18,36.98
418.55,35.21,21.19,22.76,21.33,98.26,56.50,49.30,37.05
418.56,35.21,21.19,22.76,21.33,98.26,56.50,49.30,36.98
418.57,35.15,21.23,22.80,21.33,98.26,56.64,49.30,36.98
418.58,35.21,21.19,22.76,21.33,98.26,56.64,49.30,36.98
418.59,35.21,21.19,22.76,21.33,98.26,56.50,49.18,36.98
418.60,35.21,21.19,22.76,21.33,98.26,56.64,49.30,36.98
418.61,35.15,21.23,22.76,21.33,98.26,56.64,49.30,36.98
418.62,35.15,21.23,22.76,21.33,98.26,56.64,49.30,36.98
418.63,35.21,21.19,22.76,21.33,98.26,56.50,49.30,36.98
418.64,35.15,21.19,22.76,21.33,98.26,56.64,49.30,36.98
418.65,35.15,21.19,22.76,21.36,98.26,56.64,49.30,36.98
418.66,35.15,21.19,22.76,21.33,98.26,56.50,49.30,36.98
418.67,35.21,21.23,22.76,21.33,98.26,56.64,49.30,36.98
418.68,35.15,21.23,22.76,21.33,98.26,56.64,49.30,36.98
418.69,35.15,21.19,22.76,21.33,98.26,56.50,49.30,37.05
418.70,35.21,21.19,22.76,21.33,98.26,56.50,49.30,36.98
418.71,35.15,21.19,22.76,21.33,98.26,56.64,49.30,36.98
418.72,35.15,21.19,22.76,21.33,98.26,56.64,49.30,36.98
418.73,35.15,21.19,22.76,21.33,98.26,56.64,49.30,36.98
418.74,35.15,21.19,22.76,21.33,98.26,56.64,49.30,36.98
418.75,35.15,21.19,22.76,21.33,98.26,56.64,49.30,36.98
418.76,35.15,21.19,22.76,21.33,98.26,56.64,49.30,36.98
418.77,35.21,21.19,22.76,21.33,98.26,56.64,49.30,36.98
418.78,35.15,21.19,22.76,21.33,98.26,56.64,49.30,36.98
418.79,35.15,21.19,22.76,21.33,98.26,56.64,49.30,36.98
418.80,35.15,21.19,22.76,21.33,98.26,56.50,49.30,36.98
418.81,35.15,21.19,22.76,21.33,98.26,56.64,49.30,36.98
418.82,35.15,21.23,22.76,21.33,98.26,56.64,49.30,36.98
418.83,35.15,21.19,22.76,21.33,98.26,56.64,49.30,36.98
418.84,35.15,21.19,22.73,21.33,98.26,56.50,49.30,37.05
418.85,35.08,21.19,22.76,21.33,98.26,56.64,49.30,36.98
418.86,35.15,21.19,22.76,21.33,98.26,56.64,49.30,36.98
418.87,35.21,21.19,22.76,21.33,98.26,56.64,49.30,36.98
418.88,35.15,21.19,22.76,21.33,97.88,56.64,49.30,36.98
418.89,35.15,21.19,22.73,21.33,98.26,56.64,49.18,36.98
418.90,35.08,21.19,22.76,21.33,98.26,56.50,49.18,36.98
418.91,35.15,21.19,22.76,21.33,98.26,56.64,49.30,36.98
418.92,35.15,21.23,22.76,21.33,98.26,56.64,49.30,36.98
418.93,35.15,21.19,22.76,21.33,98.26,56.64,49.30,36.98
418.94,35.15,21.19,22.76,21.33,98.26,56.50,49.30,36.98
418.95,35.08,21.16,22.76,21.33,98.26,56.50,49.30,36.98
418.96,35.15,21.19,22.76,21.33,98.26,56.64,49.30,36.98
418.97,35.21,21.19,22.76,21.33,98.26,56.64,49.30,36.98
418.98,35.21,21.19,22.76,21.33,98.26,56.64,49.30,36.98
418.99,35.15,21.19,22.73,21.33,98.26,56.64,49.30,36.98
419.00,35.21,21.19,22.76,21.33,98.26,56.50,49.18,36.98
419.01,35.21,21.19,22.73,21.33,98.26,56.64,49.30,36.98
419.02,35.15,21.16,22.76,21.33,98.26,56.64,49.30,37.05
419.03,35.08,21.19,22.76,21.33,98.26,56.64,49.30,36.98
419.04,35.21,21.19,22.73,21.33,98.26,56.64,49.30,36.98
419.05,35.15,21.19,22.73,21.33,98.26,56.64,49.30,36.98
419.06,35.15,21.19,22.76,21.33,98.26,56.64,49.30,37.05
419.07,35.15,21.19,22.76,21.33,98.26,56.50,49.30,36.98
419.08,35.15,21.19,22.76,21.33,98.26,56.64,49.18,36.98
419.09,35.15,21.16,22.73,21.33,98.26,56.50,49.18,36.98
419.10,35.15,21.19,22.76,21.33,98.26,56.50,49.18,36.98
419.11,35.15,21.19,22.76,21.33,98.26,56.50,49.30,36.98
419.12,35.15,21.19,22.76,21.33,98.26,56.64,49.30,36.98
419.13,35.15,21.19,22.76,21.33,98.26,56.64,49.30,36.98
419.14,35.15,21.16,22.76,21.30,98.26,56.64,49.18,36.98
419.15,35.15,21.19,22.73,21.33,98.26,56.64,49.18,36.98
419.16,35.15,21.19,22.76,21.33,98.26,56.64,49.18,37.05
419.17,35.15,21.19,22.76,21.33,98.26,56.64,49.30,36.91
419.18,35.15,21.23,22.76,21.33,98.26,56.64,49.30,37.05
419.19,35.15,21.19,22.76,21.33,98.26,56.50,49.30,36.98
419.20,35.15,21.19,22.73,21.33,98.26,56.64,49.18,36.98
419.21,35.15,21.19,22.76,21.33,98.26,56.50,49.30,36.98
419.22,35.15,21.19,22.76,21.33,98.26,56.78,49.30,37.05
419.23,35.15,21.19,22.76,21.33,98.26,56.50,49.18,37.05
419.24,35.15,21.19,22.76,21.33,98.26,56.35,49.18,36.91
419.25,35.15,21.19,22.76,21.33,98.26,56.50,49.18,37.05
419.26,35.15,21.19,22.76,21.33,98.26,56.64,49.30,37.05
419.27,35.15,21.19,22.76,21.33,98.64,56.64,49.30,36.98
419.28,35.15,21.19,22.76,21.33,98.26,56.64,49.30,36.98
419.29,35.15,21.16,22.76,21.33,98.26,56.64,49.30,36.98
419.30,35.15,21.19,22.76,21.33,98.26,56.64,49.30,37.05
419.31,35.21,21.19,22.76,21.33,98.26,56.64,49.18,36.98
419.32,35.15,21.19,22.76,21.33,98.26,56.64,49.30,36.98
419.33,35.15,21.19,22.76,21.33,98.26,56.64,49.30,37.05
419.34,35.21,21.19,22.73,21.33,98.26,56.64,49.30,36.98
419.35,35.08,21.19,22.76,21.33,98.26,56.64,49.18,36.98
419.36,35.21,21.19,22.76,21.33,98.26,56.64,49.30,36.98
419.37,35.15,21.23,22.76,21.33,98.26,56.64,49.30,36.98
419.38,35.15,21.19,22.76,21.33,98.26,56.64,49.30,36.98
419.39,35.21,21.19,22.73,21.33,98.26,56.50,49.18,36.98
419.40,35.15,21.19,22.80,21.36,98.26,56.64,49.18,36.98
419.41,35.15,21.19,22.76,21.33,98.26,56.64,49.30,36.98
419.42,35.28,21.23,22.76,21.33,98.26,56.64,49.30,36.98
419.43,35.21,21.19,22.76,21.33,98.26,56.64,49.30,36.98
419.44,35.15,21.19,22.76,21.33,98.26,56.64,49.18,36.98
419.45,35.15,21.19,22.76,21.33,98.26,56.64,49.30,36.98
419.46,35.15,21.23,22.76,21.33,98.26,56.64,49.30,37.05
419.47,35.15,21.23,22.80,21.33,98.26,56.64,49.30,36.98
419.48,35.21,21.23,22.76,21.33,98.26,56.64,49.41,37.05
419.49,35.15,21.19,22.76,21.33,98.26,56.50,49.18,36.98
419.50,35.15,21.19,22.76,21.33,98.26,56.64,49.30,36.98
419.51,35.15,21.19,22.76,21.36,98.26,56.64,49.30,36.98
419.52,35.21,21.19,22.76,21.33,98.26,56.64,49.30,36.98
419.53,35.21,21.19,22.76,21.33,98.26,56.64,49.30,37.05
419.54,35.15,21.19,22.76,21.33,98.26,56.64,49.30,37.05
419.55,35.21,21.19,22.76,21.33,98.26,56.50,49.30,36.98
419.56,35.21,21.23,22.76,21.33,98.26,56.64,49.30,36.98
419.57,35.15,21.23,22.80,21.33,98.26,56.64,49.30,36.98
419.58,35.21,21.19,22.76,21.33,98.26,56.64,49.30,36.98
419.59,35.21,21.19,22.76,21.33,98.26,56.64,49.30,37.05
419.60,35.15,21.19,22.76,21.33,98.26,56.64,49.30,36.98
419.61,35.15,21.23,22.76,21.33,98.26,56.64,49.30,37.05
419.62,35.15,21.23,22.80,21.33,98.26,56.64,49.30,36.98
419.63,35.21,21.19,22.76,21.33,97.88,56.64,49.30,37.05
419.64,35.15,21.19,22.76,21.33,98.26,56.64,49.30,36.98
419.65,35.15,21.19,22.76,21.33,98.26,56.64,49.30,36.98
419.66,35.21,21.23,22.76,21.33,98.26,56.64,49.30,36.98
419.67,35.28,21.19,22.76,21.33,98.26,56.64,49.30,36.98
419.68,35.21,21.23,22.76,21.33,98.26,56.64,49.30,37.05
419.69,35.15,21.19,22.76,21.33,98.26,56.64,49.30,37.05
419.70,35.15,21.16,22.76,21.33,98.26,56.64,49.30,37.05
419.71,35.21,21.19,22.76,21.33,98.26,56.64,49.30,37.05
419.72,35.21,21.23,22.76,21.33,98.26,56.64,49.30,37.05
419.73,35.15,21.19,22.76,21.33,98.26,56.64,49.30,37.05
419.74,35.28,21.19,22.76,21.33,98.26,56.64,49.30,36.98
419.75,35.21,21.19,22.76,21.33,98.26,56.64,49.30,37.05
419.76,35.21,21.19,22.76,21.33,98.26,56.64,49.30,36.98
419.77,35.21,21.19,22.80,21.33,98.26,56.64,49.30,37.05
419.78,35.15,21.19,22.76,21.33,98.26,56.50,49.30,36.98
419.79,35.21,21.19,22.76,21.33,98.26,56.64,49.30,36.98
419.80,35.21,21.19,22.76,21.33,97.88,56.64,49.30,37.05
419.81,35.15,21.23,22.80,21.33,98.26,56.64,49.30,36.98
419.82,35.21,21.23,22.76,21.33,98.26,56.64,49.30,36.98
419.83,35.21,21.23,22.76,21.33,98.26,56.64,49.30,36.98
419.84,35.21,21.19,22.76,21.33,98.26,56.64,49.30,37.05
419.85,35.21,21.19,22.76,21.33,98.26,56.50,49.18,36.98
419.86,35.15,21.19,22.76,21.36,98.26,56.64,49.30,37.05
419.87,35.21,21.23,22.80,21.33,98.26,56.64,49.30,36.98
419.88,35.21,21.23,22.80,21.33,98.26,56.64,49.30,36.98
419.89,35.21,21.19,22.76,21.33,98.26,56.64,49.30,36.98
419.90,35.21,21.19,22.76,21.33,98.26,56.64,49.30,36.98
419.91,35.21,21.19,22.76,21.33,97.88,56.64,49.30,37.05
419.92,35.21,21.23,22.80,21.33,98.26,56.64,49.41,36.98
419.93,35.15,21.23,22.80,21.33,98.26,56.64,49.30,37.05
419.94,35.15,21.19,22.76,21.33,98.26,56.64,49.30,36.98
419.95,35.15,21.19,22.80,21.33,98.26,56.64,49.30,36.98
419.96,35.28,21.19,22.80,21.33,98.26,56.64,49.30,36.98
419.97,35.21,21.23,22.80,21.33,98.26,56.64,49.30,36.98
419.98,35.15,21.23,22.76,21.33,98.26,56.64,49.30,37.05
419.99,35.28,21.19,22.76,21.33,98.26,56.50,49.30,37.05
420.00,35.21,21.23,22.76,21.33,98.64,56.64,49.30,36.98
420.01,35.15,21.23,22.80,21.33,98.26,56.64,49.30,37.05
420.02,35.21,21.23,22.80,21.33,98.26,56.64,49.30,36.98
420.03,35.21,21.23,22.80,21.33,98.26,56.78,49.30,37.05
420.04,35.21,21.23,22.76,21.33,98.26,56.64,49.30,37.05
420.05,35.21,21.19,22.76,21.33,98.26,56.64,49.30,36.98
420.06,35.21,21.23,22.80,21.33,98.26,56.64,49.30,37.05
420.07,35.21,21.23,22.80,21.33,98.64,56.78,49.30,36.98
420.08,35.21,21.23,22.80,21.33,98.26,56.64,49.30,37.05
420.09,35.15,21.23,22.76,21.33,98.26,56.64,49.30,37.05
420.10,35.15,21.19,22.76,21.33,98.26,56.64,49.30,36.98
420.11,35.21,21.23,22.80,21.36,98.26,56.64,49.30,36.98
420.12,35.28,21.23,22.80,21.33,98.26,56.64,49.30,37.05
420.13,35.15,21.23,22.80,21.33,98.26,56.64,49.30,36.98
420.14,35.15,21.23,22.76,21.33,98.26,56.64,49.30,36.98
420.15,35.21,21.23,22.76,21.33,98.26,56.64,49.30,37.05
420.16,35.15,21.23,22.80,21.33,98.26,56.64,49.30,37.05
420.17,35.28,21.26,22.80,21.33,98.26,56.64,49.30,37.05
420.18,35.15,21.23,22.80,21.33,98.26,56.78,49.30,37.05
420.19,35.21,21.23,22.76,21.33,98.26,56.64,49.30,37.05
420.20,35.15,21.23,22.76,21.33,98.26,56.64,49.30,37.05
420.21,35.21,21.23,22.80,21.33,98.64,56.64,49.30,37.05
420.22,35.21,21.23,22.80,21.33,98.64,56.64,49.30,37.05
420.23,35.15,21.23,22.80,21.33,98.26,56.64,49.30,37.05
420.24,35.21,21.19,22.80,21.33,98.26,56.64,49.30,37.05
420.25,35.28,21.23,22.76,21.33,98.26,56.64,49.30,37.05
420.26,35.21,21.23,22.80,21.33,98.26,56.64,49.41,37.05
420.27,35.21,21.26,22.80,21.33,98.26,56.64,49.30,37.05
420.28,35.21,21.23,22.80,21.33,98.26,56.64,49.41,37.05
420.29,35.21,21.23,22.80,21.33,98.26,56.64,49.30,37.05
420.30,35.15,21.19,22.76,21.36,98.26,56.64,49.30,37.05
420.31,35.21,21.23,22.76,21.33,98.64,56.64,49.30,37.05
420.32,35.21,21.23,22.80,21.33,98.26,56.64,49.30,37.05
420.33,35.15,21.23,22.80,21.33,98.26,56.50,49.30,37.05
420.34,35.21,21.23,22.80,21.36,98.64,56.64,49.30,36.98
420.35,35.21,21.19,22.76,21.33,98.26,56.64,49.18,37.05
420.36,35.15,21.23,22.80,21.33,98.26,56.78,49.41,37.05
420.37,35.21,21.23,22.80,21.33,98.64,56.64,49.30,37.05
420.38,35.21,21.26,22.80,21.33,98.26,56.64,49.30,37.05
420.39,35.21,21.23,22.80,21.36,98.26,56.64,49.30,37.05
420.40,35.21,21.19,22.76,21.33,98.26,56.64,49.30,36.98
420.41,35.21,21.23,22.80,21.36,98.26,56.78,49.30,36.98
420.42,35.21,21.26,22.80,21.33,98.64,56.78,49.41,36.98
420.43,35.21,21.23,22.80,21.33,98.26,56.64,49.30,36.98
420.44,35.21,21.23,22.76,21.33,98.26,56.78,49.30,37.05
420.45,35.21,21.23,22.80,21.33,98.64,56.64,49.30,36.98
420.46,35.21,21.19,22.80,21.33,98.26,56.78,49.30,37.05
420.47,35.21,21.23,22.80,21.36,98.26,56.78,49.41,36.98
420.48,35.21,21.23,22.80,21.36,98.26,56.64,49.30,36.98
420.49,35.28,21.23,22.80,21.33,98.26,56.64,49.30,37.05
420.50,35.21,21.23,22.80,21.36,98.26,56.64,49.30,36.98
420.51,35.21,21.23,22.80,21.33,98.26,56.64,49.30,37.05
420.52,35.21,21.26,22.80,21.36,98.26,56.64,49.41,37.05
420.53,35.21,21.23,22.80,21.33,98.26,56.64,49.30,37.05
420.54,35.21,21.23,22.80,21.33,98.26,56.64,49.30,37.05
420.55,35.21,21.23,22.80,21.33,98.26,56.64,49.30,37.05
420.56,35.21,21.23,22.80,21.33,98.64,56.64,49.30,37.05
420.57,35.34,21.23,22.80,21.33,98.26,56.78,49.30,37.05
420.58,35.28,21.23,22.80,21.33,98.26,56.64,49.30,37.05
420.59,35.21,21.23,22.80,21.33,98.26,56.64,49.30,37.05
420.60,35.34,21.23,22.76,21.33,98.26,56.64,49.30,37.05
420.61,35.15,21.23,22.80,21.33,98.64,56.64,49.30,37.05
420.62,35.28,21.23,22.80,21.33,98.26,56.64,49.30,37.05
420.63,35.21,21.23,22.80,21.33,98.64,56.64,49.41,37.05
420.64,35.15,21.23,22.80,21.33,98.26,56.64,49.30,36.98
420.65,35.21,21.23,22.80,21.33,98.26,56.64,49.41,37.05
420.66,35.28,21.26,22.80,21.36,98.26,56.64,49.30,37.05
420.67,35.28,21.23,22.80,21.33,98.26,56.64,49.41,37.05
420.68,35.21,21.23,22.80,21.36,98.26,56.64,49.30,37.05
420.69,35.21,21.23,22.80,21.36,98.26,56.64,49.30,37.05
420.70,35.28,21.23,22.80,21.36,98.26,56.64,49.30,37.05
420.71,35.21,21.23,22.80,21.33,98.26,56.64,49.30,37.05
420.72,35.21,21.23,22.80,21.36,98.64,56.64,49.41,37.05
420.73,35.21,21.23,22.80,21.36,98.26,56.64,49.30,37.05
420.74,35.28,21.23,22.80,21.33,98.26,56.64,49.41,37.05
420.75,35.21,21.23,22.80,21.36,98.26,56.64,49.30,37.05
420.76,35.21,21.23,22.80,21.33,98.26,56.64,49.30,37.05
420.77,35.21,21.23,22.80,21.33,98.64,56.78,49.41,37.05
420.78,35.28,21.23,22.80,21.36,98.26,56.64,49.41,37.05
420.79,35.21,21.23,22.80,21.33,98.64,56.64,49.30,37.05
420.80,35.21,21.23,22.80,21.33,98.26,56.64,49.30,37.05
420.81,35.21,21.26,22.80,21.36,98.64,56.64,49.41,37.05
420.82,35.21,21.26,22.80,21.33,98.64,56.64,49.41,37.05
420.83,35.21,21.23,22.80,21.33,98.64,56.64,49.41,37.05
420.84,35.21,21.23,22.80,21.36,98.26,56.64,49.30,37.05
420.85,35.28,21.23,22.80,21.36,98.26,56.64,49.41,37.05
420.86,35.21,21.26,22.80,21.36,98.26,56.64,49.41,37.05
420.87,35.21,21.26,22.83,21.36,98.26,56.78,49.41,37.05
420.88,35.21,21.23,22.80,21.36,98.26,56.64,49.30,37.05
420.89,35.21,21.23,22.80,21.36,98.26,56.64,49.30,37.05
420.90,35.21,21.23,22.80,21.33,98.64,56.64,49.30,37.05
420.91,35.21,21.23,22.80,21.36,98.64,56.64,49.30,37.05
420.92,35.28,21.26,22.80,21.33,98.64,56.78,49.30,37.05
420.93,35.21,21.26,22.80,21.36,98.26,56.78,49.30,37.05
420.94,35.21,21.23,22.80,21.36,98.26,56.64,49.30,37.05
420.95,35.21,21.23,22.80,21.33,98.26,56.64,49.41,36.98
420.96,35.21,21.23,22.80,21.36,98.26,56.64,49.41,37.05
420.97,35.21,21.26,22.80,21.36,98.64,56.64,49.41,37.05
420.98,35.21,21.23,22.80,21.33,98.64,56.78,49.41,37.05
420.99,35.21,21.19,22.80,21.36,98.26,56.64,49.41,37.05
421.00,35.21,21.23,22.80,21.36,98.26,56.64,49.30,36.91
421.01,35.21,21.26,22.80,21.36,98.64,56.78,49.41,37.05
421.02,35.21,21.26,22.80,21.33,98.64,56.78,49.41,37.05
421.03,35.21,21.23,22.80,21.36,98.26,56.78,49.41,37.05
421.04,35.28,21.23,22.80,21.36,98.26,56.64,49.30,37.05
421.05,35.21,21.23,22.80,21.36,98.26,56.64,49.41,37.05
421.06,35.21,21.26,22.80,21.36,98.64,56.78,49.41,37.05
421.07,35.28,21.23,22.80,21.36,98.26,56.78,49.41,37.05
421.08,35.21,21.23,22.80,21.33,98.26,56.78,49.41,37.05
421.09,35.28,21.23,22.76,21.33,98.26,56.64,49.30,37.05
421.10,35.28,21.23,22.80,21.36,98.26,56.78,49.41,37.05
421.11,35.21,21.26,22.80,21.36,98.26,56.78,49.30,37.05
421.12,35.28,21.26,22.83,21.36,98.26,56.78,49.41,37.05
421.13,35.21,21.23,22.80,21.36,98.64,56.64,49.41,36.98
421.14,35.21,21.23,22.80,21.33,98.64,56.64,49.30,37.05
421.15,35.21,21.23,22.80,21.33,98.26,56.64,49.30,37.05
421.16,35.28,21.26,22.80,21.36,98.64,56.64,49.41,37.05
421.17,35.28,21.26,22.80,21.36,98.64,56.78,49.30,37.05
421.18,35.21,21.26,22.80,21.33,98.26,56.64,49.30,37.05
421.19,35.21,21.23,22.80,21.36,98.26,56.64,49.30,37.05
421.20,35.21,21.26,22.80,21.36,98.26,56.78,49.41,37.05
421.21,35.28,21.26,22.80,21.36,98.26,56.78,49.30,37.12
421.22,35.28,21.26,22.83,21.33,98.26,56.78,49.41,37.05
421.23,35.21,21.23,22.83,21.36,98.26,56.64,49.41,37.05
421.24,35.21,21.23,22.80,21.36,98.26,56.64,49.30,37.05
421.25,35.21,21.26,22.80,21.36,98.64,56.64,49.41,36.91
421.26,35.28,21.26,22.80,21.36,98.64,56.64,49.41,36.98
421.27,35.21,21.26,22.80,21.36,98.64,56.64,49.41,37.05
421.28,35.21,21.26,22.80,21.36,98.64,56.64,49.30,37.05
421.29,35.21,21.23,22.80,21.36,98.64,56.64,49.30,36.98
421.30,35.21,21.23,22.80,21.36,98.26,56.64,49.30,37.05
421.31,35.28,21.26,22.80,21.36,98.64,56.64,49.41,37.05
421.32,35.28,21.26,22.80,21.36,98.64,56.78,49.41,37.05
421.33,35.21,21.23,22.80,21.36,98.26,56.64,49.41,37.05
421.34,35.21,21.23,22.80,21.36,98.26,56.64,49.41,37.05
421.35,35.21,21.23,22.80,21.36,98.26,56.64,49.30,37.05
421.36,35.28,21.26,22.83,21.36,98.64,56.78,49.41,37.05
421.37,35.21,21.26,22.83,21.36,98.26,56.64,49.41,37.05
421.38,35.21,21.23,22.80,21.33,98.26,56.78,49.30,37.05
421.39,35.21,21.23,22.80,21.36,98.26,56.64,49.41,37.05
421.40,35.21,21.23,22.80,21.36,98.26,56.64,49.30,37.05
421.41,35.21,21.23,22.80,21.36,98.26,56.78,49.30,37.05
421.42,35.21,21.26,22.80,21.36,98.64,56.64,49.41,37.05
421.43,35.21,21.26,22.80,21.36,98.26,56.78,49.41,37.05
421.44,35.21,21.26,22.80,21.33,98.64,56.64,49.30,37.05
421.45,35.28,21.26,22.80,21.36,98.64,56.64,49.41,37.05
421.46,35.28,21.26,22.80,21.36,98.64,56.78,49.41,37.05
421.47,35.28,21.26,22.83,21.36,98.64,56.64,49.41,37.05
421.48,35.28,21.23,22.80,21.36,98.64,56.64,49.41,37.05
421.49,35.21,21.23,22.80,21.36,98.26,56.78,49.30,37.05
421.50,35.28,21.23,22.80,21.36,98.26,56.78,49.41,37.05
421.51,35.21,21.23,22.80,21.36,98.26,56.78,49.30,37.05
421.52,35.28,21.26,22.83,21.36,98.64,56.64,49.41,37.05
421.53,35.21,21.26,22.83,21.36,98.26,56.64,49.41,37.05
421.54,35.21,21.23,22.80,21.33,98.64,56.64,49.30,37.05
421.55,35.21,21.26,22.80,21.36,98.26,56.64,49.30,37.05
421.56,35.28,21.26,22.83,21.36,98.64,56.64,49.41,37.05
421.57,35.28,21.26,22.83,21.36,98.64,56.78,49.41,37.05
421.58,35.21,21.23,22.80,21.33,98.26,56.78,49.30,37.05
421.59,35.21,21.23,22.80,21.36,98.26,56.64,49.41,37.05
421.60,35.21,21.26,22.80,21.36,98.26,56.64,49.30,37.05
421.61,35.28,21.23,22.80,21.33,98.64,56.64,49.41,37.05
421.62,35.28,21.29,22.83,21.36,98.64,56.78,49.41,37.05
421.63,35.28,21.19,22.83,21.33,98.64,56.78,49.41,37.05
421.64,35.28,21.29,22.80,21.33,98.26,56.64,49.41,37.05
421.65,35.28,21.23,22.80,21.36,98.26,56.64,49.41,37.05
421.66,35.34,21.26,22.83,21.36,98.64,56.78,49.41,37.05
421.67,35.28,21.26,22.83,21.36,98.64,56.78,49.30,37.05
421.68,35.21,21.26,22.80,21.36,98.64,56.64,49.41,37.05
421.69,35.28,21.26,22.80,21.36,98.26,56.78,49.30,37.05
421.70,35.28,21.23,22.80,21.36,98.64,56.78,49.30,37.05
421.71,35.21,21.23,22.83,21.36,98.64,56.78,49.41,37.05
421.72,35.34,21.26,22.83,21.36,98.64,56.78,49.41,37.05
421.73,35.28,21.26,22.83,21.36,98.26,56.64,49.41,36.98
421.74,35.28,21.26,22.80,21.33,98.26,56.64,49.41,37.05
421.75,35.28,21.26,22.80,21.36,98.26,56.64,49.30,37.05
421.76,35.28,21.26,22.83,21.36,98.64,56.64,49.41,37.12
421.77,35.21,21.26,22.83,21.36,98.64,56.78,49.41,37.05
421.78,35.21,21.26,22.80,21.36,98.64,56.78,49.41,37.05
421.79,35.21,21.23,22.80,21.33,98.26,56.64,49.41,37.05
421.80,35.21,21.23,22.80,21.36,98.64,56.78,49.41,37.05
421.81,35.28,21.26,22.80,21.36,98.26,56.78,49.41,37.05
421.82,35.28,21.26,22.83,21.36,98.26,56.78,49.41,37.05
421.83,35.28,21.26,22.80,21.36,98.64,56.64,49.41,37.05
421.84,35.15,21.23,22.80,21.36,98.26,56.64,49.30,37.05
421.85,35.34,21.26,22.80,21.33,98.26,56.64,49.30,37.05
421.86,35.15,21.26,22.80,21.36,98.64,56.64,49.41,37.05
421.87,35.34,21.26,22.83,21.36,98.64,56.78,49.30,37.05
421.88,35.28,21.26,22.80,21.36,98.64,56.78,49.41,37.05
421.89,35.21,21.23,22.83,21.36,98.64,56.64,49.41,37.05
421.90,35.21,21.23,22.80,21.36,98.64,56.78,49.41,37.05
421.91,35.34,21.26,22.80,21.36,98.64,56.78,49.30,37.05
421.92,35.21,21.26,22.83,21.36,98.64,56.78,49.41,37.05
421.93,35.21,21.23,22.83,21.36,98.26,56.78,49.41,37.05
421.94,35.15,21.23,22.80,21.36,98.26,56.64,49.30,36.98
421.95,35.21,21.26,22.83,21.36,98.64,56.64,49.41,37.05
421.96,35.28,21.23,22.83,21.36,98.26,56.78,49.30,37.05
421.97,35.28,21.26,22.83,21.36,98.64,56.78,49.30,37.05
421.98,35.21,21.26,22.80,21.36,98.26,56.78,49.30,37.05
421.99,35.21,21.26,22.80,21.36,98.26,56.78,49.41,37.05
422.00,35.21,21.23,22.80,21.36,98.26,56.64,49.41,37.05
422.01,35.21,21.26,22.83,21.36,98.64,56.78,49.52,37.05
422.02,35.21,21.26,22.83,21.36,98.64,56.78,49.41,37.05
422.03,35.28,21.26,22.80,21.36,98.26,56.64,49.30,37.05
422.04,35.28,21.23,22.80,21.36,98.64,56.78,49.41,37.05
422.05,35.28,21.23,22.80,21.36,98.64,56.78,49.41,37.05
422.06,35.21,21.26,22.83,21.36,98.64,56.78,49.41,37.05
422.07,35.21,21.26,22.83,21.36,98.64,56.78,49.41,37.05
422.08,35.21,21.26,22.80,21.36,98.64,56.64,49.41,37.05
422.09,35.21,21.23,22.80,21.36,98.26,56.64,49.41,37.05
422.10,35.21,21.26,22.80,21.36,98.26,56.78,49.41,37.05
422.11,35.21,21.26,22.83,21.36,98.64,56.78,49.41,37.05
422.12,35.28,21.26,22.83,21.36,98.64,56.78,49.41,37.05
422.13,35.28,21.26,22.83,21.36,98.64,56.64,49.30,37.05
422.14,35.21,21.23,22.80,21.36,98.26,56.64,49.30,37.05
422.15,35.21,21.26,22.80,21.36,98.64,56.78,49.30,37.12
422.16,35.28,21.26,22.83,21.36,98.64,56.64,49.41,37.05
422.17,35.21,21.26,22.83,21.36,98.64,56.78,49.41,37.05
422.18,35.21,21.26,22.80,21.36,98.64,56.78,49.41,37.05
422.19,35.28,21.23,22.80,21.36,98.26,56.64,49.41,37.05
422.20,35.28,21.23,22.80,21.36,98.26,56.64,49.30,37.05
422.21,35.21,21.26,22.80,21.36,98.64,56.64,49.41,37.12
422.22,35.34,21.26,22.80,21.36,98.64,56.78,49.30,37.05
422.23,35.21,21.26,22.80,21.36,98.26,56.78,49.41,37.12
422.24,35.28,21.23,22.80,21.36,98.26,56.64,49.41,37.05
422.25,35.21,21.23,22.80,21.36,98.26,56.64,49.41,37.05
422.26,35.21,21.26,22.80,21.36,98.26,56.78,49.41,37.05
422.27,35.28,21.26,22.80,21.36,98.64,56.78,49.41,37.05
422.28,35.21,21.26,22.80,21.36,98.64,56.64,49.41,37.05
422.29,35.21,21.23,22.80,21.36,98.26,56.78,49.30,37.05
422.30,35.28,21.26,22.80,21.36,98.26,56.64,49.30,37.05
422.31,35.28,21.26,22.83,21.36,98.26,56.78,49.41,37.12
422.32,35.21,21.26,22.83,21.36,98.64,56.78,49.52,37.12
422.33,35.21,21.23,22.83,21.36,98.26,56.78,49.30,37.05
422.34,35.21,21.23,22.80,21.36,98.26,56.64,49.41,37.12
422.35,35.21,21.26,22.80,21.36,98.64,56.78,49.41,37.05
422.36,35.28,21.23,22.83,21.36,98.64,56.64,49.41,37.05
422.37,35.28,21.26,22.83,21.36,98.64,56.78,49.41,37.05
422.38,35.21,21.23,22.80,21.36,98.26,56.64,49.30,37.12
422.39,35.21,21.23,22.80,21.36,98.26,56.64,49.30,37.05
422.40,35.21,21.23,22.80,21.36,98.26,56.78,49.41,37.12
422.41,35.21,21.26,22.83,21.36,98.64,56.78,49.41,37.12
422.42,35.21,21.26,22.83,21.36,98.64,56.64,49.41,37.05
422.43,35.21,21.23,22.83,21.36,98.64,56.64,49.41,37.05
422.44,35.28,21.23,22.80,21.36,98.26,56.64,49.30,37.05
422.45,35.21,21.26,22.80,21.36,98.26,56.64,49.41,37.05
422.46,35.21,21.23,22.83,21.39,98.64,56.64,49.41,37.12
422.47,35.28,21.26,22.83,21.36,98.64,56.78,49.41,37.05
422.48,35.21,21.23,22.80,21.36,98.64,56.64,49.41,37.05
422.49,35.21,21.23,22.80,21.36,98.26,56.78,49.30,37.05
422.50,35.28,21.23,22.80,21.36,98.26,56.64,49.41,37.12
422.51,35.28,21.26,22.80,21.36,98.64,56.78,49.41,37.05
422.52,35.28,21.23,22.80,21.36,98.64,56.64,49.41,37.12
422.53,35.21,21.23,22.80,21.36,98.26,56.64,49.30,37.05
422.54,35.21,21.23,22.80,21.36,98.26,56.64,49.30,37.12
422.55,35.21,21.23,22.80,21.36,98.64,56.78,49.41,37.05
422.56,35.21,21.26,22.83,21.36,98.64,56.64,49.30,37.12
422.57,35.28,21.26,22.83,21.36,98.26,56.64,49.41,37.05
422.58,35.21,21.23,22.80,21.36,98.26,56.78,49.30,37.05
422.59,35.21,21.23,22.80,21.36,98.26,56.64,49.30,37.05
422.60,35.28,21.23,22.80,21.36,98.26,56.78,49.30,37.05
422.61,35.21,21.26,22.80,21.36,99.02,56.64,49.30,37.05
422.62,35.21,21.26,22.83,21.36,98.64,56.78,49.41,37.12
422.63,35.21,21.26,22.80,21.36,98.64,56.78,49.30,37.05
422.64,35.21,21.23,22.80,21.36,98.26,56.78,49.30,37.05
422.65,35.21,21.19,22.80,21.36,98.26,56.64,49.30,37.05
422.66,35.21,21.26,22.80,21.36,98.26,56.64,49.41,37.05
422.67,35.21,21.26,22.83,21.36,98.26,56.64,49.41,37.05
422.68,35.28,21.23,22.80,21.36,98.64,56.78,49.41,37.12
422.69,35.21,21.23,22.80,21.36,98.26,56.64,49.41,37.05
422.70,35.21,21.26,22.80,21.36,98.26,56.78,49.41,37.05
422.71,35.28,21.26,22.80,21.36,98.64,56.64,49.30,37.12
422.72,35.28,21.26,22.80,21.39,98.64,56.78,49.30,37.12
422.73,35.21,21.23,22.80,21.36,98.26,56.64,49.30,37.05
422.74,35.28,21.23,22.80,21.36,98.64,56.64,49.30,37.05
422.75,35.21,21.23,22.80,21.36,98.26,56.64,49.30,37.05
422.76,35.28,21.23,22.80,21.36,98.64,56.78,49.41,37.05
422.77,35.21,21.23,22.80,21.36,98.26,56.64,49.30,37.05
422.78,35.28,21.23,22.80,21.36,98.26,56.64,49.30,37.05
422.79,35.21,21.23,22.80,21.36,98.26,56.78,49.41,37.05
422.80,35.28,21.23,22.80,21.36,98.26,56.64,49.41,37.05
422.81,35.21,21.23,22.80,21.36,98.26,56.78,49.30,37.05
422.82,35.21,21.26,22.83,21.36,98.64,56.64,49.41,37.12
422.83,35.21,21.23,22.80,21.36,98.64,56.64,49.41,37.05
422.84,35.21,21.23,22.80,21.36,98.26,56.64,49.30,37.05
422.85,35.21,21.23,22.80,21.33,98.64,56.78,49.41,37.05
422.86,35.28,21.23,22.80,21.36,98.26,56.64,49.41,37.12
422.87,35.28,21.26,22.80,21.36,98.26,56.64,49.30,37.05
422.88,35.21,21.23,22.80,21.36,98.26,56.78,49.41,37.12
422.89,35.21,21.23,22.80,21.36,98.26,56.64,49.30,37.12
422.90,35.21,21.23,22.80,21.36,98.64,56.64,49.30,37.12
422.91,35.21,21.23,22.80,21.36,98.26,56.78,49.30,37.12
422.92,35.21,21.23,22.80,21.36,98.64,56.64,49.30,37.05
422.93,35.21,21.23,22.80,21.36,98.64,56.64,49.41,37.12
422.94,35.28,21.23,22.80,21.36,98.26,56.64,49.41,37.05
422.95,35.21,21.23,22.80,21.36,98.26,56.64,49.30,37.05
422.96,35.28,21.26,22.80,21.36,98.64,56.50,49.41,37.12
422.97,35.28,21.23,22.80,21.36,98.26,56.64,49.41,36.98
422.98,35.21,21.23,22.80,21.36,98.26,56.78,49.30,37.05
422.99,35.21,21.23,22.80,21.36,98.26,56.64,49.41,36.98
423.00,35.21,21.23,22.80,21.36,98.64,56.64,49.30,37.12
423.01,35.28,21.26,22.80,21.36,98.26,56.78,49.30,37.12
423.02,35.21,21.23,22.80,21.36,98.64,56.64,49.41,37.05
423.03,35.28,21.23,22.80,21.36,98.26,56.64,49.30,37.05
423.04,35.28,21.23,22.80,21.36,98.26,56.64,49.30,37.05
423.05,35.21,21.23,22.80,21.36,98.26,56.64,49.30,37.05
423.06,35.28,21.23,22.80,21.36,98.26,56.78,49.30,37.12
423.07,35.21,21.23,22.83,21.36,98.26,56.64,49.41,37.05
423.08,35.21,21.23,22.80,21.36,98.64,56.64,49.30,37.05
423.09,35.21,21.23,22.80,21.36,98.64,56.64,49.30,37.12
423.10,35.21,21.23,22.80,21.36,98.26,56.64,49.30,37.12
423.11,35.28,21.26,22.80,21.36,98.26,56.78,49.41,37.12
423.12,35.28,21.23,22.80,21.36,98.64,56.64,49.41,37.12
423.13,35.21,21.23,22.80,21.36,98.26,56.78,49.30,37.12
423.14,35.21,21.23,22.76,21.36,98.64,56.64,49.30,37.12
423.15,35.21,21.23,22.80,21.36,98.26,56.64,49.30,37.05
423.16,35.21,21.23,22.83,21.36,98.64,56.64,49.41,37.12
423.17,35.21,21.23,22.83,21.36,98.64,56.64,49.41,37.12
423.18,35.21,21.23,22.80,21.36,98.64,56.64,49.41,37.05
423.19,35.21,21.23,22.80,21.36,98.26,56.64,49.30,37.05
423.20,35.21,21.23,22.80,21.36,98.64,56.64,49.41,37.05
423.21,35.21,21.23,22.80,21.36,98.26,56.64,49.30,37.12
423.22,35.21,21.26,22.83,21.36,98.26,56.64,49.41,37.05
423.23,35.21,21.23,22.80,21.36,98.26,56.78,49.30,37.05
423.24,35.21,21.23,22.80,21.36,98.26,56.64,49.30,37.12
423.25,35.21,21.23,22.80,21.36,98.26,56.78,49.41,37.12
423.26,35.21,21.23,22.83,21.36,98.26,56.64,49.41,37.12
423.27,35.21,21.23,22.80,21.36,98.64,56.64,49.41,37.12
423.28,35.21,21.23,22.80,21.36,98.26,56.78,49.41,37.12
423.29,35.21,21.23,22.80,21.36,98.64,56.64,49.30,37.05
423.30,35.21,21.23,22.80,21.36,98.26,56.64,49.30,37.12
423.31,35.28,21.23,22.80,21.36,98.64,56.78,49.41,37.12
423.32,35.21,21.23,22.80,21.36,98.26,56.64,49.30,37.12
423.33,35.21,21.23,22.80,21.36,98.26,56.64,49.30,37.05
423.34,35.21,21.23,22.80,21.36,98.26,56.64,49.30,37.12
423.35,35.28,21.23,22.80,21.36,98.26,56.64,49.41,37.12
423.36,35.21,21.23,22.83,21.36,98.64,56.64,49.30,37.12
423.37,35.34,21.26,22.80,21.36,98.64,56.78,49.30,37.12
423.38,35.21,21.23,22.80,21.36,98.26,56.64,49.30,37.05
423.39,35.21,21.23,22.80,21.36,98.26,56.64,49.30,37.05
423.40,35.21,21.23,22.80,21.36,98.64,56.64,49.30,37.05
423.41,35.28,21.23,22.83,21.39,98.26,56.64,49.30,37.05
423.42,35.21,21.23,22.80,21.36,98.64,56.64,49.41,37.12
423.43,35.21,21.23,22.80,21.36,98.26,56.78,49.30,37.12
423.44,35.21,21.19,22.80,21.36,98.26,56.64,49.41,37.12
423.45,35.21,21.23,22.80,21.36,98.26,56.64,49.41,37.12
423.46,35.28,21.23,22.80,21.36,98.64,56.64,49.41,37.12
423.47,35.28,21.23,22.80,21.36,98.26,56.78,49.41,37.12
423.48,35.21,21.23,22.80,21.36,98.64,56.64,49.41,37.12
423.49,35.28,21.23,22.80,21.36,98.26,56.64,49.30,37.12
423.50,35.28,21.23,22.80,21.36,98.64,56.64,49.41,37.12
423.51,35.28,21.23,22.80,21.36,98.64,56.64,49.41,37.05
423.52,35.28,21.23,22.83,21.36,98.64,56.78,49.30,37.12
423.53,35.21,21.23,22.83,21.36,98.26,56.64,49.30,37.12
423.54,35.21,21.19,22.80,21.36,98.26,56.64,49.30,37.12
423.55,35.21,21.23,22.80,21.36,98.26,56.64,49.30,37.05
423.56,35.28,21.26,22.83,21.36,98.26,56.64,49.41,37.12
423.57,35.28,21.26,22.83,21.36,98.64,56.64,49.30,37.05
423.58,35.21,21.23,22.80,21.36,98.64,56.64,49.41,37.12
423.59,35.21,21.19,22.80,21.36,98.26,56.64,49.30,37.12
423.60,35.21,21.23,22.80,21.36,98.26,56.64,49.41,37.12
423.61,35.21,21.23,22.80,21.36,98.26,56.78,49.30,37.12
423.62,35.21,21.26,22.83,21.36,98.64,56.64,49.30,37.12
423.63,35.21,21.23,22.80,21.36,98.64,56.64,49.41,37.12
423.64,35.21,21.19,22.80,21.36,98.26,56.64,49.41,37.12
423.65,35.21,21.23,22.80,21.36,98.26,56.64,49.30,37.12
423.66,35.28,21.23,22.80,21.36,98.64,56.64,49.41,37.12
423.67,35.21,21.23,22.80,21.36,98.64,56.78,49.41,37.12
423.68,35.28,21.23,22.80,21.36,98.64,56.64,49.41,37.12
423.69,35.21,21.23,22.80,21.36,98.26,56.64,49.30,37.12
423.70,35.28,21.23,22.80,21.36,98.26,56.64,49.30,37.12
423.71,35.28,21.23,22.80,21.36,98.26,56.64,49.30,37.12
423.72,35.21,21.23,22.83,21.36,98.26,56.64,49.41,37.05
423.73,35.21,21.23,22.80,21.36,98.26,56.64,49.30,37.05
423.74,35.21,21.23,22.80,21.36,98.26,56.64,49.30,37.12
423.75,35.28,21.23,22.80,21.36,98.64,56.64,49.30,37.12
423.76,35.28,21.23,22.80,21.36,98.64,56.64,49.30,37.12
423.77,35.21,21.23,22.80,21.36,98.64,56.64,49.30,37.12
423.78,35.21,21.23,22.80,21.36,98.26,56.64,49.41,37.12
423.79,35.21,21.19,22.80,21.36,98.26,56.64,49.30,37.05
423.80,35.21,21.23,22.80,21.36,98.26,56.64,49.30,37.05
423.81,35.21,21.23,22.80,21.39,98.64,56.64,49.30,37.12
423.82,35.21,21.26,22.83,21.36,98.64,56.64,49.30,37.12
423.83,35.21,21.23,22.80,21.36,98.26,56.64,49.30,37.12
423.84,35.28,21.23,22.80,21.36,98.26,56.64,49.30,37.12
423.85,35.21,21.23,22.80,21.36,98.26,56.78,49.30,37.12
423.86,35.28,21.26,22.80,21.36,98.64,56.78,49.30,37.12
423.87,35.21,21.23,22.83,21.36,98.26,56.78,49.30,37.12
423.88,35.21,21.23,22.80,21.36,98.26,56.64,49.30,37.05
423.89,35.28,21.23,22.80,21.36,98.26,56.64,49.30,37.12
423.90,35.21,21.23,22.80,21.36,98.26,56.64,49.41,37.12
423.91,35.21,21.23,22.83,21.36,98.26,56.64,49.30,37.12
423.92,35.21,21.23,22.80,21.36,98.26,56.64,49.30,37.12
423.93,35.21,21.23,22.80,21.36,98.26,56.64,49.30,37.12
423.94,35.21,21.23,22.80,21.36,98.26,56.64,49.30,37.12
423.95,35.21,21.23,22.80,21.36,98.26,56.64,49.30,37.12
423.96,35.21,21.23,22.80,21.36,98.26,56.64,49.30,37.05
423.97,35.21,21.23,22.80,21.36,98.26,56.64,49.41,37.12
423.98,35.21,21.23,22.80,21.36,98.26,56.64,49.30,37.12
423.99,35.21,21.19,22.80,21.36,98.26,56.64,49.30,37.12
424.00,35.21,21.19,22.80,21.36,98.26,56.64,49.30,37.12
424.01,35.21,21.23,22.83,21.36,98.64,56.64,49.30,37.12
424.02,35.21,21.23,22.80,21.36,98.64,56.64,49.30,37.12
424.03,35.21,21.23,22.80,21.36,98.26,56.64,49.30,37.12
424.04,35.15,21.23,22.80,21.36,98.26,56.50,49.41,37.12
424.05,35.21,21.19,22.80,21.36,98.26,56.64,49.30,37.12
424.06,35.21,21.23,22.80,21.36,98.26,56.64,49.30,37.12
424.07,35.21,21.23,22.80,21.36,98.26,56.64,49.30,37.12
424.08,35.21,21.23,22.80,21.36,98.64,56.64,49.41,37.05
424.09,35.15,21.19,22.80,21.36,98.26,56.64,49.41,37.12
424.10,35.28,21.19,22.80,21.36,98.64,56.64,49.30,37.05
424.11,35.21,21.26,22.80,21.39,98.64,56.64,49.30,37.12
424.12,35.21,21.19,22.80,21.33,98.26,56.64,49.41,37.05
424.13,35.21,21.26,22.80,21.36,98.26,56.64,49.30,37.12
424.14,35.15,21.19,22.80,21.36,98.26,56.64,49.30,37.12
424.15,35.21,21.19,22.80,21.36,98.26,56.64,49.30,37.12
424.16,35.28,21.23,22.80,21.36,98.64,56.64,49.30,37.12
424.17,35.21,21.23,22.80,21.36,98.26,56.64,49.30,37.12
424.18,35.21,21.23,22.80,21.36,98.26,56.64,49.30,37.12
424.19,35.21,21.19,22.80,21.36,98.26,56.78,49.30,37.12
424.20,35.21,21.23,22.80,21.36,98.64,56.50,49.30,37.05
424.21,35.28,21.23,22.80,21.36,98.26,56.92,49.30,37.12
424.22,35.21,21.23,22.80,21.36,98.26,56.50,49.41,37.05
424.23,35.21,21.23,22.80,21.36,98.26,56.64,49.30,37.19
424.24,35.15,21.19,22.80,21.36,98.26,56.64,49.30,37.05
424.25,35.21,21.23,22.80,21.36,98.26,56.64,49.30,37.12
424.26,35.21,21.19,22.80,21.36,98.26,56.64,49.30,37.12
424.27,35.21,21.23,22.80,21.36,98.26,56.64,49.30,37.12
424.28,35.21,21.23,22.80,21.36,98.26,56.64,49.30,37.05
424.29,35.28,21.19,22.80,21.36,98.26,56.64,49.30,37.12
424.30,35.21,21.19,22.80,21.36,98.26,56.64,49.30,37.12
424.31,35.21,21.23,22.80,21.36,98.64,56.64,49.30,37.12
424.32,35.21,21.23,22.80,21.36,98.26,56.64,49.30,37.12
424.33,35.15,21.19,22.80,21.36,98.26,56.64,49.30,37.12
424.34,35.34,21.23,22.80,21.36,98.26,56.64,49.30,37.12
424.35,35.21,21.23,22.80,21.36,98.26,56.64,49.30,37.12
424.36,35.28,21.23,22.80,21.36,98.26,56.64,49.30,37.12
424.37,35.21,21.23,22.76,21.36,98.26,56.64,49.41,37.05
424.38,35.08,21.23,22.83,21.36,98.26,56.64,49.30,37.12
424.39,35.15,21.19,22.80,21.36,98.64,56.64,49.30,37.12
424.40,35.28,21.19,22.80,21.36,98.26,56.64,49.30,36.98
424.41,35.21,21.23,22.80,21.36,98.26,56.64,49.41,37.12
424.42,35.21,21.23,22.80,21.36,98.26,56.64,49.41,37.12
424.43,35.21,21.23,22.76,21.36,98.26,56.64,49.30,37.12
424.44,35.15,21.19,22.80,21.36,98.26,56.64,49.18,37.12
424.45,35.21,21.19,22.80,21.36,98.26,56.64,49.30,37.12
424.46,35.21,21.23,22.80,21.36,99.02,56.64,49.41,37.12
424.47,35.21,21.19,22.80,21.36,98.64,56.64,49.30,37.05
424.48,35.21,21.23,22.80,21.36,98.26,56.64,49.30,37.12
424.49,35.21,21.19,22.76,21.36,98.26,56.64,49.30,37.05
424.50,35.21,21.19,22.80,21.36,98.26,56.64,49.30,37.12
424.51,35.21,21.19,22.80,21.36,98.26,56.64,49.30,37.05
424.52,35.28,21.23,22.80,21.36,98.26,56.64,49.41,37.12
424.53,35.15,21.23,22.80,21.36,98.26,56.64,49.30,37.12
424.54,35.21,21.19,22.80,21.36,98.26,56.64,49.30,37.05
424.55,35.15,21.19,22.80,21.36,98.26,56.64,49.30,37.12
424.56,35.21,21.23,22.80,21.36,98.26,56.64,49.30,37.12
424.57,35.15,21.19,22.80,21.36,98.26,56.64,49.30,37.12
424.58,35.15,21.19,22.80,21.36,98.26,56.64,49.30,37.05
424.59,35.21,21.23,22.80,21.36,98.26,56.64,49.30,37.12
424.60,35.15,21.19,22.80,21.36,98.26,56.64,49.30,37.12
424.61,35.21,21.23,22.80,21.36,98.64,56.64,49.30,37.12
424.62,35.21,21.23,22.80,21.36,98.26,56.64,49.30,37.12
424.63,35.15,21.19,22.80,21.36,98.64,56.64,49.30,37.12
424.64,35.21,21.19,22.80,21.36,98.26,56.64,49.30,37.12
424.65,35.21,21.23,22.80,21.36,98.26,56.64,49.41,37.12
424.66,35.21,21.19,22.80,21.36,98.64,56.64,49.30,37.05
424.67,35.21,21.23,22.80,21.36,98.64,56.64,49.41,37.12
424.68,35.21,21.19,22.80,21.36,98.26,56.64,49.30,37.12
424.69,35.21,21.19,22.80,21.36,98.26,56.64,49.30,37.12
424.70,35.21,21.19,22.80,21.36,98.26,56.64,49.41,37.12
424.71,35.21,21.23,22.80,21.36,98.64,56.64,49.30,37.12
424.72,35.21,21.23,22.80,21.36,98.26,56.64,49.41,37.12
424.73,35.21,21.23,22.80,21.36,98.26,56.64,49.30,37.12
424.74,35.21,21.19,22.80,21.36,98.26,56.64,49.30,37.05
424.75,35.21,21.19,22.76,21.36,98.26,56.64,49.30,37.12
424.76,35.21,21.23,22.80,21.36,98.26,56.64,49.30,37.12
424.77,35.21,21.23,22.80,21.36,98.64,56.50,49.30,37.05
424.78,35.15,21.19,22.76,21.36,98.26,56.64,49.30,37.12
424.79,35.21,21.19,22.76,21.36,98.26,56.64,49.30,37.12
424.80,35.15,21.23,22.80,21.36,98.26,56.64,49.30,37.12
424.81,35.21,21.23,22.80,21.36,98.64,56.64,49.41,37.12
424.82,35.21,21.23,22.80,21.36,98.26,56.64,49.30,37.12
424.83,35.21,21.23,22.80,21.36,98.26,56.64,49.30,37.12
424.84,35.21,21.19,22.80,21.36,98.26,56.64,49.30,37.12
424.85,35.15,21.23,22.76,21.36,98.26,56.64,49.41,37.12
424.86,35.28,21.23,22.80,21.36,98.64,56.64,49.30,37.12
424.87,35.21,21.23,22.80,21.36,98.26,56.64,49.30,37.12
424.88,35.21,21.19,22.80,21.36,98.26,56.64,49.41,37.12
424.89,35.21,21.19,22.80,21.36,98.64,56.64,49.30,37.12
424.90,35.21,21.23,22.80,21.36,98.26,56.64,49.30,37.12
424.91,35.28,21.23,22.80,21.36,98.26,56.64,49.41,37.19
424.92,35.21,21.23,22.80,21.36,98.26,56.64,49.30,37.12
424.93,35.28,21.23,22.80,21.36,98.26,56.64,49.30,37.12
424.94,35.21,21.19,22.80,21.36,98.26,56.64,49.30,37.12
424.95,35.15,21.23,22.80,21.36,98.26,56.64,49.30,37.12
424.96,35.21,21.23,22.80,21.36,98.26,56.64,49.30,37.12
424.97,35.28,21.23,22.80,21.36,98.26,56.64,49.30,37.12
424.98,35.15,21.19,22.80,21.36,98.26,56.64,49.30,37.12
424.99,35.21,21.19,22.80,21.36,98.26,56.64,49.30,37.12
425.00,35.21,21.23,22.80,21.36,98.26,56.64,49.30,37.12
425.01,35.28,21.23,22.80,21.36,98.26,56.64,49.30,37.12
425.02,35.28,21.23,22.80,21.36,98.26,56.64,49.30,37.12
425.03,35.15,21.19,22.80,21.36,98.26,56.64,49.30,37.12
425.04,35.15,21.19,22.80,21.36,98.26,56.64,49.30,37.12
425.05,35.21,21.19,22.80,21.36,98.26,56.64,49.30,37.12
425.06,35.21,21.23,22.80,21.36,98.26,56.64,49.30,37.12
425.07,35.21,21.23,22.80,21.36,98.26,56.64,49.30,37.12
425.08,35.21,21.19,22.80,21.36,98.26,56.64,49.30,37.12
425.09,35.15,21.23,22.76,21.36,98.26,56.64,49.30,37.12
425.10,35.21,21.23,22.80,21.36,98.26,56.64,49.30,37.12
425.11,35.21,21.23,22.80,21.36,98.26,56.64,49.30,37.12
425.12,35.28,21.23,22.80,21.36,98.26,56.64,49.30,37.12
425.13,35.15,21.19,22.80,21.36,98.26,56.64,49.30,37.12
425.14,35.15,21.19,22.80,21.36,98.26,56.64,49.30,37.12
425.15,35.21,21.19,22.76,21.36,98.26,56.64,49.30,37.12
425.16,35.21,21.23,22.80,21.36,98.64,56.64,49.30,37.12
425.17,35.21,21.23,22.80,21.36,98.64,56.64,49.30,37.12
425.18,35.21,21.19,22.76,21.36,98.26,56.64,49.30,37.12
425.19,35.15,21.23,22.76,21.36,98.26,56.64,49.30,37.12
425.20,35.15,21.19,22.76,21.36,98.26,56.64,49.41,37.12
425.21,35.21,21.23,22.80,21.36,98.64,56.64,49.30,37.12
425.22,35.15,21.19,22.80,21.36,98.64,56.64,49.30,37.12
425.23,35.21,21.19,22.80,21.36,98.26,56.64,49.30,37.12
425.24,35.15,21.19,22.80,21.36,98.26,56.64,49.30,37.12
425.25,35.15,21.19,22.80,21.36,98.26,56.64,49.41,37.12
425.26,35.21,21.23,22.80,21.36,98.26,56.64,49.41,37.12
425.27,35.21,21.19,22.80,21.36,98.26,56.64,49.30,37.12
425.28,35.15,21.19,22.80,21.36,98.26,56.64,49.30,37.12
425.29,35.21,21.19,22.76,21.36,98.26,56.50,49.30,37.12
425.30,35.21,21.23,22.76,21.36,98.64,56.64,49.30,37.12
425.31,35.21,21.23,22.80,21.36,98.26,56.64,49.30,37.12
425.32,35.21,21.19,22.80,21.39,98.26,56.64,49.30,37.12
425.33,35.21,21.19,22.76,21.36,98.26,56.64,49.30,37.12
425.34,35.21,21.19,22.76,21.36,98.26,56.64,49.30,37.12
425.35,35.15,21.19,22.80,21.36,98.26,56.64,49.30,37.12
425.36,35.21,21.23,22.80,21.36,98.26,56.64,49.30,37.12
425.37,35.21,21.19,22.80,21.36,98.26,56.64,49.30,37.12
425.38,35.21,21.19,22.80,21.36,97.88,56.64,49.30,37.12
425.39,35.15,21.23,22.76,21.36,98.26,56.64,49.30,37.12
425.40,35.28,21.19,22.80,21.36,98.26,56.64,49.41,37.12
425.41,35.15,21.19,22.80,21.36,98.64,56.64,49.30,37.12
425.42,35.21,21.19,22.80,21.36,98.26,56.64,49.30,37.12
425.43,35.15,21.19,22.80,21.36,98.26,56.64,49.30,37.12
425.44,35.15,21.19,22.76,21.36,98.26,56.64,49.30,37.12
425.45,35.15,21.19,22.80,21.36,98.26,56.50,49.30,37.12
425.46,35.28,21.19,22.80,21.36,98.26,56.64,49.30,37.12
425.47,35.15,21.19,22.80,21.36,98.26,56.64,49.30,37.12
425.48,35.28,21.19,22.76,21.36,98.26,56.64,49.30,37.12
425.49,35.21,21.19,22.76,21.36,98.26,56.64,49.30,37.12
425.50,35.21,21.19,22.80,21.36,98.26,56.64,49.30,37.12
425.51,35.21,21.23,22.80,21.36,98.26,56.64,49.30,37.12
425.52,35.21,21.19,22.80,21.36,98.26,56.64,49.30,37.12
425.53,35.15,21.19,22.80,21.36,98.26,56.50,49.30,37.12
425.54,35.21,21.19,22.76,21.36,98.26,56.64,49.18,37.12
425.55,35.21,21.19,22.80,21.36,98.26,56.64,49.30,37.12
425.56,35.21,21.23,22.80,21.39,98.26,56.64,49.30,37.12
425.57,35.21,21.19,22.80,21.36,98.26,56.64,49.30,37.12
425.58,35.15,21.19,22.76,21.36,98.26,56.50,49.30,37.12
425.59,35.15,21.19,22.80,21.36,98.26,56.64,49.41,37.12
425.60,35.21,21.19,22.76,21.36,98.26,56.64,49.30,37.12
425.61,35.21,21.19,22.80,21.36,98.26,56.64,49.30,37.12
425.62,35.15,21.19,22.80,21.36,98.26,56.64,49.30,37.12
425.63,35.28,21.19,22.80,21.36,98.26,56.64,49.30,37.12
425.64,35.21,21.19,22.80,21.36,98.26,56.64,49.30,37.12
425.65,35.21,21.23,22.80,21.36,98.26,56.64,49.18,37.12
425.66,35.15,21.19,22.80,21.36,98.64,56.64,49.30,37.12
425.67,35.21,21.23,22.80,21.36,98.26,56.64,49.30,37.12
425.68,35.15,21.16,22.76,21.36,98.64,56.64,49.30,37.12
425.69,35.15,21.16,22.76,21.36,98.64,56.64,49.30,37.12
425.70,35.15,21.19,22.76,21.36,97.88,56.50,49.30,37.12
425.71,35.21,21.23,22.80,21.36,98.64,56.64,49.41,37.12
425.72,35.15,21.19,22.80,21.36,98.26,56.64,49.30,37.12
425.73,35.15,21.19,22.80,21.36,98.26,56.64,49.30,37.12
425.74,35.21,21.19,22.76,21.36,98.26,56.50,49.41,37.12
425.75,35.15,21.19,22.80,21.36,98.26,56.64,49.30,37.12
425.76,35.15,21.19,22.80,21.36,98.26,56.64,49.41,37.12
425.77,35.21,21.23,22.80,21.39,98.26,56.50,49.30,37.12
425.78,35.21,21.19,22.76,21.36,98.26,56.64,49.30,37.12
425.79,35.15,21.19,22.76,21.36,98.26,56.64,49.30,37.12
425.80,35.15,21.19,22.80,21.36,98.26,56.64,49.30,37.12
425.81,35.21,21.19,22.80,21.36,98.64,56.64,49.30,37.12
425.82,35.21,21.19,22.80,21.36,98.26,56.64,49.30,37.12
425.83,35.15,21.19,22.76,21.36,98.26,56.64,49.30,37.12
425.84,35.21,21.16,22.76,21.36,98.26,56.64,49.30,37.12
425.85,35.21,21.19,22.76,21.36,98.26,56.64,49.30,37.12
425.86,35.21,21.19,22.80,21.36,98.26,56.64,49.30,37.12
425.87,35.21,21.19,22.80,21.36,98.26,56.64,49.30,37.12
425.88,35.15,21.19,22.76,21.36,98.26,56.50,49.30,37.12
425.89,35.21,21.19,22.76,21.36,98.26,56.64,49.30,37.12
425.90,35.15,21.19,22.76,21.36,98.26,56.64,49.30,37.05
425.91,35.21,21.23,22.80,21.36,98.26,56.64,49.30,37.12
425.92,35.15,21.19,22.80,21.36,98.26,56.64,49.30,37.12
425.93,35.15,21.19,22.76,21.36,98.26,56.64,49.30,37.12
425.94,35.21,21.19,22.76,21.36,98.26,56.64,49.30,37.12
425.95,35.15,21.19,22.80,21.36,98.26,56.64,49.30,37.12
425.96,35.21,21.23,22.80,21.36,98.26,56.64,49.30,37.12
425.97,35.15,21.19,22.80,21.36,98.26,56.64,49.41,37.12
425.98,35.21,21.19,22.76,21.36,97.88,56.64,49.30,37.12
425.99,35.15,21.16,22.76,21.36,98.26,56.64,49.18,37.12
426.00,35.21,21.19,22.80,21.36,98.26,56.64,49.30,37.12
426.01,35.15,21.19,22.80,21.36,98.26,56.64,49.30,37.12
426.02,35.21,21.19,22.80,21.36,98.26,56.64,49.30,37.12
426.03,35.15,21.19,22.76,21.36,98.26,56.64,49.30,37.12
426.04,35.21,21.19,22.76,21.36,98.26,56.64,49.18,37.12
426.05,35.15,21.19,22.80,21.36,98.26,56.64,49.30,37.12
426.06,35.21,21.19,22.80,21.36,98.64,56.64,49.30,37.12
426.07,35.21,21.23,22.80,21.36,98.26,56.64,49.30,37.12
426.08,35.15,21.19,22.76,21.36,98.26,56.64,49.30,37.12
426.09,35.21,21.19,22.76,21.36,98.26,56.64,49.30,37.12
426.10,35.15,21.19,22.76,21.36,98.26,56.64,49.41,37.12
426.11,35.21,21.19,22.80,21.36,98.26,56.64,49.30,37.12
426.12,35.21,21.19,22.80,21.36,98.26,56.64,49.30,37.12
426.13,35.21,21.19,22.76,21.36,98.26,56.64,49.30,37.12
426.14,35.15,21.16,22.80,21.36,98.26,56.64,49.30,37.05
426.15,35.15,21.19,22.76,21.36,98.26,56.64,49.30,37.12
426.16,35.21,21.23,22.80,21.36,98.64,56.64,49.30,37.12
426.17,35.15,21.19,22.76,21.36,98.26,56.64,49.30,37.12
426.18,35.21,21.19,22.76,21.36,98.26,56.64,49.18,37.12
426.19,35.21,21.19,22.76,21.36,98.26,56.64,49.30,37.12
426.20,35.21,21.19,22.76,21.36,98.26,56.50,49.30,37.19
426.21,35.15,21.23,22.80,21.36,98.26,56.64,49.41,37.12
426.22,35.21,21.19,22.76,21.36,98.26,56.64,49.30,37.12
426.23,35.08,21.19,22.76,21.36,98.26,56.64,49.18,37.12
426.24,35.15,21.19,22.76,21.36,97.88,56.64,49.30,37.12
426.25,35.15,21.19,22.76,21.36,98.64,56.64,49.30,37.12
426.26,35.21,21.19,22.80,21.36,98.26,56.64,49.30,37.12
426.27,35.15,21.19,22.76,21.36,98.26,56.64,49.30,37.12
426.28,35.21,21.19,22.76,21.36,98.26,56.50,49.30,37.12
426.29,35.15,21.16,22.76,21.36,98.26,56.50,49.30,37.12
426.30,35.15,21.19,22.76,21.36,98.26,56.64,49.30,37.12
426.31,35.21,21.19,22.80,21.36,98.26,56.64,49.30,37.19
426.32,35.21,21.19,22.76,21.36,98.26,56.64,49.30,37.12
426.33,35.21,21.19,22.80,21.36,98.26,56.50,49.30,37.12
426.34,35.15,21.19,22.76,21.36,98.26,56.64,49.30,37.12
426.35,35.15,21.19,22.80,21.36,98.26,56.64,49.30,37.12
426.36,35.15,21.23,22.80,21.36,98.26,56.50,49.30,37.12
426.37,35.15,21.19,22.80,21.36,98.26,56.64,49.30,37.12
426.38,35.21,21.23,22.76,21.36,98.26,56.64,49.30,37.12
426.39,35.15,21.19,22.76,21.36,98.26,56.50,49.30,37.12
426.40,35.15,21.19,22.76,21.36,98.26,56.64,49.30,37.12
426.41,35.28,21.23,22.80,21.36,98.26,56.50,49.30,37.12
426.42,35.21,21.19,22.80,21.36,98.64,56.64,49.30,37.12
426.43,35.15,21.19,22.76,21.36,98.26,56.64,49.30,37.12
426.44,35.15,21.19,22.76,21.36,98.26,56.50,49.30,37.12
426.45,35.15,21.19,22.76,21.36,98.26,56.64,49.30,37.12
426.46,35.21,21.19,22.76,21.36,98.26,56.64,49.30,37.12
426.47,35.21,21.19,22.80,21.36,98.26,56.64,49.30,37.12
426.48,35.21,21.19,22.76,21.36,98.26,56.50,49.30,37.12
426.49,35.15,21.19,22.76,21.36,98.26,56.50,49.30,37.12
426.50,35.15,21.19,22.80,21.36,98.26,56.64,49.30,37.12
426.51,35.21,21.23,22.80,21.36,98.26,56.64,49.30,37.12
426.52,35.28,21.19,22.80,21.36,98.26,56.64,49.30,37.12
426.53,35.21,21.19,22.76,21.36,98.26,56.50,49.30,37.12
426.54,35.21,21.19,22.80,21.39,98.26,56.50,49.30,37.12
426.55,35.15,21.19,22.76,21.36,98.26,56.64,49.30,37.19
426.56,35.21,21.19,22.80,21.36,98.26,56.64,49.30,37.19
426.57,35.15,21.19,22.80,21.36,98.26,56.64,49.30,37.12
426.58,35.15,21.19,22.76,21.36,98.26,56.64,49.18,37.12
426.59,35.15,21.23,22.76,21.36,98.26,56.64,49.30,37.12
426.60,35.21,21.16,22.80,21.36,98.26,56.64,49.30,37.12
426.61,35.15,21.19,22.80,21.36,98.26,56.64,49.30,37.12
426.62,35.15,21.16,22.80,21.36,98.64,56.64,49.30,37.12
426.63,35.15,21.19,22.76,21.33,98.26,56.50,49.18,37.12
426.64,35.15,21.16,22.76,21.36,98.26,56.50,49.30,37.12
426.65,35.21,21.23,22.80,21.36,98.26,56.50,49.30,37.12
426.66,35.15,21.19,22.80,21.36,98.64,56.64,49.30,37.12
426.67,35.21,21.19,22.80,21.36,98.26,56.64,49.30,37.12
426.68,35.21,21.19,22.76,21.36,98.26,56.64,49.30,37.12
426.69,35.15,21.19,22.76,21.36,98.26,56.64,49.30,37.12
426.70,35.15,21.16,22.76,21.36,98.26,56.50,49.30,37.19
426.71,35.21,21.23,22.80,21.36,98.26,56.64,49.41,37.12
426.72,35.21,21.23,22.80,21.36,98.26,56.78,49.30,37.12
426.73,35.21,21.19,22.80,21.39,98.26,56.64,49.30,37.05
426.74,35.15,21.19,22.76,21.36,98.26,56.50,49.18,37.12
426.75,35.21,21.19,22.80,21.36,98.26,56.64,49.30,37.12
426.76,35.21,21.16,22.80,21.36,98.64,56.64,49.30,37.12
426.77,35.21,21.23,22.80,21.36,98.64,56.64,49.30,37.12
426.78,35.15,21.19,22.76,21.36,98.26,56.64,49.30,37.12
426.79,35.21,21.19,22.76,21.36,98.26,56.64,49.30,37.12
426.80,35.21,21.19,22.80,21.36,98.26,56.64,49.30,37.12
426.81,35.21,21.19,22.80,21.36,98.64,56.64,49.30,37.19
426.82,35.21,21.19,22.80,21.36,98.26,56.64,49.30,37.19
426.83,35.15,21.19,22.76,21.36,98.26,56.64,49.30,37.12
426.84,35.08,21.19,22.76,21.36,98.26,56.64,49.30,37.12
426.85,35.21,21.19,22.76,21.36,98.26,56.64,49.41,37.12
426.86,35.21,21.19,22.80,21.36,98.26,56.64,49.30,37.12
426.87,35.21,21.19,22.80,21.36,98.26,56.64,49.30,37.12
426.88,35.21,21.19,22.76,21.36,98.26,56.64,49.30,37.12
426.89,35.21,21.19,22.80,21.36,98.26,56.64,49.30,37.12
426.90,35.21,21.16,22.76,21.36,98.64,56.64,49.30,37.12
426.91,35.21,21.23,22.80,21.36,98.26,56.64,49.30,37.12
426.92,35.21,21.19,22.80,21.36,98.26,56.64,49.30,37.12
426.93,35.15,21.19,22.76,21.36,98.26,56.64,49.18,37.12
426.94,35.15,21.19,22.76,21.36,98.26,56.64,49.30,37.12
426.95,35.15,21.19,22.80,21.36,98.26,56.64,49.41,37.19
426.96,35.21,21.23,22.80,21.36,98.26,56.64,49.30,37.12
426.97,35.21,21.19,22.80,21.36,98.26,56.64,49.41,37.12
426.98,35.15,21.19,22.80,21.36,98.26,56.64,49.18,37.12
426.99,35.15,21.19,22.76,21.36,98.26,56.50,49.41,37.12
427.00,35.15,21.19,22.80,21.39,98.26,56.50,49.30,37.12
427.01,35.28,21.23,22.80,21.36,98.26,56.64,49.30,37.12
427.02,35.21,21.19,22.80,21.36,98.26,56.64,49.41,37.12
427.03,35.21,21.19,22.76,21.36,98.26,56.64,49.30,37.12
427.04,35.15,21.19,22.80,21.36,98.26,56.64,49.30,37.19
427.05,35.21,21.19,22.80,21.36,97.88,56.64,49.30,37.19
427.06,35.15,21.19,22.80,21.36,98.26,56.64,49.30,37.12
427.07,35.21,21.19,22.76,21.36,98.26,56.64,49.30,37.12
427.08,35.21,21.19,22.76,21.36,98.26,56.64,49.30,37.12
427.09,35.15,21.19,22.76,21.36,98.26,56.64,49.30,37.12
427.10,35.15,21.19,22.80,21.36,98.64,56.64,49.30,37.12
427.11,35.28,21.19,22.80,21.36,98.26,56.64,49.30,37.12
427.12,35.21,21.19,22.80,21.36,98.26,56.64,49.41,37.12
427.13,35.15,21.19,22.76,21.36,98.26,56.64,49.30,37.19
427.14,35.15,21.19,22.76,21.36,98.26,56.64,49.30,37.12
427.15,35.15,21.19,22.80,21.36,98.26,56.64,49.30,37.12
427.16,35.28,21.23,22.80,21.36,98.64,56.64,49.30,37.12
427.17,35.15,21.19,22.80,21.36,98.26,56.64,49.41,37.19
427.18,35.15,21.19,22.76,21.36,98.26,56.50,49.30,37.19
427.19,35.15,21.19,22.80,21.36,98.26,56.64,49.30,37.12
427.20,35.21,21.19,22.80,21.36,98.26,56.64,49.30,37.12
427.21,35.21,21.23,22.80,21.36,98.26,56.64,49.30,37.19
427.22,35.28,21.23,22.80,21.39,98.26,56.64,49.30,37.19
427.23,35.21,21.19,22.76,21.39,98.26,56.64,49.30,37.12
427.24,35.15,21.16,22.80,21.36,98.26,56.64,49.30,37.19
427.25,35.21,21.19,22.80,21.36,98.26,56.64,49.30,37.12
427.26,35.21,21.23,22.80,21.36,98.26,56.64,49.30,37.19
427.27,35.15,21.23,22.80,21.36,98.26,56.64,49.41,37.12
427.28,35.21,21.19,22.76,21.36,98.26,56.64,49.30,37.12
427.29,35.21,21.19,22.76,21.36,98.26,56.64,49.41,37.12
427.30,35.15,21.19,22.80,21.36,98.26,56.64,49.30,37.12
427.31,35.15,21.23,22.80,21.36,98.26,56.64,49.30,37.12
427.32,35.15,21.19,22.80,21.36,98.26,56.64,49.30,37.12
427.33,35.21,21.19,22.76,21.36,98.26,56.64,49.30,37.12
427.34,35.21,21.19,22.76,21.36,98.26,56.64,49.30,37.19
427.35,35.21,21.19,22.80,21.36,98.26,56.64,49.30,37.12
427.36,35.21,21.23,22.80,21.36,98.26,56.64,49.30,37.19
427.37,35.15,21.23,22.80,21.36,98.26,56.64,49.30,37.12
427.38,35.15,21.19,22.76,21.36,98.26,56.64,49.30,37.12
427.39,35.15,21.19,22.76,21.36,98.64,56.64,49.30,37.12
427.40,35.21,21.19,22.80,21.36,98.26,56.64,49.30,37.19
427.41,35.15,21.23,22.80,21.36,98.64,56.64,49.30,37.19
427.42,35.21,21.23,22.80,21.36,98.64,56.64,49.30,37.12
427.43,35.15,21.19,22.80,21.36,98.26,56.50,49.30,37.12
427.44,35.15,21.19,22.80,21.36,98.26,56.64,49.30,37.12
427.45,35.28,21.19,22.80,21.39,98.26,56.64,49.30,37.12
427.46,35.21,21.23,22.80,21.36,98.26,56.64,49.30,37.19
427.47,35.28,21.19,22.80,21.36,98.26,56.64,49.30,37.19
427.48,35.21,21.23,22.76,21.36,98.26,56.64,49.30,37.19
427.49,35.15,21.19,22.80,21.36,98.64,56.64,49.30,37.12
427.50,35.15,21.23,22.76,21.36,98.26,56.64,49.30,37.12
427.51,35.21,21.23,22.80,21.36,98.26,56.64,49.41,37.19
427.52,35.28,21.19,22.80,21.36,98.26,56.64,49.30,37.12
427.53,35.21,21.19,22.80,21.36,98.26,56.64,49.30,37.19
427.54,35.21,21.19,22.80,21.36,98.26,56.64,49.30,37.12
427.55,35.15,21.19,22.80,21.36,98.26,56.64,49.30,37.12
427.56,35.21,21.19,22.80,21.39,98.26,56.64,49.30,37.12
427.57,35.21,21.23,22.80,21.36,98.26,56.78,49.30,37.19
427.58,35.15,21.19,22.76,21.36,98.26,56.64,49.30,37.19
427.59,35.15,21.19,22.76,21.39,98.26,56.64,49.30,37.12
427.60,35.28,21.19,22.80,21.36,98.26,56.64,49.30,37.12
427.61,35.21,21.23,22.80,21.36,98.26,56.64,49.30,37.19
427.62,35.21,21.19,22.76,21.36,98.26,56.64,49.30,37.19
427.63,35.15,21.19,22.76,21.36,98.26,56.64,49.30,37.19
427.64,35.21,21.19,22.80,21.36,98.26,56.64,49.30,37.12
427.65,35.21,21.19,22.80,21.36,98.64,56.50,49.30,37.19
427.66,35.21,21.23,22.80,21.36,98.26,56.64,49.30,37.19
427.67,35.21,21.23,22.80,21.36,98.64,56.64,49.41,37.12
427.68,35.15,21.19,22.76,21.36,98.26,56.64,49.30,37.12
427.69,35.21,21.19,22.80,21.36,98.26,56.64,49.30,37.19
427.70,35.15,21.19,22.80,21.36,98.26,56.64,49.30,37.12
427.71,35.21,21.19,22.80,21.36,98.26,56.64,49.30,37.19
427.72,35.15,21.16,22.80,21.36,98.26,56.64,49.30,37.19
427.73,35.15,21.19,22.76,21.36,98.26,56.64,49.30,37.19
427.74,35.15,21.19,22.76,21.36,98.26,56.64,49.30,37.19
427.75,35.15,21.23,22.80,21.36,98.26,56.64,49.30,37.19
427.76,35.21,21.19,22.80,21.39,98.26,56.64,49.30,37.12
427.77,35.21,21.19,22.80,21.36,98.26,56.64,49.30,37.12
427.78,35.21,21.19,22.76,21.36,98.26,56.64,49.30,37.12
427.79,35.15,21.19,22.80,21.36,98.26,56.64,49.30,37.19
427.80,35.21,21.19,22.76,21.36,98.26,56.78,49.30,37.19
427.81,35.21,21.19,22.80,21.39,98.26,56.64,49.30,37.12
427.82,35.28,21.19,22.80,21.36,98.26,56.64,49.30,37.12
427.83,35.15,21.19,22.76,21.36,98.26,56.64,49.30,37.19
427.84,35.15,21.19,22.80,21.36,98.26,56.64,49.30,37.19
427.85,35.21,21.19,22.80,21.36,98.26,56.64,49.30,37.19
427.86,35.21,21.19,22.76,21.36,98.64,56.64,49.30,37.19
427.87,35.21,21.23,22.80,21.39,98.26,56.64,49.30,37.19
427.88,35.15,21.19,22.76,21.36,98.26,56.64,49.30,37.12
427.89,35.28,21.19,22.80,21.36,98.26,56.64,49.30,37.19
427.90,35.21,21.19,22.80,21.36,97.88,56.64,49.30,37.12
427.91,35.21,21.23,22.80,21.39,98.26,56.64,49.30,37.12
427.92,35.21,21.23,22.80,21.36,98.26,56.64,49.30,37.19
427.93,35.15,21.19,22.76,21.36,98.26,56.50,49.30,37.12
427.94,35.21,21.19,22.80,21.36,98.26,56.64,49.30,37.12
427.95,35.15,21.23,22.80,21.36,98.64,56.64,49.30,37.19
427.96,35.28,21.23,22.80,21.39,98.26,56.50,49.30,37.12
427.97,35.21,21.19,22.80,21.36,98.26,56.64,49.30,37.26
427.98,35.21,21.19,22.76,21.36,98.26,56.64,49.30,37.05
427.99,35.21,21.19,22.76,21.36,98.26,56.64,49.30,37.19
428.00,35.15,21.23,22.80,21.36,98.26,56.64,49.41,37.19
428.01,35.21,21.23,22.80,21.36,98.26,56.64,49.30,37.19
428.02,35.21,21.19,22.80,21.36,98.26,56.64,49.30,37.19
428.03,35.21,21.19,22.76,21.36,98.26,56.64,49.41,37.12
428.04,35.21,21.19,22.80,21.36,98.26,56.64,49.30,37.19
428.05,35.15,21.19,22.80,21.39,98.26,56.64,49.41,37.12
428.06,35.15,21.23,22.80,21.39,98.26,56.64,49.30,37.19
428.07,35.21,21.19,22.80,21.36,98.26,56.64,49.30,37.19
428.08,35.15,21.19,22.76,21.36,98.26,56.50,49.30,37.19
428.09,35.21,21.19,22.76,21.36,98.26,56.64,49.30,37.19
428.10,35.28,21.19,22.80,21.36,98.64,56.64,49.30,37.19
428.11,35.21,21.23,22.80,21.36,98.26,56.64,49.30,37.19
428.12,35.34,21.19,22.80,21.39,98.26,56.64,49.30,37.19
428.13,35.15,21.19,22.76,21.36,98.26,56.64,49.30,37.19
428.14,35.15,21.19,22.80,21.36,98.26,56.64,49.30,37.19
428.15,35.15,21.19,22.80,21.36,98.26,56.64,49.30,37.12
428.16,35.28,21.23,22.80,21.36,98.26,56.64,49.30,37.12
428.17,35.15,21.19,22.80,21.36,98.64,56.64,49.30,37.12
428.18,35.15,21.19,22.80,21.36,98.26,56.64,49.30,37.12
428.19,35.21,21.19,22.76,21.36,98.26,56.50,49.30,37.19
428.20,35.15,21.19,22.80,21.36,98.26,56.64,49.41,37.19
428.21,35.21,21.23,22.80,21.39,98.26,56.50,49.18,37.19
428.22,35.15,21.19,22.80,21.36,98.64,56.64,49.41,37.12
428.23,35.15,21.19,22.80,21.39,98.26,56.64,49.18,37.12
428.24,35.15,21.19,22.76,21.36,98.26,56.64,49.41,37.12
428.25,35.15,21.23,22.80,21.36,98.64,56.64,49.30,37.12
428.26,35.21,21.23,22.80,21.36,98.64,56.64,49.30,37.19
428.27,35.21,21.23,22.80,21.36,98.26,56.64,49.30,37.19
428.28,35.15,21.19,22.80,21.36,98.26,56.64,49.30,37.12
428.29,35.15,21.19,22.80,21.36,98.26,56.64,49.30,37.12
428.30,35.28,21.23,22.80,21.36,98.26,56.64,49.30,37.19
428.31,35.28,21.23,22.80,21.36,98.26,56.64,49.30,37.19
428.32,35.21,21.23,22.80,21.39,98.26,56.64,49.30,37.19
428.33,35.15,21.19,22.80,21.36,98.26,56.64,49.30,37.19
428.34,35.21,21.19,22.80,21.36,98.26,56.64,49.30,37.19
428.35,35.21,21.19,22.80,21.36,98.26,56.64,49.30,37.19
428.36,35.21,21.23,22.80,21.39,98.64,56.64,49.41,37.19
428.37,35.21,21.23,22.80,21.36,98.26,56.64,49.30,37.19
428.38,35.21,21.19,22.80,21.39,98.26,56.64,49.30,37.19
428.39,35.15,21.19,22.80,21.36,98.26,56.64,49.30,37.19
428.40,35.21,21.23,22.80,21.39,98.26,56.64,49.30,37.19
428.41,35.21,21.23,22.80,21.36,98.26,56.78,49.41,37.12
428.42,35.21,21.23,22.80,21.36,98.26,56.64,49.30,37.19
428.43,35.15,21.19,22.80,21.36,98.26,56.64,49.30,37.19
428.44,35.21,21.19,22.80,21.39,98.26,56.64,49.18,37.19
428.45,35.21,21.19,22.80,21.36,98.26,56.64,49.30,37.19
428.46,35.21,21.23,22.80,21.36,98.64,56.64,49.30,37.19
428.47,35.21,21.19,22.80,21.36,98.64,56.64,49.30,37.19
428.48,35.21,21.19,22.80,21.36,98.26,56.64,49.30,37.12
428.49,35.21,21.19,22.80,21.39,98.26,56.64,49.30,37.19
428.50,35.21,21.23,22.80,21.36,98.64,56.64,49.30,37.19
428.51,35.28,21.23,22.80,21.36,98.64,56.64,49.41,37.19
428.52,35.21,21.19,22.80,21.39,98.26,56.64,49.30,37.19
428.53,35.21,21.19,22.80,21.36,98.26,56.64,49.30,37.19
428.54,35.15,21.19,22.80,21.36,98.26,56.64,49.30,37.19
428.55,35.21,21.23,22.80,21.36,98.64,56.64,49.41,37.19
428.56,35.21,21.23,22.80,21.36,98.26,56.78,49.41,37.19
428.57,35.15,21.23,22.80,21.36,98.26,56.64,49.30,37.19
428.58,35.28,21.19,22.80,21.39,98.26,56.64,49.30,37.19
428.59,35.21,21.19,22.80,21.36,98.64,56.64,49.41,37.19
428.60,35.28,21.23,22.80,21.36,98.26,56.64,49.30,37.12
428.61,35.21,21.23,22.80,21.36,98.26,56.64,49.30,37.19
428.62,35.21,21.19,22.80,21.36,98.26,56.64,49.30,37.19
428.63,35.21,21.23,22.80,21.36,98.26,56.64,49.30,37.19
428.64,35.15,21.19,22.80,21.36,98.26,56.64,49.30,37.12
428.65,35.21,21.23,22.80,21.39,98.26,56.64,49.30,37.19
428.66,35.28,21.23,22.80,21.39,98.64,56.64,49.41,37.19
428.67,35.15,21.23,22.80,21.36,98.26,56.64,49.30,37.12
428.68,35.15,21.19,22.80,21.39,98.26,56.64,49.30,37.19
428.69,35.15,21.19,22.80,21.39,98.64,56.64,49.30,37.19
428.70,35.21,21.19,22.80,21.39,98.26,56.64,49.30,37.19
428.71,35.21,21.23,22.80,21.36,98.26,56.64,49.41,37.19
428.72,35.21,21.23,22.80,21.36,98.26,56.64,49.30,37.19
428.73,35.15,21.19,22.76,21.36,98.26,56.64,49.30,37.12
428.74,35.21,21.23,22.80,21.36,98.26,56.64,49.30,37.19
428.75,35.21,21.19,22.80,21.39,98.26,56.64,49.30,37.26
428.76,35.28,21.23,22.80,21.36,98.26,56.64,49.30,37.19
428.77,35.21,21.23,22.80,21.36,98.64,56.64,49.30,37.19
428.78,35.21,21.19,22.80,21.39,98.64,56.64,49.30,37.12
428.79,35.21,21.23,22.80,21.36,98.26,56.64,49.30,37.19
428.80,35.15,21.23,22.80,21.36,98.26,56.64,49.30,37.19
428.81,35.21,21.23,22.80,21.36,98.26,56.64,49.30,37.19
428.82,35.21,21.23,22.80,21.36,98.64,56.64,49.30,37.19
428.83,35.15,21.19,22.80,21.36,98.26,56.64,49.41,37.19
428.84,35.15,21.19,22.80,21.39,98.26,56.64,49.30,37.19
428.85,35.21,21.23,22.80,21.36,98.26,56.64,49.30,37.19
428.86,35.21,21.23,22.80,21.36,98.26,56.64,49.41,37.19
428.87,35.21,21.23,22.80,21.36,98.26,56.64,49.41,37.19
428.88,35.21,21.19,22.80,21.36,98.26,56.64,49.30,37.19
428.89,35.15,21.19,22.80,21.39,98.26,56.64,49.30,37.19
428.90,35.28,21.23,22.80,21.36,98.26,56.64,49.30,37.19
428.91,35.21,21.23,22.80,21.36,98.26,56.64,49.30,37.19
428.92,35.21,21.23,22.80,21.36,98.26,56.64,49.41,37.19
428.93,35.21,21.19,22.80,21.36,98.26,56.64,49.30,37.19
428.94,35.15,21.19,22.80,21.36,98.64,56.64,49.30,37.12
428.95,35.28,21.23,22.80,21.36,98.26,56.64,49.30,37.19
428.96,35.28,21.23,22.80,21.39,98.64,56.64,49.30,37.19
428.97,35.21,21.23,22.80,21.36,98.26,56.64,49.30,37.19
428.98,35.15,21.23,22.80,21.36,98.64,56.64,49.41,37.19
428.99,35.21,21.23,22.80,21.36,98.26,56.64,49.30,37.19
429.00,35.21,21.23,22.80,21.36,98.64,56.64,49.30,37.19
429.01,35.28,21.23,22.83,21.36,98.64,56.64,49.41,37.19
429.02,35.15,21.23,22.80,21.39,98.26,56.64,49.30,37.19
429.03,35.21,21.19,22.80,21.36,98.26,56.64,49.30,37.19
429.04,35.15,21.19,22.80,21.36,98.64,56.64,49.30,37.26
429.05,35.21,21.23,22.80,21.36,98.64,56.64,49.41,37.19
429.06,35.21,21.23,22.80,21.36,98.26,56.64,49.30,37.19
429.07,35.28,21.23,22.80,21.36,98.26,56.64,49.30,37.19
429.08,35.28,21.19,22.80,21.36,98.26,56.64,49.18,37.19
429.09,35.28,21.19,22.80,21.36,98.26,56.64,49.30,37.12
429.10,35.21,21.23,22.80,21.39,98.26,56.64,49.41,37.19
429.11,35.21,21.23,22.80,21.36,98.26,56.64,49.41,37.19
429.12,35.21,21.23,22.80,21.36,98.26,56.64,49.30,37.19
429.13,35.21,21.19,22.80,21.36,98.26,56.64,49.30,37.19
429.14,35.21,21.23,22.80,21.36,98.64,56.64,49.30,37.12
429.15,35.21,21.23,22.80,21.36,98.64,56.78,49.30,37.19
429.16,35.28,21.23,22.80,21.36,98.26,56.50,49.30,37.19
429.17,35.21,21.23,22.80,21.36,98.26,56.50,49.30,37.19
429.18,35.15,21.19,22.76,21.36,98.26,56.64,49.30,37.19
429.19,35.21,21.23,22.80,21.36,98.26,56.64,49.30,37.19
429.20,35.21,21.23,22.80,21.36,98.64,56.78,49.41,37.12
429.21,35.28,21.23,22.80,21.39,98.26,56.64,49.30,37.12
429.22,35.15,21.23,22.80,21.36,98.26,56.64,49.30,37.26
429.23,35.21,21.19,22.80,21.39,98.26,56.64,49.30,37.12
429.24,35.34,21.19,22.80,21.36,98.26,56.64,49.30,37.19
429.25,35.28,21.23,22.80,21.39,98.64,56.64,49.41,37.19
429.26,35.21,21.23,22.80,21.39,98.26,56.64,49.41,37.19
429.27,35.21,21.19,22.80,21.36,98.26,56.64,49.30,37.12
429.28,35.21,21.19,22.80,21.39,98.26,56.64,49.30,37.19
429.29,35.15,21.19,22.80,21.39,98.26,56.64,49.30,37.12
429.30,35.21,21.23,22.80,21.36,98.26,56.64,49.30,37.19
429.31,35.21,21.23,22.80,21.36,98.26,56.64,49.30,37.19
429.32,35.15,21.23,22.80,21.36,98.64,56.64,49.30,37.19
429.33,35.21,21.19,22.80,21.36,98.26,56.64,49.30,37.19
429.34,35.15,21.19,22.80,21.36,98.26,56.64,49.30,37.19
429.35,35.28,21.23,22.80,21.39,98.26,56.64,49.30,37.26
429.36,35.21,21.23,22.80,21.36,98.26,56.64,49.30,37.19
429.37,35.21,21.23,22.80,21.36,98.26,56.64,49.30,37.19
429.38,35.21,21.19,22.76,21.36,98.26,56.64,49.30,37.19
429.39,35.21,21.19,22.80,21.39,98.26,56.50,49.30,37.12
429.40,35.21,21.23,22.80,21.36,98.64,56.64,49.41,37.19
429.41,35.21,21.23,22.80,21.39,98.26,56.64,49.30,37.19
429.42,35.21,21.19,22.80,21.36,98.26,56.64,49.30,37.19
429.43,35.15,21.19,22.80,21.36,98.26,56.64,49.30,37.19
429.44,35.21,21.23,22.76,21.39,98.26,56.64,49.30,37.19
429.45,35.21,21.23,22.80,21.39,98.64,56.64,49.41,37.19
429.46,35.21,21.23,22.80,21.39,98.26,56.64,49.30,37.19
429.47,35.21,21.23,22.80,21.36,98.64,56.64,49.30,37.19
429.48,35.15,21.19,22.80,21.39,98.26,56.64,49.30,37.19
429.49,35.28,21.16,22.80,21.39,98.26,56.64,49.30,37.19
429.50,35.21,21.23,22.80,21.36,98.26,56.64,49.41,37.19
429.51,35.21,21.23,22.80,21.39,98.64,56.64,49.30,37.19
429.52,35.21,21.23,22.80,21.36,98.26,56.64,49.30,37.19
429.53,35.15,21.19,22.80,21.36,98.26,56.64,49.30,37.19
429.54,35.21,21.23,22.80,21.39,98.26,56.64,49.30,37.19
429.55,35.21,21.23,22.80,21.39,98.26,56.64,49.30,37.19
429.56,35.21,21.23,22.80,21.36,98.26,56.64,49.30,37.19
429.57,35.21,21.19,22.80,21.36,98.26,56.64,49.41,37.19
429.58,35.15,21.19,22.80,21.36,98.26,56.50,49.30,37.19
429.59,35.21,21.19,22.80,21.39,98.26,56.64,49.41,37.19
429.60,35.21,21.23,22.80,21.36,98.26,56.64,49.30,37.19
429.61,35.21,21.23,22.80,21.39,98.26,56.64,49.41,37.19
429.62,35.21,21.23,22.80,21.39,98.26,56.64,49.30,37.19
429.63,35.15,21.19,22.76,21.39,98.26,56.64,49.30,37.19
429.64,35.21,21.23,22.80,21.39,98.26,56.64,49.30,37.19
429.65,35.21,21.23,22.80,21.36,98.26,56.64,49.41,37.19
429.66,35.28,21.23,22.80,21.36,98.26,56.64,49.30,37.19
429.67,35.21,21.19,22.80,21.36,98.26,56.64,49.30,37.19
429.68,35.21,21.23,22.80,21.36,98.26,56.64,49.30,37.19
429.69,35.21,21.19,22.80,21.36,98.26,56.64,49.30,37.19
429.70,35.21,21.23,22.80,21.39,98.64,56.64,49.41,37.19
429.71,35.15,21.23,22.80,21.36,98.26,56.64,49.41,37.19
429.72,35.21,21.23,22.80,21.36,98.26,56.64,49.41,37.19
429.73,35.15,21.19,22.80,21.36,98.26,56.64,49.30,37.19
429.74,35.21,21.19,22.80,21.39,98.26,56.64,49.30,37.19
429.75,35.21,21.23,22.80,21.39,98.26,56.64,49.30,37.19
429.76,35.21,21.23,22.80,21.39,98.26,56.64,49.30,37.19
429.77,35.15,21.19,22.80,21.36,98.26,56.64,49.30,37.19
429.78,35.21,21.23,22.80,21.39,98.26,56.64,49.30,37.19
429.79,35.21,21.19,22.80,21.39,98.26,56.64,49.30,37.26
429.80,35.21,21.23,22.80,21.39,98.26,56.64,49.30,37.19
429.81,35.21,21.23,22.80,21.36,98.26,56.64,49.30,37.19
429.82,35.28,21.23,22.80,21.39,98.26,56.64,49.30,37.19
429.83,35.21,21.19,22.80,21.39,98.26,56.64,49.30,37.26
429.84,35.21,21.23,22.80,21.36,98.26,56.64,49.30,37.19
429.85,35.21,21.23,22.80,21.36,98.26,56.64,49.41,37.19
429.86,35.28,21.23,22.80,21.36,98.26,56.64,49.30,37.19
429.87,35.21,21.19,22.80,21.39,98.26,56.50,49.30,37.19
429.88,35.21,21.19,22.76,21.39,98.26,56.64,49.18,37.19
429.89,35.21,21.19,22.80,21.36,98.64,56.64,49.30,37.19
429.90,35.21,21.23,22.80,21.39,98.26,56.64,49.30,37.19
429.91,35.28,21.23,22.80,21.39,98.64,56.64,49.30,37.19
429.92,35.21,21.19,22.80,21.39,98.26,56.64,49.30,37.19
429.93,35.21,21.19,22.80,21.36,98.26,56.64,49.30,37.19
429.94,35.15,21.19,22.80,21.39,98.26,56.64,49.30,37.19
429.95,35.21,21.19,22.80,21.36,98.26,56.64,49.30,37.26
429.96,35.21,21.23,22.80,21.39,98.26,56.64,49.30,37.19
429.97,35.15,21.19,22.80,21.36,98.26,56.64,49.30,37.19
429.98,35.21,21.23,22.80,21.39,98.64,56.64,49.30,37.19
429.99,35.15,21.23,22.80,21.36,98.26,56.64,49.30,37.19
430.00,35.21,21.23,22.80,21.36,98.26,56.64,49.30,37.19
430.01,35.21,21.23,22.80,21.39,98.26,56.64,49.30,37.19
430.02,35.21,21.19,22.80,21.39,98.26,56.64,49.30,37.19
430.03,35.21,21.19,22.76,21.36,98.26,56.64,49.30,37.12
430.04,35.15,21.19,22.80,21.39,98.26,56.64,49.41,37.19
430.05,35.28,21.23,22.80,21.36,98.26,56.64,49.30,37.26
430.06,35.28,21.23,22.80,21.39,98.64,56.64,49.41,37.19
430.07,35.28,21.19,22.80,21.39,98.26,56.64,49.30,37.19
430.08,35.15,21.19,22.76,21.39,98.26,56.64,49.41,37.19
430.09,35.21,21.19,22.80,21.39,98.26,56.64,49.30,37.19
430.10,35.21,21.23,22.80,21.39,98.26,56.64,49.30,37.19
430.11,35.21,21.23,22.80,21.36,98.26,56.64,49.30,37.19
430.12,35.21,21.23,22.80,21.36,98.26,56.64,49.30,37.19
430.13,35.21,21.19,22.80,21.36,98.26,56.64,49.30,37.19
430.14,35.28,21.23,22.80,21.36,98.26,56.78,49.30,37.19
430.15,35.28,21.23,22.80,21.36,98.64,56.64,49.30,37.19
430.16,35.21,21.23,22.80,21.36,98.64,56.64,49.30,37.19
430.17,35.21,21.23,22.80,21.39,98.26,56.64,49.30,37.19
430.18,35.28,21.19,22.76,21.36,98.26,56.64,49.30,37.19
430.19,35.21,21.23,22.80,21.39,98.26,56.64,49.30,37.19
430.20,35.21,21.23,22.80,21.36,98.26,56.64,49.30,37.19
430.21,35.21,21.23,22.80,21.36,98.26,56.64,49.41,37.19
430.22,35.28,21.23,22.80,21.36,98.64,56.64,49.41,37.26
430.23,35.15,21.19,22.80,21.36,98.26,56.64,49.30,37.19
430.24,35.21,21.19,22.80,21.39,98.26,56.64,49.30,37.19
430.25,35.28,21.23,22.80,21.39,98.26,56.64,49.30,37.19
430.26,35.21,21.23,22.80,21.36,98.26,56.64,49.41,37.19
430.27,35.21,21.23,22.80,21.36,98.26,56.64,49.41,37.19
430.28,35.15,21.19,22.80,21.36,98.26,56.64,49.30,37.19
430.29,35.21,21.19,22.80,21.36,98.26,56.64,49.30,37.26
430.30,35.21,21.23,22.80,21.36,98.26,56.64,49.41,37.19
430.31,35.21,21.23,22.80,21.36,98.26,56.64,49.30,37.26
430.32,35.21,21.19,22.80,21.36,98.26,56.78,49.30,37.26
430.33,35.15,21.23,22.80,21.36,98.26,56.64,49.30,37.19
430.34,35.21,21.19,22.80,21.39,98.26,56.64,49.41,37.19
430.35,35.15,21.23,22.80,21.39,98.64,56.64,49.41,37.19
430.36,35.21,21.26,22.80,21.39,98.64,56.78,49.30,37.26
430.37,35.15,21.16,22.80,21.36,98.26,56.64,49.30,37.19
430.38,35.28,21.26,22.80,21.36,98.26,56.64,49.30,37.19
430.39,35.21,21.23,22.80,21.39,98.26,56.64,49.30,37.19
430.40,35.21,21.23,22.80,21.39,98.26,56.64,49.30,37.19
430.41,35.21,21.23,22.80,21.36,98.26,56.64,49.41,37.19
430.42,35.21,21.19,22.80,21.39,98.26,56.64,49.30,37.19
430.43,35.21,21.19,22.80,21.39,98.26,56.64,49.41,37.19
430.44,35.21,21.19,22.80,21.39,98.26,56.64,49.30,37.26
430.45,35.28,21.23,22.80,21.39,98.26,56.64,49.30,37.19
430.46,35.21,21.23,22.80,21.36,98.26,56.92,49.30,37.26
430.47,35.15,21.23,22.80,21.36,98.64,56.64,49.41,37.12
430.48,35.15,21.19,22.80,21.36,98.26,56.64,49.30,37.33
430.49,35.15,21.19,22.76,21.39,98.26,56.64,49.30,37.19
430.50,35.21,21.23,22.80,21.36,98.26,56.64,49.41,37.19
430.51,35.21,21.23,22.80,21.39,98.26,56.64,49.30,37.19
430.52,35.21,21.19,22.80,21.36,98.26,56.64,49.30,37.19
430.53,35.28,21.23,22.80,21.36,98.26,56.64,49.30,37.19
430.54,35.15,21.19,22.80,21.39,98.26,56.64,49.30,37.26
430.55,35.28,21.23,22.80,21.39,98.64,56.64,49.41,37.19
430.56,35.21,21.23,22.80,21.39,98.26,56.64,49.30,37.26
430.57,35.28,21.23,22.80,21.39,98.26,56.64,49.30,37.26
430.58,35.21,21.19,22.80,21.39,98.26,56.50,49.30,37.26
430.59,35.28,21.23,22.80,21.39,98.26,56.64,49.41,37.19
430.60,35.15,21.23,22.80,21.39,98.26,56.78,49.41,37.19
430.61,35.28,21.19,22.83,21.36,98.26,56.64,49.30,37.19
430.62,35.15,21.19,22.76,21.39,98.26,56.64,49.30,37.19
430.63,35.21,21.19,22.80,21.39,98.26,56.64,49.30,37.19
430.64,35.34,21.19,22.80,21.39,98.64,56.64,49.30,37.19
430.65,35.28,21.23,22.80,21.39,98.26,56.64,49.41,37.19
430.66,35.21,21.23,22.80,21.39,98.64,56.64,49.41,37.19
430.67,35.21,21.23,22.80,21.39,98.26,56.64,49.30,37.19
430.68,35.21,21.23,22.76,21.39,98.26,56.64,49.30,37.19
430.69,35.15,21.19,22.80,21.36,98.64,56.64,49.41,37.19
430.70,35.21,21.23,22.80,21.39,98.26,56.64,49.30,37.19
430.71,35.21,21.23,22.80,21.36,98.64,56.64,49.41,37.19
430.72,35.21,21.19,22.80,21.39,98.26,56.50,49.18,37.19
430.73,35.15,21.19,22.80,21.39,98.26,56.64,49.41,37.19
430.74,35.21,21.23,22.80,21.39,98.26,56.64,49.30,37.19
430.75,35.21,21.23,22.80,21.39,98.26,56.64,49.30,37.19
430.76,35.28,21.23,22.80,21.39,98.64,56.64,49.30,37.19
430.77,35.21,21.19,22.80,21.36,98.26,56.64,49.30,37.19
430.78,35.21,21.19,22.76,21.39,98.26,56.64,49.30,37.19
430.79,35.21,21.23,22.80,21.39,98.26,56.64,49.30,37.26
430.80,35.21,21.23,22.80,21.39,98.26,56.64,49.41,37.19
430.81,35.28,21.23,22.80,21.36,98.26,56.64,49.41,37.19
430.82,35.28,21.23,22.80,21.36,98.26,56.64,49.30,37.19
430.83,35.28,21.19,22.80,21.39,98.26,56.64,49.30,37.26
430.84,35.21,21.19,22.80,21.39,98.26,56.64,49.30,37.26
430.85,35.21,21.23,22.80,21.39,98.26,56.64,49.30,37.19
430.86,35.21,21.23,22.80,21.39,98.26,56.64,49.30,37.19
430.87,35.21,21.23,22.76,21.39,98.26,56.64,49.30,37.19
430.88,35.21,21.23,22.80,21.36,98.26,56.64,49.30,37.19
430.89,35.21,21.23,22.80,21.39,98.26,56.64,49.41,37.19
430.90,35.21,21.23,22.80,21.39,98.26,56.64,49.41,37.19
430.91,35.21,21.23,22.80,21.36,98.64,56.64,49.41,37.19
430.92,35.21,21.23,22.80,21.39,98.26,56.64,49.30,37.19
430.93,35.15,21.19,22.80,21.39,98.26,56.64,49.30,37.26
430.94,35.21,21.23,22.80,21.39,98.26,56.64,49.41,37.19
430.95,35.21,21.23,22.80,21.39,98.64,56.64,49.41,37.19
430.96,35.21,21.19,22.80,21.36,98.26,56.64,49.41,37.26
430.97,35.21,21.23,22.80,21.39,98.26,56.64,49.30,37.19
430.98,35.28,21.23,22.80,21.39,98.26,56.64,49.30,37.26
430.99,35.15,21.23,22.80,21.39,98.26,56.64,49.41,37.26
431.00,35.21,21.26,22.80,21.39,98.26,56.64,49.30,37.19
431.01,35.21,21.23,22.80,21.36,98.26,56.64,49.30,37.19
431.02,35.21,21.23,22.80,21.36,98.26,56.64,49.30,37.19
431.03,35.21,21.19,22.80,21.36,98.26,56.64,49.30,37.19
431.04,35.15,21.23,22.80,21.36,98.26,56.64,49.30,37.19
431.05,35.21,21.23,22.80,21.39,98.26,56.64,49.30,37.26
431.06,35.21,21.23,22.80,21.39,98.26,56.64,49.41,37.19
431.07,35.21,21.23,22.80,21.36,98.26,56.64,49.30,37.19
431.08,35.15,21.19,22.80,21.36,98.26,56.64,49.30,37.19
431.09,35.15,21.23,22.80,21.39,98.26,56.78,49.41,37.19
431.10,35.21,21.23,22.80,21.36,98.26,56.78,49.41,37.19
431.11,35.21,21.23,22.80,21.36,98.26,56.64,49.41,37.26
431.12,35.21,21.23,22.80,21.39,98.26,56.64,49.30,37.26
431.13,35.21,21.19,22.80,21.39,98.26,56.64,49.30,37.19
431.14,35.28,21.19,22.80,21.39,98.64,56.64,49.41,37.19
431.15,35.21,21.23,22.80,21.39,98.26,56.64,49.30,37.19
431.16,35.21,21.23,22.80,21.39,98.26,56.64,49.30,37.26
431.17,35.21,21.23,22.80,21.36,98.26,56.64,49.30,37.19
431.18,35.15,21.19,22.80,21.39,98.26,56.64,49.30,37.19
431.19,35.15,21.23,22.80,21.39,98.26,56.64,49.41,37.19
431.20,35.21,21.23,22.80,21.39,98.26,56.78,49.30,37.19
431.21,35.21,21.23,22.80,21.39,98.26,56.64,49.41,37.26
431.22,35.21,21.23,22.76,21.39,98.64,56.64,49.30,37.19
431.23,35.21,21.23,22.80,21.39,98.26,56.64,49.30,37.19
431.24,35.15,21.19,22.80,21.39,98.64,56.64,49.30,37.19
431.25,35.21,21.23,22.80,21.39,98.26,56.78,49.41,37.19
431.26,35.21,21.23,22.80,21.39,98.26,56.64,49.30,37.19
431.27,35.21,21.23,22.80,21.39,98.26,56.50,49.30,37.26
431.28,35.21,21.23,22.80,21.39,98.26,56.64,49.30,37.19
431.29,35.15,21.19,22.80,21.39,98.26,56.64,49.30,37.19
431.30,35.21,21.23,22.80,21.39,98.26,56.64,49.41,37.19
431.31,35.28,21.23,22.80,21.39,98.26,56.64,49.41,37.19
431.32,35.21,21.19,22.80,21.36,98.64,56.64,49.30,37.19
431.33,35.28,21.23,22.76,21.39,98.26,56.64,49.30,37.26
431.34,35.21,21.23,22.80,21.36,98.26,56.64,49.30,37.19
431.35,35.21,21.23,22.80,21.36,98.64,56.78,49.41,37.26
431.36,35.28,21.23,22.80,21.39,98.26,56.64,49.30,37.19
431.37,35.21,21.19,22.80,21.39,98.26,56.64,49.30,37.26
431.38,35.28,21.19,22.76,21.39,98.26,56.64,49.30,37.19
431.39,35.21,21.23,22.80,21.36,98.26,56.64,49.30,37.19
431.40,35.21,21.23,22.80,21.39,98.26,56.64,49.30,37.19
431.41,35.21,21.23,22.80,21.39,98.26,56.64,49.41,37.19
431.42,35.28,21.19,22.80,21.36,98.26,56.64,49.41,37.19
431.43,35.21,21.23,22.80,21.39,98.26,56.64,49.30,37.26
431.44,35.21,21.23,22.80,21.36,98.26,56.64,49.30,37.19
431.45,35.28,21.23,22.80,21.36,98.64,56.64,49.41,37.19
431.46,35.21,21.23,22.80,21.36,98.26,56.64,49.30,37.19
431.47,35.15,21.19,22.80,21.36,98.26,56.64,49.30,37.19
431.48,35.28,21.23,22.80,21.39,98.26,56.64,49.30,37.26
431.49,35.21,21.23,22.80,21.39,98.26,56.64,49.30,37.19
431.50,35.21,21.23,22.80,21.39,98.64,56.64,49.30,37.19
431.51,35.21,21.23,22.80,21.36,98.26,56.64,49.30,37.19
431.52,35.21,21.23,22.80,21.36,98.64,56.64,49.30,37.19
431.53,35.21,21.19,22.80,21.39,98.26,56.64,49.30,37.19
431.54,35.21,21.23,22.80,21.39,98.64,56.64,49.41,37.26
431.55,35.21,21.23,22.80,21.36,98.26,56.64,49.41,37.19
431.56,35.21,21.23,22.80,21.39,98.26,56.78,49.41,37.19
431.57,35.21,21.19,22.80,21.36,98.26,56.64,49.30,37.19
431.58,35.21,21.19,22.80,21.39,98.26,56.64,49.41,37.26
431.59,35.21,21.23,22.80,21.39,98.64,56.64,49.30,37.19
431.60,35.21,21.23,22.80,21.36,98.26,56.64,49.41,37.19
431.61,35.21,21.23,22.80,21.39,98.26,56.64,49.41,37.26
431.62,35.21,21.23,22.80,21.36,98.26,56.64,49.30,37.26
431.63,35.21,21.23,22.76,21.39,98.26,56.64,49.30,37.19
431.64,35.28,21.23,22.80,21.39,98.26,56.64,49.41,37.26
431.65,35.21,21.23,22.80,21.39,98.26,56.64,49.41,37.19
431.66,35.21,21.23,22.80,21.39,98.26,56.64,49.41,37.26
431.67,35.15,21.23,22.80,21.39,98.64,56.64,49.41,37.19
431.68,35.21,21.23,22.80,21.39,98.26,56.64,49.41,37.19
431.69,35.28,21.23,22.80,21.39,98.26,56.78,49.30,37.26
431.70,35.21,21.23,22.83,21.39,98.26,56.50,49.41,37.19
431.71,35.21,21.23,22.80,21.36,98.26,56.78,49.30,37.26
431.72,35.21,21.23,22.80,21.39,98.26,56.64,49.30,37.19
431.73,35.21,21.23,22.80,21.39,98.26,56.64,49.30,37.12
431.74,35.21,21.23,22.80,21.39,98.26,56.64,49.30,37.26
431.75,35.28,21.23,22.80,21.39,98.64,56.78,49.41,37.26
431.76,35.21,21.26,22.80,21.39,98.26,56.64,49.30,37.19
431.77,35.28,21.23,22.80,21.39,98.26,56.64,49.41,37.19
431.78,35.21,21.23,22.80,21.39,98.64,56.64,49.30,37.19
431.79,35.21,21.26,22.80,21.39,98.64,56.64,49.30,37.26
431.80,35.21,21.23,22.80,21.39,98.64,56.78,49.41,37.26
431.81,35.15,21.23,22.80,21.39,98.26,56.64,49.41,37.26
431.82,35.28,21.23,22.80,21.39,98.26,56.64,49.30,37.26
431.83,35.15,21.23,22.76,21.39,98.26,56.64,49.30,37.26
431.84,35.28,21.23,22.80,21.39,98.64,56.64,49.30,37.26
431.85,35.21,21.23,22.80,21.39,98.64,56.64,49.41,37.26
431.86,35.28,21.23,22.80,21.39,98.26,56.64,49.41,37.19
431.87,35.28,21.23,22.76,21.36,98.26,56.78,49.30,37.19
431.88,35.15,21.19,22.80,21.36,98.26,56.64,49.41,37.26
431.89,35.21,21.23,22.80,21.39,98.26,56.64,49.30,37.26
431.90,35.21,21.23,22.80,21.39,98.26,56.64,49.41,37.26
431.91,35.21,21.26,22.80,21.39,98.64,56.64,49.41,37.26
431.92,35.21,21.23,22.80,21.39,98.26,56.64,49.30,37.19
431.93,35.15,21.19,22.80,21.39,98.26,56.64,49.30,37.26
431.94,35.21,21.23,22.80,21.39,98.64,56.64,49.41,37.26
431.95,35.28,21.23,22.80,21.39,98.26,56.64,49.30,37.19
431.96,35.21,21.23,22.80,21.36,98.64,56.64,49.52,37.26
431.97,35.21,21.23,22.80,21.39,98.26,56.64,49.18,37.19
431.98,35.21,21.19,22.80,21.39,98.26,56.64,49.30,37.19
431.99,35.28,21.23,22.80,21.39,98.26,56.64,49.41,37.19
432.00,35.21,21.23,22.80,21.36,98.26,56.78,49.41,37.19
432.01,35.21,21.23,22.80,21.39,98.26,56.64,49.41,37.26
432.02,35.21,21.23,22.80,21.39,98.26,56.64,49.30,37.19
432.03,35.21,21.19,22.80,21.39,98.26,56.64,49.41,37.26
432.04,35.15,21.26,22.80,21.39,98.64,56.64,49.30,37.19
432.05,35.21,21.23,22.80,21.39,98.26,56.64,49.41,37.26
432.06,35.21,21.23,22.80,21.39,98.64,56.78,49.41,37.19
432.07,35.21,21.23,22.80,21.39,98.26,56.64,49.41,37.26
432.08,35.21,21.19,22.80,21.39,98.26,56.64,49.41,37.26
432.09,35.21,21.23,22.80,21.39,98.26,56.64,49.41,37.26
432.10,35.21,21.23,22.80,21.39,98.26,56.64,49.41,37.26
432.11,35.21,21.23,22.80,21.39,98.64,56.64,49.41,37.26
432.12,35.28,21.23,22.80,21.36,98.26,56.64,49.30,37.26
432.13,35.21,21.23,22.80,21.36,98.26,56.64,49.41,37.19
432.14,35.21,21.23,22.80,21.36,98.26,56.64,49.41,37.26
432.15,35.28,21.26,22.80,21.39,98.26,56.64,49.30,37.26
432.16,35.21,21.23,22.80,21.36,98.26,56.64,49.41,37.26
432.17,35.21,21.23,22.80,21.39,98.26,56.64,49.30,37.26
432.18,35.28,21.23,22.80,21.39,98.64,56.64,49.41,37.26
432.19,35.28,21.26,22.80,21.39,98.26,56.64,49.30,37.19
432.20,35.21,21.23,22.83,21.39,98.26,56.78,49.41,37.26
432.21,35.21,21.23,22.80,21.36,98.26,56.64,49.41,37.19
432.22,35.21,21.26,22.80,21.39,98.26,56.64,49.41,37.26
432.23,35.21,21.23,22.80,21.39,98.26,56.64,49.30,37.26
432.24,35.21,21.23,22.80,21.39,98.64,56.92,49.41,37.26
432.25,35.21,21.23,22.80,21.39,98.64,56.64,49.41,37.26
432.26,35.21,21.23,22.80,21.39,98.26,56.64,49.30,37.26
432.27,35.21,21.23,22.80,21.39,98.26,56.64,49.41,37.26
432.28,35.21,21.23,22.80,21.39,98.26,56.64,49.41,37.26
432.29,35.21,21.26,22.80,21.39,98.26,56.64,49.41,37.26
432.30,35.21,21.26,22.80,21.39,98.64,56.64,49.30,37.26
432.31,35.21,21.23,22.80,21.39,98.64,56.64,49.41,37.19
432.32,35.15,21.23,22.80,21.39,98.26,56.64,49.30,37.19
432.33,35.21,21.23,22.80,21.39,98.26,56.64,49.30,37.26
432.34,35.21,21.23,22.83,21.39,98.64,56.78,49.41,37.26
432.35,35.21,21.23,22.83,21.39,98.64,56.78,49.41,37.26
432.36,35.21,21.23,22.80,21.39,98.26,56.64,49.30,37.26
432.37,35.21,21.23,22.80,21.39,98.26,56.64,49.30,37.26
432.38,35.21,21.23,22.80,21.39,98.64,56.64,49.30,37.26
432.39,35.21,21.23,22.80,21.39,98.26,56.64,49.30,37.26
432.40,35.28,21.26,22.83,21.39,98.64,56.78,49.41,37.26
432.41,35.28,21.23,22.80,21.39,98.26,56.64,49.41,37.26
432.42,35.21,21.23,22.80,21.39,98.64,56.64,49.41,37.19
432.43,35.21,21.23,22.80,21.39,98.26,56.64,49.30,37.26
432.44,35.21,21.23,22.80,21.39,98.26,56.78,49.41,37.26
432.45,35.21,21.26,22.83,21.39,98.26,56.78,49.41,37.26
432.46,35.21,21.23,22.80,21.39,98.64,56.64,49.41,37.19
432.47,35.21,21.23,22.80,21.39,98.26,56.64,49.41,37.19
432.48,35.21,21.26,22.80,21.39,98.26,56.64,49.30,37.26
432.49,35.21,21.26,22.80,21.39,98.26,56.78,49.41,37.19
432.50,35.34,21.26,22.83,21.39,98.64,56.64,49.41,37.26
432.51,35.21,21.26,22.80,21.39,98.64,56.78,49.41,37.26
432.52,35.21,21.23,22.80,21.36,98.64,56.64,49.41,37.26
432.53,35.21,21.23,22.80,21.39,98.26,56.64,49.30,37.26
432.54,35.28,21.23,22.80,21.39,98.26,56.64,49.41,37.26
432.55,35.28,21.23,22.83,21.39,98.64,56.78,49.41,37.26
432.56,35.28,21.23,22.83,21.39,98.64,56.64,49.41,37.26
432.57,35.28,21.23,22.80,21.39,98.26,56.78,49.30,37.19
432.58,35.28,21.23,22.80,21.39,98.26,56.64,49.41,37.26
432.59,35.28,21.23,22.80,21.39,98.64,56.64,49.41,37.26
432.60,35.28,21.26,22.80,21.39,98.26,56.64,49.41,37.26
432.61,35.28,21.23,22.83,21.39,98.64,56.64,49.30,37.26
432.62,35.28,21.23,22.80,21.39,98.26,56.64,49.41,37.26
432.63,35.21,21.19,22.80,21.36,98.26,56.64,49.41,37.19
432.64,35.21,21.26,22.80,21.39,98.26,56.64,49.41,37.26
432.65,35.34,21.26,22.83,21.39,98.26,56.78,49.41,37.26
432.66,35.34,21.23,22.80,21.39,98.64,56.64,49.41,37.19
432.67,35.28,21.23,22.80,21.39,98.64,56.64,49.41,37.26
432.68,35.21,21.23,22.80,21.39,98.26,56.64,49.41,37.26
432.69,35.21,21.23,22.80,21.39,98.26,56.78,49.41,37.26
432.70,35.28,21.26,22.83,21.39,98.64,56.78,49.41,37.26
432.71,35.21,21.23,22.80,21.39,98.64,56.64,49.41,37.26
432.72,35.21,21.23,22.80,21.39,98.26,56.78,49.41,37.26
432.73,35.28,21.23,22.80,21.39,98.26,56.64,49.41,37.26
432.74,35.28,21.23,22.80,21.39,98.64,56.64,49.41,37.26
432.75,35.21,21.26,22.80,21.39,98.26,56.64,49.41,37.19
432.76,35.34,21.23,22.83,21.39,98.26,56.64,49.41,37.19
432.77,35.21,21.23,22.80,21.39,98.26,56.64,49.30,37.19
432.78,35.28,21.23,22.80,21.39,98.26,56.64,49.41,37.26
432.79,35.21,21.23,22.80,21.39,98.64,56.64,49.41,37.26
432.80,35.34,21.26,22.83,21.39,98.26,56.78,49.41,37.19
432.81,35.34,21.23,22.80,21.39,98.26,56.64,49.41,37.26
432.82,35.21,21.23,22.80,21.36,98.26,56.64,49.41,37.19
432.83,35.21,21.23,22.80,21.39,98.26,56.64,49.41,37.26
432.84,35.21,21.19,22.83,21.39,98.26,56.64,49.41,37.26
432.85,35.21,21.26,22.83,21.39,98.64,56.64,49.41,37.26
432.86,35.34,21.23,22.83,21.39,98.64,56.64,49.30,37.26
432.87,35.21,21.26,22.80,21.39,98.64,56.64,49.41,37.26
432.88,35.21,21.23,22.80,21.39,98.26,56.64,49.41,37.26
432.89,35.28,21.23,22.80,21.36,98.26,56.64,49.41,37.19
432.90,35.28,21.23,22.83,21.39,98.64,56.64,49.41,37.26
432.91,35.21,21.23,22.83,21.39,98.64,56.64,49.41,37.26
432.92,35.21,21.23,22.80,21.39,98.26,56.64,49.41,37.26
432.93,35.28,21.23,22.80,21.39,98.26,56.64,49.41,37.26
432.94,35.28,21.23,22.83,21.39,98.26,56.50,49.41,37.26
432.95,35.28,21.26,22.83,21.39,98.64,56.92,49.41,37.26
432.96,35.21,21.23,22.83,21.39,98.64,56.64,49.41,37.19
432.97,35.28,21.23,22.80,21.39,98.26,56.78,49.41,37.33
432.98,35.21,21.23,22.80,21.39,98.26,56.64,49.41,37.19
432.99,35.21,21.26,22.80,21.39,98.26,56.64,49.41,37.26
433.00,35.34,21.26,22.83,21.39,98.64,56.64,49.41,37.26
433.01,35.21,21.23,22.80,21.39,98.26,56.64,49.41,37.26
433.02,35.21,21.23,22.80,21.39,98.26,56.64,49.41,37.26
433.03,35.21,21.23,22.80,21.39,98.26,56.78,49.41,37.26
433.04,35.21,21.23,22.80,21.39,98.64,56.78,49.41,37.26
433.05,35.28,21.23,22.83,21.39,98.64,56.64,49.41,37.26
433.06,35.21,21.23,22.80,21.39,98.26,56.78,49.41,37.26
433.07,35.21,21.23,22.80,21.39,98.26,56.64,49.30,37.19
433.08,35.21,21.23,22.80,21.39,98.26,56.64,49.41,37.26
433.09,35.15,21.23,22.80,21.39,98.26,56.78,49.41,37.26
433.10,35.34,21.26,22.83,21.39,98.64,56.78,49.41,37.26
433.11,35.21,21.23,22.80,21.39,98.26,56.64,49.41,37.26
433.12,35.15,21.23,22.83,21.39,98.64,56.78,49.41,37.26
433.13,35.21,21.23,22.76,21.39,98.26,56.64,49.30,37.26
433.14,35.21,21.23,22.83,21.39,98.26,56.64,49.41,37.26
433.15,35.21,21.26,22.80,21.39,98.26,56.78,49.30,37.26
433.16,35.21,21.23,22.80,21.39,98.26,56.64,49.41,37.26
433.17,35.21,21.23,22.80,21.39,98.64,56.64,49.41,37.26
433.18,35.21,21.23,22.80,21.39,98.26,56.64,49.30,37.26
433.19,35.28,21.23,22.80,21.39,98.64,56.64,49.41,37.26
433.20,35.21,21.26,22.80,21.39,98.64,56.78,49.41,37.26
433.21,35.28,21.23,22.80,21.39,98.26,56.64,49.30,37.26
433.22,35.21,21.23,22.80,21.39,98.26,56.64,49.52,37.19
433.23,35.21,21.23,22.80,21.39,98.26,56.64,49.30,37.26
433.24,35.21,21.23,22.80,21.39,98.64,56.64,49.41,37.26
433.25,35.21,21.23,22.80,21.39,98.64,56.64,49.41,37.26
433.26,35.21,21.23,22.80,21.39,98.26,56.64,49.41,37.26
433.27,35.28,21.23,22.80,21.39,98.26,56.64,49.30,37.26
433.28,35.21,21.23,22.80,21.39,98.26,56.64,49.41,37.26
433.29,35.21,21.23,22.80,21.39,98.26,56.64,49.41,37.26
433.30,35.21,21.26,22.80,21.39,98.64,56.64,49.41,37.19
433.31,35.21,21.23,22.80,21.39,98.64,56.64,49.41,37.26
433.32,35.28,21.23,22.80,21.39,98.26,56.64,49.41,37.26
433.33,35.21,21.23,22.80,21.39,98.26,56.64,49.30,37.26
433.34,35.21,21.23,22.80,21.39,98.26,56.78,49.30,37.26
433.35,35.21,21.23,22.80,21.39,98.26,56.64,49.41,37.26
433.36,35.15,21.23,22.80,21.39,98.64,56.64,49.41,37.26
433.37,35.21,21.23,22.76,21.39,98.26,56.64,49.30,37.26
433.38,35.21,21.19,22.80,21.39,98.26,56.64,49.30,37.26
433.39,35.28,21.23,22.80,21.39,98.26,56.64,49.30,37.26
433.40,35.28,21.23,22.80,21.39,98.64,56.64,49.41,37.26
433.41,35.21,21.23,22.80,21.39,98.26,56.64,49.30,37.26
433.42,35.28,21.23,22.76,21.39,98.64,56.64,49.41,37.19
433.43,35.28,21.23,22.80,21.39,98.26,56.64,49.30,37.19
433.44,35.21,21.23,22.80,21.39,98.26,56.64,49.30,37.26
433.45,35.21,21.23,22.80,21.39,98.64,56.64,49.41,37.26
433.46,35.28,21.23,22.80,21.39,98.26,56.64,49.41,37.26
433.47,35.28,21.23,22.80,21.39,98.26,56.64,49.30,37.26
433.48,35.15,21.23,22.80,21.39,98.26,56.64,49.30,37.26
433.49,35.28,21.23,22.80,21.39,98.26,56.64,49.41,37.33
433.50,35.34,21.23,22.80,21.39,98.26,56.64,49.30,37.26
433.51,35.28,21.23,22.80,21.36,98.26,56.64,49.30,37.19
433.52,35.21,21.19,22.76,21.39,98.26,56.64,49.30,37.26
433.53,35.21,21.23,22.80,21.39,98.26,56.64,49.30,37.26
433.54,35.21,21.23,22.80,21.39,98.26,56.64,49.41,37.26
433.55,35.28,21.23,22.80,21.39,98.26,56.64,49.41,37.26
433.56,35.28,21.23,22.80,21.39,98.26,56.64,49.30,37.26
433.57,35.21,21.19,22.80,21.39,98.26,56.64,49.30,37.19
433.58,35.21,21.19,22.80,21.39,98.26,56.64,49.30,37.26
433.59,35.28,21.23,22.80,21.39,98.64,56.64,49.41,37.26
433.60,35.21,21.26,22.80,21.39,98.26,56.78,49.30,37.26
433.61,35.15,21.19,22.80,21.39,98.26,56.64,49.41,37.19
433.62,35.21,21.19,22.76,21.39,98.26,56.64,49.30,37.26
433.63,35.15,21.23,22.80,21.39,98.26,56.64,49.30,37.26
433.64,35.21,21.23,22.80,21.39,98.26,56.64,49.41,37.26
433.65,35.21,21.23,22.80,21.39,98.26,56.64,49.41,37.26
433.66,35.28,21.23,22.80,21.39,98.26,56.64,49.30,37.26
433.67,35.15,21.19,22.76,21.39,98.26,56.64,49.41,37.26
433.68,35.21,21.23,22.76,21.39,98.26,56.64,49.41,37.26
433.69,35.21,21.23,22.80,21.39,98.26,56.64,49.30,37.26
433.70,35.21,21.23,22.80,21.39,98.64,56.64,49.30,37.26
433.71,35.21,21.23,22.80,21.39,98.26,56.64,49.30,37.26
433.72,35.21,21.19,22.76,21.39,98.26,56.64,49.30,37.26
433.73,35.21,21.23,22.76,21.39,98.26,56.64,49.30,37.26
433.74,35.21,21.23,22.80,21.39,98.26,56.64,49.41,37.26
433.75,35.21,21.23,22.80,21.39,98.26,56.64,49.30,37.26
433.76,35.21,21.23,22.80,21.39,98.26,56.64,49.30,37.19
433.77,35.21,21.19,22.76,21.39,98.26,56.64,49.30,37.26
433.78,35.15,21.19,22.76,21.39,98.26,56.64,49.30,37.26
433.79,35.28,21.23,22.80,21.39,98.64,56.64,49.30,37.26
433.80,35.28,21.23,22.80,21.39,98.26,56.64,49.30,37.26
433.81,35.21,21.19,22.80,21.39,98.26,56.64,49.30,37.26
433.82,35.15,21.23,22.76,21.39,98.26,56.64,49.41,37.26
433.83,35.15,21.19,22.80,21.39,98.26,56.64,49.30,37.26
433.84,35.21,21.23,22.80,21.39,98.26,56.64,49.30,37.26
433.85,35.21,21.23,22.80,21.39,98.26,56.64,49.30,37.26
433.86,35.21,21.23,22.80,21.39,98.26,56.64,49.30,37.26
433.87,35.21,21.19,22.80,21.39,98.64,56.78,49.30,37.26
433.88,35.21,21.19,22.80,21.39,98.26,56.64,49.30,37.26
433.89,35.15,21.23,22.80,21.39,98.26,56.64,49.41,37.26
433.90,35.21,21.23,22.80,21.39,98.26,56.64,49.41,37.26
433.91,35.21,21.23,22.76,21.36,98.26,56.64,49.30,37.26
433.92,35.15,21.19,22.76,21.39,98.64,56.64,49.30,37.26
433.93,35.21,21.19,22.80,21.39,98.26,56.64,49.30,37.26
433.94,35.21,21.23,22.80,21.39,98.64,56.78,49.30,37.26
433.95,35.21,21.23,22.80,21.39,98.26,56.64,49.41,37.26
433.96,35.21,21.23,22.80,21.39,98.26,56.64,49.30,37.26
433.97,35.21,21.19,22.76,21.39,97.88,56.64,49.30,37.26
433.98,35.15,21.19,22.80,21.39,98.26,56.64,49.30,37.33
433.99,35.21,21.23,22.80,21.39,98.26,56.64,49.30,37.26
434.00,35.28,21.23,22.80,21.39,98.64,56.64,49.41,37.26
434.01,35.21,21.23,22.80,21.39,98.26,56.64,49.30,37.26
434.02,35.21,21.19,22.80,21.39,98.26,56.64,49.30,37.26
434.03,35.21,21.19,22.80,21.39,98.26,56.64,49.30,37.26
434.04,35.15,21.23,22.80,21.39,98.26,56.64,49.41,37.26
434.05,35.21,21.19,22.80,21.39,98.26,56.50,49.30,37.26
434.06,35.21,21.19,22.80,21.39,98.26,56.64,49.30,37.26
434.07,35.15,21.19,22.76,21.39,98.26,56.64,49.30,37.26
434.08,35.15,21.23,22.80,21.39,98.26,56.64,49.30,37.26
434.09,35.21,21.19,22.80,21.39,98.26,56.64,49.30,37.26
434.10,35.21,21.23,22.80,21.39,98.26,56.64,49.41,37.26
434.11,35.15,21.23,22.80,21.36,98.26,56.64,49.30,37.26
434.12,35.21,21.19,22.76,21.36,98.26,56.64,49.30,37.26
434.13,35.21,21.19,22.76,21.39,98.26,56.64,49.30,37.26
434.14,35.21,21.23,22.80,21.39,98.26,56.64,49.41,37.26
434.15,35.21,21.23,22.80,21.39,98.26,56.78,49.41,37.26
434.16,35.21,21.19,22.80,21.39,98.26,56.64,49.30,37.26
434.17,35.21,21.19,22.76,21.39,98.26,56.50,49.30,37.19
434.18,35.15,21.19,22.80,21.39,98.26,56.64,49.30,37.26
434.19,35.28,21.23,22.80,21.39,98.26,56.50,49.30,37.19
434.20,35.21,21.23,22.80,21.39,98.26,56.92,49.30,37.26
434.21,35.21,21.23,22.80,21.39,98.26,56.78,49.30,37.26
434.22,35.15,21.19,22.80,21.39,98.26,56.64,49.30,37.19
434.23,35.15,21.19,22.80,21.36,98.26,56.64,49.30,37.26
434.24,35.21,21.23,22.80,21.39,98.26,56.64,49.30,37.26
434.25,35.28,21.23,22.80,21.39,98.26,56.64,49.30,37.26
434.26,35.28,21.23,22.76,21.36,98.26,56.64,49.30,37.26
434.27,35.21,21.19,22.76,21.36,98.26,56.64,49.30,37.26
434.28,35.21,21.19,22.80,21.39,98.26,56.64,49.30,37.26
434.29,35.21,21.16,22.80,21.39,98.26,56.64,49.30,37.26
434.30,35.28,21.23,22.80,21.39,98.26,56.64,49.41,37.26
434.31,35.21,21.19,22.80,21.39,98.26,56.50,49.30,37.26
434.32,35.15,21.19,22.76,21.36,98.26,56.64,49.30,37.26
434.33,35.15,21.19,22.80,21.39,98.26,56.64,49.30,37.26
434.34,35.28,21.23,22.80,21.39,98.64,56.64,49.41,37.26
434.35,35.15,21.23,22.80,21.39,98.26,56.64,49.30,37.26
434.36,35.21,21.23,22.80,21.39,98.26,56.64,49.30,37.26
434.37,35.15,21.19,22.73,21.39,98.26,56.64,49.30,37.26
434.38,35.15,21.19,22.80,21.39,98.26,56.64,49.30,37.26
434.39,35.28,21.23,22.80,21.39,98.26,56.64,49.30,37.26
434.40,35.28,21.23,22.80,21.39,98.26,56.78,49.30,37.26
434.41,35.21,21.19,22.76,21.39,98.64,56.64,49.30,37.26
434.42,35.15,21.19,22.76,21.39,97.88,56.78,49.30,37.26
434.43,35.21,21.19,22.76,21.39,98.26,56.64,49.30,37.26
434.44,35.21,21.23,22.80,21.39,97.88,56.64,49.30,37.26
434.45,35.28,21.23,22.80,21.39,98.26,56.64,49.30,37.26
434.46,35.21,21.19,22.80,21.39,98.26,56.64,49.41,37.26
434.47,35.21,21.19,22.76,21.39,98.26,56.64,49.18,37.26
434.48,35.21,21.19,22.80,21.39,98.26,56.64,49.41,37.33
434.49,35.28,21.23,22.76,21.39,98.26,56.64,49.41,37.26
434.50,35.21,21.19,22.80,21.39,98.26,56.64,49.30,37.26
434.51,35.21,21.19,22.76,21.39,98.26,56.64,49.30,37.26
434.52,35.15,21.19,22.76,21.39,98.26,56.64,49.30,37.26
434.53,35.15,21.19,22.76,21.39,98.26,56.50,49.30,37.33
434.54,35.28,21.23,22.76,21.39,98.26,56.64,49.30,37.26
434.55,35.21,21.19,22.80,21.39,98.26,56.64,49.41,37.26
434.56,35.15,21.19,22.76,21.39,98.26,56.64,49.30,37.26
434.57,35.21,21.19,22.76,21.39,98.26,56.64,49.30,37.26
434.58,35.21,21.19,22.76,21.36,98.26,56.64,49.30,37.26
434.59,35.28,21.19,22.80,21.39,98.26,56.64,49.30,37.26
434.60,35.21,21.19,22.80,21.39,98.26,56.64,49.30,37.26
434.61,35.28,21.19,22.76,21.39,98.26,56.64,49.30,37.26
434.62,35.15,21.16,22.76,21.39,98.26,56.64,49.30,37.26
434.63,35.21,21.19,22.76,21.39,98.26,56.50,49.30,37.26
434.64,35.28,21.19,22.80,21.39,98.26,56.64,49.30,37.26
434.65,35.15,21.23,22.76,21.36,98.26,56.64,49.30,37.26
434.66,35.15,21.19,22.76,21.39,98.26,56.64,49.30,37.26
434.67,35.15,21.16,22.76,21.39,98.26,56.64,49.30,37.26
434.68,35.21,21.19,22.76,21.39,97.88,56.64,49.30,37.33
434.69,35.21,21.19,22.80,21.39,98.26,56.64,49.30,37.33
434.70,35.21,21.19,22.76,21.39,98.26,56.64,49.30,37.26
434.71,35.15,21.19,22.76,21.39,98.26,56.64,49.30,37.26
434.72,35.15,21.19,22.76,21.39,98.26,56.50,49.30,37.26
434.73,35.15,21.19,22.76,21.36,98.26,56.64,49.18,37.26
434.74,35.21,21.23,22.76,21.39,98.26,56.64,49.30,37.26
434.75,35.21,21.19,22.80,21.39,98.26,56.64,49.30,37.26
434.76,35.15,21.19,22.76,21.39,98.26,56.50,49.30,37.26
434.77,35.15,21.19,22.76,21.39,98.26,56.64,49.30,37.26
434.78,35.15,21.19,22.80,21.39,98.26,56.64,49.41,37.26
434.79,35.21,21.19,22.76,21.39,98.26,56.64,49.30,37.26
434.80,35.21,21.19,22.76,21.39,98.26,56.50,49.30,37.26
434.81,35.15,21.19,22.76,21.39,98.26,56.64,49.30,37.26
434.82,35.21,21.19,22.73,21.36,98.26,56.50,49.30,37.26
434.83,35.15,21.19,22.76,21.36,98.26,56.50,49.30,37.26
434.84,35.21,21.19,22.76,21.39,98.26,56.64,49.30,37.26
434.85,35.28,21.19,22.76,21.39,98.26,56.64,49.30,37.26
434.86,35.21,21.19,22.76,21.39,98.26,56.50,49.30,37.26
434.87,35.15,21.16,22.76,21.39,98.26,56.64,49.30,37.26
434.88,35.15,21.19,22.76,21.39,98.26,56.50,49.18,37.26
434.89,35.21,21.19,22.76,21.39,98.26,56.64,49.41,37.26
434.90,35.15,21.19,22.76,21.39,98.26,56.50,49.30,37.26
434.91,35.15,21.19,22.76,21.39,98.26,56.50,49.30,37.26
434.92,35.21,21.19,22.76,21.39,98.26,56.64,49.30,37.26
434.93,35.15,21.19,22.76,21.39,98.26,56.64,49.30,37.26
434.94,35.21,21.19,22.80,21.39,98.26,56.50,49.30,37.19
434.95,35.21,21.19,22.76,21.39,98.26,56.64,49.18,37.26
434.96,35.15,21.16,22.76,21.39,98.26,56.50,49.30,37.26
434.97,35.21,21.16,22.76,21.39,98.26,56.50,49.30,37.26
434.98,35.21,21.19,22.76,21.39,98.26,56.64,49.30,37.26
434.99,35.21,21.19,22.76,21.39,98.26,56.64,49.30,37.26
435.00,35.28,21.19,22.76,21.39,98.26,56.64,49.30,37.26
435.01,35.15,21.19,22.76,21.39,98.26,56.64,49.18,37.26
435.02,35.15,21.19,22.76,21.39,98.26,56.50,49.30,37.26
435.03,35.15,21.19,22.76,21.39,98.26,56.64,49.30,37.26
435.04,35.21,21.19,22.76,21.36,98.26,56.64,49.30,37.26
435.05,35.15,21.19,22.76,21.39,98.26,56.64,49.30,37.26
435.06,35.21,21.16,22.76,21.39,98.26,56.64,49.18,37.26
435.07,35.15,21.16,22.76,21.39,98.26,56.64,49.30,37.26
435.08,35.21,21.16,22.76,21.39,98.26,56.64,49.30,37.26
435.09,35.15,21.19,22.76,21.39,98.26,56.64,49.41,37.26
435.10,35.21,21.19,22.76,21.39,98.26,56.64,49.30,37.26
435.11,35.15,21.19,22.76,21.36,98.26,56.64,49.30,37.26
435.12,35.15,21.19,22.76,21.36,98.26,56.50,49.30,37.26
435.13,35.15,21.19,22.76,21.39,98.26,56.64,49.30,37.26
435.14,35.15,21.19,22.76,21.39,98.26,56.64,49.30,37.33
435.15,35.15,21.19,22.76,21.39,98.26,56.64,49.30,37.26
435.16,35.15,21.16,22.76,21.39,98.26,56.50,49.30,37.26
435.17,35.15,21.16,22.76,21.39,97.88,56.50,49.30,37.26
435.18,35.15,21.19,22.76,21.39,98.26,56.64,49.30,37.26
435.19,35.21,21.19,22.76,21.39,98.26,56.64,49.30,37.26
435.20,35.21,21.19,22.76,21.39,98.26,56.50,49.30,37.26
435.21,35.15,21.19,22.76,21.39,98.26,56.64,49.30,37.26
435.22,35.08,21.16,22.73,21.39,98.26,56.50,49.30,37.26
435.23,35.21,21.19,22.76,21.39,98.26,56.64,49.30,37.26
435.24,35.21,21.19,22.76,21.39,98.26,56.64,49.30,37.26
435.25,35.21,21.19,22.76,21.39,98.26,56.64,49.18,37.26
435.26,35.15,21.19,22.76,21.39,98.26,56.50,49.30,37.26
435.27,35.21,21.16,22.73,21.39,98.26,56.64,49.30,37.26
435.28,35.15,21.19,22.76,21.39,98.26,56.64,49.30,37.26
435.29,35.15,21.16,22.76,21.39,98.26,56.64,49.30,37.26
435.30,35.21,21.19,22.76,21.39,98.26,56.64,49.30,37.26
435.31,35.21,21.16,22.76,21.39,98.26,56.50,49.30,37.26
435.32,35.15,21.16,22.76,21.36,98.26,56.50,49.30,37.26
435.33,35.15,21.16,22.76,21.39,98.26,56.64,49.30,37.26
435.34,35.15,21.19,22.76,21.39,98.26,56.50,49.30,37.26
435.35,35.15,21.16,22.76,21.39,98.26,56.64,49.30,37.26
435.36,35.15,21.16,22.73,21.39,98.26,56.50,49.18,37.26
435.37,35.15,21.19,22.73,21.39,98.26,56.64,49.30,37.26
435.38,35.15,21.16,22.76,21.39,98.26,56.50,49.30,37.33
435.39,35.15,21.19,22.76,21.39,98.26,56.50,49.30,37.26
435.40,35.15,21.16,22.76,21.39,98.26,56.64,49.30,37.26
435.41,35.15,21.19,22.76,21.39,98.26,56.64,49.30,37.26
435.42,35.15,21.16,22.76,21.39,98.26,56.64,49.30,37.26
435.43,35.15,21.19,22.76,21.39,98.26,56.50,49.30,37.26
435.44,35.21,21.19,22.76,21.39,98.26,56.50,49.30,37.26
435.45,35.21,21.19,22.76,21.39,98.26,56.64,49.30,37.26
435.46,35.15,21.16,22.76,21.39,98.26,56.35,49.30,37.19
435.47,35.21,21.19,22.76,21.36,98.26,56.64,49.30,37.41
435.48,35.15,21.19,22.76,21.39,98.26,56.64,49.30,37.19
435.49,35.21,21.19,22.76,21.39,98.26,56.64,49.30,37.26
435.50,35.15,21.16,22.76,21.36,98.26,56.64,49.30,37.26
435.51,35.15,21.16,22.76,21.39,97.88,56.64,49.30,37.33
435.52,35.15,21.16,22.73,21.39,98.26,56.50,49.30,37.26
435.53,35.15,21.19,22.76,21.36,98.26,56.64,49.30,37.26
435.54,35.15,21.19,22.76,21.39,98.26,56.64,49.30,37.26
435.55,35.21,21.19,22.76,21.39,98.26,56.64,49.30,37.26
435.56,35.15,21.16,22.73,21.39,98.26,56.50,49.30,37.26
435.57,35.15,21.16,22.76,21.36,97.88,56.50,49.30,37.26
435.58,35.21,21.16,22.76,21.39,98.26,56.50,49.30,37.26
435.59,35.21,21.19,22.76,21.36,98.26,56.64,49.30,37.26
435.60,35.15,21.19,22.76,21.39,98.26,56.64,49.30,37.26
435.61,35.15,21.19,22.73,21.39,98.26,56.64,49.30,37.26
435.62,35.15,21.16,22.76,21.39,98.26,56.50,49.18,37.26
435.63,35.21,21.19,22.76,21.39,98.26,56.50,49.30,37.33
435.64,35.15,21.19,22.76,21.39,98.26,56.50,49.30,37.26
435.65,35.21,21.19,22.76,21.39,98.26,56.64,49.30,37.26
435.66,35.15,21.19,22.76,21.39,97.88,56.64,49.30,37.26
435.67,35.15,21.16,22.76,21.39,98.26,56.50,49.30,37.26
435.68,35.15,21.19,22.76,21.39,97.88,56.64,49.30,37.26
435.69,35.21,21.19,22.76,21.36,97.88,56.64,49.18,37.26
435.70,35.15,21.19,22.76,21.39,98.26,56.50,49.30,37.26
435.71,35.15,21.16,22.76,21.39,98.26,56.50,49.18,37.26
435.72,35.15,21.16,22.76,21.39,98.26,56.50,49.30,37.26
435.73,35.21,21.16,22.76,21.36,98.26,56.50,49.30,37.26
435.74,35.21,21.19,22.76,21.39,98.26,56.64,49.30,37.26
435.75,35.21,21.19,22.80,21.39,98.26,56.64,49.30,37.26
435.76,35.15,21.16,22.76,21.36,98.26,56.50,49.30,37.26
435.77,35.15,21.16,22.73,21.39,98.26,56.50,49.30,37.26
435.78,35.21,21.19,22.76,21.39,98.26,56.50,49.30,37.26
435.79,35.21,21.19,22.76,21.39,98.26,56.64,49.30,37.26
435.80,35.15,21.16,22.76,21.39,98.26,56.50,49.30,37.26
435.81,35.15,21.16,22.76,21.36,98.26,56.64,49.30,37.26
435.82,35.15,21.16,22.76,21.39,98.26,56.50,49.30,37.26
435.83,35.15,21.16,22.76,21.36,98.26,56.50,49.30,37.26
435.84,35.21,21.19,22.76,21.39,98.26,56.64,49.30,37.26
435.85,35.21,21.19,22.76,21.39,98.26,56.50,49.30,37.26
435.86,35.15,21.16,22.76,21.39,98.26,56.64,49.30,37.26
435.87,35.15,21.16,22.76,21.39,98.26,56.50,49.30,37.33
435.88,35.15,21.19,22.76,21.36,98.26,56.64,49.30,37.19
435.89,35.15,21.19,22.76,21.39,98.26,56.64,49.30,37.26
435.90,35.21,21.19,22.76,21.36,98.26,56.50,49.30,37.26
435.91,35.21,21.16,22.76,21.39,98.26,56.50,49.30,37.33
435.92,35.15,21.16,22.76,21.39,98.26,56.50,49.30,37.26
435.93,35.21,21.16,22.76,21.39,98.26,56.50,49.30,37.26
435.94,35.15,21.19,22.76,21.39,98.26,56.64,49.30,37.26
435.95,35.15,21.19,22.76,21.39,98.26,56.64,49.30,37.26
435.96,35.21,21.16,22.76,21.39,98.26,56.50,49.30,37.26
435.97,35.15,21.16,22.76,21.36,98.26,56.50,49.18,37.26
435.98,35.21,21.19,22.76,21.39,98.26,56.64,49.30,37.33
435.99,35.28,21.19,22.76,21.39,98.26,56.64,49.30,37.33
436.00,35.21,21.16,22.76,21.36,98.26,56.64,49.30,37.26
436.01,35.08,21.16,22.73,21.36,98.26,56.64,49.18,37.26
436.02,35.15,21.16,22.76,21.39,98.26,56.50,49.18,37.26
436.03,35.21,21.19,22.73,21.39,98.26,56.64,49.30,37.26
436.04,35.15,21.19,22.76,21.39,98.26,56.50,49.18,37.33
436.05,35.21,21.19,22.76,21.39,98.26,56.50,49.30,37.26
436.06,35.15,21.19,22.76,21.39,98.26,56.50,49.30,37.26
436.07,35.21,21.16,22.76,21.39,98.26,56.50,49.30,37.26
436.08,35.15,21.16,22.76,21.39,98.26,56.50,49.30,37.26
436.09,35.15,21.16,22.76,21.39,98.26,56.64,49.30,37.33
436.10,35.15,21.19,22.76,21.39,98.26,56.50,49.41,37.26
436.11,35.15,21.16,22.76,21.39,98.26,56.50,49.30,37.26
436.12,35.21,21.16,22.73,21.39,98.26,56.50,49.30,37.33
436.13,35.21,21.16,22.76,21.39,98.26,56.50,49.30,37.33
436.14,35.15,21.19,22.76,21.39,98.26,56.50,49.30,37.26
436.15,35.15,21.16,22.76,21.39,98.26,56.50,49.18,37.26
436.16,35.15,21.16,22.76,21.39,98.26,56.64,49.30,37.33
436.17,35.15,21.16,22.76,21.39,98.26,56.50,49.30,37.26
436.18,35.15,21.16,22.76,21.39,98.26,56.64,49.30,37.26
436.19,35.15,21.16,22.76,21.39,98.26,56.64,49.30,37.26
436.20,35.15,21.16,22.76,21.36,98.26,56.64,49.30,37.26
436.21,35.15,21.16,22.76,21.39,98.26,56.50,49.30,37.33
436.22,35.15,21.16,22.76,21.36,98.26,56.50,49.30,37.26
436.23,35.21,21.16,22.73,21.36,98.26,56.50,49.30,37.26
436.24,35.15,21.19,22.76,21.39,98.26,56.64,49.30,37.33
436.25,35.21,21.16,22.76,21.39,98.26,56.64,49.30,37.26
436.26,35.15,21.16,22.76,21.39,98.26,56.50,49.30,37.26
436.27,35.15,21.16,22.76,21.39,97.88,56.50,49.18,37.33
436.28,35.21,21.16,22.76,21.36,98.26,56.50,49.30,37.33
436.29,35.28,21.19,22.76,21.39,98.26,56.64,49.30,37.33
436.30,35.15,21.19,22.76,21.39,98.26,56.64,49.30,37.26
436.31,35.15,21.16,22.76,21.36,98.26,56.50,49.18,37.26
436.32,35.15,21.16,22.73,21.39,98.26,56.50,49.18,37.26
436.33,35.15,21.16,22.76,21.36,98.26,56.64,49.30,37.26
436.34,35.21,21.19,22.76,21.39,98.26,56.64,49.30,37.33
436.35,35.21,21.19,22.76,21.36,98.26,56.64,49.18,37.26
436.36,35.15,21.16,22.73,21.36,97.88,56.50,49.18,37.26
436.37,35.15,21.16,22.73,21.36,98.26,56.50,49.30,37.33
436.38,35.15,21.16,22.76,21.36,98.26,56.50,49.30,37.26
436.39,35.15,21.16,22.76,21.39,98.26,56.64,49.30,37.26
436.40,35.15,21.19,22.76,21.39,98.26,56.64,49.30,37.33
436.41,35.15,21.16,22.76,21.36,98.26,56.50,49.30,37.26
436.42,35.15,21.19,22.73,21.39,98.26,56.50,49.30,37.33
436.43,35.15,21.16,22.73,21.39,98.26,56.50,49.30,37.26
436.44,35.15,21.16,22.76,21.39,98.26,56.50,49.30,37.26
436.45,35.15,21.16,22.76,21.39,98.26,56.64,49.30,37.33
436.46,35.15,21.16,22.73,21.39,98.26,56.50,49.30,37.26
436.47,35.15,21.16,22.73,21.36,98.26,56.50,49.18,37.26
436.48,35.21,21.16,22.76,21.39,98.26,56.50,49.18,37.33
436.49,35.21,21.19,22.80,21.39,98.26,56.50,49.30,37.33
436.50,35.15,21.16,22.76,21.36,98.26,56.50,49.30,37.33
436.51,35.15,21.16,22.73,21.39,98.26,56.50,49.18,37.26
436.52,35.15,21.16,22.73,21.39,98.26,56.50,49.30,37.33
436.53,35.21,21.16,22.76,21.39,98.26,56.64,49.30,37.26
436.54,35.15,21.16,22.76,21.39,98.26,56.50,49.30,37.33
436.55,35.21,21.19,22.76,21.39,98.26,56.50,49.30,37.26
436.56,35.15,21.16,22.76,21.39,98.26,56.64,49.30,37.26
436.57,35.15,21.16,22.73,21.39,98.26,56.50,49.30,37.33
436.58,35.15,21.19,22.76,21.39,98.26,56.50,49.30,37.26
436.59,35.15,21.16,22.76,21.36,98.26,56.50,49.30,37.33
436.60,35.15,21.19,22.76,21.39,98.26,56.50,49.30,37.33
436.61,35.21,21.13,22.76,21.39,98.26,56.50,49.30,37.26
436.62,35.15,21.13,22.76,21.36,98.26,56.50,49.30,37.33
436.63,35.15,21.19,22.76,21.36,97.88,56.64,49.30,37.26
436.64,35.21,21.19,22.76,21.39,98.26,56.64,49.30,37.33
436.65,35.21,21.19,22.76,21.39,98.26,56.50,49.30,37.26
436.66,35.15,21.16,22.76,21.39,98.26,56.64,49.30,37.33
436.67,35.15,21.16,22.76,21.39,98.26,56.50,49.30,37.26
436.68,35.15,21.16,22.76,21.39,98.26,56.64,49.30,37.33
436.69,35.21,21.19,22.76,21.39,98.26,56.35,49.30,37.33
436.70,35.15,21.16,22.76,21.36,98.26,56.50,49.30,37.26
436.71,35.21,21.16,22.76,21.39,98.26,56.64,49.30,37.41
436.72,35.15,21.16,22.76,21.36,98.26,56.50,49.30,37.26
436.73,35.15,21.16,22.76,21.39,98.26,56.50,49.18,37.26
436.74,35.21,21.19,22.76,21.39,98.26,56.64,49.30,37.33
436.75,35.21,21.19,22.76,21.39,98.26,56.64,49.30,37.33
436.76,35.21,21.16,22.76,21.39,98.26,56.50,49.30,37.26
436.77,35.15,21.16,22.73,21.36,98.26,56.50,49.30,37.26
436.78,35.15,21.19,22.76,21.39,98.26,56.50,49.30,37.33
436.79,35.21,21.19,22.76,21.39,98.26,56.64,49.30,37.33
436.80,35.15,21.16,22.76,21.39,98.26,56.64,49.30,37.33
436.81,35.15,21.16,22.76,21.39,98.26,56.50,49.18,37.33
436.82,35.21,21.16,22.73,21.39,98.26,56.50,49.18,37.33
436.83,35.21,21.16,22.76,21.39,97.88,56.50,49.30,37.26
436.84,35.21,21.19,22.76,21.39,98.26,56.64,49.30,37.26
436.85,35.21,21.19,22.76,21.39,98.26,56.64,49.18,37.33
436.86,35.15,21.16,22.76,21.39,98.26,56.64,49.30,37.33
436.87,35.21,21.19,22.73,21.39,98.26,56.64,49.30,37.26
436.88,35.21,21.16,22.76,21.39,98.26,56.64,49.30,37.33
436.89,35.21,21.19,22.76,21.39,98.26,56.64,49.30,37.33
436.90,35.21,21.19,22.76,21.39,98.26,56.50,49.18,37.33
436.91,35.21,21.16,22.76,21.39,98.26,56.50,49.30,37.26
436.92,35.15,21.19,22.76,21.36,98.26,56.64,49.18,37.26
436.93,35.15,21.16,22.76,21.39,98.64,56.64,49.07,37.33
436.94,35.21,21.19,22.76,21.39,98.26,56.64,49.30,37.33
436.95,35.15,21.16,22.76,21.39,98.26,56.50,49.18,37.26
436.96,35.15,21.16,22.76,21.39,98.26,56.64,49.41,37.33
436.97,35.15,21.16,22.73,21.39,98.26,56.50,49.18,37.26
436.98,35.28,21.19,22.76,21.39,98.26,56.64,49.41,37.33
436.99,35.21,21.16,22.76,21.39,98.26,56.64,49.30,37.26
437.00,35.21,21.19,22.76,21.39,98.26,56.64,49.30,37.26
437.01,35.15,21.16,22.76,21.39,98.26,56.50,49.18,37.33
437.02,35.15,21.16,22.76,21.39,98.26,56.50,49.30,37.33
437.03,35.15,21.16,22.80,21.39,98.26,56.64,49.30,37.33
437.04,35.28,21.19,22.76,21.39,98.26,56.64,49.30,37.26
437.05,35.21,21.19,22.76,21.39,98.26,56.50,49.30,37.33
437.06,35.21,21.16,22.76,21.39,98.26,56.50,49.30,37.33
437.07,35.21,21.16,22.76,21.39,98.26,56.50,49.30,37.26
437.08,35.28,21.19,22.76,21.39,98.26,56.50,49.30,37.33
437.09,35.28,21.19,22.76,21.39,98.26,56.64,49.30,37.33
437.10,35.21,21.19,22.76,21.39,98.26,56.64,49.30,37.33
437.11,35.15,21.19,22.76,21.39,98.26,56.50,49.18,37.26
437.12,35.15,21.19,22.76,21.39,98.64,56.64,49.30,37.33
437.13,35.21,21.19,22.76,21.39,98.26,56.64,49.30,37.26
437.14,35.21,21.19,22.76,21.39,98.26,56.50,49.30,37.33
437.15,35.21,21.19,22.76,21.39,98.26,56.50,49.30,37.26
437.16,35.21,21.19,22.76,21.39,98.26,56.50,49.30,37.26
437.17,35.21,21.19,22.76,21.36,98.26,56.50,49.30,37.26
437.18,35.21,21.19,22.76,21.39,98.26,56.64,49.30,37.33
437.19,35.21,21.19,22.80,21.39,98.26,56.64,49.30,37.33
437.20,35.21,21.19,22.76,21.39,98.26,56.64,49.30,37.33
437.21,35.21,21.19,22.76,21.39,98.26,56.50,49.30,37.33
437.22,35.21,21.16,22.76,21.39,98.26,56.64,49.30,37.33
437.23,35.15,21.19,22.76,21.39,98.26,56.50,49.30,37.26
437.24,35.21,21.19,22.76,21.39,98.26,56.64,49.30,37.33
437.25,35.21,21.19,22.76,21.39,98.26,56.64,49.30,37.33
437.26,35.21,21.19,22.76,21.39,98.26,56.50,49.30,37.33
437.27,35.15,21.19,22.76,21.39,98.26,56.64,49.30,37.33
437.28,35.15,21.19,22.76,21.39,98.26,56.78,49.30,37.33
437.29,35.21,21.19,22.80,21.39,98.26,56.64,49.30,37.33
437.30,35.21,21.19,22.76,21.39,98.26,56.64,49.30,37.26
437.31,35.28,21.16,22.76,21.39,98.26,56.50,49.30,37.26
437.32,35.28,21.19,22.76,21.42,98.26,56.50,49.30,37.26
437.33,35.21,21.19,22.76,21.39,98.26,56.64,49.30,37.26
437.34,35.21,21.19,22.80,21.39,98.26,56.64,49.30,37.33
437.35,35.28,21.19,22.80,21.39,98.26,56.64,49.30,37.33
437.36,35.21,21.19,22.76,21.36,98.26,56.64,49.30,37.26
437.37,35.21,21.19,22.76,21.39,98.26,56.64,49.30,37.33
437.38,35.28,21.19,22.76,21.39,98.26,56.50,49.30,37.33
437.39,35.28,21.23,22.80,21.39,98.26,56.64,49.41,37.26
437.40,35.21,21.19,22.80,21.39,98.26,56.64,49.30,37.26
437.41,35.21,21.19,22.76,21.39,98.26,56.64,49.30,37.33
437.42,35.21,21.16,22.76,21.39,98.64,56.64,49.30,37.33
437.43,35.21,21.19,22.76,21.39,98.26,56.64,49.30,37.33
437.44,35.28,21.23,22.80,21.39,98.26,56.64,49.30,37.26
437.45,35.21,21.19,22.76,21.39,98.26,56.50,49.30,37.33
437.46,35.21,21.19,22.76,21.39,98.26,56.64,49.30,37.33
437.47,35.21,21.19,22.76,21.39,98.26,56.64,49.30,37.33
437.48,35.21,21.19,22.76,21.39,98.26,56.64,49.30,37.33
437.49,35.21,21.19,22.80,21.39,98.26,56.50,49.30,37.33
437.50,35.21,21.19,22.76,21.39,98.26,56.50,49.30,37.33
437.51,35.21,21.16,22.76,21.39,98.26,56.64,49.30,37.33
437.52,35.21,21.19,22.76,21.39,98.26,56.50,49.30,37.33
437.53,35.28,21.19,22.76,21.39,98.26,56.64,49.30,37.33
437.54,35.28,21.19,22.80,21.39,98.26,56.64,49.41,37.33
437.55,35.28,21.19,22.80,21.39,98.26,56.50,49.30,37.33
437.56,35.21,21.19,22.76,21.39,98.26,56.64,49.30,37.33
437.57,35.21,21.19,22.76,21.39,98.26,56.64,49.30,37.33
437.58,35.21,21.19,22.80,21.39,98.26,56.64,49.30,37.33
437.59,35.21,21.19,22.80,21.39,98.26,56.64,49.30,37.33
437.60,35.21,21.19,22.76,21.39,98.26,56.64,49.30,37.33
437.61,35.21,21.19,22.76,21.39,98.26,56.64,49.30,37.33
437.62,35.15,21.19,22.76,21.39,98.26,56.50,49.30,37.26
437.63,35.21,21.19,22.76,21.39,98.26,56.64,49.30,37.33
437.64,35.28,21.19,22.80,21.39,98.26,56.64,49.41,37.33
437.65,35.21,21.19,22.80,21.36,98.26,56.50,49.30,37.33
437.66,35.15,21.19,22.76,21.39,98.26,56.64,49.30,37.26
437.67,35.15,21.19,22.80,21.39,98.26,56.50,49.30,37.33
437.68,35.21,21.19,22.80,21.39,98.64,56.64,49.30,37.33
437.69,35.28,21.23,22.80,21.39,98.26,56.64,49.30,37.33
437.70,35.21,21.19,22.76,21.39,98.26,56.64,49.41,37.26
437.71,35.21,21.19,22.76,21.39,98.26,56.50,49.18,37.33
437.72,35.21,21.16,22.80,21.39,98.26,56.64,49.30,37.33
437.73,35.21,21.19,22.80,21.39,98.26,56.64,49.30,37.33
437.74,35.21,21.19,22.80,21.39,98.26,56.64,49.30,37.33
437.75,35.21,21.19,22.76,21.39,98.26,56.50,49.30,37.33
437.76,35.21,21.19,22.76,21.39,98.26,56.64,49.30,37.33
437.77,35.21,21.19,22.76,21.39,98.26,56.64,49.41,37.33
437.78,35.21,21.19,22.80,21.39,98.26,56.64,49.30,37.33
437.79,35.28,21.19,22.80,21.39,98.26,56.64,49.30,37.33
437.80,35.28,21.19,22.80,21.39,98.26,56.50,49.30,37.33
437.81,35.21,21.19,22.80,21.39,98.26,56.50,49.30,37.33
437.82,35.21,21.23,22.80,21.39,98.26,56.64,49.30,37.33
437.83,35.21,21.19,22.80,21.39,98.26,56.64,49.41,37.33
437.84,35.28,21.23,22.80,21.39,98.26,56.64,49.41,37.33
437.85,35.21,21.16,22.80,21.36,98.26,56.64,49.30,37.33
437.86,35.21,21.16,22.80,21.39,98.26,56.64,49.30,37.33
437.87,35.21,21.19,22.76,21.39,98.26,56.64,49.30,37.26
437.88,35.28,21.19,22.80,21.39,98.26,56.64,49.30,37.33
437.89,35.21,21.23,22.80,21.39,98.26,56.64,49.41,37.33
437.90,35.21,21.19,22.80,21.39,98.26,56.64,49.30,37.33
437.91,35.21,21.19,22.80,21.39,98.26,56.50,49.30,37.33
437.92,35.21,21.19,22.76,21.39,98.26,56.64,49.30,37.33
437.93,35.21,21.19,22.80,21.39,98.26,56.50,49.30,37.41
437.94,35.21,21.19,22.80,21.39,98.26,56.64,49.30,37.33
437.95,35.21,21.19,22.80,21.39,98.26,56.64,49.30,37.33
437.96,35.21,21.19,22.80,21.39,98.26,56.64,49.18,37.26
437.97,35.21,21.19,22.76,21.39,98.26,56.64,49.30,37.41
437.98,35.21,21.23,22.80,21.39,98.26,56.64,49.41,37.33
437.99,35.21,21.19,22.80,21.39,98.64,56.64,49.41,37.33
438.00,35.21,21.19,22.76,21.39,98.26,56.64,49.30,37.33
438.01,35.21,21.19,22.76,21.39,98.26,56.50,49.30,37.33
438.02,35.21,21.19,22.76,21.39,98.26,56.64,49.30,37.33
438.03,35.21,21.19,22.80,21.39,98.26,56.64,49.30,37.33
438.04,35.21,21.23,22.80,21.39,98.26,56.64,49.30,37.33
438.05,35.28,21.19,22.80,21.39,98.26,56.64,49.30,37.33
438.06,35.28,21.19,22.76,21.39,98.26,56.64,49.30,37.33
438.07,35.15,21.19,22.80,21.39,98.26,56.64,49.30,37.33
438.08,35.21,21.23,22.76,21.39,98.26,56.64,49.41,37.33
438.09,35.21,21.19,22.80,21.39,98.26,56.64,49.30,37.33
438.10,35.28,21.19,22.80,21.39,98.26,56.50,49.30,37.33
438.11,35.15,21.19,22.73,21.39,98.26,56.50,49.30,37.33
438.12,35.28,21.19,22.80,21.39,98.26,56.64,49.30,37.33
438.13,35.21,21.19,22.80,21.39,98.26,56.64,49.41,37.33
438.14,35.21,21.23,22.80,21.39,98.26,56.64,49.30,37.26
438.15,35.21,21.19,22.76,21.39,98.26,56.64,49.30,37.33
438.16,35.21,21.16,22.76,21.39,98.26,56.64,49.30,37.33
438.17,35.21,21.19,22.76,21.39,98.64,56.50,49.30,37.33
438.18,35.21,21.19,22.80,21.39,98.26,56.64,49.18,37.33
438.19,35.21,21.19,22.76,21.39,98.26,56.64,49.30,37.33
438.20,35.15,21.19,22.80,21.39,98.26,56.64,49.30,37.33
438.21,35.28,21.19,22.76,21.39,98.26,56.64,49.18,37.33
438.22,35.21,21.19,22.76,21.39,98.26,56.50,49.41,37.33
438.23,35.21,21.19,22.76,21.39,98.26,56.64,49.30,37.33
438.24,35.21,21.19,22.80,21.39,98.26,56.64,49.30,37.33
438.25,35.21,21.19,22.76,21.39,98.26,56.64,49.30,37.33
438.26,35.15,21.16,22.76,21.39,98.26,56.64,49.30,37.33
438.27,35.21,21.19,22.76,21.39,98.26,56.64,49.30,37.33
438.28,35.21,21.19,22.76,21.39,98.26,56.64,49.30,37.33
438.29,35.21,21.19,22.80,21.39,98.26,56.64,49.30,37.33
438.30,35.21,21.19,22.76,21.39,98.26,56.64,49.30,37.33
438.31,35.15,21.19,22.76,21.39,98.26,56.64,49.30,37.33
438.32,35.15,21.16,22.76,21.39,98.26,56.64,49.30,37.33
438.33,35.21,21.19,22.76,21.39,98.26,56.64,49.30,37.33
438.34,35.21,21.19,22.80,21.39,98.26,56.64,49.30,37.33
438.35,35.21,21.19,22.76,21.39,98.26,56.64,49.30,37.33
438.36,35.21,21.19,22.76,21.39,98.26,56.64,49.30,37.33
438.37,35.21,21.19,22.76,21.39,98.26,56.64,49.30,37.33
438.38,35.21,21.19,22.76,21.39,98.26,56.64,49.30,37.41
438.39,35.21,21.19,22.80,21.39,98.26,56.64,49.30,37.33
438.40,35.28,21.19,22.76,21.39,98.26,56.50,49.30,37.33
438.41,35.28,21.19,22.76,21.39,98.26,56.64,49.30,37.33
438.42,35.21,21.19,22.76,21.39,98.26,56.64,49.30,37.33
438.43,35.21,21.19,22.76,21.39,98.26,56.64,49.41,37.33
438.44,35.21,21.19,22.80,21.39,98.26,56.50,49.30,37.33
438.45,35.15,21.19,22.76,21.39,98.26,56.64,49.30,37.33
438.46,35.21,21.19,22.76,21.39,98.26,56.64,49.30,37.33
438.47,35.21,21.19,22.76,21.39,98.26,56.64,49.30,37.33
438.48,35.28,21.19,22.76,21.39,98.26,56.64,49.30,37.33
438.49,35.21,21.19,22.80,21.39,98.26,56.64,49.30,37.33
438.50,35.21,21.19,22.76,21.39,98.26,56.64,49.30,37.33
438.51,35.15,21.16,22.76,21.39,98.26,56.64,49.30,37.33
438.52,35.15,21.19,22.76,21.39,98.26,56.50,49.30,37.33
438.53,35.21,21.19,22.80,21.39,98.26,56.50,49.30,37.33
438.54,35.21,21.19,22.80,21.39,98.26,56.64,49.41,37.33
438.55,35.21,21.19,22.76,21.39,98.26,56.64,49.30,37.33
438.56,35.15,21.16,22.76,21.39,98.26,56.64,49.30,37.33
438.57,35.21,21.19,22.76,21.39,98.26,56.50,49.30,37.33
438.58,35.15,21.19,22.80,21.36,98.26,56.64,49.41,37.33
438.59,35.21,21.19,22.76,21.39,98.26,56.64,49.30,37.33
438.60,35.21,21.19,22.76,21.39,98.26,56.50,49.30,37.33
438.61,35.21,21.19,22.76,21.39,98.26,56.64,49.30,37.33
438.62,35.21,21.16,22.76,21.39,98.26,56.64,49.30,37.33
438.63,35.21,21.19,22.76,21.39,98.26,56.64,49.30,37.33
438.64,35.21,21.19,22.80,21.39,98.26,56.64,49.41,37.33
438.65,35.21,21.19,22.80,21.39,98.26,56.64,49.30,37.33
438.66,35.21,21.19,22.76,21.39,98.26,56.64,49.30,37.41
438.67,35.15,21.16,22.76,21.39,98.26,56.64,49.30,37.33
438.68,35.21,21.19,22.76,21.39,98.26,56.64,49.30,37.41
438.69,35.21,21.19,22.76,21.39,98.26,56.64,49.30,37.33
438.70,35.21,21.19,22.76,21.39,98.26,56.64,49.30,37.33
438.71,35.21,21.19,22.76,21.39,98.26,56.64,49.30,37.33
438.72,35.21,21.19,22.76,21.39,98.26,56.64,49.30,37.33
438.73,35.21,21.19,22.80,21.39,98.26,56.64,49.30,37.33
438.74,35.21,21.19,22.80,21.39,98.26,56.64,49.41,37.33
438.75,35.21,21.19,22.80,21.39,98.26,56.50,49.30,37.33
438.76,35.21,21.16,22.76,21.39,98.26,56.50,49.30,37.33
438.77,35.21,21.16,22.76,21.39,98.26,56.64,49.30,37.33
438.78,35.21,21.19,22.80,21.39,98.26,56.64,49.30,37.33
438.79,35.21,21.19,22.80,21.39,98.26,56.64,49.30,37.33
438.80,35.15,21.19,22.76,21.39,98.26,56.64,49.41,37.26
438.81,35.15,21.16,22.76,21.39,98.26,56.50,49.30,37.33
438.82,35.15,21.16,22.76,21.39,98.26,56.50,49.30,37.33
438.83,35.21,21.19,22.80,21.39,98.26,56.64,49.41,37.33
438.84,35.21,21.19,22.76,21.39,98.26,56.50,49.41,37.33
438.85,35.28,21.19,22.76,21.39,98.26,56.50,49.30,37.33
438.86,35.21,21.19,22.76,21.39,98.26,56.64,49.30,37.33
438.87,35.15,21.16,22.80,21.39,98.26,56.64,49.30,37.33
438.88,35.21,21.19,22.76,21.39,98.26,56.64,49.30,37.33
438.89,35.28,21.19,22.76,21.39,98.26,56.64,49.30,37.33
438.90,35.15,21.19,22.76,21.39,98.26,56.50,49.30,37.33
438.91,35.15,21.16,22.76,21.39,98.26,56.50,49.30,37.33
438.92,35.21,21.19,22.76,21.39,98.26,56.64,49.30,37.33
438.93,35.28,21.19,22.76,21.39,98.26,56.64,49.30,37.33
438.94,35.21,21.19,22.80,21.39,98.26,56.64,49.30,37.33
438.95,35.15,21.19,22.76,21.39,98.26,56.50,49.30,37.33
438.96,35.21,21.19,22.76,21.39,97.88,56.64,49.30,37.33
438.97,35.21,21.19,22.76,21.39,98.26,56.50,49.30,37.33
438.98,35.28,21.19,22.80,21.39,98.26,56.64,49.30,37.33
438.99,35.21,21.19,22.80,21.39,98.26,56.64,49.30,37.33
439.00,35.21,21.19,22.76,21.39,98.26,56.64,49.30,37.33
439.01,35.15,21.16,22.76,21.39,98.26,56.50,49.30,37.33
439.02,35.21,21.19,22.76,21.39,97.88,56.50,49.30,37.33
439.03,35.21,21.19,22.80,21.39,98.26,56.50,49.41,37.41
439.04,35.21,21.19,22.80,21.39,98.26,56.64,49.30,37.33
439.05,35.21,21.19,22.76,21.39,98.26,56.64,49.30,37.33
439.06,35.15,21.19,22.76,21.39,98.26,56.50,49.30,37.33
439.07,35.21,21.19,22.76,21.39,98.26,56.50,49.30,37.41
439.08,35.21,21.19,22.80,21.42,98.26,56.64,49.30,37.33
439.09,35.21,21.16,22.76,21.39,97.88,56.64,49.41,37.33
439.10,35.15,21.19,22.76,21.39,98.26,56.50,49.30,37.33
439.11,35.21,21.16,22.76,21.39,98.26,56.64,49.30,37.33
439.12,35.15,21.19,22.76,21.39,98.26,56.64,49.30,37.41
439.13,35.21,21.19,22.76,21.39,98.26,56.64,49.30,37.33
439.14,35.21,21.19,22.76,21.39,98.26,56.64,49.30,37.33
439.15,35.21,21.19,22.76,21.39,98.26,56.50,49.30,37.33
439.16,35.15,21.16,22.76,21.39,98.26,56.64,49.30,37.41
439.17,35.21,21.19,22.76,21.39,98.26,56.50,49.30,37.33
439.18,35.21,21.19,22.76,21.39,98.26,56.35,49.30,37.33
439.19,35.21,21.19,22.76,21.39,98.26,56.64,49.41,37.41
439.20,35.21,21.19,22.76,21.39,98.26,56.35,49.30,37.26
439.21,35.21,21.19,22.76,21.39,98.26,56.50,49.30,37.48
439.22,35.21,21.19,22.76,21.39,98.26,56.64,49.30,37.33
439.23,35.28,21.19,22.76,21.39,98.26,56.64,49.30,37.33
439.24,35.21,21.19,22.76,21.39,98.26,56.64,49.30,37.41
439.25,35.15,21.19,22.76,21.39,98.26,56.50,49.30,37.33
439.26,35.21,21.16,22.76,21.42,98.26,56.50,49.30,37.33
439.27,35.21,21.16,22.76,21.39,98.26,56.50,49.41,37.33
439.28,35.21,21.19,22.76,21.39,98.26,56.64,49.30,37.41
439.29,35.21,21.19,22.80,21.39,98.26,56.64,49.30,37.33
439.30,35.28,21.19,22.76,21.39,98.26,56.50,49.30,37.33
439.31,35.15,21.16,22.76,21.39,98.26,56.50,49.30,37.33
439.32,35.21,21.19,22.76,21.39,98.26,56.50,49.30,37.33
439.33,35.15,21.19,22.80,21.39,98.26,56.64,49.41,37.41
439.34,35.21,21.19,22.76,21.39,98.26,56.64,49.30,37.33
439.35,35.15,21.19,22.76,21.39,98.26,56.64,49.30,37.33
439.36,35.15,21.16,22.76,21.39,98.26,56.50,49.30,37.33
439.37,35.21,21.19,22.76,21.39,98.26,56.64,49.30,37.41
439.38,35.21,21.19,22.80,21.39,98.26,56.64,49.30,37.41
439.39,35.21,21.19,22.80,21.39,98.26,56.64,49.41,37.33
439.40,35.21,21.16,22.76,21.39,98.26,56.50,49.30,37.41
439.41,35.21,21.16,22.76,21.39,98.26,56.50,49.30,37.33
439.42,35.15,21.19,22.76,21.39,98.26,56.64,49.30,37.33
439.43,35.15,21.19,22.76,21.39,98.26,56.64,49.18,37.33
439.44,35.21,21.19,22.76,21.39,98.26,56.50,49.30,37.33
439.45,35.21,21.19,22.76,21.39,98.26,56.64,49.18,37.33
439.46,35.21,21.19,22.76,21.39,98.26,56.64,49.41,37.41
439.47,35.21,21.16,22.76,21.39,98.26,56.50,49.30,37.33
439.48,35.21,21.19,22.76,21.39,98.26,56.64,49.30,37.33
439.49,35.21,21.19,22.76,21.39,98.26,56.50,49.30,37.41
439.50,35.21,21.16,22.76,21.39,98.26,56.50,49.30,37.33
439.51,35.15,21.16,22.76,21.39,98.26,56.50,49.30,37.33
439.52,35.15,21.19,22.76,21.39,98.26,56.64,49.30,37.33
439.53,35.21,21.19,22.76,21.39,98.26,56.50,49.30,37.33
439.54,35.21,21.19,22.80,21.39,98.26,56.64,49.30,37.41
439.55,35.21,21.19,22.76,21.39,98.26,56.64,49.30,37.33
439.56,35.15,21.16,22.76,21.39,98.26,56.64,49.30,37.33
439.57,35.15,21.16,22.76,21.39,98.26,56.50,49.30,37.33
439.58,35.21,21.19,22.76,21.39,98.26,56.50,49.30,37.33
439.59,35.21,21.19,22.80,21.39,98.26,56.64,49.30,37.33
439.60,35.21,21.16,22.76,21.36,98.26,56.50,49.30,37.33
439.61,35.15,21.16,22.76,21.39,98.26,56.64,49.30,37.33
439.62,35.15,21.16,22.76,21.39,98.26,56.50,49.30,37.33
439.63,35.28,21.19,22.76,21.39,98.26,56.64,49.30,37.33
439.64,35.21,21.19,22.80,21.39,98.26,56.64,49.30,37.41
439.65,35.15,21.16,22.76,21.39,98.26,56.50,49.30,37.33
439.66,35.15,21.16,22.76,21.39,98.26,56.64,49.30,37.33
439.67,35.15,21.16,22.76,21.39,98.26,56.64,49.30,37.33
439.68,35.21,21.19,22.76,21.39,98.26,56.64,49.30,37.33
439.69,35.15,21.19,22.80,21.39,98.26,56.50,49.41,37.33
439.70,35.15,21.16,22.76,21.39,98.26,56.64,49.30,37.33
439.71,35.15,21.16,22.76,21.39,97.88,56.50,49.30,37.33
439.72,35.21,21.19,22.76,21.39,98.26,56.64,49.30,37.33
439.73,35.21,21.19,22.76,21.39,98.26,56.64,49.30,37.33
439.74,35.21,21.16,22.80,21.39,98.26,56.64,49.30,37.41
439.75,35.21,21.19,22.76,21.39,98.26,56.64,49.30,37.33
439.76,35.15,21.16,22.76,21.39,98.26,56.50,49.30,37.41
439.77,35.21,21.16,22.76,21.39,98.26,56.50,49.30,37.33
439.78,35.21,21.19,22.80,21.39,98.26,56.64,49.30,37.41
439.79,35.21,21.19,22.80,21.39,98.26,56.64,49.30,37.41
439.80,35.21,21.19,22.76,21.39,98.26,56.64,49.30,37.33
439.81,35.15,21.19,22.76,21.39,98.26,56.50,49.30,37.33
439.82,35.21,21.16,22.76,21.39,98.26,56.64,49.30,37.33
439.83,35.21,21.19,22.76,21.39,98.26,56.64,49.41,37.33
439.84,35.28,21.19,22.76,21.39,98.26,56.64,49.41,37.33
439.85,35.15,21.19,22.76,21.39,98.26,56.50,49.30,37.33
439.86,35.15,21.16,22.76,21.39,98.26,56.50,49.30,37.33
439.87,35.21,21.16,22.76,21.39,98.26,56.64,49.30,37.33
439.88,35.21,21.19,22.76,21.39,98.26,56.64,49.30,37.33
439.89,35.21,21.19,22.76,21.39,98.26,56.64,49.30,37.41
439.90,35.21,21.16,22.76,21.36,98.26,56.50,49.30,37.33
439.91,35.15,21.19,22.76,21.39,98.26,56.50,49.30,37.41
439.92,35.15,21.16,22.76,21.39,98.26,56.64,49.30,37.33
439.93,35.21,21.19,22.76,21.39,98.26,56.64,49.30,37.33
439.94,35.21,21.19,22.76,21.39,98.26,56.64,49.30,37.33
439.95,35.15,21.16,22.76,21.39,98.26,56.64,49.30,37.33
439.96,35.21,21.19,22.76,21.39,98.26,56.50,49.30,37.33
439.97,35.15,21.16,22.76,21.39,98.26,56.64,49.30,37.33
439.98,35.15,21.19,22.80,21.39,98.26,56.64,49.30,37.41
439.99,35.21,21.19,22.76,21.39,98.26,56.64,49.30,37.33
440.00,35.15,21.19,22.76,21.39,98.26,56.64,49.30,37.41
440.01,35.15,21.16,22.76,21.39,98.26,56.50,49.41,37.33
440.02,35.15,21.16,22.76,21.39,98.26,56.64,49.30,37.33
440.03,35.21,21.19,22.76,21.39,98.26,56.64,49.30,37.33
440.04,35.15,21.19,22.76,21.39,98.26,56.64,49.30,37.33
440.05,35.15,21.19,22.76,21.36,98.26,56.50,49.30,37.33
440.06,35.15,21.16,22.76,21.36,98.26,56.50,49.30,37.33
440.07,35.15,21.19,22.76,21.39,98.26,56.64,49.30,37.33
440.08,35.21,21.19,22.80,21.39,98.26,56.64,49.30,37.41
440.09,35.21,21.19,22.76,21.39,98.26,56.64,49.30,37.33
440.10,35.15,21.16,22.76,21.39,98.26,56.64,49.30,37.33
440.11,35.15,21.16,22.76,21.39,98.26,56.50,49.30,37.33
440.12,35.21,21.19,22.76,21.39,98.26,56.64,49.30,37.41
440.13,35.21,21.19,22.80,21.39,98.64,56.50,49.41,37.33
440.14,35.21,21.19,22.76,21.39,98.26,56.50,49.30,37.33
440.15,35.15,21.19,22.76,21.39,98.26,56.64,49.30,37.33
440.16,35.15,21.16,22.76,21.39,97.88,56.64,49.30,37.33
440.17,35.21,21.19,22.76,21.39,98.26,56.64,49.30,37.41
440.18,35.15,21.19,22.76,21.39,98.26,56.64,49.41,37.33
440.19,35.21,21.19,22.76,21.39,98.26,56.64,49.30,37.41
440.20,35.15,21.16,22.76,21.39,98.26,56.64,49.30,37.41
440.21,35.21,21.19,22.76,21.39,98.26,56.50,49.30,37.33
440.22,35.21,21.19,22.76,21.39,98.26,56.64,49.30,37.41
440.23,35.21,21.19,22.80,21.39,98.26,56.64,49.30,37.41
440.24,35.21,21.19,22.76,21.39,98.26,56.64,49.30,37.33
440.25,35.15,21.16,22.76,21.39,98.26,56.64,49.30,37.33
440.26,35.15,21.16,22.76,21.39,98.26,56.64,49.30,37.33
440.27,35.15,21.16,22.76,21.39,98.26,56.50,49.30,37.41
440.28,35.21,21.19,22.76,21.39,98.26,56.64,49.30,37.33
440.29,35.15,21.19,22.76,21.39,98.26,56.50,49.30,37.41
440.30,35.15,21.16,22.76,21.39,98.26,56.64,49.30,37.33
440.31,35.15,21.16,22.76,21.39,98.26,56.64,49.30,37.33
440.32,35.21,21.19,22.76,21.42,98.26,56.50,49.30,37.33
440.33,35.15,21.19,22.76,21.39,98.26,56.50,49.30,37.41
440.34,35.21,21.19,22.80,21.39,98.26,56.50,49.30,37.33
440.35,35.21,21.19,22.76,21.42,98.26,56.50,49.30,37.33
440.36,35.15,21.13,22.76,21.39,98.26,56.50,49.30,37.41
440.37,35.21,21.16,22.76,21.39,98.26,56.50,49.41,37.41
440.38,35.21,21.19,22.80,21.39,98.26,56.64,49.30,37.33
440.39,35.21,21.19,22.76,21.39,98.26,56.50,49.30,37.33
440.40,35.21,21.16,22.76,21.39,98.26,56.50,49.30,37.33
440.41,35.15,21.16,22.76,21.39,98.26,56.50,49.30,37.41
440.42,35.15,21.16,22.76,21.39,98.26,56.50,49.30,37.33
440.43,35.21,21.19,22.76,21.39,98.26,56.50,49.30,37.41
440.44,35.21,21.19,22.76,21.39,98.26,56.35,49.30,37.41
440.45,35.21,21.16,22.73,21.39,98.26,56.50,49.30,37.41
440.46,35.15,21.16,22.73,21.39,98.26,56.50,49.30,37.33
440.47,35.15,21.16,22.76,21.39,98.26,56.64,49.30,37.33
440.48,35.28,21.19,22.76,21.39,98.26,56.64,49.30,37.33
440.49,35.15,21.19,22.76,21.39,98.26,56.64,49.30,37.33
440.50,35.15,21.16,22.76,21.39,98.26,56.64,49.30,37.33
440.51,35.15,21.16,22.76,21.39,98.26,56.50,49.30,37.41
440.52,35.15,21.19,22.76,21.39,98.26,56.64,49.30,37.33
440.53,35.15,21.19,22.76,21.39,98.26,56.64,49.30,37.33
440.54,35.21,21.19,22.80,21.39,98.26,56.64,49.30,37.33
440.55,35.15,21.16,22.76,21.39,98.26,56.50,49.30,37.33
440.56,35.15,21.16,22.76,21.39,98.26,56.50,49.30,37.33
440.57,35.15,21.16,22.76,21.39,98.26,56.50,49.30,37.33
440.58,35.28,21.19,22.80,21.39,98.26,56.64,49.30,37.41
440.59,35.15,21.19,22.76,21.39,98.26,56.50,49.30,37.33
440.60,35.15,21.16,22.80,21.39,98.26,56.50,49.30,37.41
440.61,35.21,21.16,22.73,21.39,98.26,56.50,49.30,37.33
440.62,35.21,21.19,22.76,21.39,98.26,56.64,49.30,37.33
440.63,35.21,21.19,22.80,21.39,98.26,56.50,49.30,37.41
440.64,35.15,21.16,22.76,21.39,98.26,56.64,49.30,37.33
440.65,35.15,21.19,22.76,21.39,98.64,56.64,49.30,37.33
440.66,35.15,21.19,22.76,21.39,98.26,56.64,49.30,37.41
440.67,35.15,21.16,22.76,21.39,97.88,56.64,49.30,37.33
440.68,35.21,21.19,22.76,21.39,98.26,56.50,49.41,37.33
440.69,35.28,21.19,22.76,21.36,98.26,56.50,49.30,37.33
440.70,35.15,21.19,22.76,21.39,98.26,56.50,49.41,37.33
440.71,35.15,21.16,22.76,21.39,98.26,56.64,49.30,37.33
440.72,35.15,21.19,22.76,21.42,98.26,56.64,49.30,37.33
440.73,35.21,21.19,22.80,21.39,98.26,56.64,49.41,37.33
440.74,35.21,21.19,22.76,21.39,98.26,56.50,49.30,37.41
440.75,35.21,21.19,22.76,21.39,98.26,56.50,49.30,37.41
440.76,35.21,21.16,22.76,21.39,98.26,56.64,49.30,37.41
440.77,35.15,21.19,22.76,21.39,98.26,56.64,49.41,37.41
440.78,35.21,21.19,22.76,21.39,98.64,56.64,49.41,37.33
440.79,35.21,21.19,22.80,21.39,98.26,56.64,49.41,37.33
440.80,35.15,21.19,22.76,21.39,98.26,56.64,49.41,37.41
440.81,35.21,21.19,22.76,21.39,98.26,56.50,49.30,37.41
440.82,35.21,21.19,22.80,21.39,98.26,56.50,49.30,37.41
440.83,35.15,21.19,22.80,21.39,98.26,56.64,49.30,37.41
440.84,35.21,21.19,22.76,21.39,98.26,56.64,49.30,37.41
440.85,35.15,21.19,22.76,21.39,98.26,56.50,49.30,37.33
440.86,35.15,21.16,22.76,21.39,98.26,56.64,49.30,37.33
440.87,35.15,21.19,22.76,21.39,98.26,56.64,49.30,37.41
440.88,35.21,21.19,22.76,21.39,98.26,56.64,49.30,37.33
440.89,35.21,21.23,22.76,21.39,98.26,56.64,49.30,37.33
440.90,35.15,21.19,22.76,21.39,98.26,56.50,49.30,37.41
440.91,35.21,21.16,22.76,21.39,98.26,56.64,49.30,37.41
440.92,35.21,21.19,22.76,21.39,98.26,56.64,49.30,37.41
440.93,35.21,21.19,22.80,21.39,98.26,56.64,49.30,37.41
440.94,35.15,21.19,22.76,21.39,98.26,56.64,49.30,37.41
440.95,35.28,21.19,22.76,21.39,98.26,56.64,49.30,37.41
440.96,35.21,21.19,22.76,21.39,98.26,56.50,49.30,37.41
440.97,35.15,21.19,22.76,21.39,98.26,56.64,49.30,37.41
440.98,35.21,21.19,22.80,21.39,98.64,56.64,49.30,37.33
440.99,35.15,21.19,22.76,21.39,98.26,56.50,49.30,37.33
441.00,35.21,21.16,22.76,21.39,98.26,56.64,49.30,37.33
441.01,35.21,21.16,22.76,21.39,98.26,56.50,49.30,37.41
441.02,35.21,21.19,22.76,21.39,98.26,56.50,49.30,37.33
441.03,35.28,21.19,22.80,21.39,98.64,56.64,49.30,37.33
441.04,35.15,21.19,22.76,21.39,98.26,56.64,49.30,37.41
441.05,35.15,21.19,22.76,21.39,98.26,56.50,49.30,37.41
441.06,35.21,21.19,22.76,21.39,98.26,56.50,49.30,37.41
441.07,35.21,21.19,22.76,21.39,98.26,56.64,49.30,37.33
441.08,35.21,21.19,22.80,21.39,98.26,56.64,49.30,37.41
441.09,35.21,21.19,22.80,21.39,98.26,56.64,49.30,37.33
441.10,35.15,21.19,22.76,21.39,98.26,56.50,49.41,37.33
441.11,35.21,21.19,22.76,21.39,98.26,56.64,49.30,37.41
441.12,35.21,21.19,22.76,21.39,98.26,56.64,49.41,37.33
441.13,35.28,21.23,22.76,21.39,98.26,56.64,49.30,37.41
441.14,35.21,21.19,22.76,21.39,98.26,56.64,49.41,37.41
441.15,35.15,21.19,22.76,21.39,98.26,56.64,49.41,37.33
441.16,35.21,21.16,22.76,21.39,98.26,56.64,49.30,37.41
441.17,35.21,21.19,22.76,21.39,98.26,56.64,49.30,37.41
441.18,35.21,21.23,22.80,21.39,98.26,56.64,49.30,37.41
441.19,35.15,21.19,22.80,21.39,98.26,56.64,49.41,37.41
441.20,35.21,21.19,22.76,21.39,98.26,56.64,49.41,37.33
441.21,35.15,21.19,22.76,21.39,98.26,56.64,49.41,37.41
441.22,35.21,21.19,22.80,21.39,98.26,56.64,49.30,37.41
441.23,35.21,21.19,22.80,21.39,98.26,56.64,49.41,37.41
441.24,35.21,21.19,22.80,21.39,98.64,56.64,49.30,37.33
441.25,35.21,21.19,22.76,21.39,98.26,56.50,49.30,37.41
441.26,35.21,21.19,22.76,21.39,98.26,56.64,49.41,37.41
441.27,35.21,21.19,22.76,21.39,98.26,56.50,49.41,37.41
441.28,35.21,21.19,22.80,21.39,98.26,56.64,49.41,37.41
441.29,35.21,21.19,22.80,21.39,98.26,56.64,49.30,37.41
441.30,35.15,21.19,22.76,21.39,98.26,56.64,49.41,37.41
441.31,35.21,21.19,22.76,21.39,98.26,56.64,49.41,37.33
441.32,35.21,21.19,22.76,21.39,98.64,56.64,49.41,37.41
441.33,35.21,21.23,22.80,21.39,98.26,56.64,49.41,37.33
441.34,35.15,21.19,22.80,21.39,98.26,56.64,49.41,37.33
441.35,35.21,21.19,22.76,21.39,98.26,56.64,49.30,37.41
441.36,35.15,21.19,22.76,21.39,98.26,56.50,49.30,37.41
441.37,35.21,21.19,22.80,21.39,98.26,56.64,49.41,37.41
441.38,35.21,21.23,22.80,21.39,98.26,56.64,49.41,37.41
441.39,35.21,21.19,22.80,21.39,98.26,56.64,49.41,37.41
441.40,35.21,21.19,22.80,21.39,98.26,56.50,49.30,37.41
441.41,35.21,21.16,22.76,21.39,98.26,56.50,49.41,37.41
441.42,35.21,21.19,22.80,21.39,98.26,56.64,49.30,37.41
441.43,35.21,21.23,22.80,21.39,98.26,56.64,49.41,37.41
441.44,35.21,21.23,22.80,21.39,98.26,56.64,49.41,37.41
441.45,35.21,21.19,22.76,21.39,98.26,56.64,49.30,37.41
441.46,35.21,21.19,22.76,21.39,98.64,56.64,49.30,37.33
441.47,35.21,21.19,22.80,21.39,98.26,56.64,49.41,37.41
441.48,35.21,21.23,22.80,21.39,98.64,56.64,49.41,37.41
441.49,35.21,21.23,22.80,21.39,98.26,56.64,49.41,37.41
441.50,35.21,21.19,22.80,21.39,98.26,56.64,49.30,37.41
441.51,35.21,21.19,22.76,21.39,98.26,56.64,49.41,37.41
441.52,35.21,21.19,22.80,21.39,98.26,56.64,49.41,37.41
441.53,35.28,21.23,22.80,21.39,98.26,56.64,49.41,37.41
441.54,35.21,21.19,22.80,21.39,98.26,56.64,49.41,37.33
441.55,35.21,21.19,22.80,21.39,98.26,56.64,49.41,37.41
441.56,35.21,21.19,22.80,21.42,98.26,56.64,49.41,37.41
441.57,35.21,21.19,22.80,21.39,98.26,56.64,49.41,37.41
441.58,35.21,21.19,22.80,21.39,98.26,56.78,49.41,37.41
441.59,35.21,21.23,22.80,21.42,98.26,56.64,49.41,37.41
441.60,35.21,21.19,22.80,21.39,98.26,56.64,49.41,37.41
441.61,35.21,21.19,22.76,21.39,98.26,56.64,49.30,37.41
441.62,35.21,21.19,22.80,21.39,98.26,56.64,49.41,37.41
441.63,35.28,21.23,22.80,21.39,98.26,56.64,49.30,37.41
441.64,35.21,21.23,22.80,21.39,98.26,56.64,49.41,37.41
441.65,35.21,21.19,22.80,21.39,98.26,56.64,49.41,37.41
441.66,35.21,21.19,22.80,21.39,98.26,56.64,49.41,37.41
441.67,35.21,21.19,22.80,21.42,98.26,56.64,49.41,37.41
441.68,35.28,21.23,22.80,21.39,98.26,56.64,49.41,37.41
441.69,35.21,21.23,22.80,21.39,98.26,56.78,49.41,37.48
441.70,35.21,21.19,22.80,21.39,98.26,56.64,49.41,37.33
441.71,35.21,21.19,22.80,21.39,98.64,56.50,49.41,37.41
441.72,35.21,21.19,22.80,21.42,98.26,56.64,49.41,37.41
441.73,35.28,21.23,22.83,21.39,98.26,56.64,49.41,37.41
441.74,35.21,21.23,22.80,21.39,98.26,56.64,49.41,37.41
441.75,35.21,21.23,22.80,21.39,98.64,56.64,49.41,37.41
441.76,35.21,21.19,22.80,21.39,98.64,56.64,49.41,37.41
441.77,35.28,21.23,22.80,21.39,98.64,56.64,49.41,37.41
441.78,35.21,21.23,22.80,21.39,98.64,56.64,49.52,37.41
441.79,35.21,21.23,22.80,21.39,98.64,56.64,49.41,37.41
441.80,35.21,21.19,22.80,21.39,98.26,56.64,49.41,37.41
441.81,35.15,21.19,22.80,21.39,98.26,56.64,49.41,37.41
441.82,35.28,21.23,22.80,21.39,98.26,56.64,49.41,37.41
441.83,35.28,21.23,22.80,21.42,98.64,56.64,49.41,37.41
441.84,35.21,21.23,22.83,21.42,98.26,56.64,49.41,37.41
441.85,35.21,21.19,22.76,21.39,98.26,56.64,49.41,37.41
441.86,35.21,21.19,22.80,21.39,98.64,56.64,49.41,37.41
441.87,35.21,21.23,22.80,21.42,98.64,56.64,49.41,37.41
441.88,35.21,21.23,22.83,21.39,98.26,56.64,49.41,37.41
441.89,35.21,21.23,22.80,21.39,98.64,56.64,49.30,37.41
441.90,35.21,21.19,22.80,21.39,98.26,56.64,49.41,37.41
441.91,35.15,21.19,22.80,21.42,98.26,56.64,49.30,37.41
441.92,35.21,21.23,22.80,21.39,98.64,56.64,49.41,37.41
441.93,35.28,21.23,22.80,21.39,97.88,56.64,49.30,37.33
441.94,35.34,21.23,22.80,21.39,98.64,56.64,49.52,37.41
441.95,35.21,21.23,22.80,21.39,98.26,56.64,49.30,37.41
441.96,35.21,21.19,22.80,21.39,98.64,56.64,49.41,37.41
441.97,35.21,21.23,22.80,21.39,98.26,56.64,49.41,37.41
441.98,35.21,21.23,22.80,21.39,98.64,56.64,49.41,37.41
441.99,35.21,21.23,22.80,21.42,98.26,56.64,49.41,37.41
442.00,35.28,21.23,22.80,21.39,98.64,56.64,49.41,37.41
442.01,35.21,21.19,22.80,21.39,98.26,56.64,49.41,37.41
442.02,35.21,21.23,22.80,21.42,98.26,56.64,49.41,37.41
442.03,35.28,21.23,22.80,21.39,98.64,56.64,49.52,37.41
442.04,35.21,21.23,22.80,21.39,98.26,56.64,49.41,37.41
442.05,35.21,21.19,22.80,21.39,98.64,56.64,49.41,37.41
442.06,35.21,21.19,22.80,21.39,98.26,56.64,49.41,37.33
442.07,35.21,21.23,22.80,21.39,98.64,56.64,49.41,37.41
442.08,35.21,21.23,22.83,21.39,98.64,56.64,49.41,37.41
442.09,35.21,21.23,22.80,21.39,98.64,56.64,49.41,37.41
442.10,35.21,21.19,22.80,21.39,98.26,56.64,49.41,37.41
442.11,35.21,21.19,22.80,21.39,98.26,56.64,49.41,37.41
442.12,35.21,21.23,22.80,21.39,98.64,56.64,49.41,37.41
442.13,35.28,21.23,22.83,21.39,98.64,56.64,49.41,37.41
442.14,35.21,21.23,22.80,21.39,98.64,56.64,49.41,37.41
442.15,35.21,21.19,22.80,21.39,98.26,56.64,49.41,37.41
442.16,35.21,21.19,22.80,21.39,98.26,56.64,49.41,37.41
442.17,35.21,21.23,22.80,21.39,98.64,56.64,49.41,37.41
442.18,35.21,21.23,22.80,21.39,98.64,56.64,49.41,37.41
442.19,35.28,21.23,22.80,21.39,98.64,56.64,49.41,37.41
442.20,35.21,21.19,22.80,21.39,98.26,56.64,49.41,37.41
442.21,35.21,21.19,22.80,21.39,98.26,56.64,49.41,37.41
442.22,35.21,21.23,22.80,21.39,98.64,56.64,49.41,37.41
442.23,35.21,21.23,22.83,21.42,98.64,56.64,49.41,37.41
442.24,35.34,21.23,22.80,21.42,98.26,56.64,49.41,37.41
442.25,35.21,21.23,22.80,21.39,98.64,56.64,49.41,37.41
442.26,35.21,21.19,22.80,21.39,98.26,56.64,49.41,37.41
442.27,35.21,21.23,22.80,21.39,98.26,56.64,49.41,37.41
442.28,35.21,21.23,22.83,21.39,98.64,56.64,49.52,37.41
442.29,35.21,21.23,22.80,21.39,98.64,56.64,49.41,37.41
442.30,35.21,21.19,22.80,21.39,98.26,56.64,49.41,37.41
442.31,35.28,21.19,22.80,21.39,98.26,56.64,49.41,37.41
442.32,35.28,21.23,22.80,21.39,98.64,56.64,49.41,37.41
442.33,35.21,21.23,22.83,21.39,98.64,56.64,49.41,37.41
442.34,35.21,21.23,22.80,21.39,98.64,56.64,49.41,37.41
442.35,35.21,21.23,22.80,21.39,98.26,56.64,49.41,37.41
442.36,35.21,21.19,22.80,21.39,98.26,56.64,49.41,37.41
442.37,35.21,21.23,22.80,21.39,98.64,56.64,49.41,37.41
442.38,35.21,21.23,22.83,21.39,98.26,56.64,49.41,37.41
442.39,35.21,21.23,22.83,21.39,98.64,56.64,49.41,37.41
442.40,35.28,21.23,22.80,21.39,98.26,56.64,49.41,37.41
442.41,35.21,21.19,22.80,21.39,98.26,56.64,49.41,37.41
442.42,35.21,21.23,22.80,21.39,98.64,56.64,49.41,37.48
442.43,35.28,21.23,22.83,21.39,98.64,56.64,49.41,37.41
442.44,35.28,21.23,22.83,21.39,98.26,56.64,49.41,37.41
442.45,35.21,21.23,22.80,21.39,98.64,56.78,49.41,37.41
442.46,35.21,21.23,22.80,21.39,98.26,56.64,49.41,37.41
442.47,35.21,21.19,22.83,21.39,98.64,56.64,49.41,37.41
442.48,35.21,21.23,22.80,21.39,98.26,56.64,49.41,37.41
442.49,35.21,21.23,22.80,21.39,98.64,56.64,49.41,37.41
442.50,35.21,21.23,22.80,21.39,98.26,56.64,49.41,37.41
442.51,35.21,21.23,22.80,21.39,98.26,56.64,49.41,37.33
442.52,35.21,21.23,22.80,21.39,98.26,56.64,49.41,37.41
442.53,35.28,21.23,22.83,21.39,98.64,56.64,49.41,37.41
442.54,35.21,21.23,22.80,21.39,98.64,56.78,49.41,37.41
442.55,35.21,21.23,22.80,21.39,98.64,56.64,49.41,37.48
442.56,35.21,21.19,22.80,21.39,98.26,56.64,49.41,37.41
442.57,35.21,21.23,22.83,21.39,98.26,56.64,49.41,37.41
442.58,35.34,21.26,22.80,21.39,98.26,56.78,49.41,37.41
442.59,35.21,21.23,22.80,21.39,98.26,56.64,49.41,37.41
442.60,35.21,21.19,22.80,21.39,98.26,56.64,49.41,37.41
442.61,35.21,21.23,22.80,21.39,98.26,56.64,49.41,37.41
442.62,35.28,21.23,22.80,21.39,98.64,56.64,49.41,37.41
442.63,35.28,21.23,22.83,21.39,98.26,56.78,49.52,37.41
442.64,35.28,21.23,22.83,21.39,98.64,56.64,49.41,37.41
442.65,35.21,21.23,22.80,21.39,98.64,56.64,49.41,37.41
442.66,35.21,21.23,22.80,21.39,98.26,56.64,49.41,37.41
442.67,35.21,21.23,22.80,21.39,98.26,56.64,49.41,37.41
442.68,35.21,21.23,22.83,21.39,98.26,56.64,49.41,37.41
442.69,35.28,21.23,22.83,21.39,98.64,56.64,49.41,37.41
442.70,35.21,21.23,22.80,21.39,98.64,56.64,49.41,37.41
442.71,35.21,21.23,22.80,21.39,98.64,56.64,49.41,37.41
442.72,35.28,21.23,22.80,21.42,98.64,56.78,49.41,37.41
442.73,35.34,21.23,22.83,21.39,98.64,56.64,49.41,37.41
442.74,35.28,21.23,22.83,21.39,98.64,56.64,49.41,37.41
442.75,35.28,21.23,22.80,21.39,98.26,56.64,49.41,37.41
442.76,35.21,21.23,22.80,21.39,98.64,56.64,49.41,37.41
442.77,35.21,21.26,22.80,21.39,98.64,56.78,49.52,37.41
442.78,35.28,21.26,22.83,21.39,98.64,56.64,49.41,37.41
442.79,35.21,21.23,22.83,21.39,98.64,56.64,49.41,37.41
442.80,35.21,21.23,22.80,21.42,98.26,56.64,49.41,37.41
442.81,35.21,21.23,22.83,21.39,98.26,56.64,49.41,37.41
442.82,35.21,21.23,22.83,21.39,98.64,56.64,49.41,37.41
442.83,35.21,21.23,22.83,21.42,98.64,56.78,49.52,37.41
442.84,35.28,21.23,22.83,21.42,98.64,56.64,49.52,37.41
442.85,35.28,21.23,22.83,21.42,98.64,56.64,49.41,37.41
442.86,35.21,21.23,22.83,21.39,98.64,56.64,49.41,37.41
442.87,35.28,21.23,22.83,21.39,98.26,56.64,49.41,37.41
442.88,35.28,21.23,22.83,21.42,98.64,56.78,49.52,37.41
442.89,35.21,21.26,22.83,21.39,98.26,56.64,49.41,37.41
442.90,35.28,21.23,22.83,21.39,98.64,56.78,49.41,37.48
442.91,35.28,21.23,22.83,21.39,98.64,56.64,49.41,37.41
442.92,35.28,21.23,22.83,21.42,98.64,56.78,49.41,37.41
442.93,35.28,21.23,22.83,21.42,98.26,56.64,49.52,37.48
442.94,35.21,21.23,22.83,21.39,98.64,56.64,49.41,37.33
442.95,35.34,21.23,22.80,21.39,98.64,56.64,49.41,37.48
442.96,35.28,21.23,22.80,21.39,98.26,56.78,49.41,37.33
442.97,35.21,21.23,22.83,21.39,98.64,56.64,49.41,37.41
442.98,35.34,21.26,22.83,21.39,98.64,56.64,49.41,37.48
442.99,35.21,21.26,22.80,21.39,98.64,56.78,49.41,37.41
443.00,35.28,21.23,22.83,21.39,98.64,56.64,49.41,37.41
443.01,35.21,21.23,22.83,21.42,98.64,56.64,49.52,37.41
443.02,35.21,21.23,22.83,21.39,98.64,56.78,49.41,37.41
443.03,35.28,21.26,22.87,21.39,98.64,56.64,49.52,37.41
443.04,35.21,21.23,22.80,21.42,98.64,56.64,49.41,37.41
443.05,35.21,21.23,22.83,21.42,98.26,56.78,49.41,37.41
443.06,35.34,21.23,22.83,21.42,98.64,56.64,49.41,37.41
443.07,35.21,21.23,22.80,21.39,98.64,56.64,49.41,37.41
443.08,35.28,21.26,22.83,21.42,98.64,56.64,49.52,37.41
443.09,35.28,21.23,22.83,21.39,98.26,56.78,49.41,37.41
443.10,35.21,21.23,22.83,21.39,98.64,56.64,49.41,37.41
443.11,35.28,21.23,22.83,21.39,98.64,56.64,49.52,37.48
443.12,35.28,21.23,22.83,21.42,98.64,56.64,49.41,37.41
443.13,35.28,21.26,22.83,21.39,98.64,56.78,49.52,37.41
443.14,35.28,21.23,22.83,21.42,98.64,56.64,49.41,37.41
443.15,35.28,21.23,22.80,21.39,98.64,56.64,49.41,37.48
443.16,35.21,21.19,22.83,21.39,98.64,56.78,49.52,37.41
443.17,35.21,21.23,22.83,21.42,99.02,56.64,49.41,37.41
443.18,35.28,21.26,22.83,21.39,98.64,56.64,49.41,37.48
443.19,35.21,21.23,22.80,21.39,98.26,56.64,49.18,37.41
443.20,35.21,21.23,22.80,21.42,98.26,56.64,49.52,37.41
443.21,35.21,21.23,22.83,21.39,98.64,56.64,49.52,37.41
443.22,35.28,21.26,22.83,21.42,98.64,56.64,49.41,37.41
443.23,35.28,21.26,22.83,21.39,98.64,56.64,49.41,37.41
443.24,35.28,21.26,22.83,21.39,98.64,56.64,49.41,37.48
443.25,35.28,21.23,22.83,21.39,98.26,56.78,49.41,37.41
443.26,35.34,21.23,22.80,21.42,98.64,56.64,49.41,37.41
443.27,35.34,21.23,22.83,21.39,98.64,56.64,49.41,37.41
443.28,35.28,21.26,22.83,21.42,98.64,56.64,49.41,37.48
443.29,35.34,21.23,22.83,21.42,98.64,56.64,49.41,37.48
443.30,35.28,21.23,22.83,21.42,98.26,56.64,49.41,37.41
443.31,35.21,21.23,22.80,21.42,98.26,56.64,49.41,37.41
443.32,35.34,21.23,22.83,21.39,98.64,56.78,49.41,37.41
443.33,35.28,21.26,22.87,21.39,98.64,56.64,49.52,37.41
443.34,35.28,21.23,22.83,21.39,98.64,56.64,49.52,37.41
443.35,35.21,21.23,22.80,21.39,98.64,56.64,49.52,37.41
443.36,35.28,21.23,22.83,21.42,98.64,56.64,49.41,37.48
443.37,35.34,21.23,22.83,21.42,98.64,56.64,49.52,37.41
443.38,35.28,21.23,22.83,21.42,98.64,56.64,49.52,37.41
443.39,35.21,21.23,22.83,21.39,98.64,56.64,49.41,37.41
443.40,35.21,21.23,22.83,21.39,98.64,56.64,49.41,37.41
443.41,35.28,21.23,22.83,21.39,98.26,56.64,49.52,37.41
443.42,35.28,21.23,22.83,21.39,98.26,56.64,49.41,37.41
443.43,35.21,21.23,22.83,21.42,98.64,56.64,49.52,37.41
443.44,35.21,21.23,22.80,21.39,98.26,56.64,49.41,37.41
443.45,35.28,21.23,22.80,21.39,98.64,56.64,49.41,37.41
443.46,35.21,21.23,22.80,21.42,98.26,56.64,49.41,37.33
443.47,35.28,21.23,22.83,21.42,98.64,56.64,49.41,37.41
443.48,35.28,21.23,22.83,21.42,98.64,56.78,49.41,37.41
443.49,35.21,21.23,22.83,21.42,98.64,56.78,49.41,37.41
443.50,35.21,21.23,22.80,21.42,98.26,56.64,49.41,37.41
443.51,35.28,21.23,22.83,21.42,98.64,56.64,49.41,37.41
443.52,35.28,21.23,22.83,21.39,98.26,56.64,49.41,37.41
443.53,35.28,21.26,22.83,21.42,98.64,56.78,49.52,37.41
443.54,35.28,21.23,22.83,21.42,98.64,56.64,49.52,37.41
443.55,35.21,21.19,22.83,21.42,98.64,56.64,49.30,37.48
443.56,35.28,21.23,22.83,21.42,98.64,56.92,49.52,37.41
443.57,35.28,21.26,22.83,21.42,98.64,56.64,49.41,37.41
443.58,35.28,21.26,22.83,21.42,98.64,56.64,49.41,37.48
443.59,35.21,21.23,22.83,21.42,98.26,56.78,49.41,37.41
443.60,35.21,21.23,22.83,21.42,98.64,56.64,49.41,37.41
443.61,35.28,21.23,22.83,21.39,98.64,56.64,49.41,37.48
443.62,35.28,21.23,22.83,21.42,98.64,56.64,49.41,37.48
443.63,35.28,21.26,22.83,21.39,98.64,56.78,49.41,37.41
443.64,35.28,21.23,22.83,21.39,98.26,56.78,49.41,37.48
443.65,35.28,21.23,22.83,21.42,98.26,56.64,49.41,37.41
443.66,35.28,21.23,22.83,21.42,98.64,56.64,49.41,37.41
443.67,35.21,21.26,22.83,21.39,98.64,56.78,49.52,37.48
443.68,35.28,21.23,22.83,21.42,98.64,56.78,49.41,37.41
443.69,35.28,21.23,22.83,21.42,98.64,56.78,49.41,37.41
443.70,35.21,21.23,22.83,21.42,98.26,56.64,49.41,37.41
443.71,35.21,21.23,22.83,21.39,98.64,56.64,49.41,37.41
443.72,35.28,21.23,22.83,21.39,98.26,56.64,49.41,37.48
443.73,35.28,21.23,22.83,21.42,98.26,56.64,49.41,37.41
443.74,35.21,21.23,22.83,21.39,98.64,56.64,49.52,37.41
443.75,35.28,21.23,22.80,21.39,98.26,56.64,49.52,37.41
443.76,35.28,21.23,22.80,21.42,98.26,56.64,49.52,37.48
443.77,35.28,21.23,22.83,21.39,98.64,56.64,49.41,37.48
443.78,35.28,21.23,22.83,21.39,98.64,56.78,49.41,37.41
443.79,35.21,21.23,22.83,21.42,98.64,56.64,49.41,37.41
443.80,35.21,21.23,22.83,21.39,98.64,56.64,49.41,37.41
443.81,35.28,21.23,22.80,21.42,98.64,56.64,49.41,37.48
443.82,35.21,21.23,22.83,21.39,98.64,56.64,49.41,37.41
443.83,35.28,21.26,22.83,21.42,98.64,56.78,49.41,37.48
443.84,35.21,21.23,22.83,21.42,98.64,56.64,49.41,37.48
443.85,35.34,21.23,22.83,21.42,98.64,56.78,49.41,37.41
443.86,35.21,21.23,22.83,21.39,98.64,56.64,49.41,37.41
443.87,35.21,21.23,22.83,21.39,98.64,56.64,49.41,37.48
443.88,35.28,21.23,22.83,21.39,98.64,56.64,49.52,37.48
443.89,35.21,21.23,22.83,21.39,98.64,56.64,49.41,37.41
443.90,35.28,21.23,22.83,21.39,98.64,56.64,49.41,37.41
443.91,35.21,21.23,22.83,21.42,98.64,56.78,49.41,37.48
443.92,35.28,21.23,22.83,21.42,98.64,56.64,49.52,37.48
443.93,35.28,21.23,22.83,21.42,98.64,56.64,49.41,37.41
443.94,35.34,21.23,22.83,21.39,98.26,56.64,49.41,37.41
443.95,35.28,21.23,22.80,21.42,98.64,56.64,49.41,37.41
443.96,35.28,21.23,22.83,21.39,98.64,56.64,49.41,37.48
443.97,35.21,21.23,22.83,21.42,98.64,56.64,49.41,37.48
443.98,35.34,21.23,22.83,21.42,98.26,56.64,49.41,37.41
443.99,35.21,21.23,22.80,21.42,98.26,56.64,49.30,37.41
444.00,35.15,21.23,22.80,21.42,98.26,56.64,49.41,37.41
444.01,35.21,21.23,22.80,21.42,98.64,56.64,49.41,37.41
444.02,35.21,21.26,22.83,21.42,98.64,56.64,49.41,37.41
444.03,35.28,21.23,22.83,21.42,98.64,56.78,49.41,37.41
444.04,35.28,21.23,22.83,21.39,98.64,56.78,49.41,37.48
444.05,35.21,21.19,22.83,21.39,98.26,56.64,49.52,37.41
444.06,35.28,21.26,22.80,21.42,98.26,56.64,49.41,37.41
444.07,35.28,21.19,22.83,21.42,98.64,56.64,49.41,37.41
444.08,35.28,21.26,22.83,21.42,98.64,56.64,49.52,37.48
444.09,35.21,21.23,22.80,21.42,98.26,56.78,49.41,37.48
444.10,35.28,21.19,22.80,21.39,98.26,56.64,49.41,37.41
444.11,35.21,21.23,22.80,21.39,98.64,56.78,49.41,37.41
444.12,35.28,21.23,22.83,21.39,98.26,56.78,49.52,37.48
444.13,35.28,21.23,22.83,21.42,98.64,56.64,49.41,37.41
444.14,35.21,21.23,22.80,21.39,98.64,56.64,49.41,37.41
444.15,35.21,21.23,22.80,21.39,98.26,56.64,49.41,37.41
444.16,35.28,21.23,22.83,21.39,98.64,56.78,49.41,37.41
444.17,35.21,21.23,22.83,21.42,98.64,56.64,49.52,37.48
444.18,35.28,21.23,22.83,21.39,98.26,56.78,49.41,37.41
444.19,35.21,21.23,22.83,21.39,98.64,56.64,49.52,37.55
444.20,35.21,21.23,22.80,21.39,98.26,56.64,49.41,37.41
444.21,35.28,21.23,22.83,21.42,98.64,56.64,49.52,37.48
444.22,35.28,21.23,22.83,21.39,98.64,56.64,49.41,37.48
444.23,35.34,21.23,22.83,21.39,98.64,56.78,49.41,37.48
444.24,35.21,21.23,22.83,21.42,98.26,56.64,49.52,37.41
444.25,35.28,21.19,22.80,21.42,98.26,56.64,49.41,37.48
444.26,35.21,21.23,22.83,21.42,98.64,56.64,49.41,37.48
444.27,35.34,21.23,22.83,21.42,98.64,56.64,49.41,37.48
444.28,35.28,21.23,22.80,21.42,98.26,56.78,49.41,37.48
444.29,35.28,21.23,22.83,21.42,98.64,56.64,49.41,37.48
444.30,35.28,21.19,22.80,21.39,98.64,56.64,49.41,37.41
444.31,35.15,21.23,22.76,21.39,98.64,56.64,49.41,37.41
444.32,35.28,21.23,22.83,21.42,98.64,56.64,49.41,37.48
444.33,35.15,21.23,22.80,21.39,98.26,56.64,49.52,37.41
444.34,35.28,21.23,22.83,21.42,98.64,56.64,49.41,37.41
444.35,35.21,21.23,22.80,21.39,98.64,56.64,49.30,37.41
444.36,35.28,21.23,22.83,21.42,98.64,56.78,49.41,37.48
444.37,35.28,21.23,22.83,21.42,98.64,56.64,49.41,37.41
444.38,35.28,21.23,22.83,21.39,98.26,56.64,49.41,37.48
444.39,35.21,21.23,22.83,21.42,98.64,56.64,49.52,37.41
444.40,35.28,21.23,22.80,21.42,98.26,56.64,49.41,37.48
444.41,35.28,21.19,22.83,21.42,98.26,56.64,49.41,37.48
444.42,35.28,21.23,22.83,21.42,98.64,56.64,49.52,37.41
444.43,35.34,21.23,22.83,21.42,98.64,56.64,49.30,37.48
444.44,35.28,21.19,22.80,21.42,98.64,56.64,49.52,37.48
444.45,35.21,21.19,22.80,21.39,98.26,56.64,49.30,37.41
444.46,35.21,21.23,22.80,21.42,98.64,56.64,49.41,37.48
444.47,35.21,21.23,22.83,21.42,98.26,56.78,49.41,37.41
444.48,35.21,21.23,22.83,21.42,98.64,56.64,49.41,37.41
444.49,35.28,21.19,22.83,21.39,98.26,56.64,49.41,37.48
444.50,35.21,21.23,22.80,21.42,98.26,56.64,49.41,37.41
444.51,35.28,21.23,22.83,21.42,98.64,56.64,49.41,37.41
444.52,35.28,21.23,22.83,21.39,98.64,56.64,49.41,37.41
444.53,35.34,21.23,22.83,21.42,98.64,56.64,49.41,37.48
444.54,35.21,21.23,22.83,21.39,98.26,56.64,49.41,37.41
444.55,35.28,21.23,22.80,21.39,98.64,56.64,49.41,37.41
444.56,35.28,21.23,22.83,21.42,98.26,56.78,49.41,37.41
444.57,35.28,21.23,22.83,21.42,98.64,56.64,49.41,37.48
444.58,35.34,21.23,22.83,21.42,98.64,56.78,49.41,37.48
444.59,35.21,21.23,22.80,21.42,98.64,56.64,49.41,37.41
444.60,35.28,21.23,22.80,21.42,98.26,56.64,49.41,37.48
444.61,35.21,21.23,22.80,21.42,98.26,56.64,49.41,37.41
444.62,35.28,21.23,22.83,21.39,98.64,56.64,49.41,37.41
444.63,35.21,21.23,22.83,21.42,98.64,56.64,49.41,37.41
444.64,35.28,21.23,22.83,21.42,98.64,56.64,49.41,37.41
444.65,35.28,21.19,22.80,21.39,98.64,56.64,49.41,37.48
444.66,35.21,21.23,22.83,21.42,98.64,56.64,49.41,37.48
444.67,35.28,21.26,22.83,21.42,98.64,56.64,49.52,37.48
444.68,35.28,21.26,22.83,21.39,98.64,56.78,49.52,37.48
444.69,35.21,21.23,22.80,21.42,98.26,56.64,49.41,37.41
444.70,35.21,21.23,22.80,21.42,98.64,56.64,49.41,37.48
444.71,35.21,21.23,22.83,21.39,98.64,56.64,49.41,37.41
444.72,35.28,21.23,22.83,21.39,98.64,56.64,49.41,37.48
444.73,35.28,21.23,22.83,21.42,98.64,56.64,49.41,37.41
444.74,35.28,21.23,22.83,21.42,98.26,56.64,49.41,37.48
444.75,35.28,21.19,22.83,21.42,98.26,56.64,49.41,37.48
444.76,35.21,21.23,22.80,21.39,98.64,56.64,49.41,37.48
444.77,35.21,21.23,22.83,21.42,98.64,56.64,49.41,37.41
444.78,35.28,21.23,22.83,21.39,98.64,56.78,49.41,37.41
444.79,35.21,21.19,22.83,21.42,98.64,56.64,49.41,37.48
444.80,35.21,21.19,22.80,21.39,98.26,56.64,49.41,37.41
444.81,35.21,21.23,22.83,21.39,98.64,56.64,49.41,37.41
444.82,35.21,21.23,22.83,21.39,98.26,56.78,49.41,37.41
444.83,35.34,21.23,22.87,21.39,98.64,56.78,49.41,37.48
444.84,35.21,21.23,22.83,21.39,98.64,56.64,49.41,37.48
444.85,35.21,21.23,22.80,21.39,98.26,56.64,49.41,37.41
444.86,35.21,21.23,22.83,21.42,98.64,56.64,49.41,37.48
444.87,35.34,21.26,22.83,21.42,98.64,56.92,49.41,37.48
444.88,35.28,21.23,22.83,21.39,98.64,56.64,49.41,37.48
444.89,35.28,21.23,22.83,21.42,98.64,56.64,49.41,37.48
444.90,35.28,21.23,22.83,21.39,98.64,56.50,49.41,37.41
444.91,35.28,21.23,22.80,21.39,98.64,56.64,49.41,37.48
444.92,35.34,21.23,22.83,21.42,98.64,56.64,49.41,37.48
444.93,35.28,21.23,22.83,21.39,98.64,56.64,49.41,37.48
444.94,35.28,21.23,22.83,21.39,98.26,56.64,49.41,37.48
444.95,35.21,21.23,22.83,21.39,98.26,56.64,49.52,37.48
444.96,35.28,21.23,22.83,21.42,98.64,56.64,49.41,37.48
444.97,35.34,21.23,22.83,21.42,98.64,56.78,49.52,37.48
444.98,35.28,21.23,22.83,21.39,98.64,56.64,49.52,37.48
444.99,35.28,21.23,22.83,21.39,98.64,56.64,49.41,37.41
445.00,35.28,21.23,22.83,21.42,98.64,56.64,49.41,37.48
445.01,35.28,21.23,22.83,21.42,98.64,56.64,49.41,37.48
445.02,35.28,21.23,22.83,21.42,98.64,56.78,49.52,37.48
445.03,35.28,21.23,22.83,21.39,98.64,56.64,49.52,37.48
445.04,35.21,21.23,22.83,21.39,98.64,56.64,49.52,37.48
445.05,35.21,21.19,22.83,21.39,98.64,56.64,49.41,37.48
445.06,35.21,21.19,22.80,21.39,98.26,56.64,49.41,37.48
445.07,35.28,21.23,22.83,21.42,98.64,56.78,49.41,37.48
445.08,35.28,21.26,22.83,21.42,98.64,56.64,49.41,37.48
445.09,35.28,21.23,22.83,21.39,98.26,56.64,49.41,37.48
445.10,35.21,21.23,22.83,21.39,98.64,56.64,49.41,37.48
445.11,35.21,21.23,22.83,21.42,98.26,56.64,49.41,37.48
445.12,35.21,21.26,22.83,21.39,98.64,56.64,49.41,37.48
445.13,35.34,21.23,22.83,21.42,98.26,56.64,49.41,37.48
445.14,35.34,21.23,22.83,21.39,98.64,56.64,49.41,37.48
445.15,35.28,21.23,22.83,21.42,98.26,56.64,49.41,37.48
445.16,35.28,21.23,22.83,21.39,98.64,56.64,49.41,37.48
445.17,35.34,21.23,22.83,21.39,98.64,56.64,49.41,37.48
445.18,35.21,21.23,22.83,21.39,98.64,56.64,49.52,37.48
445.19,35.21,21.23,22.83,21.39,98.26,56.64,49.52,37.48
445.20,35.21,21.23,22.80,21.42,98.26,56.64,49.41,37.48
445.21,35.21,21.23,22.83,21.42,98.64,56.64,49.41,37.48
445.22,35.21,21.23,22.83,21.42,98.64,56.78,49.52,37.48
445.23,35.21,21.23,22.83,21.42,98.64,56.64,49.41,37.41
445.24,35.28,21.23,22.83,21.39,98.64,56.64,49.41,37.41
445.25,35.21,21.23,22.80,21.42,98.64,56.78,49.41,37.48
445.26,35.21,21.23,22.83,21.42,98.64,56.64,49.41,37.48
445.27,35.28,21.23,22.83,21.42,98.64,56.64,49.41,37.48
445.28,35.28,21.26,22.83,21.39,98.64,56.78,49.52,37.48
445.29,35.28,21.23,22.83,21.39,98.26,56.64,49.41,37.48
445.30,35.28,21.23,22.83,21.42,98.64,56.64,49.41,37.48
445.31,35.34,21.23,22.83,21.42,98.64,56.64,49.41,37.48
445.32,35.21,21.23,22.83,21.39,98.64,56.64,49.52,37.48
445.33,35.28,21.26,22.83,21.42,98.26,56.64,49.52,37.48
445.34,35.21,21.23,22.83,21.39,98.26,56.50,49.41,37.48
445.35,35.28,21.23,22.80,21.42,98.64,56.64,49.41,37.41
445.36,35.28,21.23,22.83,21.42,98.64,56.64,49.41,37.48
445.37,35.28,21.26,22.83,21.42,98.64,56.64,49.52,37.48
445.38,35.34,21.26,22.83,21.42,98.64,56.64,49.52,37.41
445.39,35.28,21.19,22.83,21.42,98.64,56.64,49.52,37.48
445.40,35.21,21.23,22.83,21.42,98.64,56.78,49.41,37.48
445.41,35.28,21.23,22.83,21.42,98.64,56.78,49.52,37.55
445.42,35.21,21.23,22.83,21.42,98.64,56.50,49.41,37.41
445.43,35.28,21.26,22.83,21.39,98.64,56.78,49.41,37.55
445.44,35.28,21.23,22.83,21.42,98.64,56.64,49.41,37.41
445.45,35.21,21.23,22.83,21.39,98.64,56.64,49.41,37.48
445.46,35.28,21.23,22.83,21.42,98.64,56.64,49.52,37.48
445.47,35.28,21.23,22.83,21.42,98.64,56.78,49.41,37.48
445.48,35.28,21.26,22.83,21.39,98.26,56.64,49.52,37.48
445.49,35.28,21.23,22.83,21.39,98.64,56.64,49.41,37.48
445.50,35.21,21.23,22.83,21.39,98.64,56.50,49.52,37.48
445.51,35.21,21.23,22.83,21.42,98.64,56.64,49.41,37.41
445.52,35.21,21.26,22.83,21.42,98.64,56.78,49.52,37.48
445.53,35.34,21.26,22.83,21.42,98.64,56.64,49.52,37.48
445.54,35.34,21.23,22.80,21.39,98.64,56.64,49.52,37.48
445.55,35.15,21.23,22.83,21.42,98.26,56.64,49.41,37.48
445.56,35.28,21.23,22.83,21.42,98.64,56.64,49.41,37.48
445.57,35.28,21.26,22.83,21.42,98.64,56.64,49.52,37.48
445.58,35.21,21.23,22.87,21.39,98.64,56.64,49.52,37.48
445.59,35.28,21.23,22.83,21.39,98.64,56.64,49.41,37.48
445.60,35.28,21.23,22.83,21.42,98.64,56.64,49.41,37.48
445.61,35.28,21.23,22.83,21.39,98.26,56.64,49.41,37.48
445.62,35.28,21.26,22.87,21.42,98.64,56.64,49.52,37.48
445.63,35.21,21.23,22.87,21.42,98.64,56.78,49.52,37.41
445.64,35.28,21.26,22.83,21.39,98.26,56.64,49.52,37.48
445.65,35.28,21.23,22.83,21.42,98.64,56.78,49.41,37.48
445.66,35.34,21.23,22.83,21.42,98.26,56.64,49.52,37.48
445.67,35.34,21.23,22.83,21.42,98.64,56.78,49.41,37.48
445.68,35.28,21.23,22.87,21.42,99.02,56.64,49.52,37.48
445.69,35.21,21.23,22.83,21.42,98.64,56.64,49.30,37.48
445.70,35.28,21.23,22.83,21.42,98.64,56.64,49.41,37.48
445.71,35.34,21.23,22.83,21.39,98.64,56.78,49.52,37.48
445.72,35.28,21.26,22.87,21.42,98.64,56.64,49.52,37.48
445.73,35.28,21.23,22.87,21.42,98.64,56.78,49.52,37.48
445.74,35.21,21.23,22.83,21.39,98.64,56.50,49.41,37.48
445.75,35.21,21.23,22.83,21.39,98.64,56.64,49.52,37.48
445.76,35.28,21.23,22.83,21.42,98.64,56.78,49.52,37.48
445.77,35.28,21.26,22.87,21.42,98.64,56.64,49.41,37.48
445.78,35.28,21.26,22.83,21.39,98.64,56.64,49.52,37.48
445.79,35.28,21.23,22.83,21.39,98.26,56.64,49.41,37.48
445.80,35.21,21.23,22.83,21.42,98.64,56.78,49.41,37.48
445.81,35.28,21.23,22.87,21.42,98.64,56.78,49.52,37.48
445.82,35.28,21.26,22.87,21.42,98.26,56.78,49.41,37.48
445.83,35.28,21.26,22.87,21.42,98.64,56.78,49.41,37.48
445.84,35.28,21.23,22.83,21.42,98.26,56.78,49.41,37.48
445.85,35.21,21.23,22.83,21.42,98.64,56.78,49.41,37.48
445.86,35.34,21.26,22.83,21.42,98.64,56.64,49.52,37.48
445.87,35.28,21.26,22.87,21.39,98.64,56.64,49.52,37.48
445.88,35.28,21.26,22.83,21.42,98.64,56.64,49.52,37.48
445.89,35.21,21.23,22.83,21.42,98.64,56.78,49.52,37.48
445.90,35.21,21.23,22.83,21.39,98.64,56.64,49.41,37.48
445.91,35.28,21.26,22.87,21.42,98.64,56.64,49.52,37.48
445.92,35.28,21.26,22.87,21.42,98.64,56.78,49.52,37.48
445.93,35.28,21.26,22.83,21.42,98.64,56.78,49.52,37.48
445.94,35.21,21.23,22.83,21.42,98.64,56.64,49.41,37.48
445.95,35.21,21.23,22.83,21.42,98.64,56.78,49.52,37.48
445.96,35.28,21.23,22.87,21.42,98.64,56.78,49.52,37.48
445.97,35.28,21.26,22.87,21.42,98.64,56.78,49.52,37.48
445.98,35.28,21.26,22.87,21.42,98.64,56.64,49.52,37.48
445.99,35.34,21.23,22.83,21.42,98.64,56.64,49.41,37.48
446.00,35.34,21.23,22.83,21.42,98.64,56.64,49.52,37.48
446.01,35.41,21.26,22.83,21.42,98.64,56.92,49.52,37.48
446.02,35.28,21.26,22.87,21.42,98.64,56.78,49.52,37.48
446.03,35.34,21.26,22.87,21.42,98.64,56.78,49.52,37.48
446.04,35.28,21.23,22.87,21.42,98.64,56.78,49.41,37.48
446.05,35.21,21.23,22.83,21.42,98.64,56.64,49.41,37.48
446.06,35.28,21.23,22.83,21.42,98.64,56.78,49.41,37.48
446.07,35.21,21.26,22.87,21.42,98.64,56.64,49.52,37.48
446.08,35.28,21.26,22.87,21.42,98.64,56.64,49.52,37.48
446.09,35.28,21.23,22.83,21.42,98.64,56.64,49.52,37.48
446.10,35.28,21.23,22.83,21.42,98.64,56.78,49.52,37.48
446.11,35.28,21.23,22.87,21.42,98.64,56.78,49.52,37.48
446.12,35.28,21.26,22.83,21.39,98.64,56.78,49.52,37.48
446.13,35.28,21.26,22.87,21.42,98.64,56.64,49.52,37.48
446.14,35.28,21.23,22.87,21.42,98.64,56.78,49.41,37.48
446.15,35.21,21.23,22.83,21.39,98.26,56.64,49.41,37.48
446.16,35.28,21.26,22.83,21.42,98.64,56.78,49.52,37.55
446.17,35.28,21.26,22.87,21.42,98.64,56.78,49.52,37.48
446.18,35.34,21.26,22.87,21.42,98.64,56.78,49.41,37.48
446.19,35.21,21.23,22.83,21.42,98.64,56.64,49.52,37.48
446.20,35.28,21.23,22.83,21.42,98.26,56.78,49.52,37.48
446.21,35.34,21.26,22.87,21.42,98.64,56.78,49.52,37.48
446.22,35.28,21.26,22.87,21.42,98.64,56.64,49.41,37.48
446.23,35.34,21.26,22.87,21.42,98.64,56.78,49.52,37.48
446.24,35.28,21.23,22.87,21.42,98.64,56.78,49.41,37.48
446.25,35.21,21.26,22.83,21.42,98.64,56.78,49.52,37.48
446.26,35.21,21.23,22.83,21.42,98.64,56.78,49.52,37.55
446.27,35.28,21.26,22.87,21.42,98.64,56.64,49.52,37.48
446.28,35.28,21.26,22.87,21.42,98.64,56.78,49.52,37.48
446.29,35.21,21.23,22.83,21.39,98.64,56.64,49.52,37.48
446.30,35.28,21.23,22.83,21.42,98.64,56.64,49.41,37.48
446.31,35.28,21.23,22.87,21.39,98.64,56.78,49.52,37.48
446.32,35.34,21.26,22.87,21.42,98.64,56.78,49.52,37.48
446.33,35.28,21.26,22.87,21.42,98.64,56.64,49.52,37.55
446.34,35.21,21.23,22.87,21.42,98.64,56.78,49.52,37.48
446.35,35.21,21.23,22.87,21.42,98.64,56.64,49.52,37.48
446.36,35.28,21.23,22.83,21.42,98.64,56.78,49.52,37.48
446.37,35.28,21.26,22.87,21.42,98.64,56.78,49.52,37.48
446.38,35.34,21.26,22.87,21.42,98.64,56.64,49.52,37.48
446.39,35.28,21.23,22.83,21.42,98.64,56.64,49.52,37.55
446.40,35.28,21.23,22.83,21.42,98.64,56.78,49.41,37.48
446.41,35.34,21.26,22.83,21.42,98.64,56.78,49.52,37.48
446.42,35.34,21.26,22.87,21.42,98.64,56.78,49.52,37.48
446.43,35.34,21.26,22.87,21.42,98.64,56.78,49.41,37.48
446.44,35.28,21.26,22.87,21.42,98.64,56.78,49.52,37.48
446.45,35.28,21.23,22.83,21.39,98.64,56.78,49.41,37.41
446.46,35.28,21.23,22.87,21.42,98.64,56.78,49.52,37.48
446.47,35.34,21.26,22.87,21.42,98.64,56.78,49.52,37.55
446.48,35.28,21.26,22.87,21.39,98.64,56.64,49.52,37.48
446.49,35.21,21.23,22.83,21.42,98.64,56.64,49.52,37.48
446.50,35.28,21.23,22.83,21.39,98.64,56.64,49.41,37.48
446.51,35.28,21.26,22.87,21.42,98.64,56.64,49.52,37.48
446.52,35.28,21.26,22.87,21.42,98.64,56.78,49.52,37.48
446.53,35.28,21.23,22.87,21.42,98.64,56.64,49.52,37.48
446.54,35.28,21.23,22.87,21.42,98.64,56.64,49.52,37.55
446.55,35.28,21.19,22.83,21.42,98.64,56.64,49.52,37.48
446.56,35.28,21.26,22.83,21.42,98.64,56.64,49.41,37.48
446.57,35.28,21.19,22.87,21.42,98.64,56.64,49.41,37.48
446.58,35.21,21.23,22.87,21.39,98.64,56.64,49.52,37.48
446.59,35.21,21.26,22.83,21.42,98.64,56.64,49.41,37.48
446.60,35.21,21.19,22.83,21.42,98.64,56.64,49.52,37.48
446.61,35.28,21.23,22.87,21.42,98.64,56.78,49.41,37.48
446.62,35.28,21.26,22.87,21.42,98.64,56.78,49.52,37.48
446.63,35.28,21.26,22.87,21.42,98.64,56.64,49.52,37.48
446.64,35.21,21.26,22.83,21.39,98.64,56.78,49.52,37.48
446.65,35.28,21.23,22.83,21.39,98.64,56.64,49.41,37.48
446.66,35.28,21.26,22.83,21.42,98.64,56.78,49.52,37.48
446.67,35.34,21.26,22.87,21.42,98.64,56.64,49.41,37.55
446.68,35.34,21.23,22.87,21.42,98.64,56.64,49.41,37.48
446.69,35.28,21.23,22.83,21.39,98.64,56.64,49.41,37.55
446.70,35.28,21.23,22.83,21.42,98.64,56.64,49.52,37.48
446.71,35.28,21.23,22.83,21.39,98.64,56.78,49.52,37.48
446.72,35.28,21.26,22.87,21.42,98.64,56.78,49.52,37.55
446.73,35.28,21.23,22.83,21.39,98.64,56.64,49.41,37.48
446.74,35.21,21.23,22.87,21.42,98.64,56.64,49.41,37.48
446.75,35.28,21.23,22.83,21.42,98.64,56.64,49.52,37.48
446.76,35.21,21.23,22.83,21.42,98.64,56.78,49.52,37.48
446.77,35.34,21.23,22.87,21.42,98.64,56.64,49.52,37.48
446.78,35.28,21.23,22.83,21.42,98.64,56.78,49.41,37.48
446.79,35.28,21.23,22.83,21.39,98.64,56.64,49.52,37.48
446.80,35.28,21.23,22.83,21.42,98.64,56.64,49.41,37.55
446.81,35.21,21.23,22.87,21.42,98.64,56.78,49.52,37.55
446.82,35.28,21.26,22.87,21.42,99.02,56.78,49.52,37.55
446.83,35.21,21.23,22.83,21.42,98.64,56.64,49.52,37.48
446.84,35.21,21.23,22.87,21.42,98.64,56.78,49.41,37.55
446.85,35.21,21.23,22.83,21.39,98.64,56.64,49.52,37.48
446.86,35.21,21.23,22.83,21.42,98.64,56.64,49.41,37.48
446.87,35.28,21.23,22.87,21.42,98.64,56.78,49.52,37.48
446.88,35.28,21.26,22.83,21.42,98.64,56.64,49.41,37.48
446.89,35.21,21.23,22.83,21.42,98.64,56.64,49.52,37.48
446.90,35.21,21.23,22.83,21.42,98.64,56.64,49.41,37.48
446.91,35.28,21.23,22.83,21.42,99.02,56.64,49.41,37.55
446.92,35.28,21.23,22.87,21.42,99.02,56.78,49.64,37.55
446.93,35.28,21.23,22.87,21.42,98.64,56.64,49.41,37.48
446.94,35.21,21.23,22.83,21.39,98.64,56.64,49.52,37.55
446.95,35.21,21.23,22.83,21.42,98.64,56.64,49.52,37.55
446.96,35.28,21.23,22.83,21.42,98.64,56.64,49.41,37.48
446.97,35.28,21.26,22.87,21.42,98.64,56.64,49.52,37.48
446.98,35.28,21.26,22.83,21.42,98.64,56.64,49.41,37.48
446.99,35.28,21.23,22.83,21.42,98.64,56.78,49.52,37.48
447.00,35.28,21.23,22.83,21.42,98.64,56.64,49.52,37.48
447.01,35.21,21.19,22.83,21.42,98.64,56.64,49.52,37.55
447.02,35.34,21.23,22.87,21.42,98.64,56.78,49.64,37.55
447.03,35.28,21.23,22.87,21.42,98.64,56.64,49.52,37.48
447.04,35.28,21.23,22.83,21.39,98.64,56.64,49.52,37.48
447.05,35.28,21.23,22.83,21.42,98.64,56.64,49.41,37.55
447.06,35.21,21.23,22.83,21.42,99.02,56.64,49.52,37.48
447.07,35.28,21.26,22.83,21.39,98.64,56.78,49.52,37.48
447.08,35.28,21.26,22.83,21.42,98.64,56.78,49.52,37.48
447.09,35.28,21.23,22.83,21.42,98.64,56.64,49.41,37.48
447.10,35.34,21.23,22.83,21.39,98.64,56.64,49.52,37.48
447.11,35.28,21.23,22.83,21.42,98.64,56.64,49.52,37.48
447.12,35.21,21.26,22.87,21.42,98.64,56.78,49.52,37.48
447.13,35.21,21.23,22.87,21.42,98.64,56.78,49.52,37.48
447.14,35.21,21.23,22.83,21.42,98.64,56.78,49.52,37.48
447.15,35.21,21.23,22.83,21.42,98.64,56.78,49.52,37.48
447.16,35.21,21.23,22.87,21.42,98.64,56.78,49.52,37.48
447.17,35.28,21.23,22.83,21.42,98.64,56.78,49.52,37.48
447.18,35.28,21.26,22.87,21.39,98.64,56.78,49.52,37.55
447.19,35.21,21.23,22.83,21.42,98.64,56.64,49.52,37.55
447.20,35.21,21.23,22.83,21.42,98.26,56.64,49.41,37.48
447.21,35.34,21.23,22.87,21.39,98.64,56.78,49.52,37.48
447.22,35.28,21.26,22.83,21.42,98.64,56.78,49.52,37.48
447.23,35.28,21.26,22.83,21.42,98.64,56.78,49.52,37.48
447.24,35.28,21.23,22.83,21.39,98.64,56.64,49.41,37.48
447.25,35.28,21.23,22.83,21.42,98.64,56.64,49.41,37.55
447.26,35.21,21.23,22.83,21.42,98.64,56.64,49.52,37.55
447.27,35.21,21.23,22.87,21.42,98.64,56.64,49.52,37.48
447.28,35.28,21.23,22.83,21.42,98.64,56.78,49.52,37.48
447.29,35.28,21.23,22.83,21.39,98.64,56.64,49.52,37.48
447.30,35.28,21.19,22.83,21.39,98.64,56.64,49.52,37.48
447.31,35.21,21.23,22.83,21.42,98.64,56.64,49.52,37.48
447.32,35.34,21.23,22.87,21.39,98.64,56.78,49.52,37.48
447.33,35.28,21.26,22.87,21.42,98.64,56.64,49.52,37.48
447.34,35.28,21.23,22.83,21.42,98.26,56.64,49.52,37.48
447.35,35.28,21.23,22.83,21.42,98.64,56.64,49.52,37.48
447.36,35.21,21.23,22.87,21.42,98.64,56.64,49.52,37.48
447.37,35.28,21.26,22.87,21.42,98.64,56.78,49.52,37.48
447.38,35.28,21.23,22.87,21.42,98.64,56.78,49.41,37.48
447.39,35.28,21.23,22.83,21.42,98.64,56.64,49.41,37.55
447.40,35.28,21.23,22.83,21.42,98.64,56.78,49.52,37.55
447.41,35.21,21.23,22.83,21.42,98.64,56.64,49.52,37.55
447.42,35.28,21.23,22.87,21.42,98.64,56.64,49.52,37.55
447.43,35.21,21.23,22.87,21.42,98.64,56.64,49.52,37.48
447.44,35.21,21.23,22.83,21.39,98.64,56.64,49.52,37.55
447.45,35.28,21.23,22.83,21.42,98.64,56.64,49.52,37.48
447.46,35.34,21.26,22.87,21.42,98.64,56.78,49.52,37.48
447.47,35.28,21.26,22.87,21.42,98.64,56.78,49.52,37.55
447.48,35.28,21.23,22.83,21.42,98.64,56.78,49.52,37.48
447.49,35.21,21.23,22.83,21.42,98.64,56.64,49.52,37.48
447.50,35.28,21.23,22.83,21.39,98.64,56.64,49.52,37.55
447.51,35.21,21.23,22.87,21.42,98.26,56.64,49.52,37.55
447.52,35.28,21.26,22.87,21.42,98.64,56.78,49.52,37.55
447.53,35.28,21.23,22.87,21.39,98.64,56.64,49.41,37.48
447.54,35.34,21.23,22.83,21.42,98.64,56.64,49.52,37.48
447.55,35.21,21.23,22.83,21.39,98.64,56.64,49.41,37.48
447.56,35.28,21.23,22.87,21.42,98.64,56.64,49.52,37.55
447.57,35.28,21.23,22.87,21.42,98.64,56.64,49.52,37.55
447.58,35.28,21.26,22.87,21.42,98.64,56.78,49.52,37.55
447.59,35.21,21.23,22.83,21.42,98.64,56.78,49.52,37.48
447.60,35.34,21.23,22.83,21.42,98.26,56.78,49.52,37.55
447.61,35.28,21.23,22.87,21.42,98.64,56.64,49.52,37.48
447.62,35.28,21.26,22.87,21.42,98.64,56.78,49.52,37.48
447.63,35.21,21.23,22.87,21.42,98.64,56.64,49.52,37.48
447.64,35.28,21.23,22.87,21.42,98.64,56.64,49.52,37.55
447.65,35.28,21.23,22.83,21.42,98.64,56.92,49.52,37.55
447.66,35.28,21.23,22.87,21.42,98.64,56.78,49.52,37.55
447.67,35.28,21.23,22.87,21.42,98.64,56.78,49.52,37.55
447.68,35.28,21.23,22.87,21.42,98.64,56.64,49.52,37.48
447.69,35.28,21.23,22.83,21.42,98.64,56.64,49.52,37.55
447.70,35.28,21.23,22.83,21.42,98.64,56.64,49.52,37.55
447.71,35.28,21.23,22.87,21.39,98.64,56.78,49.52,37.55
447.72,35.34,21.26,22.87,21.42,98.64,56.78,49.52,37.55
447.73,35.34,21.23,22.87,21.42,98.64,56.78,49.41,37.55
447.74,35.21,21.23,22.83,21.42,98.64,56.64,49.52,37.48
447.75,35.34,21.26,22.83,21.42,98.64,56.64,49.52,37.48
447.76,35.21,21.23,22.83,21.42,98.64,56.64,49.52,37.48
447.77,35.21,21.23,22.87,21.42,98.64,56.78,49.52,37.48
447.78,35.28,21.23,22.87,21.42,98.64,56.78,49.52,37.48
447.79,35.21,21.23,22.83,21.42,98.64,56.78,49.52,37.55
447.80,35.28,21.23,22.87,21.42,98.64,56.64,49.52,37.55
447.81,35.21,21.19,22.87,21.39,98.64,56.78,49.52,37.55
447.82,35.28,21.29,22.87,21.42,98.64,56.78,49.52,37.55
447.83,35.21,21.19,22.87,21.42,98.64,56.78,49.52,37.48
447.84,35.21,21.23,22.83,21.39,98.64,56.64,49.52,37.48
447.85,35.21,21.23,22.87,21.42,98.64,56.64,49.52,37.48
447.86,35.28,21.26,22.83,21.39,98.64,56.78,49.52,37.48
447.87,35.28,21.26,22.87,21.42,98.64,56.78,49.41,37.55
447.88,35.28,21.23,22.87,21.42,98.64,56.64,49.52,37.55
447.89,35.21,21.23,22.87,21.42,98.64,56.78,49.52,37.48
447.90,35.28,21.23,22.83,21.42,98.64,56.78,49.52,37.55
447.91,35.34,21.23,22.87,21.42,98.64,56.64,49.41,37.48
447.92,35.28,21.23,22.87,21.42,99.02,57.07,49.52,37.55
447.93,35.28,21.23,22.87,21.42,98.64,56.64,49.52,37.48
447.94,35.28,21.23,22.87,21.42,98.64,56.64,49.41,37.55
447.95,35.21,21.23,22.87,21.42,99.02,56.64,49.52,37.48
447.96,35.21,21.23,22.87,21.42,98.64,56.64,49.52,37.55
447.97,35.28,21.26,22.87,21.42,98.64,56.78,49.52,37.48
447.98,35.28,21.23,22.87,21.42,98.64,56.78,49.52,37.55
447.99,35.34,21.26,22.83,21.42,98.64,56.78,49.52,37.48
448.00,35.21,21.23,22.87,21.39,98.64,56.64,49.52,37.55
448.01,35.28,21.23,22.83,21.42,98.64,56.78,49.52,37.55
448.02,35.28,21.26,22.87,21.42,98.64,56.78,49.52,37.55
448.03,35.28,21.23,22.87,21.42,98.64,56.78,49.52,37.48
448.04,35.15,21.23,22.83,21.42,98.64,56.64,49.41,37.55
448.05,35.34,21.23,22.87,21.42,98.64,56.78,49.52,37.48
448.06,35.21,21.23,22.83,21.39,98.64,56.78,49.52,37.55
448.07,35.28,21.26,22.87,21.42,98.64,56.78,49.52,37.55
448.08,35.34,21.26,22.83,21.42,98.64,56.78,49.52,37.55
448.09,35.28,21.23,22.83,21.39,98.64,56.64,49.52,37.48
448.10,35.28,21.23,22.87,21.42,98.64,56.78,49.52,37.55
448.11,35.28,21.23,22.87,21.42,98.64,56.78,49.52,37.55
448.12,35.28,21.26,22.87,21.42,98.64,56.78,49.52,37.55
448.13,35.28,21.23,22.87,21.42,98.64,56.64,49.52,37.48
448.14,35.28,21.23,22.87,21.42,98.64,56.64,49.52,37.48
448.15,35.21,21.23,22.87,21.42,98.64,56.78,49.52,37.55
448.16,35.28,21.26,22.87,21.42,98.26,56.78,49.41,37.55
448.17,35.28,21.26,22.87,21.42,99.02,56.78,49.64,37.55
448.18,35.28,21.26,22.87,21.42,98.64,56.78,49.41,37.55
448.19,35.21,21.23,22.87,21.42,98.64,56.64,49.41,37.55
448.20,35.28,21.23,22.87,21.42,98.64,56.64,49.52,37.48
448.21,35.28,21.23,22.87,21.39,98.64,56.64,49.52,37.48
448.22,35.34,21.26,22.87,21.42,98.64,56.78,49.52,37.55
448.23,35.34,21.23,22.87,21.42,98.64,56.78,49.52,37.48
448.24,35.28,21.23,22.83,21.42,98.64,56.64,49.52,37.55
448.25,35.21,21.23,22.87,21.42,98.64,56.78,49.52,37.55
448.26,35.21,21.26,22.87,21.42,98.64,56.78,49.52,37.55
448.27,35.28,21.26,22.87,21.42,98.64,56.78,49.52,37.55
448.28,35.28,21.26,22.87,21.42,98.64,56.78,49.52,37.48
448.29,35.21,21.26,22.87,21.42,98.64,56.78,49.52,37.55
448.30,35.21,21.23,22.87,21.42,98.64,56.64,49.52,37.55
448.31,35.28,21.23,22.87,21.42,98.64,56.64,49.52,37.55
448.32,35.28,21.26,22.87,21.42,98.64,56.64,49.52,37.55
448.33,35.28,21.26,22.87,21.42,98.64,56.78,49.41,37.55
448.34,35.28,21.26,22.87,21.42,98.64,56.78,49.52,37.55
448.35,35.28,21.23,22.87,21.42,98.64,56.78,49.52,37.55
448.36,35.28,21.23,22.87,21.39,98.64,56.64,49.52,37.48
448.37,35.28,21.26,22.87,21.42,98.64,56.78,49.52,37.55
448.38,35.34,21.23,22.87,21.42,98.64,56.64,49.52,37.55
448.39,35.28,21.23,22.83,21.39,98.64,56.64,49.52,37.48
448.40,35.28,21.23,22.87,21.42,98.64,56.78,49.41,37.55
448.41,35.21,21.23,22.87,21.42,98.64,56.64,49.52,37.55
448.42,35.28,21.26,22.87,21.39,98.64,56.78,49.52,37.55
448.43,35.34,21.26,22.87,21.42,98.64,56.78,49.52,37.55
448.44,35.28,21.23,22.87,21.42,98.64,56.64,49.52,37.55
448.45,35.34,21.23,22.87,21.42,98.64,56.78,49.52,37.55
448.46,35.28,21.26,22.87,21.42,98.64,56.64,49.52,37.48
448.47,35.34,21.26,22.87,21.42,98.64,56.78,49.52,37.55
448.48,35.28,21.26,22.87,21.42,99.02,56.78,49.52,37.48
448.49,35.21,21.23,22.87,21.42,98.64,56.78,49.52,37.55
448.50,35.28,21.23,22.87,21.42,98.64,56.78,49.52,37.55
448.51,35.28,21.23,22.87,21.42,98.64,56.78,49.52,37.55
448.52,35.28,21.23,22.87,21.42,98.64,56.78,49.52,37.55
448.53,35.28,21.26,22.87,21.42,98.64,56.78,49.52,37.55
448.54,35.34,21.23,22.87,21.42,98.64,56.64,49.52,37.55
448.55,35.28,21.23,22.87,21.42,98.64,56.64,49.52,37.55
448.56,35.28,21.26,22.87,21.42,98.64,56.64,49.41,37.55
448.57,35.34,21.26,22.87,21.42,98.64,56.78,49.52,37.55
448.58,35.28,21.23,22.87,21.42,98.64,56.78,49.52,37.55
448.59,35.28,21.23,22.87,21.42,98.64,56.64,49.41,37.55
448.60,35.28,21.23,22.87,21.42,98.64,56.78,49.52,37.55
448.61,35.34,21.23,22.87,21.42,98.64,56.78,49.64,37.55
448.62,35.28,21.26,22.87,21.42,98.64,56.78,49.52,37.55
448.63,35.28,21.26,22.87,21.42,98.64,56.64,49.52,37.55
448.64,35.28,21.23,22.87,21.42,98.64,56.78,49.52,37.55
448.65,35.34,21.23,22.87,21.42,98.64,56.64,49.52,37.55
448.66,35.28,21.23,22.87,21.42,98.64,56.78,49.52,37.55
448.67,35.28,21.26,22.87,21.42,98.64,56.78,49.52,37.55
448.68,35.28,21.23,22.87,21.42,99.02,56.64,49.52,37.55
448.69,35.28,21.26,22.87,21.42,98.64,56.78,49.64,37.55
448.70,35.28,21.23,22.87,21.42,98.64,56.64,49.52,37.55
448.71,35.34,21.23,22.87,21.42,98.64,56.64,49.52,37.55
448.72,35.34,21.26,22.87,21.42,98.64,56.78,49.52,37.55
448.73,35.28,21.23,22.87,21.42,98.64,56.78,49.52,37.55
448.74,35.34,21.23,22.87,21.42,98.64,56.78,49.52,37.48
448.75,35.28,21.23,22.87,21.42,98.64,56.64,49.52,37.55
448.76,35.28,21.26,22.87,21.42,98.64,56.78,49.52,37.55
448.77,35.28,21.26,22.87,21.42,98.64,56.78,49.52,37.55
448.78,35.34,21.23,22.87,21.42,98.64,56.78,49.64,37.55
448.79,35.28,21.23,22.87,21.42,98.64,56.78,49.52,37.55
448.80,35.28,21.23,22.87,21.42,98.64,56.78,49.52,37.55
448.81,35.28,21.23,22.87,21.42,98.64,56.78,49.52,37.48
448.82,35.28,21.26,22.87,21.42,98.64,56.78,49.64,37.55
448.83,35.28,21.26,22.87,21.42,98.64,56.64,49.52,37.55
448.84,35.28,21.23,22.87,21.42,98.64,56.64,49.52,37.55
448.85,35.28,21.26,22.87,21.42,98.64,56.78,49.52,37.55
448.86,35.34,21.23,22.90,21.42,98.64,56.78,49.52,37.55
448.87,35.28,21.26,22.87,21.42,99.02,56.78,49.52,37.55
448.88,35.28,21.23,22.87,21.42,98.64,56.78,49.52,37.55
448.89,35.34,21.23,22.87,21.42,98.64,56.78,49.52,37.55
448.90,35.21,21.23,22.87,21.42,99.02,56.64,49.52,37.55
448.91,35.28,21.23,22.87,21.42,99.02,56.78,49.52,37.55
448.92,35.28,21.26,22.87,21.42,98.64,56.78,49.52,37.55
448.93,35.28,21.26,22.87,21.42,98.64,56.64,49.52,37.55
448.94,35.34,21.23,22.87,21.42,98.64,56.64,49.52,37.48
448.95,35.34,21.23,22.87,21.42,98.64,56.64,49.52,37.55
448.96,35.34,21.26,22.87,21.42,98.64,56.64,49.52,37.55
448.97,35.28,21.26,22.87,21.42,98.64,56.78,49.52,37.55
448.98,35.34,21.26,22.87,21.39,98.64,56.78,49.52,37.55
448.99,35.34,21.23,22.87,21.42,98.64,56.78,49.52,37.55
449.00,35.28,21.23,22.87,21.42,98.64,56.78,49.52,37.55
449.01,35.28,21.26,22.90,21.42,98.64,56.64,49.52,37.55
449.02,35.28,21.26,22.87,21.42,98.64,56.78,49.52,37.55
449.03,35.34,21.23,22.87,21.42,98.64,56.78,49.52,37.55
449.04,35.28,21.19,22.87,21.42,98.64,56.78,49.52,37.55
449.05,35.34,21.23,22.87,21.42,98.64,56.78,49.52,37.55
449.06,35.28,21.26,22.87,21.42,98.64,56.78,49.52,37.55
449.07,35.28,21.23,22.87,21.42,98.64,56.78,49.52,37.55
449.08,35.28,21.23,22.87,21.46,98.64,56.78,49.52,37.55
449.09,35.34,21.23,22.87,21.42,98.64,56.78,49.52,37.55
449.10,35.28,21.23,22.87,21.42,98.64,56.78,49.52,37.55
449.11,35.34,21.26,22.87,21.42,99.02,56.78,49.52,37.55
449.12,35.28,21.26,22.87,21.42,98.64,56.78,49.52,37.55
449.13,35.28,21.23,22.87,21.42,98.64,56.78,49.52,37.55
449.14,35.28,21.23,22.87,21.42,98.64,56.64,49.52,37.55
449.15,35.28,21.23,22.87,21.42,98.64,56.64,49.52,37.55
449.16,35.28,21.26,22.87,21.42,98.64,56.92,49.52,37.62
449.17,35.28,21.23,22.90,21.42,98.64,56.50,49.52,37.55
449.18,35.28,21.23,22.87,21.42,98.64,56.78,49.52,37.62
449.19,35.34,21.23,22.87,21.42,98.64,56.64,49.52,37.48
449.20,35.34,21.23,22.83,21.42,98.64,56.64,49.52,37.55
449.21,35.28,21.26,22.87,21.42,99.02,56.78,49.52,37.55
449.22,35.41,21.26,22.87,21.42,98.64,56.64,49.52,37.55
449.23,35.28,21.26,22.87,21.42,99.02,56.78,49.52,37.55
449.24,35.28,21.23,22.87,21.42,98.64,56.78,49.41,37.55
449.25,35.21,21.23,22.87,21.42,98.64,56.64,49.52,37.55
449.26,35.34,21.23,22.87,21.42,98.64,56.78,49.52,37.55
449.27,35.28,21.26,22.87,21.42,98.64,56.78,49.52,37.55
449.28,35.28,21.23,22.87,21.42,98.64,56.78,49.41,37.55
449.29,35.34,21.23,22.87,21.42,98.64,56.64,49.52,37.55
449.30,35.21,21.23,22.83,21.42,98.64,56.64,49.52,37.55
449.31,35.28,21.23,22.87,21.42,98.64,56.78,49.52,37.55
449.32,35.34,21.26,22.87,21.42,98.64,56.78,49.41,37.55
449.33,35.28,21.23,22.87,21.42,98.64,56.64,49.41,37.55
449.34,35.28,21.23,22.83,21.42,98.64,56.64,49.52,37.48
449.35,35.28,21.23,22.87,21.42,98.64,56.78,49.52,37.55
449.36,35.28,21.23,22.87,21.42,98.64,56.78,49.52,37.55
449.37,35.28,21.23,22.87,21.42,98.64,56.64,49.52,37.55
449.38,35.21,21.23,22.87,21.39,98.64,56.64,49.52,37.55
449.39,35.21,21.23,22.87,21.42,98.64,56.64,49.52,37.55
449.40,35.21,21.23,22.87,21.42,98.64,56.64,49.52,37.55
449.41,35.28,21.23,22.87,21.42,99.02,56.78,49.64,37.55
449.42,35.28,21.23,22.87,21.42,98.64,56.78,49.41,37.55
449.43,35.28,21.23,22.87,21.42,98.64,56.64,49.64,37.55
449.44,35.21,21.23,22.87,21.42,98.64,56.64,49.41,37.55
449.45,35.21,21.23,22.87,21.42,98.64,56.78,49.52,37.55
449.46,35.28,21.23,22.87,21.42,98.64,56.78,49.52,37.55
449.47,35.28,21.26,22.87,21.42,99.02,56.78,49.52,37.55
449.48,35.28,21.23,22.87,21.42,98.64,56.78,49.52,37.55
449.49,35.28,21.23,22.87,21.42,98.64,56.64,49.52,37.55
449.50,35.34,21.26,22.87,21.42,99.02,56.64,49.52,37.55
449.51,35.28,21.23,22.87,21.42,98.64,56.78,49.52,37.55
449.52,35.28,21.23,22.87,21.42,98.64,56.78,49.52,37.55
449.53,35.28,21.23,22.87,21.39,98.64,56.78,49.52,37.55
449.54,35.28,21.23,22.87,21.42,98.64,56.78,49.52,37.55
449.55,35.21,21.23,22.87,21.42,98.64,56.64,49.52,37.55
449.56,35.28,21.23,22.87,21.42,98.64,56.78,49.52,37.55
449.57,35.34,21.26,22.87,21.42,99.02,56.78,49.52,37.55
449.58,35.28,21.26,22.87,21.42,98.64,56.64,49.52,37.55
449.59,35.21,21.23,22.87,21.42,98.64,56.78,49.41,37.55
449.60,35.28,21.23,22.87,21.39,98.64,56.64,49.52,37.55
449.61,35.28,21.23,22.87,21.42,98.64,56.78,49.52,37.55
449.62,35.34,21.26,22.90,21.42,98.64,56.78,49.52,37.55
449.63,35.28,21.26,22.87,21.42,98.64,56.64,49.52,37.55
449.64,35.21,21.23,22.87,21.42,98.64,56.64,49.52,37.55
449.65,35.28,21.26,22.87,21.42,98.64,56.92,49.52,37.55
449.66,35.28,21.26,22.87,21.42,98.64,56.78,49.64,37.55
449.67,35.34,21.26,22.87,21.42,98.64,56.78,49.52,37.55
449.68,35.34,21.26,22.87,21.42,98.64,56.78,49.52,37.55
449.69,35.28,21.23,22.87,21.42,98.64,56.64,49.52,37.55
449.70,35.34,21.23,22.87,21.42,98.64,56.78,49.52,37.55
449.71,35.28,21.26,22.87,21.42,98.64,56.78,49.52,37.55
449.72,35.28,21.23,22.90,21.42,98.64,56.78,49.52,37.55
449.73,35.28,21.26,22.87,21.42,98.64,56.64,49.52,37.55
449.74,35.28,21.23,22.87,21.42,98.64,56.64,49.52,37.55
449.75,35.34,21.23,22.87,21.42,98.64,56.78,49.41,37.62
449.76,35.28,21.23,22.87,21.42,99.02,56.78,49.52,37.55
449.77,35.28,21.23,22.87,21.42,98.64,56.64,49.52,37.55
449.78,35.34,21.23,22.87,21.42,98.64,56.64,49.52,37.55
449.79,35.28,21.23,22.87,21.42,98.64,56.78,49.52,37.55
449.80,35.28,21.23,22.87,21.42,98.64,56.64,49.52,37.55
449.81,35.28,21.26,22.87,21.42,98.64,56.78,49.52,37.55
449.82,35.28,21.23,22.90,21.42,98.64,56.78,49.52,37.55
449.83,35.28,21.23,22.87,21.42,98.64,56.78,49.52,37.55
449.84,35.28,21.23,22.87,21.42,98.64,56.64,49.41,37.55
449.85,35.28,21.23,22.87,21.42,98.64,56.64,49.52,37.55
449.86,35.28,21.23,22.87,21.42,98.64,56.64,49.52,37.55
449.87,35.28,21.23,22.87,21.42,98.64,56.78,49.41,37.55
449.88,35.28,21.23,22.87,21.42,98.64,56.78,49.52,37.55
449.89,35.28,21.23,22.87,21.42,98.64,56.64,49.52,37.55
449.90,35.21,21.23,22.87,21.42,98.64,56.64,49.41,37.55
449.91,35.21,21.23,22.87,21.42,98.64,56.78,49.52,37.55
449.92,35.28,21.23,22.87,21.42,98.64,56.78,49.52,37.62
449.93,35.21,21.19,22.83,21.42,98.64,56.78,49.41,37.55
449.94,35.28,21.23,22.87,21.42,98.64,56.78,49.52,37.55
449.95,35.21,21.23,22.87,21.42,98.64,56.78,49.41,37.55
449.96,35.28,21.23,22.87,21.42,98.64,56.78,49.52,37.55
449.97,35.28,21.23,22.87,21.42,98.64,56.64,49.52,37.55
449.98,35.21,21.23,22.87,21.42,98.64,56.64,49.52,37.55
449.99,35.21,21.19,22.87,21.42,98.64,56.64,49.52,37.55
450.00,35.34,21.19,22.87,21.42,98.64,56.64,49.52,37.55
450.01,35.28,21.23,22.87,21.42,98.64,56.78,49.52,37.55
450.02,35.28,21.26,22.87,21.42,98.64,56.64,49.52,37.55
450.03,35.28,21.23,22.87,21.42,98.64,56.64,49.52,37.55
450.04,35.28,21.19,22.87,21.39,98.64,56.64,49.52,37.55
450.05,35.21,21.23,22.87,21.42,98.64,56.78,49.52,37.55
450.06,35.28,21.23,22.87,21.42,98.64,56.78,49.52,37.62
450.07,35.28,21.23,22.87,21.42,98.64,56.64,49.52,37.55
450.08,35.28,21.23,22.87,21.42,98.64,56.78,49.41,37.55
450.09,35.21,21.23,22.87,21.42,98.64,56.64,49.52,37.55
450.10,35.21,21.23,22.87,21.42,98.64,56.64,49.52,37.55
450.11,35.28,21.23,22.87,21.39,98.64,56.78,49.52,37.62
450.12,35.28,21.23,22.87,21.42,99.02,56.64,49.52,37.55
450.13,35.28,21.23,22.87,21.42,98.64,56.78,49.41,37.55
450.14,35.28,21.23,22.87,21.42,98.64,56.64,49.52,37.55
450.15,35.28,21.23,22.87,21.42,98.64,56.78,49.52,37.55
450.16,35.28,21.23,22.87,21.42,98.64,56.78,49.52,37.62
450.17,35.34,21.23,22.87,21.42,98.64,56.64,49.52,37.55
450.18,35.28,21.23,22.87,21.39,98.64,56.64,49.52,37.55
450.19,35.21,21.23,22.87,21.42,98.64,56.64,49.41,37.55
450.20,35.28,21.23,22.87,21.42,98.64,56.64,49.41,37.55
450.21,35.28,21.23,22.87,21.42,98.64,56.78,49.52,37.62
450.22,35.28,21.23,22.87,21.42,98.64,56.78,49.52,37.55
450.23,35.28,21.19,22.87,21.39,98.64,56.64,49.52,37.55
450.24,35.28,21.23,22.87,21.42,98.64,56.64,49.52,37.55
450.25,35.28,21.23,22.87,21.42,98.64,56.64,49.52,37.62
450.26,35.21,21.23,22.87,21.42,98.64,56.78,49.52,37.55
450.27,35.28,21.26,22.87,21.42,98.64,56.64,49.52,37.55
450.28,35.21,21.23,22.87,21.39,98.64,56.78,49.52,37.55
450.29,35.28,21.19,22.87,21.42,98.64,56.64,49.52,37.55
450.30,35.28,21.19,22.83,21.39,98.64,56.78,49.52,37.55
450.31,35.28,21.26,22.87,21.42,98.64,56.64,49.52,37.55
450.32,35.28,21.19,22.87,21.39,98.64,56.64,49.52,37.55
450.33,35.28,21.23,22.87,21.39,98.64,56.78,49.52,37.55
450.34,35.28,21.26,22.87,21.42,98.64,56.64,49.52,37.55
450.35,35.28,21.23,22.87,21.42,98.64,56.78,49.52,37.55
450.36,35.28,21.23,22.87,21.42,98.64,56.64,49.52,37.55
450.37,35.28,21.23,22.87,21.42,98.64,56.78,49.52,37.55
450.38,35.28,21.23,22.87,21.42,98.64,56.64,49.52,37.55
450.39,35.28,21.23,22.87,21.39,98.64,56.78,49.52,37.55
450.40,35.28,21.23,22.87,21.42,98.64,56.64,49.52,37.55
450.41,35.34,21.23,22.87,21.42,98.64,56.78,49.52,37.55
450.42,35.21,21.23,22.87,21.42,98.64,56.64,49.52,37.55
450.43,35.21,21.19,22.87,21.42,98.64,56.64,49.52,37.55
450.44,35.21,21.23,22.87,21.42,98.64,56.64,49.52,37.55
450.45,35.28,21.23,22.87,21.39,98.64,56.64,49.52,37.55
450.46,35.34,21.23,22.87,21.42,98.64,56.64,49.52,37.55
450.47,35.28,21.26,22.87,21.42,98.64,56.78,49.52,37.55
450.48,35.34,21.23,22.87,21.42,98.64,56.64,49.52,37.55
450.49,35.34,21.23,22.87,21.42,98.64,56.78,49.41,37.55
450.50,35.21,21.23,22.87,21.42,98.64,56.64,49.41,37.55
450.51,35.28,21.23,22.87,21.42,98.64,56.78,49.52,37.55
450.52,35.34,21.23,22.87,21.42,98.64,56.64,49.52,37.55
450.53,35.21,21.23,22.87,21.42,98.64,56.64,49.52,37.55
450.54,35.28,21.23,22.87,21.42,98.64,56.64,49.52,37.55
450.55,35.21,21.23,22.87,21.42,98.26,56.64,49.41,37.55
450.56,35.28,21.23,22.87,21.39,98.64,56.78,49.52,37.55
450.57,35.34,21.23,22.87,21.42,98.64,56.78,49.52,37.62
450.58,35.15,21.23,22.87,21.42,98.64,56.64,49.52,37.55
450.59,35.21,21.23,22.87,21.42,98.64,56.78,49.52,37.55
450.60,35.28,21.23,22.87,21.42,98.64,56.64,49.52,37.55
450.61,35.34,21.23,22.87,21.42,98.64,56.64,49.52,37.55
450.62,35.34,21.26,22.87,21.42,98.64,56.78,49.52,37.55
450.63,35.28,21.23,22.87,21.42,98.64,56.78,49.52,37.55
450.64,35.34,21.23,22.87,21.42,99.02,56.64,49.52,37.48
450.65,35.34,21.23,22.87,21.42,98.26,56.64,49.41,37.55
450.66,35.28,21.23,22.87,21.42,98.64,56.78,49.52,37.55
450.67,35.34,21.23,22.87,21.42,98.64,56.64,49.52,37.55
450.68,35.28,21.23,22.87,21.42,98.64,56.64,49.41,37.55
450.69,35.21,21.23,22.87,21.42,98.64,56.64,49.52,37.55
450.70,35.28,21.23,22.87,21.42,98.64,56.64,49.52,37.62
450.71,35.28,21.23,22.87,21.42,98.64,56.78,49.52,37.55
450.72,35.28,21.23,22.87,21.42,98.64,56.78,49.52,37.55
450.73,35.28,21.23,22.87,21.39,98.64,56.64,49.52,37.55
450.74,35.28,21.23,22.87,21.42,98.64,56.78,49.52,37.62
450.75,35.28,21.23,22.87,21.42,98.64,56.78,49.52,37.55
450.76,35.28,21.26,22.90,21.42,98.64,56.78,49.52,37.62
450.77,35.28,21.26,22.87,21.42,98.64,56.78,49.52,37.55
450.78,35.28,21.23,22.87,21.42,98.64,56.78,49.41,37.55
450.79,35.21,21.23,22.87,21.42,98.64,56.64,49.52,37.55
450.80,35.28,21.23,22.87,21.42,98.64,56.64,49.52,37.55
450.81,35.28,21.23,22.87,21.42,98.64,56.78,49.41,37.62
450.82,35.28,21.26,22.87,21.42,98.64,56.64,49.52,37.55
450.83,35.28,21.23,22.87,21.42,99.02,56.64,49.52,37.55
450.84,35.21,21.23,22.83,21.42,98.64,56.64,49.52,37.55
450.85,35.21,21.23,22.87,21.42,98.64,56.78,49.41,37.55
450.86,35.28,21.23,22.87,21.42,98.64,56.64,49.52,37.55
450.87,35.28,21.23,22.90,21.42,98.64,56.64,49.52,37.55
450.88,35.21,21.23,22.87,21.42,98.64,56.78,49.52,37.55
450.89,35.28,21.23,22.87,21.42,98.64,56.64,49.41,37.55
450.90,35.34,21.23,22.87,21.42,98.64,56.64,49.52,37.55
450.91,35.34,21.23,22.90,21.42,98.64,56.78,49.52,37.55
450.92,35.28,21.23,22.87,21.42,98.64,56.78,49.52,37.55
450.93,35.28,21.23,22.87,21.42,98.64,56.78,49.52,37.55
450.94,35.28,21.23,22.87,21.42,98.64,56.64,49.41,37.55
450.95,35.28,21.23,22.87,21.42,98.64,56.78,49.52,37.62
450.96,35.28,21.23,22.87,21.42,98.64,56.78,49.52,37.55
450.97,35.34,21.26,22.87,21.42,98.64,56.64,49.52,37.55
450.98,35.28,21.23,22.87,21.42,98.64,56.64,49.52,37.55
450.99,35.21,21.23,22.87,21.42,98.64,56.78,49.52,37.55
451.00,35.28,21.23,22.87,21.42,98.64,56.64,49.52,37.62
451.01,35.28,21.23,22.90,21.42,98.64,56.78,49.52,37.55
451.02,35.34,21.26,22.87,21.42,98.64,56.78,49.52,37.55
451.03,35.28,21.23,22.87,21.42,98.64,56.64,49.52,37.55
451.04,35.34,21.23,22.87,21.42,98.64,56.78,49.52,37.55
451.05,35.28,21.23,22.87,21.42,98.64,56.78,49.52,37.55
451.06,35.28,21.26,22.90,21.42,98.64,56.64,49.52,37.55
451.07,35.28,21.23,22.87,21.42,98.64,56.64,49.52,37.55
451.08,35.28,21.23,22.87,21.42,98.64,56.78,49.52,37.55
451.09,35.28,21.23,22.87,21.42,98.64,56.64,49.52,37.62
451.10,35.28,21.23,22.87,21.42,98.64,56.78,49.52,37.55
451.11,35.28,21.23,22.87,21.42,98.64,56.64,49.52,37.55
451.12,35.28,21.26,22.87,21.42,98.64,56.64,49.52,37.55
451.13,35.28,21.23,22.87,21.42,98.64,56.64,49.52,37.62
451.14,35.21,21.23,22.87,21.42,98.64,56.78,49.52,37.55
451.15,35.21,21.23,22.87,21.42,98.64,56.78,49.52,37.55
451.16,35.34,21.26,22.87,21.42,98.64,56.78,49.52,37.62
451.17,35.28,21.23,22.87,21.42,98.64,56.78,49.52,37.55
451.18,35.28,21.23,22.87,21.42,98.64,56.78,49.52,37.62
451.19,35.28,21.23,22.87,21.46,99.02,56.78,49.52,37.55
451.20,35.28,21.23,22.87,21.42,98.64,56.78,49.52,37.55
451.21,35.28,21.26,22.87,21.42,99.02,56.78,49.52,37.55
451.22,35.34,21.23,22.87,21.42,98.64,56.78,49.52,37.55
451.23,35.21,21.23,22.87,21.42,98.64,56.64,49.52,37.55
451.24,35.28,21.23,22.87,21.42,98.64,56.78,49.52,37.62
451.25,35.28,21.23,22.87,21.42,98.64,56.78,49.52,37.62
451.26,35.28,21.26,22.87,21.42,98.64,56.64,49.52,37.62
451.27,35.28,21.23,22.90,21.42,98.64,56.78,49.52,37.62
451.28,35.28,21.23,22.87,21.42,98.64,56.78,49.52,37.55
451.29,35.34,21.23,22.87,21.42,98.64,56.64,49.52,37.55
451.30,35.34,21.23,22.87,21.42,98.64,56.78,49.52,37.55
451.31,35.34,21.23,22.87,21.42,98.64,56.78,49.52,37.55
451.32,35.28,21.23,22.87,21.42,98.64,56.78,49.52,37.62
451.33,35.21,21.23,22.87,21.42,98.64,56.64,49.52,37.55
451.34,35.21,21.23,22.87,21.42,98.64,56.64,49.52,37.55
451.35,35.28,21.23,22.87,21.42,98.64,56.64,49.52,37.62
451.36,35.34,21.23,22.90,21.42,98.64,56.78,49.52,37.62
451.37,35.28,21.23,22.87,21.42,98.64,56.78,49.52,37.55
451.38,35.28,21.23,22.87,21.42,98.64,56.64,49.52,37.55
451.39,35.28,21.23,22.87,21.42,98.64,56.64,49.52,37.55
451.40,35.34,21.23,22.87,21.42,98.64,56.78,49.52,37.55
451.41,35.28,21.26,22.87,21.42,99.02,56.78,49.52,37.62
451.42,35.28,21.23,22.87,21.42,99.02,56.78,49.52,37.55
451.43,35.28,21.23,22.87,21.42,98.64,56.64,49.52,37.62
451.44,35.28,21.23,22.87,21.42,98.64,56.78,49.52,37.62
451.45,35.28,21.23,22.87,21.42,98.64,56.64,49.52,37.55
451.46,35.34,21.26,22.90,21.42,98.64,56.78,49.52,37.62
451.47,35.34,21.26,22.87,21.42,98.64,56.64,49.52,37.62
451.48,35.28,21.23,22.87,21.39,98.64,56.78,49.52,37.62
451.49,35.28,21.23,22.87,21.42,98.64,56.64,49.52,37.62
451.50,35.28,21.26,22.90,21.42,98.64,56.78,49.41,37.55
451.51,35.28,21.26,22.87,21.42,98.64,56.78,49.52,37.55
451.52,35.28,21.26,22.87,21.42,98.64,56.78,49.52,37.55
451.53,35.34,21.23,22.87,21.42,98.64,56.64,49.52,37.55
451.54,35.34,21.23,22.87,21.42,98.64,56.64,49.52,37.55
451.55,35.28,21.26,22.87,21.42,98.64,56.64,49.52,37.62
451.56,35.28,21.23,22.90,21.42,99.02,56.78,49.52,37.62
451.57,35.28,21.26,22.87,21.46,99.02,56.78,49.52,37.55
451.58,35.28,21.23,22.87,21.39,98.64,56.64,49.41,37.55
451.59,35.28,21.23,22.87,21.42,98.64,56.64,49.52,37.55
451.60,35.28,21.23,22.87,21.42,98.64,56.64,49.52,37.62
451.61,35.28,21.26,22.87,21.42,99.02,56.78,49.52,37.55
451.62,35.28,21.23,22.90,21.42,98.64,56.78,49.52,37.55
451.63,35.28,21.23,22.87,21.42,98.64,56.78,49.52,37.62
451.64,35.28,21.23,22.87,21.42,98.64,56.64,49.52,37.55
451.65,35.21,21.23,22.87,21.42,98.64,56.78,49.52,37.62
451.66,35.34,21.26,22.87,21.42,98.64,56.50,49.52,37.55
451.67,35.34,21.23,22.87,21.42,98.64,56.78,49.52,37.62
451.68,35.28,21.23,22.87,21.42,98.64,56.64,49.52,37.62
451.69,35.28,21.23,22.87,21.42,98.64,56.78,49.52,37.55
451.70,35.34,21.23,22.87,21.42,98.64,56.64,49.52,37.62
451.71,35.34,21.23,22.90,21.42,98.64,56.78,49.52,37.55
451.72,35.28,21.26,22.90,21.42,98.64,56.64,49.52,37.62
451.73,35.28,21.26,22.87,21.42,99.02,56.64,49.52,37.55
451.74,35.28,21.23,22.87,21.42,98.64,56.78,49.52,37.55
451.75,35.28,21.23,22.87,21.42,98.64,56.64,49.52,37.55
451.76,35.28,21.23,22.90,21.42,98.64,56.78,49.52,37.55
451.77,35.28,21.23,22.90,21.42,99.02,56.78,49.52,37.55
451.78,35.34,21.23,22.87,21.42,98.64,56.78,49.52,37.62
451.79,35.21,21.23,22.87,21.42,98.64,56.64,49.52,37.55
451.80,35.34,21.26,22.87,21.42,99.02,56.78,49.52,37.55
451.81,35.34,21.26,22.87,21.42,99.02,56.78,49.52,37.55
451.82,35.28,21.26,22.90,21.42,98.64,56.64,49.52,37.55
451.83,35.34,21.23,22.87,21.42,98.64,56.78,49.64,37.55
451.84,35.28,21.23,22.83,21.42,98.64,56.64,49.52,37.55
451.85,35.34,21.26,22.87,21.42,99.02,56.64,49.52,37.62
451.86,35.28,21.26,22.90,21.42,98.64,56.78,49.52,37.55
451.87,35.34,21.26,22.90,21.42,99.02,56.78,49.52,37.62
451.88,35.28,21.23,22.87,21.42,99.02,56.64,49.52,37.62
451.89,35.21,21.23,22.87,21.42,98.26,56.78,49.52,37.55
451.90,35.28,21.23,22.87,21.42,99.02,56.78,49.52,37.62
451.91,35.28,21.23,22.87,21.42,98.26,56.78,49.52,37.62
451.92,35.28,21.26,22.87,21.42,98.64,56.64,49.64,37.55
451.93,35.28,21.23,22.87,21.42,98.64,56.64,49.52,37.55
451.94,35.28,21.23,22.87,21.42,98.64,56.78,49.41,37.62
451.95,35.28,21.26,22.87,21.42,98.64,56.78,49.52,37.55
451.96,35.34,21.23,22.87,21.42,98.64,56.78,49.52,37.62
451.97,35.34,21.26,22.87,21.42,99.02,56.78,49.52,37.55
451.98,35.28,21.26,22.87,21.42,98.64,56.78,49.52,37.62
451.99,35.21,21.23,22.87,21.42,98.64,56.64,49.52,37.55
452.00,35.34,21.26,22.87,21.42,99.02,56.78,49.52,37.55
452.01,35.28,21.23,22.87,21.42,98.64,56.92,49.52,37.62
452.02,35.28,21.23,22.87,21.39,98.64,56.78,49.52,37.55
452.03,35.28,21.23,22.87,21.42,98.64,56.64,49.52,37.62
452.04,35.28,21.23,22.87,21.42,99.02,56.64,49.52,37.62
452.05,35.28,21.23,22.87,21.42,98.64,56.78,49.52,37.55
452.06,35.28,21.23,22.87,21.42,98.64,56.78,49.52,37.62
452.07,35.28,21.26,22.87,21.42,98.64,56.78,49.52,37.62
452.08,35.21,21.23,22.87,21.42,98.64,56.64,49.52,37.55
452.09,35.21,21.23,22.87,21.42,98.64,56.64,49.52,37.62
452.10,35.21,21.23,22.87,21.42,98.64,56.78,49.52,37.55
452.11,35.28,21.23,22.87,21.42,98.64,56.64,49.52,37.62
452.12,35.28,21.23,22.87,21.42,98.64,56.78,49.52,37.55
452.13,35.21,21.23,22.87,21.42,98.64,56.64,49.52,37.62
452.14,35.28,21.19,22.87,21.42,98.64,56.78,49.52,37.55
452.15,35.28,21.23,22.87,21.42,98.64,56.78,49.52,37.55
452.16,35.28,21.26,22.90,21.42,98.64,56.78,49.52,37.55
452.17,35.28,21.23,22.87,21.42,98.64,56.78,49.52,37.62
452.18,35.28,21.23,22.87,21.42,98.64,56.78,49.52,37.62
452.19,35.28,21.23,22.87,21.42,98.64,56.78,49.52,37.62
452.20,35.28,21.26,22.87,21.42,98.64,56.78,49.52,37.62
452.21,35.28,21.23,22.90,21.42,98.64,56.78,49.52,37.62
452.22,35.34,21.26,22.90,21.42,98.64,56.64,49.52,37.55
452.23,35.28,21.23,22.87,21.42,98.64,56.78,49.52,37.62
452.24,35.28,21.23,22.87,21.42,98.64,56.78,49.52,37.62
452.25,35.28,21.23,22.87,21.42,98.64,56.78,49.52,37.62
452.26,35.28,21.23,22.87,21.42,98.64,56.64,49.52,37.62
452.27,35.28,21.26,22.87,21.42,98.64,56.78,49.52,37.62
452.28,35.28,21.23,22.87,21.42,98.64,56.64,49.41,37.62
452.29,35.21,21.23,22.87,21.42,98.64,56.64,49.52,37.62
452.30,35.28,21.23,22.87,21.42,98.64,56.78,49.52,37.62
452.31,35.34,21.23,22.87,21.42,98.64,56.78,49.52,37.62
452.32,35.28,21.26,22.87,21.42,98.64,56.78,49.52,37.62
452.33,35.21,21.23,22.87,21.42,98.64,56.78,49.52,37.62
452.34,35.28,21.23,22.87,21.42,98.64,56.78,49.52,37.62
452.35,35.21,21.23,22.87,21.42,98.64,56.78,49.52,37.62
452.36,35.28,21.23,22.87,21.42,99.02,56.64,49.52,37.62
452.37,35.28,21.26,22.87,21.42,98.64,56.78,49.52,37.62
452.38,35.21,21.23,22.90,21.42,98.64,56.64,49.52,37.62
452.39,35.21,21.23,22.87,21.42,98.64,56.78,49.41,37.62
452.40,35.28,21.23,22.87,21.42,98.64,56.78,49.52,37.55
452.41,35.28,21.23,22.87,21.42,99.02,56.78,49.52,37.62
452.42,35.28,21.23,22.87,21.42,98.64,56.78,49.52,37.62
452.43,35.28,21.23,22.87,21.42,98.64,56.78,49.52,37.62
452.44,35.28,21.23,22.87,21.42,98.64,56.78,49.52,37.62
452.45,35.21,21.23,22.87,21.42,98.64,56.78,49.52,37.62
452.46,35.28,21.26,22.87,21.42,98.64,56.78,49.52,37.62
452.47,35.28,21.23,22.87,21.42,98.64,56.78,49.52,37.62
452.48,35.28,21.23,22.87,21.42,98.64,56.78,49.52,37.55
452.49,35.21,21.23,22.87,21.42,98.64,56.64,49.52,37.62
452.50,35.28,21.23,22.87,21.42,99.02,56.78,49.52,37.55
452.51,35.28,21.23,22.87,21.42,98.64,56.78,49.52,37.62
452.52,35.34,21.23,22.87,21.42,98.64,56.78,49.52,37.55
452.53,35.28,21.23,22.87,21.42,98.64,56.64,49.52,37.55
452.54,35.28,21.23,22.87,21.42,98.64,56.78,49.52,37.62
452.55,35.21,21.23,22.87,21.42,98.64,56.64,49.64,37.55
452.56,35.28,21.23,22.90,21.42,98.64,56.78,49.52,37.62
452.57,35.28,21.23,22.90,21.42,99.02,56.78,49.52,37.62
452.58,35.21,21.23,22.87,21.42,98.64,56.64,49.52,37.62
452.59,35.28,21.23,22.87,21.42,98.64,56.64,49.52,37.55
452.60,35.21,21.23,22.87,21.42,98.64,56.78,49.52,37.62
452.61,35.34,21.23,22.90,21.42,98.64,56.78,49.52,37.62
452.62,35.28,21.26,22.87,21.42,98.64,56.64,49.52,37.62
452.63,35.28,21.23,22.87,21.42,98.64,56.64,49.52,37.62
452.64,35.28,21.23,22.87,21.42,98.64,56.78,49.52,37.55
452.65,35.28,21.23,22.87,21.42,98.64,56.64,49.52,37.62
452.66,35.28,21.26,22.90,21.42,98.64,56.78,49.52,37.62
452.67,35.34,21.23,22.87,21.46,98.64,56.78,49.52,37.62
452.68,35.28,21.23,22.87,21.42,98.64,56.64,49.52,37.62
452.69,35.28,21.23,22.87,21.42,98.64,56.64,49.52,37.62
452.70,35.34,21.23,22.87,21.42,98.64,56.78,49.64,37.62
452.71,35.28,21.26,22.90,21.42,98.64,56.78,49.64,37.62
452.72,35.28,21.23,22.87,21.42,98.64,56.64,49.52,37.62
452.73,35.28,21.23,22.87,21.42,98.64,56.64,49.52,37.62
452.74,35.28,21.23,22.87,21.42,98.64,56.64,49.52,37.62
452.75,35.28,21.23,22.87,21.42,99.02,56.78,49.52,37.62
452.76,35.41,21.26,22.90,21.42,99.02,56.78,49.52,37.62
452.77,35.28,21.26,22.90,21.42,99.02,56.78,49.52,37.62
452.78,35.21,21.26,22.87,21.42,98.64,56.64,49.52,37.62
452.79,35.21,21.23,22.87,21.42,98.64,56.64,49.52,37.62
452.80,35.28,21.23,22.90,21.42,98.64,56.78,49.52,37.62
452.81,35.28,21.26,22.90,21.46,98.64,56.64,49.52,37.62
452.82,35.34,21.23,22.87,21.39,98.64,56.64,49.52,37.55
452.83,35.28,21.23,22.87,21.42,98.64,56.78,49.52,37.62
452.84,35.28,21.23,22.87,21.42,98.64,56.78,49.41,37.62
452.85,35.28,21.23,22.87,21.42,98.64,56.64,49.52,37.62
452.86,35.28,21.23,22.87,21.42,98.64,56.78,49.52,37.62
452.87,35.28,21.23,22.90,21.42,98.64,56.64,49.52,37.62
452.88,35.28,21.23,22.87,21.42,98.64,56.78,49.52,37.62
452.89,35.28,21.23,22.87,21.42,98.64,56.64,49.52,37.62
452.90,35.21,21.23,22.87,21.42,98.64,56.78,49.64,37.55
452.91,35.28,21.26,22.90,21.42,98.64,56.92,49.52,37.70
452.92,35.28,21.23,22.90,21.46,98.64,56.64,49.52,37.55
452.93,35.28,21.23,22.87,21.42,98.64,56.64,49.52,37.77
452.94,35.28,21.23,22.87,21.42,98.64,56.78,49.52,37.55
452.95,35.28,21.23,22.87,21.42,98.64,56.78,49.52,37.62
452.96,35.28,21.26,22.90,21.42,98.64,56.78,49.52,37.62
452.97,35.28,21.26,22.87,21.42,98.64,56.64,49.52,37.62
452.98,35.21,21.23,22.87,21.46,98.64,56.64,49.52,37.62
452.99,35.21,21.23,22.87,21.42,98.64,56.64,49.52,37.62
453.00,35.21,21.23,22.87,21.42,98.64,56.64,49.52,37.55
453.01,35.28,21.23,22.87,21.42,98.64,56.78,49.52,37.62
453.02,35.34,21.26,22.90,21.42,98.64,56.78,49.52,37.62
453.03,35.28,21.26,22.87,21.42,98.64,56.64,49.52,37.62
453.04,35.28,21.23,22.87,21.42,98.64,56.78,49.52,37.62
453.05,35.21,21.23,22.87,21.42,98.64,56.64,49.52,37.62
453.06,35.28,21.26,22.90,21.42,99.02,56.78,49.52,37.62
453.07,35.28,21.23,22.87,21.42,98.64,56.78,49.52,37.62
453.08,35.28,21.23,22.90,21.42,98.64,56.78,49.52,37.62
453.09,35.28,21.23,22.87,21.42,98.64,56.64,49.52,37.62
453.10,35.28,21.23,22.87,21.42,98.64,56.78,49.52,37.62
453.11,35.34,21.26,22.90,21.42,99.02,56.78,49.52,37.55
453.12,35.28,21.26,22.87,21.42,98.64,56.78,49.64,37.62
453.13,35.28,21.26,22.87,21.42,98.64,56.64,49.52,37.62
453.14,35.28,21.23,22.87,21.42,98.64,56.64,49.52,37.62
453.15,35.28,21.23,22.90,21.42,99.02,56.78,49.41,37.62
453.16,35.28,21.26,22.90,21.42,99.02,56.78,49.52,37.62
453.17,35.34,21.26,22.90,21.42,98.64,56.78,49.41,37.62
453.18,35.28,21.23,22.87,21.42,98.64,56.78,49.75,37.62
453.19,35.28,21.23,22.87,21.42,98.64,56.64,49.52,37.62
453.20,35.34,21.23,22.87,21.42,98.64,56.78,49.52,37.62
453.21,35.28,21.26,22.90,21.42,98.64,56.78,49.52,37.62
453.22,35.28,21.26,22.90,21.42,98.64,56.78,49.52,37.62
453.23,35.28,21.23,22.90,21.42,98.64,56.64,49.52,37.62
453.24,35.28,21.23,22.87,21.42,98.64,56.78,49.52,37.62
453.25,35.34,21.23,22.90,21.42,99.02,56.78,49.64,37.62
453.26,35.28,21.26,22.90,21.42,98.64,56.78,49.52,37.62
453.27,35.28,21.26,22.90,21.46,98.64,56.78,49.52,37.62
453.28,35.21,21.23,22.87,21.42,99.02,56.78,49.52,37.62
453.29,35.28,21.23,22.87,21.42,98.64,56.78,49.52,37.62
453.30,35.28,21.23,22.87,21.46,99.02,56.78,49.52,37.62
453.31,35.34,21.26,22.90,21.42,98.64,56.78,49.52,37.62
453.32,35.34,21.23,22.90,21.46,98.64,56.78,49.52,37.62
453.33,35.34,21.23,22.87,21.42,98.64,56.78,49.52,37.62
453.34,35.28,21.23,22.87,21.42,98.64,56.78,49.52,37.62
453.35,35.28,21.23,22.87,21.46,98.64,56.78,49.52,37.62
453.36,35.28,21.26,22.87,21.42,99.02,56.78,49.52,37.62
453.37,35.28,21.26,22.90,21.42,99.02,56.78,49.52,37.62
453.38,35.28,21.23,22.87,21.42,98.64,56.78,49.52,37.62
453.39,35.21,21.23,22.87,21.42,99.02,56.64,49.52,37.62
453.40,35.28,21.23,22.87,21.42,98.64,56.78,49.52,37.62
453.41,35.28,21.26,22.90,21.42,98.64,56.78,49.64,37.62
453.42,35.28,21.23,22.87,21.42,98.64,56.78,49.52,37.62
453.43,35.21,21.23,22.87,21.42,98.64,56.64,49.64,37.62
453.44,35.21,21.23,22.87,21.42,98.64,56.78,49.52,37.62
453.45,35.28,21.23,22.87,21.42,98.64,56.78,49.52,37.62
453.46,35.28,21.26,22.90,21.42,99.02,56.78,49.52,37.62
453.47,35.28,21.26,22.90,21.42,99.02,56.78,49.41,37.55
453.48,35.34,21.23,22.87,21.42,98.64,56.78,49.52,37.62
453.49,35.34,21.23,22.87,21.42,98.64,56.78,49.52,37.62
453.50,35.28,21.26,22.87,21.42,98.64,56.78,49.52,37.62
453.51,35.28,21.26,22.90,21.42,99.02,56.78,49.52,37.62
453.52,35.28,21.26,22.87,21.42,99.02,56.78,49.52,37.62
453.53,35.21,21.23,22.87,21.42,98.64,56.78,49.52,37.62
453.54,35.34,21.23,22.87,21.42,99.02,56.78,49.52,37.62
453.55,35.28,21.23,22.87,21.42,98.64,56.78,49.52,37.62
453.56,35.28,21.26,22.90,21.42,99.02,56.78,49.52,37.62
453.57,35.28,21.26,22.87,21.42,99.02,56.78,49.52,37.62
453.58,35.28,21.23,22.87,21.42,99.02,56.78,49.52,37.62
453.59,35.28,21.23,22.87,21.42,98.64,56.78,49.52,37.62
453.60,35.28,21.26,22.87,21.42,99.02,56.78,49.64,37.62
453.61,35.28,21.26,22.90,21.42,99.02,56.64,49.64,37.62
453.62,35.28,21.26,22.90,21.42,98.64,56.64,49.52,37.62
453.63,35.28,21.23,22.90,21.42,98.64,56.78,49.52,37.62
453.64,35.28,21.23,22.90,21.42,98.64,56.78,49.52,37.62
453.65,35.28,21.23,22.90,21.42,98.64,56.78,49.52,37.62
453.66,35.28,21.26,22.90,21.42,98.64,56.78,49.52,37.62
453.67,35.28,21.26,22.90,21.42,99.02,56.78,49.52,37.62
453.68,35.34,21.23,22.87,21.42,98.64,56.78,49.52,37.62
453.69,35.21,21.23,22.87,21.42,98.64,56.78,49.52,37.62
453.70,35.28,21.26,22.90,21.42,99.02,56.78,49.52,37.62
453.71,35.28,21.26,22.90,21.42,99.02,56.78,49.52,37.62
453.72,35.28,21.26,22.90,21.42,98.64,56.64,49.52,37.62
453.73,35.28,21.23,22.87,21.42,98.64,56.64,49.52,37.70
453.74,35.28,21.26,22.87,21.39,98.64,56.78,49.52,37.62
453.75,35.34,21.26,22.90,21.42,98.64,56.64,49.52,37.55
453.76,35.28,21.26,22.90,21.42,98.64,56.78,49.52,37.62
453.77,35.34,21.26,22.90,21.42,98.64,56.78,49.52,37.62
453.78,35.28,21.23,22.87,21.42,98.64,56.78,49.52,37.62
453.79,35.28,21.23,22.87,21.42,98.64,56.78,49.52,37.62
453.80,35.28,21.26,22.90,21.42,98.64,56.78,49.52,37.62
453.81,35.34,21.23,22.90,21.42,99.02,56.78,49.52,37.62
453.82,35.34,21.23,22.90,21.42,98.64,56.78,49.52,37.62
453.83,35.28,21.23,22.87,21.42,98.64,56.78,49.52,37.62
453.84,35.28,21.23,22.87,21.42,98.64,56.78,49.64,37.62
453.85,35.28,21.26,22.87,21.46,99.02,56.78,49.52,37.62
453.86,35.34,21.26,22.90,21.42,99.02,56.92,49.52,37.62
453.87,35.34,21.23,22.90,21.42,99.02,56.78,49.52,37.62
453.88,35.28,21.23,22.87,21.42,98.64,56.78,49.52,37.62
453.89,35.34,21.23,22.87,21.42,98.64,56.78,49.52,37.62
453.90,35.34,21.26,22.87,21.42,98.64,56.78,49.64,37.62
453.91,35.28,21.26,22.90,21.42,98.64,56.78,49.52,37.62
453.92,35.34,21.26,22.87,21.42,98.64,56.78,49.52,37.55
453.93,35.28,21.26,22.87,21.42,98.64,56.78,49.52,37.62
453.94,35.21,21.23,22.87,21.46,98.64,56.78,49.52,37.62
453.95,35.34,21.23,22.87,21.42,98.64,56.78,49.52,37.55
453.96,35.28,21.26,22.90,21.42,99.02,56.78,49.52,37.62
453.97,35.34,21.26,22.90,21.42,98.64,56.78,49.52,37.62
453.98,35.28,21.23,22.87,21.42,98.64,56.78,49.52,37.62
453.99,35.28,21.23,22.90,21.42,98.64,56.78,49.52,37.62
454.00,35.28,21.26,22.90,21.42,98.64,56.78,49.52,37.62
454.01,35.28,21.26,22.90,21.42,98.64,56.78,49.52,37.62
454.02,35.28,21.23,22.90,21.42,98.64,56.78,49.52,37.62
454.03,35.28,21.26,22.87,21.42,98.64,56.64,49.52,37.70
454.04,35.21,21.26,22.87,21.42,98.64,56.64,49.52,37.62
454.05,35.28,21.23,22.87,21.42,99.02,56.78,49.52,37.70
454.06,35.34,21.29,22.90,21.46,98.64,56.78,49.52,37.62
454.07,35.28,21.23,22.90,21.42,98.64,56.78,49.52,37.62
454.08,35.21,21.26,22.90,21.39,98.64,56.78,49.52,37.62
454.09,35.21,21.23,22.87,21.42,99.02,56.78,49.52,37.62
454.10,35.28,21.23,22.87,21.42,98.64,56.78,49.64,37.62
454.11,35.34,21.26,22.90,21.42,98.64,56.78,49.52,37.62
454.12,35.28,21.26,22.90,21.42,99.02,56.78,49.52,37.62
454.13,35.28,21.23,22.87,21.42,98.64,56.78,49.52,37.62
454.14,35.34,21.26,22.87,21.42,98.64,56.92,49.30,37.62
454.15,35.28,21.23,22.90,21.42,98.64,56.64,49.52,37.62
454.16,35.28,21.26,22.90,21.42,99.02,56.92,49.52,37.62
454.17,35.28,21.26,22.90,21.42,99.02,56.64,49.52,37.48
454.18,35.21,21.23,22.87,21.42,98.64,56.78,49.52,37.62
454.19,35.28,21.23,22.87,21.42,98.64,56.64,49.52,37.62
454.20,35.28,21.23,22.87,21.42,98.26,56.78,49.52,37.62
454.21,35.28,21.26,22.90,21.42,98.64,56.78,49.52,37.62
454.22,35.34,21.26,22.90,21.42,98.64,56.64,49.52,37.62
454.23,35.28,21.23,22.87,21.42,98.64,56.78,49.52,37.62
454.24,35.28,21.23,22.87,21.42,98.64,56.78,49.52,37.62
454.25,35.34,21.23,22.87,21.42,98.64,56.78,49.52,37.62
454.26,35.28,21.26,22.90,21.42,98.64,56.78,49.52,37.62
454.27,35.28,21.23,22.87,21.42,98.64,56.64,49.52,37.62
454.28,35.21,21.23,22.87,21.42,98.64,56.78,49.52,37.62
454.29,35.28,21.23,22.87,21.42,98.64,56.78,49.41,37.62
454.30,35.28,21.26,22.87,21.42,98.64,56.78,49.52,37.62
454.31,35.34,21.26,22.90,21.42,98.64,56.78,49.52,37.62
454.32,35.41,21.23,22.90,21.42,98.64,56.78,49.52,37.62
454.33,35.28,21.23,22.87,21.42,98.64,56.78,49.52,37.62
454.34,35.28,21.23,22.87,21.42,98.64,56.78,49.52,37.62
454.35,35.28,21.23,22.87,21.42,98.64,56.78,49.52,37.62
454.36,35.28,21.23,22.90,21.42,98.64,56.78,49.52,37.62
454.37,35.28,21.26,22.87,21.42,98.64,56.78,49.52,37.62
454.38,35.28,21.23,22.87,21.42,98.64,56.64,49.52,37.62
454.39,35.21,21.23,22.87,21.42,99.02,56.64,49.52,37.62
454.40,35.28,21.23,22.90,21.42,98.64,56.78,49.52,37.62
454.41,35.34,21.26,22.90,21.42,99.02,56.78,49.64,37.70
454.42,35.28,21.23,22.87,21.39,98.64,56.64,49.41,37.62
454.43,35.28,21.23,22.87,21.42,98.64,56.78,49.41,37.62
454.44,35.21,21.23,22.87,21.42,98.64,56.64,49.52,37.62
454.45,35.28,21.26,22.87,21.42,98.64,56.78,49.52,37.62
454.46,35.28,21.26,22.90,21.42,99.02,56.78,49.52,37.62
454.47,35.28,21.23,22.90,21.42,98.64,56.78,49.52,37.62
454.48,35.28,21.23,22.87,21.42,98.64,56.64,49.52,37.55
454.49,35.41,21.23,22.87,21.42,98.64,56.64,49.52,37.62
454.50,35.28,21.23,22.87,21.42,98.64,56.78,49.52,37.62
454.51,35.28,21.26,22.90,21.42,99.02,56.78,49.52,37.62
454.52,35.28,21.23,22.87,21.42,98.64,56.78,49.52,37.62
454.53,35.28,21.23,22.87,21.42,98.64,56.64,49.52,37.62
454.54,35.21,21.23,22.87,21.42,98.64,56.64,49.52,37.62
454.55,35.21,21.23,22.87,21.42,98.64,56.78,49.52,37.62
454.56,35.34,21.26,22.87,21.42,98.64,56.64,49.52,37.62
454.57,35.34,21.23,22.87,21.42,98.64,56.78,49.52,37.62
454.58,35.21,21.23,22.87,21.42,98.64,56.64,49.52,37.62
454.59,35.21,21.23,22.87,21.42,98.64,56.64,49.52,37.62
454.60,35.28,21.26,22.87,21.42,98.26,56.78,49.52,37.62
454.61,35.28,21.23,22.87,21.42,98.64,56.78,49.52,37.62
454.62,35.28,21.23,22.87,21.42,98.64,56.78,49.52,37.62
454.63,35.21,21.23,22.87,21.42,98.64,56.78,49.52,37.62
454.64,35.21,21.26,22.87,21.42,98.64,56.64,49.52,37.62
454.65,35.28,21.26,22.87,21.42,98.64,56.64,49.52,37.62
454.66,35.28,21.26,22.90,21.42,98.64,56.78,49.52,37.62
454.67,35.34,21.23,22.87,21.42,98.64,56.78,49.52,37.62
454.68,35.28,21.23,22.87,21.42,98.64,56.64,49.52,37.62
454.69,35.34,21.23,22.87,21.42,98.64,56.64,49.52,37.62
454.70,35.34,21.23,22.87,21.42,98.64,56.64,49.52,37.62
454.71,35.28,21.26,22.87,21.42,98.64,56.64,49.52,37.62
454.72,35.34,21.23,22.87,21.42,98.64,56.78,49.52,37.62
454.73,35.28,21.23,22.87,21.42,98.64,56.64,49.52,37.62
454.74,35.21,21.23,22.87,21.42,98.64,56.64,49.52,37.62
454.75,35.21,21.26,22.87,21.42,99.02,56.78,49.52,37.62
454.76,35.34,21.23,22.87,21.42,98.64,56.78,49.52,37.62
454.77,35.28,21.23,22.87,21.42,98.64,56.78,49.52,37.62
454.78,35.21,21.23,22.87,21.46,98.64,56.64,49.52,37.62
454.79,35.28,21.23,22.87,21.42,98.64,56.78,49.52,37.62
454.80,35.28,21.23,22.87,21.42,99.02,56.64,49.52,37.62
454.81,35.21,21.23,22.90,21.42,98.64,56.78,49.52,37.62
454.82,35.28,21.23,22.87,21.42,98.64,56.64,49.52,37.62
454.83,35.21,21.19,22.87,21.42,98.64,56.64,49.52,37.62
454.84,35.28,21.23,22.87,21.42,98.64,56.78,49.52,37.62
454.85,35.28,21.23,22.87,21.42,98.64,56.78,49.41,37.62
454.86,35.21,21.23,22.87,21.42,98.64,56.78,49.52,37.62
454.87,35.28,21.23,22.87,21.46,98.64,56.78,49.52,37.62
454.88,35.21,21.23,22.87,21.46,98.64,56.64,49.52,37.62
454.89,35.21,21.19,22.87,21.42,98.64,56.64,49.52,37.62
454.90,35.28,21.23,22.87,21.42,98.64,56.78,49.52,37.62
454.91,35.28,21.23,22.87,21.42,99.02,56.78,49.52,37.62
454.92,35.28,21.23,22.87,21.42,98.64,56.78,49.52,37.62
454.93,35.21,21.19,22.87,21.42,98.64,56.64,49.52,37.62
454.94,35.28,21.23,22.87,21.42,98.26,56.64,49.52,37.62
454.95,35.28,21.23,22.87,21.42,98.64,56.78,49.52,37.62
454.96,35.28,21.23,22.87,21.42,98.64,56.64,49.52,37.62
454.97,35.21,21.23,22.87,21.42,98.64,56.64,49.52,37.62
454.98,35.21,21.23,22.87,21.42,98.64,56.64,49.52,37.62
454.99,35.21,21.19,22.87,21.42,98.64,56.64,49.52,37.62
455.00,35.28,21.23,22.87,21.42,99.02,56.64,49.41,37.62
455.01,35.21,21.23,22.87,21.42,98.64,56.64,49.52,37.62
455.02,35.28,21.23,22.87,21.42,98.64,56.64,49.52,37.62
455.03,35.28,21.19,22.87,21.42,98.64,56.64,49.41,37.62
455.04,35.21,21.23,22.87,21.42,98.64,56.64,49.52,37.62
455.05,35.21,21.23,22.87,21.42,98.64,56.64,49.52,37.62
455.06,35.21,21.23,22.87,21.42,98.64,56.64,49.52,37.62
455.07,35.21,21.23,22.87,21.42,98.64,56.64,49.52,37.62
455.08,35.21,21.19,22.87,21.42,98.64,56.64,49.41,37.62
455.09,35.21,21.23,22.87,21.42,98.64,56.64,49.52,37.62
455.10,35.21,21.23,22.87,21.42,98.64,56.64,49.52,37.62
455.11,35.21,21.23,22.87,21.42,98.64,56.64,49.52,37.62
455.12,35.28,21.23,22.87,21.42,98.64,56.64,49.52,37.62
455.13,35.28,21.23,22.87,21.42,98.64,56.64,49.52,37.62
455.14,35.21,21.23,22.87,21.42,99.02,56.78,49.52,37.62
455.15,35.21,21.23,22.87,21.42,98.64,56.64,49.52,37.70
455.16,35.28,21.23,22.87,21.42,98.64,56.78,49.52,37.70
455.17,35.34,21.23,22.87,21.42,98.64,56.64,49.52,37.62
455.18,35.21,21.19,22.83,21.42,98.64,56.64,49.41,37.62
455.19,35.21,21.23,22.87,21.42,98.64,56.64,49.52,37.62
455.20,35.21,21.23,22.87,21.42,98.64,56.78,49.52,37.70
455.21,35.21,21.23,22.87,21.42,98.64,56.78,49.41,37.62
455.22,35.28,21.23,22.87,21.42,98.64,56.78,49.52,37.62
455.23,35.21,21.23,22.87,21.42,98.64,56.64,49.52,37.62
455.24,35.21,21.23,22.87,21.42,98.64,56.64,49.52,37.62
455.25,35.28,21.23,22.87,21.42,98.64,56.78,49.52,37.62
455.26,35.28,21.23,22.87,21.42,98.64,56.64,49.52,37.62
455.27,35.21,21.23,22.87,21.42,98.64,56.64,49.52,37.62
455.28,35.21,21.23,22.87,21.42,98.64,56.64,49.52,37.62
455.29,35.21,21.23,22.87,21.42,98.64,56.78,49.52,37.62
455.30,35.28,21.26,22.87,21.42,98.64,56.64,49.52,37.62
455.31,35.21,21.19,22.87,21.42,98.64,56.64,49.52,37.62
455.32,35.21,21.23,22.87,21.42,98.64,56.64,49.52,37.62
455.33,35.21,21.23,22.83,21.42,98.64,56.64,49.41,37.70
455.34,35.21,21.19,22.87,21.42,98.64,56.64,49.52,37.62
455.35,35.21,21.23,22.87,21.42,98.64,56.64,49.52,37.62
455.36,35.21,21.23,22.87,21.42,98.64,56.64,49.52,37.62
455.37,35.28,21.19,22.87,21.42,98.64,56.78,49.41,37.62
455.38,35.28,21.19,22.83,21.42,98.64,56.64,49.52,37.62
455.39,35.28,21.23,22.83,21.42,98.64,56.64,49.41,37.62
455.40,35.28,21.23,22.87,21.42,98.64,56.92,49.52,37.70
455.41,35.21,21.23,22.87,21.42,98.64,56.35,49.52,37.55
455.42,35.28,21.23,22.87,21.42,98.64,56.64,49.52,37.62
455.43,35.21,21.23,22.83,21.46,98.64,56.64,49.41,37.55
455.44,35.21,21.19,22.83,21.42,98.64,56.64,49.52,37.62
455.45,35.21,21.23,22.87,21.42,98.26,56.64,49.52,37.62
455.46,35.21,21.23,22.87,21.42,98.64,56.64,49.52,37.62
455.47,35.21,21.19,22.83,21.42,98.64,56.64,49.52,37.62
455.48,35.28,21.19,22.83,21.42,98.64,56.64,49.52,37.62
455.49,35.21,21.19,22.83,21.42,98.64,56.64,49.41,37.62
455.50,35.28,21.23,22.83,21.42,98.64,56.64,49.41,37.62
455.51,35.21,21.23,22.87,21.42,98.64,56.78,49.52,37.62
455.52,35.15,21.19,22.87,21.42,98.64,56.64,49.41,37.62
455.53,35.21,21.19,22.83,21.42,98.26,56.64,49.41,37.70
455.54,35.15,21.19,22.83,21.42,98.64,56.64,49.41,37.62
455.55,35.28,21.23,22.87,21.42,98.64,56.64,49.52,37.70
455.56,35.21,21.23,22.83,21.42,98.64,56.64,49.52,37.62
455.57,35.28,21.19,22.90,21.42,98.64,56.50,49.52,37.62
455.58,35.28,21.19,22.87,21.42,98.26,56.64,49.52,37.70
455.59,35.21,21.23,22.83,21.42,98.64,56.64,49.41,37.62
455.60,35.28,21.23,22.87,21.42,98.64,56.64,49.41,37.62
455.61,35.21,21.23,22.87,21.42,98.64,56.78,49.52,37.62
455.62,35.21,21.19,22.87,21.42,99.02,56.64,49.52,37.62
455.63,35.21,21.19,22.87,21.42,98.64,56.64,49.52,37.62
455.64,35.21,21.23,22.87,21.42,98.26,56.64,49.41,37.62
455.65,35.28,21.23,22.87,21.42,99.02,56.64,49.64,37.62
455.66,35.21,21.23,22.87,21.42,98.26,56.64,49.41,37.62
455.67,35.21,21.23,22.83,21.42,98.64,56.64,49.64,37.62
455.68,35.21,21.23,22.83,21.42,98.64,56.64,49.41,37.62
455.69,35.28,21.23,22.83,21.42,98.64,56.64,49.52,37.62
455.70,35.21,21.23,22.87,21.42,98.64,56.78,49.41,37.62
455.71,35.28,21.23,22.87,21.42,98.64,56.64,49.52,37.62
455.72,35.28,21.23,22.87,21.42,98.64,56.64,49.52,37.62
455.73,35.28,21.23,22.83,21.42,98.64,56.64,49.52,37.62
455.74,35.21,21.23,22.87,21.42,98.64,56.64,49.52,37.62
455.75,35.28,21.23,22.87,21.42,98.64,56.64,49.52,37.62
455.76,35.28,21.23,22.87,21.42,98.64,56.64,49.52,37.70
455.77,35.21,21.23,22.87,21.42,98.64,56.64,49.52,37.70
455.78,35.21,21.23,22.87,21.42,98.64,56.64,49.52,37.70
455.79,35.21,21.23,22.87,21.42,98.64,56.64,49.52,37.62
455.80,35.28,21.23,22.87,21.42,98.64,56.78,49.52,37.62
455.81,35.28,21.23,22.87,21.42,98.64,56.78,49.52,37.62
455.82,35.28,21.23,22.87,21.42,98.64,56.64,49.52,37.62
455.83,35.21,21.23,22.83,21.42,98.64,56.64,49.41,37.62
455.84,35.34,21.26,22.87,21.42,98.64,56.78,49.52,37.62
455.85,35.28,21.23,22.87,21.42,98.64,56.64,49.52,37.62
455.86,35.28,21.23,22.87,21.42,98.64,56.64,49.52,37.62
455.87,35.21,21.23,22.87,21.42,98.64,56.78,49.52,37.62
455.88,35.28,21.23,22.87,21.42,98.64,56.64,49.52,37.62
455.89,35.21,21.23,22.87,21.42,98.64,56.78,49.52,37.70
455.90,35.28,21.23,22.87,21.42,98.64,56.78,49.52,37.62
455.91,35.21,21.23,22.87,21.42,99.02,56.78,49.52,37.62
455.92,35.21,21.23,22.87,21.42,98.64,56.64,49.52,37.62
455.93,35.21,21.19,22.87,21.42,98.64,56.64,49.52,37.62
455.94,35.21,21.19,22.87,21.42,99.02,56.64,49.41,37.70
455.95,35.28,21.23,22.87,21.42,98.64,56.64,49.52,37.62
455.96,35.21,21.23,22.87,21.42,98.64,56.64,49.52,37.62
455.97,35.21,21.23,22.87,21.42,98.64,56.64,49.52,37.62
455.98,35.21,21.23,22.87,21.42,98.64,56.64,49.52,37.62
455.99,35.21,21.23,22.87,21.42,98.64,56.78,49.52,37.62
456.00,35.21,21.23,22.87,21.42,98.64,56.78,49.52,37.62
456.01,35.21,21.23,22.90,21.42,98.64,56.78,49.52,37.62
456.02,35.21,21.23,22.87,21.42,98.64,56.64,49.52,37.62
456.03,35.21,21.19,22.87,21.42,98.64,56.64,49.41,37.62
456.04,35.28,21.23,22.87,21.42,98.64,56.64,49.52,37.62
456.05,35.21,21.23,22.87,21.42,98.64,56.64,49.52,37.62
456.06,35.21,21.23,22.87,21.42,98.64,56.64,49.52,37.62
456.07,35.21,21.23,22.87,21.42,98.64,56.64,49.52,37.62
456.08,35.21,21.23,22.87,21.42,98.64,56.78,49.41,37.62
456.09,35.21,21.23,22.87,21.42,98.64,56.64,49.52,37.62
456.10,35.21,21.23,22.87,21.42,98.64,56.64,49.41,37.62
456.11,35.21,21.23,22.87,21.42,98.64,56.64,49.52,37.62
456.12,35.21,21.23,22.87,21.42,98.64,56.78,49.52,37.62
456.13,35.21,21.19,22.87,21.42,98.64,56.78,49.52,37.62
456.14,35.21,21.23,22.87,21.42,98.64,56.64,49.52,37.62
456.15,35.28,21.23,22.87,21.39,99.02,56.64,49.52,37.62
456.16,35.21,21.23,22.87,21.42,98.64,56.64,49.52,37.70
456.17,35.34,21.23,22.87,21.42,98.64,56.64,49.52,37.62
456.18,35.21,21.19,22.87,21.42,98.64,56.64,49.52,37.62
456.19,35.21,21.23,22.87,21.42,98.64,56.64,49.41,37.70
456.20,35.28,21.23,22.87,21.42,98.64,56.78,49.52,37.62
456.21,35.21,21.23,22.87,21.42,98.64,56.78,49.52,37.62
456.22,35.21,21.23,22.87,21.42,98.64,56.64,49.52,37.62
456.23,35.28,21.19,22.83,21.46,98.64,56.64,49.52,37.62
456.24,35.28,21.23,22.87,21.42,99.02,56.50,49.41,37.62
456.25,35.28,21.26,22.87,21.42,98.64,56.78,49.52,37.62
456.26,35.34,21.23,22.87,21.42,98.64,56.78,49.52,37.70
456.27,35.21,21.23,22.87,21.42,98.64,56.64,49.41,37.62
456.28,35.21,21.23,22.87,21.42,98.64,56.64,49.52,37.70
456.29,35.21,21.23,22.87,21.42,98.64,56.64,49.52,37.62
456.30,35.28,21.23,22.87,21.42,98.64,56.78,49.52,37.62
456.31,35.21,21.23,22.87,21.42,98.64,56.78,49.52,37.70
456.32,35.28,21.23,22.87,21.42,98.64,56.64,49.52,37.62
456.33,35.21,21.19,22.83,21.42,98.64,56.64,49.41,37.62
456.34,35.21,21.23,22.87,21.42,98.64,56.64,49.52,37.62
456.35,35.21,21.23,22.87,21.42,98.64,56.64,49.52,37.62
456.36,35.28,21.23,22.87,21.42,98.64,56.64,49.52,37.62
456.37,35.21,21.23,22.87,21.42,98.64,56.64,49.52,37.62
456.38,35.28,21.23,22.87,21.42,98.64,56.78,49.52,37.62
456.39,35.21,21.23,22.87,21.42,98.26,56.64,49.52,37.70
456.40,35.21,21.23,22.87,21.42,98.64,56.78,49.52,37.62
456.41,35.28,21.23,22.87,21.46,98.64,56.64,49.52,37.62
456.42,35.21,21.19,22.87,21.42,98.64,56.64,49.52,37.62
456.43,35.28,21.23,22.87,21.42,98.64,56.78,49.52,37.62
456.44,35.21,21.23,22.87,21.42,98.64,56.64,49.41,37.70
456.45,35.28,21.23,22.87,21.42,98.64,56.64,49.41,37.62
456.46,35.28,21.26,22.87,21.42,98.64,56.78,49.52,37.70
456.47,35.34,21.23,22.87,21.42,98.64,56.64,49.52,37.62
456.48,35.28,21.23,22.83,21.42,98.26,56.78,49.52,37.62
456.49,35.21,21.23,22.87,21.42,98.64,56.64,49.52,37.62
456.50,35.28,21.23,22.87,21.42,98.64,56.78,49.52,37.62
456.51,35.28,21.26,22.87,21.42,98.64,56.78,49.52,37.70
456.52,35.21,21.23,22.83,21.42,98.64,56.64,49.41,37.62
456.53,35.21,21.23,22.87,21.42,98.64,56.64,49.52,37.62
456.54,35.21,21.19,22.87,21.42,98.64,56.64,49.52,37.70
456.55,35.28,21.23,22.87,21.42,98.64,56.64,49.52,37.70
456.56,35.28,21.26,22.87,21.46,98.64,56.78,49.52,37.62
456.57,35.21,21.19,22.87,21.42,98.64,56.78,49.52,37.62
456.58,35.21,21.23,22.87,21.42,98.64,56.78,49.52,37.70
456.59,35.28,21.23,22.87,21.42,98.64,56.78,49.52,37.62
456.60,35.21,21.19,22.87,21.42,98.64,56.64,49.52,37.70
456.61,35.28,21.23,22.87,21.42,98.64,56.78,49.52,37.70
456.62,35.21,21.23,22.87,21.42,98.64,56.64,49.52,37.62
456.63,35.21,21.23,22.87,21.42,98.64,56.78,49.52,37.62
456.64,35.28,21.23,22.87,21.42,98.64,56.64,49.52,37.70
456.65,35.28,21.26,22.90,21.42,98.64,56.64,49.52,37.62
456.66,35.21,21.23,22.87,21.42,98.64,56.92,49.52,37.70
456.67,35.21,21.23,22.87,21.42,98.64,56.78,49.52,37.55
456.68,35.21,21.23,22.87,21.42,98.64,56.64,49.52,37.70
456.69,35.28,21.23,22.87,21.42,98.64,56.78,49.52,37.70
456.70,35.28,21.26,22.87,21.42,98.64,56.64,49.52,37.62
456.71,35.21,21.26,22.90,21.42,98.64,56.78,49.52,37.70
456.72,35.21,21.23,22.87,21.42,98.64,56.64,49.52,37.70
456.73,35.21,21.23,22.87,21.42,98.64,56.78,49.52,37.62
456.74,35.28,21.23,22.87,21.42,98.64,56.78,49.52,37.62
456.75,35.34,21.26,22.87,21.42,98.64,56.78,49.52,37.62
456.76,35.28,21.26,22.87,21.42,98.64,56.78,49.52,37.70
456.77,35.28,21.23,22.87,21.42,98.64,56.64,49.52,37.62
456.78,35.21,21.23,22.87,21.42,98.64,56.64,49.52,37.70
456.79,35.28,21.23,22.87,21.42,98.64,56.78,49.52,37.62
456.80,35.28,21.23,22.87,21.42,98.64,56.78,49.52,37.70
456.81,35.28,21.26,22.90,21.42,98.64,56.78,49.52,37.70
456.82,35.21,21.23,22.83,21.42,98.64,56.78,49.52,37.70
456.83,35.28,21.23,22.87,21.42,98.64,56.78,49.52,37.62
456.84,35.21,21.23,22.87,21.42,98.64,56.78,49.52,37.70
456.85,35.21,21.23,22.90,21.42,98.64,56.78,49.52,37.70
456.86,35.28,21.23,22.87,21.42,98.64,56.78,49.52,37.62
456.87,35.21,21.23,22.87,21.42,98.64,56.78,49.52,37.70
456.88,35.21,21.23,22.87,21.42,98.64,56.64,49.41,37.70
456.89,35.21,21.23,22.87,21.42,99.02,56.64,49.52,37.70
456.90,35.28,21.23,22.90,21.42,98.26,56.64,49.52,37.62
456.91,35.21,21.26,22.87,21.42,99.02,56.78,49.64,37.70
456.92,35.21,21.23,22.87,21.42,98.64,56.64,49.52,37.62
456.93,35.21,21.23,22.87,21.42,99.02,56.64,49.52,37.70
456.94,35.21,21.23,22.87,21.42,98.64,56.64,49.52,37.70
456.95,35.34,21.23,22.87,21.42,98.64,56.64,49.52,37.70
456.96,35.34,21.23,22.87,21.42,99.02,56.64,49.52,37.62
456.97,35.28,21.23,22.87,21.42,98.64,56.64,49.52,37.70
456.98,35.28,21.23,22.87,21.42,98.64,56.64,49.52,37.62
456.99,35.15,21.26,22.87,21.42,98.64,56.64,49.52,37.62
457.00,35.34,21.26,22.87,21.42,98.64,56.78,49.52,37.70
457.01,35.28,21.26,22.87,21.42,98.64,56.78,49.52,37.70
457.02,35.34,21.23,22.87,21.42,98.64,56.78,49.52,37.70
457.03,35.21,21.23,22.87,21.42,98.64,56.78,49.52,37.62
457.04,35.21,21.23,22.87,21.42,98.64,56.78,49.52,37.70
457.05,35.28,21.23,22.90,21.46,98.64,56.78,49.52,37.62
457.06,35.34,21.26,22.90,21.42,98.64,56.78,49.52,37.70
457.07,35.28,21.23,22.87,21.42,98.64,56.64,49.52,37.62
457.08,35.28,21.23,22.87,21.42,98.64,56.78,49.52,37.70
457.09,35.21,21.23,22.87,21.42,98.64,56.78,49.52,37.62
457.10,35.21,21.26,22.90,21.42,98.64,56.64,49.52,37.70
457.11,35.28,21.26,22.87,21.42,98.64,56.78,49.52,37.62
457.12,35.28,21.23,22.87,21.42,98.64,56.78,49.52,37.70
457.13,35.28,21.23,22.87,21.46,98.64,56.64,49.52,37.70
457.14,35.28,21.23,22.87,21.42,98.64,56.64,49.52,37.70
457.15,35.28,21.26,22.87,21.42,98.64,56.78,49.52,37.70
457.16,35.34,21.26,22.87,21.42,98.64,56.64,49.52,37.70
457.17,35.34,21.26,22.87,21.42,98.64,56.78,49.52,37.70
457.18,35.28,21.23,22.87,21.42,98.64,56.64,49.52,37.62
457.19,35.28,21.23,22.87,21.46,98.64,56.64,49.52,37.70
457.20,35.21,21.23,22.90,21.42,98.64,56.78,49.52,37.70
457.21,35.28,21.26,22.87,21.42,98.64,56.64,49.52,37.70
457.22,35.21,21.23,22.87,21.42,98.64,56.64,49.52,37.70
457.23,35.21,21.23,22.87,21.46,98.64,56.78,49.52,37.70
457.24,35.28,21.23,22.87,21.42,98.64,56.78,49.52,37.62
457.25,35.28,21.26,22.90,21.46,98.64,56.78,49.52,37.70
457.26,35.21,21.26,22.87,21.42,98.64,56.78,49.52,37.70
457.27,35.28,21.23,22.87,21.42,98.64,56.64,49.52,37.70
457.28,35.21,21.23,22.87,21.46,98.64,56.64,49.52,37.62
457.29,35.21,21.26,22.87,21.42,98.64,56.78,49.52,37.70
457.30,35.28,21.26,22.87,21.42,98.64,56.78,49.52,37.62
457.31,35.28,21.23,22.90,21.46,98.64,56.78,49.52,37.70
457.32,35.28,21.23,22.87,21.42,98.64,56.64,49.52,37.70
457.33,35.21,21.23,22.87,21.42,98.64,56.64,49.52,37.70
457.34,35.28,21.26,22.87,21.42,98.64,56.78,49.52,37.70
457.35,35.28,21.26,22.90,21.46,98.64,56.78,49.52,37.70
457.36,35.21,21.26,22.87,21.42,98.64,56.64,49.64,37.70
457.37,35.28,21.23,22.87,21.42,98.64,56.78,49.52,37.70
457.38,35.21,21.23,22.87,21.42,98.64,56.78,49.52,37.70
457.39,35.21,21.26,22.87,21.42,98.64,56.78,49.52,37.70
457.40,35.28,21.26,22.90,21.46,98.64,56.78,49.52,37.70
457.41,35.28,21.26,22.90,21.46,98.64,56.78,49.52,37.70
457.42,35.21,21.23,22.87,21.42,98.64,56.78,49.52,37.62
457.43,35.28,21.23,22.87,21.42,98.64,56.78,49.52,37.70
457.44,35.28,21.23,22.87,21.42,99.02,56.78,49.52,37.70
457.45,35.28,21.26,22.90,21.46,98.64,56.78,49.52,37.70
457.46,35.28,21.26,22.87,21.42,99.02,56.64,49.52,37.70
457.47,35.28,21.23,22.87,21.42,99.02,56.64,49.52,37.70
457.48,35.28,21.23,22.87,21.42,98.64,56.64,49.52,37.70
457.49,35.28,21.26,22.90,21.46,98.64,56.78,49.52,37.70
457.50,35.28,21.26,22.90,21.46,98.64,56.78,49.52,37.70
457.51,35.34,21.26,22.87,21.42,98.64,56.78,49.64,37.70
457.52,35.21,21.26,22.87,21.42,98.64,56.64,49.52,37.70
457.53,35.21,21.23,22.87,21.42,98.64,56.78,49.52,37.70
457.54,35.28,21.26,22.87,21.42,98.64,56.78,49.52,37.70
457.55,35.21,21.29,22.90,21.42,98.64,56.78,49.52,37.70
457.56,35.34,21.26,22.90,21.42,98.64,56.78,49.52,37.70
457.57,35.21,21.26,22.87,21.46,98.64,56.78,49.52,37.70
457.58,35.28,21.23,22.87,21.42,98.64,56.78,49.52,37.70
457.59,35.21,21.23,22.87,21.42,98.64,56.50,49.52,37.70
457.60,35.28,21.26,22.90,21.42,98.64,56.78,49.52,37.70
457.61,35.34,21.26,22.90,21.46,98.64,56.78,49.52,37.70
457.62,35.28,21.26,22.87,21.46,98.64,56.78,49.52,37.70
457.63,35.28,21.23,22.90,21.42,99.02,56.78,49.52,37.70
457.64,35.21,21.26,22.87,21.42,98.64,56.78,49.52,37.70
457.65,35.34,21.26,22.87,21.46,98.64,56.92,49.64,37.70
457.66,35.28,21.26,22.90,21.42,98.64,56.78,49.41,37.62
457.67,35.28,21.23,22.87,21.42,98.64,56.78,49.52,37.70
457.68,35.21,21.23,22.87,21.42,98.64,56.78,49.52,37.62
457.69,35.28,21.26,22.90,21.42,98.64,56.78,49.52,37.70
457.70,35.28,21.26,22.90,21.42,99.02,56.78,49.52,37.70
457.71,35.28,21.26,22.90,21.46,98.64,56.78,49.64,37.70
457.72,35.34,21.26,22.87,21.42,98.64,56.78,49.52,37.70
457.73,35.28,21.26,22.87,21.42,98.64,56.64,49.52,37.70
457.74,35.28,21.26,22.90,21.46,98.64,56.78,49.52,37.70
457.75,35.28,21.26,22.90,21.46,98.64,56.78,49.52,37.70
457.76,35.28,21.26,22.90,21.42,98.64,56.78,49.52,37.70
457.77,35.21,21.23,22.90,21.46,98.64,56.78,49.52,37.70
457.78,35.28,21.23,22.87,21.42,98.64,56.78,49.64,37.70
457.79,35.28,21.26,22.90,21.46,98.64,56.78,49.52,37.70
457.80,35.34,21.26,22.90,21.46,99.02,56.78,49.52,37.70
457.81,35.28,21.29,22.87,21.42,98.64,56.78,49.64,37.70
457.82,35.28,21.29,22.87,21.46,98.64,56.78,49.52,37.70
457.83,35.21,21.26,22.87,21.46,98.64,56.78,49.52,37.70
457.84,35.21,21.23,22.90,21.46,98.64,56.78,49.52,37.70
457.85,35.34,21.26,22.90,21.46,98.64,56.78,49.64,37.70
457.86,35.28,21.26,22.90,21.46,98.64,56.78,49.52,37.70
457.87,35.28,21.26,22.87,21.46,98.64,56.92,49.52,37.70
457.88,35.21,21.26,22.90,21.46,98.64,56.78,49.64,37.70
457.89,35.28,21.26,22.90,21.46,98.64,56.64,49.52,37.62
457.90,35.34,21.26,22.90,21.46,98.64,56.92,49.52,37.77
457.91,35.28,21.26,22.90,21.42,99.02,56.78,49.52,37.62
457.92,35.28,21.26,22.87,21.46,98.64,56.78,49.52,37.77
457.93,35.21,21.26,22.87,21.42,98.64,56.78,49.52,37.70
457.94,35.28,21.26,22.87,21.42,98.64,56.78,49.64,37.70
457.95,35.28,21.26,22.90,21.46,98.64,56.78,49.64,37.70
457.96,35.34,21.26,22.90,21.46,98.64,56.78,49.52,37.70
457.97,35.28,21.26,22.90,21.46,98.64,56.78,49.52,37.70
457.98,35.21,21.23,22.90,21.46,98.64,56.78,49.52,37.62
457.99,35.28,21.26,22.87,21.46,98.64,56.78,49.64,37.70
458.00,35.28,21.26,22.90,21.46,98.64,56.92,49.64,37.70
458.01,35.21,21.26,22.90,21.46,98.64,56.78,49.64,37.70
458.02,35.34,21.26,22.90,21.42,98.64,56.78,49.52,37.70
458.03,35.28,21.23,22.87,21.46,98.64,56.78,49.52,37.70
458.04,35.34,21.26,22.90,21.46,98.64,56.78,49.52,37.70
458.05,35.48,21.29,22.90,21.46,99.02,56.78,49.52,37.70
458.06,35.21,21.26,22.90,21.46,98.64,56.78,49.52,37.70
458.07,35.28,21.26,22.90,21.46,98.64,56.78,49.52,37.70
458.08,35.21,21.26,22.83,21.42,98.64,56.78,49.52,37.70
458.09,35.21,21.26,22.90,21.46,98.64,56.78,49.52,37.70
458.10,35.34,21.26,22.90,21.46,98.64,56.78,49.52,37.62
458.11,35.34,21.26,22.90,21.46,98.64,56.78,49.52,37.70
458.12,35.34,21.26,22.90,21.46,99.02,56.78,49.52,37.70
458.13,35.34,21.26,22.90,21.42,98.64,56.78,49.64,37.70
458.14,35.34,21.26,22.90,21.46,98.64,56.78,49.52,37.70
458.15,35.34,21.26,22.90,21.42,98.64,56.78,49.75,37.70
458.16,35.34,21.26,22.90,21.42,99.02,56.78,49.41,37.70
458.17,35.34,21.26,22.90,21.46,98.64,56.78,49.64,37.70
458.18,35.34,21.26,22.87,21.46,98.64,56.78,49.41,37.70
458.19,35.28,21.26,22.90,21.46,99.02,56.78,49.52,37.70
458.20,35.28,21.29,22.94,21.46,98.64,56.78,49.64,37.70
458.21,35.34,21.26,22.90,21.46,98.64,56.78,49.52,37.70
458.22,35.21,21.26,22.87,21.42,99.02,56.78,49.64,37.70
458.23,35.28,21.26,22.87,21.46,98.64,56.78,49.52,37.70
458.24,35.28,21.26,22.90,21.42,98.64,56.78,49.64,37.70
458.25,35.28,21.26,22.90,21.46,98.64,56.92,49.64,37.70
458.26,35.28,21.26,22.90,21.46,98.64,56.78,49.52,37.70
458.27,35.21,21.26,22.87,21.42,98.64,56.64,49.52,37.70
458.28,35.21,21.26,22.87,21.42,98.64,56.78,49.52,37.70
458.29,35.28,21.26,22.90,21.46,99.02,56.78,49.52,37.70
458.30,35.28,21.26,22.90,21.46,98.64,56.78,49.64,37.70
458.31,35.28,21.26,22.90,21.46,98.64,56.78,49.52,37.70
458.32,35.21,21.26,22.90,21.46,98.64,56.78,49.52,37.70
458.33,35.28,21.26,22.90,21.46,98.64,56.78,49.52,37.70
458.34,35.21,21.26,22.90,21.46,98.64,56.78,49.52,37.70
458.35,35.28,21.26,22.90,21.46,98.64,56.78,49.52,37.70
458.36,35.34,21.26,22.90,21.46,99.02,56.78,49.52,37.70
458.37,35.34,21.26,22.90,21.46,98.64,56.78,49.52,37.70
458.38,35.28,21.26,22.87,21.46,98.64,56.78,49.52,37.70
458.39,35.34,21.26,22.90,21.46,98.64,56.78,49.52,37.70
458.40,35.28,21.26,22.90,21.46,98.64,56.92,49.64,37.70
458.41,35.28,21.26,22.90,21.46,98.64,56.78,49.64,37.70
458.42,35.34,21.26,22.90,21.46,98.64,56.78,49.52,37.70
458.43,35.28,21.26,22.87,21.46,98.64,56.78,49.41,37.70
458.44,35.28,21.26,22.87,21.46,98.64,56.78,49.52,37.70
458.45,35.28,21.26,22.90,21.46,99.02,56.78,49.64,37.70
458.46,35.34,21.26,22.90,21.46,98.64,56.78,49.52,37.70
458.47,35.21,21.26,22.87,21.46,98.64,56.78,49.52,37.70
458.48,35.21,21.26,22.87,21.46,98.64,56.78,49.52,37.70
458.49,35.34,21.23,22.87,21.46,98.64,56.78,49.52,37.70
458.50,35.34,21.26,22.90,21.46,98.64,56.78,49.52,37.70
458.51,35.28,21.26,22.87,21.46,98.64,56.78,49.52,37.70
458.52,35.28,21.26,22.87,21.46,98.64,56.64,49.52,37.70
458.53,35.28,21.26,22.87,21.46,98.64,56.78,49.52,37.70
458.54,35.28,21.26,22.90,21.46,98.64,56.78,49.64,37.70
458.55,35.34,21.26,22.87,21.46,98.64,56.78,49.52,37.70
458.56,35.34,21.26,22.90,21.46,98.64,56.78,49.52,37.70
458.57,35.28,21.26,22.87,21.42,98.64,56.78,49.52,37.70
458.58,35.21,21.23,22.87,21.46,98.64,56.78,49.52,37.70
458.59,35.28,21.26,22.90,21.46,99.02,56.78,49.52,37.70
458.60,35.28,21.26,22.90,21.46,99.02,56.78,49.64,37.70
458.61,35.34,21.26,22.90,21.46,98.64,56.78,49.52,37.70
458.62,35.21,21.23,22.87,21.42,98.64,56.78,49.52,37.70
458.63,35.21,21.26,22.87,21.42,98.64,56.64,49.52,37.70
458.64,35.21,21.26,22.87,21.46,98.64,56.78,49.52,37.70
458.65,35.28,21.26,22.90,21.46,98.64,56.64,49.52,37.70
458.66,35.28,21.26,22.90,21.46,98.64,56.78,49.64,37.70
458.67,35.28,21.26,22.87,21.46,98.64,56.78,49.52,37.70
458.68,35.21,21.26,22.87,21.46,98.64,56.64,49.52,37.70
458.69,35.28,21.23,22.87,21.46,98.64,56.78,49.52,37.70
458.70,35.34,21.26,22.87,21.46,98.64,56.78,49.52,37.70
458.71,35.34,21.26,22.90,21.46,98.64,56.78,49.52,37.70
458.72,35.28,21.23,22.87,21.46,98.64,56.78,49.52,37.70
458.73,35.28,21.23,22.87,21.46,98.64,56.78,49.52,37.70
458.74,35.21,21.23,22.87,21.46,98.64,56.78,49.52,37.70
458.75,35.34,21.26,22.90,21.42,98.64,56.78,49.52,37.70
458.76,35.34,21.26,22.90,21.46,98.64,56.78,49.52,37.70
458.77,35.21,21.23,22.87,21.42,98.64,56.78,49.52,37.70
458.78,35.28,21.26,22.87,21.42,98.64,56.78,49.52,37.70
458.79,35.34,21.26,22.87,21.46,98.64,56.78,49.64,37.70
458.80,35.28,21.26,22.90,21.46,98.64,56.78,49.52,37.70
458.81,35.21,21.26,22.90,21.42,98.64,56.78,49.64,37.70
458.82,35.28,21.26,22.87,21.46,98.64,56.78,49.52,37.70
458.83,35.28,21.26,22.87,21.46,98.64,56.78,49.52,37.70
458.84,35.28,21.26,22.87,21.42,98.64,56.78,49.52,37.70
458.85,35.28,21.26,22.90,21.42,99.02,56.78,49.52,37.70
458.86,35.28,21.26,22.87,21.46,98.64,56.78,49.52,37.70
458.87,35.21,21.26,22.87,21.42,98.64,56.64,49.52,37.70
458.88,35.21,21.26,22.87,21.46,98.64,56.64,49.52,37.70
458.89,35.21,21.26,22.90,21.46,98.64,56.78,49.64,37.70
458.90,35.28,21.26,22.90,21.42,98.64,56.78,49.52,37.70
458.91,35.28,21.29,22.87,21.46,98.64,56.78,49.52,37.70
458.92,35.21,21.26,22.87,21.42,98.64,56.78,49.52,37.70
458.93,35.28,21.26,22.87,21.42,98.64,56.78,49.52,37.70
458.94,35.21,21.26,22.90,21.46,98.64,56.78,49.52,37.70
458.95,35.28,21.29,22.90,21.46,98.64,56.78,49.64,37.70
458.96,35.21,21.26,22.90,21.46,98.64,56.78,49.64,37.70
458.97,35.28,21.26,22.87,21.42,98.64,56.78,49.52,37.70
458.98,35.28,21.23,22.87,21.46,98.64,56.78,49.52,37.70
458.99,35.28,21.26,22.90,21.46,98.64,56.78,49.64,37.70
459.00,35.28,21.29,22.90,21.46,99.02,56.78,49.64,37.70
459.01,35.28,21.26,22.90,21.46,98.64,56.78,49.52,37.70
459.02,35.34,21.26,22.90,21.46,98.64,56.78,49.52,37.70
459.03,35.21,21.26,22.87,21.42,98.64,56.78,49.52,37.70
459.04,35.28,21.26,22.90,21.42,98.64,56.78,49.52,37.77
459.05,35.28,21.26,22.90,21.46,99.02,56.78,49.64,37.70
459.06,35.28,21.23,22.90,21.42,98.64,56.92,49.64,37.70
459.07,35.28,21.26,22.90,21.46,98.64,56.78,49.52,37.70
459.08,35.21,21.26,22.87,21.42,98.64,56.78,49.64,37.70
459.09,35.28,21.26,22.90,21.46,99.02,56.78,49.64,37.70
459.10,35.34,21.26,22.90,21.46,98.64,56.78,49.64,37.70
459.11,35.28,21.29,22.90,21.46,98.64,56.78,49.64,37.70
459.12,35.28,21.26,22.90,21.42,98.64,56.64,49.52,37.62
459.13,35.34,21.26,22.87,21.42,98.64,56.92,49.52,37.77
459.14,35.28,21.26,22.90,21.46,98.64,56.64,49.52,37.70
459.15,35.28,21.29,22.90,21.46,99.02,57.07,49.52,37.77
459.16,35.28,21.26,22.90,21.46,98.64,56.78,49.52,37.70
459.17,35.28,21.26,22.90,21.46,98.64,56.92,49.52,37.62
459.18,35.28,21.26,22.90,21.42,98.64,56.78,49.52,37.77
459.19,35.34,21.26,22.90,21.46,98.64,56.78,49.64,37.70
459.20,35.34,21.29,22.90,21.46,98.64,56.78,49.52,37.70
459.21,35.34,21.26,22.90,21.42,99.02,56.78,49.52,37.70
459.22,35.28,21.26,22.90,21.46,98.64,56.78,49.52,37.70
459.23,35.34,21.26,22.90,21.46,98.64,56.78,49.52,37.70
459.24,35.28,21.26,22.87,21.46,98.64,56.78,49.75,37.70
459.25,35.28,21.29,22.90,21.46,99.02,56.92,49.64,37.77
459.26,35.34,21.29,22.90,21.46,98.64,56.78,49.64,37.70
459.27,35.28,21.26,22.90,21.46,99.02,56.78,49.64,37.70
459.28,35.28,21.26,22.90,21.42,98.64,56.78,49.52,37.70
459.29,35.34,21.26,22.87,21.46,98.64,56.78,49.52,37.70
459.30,35.34,21.29,22.90,21.46,98.64,56.92,49.64,37.70
459.31,35.34,21.29,22.90,21.46,98.64,56.78,49.64,37.70
459.32,35.28,21.26,22.90,21.46,98.64,56.78,49.52,37.70
459.33,35.28,21.26,22.90,21.46,98.64,56.78,49.52,37.70
459.34,35.34,21.26,22.90,21.46,98.64,56.78,49.64,37.70
459.35,35.28,21.29,22.90,21.46,98.64,56.92,49.64,37.70
459.36,35.28,21.29,22.90,21.42,98.64,56.92,49.64,37.70
459.37,35.28,21.26,22.90,21.46,98.64,56.78,49.52,37.70
459.38,35.34,21.26,22.90,21.46,99.02,56.78,49.64,37.70
459.39,35.34,21.26,22.90,21.46,98.64,56.78,49.52,37.70
459.40,35.28,21.29,22.90,21.46,98.64,56.92,49.64,37.77
459.41,35.34,21.26,22.90,21.46,98.64,56.92,49.75,37.70
459.42,35.28,21.26,22.87,21.46,98.64,56.78,49.52,37.77
459.43,35.28,21.26,22.90,21.46,99.02,56.78,49.52,37.70
459.44,35.28,21.26,22.90,21.46,98.64,56.92,49.64,37.70
459.45,35.34,21.29,22.90,21.46,99.02,56.92,49.52,37.70
459.46,35.34,21.26,22.90,21.42,98.64,56.92,49.52,37.77
459.47,35.21,21.26,22.90,21.46,98.64,56.78,49.52,37.77
459.48,35.28,21.26,22.90,21.46,98.64,56.78,49.64,37.70
459.49,35.34,21.26,22.87,21.46,99.02,56.78,49.52,37.70
459.50,35.34,21.26,22.90,21.46,98.64,56.78,49.64,37.70
459.51,35.28,21.26,22.90,21.46,98.64,56.78,49.64,37.70
459.52,35.34,21.26,22.90,21.46,98.64,56.78,49.64,37.70
459.53,35.21,21.26,22.87,21.46,98.64,56.78,49.52,37.77
459.54,35.28,21.29,22.90,21.46,98.64,56.92,49.64,37.77
459.55,35.28,21.29,22.90,21.46,98.64,56.92,49.64,37.70
459.56,35.28,21.29,22.90,21.46,99.02,56.78,49.64,37.70
459.57,35.21,21.26,22.90,21.42,98.64,56.78,49.52,37.70
459.58,35.34,21.29,22.87,21.46,98.64,56.92,49.52,37.77
459.59,35.34,21.26,22.90,21.46,98.64,56.78,49.64,37.70
459.60,35.34,21.29,22.90,21.46,99.02,56.78,49.64,37.70
459.61,35.34,21.29,22.90,21.42,98.64,56.92,49.52,37.70
459.62,35.34,21.26,22.87,21.46,98.64,56.78,49.52,37.70
459.63,35.34,21.26,22.90,21.46,98.64,56.78,49.64,37.70
459.64,35.28,21.29,22.87,21.46,98.64,56.92,49.64,37.70
459.65,35.28,21.26,22.90,21.46,98.64,56.78,49.64,37.70
459.66,35.28,21.26,22.90,21.46,99.02,56.78,49.64,37.70
459.67,35.28,21.26,22.90,21.46,98.64,56.78,49.52,37.70
459.68,35.28,21.26,22.90,21.42,98.64,56.78,49.52,37.70
459.69,35.28,21.26,22.90,21.46,98.64,56.78,49.64,37.70
459.70,35.28,21.29,22.90,21.46,99.02,56.78,49.64,37.70
459.71,35.28,21.29,22.90,21.46,98.64,56.92,49.52,37.77
459.72,35.28,21.26,22.90,21.46,98.64,56.78,49.52,37.70
459.73,35.34,21.26,22.87,21.46,98.64,56.78,49.52,37.70
459.74,35.28,21.29,22.90,21.46,98.64,56.92,49.64,37.70
459.75,35.28,21.26,22.90,21.42,98.64,56.78,49.52,37.70
459.76,35.28,21.26,22.90,21.42,98.64,56.92,49.64,37.70
459.77,35.28,21.26,22.90,21.46,99.02,56.78,49.64,37.70
459.78,35.28,21.26,22.90,21.46,98.64,56.78,49.52,37.70
459.79,35.34,21.26,22.90,21.46,98.64,56.78,49.64,37.77
459.80,35.34,21.29,22.90,21.46,99.02,56.78,49.64,37.70
459.81,35.28,21.26,22.90,21.46,98.64,56.78,49.64,37.70
459.82,35.34,21.26,22.90,21.42,98.64,56.78,49.64,37.77
459.83,35.34,21.26,22.90,21.46,98.64,56.78,49.52,37.70
459.84,35.21,21.26,22.87,21.46,99.02,56.78,49.64,37.70
459.85,35.28,21.26,22.90,21.46,99.02,56.78,49.64,37.77
459.86,35.28,21.29,22.90,21.46,98.64,56.64,49.64,37.77
459.87,35.28,21.26,22.90,21.46,99.02,56.92,49.64,37.77
459.88,35.28,21.26,22.90,21.46,98.64,56.78,49.52,37.70
459.89,35.28,21.26,22.90,21.46,98.64,56.78,49.64,37.70
459.90,35.28,21.29,22.90,21.46,99.02,56.78,49.52,37.70
459.91,35.28,21.29,22.90,21.46,98.64,56.78,49.64,37.70
459.92,35.21,21.26,22.90,21.46,99.02,56.78,49.64,37.70
459.93,35.28,21.26,22.90,21.46,98.64,56.78,49.52,37.77
459.94,35.28,21.26,22.90,21.46,98.64,56.78,49.52,37.70
459.95,35.34,21.29,22.90,21.46,99.02,56.78,49.64,37.70
459.96,35.28,21.26,22.90,21.46,98.64,56.92,49.64,37.77
459.97,35.34,21.26,22.90,21.46,98.64,56.92,49.64,37.70
459.98,35.28,21.26,22.90,21.46,98.26,56.78,49.64,37.70
459.99,35.34,21.26,22.87,21.46,98.64,56.78,49.52,37.77
460.00,35.34,21.29,22.90,21.46,98.64,56.92,49.64,37.70
460.01,35.28,21.29,22.90,21.46,98.64,56.78,49.64,37.70
460.02,35.34,21.26,22.90,21.46,98.64,56.78,49.52,37.70
460.03,35.28,21.26,22.87,21.46,98.64,56.78,49.52,37.70
460.04,35.28,21.26,22.90,21.46,98.64,56.92,49.64,37.70
460.05,35.28,21.29,22.90,21.46,99.02,56.92,49.64,37.70
460.06,35.28,21.29,22.90,21.46,98.64,56.78,49.52,37.70
460.07,35.28,21.26,22.90,21.46,98.64,56.78,49.64,37.70
460.08,35.21,21.26,22.90,21.46,98.64,56.78,49.52,37.77
460.09,35.28,21.26,22.90,21.46,99.02,56.78,49.64,37.70
460.10,35.28,21.26,22.90,21.46,98.64,56.78,49.64,37.77
460.11,35.28,21.26,22.90,21.46,98.64,56.78,49.64,37.70
460.12,35.28,21.26,22.90,21.46,98.64,56.78,49.52,37.70
460.13,35.28,21.26,22.90,21.42,98.64,56.78,49.52,37.77
460.14,35.28,21.29,22.87,21.42,98.64,56.92,49.64,37.70
460.15,35.28,21.29,22.90,21.46,99.02,56.92,49.64,37.77
460.16,35.28,21.26,22.90,21.46,98.64,56.78,49.64,37.70
460.17,35.28,21.26,22.90,21.46,99.02,56.92,49.64,37.77
460.18,35.28,21.26,22.90,21.46,98.64,56.78,49.52,37.70
460.19,35.28,21.26,22.90,21.46,98.64,56.78,49.64,37.77
460.20,35.28,21.26,22.90,21.46,98.64,56.78,49.64,37.77
460.21,35.28,21.26,22.90,21.46,98.64,56.78,49.52,37.77
460.22,35.28,21.26,22.90,21.42,98.64,56.78,49.52,37.70
460.23,35.21,21.26,22.90,21.42,98.64,56.78,49.64,37.77
460.24,35.28,21.26,22.90,21.46,99.02,56.92,49.64,37.70
460.25,35.34,21.29,22.90,21.46,98.64,56.78,49.64,37.62
460.26,35.28,21.26,22.90,21.46,99.02,56.78,49.64,37.77
460.27,35.21,21.26,22.87,21.42,98.64,56.78,49.64,37.77
460.28,35.28,21.26,22.90,21.46,98.64,56.78,49.64,37.70
460.29,35.28,21.26,22.90,21.46,99.02,56.78,49.52,37.70
460.30,35.28,21.29,22.90,21.46,98.64,56.78,49.64,37.77
460.31,35.21,21.26,22.90,21.46,98.64,56.78,49.64,37.70
460.32,35.34,21.26,22.90,21.42,98.64,56.78,49.64,37.70
460.33,35.21,21.26,22.87,21.46,98.64,56.78,49.64,37.77
460.34,35.28,21.29,22.90,21.46,98.64,56.92,49.52,37.77
460.35,35.28,21.29,22.90,21.42,99.02,56.78,49.64,37.70
460.36,35.34,21.26,22.90,21.42,98.64,56.78,49.52,37.77
460.37,35.21,21.26,22.90,21.46,98.64,56.78,49.52,37.77
460.38,35.21,21.26,22.90,21.46,98.64,56.78,49.64,37.70
460.39,35.28,21.26,22.90,21.42,99.02,56.78,49.64,37.77
460.40,35.28,21.26,22.90,21.46,98.64,56.64,49.64,37.70
460.41,35.34,21.26,22.90,21.46,98.64,56.92,49.52,37.84
460.42,35.28,21.26,22.90,21.46,98.64,56.78,49.52,37.70
460.43,35.34,21.26,22.87,21.46,98.64,56.78,49.64,37.77
460.44,35.34,21.29,22.90,21.46,98.64,56.92,49.52,37.70
460.45,35.28,21.29,22.90,21.46,98.64,56.78,49.64,37.77
460.46,35.34,21.26,22.90,21.46,98.64,56.92,49.64,37.77
460.47,35.28,21.26,22.90,21.46,98.64,56.78,49.52,37.70
460.48,35.28,21.26,22.90,21.46,98.64,56.78,49.64,37.70
460.49,35.28,21.26,22.90,21.46,98.64,56.78,49.64,37.77
460.50,35.28,21.29,22.90,21.46,98.64,56.92,49.64,37.70
460.51,35.34,21.26,22.90,21.42,98.64,56.78,49.52,37.70
460.52,35.28,21.26,22.90,21.46,98.64,56.78,49.64,37.77
460.53,35.21,21.26,22.87,21.42,98.64,56.78,49.64,37.70
460.54,35.28,21.26,22.90,21.46,98.64,56.78,49.52,37.77
460.55,35.28,21.29,22.90,21.46,98.64,56.78,49.64,37.70
460.56,35.34,21.29,22.90,21.46,98.64,56.78,49.52,37.70
460.57,35.28,21.26,22.87,21.42,98.64,56.78,49.52,37.70
460.58,35.34,21.26,22.87,21.46,98.64,56.78,49.52,37.77
460.59,35.21,21.26,22.90,21.46,99.02,56.78,49.52,37.77
460.60,35.28,21.26,22.90,21.46,98.64,56.78,49.52,37.77
460.61,35.28,21.26,22.90,21.46,99.02,56.78,49.64,37.77
460.62,35.21,21.26,22.90,21.42,98.64,56.78,49.52,37.70
460.63,35.28,21.26,22.87,21.42,98.64,56.78,49.52,37.70
460.64,35.28,21.26,22.90,21.46,99.02,56.78,49.64,37.70
460.65,35.28,21.29,22.90,21.46,98.26,56.78,49.52,37.70
460.66,35.28,21.26,22.87,21.46,98.64,56.78,49.64,37.77
460.67,35.28,21.26,22.87,21.46,98.64,56.78,49.41,37.77
460.68,35.28,21.26,22.90,21.46,98.26,56.78,49.64,37.77
460.69,35.21,21.26,22.90,21.46,98.64,56.78,49.64,37.77
460.70,35.28,21.26,22.90,21.46,98.64,56.92,49.64,37.77
460.71,35.28,21.29,22.90,21.46,99.02,56.78,49.64,37.70
460.72,35.21,21.26,22.87,21.46,98.64,56.92,49.52,37.70
460.73,35.21,21.26,22.87,21.46,98.64,56.78,49.52,37.77
460.74,35.21,21.26,22.90,21.46,98.64,56.78,49.64,37.77
460.75,35.34,21.29,22.90,21.46,98.64,56.78,49.64,37.77
460.76,35.28,21.26,22.90,21.46,98.64,56.78,49.64,37.77
460.77,35.21,21.26,22.90,21.46,98.64,56.78,49.64,37.70
460.78,35.21,21.26,22.87,21.46,98.26,56.78,49.52,37.77
460.79,35.28,21.26,22.90,21.46,98.64,56.78,49.64,37.77
460.80,35.28,21.29,22.90,21.46,98.64,56.92,49.64,37.70
460.81,35.28,21.26,22.90,21.46,98.64,56.78,49.64,37.77
460.82,35.28,21.26,22.87,21.46,98.64,56.78,49.64,37.77
460.83,35.21,21.26,22.90,21.46,98.64,56.78,49.52,37.70
460.84,35.28,21.26,22.90,21.46,98.64,56.78,49.52,37.70
460.85,35.28,21.26,22.90,21.46,99.02,56.78,49.64,37.77
460.86,35.28,21.26,22.87,21.42,98.64,56.78,49.64,37.70
460.87,35.28,21.26,22.90,21.46,98.64,56.78,49.64,37.77
460.88,35.28,21.26,22.87,21.46,98.64,56.78,49.52,37.70
460.89,35.28,21.26,22.90,21.46,98.64,56.78,49.52,37.70
460.90,35.28,21.26,22.90,21.46,98.64,56.78,49.52,37.77
460.91,35.28,21.26,22.90,21.46,98.64,56.78,49.64,37.77
460.92,35.21,21.26,22.90,21.46,98.64,56.78,49.64,37.70
460.93,35.21,21.26,22.87,21.46,98.64,56.78,49.64,37.77
460.94,35.34,21.26,22.87,21.46,98.64,56.78,49.52,37.70
460.95,35.28,21.26,22.90,21.46,98.64,56.92,49.64,37.70
460.96,35.28,21.26,22.90,21.46,98.64,56.78,49.52,37.77
460.97,35.21,21.26,22.87,21.46,98.64,56.78,49.52,37.77
460.98,35.21,21.26,22.87,21.46,98.64,56.78,49.64,37.77
460.99,35.28,21.26,22.90,21.46,98.64,56.78,49.52,37.70
461.00,35.34,21.26,22.90,21.46,98.64,56.78,49.64,37.77
461.01,35.28,21.26,22.87,21.46,98.64,56.78,49.52,37.77
461.02,35.21,21.26,22.90,21.46,98.26,56.78,49.52,37.77
461.03,35.28,21.26,22.87,21.46,98.64,56.78,49.52,37.77
461.04,35.28,21.26,22.87,21.46,99.02,56.92,49.64,37.77
461.05,35.28,21.26,22.90,21.46,98.64,56.78,49.64,37.77
461.06,35.28,21.26,22.87,21.46,98.64,56.78,49.52,37.70
461.07,35.28,21.26,22.87,21.46,98.64,56.78,49.52,37.77
461.08,35.21,21.23,22.90,21.46,98.64,56.78,49.52,37.77
461.09,35.28,21.26,22.87,21.46,98.64,56.78,49.64,37.70
461.10,35.21,21.26,22.90,21.46,98.64,56.78,49.64,37.70
461.11,35.34,21.26,22.90,21.46,98.64,56.78,49.64,37.70
461.12,35.21,21.26,22.87,21.46,98.64,56.78,49.64,37.77
461.13,35.21,21.26,22.87,21.46,99.02,56.78,49.52,37.77
461.14,35.28,21.26,22.90,21.46,98.64,56.78,49.64,37.77
461.15,35.28,21.29,22.90,21.46,98.64,56.92,49.64,37.77
461.16,35.21,21.26,22.90,21.46,98.64,56.78,49.52,37.77
461.17,35.21,21.23,22.87,21.46,99.02,56.92,49.52,37.70
461.18,35.28,21.26,22.90,21.46,98.64,56.78,49.52,37.77
461.19,35.28,21.26,22.87,21.46,98.64,56.78,49.64,37.77
461.20,35.28,21.26,22.90,21.46,98.64,56.78,49.64,37.77
461.21,35.34,21.26,22.90,21.42,98.64,56.78,49.52,37.77
461.22,35.28,21.23,22.87,21.46,98.64,56.78,49.52,37.77
461.23,35.28,21.26,22.87,21.46,98.64,56.78,49.52,37.77
461.24,35.21,21.29,22.90,21.46,99.02,56.78,49.52,37.77
461.25,35.28,21.26,22.90,21.46,98.64,56.78,49.64,37.77
461.26,35.28,21.26,22.87,21.46,98.64,56.78,49.52,37.77
461.27,35.28,21.26,22.87,21.46,98.64,56.78,49.52,37.77
461.28,35.28,21.26,22.87,21.46,98.64,56.78,49.52,37.77
461.29,35.34,21.26,22.87,21.46,98.64,56.78,49.64,37.77
461.30,35.34,21.26,22.90,21.46,98.64,56.78,49.52,37.77
461.31,35.21,21.26,22.90,21.46,98.64,56.78,49.64,37.77
461.32,35.28,21.26,22.87,21.46,98.64,56.78,49.52,37.77
461.33,35.28,21.26,22.87,21.46,98.64,56.78,49.52,37.77
461.34,35.28,21.26,22.90,21.46,98.64,56.92,49.64,37.77
461.35,35.28,21.26,22.90,21.46,98.64,56.78,49.64,37.77
461.36,35.28,21.26,22.90,21.46,98.64,56.78,49.64,37.70
461.37,35.21,21.26,22.87,21.46,98.64,56.78,49.52,37.70
461.38,35.28,21.26,22.87,21.46,98.64,56.78,49.52,37.77
461.39,35.28,21.26,22.87,21.46,98.64,56.78,49.64,37.77
461.40,35.28,21.26,22.90,21.46,98.64,56.78,49.64,37.77
461.41,35.28,21.26,22.87,21.46,98.64,56.78,49.52,37.77
461.42,35.21,21.26,22.87,21.46,98.64,56.78,49.52,37.77
461.43,35.21,21.26,22.87,21.46,98.64,56.78,49.52,37.77
461.44,35.34,21.26,22.87,21.46,98.64,56.78,49.52,37.77
461.45,35.34,21.26,22.90,21.46,98.64,56.92,49.64,37.77
461.46,35.21,21.26,22.90,21.46,98.64,56.78,49.52,37.70
461.47,35.21,21.26,22.87,21.46,98.64,56.78,49.52,37.77
461.48,35.28,21.23,22.87,21.46,98.64,56.78,49.52,37.77
461.49,35.34,21.26,22.87,21.46,98.64,56.92,49.52,37.77
461.50,35.21,21.26,22.90,21.46,98.64,56.78,49.64,37.70
461.51,35.21,21.26,22.87,21.46,98.64,56.78,49.64,37.77
461.52,35.21,21.26,22.87,21.42,98.64,56.78,49.52,37.70
461.53,35.21,21.26,22.87,21.46,98.26,56.78,49.52,37.77
461.54,35.28,21.26,22.87,21.46,98.64,56.78,49.64,37.77
461.55,35.28,21.29,22.90,21.46,98.64,56.64,49.52,37.77
461.56,35.21,21.26,22.87,21.46,98.64,56.78,49.52,37.77
461.57,35.21,21.26,22.87,21.42,98.64,56.78,49.52,37.77
461.58,35.21,21.23,22.87,21.42,98.64,56.78,49.52,37.77
461.59,35.21,21.26,22.87,21.46,98.64,56.78,49.52,37.77
461.60,35.21,21.26,22.87,21.46,98.64,56.78,49.52,37.70
461.61,35.21,21.26,22.87,21.42,98.64,56.78,49.52,37.70
461.62,35.21,21.26,22.87,21.46,98.64,56.78,49.52,37.77
461.63,35.21,21.26,22.87,21.46,98.64,56.64,49.52,37.70
461.64,35.28,21.26,22.87,21.46,98.64,56.92,49.64,37.77
461.65,35.21,21.26,22.87,21.46,98.64,56.64,49.64,37.77
461.66,35.21,21.26,22.87,21.42,98.64,56.78,49.52,37.77
461.67,35.21,21.26,22.87,21.42,98.64,56.78,49.52,37.84
461.68,35.21,21.26,22.87,21.46,98.64,56.78,49.52,37.77
461.69,35.21,21.26,22.87,21.46,98.64,56.78,49.52,37.70
461.70,35.28,21.26,22.87,21.46,98.64,56.78,49.52,37.77
461.71,35.21,21.26,22.87,21.46,98.64,56.78,49.52,37.70
461.72,35.28,21.23,22.87,21.46,98.64,56.78,49.64,37.77
461.73,35.21,21.26,22.87,21.46,98.64,56.78,49.52,37.77
461.74,35.28,21.26,22.87,21.46,98.64,56.78,49.64,37.77
461.75,35.34,21.26,22.87,21.46,98.64,56.78,49.64,37.77
461.76,35.21,21.26,22.87,21.46,98.64,56.78,49.52,37.77
461.77,35.21,21.23,22.87,21.46,98.64,56.78,49.52,37.77
461.78,35.15,21.26,22.87,21.46,98.64,56.78,49.52,37.77
461.79,35.21,21.26,22.87,21.46,98.64,56.78,49.52,37.77
461.80,35.34,21.26,22.87,21.46,98.64,56.78,49.64,37.77
461.81,35.28,21.26,22.87,21.46,98.64,56.78,49.52,37.70
461.82,35.21,21.26,22.87,21.46,98.64,56.78,49.52,37.77
461.83,35.21,21.23,22.87,21.46,98.64,56.78,49.52,37.77
461.84,35.21,21.26,22.87,21.46,98.64,56.78,49.52,37.77
461.85,35.21,21.26,22.87,21.46,99.02,56.78,49.52,37.70
461.86,35.28,21.26,22.87,21.42,98.26,56.78,49.52,37.70
461.87,35.28,21.23,22.87,21.46,98.64,56.78,49.52,37.77
461.88,35.28,21.26,22.87,21.46,98.26,56.78,49.52,37.77
461.89,35.21,21.26,22.87,21.46,99.02,56.78,49.52,37.77
461.90,35.21,21.26,22.87,21.46,98.64,56.78,49.52,37.70
461.91,35.21,21.26,22.87,21.46,98.64,56.78,49.52,37.77
461.92,35.21,21.26,22.87,21.46,98.64,56.78,49.64,37.77
461.93,35.21,21.23,22.87,21.46,98.64,56.78,49.52,37.77
461.94,35.28,21.26,22.87,21.46,98.64,56.78,49.52,37.77
461.95,35.28,21.26,22.87,21.46,98.64,56.78,49.52,37.77
461.96,35.21,21.26,22.87,21.46,98.64,56.78,49.52,37.77
461.97,35.28,21.23,22.87,21.46,98.64,56.78,49.52,37.70
461.98,35.21,21.23,22.87,21.42,98.64,56.64,49.52,37.77
461.99,35.28,21.26,22.87,21.42,98.64,56.78,49.52,37.77
462.00,35.28,21.26,22.87,21.46,98.64,56.78,49.52,37.77
462.01,35.21,21.26,22.87,21.46,98.64,56.78,49.52,37.77
462.02,35.21,21.23,22.87,21.46,98.64,56.78,49.52,37.70
462.03,35.21,21.23,22.87,21.42,98.64,56.78,49.52,37.77
462.04,35.28,21.26,22.87,21.46,98.64,56.78,49.64,37.77
462.05,35.28,21.26,22.87,21.46,99.02,56.78,49.64,37.77
462.06,35.28,21.23,22.87,21.42,98.64,56.78,49.52,37.70
462.07,35.21,21.23,22.83,21.42,98.64,56.78,49.52,37.70
462.08,35.21,21.26,22.87,21.42,98.64,56.78,49.64,37.77
462.09,35.21,21.26,22.87,21.42,98.64,56.78,49.64,37.77
462.10,35.21,21.23,22.87,21.42,98.64,56.78,49.52,37.77
462.11,35.28,21.23,22.87,21.42,98.64,56.78,49.52,37.70
462.12,35.21,21.23,22.87,21.46,98.64,56.64,49.52,37.77
462.13,35.28,21.23,22.87,21.46,98.64,56.78,49.52,37.77
462.14,35.21,21.26,22.87,21.46,98.64,56.78,49.52,37.77
462.15,35.28,21.26,22.90,21.46,98.64,56.78,49.52,37.70
462.16,35.21,21.23,22.87,21.46,98.64,56.78,49.52,37.77
462.17,35.21,21.23,22.87,21.42,98.64,56.78,49.52,37.77
462.18,35.21,21.23,22.87,21.42,98.64,56.78,49.52,37.70
462.19,35.28,21.23,22.87,21.46,98.64,56.78,49.52,37.77
462.20,35.21,21.23,22.87,21.42,98.64,56.78,49.52,37.77
462.21,35.28,21.23,22.87,21.46,98.64,56.78,49.52,37.77
462.22,35.28,21.23,22.83,21.42,98.64,56.78,49.52,37.70
462.23,35.21,21.23,22.83,21.42,98.64,56.78,49.52,37.77
462.24,35.28,21.23,22.87,21.46,98.64,56.78,49.52,37.77
462.25,35.28,21.26,22.87,21.42,98.64,56.78,49.52,37.77
462.26,35.21,21.23,22.87,21.46,98.64,56.78,49.52,37.77
462.27,35.28,21.23,22.87,21.46,98.64,56.78,49.52,37.77
462.28,35.21,21.23,22.83,21.46,98.64,56.78,49.52,37.70
462.29,35.28,21.26,22.87,21.46,98.64,56.78,49.64,37.77
462.30,35.28,21.26,22.87,21.46,98.64,56.78,49.52,37.77
462.31,35.28,21.26,22.87,21.46,98.64,56.78,49.52,37.77
462.32,35.21,21.23,22.87,21.42,98.64,56.78,49.52,37.77
462.33,35.21,21.23,22.87,21.46,98.64,56.78,49.64,37.77
462.34,35.28,21.26,22.87,21.46,98.64,56.78,49.52,37.77
462.35,35.28,21.26,22.87,21.46,98.64,56.78,49.52,37.70
462.36,35.28,21.26,22.87,21.46,98.64,56.78,49.41,37.77
462.37,35.21,21.23,22.87,21.46,98.26,56.78,49.52,37.77
462.38,35.21,21.23,22.83,21.46,98.64,56.78,49.52,37.77
462.39,35.21,21.23,22.87,21.46,98.64,56.78,49.52,37.77
462.40,35.21,21.26,22.87,21.46,98.64,56.78,49.64,37.77
462.41,35.28,21.23,22.87,21.42,98.64,56.78,49.52,37.77
462.42,35.28,21.23,22.87,21.46,98.64,56.78,49.52,37.77
462.43,35.21,21.23,22.87,21.46,98.64,56.78,49.52,37.77
462.44,35.28,21.23,22.87,21.46,98.64,56.78,49.64,37.77
462.45,35.21,21.26,22.87,21.42,98.64,56.78,49.64,37.77
462.46,35.21,21.26,22.87,21.42,98.64,56.78,49.52,37.70
462.47,35.21,21.23,22.87,21.46,98.64,56.78,49.52,37.77
462.48,35.21,21.26,22.87,21.46,98.64,56.78,49.52,37.77
462.49,35.21,21.26,22.87,21.46,98.64,56.78,49.64,37.70
462.50,35.28,21.26,22.87,21.46,98.64,56.78,49.52,37.70
462.51,35.21,21.23,22.83,21.42,98.64,56.78,49.52,37.77
462.52,35.15,21.23,22.87,21.46,98.64,56.64,49.52,37.77
462.53,35.21,21.23,22.87,21.46,98.64,56.78,49.52,37.77
462.54,35.21,21.23,22.87,21.46,98.26,56.64,49.52,37.77
462.55,35.28,21.26,22.87,21.42,98.64,56.78,49.52,37.77
462.56,35.21,21.26,22.87,21.46,98.64,56.78,49.52,37.70
462.57,35.28,21.23,22.83,21.46,98.64,56.78,49.52,37.77
462.58,35.21,21.23,22.83,21.46,98.64,56.78,49.52,37.77
462.59,35.28,21.23,22.87,21.46,98.64,56.78,49.52,37.77
462.60,35.21,21.26,22.87,21.46,98.64,56.78,49.52,37.77
462.61,35.21,21.23,22.87,21.42,98.64,56.78,49.52,37.77
462.62,35.21,21.23,22.83,21.46,98.64,56.78,49.52,37.77
462.63,35.21,21.23,22.87,21.46,98.64,56.78,49.52,37.77
462.64,35.28,21.26,22.87,21.46,98.64,56.78,49.52,37.77
462.65,35.28,21.23,22.87,21.46,98.64,56.78,49.52,37.77
462.66,35.21,21.23,22.87,21.46,98.64,56.78,49.52,37.77
462.67,35.21,21.23,22.83,21.46,98.64,56.78,49.52,37.77
462.68,35.21,21.23,22.83,21.46,98.64,56.78,49.52,37.70
462.69,35.15,21.26,22.87,21.46,98.64,56.64,49.52,37.77
462.70,35.21,21.26,22.87,21.46,98.64,56.78,49.52,37.77
462.71,35.21,21.26,22.87,21.46,98.64,56.64,49.52,37.77
462.72,35.21,21.23,22.83,21.42,98.64,56.78,49.52,37.77
462.73,35.21,21.23,22.87,21.46,98.64,56.78,49.52,37.77
462.74,35.28,21.23,22.87,21.46,98.64,56.78,49.52,37.77
462.75,35.21,21.26,22.87,21.46,98.64,56.78,49.41,37.70
462.76,35.21,21.23,22.87,21.46,98.64,56.78,49.52,37.77
462.77,35.21,21.23,22.87,21.42,98.64,56.78,49.52,37.77
462.78,35.21,21.23,22.87,21.46,98.64,56.78,49.52,37.77
462.79,35.21,21.23,22.87,21.42,98.64,56.64,49.52,37.70
462.80,35.28,21.26,22.87,21.46,98.64,56.78,49.52,37.77
462.81,35.28,21.23,22.83,21.46,98.64,56.78,49.52,37.77
462.82,35.15,21.23,22.87,21.46,98.64,56.78,49.52,37.77
462.83,35.21,21.23,22.87,21.46,98.64,56.64,49.52,37.77
462.84,35.21,21.26,22.87,21.46,98.64,56.78,49.52,37.77
462.85,35.21,21.23,22.87,21.46,98.64,56.78,49.52,37.77
462.86,35.28,21.23,22.83,21.42,98.64,56.78,49.52,37.77
462.87,35.21,21.23,22.83,21.46,98.64,56.64,49.52,37.77
462.88,35.21,21.23,22.83,21.46,98.64,56.64,49.52,37.77
462.89,35.21,21.26,22.87,21.42,98.64,56.78,49.52,37.77
462.90,35.28,21.26,22.87,21.46,98.64,56.78,49.52,37.70
462.91,35.21,21.23,22.87,21.46,98.64,56.78,49.52,37.70
462.92,35.21,21.26,22.83,21.46,98.64,56.78,49.52,37.70
462.93,35.21,21.23,22.87,21.46,98.64,56.78,49.52,37.77
462.94,35.21,21.26,22.87,21.46,98.64,56.78,49.52,37.77
462.95,35.21,21.23,22.87,21.46,98.64,56.78,49.52,37.77
462.96,35.21,21.23,22.87,21.46,98.64,56.78,49.52,37.70
462.97,35.28,21.23,22.83,21.46,98.64,56.78,49.52,37.77
462.98,35.21,21.23,22.83,21.46,98.64,56.78,49.52,37.77
462.99,35.21,21.26,22.87,21.42,98.64,56.78,49.52,37.77
463.00,35.21,21.26,22.87,21.46,98.64,56.78,49.52,37.77
463.01,35.28,21.23,22.83,21.46,98.64,56.64,49.52,37.77
463.02,35.21,21.23,22.87,21.42,98.64,56.64,49.52,37.77
463.03,35.21,21.23,22.87,21.46,98.64,56.78,49.52,37.77
463.04,35.21,21.26,22.87,21.42,98.64,56.78,49.52,37.84
463.05,35.28,21.26,22.87,21.42,98.64,56.78,49.52,37.77
463.06,35.21,21.26,22.83,21.46,98.64,56.78,49.52,37.77
463.07,35.21,21.23,22.87,21.46,98.64,56.78,49.52,37.77
463.08,35.21,21.23,22.87,21.46,98.64,56.78,49.52,37.77
463.09,35.21,21.26,22.87,21.46,98.64,56.78,49.52,37.77
463.10,35.21,21.26,22.87,21.42,98.64,56.78,49.52,37.77
463.11,35.21,21.23,22.87,21.46,99.02,56.78,49.52,37.77
463.12,35.21,21.23,22.83,21.42,98.64,56.64,49.41,37.77
463.13,35.21,21.23,22.87,21.46,99.02,56.78,49.52,37.77
463.14,35.21,21.26,22.87,21.46,98.64,56.78,49.64,37.77
463.15,35.28,21.23,22.87,21.46,98.64,56.78,49.64,37.77
463.16,35.21,21.23,22.87,21.42,98.64,56.78,49.75,37.77
463.17,35.28,21.23,22.83,21.46,98.64,56.78,49.52,37.77
463.18,35.21,21.23,22.83,21.46,98.64,56.78,49.52,37.77
463.19,35.21,21.23,22.87,21.46,98.64,56.78,49.52,37.77
463.20,35.28,21.26,22.87,21.46,98.64,56.78,49.52,37.77
463.21,35.21,21.23,22.83,21.46,98.64,56.78,49.52,37.77
463.22,35.21,21.23,22.83,21.42,98.64,56.78,49.52,37.77
463.23,35.21,21.23,22.87,21.42,98.64,56.78,49.52,37.77
463.24,35.28,21.26,22.87,21.42,98.64,56.78,49.52,37.70
463.25,35.28,21.26,22.87,21.42,98.64,56.78,49.64,37.77
463.26,35.34,21.26,22.87,21.42,98.64,56.78,49.52,37.77
463.27,35.21,21.23,22.87,21.46,98.64,56.64,49.52,37.77
463.28,35.21,21.23,22.83,21.46,98.64,56.78,49.52,37.77
463.29,35.28,21.26,22.87,21.42,98.64,56.78,49.64,37.77
463.30,35.28,21.26,22.87,21.42,98.64,56.78,49.52,37.77
463.31,35.21,21.26,22.87,21.42,98.64,56.78,49.52,37.77
463.32,35.21,21.23,22.83,21.42,98.64,56.78,49.52,37.77
463.33,35.21,21.23,22.87,21.46,98.64,56.78,49.52,37.77
463.34,35.21,21.26,22.87,21.42,98.64,56.78,49.52,37.77
463.35,35.28,21.26,22.87,21.46,98.64,56.78,49.52,37.77
463.36,35.21,21.26,22.87,21.42,98.64,56.78,49.52,37.77
463.37,35.21,21.23,22.87,21.42,98.64,56.78,49.52,37.77
463.38,35.28,21.23,22.83,21.42,98.64,56.78,49.52,37.77
463.39,35.21,21.26,22.87,21.46,98.64,56.78,49.52,37.77
463.40,35.21,21.26,22.87,21.42,98.64,56.78,49.52,37.77
463.41,35.21,21.23,22.83,21.42,98.64,56.78,49.52,37.77
463.42,35.21,21.23,22.83,21.42,98.64,56.64,49.52,37.77
463.43,35.21,21.23,22.87,21.42,98.26,56.64,49.52,37.77
463.44,35.28,21.26,22.87,21.46,98.64,56.64,49.52,37.77
463.45,35.28,21.23,22.87,21.46,98.26,56.78,49.52,37.77
463.46,35.28,21.26,22.87,21.46,98.64,56.78,49.52,37.77
463.47,35.21,21.23,22.83,21.42,98.64,56.78,49.52,37.77
463.48,35.28,21.26,22.87,21.46,98.64,56.78,49.52,37.77
463.49,35.21,21.26,22.87,21.42,98.64,56.78,49.52,37.84
463.50,35.21,21.23,22.87,21.42,98.64,56.78,49.64,37.77
463.51,35.21,21.23,22.83,21.46,98.26,56.78,49.52,37.77
463.52,35.21,21.23,22.83,21.42,98.64,56.78,49.52,37.70
463.53,35.21,21.26,22.87,21.46,98.26,56.78,49.52,37.77
463.54,35.21,21.26,22.87,21.42,98.64,56.78,49.64,37.77
463.55,35.21,21.26,22.87,21.46,98.26,56.78,49.52,37.77
463.56,35.28,21.23,22.87,21.42,98.64,56.78,49.52,37.77
463.57,35.21,21.23,22.87,21.42,98.64,56.78,49.52,37.77
463.58,35.28,21.23,22.83,21.46,98.64,56.50,49.52,37.77
463.59,35.21,21.23,22.87,21.46,98.64,56.78,49.52,37.77
463.60,35.28,21.26,22.87,21.46,98.64,56.78,49.52,37.77
463.61,35.28,21.23,22.83,21.42,98.64,56.78,49.52,37.77
463.62,35.21,21.23,22.83,21.42,98.64,56.64,49.41,37.77
463.63,35.21,21.23,22.87,21.42,98.64,56.78,49.52,37.77
463.64,35.21,21.23,22.87,21.46,98.64,56.78,49.52,37.70
463.65,35.28,21.26,22.87,21.46,98.64,56.78,49.52,37.77
463.66,35.21,21.23,22.83,21.42,98.64,56.64,49.52,37.77
463.67,35.21,21.23,22.83,21.46,98.26,56.64,49.52,37.77
463.68,35.21,21.23,22.87,21.46,98.64,56.64,49.52,37.77
463.69,35.21,21.23,22.87,21.46,98.64,56.78,49.52,37.77
463.70,35.28,21.26,22.87,21.46,98.64,56.78,49.52,37.77
463.71,35.21,21.23,22.83,21.42,98.64,56.78,49.52,37.77
463.72,35.21,21.23,22.87,21.46,98.64,56.78,49.52,37.77
463.73,35.21,21.23,22.87,21.42,98.64,56.78,49.52,37.77
463.74,35.21,21.23,22.87,21.46,98.64,56.78,49.52,37.77
463.75,35.28,21.26,22.87,21.46,98.64,56.64,49.52,37.77
463.76,35.21,21.23,22.83,21.42,98.26,56.78,49.52,37.77
463.77,35.21,21.23,22.83,21.42,98.26,56.64,49.52,37.77
463.78,35.15,21.23,22.83,21.42,98.64,56.78,49.52,37.77
463.79,35.21,21.26,22.87,21.46,98.64,56.78,49.52,37.77
463.80,35.21,21.23,22.87,21.46,98.64,56.78,49.52,37.77
463.81,35.28,21.23,22.83,21.42,98.64,56.64,49.52,37.77
463.82,35.15,21.23,22.83,21.46,98.26,56.78,49.41,37.77
463.83,35.21,21.23,22.87,21.46,98.64,56.64,49.52,37.77
463.84,35.21,21.26,22.87,21.42,98.64,56.78,49.52,37.77
463.85,35.21,21.26,22.87,21.46,98.26,56.78,49.52,37.84
463.86,35.28,21.23,22.83,21.46,98.26,56.64,49.52,37.77
463.87,35.15,21.23,22.83,21.46,98.64,56.64,49.52,37.77
463.88,35.15,21.23,22.83,21.42,98.64,56.78,49.52,37.77
463.89,35.28,21.23,22.87,21.42,98.64,56.64,49.52,37.84
463.90,35.21,21.23,22.87,21.46,98.64,56.78,49.52,37.77
463.91,35.28,21.23,22.83,21.46,98.26,56.78,49.52,37.77
463.92,35.28,21.23,22.83,21.46,98.26,56.78,49.52,37.77
463.93,35.15,21.23,22.83,21.42,98.64,56.64,49.52,37.77
463.94,35.21,21.26,22.87,21.46,98.64,56.64,49.52,37.77
463.95,35.21,21.23,22.83,21.46,98.64,56.78,49.41,37.77
463.96,35.21,21.23,22.83,21.42,98.64,56.78,49.52,37.77
463.97,35.21,21.23,22.83,21.42,98.26,56.78,49.52,37.77
463.98,35.21,21.23,22.83,21.42,98.64,56.64,49.52,37.77
463.99,35.21,21.23,22.87,21.46,98.64,56.78,49.52,37.77
464.00,35.28,21.23,22.87,21.42,98.26,56.78,49.52,37.77
464.01,35.15,21.23,22.83,21.46,98.64,56.64,49.52,37.77
464.02,35.21,21.23,22.83,21.42,98.26,56.78,49.52,37.77
464.03,35.28,21.23,22.83,21.42,98.26,56.64,49.41,37.77
464.04,35.28,21.29,22.87,21.46,98.64,56.78,49.52,37.77
464.05,35.21,21.23,22.87,21.42,98.64,56.78,49.52,37.77
464.06,35.21,21.26,22.83,21.46,98.26,56.64,49.52,37.77
464.07,35.15,21.23,22.83,21.42,98.64,56.64,49.41,37.77
464.08,35.21,21.23,22.83,21.42,98.64,56.78,49.52,37.77
464.09,35.21,21.23,22.87,21.46,98.64,56.64,49.52,37.77
464.10,35.21,21.26,22.83,21.42,98.64,56.64,49.52,37.77
464.11,35.21,21.23,22.83,21.42,98.64,56.64,49.52,37.70
464.12,35.28,21.23,22.83,21.46,98.26,56.78,49.52,37.77
464.13,35.21,21.23,22.87,21.42,98.64,56.50,49.52,37.70
464.14,35.28,21.23,22.83,21.46,98.64,56.92,49.52,37.77
464.15,35.28,21.23,22.83,21.42,98.64,56.78,49.52,37.70
464.16,35.28,21.26,22.83,21.46,98.64,56.64,49.41,37.77
464.17,35.15,21.19,22.83,21.42,98.64,56.64,49.52,37.77
464.18,35.21,21.23,22.83,21.46,98.64,56.78,49.52,37.77
464.19,35.21,21.26,22.83,21.46,98.64,56.64,49.52,37.77
464.20,35.21,21.23,22.83,21.46,98.64,56.78,49.52,37.77
464.21,35.15,21.23,22.83,21.46,98.64,56.64,49.41,37.77
464.22,35.21,21.23,22.83,21.46,98.26,56.78,49.41,37.77
464.23,35.21,21.23,22.83,21.46,98.64,56.78,49.52,37.77
464.24,35.15,21.23,22.83,21.46,98.64,56.78,49.52,37.77
464.25,35.34,21.23,22.83,21.46,98.64,56.78,49.52,37.77
464.26,35.08,21.23,22.83,21.46,98.26,56.78,49.52,37.77
464.27,35.21,21.23,22.83,21.42,98.64,56.78,49.41,37.70
464.28,35.15,21.23,22.83,21.46,98.26,56.78,49.52,37.77
464.29,35.15,21.23,22.83,21.46,98.64,56.78,49.52,37.77
464.30,35.28,21.26,22.83,21.42,98.64,56.78,49.52,37.77
464.31,35.15,21.23,22.83,21.42,98.26,56.64,49.41,37.77
464.32,35.28,21.23,22.80,21.46,98.26,56.64,49.41,37.84
464.33,35.21,21.23,22.83,21.42,98.26,56.64,49.41,37.77
464.34,35.21,21.23,22.83,21.46,98.26,56.78,49.52,37.77
464.35,35.21,21.23,22.83,21.42,98.64,56.78,49.52,37.77
464.36,35.15,21.23,22.83,21.42,98.64,56.64,49.52,37.77
464.37,35.15,21.23,22.80,21.42,98.26,56.64,49.52,37.77
464.38,35.15,21.23,22.83,21.42,98.26,56.64,49.41,37.77
464.39,35.21,21.23,22.83,21.42,98.64,56.78,49.64,37.77
464.40,35.28,21.23,22.83,21.46,98.64,56.78,49.41,37.77
464.41,35.15,21.23,22.83,21.46,98.26,56.78,49.41,37.77
464.42,35.15,21.23,22.83,21.42,98.64,56.78,49.52,37.77
464.43,35.21,21.23,22.83,21.46,98.64,56.78,49.41,37.77
464.44,35.21,21.23,22.83,21.42,98.64,56.64,49.52,37.77
464.45,35.21,21.23,22.83,21.46,98.64,56.78,49.52,37.77
464.46,35.15,21.23,22.83,21.42,98.64,56.64,49.41,37.77
464.47,35.15,21.23,22.83,21.46,98.64,56.64,49.52,37.77
464.48,35.08,21.23,22.83,21.46,98.26,56.64,49.64,37.77
464.49,35.21,21.23,22.83,21.46,98.64,56.78,49.52,37.77
464.50,35.21,21.23,22.83,21.46,98.64,56.78,49.52,37.77
464.51,35.21,21.23,22.83,21.42,98.26,56.64,49.52,37.77
464.52,35.15,21.23,22.83,21.46,98.64,56.78,49.52,37.77
464.53,35.21,21.23,22.83,21.46,98.26,56.78,49.52,37.77
464.54,35.21,21.26,22.83,21.42,98.64,56.78,49.52,37.77
464.55,35.21,21.26,22.83,21.42,98.64,56.78,49.52,37.77
464.56,35.15,21.23,22.83,21.42,98.26,56.64,49.52,37.77
464.57,35.15,21.23,22.83,21.42,98.64,56.64,49.52,37.77
464.58,35.21,21.23,22.83,21.42,98.64,56.78,49.52,37.77
464.59,35.21,21.26,22.83,21.42,98.64,56.78,49.52,37.77
464.60,35.21,21.23,22.83,21.46,98.64,56.78,49.52,37.84
464.61,35.21,21.23,22.83,21.42,98.64,56.64,49.52,37.77
464.62,35.21,21.23,22.83,21.42,98.64,56.64,49.52,37.84
464.63,35.21,21.26,22.83,21.42,98.64,56.78,49.52,37.77
464.64,35.21,21.26,22.83,21.42,98.64,56.78,49.52,37.77
464.65,35.21,21.26,22.83,21.42,98.64,56.78,49.52,37.77
464.66,35.21,21.23,22.83,21.42,98.26,56.64,49.52,37.77
464.67,35.21,21.23,22.80,21.42,98.26,56.64,49.41,37.77
464.68,35.21,21.23,22.83,21.46,98.64,56.78,49.52,37.77
464.69,35.21,21.23,22.83,21.46,98.26,56.78,49.52,37.77
464.70,35.28,21.23,22.83,21.42,98.26,56.64,49.52,37.77
464.71,35.21,21.19,22.83,21.46,98.26,56.64,49.52,37.77
464.72,35.15,21.23,22.80,21.46,98.26,56.64,49.52,37.77
464.73,35.15,21.23,22.83,21.46,98.64,56.64,49.52,37.77
464.74,35.21,21.26,22.83,21.42,98.64,56.78,49.52,37.77
464.75,35.28,21.23,22.83,21.46,98.64,56.78,49.52,37.77
464.76,35.15,21.23,22.83,21.46,98.26,56.78,49.52,37.77
464.77,35.15,21.23,22.80,21.46,98.64,56.64,49.41,37.77
464.78,35.15,21.19,22.83,21.46,98.64,56.64,49.52,37.77
464.79,35.21,21.23,22.83,21.46,98.64,56.78,49.52,37.77
464.80,35.21,21.26,22.83,21.46,98.64,56.64,49.52,37.77
464.81,35.21,21.23,22.83,21.42,98.26,56.64,49.52,37.77
464.82,35.15,21.23,22.83,21.46,98.64,56.78,49.52,37.77
464.83,35.21,21.23,22.80,21.46,98.64,56.64,49.52,37.77
464.84,35.21,21.23,22.83,21.46,98.64,56.78,49.52,37.77
464.85,35.21,21.23,22.83,21.42,98.64,56.64,49.52,37.77
464.86,35.21,21.23,22.83,21.42,98.26,56.64,49.41,37.77
464.87,35.15,21.23,22.83,21.46,98.64,56.64,49.41,37.84
464.88,35.21,21.23,22.83,21.42,98.26,56.78,49.52,37.84
464.89,35.21,21.23,22.83,21.46,98.64,56.78,49.52,37.77
464.90,35.21,21.23,22.83,21.42,98.64,56.64,49.41,37.77
464.91,35.21,21.23,22.83,21.46,98.26,56.64,49.52,37.77
464.92,35.21,21.23,22.80,21.46,98.26,56.78,49.52,37.77
464.93,35.21,21.23,22.83,21.46,98.26,56.78,49.52,37.77
464.94,35.28,21.23,22.83,21.42,98.64,56.78,49.52,37.77
464.95,35.21,21.23,22.83,21.42,98.64,56.78,49.41,37.77
464.96,35.15,21.23,22.80,21.46,98.26,56.78,49.52,37.84
464.97,35.21,21.23,22.83,21.46,98.64,56.64,49.52,37.84
464.98,35.15,21.23,22.83,21.46,98.26,56.64,49.52,37.77
464.99,35.21,21.23,22.83,21.46,98.64,56.78,49.52,37.77
465.00,35.21,21.23,22.83,21.46,98.26,56.78,49.52,37.77
465.01,35.21,21.23,22.83,21.46,98.26,56.78,49.41,37.77
465.02,35.15,21.23,22.83,21.46,98.26,56.64,49.52,37.77
465.03,35.21,21.23,22.83,21.46,98.26,56.64,49.52,37.77
465.04,35.15,21.23,22.83,21.42,98.64,56.78,49.52,37.77
465.05,35.21,21.23,22.83,21.46,98.26,56.78,49.52,37.84
465.06,35.15,21.23,22.83,21.46,98.26,56.78,49.52,37.77
465.07,35.28,21.23,22.83,21.46,98.26,56.64,49.52,37.77
465.08,35.21,21.23,22.83,21.42,98.26,56.78,49.52,37.77
465.09,35.21,21.23,22.83,21.46,98.64,56.78,49.52,37.77
465.10,35.21,21.23,22.83,21.46,98.64,56.78,49.52,37.77
465.11,35.21,21.23,22.80,21.46,98.64,56.64,49.52,37.77
465.12,35.15,21.23,22.83,21.46,98.26,56.78,49.41,37.77
465.13,35.15,21.23,22.83,21.46,98.26,56.78,49.52,37.77
465.14,35.21,21.23,22.83,21.46,98.26,56.78,49.52,37.77
465.15,35.21,21.23,22.83,21.46,98.64,56.78,49.52,37.84
465.16,35.15,21.23,22.83,21.46,98.26,56.64,49.52,37.77
465.17,35.21,21.23,22.80,21.42,98.64,56.64,49.52,37.77
465.18,35.15,21.23,22.83,21.46,98.64,56.78,49.52,37.84
465.19,35.21,21.26,22.83,21.46,98.64,56.78,49.64,37.77
465.20,35.21,21.23,22.83,21.42,98.64,56.78,49.52,37.77
465.21,35.21,21.23,22.83,21.46,98.64,56.78,49.52,37.84
465.22,35.15,21.23,22.83,21.46,98.26,56.64,49.52,37.84
465.23,35.15,21.23,22.83,21.46,98.64,56.64,49.52,37.77
465.24,35.28,21.23,22.83,21.46,98.64,56.78,49.52,37.77
465.25,35.21,21.26,22.83,21.46,98.26,56.78,49.52,37.77
465.26,35.21,21.23,22.80,21.46,98.64,56.78,49.41,37.77
465.27,35.15,21.23,22.83,21.46,98.26,56.64,49.52,37.70
465.28,35.15,21.23,22.83,21.46,98.64,56.64,49.30,37.77
465.29,35.21,21.19,22.83,21.46,98.64,56.78,49.52,37.77
465.30,35.21,21.26,22.83,21.42,98.64,56.64,49.52,37.77
465.31,35.21,21.23,22.83,21.46,98.26,56.78,49.52,37.77
465.32,35.21,21.23,22.83,21.46,98.26,56.64,49.52,37.77
465.33,35.15,21.23,22.83,21.42,98.64,56.78,49.52,37.84
465.34,35.21,21.23,22.83,21.46,98.26,56.64,49.52,37.77
465.35,35.21,21.23,22.83,21.46,98.26,56.78,49.52,37.84
465.36,35.21,21.23,22.83,21.46,98.26,56.64,49.52,37.77
465.37,35.21,21.23,22.83,21.42,98.64,56.64,49.52,37.77
465.38,35.21,21.23,22.83,21.46,98.26,56.92,49.52,37.84
465.39,35.21,21.26,22.83,21.46,98.64,56.50,49.52,37.70
465.40,35.21,21.26,22.83,21.42,98.26,56.92,49.52,37.84
465.41,35.21,21.23,22.83,21.46,98.26,56.78,49.52,37.77
465.42,35.15,21.23,22.83,21.46,98.64,56.64,49.52,37.77
465.43,35.21,21.23,22.83,21.46,98.26,56.78,49.41,37.84
465.44,35.28,21.26,22.87,21.46,98.64,56.78,49.52,37.77
465.45,35.21,21.23,22.83,21.46,98.26,56.78,49.52,37.77
465.46,35.21,21.23,22.83,21.46,98.64,56.78,49.41,37.77
465.47,35.15,21.23,22.83,21.46,98.64,56.64,49.52,37.84
465.48,35.21,21.23,22.83,21.42,98.64,56.78,49.41,37.77
465.49,35.15,21.26,22.83,21.46,98.64,56.78,49.52,37.77
465.50,35.21,21.23,22.83,21.42,98.26,56.78,49.52,37.77
465.51,35.21,21.23,22.80,21.46,98.64,56.64,49.52,37.77
465.52,35.15,21.23,22.83,21.46,98.26,56.78,49.52,37.84
465.53,35.21,21.23,22.83,21.46,98.26,56.78,49.52,37.77
465.54,35.21,21.23,22.83,21.46,98.64,56.78,49.52,37.77
465.55,35.21,21.26,22.83,21.42,98.64,56.78,49.52,37.84
465.56,35.21,21.23,22.87,21.46,98.64,56.78,49.52,37.84
465.57,35.21,21.23,22.83,21.46,98.26,56.78,49.41,37.84
465.58,35.15,21.23,22.83,21.46,98.64,56.78,49.52,37.84
465.59,35.21,21.26,22.83,21.42,98.26,56.78,49.52,37.77
465.60,35.28,21.26,22.83,21.42,98.64,56.78,49.52,37.77
465.61,35.21,21.23,22.83,21.42,98.26,56.78,49.52,37.84
465.62,35.21,21.23,22.83,21.46,98.26,56.64,49.41,37.84
465.63,35.21,21.23,22.83,21.46,98.64,56.78,49.52,37.84
465.64,35.21,21.23,22.83,21.46,98.26,56.78,49.41,37.84
465.65,35.21,21.26,22.80,21.46,98.26,56.64,49.75,37.77
465.66,35.15,21.23,22.80,21.42,98.26,56.64,49.41,37.77
465.67,35.15,21.23,22.83,21.42,98.26,56.64,49.52,37.84
465.68,35.21,21.23,22.83,21.42,98.64,56.78,49.52,37.77
465.69,35.21,21.26,22.83,21.46,98.64,56.64,49.52,37.77
465.70,35.21,21.23,22.83,21.42,98.26,56.64,49.52,37.77
465.71,35.15,21.23,22.83,21.46,98.26,56.78,49.52,37.84
465.72,35.21,21.23,22.80,21.46,98.64,56.64,49.52,37.77
465.73,35.21,21.23,22.83,21.46,98.64,56.78,49.52,37.84
465.74,35.28,21.26,22.83,21.42,98.26,56.78,49.52,37.77
465.75,35.21,21.23,22.83,21.46,98.26,56.64,49.52,37.77
465.76,35.15,21.23,22.80,21.46,98.26,56.78,49.52,37.77
465.77,35.15,21.23,22.83,21.46,98.64,56.64,49.52,37.84
465.78,35.21,21.23,22.80,21.46,98.64,56.78,49.52,37.77
465.79,35.15,21.26,22.83,21.46,98.64,56.78,49.52,37.77
465.80,35.15,21.23,22.83,21.46,98.26,56.78,49.52,37.84
465.81,35.15,21.23,22.83,21.46,98.26,56.64,49.52,37.77
465.82,35.21,21.23,22.83,21.46,98.64,56.64,49.41,37.77
465.83,35.21,21.23,22.80,21.46,98.64,56.78,49.52,37.84
465.84,35.21,21.26,22.83,21.46,98.26,56.78,49.52,37.77
465.85,35.21,21.23,22.83,21.46,98.64,56.78,49.52,37.84
465.86,35.15,21.23,22.80,21.46,98.26,56.64,49.52,37.77
465.87,35.15,21.23,22.83,21.42,98.26,56.64,49.52,37.77
465.88,35.21,21.23,22.83,21.46,98.26,56.64,49.52,37.77
465.89,35.21,21.26,22.83,21.46,98.64,56.78,49.52,37.77
465.90,35.21,21.23,22.83,21.46,98.26,56.78,49.52,37.77
465.91,35.21,21.23,22.80,21.46,98.64,56.78,49.41,37.77
465.92,35.15,21.23,22.83,21.46,98.26,56.78,49.52,37.77
465.93,35.15,21.23,22.80,21.46,98.64,56.78,49.52,37.84
465.94,35.21,21.26,22.83,21.42,98.26,56.78,49.52,37.84
465.95,35.21,21.23,22.83,21.46,98.26,56.64,49.52,37.77
465.96,35.15,21.23,22.80,21.46,98.26,56.78,49.41,37.77
465.97,35.21,21.23,22.80,21.42,98.26,56.78,49.52,37.77
465.98,35.21,21.23,22.83,21.46,98.64,56.78,49.52,37.77
465.99,35.21,21.23,22.83,21.46,98.64,56.78,49.52,37.84
466.00,35.15,21.23,22.83,21.46,98.64,56.78,49.52,37.77
466.01,35.15,21.23,22.80,21.46,98.26,56.64,49.52,37.77
466.02,35.21,21.23,22.83,21.42,98.26,56.64,49.52,37.77
466.03,35.21,21.23,22.83,21.46,98.64,56.78,49.52,37.77
466.04,35.21,21.26,22.83,21.46,98.64,56.78,49.52,37.77
466.05,35.21,21.26,22.83,21.46,98.26,56.78,49.52,37.77
466.06,35.15,21.23,22.80,21.42,98.26,56.78,49.41,37.77
466.07,35.15,21.23,22.83,21.46,98.26,56.78,49.52,37.84
466.08,35.21,21.23,22.83,21.42,98.64,56.78,49.52,37.77
466.09,35.15,21.26,22.80,21.42,98.64,56.78,49.52,37.84
466.10,35.21,21.23,22.83,21.46,98.26,56.64,49.52,37.77
466.11,35.21,21.23,22.80,21.46,98.26,56.64,49.41,37.77
466.12,35.21,21.23,22.80,21.42,98.26,56.64,49.41,37.77
466.13,35.28,21.23,22.80,21.46,98.64,56.78,49.52,37.84
466.14,35.28,21.26,22.83,21.46,98.64,56.78,49.52,37.84
466.15,35.15,21.23,22.83,21.46,98.26,56.78,49.52,37.77
466.16,35.15,21.23,22.80,21.46,98.64,56.78,49.52,37.77
466.17,35.21,21.23,22.83,21.46,98.26,56.64,49.52,37.77
466.18,35.21,21.23,22.80,21.46,98.26,56.78,49.30,37.84
466.19,35.28,21.26,22.83,21.46,98.64,56.78,49.52,37.77
466.20,35.15,21.23,22.83,21.46,98.64,56.78,49.52,37.77
466.21,35.21,21.23,22.80,21.46,98.26,56.78,49.52,37.77
466.22,35.21,21.23,22.80,21.46,98.26,56.78,49.41,37.77
466.23,35.15,21.23,22.80,21.46,98.26,56.64,49.52,37.77
466.24,35.15,21.26,22.83,21.46,98.26,56.78,49.52,37.77
466.25,35.15,21.23,22.83,21.46,98.26,56.64,49.52,37.84
466.26,35.08,21.23,22.80,21.46,98.26,56.78,49.52,37.77
466.27,35.21,21.23,22.80,21.46,98.26,56.64,49.41,37.77
466.28,35.21,21.23,22.83,21.46,98.26,56.78,49.52,37.77
466.29,35.21,21.23,22.83,21.46,98.64,56.78,49.52,37.77
466.30,35.15,21.23,22.83,21.46,98.26,56.78,49.52,37.84
466.31,35.21,21.23,22.80,21.46,98.26,56.64,49.52,37.77
466.32,35.15,21.23,22.80,21.42,98.26,56.64,49.52,37.77
466.33,35.15,21.23,22.80,21.46,98.26,56.78,49.52,37.77
466.34,35.21,21.23,22.83,21.46,98.26,56.78,49.52,37.77
466.35,35.15,21.23,22.83,21.46,98.26,56.64,49.41,37.77
466.36,35.21,21.19,22.80,21.46,98.64,56.64,49.41,37.77
466.37,35.15,21.23,22.80,21.46,98.26,56.64,49.41,37.77
466.38,35.15,21.23,22.83,21.46,98.26,56.78,49.41,37.77
466.39,35.15,21.23,22.83,21.46,98.26,56.78,49.52,37.77
466.40,35.15,21.23,22.83,21.46,98.64,56.78,49.52,37.77
466.41,35.21,21.23,22.83,21.42,98.26,56.78,49.41,37.84
466.42,35.15,21.23,22.83,21.46,98.26,56.78,49.41,37.77
466.43,35.15,21.23,22.83,21.46,98.26,56.64,49.52,37.77
466.44,35.15,21.26,22.83,21.46,98.26,56.64,49.52,37.84
466.45,35.15,21.23,22.83,21.42,98.26,56.78,49.52,37.77
466.46,35.21,21.23,22.80,21.46,98.26,56.64,49.52,37.77
466.47,35.15,21.23,22.80,21.46,98.26,56.78,49.41,37.77
466.48,35.15,21.23,22.83,21.46,98.64,56.64,49.52,37.77
466.49,35.15,21.26,22.80,21.46,98.64,56.78,49.52,37.77
466.50,35.21,21.23,22.83,21.46,98.26,56.78,49.41,37.84
466.51,35.15,21.23,22.80,21.46,98.26,56.78,49.41,37.77
466.52,35.15,21.23,22.83,21.46,98.26,56.64,49.52,37.77
466.53,35.15,21.23,22.83,21.46,98.26,56.78,49.52,37.77
466.54,35.21,21.23,22.83,21.46,98.64,56.78,49.52,37.84
466.55,35.21,21.26,22.83,21.42,98.26,56.78,49.52,37.77
466.56,35.21,21.26,22.83,21.46,98.26,56.78,49.52,37.77
466.57,35.15,21.23,22.80,21.46,98.64,56.92,49.52,37.84
466.58,35.21,21.26,22.83,21.46,98.64,56.78,49.52,37.77
466.59,35.21,21.26,22.83,21.46,98.64,56.78,49.52,37.77
466.60,35.15,21.26,22.83,21.46,98.64,56.78,49.52,37.77
466.61,35.15,21.23,22.80,21.46,98.26,56.78,49.52,37.84
466.62,35.15,21.23,22.80,21.46,98.26,56.78,49.52,37.84
466.63,35.21,21.23,22.83,21.46,98.64,56.78,49.52,37.77
466.64,35.21,21.26,22.83,21.42,98.26,56.92,49.52,37.84
466.65,35.15,21.26,22.83,21.46,98.64,56.78,49.52,37.70
466.66,35.15,21.23,22.80,21.46,98.26,56.64,49.52,37.77
466.67,35.15,21.23,22.83,21.42,98.64,56.78,49.52,37.84
466.68,35.21,21.26,22.83,21.46,98.64,56.78,49.52,37.77
466.69,35.15,21.26,22.83,21.46,98.26,56.78,49.52,37.84
466.70,35.15,21.23,22.83,21.46,98.64,56.78,49.52,37.77
466.71,35.15,21.23,22.83,21.46,98.26,56.78,49.52,37.84
466.72,35.21,21.26,22.80,21.42,98.26,56.64,49.52,37.77
466.73,35.21,21.23,22.83,21.46,98.26,56.78,49.52,37.77
466.74,35.15,21.26,22.83,21.46,98.64,56.78,49.52,37.84
466.75,35.15,21.26,22.83,21.46,98.26,56.78,49.52,37.77
466.76,35.21,21.23,22.80,21.42,98.64,56.78,49.52,37.84
466.77,35.21,21.23,22.83,21.46,98.26,56.78,49.41,37.84
466.78,35.21,21.23,22.83,21.46,98.64,56.78,49.52,37.84
466.79,35.28,21.26,22.87,21.46,98.64,56.78,49.52,37.84
466.80,35.21,21.26,22.80,21.42,98.26,56.78,49.52,37.77
466.81,35.15,21.23,22.80,21.46,98.26,56.78,49.52,37.84
466.82,35.15,21.23,22.83,21.46,98.26,56.64,49.52,37.84
466.83,35.21,21.19,22.83,21.46,98.26,56.78,49.52,37.77
466.84,35.21,21.23,22.83,21.46,98.64,56.78,49.52,37.77
466.85,35.21,21.26,22.83,21.46,98.26,56.78,49.52,37.77
466.86,35.21,21.23,22.80,21.46,98.64,56.78,49.52,37.84
466.87,35.15,21.23,22.83,21.46,98.26,56.78,49.52,37.84
466.88,35.15,21.23,22.83,21.46,98.26,56.78,49.41,37.77
466.89,35.21,21.26,22.87,21.46,98.64,56.78,49.64,37.84
466.90,35.21,21.26,22.83,21.46,98.64,56.78,49.30,37.77
466.91,35.15,21.23,22.83,21.46,98.26,56.64,49.52,37.77
466.92,35.15,21.23,22.83,21.46,98.64,56.78,49.52,37.91
466.93,35.21,21.23,22.83,21.46,98.26,56.78,49.52,37.84
466.94,35.28,21.26,22.83,21.46,98.64,56.78,49.52,37.77
466.95,35.21,21.26,22.80,21.46,98.64,56.78,49.52,37.77
466.96,35.15,21.26,22.80,21.46,98.64,56.78,49.52,37.77
466.97,35.15,21.23,22.83,21.46,98.26,56.78,49.52,37.77
466.98,35.21,21.26,22.83,21.46,98.26,56.78,49.52,37.84
466.99,35.15,21.23,22.83,21.46,98.64,56.78,49.52,37.77
467.00,35.21,21.23,22.83,21.46,98.64,56.78,49.64,37.84
467.01,35.15,21.23,22.83,21.46,98.26,56.78,49.52,37.84
467.02,35.21,21.23,22.83,21.46,98.26,56.78,49.52,37.84
467.03,35.21,21.26,22.83,21.46,98.64,56.78,49.52,37.77
467.04,35.21,21.26,22.83,21.46,98.64,56.78,49.52,37.84
467.05,35.15,21.26,22.83,21.42,98.26,56.78,49.52,37.84
467.06,35.15,21.23,22.80,21.46,98.26,56.78,49.52,37.77
467.07,35.15,21.23,22.80,21.46,98.26,56.78,49.52,37.84
467.08,35.21,21.23,22.83,21.46,98.26,56.78,49.52,37.84
467.09,35.15,21.26,22.83,21.46,98.64,56.78,49.52,37.77
467.10,35.15,21.23,22.83,21.46,98.64,56.78,49.52,37.84
467.11,35.15,21.23,22.83,21.46,98.26,56.78,49.52,37.84
467.12,35.15,21.23,22.80,21.46,98.26,56.78,49.52,37.84
467.13,35.15,21.23,22.83,21.46,98.26,56.78,49.52,37.84
467.14,35.21,21.26,22.83,21.46,98.26,56.78,49.52,37.77
467.15,35.15,21.23,22.83,21.46,98.64,56.78,49.52,37.84
467.16,35.21,21.23,22.80,21.46,98.26,56.78,49.52,37.77
467.17,35.21,21.26,22.80,21.46,98.26,56.78,49.52,37.84
467.18,35.21,21.26,22.83,21.46,98.26,56.64,49.52,37.84
467.19,35.21,21.26,22.83,21.46,98.26,56.78,49.52,37.77
467.20,35.21,21.23,22.83,21.46,98.26,56.78,49.52,37.84
467.21,35.21,21.23,22.80,21.46,98.26,56.78,49.52,37.84
467.22,35.21,21.26,22.83,21.46,98.26,56.78,49.52,37.84
467.23,35.21,21.26,22.83,21.46,98.26,56.64,49.52,37.84
467.24,35.15,21.26,22.83,21.46,98.26,56.78,49.52,37.84
467.25,35.15,21.23,22.83,21.46,98.64,56.78,49.52,37.77
467.26,35.15,21.23,22.80,21.46,98.26,56.64,49.52,37.84
467.27,35.15,21.23,22.80,21.46,98.26,56.78,49.52,37.84
467.28,35.15,21.26,22.80,21.46,98.64,56.78,49.52,37.77
467.29,35.21,21.26,22.83,21.46,98.64,56.78,49.52,37.84
467.30,35.15,21.26,22.83,21.46,98.64,56.78,49.52,37.84
467.31,35.15,21.23,22.83,21.46,98.64,56.64,49.52,37.77
467.32,35.15,21.23,22.83,21.46,98.26,56.78,49.52,37.77
467.33,35.21,21.26,22.83,21.46,98.64,56.78,49.52,37.84
467.34,35.21,21.26,22.83,21.46,98.64,56.78,49.52,37.84
467.35,35.21,21.26,22.83,21.46,98.64,56.64,49.52,37.84
467.36,35.21,21.26,22.83,21.46,98.64,56.78,49.52,37.84
467.37,35.15,21.23,22.83,21.46,98.64,56.64,49.52,37.77
467.38,35.21,21.26,22.83,21.46,98.26,56.78,49.52,37.84
467.39,35.21,21.26,22.83,21.46,98.26,56.78,49.52,37.84
467.40,35.21,21.26,22.83,21.46,98.26,56.78,49.52,37.84
467.41,35.21,21.26,22.83,21.46,98.64,56.64,49.41,37.84
467.42,35.15,21.23,22.83,21.46,98.64,56.78,49.52,37.84
467.43,35.21,21.26,22.83,21.46,98.64,56.78,49.52,37.77
467.44,35.21,21.26,22.83,21.46,98.64,56.64,49.52,37.77
467.45,35.21,21.26,22.83,21.46,98.26,56.78,49.52,37.77
467.46,35.15,21.26,22.83,21.46,98.26,56.78,49.52,37.84
467.47,35.15,21.23,22.83,21.46,98.64,56.78,49.52,37.84
467.48,35.21,21.26,22.83,21.46,98.64,56.78,49.52,37.84
467.49,35.28,21.26,22.83,21.46,98.64,56.78,49.52,37.77
467.50,35.28,21.26,22.83,21.46,98.26,56.78,49.52,37.77
467.51,35.15,21.23,22.83,21.46,98.64,56.78,49.52,37.84
467.52,35.21,21.23,22.83,21.46,98.64,56.78,49.52,37.77
467.53,35.21,21.23,22.83,21.46,98.64,56.78,49.52,37.84
467.54,35.21,21.26,22.83,21.46,98.64,56.78,49.52,37.84
467.55,35.21,21.23,22.83,21.46,98.64,56.78,49.52,37.84
467.56,35.21,21.23,22.83,21.46,98.26,56.78,49.52,37.84
467.57,35.21,21.26,22.83,21.46,98.26,56.78,49.52,37.84
467.58,35.21,21.26,22.83,21.46,98.64,56.78,49.52,37.77
467.59,35.21,21.26,22.83,21.46,98.64,56.78,49.52,37.84
467.60,35.28,21.26,22.83,21.46,98.64,56.78,49.52,37.84
467.61,35.21,21.26,22.83,21.46,98.26,56.78,49.52,37.77
467.62,35.15,21.26,22.83,21.46,98.26,56.78,49.52,37.84
467.63,35.15,21.23,22.83,21.46,98.26,56.64,49.64,37.77
467.64,35.21,21.26,22.83,21.46,98.64,56.78,49.52,37.84
467.65,35.15,21.26,22.83,21.46,98.64,56.78,49.52,37.84
467.66,35.15,21.23,22.83,21.46,98.64,56.78,49.52,37.77
467.67,35.15,21.26,22.83,21.46,98.64,56.78,49.52,37.84
467.68,35.15,21.26,22.83,21.46,98.26,56.78,49.64,37.84
467.69,35.28,21.26,22.83,21.46,98.64,56.92,49.64,37.84
467.70,35.21,21.26,22.83,21.46,98.26,56.78,49.64,37.84
467.71,35.21,21.26,22.83,21.46,98.26,56.78,49.52,37.77
467.72,35.21,21.26,22.83,21.46,98.26,56.64,49.52,37.84
467.73,35.21,21.26,22.83,21.46,98.64,56.78,49.52,37.84
467.74,35.21,21.29,22.83,21.46,98.64,56.92,49.52,37.84
467.75,35.21,21.26,22.83,21.46,98.64,56.78,49.52,37.84
467.76,35.21,21.23,22.83,21.46,98.26,56.64,49.52,37.84
467.77,35.21,21.26,22.83,21.46,98.64,56.78,49.52,37.84
467.78,35.28,21.23,22.87,21.46,98.64,56.78,49.52,37.77
467.79,35.28,21.26,22.83,21.46,98.64,56.78,49.52,37.84
467.80,35.21,21.23,22.83,21.46,98.64,56.78,49.52,37.84
467.81,35.21,21.26,22.83,21.46,98.64,56.78,49.52,37.84
467.82,35.15,21.26,22.83,21.49,98.26,56.78,49.52,37.77
467.83,35.28,21.26,22.83,21.46,98.64,56.78,49.52,37.91
467.84,35.21,21.26,22.83,21.46,98.64,56.78,49.52,37.77
467.85,35.21,21.26,22.83,21.46,98.64,56.92,49.52,37.84
467.86,35.21,21.26,22.83,21.46,98.26,56.78,49.52,37.84
467.87,35.21,21.26,22.83,21.46,98.64,56.92,49.52,37.84
467.88,35.28,21.26,22.83,21.46,98.64,56.64,49.52,37.77
467.89,35.21,21.26,22.87,21.46,98.26,56.92,49.52,37.91
467.90,35.28,21.26,22.83,21.46,98.64,56.92,49.52,37.77
467.91,35.15,21.26,22.83,21.46,98.64,56.78,49.52,37.84
467.92,35.15,21.26,22.87,21.46,98.64,56.78,49.64,37.84
467.93,35.21,21.26,22.83,21.46,98.64,56.78,49.52,37.84
467.94,35.21,21.26,22.87,21.46,98.64,56.78,49.52,37.77
467.95,35.21,21.29,22.83,21.46,98.64,56.78,49.52,37.84
467.96,35.28,21.26,22.83,21.46,98.64,56.78,49.52,37.84
467.97,35.15,21.26,22.83,21.46,98.64,56.78,49.52,37.84
467.98,35.21,21.26,22.87,21.49,98.64,56.64,49.52,37.84
467.99,35.21,21.26,22.87,21.46,98.64,56.78,49.52,37.84
468.00,35.28,21.26,22.83,21.46,98.26,56.78,49.52,37.84
468.01,35.08,21.26,22.83,21.46,98.26,56.64,49.52,37.84
468.02,35.15,21.26,22.87,21.46,98.64,56.78,49.64,37.84
468.03,35.34,21.26,22.83,21.46,98.64,56.78,49.52,37.84
468.04,35.21,21.26,22.87,21.46,98.64,56.78,49.64,37.84
468.05,35.21,21.23,22.87,21.46,98.64,56.78,49.64,37.84
468.06,35.21,21.26,22.83,21.46,98.26,56.78,49.52,37.84
468.07,35.28,21.26,22.83,21.46,98.64,56.78,49.52,37.84
468.08,35.21,21.29,22.83,21.46,98.64,56.78,49.64,37.70
468.09,35.21,21.26,22.87,21.46,98.64,56.92,49.64,37.84
468.10,35.21,21.26,22.83,21.46,98.64,56.78,49.52,37.84
468.11,35.21,21.26,22.87,21.46,98.64,56.78,49.52,37.84
468.12,35.21,21.26,22.83,21.46,99.02,56.78,49.64,37.84
468.13,35.21,21.26,22.87,21.46,98.26,56.92,49.64,37.84
468.14,35.21,21.26,22.87,21.46,98.64,56.92,49.64,37.84
468.15,35.21,21.26,22.83,21.46,98.64,56.78,49.64,37.84
468.16,35.21,21.26,22.83,21.46,98.26,56.78,49.41,37.84
468.17,35.21,21.26,22.83,21.46,98.64,56.78,49.52,37.84
468.18,35.21,21.29,22.87,21.46,98.64,56.78,49.52,37.84
468.19,35.21,21.26,22.87,21.46,98.64,56.92,49.64,37.84
468.20,35.21,21.26,22.83,21.46,98.64,56.78,49.52,37.84
468.21,35.21,21.26,22.83,21.46,98.64,56.78,49.52,37.84
468.22,35.21,21.26,22.83,21.46,98.64,56.92,49.64,37.84
468.23,35.21,21.29,22.83,21.46,98.64,56.78,49.52,37.84
468.24,35.21,21.29,22.87,21.46,98.64,56.78,49.64,37.84
468.25,35.21,21.29,22.87,21.46,98.26,56.92,49.52,37.84
468.26,35.15,21.26,22.83,21.46,98.64,56.78,49.52,37.84
468.27,35.21,21.26,22.83,21.46,98.64,56.92,49.52,37.84
468.28,35.21,21.26,22.83,21.46,98.64,56.64,49.64,37.84
468.29,35.28,21.26,22.87,21.46,98.64,56.78,49.64,37.84
468.30,35.28,21.29,22.87,21.46,98.64,56.78,49.64,37.84
468.31,35.21,21.26,22.83,21.46,98.64,56.92,49.64,37.84
468.32,35.28,21.29,22.83,21.46,98.64,56.64,49.52,37.84
468.33,35.21,21.29,22.87,21.46,98.64,56.92,49.52,37.84
468.34,35.28,21.29,22.87,21.46,98.64,56.92,49.64,37.84
468.35,35.21,21.26,22.87,21.46,98.64,56.78,49.52,37.84
468.36,35.15,21.26,22.83,21.46,98.64,56.78,49.64,37.84
468.37,35.21,21.26,22.83,21.46,98.64,56.78,49.52,37.84
468.38,35.21,21.26,22.87,21.46,98.64,56.78,49.64,37.84
468.39,35.21,21.29,22.87,21.46,98.64,56.78,49.52,37.84
468.40,35.21,21.29,22.87,21.46,98.64,56.78,49.52,37.84
468.41,35.21,21.26,22.87,21.46,98.64,56.78,49.52,37.84
468.42,35.21,21.26,22.87,21.46,98.64,56.78,49.64,37.84
468.43,35.28,21.29,22.87,21.46,98.64,56.78,49.64,37.84
468.44,35.28,21.29,22.87,21.46,98.64,56.78,49.64,37.84
468.45,35.21,21.26,22.87,21.46,98.64,56.78,49.64,37.84
468.46,35.21,21.26,22.83,21.46,98.64,56.92,49.52,37.84
468.47,35.21,21.26,22.87,21.46,98.64,56.78,49.52,37.84
468.48,35.21,21.26,22.87,21.46,98.64,56.78,49.64,37.84
468.49,35.21,21.29,22.87,21.46,98.64,56.92,49.52,37.84
468.50,35.28,21.29,22.87,21.46,98.64,56.78,49.64,37.84
468.51,35.21,21.26,22.87,21.46,98.26,56.92,49.52,37.84
468.52,35.28,21.26,22.87,21.46,98.64,56.92,49.52,37.84
468.53,35.21,21.29,22.87,21.46,98.64,57.07,49.64,37.84
468.54,35.28,21.29,22.87,21.46,98.64,56.92,49.64,37.84
468.55,35.28,21.29,22.87,21.46,98.64,56.92,49.64,37.84
468.56,35.28,21.26,22.87,21.42,98.64,56.92,49.52,37.84
468.57,35.21,21.26,22.87,21.46,98.64,56.78,49.52,37.84
468.58,35.21,21.29,22.87,21.46,98.64,56.78,49.64,37.84
468.59,35.28,21.29,22.87,21.46,98.64,56.92,49.64,37.84
468.60,35.28,21.29,22.87,21.46,98.64,56.92,49.52,37.84
468.61,35.21,21.26,22.87,21.46,98.64,56.78,49.64,37.84
468.62,35.21,21.26,22.87,21.46,98.26,56.78,49.64,37.84
468.63,35.28,21.29,22.87,21.46,98.64,56.92,49.52,37.84
468.64,35.21,21.29,22.87,21.46,98.64,56.92,49.64,37.91
468.65,35.15,21.29,22.87,21.46,98.64,56.78,49.64,37.84
468.66,35.28,21.29,22.87,21.46,98.64,56.92,49.64,37.84
468.67,35.28,21.29,22.87,21.46,98.64,56.78,49.64,37.84
468.68,35.28,21.29,22.87,21.46,98.64,56.92,49.64,37.77
468.69,35.28,21.29,22.87,21.46,98.64,56.92,49.64,37.84
468.70,35.34,21.26,22.87,21.46,98.64,56.92,49.64,37.91
468.71,35.28,21.26,22.87,21.46,98.64,56.92,49.64,37.84
468.72,35.28,21.29,22.87,21.46,98.64,56.92,49.64,37.84
468.73,35.21,21.29,22.87,21.46,98.64,56.92,49.52,37.84
468.74,35.28,21.29,22.87,21.46,98.64,56.92,49.64,37.84
468.75,35.21,21.29,22.87,21.46,99.02,56.78,49.64,37.84
468.76,35.21,21.29,22.83,21.46,98.64,56.92,49.52,37.84
468.77,35.21,21.26,22.83,21.46,98.64,56.78,49.52,37.84
468.78,35.21,21.29,22.87,21.46,98.64,56.92,49.64,37.84
468.79,35.21,21.29,22.87,21.46,98.64,56.92,49.64,37.84
468.80,35.21,21.29,22.87,21.46,98.64,56.92,49.52,37.84
468.81,35.21,21.26,22.87,21.46,98.64,56.78,49.64,37.84
468.82,35.21,21.26,22.83,21.46,98.64,56.92,49.64,37.84
468.83,35.21,21.29,22.87,21.46,98.64,56.78,49.64,37.84
468.84,35.28,21.29,22.87,21.46,98.64,56.92,49.64,37.84
468.85,35.21,21.26,22.87,21.46,98.64,56.78,49.52,37.84
468.86,35.28,21.26,22.83,21.46,98.64,56.92,49.64,37.84
468.87,35.28,21.26,22.83,21.49,98.26,56.78,49.52,37.84
468.88,35.21,21.29,22.87,21.49,98.64,56.78,49.64,37.84
468.89,35.21,21.29,22.87,21.49,98.64,56.92,49.52,37.84
468.90,35.21,21.26,22.87,21.46,98.64,56.78,49.52,37.84
468.91,35.21,21.26,22.83,21.46,98.26,56.78,49.52,37.84
468.92,35.21,21.26,22.83,21.46,98.64,56.78,49.52,37.84
468.93,35.21,21.29,22.87,21.46,98.64,56.92,49.64,37.84
468.94,35.28,21.29,22.87,21.46,98.64,56.92,49.64,37.84
468.95,35.21,21.29,22.87,21.46,98.64,56.78,49.64,37.84
468.96,35.21,21.26,22.87,21.46,98.64,56.78,49.64,37.84
468.97,35.21,21.29,22.83,21.46,98.64,56.78,49.52,37.91
468.98,35.21,21.29,22.87,21.46,98.64,56.92,49.41,37.91
468.99,35.28,21.29,22.87,21.46,98.64,56.92,49.64,37.84
469.00,35.21,21.29,22.87,21.46,98.64,56.78,49.64,37.84
469.01,35.21,21.26,22.83,21.46,98.64,56.92,49.52,37.84
469.02,35.21,21.26,22.87,21.46,98.64,56.78,49.64,37.84
469.03,35.28,21.32,22.87,21.46,98.64,56.92,49.64,37.84
469.04,35.21,21.29,22.87,21.46,98.64,56.92,49.52,37.84
469.05,35.21,21.29,22.83,21.46,98.64,56.78,49.52,37.77
469.06,35.21,21.29,22.83,21.46,98.64,56.78,49.64,37.84
469.07,35.21,21.26,22.87,21.46,98.64,56.78,49.64,37.84
469.08,35.21,21.29,22.87,21.46,98.64,56.92,49.52,37.84
469.09,35.28,21.29,22.87,21.46,98.64,56.92,49.64,37.84
469.10,35.15,21.26,22.87,21.46,98.64,56.92,49.52,37.84
469.11,35.21,21.26,22.87,21.46,98.64,56.78,49.52,37.84
469.12,35.21,21.26,22.83,21.46,98.64,56.92,49.52,37.84
469.13,35.28,21.29,22.87,21.46,98.64,56.78,49.52,37.84
469.14,35.21,21.29,22.87,21.46,98.64,56.78,49.64,37.77
469.15,35.28,21.26,22.87,21.46,98.64,56.78,49.52,37.91
469.16,35.21,21.26,22.87,21.46,98.64,56.78,49.52,37.77
469.17,35.08,21.26,22.87,21.46,98.64,56.78,49.64,37.84
469.18,35.21,21.29,22.87,21.46,98.64,56.92,49.64,37.84
469.19,35.21,21.29,22.87,21.46,98.64,56.78,49.64,37.84
469.20,35.21,21.26,22.87,21.46,98.64,56.78,49.52,37.84
469.21,35.21,21.26,22.87,21.46,98.64,56.78,49.52,37.84
469.22,35.21,21.29,22.83,21.46,98.64,56.78,49.52,37.84
469.23,35.21,21.26,22.87,21.46,98.64,56.78,49.64,37.84
469.24,35.21,21.26,22.87,21.46,98.64,56.92,49.52,37.84
469.25,35.21,21.26,22.87,21.42,98.64,56.64,49.52,37.84
469.26,35.28,21.26,22.83,21.46,98.26,56.78,49.52,37.84
469.27,35.15,21.26,22.83,21.46,98.64,56.78,49.64,37.91
469.28,35.21,21.29,22.87,21.46,98.64,56.78,49.64,37.84
469.29,35.21,21.29,22.83,21.46,98.64,56.78,49.64,37.84
469.30,35.15,21.26,22.87,21.46,98.64,56.78,49.52,37.84
469.31,35.21,21.26,22.83,21.46,98.64,56.78,49.64,37.84
469.32,35.21,21.26,22.83,21.46,98.64,56.78,49.52,37.84
469.33,35.28,21.29,22.87,21.46,98.64,56.78,49.64,37.84
469.34,35.21,21.29,22.87,21.46,98.64,56.92,49.64,37.84
469.35,35.15,21.26,22.83,21.46,98.64,56.78,49.64,37.84
469.36,35.21,21.26,22.83,21.46,98.64,56.92,49.64,37.84
469.37,35.15,21.26,22.87,21.46,98.26,56.78,49.52,37.84
469.38,35.21,21.29,22.87,21.49,98.64,56.92,49.64,37.84
469.39,35.28,21.26,22.87,21.46,98.64,56.78,49.52,37.91
469.40,35.21,21.29,22.87,21.46,98.64,56.92,49.64,37.84
469.41,35.21,21.26,22.83,21.46,98.64,56.78,49.52,37.84
469.42,35.15,21.29,22.87,21.46,98.64,56.78,49.52,37.84
469.43,35.21,21.26,22.83,21.46,98.26,56.78,49.64,37.84
469.44,35.21,21.29,22.87,21.46,98.64,56.92,49.64,37.84
469.45,35.28,21.29,22.83,21.46,98.64,56.78,49.64,37.91
469.46,35.21,21.26,22.83,21.46,98.64,56.78,49.52,37.84
469.47,35.28,21.26,22.83,21.46,98.64,56.78,49.64,37.84
469.48,35.28,21.29,22.87,21.46,98.64,56.78,49.52,37.91
469.49,35.28,21.29,22.87,21.46,98.64,56.92,49.64,37.84
469.50,35.21,21.26,22.83,21.46,98.26,56.78,49.52,37.84
469.51,35.28,21.26,22.87,21.46,98.64,56.78,49.52,37.84
469.52,35.28,21.26,22.87,21.46,98.64,56.78,49.52,37.84
469.53,35.21,21.29,22.87,21.46,98.64,56.78,49.64,37.84
469.54,35.21,21.29,22.87,21.46,98.64,56.78,49.64,37.84
469.55,35.15,21.26,22.87,21.46,98.64,56.78,49.52,37.84
469.56,35.28,21.26,22.83,21.46,98.64,56.78,49.52,37.91
469.57,35.21,21.26,22.83,21.46,98.64,56.78,49.52,37.84
469.58,35.28,21.29,22.87,21.46,98.64,56.78,49.52,37.84
469.59,35.28,21.26,22.83,21.46,98.64,56.92,49.64,37.84
469.60,35.15,21.26,22.83,21.46,98.26,56.92,49.52,37.84
469.61,35.21,21.26,22.83,21.46,98.64,56.78,49.52,37.84
469.62,35.21,21.26,22.83,21.46,98.64,56.78,49.64,37.84
469.63,35.21,21.26,22.87,21.46,98.64,56.78,49.64,37.91
469.64,35.15,21.29,22.87,21.46,98.64,56.78,49.64,37.84
469.65,35.21,21.26,22.87,21.46,98.64,56.64,49.64,37.84
469.66,35.21,21.26,22.83,21.46,98.64,56.78,49.52,37.84
469.67,35.28,21.26,22.87,21.46,98.26,56.92,49.52,37.84
469.68,35.21,21.26,22.87,21.46,98.64,56.92,49.52,37.91
469.69,35.21,21.29,22.87,21.46,98.64,56.78,49.52,37.91
469.70,35.21,21.26,22.83,21.46,98.64,56.78,49.52,37.84
469.71,35.21,21.26,22.83,21.46,98.64,56.78,49.52,37.84
469.72,35.21,21.26,22.83,21.49,98.64,56.78,49.64,37.84
469.73,35.21,21.26,22.87,21.46,98.64,56.78,49.64,37.84
469.74,35.21,21.29,22.87,21.46,98.64,56.92,49.52,37.84
469.75,35.21,21.26,22.87,21.46,98.64,56.78,49.52,37.91
469.76,35.21,21.26,22.87,21.46,98.64,56.78,49.52,37.91
469.77,35.15,21.26,22.83,21.46,98.64,56.92,49.52,37.84
469.78,35.21,21.29,22.87,21.46,98.64,56.78,49.64,37.84
469.79,35.21,21.29,22.87,21.46,98.64,56.78,49.52,37.91
469.80,35.28,21.26,22.83,21.46,98.64,56.78,49.52,37.84
469.81,35.15,21.26,22.83,21.46,98.64,56.64,49.64,37.84
469.82,35.21,21.26,22.87,21.46,98.64,56.64,49.52,37.91
469.83,35.21,21.29,22.87,21.46,98.64,56.78,49.64,37.84
469.84,35.28,21.29,22.83,21.46,98.64,56.92,49.52,37.84
469.85,35.21,21.26,22.83,21.46,98.64,56.78,49.64,37.84
469.86,35.21,21.29,22.83,21.46,98.64,56.78,49.52,37.84
469.87,35.21,21.26,22.83,21.46,98.64,56.78,49.52,37.84
469.88,35.21,21.29,22.87,21.46,98.64,56.92,49.64,37.91
469.89,35.21,21.29,22.87,21.46,98.64,56.78,49.64,37.84
469.90,35.21,21.26,22.83,21.46,98.64,56.78,49.52,37.84
469.91,35.28,21.26,22.87,21.46,98.64,56.78,49.52,37.91
469.92,35.21,21.29,22.83,21.46,98.64,56.78,49.52,37.84
469.93,35.21,21.29,22.87,21.46,98.64,56.78,49.64,37.84
469.94,35.21,21.29,22.87,21.46,98.64,56.92,49.52,37.91
469.95,35.21,21.26,22.87,21.46,98.64,56.78,49.64,37.91
469.96,35.21,21.26,22.87,21.46,98.64,56.78,49.52,37.84
469.97,35.21,21.26,22.83,21.46,98.64,56.92,49.52,37.91
469.98,35.21,21.26,22.83,21.46,98.64,56.78,49.52,37.91
469.99,35.21,21.29,22.87,21.46,98.64,56.78,49.64,37.84
470.00,35.21,21.29,22.83,21.46,98.64,56.92,49.64,37.84
470.01,35.15,21.26,22.83,21.46,98.64,56.78,49.52,37.84
470.02,35.21,21.26,22.83,21.46,98.64,56.78,49.52,37.84
470.03,35.21,21.26,22.87,21.46,98.64,56.78,49.52,37.91
470.04,35.21,21.26,22.87,21.46,98.64,56.78,49.64,37.84
470.05,35.28,21.26,22.83,21.46,98.64,56.92,49.52,37.84
470.06,35.21,21.26,22.87,21.46,98.64,56.92,49.52,37.84
470.07,35.21,21.26,22.83,21.46,98.64,56.78,49.52,37.84
470.08,35.21,21.26,22.87,21.46,98.64,56.78,49.64,37.84
470.09,35.21,21.29,22.87,21.46,98.64,56.78,49.64,37.91
470.10,35.21,21.26,22.87,21.46,98.26,56.78,49.52,37.91
470.11,35.21,21.26,22.83,21.46,98.64,56.92,49.52,37.84
470.12,35.21,21.26,22.83,21.46,98.64,56.78,49.52,37.91
470.13,35.21,21.29,22.87,21.46,98.64,56.78,49.64,37.84
470.14,35.28,21.29,22.87,21.46,98.64,56.78,49.52,37.91
470.15,35.21,21.26,22.83,21.46,98.64,56.78,49.52,37.84
470.16,35.21,21.26,22.83,21.46,98.64,56.78,49.64,37.84
470.17,35.21,21.26,22.83,21.46,98.64,56.78,49.64,37.84
470.18,35.21,21.26,22.87,21.46,98.64,56.92,49.64,37.84
470.19,35.21,21.29,22.87,21.46,98.64,56.92,49.64,37.91
470.20,35.21,21.29,22.83,21.46,98.64,56.78,49.64,37.84
470.21,35.21,21.26,22.83,21.46,98.64,56.78,49.52,37.84
470.22,35.21,21.26,22.87,21.46,98.64,56.78,49.52,37.84
470.23,35.21,21.26,22.87,21.46,98.26,56.78,49.52,37.84
470.24,35.21,21.29,22.87,21.46,98.64,56.92,49.52,37.84
470.25,35.21,21.26,22.83,21.46,98.64,56.78,49.52,37.84
470.26,35.21,21.29,22.83,21.46,98.26,56.78,49.52,37.84
470.27,35.21,21.23,22.83,21.46,98.64,56.78,49.52,37.84
470.28,35.21,21.26,22.83,21.46,98.64,56.78,49.64,37.91
470.29,35.21,21.32,22.87,21.49,98.64,56.78,49.64,37.91
470.30,35.21,21.23,22.83,21.42,98.64,56.78,49.52,37.84
470.31,35.21,21.26,22.83,21.46,98.26,56.78,49.52,37.84
470.32,35.21,21.26,22.87,21.46,98.64,56.78,49.52,37.84
470.33,35.28,21.29,22.87,21.46,98.64,56.78,49.64,37.91
470.34,35.21,21.29,22.83,21.46,98.64,56.78,49.52,37.84
470.35,35.21,21.26,22.83,21.46,98.26,56.78,49.64,37.84
470.36,35.15,21.26,22.83,21.46,98.26,56.78,49.52,37.84
470.37,35.21,21.26,22.83,21.46,98.64,56.78,49.52,37.91
470.38,35.21,21.29,22.87,21.46,98.64,56.78,49.64,37.84
470.39,35.21,21.29,22.87,21.46,98.64,56.78,49.52,37.99
470.40,35.21,21.26,22.87,21.46,98.26,56.78,49.52,37.84
470.41,35.28,21.26,22.83,21.46,98.64,56.78,49.52,37.84
470.42,35.21,21.26,22.83,21.46,98.64,56.78,49.52,37.91
470.43,35.21,21.26,22.87,21.46,98.64,56.92,49.64,37.91
470.44,35.21,21.26,22.87,21.46,98.64,56.92,49.64,37.84
470.45,35.21,21.26,22.83,21.46,98.26,56.78,49.52,37.84
470.46,35.15,21.26,22.83,21.46,98.26,56.78,49.52,37.84
470.47,35.21,21.26,22.83,21.46,98.64,56.78,49.52,37.91
470.48,35.21,21.26,22.83,21.46,98.64,56.92,49.52,37.84
470.49,35.21,21.29,22.87,21.46,98.64,56.78,49.64,37.84
470.50,35.28,21.26,22.83,21.46,98.64,56.78,49.52,37.91
470.51,35.15,21.26,22.83,21.46,98.64,56.78,49.52,37.84
470.52,35.28,21.26,22.83,21.46,98.26,56.78,49.52,37.91
470.53,35.15,21.29,22.83,21.46,98.64,56.92,49.52,37.84
470.54,35.28,21.29,22.83,21.46,98.64,56.92,49.52,37.91
470.55,35.21,21.26,22.83,21.46,98.64,56.78,49.52,37.84
470.56,35.15,21.26,22.83,21.46,98.26,56.78,49.52,37.84
470.57,35.21,21.26,22.83,21.46,98.64,56.78,49.52,37.91
470.58,35.21,21.26,22.87,21.46,98.64,56.92,49.64,37.91
470.59,35.21,21.26,22.87,21.46,98.64,56.78,49.64,37.84
470.60,35.15,21.26,22.87,21.46,98.64,56.78,49.52,37.84
470.61,35.21,21.26,22.83,21.46,98.26,56.78,49.52,37.91
470.62,35.28,21.26,22.83,21.46,98.64,56.78,49.64,37.91
470.63,35.21,21.26,22.87,21.46,98.64,56.78,49.52,37.91
470.64,35.21,21.26,22.87,21.46,98.64,56.92,49.75,37.91
470.65,35.21,21.26,22.83,21.46,98.26,56.92,49.41,37.91
470.66,35.21,21.26,22.83,21.46,98.64,56.78,49.52,37.91
470.67,35.15,21.26,22.83,21.46,98.64,56.92,49.64,37.91
470.68,35.21,21.26,22.87,21.46,98.64,56.92,49.52,37.91
470.69,35.21,21.26,22.87,21.46,98.64,56.78,49.64,37.84
470.70,35.21,21.26,22.87,21.46,98.26,56.78,49.52,37.84
470.71,35.21,21.26,22.83,21.46,98.26,56.78,49.52,37.84
470.72,35.28,21.26,22.83,21.46,98.26,56.78,49.52,37.91
470.73,35.21,21.29,22.87,21.46,98.64,56.92,49.52,37.91
470.74,35.21,21.26,22.83,21.46,98.64,56.78,49.52,37.84
470.75,35.21,21.29,22.83,21.46,98.64,56.78,49.52,37.91
470.76,35.21,21.26,22.83,21.46,98.26,56.78,49.52,37.84
470.77,35.21,21.26,22.83,21.46,98.64,56.78,49.64,37.84
470.78,35.28,21.26,22.87,21.46,98.64,56.78,49.52,37.91
470.79,35.21,21.26,22.87,21.46,98.64,56.78,49.64,37.91
470.80,35.15,21.26,22.87,21.46,98.26,56.78,49.52,37.91
470.81,35.21,21.26,22.83,21.46,98.64,56.78,49.52,37.84
470.82,35.21,21.26,22.83,21.46,98.64,56.78,49.52,37.84
470.83,35.21,21.29,22.87,21.46,98.64,56.92,49.52,37.91
470.84,35.21,21.26,22.87,21.46,98.64,56.78,49.64,37.84
470.85,35.15,21.26,22.83,21.46,98.26,56.78,49.52,37.84
470.86,35.21,21.26,22.83,21.46,98.64,56.78,49.52,37.91
470.87,35.15,21.23,22.83,21.46,98.64,56.78,49.52,37.84
470.88,35.21,21.26,22.87,21.46,98.64,56.78,49.64,37.91
470.89,35.21,21.26,22.83,21.46,98.64,56.78,49.52,37.91
470.90,35.21,21.26,22.83,21.46,98.26,56.78,49.52,37.84
470.91,35.15,21.26,22.83,21.46,98.64,56.78,49.52,37.91
470.92,35.15,21.26,22.83,21.46,98.64,56.78,49.52,37.91
470.93,35.21,21.26,22.87,21.46,98.64,56.78,49.64,37.91
470.94,35.28,21.26,22.87,21.46,98.64,56.78,49.52,37.84
470.95,35.15,21.26,22.83,21.46,98.26,56.78,49.52,37.84
470.96,35.15,21.23,22.83,21.46,98.26,56.78,49.52,37.91
470.97,35.21,21.26,22.83,21.46,98.64,56.78,49.52,37.91
470.98,35.28,21.26,22.83,21.46,98.64,56.92,49.64,37.84
470.99,35.21,21.26,22.87,21.46,98.64,56.78,49.52,37.91
471.00,35.15,21.26,22.83,21.46,98.26,56.78,49.52,37.84
471.01,35.15,21.26,22.83,21.46,98.64,56.78,49.52,37.84
471.02,35.21,21.26,22.83,21.46,98.64,56.78,49.52,37.91
471.03,35.28,21.26,22.83,21.46,98.64,56.78,49.64,37.91
471.04,35.28,21.26,22.87,21.46,98.64,56.78,49.52,37.91
471.05,35.21,21.26,22.83,21.46,98.26,56.78,49.52,37.84
471.06,35.15,21.26,22.83,21.46,98.26,56.78,49.52,37.91
471.07,35.21,21.26,22.83,21.46,98.26,56.78,49.52,37.84
471.08,35.21,21.26,22.87,21.46,98.64,56.78,49.52,37.91
471.09,35.21,21.26,22.83,21.46,98.64,56.92,49.52,37.84
471.10,35.15,21.26,22.83,21.46,98.64,56.78,49.52,37.84
471.11,35.15,21.26,22.83,21.46,98.26,56.64,49.52,37.91
471.12,35.21,21.26,22.83,21.46,98.26,56.78,49.52,37.91
471.13,35.21,21.26,22.83,21.46,98.64,56.78,49.64,37.91
471.14,35.21,21.26,22.83,21.46,98.64,56.78,49.52,37.91
471.15,35.21,21.23,22.83,21.46,98.64,56.64,49.52,37.91
471.16,35.15,21.26,22.83,21.46,98.64,56.78,49.52,37.84
471.17,35.15,21.26,22.80,21.46,98.64,56.92,49.52,37.91
471.18,35.21,21.26,22.83,21.46,98.64,56.78,49.52,37.91
471.19,35.21,21.26,22.83,21.46,98.64,56.78,49.64,37.91
471.20,35.15,21.26,22.83,21.46,98.64,56.78,49.52,37.84
471.21,35.15,21.26,22.83,21.46,98.64,56.78,49.52,37.91
471.22,35.15,21.26,22.83,21.46,98.64,56.78,49.52,37.91
471.23,35.21,21.26,22.83,21.46,98.64,56.78,49.52,37.84
471.24,35.21,21.26,22.83,21.46,98.64,56.78,49.52,37.91
471.25,35.15,21.23,22.83,21.46,98.26,56.78,49.52,37.84
471.26,35.21,21.26,22.83,21.46,98.26,56.78,49.52,37.84
471.27,35.15,21.23,22.83,21.46,98.64,56.78,49.52,37.84
471.28,35.15,21.26,22.83,21.46,98.64,56.78,49.52,37.91
471.29,35.21,21.26,22.83,21.46,98.64,56.78,49.52,37.91
471.30,35.15,21.26,22.83,21.46,98.26,56.78,49.52,37.84
471.31,35.15,21.26,22.83,21.46,98.26,56.78,49.52,37.91
471.32,35.15,21.23,22.83,21.46,98.26,56.78,49.52,37.91
471.33,35.21,21.26,22.83,21.46,98.64,56.78,49.52,37.84
471.34,35.21,21.26,22.87,21.46,98.64,56.78,49.52,37.91
471.35,35.21,21.26,22.83,21.46,98.26,56.78,49.52,37.91
471.36,35.15,21.26,22.80,21.46,98.26,56.78,49.52,37.84
471.37,35.21,21.26,22.83,21.46,98.64,56.78,49.52,37.91
471.38,35.21,21.26,22.83,21.46,98.64,56.78,49.52,37.84
471.39,35.15,21.26,22.83,21.46,98.64,56.78,49.52,37.84
471.40,35.21,21.26,22.83,21.46,98.64,56.78,49.52,37.91
471.41,35.15,21.23,22.83,21.46,98.64,56.78,49.52,37.91
471.42,35.21,21.26,22.83,21.46,98.64,56.78,49.52,37.91
471.43,35.15,21.26,22.83,21.46,98.64,56.78,49.52,37.91
471.44,35.15,21.26,22.83,21.46,98.64,56.78,49.52,37.91
471.45,35.15,21.23,22.83,21.46,98.64,56.78,49.52,37.84
471.46,35.08,21.23,22.83,21.46,98.64,56.78,49.52,37.91
471.47,35.21,21.23,22.83,21.46,98.64,56.78,49.52,37.91
471.48,35.21,21.26,22.83,21.46,98.26,56.78,49.52,37.91
471.49,35.21,21.23,22.83,21.46,98.64,56.78,49.52,37.84
471.50,35.15,21.23,22.83,21.46,98.26,56.64,49.52,37.84
471.51,35.21,21.23,22.80,21.46,98.26,56.78,49.52,37.91
471.52,35.15,21.26,22.83,21.46,98.26,56.78,49.52,37.91
471.53,35.28,21.26,22.83,21.46,98.26,56.64,49.52,37.91
471.54,35.15,21.26,22.83,21.46,98.26,56.78,49.52,37.84
471.55,35.15,21.23,22.83,21.46,98.26,56.78,49.52,37.91
471.56,35.15,21.23,22.83,21.46,98.26,56.78,49.52,37.84
471.57,35.15,21.26,22.83,21.46,98.26,56.64,49.41,37.84
471.58,35.21,21.26,22.83,21.46,98.64,56.78,49.52,37.91
471.59,35.15,21.26,22.83,21.46,98.64,56.78,49.52,37.84
471.60,35.15,21.23,22.83,21.46,98.26,56.64,49.52,37.84
471.61,35.15,21.23,22.80,21.46,98.26,56.78,49.52,37.91
471.62,35.15,21.23,22.80,21.46,98.64,56.78,49.52,37.84
471.63,35.28,21.26,22.83,21.46,98.64,56.78,49.52,37.99
471.64,35.21,21.26,22.83,21.46,98.26,56.78,49.52,37.77
471.65,35.15,21.23,22.80,21.46,98.26,56.78,49.52,37.91
471.66,35.15,21.26,22.83,21.46,98.64,56.78,49.52,37.91
471.67,35.21,21.23,22.83,21.46,98.64,56.78,49.52,37.91
471.68,35.28,21.26,22.83,21.46,98.26,56.78,49.52,37.84
471.69,35.15,21.23,22.83,21.46,98.26,56.64,49.52,37.84
471.70,35.15,21.23,22.80,21.46,98.26,56.64,49.52,37.91
471.71,35.21,21.23,22.80,21.46,98.26,56.78,49.52,37.91
471.72,35.15,21.23,22.80,21.46,98.26,56.78,49.52,37.91
471.73,35.21,21.26,22.83,21.46,98.64,56.78,49.52,37.91
471.74,35.15,21.26,22.83,21.46,98.64,56.78,49.52,37.84
471.75,35.15,21.23,22.83,21.46,98.64,56.78,49.52,37.84
471.76,35.28,21.23,22.83,21.46,98.26,56.78,49.52,37.91
471.77,35.01,21.23,22.80,21.46,98.26,56.78,49.52,37.91
471.78,35.34,21.26,22.83,21.46,98.64,56.92,49.52,37.91
471.79,35.15,21.26,22.80,21.46,98.64,56.78,49.52,37.91
471.80,35.21,21.23,22.83,21.46,98.26,56.78,49.52,37.91
471.81,35.21,21.23,22.83,21.46,98.26,56.78,49.52,37.84
471.82,35.21,21.23,22.83,21.46,98.26,56.78,49.52,37.91
471.83,35.15,21.26,22.83,21.46,98.26,56.78,49.52,37.84
471.84,35.15,21.26,22.83,21.46,98.26,56.78,49.52,37.91
471.85,35.15,21.23,22.83,21.46,98.64,56.78,49.52,37.91
471.86,35.15,21.23,22.80,21.46,98.64,56.78,49.52,37.84
471.87,35.15,21.23,22.83,21.49,98.26,56.78,49.41,37.91
471.88,35.21,21.26,22.83,21.46,98.64,56.78,49.64,37.91
471.89,35.28,21.26,22.83,21.46,98.26,56.78,49.41,37.84
471.90,35.21,21.23,22.83,21.46,98.26,56.64,49.41,37.84
471.91,35.21,21.23,22.83,21.46,98.26,56.78,49.52,37.91
471.92,35.21,21.23,22.83,21.46,98.26,56.64,49.52,37.91
471.93,35.21,21.23,22.83,21.46,98.64,56.78,49.52,37.84
471.94,35.21,21.23,22.83,21.46,98.26,56.64,49.52,37.91
471.95,35.15,21.23,22.83,21.46,98.26,56.64,49.52,37.84
471.96,35.15,21.23,22.83,21.46,98.64,56.64,49.52,37.91
471.97,35.15,21.26,22.83,21.46,98.26,56.78,49.52,37.91
471.98,35.15,21.26,22.87,21.46,98.26,56.78,49.52,37.84
471.99,35.15,21.26,22.83,21.46,98.64,56.78,49.52,37.91
472.00,35.15,21.23,22.83,21.46,98.26,56.78,49.52,37.84
472.01,35.15,21.23,22.83,21.46,98.26,56.78,49.52,37.91
472.02,35.15,21.26,22.83,21.46,98.64,56.64,49.52,37.91
472.03,35.21,21.26,22.83,21.46,98.64,56.78,49.52,37.91
472.04,35.21,21.23,22.83,21.46,98.26,56.78,49.52,37.84
472.05,35.21,21.26,22.83,21.46,98.64,56.64,49.52,37.91
472.06,35.15,21.23,22.83,21.46,98.64,56.78,49.52,37.84
472.07,35.15,21.23,22.83,21.46,98.64,56.78,49.52,37.91
472.08,35.21,21.26,22.83,21.46,98.64,56.78,49.52,37.91
472.09,35.21,21.26,22.87,21.46,98.26,56.64,49.52,37.84
472.10,35.15,21.26,22.83,21.46,98.26,56.78,49.41,37.91
472.11,35.21,21.23,22.83,21.46,98.64,56.78,49.52,37.84
472.12,35.15,21.26,22.83,21.46,98.64,56.78,49.41,37.84
472.13,35.21,21.26,22.83,21.46,98.64,56.92,49.52,37.84
472.14,35.21,21.26,22.83,21.46,98.64,56.78,49.52,37.91
472.15,35.15,21.23,22.80,21.46,98.64,56.78,49.52,37.91
472.16,35.15,21.23,22.83,21.46,98.64,56.78,49.52,37.91
472.17,35.21,21.23,22.83,21.46,98.64,56.78,49.52,37.91
472.18,35.28,21.23,22.87,21.46,98.64,56.78,49.52,37.91
472.19,35.15,21.26,22.83,21.46,98.64,56.78,49.52,37.91
472.20,35.15,21.23,22.83,21.46,98.64,56.78,49.52,37.84
472.21,35.21,21.23,22.83,21.46,98.64,56.64,49.52,37.91
472.22,35.21,21.26,22.83,21.46,98.64,56.78,49.52,37.91
472.23,35.21,21.26,22.83,21.46,98.26,56.78,49.52,37.84
472.24,35.15,21.26,22.83,21.46,98.64,56.78,49.52,37.91
472.25,35.15,21.23,22.83,21.46,98.64,56.78,49.52,37.91
472.26,35.15,21.23,22.83,21.46,98.26,56.78,49.52,37.91
472.27,35.15,21.26,22.83,21.46,98.64,56.78,49.52,37.84
472.28,35.21,21.26,22.83,21.46,98.64,56.78,49.52,37.91
472.29,35.21,21.26,22.83,21.46,98.64,56.78,49.52,37.91
472.30,35.28,21.26,22.83,21.46,98.26,56.78,49.52,37.91
472.31,35.15,21.23,22.83,21.46,98.26,56.78,49.52,37.91
472.32,35.21,21.26,22.83,21.46,98.64,56.92,49.52,37.91
472.33,35.15,21.26,22.83,21.46,98.64,56.78,49.52,37.91
472.34,35.15,21.26,22.83,21.46,98.26,56.78,49.52,37.91
472.35,35.15,21.26,22.83,21.46,98.64,56.78,49.52,37.91
472.36,35.15,21.23,22.80,21.46,98.64,56.78,49.52,37.84
472.37,35.21,21.26,22.83,21.46,98.64,56.78,49.52,37.91
472.38,35.15,21.26,22.83,21.46,98.64,56.78,49.52,37.84
472.39,35.21,21.26,22.83,21.46,98.64,56.78,49.64,37.91
472.40,35.15,21.23,22.83,21.46,98.64,56.78,49.52,37.91
472.41,35.15,21.23,22.83,21.46,98.64,56.78,49.52,37.91
472.42,35.15,21.23,22.83,21.46,98.64,56.78,49.52,37.91
472.43,35.28,21.26,22.83,21.49,98.64,56.78,49.52,37.91
472.44,35.21,21.26,22.83,21.46,98.64,56.92,49.52,37.91
472.45,35.15,21.23,22.83,21.46,98.26,56.78,49.52,37.91
472.46,35.15,21.26,22.80,21.46,98.26,56.78,49.52,37.84
472.47,35.15,21.26,22.83,21.46,98.64,56.78,49.52,37.91
472.48,35.15,21.26,22.87,21.46,98.26,56.78,49.52,37.91
472.49,35.21,21.26,22.83,21.46,98.64,56.64,49.52,37.91
472.50,35.21,21.23,22.83,21.46,98.26,56.78,49.52,37.91
472.51,35.21,21.23,22.83,21.46,98.26,56.78,49.52,37.91
472.52,35.21,21.23,22.83,21.46,98.26,56.78,49.52,37.91
472.53,35.21,21.26,22.83,21.46,98.26,56.92,49.52,37.84
472.54,35.21,21.26,22.83,21.46,98.26,56.78,49.52,37.91
472.55,35.21,21.23,22.83,21.46,98.26,56.78,49.52,37.91
472.56,35.21,21.23,22.80,21.46,98.26,56.78,49.52,37.91
472.57,35.21,21.26,22.83,21.49,98.26,56.78,49.52,37.91
472.58,35.28,21.26,22.83,21.46,98.64,56.92,49.52,37.91
472.59,35.28,21.26,22.83,21.46,98.64,56.64,49.52,37.91
472.60,35.21,21.23,22.83,21.46,98.26,56.78,49.52,37.91
472.61,35.15,21.23,22.83,21.46,98.26,56.78,49.52,37.91
472.62,35.15,21.26,22.83,21.46,98.64,56.92,49.52,37.91
472.63,35.28,21.26,22.83,21.46,98.64,56.78,49.52,37.91
472.64,35.28,21.26,22.83,21.46,98.26,56.78,49.52,37.91
472.65,35.15,21.23,22.83,21.46,98.26,56.78,49.52,37.84
472.66,35.21,21.26,22.83,21.49,98.26,56.78,49.52,37.84
472.67,35.21,21.26,22.83,21.46,98.64,56.78,49.52,37.84
472.68,35.21,21.26,22.83,21.46,98.64,56.78,49.52,37.91
472.69,35.15,21.26,22.83,21.46,98.64,56.78,49.52,37.84
472.70,35.28,21.26,22.83,21.46,98.26,56.64,49.52,37.91
472.71,35.21,21.23,22.83,21.46,98.26,56.64,49.52,37.84
472.72,35.21,21.26,22.83,21.46,98.64,56.78,49.52,37.91
472.73,35.21,21.23,22.83,21.46,98.26,56.78,49.52,37.84
472.74,35.21,21.26,22.83,21.46,98.26,56.78,49.52,37.91
472.75,35.15,21.26,22.83,21.46,98.26,56.64,49.52,37.91
472.76,35.21,21.23,22.83,21.46,98.26,56.78,49.52,37.91
472.77,35.15,21.23,22.83,21.49,98.64,56.78,49.52,37.91
472.78,35.21,21.26,22.83,21.46,98.64,56.78,49.64,37.91
472.79,35.21,21.26,22.83,21.46,98.64,56.78,49.52,37.91
472.80,35.21,21.26,22.83,21.46,98.64,56.78,49.52,37.91
472.81,35.15,21.26,22.83,21.46,98.26,56.78,49.52,37.91
472.82,35.28,21.26,22.83,21.46,98.64,56.92,49.64,37.84
472.83,35.21,21.26,22.83,21.46,98.64,56.64,49.64,37.84
472.84,35.28,21.26,22.87,21.46,98.64,56.78,49.52,37.91
472.85,35.15,21.23,22.83,21.46,98.26,56.64,49.52,37.91
472.86,35.15,21.23,22.80,21.46,98.26,56.78,49.52,37.91
472.87,35.28,21.26,22.83,21.46,98.64,56.92,49.52,37.91
472.88,35.28,21.26,22.83,21.46,98.64,56.64,49.52,37.84
472.89,35.21,21.26,22.87,21.46,98.64,56.78,49.52,37.99
472.90,35.15,21.23,22.83,21.49,98.64,56.78,49.52,37.84
472.91,35.21,21.23,22.83,21.46,98.26,56.78,49.52,37.84
472.92,35.28,21.23,22.83,21.46,98.64,56.78,49.52,37.91
472.93,35.28,21.26,22.83,21.46,98.64,56.78,49.52,37.91
472.94,35.21,21.26,22.83,21.46,98.26,56.78,49.52,37.91
472.95,35.28,21.26,22.83,21.46,98.64,56.78,49.52,37.91
472.96,35.21,21.23,22.83,21.46,98.26,56.78,49.52,37.91
472.97,35.28,21.26,22.83,21.46,98.64,56.78,49.52,37.91
472.98,35.28,21.29,22.83,21.46,98.64,56.78,49.52,37.91
472.99,35.21,21.26,22.87,21.46,98.26,56.78,49.52,37.91
473.00,35.21,21.26,22.83,21.46,98.64,56.78,49.52,37.84
473.01,35.15,21.26,22.83,21.46,98.64,56.78,49.52,37.84
473.02,35.15,21.26,22.87,21.46,98.26,56.78,49.64,37.91
473.03,35.21,21.26,22.83,21.46,98.64,56.78,49.52,37.91
473.04,35.15,21.26,22.87,21.46,98.64,56.78,49.52,37.91
473.05,35.15,21.26,22.83,21.46,98.64,56.78,49.52,37.91
473.06,35.21,21.26,22.83,21.46,98.26,56.78,49.52,37.84
473.07,35.15,21.26,22.83,21.46,98.64,56.64,49.52,37.91
473.08,35.21,21.26,22.83,21.46,98.26,56.92,49.52,37.91
473.09,35.21,21.26,22.83,21.46,98.64,56.78,49.52,37.91
473.10,35.21,21.26,22.83,21.46,98.64,56.78,49.52,37.91
473.11,35.21,21.23,22.83,21.46,99.02,56.92,49.52,37.91
473.12,35.21,21.26,22.87,21.46,99.02,56.78,49.52,37.91
473.13,35.21,21.26,22.83,21.46,98.64,56.78,49.64,37.91
473.14,35.15,21.26,22.83,21.46,98.64,56.78,49.41,37.91
473.15,35.15,21.23,22.83,21.46,98.64,56.78,49.41,37.91
473.16,35.15,21.26,22.83,21.46,98.26,56.78,49.64,37.91
473.17,35.21,21.26,22.83,21.46,98.26,56.78,49.52,37.91
473.18,35.21,21.26,22.83,21.46,98.64,56.78,49.52,37.91
473.19,35.21,21.26,22.83,21.46,98.64,56.78,49.52,37.91
473.20,35.15,21.26,22.83,21.46,98.64,56.78,49.52,37.91
473.21,35.15,21.23,22.83,21.46,98.26,56.78,49.52,37.91
473.22,35.21,21.26,22.83,21.46,98.64,56.64,49.52,37.91
473.23,35.21,21.26,22.87,21.46,98.64,56.78,49.52,37.91
473.24,35.21,21.26,22.83,21.49,98.64,56.78,49.52,37.91
473.25,35.21,21.26,22.83,21.46,98.26,56.78,49.52,37.91
473.26,35.21,21.23,22.83,21.46,98.64,56.78,49.52,37.91
473.27,35.21,21.26,22.83,21.46,98.64,56.78,49.52,37.91
473.28,35.21,21.26,22.83,21.46,98.64,56.78,49.52,37.91
473.29,35.21,21.26,22.83,21.46,98.64,56.78,49.52,37.91
473.30,35.21,21.26,22.83,21.46,98.64,56.78,49.52,37.91
473.31,35.21,21.26,22.83,21.46,98.26,56.78,49.52,37.91
473.32,35.15,21.26,22.83,21.49,98.64,56.78,49.52,37.91
473.33,35.28,21.26,22.87,21.46,98.64,56.78,49.52,37.91
473.34,35.21,21.26,22.83,21.46,98.64,56.78,49.52,37.91
473.35,35.21,21.23,22.83,21.46,98.26,56.64,49.52,37.91
473.36,35.21,21.23,22.83,21.46,98.64,56.78,49.52,37.91
473.37,35.21,21.26,22.83,21.46,98.64,56.78,49.52,37.91
473.38,35.21,21.26,22.87,21.46,98.64,56.78,49.52,37.91
473.39,35.21,21.26,22.83,21.46,98.64,56.78,49.52,37.91
473.40,35.21,21.23,22.83,21.46,98.64,56.78,49.52,37.84
473.41,35.21,21.26,22.83,21.46,98.26,56.64,49.52,37.91
473.42,35.15,21.23,22.83,21.46,98.64,56.78,49.52,37.84
473.43,35.21,21.26,22.83,21.46,98.64,56.78,49.52,37.91
473.44,35.21,21.26,22.83,21.46,98.64,56.78,49.64,37.91
473.45,35.21,21.26,22.83,21.46,98.64,56.78,49.52,37.91
473.46,35.21,21.23,22.83,21.46,98.26,56.78,49.52,37.91
473.47,35.15,21.26,22.83,21.46,98.64,56.78,49.52,37.91
473.48,35.21,21.29,22.87,21.46,98.64,56.78,49.52,37.91
473.49,35.21,21.26,22.83,21.46,98.64,56.78,49.64,37.91
473.50,35.28,21.23,22.83,21.46,98.64,56.78,49.52,37.91
473.51,35.21,21.23,22.83,21.46,98.64,56.64,49.52,37.91
473.52,35.15,21.26,22.83,21.49,98.26,56.78,49.52,37.91
473.53,35.21,21.26,22.83,21.46,98.26,56.78,49.52,37.91
473.54,35.21,21.26,22.83,21.46,98.64,56.78,49.52,37.91
473.55,35.15,21.23,22.83,21.46,98.64,56.78,49.52,37.84
473.56,35.15,21.23,22.83,21.46,98.26,56.78,49.52,37.91
473.57,35.21,21.26,22.83,21.46,98.64,56.78,49.52,37.91
473.58,35.21,21.26,22.83,21.46,98.64,56.92,49.52,37.91
473.59,35.21,21.26,22.87,21.46,98.64,56.78,49.52,37.91
473.60,35.21,21.23,22.83,21.46,98.64,56.78,49.41,37.91
473.61,35.15,21.23,22.83,21.46,98.64,56.78,49.52,37.91
473.62,35.21,21.26,22.83,21.46,98.64,56.78,49.52,37.91
473.63,35.28,21.26,22.87,21.49,98.64,56.78,49.52,37.91
473.64,35.21,21.26,22.83,21.46,98.26,56.78,49.64,37.84
473.65,35.21,21.26,22.83,21.49,98.26,56.78,49.52,37.91
473.66,35.15,21.23,22.83,21.46,98.64,56.78,49.52,37.91
473.67,35.21,21.23,22.83,21.46,98.64,56.78,49.52,37.91
473.68,35.21,21.26,22.87,21.46,98.64,56.78,49.64,37.91
473.69,35.21,21.26,22.87,21.46,98.64,56.78,49.52,37.91
473.70,35.15,21.26,22.83,21.46,98.64,56.78,49.52,37.91
473.71,35.15,21.23,22.83,21.46,98.26,56.78,49.52,37.91
473.72,35.15,21.26,22.83,21.46,98.64,56.78,49.64,37.91
473.73,35.21,21.26,22.83,21.46,98.64,56.78,49.52,37.91
473.74,35.21,21.26,22.83,21.46,98.26,56.78,49.52,37.91
473.75,35.15,21.26,22.83,21.46,98.64,56.78,49.64,37.91
473.76,35.15,21.23,22.83,21.46,98.26,56.78,49.52,37.91
473.77,35.15,21.23,22.87,21.49,98.64,56.78,49.52,37.91
473.78,35.28,21.29,22.87,21.49,98.26,56.78,49.64,37.91
473.79,35.21,21.26,22.83,21.46,98.64,56.78,49.52,37.91
473.80,35.15,21.23,22.83,21.49,98.64,56.78,49.64,37.91
473.81,35.15,21.23,22.83,21.49,98.26,56.78,49.52,37.91
473.82,35.21,21.23,22.83,21.46,98.26,56.78,49.52,37.91
473.83,35.28,21.26,22.87,21.49,98.64,56.78,49.52,37.91
473.84,35.21,21.26,22.83,21.46,98.64,56.78,49.52,37.84
473.85,35.15,21.26,22.83,21.49,98.26,56.78,49.52,37.91
473.86,35.15,21.23,22.83,21.46,98.26,56.64,49.52,37.91
473.87,35.15,21.23,22.83,21.49,98.26,56.64,49.52,37.91
473.88,35.15,21.26,22.83,21.46,98.64,56.78,49.52,37.91
473.89,35.21,21.26,22.87,21.49,98.64,56.78,49.52,37.91
473.90,35.15,21.23,22.83,21.49,98.64,56.78,49.52,37.91
473.91,35.21,21.26,22.83,21.46,98.26,56.64,49.52,37.91
473.92,35.15,21.26,22.83,21.49,98.64,56.50,49.52,37.91
473.93,35.21,21.26,22.83,21.49,98.64,56.78,49.52,37.91
473.94,35.21,21.26,22.83,21.49,98.26,56.78,49.52,37.91
473.95,35.21,21.23,22.83,21.46,98.26,56.78,49.52,37.91
473.96,35.21,21.23,22.83,21.49,98.64,56.78,49.52,37.91
473.97,35.21,21.26,22.83,21.49,98.26,56.78,49.52,37.91
473.98,35.21,21.26,22.83,21.46,98.64,56.78,49.52,37.91
473.99,35.21,21.26,22.83,21.46,98.64,56.78,49.52,37.91
474.00,35.15,21.23,22.83,21.46,98.64,56.78,49.52,37.91
474.01,35.15,21.19,22.83,21.46,98.64,56.78,49.52,37.91
474.02,35.15,21.26,22.83,21.49,98.64,56.64,49.52,37.91
474.03,35.21,21.23,22.83,21.46,98.64,56.78,49.52,37.91
474.04,35.21,21.29,22.83,21.46,98.64,56.64,49.52,37.91
474.05,35.21,21.23,22.80,21.46,98.26,56.78,49.52,37.91
474.06,35.21,21.23,22.83,21.49,98.26,56.78,49.52,37.91
474.07,35.15,21.23,22.83,21.46,98.26,56.78,49.41,37.91
474.08,35.21,21.26,22.83,21.49,98.64,56.78,49.41,37.91
474.09,35.15,21.23,22.83,21.49,98.64,56.78,49.52,37.91
474.10,35.15,21.23,22.83,21.46,98.26,56.78,49.41,37.91
474.11,35.15,21.23,22.83,21.46,98.64,56.50,49.52,37.84
474.12,35.21,21.23,22.83,21.49,98.64,56.92,49.52,37.99
474.13,35.28,21.23,22.83,21.46,98.64,56.78,49.52,37.91
474.14,35.21,21.26,22.83,21.46,98.26,56.78,49.52,37.99
474.15,35.15,21.23,22.83,21.46,98.26,56.78,49.52,37.84
474.16,35.21,21.23,22.80,21.46,98.64,56.78,49.52,37.91
474.17,35.21,21.23,22.83,21.46,98.64,56.64,49.52,37.91
474.18,35.21,21.26,22.83,21.46,98.64,56.78,49.52,37.91
474.19,35.21,21.26,22.83,21.46,98.26,56.78,49.52,37.91
474.20,35.21,21.23,22.83,21.46,98.26,56.78,49.52,37.91
474.21,35.21,21.23,22.83,21.46,98.26,56.64,49.41,37.91
474.22,35.15,21.23,22.83,21.46,98.26,56.78,49.52,37.91
474.23,35.21,21.26,22.83,21.46,98.26,56.78,49.52,37.91
474.24,35.08,21.23,22.83,21.46,98.26,56.78,49.52,37.91
474.25,35.28,21.23,22.83,21.49,98.26,56.78,49.52,37.91
474.26,35.15,21.23,22.83,21.46,98.26,56.64,49.52,37.91
474.27,35.15,21.23,22.83,21.46,98.64,56.78,49.52,37.91
474.28,35.21,21.23,22.87,21.49,98.64,56.78,49.52,37.91
474.29,35.21,21.23,22.83,21.46,98.26,56.64,49.52,37.91
474.30,35.21,21.23,22.83,21.49,98.64,56.78,49.52,37.91
474.31,35.15,21.23,22.83,21.46,98.26,56.78,49.52,37.91
474.32,35.21,21.23,22.83,21.49,98.64,56.78,49.52,37.91
474.33,35.21,21.26,22.83,21.46,98.64,56.92,49.52,37.91
474.34,35.21,21.26,22.83,21.46,98.26,56.78,49.52,37.91
474.35,35.21,21.23,22.83,21.46,98.64,56.78,49.52,37.91
474.36,35.21,21.23,22.83,21.46,98.26,56.78,49.52,37.91
474.37,35.28,21.26,22.83,21.49,98.64,56.78,49.52,37.99
474.38,35.15,21.26,22.83,21.49,98.64,56.78,49.52,37.91
474.39,35.21,21.26,22.83,21.46,98.64,56.78,49.52,37.91
474.40,35.15,21.23,22.83,21.49,98.26,56.78,49.52,37.91
474.41,35.21,21.23,22.83,21.46,98.26,56.78,49.52,37.91
474.42,35.21,21.23,22.83,21.49,98.64,56.78,49.52,37.91
474.43,35.15,21.23,22.83,21.49,98.64,56.78,49.52,37.91
474.44,35.28,21.26,22.83,21.46,98.64,56.78,49.52,37.91
474.45,35.15,21.23,22.83,21.46,98.64,56.64,49.52,37.91
474.46,35.21,21.23,22.83,21.46,98.26,56.78,49.52,37.91
474.47,35.15,21.23,22.83,21.49,98.64,56.64,49.52,37.91
474.48,35.28,21.26,22.83,21.46,98.64,56.78,49.52,37.91
474.49,35.21,21.23,22.83,21.46,98.26,56.78,49.52,37.91
474.50,35.28,21.23,22.83,21.46,98.26,56.64,49.52,37.91
474.51,35.15,21.23,22.80,21.46,98.26,56.64,49.52,37.91
474.52,35.15,21.23,22.83,21.46,98.26,56.78,49.52,37.91
474.53,35.21,21.26,22.83,21.46,98.64,56.78,49.52,37.91
474.54,35.21,21.26,22.83,21.49,98.64,56.78,49.52,37.91
474.55,35.15,21.23,22.83,21.46,98.64,56.64,49.52,37.91
474.56,35.15,21.23,22.83,21.46,98.26,56.78,49.64,37.91
474.57,35.21,21.23,22.83,21.46,98.64,56.64,49.52,37.91
474.58,35.21,21.23,22.83,21.49,98.64,56.78,49.52,37.91
474.59,35.21,21.23,22.83,21.46,98.26,56.78,49.52,37.91
474.60,35.21,21.23,22.80,21.49,98.64,56.78,49.41,37.91
474.61,35.15,21.23,22.83,21.46,98.26,56.78,49.52,37.91
474.62,35.21,21.26,22.83,21.46,98.64,56.78,49.52,37.91
474.63,35.21,21.23,22.83,21.46,98.64,56.78,49.52,37.91
474.64,35.21,21.26,22.83,21.49,98.64,56.78,49.52,37.91
474.65,35.15,21.23,22.83,21.46,98.26,56.78,49.52,37.91
474.66,35.15,21.23,22.83,21.46,98.26,56.64,49.52,37.91
474.67,35.15,21.26,22.83,21.49,98.26,56.78,49.52,37.99
474.68,35.15,21.23,22.83,21.49,98.64,56.78,49.52,37.91
474.69,35.15,21.23,22.83,21.46,98.26,56.78,49.52,37.99
474.70,35.15,21.23,22.80,21.46,98.26,56.78,49.52,37.91
474.71,35.15,21.19,22.80,21.46,98.64,56.78,49.52,37.91
474.72,35.15,21.23,22.80,21.46,98.26,56.78,49.52,37.91
474.73,35.15,21.26,22.83,21.46,98.64,56.78,49.52,37.91
474.74,35.15,21.23,22.83,21.49,98.26,56.64,49.52,37.91
474.75,35.21,21.19,22.83,21.46,98.26,56.64,49.52,37.91
474.76,35.15,21.23,22.83,21.46,98.64,56.64,49.52,37.91
474.77,35.15,21.23,22.83,21.46,98.64,56.78,49.52,37.91
474.78,35.21,21.26,22.83,21.46,98.64,56.78,49.52,37.91
474.79,35.21,21.23,22.83,21.46,98.26,56.64,49.52,37.91
474.80,35.21,21.23,22.80,21.46,98.26,56.78,49.52,37.91
474.81,35.15,21.23,22.83,21.46,98.64,56.64,49.52,37.91
474.82,35.21,21.23,22.83,21.46,98.64,56.78,49.52,37.99
474.83,35.15,21.26,22.83,21.49,98.64,56.78,49.52,37.91
474.84,35.21,21.23,22.83,21.46,98.26,56.64,49.52,37.91
474.85,35.15,21.19,22.83,21.46,98.26,56.64,49.52,37.91
474.86,35.21,21.23,22.80,21.46,98.64,56.64,49.52,37.91
474.87,35.21,21.23,22.83,21.46,98.26,56.78,49.52,37.91
474.88,35.15,21.26,22.83,21.46,98.26,56.78,49.52,37.91
474.89,35.21,21.26,22.83,21.46,98.64,56.78,49.52,37.91
474.90,35.15,21.23,22.80,21.46,98.26,56.64,49.41,37.91
474.91,35.21,21.23,22.80,21.46,98.26,56.78,49.52,37.91
474.92,35.15,21.23,22.83,21.46,98.26,56.78,49.52,37.91
474.93,35.15,21.26,22.83,21.46,98.64,56.78,49.52,37.84
474.94,35.15,21.23,22.83,21.46,98.26,56.78,49.52,37.91
474.95,35.15,21.23,22.80,21.46,98.26,56.78,49.52,37.91
474.96,35.15,21.23,22.83,21.46,98.26,56.78,49.52,37.91
474.97,35.15,21.23,22.83,21.46,98.26,56.78,49.52,37.91
474.98,35.28,21.26,22.83,21.46,98.26,56.78,49.52,37.91
474.99,35.15,21.23,22.83,21.46,98.26,56.78,49.52,37.91
475.00,35.21,21.23,22.83,21.46,98.26,56.78,49.52,37.91
475.01,35.15,21.23,22.83,21.46,98.64,56.64,49.41,37.91
475.02,35.15,21.23,22.83,21.46,98.26,56.78,49.52,37.91
475.03,35.21,21.26,22.83,21.46,98.64,56.78,49.52,37.91
475.04,35.15,21.23,22.83,21.46,98.26,56.78,49.52,37.91
475.05,35.15,21.23,22.83,21.46,98.26,56.64,49.52,37.91
475.06,35.15,21.23,22.80,21.46,98.26,56.78,49.52,37.91
475.07,35.21,21.23,22.83,21.46,98.64,56.78,49.52,37.91
475.08,35.21,21.23,22.83,21.46,98.64,56.78,49.52,37.91
475.09,35.21,21.23,22.83,21.46,98.64,56.78,49.52,37.91
475.10,35.15,21.23,22.80,21.46,98.26,56.78,49.52,37.91
475.11,35.21,21.23,22.83,21.46,98.26,56.78,49.52,37.91
475.12,35.15,21.23,22.83,21.49,98.64,56.78,49.52,37.91
475.13,35.15,21.26,22.83,21.46,98.64,56.78,49.52,37.91
475.14,35.21,21.26,22.83,21.46,98.26,56.64,49.52,37.91
475.15,35.15,21.23,22.83,21.46,98.64,56.78,49.52,37.91
475.16,35.15,21.23,22.80,21.46,98.64,56.78,49.52,37.91
475.17,35.21,21.23,22.83,21.49,98.26,56.64,49.52,37.91
475.18,35.21,21.23,22.83,21.46,98.64,56.78,49.52,37.91
475.19,35.21,21.23,22.80,21.46,98.26,56.64,49.52,37.91
475.20,35.21,21.23,22.83,21.46,98.26,56.64,49.52,37.91
475.21,35.15,21.23,22.83,21.46,98.26,56.78,49.52,37.91
475.22,35.15,21.23,22.83,21.46,98.26,56.64,49.41,37.91
475.23,35.21,21.23,22.83,21.46,98.26,56.78,49.52,37.91
475.24,35.21,21.23,22.83,21.46,98.64,56.78,49.52,37.91
475.25,35.15,21.19,22.83,21.46,98.64,56.78,49.52,37.91
475.26,35.15,21.23,22.83,21.46,98.26,56.64,49.52,37.91
475.27,35.21,21.19,22.83,21.46,98.64,56.78,49.52,37.99
475.28,35.15,21.23,22.83,21.49,98.26,56.78,49.52,37.91
475.29,35.21,21.23,22.83,21.46,98.26,56.78,49.52,37.91
475.30,35.21,21.23,22.83,21.46,98.64,56.78,49.52,37.91
475.31,35.21,21.23,22.80,21.46,98.26,56.78,49.52,37.91
475.32,35.21,21.23,22.83,21.46,98.26,56.64,49.52,37.91
475.33,35.21,21.26,22.83,21.49,98.64,56.64,49.41,37.91
475.34,35.21,21.23,22.83,21.46,98.26,56.78,49.52,37.91
475.35,35.21,21.23,22.80,21.46,98.26,56.64,49.52,37.91
475.36,35.21,21.23,22.80,21.46,98.26,56.92,49.52,37.91
475.37,35.15,21.23,22.83,21.46,98.64,56.64,49.52,37.91
475.38,35.21,21.23,22.80,21.49,98.64,56.78,49.52,37.91
475.39,35.15,21.23,22.83,21.46,98.26,56.64,49.52,37.99
475.40,35.15,21.19,22.83,21.46,98.26,56.64,49.52,37.91
475.41,35.15,21.23,22.80,21.46,98.64,56.64,49.52,37.91
475.42,35.15,21.19,22.83,21.46,98.26,56.78,49.52,37.91
475.43,35.21,21.23,22.83,21.46,98.64,56.78,49.52,37.91
475.44,35.15,21.23,22.83,21.46,98.26,56.64,49.52,37.91
475.45,35.15,21.23,22.80,21.46,98.26,56.64,49.52,37.91
475.46,35.15,21.23,22.80,21.46,98.64,56.78,49.41,37.91
475.47,35.15,21.23,22.83,21.46,98.26,56.64,49.52,37.99
475.48,35.15,21.23,22.83,21.46,98.64,56.64,49.52,37.91
475.49,35.21,21.23,22.83,21.49,98.26,56.78,49.41,37.91
475.50,35.15,21.23,22.83,21.46,98.26,56.64,49.41,37.91
475.51,35.21,21.19,22.83,21.46,98.26,56.64,49.41,37.91
475.52,35.28,21.23,22.80,21.46,98.26,56.78,49.52,37.91
475.53,35.21,21.23,22.87,21.49,98.26,56.78,49.52,37.99
475.54,35.15,21.23,22.83,21.46,98.26,56.64,49.52,37.91
475.55,35.15,21.23,22.80,21.46,98.26,56.64,49.52,37.91
475.56,35.21,21.23,22.83,21.46,98.26,56.64,49.52,37.91
475.57,35.15,21.23,22.83,21.46,98.64,56.78,49.52,37.91
475.58,35.28,21.23,22.83,21.46,98.26,56.78,49.52,37.91
475.59,35.21,21.23,22.83,21.46,98.64,56.78,49.52,37.99
475.60,35.21,21.23,22.83,21.49,97.88,56.64,49.52,37.91
475.61,35.15,21.23,22.80,21.49,98.64,56.78,49.52,37.91
475.62,35.15,21.23,22.83,21.49,98.26,56.64,49.52,37.84
475.63,35.21,21.23,22.83,21.46,98.26,56.78,49.52,37.91
475.64,35.21,21.23,22.80,21.46,98.26,56.78,49.52,37.91
475.65,35.15,21.23,22.80,21.46,98.64,56.78,49.52,37.91
475.66,35.21,21.19,22.80,21.46,98.26,56.78,49.52,37.91
475.67,35.21,21.23,22.83,21.46,98.26,56.64,49.52,37.91
475.68,35.15,21.23,22.83,21.46,98.64,56.78,49.52,37.91
475.69,35.21,21.23,22.83,21.46,98.64,56.78,49.52,37.91
475.70,35.15,21.23,22.80,21.46,98.26,56.78,49.52,37.91
475.71,35.15,21.23,22.83,21.46,98.26,56.78,49.41,37.91
475.72,35.21,21.23,22.83,21.46,98.26,56.64,49.41,37.91
475.73,35.21,21.26,22.83,21.49,98.26,56.78,49.52,37.91
475.74,35.21,21.23,22.83,21.46,98.26,56.78,49.52,37.99
475.75,35.15,21.23,22.83,21.46,98.64,56.64,49.52,37.91
475.76,35.15,21.23,22.83,21.46,98.26,56.64,49.41,37.91
475.77,35.15,21.23,22.83,21.46,98.26,56.64,49.52,37.91
475.78,35.15,21.26,22.83,21.46,98.64,56.78,49.52,37.91
475.79,35.15,21.23,22.83,21.46,98.64,56.78,49.52,37.91
475.80,35.21,21.23,22.80,21.46,98.26,56.78,49.41,37.99
475.81,35.15,21.23,22.80,21.46,98.26,56.64,49.52,37.91
475.82,35.21,21.23,22.80,21.46,98.26,56.78,49.52,37.91
475.83,35.21,21.23,22.83,21.46,98.64,56.78,49.52,37.91
475.84,35.15,21.23,22.83,21.46,98.26,56.64,49.52,37.91
475.85,35.21,21.23,22.83,21.46,98.26,56.64,49.52,37.91
475.86,35.21,21.19,22.80,21.46,98.26,56.64,49.52,37.91
475.87,35.15,21.19,22.83,21.46,98.26,56.64,49.52,37.91
475.88,35.21,21.23,22.83,21.46,98.26,56.78,49.52,37.91
475.89,35.21,21.23,22.83,21.46,98.26,56.78,49.52,37.91
475.90,35.15,21.23,22.80,21.46,98.26,56.64,49.41,37.91
475.91,35.15,21.19,22.83,21.46,98.26,56.64,49.52,37.91
475.92,35.21,21.23,22.80,21.46,98.26,56.78,49.41,37.91
475.93,35.21,21.23,22.83,21.46,98.26,56.64,49.52,37.91
475.94,35.21,21.23,22.80,21.46,98.26,56.64,49.52,37.91
475.95,35.15,21.19,22.83,21.46,98.26,56.64,49.41,37.91
475.96,35.21,21.23,22.80,21.46,98.26,56.64,49.30,37.91
475.97,35.15,21.23,22.80,21.46,98.26,56.78,49.52,37.91
475.98,35.21,21.23,22.83,21.46,98.26,56.64,49.52,37.99
475.99,35.21,21.23,22.80,21.46,98.26,56.64,49.41,37.91
476.00,35.15,21.23,22.80,21.46,98.64,56.64,49.52,37.91
476.01,35.21,21.19,22.80,21.46,98.26,56.78,49.52,37.91
476.02,35.15,21.19,22.80,21.46,98.26,56.78,49.41,37.91
476.03,35.21,21.23,22.83,21.46,98.64,56.78,49.41,37.91
476.04,35.21,21.23,22.80,21.46,98.64,56.64,49.41,37.91
476.05,35.21,21.19,22.80,21.46,98.26,56.64,49.41,37.91
476.06,35.15,21.19,22.80,21.46,98.26,56.64,49.41,37.91
476.07,35.21,21.19,22.83,21.46,98.64,56.64,49.41,37.91
476.08,35.15,21.23,22.83,21.46,98.26,56.64,49.52,37.91
476.09,35.15,21.23,22.80,21.46,98.26,56.64,49.41,37.99
476.10,35.15,21.19,22.80,21.46,98.26,56.64,49.41,37.99
476.11,35.15,21.19,22.80,21.46,98.26,56.64,49.41,37.91
476.12,35.21,21.19,22.80,21.46,98.26,56.64,49.52,37.91
476.13,35.15,21.23,22.83,21.46,98.26,56.78,49.52,37.91
476.14,35.21,21.23,22.80,21.46,98.26,56.64,49.41,37.91
476.15,35.15,21.19,22.80,21.46,98.26,56.64,49.41,37.91
476.16,35.15,21.19,22.80,21.46,97.88,56.64,49.41,37.91
476.17,35.15,21.23,22.83,21.46,98.26,56.64,49.52,37.91
476.18,35.15,21.23,22.80,21.46,98.26,56.78,49.41,37.91
476.19,35.15,21.19,22.80,21.46,98.26,56.64,49.41,37.91
476.20,35.15,21.23,22.80,21.46,98.26,56.64,49.41,37.91
476.21,35.15,21.19,22.80,21.46,98.26,56.64,49.41,37.91
476.22,35.15,21.23,22.80,21.46,98.26,56.64,49.41,37.91
476.23,35.15,21.23,22.80,21.46,98.26,56.78,49.52,37.91
476.24,35.15,21.19,22.80,21.46,98.26,56.64,49.52,37.91
476.25,35.15,21.19,22.80,21.46,98.26,56.64,49.41,37.91
476.26,35.15,21.19,22.80,21.46,98.26,56.64,49.41,37.91
476.27,35.15,21.19,22.80,21.46,98.26,56.64,49.41,37.91
476.28,35.21,21.23,22.80,21.46,98.26,56.64,49.41,37.91
476.29,35.21,21.23,22.80,21.46,98.26,56.64,49.52,37.91
476.30,35.15,21.23,22.80,21.46,98.64,56.78,49.41,37.91
476.31,35.15,21.19,22.83,21.46,98.26,56.64,49.41,37.91
476.32,35.15,21.19,22.80,21.46,98.26,56.64,49.52,37.91
476.33,35.21,21.23,22.83,21.46,98.26,56.78,49.52,37.91
476.34,35.21,21.23,22.80,21.46,98.26,56.64,49.52,37.91
476.35,35.15,21.19,22.80,21.46,98.26,56.64,49.41,37.91
476.36,35.21,21.19,22.80,21.46,98.26,56.64,49.41,37.91
476.37,35.21,21.19,22.80,21.46,98.26,56.64,49.52,37.91
476.38,35.15,21.19,22.83,21.46,98.64,56.64,49.41,37.99
476.39,35.21,21.19,22.80,21.46,98.26,56.78,49.41,37.91
476.40,35.15,21.19,22.80,21.46,98.26,56.64,49.41,37.99
476.41,35.15,21.19,22.80,21.46,98.26,56.64,49.41,37.91
476.42,35.21,21.19,22.83,21.46,98.26,56.64,49.41,37.91
476.43,35.21,21.23,22.83,21.46,98.26,56.64,49.52,37.91
476.44,35.15,21.19,22.80,21.46,98.26,56.64,49.41,37.91
476.45,35.15,21.19,22.80,21.46,98.26,56.64,49.41,37.99
476.46,35.08,21.16,22.80,21.46,98.26,56.64,49.41,37.91
476.47,35.15,21.23,22.80,21.46,98.26,56.64,49.41,37.91
476.48,35.21,21.23,22.80,21.46,98.26,56.64,49.41,37.91
476.49,35.15,21.23,22.80,21.46,98.26,56.64,49.41,37.91
476.50,35.21,21.23,22.80,21.46,98.26,56.64,49.41,37.91
476.51,35.21,21.16,22.80,21.46,98.26,56.78,49.41,37.91
476.52,35.15,21.26,22.80,21.46,98.26,56.64,49.41,37.91
476.53,35.15,21.19,22.80,21.42,98.26,56.78,49.41,37.91
476.54,35.21,21.23,22.80,21.46,98.26,56.64,49.41,37.91
476.55,35.15,21.19,22.80,21.46,98.26,56.64,49.41,37.91
476.56,35.21,21.19,22.80,21.46,98.26,56.64,49.41,37.91
476.57,35.15,21.23,22.80,21.46,98.26,56.64,49.41,37.91
476.58,35.21,21.23,22.83,21.46,98.26,56.64,49.41,37.91
476.59,35.15,21.19,22.80,21.46,98.26,56.64,49.41,37.91
476.60,35.15,21.19,22.80,21.46,98.26,56.64,49.41,37.91
476.61,35.15,21.19,22.80,21.46,98.26,56.50,49.41,37.91
476.62,35.21,21.19,22.80,21.46,98.26,56.78,49.41,37.91
476.63,35.21,21.23,22.80,21.46,98.26,56.64,49.41,37.91
476.64,35.21,21.23,22.80,21.46,98.26,56.64,49.52,37.91
476.65,35.15,21.19,22.80,21.46,98.26,56.64,49.41,37.99
476.66,35.15,21.19,22.80,21.46,98.26,56.64,49.41,37.91
476.67,35.15,21.19,22.80,21.46,98.26,56.64,49.41,37.91
476.68,35.21,21.23,22.83,21.46,98.26,56.64,49.52,37.91
476.69,35.15,21.23,22.80,21.46,98.26,56.64,49.41,37.91
476.70,35.15,21.19,22.80,21.46,98.26,56.64,49.41,37.91
476.71,35.08,21.19,22.83,21.46,98.26,56.64,49.41,37.91
476.72,35.21,21.19,22.80,21.46,98.26,56.64,49.41,37.91
476.73,35.21,21.23,22.80,21.46,98.26,56.64,49.41,37.91
476.74,35.21,21.23,22.80,21.46,98.26,56.64,49.52,37.91
476.75,35.21,21.19,22.80,21.46,98.26,56.64,49.41,37.91
476.76,35.15,21.19,22.80,21.46,98.26,56.64,49.41,37.91
476.77,35.28,21.23,22.83,21.49,98.26,56.64,49.41,37.99
476.78,35.15,21.23,22.80,21.46,98.26,56.78,49.41,37.99
476.79,35.15,21.23,22.80,21.46,98.26,56.64,49.52,37.91
476.80,35.15,21.19,22.80,21.46,98.26,56.64,49.41,37.91
476.81,35.08,21.19,22.80,21.46,98.26,56.64,49.41,37.91
476.82,35.15,21.19,22.80,21.49,98.64,56.64,49.41,37.91
476.83,35.15,21.23,22.83,21.46,98.26,56.78,49.41,37.99
476.84,35.21,21.23,22.80,21.46,97.88,56.64,49.41,37.91
476.85,35.15,21.19,22.80,21.46,99.02,56.78,49.41,37.91
476.86,35.15,21.19,22.80,21.46,97.88,56.78,49.41,37.91
476.91,35.21,21.19,22.80,21.46,98.64,56.64,49.52,37.91
476.91,35.21,21.23,22.80,21.46,98.26,56.64,49.30,37.91
476.92,35.15,21.23,22.80,21.46,98.26,56.64,49.41,37.91
476.93,35.21,21.19,22.80,21.46,98.26,56.64,49.41,37.91
476.94,35.15,21.19,22.80,21.46,98.26,56.64,49.41,37.99
476.95,35.21,21.23,22.80,21.46,98.26,56.50,49.41,37.91
476.96,35.21,21.23,22.83,21.46,98.26,56.64,49.52,37.99
476.99,35.21,21.19,22.80,21.46,98.26,56.64,49.52,37.91
476.99,35.15,21.19,22.80,21.46,98.26,56.64,49.41,37.91
477.00,35.15,21.19,22.80,21.46,98.64,56.64,49.41,37.91
477.01,35.21,21.19,22.80,21.42,98.26,56.64,49.52,37.91
477.02,35.28,21.23,22.83,21.46,98.26,56.64,49.41,37.91
477.03,35.21,21.19,22.83,21.49,98.26,56.64,49.41,37.91
477.04,35.15,21.19,22.80,21.46,98.26,56.64,49.41,37.91
477.05,35.15,21.19,22.80,21.46,98.26,56.64,49.41,37.91
477.06,35.15,21.19,22.80,21.46,98.26,56.78,49.52,37.91
477.07,35.21,21.23,22.80,21.46,98.26,56.78,49.52,37.91
477.08,35.21,21.23,22.80,21.46,98.26,56.64,49.41,37.99
477.09,35.21,21.23,22.80,21.46,98.26,56.78,49.41,37.99
477.10,35.15,21.19,22.80,21.46,98.64,56.64,49.41,37.91
477.11,35.21,21.19,22.80,21.46,98.26,56.78,49.41,37.91
477.12,35.21,21.23,22.83,21.46,98.26,56.78,49.52,37.99
477.13,35.21,21.19,22.83,21.46,98.26,56.64,49.41,37.91
477.14,35.21,21.19,22.80,21.46,98.26,56.50,49.41,37.91
477.15,35.15,21.19,22.80,21.46,98.26,56.64,49.41,37.91
477.16,35.15,21.23,22.83,21.46,98.26,56.64,49.52,37.91
477.17,35.28,21.23,22.83,21.46,98.64,56.78,49.52,37.91
477.18,35.15,21.19,22.83,21.46,98.26,56.64,49.41,37.91
477.19,35.21,21.19,22.80,21.46,98.26,56.64,49.41,37.91
477.20,35.21,21.23,22.80,21.46,98.26,56.64,49.41,37.99
477.21,35.15,21.19,22.83,21.46,98.64,56.64,49.52,37.91
477.22,35.15,21.23,22.80,21.46,98.26,56.64,49.52,37.91
477.23,35.21,21.23,22.83,21.46,98.26,56.64,49.41,37.91
477.24,35.15,21.19,22.83,21.46,98.64,56.50,49.41,37.91
477.25,35.15,21.19,22.80,21.46,98.26,56.64,49.41,37.91
477.26,35.21,21.23,22.83,21.46,98.26,56.78,49.52,37.99
477.27,35.21,21.23,22.83,21.46,98.26,56.78,49.52,37.91
477.28,35.21,21.19,22.83,21.46,98.26,56.64,49.41,37.91
477.29,35.21,21.19,22.80,21.46,98.26,56.64,49.41,37.91
477.30,35.15,21.16,22.80,21.46,98.64,56.64,49.52,37.99
477.31,35.28,21.23,22.83,21.46,98.26,56.78,49.41,37.99
477.32,35.21,21.23,22.83,21.46,98.26,56.64,49.41,37.91
477.33,35.21,21.23,22.80,21.46,98.26,56.64,49.52,37.91
477.34,35.21,21.19,22.80,21.46,98.26,56.64,49.41,37.99
477.35,35.21,21.19,22.80,21.49,98.26,56.64,49.41,37.91
477.36,35.15,21.23,22.80,21.46,98.64,56.64,49.52,37.99
477.37,35.15,21.23,22.83,21.46,98.26,56.78,49.41,37.99
477.38,35.21,21.23,22.80,21.49,98.26,56.64,49.41,37.99
477.39,35.15,21.23,22.83,21.46,98.26,56.78,49.41,37.99
477.40,35.15,21.19,22.83,21.46,98.26,56.64,49.41,37.91
477.41,35.21,21.23,22.80,21.46,98.26,56.78,49.41,37.99
477.42,35.21,21.23,22.83,21.46,98.26,56.64,49.52,37.99
477.43,35.15,21.23,22.83,21.46,98.26,56.64,49.52,37.91
477.44,35.21,21.23,22.80,21.46,98.26,56.64,49.52,37.91
477.45,35.21,21.19,22.80,21.46,98.26,56.78,49.52,37.91
477.46,35.21,21.23,22.83,21.49,98.26,56.78,49.52,37.99
477.47,35.21,21.23,22.83,21.46,98.26,56.78,49.52,37.91
477.48,35.15,21.23,22.83,21.46,98.26,56.64,49.41,37.91
477.49,35.15,21.19,22.80,21.46,98.26,56.64,49.41,37.91
477.50,35.15,21.19,22.80,21.46,98.26,56.64,49.52,37.99
477.51,35.21,21.23,22.83,21.46,98.64,56.64,49.41,37.99
477.52,35.15,21.23,22.83,21.49,98.64,56.64,49.52,37.99
477.53,35.21,21.23,22.83,21.46,98.26,56.64,49.52,37.99
477.54,35.15,21.23,22.83,21.46,98.26,56.64,49.41,37.99
477.55,35.15,21.19,22.83,21.49,98.26,56.64,49.52,37.99
477.56,35.21,21.23,22.83,21.46,98.26,56.78,49.52,37.91
477.57,35.15,21.23,22.83,21.46,98.64,56.78,49.52,37.99
477.58,35.21,21.19,22.80,21.46,98.26,56.78,49.41,37.91
477.59,35.21,21.23,22.80,21.46,98.26,56.64,49.41,37.91
477.60,35.21,21.23,22.80,21.49,98.26,56.64,49.41,37.91
477.61,35.28,21.23,22.80,21.49,98.26,56.64,49.41,37.99
477.62,35.21,21.23,22.83,21.46,98.64,56.78,49.52,37.99
477.63,35.28,21.23,22.83,21.46,98.26,56.64,49.52,37.91
477.64,35.21,21.19,22.80,21.46,98.26,56.78,49.41,37.99
477.65,35.21,21.23,22.80,21.46,98.26,56.78,49.41,37.99
477.66,35.21,21.23,22.83,21.46,98.26,56.78,49.41,37.99
477.67,35.28,21.23,22.83,21.46,98.64,56.78,49.52,37.99
477.68,35.21,21.23,22.80,21.46,98.26,56.78,49.41,37.91
477.69,35.15,21.23,22.80,21.46,98.26,56.64,49.52,37.91
477.70,35.15,21.23,22.80,21.46,98.26,56.78,49.41,37.99
477.71,35.21,21.23,22.83,21.46,98.26,56.78,49.52,37.91
477.72,35.15,21.23,22.83,21.46,98.26,56.78,49.52,37.99
477.73,35.28,21.23,22.83,21.46,98.26,56.78,49.41,37.99
477.74,35.21,21.19,22.80,21.46,98.26,56.64,49.52,37.91
477.75,35.28,21.23,22.83,21.46,98.26,56.78,49.52,37.91
477.76,35.21,21.23,22.83,21.46,98.26,56.64,49.52,37.99
477.77,35.28,21.23,22.83,21.46,98.26,56.78,49.41,37.99
477.78,35.21,21.19,22.83,21.46,98.26,56.78,49.52,37.91
477.79,35.15,21.23,22.80,21.46,98.26,56.64,49.41,37.91
477.80,35.21,21.23,22.83,21.49,98.26,56.64,49.52,37.91
477.81,35.15,21.19,22.83,21.49,98.26,56.78,49.52,37.91
477.82,35.28,21.26,22.83,21.46,98.26,56.64,49.41,37.99
477.83,35.21,21.23,22.83,21.46,98.26,56.64,49.41,37.91
477.84,35.21,21.19,22.83,21.46,98.26,56.64,49.52,37.91
477.85,35.15,21.23,22.80,21.46,98.64,56.50,49.52,37.99
477.86,35.21,21.23,22.83,21.46,98.26,56.64,49.52,37.99
477.87,35.28,21.23,22.83,21.46,98.26,56.78,49.52,37.99
477.88,35.28,21.23,22.83,21.46,98.26,56.50,49.52,37.91
477.89,35.21,21.23,22.80,21.46,98.26,56.64,49.52,37.99
477.90,35.28,21.19,22.80,21.46,98.26,56.92,49.41,37.99
477.91,35.21,21.19,22.83,21.46,98.26,56.64,49.52,37.91
477.92,35.28,21.23,22.80,21.46,98.26,56.78,49.41,38.06
477.93,35.21,21.23,22.83,21.46,98.26,56.64,49.41,37.99
477.94,35.15,21.19,22.83,21.46,98.64,56.64,49.41,37.99
477.95,35.15,21.23,22.80,21.46,98.26,56.64,49.41,37.99
477.96,35.21,21.23,22.83,21.46,98.26,56.78,49.52,37.99
477.97,35.21,21.23,22.83,21.49,98.26,56.78,49.52,37.91
477.98,35.21,21.23,22.83,21.46,98.26,56.64,49.52,37.91
477.99,35.21,21.19,22.80,21.46,98.26,56.78,49.41,37.91
478.00,35.21,21.23,22.83,21.46,98.26,56.78,49.52,37.99
478.01,35.21,21.23,22.83,21.46,98.26,56.78,49.41,37.99
478.02,35.15,21.23,22.83,21.46,98.26,56.64,49.41,37.99
478.03,35.28,21.23,22.80,21.46,98.26,56.64,49.41,37.91
478.04,35.08,21.19,22.80,21.46,98.26,56.64,49.41,37.99
478.05,35.28,21.23,22.83,21.46,98.26,56.64,49.41,37.99
478.06,35.15,21.19,22.80,21.46,98.26,56.64,49.52,37.91
478.07,35.21,21.23,22.83,21.46,98.26,56.64,49.52,37.99
478.08,35.21,21.23,22.83,21.46,98.26,56.64,49.52,37.91
478.09,35.21,21.19,22.80,21.46,98.26,56.78,49.41,37.91
478.10,35.15,21.23,22.83,21.46,98.64,56.64,49.52,37.91
478.11,35.21,21.23,22.80,21.46,98.26,56.78,49.41,37.99
478.12,35.21,21.23,22.83,21.49,98.64,56.78,49.41,37.91
478.13,35.21,21.23,22.83,21.46,98.26,56.64,49.41,37.99
478.14,35.15,21.19,22.80,21.46,97.88,56.78,49.41,37.99
478.15,35.15,21.19,22.80,21.46,98.64,56.64,49.52,37.99
478.16,35.21,21.23,22.80,21.46,98.26,56.78,49.30,37.99
478.17,35.21,21.23,22.83,21.46,98.26,56.64,49.52,37.91
478.18,35.21,21.23,22.83,21.46,98.26,56.64,49.41,37.91
478.19,35.28,21.23,22.80,21.46,98.26,56.64,49.41,37.91
478.20,35.15,21.19,22.80,21.46,98.26,56.64,49.52,37.91
478.21,35.21,21.23,22.83,21.46,98.26,56.64,49.41,37.99
478.22,35.21,21.23,22.83,21.46,98.26,56.78,49.41,37.99
478.23,35.15,21.23,22.83,21.46,98.26,56.64,49.41,37.91
478.24,35.15,21.19,22.80,21.46,98.26,56.64,49.41,37.99
478.25,35.21,21.19,22.80,21.46,98.26,56.64,49.52,37.91
478.26,35.28,21.23,22.83,21.46,98.64,56.64,49.41,37.99
478.27,35.21,21.23,22.83,21.46,98.26,56.64,49.41,37.99
478.28,35.21,21.23,22.83,21.46,98.26,56.64,49.52,37.99
478.29,35.21,21.23,22.80,21.46,98.26,56.64,49.41,37.99
478.30,35.21,21.23,22.83,21.46,98.26,56.64,49.52,37.99
478.31,35.28,21.23,22.83,21.46,98.26,56.78,49.41,37.99
478.32,35.21,21.23,22.80,21.46,98.26,56.64,49.52,37.91
478.33,35.15,21.19,22.83,21.46,98.26,56.64,49.52,37.99
478.34,35.15,21.19,22.80,21.46,98.26,56.64,49.41,37.99
478.35,35.21,21.19,22.80,21.46,98.26,56.64,49.41,37.99
478.36,35.21,21.23,22.83,21.46,98.26,56.64,49.41,37.91
478.37,35.21,21.23,22.83,21.46,98.26,56.64,49.52,37.99
478.38,35.21,21.19,22.83,21.46,98.26,56.78,49.41,37.99
478.39,35.21,21.23,22.80,21.46,98.26,56.64,49.41,37.99
478.40,35.21,21.19,22.80,21.46,98.26,56.64,49.52,37.99
478.41,35.21,21.23,22.83,21.46,98.26,56.64,49.41,37.99
478.42,35.21,21.23,22.83,21.46,98.26,56.78,49.41,37.99
478.43,35.21,21.23,22.80,21.46,98.26,56.64,49.41,37.99
478.44,35.15,21.19,22.80,21.46,98.26,56.64,49.41,37.99
478.45,35.21,21.19,22.80,21.46,98.26,56.64,49.41,37.91
478.46,35.15,21.19,22.80,21.46,98.26,56.64,49.52,37.99
478.47,35.28,21.23,22.80,21.46,98.26,56.78,49.41,37.99
478.48,35.21,21.23,22.83,21.46,98.26,56.64,49.41,37.99
478.49,35.21,21.19,22.83,21.46,98.26,56.64,49.41,37.99
478.50,35.28,21.23,22.80,21.46,98.26,56.64,49.41,37.91
478.51,35.21,21.23,22.83,21.46,98.26,56.64,49.41,37.99
478.52,35.28,21.26,22.80,21.46,98.26,56.64,49.41,37.99
478.53,35.21,21.23,22.83,21.46,98.26,56.64,49.52,37.99
478.54,35.21,21.19,22.83,21.46,98.64,56.64,49.41,37.91
478.55,35.15,21.23,22.83,21.46,98.26,56.64,49.52,37.99
478.56,35.21,21.23,22.83,21.46,98.26,56.64,49.41,37.99
478.57,35.21,21.23,22.83,21.46,98.26,56.64,49.52,37.99
478.58,35.15,21.23,22.80,21.46,98.26,56.64,49.52,37.91
478.59,35.21,21.19,22.80,21.46,98.26,56.64,49.52,37.91
478.60,35.21,21.23,22.80,21.46,98.26,56.64,49.52,37.99
478.61,35.21,21.23,22.83,21.49,98.26,56.64,49.52,37.99
478.62,35.21,21.23,22.83,21.46,98.26,56.78,49.52,37.91
478.63,35.21,21.23,22.80,21.46,98.26,56.64,49.41,37.91
478.64,35.15,21.19,22.80,21.46,98.26,56.78,49.52,37.99
478.65,35.21,21.19,22.80,21.46,98.26,56.64,49.41,37.99
478.66,35.28,21.23,22.80,21.46,98.26,56.78,49.41,37.99
478.67,35.21,21.23,22.83,21.46,98.26,56.64,49.41,37.99
478.68,35.21,21.23,22.80,21.46,98.26,56.64,49.41,37.99
478.69,35.21,21.23,22.80,21.46,98.26,56.64,49.41,37.99
478.70,35.21,21.23,22.80,21.46,98.26,56.64,49.41,37.99
478.71,35.21,21.23,22.83,21.46,98.26,56.78,49.41,37.99
478.72,35.21,21.23,22.83,21.46,98.26,56.64,49.41,37.99
478.73,35.21,21.19,22.83,21.46,98.26,56.64,49.41,37.99
478.74,35.15,21.19,22.80,21.46,98.26,56.78,49.41,37.99
478.75,35.21,21.23,22.80,21.46,98.64,56.64,49.41,37.99
478.76,35.21,21.23,22.83,21.49,98.26,56.78,49.41,37.99
478.77,35.28,21.19,22.83,21.49,98.26,56.64,49.52,37.99
478.78,35.21,21.23,22.80,21.46,98.26,56.64,49.52,37.91
478.79,35.15,21.19,22.80,21.46,98.26,56.64,49.41,37.99
478.80,35.21,21.23,22.80,21.46,98.26,56.64,49.52,37.99
478.81,35.21,21.23,22.83,21.46,98.26,56.64,49.52,37.99
478.82,35.21,21.23,22.80,21.46,98.26,56.64,49.41,37.99
478.83,35.15,21.23,22.80,21.46,98.26,56.64,49.41,37.91
478.84,35.21,21.19,22.80,21.46,98.26,56.64,49.41,37.99
478.85,35.15,21.23,22.80,21.46,98.26,56.64,49.41,37.99
478.86,35.28,21.23,22.80,21.46,98.26,56.64,49.52,37.99
478.87,35.21,21.23,22.83,21.46,98.26,56.64,49.41,37.99
478.88,35.15,21.19,22.80,21.46,98.26,56.64,49.52,37.99
478.89,35.15,21.19,22.80,21.46,98.26,56.64,49.41,37.99
478.90,35.15,21.19,22.80,21.46,98.26,56.64,49.52,37.99
478.91,35.21,21.19,22.80,21.46,98.26,56.64,49.41,37.99
478.92,35.21,21.23,22.80,21.46,98.26,56.64,49.52,37.99
478.93,35.21,21.19,22.80,21.46,98.26,56.64,49.41,37.99
478.94,35.21,21.19,22.80,21.46,98.26,56.64,49.52,37.99
478.95,35.15,21.19,22.80,21.42,98.26,56.64,49.41,37.99
478.96,35.28,21.19,22.80,21.46,98.26,56.64,49.41,37.99
478.97,35.21,21.23,22.83,21.46,98.26,56.64,49.41,37.99
478.98,35.21,21.19,22.80,21.46,98.26,56.64,49.41,37.99
478.99,35.15,21.19,22.80,21.46,98.26,56.78,49.41,37.91
479.00,35.21,21.19,22.80,21.46,98.26,56.64,49.41,37.99
479.01,35.15,21.23,22.83,21.46,98.26,56.64,49.41,37.99
479.02,35.21,21.23,22.80,21.46,98.26,56.64,49.41,37.99
479.03,35.21,21.23,22.80,21.46,98.26,56.64,49.41,37.99
479.04,35.15,21.19,22.80,21.46,98.26,56.64,49.41,37.99
479.05,35.21,21.16,22.80,21.46,98.26,56.64,49.41,37.99
479.06,35.21,21.19,22.80,21.46,98.26,56.64,49.41,37.99
479.07,35.21,21.23,22.83,21.46,98.26,56.64,49.41,37.99
479.08,35.15,21.19,22.80,21.46,98.26,56.64,49.41,37.99
479.09,35.15,21.19,22.80,21.46,98.26,56.64,49.52,37.99
479.10,35.15,21.19,22.80,21.46,98.26,56.64,49.41,37.99
479.11,35.21,21.23,22.80,21.46,98.26,56.64,49.41,37.99
479.12,35.21,21.23,22.83,21.46,98.26,56.64,49.41,37.99
479.13,35.15,21.19,22.80,21.46,98.26,56.64,49.41,37.99
479.14,35.21,21.19,22.80,21.46,98.26,56.78,49.41,37.99
479.15,35.15,21.19,22.80,21.46,98.26,56.50,49.41,37.84
479.16,35.21,21.23,22.80,21.46,98.26,56.64,49.41,38.06
479.17,35.21,21.23,22.83,21.46,98.26,56.64,49.52,37.91
479.18,35.15,21.19,22.80,21.46,98.26,56.64,49.41,37.99
479.19,35.15,21.19,22.80,21.46,98.26,56.64,49.41,37.99
479.20,35.15,21.19,22.80,21.46,98.26,56.64,49.41,37.99
479.21,35.15,21.19,22.80,21.46,98.26,56.64,49.41,37.99
479.22,35.28,21.23,22.83,21.46,98.26,56.64,49.30,37.91
479.23,35.15,21.23,22.80,21.46,98.26,56.64,49.41,37.99
479.24,35.21,21.19,22.80,21.46,98.26,56.64,49.41,37.91
479.25,35.15,21.19,22.80,21.46,98.26,56.64,49.41,37.99
479.26,35.15,21.19,22.80,21.46,98.26,56.64,49.41,37.91
479.27,35.21,21.23,22.83,21.46,98.26,56.64,49.41,37.99
479.28,35.21,21.19,22.80,21.46,98.26,56.64,49.41,37.99
479.29,35.21,21.19,22.80,21.46,98.26,56.64,49.41,37.91
479.30,35.21,21.19,22.80,21.46,98.26,56.64,49.41,37.91
479.31,35.21,21.19,22.83,21.46,98.26,56.64,49.52,37.99
479.32,35.15,21.23,22.80,21.46,98.26,56.64,49.52,37.99
479.33,35.15,21.19,22.80,21.46,98.26,56.64,49.52,37.99
479.34,35.15,21.19,22.80,21.46,98.26,56.64,49.41,37.99
479.35,35.15,21.19,22.80,21.46,98.26,56.64,49.41,37.99
479.36,35.15,21.19,22.83,21.46,98.26,56.64,49.41,37.99
479.37,35.21,21.23,22.80,21.46,98.26,56.64,49.41,37.99
479.38,35.21,21.19,22.80,21.46,98.64,56.64,49.41,37.91
479.39,35.15,21.19,22.80,21.46,98.26,56.64,49.52,37.99
479.40,35.21,21.19,22.80,21.46,97.88,56.64,49.30,37.99
479.41,35.15,21.19,22.80,21.46,98.26,56.64,49.52,37.99
479.42,35.15,21.23,22.80,21.46,98.26,56.64,49.41,37.99
479.43,35.15,21.23,22.80,21.46,98.26,56.64,49.41,37.99
479.44,35.21,21.19,22.80,21.46,98.26,56.64,49.41,37.99
479.45,35.21,21.19,22.80,21.46,98.64,56.64,49.41,37.99
479.46,35.21,21.23,22.80,21.46,98.26,56.64,49.41,37.99
479.47,35.21,21.23,22.83,21.46,98.26,56.64,49.41,37.99
479.48,35.15,21.19,22.80,21.46,98.26,56.64,49.41,37.99
479.49,35.21,21.19,22.80,21.46,98.26,56.64,49.41,37.99
479.50,35.15,21.19,22.80,21.46,98.26,56.64,49.41,37.99
479.51,35.21,21.19,22.80,21.46,98.26,56.64,49.52,37.99
479.52,35.15,21.23,22.80,21.46,98.26,56.64,49.52,37.99
479.53,35.15,21.19,22.80,21.46,98.26,56.50,49.41,37.99
479.54,35.15,21.19,22.80,21.46,98.26,56.64,49.41,37.99
479.55,35.15,21.19,22.80,21.46,98.26,56.64,49.52,37.99
479.56,35.15,21.19,22.80,21.46,98.26,56.78,49.41,37.99
479.57,35.21,21.23,22.80,21.46,98.26,56.64,49.41,37.99
479.58,35.21,21.19,22.80,21.46,98.26,56.64,49.41,37.99
479.59,35.15,21.19,22.80,21.46,98.26,56.64,49.41,37.91
479.60,35.21,21.19,22.80,21.46,98.26,56.64,49.41,37.99
479.61,35.21,21.19,22.80,21.46,98.26,56.64,49.41,38.06
479.62,35.15,21.23,22.80,21.49,98.26,56.64,49.52,37.99
479.63,35.15,21.23,22.80,21.46,98.26,56.64,49.41,37.99
479.64,35.15,21.19,22.80,21.46,98.26,56.64,49.41,37.99
479.65,35.15,21.19,22.80,21.46,98.26,56.64,49.41,37.99
479.66,35.21,21.19,22.80,21.46,98.26,56.78,49.41,37.91
479.67,35.15,21.19,22.80,21.46,98.26,56.64,49.52,37.99
479.68,35.21,21.19,22.83,21.46,98.26,56.64,49.41,37.99
479.69,35.15,21.19,22.80,21.46,98.64,56.64,49.41,37.91
479.70,35.15,21.19,22.80,21.46,98.26,56.64,49.41,37.99
479.71,35.15,21.19,22.80,21.46,98.26,56.64,49.41,37.99
479.72,35.15,21.23,22.83,21.46,98.26,56.64,49.41,37.99
479.73,35.15,21.19,22.80,21.46,98.26,56.64,49.52,37.99
479.74,35.21,21.19,22.80,21.46,98.26,56.64,49.41,37.99
479.75,35.21,21.19,22.80,21.46,98.26,56.64,49.41,37.99
479.76,35.21,21.19,22.83,21.46,98.26,56.64,49.52,37.99
479.77,35.15,21.23,22.83,21.46,98.26,56.64,49.41,37.99
479.78,35.15,21.19,22.83,21.46,98.26,56.64,49.41,37.99
479.79,35.15,21.19,22.80,21.46,98.26,56.64,49.41,37.99
479.80,35.15,21.19,22.80,21.46,98.26,56.64,49.52,37.99
479.81,35.21,21.23,22.80,21.46,98.64,56.64,49.41,37.99
479.82,35.21,21.23,22.83,21.46,98.26,56.64,49.41,37.99
479.83,35.15,21.19,22.80,21.46,98.26,56.64,49.41,37.99
479.84,35.15,21.19,22.80,21.46,98.26,56.64,49.52,37.99
479.85,35.15,21.19,22.80,21.46,98.64,56.64,49.41,37.99
479.86,35.21,21.23,22.83,21.46,98.26,56.64,49.41,37.99
479.87,35.21,21.23,22.83,21.46,98.26,56.64,49.52,37.99
479.88,35.21,21.19,22.80,21.46,98.26,56.64,49.41,37.99
479.89,35.15,21.19,22.80,21.46,98.26,56.64,49.41,37.99
479.90,35.15,21.19,22.80,21.46,98.26,56.64,49.41,37.99
479.91,35.21,21.23,22.83,21.46,98.64,56.64,49.52,37.99
479.92,35.21,21.23,22.80,21.46,98.26,56.78,49.52,37.99
479.93,35.15,21.19,22.80,21.46,98.26,56.64,49.41,37.99
479.94,35.15,21.19,22.80,21.46,98.26,56.64,49.41,37.99
479.95,35.21,21.19,22.80,21.46,98.26,56.64,49.41,37.99
479.96,35.21,21.23,22.83,21.46,98.26,56.78,49.41,37.99
479.97,35.28,21.23,22.83,21.46,98.26,56.78,49.41,37.99
479.98,35.21,21.19,22.80,21.46,98.26,56.78,49.41,37.99
479.99,35.15,21.19,22.80,21.46,98.26,56.64,49.41,37.99
480.00,35.21,21.19,22.80,21.46,98.26,56.64,49.41,37.99
480.01,35.21,21.23,22.80,21.46,98.26,56.64,49.41,37.99
480.02,35.21,21.19,22.83,21.46,98.26,56.64,49.52,37.91
480.03,35.21,21.19,22.80,21.46,98.26,56.64,49.41,37.99
480.04,35.21,21.19,22.80,21.46,98.26,56.64,49.41,37.91
480.05,35.15,21.19,22.80,21.46,98.26,56.64,49.41,37.99
480.06,35.15,21.19,22.80,21.46,98.26,56.64,49.41,37.99
480.07,35.21,21.23,22.80,21.46,98.64,56.64,49.41,37.99
480.08,35.21,21.19,22.83,21.49,98.26,56.64,49.41,37.99
480.09,35.15,21.19,22.83,21.46,98.64,56.64,49.41,38.06
480.10,35.21,21.19,22.80,21.46,98.26,56.35,49.41,37.99
480.11,35.15,21.19,22.80,21.46,98.26,56.64,49.52,37.99
480.12,35.21,21.23,22.83,21.46,98.26,56.64,49.52,37.99
480.13,35.15,21.19,22.80,21.46,98.26,56.64,49.41,37.99
480.14,35.15,21.19,22.80,21.46,98.26,56.64,49.41,37.99
480.15,35.15,21.19,22.80,21.46,98.26,56.64,49.52,37.99
480.16,35.21,21.19,22.80,21.46,98.26,56.64,49.41,37.99
480.17,35.21,21.19,22.83,21.46,98.26,56.78,49.52,37.99
480.18,35.21,21.19,22.80,21.46,98.26,56.64,49.41,37.99
480.19,35.21,21.19,22.83,21.46,98.26,56.64,49.41,37.99
480.20,35.15,21.19,22.80,21.46,98.26,56.64,49.52,37.99
480.21,35.21,21.23,22.80,21.46,98.26,56.78,49.41,37.99
480.22,35.28,21.23,22.80,21.46,98.26,56.64,49.41,37.99
480.23,35.15,21.19,22.80,21.46,98.26,56.64,49.41,37.99
480.24,35.15,21.19,22.80,21.46,98.26,56.64,49.41,37.91
480.25,35.15,21.23,22.80,21.46,98.26,56.78,49.52,37.99
480.26,35.21,21.23,22.80,21.49,98.26,56.64,49.41,37.99
480.27,35.28,21.23,22.83,21.46,98.64,56.64,49.52,37.99
480.28,35.15,21.19,22.80,21.46,98.26,56.64,49.41,37.99
480.29,35.15,21.23,22.80,21.46,98.26,56.64,49.41,37.99
480.30,35.15,21.23,22.80,21.49,98.26,56.64,49.52,37.99
480.31,35.21,21.19,22.83,21.46,98.26,56.64,49.41,37.99
480.32,35.21,21.23,22.83,21.46,98.26,56.64,49.52,37.99
480.33,35.21,21.19,22.80,21.46,98.26,56.64,49.41,37.99
480.34,35.15,21.19,22.80,21.46,98.26,56.64,49.41,37.99
480.35,35.15,21.23,22.80,21.46,98.26,56.78,49.41,37.99
480.36,35.21,21.23,22.80,21.46,98.26,56.78,49.52,38.06
480.37,35.15,21.23,22.80,21.46,98.26,56.78,49.52,37.99
480.38,35.21,21.19,22.80,21.46,98.26,56.78,49.41,37.99
480.39,35.15,21.19,22.80,21.46,98.26,56.78,49.41,37.91
480.40,35.15,21.19,22.80,21.46,97.88,56.78,49.52,38.06
480.41,35.21,21.19,22.83,21.46,98.26,56.64,49.52,37.91
480.42,35.28,21.23,22.83,21.46,98.26,56.64,49.52,38.06
480.43,35.15,21.19,22.80,21.46,98.26,56.64,49.52,37.99
480.44,35.15,21.19,22.80,21.46,98.26,56.78,49.41,37.99
480.45,35.21,21.19,22.80,21.46,98.26,56.64,49.41,37.99
480.46,35.21,21.23,22.83,21.49,98.26,56.64,49.52,37.99
480.47,35.21,21.23,22.80,21.49,98.26,56.64,49.52,37.99
480.48,35.15,21.23,22.80,21.46,98.26,56.64,49.41,37.99
480.49,35.15,21.19,22.80,21.46,98.26,56.64,49.41,37.99
480.50,35.15,21.19,22.83,21.46,98.26,56.64,49.30,37.99
480.51,35.21,21.23,22.83,21.46,98.26,56.64,49.52,37.99
480.52,35.08,21.23,22.80,21.46,98.26,56.64,49.41,37.99
480.53,35.21,21.19,22.80,21.46,98.26,56.64,49.41,37.99
480.54,35.08,21.19,22.80,21.46,98.26,56.64,49.41,37.99
480.55,35.15,21.19,22.83,21.46,98.26,56.64,49.41,37.99
480.56,35.21,21.23,22.80,21.46,98.26,56.64,49.41,37.99
480.57,35.28,21.19,22.83,21.46,98.26,56.64,49.41,37.99
480.58,35.15,21.19,22.80,21.46,98.26,56.64,49.52,37.99
480.59,35.21,21.19,22.80,21.49,98.26,56.64,49.41,37.99
480.60,35.21,21.19,22.80,21.46,98.26,56.64,49.41,37.99
480.61,35.28,21.23,22.80,21.46,98.64,56.64,49.52,37.99
480.62,35.21,21.23,22.83,21.46,98.26,56.64,49.52,37.99
480.63,35.21,21.23,22.80,21.46,98.64,56.64,49.30,37.99
480.64,35.15,21.19,22.83,21.46,97.88,56.64,49.41,37.99
480.65,35.15,21.19,22.83,21.49,98.26,56.64,49.64,37.99
480.66,35.21,21.23,22.83,21.46,98.26,56.64,49.30,37.99
480.67,35.21,21.19,22.80,21.46,98.26,56.64,49.41,37.99
480.68,35.15,21.19,22.80,21.46,98.26,56.64,49.41,37.99
480.69,35.15,21.19,22.80,21.46,98.26,56.64,49.52,37.99
480.70,35.21,21.19,22.80,21.46,98.26,56.64,49.41,37.99
480.71,35.21,21.23,22.80,21.46,98.26,56.64,49.41,37.99
480.72,35.21,21.23,22.83,21.46,98.26,56.64,49.52,38.06
480.73,35.15,21.19,22.80,21.46,98.26,56.64,49.52,37.99
480.74,35.21,21.19,22.80,21.46,98.26,56.64,49.41,37.99
480.75,35.15,21.19,22.83,21.49,98.26,56.64,49.41,37.99
480.76,35.21,21.23,22.80,21.46,98.26,56.78,49.52,37.99
480.77,35.21,21.23,22.80,21.46,98.26,56.64,49.41,37.99
480.78,35.15,21.19,22.80,21.46,98.26,56.64,49.52,37.99
480.79,35.15,21.19,22.80,21.46,98.26,56.64,49.52,37.99
480.80,35.15,21.19,22.80,21.49,98.26,56.64,49.41,37.99
480.81,35.21,21.19,22.83,21.46,98.26,56.78,49.52,38.06
480.82,35.21,21.23,22.83,21.49,98.26,56.64,49.41,37.99
480.83,35.15,21.19,22.80,21.46,98.26,56.64,49.41,37.99
480.84,35.15,21.19,22.80,21.46,98.26,56.64,49.41,37.99
480.85,35.15,21.23,22.80,21.46,98.26,56.64,49.52,37.99
480.86,35.21,21.19,22.83,21.49,98.64,56.64,49.52,37.99
480.87,35.21,21.23,22.83,21.46,98.64,56.64,49.41,37.99
480.88,35.15,21.19,22.80,21.46,98.26,56.64,49.41,37.99
480.89,35.21,21.19,22.80,21.46,98.26,56.64,49.41,37.99
480.90,35.15,21.19,22.80,21.46,98.26,56.64,49.41,37.99
480.91,35.21,21.19,22.83,21.46,98.64,56.64,49.41,37.99
480.92,35.21,21.23,22.83,21.46,98.64,56.64,49.52,37.99
480.93,35.15,21.19,22.80,21.46,98.26,56.64,49.41,37.99
480.94,35.15,21.19,22.80,21.49,98.26,56.64,49.41,37.99
480.95,35.28,21.19,22.80,21.46,98.26,56.64,49.41,37.99
480.96,35.21,21.23,22.83,21.46,98.26,56.64,49.52,37.99
480.97,35.15,21.23,22.83,21.46,98.26,56.64,49.52,37.99
480.98,35.15,21.19,22.80,21.46,98.26,56.64,49.41,37.99
480.99,35.21,21.19,22.80,21.46,98.26,56.64,49.41,37.99
481.00,35.21,21.19,22.80,21.46,98.26,56.64,49.52,38.06
481.01,35.28,21.23,22.83,21.46,98.26,56.50,49.52,37.99
481.02,35.21,21.23,22.83,21.46,98.26,56.64,49.52,37.99
481.03,35.21,21.19,22.80,21.46,98.26,56.64,49.41,37.99
481.04,35.21,21.19,22.80,21.46,98.64,56.64,49.52,37.99
481.05,35.21,21.19,22.83,21.49,98.26,56.64,49.41,37.99
481.06,35.21,21.19,22.83,21.46,98.64,56.64,49.41,37.99
481.07,35.21,21.23,22.83,21.46,98.26,56.64,49.52,38.06
481.08,35.15,21.19,22.80,21.46,98.26,56.64,49.52,37.99
481.09,35.15,21.19,22.80,21.46,98.26,56.64,49.41,37.99
481.10,35.15,21.19,22.80,21.46,98.64,56.64,49.52,37.99
481.11,35.21,21.19,22.83,21.46,98.26,56.64,49.41,37.99
481.12,35.21,21.23,22.83,21.46,98.26,56.64,49.52,37.99
481.13,35.15,21.19,22.80,21.46,98.26,56.64,49.41,37.99
481.14,35.15,21.19,22.80,21.46,98.26,56.64,49.41,37.99
481.15,35.15,21.19,22.80,21.46,98.26,56.64,49.41,37.99
481.16,35.15,21.19,22.83,21.46,98.26,56.64,49.41,38.06
481.17,35.21,21.23,22.83,21.46,98.26,56.64,49.52,37.99
481.18,35.21,21.19,22.80,21.46,98.26,56.64,49.41,37.99
481.19,35.21,21.19,22.80,21.46,98.26,56.64,49.52,37.99
481.20,35.21,21.19,22.80,21.46,98.26,56.64,49.41,37.99
481.21,35.21,21.23,22.83,21.46,98.26,56.64,49.52,37.99
481.22,35.21,21.23,22.83,21.46,98.26,56.64,49.41,37.99
481.23,35.21,21.19,22.80,21.46,98.26,56.64,49.41,37.99
481.24,35.15,21.19,22.80,21.46,98.26,56.64,49.41,37.99
481.25,35.15,21.19,22.80,21.46,98.26,56.64,49.52,37.99
481.26,35.21,21.19,22.83,21.46,98.26,56.64,49.52,37.99
481.27,35.21,21.23,22.83,21.46,98.26,56.64,49.41,37.99
481.28,35.15,21.19,22.80,21.46,98.26,56.64,49.52,37.99
481.29,35.21,21.19,22.80,21.49,98.26,56.64,49.41,37.99
481.30,35.15,21.19,22.80,21.46,98.26,56.64,49.41,37.99
481.31,35.21,21.19,22.83,21.46,98.26,56.64,49.52,37.99
481.32,35.21,21.23,22.83,21.46,98.26,56.64,49.52,38.06
481.33,35.21,21.19,22.80,21.49,98.26,56.64,49.41,37.99
481.34,35.15,21.19,22.80,21.46,98.26,56.64,49.41,37.99
481.35,35.21,21.23,22.83,21.46,98.26,56.64,49.41,38.06
481.36,35.21,21.19,22.83,21.46,98.26,56.64,49.41,37.99
481.37,35.15,21.23,22.83,21.49,98.26,56.64,49.52,37.99
481.38,35.21,21.19,22.80,21.46,98.26,56.64,49.52,37.99
481.39,35.21,21.19,22.80,21.46,98.26,56.64,49.41,37.99
481.40,35.15,21.19,22.80,21.46,98.26,56.64,49.41,37.99
481.41,35.21,21.23,22.83,21.49,98.64,56.64,49.41,37.99
481.42,35.21,21.23,22.83,21.46,98.26,56.64,49.52,37.99
481.43,35.21,21.19,22.80,21.46,98.26,56.64,49.41,37.99
481.44,35.15,21.19,22.80,21.46,98.26,56.64,49.41,37.99
481.45,35.15,21.19,22.80,21.49,98.26,56.64,49.41,37.99
481.46,35.21,21.19,22.80,21.46,98.26,56.64,49.52,37.99
481.47,35.15,21.19,22.80,21.46,98.26,56.64,49.41,37.99
481.48,35.15,21.19,22.80,21.46,98.26,56.64,49.41,37.99
481.49,35.21,21.19,22.80,21.49,98.26,56.64,49.41,37.99
481.50,35.21,21.19,22.80,21.49,98.26,56.64,49.41,38.06
481.51,35.21,21.19,22.80,21.49,98.26,56.64,49.41,37.99
481.52,35.21,21.19,22.83,21.46,98.26,56.64,49.41,37.99
481.53,35.21,21.19,22.80,21.46,98.26,56.64,49.41,37.99
481.54,35.15,21.19,22.80,21.46,98.26,56.64,49.41,37.99
481.55,35.15,21.19,22.80,21.46,98.26,56.64,49.52,37.99
481.56,35.15,21.23,22.80,21.49,98.26,56.64,49.41,37.99
481.57,35.21,21.19,22.80,21.46,98.26,56.64,49.41,37.99
481.58,35.21,21.19,22.80,21.46,98.26,56.64,49.41,37.99
481.59,35.15,21.16,22.80,21.46,98.26,56.64,49.41,37.99
481.60,35.15,21.19,22.80,21.46,98.26,56.50,49.41,37.99
481.61,35.21,21.19,22.80,21.46,98.64,56.78,49.52,37.99
481.62,35.21,21.19,22.80,21.46,98.26,56.50,49.41,37.99
481.63,35.15,21.19,22.80,21.46,98.26,56.64,49.41,37.99
481.64,35.21,21.19,22.80,21.46,98.26,56.64,49.41,37.99
481.65,35.15,21.19,22.80,21.46,98.26,56.64,49.41,37.91
481.66,35.21,21.19,22.83,21.46,98.26,56.64,49.41,38.14
481.67,35.15,21.19,22.80,21.46,98.26,56.64,49.41,38.06
481.68,35.15,21.19,22.80,21.46,98.26,56.64,49.41,37.99
481.69,35.15,21.16,22.80,21.46,98.26,56.64,49.41,37.99
481.70,35.15,21.19,22.80,21.46,98.26,56.64,49.41,37.99
481.71,35.15,21.19,22.80,21.46,98.26,56.64,49.52,37.99
481.72,35.28,21.23,22.80,21.46,98.26,56.64,49.41,37.99
481.73,35.15,21.19,22.80,21.46,98.26,56.64,49.41,37.99
481.74,35.15,21.16,22.80,21.46,98.26,56.64,49.41,37.99
481.75,35.08,21.16,22.80,21.46,98.26,56.64,49.41,37.99
481.76,35.21,21.19,22.80,21.46,98.64,56.64,49.41,37.99
481.77,35.15,21.19,22.80,21.46,98.26,56.50,49.52,37.99
481.78,35.01,21.16,22.80,21.46,98.26,56.50,49.41,37.99
481.79,35.21,21.16,22.80,21.49,98.26,56.64,49.52,37.99
481.80,35.08,21.19,22.76,21.46,98.26,56.64,49.41,37.99
481.81,35.15,21.19,22.80,21.46,98.26,56.64,49.41,37.99
481.82,35.21,21.19,22.80,21.49,98.26,56.64,49.41,37.99
481.83,35.15,21.19,22.80,21.46,98.26,56.50,49.41,37.99
481.84,35.21,21.16,22.80,21.46,98.26,56.64,49.41,37.99
481.85,35.15,21.19,22.76,21.46,98.26,56.64,49.41,37.99
481.86,35.21,21.19,22.80,21.46,98.26,56.64,49.41,37.99
481.87,35.21,21.19,22.80,21.46,98.26,56.64,49.41,37.99
481.88,35.15,21.16,22.80,21.46,98.64,56.64,49.41,37.99
481.89,35.15,21.16,22.76,21.46,98.26,56.50,49.41,37.99
481.90,35.15,21.19,22.80,21.46,98.26,56.50,49.18,37.99
481.91,35.21,21.19,22.80,21.46,98.26,56.50,49.52,37.99
481.92,35.15,21.19,22.80,21.46,98.26,56.64,49.30,38.06
481.93,35.15,21.16,22.80,21.46,98.26,56.50,49.41,37.99
481.94,35.15,21.16,22.80,21.46,98.26,56.50,49.41,37.99
481.95,35.15,21.19,22.80,21.46,98.26,56.64,49.41,37.99
481.96,35.21,21.16,22.80,21.46,98.26,56.64,49.41,37.99
481.97,35.15,21.19,22.80,21.46,98.26,56.64,49.41,37.99
481.98,35.08,21.16,22.76,21.46,98.26,56.50,49.41,37.99
481.99,35.08,21.16,22.76,21.46,98.26,56.64,49.41,37.99
482.00,35.08,21.16,22.80,21.46,98.26,56.64,49.41,37.99
482.01,35.15,21.19,22.80,21.46,98.26,56.64,49.41,37.99
482.02,35.15,21.16,22.80,21.49,98.26,56.50,49.41,37.99
482.03,35.08,21.16,22.80,21.46,98.26,56.64,49.41,37.99
482.04,35.15,21.16,22.76,21.46,98.26,56.64,49.41,37.99
482.05,35.15,21.16,22.76,21.49,98.26,56.64,49.41,37.99
482.06,35.15,21.19,22.80,21.49,98.26,56.64,49.41,37.99
482.07,35.15,21.19,22.80,21.46,98.26,56.64,49.41,37.99
482.08,35.08,21.16,22.80,21.46,98.26,56.64,49.41,37.99
482.09,35.15,21.16,22.76,21.46,98.26,56.50,49.41,37.99
482.10,35.08,21.19,22.76,21.46,98.26,56.64,49.41,37.99
482.11,35.21,21.16,22.80,21.46,98.26,56.64,49.41,37.99
482.12,35.21,21.19,22.80,21.46,98.26,56.50,49.41,37.99
482.13,35.15,21.16,22.76,21.46,98.26,56.50,49.41,37.99
482.14,35.15,21.16,22.76,21.46,98.26,56.50,49.41,37.99
482.15,35.08,21.16,22.80,21.46,98.26,56.50,49.41,37.99
482.16,35.15,21.19,22.80,21.46,98.26,56.64,49.41,37.99
482.17,35.15,21.19,22.80,21.46,98.26,56.64,49.41,37.99
482.18,35.08,21.16,22.76,21.46,97.88,56.50,49.41,37.99
482.19,35.15,21.16,22.80,21.46,98.26,56.64,49.41,37.99
482.20,35.08,21.16,22.80,21.46,98.26,56.50,49.41,37.99
482.21,35.15,21.19,22.80,21.46,98.26,56.64,49.41,37.99
482.22,35.15,21.16,22.80,21.46,98.26,56.50,49.41,37.99
482.23,35.21,21.16,22.80,21.46,98.26,56.50,49.41,37.99
482.24,35.08,21.16,22.80,21.46,98.26,56.64,49.41,37.99
482.25,35.15,21.16,22.80,21.46,98.26,56.50,49.41,37.99
482.26,35.21,21.19,22.80,21.46,97.88,56.64,49.41,37.99
482.27,35.21,21.16,22.80,21.46,98.26,56.64,49.41,37.99
482.28,35.15,21.16,22.76,21.46,98.26,56.64,49.41,37.99
482.29,35.08,21.16,22.76,21.46,98.26,56.50,49.41,37.99
482.30,35.15,21.16,22.80,21.46,98.26,56.64,49.41,37.99
482.31,35.21,21.19,22.80,21.46,98.26,56.64,49.41,37.99
482.32,35.15,21.19,22.80,21.46,98.26,56.50,49.41,37.99
482.33,35.08,21.16,22.76,21.46,98.26,56.64,49.41,37.99
482.34,35.15,21.16,22.76,21.46,98.26,56.64,49.41,37.99
482.35,35.08,21.16,22.76,21.49,98.26,56.50,49.41,37.99
482.36,35.15,21.16,22.80,21.46,98.26,56.64,49.41,37.99
482.37,35.15,21.19,22.80,21.49,98.26,56.64,49.41,37.99
482.38,35.15,21.16,22.80,21.46,98.26,56.50,49.41,38.06
482.39,35.15,21.16,22.76,21.46,98.26,56.50,49.41,37.99
482.40,35.15,21.19,22.76,21.46,98.26,56.64,49.41,37.99
482.41,35.15,21.19,22.80,21.46,98.64,56.64,49.41,38.06
482.42,35.15,21.16,22.80,21.46,98.26,56.64,49.41,37.99
482.43,35.15,21.16,22.80,21.46,98.26,56.50,49.41,37.99
482.44,35.15,21.16,22.76,21.46,97.88,56.64,49.41,37.99
482.45,35.15,21.19,22.76,21.46,98.26,56.64,49.41,37.99
482.46,35.21,21.16,22.80,21.46,98.26,56.64,49.41,37.99
482.47,35.15,21.19,22.80,21.46,98.26,56.50,49.41,37.99
482.48,35.15,21.16,22.80,21.46,98.26,56.50,49.41,37.99
482.49,35.08,21.16,22.76,21.46,98.26,56.50,49.41,37.99
482.50,35.15,21.16,22.80,21.46,98.26,56.64,49.41,38.06
482.51,35.15,21.16,22.80,21.46,98.26,56.64,49.41,38.06
482.52,35.15,21.16,22.80,21.46,98.26,56.50,49.52,37.99
482.53,35.15,21.16,22.76,21.46,97.88,56.50,49.41,37.99
482.54,35.15,21.16,22.76,21.46,98.26,56.64,49.41,37.99
482.55,35.08,21.16,22.80,21.46,98.26,56.64,49.41,37.99
482.56,35.21,21.16,22.80,21.46,98.26,56.64,49.41,38.06
482.57,35.15,21.16,22.80,21.46,98.26,56.64,49.41,37.99
482.58,35.08,21.16,22.76,21.46,98.26,56.64,49.30,37.99
482.59,35.15,21.16,22.76,21.46,98.26,56.64,49.41,37.99
482.60,35.15,21.16,22.76,21.46,98.26,56.64,49.41,37.99
482.61,35.15,21.16,22.80,21.46,98.26,56.64,49.41,38.06
482.62,35.15,21.19,22.80,21.46,98.26,56.50,49.41,38.06
482.63,35.15,21.16,22.76,21.46,98.26,56.64,49.41,37.99
482.64,35.08,21.16,22.76,21.46,98.26,56.50,49.41,37.99
482.65,35.15,21.16,22.76,21.46,98.26,56.50,49.30,37.99
482.66,35.15,21.19,22.80,21.46,98.26,56.64,49.41,37.99
482.67,35.15,21.19,22.76,21.46,98.26,56.64,49.41,37.99
482.68,35.08,21.16,22.76,21.46,98.26,56.64,49.41,37.99
482.69,35.08,21.13,22.76,21.46,98.26,56.64,49.41,37.99
482.70,35.15,21.16,22.80,21.46,98.26,56.50,49.41,38.06
482.71,35.15,21.16,22.80,21.46,98.26,56.64,49.41,38.06
482.72,35.08,21.19,22.80,21.46,98.26,56.64,49.41,37.99
482.73,35.15,21.16,22.76,21.46,98.26,56.50,49.41,38.06
482.74,35.08,21.16,22.76,21.46,98.26,56.50,49.30,38.06
482.75,35.08,21.16,22.80,21.46,98.26,56.64,49.41,37.99
482.76,35.15,21.16,22.80,21.46,98.26,56.64,49.41,37.99
482.77,35.15,21.19,22.80,21.46,98.26,56.64,49.41,37.99
482.78,35.15,21.13,22.76,21.46,98.26,56.50,49.41,38.06
482.79,35.08,21.16,22.80,21.46,98.26,56.35,49.41,37.99
482.80,35.08,21.16,22.76,21.42,97.88,56.64,49.41,37.99
482.81,35.08,21.16,22.80,21.46,98.26,56.50,49.41,37.99
482.82,35.21,21.16,22.80,21.46,98.26,56.64,49.41,37.99
482.83,35.08,21.16,22.76,21.46,98.26,56.64,49.41,38.06
482.84,35.15,21.16,22.76,21.46,98.26,56.50,49.41,37.99
482.85,35.15,21.16,22.76,21.46,98.26,56.64,49.41,37.99
482.86,35.15,21.19,22.80,21.46,98.26,56.50,49.41,37.99
482.87,35.15,21.16,22.80,21.46,98.26,56.64,49.41,38.06
482.88,35.08,21.16,22.76,21.46,98.26,56.50,49.41,37.99
482.89,35.08,21.16,22.76,21.46,98.26,56.64,49.41,37.99
482.90,35.15,21.16,22.80,21.46,98.26,56.50,49.41,37.99
482.91,35.15,21.16,22.80,21.46,98.26,56.64,49.41,37.99
482.92,35.15,21.19,22.80,21.46,98.26,56.64,49.41,38.06
482.93,35.08,21.16,22.76,21.46,98.26,56.64,49.41,37.99
482.94,35.15,21.16,22.80,21.46,98.26,56.50,49.41,38.06
482.95,35.08,21.16,22.80,21.46,98.26,56.50,49.30,37.99
482.96,35.15,21.19,22.80,21.46,98.26,56.64,49.41,37.99
482.97,35.15,21.16,22.80,21.46,98.26,56.50,49.41,37.99
482.98,35.15,21.16,22.80,21.46,98.26,56.50,49.41,37.99
482.99,35.08,21.16,22.76,21.46,98.26,56.50,49.41,37.99
483.00,35.08,21.16,22.80,21.46,98.26,56.50,49.41,38.06
483.01,35.08,21.16,22.80,21.46,98.26,56.64,49.41,38.06
483.02,35.15,21.19,22.80,21.46,98.26,56.50,49.41,37.99
483.03,35.21,21.16,22.80,21.46,98.26,56.64,49.30,37.99
483.04,35.08,21.16,22.76,21.46,98.26,56.64,49.41,37.99
483.05,35.15,21.16,22.76,21.46,98.26,56.50,49.41,38.06
483.06,35.15,21.16,22.80,21.46,98.26,56.64,49.41,38.06
483.07,35.15,21.19,22.80,21.46,98.26,56.64,49.41,37.99
483.08,35.08,21.16,22.80,21.46,98.26,56.64,49.30,37.99
483.09,35.08,21.16,22.76,21.46,98.26,56.64,49.41,37.99
483.10,35.08,21.16,22.76,21.46,98.26,56.50,49.41,38.06
483.11,35.15,21.19,22.80,21.46,98.26,56.64,49.41,37.99
483.12,35.15,21.16,22.80,21.46,98.64,56.50,49.52,37.99
483.13,35.15,21.16,22.76,21.46,98.26,56.64,49.41,37.99
483.14,35.08,21.16,22.80,21.46,98.26,56.50,49.30,38.06
483.15,35.15,21.16,22.80,21.46,98.26,56.64,49.41,38.06
483.16,35.21,21.19,22.80,21.46,98.26,56.64,49.30,37.99
483.17,35.08,21.16,22.80,21.46,97.88,56.64,49.41,37.99
483.18,35.08,21.16,22.80,21.46,98.26,56.50,49.41,37.99
483.19,35.15,21.16,22.76,21.46,98.26,56.64,49.41,37.99
483.20,35.15,21.16,22.80,21.46,98.26,56.50,49.41,37.99
483.21,35.15,21.19,22.80,21.46,98.26,56.64,49.41,37.99
483.22,35.15,21.16,22.80,21.46,98.26,56.64,49.41,37.99
483.23,35.15,21.16,22.80,21.46,98.26,56.64,49.41,37.99
483.24,35.08,21.16,22.76,21.46,98.26,56.50,49.41,38.06
483.25,35.15,21.16,22.80,21.46,98.26,56.64,49.41,37.99
483.26,35.15,21.19,22.80,21.46,98.26,56.64,49.41,38.06
483.27,35.08,21.16,22.80,21.46,98.26,56.64,49.41,37.99
483.28,35.08,21.16,22.80,21.46,98.26,56.50,49.41,37.99
483.29,35.08,21.16,22.80,21.46,98.26,56.64,49.41,37.99
483.30,35.21,21.19,22.80,21.46,98.26,56.64,49.41,38.06
483.31,35.15,21.19,22.80,21.46,98.26,56.50,49.41,38.06
483.32,35.15,21.16,22.80,21.46,98.26,56.64,49.41,37.99
483.33,35.08,21.16,22.76,21.46,98.26,56.50,49.41,37.99
483.34,35.15,21.16,22.76,21.46,98.26,56.64,49.41,38.06
483.35,35.15,21.16,22.80,21.46,98.26,56.78,49.41,38.06
483.36,35.21,21.19,22.80,21.46,98.26,56.64,49.41,38.06
483.37,35.08,21.16,22.80,21.46,98.26,56.64,49.41,38.06
483.38,35.15,21.19,22.80,21.46,98.26,56.50,49.41,37.99
483.39,35.15,21.16,22.80,21.42,98.26,56.64,49.41,38.06
483.40,35.21,21.19,22.80,21.46,98.26,56.64,49.41,37.99
483.41,35.15,21.16,22.80,21.46,98.26,56.50,49.41,37.99
483.42,35.15,21.19,22.80,21.46,98.26,56.64,49.41,38.06
483.43,35.08,21.16,22.80,21.46,98.26,56.64,49.41,37.99
483.44,35.15,21.16,22.80,21.46,98.26,56.64,49.41,38.06
483.45,35.15,21.16,22.80,21.46,98.26,56.64,49.41,37.99
483.46,35.15,21.19,22.80,21.46,98.26,56.64,49.41,37.99
483.47,35.15,21.19,22.80,21.46,98.26,56.64,49.41,38.06
483.48,35.08,21.16,22.80,21.46,98.26,56.50,49.41,37.99
483.49,35.15,21.16,22.80,21.46,98.26,56.64,49.41,37.99
483.50,35.15,21.16,22.80,21.46,98.26,56.64,49.41,37.99
483.51,35.15,21.19,22.80,21.46,98.26,56.64,49.41,37.99
483.52,35.21,21.19,22.80,21.46,98.26,56.64,49.41,37.99
483.53,35.08,21.16,22.80,21.46,98.26,56.64,49.41,38.06
483.54,35.08,21.16,22.76,21.46,98.26,56.64,49.41,37.99
483.55,35.15,21.16,22.80,21.46,98.26,56.64,49.41,37.99
483.56,35.21,21.19,22.80,21.46,98.26,56.64,49.41,37.99
483.57,35.15,21.19,22.80,21.46,98.26,56.64,49.41,37.99
483.58,35.15,21.19,22.80,21.46,98.26,56.64,49.52,37.99
483.59,35.21,21.16,22.80,21.46,98.26,56.64,49.41,37.99
483.60,35.08,21.16,22.80,21.46,98.26,56.64,49.41,37.99
483.61,35.15,21.16,22.80,21.46,98.26,56.64,49.41,38.06
483.62,35.15,21.19,22.80,21.46,98.26,56.64,49.52,37.99
483.63,35.15,21.19,22.83,21.46,98.26,56.50,49.41,38.06
483.64,35.08,21.16,22.80,21.46,98.26,56.50,49.41,38.06
483.65,35.15,21.16,22.80,21.46,98.26,56.64,49.41,37.99
483.66,35.15,21.16,22.80,21.46,98.26,56.64,49.52,37.99
483.67,35.21,21.19,22.83,21.46,98.26,56.64,49.52,37.99
483.68,35.15,21.19,22.80,21.42,98.26,56.64,49.41,37.99
483.69,35.15,21.16,22.80,21.46,98.26,56.64,49.41,38.06
483.70,35.15,21.19,22.80,21.46,98.26,56.64,49.52,37.99
483.71,35.15,21.19,22.80,21.46,98.26,56.64,49.52,37.99
483.72,35.15,21.19,22.83,21.46,98.26,56.64,49.41,37.99
483.73,35.21,21.19,22.83,21.46,98.26,56.64,49.41,38.06
483.74,35.21,21.19,22.80,21.46,98.26,56.50,49.41,37.99
483.75,35.15,21.16,22.80,21.46,98.26,56.50,49.41,37.99
483.76,35.15,21.16,22.80,21.46,98.64,56.64,49.41,38.06
483.77,35.21,21.19,22.80,21.46,98.26,56.64,49.41,37.99
483.78,35.21,21.19,22.83,21.46,98.26,56.64,49.52,37.99
483.79,35.15,21.19,22.80,21.46,98.26,56.64,49.41,37.99
483.80,35.15,21.16,22.80,21.46,98.26,56.64,49.41,37.99
483.81,35.15,21.19,22.80,21.46,98.26,56.64,49.52,38.06
483.82,35.15,21.19,22.83,21.46,98.64,56.64,49.52,38.06
483.83,35.21,21.19,22.83,21.46,98.26,56.64,49.41,38.06
483.84,35.21,21.19,22.80,21.46,98.26,56.64,49.41,37.99
483.85,35.15,21.19,22.80,21.46,98.26,56.64,49.41,38.06
483.86,35.15,21.16,22.80,21.46,98.26,56.64,49.41,37.99
483.87,35.15,21.19,22.80,21.46,98.26,56.64,49.41,37.99
483.88,35.15,21.19,22.80,21.46,98.64,56.64,49.41,37.99
483.89,35.08,21.19,22.80,21.46,98.26,56.64,49.41,37.99
483.90,35.08,21.16,22.80,21.46,98.26,56.50,49.41,37.99
483.91,35.15,21.19,22.83,21.46,98.26,56.64,49.41,37.99
483.92,35.21,21.19,22.83,21.46,98.26,56.64,49.52,38.06
483.93,35.15,21.19,22.80,21.46,98.26,56.64,49.52,38.06
483.94,35.15,21.19,22.80,21.46,98.64,56.64,49.41,37.99
483.95,35.15,21.19,22.80,21.46,98.26,56.64,49.41,38.06
483.96,35.15,21.19,22.80,21.46,98.26,56.50,49.41,38.06
483.97,35.21,21.23,22.83,21.46,98.26,56.64,49.52,37.99
483.98,35.15,21.16,22.80,21.46,98.26,56.64,49.52,38.06
483.99,35.21,21.23,22.80,21.46,98.26,56.64,49.52,38.06
484.00,35.21,21.16,22.83,21.46,98.26,56.64,49.41,38.06
484.01,35.15,21.19,22.80,21.46,98.26,56.64,49.41,38.06
484.02,35.21,21.19,22.83,21.46,98.64,56.64,49.52,37.99
484.03,35.21,21.19,22.80,21.46,98.26,56.50,49.41,37.99
484.04,35.21,21.16,22.80,21.46,98.64,56.64,49.41,38.06
484.05,35.15,21.16,22.80,21.46,98.26,56.64,49.41,37.99
484.06,35.21,21.19,22.80,21.46,98.26,56.64,49.41,37.99
484.07,35.21,21.19,22.83,21.46,98.64,56.78,49.52,38.06
484.08,35.28,21.19,22.83,21.46,98.26,56.50,49.41,37.99
484.09,35.21,21.19,22.80,21.46,98.26,56.78,49.41,38.06
484.10,35.15,21.19,22.80,21.46,98.64,56.50,49.41,38.06
484.11,35.15,21.19,22.80,21.49,98.26,56.64,49.52,37.99
484.12,35.15,21.19,22.83,21.46,98.64,56.64,49.52,37.99
484.13,35.15,21.19,22.83,21.46,98.26,56.64,49.52,37.99
484.14,35.15,21.19,22.80,21.46,98.26,56.64,49.41,37.99
484.15,35.15,21.19,22.80,21.46,98.26,56.64,49.41,38.06
484.16,35.15,21.19,22.80,21.46,98.26,56.64,49.41,38.06
484.17,35.15,21.19,22.83,21.49,98.26,56.64,49.52,38.06
484.18,35.21,21.19,22.83,21.46,98.26,56.64,49.52,37.99
484.19,35.15,21.19,22.80,21.49,98.26,56.64,49.41,38.06
484.20,35.21,21.19,22.80,21.46,98.26,56.64,49.41,37.99
484.21,35.15,21.19,22.80,21.46,98.26,56.64,49.52,38.06
484.22,35.21,21.19,22.83,21.46,98.26,56.64,49.41,38.06
484.23,35.08,21.19,22.80,21.46,98.26,56.64,49.41,38.06
484.24,35.15,21.19,22.83,21.46,98.26,56.64,49.41,37.99
484.25,35.21,21.19,22.80,21.46,98.26,56.64,49.41,37.99
484.26,35.21,21.19,22.83,21.46,98.26,56.64,49.41,38.06
484.27,35.15,21.23,22.83,21.46,98.64,56.64,49.52,38.06
484.28,35.15,21.19,22.83,21.46,98.26,56.64,49.41,37.99
484.29,35.21,21.19,22.83,21.46,98.26,56.64,49.52,38.06
484.30,35.15,21.19,22.80,21.49,98.26,56.64,49.52,37.99
484.31,35.15,21.19,22.83,21.46,98.64,56.50,49.41,37.99
484.32,35.15,21.19,22.83,21.46,98.64,56.64,49.41,38.06
484.33,35.15,21.19,22.80,21.46,98.26,56.64,49.41,37.99
484.34,35.15,21.19,22.80,21.46,98.64,56.64,49.52,37.99
484.35,35.15,21.16,22.80,21.46,97.88,56.64,49.30,38.06
484.36,35.15,21.19,22.83,21.46,98.26,56.64,49.52,38.06
484.37,35.15,21.19,22.83,21.46,98.26,56.64,49.41,38.06
484.38,35.15,21.19,22.83,21.46,98.26,56.64,49.52,38.06
484.39,35.15,21.16,22.80,21.46,98.26,56.64,49.41,38.06
484.40,35.15,21.19,22.80,21.46,98.26,56.64,49.41,38.06
484.41,35.15,21.19,22.80,21.46,98.26,56.64,49.41,38.06
484.42,35.21,21.19,22.83,21.46,98.26,56.64,49.52,38.06
484.43,35.15,21.19,22.80,21.46,98.26,56.64,49.41,37.99
484.44,35.15,21.19,22.80,21.46,98.26,56.64,49.41,37.99
484.45,35.08,21.19,22.80,21.46,98.26,56.64,49.41,38.06
484.46,35.21,21.19,22.80,21.46,98.26,56.64,49.41,38.06
484.47,35.15,21.19,22.83,21.46,98.26,56.64,49.41,37.99
484.48,35.21,21.19,22.80,21.46,98.26,56.64,49.41,38.06
484.49,35.21,21.19,22.80,21.46,98.26,56.64,49.41,38.06
484.50,35.15,21.19,22.80,21.46,98.26,56.64,49.41,38.06
484.51,35.15,21.19,22.80,21.46,98.26,56.64,49.52,38.06
484.52,35.21,21.19,22.83,21.46,98.26,56.64,49.41,38.06
484.53,35.15,21.19,22.83,21.46,98.64,56.64,49.41,38.06
484.54,35.15,21.19,22.80,21.46,98.26,56.64,49.41,38.06
484.55,35.21,21.19,22.80,21.46,98.26,56.64,49.52,38.06
484.56,35.15,21.19,22.80,21.46,98.26,56.64,49.52,38.06
484.57,35.21,21.19,22.83,21.46,98.26,56.64,49.41,38.06
484.58,35.21,21.19,22.80,21.46,98.26,56.64,49.52,37.99
484.59,35.15,21.19,22.80,21.46,98.26,56.64,49.41,37.99
484.60,35.15,21.16,22.80,21.46,98.26,56.64,49.41,38.06
484.61,35.15,21.19,22.80,21.46,98.26,56.64,49.41,38.06
484.62,35.21,21.19,22.83,21.46,98.26,56.64,49.41,38.06
484.63,35.15,21.19,22.80,21.46,98.26,56.64,49.41,38.06
484.64,35.15,21.19,22.80,21.46,98.26,56.35,49.41,38.06
484.65,35.15,21.16,22.80,21.46,98.64,56.64,49.41,37.99
484.66,35.15,21.19,22.80,21.46,98.26,56.64,49.41,38.06
484.67,35.15,21.19,22.83,21.46,98.64,56.64,49.41,37.99
484.68,35.15,21.19,22.83,21.46,98.26,56.64,49.41,38.06
484.69,35.15,21.16,22.80,21.46,98.26,56.64,49.41,38.06
484.70,35.15,21.19,22.80,21.46,98.26,56.64,49.41,37.99
484.71,35.15,21.16,22.83,21.46,98.26,56.64,49.52,38.06
484.72,35.21,21.19,22.83,21.49,98.26,56.64,49.52,38.06
484.73,35.21,21.19,22.80,21.46,98.26,56.64,49.52,38.06
484.74,35.21,21.16,22.80,21.46,98.26,56.50,49.41,38.06
484.75,35.15,21.19,22.80,21.46,98.26,56.64,49.41,38.06
484.76,35.15,21.16,22.80,21.46,98.26,56.64,49.41,38.06
484.77,35.15,21.19,22.83,21.46,98.26,56.64,49.41,37.99
484.78,35.21,21.19,22.80,21.46,98.26,56.64,49.41,37.99
484.79,35.21,21.16,22.80,21.46,98.26,56.50,49.41,37.99
484.80,35.15,21.19,22.80,21.46,98.26,56.64,49.41,38.06
484.81,35.21,21.16,22.80,21.46,98.26,56.64,49.41,37.99
484.82,35.15,21.19,22.83,21.46,98.26,56.64,49.52,38.06
484.83,35.15,21.16,22.83,21.46,98.26,56.64,49.41,37.99
484.84,35.15,21.19,22.80,21.46,98.26,56.64,49.41,37.99
484.85,35.15,21.16,22.80,21.46,98.26,56.64,49.41,38.06
484.86,35.15,21.16,22.80,21.46,98.26,56.64,49.41,38.06
484.87,35.15,21.16,22.83,21.46,98.26,56.64,49.41,37.99
484.88,35.21,21.19,22.83,21.46,98.26,56.64,49.41,38.06
484.89,35.15,21.16,22.80,21.46,98.26,56.64,49.41,38.06
484.90,35.15,21.19,22.80,21.46,98.26,56.64,49.41,38.06
484.91,35.15,21.19,22.80,21.46,98.26,56.64,49.41,38.06
484.92,35.21,21.19,22.83,21.46,98.26,56.64,49.52,38.06
484.93,35.15,21.19,22.80,21.46,98.26,56.64,49.41,38.06
484.94,35.21,21.19,22.80,21.46,98.26,56.64,49.41,38.06
484.95,35.15,21.16,22.80,21.46,98.26,56.50,49.41,38.06
484.96,35.15,21.19,22.80,21.46,98.26,56.50,49.41,38.06
484.97,35.21,21.19,22.83,21.46,98.64,56.64,49.41,38.06
484.98,35.15,21.16,22.80,21.46,98.26,56.64,49.52,38.06
484.99,35.15,21.16,22.80,21.46,98.26,56.50,49.41,37.99
485.00,35.15,21.16,22.80,21.46,98.26,56.64,49.41,37.99
485.01,35.15,21.19,22.83,21.49,98.26,56.64,49.41,38.06
485.02,35.15,21.19,22.83,21.46,98.26,56.64,49.41,38.14
485.03,35.15,21.19,22.83,21.46,98.26,56.64,49.41,37.99
485.04,35.21,21.16,22.80,21.46,98.26,56.64,49.41,38.06
485.05,35.21,21.16,22.80,21.49,98.26,56.64,49.41,38.06
485.06,35.15,21.19,22.80,21.49,98.64,56.64,49.41,37.99
485.07,35.15,21.19,22.83,21.46,98.26,56.64,49.52,38.06
485.08,35.21,21.19,22.83,21.46,98.26,56.64,49.41,38.06
485.09,35.15,21.16,22.80,21.46,98.26,56.64,49.41,38.06
485.10,35.15,21.19,22.80,21.46,98.26,56.64,49.41,37.99
485.11,35.15,21.19,22.80,21.46,98.26,56.64,49.41,38.06
485.12,35.15,21.19,22.83,21.46,98.26,56.64,49.41,38.06
485.13,35.15,21.19,22.80,21.46,98.26,56.64,49.41,38.06
485.14,35.15,21.19,22.80,21.49,98.26,56.64,49.41,38.06
485.15,35.15,21.16,22.80,21.46,98.26,56.64,49.41,38.06
485.16,35.15,21.16,22.80,21.46,98.26,56.64,49.41,38.06
485.17,35.15,21.19,22.83,21.46,98.26,56.64,49.52,38.06
485.18,35.21,21.19,22.80,21.49,98.26,56.64,49.41,38.06
485.19,35.21,21.16,22.80,21.49,98.26,56.64,49.41,38.06
485.20,35.15,21.16,22.80,21.46,98.26,56.64,49.41,38.06
485.21,35.15,21.16,22.83,21.46,98.26,56.64,49.41,38.06
485.22,35.21,21.23,22.83,21.49,98.26,56.64,49.41,37.99
485.23,35.21,21.19,22.83,21.49,98.26,56.64,49.41,38.14
485.24,35.08,21.19,22.80,21.49,98.26,56.64,49.41,38.06
485.25,35.15,21.16,22.80,21.46,98.26,56.64,49.41,38.06
485.26,35.21,21.16,22.83,21.46,98.26,56.64,49.41,37.99
485.27,35.15,21.16,22.80,21.49,98.64,56.50,49.52,38.06
485.28,35.15,21.19,22.83,21.49,98.26,56.64,49.41,38.06
485.29,35.15,21.16,22.80,21.46,98.26,56.50,49.41,37.99
485.30,35.15,21.16,22.80,21.49,98.26,56.64,49.41,38.06
485.31,35.15,21.19,22.80,21.49,98.26,56.64,49.41,38.06
485.32,35.15,21.19,22.83,21.49,98.26,56.78,49.41,38.06
485.33,35.15,21.19,22.83,21.46,98.26,56.64,49.52,38.06
485.34,35.15,21.19,22.80,21.46,98.26,56.64,49.41,37.99
485.35,35.15,21.19,22.80,21.49,98.26,56.64,49.52,38.06
485.36,35.21,21.19,22.80,21.46,98.26,56.64,49.41,37.91
485.37,35.15,21.19,22.83,21.49,98.26,56.64,49.41,38.06
485.38,35.15,21.19,22.83,21.46,98.26,56.78,49.41,38.06
485.39,35.08,21.16,22.80,21.46,98.26,56.64,49.41,37.99
485.40,35.15,21.19,22.80,21.46,98.26,56.64,49.52,38.06
485.41,35.15,21.19,22.80,21.49,98.26,56.64,49.41,37.99
485.42,35.15,21.19,22.83,21.49,98.64,56.64,49.52,38.06
485.43,35.15,21.19,22.83,21.49,98.26,56.64,49.41,38.06
485.44,35.15,21.16,22.80,21.46,98.26,56.64,49.41,38.06
485.45,35.15,21.19,22.80,21.46,98.26,56.64,49.18,38.06
485.46,35.15,21.19,22.80,21.46,98.26,56.64,49.52,37.99
485.47,35.15,21.19,22.83,21.46,98.26,56.64,49.52,38.06
485.48,35.21,21.19,22.83,21.46,98.26,56.64,49.41,38.06
485.49,35.08,21.16,22.80,21.46,98.26,56.64,49.41,38.06
485.50,35.21,21.16,22.83,21.46,98.64,56.64,49.52,38.06
485.51,35.15,21.19,22.80,21.49,98.26,56.64,49.41,38.06
485.52,35.15,21.19,22.83,21.49,98.64,56.64,49.52,38.06
485.53,35.15,21.19,22.83,21.46,98.26,56.64,49.41,37.99
485.54,35.15,21.16,22.80,21.46,98.26,56.50,49.41,38.06
485.55,35.21,21.19,22.83,21.49,98.64,56.50,49.52,38.06
485.56,35.21,21.19,22.83,21.49,98.26,56.64,49.52,38.06
485.57,35.21,21.19,22.83,21.49,98.64,56.64,49.41,38.06
485.58,35.21,21.16,22.83,21.46,97.88,56.50,49.41,37.99
485.59,35.21,21.16,22.83,21.46,98.26,56.64,49.41,38.06
485.60,35.21,21.19,22.80,21.46,98.64,56.64,49.52,38.06
485.61,35.15,21.19,22.83,21.46,98.26,56.64,49.41,37.99
485.62,35.21,21.19,22.83,21.49,98.26,56.64,49.52,38.06
485.63,35.15,21.19,22.83,21.46,98.26,56.64,49.41,38.06
485.64,35.15,21.16,22.80,21.49,98.26,56.64,49.41,38.06
485.65,35.15,21.19,22.83,21.46,98.26,56.64,49.41,38.06
485.66,35.15,21.16,22.83,21.46,98.26,56.64,49.41,38.06
485.67,35.15,21.19,22.83,21.49,98.26,56.64,49.52,38.06
485.68,35.15,21.16,22.83,21.49,98.26,56.64,49.41,38.06
485.69,35.15,21.19,22.80,21.49,98.26,56.64,49.41,38.06
485.70,35.21,21.19,22.83,21.46,98.26,56.64,49.52,38.06
485.71,35.21,21.19,22.83,21.49,98.64,56.64,49.41,38.06
485.72,35.15,21.19,22.83,21.46,98.64,56.64,49.52,38.06
485.73,35.28,21.19,22.80,21.46,98.26,56.50,49.41,38.06
485.74,35.15,21.19,22.83,21.46,98.26,56.50,49.41,38.06
485.75,35.21,21.19,22.83,21.46,98.64,56.64,49.41,38.06
485.76,35.21,21.19,22.83,21.49,98.64,56.64,49.52,38.06
485.77,35.15,21.19,22.83,21.46,98.26,56.64,49.41,37.99
485.78,35.15,21.19,22.83,21.46,98.26,56.64,49.52,38.06
485.79,35.15,21.16,22.80,21.46,98.26,56.64,49.41,38.06
485.80,35.15,21.19,22.80,21.46,98.26,56.50,49.41,38.06
485.81,35.21,21.19,22.83,21.49,98.26,56.64,49.52,38.06
485.82,35.15,21.19,22.83,21.49,98.26,56.64,49.41,38.06
485.83,35.21,21.19,22.83,21.46,98.26,56.64,49.52,38.06
485.84,35.15,21.19,22.80,21.46,98.26,56.64,49.41,38.06
485.85,35.15,21.19,22.80,21.49,98.64,56.64,49.41,38.06
485.86,35.15,21.19,22.83,21.46,98.26,56.64,49.41,38.14
485.87,35.21,21.19,22.83,21.46,98.64,56.64,49.41,38.06
485.88,35.15,21.19,22.83,21.46,98.26,56.64,49.52,38.06
485.89,35.15,21.16,22.80,21.46,97.88,56.64,49.52,38.06
485.90,35.21,21.16,22.83,21.46,98.26,56.64,49.41,38.06
485.91,35.15,21.19,22.83,21.46,98.26,56.64,49.41,38.06
485.92,35.21,21.19,22.83,21.46,98.64,56.64,49.52,38.06
485.93,35.15,21.19,22.83,21.46,98.26,56.64,49.52,38.06
485.94,35.15,21.16,22.83,21.46,98.26,56.64,49.41,38.06
485.95,35.15,21.19,22.80,21.46,98.26,56.64,49.41,38.06
485.96,35.21,21.19,22.83,21.49,98.64,56.64,49.41,38.06
485.97,35.21,21.19,22.83,21.46,98.26,56.64,49.52,37.99
485.98,35.15,21.19,22.83,21.49,98.64,56.78,49.41,38.06
485.99,35.15,21.16,22.83,21.46,98.26,56.64,49.41,38.06
486.00,35.21,21.19,22.83,21.46,98.26,56.64,49.41,38.06
486.01,35.21,21.19,22.83,21.46,98.26,56.64,49.41,38.06
486.02,35.21,21.19,22.83,21.46,98.26,56.64,49.52,37.99
486.03,35.21,21.19,22.83,21.46,98.26,56.50,49.41,38.06
486.04,35.15,21.19,22.80,21.49,98.26,56.64,49.41,38.06
486.05,35.21,21.19,22.83,21.49,98.26,56.50,49.41,38.06
486.06,35.21,21.19,22.83,21.49,98.26,56.64,49.41,38.06
486.07,35.21,21.16,22.83,21.46,98.64,56.64,49.52,38.06
486.08,35.21,21.19,22.83,21.49,98.64,56.64,49.52,38.06
486.09,35.15,21.19,22.80,21.46,98.26,56.64,49.41,38.06
486.10,35.15,21.16,22.80,21.46,98.26,56.64,49.41,38.06
486.11,35.21,21.23,22.83,21.49,98.26,56.64,49.41,38.06
486.12,35.21,21.19,22.83,21.49,98.26,56.64,49.41,38.06
486.13,35.15,21.19,22.83,21.46,98.64,56.64,49.52,38.06
486.14,35.15,21.16,22.80,21.46,98.26,56.64,49.41,38.14
486.15,35.15,21.19,22.83,21.46,98.26,56.78,49.52,38.06
486.16,35.21,21.19,22.83,21.49,98.26,56.64,49.52,38.06
486.17,35.15,21.19,22.83,21.49,98.26,56.64,49.52,38.06
486.18,35.21,21.19,22.83,21.46,98.26,56.64,49.52,38.06
486.19,35.21,21.16,22.80,21.46,98.26,56.64,49.41,38.06
486.20,35.15,21.19,22.83,21.49,98.26,56.64,49.41,38.06
486.21,35.15,21.19,22.80,21.46,98.64,56.64,49.41,38.06
486.22,35.15,21.19,22.83,21.46,98.26,56.64,49.52,38.06
486.23,35.21,21.19,22.83,21.49,98.26,56.64,49.41,38.06
486.24,35.15,21.16,22.80,21.46,98.26,56.64,49.41,38.06
486.25,35.15,21.19,22.83,21.46,98.26,56.64,49.41,38.06
486.26,35.21,21.19,22.83,21.46,98.26,56.64,49.41,38.06
486.27,35.15,21.19,22.83,21.46,98.26,56.64,49.41,38.06
486.28,35.15,21.19,22.83,21.46,98.26,56.64,49.52,38.06
486.29,35.21,21.19,22.83,21.46,98.26,56.64,49.41,38.06
486.30,35.15,21.19,22.83,21.49,98.26,56.64,49.52,38.06
486.31,35.21,21.19,22.83,21.49,98.26,56.64,49.52,38.06
486.32,35.28,21.19,22.83,21.46,98.26,56.64,49.41,38.14
486.33,35.15,21.19,22.83,21.46,98.64,56.64,49.41,38.06
486.34,35.15,21.19,22.83,21.46,98.26,56.64,49.41,38.06
486.35,35.21,21.16,22.83,21.46,98.26,56.64,49.41,38.06
486.36,35.15,21.19,22.83,21.46,98.64,56.64,49.41,38.06
486.37,35.21,21.19,22.83,21.46,98.64,56.64,49.41,38.06
486.38,35.15,21.16,22.83,21.49,98.26,56.64,49.52,38.06
486.39,35.21,21.19,22.83,21.46,98.26,56.64,49.52,38.06
486.40,35.15,21.16,22.83,21.49,98.26,56.64,49.52,38.06
486.41,35.21,21.23,22.83,21.49,98.26,56.64,49.52,38.06
486.42,35.21,21.23,22.83,21.46,98.26,56.64,49.52,38.06
486.43,35.15,21.19,22.83,21.46,98.26,56.50,49.41,38.06
486.44,35.15,21.19,22.83,21.49,98.26,56.50,49.52,38.06
486.45,35.21,21.19,22.83,21.46,98.64,56.64,49.41,38.06
486.46,35.21,21.19,22.83,21.49,98.26,56.64,49.52,38.06
486.47,35.28,21.19,22.83,21.46,98.26,56.64,49.52,38.06
486.48,35.15,21.19,22.83,21.49,98.26,56.64,49.52,38.06
486.49,35.15,21.13,22.83,21.46,98.26,56.64,49.52,38.06
486.50,35.15,21.19,22.83,21.46,98.26,56.64,49.41,38.06
486.51,35.15,21.19,22.83,21.49,98.64,56.64,49.52,38.06
486.52,35.21,21.19,22.83,21.49,98.64,56.64,49.52,38.06
486.53,35.15,21.19,22.83,21.49,98.64,56.64,49.52,38.06
486.54,35.15,21.19,22.80,21.46,98.64,56.64,49.41,38.06
486.55,35.15,21.19,22.83,21.49,98.26,56.64,49.41,38.06
486.56,35.21,21.19,22.83,21.49,98.26,56.78,49.41,38.14
486.57,35.21,21.23,22.83,21.49,98.26,56.50,49.52,38.14
486.58,35.21,21.23,22.83,21.46,98.64,56.78,49.52,38.14
486.59,35.21,21.19,22.80,21.49,98.26,56.50,49.41,38.06
486.60,35.15,21.19,22.83,21.49,98.26,56.50,49.41,38.06
486.61,35.21,21.19,22.83,21.46,98.64,56.50,49.41,38.14
486.62,35.21,21.19,22.87,21.49,98.26,56.64,49.52,37.99
486.63,35.21,21.19,22.83,21.49,98.64,56.64,49.41,38.06
486.64,35.15,21.16,22.83,21.46,98.26,56.64,49.41,38.06
486.65,35.21,21.19,22.83,21.46,98.26,56.64,49.41,38.06
486.66,35.28,21.19,22.83,21.49,98.64,56.50,49.52,38.06
486.67,35.21,21.19,22.83,21.49,98.64,56.64,49.52,37.99
486.68,35.15,21.19,22.83,21.46,98.64,56.50,49.52,38.06
486.69,35.21,21.19,22.80,21.49,98.26,56.64,49.41,38.06
486.70,35.21,21.19,22.83,21.49,98.26,56.64,49.41,38.06
486.71,35.28,21.19,22.83,21.49,98.64,56.64,49.52,38.06
486.72,35.15,21.19,22.83,21.49,98.64,56.64,49.52,38.06
486.73,35.21,21.19,22.87,21.46,98.26,56.64,49.52,38.06
486.74,35.28,21.19,22.80,21.46,98.26,56.64,49.41,38.06
486.75,35.21,21.19,22.83,21.49,98.26,56.64,49.41,38.06
486.76,35.28,21.19,22.87,21.49,98.64,56.78,49.52,38.06
486.77,35.28,21.23,22.87,21.46,98.26,56.64,49.52,38.06
486.78,35.21,21.19,22.83,21.49,98.64,56.64,49.52,38.06
486.79,35.15,21.19,22.83,21.46,98.26,56.64,49.41,38.06
486.80,35.21,21.19,22.83,21.46,98.26,56.50,49.41,38.06
486.81,35.21,21.19,22.87,21.46,98.64,56.64,49.52,38.14
486.82,35.28,21.23,22.83,21.46,98.26,56.64,49.52,38.06
486.83,35.21,21.19,22.83,21.46,98.64,56.64,49.52,38.06
486.84,35.15,21.16,22.83,21.49,97.88,56.64,49.41,38.06
486.85,35.21,21.19,22.83,21.46,98.26,56.64,49.30,38.06
486.86,35.28,21.19,22.83,21.49,98.64,56.64,49.64,38.06
486.87,35.28,21.19,22.83,21.46,98.26,56.64,49.30,38.06
486.88,35.28,21.19,22.83,21.49,98.64,56.64,49.52,38.06
486.89,35.21,21.19,22.80,21.46,98.64,56.64,49.52,38.06
486.90,35.21,21.19,22.83,21.49,98.64,56.64,49.52,38.06
486.91,35.21,21.23,22.83,21.49,98.64,56.64,49.52,38.06
486.92,35.15,21.19,22.87,21.49,98.26,56.64,49.41,38.06
486.93,35.21,21.19,22.83,21.49,98.26,56.64,49.52,38.06
486.94,35.21,21.19,22.83,21.49,98.26,56.78,49.52,38.06
486.95,35.15,21.19,22.83,21.49,98.26,56.64,49.52,38.06
486.96,35.15,21.19,22.83,21.49,98.26,56.64,49.52,38.14
486.97,35.28,21.19,22.87,21.49,98.26,56.64,49.52,38.06
486.98,35.28,21.19,22.83,21.49,98.26,56.64,49.52,38.06
486.99,35.15,21.19,22.83,21.49,98.26,56.64,49.52,38.06
487.00,35.15,21.19,22.83,21.49,98.26,56.64,49.41,38.06
487.01,35.21,21.19,22.83,21.46,98.26,56.64,49.41,38.14
487.02,35.21,21.23,22.83,21.49,98.64,56.64,49.41,38.06
487.03,35.21,21.19,22.83,21.46,98.64,56.64,49.52,38.06
487.04,35.21,21.19,22.83,21.46,98.26,56.64,49.41,38.06
487.05,35.21,21.16,22.83,21.46,98.64,56.64,49.52,38.06
487.06,35.21,21.19,22.83,21.49,98.64,56.64,49.52,38.14
487.07,35.15,21.23,22.87,21.49,98.64,56.64,49.52,38.06
487.08,35.28,21.19,22.83,21.49,98.26,56.64,49.41,38.06
487.09,35.15,21.19,22.83,21.49,98.26,56.64,49.41,38.06
487.10,35.21,21.19,22.83,21.46,98.64,56.64,49.52,38.14
487.11,35.21,21.19,22.83,21.49,98.26,56.64,49.52,38.06
487.12,35.21,21.23,22.83,21.49,98.26,56.64,49.52,38.14
487.13,35.21,21.23,22.83,21.46,98.26,56.64,49.52,38.06
487.14,35.15,21.19,22.83,21.46,98.26,56.50,49.52,38.06
487.15,35.15,21.19,22.83,21.49,98.26,56.64,49.52,38.06
487.16,35.21,21.19,22.83,21.49,98.26,56.64,49.52,38.14
487.17,35.21,21.23,22.87,21.49,98.26,56.64,49.52,38.06
487.18,35.21,21.19,22.83,21.49,98.26,56.64,49.41,38.06
487.19,35.15,21.19,22.83,21.46,98.26,56.64,49.52,38.06
487.20,35.15,21.19,22.83,21.49,98.64,56.64,49.41,38.06
487.21,35.21,21.19,22.87,21.49,98.64,56.64,49.52,38.14
487.22,35.21,21.23,22.83,21.46,98.64,56.64,49.52,38.06
487.23,35.21,21.19,22.83,21.46,98.26,56.64,49.41,38.06
487.24,35.15,21.19,22.83,21.49,98.26,56.64,49.41,38.14
487.25,35.15,21.19,22.83,21.49,98.26,56.64,49.52,38.06
487.26,35.15,21.19,22.83,21.49,98.26,56.64,49.41,38.06
487.27,35.21,21.19,22.83,21.46,98.64,56.78,49.52,38.06
487.28,35.15,21.19,22.83,21.49,98.26,56.64,49.41,38.06
487.29,35.15,21.19,22.83,21.49,98.26,56.50,49.52,38.14
487.30,35.15,21.19,22.83,21.49,98.26,56.64,49.52,38.14
487.31,35.21,21.19,22.83,21.46,98.26,56.64,49.52,38.14
487.32,35.21,21.19,22.83,21.49,98.64,56.64,49.52,38.06
487.33,35.21,21.19,22.83,21.46,98.26,56.64,49.52,38.06
487.34,35.15,21.19,22.83,21.46,98.26,56.64,49.41,38.06
487.35,35.15,21.19,22.83,21.46,98.26,56.64,49.41,38.14
487.36,35.15,21.19,22.83,21.46,98.64,56.64,49.41,38.14
487.37,35.21,21.19,22.83,21.49,98.26,56.64,49.41,38.14
487.38,35.21,21.19,22.83,21.49,98.26,56.64,49.52,38.06
487.39,35.15,21.16,22.83,21.49,98.26,56.64,49.41,38.06
487.40,35.21,21.19,22.83,21.46,98.26,56.64,49.41,38.06
487.41,35.21,21.19,22.83,21.49,98.26,56.64,49.41,38.06
487.42,35.21,21.19,22.83,21.49,98.64,56.64,49.52,38.06
487.43,35.21,21.19,22.83,21.46,98.26,56.64,49.52,38.06
487.44,35.15,21.19,22.83,21.46,98.26,56.50,49.41,38.06
487.45,35.15,21.19,22.83,21.46,98.26,56.64,49.41,38.06
487.46,35.15,21.19,22.83,21.46,98.64,56.64,49.41,38.06
487.47,35.21,21.19,22.83,21.49,98.26,56.64,49.41,38.06
487.48,35.21,21.16,22.83,21.49,98.64,56.64,49.52,38.06
487.49,35.21,21.16,22.83,21.46,98.26,56.64,49.41,38.06
487.50,35.15,21.19,22.83,21.49,98.26,56.64,49.41,38.06
487.51,35.15,21.19,22.83,21.49,98.26,56.64,49.52,38.06
487.52,35.21,21.23,22.83,21.46,98.26,56.64,49.52,38.06
487.53,35.15,21.19,22.83,21.49,98.64,56.64,49.64,38.06
487.54,35.21,21.16,22.83,21.49,98.26,56.64,49.41,38.06
487.55,35.15,21.19,22.83,21.49,98.64,56.64,49.41,38.06
487.56,35.21,21.23,22.83,21.49,98.26,56.64,49.52,38.06
487.57,35.15,21.19,22.83,21.49,98.26,56.64,49.52,38.06
487.58,35.21,21.19,22.83,21.49,98.26,56.64,49.52,38.06
487.59,35.15,21.16,22.83,21.49,98.26,56.64,49.41,38.06
487.60,35.15,21.19,22.83,21.46,98.64,56.64,49.52,38.14
487.61,35.21,21.19,22.83,21.49,98.64,56.64,49.41,38.06
487.62,35.21,21.19,22.83,21.46,98.26,56.64,49.52,38.06
487.63,35.15,21.19,22.83,21.46,98.26,56.64,49.41,38.06
487.64,35.15,21.16,22.83,21.46,98.26,56.64,49.52,38.06
487.65,35.15,21.19,22.83,21.46,97.88,56.64,49.52,38.06
487.66,35.15,21.19,22.83,21.46,98.26,56.64,49.41,38.06
487.67,35.15,21.19,22.83,21.46,98.26,56.64,49.52,38.06
487.68,35.15,21.19,22.83,21.46,98.26,56.64,49.52,38.06
487.69,35.15,21.16,22.83,21.46,98.26,56.50,49.41,38.06
487.70,35.15,21.19,22.80,21.49,98.64,56.50,49.41,38.06
487.71,35.15,21.19,22.83,21.49,98.26,56.64,49.41,38.14
487.72,35.15,21.19,22.83,21.49,98.64,56.64,49.52,38.06
487.73,35.21,21.16,22.80,21.46,98.26,56.50,49.41,38.14
487.74,35.15,21.19,22.80,21.49,98.26,56.50,49.41,38.06
487.75,35.15,21.16,22.80,21.46,98.26,56.64,49.41,38.06
487.76,35.21,21.19,22.83,21.46,98.26,56.64,49.52,38.06
488.11,35.21,21.19,22.83,21.46,98.26,56.64,49.52,38.06
488.12,35.15,21.19,22.83,21.49,98.26,56.50,49.52,38.06
488.13,35.15,21.19,22.83,21.46,98.26,56.64,49.52,38.06
488.14,35.15,21.19,22.80,21.46,98.26,56.64,49.41,38.06
488.16,35.21,21.19,22.83,21.49,98.26,56.64,49.52,38.06
488.17,35.15,21.19,22.83,21.46,98.26,56.64,49.41,38.06
488.18,35.15,21.19,22.83,21.49,98.26,56.50,49.41,37.99
488.19,35.15,21.16,22.80,21.46,98.26,56.78,49.41,38.21
488.20,35.21,21.16,22.83,21.49,98.26,56.64,49.41,38.06
488.21,35.21,21.19,22.80,21.49,98.26,56.50,49.41,37.99
488.22,35.15,21.19,22.83,21.49,98.26,56.64,49.41,38.06
488.23,35.15,21.16,22.80,21.46,98.64,56.64,49.41,38.06
488.24,35.15,21.16,22.80,21.46,98.26,56.64,49.41,38.06
488.25,35.15,21.16,22.83,21.49,98.26,56.64,49.41,38.06
488.26,35.28,21.19,22.80,21.46,98.64,56.64,49.52,38.06
488.27,35.15,21.19,22.83,21.49,98.26,56.64,49.52,38.06
488.28,35.15,21.16,22.83,21.49,98.26,56.64,49.41,38.06
488.29,35.08,21.16,22.83,21.46,98.26,56.64,49.41,38.06
488.30,35.15,21.16,22.83,21.46,98.26,56.64,49.52,38.06
488.31,35.21,21.19,22.83,21.49,98.26,56.64,49.41,38.14
488.32,35.21,21.19,22.83,21.46,98.26,56.64,49.52,38.06
488.33,35.28,21.19,22.80,21.46,98.26,56.64,49.41,38.06
488.34,35.15,21.16,22.83,21.49,98.26,56.64,49.41,38.06
488.35,35.15,21.16,22.80,21.49,98.26,56.64,49.41,38.06
488.36,35.15,21.16,22.80,21.46,98.26,56.64,49.41,38.14
488.37,35.15,21.19,22.83,21.49,98.26,56.64,49.52,38.06
488.38,35.15,21.16,22.80,21.49,98.26,56.50,49.41,38.06
488.39,35.08,21.16,22.80,21.49,98.26,56.50,49.41,38.06
488.40,35.15,21.16,22.80,21.49,98.26,56.50,49.41,38.06
488.41,35.15,21.16,22.83,21.49,98.26,56.50,49.41,38.06
488.42,35.15,21.19,22.83,21.49,98.26,56.64,49.52,38.06
488.43,35.15,21.16,22.80,21.49,97.88,56.64,49.41,38.14
488.44,35.15,21.16,22.80,21.49,98.26,56.64,49.41,38.06
488.45,35.15,21.16,22.80,21.46,98.26,56.50,49.52,38.14
488.46,35.21,21.19,22.80,21.46,98.26,56.64,49.30,38.06
488.47,35.21,21.19,22.80,21.49,98.26,56.64,49.52,38.06
488.48,35.15,21.16,22.83,21.49,98.26,56.64,49.41,38.06
488.49,35.15,21.16,22.80,21.49,98.26,56.64,49.41,38.06
488.50,35.15,21.13,22.80,21.46,98.26,56.50,49.41,38.14
488.51,35.15,21.19,22.83,21.49,98.26,56.64,49.41,38.06
488.52,35.15,21.16,22.83,21.46,98.26,56.50,49.41,38.06
488.53,35.15,21.16,22.80,21.49,98.26,56.64,49.41,38.06
488.54,35.15,21.16,22.80,21.46,98.26,56.64,49.41,38.06
488.55,35.15,21.16,22.80,21.49,98.26,56.50,49.41,38.06
488.56,35.15,21.16,22.80,21.46,98.26,56.64,49.41,38.06
488.57,35.21,21.19,22.83,21.46,98.26,56.64,49.41,38.06
488.58,35.15,21.16,22.80,21.46,97.88,56.50,49.41,38.06
488.59,35.15,21.16,22.80,21.49,98.26,56.50,49.41,38.06
488.60,35.15,21.16,22.80,21.46,98.26,56.50,49.41,38.06
488.61,35.15,21.16,22.83,21.49,98.26,56.64,49.41,38.14
488.62,35.15,21.16,22.83,21.46,98.26,56.64,49.41,38.14
488.63,35.08,21.16,22.80,21.46,98.26,56.50,49.41,38.06
488.64,35.15,21.16,22.80,21.46,97.88,56.50,49.41,38.06
488.65,35.08,21.16,22.80,21.49,98.26,56.50,49.41,38.06
488.66,35.15,21.16,22.80,21.46,98.26,56.64,49.41,38.06
488.67,35.15,21.19,22.80,21.46,98.26,56.50,49.41,38.06
488.68,35.21,21.16,22.80,21.46,98.64,56.50,49.41,38.06
488.69,35.08,21.16,22.80,21.49,98.26,56.50,49.41,38.14
488.70,35.08,21.16,22.80,21.49,98.26,56.50,49.41,38.06
488.71,35.21,21.19,22.80,21.49,98.64,56.64,49.52,38.06
488.72,35.15,21.16,22.80,21.46,98.26,56.64,49.41,38.06
488.73,35.15,21.16,22.80,21.46,98.26,56.50,49.41,38.06
488.74,35.08,21.16,22.80,21.46,98.26,56.50,49.41,38.06
488.75,35.21,21.16,22.80,21.49,98.26,56.35,49.41,38.14
488.76,35.21,21.13,22.83,21.49,98.26,56.64,49.41,38.14
488.77,35.21,21.16,22.80,21.46,98.26,56.50,49.41,38.06
488.78,35.08,21.16,22.80,21.46,98.26,56.50,49.41,38.06
488.79,35.21,21.16,22.80,21.49,98.26,56.50,49.41,38.06
488.80,35.08,21.16,22.83,21.49,98.26,56.50,49.41,38.06
488.81,35.21,21.19,22.80,21.46,98.26,56.50,49.41,38.06
488.82,35.15,21.16,22.80,21.46,98.26,56.50,49.41,38.06
488.83,35.21,21.16,22.80,21.49,98.26,56.50,49.41,38.06
488.84,35.15,21.16,22.80,21.46,98.26,56.50,49.41,38.06
488.85,35.08,21.16,22.80,21.46,98.26,56.50,49.41,38.14
488.86,35.15,21.16,22.80,21.49,98.26,56.50,49.41,38.14
488.87,35.15,21.16,22.80,21.46,98.26,56.50,49.41,38.06
488.88,35.08,21.16,22.80,21.46,98.26,56.50,49.41,38.14
488.89,35.08,21.16,22.80,21.46,98.26,56.50,49.41,38.06
488.90,35.08,21.16,22.80,21.46,98.26,56.50,49.41,38.06
488.91,35.15,21.19,22.80,21.46,98.26,56.64,49.41,38.14
488.92,35.15,21.16,22.80,21.46,98.26,56.50,49.41,38.06
488.93,35.08,21.16,22.80,21.49,98.26,56.50,49.41,38.06
488.94,35.08,21.13,22.80,21.49,98.26,56.50,49.41,38.06
488.95,35.08,21.13,22.80,21.46,98.26,56.64,49.41,38.06
488.96,35.15,21.16,22.80,21.49,98.26,56.64,49.41,38.14
488.97,35.08,21.16,22.80,21.46,98.26,56.50,49.41,38.06
488.98,35.08,21.16,22.80,21.46,98.26,56.50,49.41,38.06
488.99,35.15,21.13,22.76,21.46,98.26,56.50,49.30,38.14
489.00,35.08,21.13,22.80,21.49,98.64,56.35,49.41,38.06
489.01,35.15,21.13,22.80,21.49,98.26,56.50,49.41,38.06
489.02,35.15,21.16,22.80,21.46,98.26,56.50,49.41,38.14
489.03,35.08,21.16,22.80,21.46,98.26,56.50,49.41,38.06
489.04,35.08,21.13,22.80,21.46,98.26,56.50,49.41,38.14
489.05,35.08,21.16,22.80,21.46,98.26,56.50,49.41,38.06
489.06,35.08,21.16,22.80,21.46,98.26,56.50,49.41,38.06
489.07,35.08,21.16,22.80,21.46,98.26,56.50,49.41,38.06
489.08,35.08,21.13,22.80,21.46,98.26,56.50,49.41,38.06
489.09,35.15,21.16,22.80,21.46,98.26,56.50,49.41,38.14
489.10,35.08,21.13,22.80,21.46,98.26,56.50,49.30,38.06
489.11,35.15,21.16,22.80,21.49,98.26,56.64,49.41,38.06
489.12,35.15,21.16,22.80,21.46,98.26,56.50,49.41,38.06
489.13,35.08,21.16,22.80,21.46,98.26,56.50,49.41,38.06
489.14,35.08,21.13,22.76,21.46,98.26,56.50,49.41,38.06
489.15,35.08,21.13,22.76,21.46,98.64,56.64,49.41,38.06
489.16,35.08,21.16,22.80,21.49,98.26,56.50,49.41,38.06
489.17,35.08,21.16,22.80,21.46,98.26,56.50,49.41,38.06
489.18,35.08,21.13,22.80,21.46,98.26,56.50,49.41,38.06
489.19,35.08,21.13,22.76,21.49,98.26,56.50,49.41,38.06
489.20,35.08,21.13,22.76,21.46,98.26,56.50,49.41,38.06
489.21,35.15,21.16,22.80,21.46,98.26,56.50,49.41,38.06
489.22,35.08,21.13,22.80,21.46,98.26,56.50,49.41,38.06
489.23,35.08,21.13,22.80,21.46,98.26,56.50,49.41,38.06
489.24,35.08,21.13,22.76,21.46,98.26,56.50,49.41,38.06
489.25,35.08,21.16,22.76,21.46,98.26,56.50,49.41,38.06
489.26,35.08,21.16,22.80,21.49,98.26,56.50,49.41,38.14
489.27,35.15,21.13,22.80,21.49,98.26,56.50,49.41,38.14
489.28,35.15,21.13,22.76,21.46,98.26,56.50,49.30,38.06
489.29,35.08,21.13,22.76,21.49,98.26,56.50,49.41,38.06
489.30,35.15,21.16,22.76,21.49,98.26,56.50,49.41,38.06
489.31,35.08,21.13,22.80,21.49,98.26,56.50,49.41,38.06
489.32,35.15,21.16,22.80,21.46,98.26,56.50,49.41,38.06
489.33,35.15,21.16,22.76,21.49,98.26,56.50,49.30,38.06
489.34,35.08,21.13,22.80,21.46,98.26,56.50,49.41,38.06
489.35,35.08,21.16,22.76,21.49,98.26,56.50,49.41,38.14
489.36,35.15,21.16,22.80,21.46,98.26,56.50,49.41,38.06
489.37,35.15,21.16,22.80,21.46,98.26,56.50,49.41,38.06
489.38,35.15,21.13,22.76,21.46,98.26,56.50,49.41,38.06
489.39,35.08,21.13,22.76,21.46,98.26,56.35,49.41,38.06
489.40,35.15,21.13,22.80,21.46,98.26,56.64,49.41,38.06
489.41,35.08,21.13,22.80,21.49,98.26,56.50,49.41,38.06
489.42,35.15,21.16,22.80,21.46,98.26,56.50,49.41,38.06
489.43,35.08,21.13,22.76,21.46,98.26,56.64,49.30,38.14
489.44,35.08,21.13,22.76,21.46,98.26,56.35,49.41,37.99
489.45,35.08,21.13,22.80,21.46,98.26,56.50,49.30,38.14
489.46,35.15,21.16,22.80,21.46,98.26,56.50,49.41,37.99
489.47,35.08,21.13,22.80,21.46,98.26,56.50,49.41,38.14
489.48,35.15,21.13,22.80,21.46,98.26,56.50,49.41,38.06
489.49,35.08,21.13,22.76,21.46,98.26,56.50,49.41,38.06
489.50,35.15,21.13,22.80,21.49,98.26,56.50,49.41,38.06
489.51,35.08,21.13,22.80,21.46,98.26,56.50,49.41,38.14
489.52,35.08,21.13,22.76,21.46,97.88,56.50,49.41,38.06
489.53,35.08,21.13,22.76,21.46,98.26,56.50,49.41,38.06
489.54,35.08,21.13,22.76,21.46,98.26,56.35,49.30,38.06
489.55,35.01,21.13,22.76,21.46,98.26,56.50,49.41,38.14
489.56,35.15,21.16,22.80,21.49,98.26,56.50,49.41,38.06
489.57,35.01,21.16,22.76,21.46,98.26,56.50,49.41,38.06
489.58,35.15,21.13,22.76,21.46,98.26,56.50,49.30,38.14
489.59,35.08,21.13,22.76,21.46,98.26,56.50,49.41,38.06
489.60,35.08,21.13,22.80,21.49,97.88,56.50,49.30,38.14
489.61,35.08,21.13,22.80,21.46,98.26,56.50,49.41,38.14
489.62,35.15,21.16,22.76,21.46,98.26,56.50,49.41,38.06
489.63,35.15,21.13,22.76,21.46,98.26,56.50,49.41,38.06
489.64,35.08,21.13,22.76,21.46,98.26,56.50,49.41,38.06
489.65,35.08,21.16,22.80,21.46,98.26,56.50,49.41,38.06
489.66,35.08,21.16,22.80,21.49,98.26,56.50,49.41,38.06
489.67,35.15,21.13,22.80,21.49,98.26,56.50,49.30,38.06
489.68,35.08,21.13,22.76,21.46,98.26,56.50,49.41,38.14
489.69,35.15,21.13,22.76,21.49,97.88,56.50,49.30,38.14
489.70,35.15,21.13,22.73,21.46,98.26,56.50,49.52,38.14
489.71,35.15,21.16,22.80,21.49,98.26,56.50,49.30,38.14
489.72,35.08,21.13,22.80,21.49,98.26,56.50,49.41,38.06
489.73,35.15,21.13,22.76,21.46,98.26,56.50,49.30,38.06
489.74,35.08,21.13,22.76,21.46,98.26,56.50,49.41,38.06
489.75,35.08,21.13,22.80,21.46,98.26,56.64,49.41,38.14
489.76,35.15,21.13,22.80,21.46,98.26,56.50,49.41,38.06
489.77,35.08,21.16,22.80,21.46,98.26,56.50,49.41,38.06
489.78,35.08,21.13,22.80,21.46,98.26,56.50,49.41,38.06
489.79,35.08,21.13,22.76,21.46,98.26,56.50,49.41,38.14
489.80,35.08,21.13,22.80,21.46,98.26,56.50,49.41,38.06
489.81,35.08,21.13,22.80,21.46,98.26,56.50,49.41,38.06
489.82,35.15,21.16,22.80,21.49,98.26,56.50,49.41,38.06
489.83,35.08,21.13,22.76,21.49,97.88,56.50,49.30,38.06
489.84,35.01,21.13,22.76,21.49,98.26,56.50,49.41,38.06
489.85,35.08,21.13,22.73,21.46,98.26,56.50,49.41,38.06
489.86,35.15,21.13,22.80,21.46,98.26,56.50,49.41,38.06
489.87,35.15,21.16,22.80,21.46,98.26,56.50,49.41,38.06
489.88,35.08,21.13,22.80,21.49,98.26,56.50,49.41,38.06
489.89,35.08,21.13,22.76,21.46,98.26,56.50,49.41,38.06
489.90,35.08,21.13,22.76,21.49,98.26,56.50,49.41,38.14
489.91,35.08,21.16,22.80,21.49,98.26,56.50,49.41,38.06
489.92,35.15,21.16,22.80,21.49,98.26,56.50,49.41,38.06
489.93,35.08,21.13,22.76,21.49,98.26,56.50,49.41,38.06
489.94,35.08,21.13,22.76,21.46,98.26,56.50,49.41,38.06
489.95,35.08,21.13,22.80,21.46,98.26,56.50,49.41,38.06
489.96,35.08,21.16,22.80,21.46,98.26,56.50,49.41,38.06
489.97,35.08,21.16,22.80,21.49,98.26,56.50,49.41,38.06
489.98,35.08,21.13,22.76,21.49,98.26,56.50,49.41,38.06
489.99,35.08,21.13,22.76,21.46,98.26,56.50,49.30,38.06
490.00,35.08,21.13,22.76,21.49,98.26,56.50,49.41,38.14
490.01,35.08,21.16,22.80,21.49,98.26,56.50,49.30,38.14
490.02,35.08,21.13,22.80,21.46,98.26,56.35,49.41,38.06
490.03,35.08,21.13,22.76,21.46,98.26,56.50,49.41,38.06
490.04,35.08,21.13,22.76,21.49,98.26,56.50,49.30,38.06
490.05,35.08,21.13,22.80,21.49,98.26,56.50,49.41,38.06
490.06,35.15,21.16,22.80,21.49,98.26,56.50,49.41,38.06
490.07,35.15,21.13,22.80,21.46,98.26,56.50,49.41,38.06
490.08,35.08,21.13,22.76,21.49,98.26,56.35,49.30,38.06
490.09,35.08,21.13,22.76,21.49,98.26,56.50,49.30,38.06
490.10,35.08,21.13,22.76,21.49,98.26,56.50,49.41,38.14
490.11,35.15,21.13,22.76,21.46,98.26,56.50,49.41,38.06
490.12,35.08,21.13,22.76,21.49,98.26,56.50,49.41,38.06
490.13,35.08,21.13,22.76,21.46,98.26,56.50,49.41,38.14
490.14,35.08,21.13,22.76,21.49,98.26,56.50,49.41,38.14
490.15,35.08,21.13,22.76,21.46,98.26,56.50,49.41,38.06
490.16,35.15,21.13,22.80,21.49,98.26,56.50,49.41,38.06
490.17,35.08,21.13,22.80,21.49,98.26,56.50,49.41,38.06
490.18,35.15,21.13,22.76,21.46,98.26,56.50,49.41,38.06
490.19,35.08,21.13,22.76,21.46,98.26,56.64,49.41,38.14
490.20,35.08,21.13,22.76,21.46,98.26,56.50,49.41,38.14
490.21,35.08,21.13,22.76,21.46,98.26,56.50,49.41,38.14
490.22,35.15,21.13,22.80,21.49,98.26,56.50,49.41,38.06
490.23,35.08,21.13,22.76,21.46,98.26,56.50,49.30,38.06
490.24,35.08,21.13,22.76,21.49,98.26,56.50,49.41,38.06
490.25,35.08,21.13,22.76,21.49,98.26,56.50,49.41,38.14
490.26,35.15,21.16,22.80,21.49,98.26,56.50,49.41,38.06
490.27,35.15,21.13,22.76,21.46,98.26,56.50,49.41,38.06
490.28,35.08,21.13,22.76,21.46,98.26,56.50,49.41,38.14
490.29,35.15,21.13,22.76,21.46,98.26,56.50,49.41,38.14
490.30,35.08,21.13,22.80,21.46,98.26,56.50,49.41,38.06
490.31,35.08,21.13,22.80,21.46,98.26,56.50,49.41,38.06
490.32,35.15,21.13,22.80,21.46,98.26,56.50,49.41,38.06
490.33,35.15,21.10,22.76,21.46,98.26,56.50,49.41,38.14
490.34,35.15,21.13,22.76,21.46,98.26,56.35,49.30,38.14
490.35,35.15,21.13,22.76,21.46,97.88,56.50,49.41,38.14
490.36,35.15,21.13,22.80,21.46,98.26,56.50,49.41,38.06
490.37,35.15,21.16,22.80,21.49,98.26,56.50,49.41,38.06
490.38,35.08,21.13,22.76,21.46,98.26,56.50,49.41,38.14
490.39,35.15,21.16,22.76,21.46,97.88,56.50,49.30,37.99
490.40,35.15,21.13,22.76,21.46,98.26,56.50,49.41,38.14
490.41,35.15,21.16,22.80,21.46,98.26,56.50,49.41,38.06
490.42,35.15,21.13,22.76,21.46,98.26,56.50,49.41,38.14
490.43,35.08,21.13,22.76,21.46,98.26,56.50,49.30,38.14
490.44,35.08,21.13,22.76,21.46,98.26,56.50,49.30,38.06
490.45,35.15,21.13,22.76,21.46,98.26,56.50,49.41,38.14
490.46,35.08,21.13,22.80,21.46,98.26,56.50,49.41,38.06
490.47,35.08,21.13,22.80,21.46,98.26,56.50,49.41,38.14
490.48,35.08,21.13,22.76,21.46,98.26,56.50,49.41,38.06
490.49,35.08,21.13,22.76,21.49,98.26,56.50,49.41,38.14
490.50,35.08,21.13,22.76,21.49,98.26,56.50,49.30,38.06
490.51,35.15,21.16,22.80,21.46,98.26,56.50,49.41,38.14
490.52,35.08,21.13,22.76,21.46,98.26,56.50,49.30,38.06
490.53,35.08,21.13,22.76,21.49,98.26,56.50,49.30,38.06
490.54,35.08,21.13,22.76,21.49,98.26,56.50,49.41,38.06
490.55,35.15,21.13,22.76,21.46,98.26,56.64,49.41,38.14
490.56,35.08,21.16,22.80,21.49,98.26,56.50,49.41,38.06
490.57,35.15,21.13,22.76,21.46,98.26,56.50,49.41,38.06
490.58,35.08,21.16,22.76,21.49,97.88,56.50,49.41,38.06
490.59,35.01,21.13,22.76,21.46,98.26,56.50,49.41,38.06
490.60,35.15,21.13,22.76,21.46,98.26,56.50,49.41,38.14
490.61,35.15,21.13,22.80,21.49,98.26,56.50,49.41,38.14
490.62,35.08,21.13,22.76,21.46,98.26,56.50,49.41,38.06
490.63,35.08,21.13,22.76,21.46,98.26,56.50,49.30,38.06
490.64,35.01,21.13,22.76,21.46,98.26,56.50,49.30,38.14
490.65,35.08,21.13,22.76,21.46,98.26,56.50,49.41,38.06
490.66,35.15,21.13,22.76,21.46,98.26,56.64,49.41,38.06
490.67,35.08,21.13,22.76,21.46,98.26,56.35,49.41,38.06
490.68,35.08,21.10,22.76,21.46,97.88,56.50,49.41,38.06
490.69,35.08,21.13,22.76,21.46,98.26,56.50,49.41,38.14
490.70,35.08,21.13,22.76,21.49,98.26,56.50,49.41,38.06
490.71,35.15,21.13,22.76,21.46,98.26,56.50,49.30,38.21
490.72,35.08,21.13,22.80,21.46,98.26,56.50,49.30,38.14
490.73,35.15,21.13,22.76,21.46,98.26,56.50,49.30,38.06
490.74,35.15,21.13,22.76,21.46,98.26,56.50,49.30,38.06
490.75,35.08,21.13,22.76,21.46,98.26,56.50,49.41,38.06
490.76,35.15,21.16,22.76,21.46,98.26,56.50,49.41,38.14
490.77,35.15,21.13,22.76,21.46,98.26,56.50,49.30,38.14
490.78,35.15,21.13,22.76,21.46,98.26,56.50,49.30,38.06
490.79,35.08,21.13,22.76,21.46,97.88,56.50,49.30,38.14
490.80,35.15,21.13,22.76,21.46,98.26,56.50,49.41,38.14
490.81,35.08,21.13,22.80,21.46,98.26,56.50,49.41,38.06
490.82,35.15,21.13,22.76,21.49,98.26,56.50,49.41,38.06
490.83,35.01,21.13,22.76,21.46,97.88,56.35,49.30,38.06
490.84,35.15,21.10,22.76,21.46,98.26,56.50,49.30,38.14
490.85,35.08,21.13,22.80,21.49,98.26,56.50,49.30,38.06
490.86,35.15,21.13,22.80,21.46,98.26,56.50,49.41,38.06
490.87,35.08,21.13,22.76,21.46,97.88,56.50,49.30,38.06
490.88,35.08,21.10,22.76,21.46,98.26,56.50,49.41,38.14
490.89,35.08,21.13,22.76,21.46,98.26,56.50,49.30,38.06
490.90,35.08,21.13,22.76,21.46,97.88,56.50,49.30,38.06
490.91,35.08,21.13,22.76,21.46,98.26,56.50,49.41,38.06
490.92,35.08,21.13,22.76,21.49,98.26,56.50,49.30,38.06
490.93,35.01,21.10,22.73,21.46,98.26,56.50,49.41,38.06
490.94,35.01,21.10,22.73,21.46,97.88,56.50,49.41,38.06
490.95,35.08,21.13,22.76,21.46,97.88,56.50,49.18,38.06
490.96,35.08,21.13,22.76,21.46,98.26,56.50,49.52,38.06
490.97,35.08,21.13,22.76,21.46,97.88,56.35,49.41,38.14
490.98,35.01,21.13,22.76,21.46,98.26,56.50,49.30,38.06
490.99,35.08,21.13,22.76,21.49,97.88,56.50,49.41,38.14
491.00,35.08,21.13,22.76,21.46,98.26,56.50,49.41,38.14
491.01,35.01,21.13,22.76,21.49,98.26,56.50,49.30,38.14
491.02,35.08,21.13,22.76,21.46,97.88,56.50,49.30,38.06
491.03,35.01,21.13,22.76,21.46,98.26,56.50,49.41,38.06
491.04,35.01,21.13,22.76,21.46,98.26,56.35,49.30,38.14
491.05,35.08,21.13,22.76,21.46,98.26,56.50,49.41,38.14
491.06,35.08,21.13,22.76,21.46,98.26,56.50,49.30,38.06
491.07,35.08,21.13,22.76,21.46,98.26,56.50,49.41,38.14
491.08,35.01,21.13,22.76,21.46,98.26,56.50,49.30,38.14
491.09,35.01,21.13,22.73,21.46,98.26,56.50,49.41,38.14
491.10,35.08,21.13,22.76,21.46,98.26,56.50,49.30,38.06
491.11,35.08,21.13,22.76,21.46,98.26,56.50,49.41,38.14
491.12,35.01,21.13,22.76,21.46,98.26,56.50,49.30,38.06
491.13,35.01,21.13,22.76,21.46,98.26,56.50,49.41,38.06
491.14,35.01,21.10,22.76,21.49,98.26,56.50,49.30,38.06
491.15,35.01,21.13,22.76,21.49,97.88,56.50,49.41,38.14
491.16,35.08,21.13,22.76,21.46,98.26,56.50,49.41,38.14
491.17,35.08,21.13,22.76,21.46,98.26,56.50,49.30,38.14
491.18,35.01,21.13,22.76,21.46,98.26,56.50,49.41,38.06
491.19,35.15,21.13,22.76,21.49,97.88,56.35,49.30,38.06
491.20,35.08,21.13,22.76,21.46,98.26,56.50,49.41,38.06
491.21,35.08,21.13,22.76,21.46,98.26,56.35,49.30,38.14
491.22,35.15,21.13,22.76,21.46,97.88,56.50,49.30,38.14
491.23,35.01,21.10,22.76,21.49,97.88,56.50,49.30,38.14
491.24,35.08,21.10,22.76,21.46,98.26,56.50,49.30,38.14
491.25,35.01,21.13,22.76,21.49,97.88,56.35,49.41,38.14
491.26,35.08,21.13,22.76,21.46,98.26,56.50,49.30,38.06
491.27,35.08,21.13,22.76,21.49,98.26,56.35,49.30,38.14
491.28,35.01,21.10,22.76,21.46,97.88,56.35,49.30,38.14
491.29,35.01,21.13,22.76,21.49,98.26,56.50,49.30,38.06
491.30,35.08,21.13,22.76,21.49,98.26,56.50,49.30,38.14
491.31,35.08,21.13,22.76,21.46,97.88,56.50,49.30,38.14
491.32,35.08,21.13,22.76,21.46,98.26,56.50,49.41,38.14
491.33,35.01,21.10,22.73,21.46,97.88,56.50,49.30,38.14
491.34,35.01,21.13,22.76,21.46,98.26,56.35,49.30,38.06
491.35,35.08,21.13,22.76,21.46,97.88,56.50,49.30,38.14
491.36,35.08,21.13,22.76,21.49,98.26,56.50,49.41,38.06
491.37,35.08,21.13,22.76,21.49,98.26,56.50,49.30,38.14
491.38,35.01,21.13,22.76,21.49,97.88,56.50,49.30,38.14
491.39,35.08,21.13,22.73,21.46,97.88,56.35,49.30,38.14
491.40,35.08,21.13,22.76,21.46,98.26,56.50,49.30,38.06
491.41,35.08,21.13,22.76,21.46,98.26,56.50,49.30,38.06
491.42,35.08,21.13,22.73,21.49,98.26,56.50,49.30,38.14
491.43,35.08,21.10,22.76,21.46,98.26,56.50,49.30,38.14
491.44,35.01,21.13,22.76,21.49,97.88,56.50,49.30,38.14
491.45,35.08,21.10,22.76,21.49,98.26,56.50,49.30,38.14
491.46,35.15,21.13,22.76,21.46,97.88,56.50,49.30,38.06
491.47,35.08,21.13,22.76,21.46,98.26,56.50,49.41,38.06
491.48,35.01,21.13,22.76,21.46,98.26,56.50,49.30,38.14
491.49,35.01,21.10,22.73,21.46,97.88,56.50,49.30,38.14
491.50,35.08,21.13,22.76,21.46,98.26,56.50,49.30,38.14
491.51,35.08,21.13,22.76,21.46,97.88,56.50,49.41,38.14
491.52,35.08,21.13,22.73,21.46,98.26,56.50,49.30,38.14
491.53,35.01,21.10,22.76,21.46,98.26,56.50,49.30,38.14
491.54,35.08,21.10,22.73,21.46,98.26,56.35,49.30,38.06
491.55,35.08,21.13,22.76,21.46,98.26,56.50,49.30,38.06
491.56,35.08,21.13,22.76,21.46,98.26,56.50,49.41,38.14
491.57,35.08,21.13,22.76,21.46,98.26,56.50,49.30,38.14
491.58,35.08,21.10,22.76,21.49,97.88,56.50,49.30,38.14
491.59,35.01,21.13,22.76,21.46,98.26,56.50,49.30,38.06
491.60,35.15,21.13,22.73,21.46,98.26,56.50,49.30,38.06
491.61,35.08,21.13,22.76,21.46,98.26,56.50,49.41,38.14
491.62,35.08,21.13,22.76,21.46,98.26,56.50,49.41,38.06
491.63,35.08,21.13,22.76,21.46,97.88,56.35,49.30,38.06
491.64,35.01,21.13,22.76,21.49,97.88,56.50,49.30,38.14
491.65,35.15,21.13,22.76,21.46,97.88,56.50,49.30,38.14
491.66,35.08,21.13,22.76,21.46,98.26,56.50,49.30,38.14
491.67,35.08,21.13,22.76,21.46,98.26,56.50,49.30,38.14
491.68,35.15,21.13,22.76,21.46,97.88,56.35,49.30,38.06
491.69,35.08,21.13,22.76,21.46,98.26,56.50,49.30,38.14
491.70,35.08,21.13,22.76,21.46,98.26,56.50,49.41,38.14
491.71,35.15,21.13,22.80,21.46,98.26,56.50,49.30,38.14
491.72,35.08,21.13,22.76,21.46,98.26,56.50,49.30,38.14
491.73,35.01,21.13,22.76,21.46,97.88,56.50,49.30,38.14
491.74,35.01,21.13,22.76,21.46,98.26,56.50,49.30,38.06
491.75,35.08,21.13,22.76,21.46,97.88,56.50,49.30,38.14
491.76,35.08,21.13,22.76,21.46,98.26,56.50,49.41,38.14
491.77,35.15,21.16,22.76,21.46,98.26,56.50,49.30,38.06
491.78,35.01,21.10,22.76,21.46,98.26,56.50,49.30,38.06
491.79,35.01,21.13,22.76,21.46,98.26,56.50,49.41,38.14
491.80,35.08,21.13,22.76,21.46,98.26,56.64,49.30,38.14
491.81,35.08,21.13,22.80,21.46,97.88,56.50,49.41,38.14
491.82,35.08,21.10,22.76,21.46,98.26,56.50,49.30,38.06
491.83,35.08,21.10,22.76,21.46,98.26,56.50,49.30,38.14
491.84,35.08,21.13,22.76,21.49,98.26,56.50,49.41,38.14
491.85,35.01,21.10,22.76,21.46,98.26,56.50,49.41,38.14
491.86,35.08,21.13,22.76,21.46,98.26,56.50,49.41,38.06
491.87,35.08,21.13,22.76,21.49,97.88,56.50,49.30,38.14
491.88,35.08,21.13,22.76,21.46,97.88,56.50,49.30,38.14
491.89,35.01,21.13,22.76,21.46,98.26,56.50,49.41,38.14
491.90,35.08,21.13,22.76,21.46,98.26,56.50,49.30,38.06
491.91,35.08,21.16,22.76,21.46,97.88,56.50,49.30,38.14
491.92,35.08,21.13,22.76,21.46,98.26,56.50,49.41,38.14
491.93,35.01,21.13,22.76,21.46,97.88,56.21,49.30,38.06
491.94,35.08,21.13,22.73,21.46,98.26,56.50,49.30,38.14
491.95,35.08,21.13,22.76,21.46,98.26,56.50,49.30,37.99
491.96,35.08,21.16,22.76,21.49,98.26,56.50,49.41,38.14
491.97,35.08,21.13,22.76,21.49,98.26,56.50,49.30,38.14
491.98,35.08,21.13,22.76,21.46,97.88,56.50,49.41,38.14
491.99,35.08,21.13,22.76,21.46,98.26,56.50,49.41,38.14
492.00,35.08,21.13,22.76,21.46,98.26,56.50,49.41,38.06
492.01,35.08,21.13,22.76,21.46,98.26,56.50,49.30,38.14
492.02,35.15,21.13,22.76,21.46,98.26,56.50,49.41,38.14
492.03,35.08,21.13,22.76,21.46,97.88,56.35,49.41,38.06
492.04,35.08,21.13,22.76,21.46,98.26,56.50,49.30,38.14
492.05,35.08,21.13,22.76,21.46,98.26,56.50,49.41,38.14
492.06,35.01,21.16,22.80,21.46,98.26,56.50,49.41,38.14
492.07,35.15,21.13,22.76,21.49,98.26,56.50,49.30,38.14
492.08,35.15,21.13,22.76,21.46,98.26,56.50,49.41,38.14
492.09,35.15,21.13,22.76,21.46,97.88,56.50,49.41,38.14
492.10,35.08,21.13,22.76,21.46,98.26,56.50,49.41,38.14
492.11,35.08,21.16,22.80,21.46,98.26,56.50,49.41,38.14
492.12,35.08,21.13,22.76,21.46,97.88,56.50,49.30,38.14
492.13,35.08,21.13,22.76,21.46,97.88,56.50,49.30,38.14
492.14,35.15,21.13,22.76,21.46,98.26,56.50,49.41,38.14
492.15,35.08,21.13,22.80,21.46,98.26,56.50,49.41,38.14
492.16,35.08,21.13,22.80,21.49,98.26,56.35,49.41,38.14
492.17,35.08,21.13,22.76,21.46,98.26,56.50,49.41,38.14
492.18,35.08,21.13,22.76,21.46,97.88,56.50,49.30,38.14
492.19,35.08,21.13,22.76,21.46,98.26,56.35,49.41,38.14
492.20,35.08,21.16,22.76,21.49,98.26,56.50,49.30,38.14
492.21,35.08,21.16,22.80,21.46,98.26,56.50,49.41,38.14
492.22,35.15,21.13,22.76,21.49,98.26,56.50,49.41,38.14
492.23,35.08,21.13,22.76,21.46,98.26,56.50,49.30,38.14
492.24,35.15,21.13,22.76,21.46,98.26,56.50,49.30,38.14
492.25,35.15,21.16,22.76,21.49,98.26,56.64,49.41,38.14
492.26,35.15,21.16,22.76,21.46,97.88,56.50,49.41,38.14
492.27,35.15,21.16,22.76,21.46,98.26,56.50,49.41,38.14
492.28,35.08,21.13,22.76,21.49,97.88,56.50,49.30,38.14
492.29,35.01,21.13,22.76,21.46,98.26,56.50,49.30,38.14
492.30,35.15,21.16,22.76,21.49,98.26,56.50,49.41,38.14
492.31,35.15,21.13,22.80,21.49,98.26,56.50,49.41,38.14
492.32,35.08,21.13,22.76,21.46,98.26,56.50,49.41,38.14
492.33,35.08,21.13,22.76,21.46,98.26,56.64,49.30,38.06
492.34,35.08,21.16,22.76,21.46,98.26,56.50,49.41,38.14
492.35,35.08,21.16,22.80,21.46,98.26,56.50,49.41,38.14
492.36,35.08,21.16,22.80,21.46,98.26,56.50,49.41,38.14
492.37,35.08,21.13,22.76,21.46,97.88,56.35,49.41,38.14
492.38,35.08,21.13,22.76,21.46,98.26,56.50,49.41,38.14
492.39,35.15,21.13,22.76,21.46,98.26,56.50,49.30,38.06
492.40,35.15,21.13,22.76,21.46,98.26,56.50,49.41,38.14
492.41,35.15,21.13,22.80,21.46,98.26,56.50,49.41,38.14
492.42,35.08,21.13,22.80,21.46,98.26,56.50,49.41,38.14
492.43,35.08,21.13,22.76,21.46,98.26,56.35,49.41,38.14
492.44,35.08,21.13,22.76,21.46,98.26,56.50,49.41,38.14
492.45,35.08,21.16,22.76,21.46,98.26,56.50,49.41,38.14
492.46,35.08,21.16,22.80,21.49,98.26,56.50,49.41,38.14
492.47,35.15,21.16,22.76,21.46,98.26,56.50,49.41,38.14
492.48,35.08,21.13,22.76,21.49,98.26,56.50,49.41,38.14
492.49,35.08,21.13,22.76,21.46,98.26,56.50,49.30,38.21
492.50,35.08,21.16,22.80,21.46,98.26,56.50,49.41,38.14
492.51,35.15,21.16,22.80,21.49,98.26,56.50,49.41,38.14
492.52,35.08,21.16,22.80,21.46,98.26,56.50,49.41,38.14
492.53,35.08,21.16,22.76,21.46,98.26,56.50,49.41,38.14
492.54,35.15,21.13,22.80,21.49,98.26,56.50,49.41,38.14
492.55,35.08,21.16,22.76,21.46,98.26,56.50,49.41,38.14
492.56,35.15,21.16,22.80,21.46,98.26,56.50,49.41,38.14
492.57,35.08,21.16,22.76,21.46,98.26,56.50,49.41,38.21
492.58,35.15,21.13,22.76,21.46,98.26,56.50,49.30,38.14
492.59,35.08,21.13,22.76,21.46,98.26,56.50,49.41,38.14
492.60,35.08,21.16,22.80,21.49,98.26,56.50,49.41,38.14
492.61,35.08,21.16,22.80,21.46,98.26,56.50,49.41,38.14
492.62,35.08,21.16,22.80,21.46,98.26,56.50,49.41,38.14
492.63,35.08,21.16,22.80,21.46,98.26,56.50,49.41,38.14
492.64,35.08,21.16,22.80,21.49,98.26,56.50,49.41,38.14
492.65,35.08,21.16,22.80,21.46,98.26,56.50,49.41,38.14
492.66,35.08,21.16,22.80,21.49,98.26,56.64,49.41,38.14
492.67,35.15,21.16,22.80,21.49,98.26,56.50,49.41,38.14
492.68,35.08,21.16,22.80,21.49,98.26,56.50,49.41,38.14
492.69,35.15,21.16,22.80,21.49,98.26,56.50,49.41,38.14
492.70,35.21,21.16,22.80,21.46,98.26,56.50,49.41,38.14
492.71,35.15,21.16,22.80,21.46,98.26,56.50,49.41,38.14
492.72,35.08,21.16,22.80,21.46,98.26,56.50,49.41,38.14
492.73,35.15,21.16,22.80,21.49,98.26,56.50,49.41,38.14
492.74,35.08,21.16,22.80,21.46,98.26,56.50,49.41,38.14
492.75,35.08,21.16,22.80,21.49,98.26,56.64,49.52,38.14
492.76,35.08,21.16,22.80,21.49,98.26,56.50,49.41,38.14
492.77,35.08,21.16,22.80,21.49,98.26,56.50,49.41,38.21
492.78,35.15,21.13,22.80,21.46,98.26,56.50,49.41,38.14
492.79,35.08,21.16,22.80,21.46,97.88,56.50,49.41,38.14
492.80,35.15,21.16,22.80,21.49,98.26,56.64,49.41,38.14
492.81,35.21,21.16,22.80,21.46,98.26,56.50,49.41,38.14
492.82,35.08,21.16,22.80,21.49,98.26,56.50,49.30,38.14
492.83,35.15,21.13,22.80,21.46,98.26,56.50,49.41,38.14
492.84,35.15,21.13,22.80,21.46,98.26,56.50,49.41,38.14
492.85,35.15,21.16,22.80,21.49,98.26,56.64,49.41,38.14
492.86,35.15,21.19,22.80,21.49,98.26,56.50,49.41,38.14
492.87,35.08,21.16,22.80,21.49,98.26,56.50,49.41,38.14
492.88,35.08,21.16,22.80,21.46,98.26,56.50,49.41,38.14
492.89,35.08,21.16,22.80,21.46,98.26,56.50,49.52,38.14
492.90,35.21,21.16,22.80,21.46,98.26,56.64,49.41,38.14
492.91,35.08,21.16,22.80,21.46,98.26,56.64,49.41,38.14
492.92,35.08,21.16,22.80,21.46,98.26,56.64,49.41,38.14
492.93,35.08,21.16,22.80,21.49,98.26,56.64,49.41,38.06
492.94,35.15,21.16,22.80,21.49,98.26,56.50,49.41,38.14
492.95,35.08,21.16,22.80,21.49,98.26,56.64,49.41,38.14
492.96,35.08,21.16,22.80,21.49,98.26,56.50,49.52,38.14
492.97,35.15,21.16,22.80,21.46,98.26,56.50,49.41,38.14
492.98,35.08,21.16,22.80,21.46,98.26,56.50,49.41,38.14
492.99,35.08,21.16,22.76,21.49,98.26,56.64,49.41,38.14
493.00,35.15,21.19,22.80,21.49,98.26,56.64,49.41,38.14
493.01,35.21,21.19,22.80,21.49,98.26,56.64,49.52,38.14
493.02,35.15,21.16,22.80,21.49,98.26,56.50,49.41,38.14
493.03,35.08,21.16,22.80,21.46,98.26,56.50,49.41,38.14
493.04,35.08,21.16,22.80,21.46,98.26,56.50,49.41,38.14
493.05,35.08,21.16,22.80,21.49,98.26,56.64,49.52,38.14
493.06,35.21,21.16,22.80,21.46,98.26,56.50,49.41,38.14
493.07,35.08,21.16,22.80,21.46,98.26,56.50,49.41,38.14
493.08,35.15,21.13,22.76,21.46,98.26,56.50,49.41,38.14
493.09,35.15,21.16,22.80,21.49,98.26,56.50,49.41,38.14
493.10,35.08,21.19,22.80,21.46,98.26,56.64,49.41,38.14
493.11,35.08,21.16,22.80,21.49,98.26,56.64,49.41,38.14
493.12,35.15,21.19,22.80,21.46,98.26,56.64,49.41,38.14
493.13,35.15,21.16,22.80,21.49,98.26,56.50,49.41,38.06
493.14,35.15,21.16,22.80,21.46,98.26,56.50,49.41,38.14
493.15,35.15,21.16,22.80,21.49,98.26,56.64,49.41,38.21
493.16,35.21,21.16,22.80,21.46,98.26,56.50,49.41,38.14
493.17,35.08,21.16,22.80,21.46,98.26,56.64,49.41,38.21
493.18,35.08,21.16,22.80,21.49,98.26,56.35,49.41,38.14
493.19,35.08,21.16,22.80,21.46,98.26,56.64,49.41,38.14
493.20,35.15,21.19,22.80,21.49,97.88,56.64,49.41,38.14
493.21,35.15,21.19,22.80,21.49,98.26,56.64,49.41,38.06
493.22,35.21,21.16,22.80,21.46,98.26,56.50,49.41,38.14
493.23,35.08,21.16,22.80,21.46,98.26,56.50,49.41,38.14
493.24,35.08,21.16,22.80,21.46,98.26,56.64,49.41,38.14
493.25,35.15,21.16,22.80,21.49,98.26,56.50,49.41,38.14
493.26,35.08,21.16,22.80,21.46,98.26,56.64,49.52,38.21
493.27,35.15,21.16,22.80,21.49,98.26,56.64,49.41,38.14
493.28,35.08,21.16,22.80,21.46,98.26,56.50,49.41,38.14
493.29,35.08,21.16,22.80,21.46,98.26,56.64,49.41,38.14
493.30,35.21,21.19,22.80,21.46,98.26,56.50,49.41,38.14
493.31,35.08,21.16,22.80,21.49,98.26,56.64,49.41,38.14
493.32,35.15,21.19,22.80,21.49,98.26,56.50,49.41,38.14
493.33,35.08,21.16,22.80,21.46,98.26,56.64,49.52,38.21
493.34,35.15,21.16,22.83,21.46,98.26,56.50,49.41,38.14
493.35,35.15,21.19,22.80,21.49,98.26,56.64,49.41,38.14
493.36,35.15,21.19,22.83,21.49,98.26,56.50,49.41,38.14
493.37,35.15,21.19,22.80,21.46,98.26,56.50,49.41,38.14
493.38,35.08,21.16,22.80,21.49,98.26,56.50,49.41,38.14
493.39,35.08,21.16,22.80,21.46,98.26,56.50,49.41,38.14
493.40,35.15,21.19,22.80,21.46,98.26,56.64,49.52,38.14
493.41,35.15,21.16,22.80,21.46,98.64,56.64,49.41,38.14
493.42,35.15,21.16,22.80,21.49,98.26,56.64,49.41,38.14
493.43,35.08,21.16,22.80,21.49,97.88,56.50,49.41,38.14
493.44,35.08,21.16,22.80,21.46,98.26,56.64,49.52,38.14
493.45,35.15,21.19,22.83,21.49,98.26,56.50,49.41,38.14
493.46,35.15,21.19,22.83,21.46,98.26,56.64,49.41,38.14
493.47,35.08,21.19,22.80,21.46,98.26,56.64,49.41,38.14
493.48,35.15,21.16,22.80,21.49,98.26,56.50,49.41,38.14
493.49,35.15,21.16,22.83,21.49,98.26,56.64,49.41,38.14
493.50,35.15,21.19,22.80,21.46,98.26,56.50,49.41,38.14
493.51,35.15,21.19,22.83,21.46,98.26,56.64,49.52,38.14
493.52,35.15,21.16,22.80,21.46,98.26,56.64,49.41,38.14
493.53,35.15,21.16,22.80,21.46,98.26,56.64,49.41,38.21
493.54,35.15,21.16,22.80,21.46,98.26,56.64,49.41,38.14
493.55,35.15,21.19,22.80,21.46,98.26,56.64,49.52,38.14
493.56,35.15,21.19,22.80,21.46,98.26,56.64,49.41,38.14
493.57,35.15,21.16,22.80,21.46,98.26,56.50,49.41,38.14
493.58,35.15,21.16,22.80,21.49,98.26,56.50,49.52,38.14
493.59,35.15,21.19,22.80,21.49,98.26,56.78,49.41,38.14
493.60,35.21,21.19,22.83,21.46,98.26,56.64,49.41,38.21
493.61,35.15,21.19,22.83,21.46,98.26,56.64,49.52,38.14
493.62,35.08,21.16,22.80,21.46,98.26,56.50,49.41,38.14
493.63,35.15,21.16,22.80,21.49,98.26,56.64,49.41,38.14
493.64,35.21,21.16,22.80,21.46,98.26,56.50,49.41,38.14
493.65,35.15,21.19,22.83,21.49,98.26,56.64,49.41,38.14
493.66,35.15,21.16,22.80,21.49,98.26,56.64,49.41,38.14
493.67,35.08,21.16,22.80,21.46,98.26,56.50,49.41,38.14
493.68,35.15,21.16,22.80,21.46,98.26,56.50,49.41,38.14
493.69,35.08,21.16,22.80,21.46,98.26,56.50,49.52,38.14
493.70,35.21,21.19,22.80,21.49,98.26,56.50,49.41,38.14
493.71,35.15,21.16,22.80,21.46,98.26,56.64,49.41,38.14
493.72,35.21,21.16,22.80,21.46,98.26,56.64,49.41,38.14
493.73,35.15,21.16,22.80,21.46,97.88,56.50,49.41,38.14
493.74,35.08,21.16,22.80,21.46,98.26,56.50,49.41,38.14
493.75,35.08,21.16,22.83,21.46,98.26,56.64,49.41,38.14
493.76,35.21,21.19,22.83,21.49,98.26,56.64,49.41,38.14
493.77,35.21,21.16,22.80,21.49,98.26,56.64,49.41,38.06
493.78,35.08,21.16,22.80,21.46,98.26,56.64,49.41,38.14
493.79,35.08,21.16,22.80,21.49,98.26,56.64,49.41,38.14
493.80,35.15,21.16,22.80,21.49,98.26,56.50,49.41,38.14
493.81,35.15,21.19,22.83,21.49,98.26,56.64,49.41,38.14
493.82,35.08,21.16,22.80,21.46,98.26,56.50,49.41,38.14
493.83,35.08,21.16,22.76,21.46,98.26,56.50,49.41,38.14
493.84,35.15,21.16,22.80,21.46,98.26,56.50,49.41,38.14
493.85,35.08,21.16,22.80,21.49,98.26,56.64,49.41,38.14
493.86,35.15,21.19,22.80,21.46,98.26,56.50,49.52,38.14
493.87,35.15,21.16,22.80,21.46,98.26,56.50,49.41,38.14
493.88,35.15,21.16,22.80,21.46,98.26,56.50,49.41,38.14
493.89,35.15,21.16,22.80,21.49,98.26,56.50,49.41,38.14
493.90,35.15,21.16,22.80,21.46,98.26,56.50,49.41,38.14
493.91,35.15,21.16,22.80,21.46,98.26,56.50,49.41,38.14
493.92,35.21,21.16,22.80,21.49,98.26,56.50,49.41,38.06
493.93,35.15,21.16,22.80,21.46,97.88,56.50,49.30,38.14
493.94,35.15,21.16,22.80,21.49,98.26,56.50,49.41,38.14
493.95,35.21,21.19,22.80,21.46,98.26,56.64,49.41,38.21
493.96,35.15,21.19,22.80,21.46,98.26,56.50,49.41,38.14
493.97,35.08,21.16,22.80,21.46,98.26,56.50,49.41,38.14
493.98,35.15,21.13,22.76,21.49,98.26,56.50,49.41,38.14
493.99,35.15,21.16,22.80,21.49,98.26,56.50,49.41,38.14
494.00,35.15,21.19,22.80,21.49,98.26,56.64,49.52,38.21
494.01,35.15,21.19,22.80,21.49,98.26,56.64,49.52,38.14
494.02,35.15,21.16,22.80,21.49,98.26,56.50,49.41,38.14
494.03,35.08,21.16,22.76,21.49,98.26,56.64,49.41,38.14
494.04,35.08,21.16,22.80,21.46,98.26,56.64,49.41,38.14
494.05,35.21,21.19,22.80,21.49,98.26,56.50,49.41,38.14
494.06,35.21,21.19,22.80,21.46,98.26,56.50,49.41,38.14
494.07,35.08,21.16,22.80,21.46,98.26,56.50,49.41,38.14
494.08,35.15,21.13,22.80,21.46,98.26,56.50,49.41,38.14
494.09,35.15,21.13,22.80,21.49,98.26,56.50,49.41,38.14
494.10,35.15,21.16,22.80,21.49,98.26,56.64,49.41,38.21
494.11,35.15,21.19,22.80,21.46,98.26,56.64,49.30,38.21
494.12,35.15,21.16,22.80,21.46,98.26,56.50,49.41,38.14
494.13,35.15,21.16,22.76,21.46,98.26,56.50,49.41,38.14
494.14,35.15,21.16,22.80,21.49,98.26,56.50,49.41,38.14
494.15,35.08,21.16,22.80,21.49,98.26,56.50,49.41,38.14
494.16,35.15,21.19,22.80,21.46,98.26,56.64,49.41,38.14
494.17,35.15,21.19,22.80,21.46,98.26,56.50,49.41,38.14
494.18,35.15,21.16,22.80,21.46,98.26,56.50,49.41,38.14
494.19,35.08,21.16,22.80,21.46,98.26,56.64,49.41,38.14
494.20,35.21,21.19,22.80,21.49,98.26,56.64,49.41,38.14
494.21,35.15,21.16,22.80,21.49,98.26,56.64,49.41,38.14
494.22,35.15,21.16,22.80,21.49,98.26,56.64,49.41,38.21
494.23,35.08,21.16,22.80,21.46,98.26,56.50,49.41,38.14
494.24,35.08,21.16,22.80,21.49,98.26,56.50,49.41,38.14
494.25,35.15,21.19,22.80,21.46,98.26,56.64,49.41,38.14
494.26,35.08,21.16,22.80,21.46,98.26,56.64,49.52,38.14
494.27,35.08,21.16,22.80,21.46,98.26,56.50,49.52,38.14
494.28,35.08,21.13,22.76,21.46,98.26,56.50,49.41,38.14
494.29,35.08,21.16,22.80,21.49,98.26,56.50,49.41,38.14
494.30,35.15,21.16,22.80,21.49,98.26,56.64,49.41,38.14
494.31,35.21,21.16,22.80,21.46,98.26,56.50,49.41,38.14
494.32,35.15,21.19,22.80,21.49,98.26,56.64,49.41,38.14
494.33,35.21,21.13,22.76,21.46,97.88,56.50,49.41,38.21
494.34,35.15,21.19,22.80,21.49,98.26,56.64,49.41,38.14
494.35,35.15,21.19,22.80,21.46,98.26,56.64,49.41,38.14
494.36,35.15,21.16,22.80,21.46,98.26,56.50,49.41,38.14
494.37,35.08,21.16,22.80,21.46,97.88,56.50,49.41,38.14
494.38,35.15,21.16,22.80,21.46,97.88,56.50,49.41,38.21
494.39,35.15,21.16,22.80,21.46,98.26,56.50,49.41,38.14
494.40,35.21,21.16,22.80,21.46,98.26,56.64,49.41,38.21
494.41,35.15,21.16,22.80,21.49,98.26,56.50,49.41,38.14
494.42,35.08,21.13,22.80,21.46,98.26,56.64,49.41,38.21
494.43,35.15,21.16,22.80,21.49,98.26,56.35,49.41,38.14
494.44,35.08,21.16,22.80,21.46,98.26,56.64,49.41,38.21
494.45,35.15,21.19,22.80,21.49,98.26,56.50,49.52,38.14
494.46,35.15,21.19,22.80,21.49,98.26,56.64,49.41,38.14
494.47,35.15,21.16,22.80,21.46,98.26,56.50,49.41,38.14
494.48,35.15,21.16,22.76,21.49,98.26,56.50,49.41,38.14
494.49,35.08,21.16,22.80,21.46,98.26,56.64,49.41,38.21
494.50,35.15,21.16,22.80,21.49,98.26,56.64,49.41,38.21
494.51,35.08,21.19,22.80,21.46,98.26,56.50,49.41,38.14
494.52,35.15,21.16,22.80,21.46,98.26,56.64,49.41,38.14
494.53,35.08,21.16,22.80,21.46,98.26,56.64,49.41,38.14
494.54,35.08,21.16,22.80,21.46,98.26,56.50,49.41,38.14
494.55,35.08,21.19,22.80,21.49,98.26,56.64,49.52,38.14
494.56,35.01,21.16,22.80,21.49,98.26,56.50,49.41,38.14
494.57,35.08,21.16,22.80,21.46,98.26,56.64,49.41,38.14
494.58,35.01,21.13,22.80,21.49,98.26,56.50,49.41,38.14
494.59,35.08,21.16,22.80,21.46,98.26,56.50,49.41,38.14
494.60,35.15,21.19,22.76,21.49,98.26,56.64,49.41,38.21
494.61,35.21,21.19,22.80,21.46,98.26,56.50,49.41,38.14
494.62,35.15,21.16,22.80,21.49,98.26,56.64,49.41,38.21
494.63,35.08,21.13,22.80,21.46,98.26,56.50,49.41,38.14
494.64,35.15,21.16,22.80,21.49,98.26,56.64,49.41,38.14
494.65,35.15,21.16,22.80,21.49,98.64,56.50,49.52,38.14
494.66,35.15,21.16,22.80,21.46,98.26,56.64,49.41,38.21
494.67,35.15,21.16,22.80,21.49,98.26,56.50,49.41,38.14
494.68,35.08,21.16,22.80,21.49,98.26,56.64,49.41,38.21
494.69,35.15,21.19,22.80,21.49,98.26,56.50,49.52,38.21
494.70,35.15,21.16,22.80,21.46,98.26,56.50,49.41,38.21
494.71,35.15,21.19,22.80,21.46,98.26,56.50,49.41,38.14
494.72,35.08,21.16,22.80,21.46,98.26,56.64,49.41,38.14
494.73,35.08,21.16,22.76,21.49,98.26,56.64,49.41,38.14
494.74,35.21,21.16,22.80,21.49,98.26,56.64,49.41,38.14
494.75,35.15,21.16,22.80,21.46,98.26,56.50,49.41,38.21
494.76,35.21,21.16,22.80,21.49,98.26,56.50,49.41,38.14
494.77,35.15,21.16,22.80,21.46,98.26,56.50,49.41,38.14
494.78,35.15,21.16,22.80,21.46,98.26,56.50,49.41,38.21
494.79,35.08,21.16,22.80,21.49,98.26,56.64,49.41,38.14
494.80,35.21,21.16,22.80,21.46,98.26,56.64,49.41,38.21
494.81,35.15,21.16,22.83,21.49,98.26,56.64,49.52,38.14
494.82,35.15,21.16,22.80,21.49,98.26,56.50,49.41,38.21
494.83,35.08,21.16,22.80,21.46,98.26,56.50,49.41,38.14
494.84,35.15,21.16,22.80,21.46,98.26,56.64,49.52,38.21
494.85,35.15,21.19,22.83,21.46,98.26,56.64,49.52,38.21
494.86,35.08,21.19,22.80,21.46,98.26,56.50,49.41,38.14
494.87,35.15,21.16,22.80,21.49,98.26,56.50,49.41,38.14
494.88,35.08,21.16,22.80,21.46,98.26,56.64,49.41,38.21
494.89,35.15,21.16,22.80,21.49,98.26,56.50,49.41,38.21
494.90,35.15,21.16,22.80,21.49,98.26,56.50,49.41,38.21
494.91,35.15,21.16,22.80,21.49,98.26,56.64,49.41,38.21
494.92,35.15,21.16,22.80,21.46,98.26,56.50,49.41,38.14
494.93,35.08,21.16,22.80,21.49,98.26,56.64,49.41,38.21
494.94,35.15,21.16,22.80,21.49,98.26,56.50,49.41,38.14
494.95,35.21,21.19,22.83,21.49,98.26,56.50,49.41,38.14
494.96,35.21,21.19,22.83,21.49,98.26,56.64,49.41,38.14
494.97,35.15,21.16,22.80,21.49,98.26,56.64,49.41,38.21
494.98,35.15,21.16,22.80,21.49,98.26,56.64,49.41,38.21
494.99,35.15,21.19,22.80,21.49,98.26,56.50,49.52,38.14
495.00,35.15,21.19,22.80,21.49,98.26,56.64,49.41,38.21
495.01,35.15,21.19,22.80,21.49,98.26,56.64,49.41,38.14
495.02,35.15,21.16,22.80,21.46,98.26,56.64,49.52,38.21
495.03,35.15,21.16,22.80,21.49,98.26,56.50,49.41,38.21
495.04,35.21,21.16,22.80,21.49,98.26,56.50,49.41,38.21
495.05,35.15,21.16,22.80,21.49,98.26,56.50,49.52,38.21
495.06,35.21,21.16,22.80,21.49,98.26,56.64,49.41,38.14
495.07,35.15,21.16,22.80,21.49,98.26,56.50,49.41,38.14
495.08,35.15,21.16,22.80,21.49,98.26,56.50,49.41,38.14
495.09,35.15,21.16,22.83,21.49,98.26,56.64,49.41,38.14
495.10,35.15,21.19,22.83,21.49,98.26,56.64,49.41,38.21
495.11,35.21,21.16,22.80,21.46,98.26,56.50,49.52,38.14
495.12,35.21,21.16,22.80,21.49,98.26,56.64,49.41,38.21
495.13,35.15,21.16,22.80,21.46,98.26,56.64,49.41,38.21
495.14,35.15,21.19,22.80,21.49,98.26,56.50,49.41,38.14
495.15,35.21,21.19,22.83,21.46,98.26,56.64,49.52,38.21
495.16,35.08,21.16,22.80,21.49,98.26,56.50,49.52,38.14
495.17,35.08,21.16,22.80,21.49,98.26,56.50,49.52,38.21
495.18,35.08,21.16,22.80,21.46,98.26,56.64,49.41,38.21
495.19,35.15,21.16,22.83,21.46,98.26,56.64,49.41,38.21
495.20,35.15,21.19,22.83,21.49,98.26,56.64,49.52,38.21
495.21,35.15,21.19,22.80,21.49,98.26,56.64,49.52,38.14
495.22,35.08,21.16,22.80,21.49,98.26,56.50,49.52,38.21
495.23,35.15,21.16,22.80,21.49,98.26,56.64,49.41,38.21
495.24,35.21,21.19,22.80,21.46,98.26,56.64,49.52,38.14
495.25,35.15,21.19,22.83,21.49,98.26,56.64,49.41,38.21
495.26,35.15,21.16,22.83,21.49,98.26,56.64,49.41,38.21
495.27,35.08,21.16,22.80,21.49,98.26,56.64,49.52,38.21
495.28,35.15,21.16,22.80,21.46,98.26,56.64,49.41,38.21
495.29,35.15,21.16,22.83,21.49,98.26,56.50,49.52,38.14
495.30,35.15,21.23,22.83,21.46,98.64,56.64,49.52,38.14
495.31,35.21,21.16,22.83,21.46,98.26,56.64,49.41,38.21
495.32,35.21,21.19,22.80,21.49,98.26,56.64,49.41,38.21
495.33,35.15,21.16,22.80,21.46,98.26,56.50,49.52,38.21
495.34,35.15,21.16,22.83,21.46,98.26,56.50,49.41,38.21
495.35,35.15,21.19,22.83,21.49,98.26,56.64,49.52,38.21
495.36,35.21,21.19,22.83,21.49,98.26,56.50,49.41,38.14
495.37,35.15,21.19,22.80,21.49,98.26,56.64,49.41,38.21
495.38,35.08,21.16,22.83,21.49,98.26,56.64,49.52,38.21
495.39,35.15,21.16,22.83,21.49,98.26,56.50,49.52,38.21
495.40,35.15,21.19,22.83,21.49,98.26,56.64,49.52,38.21
495.41,35.21,21.19,22.80,21.49,98.26,56.50,49.52,38.21
495.42,35.21,21.19,22.83,21.49,98.26,56.64,49.52,38.21
495.43,35.15,21.16,22.80,21.49,98.26,56.64,49.52,38.21
495.44,35.15,21.16,22.83,21.49,98.26,56.50,49.52,38.06
495.45,35.15,21.19,22.83,21.49,98.26,56.64,49.52,38.28
495.46,35.15,21.19,22.83,21.46,98.26,56.64,49.52,38.06
495.47,35.15,21.16,22.80,21.49,98.26,56.64,49.52,38.21
495.48,35.15,21.16,22.80,21.49,98.64,56.64,49.52,38.21
495.49,35.15,21.19,22.83,21.49,98.26,56.64,49.52,38.21
495.50,35.15,21.19,22.83,21.46,98.26,56.64,49.52,38.21
495.51,35.15,21.19,22.83,21.49,98.26,56.64,49.41,38.14
495.52,35.15,21.19,22.83,21.49,98.26,56.64,49.52,38.21
495.53,35.15,21.16,22.83,21.49,98.26,56.64,49.52,38.21
495.54,35.21,21.19,22.83,21.49,98.26,56.64,49.52,38.21
495.55,35.21,21.19,22.83,21.46,98.26,56.64,49.52,38.21
495.56,35.21,21.19,22.83,21.49,98.26,56.64,49.52,38.14
495.57,35.08,21.16,22.83,21.49,98.26,56.64,49.52,38.21
495.58,35.28,21.19,22.83,21.49,98.26,56.64,49.52,38.21
495.59,35.15,21.19,22.80,21.49,98.64,56.64,49.52,38.21
495.60,35.28,21.19,22.83,21.49,98.26,56.64,49.52,38.21
495.61,35.15,21.19,22.83,21.49,98.26,56.50,49.41,38.21
495.62,35.21,21.19,22.80,21.49,98.26,56.64,49.41,38.21
495.63,35.21,21.19,22.83,21.49,98.64,56.64,49.52,38.21
495.64,35.15,21.19,22.83,21.49,98.26,56.64,49.52,38.21
495.65,35.15,21.23,22.83,21.49,98.64,56.64,49.52,38.21
495.66,35.15,21.19,22.83,21.49,98.26,56.64,49.41,38.21
495.67,35.15,21.19,22.83,21.49,98.64,56.64,49.52,38.14
495.68,35.15,21.19,22.83,21.49,97.88,56.64,49.52,38.21
495.69,35.15,21.19,22.83,21.49,98.26,56.64,49.52,38.21
495.70,35.21,21.19,22.83,21.49,98.26,56.64,49.52,38.21
495.71,35.21,21.19,22.83,21.49,98.26,56.64,49.41,38.21
495.72,35.15,21.19,22.83,21.49,98.64,56.64,49.52,38.21
495.73,35.21,21.19,22.80,21.49,98.26,56.64,49.41,38.21
495.74,35.15,21.19,22.83,21.49,98.64,56.64,49.52,38.21
495.75,35.21,21.19,22.83,21.49,98.26,56.64,49.52,38.21
495.76,35.15,21.19,22.83,21.49,98.26,56.64,49.52,38.21
495.77,35.15,21.16,22.83,21.49,98.26,56.64,49.52,38.21
495.78,35.15,21.19,22.83,21.49,98.26,56.64,49.41,38.21
495.79,35.15,21.19,22.83,21.49,98.64,56.64,49.52,38.21
495.80,35.15,21.19,22.83,21.49,98.26,56.64,49.52,38.21
495.81,35.21,21.19,22.87,21.49,98.26,56.50,49.52,38.21
495.82,35.21,21.19,22.83,21.49,98.26,56.50,49.52,38.21
495.83,35.15,21.19,22.83,21.49,98.26,56.64,49.52,38.21
495.84,35.21,21.19,22.83,21.49,98.26,56.64,49.52,38.21
495.85,35.15,21.19,22.83,21.49,98.64,56.64,49.52,38.21
495.86,35.21,21.19,22.83,21.49,98.64,56.64,49.52,38.21
495.87,35.15,21.16,22.83,21.49,98.26,56.64,49.52,38.21
495.88,35.15,21.19,22.83,21.49,98.64,56.64,49.52,38.21
495.89,35.15,21.19,22.83,21.49,98.26,56.64,49.52,38.21
495.90,35.21,21.19,22.83,21.49,98.26,56.64,49.52,38.21
495.91,35.15,21.19,22.83,21.49,98.26,56.64,49.52,38.28
495.92,35.21,21.19,22.83,21.49,98.26,56.64,49.41,38.21
495.93,35.15,21.19,22.83,21.49,98.26,56.64,49.52,38.21
495.94,35.21,21.19,22.83,21.49,98.26,56.64,49.52,38.21
495.95,35.21,21.23,22.83,21.49,98.26,56.64,49.52,38.21
495.96,35.15,21.19,22.83,21.49,98.26,56.64,49.41,38.21
495.97,35.15,21.19,22.83,21.49,98.26,56.64,49.52,38.21
495.98,35.21,21.16,22.83,21.49,98.26,56.64,49.52,38.21
495.99,35.21,21.23,22.83,21.49,98.64,56.64,49.41,38.21
496.00,35.21,21.23,22.83,21.49,98.64,56.64,49.52,38.21
496.01,35.21,21.19,22.83,21.49,98.26,56.64,49.52,38.21
496.02,35.21,21.19,22.83,21.49,98.26,56.50,49.52,38.21
496.03,35.28,21.23,22.83,21.49,98.26,56.64,49.52,38.21
496.04,35.15,21.19,22.83,21.49,98.64,56.64,49.52,38.21
496.05,35.21,21.19,22.87,21.49,98.26,56.50,49.52,38.21
496.06,35.15,21.19,22.83,21.49,98.26,56.64,49.52,38.21
496.07,35.15,21.19,22.83,21.49,98.26,56.50,49.52,38.14
496.08,35.21,21.19,22.83,21.49,98.64,56.64,49.52,38.14
496.09,35.21,21.19,22.83,21.49,98.64,56.64,49.64,38.21
496.10,35.15,21.23,22.87,21.49,98.26,56.64,49.52,38.21
496.11,35.15,21.19,22.83,21.49,98.26,56.50,49.52,38.21
496.12,35.21,21.19,22.83,21.49,98.26,56.64,49.52,38.21
496.13,35.15,21.19,22.80,21.49,98.26,56.64,49.52,38.28
496.14,35.15,21.19,22.83,21.49,98.64,56.64,49.52,38.28
496.15,35.21,21.19,22.87,21.49,98.64,56.64,49.52,38.21
496.16,35.15,21.19,22.83,21.49,98.26,56.64,49.52,38.21
496.17,35.21,21.19,22.83,21.49,98.26,56.64,49.52,38.21
496.18,35.15,21.19,22.83,21.49,98.64,56.64,49.52,38.21
496.19,35.21,21.19,22.83,21.49,98.64,56.50,49.52,38.21
496.20,35.15,21.19,22.87,21.49,98.64,56.64,49.52,38.21
496.21,35.21,21.19,22.83,21.49,98.64,56.64,49.52,38.21
496.22,35.15,21.19,22.83,21.49,98.26,56.64,49.52,38.21
496.23,35.21,21.19,22.83,21.49,98.26,56.50,49.52,38.21
496.24,35.28,21.23,22.83,21.49,98.64,56.78,49.52,38.21
496.25,35.21,21.23,22.83,21.49,98.26,56.64,49.52,38.21
496.26,35.28,21.19,22.87,21.49,98.64,56.64,49.52,38.21
496.27,35.15,21.19,22.83,21.49,98.26,56.64,49.52,38.21
496.28,35.15,21.19,22.83,21.49,98.26,56.64,49.52,38.21
496.29,35.21,21.19,22.83,21.49,98.26,56.64,49.52,38.21
496.30,35.21,21.19,22.87,21.49,98.26,56.64,49.52,38.21
496.31,35.21,21.19,22.87,21.49,98.26,56.64,49.52,38.21
496.32,35.15,21.16,22.83,21.49,98.26,56.64,49.52,38.28
496.33,35.15,21.19,22.83,21.49,98.26,56.64,49.52,38.21
496.34,35.21,21.19,22.87,21.49,98.26,56.64,49.52,38.21
496.35,35.21,21.23,22.87,21.49,98.26,56.64,49.52,38.21
496.36,35.21,21.19,22.83,21.49,98.26,56.64,49.52,38.21
496.37,35.21,21.19,22.83,21.49,98.26,56.64,49.52,38.21
496.38,35.28,21.19,22.83,21.49,98.64,56.64,49.52,38.21
496.39,35.28,21.19,22.83,21.49,98.26,56.64,49.52,38.21
496.40,35.21,21.19,22.87,21.49,98.64,56.64,49.52,38.21
496.41,35.15,21.19,22.83,21.49,98.26,56.64,49.41,38.21
496.42,35.15,21.19,22.83,21.49,98.26,56.64,49.52,38.21
496.43,35.15,21.19,22.83,21.49,98.26,56.64,49.52,38.21
496.44,35.21,21.19,22.83,21.49,98.64,56.64,49.52,38.21
496.45,35.21,21.19,22.83,21.49,98.64,56.64,49.52,38.21
496.46,35.21,21.19,22.83,21.49,98.26,56.64,49.52,38.21
496.47,35.21,21.19,22.83,21.49,98.64,56.50,49.52,38.21
496.48,35.15,21.19,22.83,21.49,98.26,56.64,49.41,38.21
496.49,35.15,21.19,22.83,21.49,98.64,56.64,49.52,38.14
496.50,35.21,21.19,22.87,21.49,98.26,56.64,49.52,38.21
496.51,35.21,21.19,22.87,21.49,98.64,56.64,49.52,38.21
496.52,35.15,21.16,22.83,21.49,98.64,56.64,49.52,38.21
496.53,35.21,21.19,22.83,21.49,98.26,56.64,49.52,38.21
496.54,35.15,21.19,22.83,21.49,98.26,56.64,49.52,38.21
496.55,35.21,21.19,22.83,21.49,98.26,56.64,49.52,38.21
496.56,35.21,21.19,22.83,21.49,98.26,56.64,49.52,38.21
496.57,35.21,21.16,22.87,21.49,98.26,56.64,49.52,38.21
496.58,35.15,21.19,22.87,21.49,98.26,56.64,49.41,38.21
496.59,35.15,21.16,22.83,21.46,98.64,56.64,49.41,38.21
496.60,35.28,21.23,22.87,21.49,98.64,56.64,49.52,38.28
496.61,35.21,21.19,22.83,21.49,98.26,56.64,49.52,38.21
496.62,35.15,21.19,22.83,21.49,98.26,56.50,49.52,38.21
496.63,35.15,21.19,22.83,21.49,98.26,56.64,49.52,38.21
496.64,35.15,21.19,22.83,21.49,98.26,56.64,49.52,38.21
496.65,35.21,21.19,22.83,21.49,98.64,56.64,49.52,38.21
496.66,35.15,21.19,22.83,21.49,98.26,56.50,49.52,38.21
496.67,35.21,21.19,22.83,21.49,98.26,56.50,49.52,38.14
496.68,35.21,21.19,22.83,21.49,98.26,56.92,49.52,38.28
496.69,35.21,21.19,22.83,21.49,98.64,56.50,49.52,38.14
496.70,35.21,21.19,22.83,21.49,98.64,56.64,49.52,38.28
496.71,35.21,21.19,22.83,21.49,98.26,56.64,49.41,38.21
496.72,35.15,21.19,22.83,21.49,98.26,56.64,49.52,38.21
496.73,35.15,21.19,22.83,21.49,98.26,56.64,49.41,38.21
496.74,35.21,21.19,22.87,21.49,98.26,56.64,49.52,38.21
496.75,35.21,21.23,22.83,21.49,98.26,56.64,49.52,38.21
496.76,35.15,21.19,22.83,21.49,98.64,56.64,49.52,38.21
496.77,35.15,21.19,22.83,21.49,98.26,56.64,49.52,38.21
496.78,35.15,21.19,22.83,21.49,98.26,56.64,49.52,38.21
496.79,35.21,21.19,22.87,21.49,98.26,56.64,49.41,38.21
496.80,35.15,21.19,22.83,21.49,98.26,56.64,49.52,38.21
496.81,35.21,21.19,22.83,21.49,98.26,56.64,49.52,38.21
496.82,35.15,21.19,22.83,21.49,98.26,56.64,49.52,38.21
496.83,35.15,21.19,22.83,21.49,98.26,56.64,49.52,38.21
496.84,35.21,21.19,22.83,21.49,98.26,56.64,49.52,38.21
496.85,35.21,21.19,22.87,21.49,98.26,56.64,49.52,38.21
496.86,35.15,21.19,22.80,21.49,98.26,56.64,49.52,38.21
496.87,35.15,21.19,22.83,21.49,98.26,56.64,49.52,38.21
496.88,35.15,21.19,22.87,21.49,98.26,56.64,49.52,38.21
496.89,35.21,21.19,22.87,21.49,98.26,56.64,49.52,38.21
496.90,35.28,21.19,22.87,21.49,98.64,56.64,49.52,38.21
496.91,35.28,21.19,22.87,21.49,98.26,56.64,49.52,38.21
496.92,35.15,21.16,22.83,21.49,98.26,56.64,49.52,38.21
496.93,35.15,21.19,22.83,21.49,98.64,56.64,49.64,38.21
496.94,35.15,21.19,22.87,21.49,98.64,56.50,49.41,38.21
496.95,35.21,21.19,22.83,21.49,98.26,56.64,49.64,38.21
496.96,35.15,21.19,22.83,21.49,98.26,56.64,49.64,38.21
496.97,35.15,21.16,22.83,21.49,98.26,56.64,49.41,38.21
496.98,35.21,21.19,22.87,21.49,98.26,56.64,49.52,38.21
496.99,35.15,21.19,22.87,21.49,98.64,56.64,49.52,38.21
497.00,35.21,21.19,22.87,21.49,98.26,56.64,49.52,38.21
497.01,35.21,21.16,22.87,21.49,98.26,56.64,49.52,38.21
497.02,35.21,21.16,22.83,21.49,98.64,56.64,49.52,38.14
497.03,35.15,21.19,22.83,21.49,98.26,56.64,49.52,38.21
497.04,35.21,21.19,22.87,21.49,98.26,56.64,49.52,38.21
497.05,35.21,21.19,22.87,21.49,98.64,56.64,49.52,38.21
497.06,35.15,21.19,22.83,21.49,98.26,56.64,49.52,38.21
497.07,35.21,21.19,22.83,21.49,98.26,56.50,49.52,38.21
497.08,35.21,21.19,22.83,21.49,98.64,56.64,49.52,38.21
497.09,35.21,21.19,22.87,21.49,98.26,56.64,49.52,38.21
497.10,35.15,21.19,22.87,21.49,98.26,56.64,49.52,38.21
497.11,35.21,21.19,22.83,21.49,98.26,56.64,49.41,38.21
497.12,35.15,21.19,22.83,21.49,98.26,56.64,49.52,38.21
497.13,35.21,21.16,22.87,21.49,98.26,56.64,49.52,38.21
497.14,35.15,21.19,22.87,21.49,98.64,56.35,49.64,38.21
497.15,35.21,21.19,22.87,21.49,98.26,56.64,49.52,38.21
497.16,35.15,21.19,22.83,21.49,98.64,56.64,49.52,38.21
497.17,35.15,21.16,22.83,21.49,98.64,56.64,49.52,38.21
497.18,35.15,21.16,22.83,21.49,98.64,56.64,49.52,38.21
497.19,35.21,21.19,22.83,21.49,98.26,56.64,49.52,38.21
497.20,35.21,21.19,22.87,21.49,98.26,56.64,49.52,38.21
497.21,35.15,21.19,22.83,21.49,98.26,56.64,49.41,38.21
497.22,35.15,21.16,22.83,21.49,98.26,56.50,49.52,38.21
497.23,35.21,21.16,22.83,21.49,98.26,56.50,49.52,38.21
497.24,35.15,21.19,22.83,21.49,98.26,56.64,49.52,38.21
497.25,35.21,21.19,22.83,21.49,98.26,56.64,49.52,38.21
497.26,35.21,21.19,22.83,21.49,98.26,56.50,49.41,38.21
497.27,35.15,21.16,22.83,21.49,98.26,56.64,49.41,38.21
497.28,35.21,21.19,22.83,21.49,98.64,56.64,49.52,38.28
497.29,35.21,21.19,22.87,21.49,98.64,56.64,49.52,38.21
497.30,35.15,21.19,22.87,21.49,98.64,56.64,49.52,38.21
497.31,35.21,21.19,22.83,21.46,98.26,56.64,49.52,38.21
497.32,35.15,21.19,22.83,21.49,98.64,56.50,49.52,38.21
497.33,35.15,21.13,22.83,21.49,98.64,56.64,49.52,38.06
497.34,35.21,21.19,22.87,21.49,98.64,56.64,49.52,38.21
497.35,35.15,21.19,22.87,21.49,98.64,56.64,49.52,38.21
497.36,35.15,21.16,22.83,21.49,98.26,56.64,49.52,38.21
497.37,35.15,21.16,22.83,21.49,98.26,56.64,49.52,38.21
497.38,35.21,21.19,22.83,21.49,98.26,56.64,49.52,38.21
497.39,35.21,21.19,22.83,21.49,98.26,56.64,49.52,38.21
497.40,35.21,21.19,22.83,21.49,98.64,56.64,49.52,38.21
497.41,35.15,21.16,22.83,21.49,98.26,56.64,49.52,38.21
497.42,35.15,21.16,22.83,21.49,98.64,56.64,49.52,38.21
497.43,35.15,21.16,22.83,21.49,98.26,56.50,49.52,38.21
497.44,35.21,21.19,22.83,21.49,98.26,56.64,49.52,38.21
497.45,35.21,21.16,22.87,21.49,98.64,56.64,49.52,38.21
497.46,35.21,21.16,22.83,21.49,98.26,56.64,49.52,38.21
497.47,35.15,21.16,22.83,21.49,98.26,56.64,49.52,38.21
497.48,35.15,21.19,22.83,21.49,98.26,56.50,49.52,38.21
497.49,35.21,21.19,22.87,21.49,98.26,56.64,49.52,38.21
497.50,35.21,21.19,22.83,21.49,98.64,56.64,49.52,38.21
497.51,35.15,21.19,22.83,21.49,98.26,56.64,49.52,38.28
497.52,35.21,21.16,22.83,21.49,98.26,56.64,49.52,38.21
497.53,35.15,21.16,22.83,21.49,98.26,56.64,49.52,38.21
497.54,35.15,21.16,22.83,21.49,98.26,56.64,49.52,38.21
497.55,35.21,21.19,22.87,21.49,98.64,56.64,49.52,38.21
497.56,35.15,21.16,22.83,21.49,98.26,56.50,49.52,38.21
497.57,35.21,21.16,22.83,21.49,98.26,56.64,49.52,38.21
497.58,35.15,21.19,22.83,21.49,98.26,56.64,49.41,38.21
497.59,35.21,21.19,22.87,21.49,98.26,56.64,49.52,38.21
497.60,35.21,21.19,22.83,21.49,98.26,56.64,49.52,38.21
497.61,35.15,21.16,22.83,21.49,98.26,56.64,49.41,38.21
497.62,35.15,21.16,22.83,21.49,98.26,56.64,49.41,38.21
497.63,35.15,21.16,22.83,21.49,98.64,56.64,49.52,38.21
497.64,35.15,21.19,22.83,21.49,98.26,56.50,49.52,38.21
497.65,35.15,21.19,22.83,21.49,98.26,56.64,49.52,38.21
497.66,35.15,21.16,22.83,21.49,98.26,56.50,49.52,38.21
497.67,35.15,21.16,22.80,21.49,98.26,56.64,49.52,38.21
497.68,35.15,21.16,22.83,21.49,98.26,56.50,49.52,38.21
497.69,35.21,21.19,22.87,21.49,98.26,56.64,49.52,38.21
497.70,35.15,21.19,22.83,21.49,98.26,56.64,49.52,38.28
497.71,35.15,21.16,22.83,21.49,98.26,56.64,49.52,38.21
497.72,35.15,21.16,22.83,21.49,98.26,56.64,49.41,38.21
497.73,35.21,21.16,22.83,21.49,98.26,56.64,49.52,38.21
497.74,35.15,21.19,22.83,21.49,98.26,56.64,49.41,38.21
497.75,35.15,21.19,22.83,21.49,98.26,56.64,49.52,38.21
497.76,35.15,21.16,22.83,21.49,98.26,56.50,49.52,38.21
497.77,35.15,21.16,22.83,21.49,98.26,56.64,49.41,38.21
497.78,35.15,21.13,22.83,21.49,98.26,56.50,49.41,38.28
497.79,35.15,21.19,22.83,21.49,98.26,56.64,49.52,38.21
497.80,35.15,21.19,22.87,21.49,98.26,56.64,49.52,38.28
497.81,35.15,21.16,22.83,21.49,98.64,56.64,49.41,38.21
497.82,35.15,21.13,22.83,21.49,98.26,56.50,49.52,38.28
497.83,35.21,21.19,22.80,21.49,98.26,56.78,49.41,38.21
497.84,35.21,21.13,22.83,21.49,98.26,56.64,49.52,38.21
497.85,35.21,21.16,22.83,21.49,98.26,56.64,49.52,38.21
497.86,35.15,21.19,22.80,21.49,98.26,56.50,49.41,38.21
497.87,35.21,21.16,22.83,21.49,98.26,56.50,49.52,38.21
497.88,35.15,21.16,22.83,21.49,98.26,56.64,49.52,38.21
497.89,35.28,21.19,22.83,21.49,98.26,56.64,49.52,38.28
497.90,35.21,21.19,22.83,21.49,98.64,56.64,49.52,38.21
497.91,35.15,21.16,22.83,21.49,98.26,56.64,49.41,38.21
497.92,35.15,21.16,22.83,21.49,98.26,56.35,49.41,38.21
497.93,35.21,21.16,22.83,21.49,98.26,56.78,49.41,38.28
497.94,35.15,21.16,22.83,21.49,98.26,56.50,49.52,38.21
497.95,35.15,21.19,22.83,21.49,98.26,56.64,49.52,38.21
497.96,35.15,21.16,22.83,21.49,98.26,56.50,49.52,38.21
497.97,35.15,21.16,22.83,21.49,98.26,56.64,49.41,38.21
497.98,35.15,21.19,22.83,21.49,98.26,56.50,49.41,38.21
497.99,35.21,21.19,22.83,21.49,98.26,56.50,49.52,38.21
498.00,35.21,21.16,22.83,21.49,98.26,56.50,49.52,38.21
498.01,35.21,21.16,22.83,21.49,98.26,56.64,49.52,38.21
498.02,35.15,21.16,22.83,21.49,98.26,56.64,49.41,38.21
498.03,35.15,21.16,22.83,21.49,98.64,56.50,49.52,38.21
498.04,35.15,21.16,22.83,21.49,98.26,56.64,49.52,38.21
498.05,35.15,21.16,22.83,21.49,98.26,56.64,49.52,38.21
498.06,35.28,21.16,22.83,21.49,98.26,56.50,49.41,38.28
498.07,35.21,21.16,22.83,21.49,98.26,56.64,49.52,38.21
498.08,35.15,21.16,22.83,21.49,98.26,56.64,49.41,38.21
498.09,35.28,21.19,22.83,21.49,98.64,56.64,49.52,38.21
498.10,35.15,21.19,22.87,21.49,98.64,56.64,49.41,38.21
498.11,35.15,21.16,22.83,21.49,98.26,56.64,49.41,38.21
498.12,35.15,21.16,22.83,21.49,98.26,56.64,49.41,38.21
498.13,35.21,21.16,22.83,21.49,98.64,56.64,49.41,38.21
498.14,35.15,21.19,22.83,21.49,98.64,56.64,49.52,38.21
498.15,35.15,21.19,22.83,21.49,98.26,56.50,49.52,38.28
498.16,35.15,21.16,22.83,21.49,98.64,56.64,49.41,38.21
498.17,35.15,21.16,22.83,21.49,97.88,56.50,49.41,38.21
498.18,35.15,21.16,22.83,21.49,98.64,56.64,49.64,38.21
498.19,35.21,21.19,22.83,21.49,98.64,56.64,49.41,38.28
498.20,35.15,21.19,22.83,21.49,98.26,56.64,49.52,38.28
498.21,35.15,21.16,22.83,21.49,98.26,56.64,49.52,38.21
498.22,35.08,21.16,22.80,21.49,98.26,56.64,49.41,38.21
498.23,35.21,21.16,22.83,21.49,98.26,56.50,49.52,38.21
498.24,35.15,21.19,22.83,21.49,98.26,56.64,49.52,38.21
498.25,35.21,21.19,22.83,21.49,98.64,56.64,49.52,38.21
498.26,35.21,21.16,22.83,21.49,98.26,56.50,49.52,38.21
498.27,35.21,21.16,22.83,21.49,98.64,56.64,49.52,38.28
498.28,35.21,21.16,22.83,21.49,98.26,56.78,49.41,38.28
498.29,35.21,21.19,22.83,21.49,98.26,56.64,49.52,38.21
498.30,35.21,21.16,22.83,21.49,98.26,56.50,49.52,38.21
498.31,35.15,21.16,22.83,21.49,98.26,56.50,49.52,38.21
498.32,35.21,21.16,22.83,21.49,98.26,56.50,49.41,38.21
498.33,35.21,21.16,22.83,21.49,98.26,56.64,49.52,38.21
498.34,35.21,21.16,22.83,21.49,98.26,56.64,49.52,38.21
498.35,35.15,21.16,22.83,21.49,98.26,56.64,49.41,38.21
498.36,35.21,21.16,22.83,21.49,98.26,56.64,49.41,38.21
498.37,35.15,21.16,22.83,21.49,98.26,56.50,49.41,38.21
498.38,35.15,21.16,22.83,21.49,98.26,56.64,49.41,38.21
498.39,35.15,21.16,22.87,21.49,98.26,56.64,49.41,38.21
498.40,35.15,21.16,22.83,21.49,98.26,56.64,49.52,38.21
498.41,35.15,21.16,22.83,21.49,98.26,56.50,49.52,38.21
498.42,35.08,21.16,22.83,21.49,98.26,56.64,49.41,38.21
498.43,35.15,21.16,22.83,21.49,98.26,56.64,49.52,38.21
498.44,35.15,21.16,22.87,21.49,98.26,56.64,49.52,38.21
498.45,35.15,21.16,22.83,21.49,98.26,56.64,49.41,38.21
498.46,35.15,21.16,22.83,21.49,98.26,56.64,49.52,38.28
498.47,35.15,21.16,22.83,21.49,98.64,56.50,49.52,38.21
498.48,35.21,21.16,22.83,21.49,98.26,56.50,49.52,38.21
498.49,35.21,21.19,22.83,21.49,98.26,56.64,49.52,38.21
498.50,35.28,21.16,22.83,21.49,98.26,56.64,49.52,38.28
498.51,35.15,21.16,22.83,21.49,98.26,56.50,49.52,38.21
498.52,35.15,21.16,22.80,21.49,98.26,56.50,49.52,38.21
498.53,35.15,21.16,22.83,21.49,98.26,56.64,49.52,38.21
498.54,35.21,21.19,22.83,21.49,98.26,56.64,49.52,38.21
498.55,35.21,21.16,22.83,21.49,98.26,56.64,49.52,38.21
498.56,35.21,21.16,22.83,21.49,98.26,56.50,49.41,38.28
498.57,35.21,21.16,22.83,21.49,98.26,56.50,49.41,38.21
498.58,35.15,21.19,22.83,21.49,98.26,56.64,49.52,38.28
498.59,35.21,21.16,22.83,21.49,98.26,56.50,49.41,38.21
498.60,35.15,21.16,22.83,21.49,98.26,56.50,49.52,38.21
498.61,35.21,21.16,22.83,21.49,98.26,56.64,49.41,38.21
498.62,35.15,21.16,22.83,21.49,98.26,56.64,49.52,38.21
498.63,35.15,21.19,22.83,21.49,98.26,56.64,49.41,38.21
498.64,35.15,21.16,22.83,21.49,98.64,56.64,49.41,38.21
498.65,35.21,21.16,22.83,21.49,98.26,56.50,49.52,38.28
498.66,35.15,21.16,22.83,21.49,98.26,56.50,49.52,38.21
498.67,35.15,21.16,22.83,21.49,98.26,56.50,49.52,38.21
498.68,35.15,21.16,22.83,21.49,98.26,56.64,49.52,38.21
498.69,35.15,21.19,22.83,21.49,98.26,56.64,49.52,38.21
498.70,35.15,21.16,22.83,21.49,98.26,56.64,49.41,38.21
498.71,35.15,21.16,22.83,21.49,98.26,56.50,49.41,38.21
498.72,35.15,21.16,22.83,21.49,98.26,56.64,49.41,38.21
498.73,35.21,21.16,22.83,21.49,98.26,56.50,49.41,38.21
498.74,35.21,21.19,22.83,21.49,98.26,56.50,49.52,38.21
498.75,35.21,21.16,22.83,21.49,98.26,56.64,49.52,38.21
498.76,35.21,21.16,22.83,21.49,98.26,56.64,49.52,38.21
498.77,35.15,21.16,22.83,21.49,98.26,56.64,49.41,38.21
498.78,35.21,21.16,22.83,21.49,98.26,56.64,49.52,38.21
498.79,35.21,21.16,22.83,21.49,98.26,56.64,49.52,38.28
498.80,35.21,21.19,22.83,21.49,98.26,56.64,49.52,38.21
498.81,35.15,21.16,22.83,21.49,98.26,56.64,49.52,38.21
498.82,35.15,21.16,22.83,21.46,98.26,56.50,49.41,38.21
498.83,35.15,21.16,22.83,21.49,98.26,56.50,49.52,38.21
498.84,35.15,21.16,22.87,21.49,98.64,56.64,49.52,38.21
498.85,35.15,21.16,22.83,21.49,98.26,56.50,49.52,38.21
498.86,35.15,21.16,22.83,21.49,98.26,56.50,49.41,38.21
498.87,35.15,21.16,22.83,21.49,98.26,56.64,49.52,38.28
498.88,35.15,21.16,22.83,21.49,98.26,56.64,49.52,38.21
498.89,35.15,21.16,22.87,21.49,98.26,56.64,49.41,38.21
498.90,35.15,21.19,22.83,21.49,98.26,56.64,49.41,38.21
498.91,35.15,21.16,22.83,21.49,98.26,56.50,49.41,38.21
498.92,35.15,21.16,22.83,21.49,98.26,56.50,49.52,38.21
498.93,35.21,21.16,22.83,21.49,98.26,56.64,49.52,38.21
498.94,35.21,21.16,22.87,21.49,98.26,56.64,49.52,38.21
498.95,35.21,21.16,22.83,21.49,98.26,56.64,49.52,38.21
498.96,35.21,21.16,22.83,21.49,98.26,56.50,49.52,38.21
498.97,35.15,21.16,22.83,21.49,98.26,56.50,49.41,38.21
498.98,35.15,21.19,22.87,21.49,98.26,56.64,49.30,38.21
498.99,35.15,21.19,22.83,21.49,98.26,56.64,49.52,38.21
499.00,35.15,21.16,22.83,21.49,98.26,56.64,49.52,38.21
499.01,35.15,21.16,22.83,21.49,98.26,56.64,49.41,38.21
499.02,35.15,21.16,22.83,21.49,98.26,56.50,49.41,38.21
499.03,35.15,21.16,22.83,21.49,98.64,56.64,49.52,38.21
499.04,35.15,21.16,22.87,21.49,98.64,56.64,49.52,38.21
499.05,35.21,21.16,22.83,21.49,98.26,56.64,49.52,38.21
499.06,35.15,21.16,22.83,21.49,98.26,56.64,49.52,38.21
499.07,35.15,21.13,22.83,21.49,98.26,56.64,49.52,38.21
499.08,35.15,21.19,22.83,21.49,98.26,56.64,49.41,38.21
499.09,35.21,21.16,22.83,21.49,98.64,56.64,49.52,38.28
499.10,35.21,21.16,22.83,21.49,98.26,56.50,49.52,38.21
499.11,35.15,21.16,22.83,21.49,98.26,56.64,49.41,38.21
499.12,35.21,21.16,22.83,21.49,98.26,56.50,49.41,38.28
499.13,35.15,21.16,22.83,21.49,98.26,56.50,49.52,38.21
499.14,35.21,21.19,22.87,21.49,98.64,56.64,49.52,38.28
499.15,35.21,21.16,22.83,21.46,98.26,56.50,49.41,38.21
499.16,35.15,21.16,22.83,21.49,98.26,56.64,49.41,38.21
499.17,35.15,21.16,22.83,21.49,98.26,56.35,49.52,38.21
499.18,35.15,21.16,22.83,21.49,98.26,56.50,49.52,38.21
499.19,35.15,21.19,22.87,21.49,98.64,56.64,49.52,38.28
499.20,35.15,21.16,22.83,21.49,98.26,56.64,49.52,38.14
499.21,35.15,21.19,22.83,21.46,98.26,56.64,49.41,38.28
499.22,35.15,21.16,22.83,21.49,98.26,56.50,49.52,38.21
499.23,35.21,21.19,22.83,21.49,98.26,56.64,49.52,38.21
499.24,35.21,21.19,22.87,21.49,98.64,56.64,49.52,38.21
499.25,35.15,21.16,22.83,21.46,98.64,56.50,49.52,38.21
499.26,35.21,21.16,22.83,21.49,98.26,56.64,49.41,38.21
499.27,35.15,21.16,22.83,21.49,98.26,56.50,49.52,38.21
499.28,35.15,21.16,22.83,21.49,98.26,56.64,49.52,38.21
499.29,35.21,21.19,22.87,21.52,98.64,56.64,49.52,38.21
499.30,35.15,21.16,22.83,21.49,98.26,56.64,49.52,38.21
499.31,35.15,21.16,22.83,21.46,98.26,56.64,49.52,38.28
499.32,35.28,21.16,22.83,21.49,98.26,56.64,49.52,38.21
499.33,35.21,21.19,22.87,21.49,98.26,56.64,49.52,38.21
499.34,35.21,21.19,22.83,21.49,98.64,56.64,49.52,38.21
499.35,35.15,21.19,22.83,21.49,98.26,56.64,49.52,38.21
499.36,35.15,21.16,22.87,21.49,98.64,56.64,49.52,38.21
499.37,35.15,21.16,22.83,21.49,98.64,56.50,49.52,38.28
499.38,35.15,21.16,22.87,21.49,98.26,56.64,49.52,38.28
499.39,35.15,21.19,22.87,21.49,98.64,56.64,49.52,38.21
499.40,35.21,21.19,22.83,21.49,98.26,56.64,49.41,38.21
499.41,35.15,21.16,22.83,21.49,98.64,56.50,49.52,38.28
499.42,35.15,21.19,22.83,21.49,98.26,56.50,49.52,38.28
499.43,35.15,21.16,22.87,21.49,98.64,56.64,49.52,38.21
499.44,35.21,21.19,22.87,21.49,98.64,56.64,49.41,38.21
499.45,35.15,21.19,22.87,21.49,98.26,56.64,49.41,38.28
499.46,35.15,21.16,22.83,21.49,98.26,56.50,49.64,38.28
499.47,35.15,21.16,22.83,21.49,98.26,56.64,49.52,38.21
499.48,35.21,21.16,22.83,21.49,98.26,56.64,49.52,38.28
499.49,35.21,21.19,22.87,21.49,98.64,56.64,49.52,38.21
499.50,35.28,21.16,22.87,21.49,98.64,56.50,49.52,38.28
499.51,35.15,21.16,22.83,21.49,98.64,56.64,49.52,38.21
499.52,35.15,21.16,22.87,21.49,98.64,56.64,49.52,38.21
499.53,35.15,21.16,22.87,21.49,98.64,56.64,49.52,38.21
499.54,35.28,21.19,22.87,21.49,98.64,56.64,49.52,38.21
499.55,35.15,21.16,22.83,21.49,98.26,56.64,49.41,38.21
499.56,35.15,21.16,22.83,21.49,98.26,56.64,49.52,38.28
499.57,35.15,21.16,22.83,21.49,98.26,56.64,49.52,38.21
499.58,35.21,21.16,22.87,21.49,99.02,56.64,49.52,38.21
499.59,35.21,21.19,22.87,21.49,98.64,56.64,49.52,38.28
499.60,35.15,21.16,22.83,21.49,98.26,56.64,49.52,38.28
499.61,35.15,21.16,22.83,21.49,98.64,56.50,49.41,38.21
499.62,35.15,21.16,22.83,21.49,98.26,56.64,49.52,38.28
499.63,35.15,21.19,22.87,21.49,98.26,56.64,49.52,38.21
499.64,35.15,21.19,22.87,21.49,98.64,56.64,49.52,38.28
499.65,35.15,21.19,22.83,21.46,98.26,56.64,49.52,38.28
499.66,35.15,21.16,22.83,21.49,98.26,56.64,49.52,38.21
499.67,35.15,21.16,22.83,21.46,98.26,56.64,49.52,38.28
499.68,35.15,21.16,22.83,21.49,98.26,56.64,49.52,38.21
499.69,35.15,21.19,22.87,21.49,98.64,56.64,49.52,38.28
499.70,35.21,21.16,22.83,21.49,98.26,56.64,49.52,38.21
499.71,35.15,21.16,22.83,21.49,98.26,56.50,49.41,38.21
499.72,35.08,21.19,22.83,21.49,98.26,56.50,49.41,38.21
499.73,35.15,21.19,22.83,21.49,98.26,56.64,49.52,38.21
499.74,35.15,21.19,22.87,21.49,98.26,56.64,49.52,38.28
499.75,35.15,21.19,22.83,21.49,98.26,56.64,49.52,38.21
499.76,35.21,21.16,22.83,21.49,98.26,56.50,49.52,38.21
499.77,35.21,21.16,22.83,21.49,98.26,56.64,49.52,38.28
499.78,35.15,21.19,22.83,21.49,98.64,56.50,49.52,38.21
499.79,35.28,21.19,22.87,21.49,98.64,56.64,49.52,38.21
499.80,35.15,21.19,22.83,21.49,98.26,56.64,49.41,38.21
499.81,35.15,21.16,22.83,21.49,98.26,56.64,49.52,38.21
499.82,35.21,21.16,22.83,21.49,98.26,56.50,49.52,38.28
499.83,35.15,21.16,22.83,21.49,98.64,56.64,49.52,38.21
499.84,35.21,21.19,22.87,21.49,98.26,56.50,49.52,38.28
499.85,35.21,21.19,22.83,21.49,98.26,56.64,49.52,38.21
499.86,35.15,21.16,22.87,21.49,98.64,56.64,49.41,38.21
499.87,35.15,21.16,22.83,21.49,98.26,56.50,49.52,38.28
499.88,35.15,21.16,22.87,21.49,98.26,56.64,49.52,38.28
499.89,35.21,21.19,22.87,21.49,98.26,56.64,49.52,38.21
499.90,35.15,21.16,22.83,21.49,98.26,56.64,49.52,38.28
499.91,35.21,21.16,22.83,21.49,98.26,56.64,49.52,38.21
499.92,35.21,21.16,22.83,21.49,98.26,56.64,49.52,38.28
499.93,35.15,21.16,22.83,21.49,98.26,56.64,49.52,38.28
499.94,35.21,21.19,22.87,21.49,98.26,56.64,49.52,38.21
499.95,35.15,21.19,22.83,21.49,98.26,56.64,49.52,38.28
499.96,35.15,21.16,22.83,21.49,98.26,56.64,49.52,38.28
499.97,35.15,21.19,22.83,21.49,98.26,56.64,49.52,38.21
499.98,35.28,21.19,22.83,21.49,98.26,56.64,49.52,38.28
499.99,35.15,21.19,22.87,21.49,98.26,56.64,49.52,38.28
500.00,35.15,21.16,22.87,21.49,98.26,56.64,49.52,38.28
500.01,35.08,21.16,22.83,21.49,98.26,56.50,49.41,38.28
500.02,35.15,21.16,22.87,21.49,98.26,56.50,49.52,38.21
500.03,35.21,21.19,22.87,21.49,98.26,56.50,49.52,38.21
500.04,35.21,21.19,22.87,21.49,98.26,56.64,49.41,38.28
500.05,35.21,21.19,22.83,21.49,98.26,56.78,49.41,38.28
500.06,35.15,21.16,22.83,21.49,98.26,56.50,49.52,38.21
500.07,35.15,21.16,22.83,21.49,98.64,56.64,49.52,38.28
500.08,35.15,21.16,22.87,21.49,98.26,56.50,49.52,38.28
500.09,35.15,21.19,22.87,21.49,98.26,56.64,49.52,38.28
500.10,35.15,21.19,22.83,21.49,98.64,56.64,49.52,38.28
500.11,35.15,21.19,22.83,21.49,98.26,56.64,49.52,38.21
500.12,35.15,21.16,22.83,21.49,98.26,56.64,49.52,38.28
500.13,35.21,21.16,22.83,21.49,98.64,56.64,49.52,38.28
500.14,35.15,21.16,22.87,21.49,98.26,56.64,49.52,38.21
500.15,35.21,21.16,22.83,21.49,98.26,56.64,49.41,38.28
500.16,35.15,21.16,22.83,21.49,98.26,56.50,49.52,38.21
500.17,35.21,21.16,22.83,21.49,98.26,56.64,49.52,38.28
500.18,35.21,21.19,22.87,21.49,98.64,56.64,49.52,38.21
500.19,35.15,21.19,22.87,21.49,98.26,56.50,49.52,38.21
500.20,35.15,21.19,22.87,21.49,98.26,56.50,49.52,38.28
500.21,35.15,21.16,22.83,21.49,98.26,56.64,49.41,38.21
500.22,35.21,21.16,22.83,21.49,98.26,56.64,49.30,38.28
500.23,35.21,21.19,22.83,21.49,98.26,56.64,49.52,38.28
500.24,35.15,21.16,22.87,21.49,98.26,56.64,49.52,38.21
500.25,35.21,21.16,22.83,21.49,98.64,56.64,49.52,38.28
500.26,35.15,21.19,22.87,21.52,98.26,56.50,49.52,38.21
500.27,35.15,21.13,22.83,21.49,98.26,56.64,49.52,38.28
500.28,35.15,21.16,22.83,21.49,98.26,56.64,49.41,38.21
500.29,35.15,21.19,22.83,21.49,98.26,56.64,49.52,38.21
500.30,35.15,21.19,22.83,21.49,98.26,56.50,49.52,38.21
500.31,35.21,21.19,22.87,21.49,98.26,56.78,49.52,38.28
500.32,35.15,21.16,22.83,21.49,98.26,56.64,49.41,38.28
500.33,35.21,21.16,22.83,21.49,98.26,56.50,49.52,38.28
500.34,35.08,21.16,22.83,21.49,98.26,56.64,49.41,38.28
500.35,35.15,21.16,22.83,21.49,98.26,56.35,49.52,38.21
500.36,35.21,21.19,22.83,21.49,98.26,56.64,49.52,38.28
500.37,35.15,21.16,22.83,21.49,98.26,56.50,49.41,38.28
500.38,35.15,21.19,22.83,21.49,98.26,56.50,49.41,38.28
500.39,35.15,21.16,22.83,21.49,98.26,56.50,49.41,38.28
500.40,35.21,21.19,22.87,21.49,98.26,56.64,49.52,38.28
500.41,35.15,21.16,22.87,21.49,98.26,56.64,49.52,38.28
500.42,35.21,21.16,22.87,21.49,98.26,56.50,49.52,38.21
500.43,35.15,21.16,22.83,21.49,98.64,56.50,49.41,38.28
500.44,35.15,21.16,22.83,21.49,98.26,56.64,49.41,38.28
500.45,35.21,21.19,22.83,21.49,98.26,56.64,49.52,38.28
500.46,35.15,21.19,22.83,21.49,98.26,56.64,49.52,38.28
500.47,35.21,21.16,22.87,21.49,98.26,56.50,49.52,38.21
500.48,35.15,21.16,22.83,21.49,98.26,56.50,49.41,38.21
500.49,35.15,21.16,22.83,21.49,98.26,56.64,49.41,38.21
500.50,35.21,21.19,22.83,21.49,98.26,56.50,49.52,38.28
500.51,35.15,21.19,22.87,21.49,98.26,56.64,49.52,38.21
500.52,35.15,21.16,22.83,21.49,98.26,56.50,49.41,38.21
500.53,35.15,21.16,22.80,21.49,98.26,56.50,49.41,38.21
500.54,35.15,21.16,22.83,21.49,98.26,56.64,49.52,38.28
500.55,35.15,21.16,22.83,21.49,98.26,56.50,49.52,38.28
500.56,35.15,21.16,22.83,21.49,98.64,56.50,49.52,38.28
500.57,35.15,21.16,22.83,21.49,98.64,56.50,49.52,38.21
500.58,35.21,21.19,22.83,21.49,98.26,56.64,49.52,38.28
500.59,35.08,21.13,22.83,21.49,98.64,56.50,49.52,38.28
500.60,35.15,21.16,22.83,21.49,98.26,56.64,49.30,38.28
500.61,35.15,21.16,22.83,21.49,98.26,56.64,49.64,38.28
500.62,35.15,21.16,22.83,21.49,98.26,56.50,49.41,38.28
500.63,35.21,21.16,22.83,21.49,98.26,56.50,49.41,38.21
500.64,35.15,21.16,22.83,21.49,98.26,56.64,49.52,38.28
500.65,35.15,21.19,22.83,21.49,98.26,56.50,49.52,38.28
500.66,35.15,21.19,22.83,21.49,98.26,56.64,49.52,38.28
500.67,35.15,21.16,22.83,21.49,98.26,56.50,49.41,38.28
500.68,35.15,21.13,22.83,21.49,98.26,56.50,49.52,38.21
500.69,35.08,21.13,22.83,21.49,98.26,56.50,49.52,38.21
500.70,35.15,21.16,22.83,21.49,98.26,56.50,49.52,38.28
500.71,35.15,21.16,22.83,21.49,98.26,56.64,49.52,38.21
500.72,35.15,21.16,22.83,21.49,98.26,56.50,49.41,38.28
500.73,35.15,21.13,22.80,21.49,98.26,56.50,49.41,38.28
500.74,35.15,21.16,22.83,21.49,98.26,56.50,49.41,38.21
500.75,35.15,21.16,22.83,21.49,98.64,56.64,49.52,38.28
500.76,35.15,21.16,22.83,21.49,98.26,56.50,49.52,38.28
500.77,35.08,21.13,22.83,21.49,98.26,56.50,49.52,38.21
500.78,35.15,21.16,22.83,21.49,98.26,56.64,49.41,38.28
500.79,35.08,21.13,22.83,21.49,98.26,56.64,49.41,38.28
500.80,35.15,21.16,22.83,21.49,98.26,56.50,49.52,38.28
500.81,35.15,21.16,22.83,21.49,98.26,56.64,49.41,38.28
500.82,35.08,21.16,22.83,21.49,98.26,56.50,49.41,38.21
500.83,35.08,21.16,22.83,21.46,98.26,56.50,49.41,38.28
500.84,35.15,21.13,22.83,21.49,98.26,56.64,49.41,38.28
500.85,35.21,21.16,22.83,21.49,98.26,56.64,49.41,38.28
500.86,35.15,21.16,22.83,21.49,98.26,56.50,49.41,38.21
500.87,35.15,21.16,22.83,21.49,98.26,56.50,49.41,38.28
500.88,35.15,21.13,22.83,21.49,98.26,56.50,49.41,38.28
500.89,35.21,21.16,22.83,21.49,98.26,56.50,49.41,38.21
500.90,35.15,21.16,22.83,21.49,98.26,56.50,49.41,38.21
500.91,35.21,21.16,22.83,21.49,98.26,56.50,49.52,38.21
500.92,35.15,21.16,22.83,21.49,98.26,56.50,49.52,38.21
500.93,35.15,21.16,22.80,21.49,98.26,56.50,49.41,38.28
500.94,35.15,21.16,22.83,21.49,98.26,56.50,49.41,38.21
500.95,35.15,21.16,22.83,21.49,98.26,56.64,49.52,38.28
500.96,35.15,21.16,22.83,21.49,98.26,56.50,49.52,38.28
500.97,35.08,21.16,22.83,21.49,98.26,56.50,49.41,38.21
500.98,35.08,21.13,22.80,21.49,98.26,56.50,49.41,38.28
500.99,35.15,21.13,22.83,21.49,98.26,56.50,49.41,38.28
501.00,35.08,21.16,22.83,21.49,98.26,56.50,49.41,38.21
501.01,35.08,21.16,22.83,21.49,98.64,56.50,49.41,38.21
501.02,35.08,21.13,22.80,21.49,98.26,56.50,49.41,38.28
501.03,35.15,21.16,22.80,21.49,98.26,56.50,49.30,38.21
501.04,35.08,21.16,22.80,21.49,98.26,56.50,49.41,38.21
501.05,35.15,21.16,22.83,21.49,98.26,56.50,49.52,38.28
501.06,35.08,21.16,22.83,21.49,98.26,56.50,49.41,38.28
501.07,35.08,21.16,22.80,21.49,98.26,56.50,49.41,38.28
501.08,35.15,21.13,22.80,21.49,98.26,56.50,49.41,38.21
501.09,35.15,21.13,22.83,21.49,98.26,56.50,49.41,38.21
501.10,35.15,21.16,22.83,21.49,98.26,56.50,49.41,38.21
501.11,35.15,21.16,22.83,21.49,98.26,56.50,49.41,38.28
501.12,35.08,21.16,22.83,21.49,98.26,56.50,49.41,38.28
501.13,35.08,21.13,22.80,21.49,98.26,56.50,49.41,38.21
501.14,35.08,21.13,22.80,21.49,98.26,56.50,49.41,38.28
501.15,35.15,21.13,22.83,21.49,98.26,56.50,49.41,38.28
501.16,35.15,21.16,22.83,21.49,98.26,56.64,49.41,38.28
501.17,35.08,21.13,22.80,21.49,98.26,56.50,49.41,38.21
501.18,35.08,21.13,22.80,21.49,98.26,56.50,49.41,38.28
501.19,35.08,21.13,22.80,21.46,98.26,56.50,49.41,38.21
501.20,35.08,21.16,22.80,21.49,98.26,56.50,49.41,38.21
501.21,35.15,21.16,22.80,21.49,98.26,56.50,49.41,38.28
501.22,35.15,21.13,22.80,21.49,98.26,56.50,49.41,38.28
501.23,35.08,21.13,22.80,21.49,98.26,56.50,49.41,38.28
501.24,35.08,21.13,22.80,21.46,98.26,56.50,49.41,38.21
501.25,35.15,21.16,22.80,21.49,98.26,56.50,49.41,38.21
501.26,35.15,21.16,22.80,21.49,98.26,56.50,49.41,38.21
501.27,35.08,21.13,22.80,21.49,98.26,56.50,49.41,38.28
501.28,35.08,21.13,22.80,21.49,98.26,56.50,49.41,38.28
501.29,35.08,21.13,22.80,21.49,98.26,56.50,49.41,38.28
501.30,35.08,21.13,22.80,21.49,98.64,56.50,49.41,38.28
501.31,35.15,21.16,22.80,21.49,98.26,56.50,49.41,38.21
501.32,35.08,21.13,22.80,21.49,98.26,56.50,49.41,38.21
501.33,35.08,21.13,22.80,21.49,98.26,56.50,49.41,38.28
501.34,35.08,21.13,22.80,21.49,98.26,56.50,49.41,38.21
501.35,35.08,21.16,22.80,21.49,98.26,56.50,49.41,38.28
501.36,35.08,21.16,22.80,21.49,98.26,56.50,49.41,38.28
501.37,35.08,21.13,22.80,21.49,98.26,56.50,49.41,38.21
501.38,35.08,21.13,22.80,21.49,98.26,56.50,49.41,38.21
501.39,35.08,21.13,22.80,21.49,98.26,56.50,49.41,38.28
501.40,35.08,21.13,22.80,21.49,98.26,56.50,49.41,38.21
501.41,35.15,21.16,22.80,21.49,98.26,56.50,49.52,38.28
501.42,35.08,21.13,22.80,21.49,98.26,56.50,49.41,38.21
501.43,35.01,21.13,22.80,21.49,98.26,56.50,49.41,38.28
501.44,35.15,21.13,22.80,21.49,98.26,56.50,49.41,38.21
501.45,35.08,21.13,22.80,21.49,98.26,56.50,49.41,38.28
501.46,35.08,21.13,22.80,21.49,98.26,56.50,49.41,38.21
501.47,35.08,21.16,22.80,21.49,98.26,56.50,49.41,38.28
501.48,35.15,21.10,22.80,21.46,97.88,56.50,49.41,38.28
501.49,35.08,21.16,22.80,21.49,98.26,56.50,49.41,38.21
501.50,35.08,21.13,22.80,21.49,98.26,56.50,49.41,38.28
501.51,35.08,21.16,22.80,21.46,98.26,56.50,49.41,38.21
501.52,35.08,21.13,22.80,21.49,98.26,56.50,49.41,38.28
501.53,35.08,21.13,22.80,21.49,98.26,56.35,49.41,38.21
501.54,35.08,21.13,22.80,21.49,98.26,56.50,49.41,38.28
501.55,35.08,21.13,22.83,21.49,98.26,56.50,49.52,38.28
501.56,35.15,21.16,22.80,21.49,98.26,56.50,49.41,38.21
501.57,35.15,21.13,22.80,21.49,98.26,56.64,49.41,38.28
501.58,35.01,21.13,22.80,21.49,98.26,56.35,49.41,38.21
501.59,35.08,21.13,22.80,21.49,98.26,56.64,49.41,38.28
501.60,35.08,21.13,22.80,21.49,98.26,56.78,49.41,38.28
501.61,35.08,21.13,22.80,21.49,98.26,56.50,49.41,38.14
501.62,35.08,21.13,22.80,21.49,98.26,56.50,49.41,38.28
501.63,35.08,21.10,22.80,21.49,98.26,56.50,49.41,38.28
501.64,35.08,21.13,22.80,21.49,98.26,56.50,49.41,38.21
501.65,35.08,21.13,22.80,21.49,98.26,56.50,49.41,38.28
501.66,35.08,21.13,22.80,21.49,98.26,56.50,49.41,38.21
501.67,35.08,21.13,22.80,21.49,98.26,56.50,49.41,38.28
501.68,35.01,21.13,22.76,21.46,98.26,56.35,49.41,38.21
501.69,35.08,21.13,22.80,21.49,98.26,56.50,49.41,38.28
501.70,35.15,21.13,22.80,21.49,98.26,56.50,49.41,38.28
501.71,35.01,21.13,22.80,21.49,98.26,56.50,49.41,38.28
501.72,35.01,21.13,22.80,21.49,98.26,56.50,49.41,38.28
501.73,35.08,21.13,22.76,21.49,97.88,56.50,49.41,38.28
501.74,35.01,21.13,22.80,21.49,98.26,56.50,49.41,38.28
501.75,35.15,21.13,22.80,21.49,98.26,56.50,49.41,38.28
501.76,35.15,21.13,22.76,21.49,97.88,56.50,49.41,38.21
501.77,35.08,21.13,22.80,21.49,98.26,56.50,49.30,38.28
501.78,35.01,21.13,22.80,21.49,98.26,56.50,49.41,38.28
501.79,35.08,21.13,22.80,21.49,97.88,56.50,49.41,38.28
501.80,35.15,21.13,22.80,21.46,98.26,56.50,49.41,38.28
501.81,35.15,21.13,22.80,21.49,97.88,56.50,49.41,38.21
501.82,35.08,21.16,22.80,21.49,98.26,56.50,49.41,38.28
501.83,35.01,21.13,22.76,21.49,97.88,56.50,49.52,38.28
501.84,35.15,21.13,22.80,21.49,98.64,56.50,49.41,38.28
501.85,35.08,21.13,22.80,21.49,98.26,56.50,49.52,38.28
501.86,35.08,21.13,22.80,21.46,98.26,56.50,49.18,38.21
501.87,35.08,21.13,22.80,21.49,98.26,56.50,49.41,38.21
501.88,35.01,21.13,22.80,21.49,98.26,56.50,49.41,38.21
501.89,35.08,21.13,22.80,21.46,98.26,56.50,49.41,38.28
501.90,35.15,21.16,22.80,21.46,98.26,56.50,49.41,38.28
501.91,35.08,21.13,22.80,21.49,97.88,56.50,49.41,38.28
501.92,35.08,21.13,22.80,21.49,97.88,56.50,49.41,38.21
501.93,35.15,21.13,22.76,21.46,98.26,56.50,49.41,38.28
501.94,35.08,21.13,22.80,21.49,98.26,56.50,49.41,38.28
501.95,35.08,21.13,22.80,21.46,98.26,56.50,49.41,38.28
501.96,35.08,21.16,22.80,21.49,98.26,56.50,49.41,38.21
501.97,35.01,21.13,22.80,21.46,98.26,56.50,49.41,38.28
501.98,35.08,21.13,22.80,21.49,97.88,56.50,49.41,38.21
501.99,35.15,21.13,22.80,21.46,98.26,56.50,49.41,38.28
502.00,35.08,21.13,22.80,21.49,98.26,56.50,49.41,38.21
502.01,35.08,21.13,22.80,21.49,97.88,56.50,49.41,38.28
502.02,35.01,21.13,22.80,21.49,98.26,56.50,49.41,38.28
502.03,35.08,21.13,22.80,21.49,97.88,56.50,49.41,38.21
502.04,35.08,21.13,22.80,21.49,98.26,56.50,49.41,38.28
502.05,35.15,21.13,22.80,21.46,98.26,56.64,49.41,38.28
502.06,35.08,21.13,22.80,21.49,98.26,56.50,49.41,38.28
502.07,35.08,21.13,22.80,21.49,98.26,56.50,49.41,38.28
502.08,35.01,21.13,22.80,21.49,98.26,56.50,49.41,38.28
502.09,35.08,21.13,22.80,21.49,98.26,56.35,49.41,38.28
502.10,35.08,21.16,22.80,21.49,98.26,56.50,49.30,38.28
502.11,35.08,21.13,22.83,21.49,98.26,56.50,49.41,38.21
502.12,35.08,21.13,22.80,21.49,98.26,56.35,49.41,38.21
502.13,35.08,21.13,22.80,21.46,98.26,56.50,49.41,38.21
502.14,35.08,21.13,22.76,21.49,98.26,56.50,49.30,38.21
502.15,35.15,21.13,22.80,21.49,98.26,56.50,49.41,38.28
502.16,35.15,21.13,22.80,21.46,97.88,56.50,49.41,38.28
502.17,35.08,21.13,22.80,21.46,98.26,56.50,49.41,38.28
502.18,35.15,21.13,22.80,21.49,97.88,56.50,49.41,38.28
502.19,35.08,21.13,22.80,21.49,98.26,56.50,49.41,38.28
502.20,35.08,21.13,22.80,21.46,98.26,56.50,49.30,38.28
502.21,35.15,21.16,22.80,21.49,98.26,56.50,49.41,38.28
502.22,35.08,21.16,22.80,21.49,98.26,56.50,49.41,38.28
502.23,35.08,21.13,22.80,21.49,98.26,56.50,49.41,38.28
502.24,35.15,21.13,22.80,21.46,98.26,56.50,49.41,38.28
502.25,35.15,21.16,22.80,21.49,98.26,56.64,49.41,38.28
502.26,35.15,21.16,22.80,21.49,98.26,56.50,49.41,38.21
502.27,35.15,21.13,22.80,21.49,97.88,56.50,49.41,38.21
502.28,35.01,21.13,22.80,21.49,98.26,56.50,49.41,38.28
502.29,35.08,21.16,22.80,21.49,98.26,56.50,49.41,38.28
502.30,35.08,21.13,22.80,21.49,98.26,56.50,49.52,38.28
502.31,35.15,21.13,22.80,21.49,98.26,56.50,49.52,38.28
502.32,35.08,21.13,22.80,21.46,98.26,56.50,49.52,38.21
502.33,35.08,21.13,22.80,21.49,98.26,56.50,49.41,38.28
502.34,35.08,21.13,22.80,21.46,98.26,56.50,49.41,38.28
502.35,35.08,21.16,22.80,21.49,98.26,56.50,49.41,38.28
502.36,35.08,21.13,22.80,21.49,98.26,56.50,49.41,38.28
502.37,35.08,21.13,22.80,21.49,97.88,56.50,49.41,38.28
502.38,35.15,21.13,22.80,21.49,98.26,56.50,49.41,38.21
502.39,35.08,21.13,22.80,21.49,98.26,56.50,49.41,38.28
502.40,35.15,21.16,22.80,21.49,98.26,56.50,49.30,38.28
502.41,35.08,21.16,22.80,21.49,97.88,56.50,49.41,38.28
502.42,35.08,21.13,22.80,21.49,97.88,56.50,49.41,38.21
502.43,35.01,21.13,22.76,21.49,98.26,56.50,49.41,38.28
502.44,35.08,21.13,22.80,21.49,98.26,56.50,49.41,38.28
502.45,35.08,21.16,22.80,21.49,98.26,56.50,49.41,38.28
502.46,35.08,21.13,22.80,21.49,98.26,56.50,49.41,38.28
502.47,35.08,21.13,22.80,21.49,98.26,56.50,49.41,38.28
502.48,35.08,21.13,22.80,21.49,98.26,56.50,49.41,38.28
502.49,35.08,21.13,22.80,21.46,98.26,56.50,49.41,38.28
502.50,35.15,21.16,22.80,21.49,98.26,56.50,49.41,38.28
502.51,35.08,21.16,22.80,21.49,98.26,56.50,49.41,38.21
502.52,35.08,21.13,22.80,21.49,98.26,56.50,49.41,38.28
502.53,35.08,21.13,22.80,21.49,98.26,56.64,49.41,38.28
502.54,35.15,21.16,22.80,21.49,98.26,56.50,49.41,38.28
502.55,35.15,21.16,22.80,21.49,98.26,56.50,49.41,38.28
502.56,35.08,21.16,22.80,21.46,98.26,56.50,49.52,38.21
502.57,35.08,21.13,22.80,21.49,98.26,56.64,49.52,38.28
502.58,35.15,21.13,22.80,21.49,98.26,56.50,49.41,38.28
502.59,35.15,21.16,22.80,21.49,98.26,56.50,49.41,38.28
502.60,35.08,21.16,22.80,21.49,98.26,56.64,49.52,38.28
502.61,35.08,21.16,22.80,21.49,98.26,56.50,49.41,38.28
502.62,35.08,21.13,22.80,21.49,98.26,56.50,49.41,38.28
502.63,35.08,21.16,22.80,21.49,98.26,56.64,49.41,38.28
502.64,35.08,21.16,22.80,21.49,98.26,56.50,49.41,38.28
502.65,35.15,21.16,22.80,21.49,98.26,56.64,49.41,38.28
502.66,35.08,21.16,22.83,21.46,98.26,56.50,49.41,38.28
502.67,35.08,21.13,22.80,21.46,98.26,56.50,49.41,38.28
502.68,35.15,21.13,22.80,21.46,98.26,56.50,49.41,38.28
502.69,35.15,21.16,22.80,21.49,98.26,56.50,49.41,38.28
502.70,35.08,21.19,22.80,21.49,98.26,56.50,49.52,38.28
502.71,35.08,21.13,22.80,21.49,98.26,56.50,49.41,38.28
502.72,35.08,21.13,22.83,21.49,98.26,56.50,49.41,38.28
502.73,35.15,21.16,22.80,21.49,98.26,56.50,49.41,38.28
502.74,35.08,21.13,22.80,21.49,98.26,56.50,49.41,38.28
502.75,35.08,21.19,22.83,21.49,98.26,56.50,49.52,38.28
502.76,35.08,21.16,22.80,21.46,98.26,56.50,49.52,38.28
502.77,35.08,21.16,22.80,21.46,98.26,56.50,49.41,38.28
502.78,35.08,21.13,22.80,21.49,98.26,56.50,49.41,38.28
502.79,35.15,21.16,22.80,21.49,98.26,56.50,49.41,38.28
502.80,35.08,21.16,22.83,21.49,98.26,56.50,49.52,38.28
502.81,35.08,21.16,22.80,21.49,98.26,56.50,49.41,38.28
502.82,35.15,21.13,22.80,21.49,98.26,56.64,49.41,38.21
502.83,35.08,21.16,22.80,21.49,98.26,56.50,49.52,38.28
502.84,35.08,21.16,22.83,21.49,98.26,56.35,49.41,38.28
502.85,35.08,21.19,22.83,21.49,98.26,56.64,49.52,38.36
502.86,35.08,21.16,22.83,21.49,98.26,56.64,49.41,38.21
502.87,35.08,21.13,22.80,21.46,98.26,56.50,49.41,38.28
502.88,35.15,21.16,22.80,21.49,98.26,56.50,49.41,38.28
502.89,35.08,21.16,22.80,21.49,98.26,56.50,49.41,38.28
502.90,35.21,21.16,22.83,21.49,98.26,56.64,49.52,38.28
502.91,35.15,21.16,22.80,21.49,98.26,56.50,49.41,38.28
502.92,35.08,21.16,22.80,21.46,98.26,56.50,49.41,38.28
502.93,35.15,21.16,22.80,21.49,98.26,56.50,49.64,38.28
502.94,35.08,21.16,22.80,21.49,98.26,56.64,49.41,38.28
502.95,35.15,21.16,22.83,21.49,98.26,56.64,49.41,38.28
502.96,35.08,21.13,22.80,21.49,98.26,56.50,49.41,38.21
502.97,35.08,21.16,22.80,21.46,98.26,56.50,49.41,38.28
502.98,35.15,21.13,22.80,21.49,98.26,56.50,49.41,38.28
502.99,35.08,21.16,22.80,21.49,98.26,56.50,49.52,38.28
503.00,35.08,21.16,22.83,21.49,98.26,56.50,49.41,38.28
503.01,35.08,21.16,22.80,21.46,98.26,56.64,49.41,38.28
503.02,35.08,21.16,22.80,21.49,98.26,56.64,49.41,38.28
503.03,35.08,21.16,22.80,21.49,98.26,56.64,49.52,38.28
503.04,35.08,21.16,22.83,21.49,97.88,56.35,49.41,38.28
503.05,35.15,21.16,22.83,21.49,98.26,56.50,49.41,38.28
503.06,35.15,21.16,22.80,21.49,97.88,56.50,49.41,38.28
503.07,35.15,21.13,22.80,21.49,98.26,56.50,49.41,38.28
503.08,35.15,21.13,22.80,21.49,98.26,56.50,49.52,38.28
503.09,35.08,21.16,22.80,21.49,97.88,56.50,49.41,38.28
503.10,35.08,21.19,22.83,21.49,98.64,56.64,49.52,38.28
503.11,35.08,21.16,22.80,21.49,98.26,56.50,49.18,38.28
503.12,35.08,21.16,22.80,21.49,98.26,56.50,49.52,38.28
503.13,35.08,21.16,22.80,21.49,98.26,56.64,49.52,38.28
503.14,35.08,21.16,22.83,21.49,98.26,56.50,49.41,38.28
503.15,35.15,21.19,22.83,21.49,98.26,56.64,49.41,38.28
503.16,35.15,21.16,22.80,21.49,98.26,56.50,49.41,38.28
503.17,35.08,21.16,22.80,21.49,98.26,56.35,49.52,38.28
503.18,35.08,21.16,22.80,21.49,98.26,56.64,49.41,38.28
503.19,35.08,21.16,22.83,21.49,98.26,56.50,49.41,38.28
503.20,35.08,21.19,22.83,21.49,98.26,56.50,49.52,38.28
503.21,35.08,21.16,22.83,21.49,98.26,56.64,49.41,38.28
503.22,35.08,21.16,22.80,21.46,98.26,56.50,49.41,38.28
503.23,35.08,21.13,22.80,21.49,98.26,56.50,49.41,38.28
503.24,35.21,21.16,22.83,21.49,98.26,56.50,49.41,38.28
503.25,35.21,21.19,22.83,21.49,98.26,56.64,49.52,38.28
503.26,35.15,21.16,22.83,21.49,98.26,56.50,49.41,38.28
503.27,35.08,21.16,22.80,21.49,98.26,56.50,49.41,38.28
503.28,35.15,21.16,22.80,21.49,98.26,56.35,49.41,38.28
503.29,35.08,21.16,22.83,21.49,98.26,56.64,49.41,38.28
503.30,35.21,21.16,22.83,21.49,98.26,56.64,49.41,38.28
503.31,35.15,21.16,22.80,21.49,98.26,56.64,49.41,38.28
503.32,35.08,21.16,22.80,21.49,98.26,56.50,49.41,38.28
503.33,35.15,21.16,22.80,21.49,98.26,56.50,49.52,38.28
503.34,35.15,21.16,22.83,21.49,98.26,56.64,49.41,38.28
503.35,35.08,21.19,22.83,21.49,98.26,56.50,49.41,38.28
503.36,35.08,21.16,22.80,21.46,98.26,56.64,49.41,38.28
503.37,35.08,21.16,22.80,21.49,98.26,56.50,49.41,38.21
503.38,35.08,21.16,22.80,21.49,98.26,56.50,49.41,38.28
503.39,35.08,21.16,22.80,21.49,98.26,56.64,49.41,38.28
503.40,35.15,21.19,22.83,21.49,98.26,56.50,49.41,38.28
503.41,35.15,21.16,22.83,21.49,98.26,56.64,49.41,38.28
503.42,35.08,21.16,22.80,21.46,98.26,56.50,49.41,38.28
503.43,35.08,21.16,22.80,21.49,98.26,56.64,49.41,38.28
503.44,35.15,21.16,22.80,21.49,98.26,56.64,49.52,38.28
503.45,35.08,21.16,22.83,21.49,98.26,56.50,49.52,38.28
503.46,35.15,21.16,22.80,21.49,98.26,56.50,49.41,38.28
503.47,35.08,21.16,22.80,21.49,98.26,56.50,49.41,38.28
503.48,35.15,21.16,22.80,21.49,98.26,56.50,49.41,38.28
503.49,35.15,21.16,22.83,21.49,98.26,56.64,49.41,38.28
503.50,35.15,21.19,22.83,21.49,98.26,56.64,49.52,38.28
503.51,35.08,21.16,22.83,21.49,98.26,56.50,49.41,38.36
503.52,35.08,21.16,22.83,21.49,98.26,56.50,49.52,38.28
503.53,35.08,21.16,22.80,21.49,98.26,56.50,49.52,38.28
503.54,35.08,21.16,22.80,21.49,98.26,56.64,49.41,38.28
503.55,35.15,21.19,22.80,21.46,98.26,56.64,49.41,38.28
503.56,35.15,21.16,22.80,21.49,97.88,56.64,49.41,38.21
503.57,35.08,21.16,22.80,21.49,98.26,56.64,49.41,38.28
503.58,35.08,21.16,22.80,21.49,98.26,56.64,49.52,38.28
503.59,35.21,21.19,22.80,21.49,98.26,56.50,49.52,38.28
503.60,35.15,21.19,22.83,21.49,98.26,56.64,49.41,38.28
503.61,35.15,21.19,22.80,21.49,98.26,56.64,49.41,38.28
503.62,35.08,21.16,22.80,21.49,98.26,56.50,49.41,38.28
503.63,35.08,21.16,22.80,21.49,98.26,56.50,49.41,38.28
503.64,35.08,21.16,22.80,21.49,98.26,56.64,49.41,38.28
503.65,35.15,21.19,22.83,21.49,98.26,56.50,49.41,38.28
503.66,35.15,21.16,22.80,21.49,98.26,56.64,49.41,38.28
503.67,35.15,21.16,22.80,21.46,98.26,56.50,49.41,38.28
503.68,35.15,21.16,22.83,21.49,98.26,56.50,49.41,38.28
503.69,35.15,21.16,22.83,21.49,98.26,56.50,49.41,38.28
503.70,35.15,21.19,22.80,21.46,98.26,56.50,49.41,38.28
503.71,35.21,21.16,22.80,21.49,98.26,56.50,49.52,38.28
503.72,35.08,21.16,22.80,21.49,98.26,56.50,49.41,38.28
503.73,35.08,21.16,22.80,21.49,98.26,56.50,49.41,38.28
503.74,35.08,21.19,22.83,21.49,98.26,56.50,49.41,38.28
503.75,35.15,21.19,22.83,21.49,98.26,56.64,49.41,38.28
503.76,35.15,21.16,22.83,21.49,98.26,56.64,49.41,38.28
503.77,35.08,21.16,22.80,21.46,98.26,56.50,49.41,38.28
503.78,35.08,21.19,22.80,21.49,98.26,56.50,49.41,38.28
503.79,35.21,21.16,22.83,21.49,98.26,56.64,49.52,38.28
503.80,35.08,21.19,22.83,21.49,98.26,56.50,49.52,38.28
503.81,35.15,21.16,22.80,21.49,98.26,56.64,49.41,38.28
503.82,35.15,21.16,22.83,21.49,98.26,56.50,49.41,38.28
503.83,35.08,21.19,22.83,21.49,98.26,56.50,49.41,38.28
503.84,35.15,21.19,22.83,21.49,98.26,56.64,49.52,38.28
503.85,35.15,21.19,22.83,21.49,98.26,56.50,49.41,38.28
503.86,35.08,21.16,22.83,21.49,98.26,56.50,49.41,38.28
503.87,35.08,21.16,22.80,21.49,98.26,56.50,49.41,38.28
503.88,35.08,21.16,22.83,21.49,98.26,56.64,49.41,38.28
503.89,35.15,21.19,22.80,21.49,98.26,56.64,49.52,38.28
503.90,35.15,21.19,22.83,21.49,98.26,56.64,49.41,38.28
503.91,35.08,21.16,22.80,21.49,98.26,56.64,49.41,38.28
503.92,35.08,21.16,22.83,21.49,98.26,56.50,49.41,38.28
503.93,35.08,21.16,22.83,21.52,98.26,56.64,49.41,38.28
503.94,35.21,21.19,22.83,21.49,98.26,56.64,49.41,38.28
503.95,35.08,21.16,22.83,21.49,98.26,56.64,49.41,38.28
503.96,35.15,21.16,22.80,21.49,98.26,56.50,49.41,38.28
503.97,35.08,21.16,22.80,21.49,98.26,56.50,49.52,38.28
503.98,35.15,21.19,22.80,21.49,98.26,56.50,49.52,38.28
503.99,35.21,21.19,22.83,21.49,98.26,56.64,49.41,38.28
504.00,35.15,21.23,22.83,21.52,98.26,56.50,49.41,38.28
504.01,35.08,21.16,22.80,21.46,98.26,56.50,49.41,38.28
504.02,35.08,21.19,22.80,21.49,98.26,56.50,49.41,38.28
504.03,35.08,21.16,22.80,21.49,98.26,56.50,49.41,38.28
504.04,35.08,21.19,22.83,21.49,98.26,56.50,49.41,38.28
504.05,35.15,21.19,22.83,21.49,98.26,56.64,49.52,38.28
504.06,35.15,21.16,22.83,21.49,98.26,56.64,49.52,38.28
504.07,35.15,21.16,22.83,21.49,98.26,56.64,49.41,38.28
504.08,35.08,21.16,22.80,21.49,98.26,56.50,49.41,38.36
504.09,35.15,21.19,22.83,21.49,98.26,56.50,49.52,38.28
504.10,35.15,21.19,22.83,21.49,98.26,56.64,49.41,38.36
504.11,35.08,21.16,22.80,21.49,98.26,56.64,49.52,38.28
504.12,35.08,21.16,22.80,21.49,98.26,56.50,49.41,38.36
504.13,35.08,21.16,22.83,21.49,98.26,56.64,49.52,38.28
504.14,35.15,21.19,22.83,21.49,98.26,56.50,49.52,38.28
504.15,35.08,21.19,22.83,21.49,98.26,56.64,49.52,38.28
504.16,35.08,21.16,22.83,21.49,98.26,56.64,49.41,38.28
504.17,35.08,21.16,22.80,21.49,98.26,56.50,49.52,38.28
504.18,35.08,21.16,22.83,21.49,98.26,56.50,49.41,38.28
504.19,35.08,21.19,22.83,21.49,98.26,56.50,49.52,38.28
504.20,35.15,21.19,22.83,21.49,98.26,56.64,49.52,38.28
504.21,35.15,21.16,22.80,21.49,98.26,56.64,49.41,38.28
504.22,35.08,21.16,22.83,21.49,98.26,56.50,49.52,38.28
504.23,35.21,21.16,22.80,21.49,98.26,56.50,49.41,38.28
504.24,35.01,21.19,22.83,21.49,98.26,56.50,49.52,38.28
504.25,35.15,21.19,22.80,21.49,98.26,56.64,49.52,38.36
504.26,35.08,21.16,22.80,21.49,98.26,56.50,49.41,38.28
504.27,35.08,21.16,22.83,21.49,98.26,56.50,49.41,38.28
504.28,35.15,21.19,22.80,21.49,98.26,56.64,49.52,38.28
504.29,35.21,21.19,22.83,21.49,98.26,56.64,49.52,38.28
504.30,35.15,21.19,22.83,21.49,98.26,56.64,49.52,38.28
504.31,35.08,21.16,22.83,21.49,98.26,56.64,49.41,38.28
504.32,35.15,21.16,22.80,21.49,98.64,56.50,49.41,38.28
504.33,35.15,21.19,22.80,21.49,98.26,56.64,49.52,38.36
504.34,35.21,21.19,22.83,21.49,98.26,56.50,49.41,38.28
504.35,35.15,21.19,22.83,21.49,98.26,56.64,49.52,38.28
504.36,35.08,21.16,22.83,21.49,98.26,56.64,49.30,38.28
504.37,35.15,21.16,22.83,21.49,98.26,56.50,49.52,38.28
504.38,35.08,21.16,22.83,21.49,98.26,56.50,49.52,38.28
504.39,35.21,21.19,22.83,21.49,98.26,56.64,49.41,38.28
504.40,35.15,21.19,22.83,21.49,98.26,56.64,49.52,38.28
504.41,35.15,21.16,22.80,21.49,98.26,56.50,49.41,38.28
504.42,35.08,21.16,22.80,21.49,98.26,56.50,49.41,38.28
504.43,35.08,21.19,22.83,21.49,98.26,56.64,49.52,38.36
504.44,35.15,21.19,22.83,21.49,98.26,56.64,49.52,38.28
504.45,35.08,21.19,22.83,21.49,98.26,56.50,49.52,38.28
504.46,35.15,21.19,22.83,21.49,98.26,56.64,49.41,38.36
504.47,35.08,21.19,22.80,21.49,98.26,56.64,49.41,38.28
504.48,35.15,21.19,22.83,21.49,98.26,56.50,49.52,38.28
504.49,35.21,21.19,22.83,21.49,98.26,56.64,49.52,38.28
504.50,35.15,21.19,22.83,21.49,98.26,56.64,49.52,38.28
504.51,35.08,21.16,22.83,21.49,98.26,56.64,49.41,38.28
504.52,35.08,21.19,22.80,21.49,98.26,56.64,49.41,38.28
504.53,35.15,21.16,22.83,21.49,98.26,56.64,49.52,38.28
504.54,35.15,21.19,22.83,21.49,98.26,56.64,49.52,38.28
504.55,35.08,21.19,22.83,21.49,98.26,56.50,49.52,38.21
504.56,35.08,21.19,22.83,21.49,98.26,56.50,49.41,38.28
504.57,35.15,21.19,22.80,21.49,98.26,56.64,49.41,38.28
504.58,35.08,21.16,22.83,21.49,98.26,56.50,49.41,38.28
504.59,35.08,21.19,22.83,21.49,98.26,56.64,49.52,38.36
504.60,35.21,21.19,22.83,21.49,98.26,56.64,49.41,38.28
504.61,35.21,21.19,22.83,21.49,98.26,56.64,49.41,38.28
504.62,35.08,21.16,22.83,21.49,98.26,56.64,49.52,38.28
504.63,35.08,21.19,22.80,21.49,98.26,56.64,49.41,38.36
504.64,35.21,21.19,22.83,21.52,98.26,56.64,49.52,38.28
504.65,35.15,21.19,22.83,21.49,98.26,56.64,49.52,38.28
504.66,35.08,21.19,22.83,21.49,98.26,56.64,49.41,38.28
504.67,35.01,21.16,22.83,21.49,98.26,56.64,49.52,38.28
504.68,35.08,21.19,22.83,21.49,98.26,56.64,49.41,38.28
504.69,35.15,21.19,22.83,21.49,98.26,56.64,49.52,38.28
504.70,35.15,21.19,22.83,21.49,98.26,56.50,49.52,38.28
504.71,35.15,21.16,22.83,21.49,98.26,56.64,49.52,38.28
504.72,35.15,21.16,22.80,21.49,98.26,56.50,49.41,38.28
504.73,35.08,21.16,22.83,21.49,98.26,56.64,49.52,38.28
504.74,35.15,21.19,22.83,21.49,98.26,56.64,49.52,38.28
504.75,35.15,21.19,22.83,21.49,98.26,56.64,49.41,38.36
504.76,35.08,21.16,22.80,21.49,98.26,56.64,49.41,38.28
504.77,35.08,21.19,22.80,21.49,97.88,56.64,49.41,38.28
504.78,35.08,21.16,22.83,21.49,98.26,56.64,49.52,38.36
504.79,35.08,21.19,22.83,21.49,98.26,56.64,49.52,38.28
504.80,35.15,21.19,22.80,21.49,98.26,56.64,49.52,38.28
504.81,35.08,21.16,22.83,21.49,98.26,56.50,49.52,38.28
504.82,35.15,21.16,22.80,21.49,98.26,56.64,49.52,38.28
504.83,35.08,21.19,22.83,21.49,98.26,56.64,49.41,38.28
504.84,35.08,21.19,22.83,21.52,98.26,56.50,49.52,38.28
504.85,35.08,21.19,22.83,21.49,98.26,56.64,49.41,38.28
504.86,35.15,21.19,22.80,21.49,98.26,56.64,49.52,38.28
504.87,35.21,21.19,22.80,21.49,98.26,56.50,49.41,38.28
504.88,35.08,21.19,22.83,21.52,98.26,56.50,49.52,38.28
504.89,35.08,21.19,22.83,21.49,98.26,56.64,49.52,38.28
504.90,35.15,21.16,22.83,21.49,98.26,56.64,49.52,38.28
504.91,35.08,21.16,22.83,21.49,98.26,56.64,49.52,38.28
504.92,35.15,21.16,22.80,21.49,98.26,56.64,49.41,38.28
504.93,35.01,21.16,22.83,21.52,98.26,56.64,49.52,38.28
504.94,35.08,21.19,22.83,21.49,98.26,56.64,49.52,38.28
504.95,35.21,21.19,22.83,21.49,98.26,56.64,49.52,38.28
504.96,35.15,21.19,22.83,21.49,98.26,56.64,49.52,38.36
504.97,35.08,21.16,22.80,21.49,98.26,56.64,49.41,38.28
504.98,35.08,21.19,22.83,21.49,98.26,56.64,49.52,38.28
504.99,35.15,21.19,22.83,21.49,98.26,56.64,49.52,38.36
505.00,35.15,21.19,22.83,21.49,98.26,56.50,49.52,38.28
505.01,35.08,21.16,22.83,21.49,98.26,56.64,49.41,38.28
505.02,35.08,21.16,22.80,21.49,98.26,56.50,49.41,38.36
505.03,35.08,21.16,22.80,21.49,98.26,56.64,49.52,38.28
505.04,35.21,21.19,22.83,21.49,98.26,56.64,49.52,38.28
505.05,35.15,21.16,22.83,21.49,98.26,56.64,49.52,38.36
505.06,35.15,21.19,22.83,21.49,98.26,56.64,49.41,38.28
505.07,35.15,21.19,22.83,21.52,98.26,56.50,49.52,38.28
505.08,35.08,21.19,22.80,21.49,98.26,56.64,49.52,38.28
505.09,35.15,21.19,22.83,21.49,98.26,56.64,49.41,38.28
505.10,35.08,21.19,22.83,21.49,98.26,56.64,49.52,38.28
505.11,35.08,21.19,22.80,21.52,98.26,56.64,49.52,38.28
505.12,35.21,21.16,22.83,21.49,98.26,56.50,49.52,38.28
505.13,35.08,21.19,22.83,21.49,98.26,56.64,49.41,38.28
505.14,35.21,21.19,22.83,21.49,98.26,56.64,49.52,38.28
505.15,35.15,21.19,22.83,21.49,98.26,56.64,49.52,38.28
505.16,35.08,21.16,22.80,21.49,98.26,56.64,49.52,38.28
505.17,35.15,21.16,22.83,21.49,98.26,56.64,49.52,38.28
505.18,35.15,21.19,22.80,21.49,98.26,56.64,49.41,38.28
505.19,35.08,21.19,22.83,21.49,98.26,56.64,49.52,38.28
505.20,35.21,21.19,22.83,21.52,98.26,56.64,49.52,38.28
505.21,35.08,21.16,22.83,21.49,98.26,56.64,49.41,38.36
505.22,35.15,21.19,22.83,21.49,98.26,56.78,49.52,38.28
505.23,35.08,21.19,22.80,21.49,98.26,56.64,49.52,38.28
505.24,35.15,21.23,22.83,21.49,98.26,56.64,49.52,38.28
505.25,35.15,21.19,22.83,21.49,98.26,56.64,49.52,38.28
505.26,35.08,21.16,22.80,21.49,98.26,56.64,49.41,38.28
505.27,35.08,21.16,22.83,21.49,98.26,56.50,49.41,38.36
505.28,35.15,21.19,22.83,21.49,98.26,56.64,49.41,38.36
505.29,35.21,21.19,22.83,21.52,98.26,56.64,49.52,38.28
505.30,35.15,21.19,22.83,21.49,98.26,56.64,49.52,38.28
505.31,35.08,21.16,22.83,21.49,98.26,56.50,49.52,38.28
505.32,35.15,21.19,22.83,21.49,98.26,56.64,49.52,38.28
505.33,35.15,21.19,22.83,21.49,98.26,56.64,49.52,38.36
505.34,35.15,21.19,22.83,21.49,98.26,56.50,49.52,38.28
505.35,35.15,21.19,22.87,21.49,98.26,56.64,49.52,38.36
505.36,35.08,21.16,22.83,21.49,98.26,56.64,49.52,38.21
505.37,35.15,21.16,22.80,21.49,98.26,56.64,49.52,38.36
505.38,35.08,21.19,22.83,21.49,98.26,56.64,49.52,38.28
505.39,35.21,21.19,22.83,21.49,98.26,56.64,49.52,38.28
505.40,35.21,21.19,22.83,21.52,98.26,56.64,49.52,38.28
505.41,35.15,21.19,22.80,21.49,98.26,56.64,49.52,38.28
505.42,35.08,21.19,22.80,21.49,98.26,56.64,49.52,38.28
505.43,35.15,21.19,22.83,21.49,98.26,56.64,49.41,38.28
505.44,35.15,21.19,22.83,21.49,98.26,56.64,49.52,38.28
505.45,35.21,21.19,22.83,21.49,98.26,56.64,49.52,38.28
505.46,35.08,21.19,22.83,21.49,98.26,56.78,49.52,38.28
505.47,35.01,21.16,22.83,21.49,98.26,56.64,49.52,38.28
505.48,35.15,21.19,22.80,21.49,98.26,56.64,49.41,38.28
505.49,35.15,21.19,22.83,21.49,98.26,56.64,49.52,38.28
505.50,35.15,21.19,22.83,21.49,98.26,56.64,49.52,38.28
505.51,35.15,21.19,22.80,21.49,98.26,56.64,49.52,38.28
505.52,35.15,21.19,22.83,21.49,97.88,56.64,49.41,38.36
505.53,35.15,21.19,22.83,21.49,98.26,56.64,49.52,38.28
505.54,35.21,21.19,22.83,21.49,98.26,56.64,49.52,38.28
505.55,35.21,21.19,22.83,21.49,98.26,56.64,49.41,38.28
505.56,35.15,21.19,22.83,21.52,98.26,56.64,49.52,38.36
505.57,35.08,21.16,22.80,21.49,98.26,56.64,49.41,38.28
505.58,35.08,21.19,22.83,21.49,98.26,56.64,49.52,38.28
505.59,35.15,21.23,22.83,21.49,98.26,56.64,49.52,38.28
505.60,35.08,21.16,22.83,21.49,98.26,56.64,49.52,38.28
505.61,35.08,21.19,22.83,21.49,98.26,56.64,49.30,38.28
505.62,35.08,21.19,22.83,21.49,98.26,56.64,49.41,38.28
505.63,35.08,21.16,22.83,21.49,98.26,56.64,49.52,38.36
505.64,35.15,21.19,22.83,21.49,98.26,56.64,49.52,38.36
505.65,35.15,21.19,22.83,21.49,98.26,56.64,49.41,38.28
505.66,35.08,21.19,22.83,21.49,98.26,56.64,49.52,38.36
505.67,35.08,21.16,22.80,21.49,98.26,56.64,49.52,38.28
505.68,35.15,21.19,22.80,21.49,98.26,56.64,49.52,38.36
505.69,35.15,21.19,22.83,21.49,98.26,56.64,49.52,38.36
505.70,35.21,21.19,22.83,21.49,98.26,56.64,49.52,38.36
505.71,35.08,21.19,22.83,21.49,98.26,56.64,49.41,38.28
505.72,35.15,21.19,22.80,21.49,98.26,56.64,49.52,38.36
505.73,35.15,21.19,22.83,21.49,98.26,56.64,49.52,38.28
505.74,35.15,21.19,22.83,21.49,98.26,56.64,49.52,38.28
505.75,35.08,21.19,22.83,21.49,98.26,56.64,49.52,38.28
505.76,35.08,21.16,22.83,21.49,98.26,56.50,49.41,38.28
505.77,35.15,21.19,22.83,21.49,98.26,56.64,49.52,38.28
505.78,35.15,21.19,22.83,21.49,98.26,56.64,49.52,38.36
505.79,35.21,21.19,22.83,21.49,98.26,56.64,49.52,38.28
505.80,35.15,21.19,22.83,21.49,98.26,56.64,49.52,38.28
505.81,35.15,21.19,22.83,21.49,98.26,56.64,49.52,38.28
505.82,35.15,21.19,22.83,21.49,98.26,56.64,49.41,38.36
505.83,35.15,21.19,22.83,21.49,98.26,56.64,49.52,38.36
505.84,35.15,21.19,22.83,21.52,98.26,56.64,49.52,38.36
505.85,35.15,21.23,22.83,21.49,98.26,56.50,49.52,38.28
505.86,35.08,21.19,22.83,21.49,98.26,56.64,49.52,38.36
505.87,35.15,21.19,22.83,21.49,97.88,56.64,49.41,38.36
505.88,35.15,21.19,22.83,21.49,98.26,56.64,49.52,38.36
505.89,35.15,21.19,22.83,21.49,98.26,56.64,49.52,38.28
505.90,35.21,21.19,22.83,21.49,98.26,56.64,49.52,38.36
505.91,35.08,21.19,22.83,21.49,98.26,56.64,49.52,38.36
505.92,35.08,21.19,22.83,21.49,98.64,56.78,49.52,38.36
505.93,35.21,21.19,22.83,21.49,98.26,56.64,49.52,38.36
505.94,35.15,21.23,22.83,21.49,98.26,56.64,49.52,38.28
505.95,35.21,21.23,22.83,21.49,98.26,56.64,49.52,38.28
505.96,35.21,21.19,22.83,21.49,98.26,56.50,49.41,38.28
505.97,35.08,21.19,22.83,21.49,98.26,56.64,49.52,38.28
505.98,35.15,21.19,22.83,21.49,98.26,56.64,49.52,38.36
505.99,35.15,21.19,22.83,21.49,98.26,56.64,49.52,38.36
506.00,35.08,21.19,22.83,21.49,98.26,56.64,49.52,38.28
506.01,35.08,21.19,22.83,21.49,98.26,56.64,49.52,38.28
506.02,35.08,21.19,22.83,21.49,98.26,56.64,49.52,38.28
506.03,35.15,21.19,22.83,21.49,98.26,56.64,49.52,38.28
506.04,35.08,21.19,22.87,21.49,98.26,56.64,49.52,38.36
506.05,35.15,21.19,22.83,21.49,98.26,56.64,49.52,38.36
506.06,35.08,21.19,22.83,21.49,98.64,56.64,49.52,38.28
506.07,35.15,21.19,22.83,21.49,98.26,56.64,49.52,38.36
506.08,35.08,21.19,22.83,21.49,98.26,56.64,49.52,38.28
506.09,35.15,21.19,22.87,21.49,98.26,56.64,49.52,38.28
506.10,35.08,21.19,22.83,21.49,98.26,56.64,49.52,38.36
506.11,35.15,21.19,22.83,21.49,98.26,56.64,49.52,38.36
506.12,35.08,21.16,22.83,21.49,98.26,56.64,49.52,38.36
506.13,35.15,21.19,22.83,21.52,98.26,56.50,49.52,38.36
506.14,35.21,21.23,22.83,21.49,98.26,56.64,49.52,38.36
506.15,35.15,21.19,22.83,21.52,98.26,56.64,49.52,38.36
506.16,35.08,21.19,22.83,21.49,98.26,56.64,49.52,38.28
506.17,35.15,21.19,22.80,21.49,98.26,56.64,49.30,38.36
506.18,35.21,21.19,22.83,21.49,98.26,56.64,49.52,38.28
506.19,35.15,21.19,22.87,21.49,98.26,56.64,49.52,38.36
506.20,35.08,21.19,22.83,21.49,98.26,56.64,49.52,38.36
506.21,35.08,21.19,22.83,21.49,98.26,56.64,49.41,38.36
506.22,35.15,21.19,22.83,21.49,98.26,56.64,49.52,38.28
506.23,35.21,21.19,22.83,21.49,98.26,56.64,49.52,38.28
506.24,35.15,21.19,22.83,21.49,98.26,56.64,49.52,38.36
506.25,35.15,21.19,22.83,21.49,98.26,56.64,49.52,38.28
506.26,35.08,21.19,22.83,21.49,98.26,56.64,49.52,38.28
506.27,35.08,21.19,22.83,21.49,98.26,56.50,49.41,38.36
506.28,35.21,21.19,22.83,21.49,98.64,56.64,49.52,38.28
506.29,35.21,21.23,22.87,21.49,98.26,56.64,49.52,38.28
506.30,35.15,21.19,22.83,21.49,98.26,56.64,49.52,38.28
506.31,35.08,21.19,22.83,21.49,98.26,56.64,49.52,38.28
506.32,35.08,21.16,22.83,21.49,98.26,56.64,49.52,38.36
506.33,35.08,21.19,22.83,21.49,98.26,56.64,49.41,38.36
506.34,35.15,21.19,22.83,21.49,98.26,56.64,49.52,38.36
506.35,35.21,21.19,22.83,21.49,98.26,56.64,49.52,38.36
506.36,35.08,21.19,22.83,21.49,98.26,56.64,49.52,38.28
506.37,35.08,21.19,22.80,21.49,98.26,56.64,49.52,38.36
506.38,35.08,21.19,22.83,21.52,98.26,56.64,49.64,38.36
506.39,35.15,21.23,22.83,21.49,98.26,56.64,49.52,38.28
506.40,35.08,21.19,22.83,21.49,98.26,56.64,49.52,38.36
506.41,35.08,21.16,22.83,21.49,98.26,56.64,49.52,38.28
506.42,35.08,21.16,22.83,21.49,98.26,56.64,49.52,38.28
506.43,35.08,21.19,22.83,21.49,98.26,56.64,49.41,38.36
506.44,35.15,21.19,22.83,21.49,98.26,56.64,49.52,38.36
506.45,35.15,21.19,22.83,21.49,98.26,56.64,49.52,38.28
506.46,35.08,21.16,22.83,21.49,98.26,56.50,49.52,38.28
506.47,35.08,21.19,22.83,21.49,98.26,56.64,49.52,38.28
506.48,35.15,21.19,22.83,21.52,98.26,56.64,49.52,38.36
506.49,35.15,21.19,22.83,21.49,98.26,56.64,49.52,38.36
506.50,35.08,21.23,22.83,21.52,98.26,56.64,49.52,38.36
506.51,35.15,21.19,22.83,21.49,98.26,56.64,49.41,38.36
506.52,35.15,21.16,22.83,21.49,98.26,56.64,49.52,38.28
506.53,35.15,21.19,22.83,21.49,98.26,56.64,49.52,38.28
506.54,35.15,21.19,22.83,21.49,98.26,56.64,49.52,38.36
506.55,35.21,21.19,22.83,21.49,98.26,56.64,49.52,38.36
506.56,35.15,21.19,22.80,21.49,98.26,56.64,49.52,38.36
506.57,35.08,21.19,22.83,21.49,98.26,56.35,49.52,38.36
506.58,35.15,21.19,22.83,21.49,98.26,56.78,49.52,38.28
506.59,35.08,21.23,22.87,21.49,98.26,56.50,49.52,38.28
506.60,35.08,21.19,22.83,21.49,98.26,56.64,49.52,38.36
506.61,35.08,21.16,22.83,21.49,98.26,56.64,49.52,38.28
506.62,35.15,21.19,22.83,21.49,98.26,56.64,49.52,38.28
506.63,35.15,21.19,22.83,21.52,98.26,56.64,49.52,38.36
506.64,35.15,21.19,22.83,21.49,98.26,56.64,49.52,38.36
506.65,35.21,21.19,22.83,21.49,98.26,56.64,49.52,38.36
506.66,35.08,21.19,22.80,21.49,97.88,56.64,49.41,38.36
506.67,35.08,21.19,22.83,21.49,98.26,56.64,49.52,38.36
506.68,35.08,21.19,22.83,21.49,98.26,56.64,49.52,38.28
506.69,35.15,21.19,22.83,21.49,98.26,56.64,49.52,38.28
506.70,35.08,21.19,22.80,21.49,98.26,56.64,49.52,38.36
506.71,35.15,21.16,22.83,21.49,98.26,56.64,49.41,38.36
506.72,35.21,21.19,22.83,21.49,98.26,56.64,49.52,38.28
506.73,35.21,21.19,22.83,21.49,98.26,56.64,49.52,38.28
506.74,35.15,21.19,22.83,21.49,98.26,56.64,49.52,38.36
506.75,35.08,21.19,22.87,21.49,98.26,56.64,49.52,38.36
506.76,35.15,21.19,22.80,21.49,98.26,56.64,49.52,38.36
506.77,35.08,21.16,22.83,21.49,98.26,56.64,49.52,38.36
506.78,35.08,21.19,22.83,21.49,98.26,56.64,49.52,38.36
506.79,35.08,21.19,22.83,21.49,98.26,56.64,49.52,38.36
506.80,35.08,21.19,22.83,21.49,98.26,56.64,49.52,38.36
506.81,35.15,21.19,22.83,21.49,98.26,56.64,49.52,38.36
506.82,35.15,21.19,22.83,21.49,97.88,56.64,49.41,38.28
506.83,35.08,21.19,22.83,21.49,98.64,56.64,49.52,38.28
506.84,35.15,21.19,22.83,21.49,98.26,56.64,49.41,38.28
506.85,35.08,21.19,22.83,21.49,98.26,56.64,49.64,38.28
506.86,35.08,21.16,22.83,21.52,98.26,56.64,49.30,38.36
506.87,35.08,21.19,22.83,21.49,98.26,56.64,49.52,38.36
506.88,35.15,21.19,22.83,21.49,98.26,56.64,49.52,38.36
506.89,35.15,21.19,22.83,21.49,98.26,56.64,49.52,38.36
506.90,35.08,21.19,22.83,21.49,98.26,56.64,49.52,38.36
506.91,35.15,21.19,22.83,21.49,98.26,56.64,49.52,38.36
506.92,35.08,21.19,22.83,21.49,98.26,56.64,49.41,38.28
506.93,35.08,21.19,22.83,21.49,98.26,56.50,49.41,38.36
506.94,35.15,21.19,22.83,21.49,98.26,56.64,49.52,38.28
506.95,35.08,21.19,22.83,21.49,98.26,56.64,49.41,38.36
506.96,35.08,21.19,22.80,21.49,98.26,56.64,49.41,38.36
506.97,35.08,21.16,22.83,21.49,97.88,56.64,49.41,38.36
506.98,35.08,21.19,22.83,21.49,98.26,56.64,49.52,38.28
506.99,35.15,21.19,22.83,21.49,98.26,56.64,49.41,38.36
507.00,35.08,21.19,22.83,21.49,97.88,56.64,49.52,38.28
507.01,35.08,21.16,22.80,21.49,98.26,56.64,49.41,38.36
507.02,35.08,21.19,22.80,21.49,98.26,56.64,49.52,38.28
507.03,35.21,21.19,22.83,21.49,98.26,56.50,49.52,38.36
507.04,35.15,21.19,22.83,21.49,98.26,56.64,49.41,38.36
507.05,35.08,21.19,22.83,21.52,98.26,56.64,49.52,38.28
507.06,35.08,21.16,22.80,21.49,98.26,56.64,49.52,38.36
507.07,35.15,21.16,22.80,21.49,98.26,56.64,49.41,38.36
507.08,35.15,21.19,22.83,21.49,98.26,56.64,49.52,38.36
507.09,35.15,21.19,22.80,21.49,98.26,56.64,49.52,38.28
507.10,35.08,21.19,22.83,21.49,98.26,56.64,49.52,38.36
507.11,35.08,21.16,22.80,21.49,98.26,56.64,49.41,38.36
507.12,35.08,21.16,22.83,21.49,98.26,56.64,49.41,38.28
507.13,35.15,21.19,22.80,21.49,98.26,56.78,49.52,38.36
507.14,35.15,21.19,22.80,21.49,98.26,56.64,49.52,38.36
507.15,35.08,21.19,22.80,21.49,98.26,56.50,49.52,38.28
507.16,35.08,21.16,22.80,21.49,98.26,56.64,49.52,38.36
507.17,35.08,21.16,22.80,21.49,98.26,56.64,49.52,38.36
507.18,35.08,21.19,22.83,21.49,98.26,56.64,49.41,38.36
507.19,35.21,21.19,22.83,21.49,98.26,56.64,49.41,38.36
507.20,35.08,21.16,22.83,21.49,98.26,56.64,49.52,38.28
507.21,35.08,21.19,22.80,21.49,98.26,56.64,49.52,38.36
507.22,35.15,21.19,22.80,21.49,98.26,56.64,49.52,38.36
507.23,35.15,21.16,22.80,21.49,97.88,56.64,49.52,38.36
507.24,35.08,21.19,22.83,21.49,98.26,56.64,49.41,38.36
507.25,35.08,21.19,22.83,21.49,98.26,56.64,49.52,38.36
507.26,35.15,21.16,22.80,21.49,98.26,56.64,49.41,38.36
507.27,35.08,21.16,22.80,21.49,98.26,56.64,49.41,38.28
507.28,35.08,21.19,22.83,21.52,98.26,56.50,49.52,38.28
507.29,35.08,21.19,22.83,21.49,98.26,56.64,49.41,38.28
507.30,35.08,21.19,22.83,21.49,98.26,56.50,49.52,38.36
507.31,35.08,21.16,22.80,21.49,98.26,56.64,49.41,38.36
507.32,35.08,21.19,22.80,21.49,98.26,56.64,49.52,38.36
507.33,35.08,21.19,22.80,21.49,98.26,56.64,49.52,38.36
507.34,35.08,21.19,22.80,21.49,98.26,56.64,49.52,38.36
507.35,35.08,21.19,22.80,21.49,98.26,56.50,49.41,38.36
507.36,35.15,21.16,22.80,21.49,98.26,56.64,49.52,38.36
507.37,35.08,21.16,22.80,21.49,98.26,56.64,49.41,38.36
507.38,35.08,21.16,22.80,21.49,98.26,56.64,49.52,38.28
507.39,35.08,21.19,22.80,21.49,98.26,56.64,49.41,38.36
507.40,35.08,21.19,22.80,21.49,98.26,56.64,49.52,38.36
507.41,35.08,21.16,22.80,21.49,98.26,56.64,49.41,38.36
507.42,35.08,21.16,22.80,21.49,98.26,56.64,49.41,38.28
507.43,35.08,21.19,22.83,21.49,98.26,56.64,49.41,38.36
507.44,35.15,21.19,22.83,21.49,98.26,56.64,49.41,38.36
507.45,35.15,21.16,22.80,21.49,98.26,56.64,49.41,38.28
507.46,35.08,21.16,22.80,21.49,97.88,56.64,49.52,38.36
507.47,35.08,21.16,22.80,21.49,98.26,56.50,49.41,38.28
507.48,35.15,21.19,22.80,21.49,98.26,56.64,49.41,38.36
507.49,35.08,21.19,22.83,21.49,98.26,56.64,49.52,38.36
507.50,35.08,21.16,22.80,21.49,98.26,56.64,49.41,38.36
507.51,35.01,21.16,22.80,21.49,98.26,56.50,49.41,38.28
507.52,35.08,21.16,22.80,21.49,98.26,56.64,49.41,38.36
507.53,35.08,21.19,22.80,21.49,98.26,56.64,49.41,38.36
507.54,35.08,21.19,22.80,21.49,98.26,56.64,49.52,38.36
507.55,35.08,21.16,22.80,21.49,98.26,56.64,49.41,38.36
507.56,35.08,21.16,22.80,21.49,98.26,56.64,49.41,38.36
507.57,35.08,21.16,22.80,21.49,98.26,56.50,49.41,38.36
507.58,35.08,21.19,22.83,21.49,97.88,56.64,49.41,38.36
507.59,35.08,21.19,22.83,21.49,98.26,56.64,49.41,38.36
507.60,35.15,21.19,22.80,21.49,97.88,56.64,49.30,38.36
507.61,35.08,21.16,22.80,21.49,98.26,56.64,49.41,38.36
507.62,35.08,21.16,22.80,21.49,98.26,56.64,49.41,38.36
507.63,35.15,21.19,22.80,21.49,98.26,56.50,49.41,38.36
507.64,35.08,21.16,22.83,21.49,98.26,56.50,49.41,38.36
507.65,35.08,21.16,22.80,21.49,98.26,56.50,49.52,38.28
507.66,35.01,21.13,22.80,21.49,97.88,56.50,49.41,38.36
507.67,35.08,21.16,22.80,21.49,98.26,56.50,49.52,38.36
507.68,35.08,21.16,22.80,21.49,98.26,56.64,49.52,38.36
507.69,35.08,21.16,22.83,21.49,98.26,56.50,49.41,38.36
507.70,35.08,21.16,22.80,21.49,98.26,56.64,49.41,38.36
507.71,35.08,21.13,22.80,21.49,98.26,56.50,49.41,38.36
507.72,35.15,21.16,22.80,21.49,98.26,56.50,49.41,38.36
507.73,35.08,21.19,22.80,21.49,98.26,56.64,49.41,38.36
507.74,35.08,21.13,22.80,21.49,98.26,56.64,49.52,38.36
507.75,35.08,21.19,22.80,21.52,98.26,56.64,49.52,38.28
507.76,35.08,21.19,22.80,21.49,98.26,56.64,49.52,38.28
507.77,35.08,21.16,22.76,21.49,98.26,56.64,49.41,38.36
507.78,35.08,21.16,22.80,21.49,98.26,56.64,49.41,38.36
507.79,35.15,21.19,22.80,21.49,98.26,56.50,49.41,38.36
507.80,35.08,21.16,22.80,21.49,98.26,56.50,49.41,38.36
507.81,35.01,21.13,22.80,21.49,98.26,56.50,49.41,38.36
507.82,35.08,21.16,22.80,21.49,98.26,56.50,49.41,38.28
507.83,35.08,21.16,22.80,21.49,98.26,56.78,49.52,38.36
507.84,35.08,21.19,22.80,21.49,98.26,56.35,49.41,38.28
507.85,35.08,21.16,22.80,21.49,98.26,56.64,49.41,38.43
507.86,35.08,21.16,22.80,21.49,97.88,56.64,49.41,38.28
507.87,35.01,21.16,22.80,21.49,98.26,56.64,49.41,38.36
507.88,35.08,21.16,22.80,21.49,98.26,56.64,49.41,38.36
507.89,35.08,21.16,22.80,21.49,98.26,56.64,49.52,38.36
507.90,35.08,21.16,22.80,21.49,98.26,56.64,49.41,38.28
507.91,35.08,21.16,22.80,21.49,98.26,56.64,49.41,38.36
507.92,35.08,21.16,22.80,21.49,98.26,56.50,49.41,38.36
507.93,35.15,21.19,22.80,21.49,98.26,56.64,49.41,38.36
507.94,35.08,21.19,22.80,21.49,98.26,56.64,49.41,38.36
507.95,35.08,21.16,22.80,21.49,98.26,56.50,49.52,38.36
507.96,35.08,21.16,22.76,21.49,98.26,56.50,49.41,38.28
507.97,35.01,21.16,22.80,21.49,98.26,56.64,49.52,38.28
507.98,35.15,21.16,22.83,21.49,98.26,56.64,49.41,38.36
507.99,35.01,21.19,22.80,21.49,98.26,56.50,49.41,38.36
508.00,35.15,21.16,22.80,21.49,98.26,56.50,49.41,38.36
508.01,35.08,21.16,22.76,21.49,97.88,56.50,49.52,38.36
508.02,35.08,21.16,22.80,21.49,98.26,56.64,49.41,38.36
508.03,35.08,21.16,22.80,21.49,98.26,56.64,49.52,38.28
508.04,35.08,21.16,22.80,21.49,98.26,56.50,49.41,38.36
508.05,35.01,21.16,22.80,21.49,98.26,56.50,49.41,38.28
508.06,35.08,21.13,22.80,21.49,97.88,56.64,49.41,38.36
508.07,35.08,21.16,22.80,21.49,98.26,56.64,49.41,38.28
508.08,35.08,21.16,22.80,21.49,98.26,56.50,49.52,38.36
508.09,35.08,21.16,22.80,21.49,97.88,56.64,49.41,38.36
508.10,35.08,21.16,22.80,21.49,98.26,56.64,49.52,38.36
508.11,35.01,21.16,22.80,21.49,97.88,56.64,49.41,38.36
508.12,35.01,21.16,22.80,21.49,98.26,56.64,49.41,38.36
508.13,35.08,21.16,22.80,21.49,98.26,56.64,49.41,38.36
508.14,35.15,21.16,22.80,21.49,98.26,56.64,49.41,38.36
508.15,35.08,21.16,22.80,21.49,98.26,56.64,49.41,38.28
508.16,35.08,21.13,22.76,21.49,98.26,56.64,49.41,38.36
508.17,35.01,21.13,22.80,21.49,98.26,56.50,49.41,38.36
508.18,35.08,21.19,22.80,21.49,98.26,56.50,49.41,38.36
508.19,35.08,21.16,22.80,21.49,98.26,56.50,49.41,38.28
508.20,35.01,21.16,22.80,21.49,98.26,56.50,49.41,38.36
508.21,35.01,21.16,22.76,21.49,98.26,56.50,49.41,38.36
508.22,35.01,21.16,22.80,21.49,98.26,56.64,49.41,38.36
508.26,35.08,21.16,22.80,21.49,98.26,56.64,49.41,38.36
508.26,35.08,21.16,22.80,21.49,98.26,56.50,49.41,38.36
508.27,35.01,21.16,22.80,21.46,98.26,56.50,49.41,38.28
508.28,35.08,21.16,22.80,21.49,98.26,56.50,49.41,38.28
508.29,35.01,21.16,22.80,21.49,98.26,56.64,49.41,38.36
508.30,35.08,21.16,22.80,21.49,98.26,56.64,49.52,38.36
508.31,35.08,21.16,22.80,21.49,98.26,56.50,49.41,38.36
508.32,35.08,21.13,22.80,21.49,98.26,56.64,49.41,38.36
508.35,35.08,21.16,22.80,21.49,98.26,56.50,49.41,38.36
508.35,35.15,21.16,22.80,21.49,97.88,56.50,49.41,38.28
508.36,35.01,21.16,22.80,21.49,98.26,56.64,49.41,38.28
508.37,35.15,21.16,22.80,21.49,98.26,56.64,49.41,38.36
508.38,35.08,21.16,22.80,21.49,98.26,56.50,49.41,38.28
508.39,35.01,21.13,22.80,21.49,97.88,56.50,49.41,38.36
508.40,35.08,21.13,22.80,21.49,98.26,56.50,49.41,38.36
508.41,35.08,21.16,22.80,21.49,98.26,56.50,49.41,38.36
508.42,35.08,21.16,22.80,21.49,98.26,56.50,49.41,38.28
508.43,35.08,21.16,22.80,21.49,98.26,56.50,49.41,38.36
508.44,35.01,21.13,22.76,21.49,97.88,56.64,49.41,38.36
508.45,35.08,21.13,22.80,21.49,98.26,56.50,49.52,38.36
508.46,35.08,21.16,22.80,21.49,98.26,56.50,49.52,38.28
508.47,35.08,21.16,22.80,21.49,98.26,56.50,49.41,38.36
508.48,35.01,21.13,22.76,21.49,98.26,56.50,49.41,38.36
508.49,35.08,21.13,22.80,21.49,98.26,56.50,49.41,38.36
508.50,35.01,21.16,22.80,21.49,97.88,56.64,49.41,38.36
508.51,35.01,21.16,22.80,21.49,98.26,56.50,49.41,38.36
508.52,35.08,21.16,22.80,21.49,98.26,56.64,49.41,38.28
508.53,35.08,21.16,22.80,21.49,98.26,56.50,49.41,38.36
508.54,35.01,21.13,22.76,21.49,98.26,56.50,49.41,38.36
508.55,35.01,21.16,22.80,21.49,97.88,56.50,49.41,38.36
508.56,35.08,21.16,22.80,21.49,97.88,56.50,49.41,38.36
508.57,35.08,21.16,22.80,21.49,98.26,56.50,49.41,38.28
508.58,35.08,21.16,22.80,21.49,98.26,56.64,49.41,38.28
508.59,35.01,21.13,22.76,21.49,98.26,56.50,49.41,38.36
508.60,35.08,21.16,22.80,21.49,98.26,56.64,49.41,38.28
508.61,35.08,21.16,22.80,21.49,98.26,56.64,49.41,38.36
508.62,35.08,21.16,22.80,21.49,98.26,56.50,49.41,38.36
508.63,35.01,21.16,22.80,21.49,98.26,56.50,49.41,38.36
508.64,35.01,21.13,22.80,21.49,98.26,56.50,49.30,38.36
508.65,35.01,21.13,22.80,21.49,97.88,56.50,49.41,38.36
508.66,35.15,21.16,22.80,21.49,98.26,56.64,49.52,38.36
508.67,35.08,21.16,22.80,21.49,98.26,56.64,49.41,38.36
508.68,35.01,21.16,22.80,21.49,97.88,56.50,49.41,38.36
508.69,35.01,21.16,22.80,21.49,98.26,56.50,49.41,38.28
508.70,35.01,21.16,22.80,21.49,98.26,56.50,49.41,38.36
508.71,35.08,21.16,22.80,21.49,98.26,56.50,49.41,38.36
508.72,35.08,21.16,22.80,21.49,97.88,56.64,49.41,38.36
508.73,35.01,21.13,22.80,21.49,98.26,56.50,49.41,38.36
508.74,35.08,21.13,22.80,21.49,98.26,56.64,49.30,38.36
508.75,35.08,21.16,22.76,21.49,98.26,56.50,49.41,38.36
508.76,35.01,21.16,22.80,21.49,98.26,56.50,49.41,38.36
508.77,35.08,21.16,22.80,21.49,98.26,56.64,49.41,38.36
508.78,35.01,21.13,22.80,21.49,97.88,56.50,49.41,38.28
508.79,35.01,21.13,22.76,21.49,98.26,56.50,49.41,38.36
508.80,35.01,21.16,22.80,21.49,98.26,56.50,49.41,38.36
508.81,35.08,21.16,22.80,21.49,98.26,56.64,49.41,38.36
508.82,35.01,21.13,22.80,21.49,97.88,56.50,49.41,38.36
508.83,35.08,21.16,22.80,21.49,98.26,56.50,49.41,38.36
508.84,35.08,21.16,22.76,21.49,98.26,56.64,49.41,38.36
508.85,35.01,21.16,22.80,21.49,98.26,56.50,49.41,38.36
508.86,35.08,21.16,22.80,21.49,98.26,56.50,49.41,38.36
508.87,35.15,21.16,22.80,21.49,98.26,56.50,49.41,38.43
508.88,35.08,21.13,22.80,21.49,98.26,56.50,49.41,38.36
508.89,35.01,21.13,22.76,21.52,97.88,56.50,49.41,38.36
508.90,35.01,21.13,22.80,21.49,98.26,56.50,49.52,38.36
508.91,35.08,21.16,22.80,21.49,98.26,56.50,49.41,38.36
508.92,35.08,21.16,22.80,21.49,97.88,56.64,49.41,38.36
508.93,35.08,21.16,22.76,21.49,97.88,56.50,49.41,38.36
508.94,35.01,21.13,22.80,21.49,98.26,56.64,49.41,38.36
508.95,35.01,21.16,22.80,21.49,98.26,56.50,49.41,38.36
508.96,35.08,21.16,22.80,21.49,98.26,56.64,49.41,38.36
508.97,35.08,21.16,22.80,21.49,98.26,56.64,49.41,38.36
508.98,35.01,21.16,22.80,21.49,98.26,56.64,49.30,38.36
508.99,35.01,21.13,22.80,21.49,98.26,56.50,49.41,38.36
509.00,35.01,21.16,22.80,21.49,98.26,56.50,49.41,38.36
509.01,35.08,21.16,22.80,21.49,98.26,56.50,49.41,38.36
509.02,35.08,21.19,22.80,21.49,98.26,56.64,49.41,38.36
509.03,35.01,21.16,22.76,21.52,98.26,56.50,49.41,38.36
509.04,35.01,21.13,22.80,21.49,98.26,56.50,49.41,38.36
509.05,34.95,21.16,22.80,21.49,98.26,56.64,49.30,38.36
509.06,35.08,21.16,22.80,21.49,98.26,56.64,49.52,38.36
509.07,35.08,21.16,22.80,21.49,98.26,56.50,49.41,38.28
509.08,35.08,21.13,22.76,21.49,98.26,56.50,49.41,38.36
509.09,35.01,21.16,22.80,21.49,98.26,56.50,49.41,38.36
509.10,35.01,21.16,22.80,21.49,98.26,56.64,49.41,38.36
509.11,35.15,21.16,22.80,21.49,98.26,56.64,49.41,38.36
509.12,35.08,21.16,22.80,21.49,97.88,56.35,49.41,38.28
509.13,35.01,21.13,22.80,21.49,98.26,56.64,49.41,38.43
509.14,35.08,21.13,22.76,21.49,97.88,56.50,49.41,38.28
509.15,35.01,21.16,22.80,21.49,98.26,56.64,49.41,38.43
509.16,35.08,21.16,22.80,21.49,98.26,56.64,49.41,38.28
509.17,35.01,21.13,22.80,21.49,98.26,56.64,49.30,38.36
509.18,35.01,21.16,22.80,21.49,98.26,56.50,49.41,38.36
509.19,35.01,21.16,22.80,21.49,97.88,56.50,49.41,38.36
509.20,35.01,21.16,22.80,21.49,98.26,56.64,49.41,38.36
509.21,35.15,21.16,22.80,21.49,98.26,56.64,49.41,38.36
509.22,35.08,21.16,22.80,21.49,98.26,56.64,49.41,38.36
509.23,35.08,21.16,22.80,21.49,98.26,56.64,49.41,38.36
509.24,35.01,21.16,22.80,21.49,98.26,56.50,49.41,38.28
509.25,35.01,21.16,22.80,21.49,98.26,56.64,49.41,38.36
509.26,35.15,21.16,22.80,21.49,98.26,56.64,49.52,38.36
509.27,35.01,21.16,22.80,21.49,97.88,56.50,49.41,38.36
509.28,35.01,21.13,22.80,21.49,98.26,56.50,49.41,38.36
509.29,35.01,21.16,22.76,21.49,98.26,56.64,49.41,38.36
509.30,35.01,21.16,22.80,21.49,98.26,56.64,49.52,38.36
509.31,35.08,21.16,22.80,21.49,98.26,56.64,49.41,38.36
509.32,35.08,21.16,22.80,21.49,98.26,56.50,49.41,38.36
509.33,35.08,21.16,22.80,21.49,98.26,56.64,49.52,38.36
509.34,35.01,21.13,22.80,21.49,97.88,56.50,49.41,38.36
509.35,35.01,21.13,22.80,21.49,98.26,56.50,49.41,38.28
509.36,35.08,21.16,22.80,21.49,98.26,56.64,49.52,38.36
509.37,35.08,21.16,22.80,21.49,97.88,56.64,49.41,38.36
509.38,35.01,21.16,22.80,21.49,98.26,56.64,49.41,38.36
509.39,35.08,21.16,22.80,21.49,98.26,56.50,49.30,38.36
509.40,35.08,21.16,22.80,21.49,98.26,56.50,49.52,38.28
509.41,35.15,21.16,22.80,21.49,98.26,56.64,49.52,38.36
509.42,35.15,21.16,22.80,21.49,98.26,56.64,49.52,38.36
509.43,35.08,21.16,22.80,21.49,97.88,56.64,49.41,38.36
509.44,35.01,21.16,22.80,21.49,97.88,56.50,49.41,38.36
509.45,35.08,21.16,22.80,21.49,98.26,56.64,49.41,38.36
509.46,35.08,21.16,22.80,21.49,98.26,56.64,49.41,38.36
509.47,35.08,21.16,22.80,21.49,98.26,56.50,49.41,38.36
509.48,35.01,21.16,22.80,21.49,98.26,56.64,49.41,38.36
509.49,35.08,21.16,22.80,21.49,98.26,56.50,49.41,38.36
509.50,35.01,21.16,22.80,21.49,98.26,56.64,49.41,38.36
509.51,35.08,21.19,22.83,21.49,98.26,56.64,49.52,38.36
509.52,35.15,21.16,22.83,21.49,98.26,56.64,49.41,38.36
509.53,35.01,21.16,22.80,21.49,98.26,56.64,49.52,38.36
509.54,35.08,21.16,22.80,21.49,98.26,56.64,49.41,38.36
509.55,35.08,21.16,22.80,21.49,98.26,56.64,49.41,38.36
509.56,35.08,21.19,22.80,21.49,98.26,56.64,49.41,38.36
509.57,35.08,21.16,22.80,21.49,98.26,56.64,49.41,38.36
509.58,35.08,21.13,22.80,21.49,98.26,56.50,49.52,38.36
509.59,35.08,21.16,22.80,21.49,97.88,56.64,49.41,38.28
509.60,35.15,21.16,22.80,21.49,97.88,56.64,49.52,38.36
509.61,35.08,21.19,22.83,21.49,98.26,56.50,49.52,38.36
509.62,35.08,21.16,22.80,21.49,97.88,56.50,49.41,38.36
509.63,35.01,21.13,22.80,21.49,98.26,56.64,49.52,38.28
509.64,35.01,21.16,22.80,21.49,97.88,56.64,49.52,38.36
509.65,35.08,21.16,22.80,21.49,97.88,56.50,49.52,38.36
509.66,35.08,21.16,22.80,21.49,98.26,56.64,49.41,38.36
509.67,35.01,21.16,22.80,21.49,98.26,56.64,49.41,38.36
509.68,35.08,21.16,22.80,21.49,98.26,56.64,49.41,38.36
509.69,35.01,21.16,22.80,21.49,97.88,56.50,49.41,38.36
509.70,35.08,21.16,22.80,21.49,98.26,56.64,49.41,38.36
509.71,35.15,21.19,22.83,21.49,98.26,56.64,49.52,38.36
509.72,35.08,21.16,22.80,21.49,98.26,56.64,49.52,38.36
509.73,35.08,21.16,22.80,21.49,98.26,56.64,49.41,38.28
509.74,35.08,21.19,22.80,21.49,98.26,56.64,49.41,38.36
509.75,35.08,21.16,22.80,21.49,98.26,56.64,49.52,38.36
509.76,35.08,21.19,22.80,21.49,98.26,56.64,49.41,38.36
509.77,35.08,21.16,22.80,21.49,98.26,56.64,49.41,38.28
509.78,35.15,21.16,22.80,21.49,97.88,56.50,49.41,38.36
509.79,35.08,21.16,22.80,21.49,98.26,56.64,49.52,38.36
509.80,35.15,21.19,22.80,21.49,98.26,56.64,49.41,38.36
509.81,35.08,21.19,22.83,21.49,98.64,56.64,49.52,38.36
509.82,35.15,21.16,22.83,21.49,98.26,56.64,49.52,38.36
509.83,35.15,21.16,22.80,21.49,98.26,56.64,49.41,38.36
509.84,35.08,21.16,22.80,21.49,98.26,56.64,49.41,38.36
509.85,35.08,21.16,22.80,21.49,98.26,56.64,49.52,38.36
509.86,35.08,21.19,22.83,21.49,98.26,56.64,49.41,38.36
509.87,35.15,21.19,22.80,21.49,98.26,56.64,49.41,38.36
509.88,35.08,21.16,22.80,21.49,98.26,56.64,49.41,38.36
509.89,35.08,21.19,22.80,21.49,98.26,56.64,49.41,38.36
509.90,35.08,21.16,22.83,21.49,98.26,56.50,49.52,38.36
509.91,35.15,21.19,22.83,21.49,98.26,56.64,49.52,38.28
509.92,35.15,21.19,22.83,21.49,98.26,56.50,49.41,38.36
509.93,35.15,21.19,22.80,21.49,97.88,56.64,49.41,38.36
509.94,35.08,21.16,22.80,21.49,98.26,56.64,49.41,38.36
509.95,35.15,21.16,22.83,21.52,98.26,56.64,49.52,38.36
509.96,35.08,21.19,22.83,21.49,98.26,56.64,49.41,38.36
509.97,35.08,21.19,22.83,21.49,98.26,56.64,49.52,38.36
509.98,35.08,21.16,22.80,21.49,98.26,56.64,49.41,38.36
509.99,35.15,21.19,22.80,21.52,98.26,56.64,49.41,38.36
510.00,35.01,21.16,22.83,21.52,98.26,56.64,49.52,38.36
510.01,35.08,21.19,22.83,21.52,98.26,56.64,49.52,38.36
510.02,35.08,21.19,22.83,21.49,98.26,56.64,49.41,38.36
510.03,35.08,21.19,22.80,21.49,98.26,56.64,49.41,38.36
510.04,35.15,21.16,22.83,21.49,98.26,56.64,49.41,38.43
510.05,35.08,21.19,22.83,21.49,98.26,56.64,49.52,38.36
510.06,35.08,21.19,22.83,21.52,98.26,56.64,49.52,38.36
510.07,35.15,21.16,22.83,21.49,98.26,56.64,49.41,38.36
510.08,35.08,21.19,22.80,21.49,98.26,56.64,49.41,38.36
510.09,35.08,21.16,22.80,21.49,98.26,56.64,49.52,38.36
510.10,35.08,21.19,22.83,21.49,98.26,56.64,49.52,38.36
510.11,35.08,21.19,22.83,21.52,98.26,56.64,49.52,38.43
510.12,35.15,21.19,22.83,21.49,98.26,56.64,49.41,38.36
510.13,35.08,21.19,22.80,21.49,98.26,56.50,49.52,38.36
510.14,35.08,21.19,22.83,21.52,98.26,56.64,49.52,38.36
510.15,35.08,21.19,22.83,21.49,98.26,56.64,49.52,38.36
510.16,35.08,21.19,22.83,21.49,98.26,56.64,49.52,38.36
510.17,35.08,21.19,22.83,21.49,98.26,56.64,49.52,38.36
510.18,35.08,21.19,22.80,21.49,98.26,56.64,49.52,38.36
510.19,35.15,21.19,22.83,21.49,98.26,56.64,49.52,38.36
510.20,35.08,21.19,22.83,21.49,98.26,56.64,49.52,38.36
510.21,35.15,21.19,22.83,21.49,98.26,56.64,49.52,38.36
510.22,35.08,21.19,22.83,21.49,98.26,56.64,49.41,38.36
510.23,35.08,21.16,22.83,21.49,98.26,56.64,49.52,38.36
510.24,35.15,21.19,22.80,21.49,98.26,56.64,49.41,38.36
510.25,35.08,21.19,22.83,21.49,98.26,56.64,49.41,38.36
510.26,35.21,21.19,22.83,21.49,98.26,56.64,49.52,38.36
510.27,35.08,21.19,22.83,21.49,98.26,56.50,49.41,38.36
510.28,35.15,21.16,22.83,21.52,98.26,56.64,49.52,38.36
510.29,35.08,21.19,22.83,21.49,98.26,56.64,49.52,38.36
510.30,35.08,21.19,22.83,21.52,98.26,56.64,49.52,38.36
510.31,35.15,21.19,22.83,21.49,98.26,56.64,49.52,38.36
510.32,35.15,21.19,22.83,21.49,98.64,56.64,49.52,38.36
510.33,35.15,21.19,22.83,21.49,98.26,56.64,49.52,38.36
510.34,35.08,21.19,22.83,21.49,98.26,56.50,49.52,38.36
510.35,35.15,21.19,22.83,21.49,98.26,56.64,49.52,38.36
510.36,35.15,21.23,22.83,21.49,98.26,56.78,49.52,38.36
510.37,35.08,21.19,22.83,21.49,98.26,56.50,49.52,38.28
510.38,35.08,21.19,22.83,21.49,98.26,56.64,49.52,38.43
510.39,35.08,21.19,22.83,21.52,98.26,56.64,49.41,38.28
510.40,35.08,21.19,22.83,21.52,98.26,56.64,49.64,38.43
510.41,35.08,21.19,22.83,21.49,98.26,56.64,49.52,38.36
510.42,35.08,21.19,22.83,21.49,98.26,56.64,49.52,38.36
510.43,35.15,21.16,22.83,21.49,98.26,56.64,49.52,38.36
510.44,35.08,21.19,22.83,21.52,98.26,56.64,49.52,38.43
510.45,35.08,21.19,22.83,21.49,98.26,56.64,49.52,38.36
510.46,35.08,21.19,22.83,21.49,98.26,56.64,49.52,38.36
510.47,35.15,21.19,22.83,21.49,98.26,56.64,49.52,38.36
510.48,35.08,21.19,22.83,21.49,98.26,56.64,49.52,38.36
510.49,35.15,21.19,22.80,21.49,98.26,56.64,49.52,38.36
510.50,35.08,21.19,22.83,21.49,98.26,56.78,49.52,38.43
510.51,35.21,21.19,22.83,21.49,98.26,56.64,49.52,38.36
510.52,35.15,21.19,22.80,21.49,98.26,56.64,49.52,38.36
510.53,35.08,21.19,22.83,21.49,98.26,56.64,49.52,38.36
510.54,35.15,21.16,22.80,21.49,98.26,56.64,49.52,38.36
510.55,35.08,21.19,22.87,21.49,98.26,56.64,49.52,38.36
510.56,35.21,21.19,22.83,21.49,98.26,56.64,49.52,38.36
510.57,35.08,21.19,22.83,21.49,98.26,56.64,49.52,38.36
510.58,35.15,21.19,22.83,21.49,98.64,56.64,49.52,38.36
510.59,35.08,21.19,22.83,21.49,98.26,56.64,49.52,38.36
510.60,35.08,21.19,22.83,21.52,98.64,56.64,49.52,38.36
510.61,35.08,21.23,22.83,21.49,98.26,56.64,49.52,38.36
510.62,35.08,21.19,22.83,21.49,98.26,56.64,49.41,38.36
510.63,35.08,21.19,22.83,21.49,98.26,56.78,49.52,38.36
510.64,35.08,21.19,22.83,21.49,98.26,56.64,49.30,38.36
510.65,35.08,21.23,22.83,21.49,98.26,56.64,49.52,38.36
510.66,35.15,21.23,22.83,21.49,98.26,56.78,49.52,38.36
510.67,35.08,21.19,22.83,21.49,98.26,56.64,49.52,38.36
510.68,35.08,21.19,22.83,21.49,98.26,56.64,49.52,38.36
510.69,35.15,21.19,22.83,21.52,98.26,56.64,49.52,38.36
510.70,35.08,21.23,22.83,21.49,98.26,56.64,49.52,38.36
510.71,35.08,21.19,22.87,21.49,98.26,56.78,49.52,38.36
510.72,35.08,21.19,22.83,21.49,98.26,56.64,49.52,38.36
510.73,35.08,21.19,22.83,21.49,98.26,56.64,49.52,38.36
510.74,35.08,21.19,22.83,21.49,98.26,56.64,49.52,38.36
510.75,35.15,21.19,22.83,21.49,98.26,56.64,49.52,38.36
510.76,35.08,21.23,22.83,21.49,98.26,56.78,49.52,38.36
510.77,35.08,21.19,22.83,21.49,98.26,56.64,49.52,38.36
510.78,35.08,21.19,22.83,21.49,98.26,56.64,49.52,38.43
510.79,35.08,21.19,22.83,21.49,98.26,56.64,49.52,38.36
510.80,35.08,21.23,22.83,21.49,98.26,56.64,49.52,38.43
510.81,35.15,21.19,22.83,21.52,98.26,56.64,49.52,38.36
510.82,35.15,21.19,22.83,21.49,98.26,56.64,49.52,38.43
510.83,35.15,21.19,22.83,21.49,98.26,56.64,49.52,38.36
510.84,35.08,21.19,22.83,21.49,98.26,56.64,49.52,38.36
510.85,35.08,21.19,22.87,21.49,98.26,56.64,49.52,38.36
510.86,35.15,21.19,22.87,21.49,98.26,56.64,49.52,38.36
510.87,35.08,21.19,22.83,21.49,98.26,56.64,49.52,38.36
510.88,35.08,21.19,22.83,21.49,98.26,56.64,49.52,38.36
510.89,35.08,21.19,22.83,21.49,98.26,56.78,49.52,38.36
510.90,35.08,21.19,22.83,21.49,98.26,56.64,49.52,38.43
510.91,35.15,21.19,22.87,21.49,98.26,56.64,49.52,38.36
510.92,35.15,21.23,22.83,21.49,98.26,56.64,49.52,38.36
510.93,35.15,21.19,22.83,21.49,98.26,56.64,49.52,38.36
510.94,35.08,21.23,22.83,21.49,98.26,56.64,49.52,38.28
510.95,35.15,21.19,22.87,21.49,98.26,56.64,49.52,38.36
510.96,35.08,21.23,22.87,21.49,98.26,56.64,49.52,38.36
510.97,35.08,21.23,22.83,21.49,98.26,56.64,49.52,38.36
510.98,35.15,21.19,22.83,21.49,98.26,56.64,49.52,38.36
510.99,35.08,21.19,22.83,21.52,98.26,56.64,49.52,38.36
511.00,35.08,21.23,22.87,21.49,98.64,56.64,49.52,38.43
511.01,35.15,21.23,22.87,21.49,98.26,56.64,49.52,38.36
511.02,35.08,21.23,22.83,21.49,98.26,56.64,49.52,38.36
511.03,35.08,21.19,22.83,21.49,98.26,56.64,49.52,38.36
511.04,35.08,21.19,22.83,21.52,98.26,56.64,49.52,38.36
511.05,35.15,21.19,22.83,21.49,98.26,56.78,49.52,38.43
511.06,35.08,21.23,22.83,21.49,98.26,56.64,49.52,38.36
511.07,35.08,21.23,22.87,21.49,98.26,56.78,49.52,38.36
511.08,35.15,21.19,22.83,21.49,98.26,56.64,49.52,38.36
511.09,35.21,21.19,22.87,21.52,98.64,56.64,49.52,38.36
511.10,35.15,21.23,22.83,21.52,98.26,56.78,49.52,38.36
511.11,35.15,21.23,22.83,21.49,98.26,56.64,49.52,38.36
511.12,35.08,21.23,22.83,21.49,98.26,56.64,49.52,38.36
511.13,35.08,21.19,22.83,21.49,98.26,56.64,49.41,38.36
511.14,35.15,21.16,22.83,21.52,98.26,56.64,49.52,38.43
511.15,35.15,21.23,22.87,21.52,98.26,56.64,49.52,38.36
511.16,35.15,21.23,22.87,21.49,98.26,56.64,49.52,38.36
511.17,35.15,21.19,22.83,21.49,98.26,56.64,49.52,38.36
511.18,35.08,21.19,22.83,21.49,98.26,56.64,49.41,38.36
511.19,35.08,21.23,22.83,21.49,98.26,56.64,49.52,38.36
511.20,35.15,21.19,22.87,21.49,98.26,56.64,49.52,38.36
511.21,35.21,21.23,22.83,21.49,98.26,56.64,49.52,38.36
511.22,35.08,21.23,22.83,21.49,98.26,56.64,49.52,38.36
511.23,35.08,21.19,22.83,21.49,98.26,56.64,49.52,38.36
511.24,35.15,21.19,22.83,21.49,98.26,56.64,49.52,38.36
511.25,35.21,21.23,22.83,21.49,98.26,56.64,49.52,38.36
511.26,35.15,21.23,22.87,21.49,98.26,56.78,49.52,38.36
511.27,35.15,21.19,22.83,21.49,98.26,56.64,49.52,38.36
511.28,35.08,21.19,22.83,21.49,98.26,56.64,49.52,38.43
511.29,35.08,21.23,22.83,21.49,98.26,56.64,49.52,38.36
511.30,35.15,21.23,22.87,21.49,98.26,56.64,49.52,38.36
511.31,35.15,21.23,22.87,21.49,98.26,56.64,49.52,38.36
511.32,35.08,21.19,22.83,21.49,98.26,56.78,49.52,38.43
511.33,35.08,21.23,22.83,21.52,98.26,56.78,49.52,38.36
511.34,35.15,21.19,22.83,21.52,98.26,56.78,49.52,38.43
511.35,35.15,21.23,22.83,21.49,98.26,56.64,49.52,38.36
511.36,35.15,21.23,22.83,21.52,98.26,56.78,49.52,38.36
511.37,35.15,21.23,22.87,21.52,98.26,56.78,49.52,38.43
511.38,35.21,21.19,22.83,21.49,98.26,56.64,49.52,38.36
511.39,35.15,21.23,22.83,21.49,98.64,56.64,49.52,38.36
511.40,35.21,21.23,22.87,21.49,98.26,56.78,49.52,38.43
511.41,35.15,21.23,22.87,21.52,98.26,56.78,49.52,38.43
511.42,35.21,21.19,22.87,21.52,98.26,56.64,49.52,38.36
511.43,35.15,21.19,22.83,21.49,98.26,56.64,49.52,38.36
511.44,35.15,21.23,22.83,21.49,98.64,56.64,49.52,38.36
511.45,35.15,21.23,22.87,21.49,98.26,56.64,49.52,38.43
511.46,35.15,21.19,22.87,21.49,98.26,56.78,49.52,38.43
511.47,35.15,21.23,22.87,21.52,98.26,56.78,49.52,38.43
511.48,35.08,21.23,22.83,21.49,98.26,56.64,49.52,38.36
511.49,35.21,21.23,22.87,21.49,98.26,56.64,49.52,38.43
511.50,35.15,21.23,22.87,21.52,98.64,56.64,49.52,38.43
511.51,35.15,21.23,22.83,21.49,98.26,56.78,49.52,38.36
511.52,35.08,21.19,22.87,21.49,98.26,56.64,49.52,38.36
511.53,35.15,21.23,22.83,21.49,98.26,56.64,49.52,38.36
511.54,35.15,21.23,22.87,21.49,98.26,56.64,49.52,38.43
511.55,35.15,21.23,22.87,21.52,98.26,56.78,49.52,38.36
511.56,35.15,21.23,22.87,21.49,98.26,56.78,49.52,38.36
511.57,35.21,21.19,22.83,21.49,98.26,56.64,49.52,38.36
511.58,35.08,21.19,22.83,21.52,98.26,56.78,49.52,38.43
511.59,35.08,21.23,22.87,21.52,98.26,56.64,49.52,38.43
511.60,35.15,21.23,22.87,21.52,98.26,56.78,49.52,38.36
511.61,35.15,21.23,22.87,21.52,98.26,56.50,49.52,38.43
511.62,35.15,21.23,22.87,21.49,98.64,56.92,49.52,38.43
511.63,35.08,21.23,22.83,21.52,98.26,56.78,49.52,38.43
511.64,35.08,21.23,22.87,21.52,98.26,56.78,49.52,38.28
511.65,35.15,21.23,22.87,21.52,98.26,56.78,49.52,38.43
511.66,35.15,21.23,22.87,21.49,98.64,56.78,49.52,38.43
511.67,35.21,21.23,22.87,21.52,98.26,56.78,49.52,38.43
511.68,35.08,21.19,22.87,21.52,98.26,56.64,49.52,38.43
511.69,35.15,21.23,22.87,21.52,98.26,56.78,49.52,38.36
511.70,35.21,21.23,22.87,21.52,98.26,56.64,49.52,38.36
511.71,35.21,21.23,22.87,21.52,98.64,56.78,49.52,38.36
511.72,35.15,21.23,22.83,21.49,98.26,56.78,49.52,38.43
511.73,35.15,21.23,22.87,21.52,98.26,56.64,49.52,38.43
511.74,35.15,21.23,22.83,21.52,98.64,56.64,49.52,38.43
511.75,35.15,21.23,22.87,21.52,98.64,56.64,49.64,38.43
511.76,35.21,21.23,22.87,21.49,98.26,56.64,49.64,38.36
511.77,35.08,21.23,22.87,21.49,98.26,56.64,49.52,38.36
511.78,35.08,21.23,22.83,21.52,98.26,56.78,49.52,38.43
511.79,35.15,21.23,22.83,21.52,98.26,56.64,49.52,38.43
511.80,35.15,21.26,22.87,21.52,98.26,56.64,49.52,38.43
511.81,35.21,21.23,22.87,21.52,98.26,56.78,49.52,38.43
511.82,35.15,21.23,22.87,21.52,98.26,56.64,49.52,38.43
511.83,35.15,21.23,22.83,21.52,98.26,56.78,49.52,38.36
511.84,35.15,21.23,22.87,21.52,98.26,56.64,49.52,38.43
511.85,35.21,21.26,22.87,21.52,98.64,56.78,49.52,38.43
511.86,35.21,21.23,22.87,21.49,98.26,56.64,49.52,38.43
511.87,35.08,21.23,22.83,21.52,99.02,56.64,49.64,38.43
511.88,35.15,21.23,22.87,21.52,98.26,56.78,49.41,38.43
511.89,35.08,21.23,22.87,21.52,98.26,56.78,49.52,38.36
511.90,35.08,21.23,22.87,21.52,98.64,56.78,49.64,38.43
511.91,35.15,21.23,22.87,21.52,98.26,56.78,49.52,38.36
511.92,35.08,21.23,22.87,21.49,98.26,56.78,49.52,38.43
511.93,35.08,21.19,22.83,21.49,98.26,56.78,49.52,38.36
511.94,35.15,21.23,22.87,21.52,98.26,56.78,49.52,38.36
511.95,35.15,21.23,22.87,21.49,98.26,56.78,49.64,38.43
511.96,35.15,21.23,22.87,21.49,98.26,56.78,49.52,38.43
511.97,35.15,21.23,22.87,21.52,98.26,56.78,49.52,38.36
511.98,35.08,21.23,22.83,21.49,98.26,56.78,49.52,38.43
511.99,35.15,21.23,22.83,21.49,98.26,56.64,49.64,38.43
512.00,35.08,21.23,22.87,21.49,98.64,56.78,49.52,38.43
512.01,35.15,21.23,22.87,21.52,98.64,56.78,49.52,38.36
512.02,35.15,21.23,22.87,21.52,98.26,56.78,49.52,38.36
512.03,35.08,21.23,22.87,21.52,98.26,56.64,49.52,38.36
512.04,35.21,21.23,22.87,21.52,98.64,56.78,49.52,38.43
512.05,35.15,21.23,22.87,21.52,98.26,56.78,49.52,38.43
512.06,35.15,21.23,22.87,21.52,98.26,56.78,49.52,38.36
512.07,35.15,21.23,22.87,21.52,98.64,56.64,49.52,38.43
512.08,35.15,21.23,22.87,21.49,98.26,56.78,49.52,38.43
512.09,35.08,21.23,22.87,21.52,98.26,56.78,49.52,38.43
512.10,35.15,21.23,22.87,21.52,98.26,56.78,49.52,38.43
512.11,35.15,21.23,22.87,21.52,98.64,56.64,49.52,38.43
512.12,35.15,21.23,22.87,21.52,98.26,56.64,49.52,38.36
512.13,35.15,21.23,22.87,21.52,98.26,56.78,49.52,38.43
512.14,35.15,21.23,22.87,21.52,98.64,56.78,49.52,38.43
512.15,35.15,21.26,22.87,21.49,98.26,56.78,49.52,38.43
512.16,35.15,21.26,22.87,21.52,98.26,56.64,49.52,38.43
512.17,35.21,21.23,22.87,21.49,98.26,56.64,49.52,38.43
512.18,35.08,21.23,22.83,21.52,98.26,56.78,49.52,38.36
512.19,35.15,21.23,22.87,21.52,98.26,56.78,49.64,38.43
512.20,35.21,21.26,22.87,21.52,98.64,56.78,49.64,38.43
512.21,35.15,21.26,22.87,21.52,98.26,56.92,49.52,38.36
512.22,35.21,21.23,22.87,21.49,98.26,56.78,49.52,38.43
512.23,35.15,21.23,22.83,21.52,98.26,56.64,49.52,38.43
512.24,35.15,21.23,22.87,21.49,98.26,56.64,49.52,38.43
512.25,35.15,21.26,22.87,21.52,98.64,56.78,49.64,38.43
512.26,35.15,21.26,22.87,21.52,98.26,56.78,49.64,38.43
512.27,35.21,21.26,22.87,21.52,98.26,56.64,49.52,38.43
512.28,35.15,21.23,22.83,21.52,98.64,56.78,49.52,38.43
512.29,35.15,21.23,22.87,21.52,98.26,56.78,49.52,38.43
512.30,35.21,21.26,22.87,21.52,98.64,56.78,49.64,38.43
512.31,35.15,21.26,22.87,21.52,98.64,56.78,49.52,38.43
512.32,35.08,21.19,22.87,21.52,98.26,56.64,49.52,38.43
512.33,35.15,21.23,22.83,21.49,98.26,56.64,49.52,38.36
512.34,35.15,21.23,22.87,21.49,98.26,56.78,49.52,38.43
512.35,35.08,21.23,22.87,21.52,98.64,56.78,49.64,38.43
512.36,35.21,21.26,22.87,21.52,98.26,56.78,49.64,38.43
512.37,35.15,21.23,22.87,21.49,98.26,56.78,49.64,38.43
512.38,35.08,21.23,22.87,21.52,98.26,56.78,49.52,38.43
512.39,35.15,21.23,22.83,21.52,98.26,56.78,49.64,38.43
512.40,35.21,21.26,22.87,21.52,98.64,56.78,49.64,38.36
512.41,35.15,21.23,22.87,21.52,98.64,56.78,49.64,38.43
512.42,35.15,21.23,22.87,21.52,98.26,56.78,49.52,38.43
512.43,35.15,21.23,22.87,21.52,98.64,56.78,49.64,38.43
512.44,35.21,21.23,22.87,21.52,98.64,56.78,49.75,38.43
512.45,35.21,21.26,22.87,21.52,98.64,56.78,49.64,38.43
512.46,35.15,21.26,22.87,21.52,98.26,56.78,49.52,38.43
512.47,35.15,21.23,22.87,21.49,98.64,56.78,49.52,38.43
512.48,35.15,21.23,22.87,21.52,98.64,56.78,49.64,38.36
512.49,35.21,21.23,22.87,21.52,98.26,56.78,49.52,38.43
512.50,35.15,21.26,22.90,21.52,98.64,56.78,49.52,38.36
512.51,35.15,21.26,22.87,21.52,98.64,56.78,49.52,38.43
512.52,35.15,21.23,22.87,21.52,98.26,56.78,49.52,38.43
512.53,35.15,21.23,22.87,21.52,98.26,56.78,49.52,38.43
512.54,35.15,21.26,22.87,21.52,98.26,56.78,49.64,38.43
512.55,35.15,21.26,22.87,21.52,98.64,56.78,49.64,38.43
512.56,35.21,21.26,22.90,21.52,98.64,56.78,49.64,38.43
512.57,35.15,21.23,22.87,21.52,98.64,56.64,49.52,38.43
512.58,35.15,21.23,22.87,21.52,98.26,56.78,49.64,38.36
512.59,35.15,21.26,22.87,21.52,98.26,56.78,49.52,38.43
512.60,35.15,21.26,22.87,21.52,98.26,56.78,49.64,38.43
512.61,35.21,21.26,22.87,21.52,98.64,56.64,49.64,38.36
512.62,35.15,21.26,22.87,21.52,98.26,56.64,49.64,38.43
512.63,35.28,21.23,22.87,21.52,98.64,56.64,49.64,38.43
512.64,35.21,21.23,22.87,21.52,98.26,56.78,49.52,38.43
512.65,35.21,21.26,22.87,21.52,98.64,56.78,49.64,38.43
512.66,35.21,21.26,22.87,21.52,98.26,56.78,49.52,38.43
512.67,35.21,21.23,22.87,21.52,98.26,56.78,49.52,38.43
512.68,35.15,21.23,22.87,21.52,98.26,56.78,49.64,38.43
512.69,35.15,21.26,22.87,21.52,98.64,56.78,49.64,38.36
512.70,35.15,21.26,22.90,21.52,98.26,56.78,49.64,38.43
512.71,35.15,21.26,22.90,21.52,98.26,56.78,49.64,38.43
512.72,35.15,21.26,22.87,21.52,98.64,56.78,49.64,38.36
512.73,35.15,21.23,22.87,21.52,98.64,56.78,49.64,38.43
512.74,35.15,21.23,22.87,21.49,98.64,56.78,49.52,38.43
512.75,35.21,21.26,22.90,21.49,98.64,56.78,49.75,38.43
512.76,35.15,21.23,22.87,21.52,98.64,56.78,49.64,38.43
512.77,35.15,21.26,22.90,21.52,98.26,56.78,49.64,38.43
512.78,35.15,21.23,22.87,21.49,98.26,56.78,49.64,38.36
512.79,35.15,21.26,22.90,21.49,98.64,56.78,49.64,38.43
512.80,35.15,21.26,22.90,21.52,98.64,56.78,49.64,38.43
512.81,35.15,21.23,22.87,21.52,98.64,56.78,49.64,38.43
512.82,35.15,21.26,22.90,21.52,98.64,56.78,49.64,38.43
512.83,35.15,21.26,22.87,21.52,98.26,56.78,49.52,38.43
512.84,35.21,21.26,22.90,21.52,98.64,56.78,49.64,38.36
512.85,35.15,21.26,22.90,21.52,98.64,56.92,49.52,38.43
512.86,35.21,21.26,22.87,21.52,98.26,56.92,49.64,38.43
512.87,35.15,21.26,22.87,21.52,98.64,56.78,49.52,38.43
512.88,35.15,21.26,22.90,21.52,98.26,56.64,49.64,38.43
512.89,35.15,21.26,22.90,21.52,98.64,56.92,49.64,38.43
512.90,35.15,21.26,22.90,21.52,98.26,56.78,49.64,38.43
512.91,35.15,21.26,22.90,21.52,98.26,56.78,49.64,38.43
512.92,35.15,21.26,22.90,21.49,98.26,56.78,49.64,38.43
512.93,35.21,21.23,22.90,21.52,98.64,56.78,49.64,38.43
512.94,35.15,21.23,22.87,21.52,98.64,56.78,49.64,38.43
512.95,35.21,21.26,22.90,21.52,98.64,56.78,49.64,38.43
512.96,35.15,21.26,22.87,21.52,98.64,56.78,49.64,38.43
512.97,35.15,21.26,22.87,21.52,98.26,56.78,49.64,38.43
512.98,35.15,21.26,22.87,21.52,98.64,56.78,49.64,38.43
512.99,35.15,21.26,22.90,21.52,98.26,56.78,49.64,38.43
513.00,35.21,21.29,22.90,21.52,98.64,56.78,49.64,38.43
513.01,35.08,21.26,22.90,21.52,98.64,56.78,49.64,38.36
513.02,35.21,21.26,22.87,21.52,98.26,56.78,49.64,38.43
513.03,35.15,21.26,22.90,21.52,98.26,56.78,49.64,38.43
513.04,35.21,21.26,22.87,21.52,98.26,56.78,49.64,38.43
513.05,35.21,21.26,22.94,21.52,98.64,56.78,49.64,38.43
513.06,35.15,21.26,22.94,21.52,98.64,56.92,49.64,38.43
513.07,35.21,21.23,22.90,21.52,98.64,56.78,49.64,38.43
513.08,35.15,21.26,22.90,21.52,98.26,56.92,49.64,38.43
513.09,35.15,21.26,22.90,21.52,98.64,56.78,49.64,38.43
513.10,35.21,21.26,22.90,21.52,98.26,56.78,49.75,38.43
513.11,35.21,21.26,22.90,21.52,98.64,56.78,49.64,38.51
513.12,35.21,21.26,22.90,21.52,98.64,56.78,49.64,38.43
513.13,35.15,21.26,22.90,21.52,98.26,56.78,49.52,38.36
513.14,35.08,21.26,22.87,21.52,98.64,56.78,49.87,38.43
513.15,35.15,21.26,22.90,21.52,98.64,56.78,49.52,38.43
513.16,35.15,21.26,22.90,21.52,98.64,56.78,49.64,38.43
513.17,35.15,21.26,22.90,21.52,98.64,56.64,49.64,38.43
513.18,35.15,21.26,22.90,21.52,98.64,56.78,49.64,38.43
513.19,35.15,21.26,22.90,21.52,98.64,56.78,49.64,38.43
513.20,35.15,21.26,22.90,21.52,98.64,56.78,49.64,38.43
513.21,35.15,21.26,22.90,21.52,98.64,56.78,49.64,38.43
513.22,35.15,21.26,22.90,21.52,98.64,56.78,49.64,38.43
513.23,35.15,21.26,22.87,21.52,98.64,56.64,49.64,38.43
513.24,35.21,21.26,22.90,21.52,98.64,56.78,49.64,38.43
513.25,35.21,21.26,22.90,21.52,98.64,56.78,49.64,38.43
513.26,35.15,21.26,22.90,21.52,98.64,56.78,49.64,38.43
513.27,35.21,21.26,22.90,21.52,98.26,56.78,49.64,38.43
513.28,35.15,21.26,22.87,21.52,98.64,56.78,49.64,38.43
513.29,35.15,21.26,22.90,21.52,98.64,56.78,49.64,38.43
513.30,35.21,21.26,22.90,21.52,98.64,56.78,49.64,38.43
513.31,35.21,21.29,22.90,21.52,98.64,56.78,49.64,38.43
513.32,35.21,21.26,22.90,21.52,98.64,56.78,49.64,38.43
513.33,35.15,21.23,22.90,21.49,98.26,56.78,49.64,38.43
513.34,35.15,21.26,22.90,21.52,98.64,56.78,49.64,38.43
513.35,35.15,21.29,22.90,21.52,98.64,56.78,49.64,38.43
513.36,35.15,21.29,22.90,21.52,98.64,56.78,49.64,38.43
513.37,35.21,21.26,22.90,21.52,98.64,56.78,49.64,38.43
513.38,35.15,21.26,22.90,21.52,98.64,56.78,49.64,38.43
513.39,35.21,21.26,22.90,21.52,98.64,56.78,49.64,38.43
513.40,35.28,21.29,22.90,21.52,98.64,56.78,49.64,38.43
513.41,35.21,21.29,22.90,21.52,98.64,56.78,49.64,38.43
513.42,35.15,21.26,22.87,21.49,98.26,56.78,49.64,38.43
513.43,35.21,21.26,22.90,21.52,98.64,56.78,49.52,38.43
513.44,35.08,21.26,22.90,21.52,98.64,56.78,49.75,38.43
513.45,35.21,21.26,22.94,21.52,98.64,56.78,49.64,38.43
513.46,35.21,21.26,22.87,21.52,98.64,56.92,49.64,38.43
513.47,35.15,21.26,22.90,21.52,98.64,56.92,49.64,38.43
513.48,35.15,21.26,22.90,21.52,98.64,56.78,49.64,38.43
513.49,35.15,21.26,22.90,21.52,98.64,56.78,49.64,38.43
513.50,35.21,21.26,22.90,21.52,98.64,56.78,49.75,38.43
513.51,35.21,21.29,22.90,21.52,98.64,56.78,49.64,38.43
513.52,35.15,21.26,22.90,21.52,98.64,56.64,49.64,38.43
513.53,35.21,21.26,22.90,21.52,98.64,56.92,49.64,38.51
513.54,35.15,21.26,22.90,21.52,98.64,56.92,49.64,38.43
513.55,35.28,21.29,22.90,21.52,98.64,56.92,49.64,38.43
513.56,35.15,21.29,22.90,21.52,98.64,56.78,49.52,38.43
513.57,35.21,21.26,22.90,21.49,98.64,56.92,49.64,38.43
513.58,35.15,21.26,22.90,21.52,98.26,56.78,49.64,38.43
513.59,35.15,21.26,22.90,21.52,98.64,56.78,49.64,38.43
513.60,35.28,21.29,22.90,21.52,98.64,56.92,49.64,38.43
513.61,35.21,21.26,22.90,21.52,98.64,56.78,49.64,38.43
513.62,35.21,21.26,22.90,21.52,98.64,56.78,49.64,38.36
513.63,35.21,21.26,22.90,21.52,98.64,56.78,49.64,38.43
513.64,35.21,21.26,22.90,21.52,98.64,56.78,49.64,38.43
513.65,35.15,21.29,22.94,21.49,98.64,56.92,49.52,38.43
513.66,35.15,21.26,22.90,21.52,98.64,56.78,49.64,38.43
513.67,35.15,21.26,22.90,21.52,98.64,56.78,49.64,38.43
513.68,35.21,21.26,22.90,21.52,98.64,56.78,49.64,38.43
513.69,35.21,21.29,22.90,21.52,98.64,56.92,49.64,38.43
513.70,35.15,21.26,22.90,21.52,98.64,56.92,49.64,38.43
513.71,35.15,21.29,22.90,21.49,98.64,56.78,49.64,38.51
513.72,35.15,21.26,22.90,21.52,98.26,56.78,49.64,38.43
513.73,35.15,21.26,22.90,21.52,98.64,56.92,49.64,38.43
513.74,35.15,21.26,22.90,21.52,98.64,56.92,49.64,38.51
513.75,35.21,21.26,22.90,21.52,98.64,56.78,49.64,38.51
513.76,35.21,21.26,22.90,21.52,98.64,56.92,49.64,38.51
513.77,35.15,21.26,22.90,21.52,98.64,56.78,49.64,38.43
513.78,35.15,21.26,22.90,21.52,98.64,56.78,49.64,38.43
513.79,35.15,21.26,22.90,21.52,98.64,56.92,49.64,38.51
513.80,35.15,21.29,22.90,21.52,98.64,56.78,49.75,38.43
513.81,35.21,21.26,22.90,21.52,98.64,56.78,49.64,38.43
513.82,35.15,21.26,22.90,21.49,98.64,56.78,49.64,38.43
513.83,35.15,21.26,22.90,21.52,98.64,56.78,49.64,38.43
513.84,35.28,21.29,22.90,21.52,98.64,56.78,49.64,38.51
513.85,35.21,21.29,22.90,21.52,98.64,56.92,49.64,38.43
513.86,35.28,21.26,22.90,21.52,98.64,56.92,49.64,38.43
513.87,35.15,21.26,22.87,21.52,98.64,56.78,49.64,38.43
513.88,35.21,21.26,22.90,21.52,98.64,56.78,49.64,38.43
513.89,35.28,21.29,22.90,21.52,98.64,56.92,49.64,38.51
513.90,35.21,21.29,22.90,21.52,98.64,56.78,49.64,38.51
513.91,35.15,21.29,22.90,21.52,98.64,56.78,49.64,38.43
513.92,35.15,21.29,22.90,21.52,98.26,56.78,49.64,38.51
513.93,35.15,21.26,22.90,21.52,98.64,56.78,49.64,38.43
513.94,35.15,21.26,22.90,21.52,98.64,56.92,49.64,38.51
513.95,35.21,21.29,22.90,21.52,98.64,56.92,49.64,38.43
513.96,35.21,21.26,22.90,21.52,98.64,56.92,49.64,38.51
513.97,35.15,21.26,22.90,21.52,98.64,56.78,49.64,38.43
513.98,35.15,21.26,22.90,21.52,98.64,56.78,49.64,38.51
513.99,35.21,21.29,22.90,21.52,98.64,56.92,49.75,38.43
514.00,35.21,21.26,22.90,21.52,98.64,56.78,49.64,38.43
514.01,35.21,21.29,22.90,21.52,98.64,56.78,49.64,38.43
514.02,35.15,21.26,22.90,21.49,98.64,56.78,49.75,38.51
514.03,35.21,21.26,22.90,21.52,98.64,56.92,49.64,38.51
514.04,35.21,21.29,22.90,21.52,98.64,56.92,49.64,38.43
514.05,35.21,21.29,22.94,21.52,98.64,56.92,49.75,38.51
514.06,35.15,21.26,22.90,21.52,98.64,56.78,49.75,38.43
514.07,35.15,21.26,22.90,21.52,98.64,56.78,49.64,38.43
514.08,35.08,21.26,22.90,21.52,98.64,56.78,49.64,38.51
514.09,35.21,21.29,22.90,21.52,98.64,56.92,49.64,38.51
514.10,35.28,21.29,22.90,21.52,98.64,56.92,49.75,38.43
514.11,35.21,21.26,22.90,21.52,98.64,56.92,49.64,38.43
514.12,35.21,21.29,22.90,21.52,98.64,56.50,49.64,38.43
514.13,35.28,21.29,22.90,21.52,98.64,57.07,49.64,38.43
514.14,35.21,21.29,22.90,21.52,98.64,56.78,49.64,38.51
514.15,35.15,21.29,22.90,21.52,98.64,56.92,49.75,38.51
514.16,35.21,21.29,22.90,21.52,98.64,56.92,49.75,38.51
514.17,35.21,21.29,22.90,21.52,98.64,56.78,49.64,38.43
514.18,35.15,21.29,22.90,21.52,98.64,56.78,49.64,38.51
514.19,35.15,21.29,22.94,21.52,98.64,56.92,49.75,38.43
514.20,35.21,21.29,22.94,21.52,98.64,56.92,49.64,38.43
514.21,35.21,21.29,22.90,21.52,98.64,56.92,49.64,38.51
514.22,35.21,21.26,22.90,21.52,98.64,56.92,49.64,38.51
514.23,35.15,21.26,22.90,21.52,98.64,56.78,49.64,38.51
514.24,35.28,21.29,22.94,21.52,98.64,56.78,49.64,38.43
514.25,35.28,21.29,22.94,21.52,98.64,56.92,49.64,38.43
514.26,35.21,21.29,22.94,21.52,98.64,56.92,49.64,38.51
514.27,35.15,21.26,22.90,21.52,98.64,56.78,49.64,38.51
514.28,35.15,21.26,22.90,21.52,98.26,56.78,49.64,38.43
514.29,35.28,21.29,22.90,21.52,98.64,56.92,49.87,38.43
514.30,35.21,21.29,22.94,21.52,98.64,56.78,49.64,38.43
514.31,35.21,21.29,22.90,21.52,98.64,56.92,49.75,38.43
514.32,35.21,21.29,22.90,21.52,98.64,56.78,49.64,38.43
514.33,35.15,21.26,22.90,21.52,98.64,56.92,49.75,38.43
514.34,35.21,21.29,22.94,21.52,98.64,56.92,49.75,38.51
514.35,35.21,21.32,22.94,21.52,98.64,56.92,49.75,38.51
514.36,35.28,21.29,22.94,21.52,99.02,56.92,49.75,38.51
514.37,35.15,21.29,22.90,21.52,98.26,56.92,49.64,38.51
514.38,35.21,21.29,22.90,21.52,98.64,56.92,49.75,38.43
514.39,35.28,21.29,22.94,21.52,98.64,56.92,49.64,38.43
514.40,35.21,21.29,22.94,21.52,98.64,56.92,49.87,38.43
514.41,35.21,21.29,22.90,21.52,98.64,56.78,49.75,38.43
514.42,35.28,21.29,22.90,21.52,98.64,56.78,49.75,38.51
514.43,35.21,21.29,22.90,21.52,98.64,56.92,49.64,38.51
514.44,35.21,21.29,22.94,21.52,98.64,56.92,49.75,38.43
514.45,35.15,21.32,22.94,21.52,98.64,56.92,49.75,38.51
514.46,35.28,21.29,22.94,21.52,98.64,56.92,49.75,38.43
514.47,35.15,21.29,22.90,21.52,98.64,56.78,49.64,38.43
514.48,35.21,21.29,22.94,21.52,98.64,56.78,49.64,38.51
514.49,35.28,21.29,22.94,21.52,99.02,56.78,49.75,38.43
514.50,35.28,21.29,22.94,21.52,99.02,56.92,49.75,38.51
514.51,35.21,21.29,22.90,21.52,98.64,56.92,49.64,38.43
514.52,35.15,21.29,22.90,21.52,98.64,56.92,49.64,38.51
514.53,35.21,21.29,22.94,21.52,98.64,56.92,49.75,38.51
514.54,35.15,21.29,22.90,21.52,98.64,56.92,49.75,38.43
514.55,35.21,21.29,22.90,21.52,98.64,56.92,49.52,38.43
514.56,35.21,21.29,22.90,21.52,98.64,56.78,49.64,38.43
514.57,35.21,21.29,22.90,21.52,98.64,56.78,49.75,38.43
514.58,35.15,21.29,22.90,21.52,98.64,56.92,49.64,38.43
514.59,35.21,21.29,22.94,21.52,98.64,56.92,49.75,38.51
514.60,35.21,21.29,22.94,21.52,98.64,56.92,49.75,38.43
514.61,35.21,21.29,22.90,21.52,98.64,56.78,49.64,38.43
514.62,35.15,21.29,22.90,21.52,98.64,56.78,49.64,38.43
514.63,35.15,21.29,22.94,21.52,98.64,56.92,49.75,38.43
514.64,35.21,21.29,22.94,21.52,98.64,56.92,49.75,38.43
514.65,35.21,21.29,22.94,21.52,98.64,56.92,49.75,38.43
514.66,35.21,21.29,22.90,21.52,98.64,56.92,49.75,38.51
514.67,35.21,21.26,22.90,21.52,98.64,56.78,49.75,38.43
514.68,35.21,21.29,22.90,21.52,98.64,56.78,49.75,38.43
514.69,35.21,21.29,22.90,21.52,98.64,56.92,49.64,38.43
514.70,35.21,21.32,22.94,21.52,98.64,56.92,49.75,38.43
514.71,35.21,21.29,22.90,21.52,98.64,56.92,49.64,38.43
514.72,35.21,21.29,22.90,21.52,98.64,56.92,49.64,38.43
514.73,35.15,21.29,22.90,21.52,98.64,56.92,49.64,38.43
514.74,35.21,21.29,22.90,21.52,98.64,56.92,49.64,38.43
514.75,35.28,21.29,22.94,21.52,98.64,56.92,49.75,38.43
514.76,35.21,21.29,22.90,21.52,98.64,56.92,49.64,38.43
514.77,35.15,21.29,22.90,21.52,98.64,56.92,49.64,38.43
514.78,35.15,21.29,22.90,21.52,98.64,56.92,49.64,38.43
514.79,35.21,21.29,22.90,21.52,98.64,56.78,49.75,38.51
514.80,35.21,21.29,22.94,21.52,98.64,56.92,49.75,38.51
514.81,35.21,21.29,22.90,21.52,98.64,56.92,49.75,38.43
514.82,35.21,21.29,22.90,21.52,98.64,56.92,49.64,38.43
514.83,35.21,21.26,22.90,21.52,98.64,56.92,49.64,38.43
514.84,35.21,21.29,22.90,21.52,98.64,56.92,49.64,38.43
514.85,35.28,21.29,22.90,21.52,98.64,56.78,49.75,38.43
514.86,35.21,21.29,22.90,21.52,98.64,56.92,49.64,38.43
514.87,35.21,21.26,22.90,21.52,98.64,56.92,49.64,38.43
514.88,35.15,21.26,22.90,21.52,98.64,56.92,49.64,38.43
514.89,35.28,21.29,22.90,21.52,98.64,56.92,49.64,38.51
514.90,35.28,21.29,22.94,21.52,98.64,56.78,49.64,38.51
514.91,35.21,21.29,22.90,21.52,98.64,56.92,49.75,38.43
514.92,35.21,21.29,22.90,21.52,98.64,56.92,49.75,38.51
514.93,35.21,21.29,22.90,21.52,98.64,56.92,49.64,38.43
514.94,35.15,21.29,22.90,21.52,98.64,56.92,49.75,38.43
514.95,35.28,21.32,22.90,21.52,98.64,56.92,49.75,38.43
514.96,35.15,21.26,22.90,21.52,98.26,56.92,49.64,38.43
514.97,35.15,21.26,22.90,21.52,98.64,56.92,49.64,38.51
514.98,35.21,21.29,22.90,21.52,98.64,56.78,49.75,38.43
514.99,35.21,21.29,22.90,21.52,98.64,56.92,49.75,38.43
515.00,35.15,21.29,22.90,21.52,98.64,56.92,49.64,38.43
515.01,35.15,21.29,22.90,21.52,98.64,56.92,49.64,38.43
515.02,35.15,21.26,22.90,21.52,98.64,56.78,49.64,38.43
515.03,35.21,21.29,22.90,21.52,98.64,56.78,49.64,38.43
515.04,35.15,21.29,22.90,21.52,98.64,56.92,49.75,38.43
515.05,35.21,21.29,22.94,21.52,98.64,56.92,49.64,38.43
515.06,35.15,21.29,22.90,21.52,98.64,56.78,49.64,38.43
515.07,35.15,21.29,22.90,21.52,98.64,56.92,49.64,38.43
515.08,35.21,21.29,22.94,21.52,98.64,56.92,49.64,38.43
515.09,35.21,21.29,22.94,21.52,98.64,56.92,49.75,38.51
515.10,35.21,21.29,22.90,21.52,99.02,56.92,49.64,38.43
515.11,35.15,21.26,22.90,21.52,98.26,56.78,49.64,38.43
515.12,35.21,21.26,22.90,21.52,98.64,56.92,49.64,38.43
515.13,35.15,21.26,22.90,21.52,98.64,56.78,49.75,38.51
515.14,35.21,21.29,22.90,21.52,98.64,56.78,49.75,38.51
515.15,35.21,21.29,22.94,21.52,98.64,56.78,49.64,38.51
515.16,35.21,21.29,22.90,21.52,98.64,56.92,49.75,38.51
515.17,35.21,21.29,22.90,21.52,98.64,56.78,49.64,38.43
515.18,35.21,21.26,22.90,21.52,98.64,56.92,49.64,38.43
515.19,35.21,21.29,22.90,21.52,98.64,56.92,49.75,38.43
515.20,35.15,21.29,22.90,21.52,98.64,56.92,49.64,38.43
515.21,35.15,21.26,22.90,21.52,98.64,56.92,49.64,38.43
515.22,35.21,21.26,22.90,21.52,98.26,56.78,49.64,38.43
515.23,35.15,21.29,22.90,21.52,98.64,56.92,49.64,38.51
515.24,35.21,21.29,22.90,21.52,98.64,56.92,49.75,38.51
515.25,35.21,21.29,22.94,21.52,98.64,56.92,49.64,38.51
515.26,35.21,21.26,22.90,21.52,98.64,56.92,49.64,38.51
515.27,35.15,21.26,22.90,21.52,98.64,56.92,49.64,38.51
515.28,35.21,21.29,22.90,21.52,98.64,56.92,49.64,38.51
515.29,35.21,21.26,22.90,21.52,98.64,56.92,49.64,38.51
515.30,35.21,21.29,22.94,21.52,98.64,56.92,49.75,38.51
515.31,35.15,21.29,22.90,21.52,98.64,56.78,49.64,38.51
515.32,35.21,21.29,22.90,21.52,98.64,56.78,49.64,38.43
515.33,35.15,21.29,22.90,21.52,98.64,56.78,49.64,38.51
515.34,35.15,21.29,22.90,21.52,98.64,56.92,49.75,38.43
515.35,35.15,21.29,22.90,21.52,98.64,56.92,49.64,38.43
515.36,35.21,21.29,22.90,21.52,98.64,56.92,49.75,38.43
515.37,35.15,21.29,22.90,21.52,98.64,56.78,49.64,38.51
515.38,35.15,21.29,22.90,21.52,98.64,56.78,49.64,38.43
515.39,35.15,21.29,22.90,21.52,98.64,56.92,49.75,38.51
515.40,35.15,21.29,22.90,21.52,98.64,56.78,49.75,38.43
515.41,35.15,21.29,22.90,21.52,98.64,56.78,49.75,38.43
515.42,35.15,21.29,22.90,21.52,98.64,56.78,49.64,38.36
515.43,35.15,21.29,22.90,21.52,98.64,56.78,49.75,38.51
515.44,35.15,21.29,22.94,21.52,98.64,56.92,49.64,38.51
515.45,35.21,21.29,22.90,21.52,98.64,56.78,49.75,38.43
515.46,35.15,21.29,22.90,21.52,98.64,56.78,49.64,38.43
515.47,35.15,21.26,22.90,21.52,98.64,56.78,49.64,38.51
515.48,35.21,21.29,22.90,21.52,98.64,56.78,49.64,38.51
515.49,35.21,21.29,22.90,21.52,98.64,56.92,49.75,38.43
515.50,35.21,21.29,22.90,21.52,98.64,56.92,49.64,38.51
515.51,35.15,21.29,22.90,21.52,98.64,56.78,49.64,38.43
515.52,35.15,21.29,22.90,21.52,98.64,56.92,49.64,38.43
515.53,35.15,21.29,22.90,21.52,98.64,56.78,49.64,38.43
515.54,35.15,21.29,22.90,21.52,98.64,56.92,49.87,38.51
515.55,35.21,21.29,22.90,21.52,99.02,56.78,49.75,38.43
515.56,35.21,21.29,22.90,21.52,98.26,56.78,49.64,38.43
515.57,35.15,21.26,22.90,21.52,98.26,56.92,49.75,38.51
515.58,35.15,21.26,22.90,21.52,98.64,56.92,49.75,38.43
515.59,35.15,21.29,22.90,21.52,98.64,56.78,49.64,38.43
515.60,35.15,21.29,22.90,21.52,98.64,56.92,49.87,38.43
515.61,35.15,21.29,22.90,21.52,98.26,56.78,49.75,38.43
515.62,35.15,21.26,22.90,21.52,98.64,56.92,49.64,38.43
515.63,35.15,21.26,22.90,21.52,98.64,56.78,49.75,38.43
515.64,35.21,21.29,22.90,21.52,98.64,56.92,49.64,38.43
515.65,35.21,21.29,22.90,21.52,98.64,56.92,49.64,38.51
515.66,35.15,21.29,22.90,21.52,98.64,56.92,49.75,38.43
515.67,35.15,21.26,22.90,21.52,98.64,56.92,49.64,38.51
515.68,35.15,21.29,22.90,21.52,98.64,56.92,49.64,38.43
515.69,35.15,21.29,22.94,21.52,98.64,56.92,49.64,38.51
515.70,35.21,21.29,22.94,21.52,98.64,56.92,49.75,38.43
515.71,35.15,21.29,22.90,21.52,98.64,56.92,49.64,38.43
515.72,35.15,21.26,22.90,21.52,98.26,56.78,49.64,38.51
515.73,35.21,21.29,22.90,21.52,98.64,56.92,49.75,38.51
515.74,35.21,21.29,22.90,21.52,98.64,56.92,49.75,38.43
515.75,35.15,21.29,22.90,21.52,98.64,56.78,49.64,38.51
515.76,35.21,21.26,22.90,21.52,98.64,56.78,49.64,38.51
515.77,35.15,21.26,22.90,21.52,98.64,56.78,49.75,38.51
515.78,35.15,21.29,22.90,21.52,98.64,56.78,49.75,38.43
515.79,35.15,21.29,22.90,21.52,98.64,56.92,49.64,38.51
515.80,35.21,21.29,22.90,21.52,98.64,56.92,49.75,38.51
515.81,35.15,21.29,22.90,21.52,98.64,56.78,49.64,38.43
515.82,35.15,21.26,22.90,21.52,98.26,56.78,49.64,38.43
515.83,35.15,21.26,22.90,21.52,98.64,56.92,49.75,38.43
515.84,35.15,21.29,22.90,21.52,98.64,56.78,49.75,38.43
515.85,35.21,21.29,22.90,21.52,98.64,56.78,49.75,38.51
515.86,35.15,21.29,22.90,21.52,98.26,56.92,49.75,38.43
515.87,35.15,21.29,22.90,21.52,98.64,56.78,49.64,38.51
515.88,35.15,21.26,22.90,21.52,98.64,56.92,49.64,38.51
515.89,35.28,21.29,22.90,21.52,98.64,57.07,49.64,38.51
515.90,35.21,21.29,22.90,21.52,98.64,56.92,49.64,38.51
515.91,35.15,21.26,22.90,21.52,98.64,56.92,49.75,38.51
515.92,35.15,21.26,22.90,21.52,98.64,56.92,49.75,38.43
515.93,35.15,21.29,22.90,21.52,98.64,56.92,49.75,38.43
515.94,35.28,21.29,22.90,21.52,98.64,56.78,49.75,38.51
515.95,35.15,21.29,22.90,21.52,98.64,56.92,49.75,38.43
515.96,35.15,21.26,22.90,21.52,98.64,56.92,49.64,38.43
515.97,35.21,21.26,22.90,21.52,98.64,56.78,49.64,38.51
515.98,35.15,21.26,22.90,21.52,98.64,56.78,49.64,38.51
515.99,35.15,21.29,22.90,21.52,98.64,56.92,49.64,38.43
516.00,35.21,21.29,22.90,21.52,98.64,56.92,49.75,38.43
516.01,35.15,21.29,22.90,21.52,98.26,56.92,49.64,38.51
516.02,35.15,21.26,22.90,21.52,98.64,56.92,49.64,38.51
516.03,35.15,21.29,22.90,21.52,98.64,56.78,49.75,38.51
516.04,35.21,21.29,22.90,21.52,98.64,56.92,49.64,38.43
516.05,35.21,21.29,22.90,21.52,98.64,56.78,49.64,38.51
516.06,35.15,21.26,22.90,21.49,98.26,56.92,49.75,38.51
516.07,35.15,21.26,22.90,21.52,98.64,56.78,49.64,38.43
516.08,35.21,21.29,22.90,21.52,98.64,56.92,49.64,38.43
516.09,35.15,21.29,22.90,21.52,98.64,56.92,49.75,38.43
516.10,35.15,21.29,22.90,21.52,98.64,56.92,49.64,38.43
516.11,35.21,21.26,22.90,21.52,98.64,56.92,49.64,38.51
516.12,35.15,21.26,22.90,21.52,98.64,56.92,49.64,38.51
516.13,35.15,21.26,22.90,21.52,98.64,56.78,49.64,38.43
516.14,35.15,21.32,22.90,21.52,98.64,56.92,49.75,38.51
516.15,35.15,21.29,22.90,21.52,98.64,56.78,49.64,38.51
516.16,35.15,21.26,22.90,21.52,98.64,56.78,49.64,38.43
516.17,35.15,21.26,22.90,21.52,98.26,56.92,49.64,38.43
516.18,35.21,21.26,22.90,21.52,98.64,56.92,49.64,38.51
516.19,35.15,21.29,22.90,21.52,98.64,56.92,49.64,38.43
516.20,35.15,21.29,22.90,21.52,98.64,56.92,49.75,38.51
516.21,35.15,21.29,22.90,21.52,98.64,56.78,49.64,38.43
516.22,35.15,21.26,22.90,21.52,98.64,56.92,49.64,38.43
516.23,35.15,21.29,22.90,21.52,98.64,56.92,49.64,38.51
516.24,35.21,21.29,22.90,21.52,98.64,56.92,49.64,38.51
516.25,35.15,21.29,22.90,21.52,98.64,56.92,49.75,38.51
516.26,35.21,21.26,22.90,21.52,98.64,56.92,49.64,38.51
516.27,35.15,21.26,22.90,21.52,98.64,56.92,49.64,38.51
516.28,35.15,21.26,22.90,21.52,98.64,56.92,49.64,38.51
516.29,35.21,21.29,22.94,21.52,98.64,56.92,49.75,38.43
516.30,35.15,21.29,22.90,21.49,98.64,56.92,49.75,38.51
516.31,35.21,21.29,22.90,21.52,98.26,56.92,49.64,38.51
516.32,35.21,21.26,22.90,21.52,98.64,56.78,49.64,38.51
516.33,35.21,21.26,22.90,21.52,98.64,56.92,49.64,38.51
516.34,35.15,21.29,22.90,21.52,98.64,56.92,49.64,38.51
516.35,35.21,21.29,22.90,21.52,98.64,56.92,49.75,38.43
516.36,35.15,21.26,22.90,21.52,98.64,56.78,49.64,38.51
516.37,35.15,21.26,22.90,21.52,98.64,56.92,49.64,38.51
516.38,35.15,21.26,22.90,21.52,98.64,56.92,49.64,38.51
516.39,35.21,21.29,22.90,21.52,98.64,56.92,49.64,38.43
516.40,35.21,21.29,22.90,21.52,98.64,56.78,49.64,38.51
516.41,35.15,21.26,22.90,21.52,98.64,56.92,49.64,38.51
516.42,35.08,21.26,22.90,21.52,98.64,56.92,49.64,38.51
516.43,35.15,21.26,22.90,21.52,98.64,56.78,49.75,38.43
516.44,35.21,21.29,22.90,21.52,98.64,56.92,49.64,38.43
516.45,35.15,21.32,22.90,21.52,98.64,56.92,49.75,38.51
516.46,35.15,21.23,22.90,21.52,98.64,56.92,49.64,38.51
516.47,35.15,21.26,22.90,21.52,98.64,56.78,49.64,38.51
516.48,35.15,21.29,22.90,21.52,98.64,56.78,49.64,38.43
516.49,35.21,21.26,22.90,21.52,98.64,56.92,49.75,38.51
516.50,35.15,21.32,22.90,21.52,98.64,56.92,49.64,38.51
516.51,35.15,21.26,22.87,21.52,98.64,56.78,49.64,38.43
516.52,35.15,21.26,22.90,21.52,98.64,56.78,49.64,38.43
516.53,35.15,21.29,22.90,21.52,98.64,56.92,49.64,38.51
516.54,35.15,21.29,22.87,21.52,98.64,56.92,49.75,38.43
516.55,35.15,21.29,22.90,21.52,98.64,57.07,49.64,38.51
516.56,35.21,21.26,22.87,21.52,98.64,56.92,49.64,38.43
516.57,35.08,21.26,22.87,21.52,98.64,56.92,49.64,38.51
516.58,35.15,21.29,22.87,21.52,98.64,56.78,49.64,38.51
516.59,35.15,21.29,22.90,21.52,98.64,56.92,49.64,38.43
516.60,35.15,21.26,22.90,21.52,98.64,56.78,49.64,38.59
516.61,35.15,21.26,22.90,21.52,98.64,56.92,49.64,38.51
516.62,35.15,21.26,22.87,21.52,98.64,56.78,49.52,38.51
516.63,35.15,21.26,22.90,21.52,98.64,56.92,49.64,38.43
516.64,35.21,21.26,22.90,21.52,98.64,56.92,49.64,38.43
516.65,35.15,21.29,22.90,21.52,98.64,56.92,49.75,38.43
516.66,35.15,21.26,22.87,21.52,98.26,56.92,49.64,38.43
516.67,35.15,21.26,22.90,21.52,98.64,56.92,49.64,38.51
516.68,35.15,21.26,22.90,21.52,98.64,56.78,49.64,38.51
516.69,35.15,21.29,22.90,21.52,98.64,56.92,49.64,38.51
516.70,35.21,21.29,22.90,21.52,98.64,56.92,49.64,38.43
516.71,35.15,21.26,22.87,21.52,98.26,56.78,49.64,38.51
516.72,35.08,21.26,22.87,21.52,98.64,56.78,49.64,38.43
516.73,35.15,21.26,22.90,21.52,98.64,56.92,49.75,38.51
516.74,35.15,21.26,22.87,21.52,98.64,56.78,49.64,38.51
516.75,35.15,21.26,22.90,21.52,98.64,56.92,49.64,38.51
516.76,35.15,21.26,22.87,21.52,98.26,56.78,49.64,38.43
516.77,35.15,21.26,22.90,21.52,98.64,56.92,49.64,38.51
516.78,35.21,21.26,22.90,21.52,98.64,56.92,49.64,38.51
516.79,35.15,21.29,22.90,21.52,98.26,56.92,49.75,38.51
516.80,35.21,21.29,22.90,21.52,98.64,56.92,49.64,38.51
516.81,35.15,21.26,22.87,21.52,98.26,56.78,49.64,38.51
516.82,35.15,21.26,22.87,21.52,98.26,56.78,49.64,38.51
516.83,35.15,21.26,22.90,21.52,98.64,56.92,49.64,38.51
516.84,35.15,21.29,22.90,21.52,98.64,56.92,49.52,38.43
516.85,35.15,21.29,22.90,21.52,98.64,56.92,49.75,38.51
516.86,35.15,21.26,22.87,21.52,98.64,56.92,49.52,38.43
516.87,35.15,21.26,22.87,21.52,98.26,56.78,49.64,38.51
516.88,35.15,21.29,22.90,21.52,98.64,56.78,49.64,38.51
516.89,35.21,21.29,22.87,21.52,98.64,56.92,49.64,38.51
516.90,35.15,21.29,22.90,21.52,98.64,56.92,49.64,38.43
516.91,35.28,21.26,22.90,21.52,98.26,56.92,49.64,38.51
516.92,35.15,21.26,22.90,21.52,98.64,56.92,49.64,38.51
516.93,35.21,21.26,22.87,21.52,98.64,56.92,49.64,38.43
516.94,35.21,21.29,22.90,21.55,98.64,56.92,49.75,38.51
516.95,35.15,21.29,22.90,21.52,98.64,56.92,49.64,38.51
516.96,35.15,21.26,22.90,21.52,98.26,56.78,49.64,38.43
516.97,35.08,21.26,22.90,21.52,98.64,56.78,49.64,38.51
516.98,35.15,21.29,22.87,21.52,98.64,56.92,49.64,38.51
516.99,35.21,21.29,22.90,21.52,98.64,56.92,49.64,38.43
517.00,35.21,21.29,22.90,21.52,98.64,56.78,49.75,38.51
517.01,35.15,21.26,22.90,21.52,98.64,56.92,49.64,38.51
517.02,35.15,21.26,22.87,21.52,98.26,56.92,49.64,38.51
517.03,35.21,21.29,22.90,21.52,98.64,56.78,49.64,38.59
517.04,35.21,21.29,22.90,21.52,98.64,56.92,49.64,38.43
517.05,35.15,21.26,22.90,21.52,98.64,56.92,49.64,38.51
517.06,35.21,21.29,22.90,21.52,98.64,56.92,49.64,38.51
517.07,35.21,21.29,22.90,21.52,98.64,56.92,49.64,38.51
517.08,35.21,21.29,22.90,21.52,98.64,56.92,49.75,38.43
517.09,35.21,21.29,22.90,21.52,98.64,56.92,49.64,38.51
517.10,35.21,21.29,22.90,21.52,98.64,56.92,49.64,38.51
517.11,35.15,21.26,22.90,21.52,98.64,56.78,49.64,38.43
517.12,35.15,21.29,22.90,21.52,98.64,56.92,49.64,38.51
517.13,35.21,21.26,22.90,21.52,98.64,56.92,49.75,38.43
517.14,35.15,21.29,22.90,21.52,98.64,56.92,49.75,38.51
517.15,35.21,21.29,22.90,21.52,98.64,56.92,49.75,38.51
517.16,35.15,21.29,22.90,21.52,98.64,56.92,49.64,38.51
517.17,35.21,21.26,22.87,21.52,98.64,56.78,49.64,38.51
517.18,35.15,21.29,22.90,21.52,98.64,56.78,49.64,38.43
517.19,35.21,21.29,22.90,21.52,98.64,56.92,49.64,38.51
517.20,35.21,21.29,22.90,21.52,98.26,56.92,49.64,38.43
517.21,35.15,21.26,22.90,21.52,98.64,56.78,49.64,38.51
517.22,35.15,21.26,22.90,21.52,98.64,56.92,49.64,38.51
517.23,35.15,21.29,22.90,21.52,98.26,56.92,49.64,38.51
517.24,35.15,21.29,22.90,21.52,98.64,56.92,49.64,38.51
517.25,35.15,21.26,22.90,21.52,98.64,56.92,49.75,38.51
517.26,35.15,21.26,22.90,21.52,98.64,56.92,49.64,38.51
517.27,35.15,21.26,22.90,21.52,98.64,56.92,49.64,38.51
517.28,35.15,21.29,22.90,21.52,98.64,56.78,49.64,38.51
517.29,35.15,21.29,22.90,21.52,98.64,56.92,49.75,38.51
517.30,35.15,21.26,22.90,21.52,98.64,56.92,49.64,38.51
517.31,35.15,21.26,22.90,21.52,98.64,56.92,49.64,38.51
517.32,35.15,21.26,22.90,21.52,98.64,56.78,49.64,38.51
517.33,35.15,21.26,22.90,21.52,98.64,56.92,49.64,38.51
517.34,35.21,21.29,22.90,21.52,98.64,56.92,49.64,38.43
517.35,35.15,21.26,22.90,21.52,98.64,56.92,49.75,38.51
517.36,35.15,21.26,22.90,21.52,98.64,56.92,49.64,38.51
517.37,35.15,21.26,22.90,21.52,98.64,56.92,49.64,38.51
517.38,35.15,21.26,22.90,21.52,98.64,56.78,49.64,38.51
517.39,35.15,21.29,22.90,21.52,98.64,56.92,49.75,38.51
517.40,35.15,21.29,22.90,21.52,98.64,56.92,49.64,38.51
517.41,35.15,21.26,22.90,21.52,98.64,56.92,49.64,38.51
517.42,35.15,21.26,22.90,21.52,98.26,56.92,49.75,38.51
517.43,35.21,21.29,22.90,21.52,98.64,56.92,49.75,38.51
517.44,35.15,21.29,22.90,21.52,98.64,56.92,49.75,38.51
517.45,35.15,21.29,22.90,21.52,98.64,56.92,49.64,38.51
517.46,35.15,21.26,22.90,21.52,98.64,56.78,49.64,38.51
517.47,35.15,21.29,22.90,21.52,98.64,56.78,49.64,38.51
517.48,35.21,21.26,22.90,21.52,98.64,56.92,49.75,38.51
517.49,35.21,21.29,22.90,21.52,98.64,56.92,49.75,38.51
517.50,35.15,21.29,22.90,21.52,98.64,56.92,49.64,38.51
517.51,35.15,21.26,22.90,21.52,98.26,56.92,49.64,38.51
517.52,35.21,21.26,22.90,21.52,98.64,56.92,49.52,38.51
517.53,35.15,21.29,22.90,21.52,98.64,56.92,49.64,38.51
517.54,35.21,21.29,22.90,21.52,98.64,56.92,49.75,38.51
517.55,35.15,21.29,22.90,21.52,98.64,56.92,49.64,38.51
517.56,35.15,21.26,22.90,21.52,98.64,56.92,49.64,38.51
517.57,35.15,21.29,22.90,21.52,98.64,56.92,49.64,38.51
517.58,35.15,21.29,22.90,21.52,98.64,56.78,49.64,38.51
517.59,35.21,21.29,22.90,21.52,98.64,56.92,49.75,38.51
517.60,35.15,21.29,22.90,21.52,98.64,56.92,49.75,38.51
517.61,35.15,21.29,22.90,21.52,98.64,56.78,49.64,38.43
517.62,35.08,21.26,22.90,21.52,98.64,56.92,49.64,38.51
517.63,35.15,21.29,22.90,21.52,98.64,56.92,49.75,38.51
517.64,35.15,21.29,22.90,21.52,98.64,56.92,49.64,38.51
517.65,35.15,21.29,22.90,21.52,98.64,56.92,49.64,38.51
517.66,35.15,21.26,22.90,21.52,98.64,56.92,49.64,38.51
517.67,35.21,21.26,22.90,21.52,98.64,56.92,49.64,38.51
517.68,35.15,21.29,22.90,21.52,98.64,56.92,49.75,38.51
517.69,35.21,21.29,22.90,21.52,98.64,56.92,49.64,38.51
517.70,35.15,21.29,22.90,21.52,98.64,56.92,49.64,38.51
517.71,35.15,21.26,22.90,21.52,98.64,56.64,49.64,38.43
517.72,35.21,21.29,22.87,21.52,98.64,56.78,49.75,38.51
517.73,35.08,21.29,22.90,21.52,98.64,56.92,49.64,38.51
517.74,35.28,21.29,22.90,21.52,98.64,56.92,49.64,38.51
517.75,35.21,21.29,22.90,21.52,98.64,56.92,49.64,38.51
517.76,35.21,21.26,22.90,21.52,98.64,56.78,49.64,38.51
517.77,35.21,21.29,22.90,21.52,98.64,56.78,49.64,38.51
517.78,35.21,21.29,22.90,21.52,98.64,56.92,49.64,38.51
517.79,35.15,21.29,22.90,21.52,98.64,56.78,49.75,38.51
517.80,35.21,21.29,22.94,21.52,98.64,56.92,49.75,38.51
517.81,35.21,21.29,22.90,21.52,98.26,56.78,49.64,38.51
517.82,35.15,21.26,22.90,21.52,98.64,56.64,49.64,38.51
517.83,35.15,21.26,22.90,21.52,98.64,56.78,49.75,38.51
517.84,35.21,21.29,22.94,21.52,98.64,56.78,49.75,38.43
517.85,35.15,21.29,22.90,21.52,98.64,56.92,49.75,38.59
517.86,35.21,21.26,22.90,21.52,98.64,56.92,49.64,38.43
517.87,35.15,21.29,22.90,21.52,98.64,56.92,49.64,38.43
517.88,35.15,21.26,22.90,21.52,98.64,56.92,49.64,38.51
517.89,35.21,21.29,22.94,21.52,98.64,56.92,49.75,38.51
517.90,35.21,21.29,22.90,21.52,98.64,56.92,49.64,38.51
517.91,35.15,21.29,22.90,21.52,98.64,56.78,49.64,38.51
517.92,35.15,21.29,22.87,21.52,98.64,56.78,49.64,38.51
517.93,35.21,21.29,22.90,21.52,98.64,56.92,49.64,38.59
517.94,35.15,21.32,22.90,21.52,98.64,56.92,49.64,38.51
517.95,35.21,21.29,22.90,21.52,98.64,56.92,49.64,38.51
517.96,35.15,21.29,22.90,21.52,98.64,56.92,49.64,38.51
517.97,35.15,21.29,22.90,21.52,98.64,56.92,49.64,38.51
517.98,35.28,21.29,22.90,21.52,98.64,57.07,49.64,38.51
517.99,35.15,21.29,22.94,21.52,98.64,56.92,49.75,38.51
518.00,35.15,21.29,22.94,21.52,98.64,56.92,49.64,38.51
518.01,35.15,21.29,22.90,21.52,98.64,56.92,49.75,38.51
518.02,35.21,21.29,22.90,21.52,98.64,56.92,49.64,38.51
518.03,35.15,21.29,22.90,21.52,98.26,56.92,49.75,38.51
518.04,35.21,21.29,22.90,21.52,98.64,56.92,49.64,38.51
518.05,35.21,21.29,22.90,21.52,98.26,56.92,49.75,38.51
518.06,35.21,21.29,22.90,21.52,98.64,56.92,49.64,38.51
518.07,35.15,21.26,22.90,21.52,98.64,56.92,49.75,38.51
518.08,35.15,21.29,22.90,21.52,98.26,56.92,49.64,38.51
518.09,35.21,21.29,22.94,21.52,99.02,56.92,49.75,38.51
518.10,35.15,21.29,22.90,21.52,98.64,56.92,49.64,38.51
518.11,35.15,21.26,22.90,21.52,98.64,56.92,49.52,38.51
518.12,35.08,21.26,22.90,21.52,98.64,56.92,49.64,38.51
518.13,35.08,21.29,22.90,21.52,98.64,56.92,49.64,38.51
518.14,35.15,21.29,22.90,21.52,98.64,56.92,49.75,38.51
518.15,35.15,21.29,22.90,21.52,98.64,56.78,49.64,38.51
518.16,35.21,21.29,22.90,21.52,98.64,56.78,49.64,38.51
518.17,35.08,21.26,22.90,21.52,98.64,56.78,49.64,38.51
518.18,35.21,21.26,22.90,21.52,98.64,56.78,49.64,38.51
518.19,35.21,21.29,22.90,21.52,98.64,56.92,49.64,38.51
518.20,35.15,21.29,22.90,21.52,98.26,56.92,49.64,38.51
518.21,35.08,21.26,22.90,21.52,98.64,56.78,49.75,38.51
518.22,35.15,21.26,22.90,21.52,98.64,56.92,49.64,38.51
518.23,35.15,21.29,22.90,21.52,98.64,56.92,49.64,38.51
518.24,35.21,21.29,22.90,21.52,98.64,56.92,49.75,38.51
518.25,35.21,21.29,22.90,21.52,98.64,56.92,49.64,38.43
518.26,35.15,21.29,22.90,21.52,98.64,56.92,49.64,38.43
518.27,35.21,21.29,22.90,21.52,98.64,56.92,49.64,38.51
518.28,35.21,21.29,22.90,21.52,98.64,56.92,49.75,38.51
518.29,35.21,21.29,22.90,21.52,98.64,56.92,49.64,38.51
518.30,35.15,21.29,22.90,21.52,98.64,56.92,49.64,38.51
518.31,35.21,21.26,22.90,21.52,98.26,56.92,49.64,38.51
518.32,35.15,21.26,22.90,21.52,98.64,56.92,49.75,38.51
518.33,35.15,21.29,22.90,21.52,98.64,56.92,49.64,38.51
518.34,35.15,21.29,22.90,21.52,98.64,56.92,49.64,38.51
518.35,35.15,21.29,22.90,21.52,98.64,56.92,49.64,38.51
518.36,35.08,21.29,22.90,21.52,98.26,56.78,49.64,38.51
518.37,35.15,21.26,22.90,21.55,98.64,56.92,49.64,38.51
518.38,35.21,21.29,22.90,21.52,98.64,56.92,49.64,38.51
518.39,35.15,21.29,22.90,21.52,98.64,56.92,49.64,38.51
518.40,35.21,21.26,22.87,21.52,98.64,56.92,49.64,38.51
518.41,35.15,21.26,22.90,21.52,98.64,56.92,49.64,38.51
518.42,35.15,21.29,22.90,21.52,98.64,56.78,49.64,38.51
518.43,35.21,21.29,22.90,21.52,98.64,56.92,49.75,38.51
518.44,35.21,21.32,22.94,21.52,98.64,56.92,49.64,38.51
518.45,35.15,21.29,22.90,21.52,98.64,56.92,49.64,38.51
518.46,35.21,21.26,22.87,21.52,98.64,56.78,49.64,38.51
518.47,35.15,21.26,22.90,21.52,98.64,56.92,49.64,38.51
518.48,35.21,21.29,22.90,21.52,98.64,56.92,49.64,38.51
518.49,35.21,21.29,22.90,21.55,98.64,56.92,49.64,38.51
518.50,35.21,21.29,22.90,21.52,98.64,56.92,49.64,38.51
518.51,35.15,21.26,22.90,21.55,98.26,56.92,49.64,38.51
518.52,35.15,21.26,22.87,21.55,98.64,56.92,49.64,38.51
518.53,35.15,21.26,22.90,21.52,98.64,56.92,49.75,38.51
518.54,35.21,21.29,22.90,21.52,98.64,56.92,49.64,38.51
518.55,35.08,21.26,22.90,21.55,98.26,56.78,49.64,38.51
518.56,35.21,21.26,22.87,21.52,98.64,56.92,49.64,38.51
518.57,35.15,21.26,22.90,21.55,98.64,56.78,49.64,38.51
518.58,35.21,21.29,22.90,21.55,98.64,56.78,49.75,38.51
518.59,35.21,21.29,22.90,21.52,98.64,56.92,49.75,38.51
518.60,35.15,21.26,22.90,21.52,98.64,56.78,49.64,38.51
518.61,35.21,21.26,22.87,21.52,98.26,56.92,49.64,38.51
518.62,35.21,21.26,22.90,21.52,98.64,56.78,49.75,38.59
518.63,35.15,21.29,22.90,21.52,98.64,56.78,49.64,38.51
518.64,35.15,21.26,22.90,21.52,98.64,56.92,49.64,38.51
518.65,35.21,21.26,22.90,21.52,98.64,56.92,49.64,38.51
518.66,35.08,21.26,22.87,21.52,98.64,56.78,49.64,38.51
518.67,35.15,21.26,22.87,21.55,98.64,56.78,49.52,38.51
518.68,35.15,21.26,22.90,21.52,98.64,56.78,49.75,38.51
518.69,35.15,21.29,22.90,21.55,98.64,56.92,49.64,38.51
518.70,35.15,21.26,22.90,21.52,98.64,56.78,49.64,38.51
518.71,35.08,21.23,22.87,21.52,98.64,56.78,49.64,38.51
518.72,35.15,21.26,22.90,21.52,98.64,56.92,49.64,38.51
518.73,35.15,21.29,22.90,21.55,98.64,56.92,49.64,38.51
518.74,35.15,21.29,22.90,21.52,98.64,56.92,49.64,38.51
518.75,35.15,21.26,22.90,21.55,98.64,56.78,49.64,38.51
518.76,35.15,21.23,22.90,21.52,98.64,56.78,49.64,38.51
518.77,35.21,21.23,22.87,21.52,98.64,56.92,49.64,38.51
518.78,35.15,21.26,22.90,21.55,98.64,56.92,49.64,38.51
518.79,35.15,21.26,22.90,21.52,98.64,56.92,49.64,38.51
518.80,35.21,21.26,22.90,21.52,98.64,56.78,49.64,38.51
518.81,35.15,21.26,22.90,21.52,98.26,56.92,49.64,38.51
518.82,35.15,21.26,22.87,21.52,98.64,56.78,49.64,38.51
518.83,35.15,21.29,22.90,21.55,98.64,56.78,49.64,38.51
518.84,35.15,21.26,22.90,21.52,98.64,56.92,49.75,38.51
518.85,35.15,21.26,22.90,21.52,98.64,56.92,49.64,38.51
518.86,35.15,21.26,22.90,21.55,98.26,56.78,49.64,38.51
518.87,35.15,21.26,22.90,21.55,98.64,56.92,49.64,38.51
518.88,35.21,21.26,22.90,21.52,98.64,56.92,49.64,38.51
518.89,35.15,21.26,22.90,21.52,98.64,56.92,49.64,38.51
518.90,35.15,21.26,22.90,21.52,98.64,56.92,49.64,38.51
518.91,35.08,21.26,22.87,21.52,98.64,56.78,49.64,38.51
518.92,35.15,21.26,22.90,21.52,98.64,56.78,49.64,38.51
518.93,35.21,21.26,22.90,21.52,98.26,56.78,49.64,38.51
518.94,35.21,21.29,22.90,21.52,98.64,56.92,49.64,38.51
518.95,35.15,21.26,22.87,21.52,98.64,56.92,49.64,38.51
518.96,35.08,21.23,22.87,21.52,98.64,56.78,49.64,38.51
518.97,35.08,21.29,22.87,21.52,98.64,56.92,49.64,38.51
518.98,35.15,21.29,22.87,21.52,98.64,56.78,49.64,38.51
518.99,35.21,21.29,22.90,21.55,98.64,56.78,49.52,38.51
519.00,35.21,21.23,22.90,21.52,98.64,56.78,49.64,38.51
519.01,35.08,21.26,22.87,21.52,98.64,56.92,49.64,38.51
519.02,35.15,21.26,22.87,21.52,98.26,56.78,49.64,38.51
519.03,35.21,21.26,22.90,21.55,98.64,56.78,49.64,38.51
519.04,35.21,21.26,22.90,21.55,98.64,56.78,49.75,38.51
519.05,35.08,21.26,22.87,21.52,98.64,56.78,49.64,38.51
519.06,35.15,21.26,22.87,21.52,98.64,56.92,49.64,38.51
519.07,35.21,21.26,22.87,21.52,98.26,56.78,49.64,38.51
519.08,35.15,21.26,22.90,21.52,98.64,57.07,49.64,38.43
519.09,35.21,21.29,22.90,21.52,98.64,56.78,49.64,38.59
519.10,35.15,21.26,22.87,21.52,98.26,56.50,49.64,38.43
519.11,35.15,21.26,22.87,21.52,98.26,56.78,49.64,38.59
519.12,35.08,21.26,22.87,21.55,98.64,56.78,49.64,38.51
519.13,35.15,21.26,22.90,21.55,99.02,56.78,49.64,38.51
519.14,35.15,21.26,22.90,21.52,98.64,56.78,49.75,38.51
519.15,35.15,21.26,22.87,21.52,98.64,56.78,49.64,38.51
519.16,35.08,21.26,22.87,21.52,98.26,56.92,49.64,38.51
519.17,35.15,21.23,22.87,21.55,98.64,56.78,49.64,38.51
519.18,35.15,21.26,22.90,21.52,98.64,56.92,49.64,38.51
519.19,35.15,21.26,22.90,21.52,98.64,56.92,49.64,38.51
519.20,35.15,21.26,22.90,21.52,98.64,56.78,49.64,38.51
519.21,35.15,21.23,22.87,21.52,98.26,56.78,49.64,38.51
519.22,35.15,21.26,22.87,21.52,98.64,56.78,49.64,38.51
519.23,35.15,21.26,22.90,21.52,98.64,56.92,49.64,38.51
519.24,35.21,21.26,22.90,21.55,98.64,56.78,49.64,38.51
519.25,35.15,21.26,22.83,21.52,98.26,56.78,49.64,38.51
519.26,35.08,21.23,22.87,21.55,98.26,56.78,49.64,38.51
519.27,35.08,21.23,22.87,21.52,98.26,56.78,49.64,38.51
519.28,35.15,21.26,22.87,21.52,98.64,56.78,49.64,38.51
519.29,35.21,21.26,22.90,21.52,98.64,56.78,49.64,38.51
519.30,35.08,21.23,22.87,21.52,98.26,56.78,49.52,38.51
519.31,35.08,21.23,22.87,21.52,98.26,56.78,49.52,38.51
519.32,35.08,21.23,22.87,21.55,98.26,56.78,49.52,38.36
519.33,35.15,21.26,22.87,21.52,98.64,56.78,49.64,38.51
519.34,35.08,21.26,22.87,21.52,98.64,56.78,49.64,38.51
519.35,35.15,21.23,22.87,21.55,98.64,56.78,49.64,38.51
519.36,35.08,21.23,22.87,21.52,98.64,56.78,49.75,38.51
519.37,35.08,21.23,22.90,21.52,98.64,56.78,49.64,38.51
519.38,35.08,21.26,22.90,21.52,98.64,56.92,49.64,38.51
519.39,35.15,21.26,22.87,21.52,98.64,56.92,49.64,38.51
519.40,35.08,21.23,22.87,21.52,98.64,56.78,49.64,38.51
519.41,35.21,21.26,22.87,21.52,98.64,56.78,49.64,38.51
519.42,35.08,21.23,22.87,21.52,98.64,56.78,49.64,38.59
519.43,35.15,21.26,22.90,21.55,98.26,56.92,49.64,38.51
519.44,35.15,21.26,22.90,21.52,98.64,56.78,49.64,38.51
519.45,35.15,21.26,22.90,21.52,98.64,56.92,49.52,38.51
519.46,35.08,21.23,22.87,21.52,98.26,56.78,49.64,38.51
519.47,35.08,21.26,22.87,21.55,98.64,56.78,49.64,38.51
519.48,35.15,21.26,22.90,21.52,98.64,56.78,49.64,38.51
519.49,35.15,21.23,22.90,21.52,98.64,56.78,49.64,38.51
519.50,35.15,21.23,22.87,21.52,98.26,56.78,49.64,38.51
519.51,35.01,21.23,22.87,21.52,98.64,56.78,49.64,38.51
519.52,35.08,21.23,22.87,21.52,98.64,56.78,49.64,38.51
519.53,35.15,21.26,22.87,21.52,98.64,56.78,49.64,38.51
519.54,35.15,21.26,22.90,21.52,98.64,56.92,49.64,38.51
519.55,35.08,21.23,22.90,21.55,98.26,56.64,49.64,38.43
519.56,35.08,21.26,22.87,21.52,98.26,56.92,49.64,38.51
519.57,35.08,21.23,22.87,21.52,98.64,56.78,49.64,38.51
519.58,35.15,21.26,22.90,21.52,98.64,56.78,49.52,38.51
519.59,35.21,21.26,22.90,21.52,98.64,56.92,49.64,38.51
519.60,35.15,21.26,22.87,21.52,98.26,56.78,49.64,38.51
519.61,35.08,21.23,22.87,21.55,98.64,56.78,49.64,38.51
519.62,35.15,21.26,22.87,21.55,98.64,56.92,49.64,38.43
519.63,35.15,21.26,22.90,21.52,98.64,56.78,49.64,38.51
519.64,35.15,21.26,22.87,21.52,98.26,56.92,49.64,38.51
519.65,35.15,21.26,22.87,21.52,98.26,56.78,49.64,38.51
519.66,35.08,21.23,22.87,21.52,98.26,56.78,49.64,38.51
519.67,35.15,21.23,22.87,21.52,98.26,56.78,49.64,38.51
519.68,35.08,21.26,22.87,21.55,98.64,56.92,49.64,38.59
519.69,35.15,21.26,22.90,21.52,98.64,56.78,49.64,38.51
519.70,35.08,21.23,22.87,21.55,98.64,56.78,49.52,38.51
519.71,35.08,21.26,22.87,21.52,98.26,56.78,49.52,38.59
519.72,35.15,21.26,22.87,21.52,98.64,56.78,49.64,38.59
519.73,35.15,21.26,22.90,21.55,98.26,56.92,49.64,38.51
519.74,35.15,21.26,22.90,21.52,98.64,56.92,49.64,38.51
519.75,35.15,21.26,22.87,21.52,98.26,56.78,49.64,38.51
519.76,35.08,21.23,22.87,21.52,98.64,56.78,49.52,38.51
519.77,35.08,21.23,22.87,21.52,98.26,56.78,49.64,38.51
519.78,35.15,21.26,22.90,21.52,98.64,56.92,49.64,38.51
519.79,35.21,21.26,22.90,21.52,98.64,56.78,49.64,38.51
519.80,35.15,21.23,22.87,21.52,98.64,56.78,49.64,38.51
519.81,35.08,21.23,22.87,21.52,98.64,56.78,49.64,38.51
519.82,35.08,21.23,22.87,21.52,98.26,56.92,49.52,38.51
519.83,35.15,21.26,22.90,21.52,98.64,56.92,49.64,38.51
519.84,35.15,21.26,22.90,21.55,98.64,56.78,49.64,38.51
519.85,35.08,21.26,22.87,21.52,98.64,56.78,49.64,38.51
519.86,35.08,21.23,22.87,21.55,98.26,56.78,49.52,38.51
519.87,35.15,21.26,22.87,21.52,98.64,56.78,49.52,38.51
519.88,35.15,21.29,22.90,21.52,98.64,56.78,49.64,38.51
519.89,35.21,21.26,22.90,21.52,98.26,56.92,49.64,38.51
519.90,35.08,21.23,22.87,21.52,98.26,56.92,49.64,38.51
519.91,35.15,21.26,22.87,21.55,98.64,56.92,49.52,38.51
519.92,35.15,21.26,22.87,21.52,98.64,56.78,49.52,38.51
519.93,35.08,21.26,22.90,21.52,98.64,56.78,49.64,38.51
519.94,35.08,21.26,22.90,21.55,98.64,56.78,49.75,38.51
519.95,35.15,21.23,22.87,21.52,98.64,56.78,49.64,38.51
519.96,35.08,21.23,22.87,21.55,98.64,56.78,49.64,38.51
519.97,35.28,21.23,22.87,21.55,98.64,56.78,49.64,38.51
519.98,35.15,21.26,22.87,21.52,98.64,56.78,49.64,38.51
519.99,35.15,21.26,22.87,21.52,98.64,56.78,49.64,38.51
520.00,35.21,21.23,22.87,21.52,98.64,56.78,49.64,38.51
520.01,35.15,21.26,22.87,21.52,98.26,56.78,49.52,38.51
520.02,35.21,21.23,22.87,21.52,98.64,56.78,49.64,38.51
520.03,35.15,21.26,22.90,21.52,98.64,56.92,49.64,38.51
520.04,35.15,21.26,22.90,21.55,98.64,56.78,49.64,38.51
520.05,35.15,21.23,22.90,21.52,98.64,56.78,49.64,38.51
520.06,35.21,21.26,22.87,21.55,98.26,56.78,49.64,38.51
520.07,35.15,21.23,22.87,21.55,98.64,56.78,49.64,38.51
520.08,35.21,21.23,22.90,21.52,98.64,56.78,49.64,38.51
520.09,35.21,21.26,22.90,21.55,98.64,56.78,49.64,38.51
520.10,35.15,21.26,22.87,21.52,98.64,56.78,49.64,38.51
520.11,35.15,21.26,22.87,21.52,98.26,56.78,49.64,38.51
520.12,35.15,21.26,22.87,21.52,98.26,56.78,49.64,38.51
520.13,35.15,21.26,22.90,21.52,98.64,56.78,49.64,38.51
520.14,35.15,21.26,22.90,21.55,98.64,56.78,49.64,38.51
520.15,35.15,21.23,22.87,21.55,98.26,56.78,49.64,38.51
520.16,35.08,21.26,22.87,21.55,98.64,56.78,49.64,38.51
520.17,35.15,21.26,22.87,21.55,99.02,56.78,49.64,38.51
520.18,35.15,21.26,22.90,21.55,98.64,56.78,49.64,38.51
520.19,35.15,21.26,22.90,21.52,98.26,56.92,49.64,38.51
520.20,35.15,21.23,22.87,21.55,98.64,56.78,49.64,38.59
520.21,35.08,21.26,22.87,21.55,98.64,56.78,49.64,38.51
520.22,35.15,21.26,22.87,21.52,98.26,56.92,49.64,38.51
520.23,35.15,21.29,22.90,21.55,98.64,56.78,49.64,38.51
520.24,35.15,21.29,22.90,21.52,98.64,56.78,49.64,38.51
520.25,35.08,21.23,22.87,21.52,98.26,56.78,49.64,38.51
520.26,35.08,21.23,22.87,21.52,98.64,56.78,49.64,38.51
520.27,35.08,21.26,22.90,21.52,98.64,56.78,49.64,38.51
520.28,35.21,21.26,22.90,21.52,98.26,56.78,49.64,38.51
520.29,35.15,21.26,22.90,21.52,98.26,56.92,49.64,38.51
520.30,35.21,21.26,22.90,21.52,98.26,56.78,49.64,38.51
520.31,35.15,21.26,22.87,21.52,98.64,56.78,49.64,38.51
520.32,35.15,21.26,22.90,21.52,98.64,56.92,49.52,38.51
520.33,35.15,21.26,22.90,21.55,98.64,56.92,49.64,38.51
520.34,35.15,21.26,22.90,21.55,98.26,56.78,49.64,38.51
520.35,35.15,21.26,22.87,21.52,98.64,56.78,49.64,38.51
520.36,35.15,21.23,22.87,21.52,98.26,56.78,49.52,38.59
520.37,35.15,21.26,22.90,21.52,98.64,56.92,49.64,38.51
520.38,35.15,21.26,22.90,21.52,98.64,56.78,49.64,38.51
520.39,35.15,21.26,22.90,21.52,98.64,56.78,49.64,38.51
520.40,35.15,21.26,22.87,21.55,98.64,56.78,49.64,38.51
520.41,35.08,21.23,22.87,21.52,98.64,56.78,49.64,38.51
520.42,35.15,21.23,22.90,21.55,98.64,56.92,49.64,38.51
520.43,35.15,21.26,22.90,21.55,98.64,56.78,49.64,38.51
520.44,35.15,21.26,22.87,21.52,98.64,56.78,49.64,38.51
520.45,35.08,21.23,22.90,21.52,98.64,56.78,49.64,38.51
520.46,35.15,21.23,22.87,21.55,98.64,56.78,49.64,38.59
520.47,35.15,21.26,22.87,21.55,98.64,56.92,49.64,38.51
520.48,35.08,21.26,22.90,21.55,98.64,56.92,49.64,38.51
520.49,35.15,21.26,22.87,21.52,98.64,56.78,49.64,38.51
520.50,35.15,21.26,22.87,21.52,98.64,56.78,49.64,38.51
520.51,35.08,21.23,22.90,21.52,98.64,56.78,49.64,38.51
520.52,35.15,21.26,22.90,21.55,98.64,56.78,49.64,38.51
520.53,35.15,21.26,22.90,21.52,98.64,56.78,49.52,38.43
520.54,35.15,21.26,22.90,21.52,98.64,56.78,49.64,38.59
520.55,35.15,21.23,22.87,21.52,98.64,56.78,49.52,38.51
520.56,35.15,21.23,22.90,21.55,98.64,56.78,49.75,38.51
520.57,35.15,21.26,22.90,21.55,98.64,56.78,49.64,38.51
520.58,35.15,21.29,22.90,21.55,98.64,56.92,49.64,38.51
520.59,35.15,21.26,22.90,21.52,98.64,56.92,49.75,38.59
520.60,35.15,21.26,22.90,21.55,98.64,56.78,49.52,38.51
520.61,35.15,21.26,22.87,21.52,98.64,56.78,49.64,38.51
520.62,35.15,21.26,22.90,21.55,98.64,56.92,49.64,38.51
520.63,35.21,21.26,22.90,21.55,98.64,56.78,49.64,38.59
520.64,35.15,21.26,22.90,21.52,98.64,56.92,49.64,38.51
520.65,35.15,21.26,22.90,21.55,98.64,56.78,49.64,38.51
520.66,35.15,21.26,22.90,21.52,98.64,56.78,49.64,38.51
520.67,35.21,21.26,22.90,21.55,98.64,56.78,49.52,38.51
520.68,35.21,21.26,22.90,21.52,98.64,56.78,49.64,38.51
520.69,35.21,21.26,22.87,21.52,98.64,56.78,49.64,38.51
520.70,35.08,21.26,22.90,21.52,98.64,56.78,49.64,38.51
520.71,35.21,21.26,22.90,21.52,98.64,56.78,49.64,38.51
520.72,35.21,21.23,22.90,21.55,98.64,56.78,49.64,38.59
520.73,35.15,21.26,22.90,21.52,98.64,56.92,49.64,38.51
520.74,35.21,21.26,22.90,21.52,98.64,56.78,49.64,38.51
520.75,35.15,21.26,22.90,21.52,98.64,56.78,49.64,38.51
520.76,35.15,21.26,22.90,21.55,98.64,56.78,49.64,38.51
520.77,35.15,21.26,22.90,21.55,98.26,56.78,49.64,38.59
520.78,35.21,21.26,22.90,21.55,98.64,56.92,49.64,38.59
520.79,35.21,21.26,22.90,21.55,98.64,56.78,49.64,38.59
520.80,35.15,21.26,22.90,21.55,98.64,56.78,49.64,38.59
520.81,35.15,21.26,22.90,21.55,98.64,56.78,49.64,38.51
520.82,35.15,21.26,22.90,21.55,98.64,56.78,49.64,38.51
520.83,35.21,21.26,22.90,21.52,98.64,56.92,49.64,38.51
520.84,35.21,21.26,22.90,21.55,98.64,56.78,49.64,38.51
520.85,35.15,21.26,22.90,21.55,98.26,56.78,49.64,38.51
520.86,35.21,21.26,22.90,21.52,98.64,56.78,49.64,38.51
520.87,35.21,21.26,22.90,21.52,98.64,56.92,49.64,38.51
520.88,35.15,21.26,22.90,21.55,98.64,56.78,49.64,38.51
520.89,35.21,21.26,22.90,21.55,98.64,56.78,49.64,38.51
520.90,35.15,21.26,22.90,21.55,98.64,56.78,49.64,38.59
520.91,35.15,21.26,22.90,21.55,98.64,56.92,49.64,38.59
520.92,35.21,21.26,22.90,21.52,98.64,56.78,49.64,38.51
520.93,35.21,21.26,22.90,21.55,98.64,56.92,49.64,38.51
520.94,35.15,21.26,22.90,21.55,98.64,56.78,49.64,38.51
520.95,35.15,21.26,22.90,21.55,98.64,56.78,49.64,38.59
520.96,35.15,21.26,22.90,21.55,98.64,56.92,49.64,38.51
520.97,35.15,21.26,22.90,21.55,98.64,56.92,49.64,38.59
520.98,35.21,21.29,22.90,21.52,98.64,56.92,49.64,38.59
520.99,35.21,21.26,22.90,21.55,98.64,56.92,49.64,38.51
521.00,35.15,21.26,22.90,21.52,98.64,56.92,49.64,38.51
521.01,35.15,21.26,22.90,21.55,98.64,56.78,49.64,38.51
521.02,35.21,21.26,22.90,21.55,98.64,56.92,49.75,38.51
521.03,35.21,21.26,22.90,21.55,98.64,56.92,49.64,38.51
521.04,35.21,21.29,22.90,21.55,98.64,56.78,49.64,38.51
521.05,35.15,21.26,22.90,21.55,98.64,56.78,49.75,38.59
521.06,35.15,21.26,22.90,21.55,98.64,56.78,49.64,38.59
521.07,35.21,21.26,22.90,21.55,98.64,56.92,49.64,38.51
521.08,35.21,21.26,22.94,21.55,98.64,56.92,49.64,38.59
521.09,35.21,21.26,22.90,21.55,98.64,56.92,49.64,38.51
521.10,35.21,21.26,22.90,21.55,98.64,56.78,49.64,38.51
521.11,35.15,21.26,22.90,21.55,98.64,56.92,49.64,38.51
521.12,35.15,21.26,22.90,21.55,98.64,56.92,49.64,38.51
521.13,35.15,21.26,22.90,21.55,99.02,56.92,49.64,38.51
521.14,35.21,21.26,22.90,21.55,98.64,56.92,49.64,38.51
521.15,35.15,21.26,22.90,21.55,98.64,56.78,49.64,38.51
521.16,35.15,21.23,22.90,21.55,98.64,56.78,49.64,38.59
521.17,35.28,21.26,22.90,21.55,98.64,56.78,49.64,38.51
521.18,35.15,21.26,22.94,21.55,98.64,56.92,49.64,38.59
521.19,35.15,21.29,22.90,21.55,98.64,56.92,49.64,38.51
521.20,35.21,21.26,22.90,21.52,98.64,56.92,49.64,38.59
521.21,35.15,21.26,22.90,21.55,98.64,56.78,49.75,38.51
521.22,35.21,21.26,22.90,21.52,98.64,56.78,49.64,38.51
521.23,35.21,21.29,22.94,21.55,98.64,56.92,49.75,38.59
521.24,35.21,21.29,22.94,21.55,98.64,56.92,49.64,38.51
521.25,35.21,21.26,22.90,21.52,98.64,56.64,49.64,38.59
521.26,35.15,21.26,22.90,21.55,98.64,56.78,49.75,38.51
521.27,35.15,21.26,22.94,21.55,98.64,56.92,49.75,38.59
521.28,35.21,21.29,22.94,21.52,98.64,56.92,49.64,38.59
521.29,35.21,21.29,22.94,21.55,98.64,56.92,49.64,38.51
521.30,35.21,21.26,22.90,21.55,98.64,56.92,49.64,38.59
521.31,35.15,21.29,22.90,21.55,98.64,56.92,49.64,38.59
521.32,35.15,21.26,22.94,21.55,98.64,56.92,49.75,38.59
521.33,35.21,21.29,22.94,21.55,98.64,56.92,49.75,38.51
521.34,35.21,21.26,22.90,21.55,98.64,56.78,49.64,38.51
521.35,35.15,21.26,22.90,21.52,98.64,56.92,49.75,38.51
521.36,35.15,21.26,22.94,21.55,98.64,56.92,49.75,38.59
521.37,35.28,21.29,22.90,21.55,98.64,56.92,49.75,38.59
521.38,35.21,21.29,22.94,21.55,98.64,56.92,49.64,38.59
521.39,35.28,21.29,22.94,21.55,98.64,56.78,49.64,38.51
521.40,35.15,21.26,22.90,21.55,98.64,56.78,49.64,38.51
521.41,35.15,21.26,22.90,21.52,98.64,56.92,49.75,38.59
521.42,35.21,21.26,22.94,21.55,98.64,56.92,49.75,38.59
521.43,35.21,21.29,22.94,21.55,98.64,56.92,49.75,38.51
521.44,35.21,21.29,22.94,21.55,98.64,56.92,49.75,38.59
521.45,35.15,21.26,22.90,21.55,98.64,56.78,49.75,38.51
521.46,35.15,21.26,22.90,21.55,98.64,56.92,49.64,38.59
521.47,35.21,21.26,22.90,21.52,98.64,56.92,49.75,38.59
521.48,35.28,21.32,22.94,21.55,98.64,56.92,49.64,38.59
521.49,35.28,21.26,22.94,21.55,98.64,56.78,49.64,38.51
521.50,35.15,21.23,22.90,21.58,98.64,56.78,49.64,38.51
521.51,35.21,21.26,22.90,21.55,98.64,56.78,49.87,38.51
521.52,35.21,21.29,22.94,21.55,98.64,56.92,49.75,38.59
521.53,35.21,21.29,22.94,21.55,98.64,56.92,49.64,38.59
521.54,35.15,21.29,22.94,21.55,98.64,56.92,49.75,38.59
521.55,35.21,21.29,22.90,21.55,98.64,56.92,49.75,38.59
521.56,35.21,21.26,22.94,21.55,98.64,56.92,49.64,38.59
521.57,35.21,21.29,22.94,21.55,98.64,56.92,49.75,38.51
521.58,35.28,21.32,22.94,21.55,98.64,56.92,49.64,38.59
521.59,35.28,21.29,22.94,21.55,98.64,56.92,49.64,38.59
521.60,35.21,21.26,22.94,21.52,98.64,56.92,49.75,38.59
521.61,35.15,21.29,22.94,21.55,98.64,56.92,49.75,38.59
521.62,35.21,21.29,22.94,21.55,98.64,56.92,49.64,38.59
521.63,35.21,21.29,22.94,21.55,99.02,56.92,49.75,38.51
521.64,35.21,21.26,22.94,21.55,98.64,56.78,49.75,38.51
521.65,35.21,21.29,22.90,21.55,98.64,56.78,49.64,38.51
521.66,35.21,21.29,22.90,21.55,98.64,56.92,49.64,38.59
521.67,35.21,21.29,22.94,21.55,98.64,56.78,49.75,38.59
521.68,35.21,21.29,22.94,21.55,98.64,56.92,49.75,38.59
521.69,35.21,21.29,22.94,21.55,98.64,56.92,49.75,38.59
521.70,35.15,21.26,22.94,21.55,98.64,56.92,49.64,38.51
521.71,35.21,21.26,22.94,21.55,98.64,56.92,49.75,38.59
521.72,35.21,21.29,22.90,21.55,98.64,56.92,49.75,38.51
521.73,35.28,21.29,22.94,21.55,98.64,56.92,49.75,38.59
521.74,35.21,21.29,22.90,21.52,98.64,56.92,49.75,38.59
521.75,35.21,21.29,22.94,21.52,98.64,56.92,49.64,38.51
521.76,35.21,21.29,22.90,21.55,98.64,56.92,49.64,38.59
521.77,35.21,21.29,22.94,21.55,98.64,56.92,49.64,38.51
521.78,35.21,21.29,22.94,21.55,99.02,56.92,49.75,38.59
521.79,35.21,21.29,22.94,21.55,98.64,56.92,49.75,38.51
521.80,35.21,21.29,22.94,21.55,98.64,56.92,49.64,38.59
521.81,35.21,21.26,22.94,21.55,99.02,56.78,49.75,38.59
521.82,35.21,21.29,22.94,21.55,98.26,56.92,49.75,38.59
521.83,35.21,21.29,22.94,21.55,99.02,57.07,49.87,38.59
521.84,35.28,21.29,22.94,21.55,98.26,56.92,49.64,38.51
521.85,35.15,21.29,22.94,21.52,98.64,56.78,49.87,38.51
521.86,35.28,21.29,22.94,21.52,98.64,56.78,49.75,38.59
521.87,35.21,21.29,22.94,21.55,98.64,56.92,49.75,38.59
521.88,35.21,21.29,22.94,21.55,98.64,56.92,49.75,38.51
521.89,35.21,21.29,22.94,21.55,98.64,56.92,49.75,38.51
521.90,35.21,21.29,22.94,21.52,98.64,56.92,49.75,38.59
521.91,35.21,21.29,22.94,21.55,98.64,56.92,49.75,38.59
521.92,35.21,21.29,22.94,21.55,98.64,56.92,49.75,38.59
521.93,35.28,21.29,22.94,21.55,98.64,56.92,49.75,38.59
521.94,35.21,21.29,22.94,21.55,98.64,56.92,49.75,38.59
521.95,35.21,21.26,22.94,21.55,98.64,56.92,49.75,38.59
521.96,35.21,21.26,22.94,21.52,99.02,56.92,49.75,38.59
521.97,35.21,21.29,22.94,21.55,99.02,56.92,49.75,38.59
521.98,35.21,21.29,22.97,21.55,98.64,56.92,49.64,38.59
521.99,35.28,21.29,22.94,21.55,98.64,56.92,49.64,38.59
522.00,35.21,21.29,22.90,21.52,98.64,56.92,49.75,38.51
522.01,35.21,21.29,22.94,21.55,98.64,56.92,49.75,38.59
522.02,35.28,21.29,22.94,21.55,98.64,56.92,49.75,38.59
522.03,35.21,21.29,22.94,21.55,99.02,56.92,49.75,38.59
522.04,35.21,21.29,22.94,21.55,98.64,56.92,49.64,38.59
522.05,35.21,21.29,22.94,21.55,98.64,56.92,49.75,38.59
522.06,35.15,21.29,22.94,21.55,98.64,56.92,49.75,38.59
522.07,35.21,21.29,22.97,21.58,98.64,56.92,49.75,38.59
522.08,35.28,21.29,22.94,21.55,98.64,56.92,49.75,38.59
522.09,35.21,21.29,22.94,21.55,98.64,56.78,49.64,38.59
522.10,35.21,21.29,22.94,21.55,98.64,56.92,49.75,38.59
522.11,35.28,21.29,22.94,21.52,98.64,56.92,49.75,38.51
522.12,35.34,21.29,22.94,21.55,98.64,56.92,49.75,38.59
522.13,35.28,21.29,22.94,21.55,98.64,56.92,49.75,38.51
522.14,35.21,21.29,22.94,21.55,98.64,56.92,49.75,38.59
522.15,35.21,21.29,22.94,21.55,98.64,56.92,49.64,38.59
522.16,35.21,21.29,22.94,21.55,98.64,56.92,49.75,38.59
522.17,35.28,21.29,22.94,21.55,98.64,57.07,49.75,38.59
522.18,35.28,21.32,22.97,21.55,98.64,56.92,49.64,38.59
522.19,35.21,21.29,22.94,21.55,98.64,56.78,49.75,38.59
522.20,35.21,21.26,22.94,21.55,98.64,56.92,49.64,38.59
522.21,35.21,21.29,22.94,21.55,98.64,56.92,49.75,38.59
522.22,35.28,21.29,22.94,21.55,99.02,56.92,49.75,38.59
522.23,35.28,21.32,22.97,21.55,99.02,56.92,49.75,38.59
522.24,35.21,21.29,22.94,21.55,99.02,56.92,49.75,38.51
522.25,35.21,21.29,22.94,21.55,98.64,56.92,49.75,38.59
522.26,35.21,21.29,22.97,21.55,98.64,56.92,49.75,38.59
522.27,35.21,21.29,22.97,21.55,98.64,56.92,49.75,38.59
522.28,35.28,21.29,22.97,21.55,99.02,56.92,49.75,38.59
522.29,35.28,21.29,22.97,21.55,99.02,57.07,49.75,38.59
522.30,35.21,21.29,22.94,21.55,98.64,56.92,49.75,38.59
522.31,35.21,21.29,22.94,21.55,98.64,56.92,49.75,38.59
522.32,35.21,21.29,22.97,21.55,99.02,56.92,49.64,38.59
522.33,35.28,21.29,22.97,21.55,99.02,56.92,49.75,38.59
522.34,35.21,21.29,22.97,21.55,98.64,56.92,49.75,38.59
522.35,35.21,21.29,22.94,21.55,98.64,56.92,49.75,38.51
522.36,35.21,21.29,22.94,21.55,99.02,56.92,49.75,38.59
522.37,35.34,21.32,22.97,21.55,98.64,56.92,49.75,38.59
522.38,35.21,21.32,22.97,21.55,98.64,56.92,49.87,38.59
522.39,35.28,21.29,22.94,21.55,98.64,56.92,49.75,38.59
522.40,35.21,21.29,22.94,21.55,98.64,56.92,49.75,38.51
522.41,35.28,21.29,22.94,21.55,98.64,56.92,49.75,38.59
522.42,35.34,21.32,22.94,21.55,98.64,56.92,49.75,38.59
522.43,35.28,21.32,22.97,21.55,99.02,56.92,49.75,38.59
522.44,35.21,21.29,22.97,21.55,98.64,56.92,49.75,38.59
522.45,35.21,21.29,22.94,21.55,98.64,57.07,49.75,38.59
522.46,35.21,21.29,22.97,21.55,99.02,56.92,49.75,38.43
522.47,35.21,21.29,22.97,21.55,98.64,57.07,49.75,38.59
522.48,35.28,21.29,22.97,21.55,98.64,56.92,49.75,38.59
522.49,35.28,21.29,22.97,21.55,99.02,56.92,49.75,38.59
522.50,35.21,21.29,22.94,21.55,98.64,56.92,49.75,38.59
522.51,35.28,21.29,22.97,21.55,99.02,56.92,49.75,38.66
522.52,35.21,21.32,22.97,21.55,98.64,56.92,49.75,38.59
522.53,35.28,21.35,22.97,21.55,98.64,56.92,49.75,38.59
522.54,35.28,21.29,22.94,21.55,99.02,57.07,49.75,38.59
522.55,35.21,21.29,22.94,21.55,99.02,57.07,49.75,38.59
522.56,35.21,21.29,22.94,21.55,98.64,56.92,49.75,38.59
522.57,35.28,21.32,22.97,21.55,99.02,56.92,49.75,38.59
522.58,35.28,21.32,22.94,21.55,98.64,56.92,49.75,38.59
522.59,35.21,21.29,22.97,21.55,99.02,56.78,49.75,38.59
522.60,35.21,21.29,22.94,21.55,99.02,56.92,49.75,38.59
522.61,35.21,21.29,22.94,21.55,98.64,56.92,49.75,38.59
522.62,35.28,21.29,22.97,21.55,99.02,56.92,49.75,38.59
522.63,35.21,21.32,22.97,21.55,99.02,56.92,49.87,38.59
522.64,35.21,21.29,22.97,21.55,98.64,56.92,49.75,38.59
522.65,35.28,21.29,22.94,21.55,99.02,56.92,49.75,38.59
522.66,35.28,21.32,22.94,21.58,99.02,56.92,49.64,38.66
522.67,35.28,21.32,22.97,21.55,99.02,56.92,49.75,38.59
522.68,35.28,21.32,22.97,21.55,99.02,56.92,49.75,38.59
522.69,35.28,21.29,22.97,21.55,99.02,56.92,49.75,38.59
522.70,35.21,21.29,22.97,21.55,98.64,56.92,49.75,38.59
522.71,35.15,21.29,22.94,21.55,98.64,56.92,49.87,38.59
522.72,35.21,21.32,22.97,21.55,99.02,56.92,49.75,38.59
522.73,35.34,21.29,22.97,21.58,99.02,56.92,49.75,38.59
522.74,35.28,21.32,22.94,21.55,98.64,56.92,49.75,38.59
522.75,35.21,21.26,22.97,21.58,98.64,56.92,49.75,38.59
522.76,35.21,21.29,22.94,21.55,98.64,56.92,49.75,38.59
522.77,35.28,21.32,22.97,21.55,99.02,56.92,49.75,38.59
522.78,35.28,21.29,22.97,21.55,98.64,56.92,49.75,38.59
522.79,35.28,21.29,22.97,21.55,98.64,56.92,49.75,38.59
522.80,35.28,21.29,22.97,21.55,98.64,57.07,49.75,38.59
522.81,35.21,21.29,22.97,21.55,98.64,56.78,49.75,38.59
522.82,35.28,21.32,22.97,21.55,99.02,57.07,49.75,38.59
522.83,35.28,21.32,22.97,21.55,99.02,56.92,49.75,38.59
522.84,35.21,21.32,22.97,21.55,98.64,57.21,49.75,38.59
522.85,35.28,21.29,22.97,21.55,99.02,56.92,49.87,38.66
522.86,35.28,21.32,22.97,21.55,98.64,57.07,49.75,38.59
522.87,35.21,21.29,22.97,21.55,99.02,56.92,49.75,38.59
522.88,35.34,21.32,22.97,21.55,99.02,57.07,49.75,38.59
522.89,35.28,21.32,22.94,21.55,98.64,56.92,49.75,38.59
522.90,35.34,21.29,22.94,21.55,99.02,56.92,49.75,38.59
522.91,35.28,21.29,22.97,21.55,98.26,56.92,49.75,38.59
522.92,35.28,21.29,22.97,21.55,99.02,56.92,49.75,38.51
522.93,35.28,21.32,22.97,21.55,99.02,56.92,49.75,38.59
522.94,35.21,21.29,22.97,21.55,98.64,56.92,49.75,38.59
522.95,35.28,21.29,22.97,21.55,98.64,56.92,49.75,38.59
522.96,35.15,21.29,22.94,21.55,98.64,56.92,49.75,38.59
522.97,35.34,21.29,22.97,21.55,99.02,56.92,49.75,38.59
522.98,35.21,21.32,22.97,21.55,99.02,56.92,49.87,38.59
522.99,35.15,21.29,22.97,21.55,99.02,56.92,49.75,38.59
523.00,35.28,21.29,22.94,21.55,98.64,56.92,49.75,38.59
523.01,35.28,21.29,22.94,21.55,98.64,56.92,49.75,38.59
523.02,35.28,21.32,22.97,21.55,99.02,56.92,49.75,38.59
523.03,35.28,21.32,22.97,21.55,98.64,56.92,49.75,38.66
523.04,35.21,21.29,22.97,21.55,98.64,56.92,49.75,38.59
523.05,35.28,21.29,22.94,21.58,98.64,56.92,49.64,38.59
523.06,35.21,21.29,22.94,21.55,98.64,56.92,49.75,38.59
523.07,35.21,21.32,22.97,21.55,99.02,56.92,49.87,38.59
523.08,35.28,21.32,22.97,21.55,98.64,56.92,49.87,38.59
523.09,35.28,21.29,22.97,21.55,99.02,56.92,49.87,38.59
523.10,35.21,21.29,22.97,21.55,98.64,56.92,49.64,38.59
523.11,35.28,21.29,22.94,21.55,98.64,56.92,49.87,38.59
523.12,35.21,21.29,22.97,21.55,99.02,56.92,49.87,38.59
523.13,35.21,21.29,22.97,21.55,99.02,56.92,49.75,38.59
523.14,35.34,21.29,22.97,21.55,98.64,56.92,49.75,38.59
523.15,35.28,21.26,22.97,21.55,98.64,56.92,49.75,38.59
523.16,35.21,21.29,22.97,21.55,99.02,56.92,49.75,38.59
523.17,35.28,21.32,22.97,21.55,99.02,56.92,49.75,38.59
523.18,35.21,21.32,22.97,21.55,98.64,57.07,49.75,38.59
523.19,35.21,21.29,22.94,21.55,99.02,56.92,49.75,38.59
523.20,35.21,21.26,22.94,21.55,99.02,56.92,49.75,38.59
523.21,35.21,21.29,22.97,21.55,98.64,56.92,49.75,38.59
523.22,35.21,21.29,22.97,21.55,99.02,56.92,49.75,38.59
523.23,35.28,21.29,22.97,21.55,99.02,56.92,49.75,38.59
523.24,35.28,21.29,22.97,21.55,98.64,56.92,49.75,38.59
523.25,35.21,21.29,22.94,21.55,99.02,56.92,49.75,38.59
523.26,35.28,21.29,22.94,21.55,98.64,56.92,49.75,38.59
523.27,35.21,21.32,22.97,21.55,98.64,56.92,49.75,38.59
523.28,35.28,21.32,22.97,21.55,99.02,56.92,49.75,38.59
523.29,35.21,21.29,22.94,21.55,99.02,56.92,49.75,38.59
523.30,35.21,21.26,22.94,21.55,99.02,56.92,49.75,38.59
523.31,35.21,21.29,22.97,21.55,98.64,57.07,49.75,38.59
523.32,35.34,21.29,22.97,21.55,98.64,57.07,49.75,38.59
523.33,35.28,21.32,22.97,21.55,99.02,56.92,49.75,38.59
523.34,35.21,21.29,22.94,21.55,98.64,56.92,49.75,38.51
523.35,35.28,21.29,22.94,21.55,98.64,56.92,49.75,38.59
523.36,35.21,21.29,22.94,21.55,99.02,56.92,49.75,38.59
523.37,35.21,21.29,22.97,21.55,98.64,56.92,49.75,38.59
523.38,35.28,21.29,22.97,21.55,99.02,56.92,49.75,38.59
523.39,35.21,21.29,22.94,21.55,98.64,56.92,49.64,38.59
523.40,35.21,21.29,22.94,21.55,98.64,56.92,49.75,38.59
523.41,35.21,21.29,22.94,21.55,99.02,56.92,49.75,38.59
523.42,35.28,21.32,22.97,21.55,99.02,56.92,49.75,38.59
523.43,35.28,21.29,22.97,21.55,98.64,56.92,49.75,38.59
523.44,35.21,21.29,22.94,21.55,99.02,56.92,49.75,38.59
523.45,35.21,21.29,22.94,21.55,98.64,56.92,49.75,38.59
523.46,35.21,21.29,22.94,21.55,98.64,56.92,49.75,38.59
523.47,35.21,21.29,22.97,21.55,99.02,56.92,49.75,38.59
523.48,35.28,21.29,22.97,21.55,98.64,56.92,49.75,38.51
523.49,35.28,21.29,22.94,21.55,98.64,56.92,49.64,38.59
523.50,35.21,21.26,22.94,21.55,98.64,56.78,49.75,38.59
523.51,35.21,21.29,22.94,21.55,98.64,56.92,49.75,38.59
523.52,35.28,21.29,22.97,21.55,98.64,56.78,49.75,38.59
523.53,35.28,21.29,22.97,21.55,99.02,56.92,49.75,38.59
523.54,35.21,21.26,22.94,21.55,98.64,56.92,49.75,38.51
523.55,35.21,21.26,22.94,21.55,98.64,56.78,49.75,38.59
523.56,35.21,21.29,22.94,21.55,98.64,56.92,49.75,38.59
523.57,35.28,21.29,22.97,21.55,98.64,56.92,49.75,38.59
523.58,35.21,21.26,22.94,21.55,99.02,56.92,49.75,38.59
523.59,35.28,21.26,22.94,21.55,98.64,56.92,49.75,38.59
523.60,35.21,21.26,22.94,21.55,98.64,56.92,49.75,38.59
523.61,35.21,21.29,22.94,21.55,98.64,56.92,49.64,38.59
523.62,35.28,21.29,22.94,21.55,98.64,56.92,49.75,38.59
523.63,35.21,21.29,22.97,21.55,98.64,56.92,49.64,38.59
523.64,35.21,21.26,22.94,21.55,99.02,56.92,49.75,38.59
523.65,35.21,21.26,22.94,21.55,98.64,56.92,49.75,38.59
523.66,35.21,21.26,22.94,21.55,98.64,56.92,49.75,38.59
523.67,35.34,21.29,22.94,21.55,99.02,56.92,49.75,38.59
523.68,35.28,21.29,22.94,21.55,99.02,56.92,49.75,38.59
523.69,35.21,21.26,22.94,21.55,98.64,56.92,49.75,38.59
523.70,35.21,21.26,22.94,21.55,98.64,56.92,49.75,38.59
523.71,35.21,21.29,22.94,21.58,98.64,56.92,49.87,38.59
523.72,35.21,21.29,22.94,21.55,98.64,56.92,49.75,38.59
523.73,35.21,21.29,22.94,21.55,98.64,56.92,49.75,38.59
523.74,35.21,21.29,22.94,21.55,98.64,56.92,49.75,38.59
523.75,35.21,21.26,22.94,21.55,98.64,56.92,49.64,38.59
523.76,35.21,21.26,22.94,21.55,98.64,56.92,49.64,38.59
523.77,35.21,21.29,22.94,21.55,99.02,56.92,49.75,38.59
523.78,35.21,21.26,22.97,21.55,98.64,56.92,49.75,38.59
523.79,35.28,21.26,22.94,21.55,98.64,56.78,49.64,38.59
523.80,35.21,21.26,22.94,21.55,98.64,56.92,49.75,38.59
523.81,35.21,21.26,22.94,21.55,98.64,56.92,49.75,38.59
523.82,35.28,21.29,22.94,21.55,98.64,56.92,49.75,38.59
523.83,35.28,21.26,22.94,21.55,98.64,56.78,49.64,38.59
523.84,35.15,21.26,22.94,21.55,98.64,56.92,49.64,38.59
523.85,35.21,21.26,22.94,21.55,98.64,56.92,49.75,38.59
523.86,35.28,21.26,22.94,21.55,98.64,56.78,49.64,38.59
523.87,35.28,21.29,22.94,21.55,99.02,56.92,49.75,38.59
523.88,35.21,21.26,22.94,21.55,98.64,56.92,49.75,38.59
523.89,35.21,21.26,22.94,21.55,98.64,56.78,49.64,38.59
523.90,35.21,21.26,22.90,21.55,98.64,56.92,49.64,38.59
523.91,35.21,21.26,22.94,21.55,98.64,56.92,49.64,38.59
523.92,35.28,21.26,22.94,21.55,98.64,56.78,49.64,38.59
523.93,35.21,21.26,22.94,21.55,98.64,56.92,49.64,38.59
523.94,35.21,21.26,22.94,21.55,98.64,56.92,49.64,38.59
523.95,35.21,21.26,22.94,21.55,98.64,56.92,49.75,38.66
523.96,35.21,21.26,22.94,21.55,98.64,56.78,49.75,38.59
523.97,35.21,21.29,22.94,21.58,99.02,56.92,49.75,38.59
523.98,35.21,21.26,22.94,21.55,99.02,56.92,49.64,38.66
523.99,35.15,21.26,22.90,21.55,98.64,56.92,49.64,38.59
524.00,35.21,21.26,22.94,21.55,98.64,56.92,49.64,38.59
524.01,35.21,21.26,22.94,21.58,98.64,56.78,49.75,38.59
524.02,35.28,21.26,22.94,21.55,99.02,56.92,49.75,38.66
524.03,35.21,21.26,22.94,21.55,98.64,56.78,49.75,38.59
524.04,35.15,21.26,22.94,21.55,98.64,56.78,49.75,38.51
524.05,35.15,21.26,22.94,21.55,98.64,56.78,49.64,38.59
524.06,35.21,21.26,22.94,21.55,98.64,56.92,49.75,38.59
524.07,35.28,21.26,22.94,21.55,98.64,56.92,49.64,38.59
524.08,35.21,21.26,22.94,21.55,98.64,56.92,49.64,38.66
524.09,35.15,21.26,22.90,21.55,98.64,56.92,49.64,38.59
524.10,35.15,21.23,22.94,21.55,98.64,56.64,49.64,38.51
524.11,35.21,21.26,22.90,21.55,98.64,56.78,49.75,38.66
524.12,35.21,21.26,22.94,21.55,98.64,56.92,49.75,38.51
524.13,35.21,21.26,22.90,21.55,98.64,56.92,49.75,38.59
524.14,35.21,21.26,22.94,21.55,98.64,56.64,49.75,38.59
524.15,35.15,21.23,22.90,21.55,98.64,56.92,49.64,38.66
524.16,35.21,21.26,22.90,21.55,98.64,56.92,49.75,38.59
524.17,35.21,21.26,22.94,21.55,98.64,56.92,49.75,38.59
524.18,35.15,21.26,22.94,21.55,98.64,56.78,49.64,38.59
524.19,35.21,21.26,22.90,21.55,98.64,56.92,49.64,38.59
524.20,35.15,21.26,22.90,21.55,98.64,56.92,49.64,38.59
524.21,35.15,21.26,22.94,21.55,98.64,56.92,49.64,38.59
524.22,35.28,21.26,22.94,21.55,98.64,56.92,49.64,38.66
524.23,35.21,21.26,22.94,21.55,98.64,56.78,49.64,38.59
524.24,35.21,21.26,22.90,21.55,98.64,56.78,49.75,38.59
524.25,35.21,21.26,22.90,21.55,98.64,56.78,49.75,38.59
524.26,35.15,21.26,22.94,21.55,98.64,56.92,49.75,38.59
524.27,35.21,21.26,22.94,21.55,98.64,56.92,49.75,38.59
524.28,35.21,21.26,22.94,21.55,99.02,56.92,49.75,38.59
524.29,35.15,21.26,22.90,21.55,98.64,56.92,49.75,38.59
524.30,35.21,21.26,22.90,21.55,98.64,56.92,49.64,38.59
524.31,35.28,21.26,22.94,21.55,99.02,56.78,49.75,38.59
524.32,35.21,21.26,22.94,21.55,98.64,56.92,49.75,38.59
524.33,35.15,21.26,22.94,21.55,99.02,56.92,49.64,38.59
524.34,35.21,21.26,22.90,21.55,98.64,56.78,49.64,38.66
524.35,35.15,21.26,22.90,21.55,98.64,56.92,49.64,38.59
524.36,35.21,21.26,22.90,21.55,98.64,56.92,49.75,38.59
524.37,35.21,21.26,22.94,21.55,98.64,56.78,49.64,38.59
524.38,35.28,21.29,22.90,21.55,98.64,56.78,49.75,38.59
524.39,35.15,21.26,22.90,21.52,98.64,56.78,49.64,38.59
524.40,35.15,21.26,22.90,21.55,98.64,56.92,49.64,38.59
524.41,35.28,21.26,22.94,21.55,98.64,56.78,49.75,38.59
524.42,35.28,21.26,22.94,21.55,98.64,56.92,49.75,38.59
524.43,35.21,21.26,22.94,21.55,98.64,56.92,49.64,38.59
524.44,35.15,21.26,22.90,21.52,98.64,56.78,49.64,38.59
524.45,35.21,21.26,22.90,21.55,98.64,56.92,49.75,38.59
524.46,35.15,21.26,22.94,21.55,98.64,56.92,49.64,38.59
524.47,35.28,21.29,22.94,21.55,98.64,56.92,49.75,38.66
524.48,35.21,21.26,22.94,21.55,99.02,56.78,49.64,38.59
524.49,35.21,21.26,22.90,21.55,98.64,56.92,49.75,38.66
524.50,35.21,21.23,22.94,21.55,98.26,56.78,49.64,38.59
524.51,35.21,21.26,22.94,21.55,98.64,56.92,49.64,38.59
524.52,35.28,21.26,22.94,21.55,98.64,56.92,49.75,38.66
524.53,35.28,21.26,22.94,21.55,98.64,56.92,49.64,38.59
524.54,35.21,21.23,22.94,21.55,98.64,56.92,49.64,38.59
524.55,35.15,21.26,22.94,21.55,98.64,56.78,49.75,38.59
524.56,35.28,21.26,22.94,21.55,99.02,56.78,49.75,38.59
524.57,35.21,21.26,22.90,21.55,98.64,56.92,49.75,38.59
524.58,35.21,21.26,22.94,21.55,98.64,56.92,49.75,38.59
524.59,35.15,21.26,22.94,21.55,98.64,56.78,49.64,38.59
524.60,35.21,21.26,22.90,21.55,98.64,56.78,49.64,38.59
524.61,35.21,21.26,22.94,21.55,98.64,56.78,49.64,38.59
524.62,35.21,21.26,22.94,21.55,98.64,56.92,49.75,38.59
524.63,35.21,21.26,22.94,21.55,98.64,56.92,49.64,38.59
524.64,35.21,21.26,22.90,21.55,98.64,56.92,49.64,38.59
524.65,35.28,21.26,22.90,21.55,98.64,56.92,49.64,38.59
524.66,35.21,21.26,22.94,21.55,98.64,56.92,49.64,38.66
524.67,35.21,21.26,22.94,21.55,98.64,56.92,49.75,38.59
524.68,35.21,21.26,22.94,21.55,98.64,56.92,49.64,38.59
524.69,35.15,21.26,22.90,21.55,98.64,56.78,49.64,38.59
524.70,35.15,21.26,22.94,21.58,98.64,56.78,49.64,38.59
524.71,35.21,21.26,22.90,21.55,98.64,56.92,49.75,38.59
524.72,35.21,21.26,22.94,21.55,98.64,56.92,49.75,38.59
524.73,35.21,21.26,22.94,21.55,98.64,56.92,49.75,38.59
524.74,35.15,21.26,22.94,21.55,98.64,56.92,49.64,38.59
524.75,35.21,21.26,22.90,21.55,98.64,56.78,49.75,38.59
524.76,35.28,21.26,22.94,21.55,99.02,56.78,49.75,38.59
524.77,35.28,21.29,22.94,21.55,99.02,56.92,49.75,38.59
524.78,35.28,21.26,22.94,21.55,98.64,56.92,49.64,38.59
524.79,35.21,21.26,22.94,21.55,98.64,56.92,49.52,38.59
524.80,35.21,21.26,22.90,21.55,98.64,56.78,49.64,38.59
524.81,35.28,21.26,22.94,21.55,98.64,56.92,49.75,38.59
524.82,35.21,21.26,22.94,21.55,99.02,56.92,49.75,38.59
524.83,35.21,21.26,22.94,21.55,98.64,56.92,49.75,38.59
524.84,35.15,21.26,22.90,21.55,98.64,56.78,49.64,38.59
524.85,35.15,21.26,22.90,21.55,98.64,56.92,49.64,38.59
524.86,35.21,21.26,22.94,21.55,98.64,56.92,49.64,38.59
524.87,35.28,21.29,22.94,21.55,99.02,56.92,49.75,38.59
524.88,35.21,21.26,22.94,21.55,98.64,56.78,49.75,38.59
524.89,35.21,21.26,22.90,21.55,98.64,56.92,49.64,38.59
524.90,35.15,21.26,22.90,21.55,98.64,56.92,49.64,38.59
524.91,35.21,21.26,22.94,21.55,98.64,56.92,49.75,38.59
524.92,35.21,21.26,22.94,21.55,98.64,56.92,49.75,38.59
524.93,35.21,21.26,22.94,21.55,98.64,56.92,49.75,38.59
524.94,35.21,21.26,22.90,21.55,98.64,56.78,49.75,38.59
524.95,35.15,21.26,22.94,21.55,98.64,56.92,49.64,38.59
524.96,35.21,21.26,22.94,21.55,98.64,56.64,49.64,38.59
524.97,35.21,21.26,22.94,21.55,99.02,56.92,49.75,38.59
524.98,35.21,21.26,22.94,21.55,98.64,56.78,49.75,38.59
524.99,35.21,21.26,22.90,21.55,98.64,56.92,49.64,38.59
525.00,35.28,21.26,22.90,21.55,98.64,56.92,49.64,38.59
525.01,35.21,21.26,22.94,21.58,98.64,56.92,49.75,38.59
525.02,35.21,21.26,22.94,21.55,99.02,56.92,49.75,38.66
525.03,35.15,21.26,22.94,21.55,98.64,56.92,49.75,38.59
525.04,35.21,21.26,22.94,21.55,98.64,56.92,49.64,38.59
525.05,35.21,21.26,22.90,21.55,98.64,56.78,49.64,38.59
525.06,35.21,21.26,22.94,21.55,98.64,56.92,49.75,38.59
525.07,35.21,21.26,22.94,21.55,98.64,56.92,49.64,38.59
525.08,35.28,21.26,22.94,21.55,98.64,56.92,49.75,38.59
525.09,35.21,21.26,22.90,21.55,98.64,56.92,49.75,38.59
525.10,35.21,21.26,22.90,21.55,98.64,56.78,49.64,38.66
525.11,35.21,21.26,22.94,21.55,98.64,56.92,49.75,38.59
525.12,35.21,21.26,22.94,21.55,98.64,56.92,49.75,38.59
525.13,35.21,21.26,22.94,21.55,98.64,56.92,49.64,38.59
525.14,35.21,21.26,22.94,21.55,98.64,56.92,49.64,38.59
525.15,35.21,21.26,22.94,21.55,98.64,56.78,49.75,38.59
525.16,35.21,21.29,22.94,21.55,98.64,56.92,49.75,38.59
525.17,35.21,21.26,22.94,21.55,98.64,56.92,49.75,38.59
525.18,35.21,21.26,22.94,21.55,98.64,56.92,49.75,38.66
525.19,35.21,21.26,22.94,21.55,98.64,56.92,49.75,38.59
525.20,35.15,21.26,22.94,21.55,98.64,56.78,49.75,38.59
525.21,35.21,21.26,22.94,21.55,98.64,56.92,49.75,38.59
525.22,35.28,21.26,22.94,21.55,99.02,56.92,49.75,38.59
525.23,35.28,21.29,22.94,21.55,98.64,56.92,49.75,38.59
525.24,35.21,21.23,22.90,21.55,98.64,56.78,49.75,38.59
525.25,35.21,21.29,22.94,21.58,98.64,56.92,49.75,38.66
525.26,35.28,21.23,22.94,21.55,98.64,56.92,49.75,38.59
525.27,35.21,21.29,22.94,21.55,99.02,56.92,49.75,38.59
525.28,35.21,21.26,22.94,21.55,98.64,56.92,49.75,38.59
525.29,35.28,21.26,22.94,21.55,98.64,56.78,49.75,38.59
525.30,35.21,21.26,22.90,21.55,98.64,56.92,49.64,38.59
525.31,35.28,21.26,22.94,21.55,98.64,56.78,49.75,38.59
525.32,35.21,21.29,22.94,21.55,98.64,56.78,49.75,38.66
525.33,35.21,21.26,22.94,21.55,98.64,56.92,49.75,38.59
525.34,35.21,21.26,22.90,21.55,98.64,56.64,49.75,38.59
525.35,35.21,21.26,22.94,21.55,98.64,56.92,49.75,38.66
525.36,35.28,21.26,22.94,21.55,99.02,56.92,49.64,38.59
525.37,35.28,21.26,22.94,21.55,98.64,56.92,49.75,38.66
525.38,35.28,21.26,22.94,21.55,98.64,56.92,49.75,38.59
525.39,35.15,21.26,22.94,21.55,98.64,56.78,49.75,38.59
525.40,35.21,21.26,22.94,21.55,98.64,56.78,49.75,38.59
525.41,35.21,21.26,22.94,21.55,98.64,56.92,49.75,38.59
525.42,35.28,21.29,22.94,21.55,98.64,56.92,49.75,38.59
525.43,35.28,21.26,22.94,21.55,98.64,56.92,49.64,38.59
525.44,35.28,21.26,22.94,21.55,99.02,56.92,49.64,38.66
525.45,35.15,21.26,22.94,21.55,98.64,56.78,49.75,38.59
525.46,35.21,21.26,22.94,21.55,98.64,56.92,49.75,38.59
525.47,35.15,21.26,22.94,21.55,98.64,56.92,49.75,38.59
525.48,35.28,21.29,22.94,21.55,98.64,56.92,49.75,38.66
525.49,35.15,21.26,22.94,21.55,98.64,56.92,49.64,38.59
525.50,35.34,21.26,22.94,21.55,99.02,56.92,49.75,38.59
525.51,35.21,21.26,22.94,21.55,98.64,56.92,49.75,38.59
525.52,35.28,21.29,22.97,21.55,99.02,56.78,49.75,38.59
525.53,35.21,21.29,22.94,21.55,98.64,56.92,49.75,38.66
525.54,35.21,21.26,22.94,21.55,98.64,56.92,49.75,38.59
525.55,35.21,21.26,22.94,21.55,98.64,56.92,49.75,38.59
525.56,35.21,21.29,22.94,21.55,98.64,56.92,49.75,38.59
525.57,35.28,21.29,22.94,21.55,99.02,56.92,49.75,38.59
525.58,35.21,21.26,22.94,21.55,98.26,56.92,49.75,38.66
525.59,35.21,21.26,22.94,21.55,98.64,56.92,49.75,38.66
525.60,35.21,21.26,22.94,21.55,99.02,56.92,49.75,38.59
525.61,35.28,21.29,22.94,21.55,99.02,56.92,49.75,38.59
525.62,35.21,21.29,22.94,21.52,99.02,56.92,49.75,38.59
525.63,35.28,21.29,22.97,21.55,99.02,56.92,49.75,38.66
525.64,35.21,21.26,22.94,21.55,98.64,56.92,49.75,38.59
525.65,35.28,21.29,22.94,21.55,99.02,56.92,49.75,38.59
525.66,35.28,21.29,22.94,21.55,99.02,56.92,49.75,38.59
525.67,35.34,21.29,22.97,21.55,98.64,56.92,49.75,38.66
525.68,35.21,21.26,22.94,21.55,98.64,56.92,49.75,38.59
525.69,35.28,21.26,22.94,21.55,99.02,56.92,49.75,38.59
525.70,35.21,21.29,22.94,21.55,98.64,56.92,49.75,38.59
525.71,35.21,21.29,22.94,21.55,98.64,56.92,49.75,38.74
525.72,35.28,21.29,22.97,21.55,99.02,56.92,49.87,38.59
525.73,35.21,21.29,22.94,21.55,98.64,56.92,49.75,38.66
525.74,35.21,21.26,22.94,21.55,98.64,56.92,49.75,38.59
525.75,35.21,21.29,22.94,21.55,99.02,56.92,49.75,38.66
525.76,35.21,21.29,22.94,21.55,98.64,56.92,49.75,38.59
525.77,35.28,21.29,22.97,21.55,99.02,56.92,49.75,38.66
525.78,35.21,21.29,22.94,21.55,99.02,56.92,49.75,38.59
525.79,35.21,21.26,22.94,21.55,98.64,56.92,49.75,38.66
525.80,35.28,21.26,22.94,21.55,99.02,56.92,49.64,38.59
525.81,35.34,21.29,22.94,21.55,98.64,56.92,49.75,38.66
525.82,35.34,21.29,22.97,21.55,99.02,56.92,49.75,38.59
525.83,35.21,21.29,22.94,21.55,99.02,56.92,49.75,38.59
525.84,35.28,21.29,22.94,21.55,99.02,56.92,49.75,38.59
525.85,35.28,21.29,22.94,21.55,99.02,56.92,49.75,38.59
525.86,35.21,21.29,22.94,21.55,99.02,56.92,49.87,38.59
525.87,35.28,21.29,22.97,21.55,99.02,57.07,49.75,38.59
525.88,35.21,21.29,22.97,21.55,99.02,56.92,49.75,38.59
525.89,35.21,21.26,22.94,21.55,99.02,56.92,49.75,38.59
525.90,35.21,21.29,22.94,21.55,99.02,56.92,49.75,38.59
525.91,35.28,21.29,22.94,21.55,99.02,56.92,49.87,38.66
525.92,35.34,21.29,22.97,21.55,99.02,56.92,49.75,38.66
525.93,35.21,21.29,22.97,21.55,99.02,56.92,49.87,38.59
525.94,35.28,21.26,22.94,21.55,98.64,56.92,49.75,38.59
525.95,35.28,21.29,22.97,21.58,98.64,56.92,49.75,38.66
525.96,35.28,21.29,22.97,21.58,99.02,56.92,49.75,38.59
525.97,35.34,21.29,22.97,21.55,99.02,57.07,49.87,38.66
525.98,35.28,21.29,22.94,21.55,99.02,56.92,49.87,38.59
525.99,35.28,21.29,22.94,21.55,99.02,56.92,49.75,38.66
526.00,35.34,21.29,22.94,21.55,99.02,56.92,49.75,38.59
526.01,35.34,21.29,22.97,21.58,98.64,57.07,49.75,38.66
526.02,35.28,21.32,22.97,21.55,99.02,56.92,49.87,38.66
526.03,35.28,21.29,22.97,21.58,98.64,56.92,49.75,38.59
526.04,35.21,21.29,22.94,21.55,98.64,56.92,49.75,38.66
526.05,35.21,21.29,22.97,21.55,99.02,56.92,49.75,38.59
526.06,35.28,21.32,22.97,21.55,99.02,56.92,49.87,38.59
526.07,35.28,21.32,23.01,21.55,99.02,56.92,49.75,38.66
526.08,35.28,21.29,22.97,21.55,99.02,56.92,49.87,38.59
526.09,35.28,21.29,22.97,21.55,99.02,56.92,49.75,38.59
526.10,35.21,21.29,22.97,21.55,99.02,57.07,49.75,38.66
526.11,35.28,21.29,22.97,21.55,99.02,56.92,49.87,38.66
526.12,35.28,21.29,22.97,21.55,99.02,56.92,49.87,38.66
526.13,35.21,21.29,22.97,21.55,99.02,56.92,49.75,38.66
526.14,35.28,21.29,22.97,21.58,99.02,56.92,49.87,38.66
526.15,35.28,21.29,22.97,21.55,99.02,56.92,49.75,38.59
526.16,35.41,21.32,22.97,21.55,99.02,56.78,49.75,38.66
526.17,35.28,21.32,22.97,21.55,99.02,57.07,49.87,38.59
526.18,35.21,21.29,22.97,21.55,99.02,56.92,49.75,38.66
526.19,35.21,21.32,22.97,21.58,98.64,56.92,49.75,38.66
526.20,35.28,21.29,22.97,21.55,99.02,56.92,49.87,38.66
526.21,35.21,21.32,22.97,21.58,99.02,57.07,49.75,38.66
526.22,35.28,21.32,22.97,21.58,99.02,57.07,49.75,38.59
526.23,35.21,21.32,22.97,21.55,99.02,56.92,49.75,38.66
526.24,35.28,21.29,22.97,21.55,99.02,56.92,49.75,38.66
526.25,35.21,21.29,22.97,21.58,99.02,56.92,49.75,38.59
526.26,35.28,21.32,22.97,21.58,99.02,57.07,49.75,38.59
526.27,35.34,21.32,23.01,21.55,99.02,57.07,49.75,38.59
526.28,35.28,21.32,22.97,21.55,99.02,57.07,49.75,38.66
526.29,35.28,21.32,22.97,21.55,99.02,57.07,49.87,38.59
526.30,35.28,21.29,22.97,21.58,99.02,56.92,49.75,38.66
526.31,35.34,21.29,22.97,21.55,99.02,57.07,49.87,38.59
526.32,35.28,21.32,22.97,21.55,99.02,56.92,49.75,38.59
526.33,35.34,21.32,22.97,21.55,99.02,56.92,49.75,38.66
526.34,35.28,21.32,22.97,21.55,99.02,56.92,49.75,38.59
526.35,35.28,21.29,22.97,21.55,99.02,56.92,49.75,38.66
526.36,35.34,21.32,23.01,21.55,99.02,57.07,49.87,38.66
526.37,35.41,21.32,23.01,21.55,99.02,57.07,49.75,38.66
526.38,35.34,21.32,22.97,21.58,99.02,56.92,49.75,38.59
526.39,35.28,21.29,22.94,21.55,99.02,57.07,49.75,38.66
526.40,35.21,21.29,22.97,21.55,99.02,56.92,49.87,38.66
526.41,35.34,21.32,23.01,21.55,99.02,57.07,49.87,38.66
526.42,35.34,21.32,23.01,21.55,99.02,57.07,49.87,38.66
526.43,35.28,21.29,23.01,21.58,99.02,56.92,49.87,38.66
526.44,35.28,21.29,22.97,21.58,99.02,57.07,49.75,38.66
526.45,35.28,21.32,22.97,21.58,99.02,56.92,49.87,38.66
526.46,35.34,21.29,22.97,21.55,99.02,57.07,49.87,38.66
526.47,35.28,21.32,23.01,21.58,99.02,56.92,49.87,38.66
526.48,35.28,21.32,22.97,21.55,99.02,57.07,49.75,38.59
526.49,35.28,21.35,22.97,21.58,99.02,57.07,49.75,38.66
526.50,35.34,21.26,22.97,21.55,99.02,56.92,49.87,38.59
526.51,35.28,21.32,22.97,21.58,99.02,57.07,49.75,38.66
526.52,35.28,21.32,23.01,21.55,98.64,57.07,49.87,38.66
526.53,35.34,21.32,23.01,21.55,99.02,56.92,49.87,38.66
526.54,35.28,21.32,22.97,21.55,98.64,57.07,49.75,38.66
526.55,35.28,21.32,22.97,21.58,99.02,57.07,49.75,38.66
526.56,35.28,21.32,23.01,21.58,99.02,57.07,49.87,38.66
526.57,35.34,21.32,23.01,21.55,99.02,56.92,49.75,38.66
526.58,35.34,21.32,22.97,21.55,99.02,56.92,49.87,38.59
526.59,35.28,21.32,22.97,21.55,99.02,57.21,49.75,38.66
526.60,35.28,21.29,23.01,21.58,99.02,56.92,49.75,38.66
526.61,35.34,21.32,23.01,21.58,99.02,57.07,49.87,38.66
526.62,35.34,21.32,23.01,21.55,99.02,57.07,49.75,38.66
526.63,35.34,21.32,22.97,21.58,99.02,56.92,49.87,38.66
526.64,35.28,21.32,22.97,21.58,99.02,57.07,49.75,38.66
526.65,35.34,21.32,22.97,21.55,99.02,56.92,49.75,38.59
526.66,35.28,21.32,22.97,21.58,99.02,57.07,49.87,38.66
526.67,35.34,21.32,23.01,21.55,99.02,56.92,49.87,38.66
526.68,35.34,21.35,22.97,21.55,99.02,56.92,49.87,38.66
526.69,35.28,21.32,22.97,21.55,98.64,57.07,49.87,38.66
526.70,35.34,21.32,22.97,21.55,99.02,56.92,49.87,38.66
526.71,35.34,21.35,22.97,21.58,99.02,56.92,49.87,38.59
526.72,35.41,21.32,23.01,21.55,99.02,57.07,49.87,38.66
526.73,35.21,21.32,23.01,21.55,99.02,57.07,49.87,38.59
526.74,35.34,21.32,22.97,21.58,99.02,57.07,49.87,38.66
526.75,35.34,21.32,22.97,21.55,99.02,56.92,49.87,38.66
526.76,35.28,21.32,23.01,21.55,99.02,57.07,49.75,38.66
526.77,35.41,21.32,23.01,21.58,99.02,57.07,49.87,38.66
526.78,35.28,21.29,23.01,21.55,99.02,57.07,49.87,38.66
526.79,35.34,21.32,22.97,21.58,99.02,56.92,49.87,38.66
526.80,35.34,21.32,22.97,21.55,99.02,57.07,49.87,38.66
526.81,35.34,21.32,23.01,21.58,99.40,56.92,49.87,38.66
526.82,35.34,21.32,23.01,21.55,99.02,57.07,49.87,38.66
526.83,35.34,21.32,23.01,21.55,98.64,57.07,49.75,38.66
526.84,35.21,21.32,22.97,21.58,99.02,56.92,49.87,38.59
526.85,35.28,21.32,23.01,21.58,99.02,57.07,49.64,38.66
526.86,35.28,21.35,23.01,21.58,98.64,57.07,49.98,38.66
526.87,35.34,21.32,22.97,21.55,99.02,57.07,49.75,38.66
526.88,35.28,21.32,23.01,21.55,99.02,56.92,49.87,38.59
526.89,35.28,21.32,22.97,21.58,99.02,57.07,49.87,38.66
526.90,35.28,21.32,22.97,21.58,99.02,57.07,49.98,38.66
526.91,35.34,21.32,23.01,21.58,99.02,57.07,49.87,38.66
526.92,35.28,21.32,23.01,21.55,99.02,57.07,49.87,38.66
526.93,35.34,21.32,23.01,21.55,99.02,56.92,49.87,38.59
526.94,35.28,21.32,23.01,21.58,99.02,57.07,49.87,38.66
526.95,35.28,21.32,22.97,21.58,99.02,56.92,49.87,38.66
526.96,35.34,21.35,23.01,21.58,99.02,56.92,49.87,38.66
526.97,35.34,21.32,23.01,21.58,99.02,56.92,49.87,38.66
526.98,35.28,21.32,23.01,21.58,99.02,56.92,49.75,38.59
526.99,35.34,21.32,22.97,21.58,99.02,57.07,49.87,38.66
527.00,35.28,21.32,22.97,21.58,99.02,57.07,49.87,38.59
527.01,35.28,21.32,23.01,21.58,99.02,57.07,49.87,38.66
527.02,35.41,21.35,23.01,21.58,99.02,57.07,49.87,38.66
527.03,35.34,21.35,23.01,21.58,99.02,56.92,49.87,38.66
527.04,35.28,21.32,22.97,21.55,99.02,57.07,49.87,38.66
527.05,35.28,21.35,23.01,21.58,99.02,56.92,49.87,38.66
527.06,35.28,21.35,23.01,21.58,99.02,57.07,49.87,38.66
527.07,35.34,21.32,23.01,21.58,99.02,57.07,49.87,38.66
527.08,35.28,21.32,23.01,21.58,99.02,57.07,49.87,38.66
527.09,35.28,21.32,22.97,21.58,99.02,57.07,49.87,38.66
527.10,35.34,21.32,22.97,21.58,99.02,57.07,49.87,38.66
527.11,35.34,21.35,23.01,21.55,99.02,57.07,49.87,38.66
527.12,35.28,21.35,23.01,21.58,99.02,57.07,49.87,38.66
527.13,35.28,21.32,23.01,21.55,99.02,57.07,49.87,38.66
527.14,35.34,21.32,23.01,21.58,99.02,57.07,49.87,38.66
527.15,35.34,21.32,23.01,21.55,99.02,57.21,49.87,38.66
527.16,35.41,21.35,23.01,21.58,99.02,57.07,49.87,38.66
527.17,35.41,21.32,23.01,21.58,99.02,57.07,49.87,38.66
527.18,35.28,21.32,23.01,21.55,99.02,56.92,49.87,38.66
527.19,35.28,21.32,22.97,21.55,99.02,56.92,49.87,38.66
527.20,35.28,21.32,23.01,21.58,99.02,57.07,49.87,38.66
527.21,35.28,21.32,23.01,21.58,99.02,57.07,49.87,38.66
527.22,35.34,21.35,23.01,21.58,99.02,57.07,49.87,38.66
527.23,35.28,21.32,23.01,21.58,99.02,57.07,49.87,38.66
527.24,35.28,21.29,23.01,21.58,99.02,56.92,49.87,38.66
527.25,35.28,21.32,23.01,21.58,99.02,57.07,49.87,38.66
527.26,35.41,21.32,23.01,21.58,99.02,57.07,49.87,38.66
527.27,35.41,21.35,23.01,21.58,99.02,56.92,49.87,38.66
527.28,35.34,21.32,22.97,21.58,99.02,57.07,49.87,38.66
527.29,35.28,21.32,22.97,21.58,99.02,57.07,49.87,38.66
527.30,35.34,21.32,23.01,21.58,99.02,56.92,49.87,38.66
527.31,35.34,21.32,23.01,21.58,99.02,57.07,49.87,38.66
527.32,35.28,21.32,23.01,21.55,99.02,57.07,49.87,38.66
527.33,35.28,21.32,23.01,21.58,99.02,56.92,49.87,38.66
527.34,35.28,21.32,23.01,21.58,99.02,57.07,49.87,38.66
527.35,35.28,21.32,23.01,21.55,99.02,57.07,49.87,38.66
527.36,35.34,21.32,23.01,21.58,99.02,57.07,49.87,38.66
527.37,35.28,21.32,23.01,21.55,99.02,57.07,49.87,38.66
527.38,35.28,21.32,23.01,21.58,99.02,57.07,49.87,38.66
527.39,35.28,21.32,23.01,21.58,99.02,57.07,49.75,38.66
527.40,35.28,21.32,23.01,21.55,99.02,57.07,49.87,38.66
527.41,35.34,21.35,23.01,21.58,99.02,57.07,49.87,38.66
527.42,35.34,21.35,23.01,21.55,99.02,57.07,49.87,38.66
527.43,35.28,21.32,23.01,21.58,99.02,56.92,49.87,38.66
527.44,35.28,21.32,22.97,21.58,99.02,56.92,49.87,38.66
527.45,35.28,21.32,23.01,21.58,99.02,57.07,49.87,38.66
527.46,35.34,21.35,23.01,21.58,99.02,57.07,49.87,38.66
527.47,35.34,21.35,23.01,21.58,99.02,57.07,49.87,38.66
527.48,35.34,21.32,23.01,21.55,99.02,57.07,49.87,38.66
527.49,35.28,21.32,23.01,21.58,99.02,57.07,49.87,38.66
527.50,35.28,21.32,23.01,21.58,99.02,57.07,49.87,38.66
527.51,35.34,21.35,23.01,21.58,99.02,57.21,49.87,38.74
527.52,35.41,21.32,23.01,21.58,99.02,57.07,49.87,38.66
527.53,35.28,21.32,23.01,21.58,99.02,57.07,49.87,38.66
527.54,35.28,21.32,23.01,21.55,99.02,57.07,49.87,38.66
527.55,35.34,21.35,23.01,21.58,99.02,57.07,49.87,38.66
527.56,35.34,21.35,23.04,21.58,99.02,57.07,49.98,38.66
527.57,35.34,21.35,23.01,21.58,99.02,57.07,49.87,38.59
527.58,35.34,21.32,22.97,21.58,98.64,57.07,49.87,38.66
527.59,35.41,21.32,23.01,21.58,99.02,56.92,49.75,38.66
527.60,35.34,21.32,23.01,21.58,99.02,57.07,49.87,38.66
527.61,35.41,21.32,23.01,21.58,99.02,57.21,49.87,38.66
527.62,35.34,21.35,23.01,21.58,99.02,57.07,49.87,38.66
527.63,35.28,21.32,22.97,21.55,99.02,57.07,49.87,38.66
527.64,35.28,21.32,23.01,21.58,99.02,57.07,49.87,38.66
527.65,35.34,21.32,23.01,21.58,99.02,57.07,49.87,38.66
527.66,35.41,21.35,23.01,21.55,99.40,57.07,49.87,38.66
527.67,35.28,21.32,23.01,21.58,99.02,57.07,49.87,38.66
527.68,35.28,21.32,23.01,21.55,99.02,57.07,49.75,38.66
527.69,35.34,21.32,23.01,21.55,99.02,57.07,49.87,38.66
527.70,35.28,21.32,23.01,21.58,99.02,57.07,49.87,38.66
527.71,35.34,21.35,23.01,21.58,99.02,57.07,49.87,38.66
527.72,35.28,21.35,23.01,21.55,99.02,57.07,49.87,38.74
527.73,35.28,21.35,23.01,21.58,99.02,56.92,49.87,38.66
527.74,35.34,21.29,23.01,21.58,99.02,56.92,49.87,38.66
527.75,35.34,21.32,23.01,21.58,99.02,57.07,49.87,38.66
527.76,35.28,21.35,23.01,21.62,99.02,57.07,49.87,38.66
527.77,35.28,21.32,23.01,21.58,99.02,57.07,49.87,38.66
527.78,35.34,21.35,23.01,21.58,99.02,57.07,49.87,38.66
527.79,35.28,21.32,23.01,21.58,99.02,57.07,49.87,38.66
527.80,35.28,21.32,23.01,21.58,99.02,57.07,49.87,38.66
527.81,35.34,21.35,23.01,21.58,99.02,57.21,49.87,38.66
527.82,35.34,21.35,23.01,21.58,99.02,57.07,49.87,38.66
527.83,35.28,21.32,23.01,21.58,99.02,57.21,49.87,38.74
527.84,35.28,21.32,23.01,21.58,99.02,57.07,49.87,38.74
527.85,35.28,21.32,23.01,21.55,99.02,57.07,49.87,38.66
527.86,35.34,21.35,23.01,21.58,99.02,57.07,49.87,38.81
527.87,35.34,21.35,23.01,21.55,99.02,56.92,49.87,38.59
527.88,35.41,21.32,23.01,21.58,99.02,57.07,49.87,38.74
527.89,35.28,21.35,23.01,21.58,99.02,57.07,49.87,38.66
527.90,35.34,21.32,23.01,21.55,99.02,57.07,49.75,38.66
527.91,35.34,21.35,23.01,21.58,99.02,57.07,49.87,38.66
527.92,35.34,21.35,23.01,21.58,99.02,57.07,49.98,38.66
527.93,35.28,21.32,23.01,21.58,99.02,57.07,49.87,38.66
527.94,35.34,21.32,23.01,21.58,99.02,57.21,49.87,38.66
527.95,35.28,21.35,23.01,21.58,99.02,57.07,49.87,38.66
527.96,35.41,21.35,23.01,21.58,99.02,57.07,49.87,38.66
527.97,35.21,21.35,23.01,21.58,99.02,57.07,49.87,38.66
527.98,35.34,21.32,23.01,21.58,99.02,57.07,49.87,38.66
527.99,35.28,21.32,22.97,21.58,99.02,57.07,49.87,38.66
528.00,35.21,21.32,23.01,21.58,99.02,57.07,49.87,38.66
528.01,35.41,21.35,23.04,21.58,99.02,57.07,49.87,38.74
528.02,35.34,21.35,23.01,21.58,99.02,57.07,49.87,38.66
528.03,35.34,21.32,23.01,21.55,99.02,57.07,49.87,38.66
528.04,35.34,21.32,23.01,21.58,99.02,56.92,49.87,38.66
528.05,35.28,21.32,23.01,21.58,99.02,57.07,49.87,38.66
528.06,35.41,21.35,23.01,21.58,99.40,57.07,49.87,38.66
528.07,35.34,21.35,23.01,21.58,99.02,57.07,49.87,38.66
528.08,35.34,21.32,22.97,21.58,99.02,56.92,49.87,38.66
528.09,35.34,21.32,23.01,21.58,98.64,57.07,49.87,38.66
528.10,35.41,21.35,23.01,21.55,98.64,56.92,49.87,38.66
528.11,35.41,21.35,23.01,21.58,99.02,57.07,49.75,38.66
528.12,35.34,21.32,23.01,21.58,99.02,57.07,49.75,38.66
528.13,35.28,21.32,23.01,21.58,99.02,57.07,49.87,38.66
528.14,35.28,21.32,23.01,21.58,99.02,56.92,49.87,38.66
528.15,35.34,21.32,23.01,21.58,99.02,57.07,49.87,38.66
528.16,35.28,21.35,23.01,21.58,99.02,57.07,49.87,38.66
528.17,35.34,21.32,23.01,21.58,99.02,57.07,49.87,38.66
528.18,35.28,21.32,23.01,21.58,99.02,57.07,49.87,38.66
528.19,35.28,21.32,22.97,21.58,99.02,57.07,49.87,38.66
528.20,35.28,21.32,23.01,21.58,99.02,57.07,49.87,38.66
528.21,35.34,21.35,23.01,21.58,99.02,57.07,49.87,38.66
528.22,35.28,21.35,23.01,21.58,99.02,57.07,49.87,38.66
528.23,35.28,21.32,23.01,21.58,99.02,57.07,49.87,38.66
528.24,35.34,21.32,22.97,21.58,99.02,57.07,49.87,38.66
528.25,35.34,21.35,23.01,21.58,99.02,57.07,49.87,38.66
528.26,35.34,21.32,23.01,21.58,99.02,57.07,49.87,38.66
528.27,35.34,21.32,23.01,21.58,99.02,57.07,49.87,38.66
528.28,35.28,21.32,23.01,21.58,99.02,57.07,49.87,38.66
528.29,35.28,21.32,23.01,21.58,99.02,56.92,49.87,38.66
528.30,35.28,21.32,23.01,21.58,99.02,57.07,49.87,38.66
528.31,35.28,21.35,23.01,21.58,99.02,57.07,49.87,38.66
528.32,35.28,21.32,23.01,21.58,99.02,56.92,49.98,38.66
528.33,35.28,21.32,23.01,21.55,99.02,57.07,49.87,38.66
528.34,35.34,21.32,22.97,21.55,99.02,57.07,49.87,38.66
528.35,35.28,21.35,23.01,21.58,99.02,56.92,49.87,38.74
528.36,35.41,21.35,23.01,21.58,99.02,57.07,49.87,38.74
528.37,35.28,21.32,23.01,21.58,99.02,57.07,49.75,38.66
528.38,35.28,21.32,23.01,21.58,99.02,57.07,49.87,38.66
528.39,35.28,21.32,23.01,21.58,99.02,57.07,49.98,38.66
528.40,35.34,21.32,23.01,21.58,99.02,57.07,49.87,38.66
528.41,35.41,21.32,23.01,21.58,99.02,57.07,49.87,38.66
528.42,35.34,21.32,23.01,21.58,99.02,57.07,49.87,38.66
528.43,35.28,21.32,22.97,21.55,99.02,57.07,49.87,38.66
528.44,35.34,21.32,22.97,21.58,99.02,57.07,49.87,38.66
528.45,35.28,21.32,23.01,21.58,99.02,57.07,49.87,38.66
528.46,35.28,21.35,23.01,21.58,99.02,57.07,49.87,38.66
528.47,35.34,21.35,23.01,21.58,99.02,57.07,49.87,38.74
528.48,35.28,21.32,22.97,21.58,99.02,57.07,49.98,38.66
528.49,35.28,21.32,23.01,21.58,99.02,57.07,49.87,38.66
528.50,35.28,21.32,23.01,21.58,99.02,57.07,49.87,38.66
528.51,35.34,21.35,23.01,21.58,99.40,57.07,49.87,38.74
528.52,35.28,21.35,23.01,21.55,99.02,56.92,49.87,38.66
528.53,35.34,21.32,23.01,21.58,99.02,57.07,49.87,38.66
528.54,35.28,21.32,23.01,21.58,99.02,57.07,49.87,38.74
528.55,35.28,21.32,23.01,21.58,99.02,57.07,49.87,38.74
528.56,35.41,21.35,23.01,21.58,99.02,57.07,49.75,38.66
528.57,35.41,21.32,23.01,21.58,99.02,57.07,49.87,38.66
528.58,35.28,21.32,23.01,21.58,99.02,57.07,49.87,38.74
528.59,35.28,21.32,23.01,21.58,99.02,57.07,49.87,38.66
528.60,35.28,21.32,23.01,21.58,99.02,57.07,49.87,38.74
528.61,35.34,21.35,23.01,21.58,99.02,57.07,49.87,38.66
528.62,35.34,21.32,23.01,21.58,99.02,57.07,49.87,38.66
528.63,35.28,21.32,23.01,21.58,99.02,56.92,49.87,38.74
528.64,35.34,21.32,22.97,21.58,99.02,57.07,49.98,38.66
528.65,35.28,21.32,23.01,21.58,99.40,57.07,49.87,38.66
528.66,35.34,21.32,23.01,21.58,99.02,57.07,49.87,38.74
528.67,35.28,21.32,23.01,21.58,99.02,57.07,49.98,38.66
528.68,35.28,21.32,23.01,21.58,99.02,57.07,49.87,38.66
528.69,35.28,21.32,23.01,21.58,99.02,57.07,49.87,38.74
528.70,35.28,21.35,23.01,21.58,99.02,57.07,49.98,38.74
528.71,35.34,21.35,23.01,21.58,99.02,57.07,49.87,38.66
528.72,35.41,21.35,23.01,21.58,99.02,57.07,49.87,38.66
528.73,35.34,21.32,23.01,21.58,99.02,57.07,49.75,38.74
528.74,35.41,21.32,22.97,21.55,99.02,57.07,49.87,38.66
528.75,35.34,21.32,23.01,21.58,99.02,57.07,49.98,38.66
528.76,35.34,21.32,23.04,21.58,99.02,57.07,49.87,38.66
528.77,35.34,21.32,23.04,21.58,99.02,57.07,49.87,38.66
528.78,35.28,21.35,23.01,21.58,99.02,56.92,49.87,38.66
528.79,35.34,21.32,23.01,21.58,99.02,57.07,49.87,38.66
528.80,35.34,21.32,23.01,21.58,99.02,57.07,49.98,38.74
528.81,35.34,21.35,23.01,21.58,99.40,56.92,49.87,38.66
528.82,35.34,21.35,23.01,21.58,99.02,57.07,49.87,38.74
528.83,35.34,21.32,23.01,21.58,99.02,57.07,49.87,38.66
528.84,35.28,21.35,23.01,21.58,99.02,57.07,49.87,38.66
528.85,35.34,21.35,23.01,21.58,99.02,57.07,49.98,38.74
528.86,35.34,21.35,23.04,21.58,99.02,57.07,49.87,38.66
528.87,35.34,21.35,23.01,21.58,99.02,57.07,49.87,38.74
528.88,35.34,21.35,23.01,21.58,99.02,57.07,49.87,38.66
528.89,35.34,21.35,23.01,21.58,99.02,57.07,49.87,38.74
528.90,35.28,21.32,23.01,21.58,99.02,57.07,49.87,38.66
528.91,35.41,21.35,23.04,21.58,99.40,57.07,49.87,38.66
528.92,35.34,21.35,23.01,21.58,99.02,57.07,49.98,38.74
528.93,35.28,21.32,23.01,21.58,99.02,57.07,49.87,38.74
528.94,35.34,21.32,23.01,21.58,99.02,57.07,49.87,38.74
528.95,35.34,21.35,23.01,21.55,99.02,57.07,49.87,38.66
528.96,35.41,21.35,23.01,21.58,99.02,57.07,49.87,38.66
528.97,35.34,21.35,23.01,21.58,99.02,57.07,49.87,38.74
528.98,35.34,21.35,23.01,21.58,99.02,57.07,49.87,38.66
528.99,35.34,21.32,23.01,21.58,99.02,57.07,49.87,38.66
529.00,35.34,21.38,23.01,21.58,99.02,57.07,49.87,38.74
529.01,35.41,21.35,23.04,21.55,99.40,57.07,49.98,38.74
529.02,35.34,21.35,23.01,21.58,99.02,57.07,49.98,38.74
529.03,35.34,21.35,23.01,21.58,99.40,57.07,49.98,38.66
529.04,35.34,21.35,23.01,21.58,99.02,57.07,49.87,38.66
529.05,35.28,21.32,23.01,21.58,99.02,57.07,49.87,38.66
529.06,35.41,21.35,23.04,21.58,99.40,57.21,49.98,38.66
529.07,35.41,21.35,23.01,21.58,99.40,57.07,49.87,38.74
529.08,35.34,21.35,23.01,21.58,99.02,57.07,49.87,38.74
529.09,35.34,21.32,23.04,21.58,99.02,56.92,49.98,38.66
529.10,35.34,21.35,23.04,21.58,99.02,57.21,49.87,38.74
529.11,35.34,21.35,23.04,21.58,99.02,57.07,49.98,38.66
529.12,35.34,21.35,23.04,21.58,99.02,57.07,49.98,38.81
529.13,35.34,21.35,23.01,21.58,99.02,57.07,49.87,38.74
529.14,35.41,21.35,23.01,21.58,99.40,57.21,49.98,38.66
529.15,35.41,21.35,23.04,21.58,99.02,57.21,49.87,38.66
529.16,35.34,21.38,23.04,21.58,99.40,57.07,49.87,38.66
529.17,35.28,21.35,23.01,21.58,99.02,57.07,49.98,38.66
529.18,35.34,21.35,23.01,21.58,99.02,57.07,49.87,38.74
529.19,35.34,21.35,23.04,21.58,99.02,57.07,49.98,38.74
529.20,35.34,21.35,23.01,21.55,99.02,57.07,49.87,38.66
529.21,35.34,21.35,23.04,21.58,99.02,57.21,49.98,38.74
529.22,35.34,21.35,23.04,21.58,99.02,57.07,49.87,38.74
529.23,35.41,21.35,23.04,21.58,99.02,57.07,49.87,38.66
529.24,35.34,21.35,23.01,21.58,99.02,57.07,49.87,38.74
529.25,35.34,21.35,23.04,21.58,99.02,57.21,49.87,38.74
529.26,35.41,21.35,23.01,21.58,99.02,57.21,49.98,38.74
529.27,35.34,21.35,23.04,21.58,99.02,57.21,49.87,38.74
529.28,35.34,21.32,23.04,21.58,99.02,57.07,49.98,38.66
529.29,35.28,21.35,23.01,21.58,99.02,57.07,49.87,38.74
529.30,35.34,21.35,23.04,21.58,99.02,57.07,49.87,38.74
529.31,35.34,21.38,23.04,21.58,99.02,57.21,49.98,38.74
529.32,35.34,21.35,23.04,21.58,99.40,57.07,49.87,38.74
529.33,35.41,21.32,23.04,21.58,99.02,57.07,49.87,38.74
529.34,35.34,21.35,23.01,21.58,99.02,57.07,49.87,38.74
529.35,35.34,21.35,23.04,21.58,99.40,57.07,50.10,38.74
529.36,35.41,21.35,23.04,21.58,99.40,57.07,49.87,38.74
529.37,35.34,21.35,23.04,21.58,99.02,57.07,50.10,38.74
529.38,35.41,21.35,23.04,21.58,99.02,57.07,49.87,38.74
529.39,35.34,21.32,23.04,21.58,99.02,57.07,49.87,38.66
529.40,35.34,21.35,23.04,21.58,99.02,57.07,49.98,38.74
529.41,35.34,21.35,23.04,21.58,99.02,57.21,49.98,38.74
529.42,35.34,21.35,23.04,21.58,99.40,57.07,49.98,38.74
529.43,35.34,21.35,23.01,21.58,99.02,57.07,49.98,38.74
529.44,35.41,21.35,23.01,21.58,99.02,57.07,49.98,38.74
529.45,35.34,21.35,23.04,21.58,99.02,57.07,49.98,38.74
529.46,35.41,21.35,23.04,21.58,99.02,57.07,49.98,38.74
529.47,35.34,21.35,23.04,21.55,99.02,57.07,49.98,38.74
529.48,35.34,21.35,23.04,21.58,99.02,57.07,49.98,38.74
529.49,35.41,21.35,23.04,21.58,99.02,57.07,49.87,38.74
529.50,35.41,21.35,23.04,21.58,99.02,57.07,49.87,38.74
529.51,35.34,21.35,23.04,21.58,99.40,57.07,49.98,38.66
529.52,35.41,21.35,23.04,21.58,99.02,57.07,49.98,38.74
529.53,35.34,21.35,23.01,21.58,99.02,57.07,49.98,38.74
529.54,35.34,21.35,23.04,21.58,99.02,57.21,49.87,38.74
529.55,35.41,21.35,23.04,21.58,99.02,57.21,49.98,38.66
529.56,35.34,21.35,23.04,21.58,99.02,57.21,49.87,38.74
529.57,35.41,21.35,23.04,21.58,99.02,57.07,49.98,38.74
529.58,35.41,21.32,23.01,21.58,99.02,57.07,49.87,38.66
529.59,35.34,21.35,23.01,21.58,99.02,57.07,49.87,38.74
529.60,35.34,21.35,23.04,21.58,99.40,57.07,49.98,38.74
529.61,35.34,21.38,23.04,21.58,99.02,57.07,49.98,38.74
529.62,35.41,21.35,23.04,21.58,99.40,57.21,49.87,38.74
529.63,35.34,21.35,23.01,21.58,99.02,57.07,49.98,38.74
529.64,35.34,21.32,23.01,21.58,99.02,57.07,49.98,38.66
529.65,35.41,21.35,23.04,21.58,99.40,57.07,49.98,38.74
529.66,35.34,21.35,23.04,21.58,99.02,57.21,49.98,38.74
529.67,35.34,21.35,23.01,21.58,99.02,57.07,49.87,38.74
529.68,35.34,21.35,23.01,21.58,99.02,57.07,49.87,38.66
529.69,35.41,21.35,23.01,21.58,99.02,57.07,49.98,38.74
529.70,35.41,21.35,23.04,21.58,99.02,57.07,49.98,38.74
529.71,35.34,21.35,23.04,21.58,99.40,57.21,49.98,38.66
529.72,35.34,21.35,23.01,21.58,99.40,57.07,49.98,38.74
529.73,35.34,21.32,23.04,21.58,99.02,57.07,49.98,38.74
529.74,35.34,21.32,23.01,21.58,99.02,57.07,49.98,38.74
529.75,35.41,21.35,23.04,21.58,99.02,57.07,49.87,38.74
529.76,35.34,21.35,23.04,21.58,99.02,57.07,49.87,38.74
529.77,35.34,21.35,23.04,21.58,99.02,57.07,49.87,38.74
529.78,35.34,21.35,23.01,21.58,99.02,57.07,49.98,38.74
529.79,35.34,21.35,23.04,21.58,99.40,57.07,49.98,38.74
529.80,35.41,21.35,23.04,21.58,99.02,57.21,49.87,38.74
529.81,35.41,21.35,23.04,21.58,99.02,57.21,49.98,38.74
529.82,35.41,21.35,23.04,21.58,99.02,57.07,49.98,38.74
529.83,35.34,21.32,23.01,21.58,99.40,57.07,49.87,38.74
529.84,35.34,21.35,23.04,21.58,99.02,57.07,49.87,38.74
529.85,35.34,21.35,23.04,21.58,99.02,57.07,49.87,38.74
529.86,35.34,21.35,23.04,21.58,99.40,57.07,49.98,38.74
529.87,35.34,21.35,23.04,21.58,99.02,57.07,49.87,38.74
529.88,35.34,21.35,23.01,21.58,99.02,57.07,49.98,38.74
529.89,35.34,21.35,23.04,21.58,99.02,57.07,49.87,38.74
529.90,35.34,21.35,23.04,21.58,99.40,57.21,49.98,38.74
529.91,35.41,21.35,23.04,21.58,99.02,57.07,49.98,38.66
529.92,35.34,21.35,23.01,21.58,99.02,57.21,49.98,38.74
529.93,35.34,21.35,23.04,21.58,99.40,57.07,49.98,38.74
529.94,35.34,21.35,23.04,21.58,99.02,57.07,49.98,38.74
529.95,35.34,21.35,23.01,21.58,99.02,57.07,49.87,38.66
529.96,35.41,21.35,23.04,21.58,99.40,57.21,49.98,38.74
529.97,35.41,21.35,23.01,21.58,99.02,57.07,49.87,38.74
529.98,35.34,21.32,23.04,21.58,99.02,57.07,49.87,38.74
529.99,35.41,21.35,23.04,21.58,99.02,57.21,49.98,38.74
530.00,35.34,21.35,23.04,21.58,99.02,57.07,49.98,38.74
530.01,35.41,21.35,23.04,21.58,99.02,57.07,49.98,38.74
530.02,35.34,21.35,23.04,21.58,99.02,57.07,49.98,38.74
530.03,35.34,21.32,23.04,21.58,99.40,57.07,49.87,38.74
530.04,35.34,21.35,23.04,21.58,99.02,57.07,49.75,38.74
530.05,35.41,21.35,23.04,21.58,99.02,57.07,49.98,38.74
530.06,35.41,21.35,23.04,21.58,99.02,57.07,49.87,38.74
530.07,35.34,21.35,23.04,21.58,99.02,57.07,49.98,38.74
530.08,35.34,21.32,23.01,21.58,99.02,57.07,49.87,38.74
530.09,35.28,21.32,23.01,21.58,99.02,57.07,49.87,38.74
530.10,35.34,21.35,23.01,21.58,99.02,57.07,49.98,38.74
530.11,35.34,21.35,23.04,21.58,99.02,57.07,49.98,38.74
530.12,35.34,21.35,23.04,21.58,99.02,57.07,49.98,38.74
530.13,35.34,21.35,23.04,21.58,99.02,57.07,49.87,38.74
530.14,35.34,21.35,23.01,21.58,99.02,57.07,49.98,38.74
530.15,35.34,21.35,23.04,21.58,99.02,57.07,49.87,38.74
530.16,35.41,21.35,23.04,21.58,99.40,57.07,49.98,38.74
530.17,35.34,21.35,23.04,21.58,99.40,57.07,49.87,38.74
530.18,35.34,21.32,23.01,21.58,99.02,57.07,49.98,38.74
530.19,35.41,21.32,23.04,21.58,99.40,57.07,49.87,38.74
530.20,35.34,21.29,23.04,21.58,99.40,57.07,49.87,38.74
530.21,35.41,21.35,23.04,21.58,99.02,57.07,49.87,38.74
530.22,35.41,21.35,23.01,21.58,99.40,57.07,49.98,38.74
530.23,35.28,21.32,23.01,21.58,99.02,57.07,49.87,38.74
530.24,35.34,21.32,23.01,21.58,99.02,57.07,49.87,38.74
530.25,35.41,21.35,23.01,21.62,99.40,57.07,49.87,38.74
530.26,35.41,21.32,23.04,21.58,99.40,56.92,49.98,38.81
530.27,35.41,21.35,23.01,21.58,99.40,57.07,49.87,38.74
530.28,35.28,21.32,23.01,21.58,99.02,57.07,49.87,38.74
530.29,35.34,21.32,23.01,21.58,99.02,57.07,49.87,38.74
530.30,35.41,21.35,23.04,21.58,99.02,57.21,49.98,38.74
530.31,35.41,21.35,23.04,21.58,99.02,57.07,49.87,38.74
530.32,35.34,21.32,23.01,21.58,99.40,57.07,49.98,38.74
530.33,35.34,21.32,23.01,21.58,99.02,56.92,49.98,38.74
530.34,35.34,21.35,23.01,21.58,99.02,57.07,49.87,38.74
530.35,35.34,21.35,23.01,21.58,99.02,57.21,49.98,38.74
530.36,35.41,21.35,23.04,21.58,99.02,56.92,49.98,38.74
530.37,35.41,21.35,23.01,21.62,99.02,57.07,49.87,38.81
530.38,35.34,21.32,23.01,21.58,99.02,57.07,49.87,38.66
530.39,35.28,21.32,23.01,21.58,99.40,57.07,49.87,38.74
530.40,35.34,21.35,23.04,21.58,99.02,57.07,49.87,38.74
530.41,35.34,21.35,23.04,21.58,99.40,57.07,49.98,38.74
530.42,35.34,21.32,23.01,21.58,99.02,57.07,49.87,38.74
530.43,35.34,21.32,23.01,21.58,99.02,57.07,49.87,38.74
530.44,35.34,21.32,23.01,21.62,99.02,57.07,49.87,38.74
530.45,35.34,21.35,23.04,21.58,99.02,57.07,49.87,38.74
530.46,35.41,21.32,23.04,21.58,99.02,57.21,49.87,38.74
530.47,35.34,21.35,23.01,21.58,99.02,57.07,49.87,38.74
530.48,35.28,21.32,23.01,21.58,99.02,57.07,49.87,38.74
530.49,35.28,21.32,23.01,21.58,99.02,57.07,49.87,38.74
530.50,35.48,21.32,23.01,21.58,99.02,57.21,49.87,38.74
530.51,35.28,21.32,23.04,21.58,99.02,57.21,49.87,38.74
530.52,35.41,21.35,23.01,21.58,99.40,57.07,49.87,38.74
530.53,35.34,21.32,22.97,21.58,99.02,57.07,49.87,38.74
530.54,35.34,21.32,23.01,21.58,99.02,57.07,49.87,38.66
530.55,35.41,21.32,23.01,21.58,99.40,57.07,49.98,38.74
530.56,35.41,21.32,23.01,21.58,99.02,57.07,49.98,38.74
530.57,35.34,21.32,23.01,21.58,99.02,56.92,49.87,38.74
530.58,35.34,21.32,23.01,21.58,98.64,56.92,49.87,38.66
530.59,35.34,21.32,23.01,21.58,99.40,57.07,49.98,38.74
530.60,35.34,21.35,23.01,21.58,98.64,57.21,49.87,38.74
530.61,35.34,21.32,23.01,21.58,99.02,57.07,49.87,38.74
530.62,35.41,21.32,23.01,21.55,99.02,57.07,49.98,38.74
530.63,35.28,21.32,23.01,21.58,99.02,57.21,49.98,38.66
530.64,35.34,21.32,23.01,21.58,99.02,57.07,49.87,38.74
530.65,35.34,21.32,23.04,21.58,99.02,57.07,49.87,38.74
530.66,35.41,21.32,23.01,21.58,99.02,57.07,49.98,38.74
530.67,35.34,21.32,23.01,21.58,99.02,57.07,49.87,38.74
530.68,35.28,21.32,23.01,21.58,99.02,57.07,49.87,38.74
530.69,35.28,21.32,23.01,21.58,99.02,57.07,49.87,38.74
530.70,35.34,21.32,23.01,21.58,99.02,57.21,49.87,38.74
530.71,35.34,21.35,23.01,21.58,99.40,57.07,49.98,38.66
530.72,35.41,21.32,23.01,21.58,99.02,56.92,49.98,38.74
530.73,35.41,21.32,23.01,21.58,99.02,57.07,49.87,38.74
530.74,35.34,21.32,23.01,21.58,99.02,57.07,49.87,38.74
530.75,35.34,21.35,23.01,21.58,99.02,56.92,49.87,38.74
530.76,35.34,21.35,23.01,21.58,99.02,57.07,49.87,38.74
530.77,35.34,21.32,23.01,21.58,99.02,57.07,49.87,38.74
530.78,35.34,21.32,23.01,21.58,99.02,57.07,49.87,38.74
530.79,35.28,21.32,23.01,21.58,99.02,57.07,49.87,38.74
530.80,35.34,21.32,23.01,21.58,99.40,57.07,49.98,38.74
530.81,35.34,21.32,23.04,21.58,99.02,57.07,49.87,38.74
530.82,35.34,21.32,23.01,21.58,99.02,57.07,49.87,38.74
530.83,35.34,21.32,23.01,21.58,99.02,57.07,49.87,38.74
530.84,35.34,21.32,23.01,21.58,99.02,57.07,49.75,38.74
530.85,35.34,21.32,23.04,21.58,99.02,57.07,49.87,38.74
530.86,35.34,21.32,23.01,21.58,99.02,57.07,49.87,38.74
530.87,35.34,21.32,23.01,21.58,99.02,57.07,49.87,38.74
530.88,35.34,21.32,23.01,21.58,99.02,57.07,49.87,38.74
530.89,35.34,21.32,22.97,21.58,99.02,57.07,49.98,38.74
530.90,35.34,21.32,23.01,21.58,99.02,57.07,49.87,38.74
530.91,35.41,21.32,23.04,21.58,99.02,57.07,49.87,38.74
530.92,35.28,21.32,23.01,21.58,99.02,57.07,49.87,38.74
530.93,35.34,21.32,23.01,21.58,99.02,57.07,49.87,38.74
530.94,35.34,21.32,23.01,21.58,99.02,57.07,49.87,38.74
530.95,35.34,21.35,23.01,21.58,99.02,57.07,49.87,38.74
530.96,35.34,21.35,23.01,21.58,99.02,57.07,49.87,38.74
530.97,35.34,21.32,23.01,21.58,99.02,57.07,49.87,38.74
530.98,35.28,21.32,22.97,21.58,99.02,57.07,49.87,38.74
530.99,35.34,21.32,23.01,21.58,99.02,57.07,49.87,38.74
531.00,35.41,21.32,23.01,21.58,99.02,57.07,49.87,38.74
531.01,35.34,21.32,23.01,21.58,99.02,57.07,49.98,38.74
531.02,35.34,21.32,23.01,21.58,99.02,57.07,49.87,38.74
531.03,35.34,21.29,22.97,21.58,99.02,57.07,49.87,38.74
531.04,35.34,21.32,22.97,21.58,99.02,57.07,49.87,38.74
531.05,35.41,21.32,23.01,21.58,99.02,57.07,49.87,38.74
531.06,35.34,21.32,23.04,21.58,99.02,57.07,49.87,38.74
531.07,35.34,21.32,23.01,21.58,99.02,57.07,49.87,38.74
531.08,35.28,21.29,23.01,21.58,99.02,57.07,49.87,38.74
531.09,35.28,21.32,23.01,21.58,99.02,56.92,49.87,38.74
531.10,35.34,21.32,23.01,21.62,99.02,57.07,49.87,38.74
531.11,35.34,21.32,23.01,21.58,99.02,57.07,49.98,38.74
531.12,35.34,21.32,23.01,21.58,99.02,57.07,49.87,38.74
531.13,35.28,21.29,23.01,21.58,99.02,57.07,49.87,38.74
531.14,35.28,21.29,23.01,21.62,99.02,56.92,49.87,38.74
531.15,35.34,21.32,23.01,21.58,99.02,57.07,49.87,38.74
531.16,35.34,21.32,23.01,21.58,99.02,57.07,49.87,38.74
531.17,35.34,21.29,22.97,21.58,99.02,57.07,49.87,38.74
531.18,35.28,21.29,22.97,21.58,99.02,57.07,49.87,38.74
531.19,35.34,21.29,23.01,21.58,99.02,57.07,49.87,38.74
531.20,35.34,21.32,23.01,21.58,99.02,57.07,49.98,38.74
531.21,35.34,21.32,23.01,21.58,99.02,57.07,49.87,38.74
531.22,35.34,21.29,23.01,21.58,99.02,57.07,49.87,38.74
531.23,35.34,21.29,22.97,21.58,99.02,57.07,49.87,38.74
531.24,35.28,21.32,22.97,21.58,99.02,56.92,49.87,38.74
531.25,35.34,21.32,23.01,21.58,99.02,57.07,49.98,38.74
531.26,35.41,21.32,23.01,21.62,99.02,57.07,49.87,38.74
531.27,35.28,21.29,22.97,21.58,99.02,56.92,49.87,38.74
531.28,35.28,21.32,22.97,21.58,99.02,56.92,49.87,38.74
531.29,35.34,21.32,22.97,21.58,99.02,57.07,49.87,38.74
531.30,35.28,21.32,23.01,21.58,99.02,57.07,49.87,38.74
531.31,35.34,21.32,23.01,21.58,99.02,56.92,49.87,38.74
531.32,35.34,21.32,22.97,21.58,99.02,57.07,49.75,38.74
531.33,35.34,21.29,22.97,21.58,99.02,57.07,49.87,38.74
531.34,35.34,21.32,22.97,21.58,99.02,56.92,49.87,38.74
531.35,35.34,21.32,23.01,21.58,99.02,57.07,49.87,38.74
531.36,35.34,21.32,23.01,21.58,99.02,57.07,49.87,38.74
531.37,35.34,21.29,22.97,21.58,99.02,56.92,49.87,38.74
531.38,35.28,21.29,22.97,21.58,99.02,56.92,49.87,38.66
531.39,35.41,21.29,23.01,21.58,99.02,57.07,49.87,38.74
531.40,35.28,21.32,23.01,21.58,99.02,57.07,49.87,38.66
531.41,35.34,21.32,23.01,21.58,99.02,56.92,49.87,38.74
531.42,35.34,21.29,23.01,21.58,99.02,56.92,49.87,38.66
531.43,35.34,21.29,22.97,21.58,99.02,56.92,49.87,38.74
531.44,35.41,21.32,22.97,21.58,99.02,57.07,49.87,38.74
531.45,35.34,21.32,23.01,21.58,99.02,56.92,49.87,38.74
531.46,35.34,21.29,22.97,21.58,99.02,57.07,49.87,38.74
531.47,35.41,21.29,23.01,21.58,99.02,57.07,49.87,38.74
531.48,35.28,21.29,23.01,21.58,99.02,56.92,49.87,38.74
531.49,35.34,21.32,23.01,21.58,99.02,57.07,49.87,38.74
531.50,35.34,21.29,23.01,21.58,99.02,56.92,49.87,38.74
531.51,35.34,21.32,23.01,21.62,99.02,56.92,49.87,38.74
531.52,35.28,21.29,23.01,21.55,99.02,56.92,49.87,38.74
531.53,35.28,21.29,22.97,21.58,99.02,57.07,49.87,38.74
531.54,35.34,21.29,22.97,21.58,99.02,57.21,49.87,38.74
531.55,35.34,21.29,23.01,21.58,99.02,57.07,49.87,38.74
531.56,35.28,21.32,23.01,21.58,99.02,57.07,49.87,38.74
531.57,35.34,21.29,22.97,21.58,99.02,56.92,49.75,38.74
531.58,35.28,21.32,22.97,21.58,98.64,57.07,49.87,38.74
531.59,35.34,21.29,23.01,21.58,99.02,56.78,49.87,38.81
531.60,35.34,21.32,23.01,21.58,99.02,57.07,49.87,38.74
531.61,35.34,21.32,23.01,21.62,99.02,56.92,49.87,38.74
531.62,35.28,21.29,23.01,21.58,99.02,57.07,49.87,38.59
531.63,35.34,21.29,23.01,21.58,99.02,57.07,49.87,38.81
531.64,35.34,21.32,23.01,21.58,99.02,57.07,49.87,38.74
531.65,35.34,21.32,23.01,21.58,99.02,57.07,49.87,38.74
531.66,35.34,21.32,23.01,21.58,99.02,57.07,49.87,38.74
531.67,35.28,21.32,23.01,21.58,99.02,57.07,49.87,38.74
531.68,35.34,21.29,23.01,21.58,99.02,56.92,49.87,38.74
531.69,35.34,21.29,23.01,21.58,99.02,57.07,49.87,38.74
531.70,35.28,21.29,23.01,21.58,99.02,57.07,49.87,38.74
531.71,35.34,21.32,23.01,21.58,99.02,57.07,49.87,38.74
531.72,35.28,21.32,22.97,21.58,99.02,56.92,49.87,38.74
531.73,35.34,21.29,23.01,21.58,99.02,57.07,49.87,38.74
531.74,35.41,21.32,23.01,21.58,99.02,57.07,49.87,38.74
531.75,35.28,21.32,23.01,21.58,99.02,57.07,49.87,38.74
531.76,35.41,21.32,23.01,21.58,99.02,57.07,49.87,38.74
531.77,35.34,21.32,22.97,21.58,99.02,56.92,49.87,38.74
531.78,35.28,21.29,23.01,21.58,99.02,56.92,49.87,38.74
531.79,35.28,21.32,23.01,21.58,99.02,57.07,49.87,38.74
531.80,35.34,21.32,23.01,21.58,99.02,57.07,49.87,38.74
531.81,35.28,21.32,23.01,21.58,99.02,56.92,49.87,38.74
531.82,35.28,21.29,23.01,21.58,98.64,57.07,49.87,38.74
531.83,35.28,21.32,22.97,21.58,99.02,57.07,49.87,38.74
531.84,35.34,21.32,23.01,21.58,98.64,57.07,49.98,38.74
531.85,35.34,21.32,23.01,21.58,99.02,57.07,49.87,38.74
531.86,35.41,21.32,23.01,21.58,99.02,57.07,49.98,38.74
531.87,35.34,21.32,23.01,21.62,98.64,57.07,49.75,38.74
531.88,35.28,21.29,22.97,21.58,99.02,56.92,49.87,38.74
531.89,35.34,21.32,23.01,21.58,99.02,57.07,50.10,38.74
531.90,35.34,21.32,23.01,21.58,99.02,57.07,49.87,38.74
531.91,35.28,21.29,23.01,21.58,99.02,57.21,49.87,38.74
531.92,35.34,21.29,22.97,21.58,99.02,56.92,49.87,38.74
531.93,35.28,21.32,22.97,21.62,99.02,56.92,49.87,38.74
531.94,35.28,21.32,23.01,21.58,99.02,56.92,49.87,38.74
531.95,35.34,21.32,23.01,21.58,99.02,57.07,49.87,38.74
531.96,35.34,21.32,22.97,21.58,99.02,57.07,49.87,38.74
531.97,35.34,21.29,22.97,21.62,99.02,56.92,49.87,38.74
531.98,35.28,21.29,22.97,21.58,99.02,56.92,49.87,38.74
531.99,35.34,21.32,23.01,21.58,99.02,57.07,49.87,38.74
532.00,35.34,21.32,23.01,21.58,99.02,57.07,49.87,38.74
532.01,35.34,21.32,23.01,21.58,99.02,57.07,49.87,38.74
532.02,35.34,21.29,23.01,21.58,99.02,56.92,49.87,38.74
532.03,35.28,21.29,22.97,21.58,99.02,57.07,49.75,38.74
532.04,35.41,21.32,23.01,21.58,99.02,57.07,49.87,38.74
532.05,35.34,21.32,23.01,21.58,99.02,57.07,49.87,38.74
532.06,35.34,21.32,23.01,21.58,99.02,57.07,49.87,38.74
532.07,35.28,21.29,23.01,21.58,99.02,57.07,49.87,38.74
532.08,35.28,21.32,23.01,21.58,99.02,56.92,49.87,38.74
532.09,35.34,21.32,23.01,21.58,99.02,57.07,49.87,38.74
532.10,35.34,21.32,23.01,21.58,99.02,57.07,49.87,38.74
532.11,35.28,21.32,23.01,21.58,99.02,56.92,49.87,38.74
532.12,35.28,21.32,23.01,21.58,99.02,57.07,49.87,38.74
532.13,35.41,21.32,23.01,21.58,99.02,57.07,49.87,38.74
532.14,35.34,21.32,23.01,21.58,99.02,57.07,49.87,38.74
532.15,35.34,21.32,23.01,21.58,99.02,57.07,49.87,38.74
532.16,35.34,21.29,23.01,21.58,99.02,57.07,49.87,38.74
532.17,35.34,21.29,23.01,21.58,99.02,57.07,49.87,38.74
532.18,35.34,21.32,22.97,21.58,99.02,57.07,49.87,38.74
532.19,35.41,21.32,23.01,21.58,99.02,57.07,49.87,38.74
532.20,35.34,21.32,23.01,21.58,99.02,57.07,49.87,38.74
532.21,35.34,21.32,23.01,21.58,99.02,57.07,49.87,38.74
532.22,35.34,21.29,23.01,21.58,99.02,56.92,49.87,38.74
532.23,35.34,21.32,23.01,21.58,99.02,57.07,49.87,38.74
532.24,35.34,21.32,23.01,21.62,99.02,57.07,49.87,38.74
532.25,35.41,21.35,23.01,21.62,99.02,57.07,49.87,38.74
532.26,35.34,21.32,23.01,21.58,99.02,57.07,49.87,38.74
532.27,35.34,21.32,23.01,21.58,99.02,56.92,49.87,38.74
532.28,35.34,21.32,23.01,21.58,99.02,56.92,49.87,38.74
532.29,35.34,21.32,23.01,21.58,99.02,57.07,49.87,38.74
532.30,35.34,21.32,23.01,21.58,99.02,57.07,49.87,38.74
532.31,35.34,21.32,23.04,21.58,99.02,57.07,49.87,38.74
532.32,35.28,21.29,23.01,21.58,99.02,57.07,49.87,38.74
532.33,35.34,21.32,23.01,21.58,99.02,57.07,49.87,38.74
532.34,35.41,21.32,23.01,21.58,99.02,57.07,49.75,38.74
532.35,35.34,21.32,23.01,21.58,99.02,57.07,49.87,38.74
532.36,35.34,21.32,23.01,21.58,99.02,57.07,49.98,38.74
532.37,35.34,21.32,23.01,21.58,99.02,57.07,49.87,38.74
532.38,35.34,21.32,23.01,21.58,99.02,56.92,49.87,38.74
532.39,35.34,21.32,23.01,21.58,99.40,57.07,49.87,38.74
532.40,35.34,21.32,23.01,21.58,99.02,57.07,49.87,38.74
532.41,35.34,21.32,23.01,21.58,99.02,57.07,49.98,38.74
532.42,35.41,21.32,23.01,21.58,99.02,57.07,49.87,38.74
532.43,35.34,21.32,23.01,21.58,99.02,56.92,49.87,38.74
532.44,35.28,21.32,23.01,21.58,99.02,57.07,49.98,38.74
532.45,35.34,21.32,23.04,21.58,99.02,57.07,49.87,38.74
532.46,35.34,21.32,23.01,21.58,99.02,56.92,49.87,38.74
532.47,35.34,21.32,23.01,21.58,99.02,56.92,49.87,38.81
532.48,35.41,21.32,23.01,21.62,99.02,57.07,49.87,38.74
532.49,35.34,21.32,23.01,21.62,99.02,57.07,49.87,38.74
532.50,35.41,21.35,23.01,21.58,99.02,57.07,49.87,38.74
532.51,35.34,21.32,23.01,21.58,99.02,57.07,49.87,38.74
532.52,35.34,21.32,23.01,21.58,99.02,57.07,49.87,38.74
532.53,35.34,21.32,23.01,21.58,98.64,57.07,49.87,38.74
532.54,35.34,21.32,23.01,21.58,99.02,57.07,49.75,38.74
532.55,35.41,21.32,23.01,21.62,99.02,56.92,49.87,38.74
532.56,35.34,21.32,23.01,21.58,99.02,57.07,49.87,38.74
532.57,35.34,21.32,23.01,21.58,99.02,57.07,49.87,38.74
532.58,35.34,21.32,23.01,21.58,99.02,57.07,49.87,38.74
532.59,35.34,21.32,23.01,21.58,99.02,56.92,49.87,38.74
532.60,35.41,21.35,23.01,21.58,99.02,57.07,49.87,38.74
532.61,35.34,21.32,23.01,21.58,99.02,57.07,49.75,38.74
532.62,35.41,21.32,23.01,21.58,99.02,56.92,49.87,38.81
532.63,35.34,21.29,23.01,21.58,99.02,57.07,49.87,38.74
532.64,35.34,21.32,23.01,21.58,99.02,57.07,49.98,38.74
532.65,35.41,21.32,23.04,21.58,99.02,57.07,49.87,38.74
532.66,35.34,21.32,23.01,21.58,99.02,57.07,49.87,38.74
532.67,35.41,21.32,23.01,21.58,99.02,57.07,49.87,38.74
532.68,35.41,21.32,23.01,21.58,99.02,56.92,49.87,38.74
532.69,35.34,21.32,23.01,21.58,99.02,57.07,49.87,38.74
532.70,35.34,21.35,23.04,21.58,99.02,57.07,49.87,38.74
532.71,35.34,21.32,23.01,21.58,99.02,57.07,49.98,38.74
532.72,35.28,21.32,23.01,21.58,99.02,57.07,49.87,38.81
532.73,35.34,21.32,23.01,21.58,99.02,57.07,49.87,38.74
532.74,35.34,21.32,23.01,21.58,99.02,57.07,49.87,38.74
532.75,35.34,21.38,23.01,21.62,99.02,57.07,49.87,38.74
532.76,35.34,21.29,23.01,21.58,99.02,57.07,49.87,38.74
532.77,35.34,21.32,23.01,21.62,99.02,57.07,49.87,38.74
532.78,35.34,21.32,23.01,21.55,99.02,57.07,49.87,38.74
532.79,35.34,21.29,23.01,21.58,99.02,57.07,49.87,38.74
532.80,35.34,21.32,23.01,21.58,99.02,57.07,49.87,38.74
532.81,35.41,21.32,23.01,21.62,99.02,57.07,49.87,38.74
532.82,35.41,21.32,23.01,21.58,99.02,57.07,49.87,38.74
532.83,35.34,21.32,23.01,21.58,99.02,57.07,49.98,38.81
532.84,35.41,21.32,23.01,21.58,99.02,56.92,49.75,38.74
532.85,35.34,21.32,23.04,21.62,99.02,57.21,49.98,38.81
532.86,35.34,21.32,23.01,21.62,99.02,56.92,49.87,38.66
532.87,35.34,21.32,23.01,21.58,99.02,57.07,49.87,38.81
532.88,35.28,21.32,23.01,21.58,99.02,56.92,49.87,38.74
532.89,35.34,21.32,23.01,21.58,99.02,57.07,49.87,38.74
532.90,35.41,21.32,23.01,21.58,99.02,57.07,49.98,38.74
532.91,35.34,21.32,23.01,21.58,99.02,57.07,49.87,38.74
532.92,35.34,21.32,23.01,21.58,99.02,57.07,49.87,38.74
532.93,35.34,21.32,23.01,21.58,99.02,57.07,49.87,38.74
532.94,35.34,21.32,23.01,21.62,99.02,57.07,49.87,38.74
532.95,35.41,21.32,23.01,21.58,99.02,57.07,49.87,38.74
532.96,35.34,21.32,23.01,21.62,99.02,57.07,49.87,38.74
532.97,35.41,21.32,23.01,21.58,99.02,57.07,49.87,38.74
532.98,35.41,21.32,22.97,21.58,99.02,57.07,49.87,38.74
532.99,35.34,21.32,23.01,21.58,99.02,57.07,49.87,38.74
533.00,35.41,21.35,23.04,21.62,99.02,57.07,49.98,38.74
533.01,35.41,21.32,23.01,21.62,99.02,57.07,49.87,38.74
533.02,35.41,21.32,23.04,21.58,99.02,56.92,49.87,38.74
533.03,35.34,21.32,22.97,21.58,99.02,57.07,49.87,38.74
533.04,35.41,21.35,23.04,21.58,99.02,57.07,49.98,38.74
533.05,35.34,21.35,23.04,21.58,99.02,57.07,49.87,38.74
533.06,35.41,21.32,23.04,21.62,99.02,57.07,49.87,38.74
533.07,35.41,21.32,23.01,21.58,99.40,56.92,49.98,38.74
533.08,35.41,21.32,23.01,21.58,99.02,57.07,49.87,38.74
533.09,35.41,21.32,23.01,21.58,99.02,57.07,49.87,38.74
533.10,35.41,21.35,23.04,21.58,99.40,57.07,49.98,38.74
533.11,35.34,21.32,23.01,21.58,98.64,57.07,49.75,38.74
533.12,35.34,21.32,23.01,21.62,99.02,57.07,50.10,38.74
533.13,35.34,21.32,23.01,21.58,99.02,57.07,49.75,38.74
533.14,35.41,21.35,23.01,21.58,99.02,56.92,49.87,38.74
533.15,35.34,21.32,23.01,21.62,99.02,57.07,49.98,38.74
533.16,35.41,21.32,23.04,21.62,99.02,57.07,49.98,38.81
533.17,35.41,21.32,23.01,21.62,99.02,57.07,49.98,38.74
533.18,35.34,21.29,23.01,21.62,99.02,57.07,49.87,38.81
533.19,35.34,21.32,23.01,21.58,99.40,57.07,49.87,38.74
533.20,35.41,21.35,23.04,21.62,99.02,57.07,49.87,38.74
533.21,35.34,21.32,23.01,21.58,99.02,57.07,49.87,38.74
533.22,35.34,21.32,23.01,21.58,99.02,56.92,49.87,38.74
533.23,35.34,21.32,23.01,21.62,99.02,57.07,49.87,38.74
533.24,35.34,21.35,23.04,21.58,99.02,57.21,49.87,38.74
533.25,35.34,21.32,23.04,21.58,99.02,57.07,49.98,38.74
533.26,35.34,21.35,23.04,21.58,99.02,57.07,49.98,38.81
533.27,35.34,21.32,23.01,21.58,99.02,57.07,49.87,38.74
533.28,35.34,21.32,23.01,21.62,99.02,57.07,49.87,38.74
533.29,35.34,21.32,23.01,21.58,99.02,57.07,49.87,38.74
533.30,35.34,21.35,23.04,21.58,99.40,57.07,49.98,38.81
533.31,35.41,21.32,23.01,21.58,99.02,57.07,49.87,38.74
533.32,35.34,21.32,23.01,21.58,99.02,57.07,49.87,38.81
533.33,35.41,21.32,23.01,21.58,99.02,57.07,49.87,38.74
533.34,35.41,21.32,23.01,21.58,99.02,57.07,49.98,38.81
533.35,35.41,21.35,23.04,21.58,99.40,57.07,49.98,38.74
533.36,35.34,21.35,23.01,21.58,99.40,57.07,49.98,38.74
533.37,35.34,21.32,23.01,21.58,99.02,56.92,49.87,38.74
533.38,35.34,21.32,23.01,21.58,99.02,57.07,49.87,38.74
533.39,35.34,21.32,23.04,21.58,99.02,57.07,49.98,38.74
533.40,35.34,21.32,23.04,21.62,99.02,57.07,49.87,38.74
533.41,35.34,21.32,23.04,21.58,99.40,57.07,49.98,38.74
533.42,35.34,21.32,23.01,21.62,99.02,57.07,49.87,38.81
533.43,35.34,21.29,23.01,21.58,99.02,57.07,49.87,38.81
533.44,35.41,21.32,23.04,21.62,99.02,57.07,49.98,38.81
533.45,35.41,21.35,23.01,21.62,99.02,57.07,49.98,38.74
533.46,35.41,21.35,23.04,21.58,99.02,57.07,49.98,38.81
533.47,35.41,21.32,23.01,21.62,99.02,57.07,49.87,38.74
533.48,35.41,21.32,23.01,21.58,99.02,57.07,49.87,38.74
533.49,35.41,21.35,23.04,21.58,99.02,57.07,49.87,38.81
533.50,35.41,21.35,23.04,21.58,99.02,57.07,49.98,38.74
533.51,35.41,21.35,23.04,21.58,99.02,57.07,49.87,38.81
533.52,35.41,21.32,23.01,21.58,99.02,57.07,49.87,38.81
533.53,35.34,21.32,23.01,21.58,99.02,56.92,49.87,38.74
533.54,35.41,21.32,23.04,21.62,99.02,57.07,49.87,38.74
533.55,35.41,21.35,23.04,21.58,99.02,57.07,49.98,38.74
533.56,35.34,21.32,23.01,21.62,99.02,57.07,49.87,38.74
533.57,35.34,21.32,23.04,21.62,99.02,56.92,49.87,38.74
533.58,35.41,21.32,23.04,21.58,99.02,57.07,49.98,38.74
533.59,35.34,21.35,23.04,21.62,99.02,57.07,49.87,38.74
533.60,35.41,21.32,23.04,21.58,99.40,57.07,49.87,38.74
533.61,35.48,21.32,23.01,21.58,99.02,57.07,49.87,38.74
533.62,35.34,21.32,23.01,21.62,99.02,56.92,49.87,38.74
533.63,35.34,21.35,23.01,21.58,99.02,57.07,49.98,38.81
533.64,35.34,21.35,23.01,21.58,99.02,57.07,49.87,38.74
533.65,35.41,21.35,23.04,21.58,99.02,57.07,49.87,38.74
533.66,35.41,21.35,23.04,21.62,99.02,57.07,49.98,38.74
533.67,35.34,21.32,23.01,21.58,99.02,57.07,49.87,38.81
533.68,35.41,21.32,23.01,21.62,99.02,57.07,49.87,38.74
533.69,35.34,21.35,23.04,21.62,99.02,57.07,49.98,38.81
533.70,35.34,21.35,23.04,21.58,99.40,57.07,49.87,38.74
533.71,35.34,21.32,23.04,21.58,99.02,57.07,49.98,38.74
533.72,35.34,21.32,23.04,21.58,99.02,57.07,49.87,38.74
533.73,35.34,21.32,23.01,21.62,99.02,57.07,49.87,38.74
533.74,35.48,21.35,23.04,21.62,99.02,57.07,49.98,38.74
533.75,35.41,21.35,23.04,21.58,99.02,57.07,49.87,38.74
533.76,35.34,21.32,23.04,21.62,99.02,57.07,49.87,38.81
533.77,35.34,21.32,23.01,21.58,99.02,57.07,49.87,38.81
533.78,35.34,21.32,23.04,21.58,99.02,57.07,49.98,38.81
533.79,35.34,21.32,23.04,21.58,99.02,57.07,49.87,38.74
533.80,35.41,21.32,23.04,21.62,99.02,57.07,49.98,38.74
533.81,35.34,21.32,23.01,21.58,99.02,57.07,49.87,38.81
533.82,35.34,21.32,23.04,21.58,99.02,56.92,49.87,38.74
533.83,35.34,21.35,23.01,21.62,99.02,57.07,49.87,38.81
533.84,35.34,21.35,23.04,21.62,99.02,57.07,49.98,38.74
533.85,35.48,21.35,23.01,21.58,99.02,57.07,49.98,38.74
533.86,35.48,21.35,23.01,21.58,99.02,57.07,49.87,38.74
533.87,35.34,21.32,23.01,21.58,99.02,57.07,49.87,38.74
533.88,35.41,21.32,23.04,21.58,99.02,57.07,49.75,38.74
533.89,35.34,21.32,23.04,21.58,99.40,57.07,49.98,38.81
533.90,35.41,21.35,23.04,21.62,99.02,57.07,49.98,38.74
533.91,35.34,21.35,23.01,21.58,99.02,57.07,49.87,38.74
533.92,35.34,21.32,23.01,21.62,99.02,57.07,49.98,38.74
533.93,35.34,21.32,23.01,21.58,99.02,57.07,49.98,38.74
533.94,35.41,21.35,23.01,21.58,99.02,57.07,49.87,38.74
533.95,35.41,21.35,23.04,21.58,99.02,57.07,49.98,38.74
533.96,35.34,21.35,23.01,21.62,99.02,57.07,49.98,38.81
533.97,35.34,21.32,23.01,21.58,99.02,57.07,49.98,38.74
533.98,35.34,21.32,23.01,21.58,99.02,57.07,49.98,38.74
533.99,35.41,21.35,23.04,21.62,99.02,57.21,49.98,38.74
534.00,35.41,21.32,23.04,21.58,99.02,57.07,49.98,38.74
534.01,35.34,21.32,23.04,21.62,99.02,57.07,49.87,38.74
534.02,35.34,21.29,23.01,21.58,99.02,57.07,49.87,38.81
534.03,35.34,21.32,23.01,21.58,99.02,57.36,49.87,38.74
534.04,35.48,21.35,23.04,21.62,99.02,57.07,49.87,38.74
534.05,35.41,21.35,23.04,21.58,99.40,57.07,49.98,38.81
534.06,35.34,21.32,23.04,21.62,99.02,57.07,49.98,38.74
534.07,35.34,21.32,23.01,21.62,99.02,57.21,49.98,38.81
534.08,35.34,21.32,23.01,21.62,99.02,56.92,49.98,38.74
534.09,35.41,21.32,23.04,21.62,99.02,57.21,49.98,38.81
534.10,35.41,21.35,23.04,21.62,99.02,56.92,49.98,38.74
534.11,35.41,21.32,23.04,21.62,99.02,57.07,49.98,38.81
534.12,35.41,21.32,23.01,21.62,99.02,56.92,49.98,38.81
534.13,35.34,21.32,23.04,21.62,99.40,57.07,49.98,38.66
534.14,35.41,21.35,23.04,21.62,99.02,57.07,49.87,38.81
534.15,35.41,21.35,23.04,21.62,99.02,57.07,49.87,38.81
534.16,35.34,21.35,23.01,21.62,99.02,57.07,49.87,38.81
534.17,35.41,21.32,23.01,21.62,99.40,57.07,49.98,38.74
534.18,35.34,21.32,23.01,21.62,99.02,57.07,49.98,38.81
534.19,35.34,21.35,23.04,21.58,99.02,57.07,49.98,38.81
534.20,35.34,21.35,23.04,21.62,99.02,57.07,49.98,38.81
534.21,35.34,21.32,23.01,21.58,99.02,57.07,49.87,38.74
534.22,35.41,21.32,23.01,21.62,99.02,56.92,49.87,38.74
534.23,35.28,21.32,23.01,21.62,99.02,57.07,49.87,38.81
534.24,35.41,21.35,23.04,21.62,99.02,57.07,49.98,38.81
534.25,35.48,21.32,23.01,21.62,99.02,57.07,49.98,38.81
534.26,35.41,21.35,23.04,21.62,99.02,57.07,49.98,38.74
534.27,35.28,21.35,23.01,21.62,99.02,56.92,49.87,38.81
534.28,35.34,21.32,23.04,21.58,99.02,57.07,49.98,38.81
534.29,35.41,21.35,23.04,21.58,99.40,57.07,49.87,38.81
534.30,35.48,21.35,23.04,21.62,99.02,56.92,49.98,38.81
534.31,35.41,21.32,23.01,21.58,99.40,56.92,49.87,38.74
534.32,35.41,21.32,23.01,21.58,99.02,57.07,49.98,38.81
534.33,35.41,21.32,23.01,21.58,99.02,57.07,49.87,38.74
534.34,35.41,21.32,23.04,21.58,99.40,57.07,49.98,38.74
534.35,35.41,21.35,23.04,21.62,98.64,57.07,49.87,38.81
534.36,35.34,21.32,23.04,21.58,99.02,57.07,49.98,38.74
534.37,35.34,21.32,23.01,21.58,99.02,57.07,49.87,38.81
534.38,35.34,21.35,23.01,21.62,99.40,56.92,49.87,38.74
534.39,35.34,21.32,23.01,21.62,99.40,57.07,49.98,38.74
534.40,35.41,21.35,23.04,21.62,99.02,57.07,49.98,38.81
534.41,35.34,21.32,23.04,21.62,99.02,57.07,49.87,38.81
534.42,35.34,21.32,23.04,21.62,99.02,56.92,49.87,38.81
534.43,35.41,21.35,23.01,21.62,99.02,57.07,49.98,38.81
534.44,35.41,21.32,23.04,21.62,99.02,57.07,49.87,38.81
534.45,35.41,21.35,23.04,21.62,99.02,57.07,49.98,38.74
534.46,35.41,21.35,23.01,21.62,99.02,57.07,49.98,38.74
534.47,35.41,21.32,23.01,21.58,99.02,57.07,49.98,38.81
534.48,35.34,21.32,23.01,21.58,99.02,57.07,49.87,38.74
534.49,35.41,21.35,23.04,21.58,99.40,57.07,49.98,38.81
534.50,35.41,21.35,23.01,21.62,99.02,57.07,49.98,38.81
534.51,35.34,21.32,23.01,21.62,99.02,57.07,49.87,38.74
534.52,35.34,21.32,23.01,21.62,99.02,57.07,49.87,38.74
534.53,35.34,21.32,23.01,21.62,99.02,57.07,49.87,38.81
534.54,35.41,21.32,23.04,21.58,99.02,57.21,49.98,38.81
534.55,35.41,21.32,23.01,21.62,99.40,57.07,49.98,38.74
534.56,35.41,21.32,23.01,21.62,99.02,57.07,49.87,38.74
534.57,35.34,21.32,23.01,21.58,99.02,57.07,49.87,38.74
534.58,35.34,21.35,23.01,21.62,99.02,57.07,49.87,38.74
534.59,35.41,21.32,23.01,21.62,99.02,57.07,49.87,38.74
534.60,35.34,21.35,23.04,21.62,99.02,57.07,49.98,38.74
534.61,35.34,21.35,23.04,21.62,99.02,57.07,49.87,38.81
534.62,35.34,21.32,23.01,21.62,99.02,57.07,49.87,38.74
534.63,35.34,21.32,23.01,21.58,99.02,57.07,49.98,38.74
534.64,35.41,21.35,23.01,21.62,99.02,57.07,49.98,38.74
534.65,35.41,21.35,23.04,21.62,99.02,57.07,49.98,38.74
534.66,35.41,21.32,23.01,21.62,99.02,57.07,49.87,38.74
534.67,35.34,21.32,23.01,21.62,99.02,56.92,49.98,38.74
534.68,35.34,21.32,23.01,21.58,99.02,56.92,49.87,38.81
534.69,35.41,21.35,23.01,21.62,99.02,57.07,49.87,38.74
534.70,35.34,21.32,23.04,21.58,99.40,57.07,49.87,38.74
534.71,35.41,21.32,23.01,21.62,98.64,57.07,49.87,38.74
534.72,35.34,21.32,23.01,21.62,99.02,57.07,49.87,38.74
534.73,35.34,21.32,23.01,21.62,99.02,57.07,49.87,38.81
534.74,35.34,21.32,23.01,21.62,99.02,57.07,49.98,38.74
534.75,35.41,21.35,23.04,21.58,99.02,57.07,49.87,38.81
534.76,35.34,21.32,23.01,21.62,99.02,57.07,49.87,38.81
534.77,35.34,21.32,23.01,21.62,99.02,57.07,49.98,38.81
534.78,35.34,21.32,23.01,21.62,99.02,57.07,49.87,38.81
534.79,35.41,21.35,23.01,21.62,99.02,56.92,49.98,38.74
534.80,35.34,21.32,23.04,21.62,99.02,57.07,49.98,38.74
534.81,35.34,21.32,23.01,21.62,98.64,57.07,49.87,38.81
534.82,35.34,21.32,23.01,21.62,99.02,57.07,49.98,38.81
534.83,35.41,21.32,23.01,21.62,99.02,57.07,49.87,38.81
534.84,35.34,21.32,23.04,21.62,99.02,57.07,49.98,38.74
534.85,35.34,21.32,23.01,21.58,99.02,57.07,49.98,38.81
534.86,35.34,21.32,23.01,21.58,99.02,57.07,49.98,38.74
534.87,35.41,21.32,23.01,21.62,99.02,57.07,49.87,38.81
534.88,35.41,21.35,23.01,21.58,99.02,57.07,49.87,38.81
534.89,35.34,21.35,23.04,21.62,99.02,57.07,49.87,38.81
534.90,35.41,21.35,23.04,21.58,99.02,57.07,49.87,38.81
534.91,35.41,21.32,23.01,21.62,99.02,57.07,49.87,38.74
534.92,35.34,21.32,23.01,21.62,99.02,57.07,49.87,38.74
534.93,35.34,21.32,23.01,21.58,99.02,57.07,49.98,38.81
534.94,35.34,21.35,23.04,21.62,99.02,57.07,49.87,38.81
534.95,35.41,21.35,23.01,21.62,99.02,57.07,49.87,38.74
534.96,35.41,21.32,23.01,21.62,99.02,57.07,49.87,38.74
534.97,35.34,21.32,23.01,21.58,99.02,57.07,49.87,38.81
534.98,35.34,21.32,23.01,21.62,99.02,56.92,49.87,38.74
534.99,35.41,21.32,23.04,21.62,99.02,57.07,49.87,38.81
535.00,35.41,21.35,23.01,21.62,99.02,57.07,49.87,38.74
535.01,35.41,21.32,23.01,21.58,99.02,57.07,49.87,38.74
535.02,35.34,21.29,23.01,21.62,99.02,57.07,49.98,38.74
535.03,35.41,21.32,23.01,21.58,99.02,57.07,49.87,38.74
535.04,35.41,21.32,23.01,21.58,99.02,57.07,49.87,38.74
535.05,35.34,21.32,23.01,21.62,99.02,57.07,49.98,38.81
535.06,35.34,21.32,23.01,21.62,99.02,56.92,49.98,38.74
535.07,35.34,21.32,23.01,21.62,99.02,57.07,49.87,38.74
535.08,35.41,21.32,23.01,21.58,99.02,57.07,49.87,38.74
535.09,35.41,21.35,23.01,21.62,99.02,57.07,49.98,38.74
535.10,35.34,21.32,23.04,21.62,99.02,57.07,49.87,38.74
535.11,35.34,21.32,23.01,21.62,99.02,56.92,49.87,38.74
535.12,35.34,21.32,23.01,21.62,99.02,57.07,49.87,38.74
535.13,35.34,21.32,23.01,21.62,99.02,57.07,49.87,38.81
535.14,35.34,21.32,23.04,21.62,99.02,57.07,49.98,38.74
535.15,35.34,21.32,23.01,21.58,99.02,56.92,49.87,38.74
535.16,35.34,21.32,23.01,21.62,99.02,57.07,49.87,38.74
535.17,35.34,21.32,23.01,21.62,99.02,57.07,49.87,38.81
535.18,35.34,21.32,23.01,21.58,99.02,57.07,49.87,38.81
535.19,35.34,21.32,23.01,21.62,99.40,57.07,49.87,38.74
535.20,35.34,21.32,23.04,21.62,99.02,57.07,49.87,38.74
535.21,35.41,21.32,23.01,21.58,99.02,57.07,49.87,38.74
535.22,35.34,21.32,23.01,21.58,99.40,57.07,49.87,38.74
535.23,35.41,21.32,23.01,21.62,99.02,57.07,49.87,38.74
535.24,35.34,21.32,23.01,21.62,99.02,57.07,49.87,38.74
535.25,35.34,21.32,23.01,21.62,99.02,57.07,49.87,38.74
535.26,35.34,21.35,22.97,21.62,99.02,57.07,49.87,38.81
535.27,35.34,21.29,22.97,21.58,99.02,57.07,49.98,38.74
535.28,35.34,21.32,23.01,21.58,99.02,57.07,49.87,38.74
535.29,35.34,21.32,23.01,21.62,99.02,57.07,49.98,38.81
535.30,35.41,21.32,23.01,21.58,99.02,57.07,49.87,38.74
535.31,35.28,21.32,23.01,21.62,99.02,57.21,49.87,38.81
535.32,35.34,21.32,23.01,21.58,99.02,56.92,49.87,38.74
535.33,35.34,21.32,23.01,21.58,99.02,57.07,49.98,38.81
535.34,35.34,21.35,23.01,21.58,99.02,57.07,49.87,38.81
535.35,35.34,21.32,23.01,21.58,99.02,56.78,49.87,38.74
535.36,35.34,21.32,22.97,21.58,99.02,57.21,49.87,38.89
535.37,35.34,21.32,23.01,21.58,99.02,56.78,49.87,38.66
535.38,35.34,21.32,23.01,21.58,99.02,57.07,49.87,38.81
535.39,35.41,21.35,23.01,21.58,99.02,57.07,49.87,38.81
535.40,35.41,21.32,23.01,21.58,99.02,57.07,49.87,38.81
535.41,35.41,21.32,23.01,21.62,99.02,57.07,49.87,38.74
535.42,35.34,21.32,23.01,21.58,99.02,56.92,49.87,38.74
535.43,35.28,21.32,23.01,21.62,99.02,57.07,49.98,38.81
535.44,35.34,21.32,23.01,21.58,99.02,56.92,49.98,38.74
535.45,35.34,21.35,23.01,21.62,99.02,57.07,49.87,38.81
535.46,35.28,21.32,23.01,21.62,99.02,56.92,49.87,38.81
535.47,35.41,21.32,23.01,21.62,99.02,57.07,49.87,38.74
535.48,35.28,21.32,23.01,21.58,99.02,57.07,49.87,38.81
535.49,35.48,21.32,23.01,21.58,99.02,57.07,49.87,38.81
535.50,35.28,21.32,23.01,21.62,99.02,56.92,49.87,38.74
535.51,35.34,21.29,23.01,21.62,99.02,57.07,49.87,38.81
535.52,35.34,21.32,22.97,21.58,99.02,57.07,49.87,38.74
535.53,35.34,21.32,23.01,21.58,99.02,57.07,49.87,38.74
535.54,35.34,21.32,23.01,21.62,99.02,57.07,49.87,38.81
535.55,35.34,21.32,23.01,21.62,99.02,57.07,49.87,38.81
535.56,35.41,21.32,23.01,21.58,99.02,56.92,49.87,38.81
535.57,35.34,21.29,22.97,21.62,99.02,56.92,49.75,38.81
535.58,35.41,21.32,23.01,21.62,99.02,57.07,49.87,38.81
535.59,35.34,21.32,23.01,21.62,98.64,57.07,49.87,38.81
535.60,35.34,21.32,23.01,21.58,99.02,57.21,49.87,38.81
535.61,35.41,21.32,23.01,21.58,99.02,57.07,49.87,38.81
535.62,35.41,21.32,22.97,21.58,99.02,57.07,49.75,38.81
535.63,35.34,21.32,23.01,21.62,99.02,57.07,49.98,38.81
535.64,35.41,21.32,23.01,21.62,99.02,57.07,49.98,38.74
535.65,35.41,21.35,23.01,21.58,99.02,57.07,49.87,38.81
535.66,35.41,21.32,23.01,21.58,99.02,56.92,49.87,38.74
535.67,35.34,21.32,23.01,21.58,99.02,57.07,49.87,38.81
535.68,35.34,21.32,23.01,21.62,99.02,57.07,49.87,38.81
535.69,35.41,21.32,23.01,21.62,99.02,57.07,49.87,38.81
535.70,35.41,21.32,23.01,21.58,99.02,57.07,49.87,38.74
535.71,35.34,21.32,23.01,21.62,99.02,57.07,49.87,38.81
535.72,35.34,21.32,23.01,21.58,99.02,57.07,49.87,38.81
535.73,35.34,21.32,23.01,21.62,99.02,57.07,49.87,38.81
535.74,35.41,21.35,23.01,21.62,99.02,57.07,49.98,38.81
535.75,35.34,21.32,23.01,21.58,99.02,57.07,49.87,38.74
535.76,35.34,21.32,23.01,21.58,99.02,56.92,49.87,38.81
535.77,35.41,21.32,23.01,21.62,99.02,56.92,49.87,38.74
535.78,35.34,21.32,23.01,21.62,99.02,56.92,50.10,38.81
535.79,35.41,21.35,23.01,21.62,99.02,57.07,49.87,38.81
535.80,35.34,21.32,23.01,21.58,99.02,56.92,49.87,38.81
535.81,35.34,21.32,23.01,21.62,99.02,57.07,49.87,38.81
535.82,35.34,21.32,23.01,21.58,99.02,57.07,49.87,38.81
535.83,35.41,21.32,23.01,21.58,99.02,56.92,49.87,38.81
535.84,35.34,21.32,23.01,21.62,99.02,57.07,49.98,38.74
535.85,35.34,21.32,23.01,21.58,99.02,57.07,49.98,38.81
535.86,35.41,21.32,22.97,21.58,99.02,57.07,49.87,38.89
535.87,35.28,21.32,22.97,21.58,99.02,57.07,49.87,38.81
535.88,35.34,21.35,23.01,21.62,99.02,57.07,49.87,38.81
535.89,35.41,21.35,23.01,21.58,99.02,57.07,49.98,38.81
535.90,35.34,21.32,23.01,21.62,99.02,57.07,49.87,38.81
535.91,35.34,21.32,23.01,21.58,99.02,57.07,49.87,38.81
535.92,35.34,21.32,23.01,21.58,99.02,57.07,49.87,38.81
535.93,35.34,21.35,23.01,21.58,99.02,57.07,49.87,38.89
535.94,35.34,21.35,23.01,21.62,99.02,57.07,49.98,38.81
535.95,35.41,21.32,23.01,21.62,99.02,57.07,49.87,38.81
535.96,35.34,21.32,23.01,21.62,99.02,57.07,49.98,38.74
535.97,35.41,21.32,23.01,21.58,99.02,57.07,49.98,38.81
535.98,35.41,21.32,23.01,21.62,99.02,57.07,49.87,38.81
535.99,35.41,21.32,23.01,21.58,99.40,57.07,49.98,38.81
536.00,35.34,21.35,23.01,21.62,99.02,57.07,49.98,38.81
536.01,35.34,21.32,23.01,21.58,99.02,56.92,49.87,38.81
536.02,35.41,21.32,22.97,21.58,99.02,57.07,49.87,38.81
536.03,35.34,21.32,23.04,21.62,99.02,57.07,49.87,38.89
536.04,35.34,21.32,23.01,21.58,99.02,57.07,49.87,38.81
536.05,35.34,21.32,23.01,21.58,99.02,57.07,49.87,38.74
536.06,35.34,21.32,23.01,21.58,99.02,57.07,49.87,38.74
536.07,35.34,21.32,23.01,21.58,99.02,57.07,49.87,38.81
536.08,35.34,21.32,23.01,21.58,99.02,57.07,49.87,38.81
536.09,35.48,21.35,23.01,21.58,99.02,57.07,49.98,38.81
536.10,35.41,21.32,23.01,21.58,99.02,57.07,49.87,38.81
536.11,35.34,21.32,23.01,21.58,99.02,57.07,49.87,38.74
536.12,35.28,21.32,23.01,21.58,99.02,57.07,49.98,38.81
536.13,35.34,21.32,23.01,21.62,99.02,57.07,49.98,38.81
536.14,35.34,21.35,23.01,21.58,99.02,57.07,49.87,38.81
536.15,35.34,21.32,23.01,21.62,99.02,57.07,49.98,38.81
536.16,35.34,21.32,23.01,21.58,99.02,57.07,49.87,38.81
536.17,35.28,21.32,23.01,21.58,99.02,56.92,49.87,38.74
536.18,35.34,21.32,23.01,21.58,99.02,57.07,49.98,38.81
536.19,35.34,21.35,23.01,21.58,99.40,57.07,49.98,38.81
536.20,35.34,21.32,23.01,21.62,99.02,57.07,49.87,38.81
536.21,35.34,21.32,23.01,21.58,99.02,57.07,49.87,38.74
536.22,35.41,21.32,23.01,21.58,99.02,57.07,49.87,38.74
536.23,35.41,21.32,23.01,21.62,99.02,57.07,49.87,38.81
536.24,35.34,21.35,23.04,21.58,99.02,57.07,49.98,38.81
536.25,35.34,21.32,23.01,21.58,99.02,57.07,49.87,38.74
536.26,35.41,21.32,23.01,21.58,99.02,56.92,49.87,38.81
536.27,35.34,21.32,23.01,21.58,99.02,57.21,49.87,38.81
536.28,35.41,21.32,23.01,21.62,99.02,57.07,49.87,38.74
536.29,35.41,21.35,23.01,21.58,99.02,57.07,49.98,38.81
536.30,35.41,21.35,23.01,21.58,99.40,57.07,49.87,38.81
536.31,35.34,21.32,23.01,21.58,99.02,57.07,49.87,38.81
536.32,35.41,21.32,23.01,21.58,99.02,57.21,49.87,38.81
536.33,35.34,21.32,23.01,21.62,99.02,57.07,49.98,38.81
536.34,35.41,21.35,23.01,21.58,99.02,57.07,49.98,38.81
536.35,35.41,21.32,23.01,21.58,99.02,57.07,49.87,38.81
536.36,35.34,21.32,22.97,21.58,99.02,57.07,49.87,38.81
536.37,35.34,21.32,23.01,21.58,99.02,57.07,49.98,38.81
536.38,35.34,21.32,23.01,21.62,99.02,57.07,49.87,38.81
536.39,35.41,21.35,23.01,21.62,99.02,57.07,49.98,38.81
536.40,35.34,21.32,23.01,21.58,99.02,57.07,49.98,38.81
536.41,35.34,21.32,23.01,21.62,99.02,57.07,49.98,38.81
536.42,35.28,21.32,23.01,21.58,99.02,57.07,49.87,38.81
536.43,35.34,21.32,23.01,21.58,99.02,57.07,49.87,38.81
536.44,35.41,21.35,23.01,21.62,99.02,57.21,49.98,38.81
536.45,35.34,21.32,23.01,21.58,99.02,57.21,49.98,38.81
536.46,35.34,21.32,23.01,21.62,99.02,57.07,49.87,38.81
536.47,35.34,21.32,23.01,21.58,99.02,57.07,49.87,38.81
536.48,35.41,21.35,23.04,21.58,99.02,57.07,49.87,38.81
536.49,35.41,21.35,23.01,21.58,99.02,57.07,49.98,38.81
536.50,35.34,21.35,23.01,21.62,99.02,57.07,49.87,38.81
536.51,35.34,21.35,23.01,21.62,99.02,57.07,49.87,38.81
536.52,35.41,21.29,23.01,21.58,99.02,57.07,49.98,38.81
536.53,35.34,21.32,23.01,21.62,99.02,57.07,49.98,38.74
536.54,35.41,21.35,23.04,21.58,99.02,57.07,49.98,38.81
536.55,35.34,21.35,23.01,21.62,99.02,57.21,49.98,38.81
536.56,35.34,21.35,23.01,21.62,99.02,57.07,49.98,38.81
536.57,35.34,21.32,23.01,21.62,99.02,57.07,49.87,38.81
536.58,35.41,21.32,23.01,21.58,99.02,57.21,49.98,38.81
536.59,35.41,21.35,23.04,21.62,99.02,57.07,49.87,38.81
536.60,35.41,21.35,23.01,21.58,99.02,57.21,49.98,38.81
536.61,35.34,21.35,23.01,21.62,99.02,57.07,49.87,38.74
536.62,35.34,21.32,23.01,21.62,99.02,56.92,49.98,38.74
536.63,35.41,21.32,23.01,21.62,99.02,57.07,49.98,38.89
536.64,35.41,21.35,23.01,21.58,99.02,57.07,49.98,38.74
536.65,35.41,21.32,23.01,21.58,99.02,57.07,49.87,38.81
536.66,35.34,21.32,23.01,21.62,99.02,57.07,49.87,38.81
536.67,35.34,21.32,23.01,21.58,99.02,57.07,49.87,38.81
536.68,35.34,21.35,23.01,21.62,99.02,57.07,49.98,38.81
536.69,35.34,21.35,23.01,21.62,99.02,57.07,49.98,38.81
536.70,35.34,21.32,23.01,21.58,99.02,57.07,49.98,38.81
536.71,35.34,21.32,23.01,21.62,99.02,57.07,49.87,38.81
536.72,35.34,21.32,23.01,21.62,99.02,57.07,49.87,38.81
536.73,35.41,21.35,23.01,21.62,99.02,57.07,49.87,38.81
536.74,35.28,21.35,23.04,21.62,99.02,57.07,49.98,38.81
536.75,35.34,21.32,23.04,21.62,99.02,57.07,49.87,38.81
536.76,35.41,21.32,23.01,21.58,99.02,57.07,49.98,38.81
536.77,35.28,21.32,23.01,21.58,99.02,57.07,49.87,38.81
536.78,35.41,21.35,23.01,21.62,99.02,57.07,49.98,38.81
536.79,35.41,21.35,23.01,21.62,99.02,57.07,49.98,38.81
536.80,35.34,21.35,23.01,21.62,99.02,57.21,49.98,38.81
536.81,35.34,21.32,23.01,21.58,99.02,57.07,49.98,38.81
536.82,35.41,21.32,23.01,21.62,99.02,57.07,49.98,38.81
536.83,35.41,21.35,23.01,21.62,99.40,57.07,49.98,38.81
536.84,35.41,21.35,23.04,21.62,99.02,57.07,49.98,38.81
536.85,35.34,21.35,23.01,21.58,99.40,57.07,49.98,38.74
536.86,35.34,21.32,23.01,21.58,99.02,57.07,49.87,38.81
536.87,35.34,21.35,23.01,21.62,99.02,57.07,49.87,38.81
536.88,35.41,21.35,23.01,21.62,99.02,57.07,50.10,38.81
536.89,35.41,21.35,23.04,21.62,99.02,57.21,49.98,38.81
536.90,35.41,21.35,23.01,21.62,99.02,57.07,49.87,38.81
536.91,35.34,21.32,23.01,21.58,99.02,57.07,49.98,38.81
536.92,35.41,21.35,23.01,21.58,99.02,57.07,49.87,38.81
536.93,35.41,21.35,23.04,21.62,99.02,57.07,49.98,38.81
536.94,35.41,21.35,23.04,21.62,99.02,57.07,49.98,38.81
536.95,35.34,21.35,23.01,21.62,99.40,57.21,49.98,38.81
536.96,35.34,21.35,23.01,21.62,99.02,57.07,49.87,38.81
536.97,35.34,21.32,23.01,21.62,99.02,57.07,49.87,38.81
536.98,35.34,21.35,23.01,21.62,99.02,57.07,49.98,38.81
536.99,35.41,21.35,23.04,21.62,99.02,57.07,49.98,38.81
537.00,35.41,21.35,23.01,21.62,99.02,57.07,49.98,38.81
537.01,35.34,21.32,23.01,21.62,99.02,57.07,49.87,38.81
537.02,35.41,21.32,23.01,21.62,99.02,57.07,49.87,38.81
537.03,35.34,21.35,23.04,21.65,99.02,57.07,49.98,38.81
537.04,35.41,21.35,23.04,21.62,99.40,57.21,49.98,38.81
537.05,35.34,21.35,23.01,21.62,99.02,57.07,49.98,38.81
537.06,35.34,21.35,23.01,21.58,99.02,57.07,49.98,38.74
537.07,35.34,21.32,23.01,21.62,99.02,57.07,49.98,38.81
537.08,35.41,21.35,23.01,21.62,99.40,57.07,49.98,38.81
537.09,35.34,21.35,23.04,21.62,99.02,57.07,49.98,38.81
537.10,35.41,21.35,23.04,21.62,99.02,57.07,49.98,38.74
537.11,35.34,21.35,23.01,21.58,99.02,57.07,49.87,38.81
537.12,35.41,21.35,23.01,21.58,99.02,57.07,49.98,38.81
537.13,35.34,21.35,23.01,21.62,99.02,57.21,49.98,38.81
537.14,35.34,21.35,23.04,21.62,99.40,57.07,49.98,38.81
537.15,35.41,21.35,23.04,21.62,99.02,57.07,49.98,38.81
537.16,35.34,21.35,23.01,21.62,99.02,57.07,49.98,38.81
537.17,35.41,21.35,23.01,21.62,99.02,57.07,49.98,38.81
537.18,35.48,21.35,23.04,21.62,99.02,57.07,49.98,38.81
537.19,35.41,21.38,23.04,21.58,99.02,57.07,49.98,38.81
537.20,35.48,21.35,23.04,21.62,99.02,57.07,49.98,38.81
537.21,35.34,21.35,23.01,21.62,99.02,57.07,49.98,38.81
537.22,35.41,21.35,23.01,21.58,99.02,57.07,49.87,38.81
537.23,35.34,21.35,23.01,21.62,99.02,57.07,49.98,38.81
537.24,35.48,21.35,23.04,21.58,99.02,57.07,49.98,38.81
537.25,35.34,21.35,23.01,21.62,99.02,57.07,49.98,38.81
537.26,35.41,21.35,23.01,21.62,99.02,57.07,49.87,38.81
537.27,35.41,21.35,23.01,21.62,99.02,57.21,49.98,38.81
537.28,35.41,21.35,23.01,21.58,99.40,57.07,49.87,38.81
537.29,35.41,21.35,23.04,21.62,99.40,57.21,49.98,38.81
537.30,35.41,21.35,23.04,21.58,99.02,57.21,49.87,38.81
537.31,35.34,21.35,23.04,21.62,99.02,57.21,49.98,38.74
537.32,35.34,21.35,23.01,21.62,99.02,57.07,50.10,38.81
537.33,35.41,21.35,23.04,21.62,99.02,57.21,49.98,38.81
537.34,35.41,21.35,23.04,21.58,99.40,57.21,49.98,38.81
537.35,35.48,21.35,23.01,21.58,99.02,57.07,49.98,38.81
537.36,35.41,21.35,23.01,21.58,99.02,57.07,49.98,38.81
537.37,35.34,21.35,23.01,21.58,99.02,57.07,49.98,38.81
537.38,35.34,21.35,23.04,21.62,99.40,57.07,49.98,38.81
537.39,35.48,21.35,23.04,21.58,99.02,57.07,49.98,38.81
537.40,35.34,21.35,23.04,21.58,99.02,57.21,49.98,38.81
537.41,35.41,21.35,23.01,21.58,99.40,57.07,49.87,38.81
537.42,35.34,21.35,23.04,21.62,99.02,57.07,49.98,38.81
537.43,35.48,21.35,23.04,21.62,99.02,57.07,49.98,38.81
537.44,35.41,21.38,23.04,21.62,99.40,57.21,49.98,38.81
537.45,35.41,21.35,23.04,21.62,99.40,57.07,49.98,38.81
537.46,35.41,21.38,23.04,21.58,99.02,57.07,49.98,38.81
537.47,35.41,21.35,23.04,21.62,99.40,57.07,49.98,38.81
537.48,35.48,21.38,23.04,21.62,99.02,57.21,49.98,38.81
537.49,35.41,21.38,23.04,21.62,99.02,57.21,49.98,38.81
537.50,35.41,21.35,23.04,21.62,99.02,57.21,49.98,38.81
537.51,35.41,21.35,23.04,21.58,99.02,57.07,49.98,38.81
537.52,35.41,21.35,23.01,21.58,99.40,57.07,49.98,38.81
537.53,35.41,21.38,23.04,21.62,99.40,57.21,49.98,38.81
537.54,35.48,21.38,23.04,21.62,99.40,57.21,49.98,38.81
537.55,35.48,21.35,23.04,21.62,99.02,57.07,49.98,38.81
537.56,35.41,21.35,23.04,21.62,99.02,57.21,49.98,38.81
537.57,35.34,21.35,23.01,21.62,99.02,57.21,49.98,38.81
537.58,35.41,21.35,23.04,21.58,99.40,57.21,49.98,38.81
537.59,35.41,21.38,23.08,21.62,99.40,57.21,49.98,38.81
537.60,35.41,21.35,23.04,21.62,99.02,57.21,49.98,38.81
537.61,35.34,21.35,23.01,21.62,99.02,57.07,49.98,38.81
537.62,35.48,21.35,23.04,21.58,99.02,57.07,49.98,38.81
537.63,35.41,21.35,23.04,21.62,99.40,57.21,49.98,38.81
537.64,35.41,21.35,23.04,21.62,99.40,57.21,49.98,38.81
537.65,35.48,21.35,23.04,21.62,99.02,57.21,49.98,38.81
537.66,35.41,21.35,23.01,21.62,99.02,57.07,49.98,38.81
537.67,35.41,21.35,23.04,21.62,99.02,57.07,49.98,38.74
537.68,35.41,21.38,23.04,21.62,99.02,57.21,49.98,38.81
537.69,35.48,21.38,23.04,21.62,99.02,57.21,49.98,38.81
537.70,35.41,21.35,23.04,21.58,99.02,57.21,49.98,38.81
537.71,35.34,21.35,23.04,21.62,99.40,57.07,49.98,38.81
537.72,35.48,21.38,23.04,21.62,99.40,57.07,49.98,38.81
537.73,35.41,21.38,23.04,21.62,99.40,57.21,49.98,38.81
537.74,35.41,21.35,23.04,21.58,99.02,57.21,49.98,38.81
537.75,35.48,21.38,23.04,21.62,99.02,57.21,49.98,38.81
537.76,35.41,21.35,23.04,21.58,99.40,57.07,49.98,38.81
537.77,35.41,21.38,23.04,21.58,99.40,57.07,49.98,38.81
537.78,35.34,21.38,23.04,21.58,99.02,57.21,49.98,38.81
537.79,35.48,21.38,23.04,21.62,99.02,57.21,50.10,38.81
537.80,35.41,21.35,23.04,21.62,99.40,57.07,49.98,38.81
537.81,35.34,21.35,23.01,21.62,99.02,57.21,49.98,38.81
537.82,35.41,21.35,23.04,21.62,99.40,56.92,49.98,38.81
537.83,35.41,21.35,23.04,21.62,99.02,57.07,49.98,38.81
537.84,35.41,21.38,23.04,21.62,99.02,57.07,49.98,38.74
537.85,35.34,21.38,23.04,21.62,99.02,57.21,49.98,38.89
537.86,35.41,21.35,23.04,21.62,99.02,57.07,49.98,38.81
537.87,35.34,21.35,23.04,21.62,99.40,57.21,49.98,38.89
537.88,35.41,21.38,23.04,21.62,99.40,57.21,49.98,38.81
537.89,35.41,21.38,23.04,21.62,99.40,57.21,50.10,38.74
537.90,35.48,21.35,23.04,21.58,99.02,57.21,49.98,38.81
537.91,35.41,21.35,23.04,21.58,99.02,57.07,49.98,38.81
537.92,35.34,21.35,23.04,21.58,99.02,57.07,49.98,38.81
537.93,35.41,21.35,23.04,21.62,99.02,57.21,50.10,38.81
537.94,35.41,21.38,23.04,21.58,99.02,57.21,49.98,38.81
537.95,35.34,21.35,23.04,21.62,99.02,57.21,49.98,38.81
537.96,35.41,21.35,23.01,21.62,99.02,57.07,49.98,38.81
537.97,35.34,21.35,23.01,21.62,99.02,57.07,49.98,38.89
537.98,35.48,21.38,23.04,21.62,99.02,57.07,49.98,38.81
537.99,35.41,21.38,23.04,21.58,99.02,57.07,49.98,38.81
538.00,35.41,21.35,23.04,21.62,99.02,57.07,49.87,38.81
538.01,35.41,21.35,23.01,21.58,99.02,57.07,49.98,38.81
538.02,35.41,21.35,23.04,21.62,99.02,57.21,49.98,38.81
538.03,35.41,21.35,23.04,21.62,99.40,57.07,49.98,38.81
538.04,35.41,21.35,23.04,21.62,99.40,57.21,49.98,38.81
538.05,35.34,21.35,23.04,21.58,99.40,57.07,49.98,38.81
538.06,35.34,21.35,23.04,21.58,99.02,57.07,49.98,38.81
538.07,35.34,21.35,23.04,21.62,99.40,57.21,49.98,38.81
538.08,35.48,21.35,23.04,21.62,99.40,57.21,49.98,38.81
538.09,35.41,21.38,23.04,21.58,99.02,57.21,49.98,38.81
538.10,35.34,21.35,23.04,21.62,99.79,57.07,49.98,38.81
538.11,35.34,21.35,23.01,21.62,98.64,57.07,49.87,38.81
538.12,35.48,21.35,23.04,21.58,99.40,57.21,50.10,38.81
538.13,35.48,21.35,23.04,21.62,99.02,57.07,49.87,38.81
538.14,35.41,21.38,23.04,21.62,99.02,57.21,49.98,38.81
538.15,35.41,21.35,23.04,21.62,99.40,57.07,49.98,38.81
538.16,35.34,21.35,23.01,21.58,99.02,57.07,49.98,38.81
538.17,35.41,21.35,23.04,21.62,99.02,57.07,49.98,38.81
538.18,35.34,21.38,23.04,21.62,99.02,57.21,49.98,38.81
538.19,35.41,21.35,23.04,21.62,99.02,57.07,49.98,38.81
538.20,35.41,21.38,23.04,21.62,99.02,57.07,49.98,38.81
538.21,35.34,21.35,23.04,21.62,99.02,57.07,49.98,38.81
538.22,35.41,21.35,23.04,21.62,99.02,57.21,49.98,38.81
538.23,35.41,21.38,23.04,21.62,99.02,57.21,49.98,38.89
538.24,35.41,21.38,23.04,21.62,99.02,57.21,49.98,38.81
538.25,35.34,21.35,23.04,21.62,99.02,57.07,49.98,38.81
538.26,35.34,21.35,23.04,21.62,99.02,57.07,49.98,38.81
538.27,35.34,21.35,23.04,21.62,99.40,57.21,49.98,38.81
538.28,35.41,21.38,23.04,21.62,99.02,57.21,49.98,38.81
538.29,35.41,21.38,23.04,21.62,99.02,57.07,49.98,38.81
538.30,35.41,21.35,23.01,21.62,99.02,57.07,49.98,38.81
538.31,35.41,21.35,23.04,21.62,99.02,57.21,49.98,38.81
538.32,35.41,21.35,23.04,21.62,99.02,57.21,49.98,38.89
538.33,35.41,21.35,23.04,21.62,99.40,57.07,49.98,38.81
538.34,35.41,21.38,23.04,21.62,99.02,57.21,49.98,38.81
538.35,35.41,21.35,23.04,21.62,99.40,57.07,49.98,38.81
538.36,35.34,21.35,23.01,21.62,99.02,57.07,49.87,38.81
538.37,35.41,21.35,23.04,21.62,99.02,57.07,49.98,38.81
538.38,35.41,21.38,23.04,21.62,99.02,57.21,49.98,38.81
538.39,35.41,21.35,23.04,21.62,99.02,57.07,49.98,38.81
538.40,35.41,21.35,23.04,21.62,99.02,57.21,49.98,38.81
538.41,35.34,21.35,23.04,21.62,99.40,57.21,49.98,38.81
538.42,35.34,21.35,23.04,21.62,99.02,57.21,49.98,38.81
538.43,35.41,21.35,23.04,21.62,99.02,57.21,49.98,38.81
538.44,35.41,21.35,23.04,21.62,99.40,57.21,49.98,38.81
538.45,35.41,21.35,23.04,21.62,99.02,57.07,49.98,38.81
538.46,35.41,21.35,23.01,21.62,99.02,57.21,49.98,38.81
538.47,35.34,21.35,23.04,21.62,99.02,57.21,49.98,38.81
538.48,35.41,21.38,23.04,21.62,99.02,57.07,49.98,38.81
538.49,35.34,21.35,23.04,21.62,99.02,57.07,49.98,38.81
538.50,35.41,21.35,23.04,21.62,99.02,57.07,49.98,38.81
538.51,35.41,21.35,23.01,21.62,99.40,57.07,49.98,38.81
538.52,35.41,21.35,23.04,21.62,99.02,57.07,49.98,38.81
538.53,35.48,21.38,23.04,21.62,99.02,57.21,49.98,38.81
538.54,35.34,21.35,23.04,21.62,99.02,57.21,49.98,38.81
538.55,35.34,21.35,23.01,21.62,99.40,57.07,49.98,38.81
538.56,35.34,21.35,23.04,21.62,99.02,57.21,49.98,38.74
538.57,35.34,21.35,23.04,21.62,99.02,57.07,49.98,38.81
538.58,35.41,21.38,23.04,21.62,99.40,57.21,49.98,38.81
538.59,35.41,21.38,23.04,21.62,99.02,57.07,49.98,38.81
538.60,35.34,21.35,23.01,21.62,99.02,57.07,49.98,38.81
538.61,35.34,21.35,23.01,21.62,99.02,57.07,49.87,38.81
538.62,35.34,21.35,23.01,21.62,99.02,57.21,49.98,38.81
538.63,35.41,21.35,23.01,21.62,99.40,57.21,49.98,38.81
538.64,35.41,21.35,23.04,21.62,99.02,57.07,49.98,38.81
538.65,35.41,21.35,23.01,21.62,99.02,56.92,49.98,38.81
538.66,35.41,21.35,23.04,21.62,99.02,57.21,49.98,38.81
538.67,35.41,21.35,23.04,21.62,99.40,57.07,49.98,38.81
538.68,35.41,21.35,23.04,21.62,99.40,57.21,49.98,38.81
538.69,35.41,21.35,23.04,21.62,99.02,57.21,49.98,38.81
538.70,35.41,21.35,23.04,21.58,99.02,57.21,49.98,38.81
538.71,35.34,21.35,23.01,21.62,99.02,57.07,49.98,38.81
538.72,35.34,21.35,23.04,21.62,99.02,57.07,49.98,38.81
538.73,35.41,21.35,23.04,21.62,99.02,57.21,49.98,38.81
538.74,35.48,21.35,23.04,21.62,99.02,57.07,49.98,38.81
538.75,35.34,21.35,23.04,21.62,99.02,57.21,49.98,38.81
538.76,35.41,21.35,23.04,21.62,99.40,57.07,49.98,38.81
538.77,35.41,21.35,23.04,21.62,99.02,57.07,49.98,38.89
538.78,35.48,21.35,23.04,21.62,99.02,57.21,49.98,38.81
538.79,35.41,21.35,23.04,21.62,99.40,57.07,49.98,38.81
538.80,35.41,21.35,23.04,21.62,99.02,57.07,49.98,38.81
538.81,35.34,21.35,23.01,21.62,99.02,57.21,49.98,38.81
538.82,35.34,21.35,23.04,21.62,99.40,57.21,49.98,38.81
538.83,35.34,21.35,23.04,21.62,99.40,57.07,49.98,38.81
538.84,35.34,21.35,23.04,21.62,99.02,57.07,49.98,38.81
538.85,35.34,21.35,23.01,21.62,99.02,57.07,49.98,38.81
538.86,35.34,21.35,23.01,21.62,99.02,57.07,49.98,38.81
538.87,35.34,21.35,23.04,21.62,99.40,57.07,49.98,38.81
538.88,35.41,21.35,23.04,21.62,99.02,57.21,49.98,38.81
538.89,35.41,21.38,23.04,21.62,99.40,57.21,49.98,38.81
538.90,35.41,21.35,23.01,21.62,99.02,57.07,49.98,38.81
538.91,35.34,21.35,23.01,21.62,99.02,57.07,49.87,38.81
538.92,35.34,21.35,23.01,21.62,99.02,57.21,49.98,38.81
538.93,35.34,21.38,23.04,21.62,99.02,57.21,49.98,38.81
538.94,35.41,21.38,23.04,21.62,99.02,57.21,50.10,38.81
538.95,35.34,21.32,23.04,21.62,99.02,57.07,49.98,38.81
538.96,35.34,21.35,23.01,21.62,99.02,57.07,49.98,38.81
538.97,35.34,21.35,23.01,21.62,99.02,57.21,49.98,38.81
538.98,35.41,21.35,23.04,21.62,99.02,57.07,49.98,38.81
538.99,35.34,21.35,23.04,21.62,99.02,57.07,49.98,38.81
539.00,35.41,21.32,23.01,21.62,99.02,57.07,49.87,38.81
539.01,35.34,21.32,23.01,21.62,99.02,57.07,49.98,38.81
539.02,35.34,21.35,23.01,21.62,99.02,57.21,49.98,38.81
539.03,35.41,21.35,23.04,21.58,99.02,57.21,49.98,38.81
539.04,35.41,21.38,23.04,21.62,99.02,57.07,49.98,38.81
539.05,35.41,21.35,23.01,21.58,99.02,57.07,49.98,38.81
539.06,35.34,21.35,23.01,21.62,99.02,57.07,49.98,38.81
539.07,35.41,21.35,23.01,21.62,99.02,57.21,49.98,38.81
539.08,35.41,21.35,23.04,21.62,99.40,57.21,49.98,38.81
539.09,35.41,21.38,23.04,21.62,99.02,57.21,49.87,38.89
539.10,35.34,21.35,23.01,21.62,99.02,57.07,49.98,38.81
539.11,35.34,21.35,23.01,21.62,99.02,57.07,49.98,38.81
539.12,35.34,21.35,23.04,21.62,99.02,57.21,49.98,38.89
539.13,35.41,21.35,23.04,21.62,99.40,57.21,49.87,38.74
539.14,35.41,21.35,23.04,21.62,99.02,57.07,49.98,38.89
539.15,35.34,21.35,23.01,21.62,99.02,57.07,49.98,38.81
539.16,35.34,21.32,23.01,21.62,99.02,57.07,49.98,38.81
539.17,35.34,21.35,23.01,21.62,99.02,57.07,49.98,38.81
539.18,35.41,21.35,23.04,21.62,99.02,57.21,49.98,38.81
539.19,35.41,21.35,23.04,21.62,99.02,57.21,49.98,38.81
539.20,35.41,21.35,23.01,21.62,99.02,57.21,49.98,38.81
539.21,35.34,21.35,23.01,21.62,99.02,57.07,49.98,38.89
539.22,35.41,21.35,23.01,21.62,99.02,57.07,49.98,38.81
539.23,35.48,21.35,23.04,21.62,99.02,57.21,49.98,38.81
539.24,35.34,21.35,23.04,21.62,99.02,57.07,49.98,38.81
539.25,35.41,21.35,23.01,21.62,99.02,57.07,49.98,38.81
539.26,35.34,21.35,23.01,21.62,99.02,57.07,49.98,38.81
539.27,35.41,21.35,23.04,21.62,99.02,57.21,49.98,38.81
539.28,35.41,21.35,23.01,21.62,99.02,57.07,49.98,38.81
539.29,35.41,21.35,23.04,21.62,99.02,57.21,49.98,38.81
539.30,35.41,21.35,23.01,21.62,99.40,57.07,49.98,38.74
539.31,35.41,21.35,23.01,21.62,99.02,57.07,49.87,38.89
539.32,35.34,21.35,23.01,21.62,99.40,57.21,49.98,38.81
539.33,35.34,21.35,23.04,21.62,98.64,57.21,49.98,38.81
539.34,35.41,21.35,23.04,21.62,99.40,57.21,49.98,38.89
539.35,35.34,21.35,23.01,21.62,99.02,57.07,49.98,38.81
539.36,35.34,21.35,23.01,21.62,99.40,57.21,49.87,38.81
539.37,35.34,21.35,23.01,21.62,99.02,57.07,50.10,38.89
539.38,35.41,21.38,23.04,21.62,99.02,57.21,49.87,38.89
539.39,35.41,21.35,23.04,21.62,99.02,57.21,50.10,38.89
539.40,35.41,21.35,23.01,21.62,99.02,57.07,49.98,38.81
539.41,35.34,21.35,23.01,21.62,99.02,57.07,49.98,38.81
539.42,35.41,21.35,23.04,21.62,99.02,57.07,49.98,38.81
539.43,35.41,21.35,23.04,21.62,99.02,57.21,49.98,38.81
539.44,35.34,21.35,23.01,21.62,99.02,57.21,49.98,38.81
539.45,35.34,21.35,23.01,21.62,99.02,57.07,49.87,38.81
539.46,35.34,21.35,23.01,21.62,99.02,57.07,49.98,38.81
539.47,35.34,21.35,23.01,21.62,99.02,57.21,49.98,38.89
539.48,35.34,21.35,23.04,21.62,99.02,57.21,49.98,38.81
539.49,35.34,21.35,23.04,21.62,99.02,57.07,49.98,38.89
539.50,35.41,21.35,23.01,21.62,99.02,57.07,49.98,38.81
539.51,35.34,21.35,23.01,21.62,99.02,57.07,49.98,38.81
539.52,35.41,21.35,23.01,21.62,99.02,57.21,49.98,38.81
539.53,35.41,21.35,23.04,21.62,99.02,57.21,49.98,38.81
539.54,35.34,21.35,23.01,21.62,99.02,57.07,49.98,38.81
539.55,35.34,21.35,23.01,21.62,99.02,57.07,49.98,38.81
539.56,35.34,21.38,23.01,21.62,99.02,57.21,49.98,38.89
539.57,35.34,21.35,23.01,21.62,99.02,57.07,49.98,38.81
539.58,35.34,21.35,23.04,21.62,99.02,57.21,49.98,38.81
539.59,35.41,21.35,23.01,21.62,99.02,57.07,49.98,38.81
539.60,35.34,21.35,23.01,21.62,99.02,57.21,49.98,38.81
539.61,35.34,21.35,23.01,21.62,99.02,57.07,49.98,38.81
539.62,35.41,21.35,23.01,21.62,99.02,57.21,49.98,38.81
539.63,35.41,21.38,23.01,21.62,99.02,57.07,49.87,38.81
539.64,35.34,21.35,23.04,21.62,99.02,57.21,49.98,38.81
539.65,35.34,21.35,23.01,21.62,99.02,57.07,49.98,38.81
539.66,35.41,21.35,23.01,21.62,99.02,57.21,49.98,38.89
539.67,35.34,21.35,23.01,21.62,99.40,57.21,49.98,38.89
539.68,35.41,21.35,23.04,21.62,99.40,57.21,49.98,38.89
539.69,35.34,21.35,23.01,21.62,99.02,57.07,49.98,38.81
539.70,35.34,21.35,23.01,21.58,99.02,57.07,49.98,38.89
539.71,35.34,21.32,23.01,21.62,99.02,57.07,49.98,38.89
539.72,35.41,21.35,23.04,21.62,99.40,57.21,49.98,38.81
539.73,35.48,21.38,23.04,21.62,99.02,57.07,49.98,38.81
539.74,35.41,21.35,23.04,21.62,99.02,57.21,49.98,38.89
539.75,35.34,21.35,23.04,21.62,99.40,57.07,49.98,38.81
539.76,35.41,21.35,23.01,21.62,99.02,57.07,49.98,38.81
539.77,35.41,21.35,23.04,21.62,99.02,57.07,49.98,38.81
539.78,35.41,21.35,23.04,21.62,99.02,57.21,49.98,38.81
539.79,35.48,21.35,23.04,21.62,99.02,57.07,49.98,38.81
539.80,35.48,21.35,23.01,21.62,99.02,57.07,49.98,38.81
539.81,35.34,21.35,23.01,21.62,99.02,57.21,49.98,38.89
539.82,35.34,21.35,23.04,21.62,99.02,57.07,49.87,38.89
539.83,35.41,21.35,23.04,21.62,99.40,57.21,49.98,38.89
539.84,35.41,21.35,23.04,21.62,99.02,57.21,49.98,38.89
539.85,35.41,21.35,23.01,21.62,99.02,57.07,49.98,38.81
539.86,35.34,21.35,23.01,21.58,99.02,57.21,49.98,38.81
539.87,35.41,21.35,23.01,21.62,99.40,57.21,49.98,38.81
539.88,35.41,21.38,23.04,21.62,99.02,57.21,49.98,38.81
539.89,35.48,21.38,23.04,21.62,99.02,57.07,49.98,38.81
539.90,35.41,21.35,23.01,21.58,99.02,57.07,49.98,38.81
539.91,35.34,21.35,23.01,21.62,99.02,57.07,49.98,38.81
539.92,35.34,21.35,23.01,21.62,99.02,57.21,49.98,38.89
539.93,35.48,21.38,23.04,21.62,99.02,57.07,49.98,38.81
539.94,35.41,21.35,23.04,21.62,99.02,57.07,49.98,38.81
539.95,35.41,21.38,23.04,21.62,99.02,57.21,49.98,38.81
539.96,35.41,21.35,23.01,21.62,99.02,57.07,49.98,38.81
539.97,35.41,21.35,23.04,21.62,99.02,57.21,49.98,38.81
539.98,35.41,21.38,23.04,21.62,99.02,57.21,49.98,38.81
539.99,35.41,21.38,23.04,21.62,99.02,57.21,49.98,38.81
540.00,35.34,21.35,23.01,21.62,99.40,57.21,49.98,38.89
540.01,35.34,21.35,23.01,21.62,99.02,57.21,49.98,38.81
540.02,35.41,21.38,23.04,21.62,99.02,57.21,49.98,38.81
540.03,35.41,21.38,23.04,21.58,99.02,57.21,49.98,38.81
540.04,35.41,21.35,23.04,21.62,99.02,57.21,49.98,38.81
540.05,35.41,21.35,23.04,21.62,99.02,57.21,49.98,38.81
540.06,35.41,21.35,23.04,21.62,99.02,57.21,49.98,38.89
540.07,35.41,21.38,23.04,21.62,99.40,57.21,49.98,38.81
540.08,35.41,21.38,23.04,21.62,99.40,57.21,49.98,38.81
540.09,35.41,21.38,23.04,21.62,99.02,57.21,49.98,38.89
540.10,35.41,21.35,23.01,21.62,99.02,57.07,49.98,38.89
540.11,35.41,21.35,23.04,21.62,99.40,57.21,49.98,38.89
540.12,35.34,21.35,23.01,21.62,99.02,57.21,50.10,38.81
540.13,35.41,21.38,23.04,21.62,99.40,57.21,49.98,38.81
540.14,35.34,21.38,23.04,21.62,99.02,57.21,49.87,38.81
540.15,35.41,21.35,23.01,21.62,99.02,57.21,49.98,38.89
540.16,35.41,21.35,23.04,21.62,99.02,57.21,49.98,38.89
540.17,35.41,21.38,23.04,21.62,99.02,57.21,49.98,38.81
540.18,35.41,21.38,23.04,21.62,99.02,57.21,50.10,38.81
540.19,35.41,21.38,23.04,21.62,99.02,57.21,49.98,38.81
540.20,35.34,21.38,23.01,21.62,99.02,57.07,49.98,38.89
540.21,35.34,21.35,23.04,21.62,99.02,57.07,49.98,38.89
540.22,35.41,21.38,23.04,21.62,99.02,57.21,49.98,38.89
540.23,35.41,21.35,23.04,21.58,99.02,57.21,49.98,38.81
540.24,35.48,21.38,23.04,21.62,99.02,57.21,49.98,38.81
540.25,35.34,21.35,23.01,21.62,99.40,57.07,49.98,38.81
540.26,35.41,21.35,23.04,21.62,99.02,57.21,49.98,38.81
540.27,35.41,21.35,23.04,21.62,99.40,57.21,49.98,38.89
540.28,35.41,21.38,23.04,21.58,99.40,57.21,49.98,38.81
540.29,35.48,21.38,23.01,21.62,99.02,57.07,49.98,38.89
540.30,35.41,21.38,23.04,21.62,99.02,57.21,49.98,38.89
540.31,35.41,21.35,23.04,21.58,99.02,57.21,49.98,38.81
540.32,35.34,21.38,23.04,21.62,99.40,57.21,49.98,38.89
540.33,35.41,21.38,23.04,21.62,99.40,57.21,49.98,38.89
540.34,35.41,21.38,23.04,21.62,99.02,57.21,50.10,38.81
540.35,35.34,21.35,23.04,21.62,99.02,56.92,49.98,38.81
540.36,35.41,21.35,23.04,21.62,99.02,57.36,49.98,38.89
540.37,35.41,21.38,23.04,21.62,99.40,57.21,49.98,38.97
540.38,35.41,21.38,23.04,21.62,99.02,57.21,49.98,38.81
540.39,35.41,21.38,23.04,21.62,99.02,57.21,49.98,38.97
540.40,35.34,21.35,23.04,21.62,99.02,57.21,49.98,38.89
540.41,35.41,21.35,23.04,21.62,99.02,57.21,49.98,38.81
540.42,35.41,21.38,23.04,21.62,99.02,57.21,49.87,38.89
540.43,35.41,21.38,23.04,21.62,99.40,57.21,50.10,38.89
540.44,35.34,21.35,23.04,21.62,99.02,57.07,49.98,38.89
540.45,35.34,21.35,23.04,21.62,99.02,57.21,49.98,38.89
540.46,35.41,21.38,23.01,21.62,99.02,57.21,49.98,38.89
540.47,35.41,21.38,23.04,21.62,99.02,57.21,49.98,38.81
540.48,35.41,21.38,23.04,21.62,99.40,57.21,50.10,38.89
540.49,35.41,21.35,23.04,21.62,99.02,57.21,49.98,38.89
540.50,35.41,21.35,23.01,21.62,99.02,57.07,49.98,38.89
540.51,35.48,21.35,23.04,21.62,99.40,57.21,49.98,38.89
540.52,35.41,21.38,23.04,21.62,99.02,57.21,50.10,38.81
540.53,35.48,21.38,23.04,21.62,99.02,57.21,49.98,38.81
540.54,35.41,21.38,23.04,21.62,99.02,57.21,50.10,38.81
540.55,35.34,21.35,23.04,21.62,99.02,57.07,49.98,38.89
540.56,35.34,21.38,23.04,21.62,99.02,57.07,49.98,38.89
540.57,35.41,21.38,23.04,21.62,99.40,57.21,49.98,38.89
540.58,35.41,21.38,23.04,21.62,99.02,57.21,49.98,38.89
540.59,35.41,21.38,23.04,21.62,99.40,57.21,50.10,38.89
540.60,35.41,21.38,23.01,21.62,98.64,57.21,49.87,38.89
540.61,35.41,21.35,23.04,21.62,99.40,57.21,49.98,38.89
540.62,35.41,21.38,23.04,21.62,99.02,57.21,49.98,38.81
540.63,35.41,21.38,23.04,21.62,99.02,57.07,49.98,38.81
540.64,35.34,21.38,23.04,21.62,99.02,57.21,50.21,38.89
540.65,35.41,21.35,23.01,21.62,99.02,57.21,49.98,38.81
540.66,35.41,21.35,23.04,21.62,99.40,57.07,49.98,38.89
540.67,35.41,21.38,23.04,21.62,99.02,57.21,49.98,38.89
540.68,35.41,21.38,23.04,21.62,99.40,57.21,49.98,38.89
540.69,35.41,21.38,23.04,21.62,99.02,57.21,49.98,38.89
540.70,35.41,21.38,23.01,21.62,99.02,57.21,49.98,38.89
540.71,35.41,21.35,23.04,21.62,99.02,57.21,49.98,38.89
540.72,35.41,21.38,23.04,21.62,99.40,57.07,49.98,38.89
540.73,35.41,21.38,23.04,21.62,99.40,57.07,50.10,38.89
540.74,35.41,21.38,23.04,21.62,99.02,57.21,49.98,38.89
540.75,35.34,21.35,23.04,21.62,99.02,57.21,49.98,38.89
540.76,35.41,21.38,23.04,21.62,99.02,57.21,49.98,38.89
540.77,35.48,21.38,23.04,21.62,99.02,57.21,49.98,38.89
540.78,35.41,21.38,23.04,21.62,99.02,57.21,49.98,38.89
540.79,35.34,21.38,23.04,21.62,99.40,57.21,49.98,38.89
540.80,35.41,21.35,23.04,21.62,99.02,57.21,49.98,38.89
540.81,35.34,21.35,23.01,21.62,99.40,57.21,49.98,38.89
540.82,35.41,21.38,23.04,21.62,99.02,57.21,49.98,38.89
540.83,35.41,21.38,23.08,21.62,99.02,57.21,49.98,38.89
540.84,35.41,21.38,23.04,21.62,99.40,57.07,49.98,38.89
540.85,35.34,21.38,23.04,21.62,99.02,57.21,49.98,38.89
540.86,35.41,21.38,23.04,21.62,99.40,57.07,49.98,38.89
540.87,35.48,21.38,23.04,21.62,99.40,57.21,49.98,38.89
540.88,35.48,21.38,23.04,21.62,99.02,57.21,49.98,38.89
540.89,35.41,21.38,23.04,21.62,99.02,57.21,49.98,38.89
540.90,35.34,21.35,23.04,21.62,99.40,57.07,49.98,38.89
540.91,35.34,21.38,23.04,21.62,99.02,57.21,49.98,38.89
540.92,35.41,21.38,23.04,21.62,99.02,57.21,49.98,38.81
540.93,35.34,21.38,23.04,21.62,99.02,57.07,49.98,38.89
540.94,35.41,21.38,23.04,21.62,99.02,57.21,49.98,38.89
540.95,35.34,21.35,23.04,21.62,99.02,57.21,49.98,38.89
540.96,35.41,21.35,23.04,21.62,99.02,57.07,49.98,38.89
540.97,35.48,21.38,23.04,21.62,99.40,57.21,49.98,38.89
540.98,35.41,21.38,23.04,21.62,99.02,57.21,49.98,38.81
540.99,35.41,21.38,23.04,21.62,99.02,57.21,49.98,38.89
541.00,35.34,21.35,23.01,21.62,99.02,57.21,49.98,38.89
541.01,35.34,21.35,23.01,21.62,99.02,57.21,49.98,38.89
541.02,35.41,21.35,23.04,21.62,99.02,57.21,49.98,38.89
541.03,35.41,21.38,23.04,21.62,99.02,57.21,49.98,38.89
541.04,35.34,21.38,23.04,21.62,99.02,57.21,49.98,38.89
541.05,35.41,21.35,23.01,21.62,99.02,57.07,49.98,38.89
541.06,35.48,21.38,23.04,21.62,99.02,57.21,49.98,38.89
541.07,35.41,21.35,23.04,21.62,99.40,57.21,49.98,38.89
541.08,35.41,21.38,23.04,21.62,99.02,57.21,49.98,38.89
541.09,35.34,21.38,23.01,21.62,99.02,57.21,49.98,38.89
541.10,35.41,21.35,23.01,21.62,99.02,57.21,49.98,38.89
541.11,35.34,21.35,23.04,21.62,99.02,57.21,49.98,38.89
541.12,35.34,21.35,23.04,21.62,99.40,57.07,49.98,38.89
541.13,35.41,21.38,23.04,21.62,99.02,57.21,49.98,38.89
541.14,35.34,21.35,23.04,21.62,99.02,57.21,49.98,38.89
541.15,35.41,21.35,23.04,21.62,99.02,57.21,49.98,38.89
541.16,35.48,21.35,23.01,21.62,99.02,57.21,49.98,38.89
541.17,35.41,21.38,23.04,21.62,99.40,57.21,49.98,38.97
541.18,35.41,21.38,23.04,21.62,99.02,57.07,49.98,38.89
541.19,35.41,21.38,23.04,21.62,99.02,57.21,49.98,38.89
541.20,35.28,21.35,23.01,21.62,99.02,57.07,49.98,38.81
541.21,35.41,21.35,23.04,21.62,99.40,57.07,49.98,38.89
541.22,35.41,21.38,23.04,21.62,99.40,57.21,49.98,38.89
541.23,35.41,21.38,23.01,21.62,99.02,57.21,49.98,38.81
541.24,35.41,21.38,23.01,21.62,99.40,57.07,49.98,38.89
541.25,35.41,21.35,23.01,21.62,99.02,57.21,49.98,38.89
541.26,35.34,21.35,23.04,21.62,99.02,57.21,49.98,38.89
541.27,35.41,21.35,23.04,21.62,99.40,57.21,49.98,38.89
541.28,35.41,21.38,23.04,21.62,99.02,57.07,49.98,38.89
541.29,35.41,21.35,23.04,21.62,99.02,57.21,49.98,38.89
541.30,35.34,21.38,23.01,21.62,99.02,57.07,49.98,38.89
541.31,35.41,21.38,23.04,21.62,99.40,57.07,49.98,38.89
541.32,35.34,21.38,23.04,21.62,99.40,57.07,49.98,38.89
541.33,35.34,21.35,23.04,21.62,99.02,57.21,49.98,38.89
541.34,35.34,21.38,23.01,21.62,99.02,57.21,49.98,38.89
541.35,35.34,21.35,23.01,21.62,99.02,57.21,49.98,38.89
541.36,35.34,21.35,23.01,21.62,99.02,57.21,49.98,38.89
541.37,35.41,21.38,23.04,21.62,99.02,57.21,49.98,38.89
541.38,35.41,21.38,23.01,21.62,99.40,57.21,49.98,38.89
541.39,35.41,21.35,23.01,21.62,99.02,57.21,49.98,38.89
541.40,35.34,21.35,23.01,21.62,99.02,57.21,49.98,38.89
541.41,35.34,21.35,23.01,21.62,99.02,57.21,49.98,38.89
541.42,35.34,21.38,23.04,21.62,99.02,57.21,49.98,38.89
541.43,35.34,21.38,23.04,21.62,99.02,57.07,49.98,38.89
541.44,35.41,21.35,23.01,21.62,99.02,57.07,49.98,38.89
541.45,35.34,21.35,23.01,21.62,99.02,57.07,49.98,38.89
541.46,35.34,21.35,23.04,21.62,99.02,57.21,49.98,38.89
541.47,35.48,21.38,23.04,21.62,99.02,57.21,49.98,38.89
541.48,35.34,21.38,23.04,21.62,99.02,57.21,49.98,38.89
541.49,35.41,21.35,23.01,21.62,99.02,57.21,49.98,38.89
541.50,35.34,21.38,23.01,21.62,99.02,57.07,49.98,38.89
541.51,35.41,21.35,23.01,21.62,99.02,57.07,49.98,38.89
541.52,35.41,21.32,23.04,21.62,99.02,57.21,49.98,38.81
541.53,35.41,21.41,23.01,21.62,99.02,57.21,49.98,38.89
541.54,35.41,21.35,23.04,21.62,99.02,57.21,49.98,38.89
541.55,35.41,21.35,23.01,21.62,99.02,57.07,49.98,38.89
541.56,35.34,21.35,23.01,21.62,99.02,57.21,49.98,38.89
541.57,35.41,21.38,23.04,21.62,99.02,57.07,49.98,38.81
541.58,35.41,21.38,23.04,21.62,99.40,57.21,50.10,38.89
541.59,35.34,21.38,23.04,21.62,99.02,57.07,49.98,38.89
541.60,35.41,21.35,23.01,21.62,99.02,57.07,49.98,38.81
541.61,35.34,21.35,23.04,21.65,99.02,57.36,49.98,38.89
541.62,35.41,21.35,23.01,21.62,99.02,57.07,49.98,38.81
541.63,35.41,21.38,23.04,21.62,99.02,57.21,50.10,38.97
541.64,35.34,21.35,23.01,21.62,99.02,57.21,49.98,38.81
541.65,35.41,21.35,23.01,21.62,99.02,57.21,49.98,38.89
541.66,35.34,21.35,23.04,21.62,99.02,57.07,49.98,38.89
541.67,35.34,21.35,23.01,21.62,99.40,57.07,49.98,38.89
541.68,35.41,21.35,23.04,21.62,99.02,57.21,49.98,38.89
541.69,35.41,21.35,23.01,21.62,99.02,57.21,49.98,38.89
541.70,35.28,21.35,23.01,21.62,99.40,57.07,49.98,38.89
541.71,35.34,21.38,23.04,21.62,99.40,57.07,49.98,38.81
541.72,35.34,21.35,23.04,21.62,99.02,57.07,49.98,38.89
541.73,35.34,21.38,23.04,21.62,99.02,57.21,49.98,38.89
541.74,35.34,21.35,23.01,21.62,99.02,57.21,49.98,38.89
541.75,35.28,21.35,23.01,21.62,99.02,57.07,49.98,38.89
541.76,35.48,21.35,23.04,21.62,99.02,57.21,49.98,38.89
541.77,35.41,21.38,23.01,21.62,99.02,57.21,49.98,38.89
541.78,35.41,21.35,23.08,21.62,99.02,57.21,49.98,38.89
541.79,35.34,21.35,22.97,21.62,99.02,57.07,49.98,38.89
541.80,35.34,21.35,23.01,21.62,99.02,57.07,49.98,38.89
541.81,35.41,21.35,23.04,21.62,99.02,57.07,49.98,38.89
541.82,35.41,21.38,23.01,21.62,99.02,57.21,49.98,38.89
541.83,35.41,21.38,23.04,21.62,99.40,57.21,49.98,38.89
541.84,35.34,21.35,23.01,21.62,99.02,57.21,49.98,38.89
541.85,35.34,21.35,23.01,21.62,99.40,57.21,49.98,38.89
541.86,35.34,21.38,23.01,21.62,98.64,57.07,49.98,38.89
541.87,35.41,21.38,23.04,21.62,98.64,57.21,49.87,38.89
541.88,35.41,21.38,23.01,21.62,99.02,57.07,50.10,38.89
541.89,35.34,21.35,23.01,21.62,99.02,57.21,49.87,38.89
541.90,35.34,21.35,23.01,21.62,99.02,57.21,49.98,38.81
541.91,35.34,21.35,23.01,21.62,99.02,57.07,49.98,38.89
541.92,35.34,21.38,23.04,21.62,99.40,57.21,49.98,38.89
541.93,35.41,21.35,23.04,21.62,99.02,57.21,49.98,38.89
541.94,35.34,21.35,23.01,21.62,99.02,57.07,49.87,38.89
541.95,35.41,21.35,23.01,21.62,99.02,57.21,49.98,38.89
541.96,35.34,21.35,23.01,21.62,99.02,57.21,49.98,38.89
541.97,35.34,21.38,23.04,21.65,99.02,57.21,49.98,38.89
541.98,35.34,21.38,23.01,21.62,99.40,57.21,49.98,38.89
541.99,35.34,21.35,23.01,21.62,99.02,57.07,49.98,38.89
542.00,35.34,21.35,23.01,21.62,99.02,57.21,49.98,38.89
542.01,35.34,21.35,23.01,21.62,99.02,57.21,49.98,38.89
542.02,35.41,21.35,23.01,21.62,99.02,57.21,49.98,38.89
542.03,35.41,21.38,23.04,21.62,99.02,57.07,49.98,38.89
542.04,35.28,21.35,23.01,21.62,99.02,57.07,49.98,38.89
542.05,35.28,21.35,23.01,21.62,99.02,57.21,49.87,38.89
542.06,35.34,21.35,23.01,21.62,99.02,57.21,49.98,38.89
542.07,35.41,21.35,23.01,21.62,99.02,57.07,49.98,38.89
542.08,35.41,21.38,23.01,21.62,99.02,57.07,49.98,38.89
542.09,35.34,21.35,23.01,21.62,99.02,57.21,49.98,38.89
542.10,35.34,21.35,23.01,21.62,99.02,57.21,49.98,38.89
542.11,35.34,21.35,23.01,21.62,99.02,57.21,49.98,38.89
542.12,35.34,21.38,23.04,21.62,99.02,57.21,49.98,38.89
542.13,35.34,21.35,23.01,21.62,99.02,57.07,49.98,38.89
542.14,35.34,21.35,23.01,21.62,99.02,57.07,49.98,38.81
542.15,35.34,21.35,23.01,21.62,99.02,57.07,49.98,38.89
542.16,35.34,21.35,23.01,21.62,99.02,57.21,49.98,38.89
542.17,35.41,21.38,23.04,21.62,99.02,57.21,49.98,38.89
542.18,35.41,21.38,23.01,21.62,99.02,57.21,49.98,38.89
542.19,35.34,21.35,23.01,21.62,99.02,57.07,49.87,38.89
542.20,35.34,21.35,23.01,21.62,99.02,57.07,49.98,38.89
542.21,35.34,21.35,23.01,21.62,99.02,57.07,49.98,38.89
542.22,35.34,21.38,23.01,21.62,99.02,57.07,49.98,38.89
542.23,35.34,21.35,23.01,21.62,99.02,57.07,49.98,38.89
542.24,35.34,21.35,23.01,21.62,99.02,57.07,49.98,38.89
542.25,35.34,21.35,23.01,21.62,99.02,57.07,49.98,38.89
542.26,35.41,21.35,23.01,21.62,99.02,57.21,49.98,38.89
542.27,35.41,21.38,23.01,21.62,99.02,57.07,49.98,38.89
542.28,35.41,21.35,23.01,21.58,99.02,57.21,49.87,38.89
542.29,35.41,21.35,23.01,21.62,99.02,57.21,49.98,38.89
542.30,35.34,21.35,23.01,21.62,99.02,57.07,49.98,38.89
542.31,35.34,21.35,23.01,21.65,99.02,57.07,49.98,38.89
542.32,35.41,21.38,23.01,21.62,99.02,57.07,49.98,38.89
542.33,35.41,21.35,23.01,21.62,99.02,57.21,49.98,38.89
542.34,35.41,21.32,23.01,21.62,99.02,57.07,49.98,38.89
542.35,35.28,21.35,23.01,21.62,99.02,57.21,49.98,38.89
542.36,35.34,21.35,23.01,21.62,99.02,57.21,49.98,38.89
542.37,35.34,21.35,23.01,21.62,99.02,57.21,49.98,38.89
542.38,35.41,21.35,23.01,21.62,99.02,57.07,49.98,38.89
542.39,35.34,21.35,23.01,21.62,99.02,57.07,49.98,38.89
542.40,35.34,21.35,23.01,21.62,99.02,57.21,49.98,38.89
542.41,35.34,21.35,23.01,21.62,99.02,57.07,49.98,38.89
542.42,35.41,21.35,23.01,21.62,99.02,57.21,49.98,38.89
542.43,35.34,21.35,23.01,21.62,99.02,57.07,49.87,38.89
542.44,35.28,21.35,23.01,21.62,99.02,57.07,49.98,38.89
542.45,35.34,21.35,23.01,21.62,99.40,57.21,49.98,38.89
542.46,35.34,21.35,23.01,21.62,99.02,57.21,49.98,38.89
542.47,35.34,21.38,23.01,21.62,99.02,57.21,49.98,38.89
542.48,35.34,21.35,23.01,21.62,99.02,57.21,49.87,38.89
542.49,35.34,21.35,23.01,21.62,99.02,57.07,49.98,38.81
542.50,35.34,21.35,23.01,21.62,99.02,57.21,49.87,38.89
542.51,35.34,21.35,23.01,21.62,99.02,57.21,49.98,38.89
542.52,35.34,21.38,23.01,21.65,99.40,57.21,49.98,38.89
542.53,35.34,21.35,23.04,21.62,99.02,57.07,49.98,38.89
542.54,35.28,21.35,23.01,21.62,99.02,57.07,49.98,38.89
542.55,35.34,21.35,23.01,21.62,99.02,57.07,49.98,38.89
542.56,35.34,21.35,23.01,21.62,99.02,57.21,49.98,38.89
542.57,35.34,21.35,23.04,21.62,99.02,57.21,49.98,38.89
542.58,35.34,21.35,23.01,21.62,99.02,57.07,49.98,38.89
542.59,35.34,21.35,23.01,21.62,99.02,57.21,49.98,38.89
542.60,35.41,21.38,23.01,21.62,99.02,57.21,49.98,38.89
542.61,35.34,21.35,23.01,21.62,99.02,57.07,49.98,38.89
542.62,35.34,21.38,23.01,21.62,99.02,57.21,49.98,38.89
542.63,35.41,21.38,23.01,21.62,99.02,57.21,49.98,38.89
542.64,35.41,21.38,23.01,21.62,99.02,57.21,49.98,38.89
542.65,35.41,21.35,23.01,21.62,99.02,57.21,49.98,38.89
542.66,35.41,21.38,23.01,21.62,99.02,57.21,49.98,38.89
542.67,35.34,21.35,23.01,21.62,99.02,57.21,49.98,38.89
542.68,35.34,21.35,23.01,21.62,99.02,57.21,49.98,38.89
542.69,35.34,21.35,23.01,21.62,99.02,57.07,49.98,38.89
542.70,35.34,21.35,23.01,21.62,99.02,57.07,49.98,38.89
542.71,35.34,21.35,23.01,21.62,99.02,57.07,49.87,38.89
542.72,35.34,21.38,23.01,21.62,99.02,57.21,49.98,38.89
542.73,35.34,21.35,23.04,21.62,99.02,57.21,49.98,38.89
542.74,35.34,21.35,23.01,21.62,99.40,57.21,49.98,38.89
542.75,35.34,21.38,23.01,21.62,99.02,57.21,49.98,38.89
542.76,35.34,21.35,23.01,21.58,99.02,57.07,49.98,38.89
542.77,35.34,21.38,23.04,21.62,99.40,57.07,49.98,38.89
542.78,35.34,21.35,23.01,21.62,99.02,57.21,49.98,38.89
542.79,35.34,21.35,23.01,21.62,99.02,57.07,49.98,38.89
542.80,35.34,21.35,23.01,21.62,99.02,57.21,49.98,38.89
542.81,35.34,21.38,23.01,21.62,99.02,57.21,49.98,38.89
542.82,35.34,21.38,23.04,21.62,99.40,57.21,49.98,38.89
542.83,35.34,21.35,23.04,21.62,99.02,57.21,49.98,38.89
542.84,35.41,21.35,23.01,21.62,99.02,57.07,49.98,38.89
542.85,35.34,21.35,23.01,21.62,99.02,57.21,49.98,38.89
542.86,35.41,21.38,23.01,21.62,99.02,57.21,49.87,38.89
542.87,35.41,21.38,23.04,21.62,99.40,57.21,49.98,38.89
542.88,35.34,21.35,23.01,21.62,99.02,57.21,49.98,38.89
542.89,35.41,21.35,23.01,21.62,99.02,57.21,49.98,38.81
542.90,35.34,21.35,23.01,21.62,99.02,57.21,49.98,38.97
542.91,35.34,21.35,23.01,21.62,99.02,57.21,49.98,38.89
542.92,35.34,21.38,23.04,21.62,99.02,57.07,49.98,38.89
542.93,35.34,21.38,23.04,21.62,99.02,57.21,49.98,38.89
542.94,35.28,21.35,23.01,21.62,99.02,57.21,49.98,38.89
542.95,35.34,21.35,23.01,21.62,99.02,57.21,49.98,38.89
542.96,35.41,21.35,23.01,21.62,99.02,57.21,49.98,38.89
542.97,35.34,21.38,23.01,21.62,99.02,57.21,49.98,38.89
542.98,35.41,21.38,23.01,21.62,99.02,57.21,49.98,38.89
542.99,35.28,21.35,23.04,21.62,99.02,57.21,49.98,38.89
543.00,35.41,21.38,23.04,21.62,99.02,57.21,49.98,38.89
543.01,35.41,21.38,23.01,21.62,99.02,57.21,49.98,38.89
543.02,35.34,21.38,23.04,21.62,99.02,57.21,49.98,38.89
543.03,35.41,21.38,23.01,21.62,99.02,57.07,49.98,38.89
543.04,35.34,21.35,23.04,21.62,99.02,57.21,49.98,38.89
543.05,35.34,21.35,23.01,21.62,99.02,57.07,49.98,38.89
543.06,35.41,21.38,23.04,21.62,99.40,57.21,49.98,38.89
543.07,35.41,21.35,23.04,21.62,99.40,57.21,49.98,38.89
543.08,35.34,21.35,23.04,21.62,99.02,57.21,49.98,38.89
543.09,35.41,21.35,23.01,21.62,99.02,57.21,49.98,38.89
543.10,35.41,21.35,23.04,21.62,99.40,57.21,49.98,38.89
543.11,35.34,21.38,23.01,21.62,98.64,57.21,49.98,38.89
543.12,35.34,21.38,23.04,21.62,99.40,57.21,49.87,38.89
543.13,35.41,21.38,23.01,21.62,99.02,57.21,49.98,38.89
543.14,35.34,21.35,23.01,21.62,99.02,57.21,49.87,38.89
543.15,35.34,21.35,23.01,21.62,99.02,57.21,50.10,38.89
543.16,35.41,21.38,23.04,21.62,99.02,57.21,49.98,38.89
543.17,35.41,21.38,23.04,21.62,99.40,57.21,49.98,38.89
543.18,35.41,21.38,23.01,21.62,99.02,57.21,49.98,38.89
543.19,35.41,21.38,23.04,21.62,99.02,57.21,49.98,38.89
543.20,35.34,21.35,23.01,21.65,99.02,57.21,49.98,38.97
543.21,35.48,21.38,23.04,21.62,99.02,57.21,49.98,38.89
543.22,35.41,21.38,23.04,21.62,99.40,57.21,49.98,38.89
543.23,35.34,21.38,23.04,21.62,99.40,57.21,49.98,38.89
543.24,35.34,21.35,23.01,21.62,99.02,57.21,49.98,38.89
543.25,35.41,21.35,23.04,21.62,99.02,57.21,49.98,38.89
543.26,35.48,21.38,23.04,21.62,99.02,57.07,49.98,38.89
543.27,35.41,21.38,23.04,21.65,99.02,57.21,49.98,38.89
543.28,35.41,21.38,23.04,21.62,99.02,57.21,50.10,38.89
543.29,35.41,21.38,23.04,21.62,99.02,57.07,49.98,38.89
543.30,35.34,21.35,23.01,21.62,99.02,57.07,49.98,38.89
543.31,35.34,21.38,23.04,21.62,99.02,57.21,49.98,38.89
543.32,35.48,21.38,23.04,21.62,99.02,57.21,50.10,38.89
543.33,35.48,21.38,23.04,21.62,99.02,57.21,49.98,38.89
543.34,35.41,21.35,23.01,21.62,99.02,57.21,49.98,38.89
543.35,35.41,21.38,23.04,21.62,99.02,57.21,49.98,38.89
543.36,35.41,21.38,23.04,21.62,99.02,57.21,50.10,38.89
543.37,35.41,21.38,23.04,21.62,99.02,57.21,49.98,38.89
543.38,35.34,21.38,23.04,21.62,99.02,57.21,49.98,38.89
543.39,35.34,21.38,23.04,21.62,99.02,57.07,49.98,38.89
543.40,35.34,21.35,23.01,21.62,99.02,57.21,49.98,38.89
543.41,35.34,21.35,23.04,21.62,99.02,57.07,49.98,38.89
543.42,35.34,21.38,23.04,21.62,99.02,57.21,49.98,38.89
543.43,35.34,21.38,23.04,21.62,99.40,57.21,49.98,38.89
543.44,35.34,21.38,23.04,21.62,99.02,57.21,49.98,38.89
543.45,35.34,21.35,23.01,21.62,99.40,57.21,49.98,38.89
543.46,35.41,21.38,23.04,21.62,99.02,57.21,49.98,38.89
543.47,35.41,21.38,23.04,21.62,99.02,57.21,49.98,38.89
543.48,35.48,21.35,23.01,21.62,99.02,57.21,49.98,38.89
543.49,35.41,21.38,23.01,21.62,99.02,57.21,49.98,38.89
543.50,35.34,21.35,23.04,21.62,99.02,57.21,49.98,38.89
543.51,35.41,21.38,23.01,21.62,99.02,57.21,49.98,38.89
543.52,35.34,21.38,23.04,21.62,99.02,57.21,49.98,38.89
543.53,35.34,21.38,23.04,21.62,99.40,57.21,49.98,38.89
543.54,35.41,21.35,23.01,21.62,99.02,57.21,49.98,38.89
543.55,35.41,21.38,23.04,21.62,99.02,57.21,49.98,38.89
543.56,35.41,21.38,23.04,21.62,99.02,57.21,49.98,38.89
543.57,35.34,21.38,23.04,21.62,99.40,57.36,49.98,38.89
543.58,35.34,21.38,23.04,21.62,99.40,57.21,49.98,38.89
543.59,35.41,21.35,23.04,21.62,99.40,57.21,50.10,38.89
543.60,35.34,21.35,23.01,21.62,99.02,57.21,49.98,38.89
543.61,35.34,21.38,23.04,21.62,99.02,57.21,49.98,38.89
543.62,35.41,21.38,23.04,21.62,99.02,57.21,49.98,38.89
543.63,35.34,21.38,23.04,21.62,99.40,57.21,49.98,38.89
543.64,35.41,21.35,23.01,21.62,99.02,57.21,49.98,38.89
543.65,35.34,21.35,23.04,21.62,99.02,57.21,49.98,38.89
543.66,35.34,21.38,23.01,21.62,99.02,57.07,49.98,38.89
543.67,35.34,21.38,23.04,21.62,99.02,57.21,49.98,38.89
543.68,35.41,21.38,23.04,21.62,99.02,57.21,49.98,38.89
543.69,35.34,21.35,23.04,21.62,99.02,57.21,49.98,38.89
543.70,35.41,21.35,23.01,21.62,99.02,57.21,49.98,38.89
543.71,35.34,21.38,23.01,21.62,99.02,57.21,49.98,38.89
543.72,35.41,21.38,23.04,21.62,99.40,57.21,49.98,38.97
543.73,35.34,21.35,23.04,21.62,99.02,57.21,49.98,38.89
543.74,35.34,21.35,23.01,21.62,99.40,57.21,49.98,38.89
543.75,35.34,21.35,23.01,21.62,99.02,57.21,49.98,38.89
543.76,35.34,21.38,23.04,21.62,99.02,57.21,49.98,38.89
543.77,35.41,21.38,23.04,21.62,99.40,57.21,49.98,38.89
543.78,35.34,21.35,23.04,21.62,99.02,57.21,49.98,38.89
543.79,35.34,21.35,23.01,21.62,99.02,57.07,49.98,38.89
543.80,35.34,21.35,23.01,21.62,99.40,57.07,50.21,38.89
543.81,35.34,21.38,23.04,21.62,99.40,57.21,49.98,38.89
543.82,35.41,21.38,23.01,21.62,99.02,57.21,49.98,38.89
543.83,35.41,21.38,23.01,21.62,99.02,57.21,49.98,38.89
543.84,35.34,21.35,23.04,21.62,99.02,57.21,49.98,38.89
543.85,35.34,21.35,23.04,21.62,99.02,57.21,49.87,38.89
543.86,35.41,21.38,23.01,21.62,99.02,57.21,49.98,38.81
543.87,35.41,21.38,23.04,21.62,99.02,57.21,49.98,38.89
543.88,35.34,21.38,23.01,21.62,99.02,57.21,49.98,38.89
543.89,35.34,21.35,23.01,21.62,99.02,57.21,49.98,38.89
543.90,35.41,21.38,23.01,21.62,99.02,57.21,50.10,38.89
543.91,35.41,21.35,23.04,21.62,99.02,57.21,49.98,38.89
543.92,35.34,21.38,23.04,21.62,99.40,57.21,49.98,38.89
543.93,35.41,21.38,23.01,21.62,99.02,57.21,49.98,38.89
543.94,35.34,21.35,23.01,21.62,99.02,57.07,49.98,38.89
543.95,35.34,21.35,23.01,21.62,99.40,57.21,49.98,38.89
543.96,35.34,21.38,23.01,21.62,99.02,57.21,49.98,38.89
543.97,35.34,21.38,23.04,21.62,98.64,57.21,49.98,38.89
543.98,35.34,21.38,23.04,21.62,99.02,57.21,49.98,38.89
543.99,35.41,21.35,23.01,21.62,99.02,57.07,49.98,38.89
544.00,35.41,21.38,23.01,21.62,99.02,56.92,49.98,38.89
544.01,35.48,21.38,23.04,21.62,99.02,57.07,49.98,38.97
544.02,35.34,21.38,23.04,21.62,99.40,57.07,49.98,38.89
544.03,35.34,21.38,23.04,21.62,99.02,57.21,49.98,38.89
544.04,35.34,21.35,23.04,21.62,99.02,57.07,49.98,38.89
544.05,35.48,21.35,23.01,21.62,99.02,57.21,50.10,38.89
544.06,35.41,21.38,23.01,21.62,99.40,57.21,49.98,38.89
544.07,35.41,21.38,23.04,21.62,99.40,57.07,49.98,38.89
544.08,35.41,21.35,23.04,21.62,99.02,57.21,49.98,38.89
544.09,35.41,21.35,23.01,21.62,99.02,57.21,49.98,38.89
544.10,35.41,21.35,23.04,21.62,99.02,57.07,49.98,38.89
544.11,35.34,21.38,23.01,21.62,99.02,57.36,49.98,38.89
544.12,35.34,21.35,23.04,21.62,99.02,57.07,49.98,38.89
544.13,35.34,21.35,23.01,21.62,99.02,57.21,49.98,38.97
544.14,35.41,21.38,23.01,21.62,99.02,57.21,49.87,38.81
544.15,35.34,21.35,23.01,21.62,99.02,57.21,49.98,38.89
544.16,35.34,21.38,23.04,21.62,99.02,57.07,49.98,38.89
544.17,35.41,21.38,23.04,21.62,99.02,57.21,49.98,38.89
544.18,35.41,21.38,23.01,21.62,99.02,57.21,49.98,38.89
544.19,35.34,21.35,23.01,21.62,99.02,57.07,49.98,38.89
544.20,35.34,21.38,23.01,21.62,99.02,57.07,49.98,38.89
544.21,35.34,21.35,23.04,21.62,99.02,57.21,49.98,38.89
544.22,35.41,21.38,23.01,21.62,99.02,57.21,49.98,38.89
544.23,35.41,21.38,23.01,21.62,99.02,57.07,49.98,38.89
544.24,35.34,21.35,23.01,21.62,99.02,57.21,49.98,38.89
544.25,35.28,21.35,23.01,21.62,99.02,57.07,49.87,38.81
544.26,35.41,21.38,23.04,21.62,99.02,57.21,49.98,38.89
544.27,35.48,21.38,23.01,21.62,99.02,57.07,49.98,38.89
544.28,35.34,21.38,23.01,21.65,99.02,57.07,49.98,38.89
544.29,35.34,21.35,23.01,21.62,99.02,57.07,49.98,38.89
544.30,35.34,21.35,23.01,21.62,99.02,57.21,49.98,38.89
544.31,35.41,21.38,23.04,21.62,99.40,57.07,49.98,38.89
544.32,35.34,21.38,23.04,21.62,99.02,57.21,49.98,38.89
544.33,35.34,21.35,23.01,21.62,99.02,57.07,49.98,38.89
544.34,35.41,21.35,23.01,21.62,99.02,57.21,49.87,38.89
544.35,35.34,21.35,23.01,21.62,99.40,57.21,49.98,38.89
544.36,35.34,21.38,23.04,21.62,99.40,57.21,49.98,38.89
544.37,35.41,21.38,23.01,21.62,99.02,57.21,49.98,38.89
544.38,35.34,21.35,23.01,21.62,99.02,57.07,50.10,38.89
544.39,35.41,21.35,23.01,21.62,99.02,57.21,49.98,38.89
544.40,35.34,21.35,23.01,21.62,99.02,57.21,49.98,38.89
544.41,35.41,21.38,23.04,21.62,99.02,57.21,49.98,38.89
544.42,35.34,21.38,23.04,21.62,99.02,57.21,49.98,38.89
544.43,35.34,21.35,23.01,21.62,99.02,57.07,49.87,38.89
544.44,35.34,21.35,23.01,21.62,99.02,57.07,49.98,38.89
544.45,35.34,21.35,23.01,21.62,99.40,57.07,49.98,38.89
544.46,35.41,21.35,23.01,21.62,99.02,57.21,49.98,38.89
544.47,35.34,21.35,23.04,21.62,99.02,57.07,49.98,38.89
544.48,35.34,21.35,23.01,21.62,99.02,57.21,49.98,38.89
544.49,35.34,21.35,23.01,21.62,99.02,57.07,49.87,38.89
544.50,35.34,21.35,23.01,21.62,99.02,57.21,49.98,38.89
544.51,35.34,21.35,23.01,21.62,99.02,57.07,49.98,38.89
544.52,35.34,21.38,23.01,21.62,99.02,57.21,49.98,38.89
544.53,35.41,21.35,23.01,21.62,99.02,57.07,49.98,38.89
544.54,35.34,21.35,23.01,21.62,99.02,57.21,49.98,38.89
544.55,35.41,21.35,23.01,21.62,99.02,57.21,49.98,38.89
544.56,35.34,21.35,23.04,21.62,99.02,57.07,49.98,38.89
544.57,35.34,21.38,23.01,21.62,99.02,57.21,49.98,38.89
544.58,35.34,21.35,23.01,21.62,99.02,57.21,49.98,38.89
544.59,35.34,21.35,23.01,21.62,99.02,57.21,49.87,38.89
544.60,35.34,21.35,23.01,21.62,99.02,57.07,49.98,38.89
544.61,35.41,21.35,23.01,21.62,99.40,57.21,49.98,38.89
544.62,35.34,21.35,23.01,21.62,99.02,57.21,49.98,38.89
544.63,35.34,21.35,23.01,21.62,99.02,57.07,49.87,38.89
544.64,35.34,21.35,23.01,21.62,99.02,57.21,49.98,38.89
544.65,35.34,21.38,23.01,21.62,99.02,57.07,49.98,38.89
544.66,35.34,21.38,23.01,21.62,99.02,57.21,49.98,38.97
544.67,35.34,21.38,23.01,21.65,99.02,57.21,49.98,38.89
544.68,35.41,21.35,23.01,21.62,99.02,57.07,49.98,38.89
544.69,35.28,21.35,23.01,21.62,99.02,57.07,49.98,38.89
544.70,35.34,21.35,22.97,21.62,99.02,57.07,49.98,38.89
544.71,35.28,21.35,23.01,21.62,99.02,57.07,49.98,38.89
544.72,35.34,21.35,23.01,21.62,99.02,57.07,49.98,38.89
544.73,35.28,21.35,23.01,21.62,99.02,57.07,49.98,38.89
544.74,35.28,21.35,23.01,21.62,99.02,57.07,49.98,38.89
544.75,35.34,21.35,23.01,21.62,99.02,57.07,49.87,38.89
544.76,35.41,21.35,23.01,21.65,99.02,57.07,49.98,38.89
544.77,35.28,21.35,23.01,21.62,99.02,57.07,49.98,38.89
544.78,35.41,21.35,23.01,21.62,99.02,57.07,49.87,38.89
544.79,35.28,21.32,23.01,21.62,99.02,57.07,49.87,38.89
544.80,35.34,21.35,23.01,21.62,99.02,57.21,49.98,38.89
544.81,35.34,21.35,23.01,21.62,99.02,57.21,49.98,38.89
544.82,35.28,21.35,23.01,21.62,99.02,57.21,49.87,38.97
544.83,35.28,21.32,22.97,21.62,99.02,57.07,49.98,38.81
544.84,35.34,21.32,22.97,21.62,99.02,57.07,49.98,38.89
544.85,35.34,21.35,23.01,21.62,99.02,57.07,49.98,38.89
544.86,35.34,21.35,23.01,21.62,99.02,57.07,49.98,38.97
544.87,35.28,21.32,23.01,21.62,99.02,57.07,49.98,38.89
544.88,35.28,21.35,23.01,21.62,99.02,57.07,49.98,38.89
544.89,35.34,21.32,22.97,21.62,99.02,57.07,49.87,38.89
544.90,35.34,21.32,23.01,21.62,99.02,57.21,49.98,38.89
544.91,35.34,21.35,23.01,21.62,99.02,57.07,49.98,38.89
544.92,35.34,21.35,23.01,21.62,99.02,57.07,49.98,38.89
544.93,35.34,21.35,23.01,21.62,99.02,57.07,49.98,38.89
544.94,35.28,21.35,23.01,21.62,99.02,57.07,49.98,38.89
544.95,35.34,21.35,23.01,21.62,99.02,57.21,49.98,38.89
544.96,35.34,21.35,23.01,21.62,99.02,57.21,49.98,38.89
544.97,35.41,21.35,23.01,21.62,99.02,57.21,49.98,38.89
544.98,35.28,21.35,23.01,21.62,99.02,57.07,49.98,38.89
544.99,35.28,21.32,23.01,21.62,99.02,57.07,49.98,38.89
545.00,35.34,21.35,23.01,21.62,99.02,57.07,49.98,38.89
545.01,35.34,21.35,23.01,21.62,99.02,57.21,49.98,38.89
545.02,35.34,21.35,23.01,21.62,99.02,57.07,49.98,38.89
545.03,35.28,21.32,22.97,21.62,99.02,57.07,49.98,38.89
545.04,35.34,21.35,22.97,21.62,99.02,57.07,49.98,38.89
545.05,35.34,21.35,23.01,21.62,99.02,57.07,49.98,38.89
545.06,35.41,21.35,23.01,21.62,99.02,57.07,49.98,38.89
545.07,35.34,21.38,23.01,21.62,99.02,57.07,49.98,38.89
545.08,35.28,21.35,23.01,21.62,99.02,57.21,49.87,38.89
545.09,35.28,21.35,22.97,21.62,99.02,57.07,49.87,38.89
545.10,35.34,21.32,23.01,21.62,99.02,57.07,49.98,38.89
545.11,35.34,21.35,23.01,21.62,99.02,57.07,49.98,38.89
545.12,35.28,21.35,23.01,21.62,99.02,57.07,49.98,38.89
545.13,35.34,21.32,22.97,21.62,99.02,57.07,49.87,38.89
545.14,35.34,21.35,22.97,21.62,99.02,57.07,49.98,38.89
545.15,35.34,21.35,23.01,21.62,99.02,57.07,49.98,38.89
545.16,35.34,21.35,23.01,21.62,99.02,57.21,49.98,38.89
545.17,35.34,21.35,23.01,21.62,99.02,57.07,49.98,38.89
545.18,35.28,21.35,22.97,21.62,99.02,56.92,49.98,38.89
545.19,35.28,21.35,22.97,21.62,99.02,57.07,49.87,38.89
545.20,35.34,21.35,22.97,21.62,99.02,57.21,49.87,38.89
545.21,35.34,21.35,23.01,21.62,99.02,57.07,49.98,38.89
545.22,35.34,21.35,23.01,21.62,99.02,57.21,49.98,38.89
545.23,35.28,21.35,22.97,21.62,99.02,57.21,49.98,38.89
545.24,35.34,21.35,22.97,21.58,99.02,57.07,49.87,38.89
545.25,35.34,21.35,22.97,21.62,99.02,57.21,49.87,38.89
545.26,35.34,21.35,23.01,21.62,98.64,57.21,49.87,38.89
545.27,35.34,21.38,23.01,21.62,99.02,57.07,49.98,38.89
545.28,35.28,21.38,23.01,21.65,99.02,57.07,49.98,38.89
545.29,35.28,21.35,22.97,21.62,99.02,57.07,49.87,38.89
545.30,35.28,21.35,23.01,21.62,99.02,57.07,49.98,38.89
545.31,35.34,21.35,23.01,21.62,99.02,57.21,49.98,38.89
545.32,35.34,21.35,23.01,21.62,99.02,57.21,49.98,38.89
545.33,35.28,21.35,22.97,21.62,99.02,57.21,49.98,38.89
545.34,35.28,21.35,23.01,21.62,99.02,57.07,49.98,38.89
545.35,35.28,21.35,22.97,21.62,99.02,57.07,49.87,38.89
545.36,35.28,21.35,23.01,21.62,99.02,57.07,49.98,38.97
545.37,35.28,21.35,23.01,21.62,99.02,56.92,49.98,38.89
545.38,35.28,21.35,22.97,21.62,99.02,57.21,49.98,38.97
545.39,35.28,21.32,22.97,21.62,99.02,57.07,49.98,38.89
545.40,35.28,21.35,23.01,21.62,99.02,57.07,49.87,38.97
545.41,35.28,21.35,23.01,21.62,99.02,57.21,49.98,38.89
545.42,35.41,21.35,23.01,21.62,99.02,57.07,49.98,38.89
545.43,35.34,21.35,22.97,21.62,99.02,57.07,49.98,38.89
545.44,35.34,21.35,23.01,21.62,99.02,57.07,49.87,38.89
545.45,35.28,21.35,22.97,21.62,99.02,57.07,49.98,38.89
545.46,35.28,21.35,23.01,21.62,99.02,57.21,49.98,38.89
545.47,35.28,21.35,23.01,21.62,99.02,57.07,49.87,38.89
545.48,35.34,21.32,22.97,21.62,99.02,57.07,49.87,38.89
545.49,35.34,21.35,22.97,21.62,99.02,57.07,49.98,38.89
545.50,35.21,21.32,23.01,21.62,99.02,57.07,49.98,38.89
545.51,35.34,21.35,23.01,21.62,99.02,57.07,49.98,38.89
545.52,35.28,21.35,22.97,21.62,99.02,57.21,49.98,38.89
545.53,35.28,21.35,23.01,21.62,99.02,57.07,49.87,38.89
545.54,35.34,21.32,22.97,21.62,99.02,57.07,49.87,38.89
545.55,35.28,21.35,22.97,21.62,99.02,57.21,49.87,38.89
545.56,35.34,21.35,23.01,21.62,99.02,57.07,49.98,38.89
545.57,35.34,21.35,22.97,21.62,99.02,57.07,49.87,38.89
545.58,35.28,21.35,22.97,21.62,99.02,57.07,49.87,38.89
545.59,35.28,21.32,23.01,21.62,99.02,57.07,49.87,38.89
545.60,35.28,21.35,22.97,21.62,99.02,57.07,49.98,38.89
545.61,35.34,21.35,23.01,21.62,99.02,57.07,49.98,38.89
545.62,35.28,21.35,23.01,21.62,99.02,57.07,49.98,38.89
545.63,35.34,21.32,22.97,21.58,99.02,57.07,50.10,38.89
545.64,35.28,21.35,22.97,21.62,99.02,57.07,49.75,38.89
545.65,35.34,21.35,22.97,21.62,99.02,57.21,49.98,38.89
545.66,35.34,21.35,22.97,21.62,99.02,57.21,49.98,38.89
545.67,35.34,21.35,23.01,21.62,99.02,57.21,49.87,38.89
545.68,35.28,21.32,22.97,21.62,98.64,57.07,49.87,38.89
545.69,35.34,21.35,22.97,21.62,99.02,57.07,49.87,38.89
545.70,35.28,21.35,22.97,21.62,99.02,57.07,49.98,38.89
545.71,35.28,21.35,22.97,21.62,99.02,57.21,49.98,38.89
545.72,35.28,21.35,22.97,21.58,99.02,57.07,49.98,38.89
545.73,35.28,21.32,22.97,21.62,99.02,57.21,49.98,38.97
545.74,35.28,21.32,23.01,21.62,99.02,57.07,49.98,38.89
545.75,35.28,21.35,22.97,21.62,99.02,57.07,49.87,38.89
545.76,35.41,21.35,23.01,21.62,99.02,57.21,49.98,38.97
545.77,35.34,21.35,22.97,21.62,99.02,57.21,49.98,38.89
545.78,35.34,21.35,23.01,21.62,99.02,57.07,49.98,38.89
545.79,35.34,21.32,22.97,21.58,99.02,57.07,49.98,38.89
545.80,35.28,21.35,22.97,21.62,99.02,57.07,49.98,38.89
545.81,35.41,21.35,23.01,21.62,99.02,57.07,49.98,38.97
545.82,35.28,21.35,23.01,21.58,99.02,57.07,49.98,38.89
545.83,35.34,21.35,22.97,21.58,99.02,57.07,49.87,38.89
545.84,35.34,21.35,23.01,21.62,99.02,56.92,49.87,38.89
545.85,35.34,21.35,22.97,21.62,99.02,57.07,49.87,38.97
545.86,35.28,21.35,23.01,21.62,99.02,57.07,49.87,38.89
545.87,35.28,21.35,23.01,21.62,99.02,57.21,49.98,38.89
545.88,35.28,21.35,22.97,21.62,99.02,56.92,49.87,38.89
545.89,35.28,21.35,22.97,21.62,99.02,57.07,49.87,38.89
545.90,35.34,21.35,22.97,21.62,99.02,57.21,49.87,38.97
545.91,35.28,21.35,23.01,21.62,99.02,57.07,49.98,38.89
545.92,35.28,21.35,23.01,21.62,99.02,57.21,49.98,38.89
545.93,35.34,21.35,22.97,21.62,99.02,57.07,49.98,38.89
545.94,35.28,21.35,22.97,21.62,99.02,57.07,49.87,38.89
545.95,35.28,21.35,23.01,21.62,99.02,57.07,49.87,38.89
545.96,35.34,21.35,23.01,21.58,99.02,57.07,49.87,38.89
545.97,35.34,21.35,23.01,21.62,99.02,57.07,49.98,38.89
545.98,35.28,21.35,23.01,21.62,99.02,57.07,49.87,38.97
545.99,35.34,21.32,22.97,21.62,99.02,57.07,49.87,38.89
546.00,35.28,21.35,23.01,21.62,99.02,57.07,49.98,38.89
546.01,35.28,21.35,23.01,21.62,99.02,57.07,49.87,38.89
546.02,35.28,21.35,23.01,21.62,99.02,57.07,49.87,38.89
546.03,35.28,21.32,22.97,21.62,99.02,57.07,49.87,38.89
546.04,35.28,21.32,22.97,21.62,98.64,57.07,49.87,38.89
546.05,35.34,21.35,23.01,21.62,99.02,57.07,49.87,38.89
546.06,35.34,21.35,23.01,21.62,99.02,57.21,49.98,38.89
546.07,35.28,21.35,22.97,21.62,99.02,57.07,49.98,38.89
546.08,35.28,21.32,22.97,21.62,99.02,57.07,49.87,38.89
546.09,35.34,21.32,22.97,21.62,98.64,57.07,49.87,38.89
546.10,35.34,21.35,22.97,21.62,99.02,57.07,49.98,38.89
546.11,35.28,21.38,23.01,21.62,99.02,57.21,49.98,38.89
546.12,35.34,21.35,22.97,21.58,99.02,57.07,49.98,38.89
546.13,35.34,21.35,22.97,21.62,99.02,57.21,49.98,38.81
546.14,35.34,21.35,22.97,21.62,99.02,57.07,49.98,38.89
546.15,35.28,21.35,22.97,21.62,99.02,57.21,49.98,38.97
546.16,35.41,21.38,23.01,21.62,99.02,57.21,49.87,38.89
546.17,35.34,21.35,23.01,21.62,99.02,57.21,49.87,38.89
546.18,35.28,21.32,22.97,21.62,99.02,57.07,49.87,38.97
546.19,35.34,21.35,22.97,21.62,99.02,57.07,49.87,38.89
546.20,35.34,21.35,22.97,21.62,99.02,57.07,49.98,38.97
546.21,35.41,21.35,23.01,21.62,99.02,57.21,49.98,38.89
546.22,35.41,21.35,23.01,21.62,99.02,57.21,49.98,38.89
546.23,35.28,21.35,22.97,21.62,98.64,57.07,49.87,38.89
546.24,35.28,21.35,22.97,21.62,99.02,57.07,49.98,38.89
546.25,35.28,21.35,22.97,21.62,98.64,57.07,49.98,38.89
546.26,35.34,21.35,23.01,21.62,99.02,57.07,49.98,38.89
546.27,35.28,21.35,22.97,21.62,99.02,57.07,49.98,38.89
546.28,35.28,21.32,22.97,21.62,99.02,57.07,49.87,38.89
546.29,35.28,21.35,22.97,21.62,99.02,57.07,49.87,38.89
546.30,35.34,21.35,23.01,21.62,99.02,57.07,49.87,38.89
546.31,35.28,21.38,23.01,21.62,99.02,57.21,49.87,38.89
546.32,35.28,21.35,22.97,21.62,99.02,57.07,49.87,38.97
546.33,35.28,21.35,22.97,21.62,99.02,57.07,49.87,38.89
546.34,35.28,21.32,22.97,21.62,99.02,57.07,49.87,38.89
546.35,35.28,21.35,22.97,21.62,99.02,57.07,49.98,38.89
546.36,35.28,21.35,23.01,21.62,99.02,57.07,49.87,38.97
546.37,35.41,21.35,23.01,21.62,99.02,57.21,49.87,38.89
546.38,35.34,21.35,22.97,21.62,99.02,57.07,49.87,38.89
546.39,35.28,21.35,22.97,21.62,98.64,57.21,49.87,38.89
546.40,35.34,21.35,22.97,21.58,99.02,57.21,49.98,38.89
546.41,35.28,21.35,23.01,21.62,99.02,57.21,49.98,38.97
546.42,35.28,21.35,23.01,21.62,99.02,57.21,49.87,38.89
546.43,35.28,21.35,22.97,21.62,99.02,57.07,49.87,38.89
546.44,35.28,21.32,22.97,21.62,99.02,57.07,49.98,38.89
546.45,35.34,21.35,23.01,21.62,99.02,57.21,49.98,38.97
546.46,35.34,21.35,22.97,21.62,99.02,57.21,49.98,38.89
546.47,35.34,21.35,22.97,21.62,98.64,57.07,49.87,38.89
546.48,35.28,21.35,22.97,21.62,99.02,57.07,49.87,38.97
546.49,35.34,21.35,22.97,21.62,99.02,57.07,49.87,38.89
546.50,35.34,21.35,23.01,21.62,99.02,57.07,50.10,38.89
546.51,35.28,21.35,23.01,21.62,99.02,57.07,49.98,38.89
546.52,35.28,21.32,23.01,21.58,99.02,57.07,49.98,38.89
546.53,35.28,21.35,22.97,21.62,99.02,57.07,49.87,38.89
546.54,35.34,21.35,22.97,21.58,98.64,57.07,49.87,38.89
546.55,35.34,21.35,22.97,21.62,99.02,57.21,49.87,38.97
546.56,35.28,21.35,23.01,21.62,99.02,57.21,49.98,38.89
546.57,35.28,21.35,22.97,21.62,99.02,57.07,49.87,38.89
546.58,35.34,21.35,22.97,21.62,99.02,57.21,49.87,38.89
546.59,35.34,21.35,22.97,21.62,99.02,57.07,49.98,38.89
546.60,35.28,21.35,23.01,21.62,99.02,57.21,49.98,38.89
546.61,35.34,21.35,23.01,21.62,99.02,57.07,49.98,38.89
546.62,35.34,21.35,23.01,21.62,99.02,57.21,49.87,38.81
546.63,35.28,21.35,22.97,21.62,99.02,57.07,49.87,38.97
546.64,35.28,21.32,22.97,21.62,99.02,57.21,49.98,38.81
546.65,35.28,21.32,23.01,21.62,99.02,57.07,49.98,38.89
546.66,35.28,21.35,23.01,21.62,99.02,57.21,49.98,38.89
546.67,35.28,21.35,23.01,21.62,99.02,57.21,49.98,38.89
546.68,35.28,21.35,22.97,21.62,99.02,57.21,49.98,38.97
546.69,35.28,21.35,22.97,21.62,99.02,57.21,49.98,38.97
546.70,35.28,21.35,22.97,21.62,99.02,57.21,49.98,38.89
546.71,35.34,21.35,23.01,21.62,99.02,57.21,49.98,38.89
546.72,35.28,21.35,23.01,21.62,98.64,57.21,49.87,38.89
546.73,35.34,21.35,23.01,21.62,99.02,57.21,49.87,38.97
546.74,35.28,21.35,22.97,21.62,99.02,57.07,49.87,38.89
546.75,35.28,21.35,22.97,21.62,99.02,57.21,49.98,38.89
546.76,35.41,21.38,22.97,21.62,99.02,57.21,49.98,38.97
546.77,35.34,21.38,23.01,21.62,99.02,57.07,49.98,38.89
546.78,35.34,21.35,22.97,21.62,99.02,57.07,49.98,38.89
546.79,35.28,21.35,22.97,21.62,99.02,57.07,49.87,38.89
546.80,35.34,21.35,23.01,21.62,99.02,57.21,49.87,38.89
546.81,35.41,21.38,23.01,21.62,99.02,57.21,49.98,38.89
546.82,35.28,21.35,23.01,21.62,99.02,57.07,49.87,38.89
546.83,35.28,21.35,23.01,21.62,99.02,57.21,49.87,38.89
546.84,35.28,21.35,22.97,21.62,99.02,57.07,49.87,38.89
546.85,35.28,21.35,22.97,21.62,99.40,57.07,49.98,38.89
546.86,35.34,21.38,23.01,21.62,99.02,57.21,49.98,38.97
546.87,35.34,21.38,23.01,21.62,99.02,57.07,49.98,38.89
546.88,35.28,21.35,22.97,21.62,99.02,57.07,49.98,38.89
546.89,35.34,21.35,23.01,21.62,98.64,57.07,49.87,38.89
546.90,35.34,21.38,23.01,21.62,99.02,57.21,49.98,38.89
546.91,35.34,21.38,23.01,21.62,99.02,57.21,49.98,38.97
546.92,35.34,21.35,23.01,21.62,99.02,57.21,49.98,38.89
546.93,35.28,21.35,22.97,21.62,98.64,57.07,49.87,38.89
546.94,35.34,21.35,22.97,21.62,99.02,57.21,49.98,38.97
546.95,35.34,21.38,23.01,21.62,99.02,57.07,49.98,38.97
546.96,35.34,21.38,23.01,21.62,99.02,57.21,49.98,38.97
546.97,35.28,21.35,23.01,21.62,99.02,57.07,49.98,38.89
546.98,35.34,21.35,22.97,21.62,99.02,57.21,49.98,38.89
546.99,35.41,21.35,23.01,21.62,99.02,57.21,49.98,38.97
547.00,35.34,21.38,23.01,21.62,99.02,57.21,49.98,38.89
547.01,35.34,21.38,23.01,21.62,99.02,57.21,49.98,38.89
547.02,35.34,21.38,23.01,21.62,99.02,57.21,49.98,38.89
547.03,35.34,21.35,23.01,21.62,99.02,57.21,49.98,38.89
547.04,35.28,21.35,23.01,21.62,99.02,57.21,49.98,38.97
547.05,35.34,21.35,23.01,21.62,99.02,57.21,49.98,38.89
547.06,35.34,21.38,23.01,21.62,99.02,57.21,49.98,38.89
547.07,35.34,21.38,23.01,21.62,99.02,57.21,49.98,38.97
547.08,35.34,21.35,23.01,21.62,99.02,57.21,49.98,38.89
547.09,35.28,21.35,23.01,21.62,99.02,57.07,49.98,38.89
547.10,35.34,21.35,23.01,21.62,99.02,57.21,49.98,38.89
547.11,35.34,21.38,23.01,21.62,99.02,57.21,49.98,38.89
547.12,35.34,21.38,23.01,21.62,99.02,57.21,49.87,38.89
547.13,35.34,21.35,23.01,21.62,99.02,57.21,49.87,38.89
547.14,35.34,21.35,23.01,21.62,99.02,56.92,49.98,38.89
547.15,35.41,21.38,23.01,21.62,99.02,57.21,49.98,38.97
547.16,35.34,21.38,23.01,21.62,99.02,57.21,49.98,38.97
547.17,35.41,21.38,23.01,21.62,99.02,57.21,49.98,38.89
547.18,35.34,21.38,23.01,21.62,99.02,57.21,49.98,38.89
547.19,35.34,21.38,23.01,21.62,99.02,57.21,49.98,38.97
547.20,35.34,21.38,23.04,21.65,99.40,57.07,49.98,38.89
547.21,35.41,21.41,23.01,21.62,99.02,57.21,49.98,38.89
547.22,35.41,21.38,23.01,21.62,99.02,57.21,49.98,38.97
547.23,35.41,21.38,23.01,21.62,99.02,57.21,49.98,38.89
547.24,35.34,21.38,23.01,21.62,99.02,57.21,49.98,38.97
547.25,35.34,21.38,23.04,21.62,99.40,57.21,49.98,38.89
547.26,35.34,21.38,23.04,21.62,99.02,57.21,49.98,38.89
547.27,35.34,21.38,23.04,21.62,99.02,57.21,49.98,38.97
547.28,35.34,21.35,23.01,21.62,99.02,57.07,49.98,38.89
547.29,35.34,21.38,23.01,21.62,99.02,57.21,49.98,38.89
547.30,35.41,21.38,23.01,21.62,99.02,57.21,49.98,38.97
547.31,35.41,21.41,23.04,21.62,99.02,57.21,49.98,38.97
547.32,35.41,21.38,23.01,21.62,99.02,57.21,49.98,38.89
547.33,35.41,21.38,23.01,21.62,99.02,57.21,49.98,38.97
547.34,35.34,21.38,23.01,21.62,99.02,57.21,49.98,38.89
547.35,35.34,21.38,23.04,21.62,99.40,57.21,49.98,38.97
547.36,35.41,21.41,23.04,21.62,99.02,57.21,49.98,38.97
547.37,35.34,21.38,23.01,21.62,99.02,57.21,49.98,38.97
547.38,35.28,21.35,23.01,21.62,99.02,57.07,49.98,38.89
547.39,35.34,21.38,23.01,21.62,99.02,57.21,49.98,38.89
547.40,35.34,21.38,23.04,21.62,99.02,57.21,49.98,38.97
547.41,35.41,21.38,23.04,21.62,99.02,57.21,49.98,38.89
547.42,35.34,21.38,23.01,21.62,99.02,57.21,49.98,38.89
547.43,35.34,21.38,23.01,21.62,99.02,57.21,49.98,38.89
547.44,35.41,21.38,23.01,21.62,99.02,57.21,49.98,38.97
547.45,35.41,21.38,23.04,21.62,99.02,57.21,49.98,38.89
547.46,35.41,21.38,23.04,21.62,99.02,57.21,49.98,38.89
547.47,35.34,21.38,23.04,21.62,99.02,57.21,49.98,38.97
547.48,35.34,21.38,23.01,21.62,99.40,57.21,49.98,38.97
547.49,35.34,21.38,23.01,21.62,99.02,57.21,49.98,38.89
547.50,35.34,21.38,23.04,21.62,99.02,57.21,49.98,38.97
547.51,35.41,21.41,23.04,21.62,99.02,57.21,49.98,38.89
547.52,35.41,21.38,23.01,21.62,99.02,57.21,49.98,38.89
547.53,35.41,21.38,23.01,21.62,99.02,57.21,49.98,38.89
547.54,35.34,21.38,23.01,21.62,99.02,57.21,49.98,38.89
547.55,35.41,21.38,23.04,21.62,99.02,57.36,49.98,38.89
547.56,35.41,21.41,23.04,21.62,99.40,57.21,49.98,38.97
547.57,35.34,21.38,23.04,21.62,99.02,57.21,49.98,38.89
547.58,35.34,21.38,23.01,21.62,99.02,57.21,49.98,38.97
547.59,35.34,21.38,23.04,21.62,99.02,57.07,50.10,38.97
547.60,35.41,21.38,23.01,21.62,99.02,57.21,49.98,38.97
547.61,35.41,21.38,23.04,21.62,99.02,57.21,49.98,38.89
547.62,35.41,21.38,23.01,21.62,99.02,57.21,49.98,38.89
547.63,35.34,21.38,23.01,21.62,99.02,57.21,49.98,38.97
547.64,35.34,21.38,23.01,21.62,99.02,57.21,49.98,38.89
547.65,35.41,21.38,23.04,21.62,99.02,57.21,49.98,38.89
547.66,35.34,21.41,23.04,21.62,99.02,57.21,49.98,38.89
547.67,35.34,21.38,23.04,21.65,99.02,57.21,49.98,38.97
547.68,35.34,21.38,23.01,21.62,99.02,57.21,49.98,38.89
547.69,35.34,21.38,23.01,21.62,99.02,57.21,49.98,38.89
547.70,35.34,21.38,23.04,21.62,99.02,57.21,49.98,38.97
547.71,35.34,21.38,23.04,21.62,99.02,57.21,49.98,38.97
547.72,35.34,21.38,23.04,21.62,99.02,57.21,49.98,38.89
547.73,35.34,21.38,23.04,21.62,99.02,57.21,49.98,38.89
547.74,35.34,21.38,23.04,21.62,99.02,57.21,49.98,38.97
547.75,35.34,21.41,23.04,21.65,99.02,57.21,49.98,38.89
547.76,35.41,21.35,23.04,21.62,99.40,57.21,49.98,38.97
547.77,35.34,21.41,23.01,21.62,99.02,57.21,49.98,38.89
547.78,35.34,21.38,23.01,21.65,99.02,57.21,49.87,38.89
547.79,35.34,21.35,23.04,21.62,99.02,57.21,49.98,38.97
547.80,35.41,21.41,23.04,21.62,99.02,57.21,49.98,38.89
547.81,35.41,21.41,23.04,21.62,99.40,57.21,50.10,38.97
547.82,35.34,21.41,23.04,21.62,99.02,57.21,49.98,38.89
547.83,35.34,21.38,23.01,21.62,99.02,57.21,49.98,38.97
547.84,35.34,21.38,23.04,21.62,99.40,57.07,49.98,38.89
547.85,35.34,21.41,23.04,21.62,99.40,57.36,49.98,38.89
547.86,35.34,21.41,23.04,21.62,99.02,57.07,50.10,38.89
547.87,35.34,21.38,23.04,21.62,99.02,57.21,49.98,38.97
547.88,35.34,21.38,23.01,21.62,99.02,57.21,49.98,38.89
547.89,35.34,21.38,23.01,21.62,99.02,57.21,49.98,38.89
547.90,35.34,21.41,23.04,21.62,99.02,57.21,49.98,38.97
547.91,35.41,21.41,23.04,21.62,99.40,57.21,50.10,38.97
547.92,35.34,21.38,23.01,21.62,99.02,57.21,49.98,38.89
547.93,35.34,21.38,23.04,21.62,99.02,57.21,49.98,38.97
547.94,35.34,21.38,23.01,21.62,99.02,57.21,49.98,38.97
547.95,35.34,21.38,23.04,21.62,99.02,57.21,49.98,38.89
547.96,35.34,21.41,23.04,21.62,99.02,57.21,49.98,38.97
547.97,35.34,21.41,23.01,21.62,99.02,57.21,49.98,38.89
547.98,35.34,21.38,23.04,21.62,99.02,57.21,49.98,38.97
547.99,35.28,21.38,23.01,21.62,99.02,57.21,49.98,38.97
548.00,35.41,21.41,23.04,21.62,99.02,57.21,49.98,38.97
548.01,35.34,21.38,23.04,21.62,99.02,57.21,49.98,38.89
548.02,35.34,21.41,23.04,21.62,99.02,57.21,50.10,38.89
548.03,35.41,21.38,23.01,21.62,99.02,57.21,49.98,38.89
548.04,35.34,21.38,23.04,21.62,99.02,57.21,49.98,38.97
548.05,35.41,21.41,23.08,21.62,99.40,57.36,49.87,38.97
548.06,35.34,21.41,23.04,21.62,99.02,57.21,49.98,38.97
548.07,35.41,21.41,23.01,21.62,99.02,57.21,49.98,38.97
548.08,35.34,21.38,23.01,21.62,99.02,57.21,49.98,38.97
548.09,35.34,21.38,23.04,21.62,99.02,57.21,49.98,38.97
548.10,35.34,21.41,23.04,21.62,99.40,57.21,49.98,38.97
548.11,35.41,21.41,23.04,21.62,98.64,57.21,49.98,38.97
548.12,35.34,21.41,23.04,21.62,99.02,57.21,50.10,38.89
548.13,35.34,21.41,23.04,21.62,99.02,57.21,49.87,38.97
548.14,35.41,21.38,23.04,21.62,99.40,57.21,49.98,38.97
548.15,35.41,21.41,23.04,21.62,99.02,57.21,49.98,38.97
548.16,35.34,21.41,23.04,21.62,99.40,57.21,50.10,38.97
548.17,35.34,21.41,23.04,21.62,99.40,57.21,49.98,38.89
548.18,35.41,21.38,23.01,21.62,99.02,57.21,49.98,38.97
548.19,35.41,21.38,23.04,21.62,99.02,57.21,49.98,38.97
548.20,35.34,21.41,23.04,21.62,99.02,57.21,49.98,38.89
548.21,35.34,21.41,23.04,21.62,99.40,57.21,49.98,38.89
548.22,35.41,21.41,23.04,21.62,99.02,57.21,49.98,38.97
548.23,35.34,21.38,23.01,21.62,99.02,57.21,49.87,38.97
548.24,35.34,21.38,23.04,21.65,99.02,57.21,49.98,38.97
548.25,35.41,21.41,23.04,21.62,99.02,57.21,50.10,38.89
548.26,35.41,21.41,23.04,21.62,99.02,57.21,50.10,38.97
548.27,35.41,21.41,23.04,21.62,99.40,57.21,49.98,38.97
548.28,35.41,21.41,23.01,21.65,99.02,57.21,49.98,38.89
548.29,35.34,21.38,23.04,21.62,99.02,57.21,49.98,38.97
548.30,35.41,21.38,23.04,21.62,99.40,57.36,49.98,38.97
548.31,35.41,21.41,23.04,21.62,99.02,57.21,50.10,38.97
548.32,35.34,21.38,23.04,21.62,99.02,57.21,49.98,38.89
548.33,35.34,21.41,23.04,21.65,99.02,57.21,50.10,38.97
548.34,35.41,21.41,23.04,21.62,99.02,57.21,49.98,38.89
548.35,35.41,21.41,23.04,21.65,99.02,57.21,49.98,38.97
548.36,35.41,21.41,23.04,21.62,99.40,57.36,49.98,38.97
548.37,35.34,21.41,23.04,21.65,99.40,57.36,49.98,38.97
548.38,35.34,21.38,23.04,21.62,99.02,57.21,49.98,38.97
548.39,35.34,21.38,23.04,21.62,99.02,57.07,49.98,38.89
548.40,35.41,21.38,23.01,21.65,99.02,57.21,49.98,38.89
548.41,35.41,21.41,23.04,21.62,99.02,57.21,49.98,38.97
548.42,35.41,21.38,23.04,21.62,99.40,57.21,49.98,38.97
548.43,35.34,21.41,23.04,21.62,99.02,57.21,49.98,38.97
548.44,35.34,21.41,23.04,21.62,99.02,57.21,49.98,38.89
548.45,35.41,21.41,23.04,21.62,99.02,57.21,49.98,38.97
548.46,35.48,21.41,23.04,21.62,99.02,57.21,49.98,38.97
548.47,35.28,21.41,23.04,21.62,99.02,57.21,49.98,38.89
548.48,35.34,21.41,23.04,21.62,99.02,57.21,49.98,38.89
548.49,35.41,21.41,23.04,21.65,99.40,57.21,49.98,38.97
548.50,35.41,21.41,23.04,21.62,99.02,57.21,50.10,38.97
548.51,35.41,21.41,23.04,21.62,99.40,57.21,49.98,38.89
548.52,35.41,21.38,23.04,21.62,99.02,57.21,50.10,38.97
548.53,35.41,21.41,23.04,21.62,99.02,57.21,49.98,38.97
548.54,35.34,21.41,23.04,21.62,99.02,57.36,49.98,38.97
548.55,35.48,21.45,23.04,21.62,99.40,57.21,49.98,38.97
548.56,35.41,21.41,23.04,21.62,99.02,57.21,49.98,38.97
548.57,35.34,21.41,23.04,21.62,99.02,57.21,49.98,38.97
548.58,35.34,21.38,23.04,21.62,99.02,57.21,49.98,38.89
548.59,35.41,21.38,23.04,21.62,99.02,57.21,49.98,38.97
548.60,35.34,21.41,23.04,21.62,99.40,57.21,49.98,38.97
548.61,35.41,21.41,23.04,21.62,99.40,57.21,50.10,38.97
548.62,35.41,21.41,23.04,21.62,99.02,57.21,49.98,38.97
548.63,35.34,21.41,23.04,21.62,99.02,57.21,49.98,38.97
548.64,35.34,21.41,23.04,21.62,99.02,57.21,49.98,38.97
548.65,35.48,21.41,23.08,21.62,99.40,57.36,49.98,38.97
548.66,35.41,21.45,23.04,21.62,99.02,57.21,50.10,38.97
548.67,35.34,21.41,23.04,21.62,99.02,57.21,49.98,38.97
548.68,35.41,21.41,23.04,21.65,99.02,57.21,49.98,38.97
548.69,35.41,21.41,23.04,21.62,99.02,57.21,49.98,38.97
548.70,35.48,21.41,23.04,21.62,99.02,57.07,50.10,38.97
548.71,35.41,21.41,23.04,21.62,99.40,57.36,49.98,38.97
548.72,35.34,21.41,23.04,21.62,99.40,57.21,49.98,38.97
548.73,35.34,21.41,23.01,21.62,99.02,57.21,49.98,38.97
548.74,35.41,21.41,23.04,21.62,99.02,57.21,50.10,38.97
548.75,35.41,21.41,23.04,21.62,99.40,57.21,49.98,38.89
548.76,35.34,21.41,23.04,21.62,99.40,57.21,50.10,38.89
548.77,35.34,21.38,23.04,21.62,99.02,57.21,50.10,38.89
548.78,35.41,21.41,23.04,21.62,99.02,57.21,49.98,38.97
548.79,35.34,21.41,23.04,21.62,99.02,57.21,49.98,38.97
548.80,35.34,21.41,23.04,21.62,99.02,57.21,49.98,38.97
548.81,35.41,21.45,23.04,21.62,99.02,57.21,49.98,38.97
548.82,35.34,21.38,23.04,21.62,99.02,57.21,49.98,38.97
548.83,35.34,21.41,23.04,21.62,99.02,57.21,49.98,38.97
548.84,35.34,21.38,23.04,21.62,99.02,57.21,50.10,38.97
548.85,35.41,21.41,23.04,21.62,99.40,57.21,49.98,38.97
548.86,35.41,21.41,23.04,21.62,99.40,57.21,49.98,38.89
548.87,35.34,21.41,23.04,21.62,99.02,57.21,49.98,38.97
548.88,35.41,21.38,23.04,21.62,99.02,57.21,49.98,38.97
548.89,35.41,21.41,23.08,21.62,99.02,57.21,49.98,38.89
548.90,35.41,21.41,23.04,21.62,99.02,57.21,49.98,38.97
548.91,35.41,21.41,23.04,21.62,99.02,57.21,49.98,38.89
548.92,35.34,21.38,23.04,21.62,99.02,57.21,49.98,38.89
548.93,35.48,21.41,23.04,21.62,99.02,57.21,49.98,38.97
548.94,35.41,21.41,23.04,21.62,99.02,57.21,49.98,38.97
548.95,35.41,21.41,23.04,21.62,99.40,57.21,50.10,38.89
548.96,35.34,21.41,23.04,21.62,99.40,57.21,49.98,38.97
548.97,35.41,21.38,23.04,21.62,99.02,57.21,49.98,38.97
548.98,35.34,21.41,23.04,21.62,99.02,57.21,49.98,38.97
548.99,35.41,21.41,23.04,21.62,99.02,57.21,50.10,38.97
549.00,35.34,21.41,23.04,21.62,99.02,57.21,50.10,38.97
549.01,35.34,21.38,23.04,21.62,99.02,57.21,49.98,38.97
549.02,35.41,21.41,23.01,21.62,99.02,57.21,49.98,38.97
549.03,35.34,21.41,23.04,21.62,99.02,57.21,49.98,38.97
549.04,35.41,21.41,23.04,21.62,99.02,57.21,49.98,38.97
549.05,35.34,21.41,23.04,21.62,99.40,57.21,49.98,38.89
549.06,35.34,21.41,23.04,21.62,99.40,57.21,49.98,38.97
549.07,35.48,21.41,23.01,21.62,99.02,57.21,49.98,38.97
549.08,35.34,21.41,23.04,21.62,99.02,57.21,50.10,38.97
549.09,35.34,21.38,23.04,21.62,99.40,57.21,49.98,38.97
549.10,35.34,21.41,23.04,21.62,99.02,57.36,50.10,38.97
549.11,35.34,21.41,23.04,21.62,99.02,56.92,49.98,38.97
549.12,35.34,21.41,23.04,21.62,99.02,57.51,49.98,38.97
549.13,35.34,21.38,23.01,21.62,99.02,57.21,49.98,39.04
549.14,35.41,21.41,23.04,21.62,99.02,57.36,49.98,39.04
549.15,35.48,21.38,23.04,21.62,99.40,57.21,50.10,38.97
549.16,35.48,21.41,23.04,21.62,99.02,57.21,49.98,38.97
549.17,35.41,21.41,23.01,21.62,99.02,57.21,49.98,38.97
549.18,35.41,21.41,23.01,21.62,99.02,57.21,49.98,38.97
549.19,35.41,21.41,23.04,21.62,99.02,57.21,49.98,38.97
549.20,35.34,21.41,23.04,21.62,99.02,57.21,49.98,38.97
549.21,35.34,21.41,23.04,21.62,99.02,57.21,49.98,38.97
549.22,35.34,21.38,23.04,21.62,99.02,57.21,49.98,38.89
549.23,35.41,21.38,23.01,21.62,99.02,57.21,49.98,38.97
549.24,35.34,21.38,23.04,21.62,99.02,57.21,49.98,38.97
549.25,35.34,21.41,23.04,21.62,99.40,57.21,50.10,38.97
549.26,35.34,21.41,23.04,21.62,99.40,57.21,49.98,38.89
549.27,35.41,21.41,23.04,21.62,99.02,57.21,49.98,38.97
549.28,35.34,21.38,23.01,21.62,99.02,57.21,49.98,38.97
549.29,35.34,21.35,23.04,21.62,99.02,57.21,49.98,38.97
549.30,35.34,21.41,23.04,21.62,99.40,57.21,50.10,38.97
549.31,35.34,21.41,23.04,21.62,99.02,57.21,49.98,38.97
549.32,35.34,21.38,23.01,21.62,99.02,57.21,49.98,38.97
549.33,35.34,21.41,23.04,21.62,99.02,57.21,49.98,38.97
549.34,35.34,21.38,23.04,21.62,99.02,57.21,49.98,38.97
549.35,35.41,21.41,23.04,21.62,99.79,57.21,50.10,38.97
549.36,35.34,21.38,23.04,21.62,98.64,57.21,49.87,38.97
549.37,35.41,21.38,23.04,21.62,99.40,57.21,49.98,38.97
549.38,35.34,21.38,23.01,21.62,99.02,57.21,49.98,38.97
549.39,35.41,21.38,23.01,21.62,99.02,57.21,49.98,38.97
549.40,35.48,21.41,23.04,21.62,99.02,57.21,50.10,38.97
549.41,35.41,21.41,23.04,21.62,99.02,57.21,49.98,38.97
549.42,35.34,21.38,23.04,21.62,99.02,57.21,49.98,38.97
549.43,35.34,21.38,23.01,21.62,99.02,57.21,49.98,38.97
549.44,35.34,21.41,23.01,21.62,99.02,57.21,49.98,38.97
549.45,35.41,21.41,23.04,21.62,99.02,57.21,49.98,38.97
549.46,35.34,21.38,23.01,21.62,99.02,57.21,49.98,38.89
549.47,35.34,21.41,23.01,21.62,99.02,57.21,49.98,38.89
549.48,35.34,21.38,23.01,21.62,99.02,57.21,49.98,38.97
549.49,35.34,21.38,23.01,21.62,99.02,57.21,50.10,38.97
549.50,35.34,21.41,23.04,21.62,99.40,57.21,49.98,38.97
549.51,35.34,21.41,23.04,21.62,99.02,57.21,49.98,38.97
549.52,35.34,21.41,23.04,21.62,99.02,57.21,49.98,38.97
549.53,35.34,21.38,23.04,21.62,99.02,57.21,49.98,38.97
549.54,35.41,21.38,23.01,21.62,99.02,57.21,49.98,38.97
549.55,35.41,21.41,23.04,21.62,99.02,57.21,49.98,38.97
549.56,35.41,21.41,23.01,21.62,99.02,57.21,49.98,38.97
549.57,35.34,21.41,23.01,21.62,99.02,57.21,49.98,38.89
549.58,35.34,21.38,23.01,21.62,99.02,57.21,49.98,38.97
549.59,35.41,21.41,23.01,21.62,99.02,57.21,49.98,38.97
549.60,35.41,21.41,23.04,21.62,99.40,57.21,49.98,38.97
549.61,35.41,21.41,23.04,21.62,99.02,57.21,49.98,38.97
549.62,35.34,21.38,23.01,21.62,99.02,57.21,49.98,38.89
549.63,35.34,21.38,23.01,21.62,99.02,57.21,49.98,38.89
549.64,35.41,21.38,23.01,21.62,99.02,57.21,49.98,38.89
549.65,35.34,21.41,23.04,21.62,99.02,57.21,49.98,38.89
549.66,35.41,21.38,23.04,21.62,99.02,57.21,49.98,38.97
549.67,35.34,21.38,23.01,21.62,99.02,57.21,49.98,38.97
549.68,35.34,21.38,23.01,21.62,99.02,57.21,49.98,38.97
549.69,35.41,21.38,23.04,21.62,99.02,57.21,49.98,38.97
549.70,35.41,21.41,23.04,21.62,99.02,57.21,50.10,38.97
549.71,35.34,21.41,23.04,21.62,99.02,57.21,49.98,38.97
549.72,35.34,21.41,23.04,21.62,99.02,57.21,49.98,38.97
549.73,35.34,21.41,23.01,21.62,99.02,57.21,49.98,38.97
549.74,35.34,21.38,23.04,21.62,99.40,57.21,49.98,38.97
549.75,35.34,21.41,23.04,21.62,99.40,57.21,49.98,38.97
549.76,35.41,21.38,23.01,21.62,99.02,57.21,49.98,38.97
549.77,35.34,21.38,23.04,21.62,99.02,57.21,49.98,38.97
549.78,35.34,21.38,23.01,21.62,99.02,57.21,49.98,38.97
549.79,35.34,21.38,23.04,21.62,99.02,57.21,49.98,38.97
549.80,35.34,21.41,23.04,21.62,99.40,57.21,49.98,38.97
549.81,35.34,21.41,23.04,21.62,99.02,57.21,49.98,39.04
549.82,35.41,21.41,23.01,21.62,99.02,57.21,49.98,38.97
549.83,35.34,21.38,23.01,21.62,99.02,57.21,49.98,38.97
549.84,35.34,21.41,23.01,21.62,99.02,57.21,49.98,38.97
549.85,35.41,21.41,23.04,21.62,99.02,57.21,49.98,38.97
549.86,35.41,21.41,23.04,21.62,99.40,57.21,49.98,38.97
549.87,35.41,21.41,23.01,21.62,99.02,57.21,49.98,38.97
549.88,35.41,21.38,23.01,21.62,99.02,57.21,49.98,38.97
549.89,35.34,21.38,23.01,21.62,99.02,57.21,49.98,38.97
549.90,35.41,21.41,23.04,21.62,99.02,57.21,49.98,38.97
549.91,35.34,21.41,23.04,21.62,99.02,57.36,49.98,38.97
549.92,35.34,21.38,23.01,21.62,99.02,57.21,49.98,38.89
549.93,35.34,21.38,23.01,21.62,99.02,57.21,49.98,38.97
549.94,35.34,21.41,23.04,21.62,99.02,57.21,49.98,38.97
549.95,35.41,21.41,23.04,21.62,99.02,57.21,49.98,38.97
549.96,35.34,21.38,23.01,21.62,99.02,57.21,49.98,38.97
549.97,35.34,21.38,23.01,21.62,99.02,57.21,49.98,38.97
549.98,35.34,21.38,23.01,21.62,99.02,57.21,49.98,38.97
549.99,35.34,21.38,23.01,21.62,99.02,57.21,49.98,38.97
550.00,35.41,21.41,23.04,21.62,99.02,57.21,49.98,38.97
550.01,35.34,21.38,23.01,21.62,99.02,57.21,49.98,38.97
550.02,35.34,21.38,23.01,21.62,99.02,57.21,49.98,38.97
550.03,35.34,21.38,23.01,21.62,99.02,57.21,49.98,38.97
550.04,35.34,21.38,23.01,21.62,99.02,57.21,49.98,38.97
550.05,35.41,21.41,23.01,21.62,99.02,57.21,49.98,38.97
550.06,35.34,21.41,23.01,21.62,99.02,57.21,49.98,38.97
550.07,35.34,21.38,23.01,21.62,99.02,57.21,49.98,38.97
550.08,35.34,21.38,23.01,21.62,99.02,57.21,49.98,38.97
550.09,35.34,21.41,23.01,21.62,99.02,57.21,49.98,38.97
550.10,35.34,21.41,23.01,21.62,99.40,57.21,49.98,38.97
550.11,35.41,21.41,23.01,21.62,99.02,57.21,49.98,38.97
550.12,35.34,21.38,23.01,21.62,99.02,57.21,49.98,38.97
550.13,35.34,21.38,23.01,21.62,99.02,57.21,49.98,38.89
550.14,35.34,21.38,23.01,21.62,99.02,57.21,49.98,38.97
550.15,35.34,21.41,23.01,21.62,99.02,57.21,49.98,38.97
550.16,35.34,21.38,23.01,21.62,99.02,57.21,49.98,38.97
550.17,35.34,21.38,23.01,21.62,99.02,57.21,49.98,38.97
550.18,35.34,21.38,23.01,21.62,99.02,57.21,49.98,38.97
550.19,35.41,21.38,23.01,21.62,99.02,57.21,49.98,38.97
550.20,35.34,21.41,23.04,21.62,99.40,57.21,49.98,38.97
550.21,35.34,21.38,23.01,21.62,99.02,57.21,49.98,38.97
550.22,35.34,21.38,23.01,21.62,99.02,57.21,49.98,38.97
550.23,35.34,21.35,23.01,21.62,99.02,57.21,49.98,38.89
550.24,35.34,21.41,23.01,21.62,99.02,57.21,49.98,38.97
550.25,35.41,21.41,23.04,21.65,99.02,57.21,49.98,38.97
550.26,35.34,21.35,23.04,21.62,99.02,57.21,49.98,38.97
550.27,35.34,21.41,23.04,21.65,99.02,57.21,49.98,38.97
550.28,35.34,21.38,23.01,21.58,99.02,57.21,49.98,38.97
550.29,35.34,21.41,23.01,21.62,99.02,57.21,49.98,38.97
550.30,35.34,21.41,23.04,21.62,99.02,57.21,49.98,38.97
550.31,35.34,21.38,23.01,21.62,99.02,57.21,49.98,38.89
550.32,35.34,21.38,23.01,21.62,99.02,57.21,49.98,38.97
550.33,35.34,21.38,23.01,21.62,99.02,57.21,49.98,38.97
550.34,35.41,21.38,23.01,21.62,99.02,57.21,49.98,38.97
550.35,35.41,21.38,23.01,21.62,99.02,57.21,49.98,38.97
550.36,35.34,21.41,23.01,21.62,99.02,57.07,49.98,38.89
550.37,35.41,21.38,23.01,21.62,99.02,57.21,49.98,39.04
550.38,35.34,21.38,23.01,21.62,99.02,57.21,49.98,38.89
550.39,35.34,21.38,23.01,21.62,99.02,57.21,49.98,38.97
550.40,35.34,21.38,23.04,21.62,99.02,57.21,49.98,38.97
550.41,35.34,21.38,23.01,21.62,99.02,57.21,49.98,38.97
550.42,35.34,21.38,23.01,21.62,99.02,57.07,49.98,38.97
550.43,35.34,21.38,23.01,21.62,99.02,57.21,49.98,38.97
550.44,35.34,21.38,23.01,21.62,99.02,57.21,49.98,38.97
550.45,35.34,21.38,23.01,21.62,98.64,57.21,49.98,38.97
550.46,35.34,21.38,23.01,21.62,99.02,57.21,49.98,38.97
550.47,35.34,21.35,23.01,21.62,99.02,57.21,49.98,38.97
550.48,35.34,21.38,23.01,21.62,99.02,57.21,49.98,38.89
550.49,35.28,21.38,23.01,21.62,99.02,57.21,49.98,38.97
550.50,35.54,21.41,23.04,21.62,99.40,57.21,49.98,38.97
550.51,35.28,21.38,23.01,21.62,98.64,57.21,49.98,38.97
550.52,35.34,21.38,23.04,21.62,99.02,57.21,49.98,38.97
550.53,35.34,21.38,22.97,21.62,99.02,57.21,49.87,38.97
550.54,35.41,21.38,23.04,21.62,99.02,57.21,49.98,38.97
550.55,35.34,21.41,23.01,21.62,99.02,57.21,49.98,38.97
550.56,35.34,21.41,23.01,21.62,99.02,57.21,49.98,38.97
550.57,35.34,21.41,23.01,21.62,99.02,57.21,49.98,38.97
550.58,35.34,21.38,23.01,21.62,99.02,57.21,49.87,38.97
550.59,35.34,21.38,23.01,21.62,99.02,57.21,49.98,38.97
550.60,35.34,21.41,23.01,21.62,99.40,57.36,49.98,38.97
550.61,35.41,21.41,23.04,21.62,99.02,57.21,49.87,38.97
550.62,35.34,21.38,23.01,21.62,99.02,57.21,50.10,38.97
550.63,35.28,21.38,23.01,21.62,99.02,57.21,49.87,38.97
550.64,35.41,21.38,23.01,21.62,99.02,57.21,49.98,38.97
550.65,35.41,21.38,23.04,21.62,99.02,57.21,49.98,38.97
550.66,35.34,21.38,23.01,21.62,99.02,57.21,49.98,38.97
550.67,35.34,21.38,23.01,21.62,99.02,57.07,49.98,38.89
550.68,35.41,21.38,23.01,21.62,99.02,57.21,49.98,38.97
550.69,35.34,21.38,23.04,21.62,99.02,57.21,49.98,38.97
550.70,35.34,21.38,23.01,21.62,99.02,57.21,49.98,38.97
550.71,35.34,21.38,23.01,21.62,99.02,57.21,49.98,38.97
550.72,35.34,21.38,23.01,21.62,99.02,57.21,49.98,38.97
550.73,35.34,21.38,23.01,21.62,99.02,57.21,49.98,38.97
550.74,35.34,21.38,23.01,21.62,99.02,57.21,49.98,38.97
550.75,35.34,21.41,23.01,21.62,99.02,57.21,49.98,38.97
550.76,35.34,21.38,23.01,21.62,99.02,57.21,49.98,38.97
550.77,35.28,21.38,23.01,21.62,99.02,57.21,49.98,38.97
550.78,35.34,21.38,23.01,21.62,99.02,57.21,49.98,38.97
550.79,35.34,21.38,23.01,21.62,99.02,57.21,49.98,38.97
550.80,35.34,21.41,23.04,21.62,99.02,57.21,49.98,38.97
550.81,35.34,21.38,23.01,21.62,99.02,57.07,49.98,38.97
550.82,35.28,21.35,23.01,21.62,99.02,57.21,49.87,38.97
550.83,35.28,21.35,23.01,21.62,99.02,57.21,49.98,38.97
550.84,35.28,21.38,23.01,21.62,99.02,57.21,49.98,38.97
550.85,35.41,21.41,23.01,21.62,99.02,57.21,49.98,38.97
550.86,35.34,21.38,23.01,21.62,99.02,57.21,49.98,38.97
550.87,35.34,21.38,23.01,21.62,99.02,57.21,49.98,38.89
550.88,35.34,21.38,23.01,21.62,99.02,57.07,49.87,38.97
550.89,35.34,21.38,23.01,21.62,99.02,57.21,49.98,38.97
550.90,35.34,21.38,23.01,21.62,99.02,57.21,49.98,38.97
550.91,35.34,21.38,23.01,21.62,99.02,57.21,49.98,38.97
550.92,35.34,21.38,23.01,21.62,99.02,57.21,49.98,38.97
550.93,35.28,21.38,23.01,21.62,99.02,57.21,49.98,38.97
550.94,35.28,21.38,23.01,21.62,99.02,57.21,49.98,38.97
550.95,35.34,21.41,23.04,21.62,99.02,57.21,49.98,38.97
550.96,35.28,21.38,23.01,21.62,99.02,57.21,49.87,38.97
550.97,35.28,21.38,23.01,21.62,99.02,57.21,49.98,38.97
550.98,35.34,21.41,23.01,21.62,99.02,57.21,49.98,38.97
550.99,35.34,21.38,23.01,21.62,99.02,57.21,49.98,38.97
551.00,35.34,21.41,23.01,21.62,99.40,57.21,49.98,38.97
551.01,35.34,21.41,23.01,21.62,99.02,57.21,49.98,39.04
551.02,35.34,21.35,23.01,21.62,99.02,57.21,49.98,38.89
551.03,35.34,21.38,23.01,21.62,99.02,57.21,49.98,38.97
551.04,35.28,21.38,23.01,21.62,99.02,57.21,49.98,38.97
551.05,35.34,21.38,23.01,21.62,99.02,57.21,49.98,38.97
551.06,35.34,21.38,23.01,21.62,99.02,57.21,49.98,38.97
551.07,35.34,21.38,23.01,21.62,99.02,57.21,49.98,38.97
551.08,35.34,21.38,23.01,21.62,99.02,57.21,49.98,38.97
551.09,35.34,21.38,23.01,21.62,99.02,57.21,49.98,38.97
551.10,35.34,21.38,23.01,21.62,99.02,57.21,49.98,38.97
551.11,35.34,21.38,23.01,21.62,99.02,57.21,49.87,38.97
551.12,35.28,21.38,23.01,21.62,98.64,57.21,49.87,38.97
551.13,35.41,21.38,23.01,21.58,99.02,57.21,49.98,38.97
551.14,35.28,21.38,23.01,21.62,99.02,56.92,49.98,38.97
551.15,35.41,21.38,23.04,21.62,99.02,57.21,49.98,38.97
551.16,35.41,21.38,23.01,21.62,99.02,57.21,49.98,38.97
551.17,35.34,21.38,23.01,21.62,99.02,57.21,49.98,38.97
551.18,35.28,21.35,23.01,21.62,99.02,57.21,49.98,38.97
551.19,35.34,21.38,23.01,21.62,99.02,57.21,49.98,38.97
551.20,35.34,21.41,23.01,21.62,99.02,57.21,49.98,38.97
551.21,35.34,21.38,23.01,21.62,99.02,57.21,49.98,38.97
551.22,35.34,21.38,23.01,21.62,99.02,57.21,49.87,38.97
551.23,35.34,21.38,23.01,21.62,99.02,57.21,49.98,38.97
551.24,35.28,21.38,23.01,21.62,99.02,57.21,49.98,38.97
551.25,35.34,21.38,23.04,21.62,99.02,57.21,49.98,38.97
551.26,35.34,21.38,23.01,21.62,99.02,57.21,49.98,38.97
551.27,35.34,21.38,23.01,21.62,99.02,57.21,49.98,38.97
551.28,35.34,21.38,23.01,21.62,99.02,57.21,49.98,38.97
551.29,35.41,21.38,23.01,21.62,99.02,57.21,49.98,38.97
551.30,35.34,21.41,23.01,21.62,99.02,57.21,49.98,38.97
551.31,35.28,21.38,23.01,21.62,99.02,57.21,49.98,38.97
551.32,35.28,21.38,23.01,21.62,99.02,57.21,49.98,38.97
551.33,35.34,21.35,23.01,21.62,99.02,57.21,49.98,38.97
551.34,35.34,21.38,23.01,21.62,99.02,57.21,49.98,38.97
551.35,35.34,21.38,23.01,21.62,99.02,57.21,49.98,38.97
551.36,35.34,21.38,23.01,21.62,99.02,57.21,49.98,38.89
551.37,35.34,21.38,22.97,21.62,99.02,57.21,49.98,38.97
551.38,35.28,21.38,23.01,21.62,99.02,57.21,49.98,38.97
551.39,35.34,21.38,23.01,21.62,99.02,57.21,49.98,38.97
551.40,35.34,21.38,23.01,21.62,99.02,57.07,49.98,38.97
551.41,35.28,21.38,22.97,21.62,99.02,57.21,49.98,38.97
551.42,35.28,21.35,23.01,21.62,99.02,57.21,49.98,38.97
551.43,35.28,21.38,23.01,21.62,99.02,57.21,49.98,38.97
551.44,35.34,21.38,23.01,21.62,99.02,57.21,49.98,38.97
551.45,35.34,21.41,23.01,21.62,99.02,57.21,49.87,38.97
551.46,35.28,21.38,23.01,21.62,99.02,57.21,49.87,38.97
551.47,35.28,21.38,22.97,21.62,99.02,57.21,49.87,38.97
551.48,35.28,21.35,22.97,21.62,99.02,57.07,49.87,38.97
551.49,35.41,21.38,23.01,21.62,99.02,57.21,49.98,38.97
551.50,35.34,21.38,23.01,21.62,99.02,57.21,49.98,38.97
551.51,35.34,21.38,23.01,21.62,99.02,57.21,49.98,38.97
551.52,35.28,21.35,22.97,21.62,99.02,57.21,49.87,38.97
551.53,35.34,21.35,22.97,21.62,99.02,57.21,49.87,38.97
551.54,35.28,21.38,22.97,21.62,99.02,57.21,49.98,38.97
551.55,35.34,21.38,23.01,21.62,99.02,57.21,49.98,38.97
551.56,35.28,21.35,23.01,21.62,98.64,57.21,49.87,38.97
551.57,35.34,21.35,22.97,21.62,99.02,57.07,49.98,38.97
551.58,35.34,21.35,22.97,21.62,99.02,56.92,49.98,38.97
551.59,35.28,21.38,22.97,21.62,99.02,57.07,49.98,38.97
551.60,35.34,21.38,23.01,21.62,99.02,57.07,49.87,38.97
551.61,35.34,21.35,22.97,21.62,99.02,57.21,49.98,38.97
551.62,35.34,21.38,22.97,21.62,99.02,57.36,49.87,39.04
551.63,35.34,21.38,23.01,21.62,99.02,57.07,49.87,38.89
551.64,35.41,21.35,23.01,21.62,99.02,57.21,49.87,39.12
551.65,35.41,21.38,23.01,21.62,99.02,57.21,49.98,38.97
551.66,35.41,21.38,23.01,21.62,99.02,57.21,49.87,38.97
551.67,35.21,21.35,22.97,21.62,99.02,57.07,49.87,38.97
551.68,35.28,21.38,22.97,21.62,99.02,57.21,49.87,38.97
551.69,35.34,21.38,23.01,21.62,99.02,57.21,49.98,38.97
551.70,35.34,21.38,23.01,21.62,99.02,57.21,49.98,38.97
551.71,35.34,21.38,23.01,21.62,99.02,57.21,49.98,38.97
551.72,35.34,21.35,22.97,21.62,99.02,57.21,49.87,38.97
551.73,35.34,21.35,22.97,21.62,99.02,57.21,49.98,38.97
551.74,35.34,21.38,22.97,21.62,99.02,57.07,49.98,38.97
551.75,35.41,21.38,22.97,21.62,99.02,57.21,49.98,38.97
551.76,35.21,21.38,22.97,21.62,99.02,57.21,49.98,38.89
551.77,35.34,21.35,22.97,21.62,99.02,57.21,49.87,38.97
551.78,35.21,21.35,22.97,21.62,99.02,57.07,49.98,38.97
551.79,35.28,21.38,23.01,21.62,99.02,57.07,49.87,38.97
551.80,35.34,21.38,22.97,21.62,99.02,57.21,49.98,38.97
551.81,35.28,21.38,22.97,21.62,99.02,57.21,49.87,38.97
551.82,35.28,21.35,22.97,21.62,99.02,57.07,49.98,38.97
551.83,35.28,21.35,22.97,21.62,98.64,57.21,49.98,38.97
551.84,35.34,21.35,22.97,21.62,99.02,57.21,49.87,38.97
551.85,35.34,21.38,23.01,21.62,98.64,57.21,49.98,38.97
551.86,35.34,21.38,22.97,21.62,99.02,57.07,49.98,38.97
551.87,35.28,21.35,22.97,21.62,99.02,57.07,49.98,38.89
551.88,35.34,21.38,22.97,21.62,99.02,57.21,49.75,38.97
551.89,35.28,21.38,23.01,21.62,99.02,57.07,49.98,38.97
551.90,35.41,21.38,23.01,21.62,99.02,57.21,49.87,38.97
551.91,35.41,21.38,23.01,21.62,99.02,57.07,49.87,38.97
551.92,35.28,21.35,22.97,21.62,99.02,57.21,49.87,38.97
551.93,35.34,21.38,22.97,21.62,99.02,57.07,49.98,38.97
551.94,35.34,21.35,23.01,21.62,99.02,57.21,49.87,38.97
551.95,35.34,21.35,23.01,21.62,99.02,57.07,49.87,38.97
551.96,35.34,21.35,22.97,21.62,99.02,57.21,49.87,39.04
551.97,35.28,21.35,22.97,21.62,99.02,57.21,49.87,38.97
551.98,35.28,21.35,22.97,21.62,99.02,57.21,49.87,38.97
551.99,35.28,21.35,22.97,21.62,99.02,57.21,49.87,38.97
552.00,35.28,21.38,22.97,21.62,99.02,57.21,49.98,38.97
552.01,35.28,21.38,22.97,21.62,99.02,57.07,49.87,38.97
552.02,35.34,21.35,22.97,21.62,99.02,57.07,49.87,38.97
552.03,35.28,21.35,22.97,21.62,99.02,57.07,49.87,38.97
552.04,35.34,21.38,23.01,21.62,99.02,57.21,49.98,38.97
552.05,35.28,21.38,23.01,21.62,99.02,57.21,49.98,39.04
552.06,35.34,21.38,22.97,21.62,99.02,57.21,49.87,38.97
552.07,35.28,21.38,22.97,21.62,99.02,57.21,49.87,38.97
552.08,35.28,21.35,22.97,21.62,99.02,57.21,49.98,38.97
552.09,35.34,21.38,22.97,21.62,99.02,57.21,49.98,38.97
552.10,35.34,21.38,23.01,21.62,99.02,57.21,49.98,39.04
552.11,35.28,21.35,22.97,21.62,99.02,57.21,49.98,38.97
552.12,35.34,21.35,22.97,21.62,99.02,57.21,49.98,38.97
552.13,35.28,21.35,22.97,21.62,99.02,57.07,49.87,38.97
552.14,35.34,21.38,22.97,21.62,99.02,57.21,49.87,39.04
552.15,35.34,21.38,23.01,21.62,99.02,57.21,49.87,38.97
552.16,35.28,21.38,22.97,21.62,99.02,57.07,49.98,38.97
552.17,35.28,21.35,22.97,21.62,99.02,57.21,49.87,38.97
552.18,35.28,21.35,22.97,21.62,99.02,57.07,49.87,39.04
552.19,35.28,21.38,22.97,21.62,99.02,57.21,49.87,38.97
552.20,35.34,21.38,23.01,21.62,99.02,57.07,49.98,38.97
552.21,35.28,21.38,22.97,21.62,99.02,57.07,49.87,38.97
552.22,35.28,21.35,22.94,21.62,99.02,57.21,49.87,38.97
552.23,35.34,21.35,22.97,21.62,99.02,57.21,49.87,38.97
552.24,35.34,21.35,22.97,21.62,99.02,57.07,49.87,38.97
552.25,35.28,21.38,22.97,21.62,99.02,57.21,49.87,38.89
552.26,35.21,21.35,22.97,21.62,99.02,57.21,49.98,38.97
552.27,35.28,21.35,22.97,21.62,99.02,57.07,49.87,38.97
552.28,35.34,21.35,22.97,21.62,99.02,57.21,49.87,38.97
552.29,35.34,21.38,23.01,21.62,99.02,57.21,49.87,38.97
552.30,35.34,21.38,23.01,21.62,99.02,57.21,49.98,38.97
552.31,35.28,21.35,22.97,21.62,98.64,57.21,49.98,38.97
552.32,35.34,21.35,22.97,21.62,98.64,57.21,49.98,38.97
552.33,35.28,21.35,22.97,21.62,99.02,57.21,49.87,38.97
552.34,35.34,21.38,22.97,21.62,99.02,57.21,49.98,38.97
552.35,35.34,21.38,22.97,21.62,99.02,57.21,49.98,38.97
552.36,35.28,21.35,22.97,21.62,99.02,57.07,49.87,38.97
552.37,35.28,21.35,22.97,21.62,98.64,57.07,49.87,38.97
552.38,35.34,21.35,22.97,21.62,99.02,57.21,49.87,38.97
552.39,35.28,21.38,22.97,21.62,98.64,57.21,49.87,38.97
552.40,35.34,21.38,23.01,21.62,99.02,57.21,49.98,38.97
552.41,35.28,21.35,22.97,21.62,99.02,57.07,49.87,38.97
552.42,35.34,21.35,22.97,21.62,99.02,57.21,49.87,38.97
552.43,35.28,21.35,22.97,21.62,99.02,57.21,49.98,38.97
552.44,35.28,21.38,22.97,21.62,99.02,57.21,49.87,39.04
552.45,35.34,21.38,22.97,21.62,99.02,57.21,49.98,38.97
552.46,35.34,21.38,22.97,21.62,99.02,57.07,49.87,38.97
552.47,35.28,21.35,22.97,21.62,99.02,57.07,49.87,39.04
552.48,35.34,21.38,22.97,21.62,99.02,57.21,49.87,38.97
552.49,35.28,21.38,22.97,21.62,99.02,57.21,49.87,38.97
552.50,35.34,21.38,23.01,21.62,99.02,57.21,49.87,38.97
552.51,35.28,21.38,22.97,21.62,99.02,57.21,49.87,38.97
552.52,35.28,21.35,22.97,21.62,99.02,57.07,49.87,38.97
552.53,35.34,21.35,22.97,21.62,98.64,57.07,49.87,38.97
552.54,35.34,21.38,22.97,21.62,99.02,57.21,49.98,38.97
552.55,35.34,21.38,22.97,21.62,99.02,57.21,49.98,38.97
552.56,35.34,21.35,22.97,21.62,99.02,57.21,49.87,38.97
552.57,35.28,21.35,22.97,21.62,99.02,57.21,49.98,38.97
552.58,35.28,21.35,22.97,21.62,99.02,57.07,49.87,38.97
552.59,35.28,21.38,22.97,21.62,99.02,57.21,49.87,38.97
552.60,35.34,21.38,23.01,21.62,99.02,57.21,49.87,38.97
552.61,35.28,21.35,22.97,21.62,99.02,57.21,49.87,38.97
552.62,35.28,21.35,22.97,21.62,99.02,57.07,49.87,38.97
552.63,35.28,21.38,22.97,21.62,99.02,57.21,49.87,38.97
552.64,35.34,21.35,22.97,21.62,99.02,57.21,49.87,38.97
552.65,35.34,21.38,22.97,21.62,99.02,57.21,49.98,38.97
552.66,35.28,21.35,22.97,21.62,99.02,57.21,49.87,38.97
552.67,35.28,21.35,22.97,21.62,99.02,57.07,49.87,38.97
552.68,35.28,21.35,22.97,21.62,99.02,57.21,49.98,39.04
552.69,35.34,21.35,22.97,21.62,99.02,57.07,49.98,38.97
552.70,35.34,21.38,23.01,21.62,99.02,57.21,49.87,38.97
552.71,35.28,21.38,22.97,21.62,99.02,57.07,49.98,38.97
552.72,35.28,21.35,22.97,21.62,99.02,57.21,49.87,38.97
552.73,35.28,21.35,22.97,21.62,99.02,57.21,49.87,38.97
552.74,35.34,21.38,22.97,21.62,99.02,57.21,49.87,38.97
552.75,35.34,21.38,22.97,21.62,98.64,57.21,49.87,38.97
552.76,35.28,21.38,22.97,21.62,99.02,57.07,49.87,38.97
552.77,35.21,21.35,22.97,21.62,99.02,57.07,49.87,38.97
552.78,35.28,21.35,22.97,21.62,99.02,57.07,49.87,38.89
552.79,35.28,21.38,22.97,21.62,99.02,57.07,49.87,39.04
552.80,35.28,21.38,23.01,21.62,99.02,57.21,49.98,38.97
552.81,35.34,21.38,22.97,21.62,99.02,57.21,49.87,38.97
552.82,35.28,21.35,22.97,21.62,98.64,57.07,49.87,38.89
552.83,35.28,21.35,22.97,21.62,99.02,57.07,49.87,38.97
552.84,35.34,21.35,22.97,21.62,99.02,57.21,49.87,38.97
552.85,35.34,21.35,22.97,21.62,99.02,57.07,49.98,38.97
552.86,35.34,21.35,22.97,21.62,99.02,57.21,49.87,38.97
552.87,35.21,21.35,22.97,21.62,98.64,57.21,49.98,38.97
552.88,35.21,21.35,22.97,21.62,98.64,57.21,49.98,38.97
552.89,35.28,21.38,22.97,21.62,99.02,57.21,49.98,39.12
552.90,35.34,21.35,23.01,21.62,99.02,57.07,49.98,38.89
552.91,35.34,21.35,22.97,21.62,99.02,57.21,49.98,38.97
552.92,35.28,21.35,22.97,21.62,99.02,57.21,49.87,38.97
552.93,35.28,21.38,22.97,21.62,99.02,57.21,49.87,38.97
552.94,35.28,21.38,22.97,21.62,99.02,57.21,49.98,38.97
552.95,35.34,21.38,22.97,21.62,99.02,57.07,49.98,38.97
552.96,35.28,21.38,22.97,21.62,99.02,57.21,49.87,38.97
552.97,35.28,21.35,22.97,21.62,98.64,57.07,49.87,38.97
552.98,35.28,21.35,22.94,21.62,99.02,57.21,49.87,38.97
552.99,35.34,21.38,22.97,21.62,98.64,57.07,49.87,38.97
553.00,35.28,21.38,22.97,21.62,99.02,57.21,49.87,38.97
553.01,35.28,21.35,22.97,21.62,99.02,57.07,49.98,38.97
553.02,35.28,21.35,22.94,21.62,99.02,57.21,49.87,39.04
553.03,35.34,21.35,22.97,21.62,99.02,57.07,49.87,38.97
553.04,35.28,21.38,22.97,21.62,98.64,57.07,49.98,39.04
553.05,35.28,21.38,22.97,21.62,99.02,57.21,49.98,38.97
553.06,35.28,21.35,22.97,21.62,99.02,57.21,49.98,38.97
553.07,35.21,21.35,22.97,21.62,99.02,57.07,49.87,38.97
553.08,35.28,21.35,22.97,21.62,98.64,57.07,49.64,38.97
553.09,35.34,21.35,22.97,21.62,99.40,57.21,49.98,38.97
553.10,35.28,21.38,22.97,21.62,99.02,57.07,49.98,38.97
553.11,35.34,21.35,22.97,21.62,99.02,57.07,49.87,38.97
553.12,35.28,21.35,22.97,21.62,98.64,57.07,49.98,38.97
553.13,35.28,21.35,22.94,21.62,98.64,57.07,49.98,38.97
553.14,35.28,21.35,22.97,21.62,99.02,57.21,49.98,39.04
553.15,35.28,21.38,22.97,21.62,99.02,57.21,49.87,38.97
553.16,35.34,21.35,22.94,21.58,99.02,57.07,49.87,38.97
553.17,35.28,21.35,22.97,21.62,98.64,57.07,49.87,38.97
553.18,35.28,21.35,22.97,21.62,99.02,57.07,49.98,38.97
553.19,35.28,21.35,22.97,21.62,99.02,57.07,49.87,38.97
553.20,35.28,21.38,22.97,21.62,99.02,57.21,49.87,38.97
553.21,35.28,21.35,22.97,21.62,99.02,57.07,49.87,38.97
553.22,35.28,21.35,22.97,21.62,98.64,57.07,49.87,38.97
553.23,35.34,21.35,22.97,21.62,98.64,57.07,49.87,38.97
553.24,35.28,21.38,22.97,21.62,99.02,57.21,49.87,38.97
553.25,35.34,21.38,22.97,21.62,98.64,57.21,49.87,38.97
553.26,35.28,21.35,22.97,21.62,99.02,57.21,49.87,38.97
553.27,35.21,21.35,22.97,21.62,98.64,57.07,49.87,38.97
553.28,35.28,21.35,22.97,21.62,99.02,57.07,49.87,38.97
553.29,35.34,21.35,22.97,21.62,98.64,57.07,49.87,38.97
553.30,35.28,21.35,22.97,21.62,99.02,57.07,49.87,38.97
553.31,35.21,21.35,22.94,21.62,98.64,57.07,49.87,38.97
553.32,35.21,21.35,22.97,21.62,98.64,57.21,49.87,38.97
553.33,35.28,21.35,22.97,21.62,98.64,57.07,49.87,38.97
553.34,35.28,21.35,22.97,21.62,99.02,57.07,49.87,39.04
553.35,35.28,21.35,22.97,21.62,99.02,57.21,49.87,38.97
553.36,35.28,21.35,22.97,21.62,99.02,57.21,49.87,38.97
553.37,35.28,21.35,22.94,21.58,99.02,57.21,49.75,38.97
553.38,35.34,21.35,22.97,21.62,99.02,57.21,49.87,38.97
553.39,35.28,21.35,22.97,21.62,99.02,57.07,49.87,38.97
553.40,35.28,21.38,22.97,21.62,99.02,57.36,49.87,38.97
553.41,35.28,21.35,22.97,21.62,99.02,57.07,49.87,38.97
553.42,35.28,21.35,22.94,21.62,98.64,57.07,49.87,38.97
553.43,35.28,21.35,22.97,21.62,99.02,57.07,49.87,38.97
553.44,35.28,21.35,22.97,21.62,98.64,57.21,49.98,38.97
553.45,35.28,21.35,22.97,21.62,99.02,57.07,49.98,38.97
553.46,35.21,21.35,22.97,21.62,99.02,57.07,49.87,38.97
553.47,35.21,21.35,22.94,21.62,99.02,57.21,49.87,38.97
553.48,35.28,21.35,22.94,21.62,99.02,57.21,49.87,38.97
553.49,35.28,21.35,22.97,21.62,98.64,57.21,49.98,38.97
553.50,35.28,21.38,22.97,21.62,98.64,57.21,49.98,38.97
553.51,35.34,21.35,22.97,21.62,98.64,57.21,49.87,38.97
553.52,35.21,21.35,22.97,21.62,99.02,57.07,49.87,38.97
553.53,35.34,21.35,22.97,21.62,99.02,57.07,49.87,38.97
553.54,35.28,21.38,22.97,21.62,98.64,57.21,49.87,38.97
553.55,35.34,21.38,22.97,21.58,99.02,57.21,49.87,38.97
553.56,35.21,21.35,22.94,21.62,98.64,57.07,49.87,38.97
553.57,35.21,21.35,22.97,21.62,98.64,57.07,49.87,38.97
553.58,35.28,21.35,22.94,21.62,99.02,57.07,49.87,38.97
553.59,35.28,21.38,22.97,21.62,98.64,57.07,49.87,38.97
553.60,35.28,21.35,22.97,21.62,98.64,57.07,49.87,38.97
553.61,35.28,21.35,22.97,21.62,99.02,57.07,49.87,38.97
553.62,35.21,21.35,22.94,21.62,99.02,57.07,49.87,38.89
553.63,35.28,21.38,22.94,21.58,98.64,57.07,49.75,38.97
553.64,35.28,21.35,22.97,21.62,98.64,57.07,49.98,38.97
553.65,35.28,21.35,22.97,21.62,99.02,57.21,49.87,39.04
553.66,35.28,21.35,22.94,21.62,99.02,57.21,49.87,38.97
553.67,35.28,21.35,22.94,21.62,99.02,57.07,49.87,38.97
553.68,35.21,21.32,22.94,21.62,99.02,57.07,49.87,38.97
553.69,35.28,21.35,22.97,21.62,99.02,57.21,49.87,38.97
553.70,35.28,21.35,22.97,21.62,99.02,57.07,49.87,38.97
553.71,35.28,21.35,22.97,21.62,99.02,57.21,49.75,38.97
553.72,35.28,21.35,22.94,21.62,98.64,57.07,49.87,38.89
553.73,35.28,21.35,22.94,21.62,98.64,57.07,49.87,38.97
553.74,35.28,21.35,22.97,21.62,99.02,57.07,49.87,38.97
553.75,35.21,21.35,22.97,21.62,99.02,57.07,49.87,38.97
553.76,35.21,21.35,22.94,21.62,98.64,57.21,49.87,38.97
553.77,35.21,21.32,22.94,21.62,98.64,57.07,49.87,38.97
553.78,35.21,21.35,22.94,21.62,99.02,57.07,49.87,38.97
553.79,35.34,21.35,22.94,21.62,99.02,57.07,49.87,38.97
553.80,35.28,21.35,22.94,21.62,98.64,57.07,49.87,38.97
553.81,35.15,21.35,22.94,21.58,99.02,57.07,49.87,38.97
553.82,35.21,21.35,22.94,21.62,99.02,57.07,49.87,38.97
553.83,35.21,21.29,22.94,21.62,98.64,57.07,49.87,38.97
553.84,35.28,21.35,22.94,21.62,99.02,57.21,49.87,38.97
553.85,35.28,21.35,22.94,21.62,98.64,57.07,49.87,38.97
553.86,35.28,21.35,22.94,21.62,98.64,57.07,49.87,38.97
553.87,35.21,21.35,22.94,21.62,98.64,57.07,49.87,38.97
553.88,35.21,21.35,22.94,21.62,99.02,57.07,49.87,38.97
553.89,35.28,21.35,22.94,21.62,98.64,57.21,49.87,38.97
553.90,35.28,21.35,22.94,21.62,98.64,57.21,49.87,38.97
553.91,35.21,21.35,22.94,21.62,98.64,57.21,49.87,38.97
553.92,35.21,21.35,22.94,21.62,99.02,57.07,49.87,38.89
553.93,35.28,21.35,22.94,21.62,98.64,57.07,49.87,38.97
553.94,35.28,21.35,22.94,21.58,99.02,57.07,49.87,38.97
553.95,35.28,21.35,22.97,21.62,99.02,57.07,49.87,38.97
553.96,35.21,21.35,22.94,21.62,98.64,57.07,49.87,38.97
553.97,35.28,21.32,22.94,21.62,98.64,57.07,49.87,38.97
553.98,35.28,21.35,22.94,21.62,99.02,57.21,49.87,39.04
553.99,35.28,21.38,22.97,21.62,99.02,57.21,49.87,38.97
554.00,35.34,21.35,22.94,21.58,99.02,57.07,49.87,38.97
554.01,35.28,21.35,22.94,21.62,98.64,57.07,49.87,38.97
554.02,35.21,21.35,22.94,21.58,99.02,57.07,49.87,38.97
554.03,35.28,21.35,22.94,21.62,98.64,57.07,49.87,38.97
554.04,35.34,21.38,22.94,21.62,99.02,57.07,49.87,38.97
554.05,35.28,21.35,22.94,21.62,99.02,57.07,49.87,38.97
554.06,35.28,21.35,22.94,21.62,98.64,57.07,49.87,38.97
554.07,35.21,21.35,22.94,21.62,98.64,57.21,49.87,38.97
554.08,35.28,21.35,22.94,21.62,98.64,57.07,49.87,38.97
554.09,35.28,21.35,22.97,21.62,99.02,57.21,49.87,38.97
554.10,35.28,21.35,22.97,21.62,99.02,57.07,49.87,38.97
554.11,35.28,21.35,22.97,21.62,99.02,57.21,49.87,39.04
554.12,35.34,21.35,22.94,21.62,98.64,56.92,49.87,38.97
554.13,35.34,21.35,22.94,21.62,99.02,57.07,49.87,39.04
554.14,35.28,21.35,22.97,21.62,98.64,57.21,49.87,39.04
554.15,35.28,21.35,22.97,21.62,99.02,57.21,49.87,38.97
554.16,35.21,21.35,22.94,21.62,99.02,57.07,49.87,38.97
554.17,35.21,21.35,22.94,21.62,99.02,57.07,49.87,38.97
554.18,35.21,21.35,22.94,21.62,98.64,57.21,49.87,38.97
554.19,35.28,21.35,22.97,21.62,98.64,57.07,49.87,38.97
554.20,35.34,21.38,22.94,21.62,99.02,57.21,49.87,38.97
554.21,35.28,21.35,22.94,21.62,98.64,57.07,49.87,38.97
554.22,35.21,21.32,22.94,21.62,98.64,57.07,49.87,38.97
554.23,35.21,21.32,22.94,21.62,98.64,57.07,49.87,38.97
554.24,35.41,21.35,22.97,21.62,98.64,57.07,49.87,38.97
554.25,35.28,21.35,22.97,21.62,99.02,57.21,49.87,38.97
554.26,35.21,21.35,22.94,21.62,99.02,57.21,49.87,38.97
554.27,35.28,21.35,22.94,21.62,98.64,57.21,49.87,38.97
554.28,35.28,21.35,22.94,21.62,99.02,57.21,49.87,38.97
554.29,35.28,21.38,22.97,21.62,99.02,57.21,49.87,39.04
554.30,35.34,21.35,22.94,21.62,99.02,57.21,49.87,38.97
554.31,35.28,21.35,22.94,21.62,98.64,57.21,49.87,39.04
554.32,35.28,21.35,22.94,21.62,99.02,57.21,49.87,38.97
554.33,35.21,21.35,22.97,21.62,99.02,57.07,49.87,38.97
554.34,35.34,21.35,22.97,21.62,99.02,57.21,49.87,38.97
554.35,35.28,21.35,22.97,21.62,98.64,57.21,49.87,38.97
554.36,35.21,21.35,22.94,21.62,99.40,57.07,49.87,38.97
554.37,35.21,21.35,22.94,21.62,98.26,57.07,49.75,38.97
554.38,35.21,21.35,22.94,21.62,99.02,57.21,49.98,38.97
554.39,35.21,21.35,22.97,21.62,99.02,57.21,49.98,38.97
554.40,35.28,21.38,22.97,21.62,98.64,57.07,49.75,38.97
554.41,35.21,21.35,22.94,21.62,98.64,57.07,49.87,38.97
554.42,35.21,21.35,22.94,21.62,99.02,57.07,49.87,38.97
554.43,35.28,21.35,22.94,21.62,99.02,57.07,49.87,38.97
554.44,35.28,21.35,22.94,21.62,98.64,57.21,49.87,38.97
554.45,35.28,21.35,22.97,21.62,99.02,57.21,49.87,38.97
554.46,35.21,21.32,22.94,21.62,99.02,57.07,49.87,38.97
554.47,35.15,21.35,22.94,21.62,99.02,57.21,49.87,38.97
554.48,35.21,21.35,22.94,21.62,99.02,57.07,49.87,38.97
554.49,35.34,21.35,22.94,21.62,99.02,57.21,49.87,38.97
554.50,35.28,21.35,22.94,21.62,99.02,57.21,49.87,38.97
554.51,35.28,21.35,22.94,21.62,98.64,57.07,49.75,38.97
554.52,35.28,21.35,22.94,21.62,98.64,57.07,49.87,38.97
554.53,35.28,21.35,22.94,21.62,99.02,57.07,49.87,38.97
554.54,35.28,21.35,22.97,21.62,99.02,57.21,49.87,38.97
554.55,35.28,21.35,22.97,21.62,98.64,57.07,49.87,38.97
554.56,35.21,21.35,22.94,21.62,98.64,57.07,49.87,38.89
554.57,35.21,21.35,22.94,21.62,98.64,57.07,49.87,38.97
554.58,35.21,21.35,22.94,21.62,99.02,57.21,49.87,38.89
554.59,35.28,21.35,22.97,21.62,99.02,57.07,49.87,38.97
554.60,35.28,21.35,22.97,21.62,98.64,57.07,49.87,38.97
554.61,35.21,21.35,22.94,21.62,99.02,57.07,49.87,38.89
554.62,35.21,21.32,22.94,21.62,99.02,57.07,49.87,38.97
554.63,35.28,21.35,22.94,21.62,99.02,57.07,49.87,38.97
554.64,35.28,21.35,22.94,21.62,99.02,57.07,49.87,38.97
554.65,35.34,21.35,22.94,21.62,99.02,57.07,49.87,38.97
554.66,35.28,21.35,22.94,21.62,99.02,57.21,49.87,38.97
554.67,35.21,21.35,22.94,21.62,98.64,57.07,49.87,38.97
554.68,35.28,21.35,22.94,21.62,99.02,57.21,49.87,38.97
554.69,35.28,21.35,22.97,21.62,98.64,57.07,49.87,38.89
554.70,35.28,21.35,22.94,21.62,99.02,57.21,49.87,38.97
554.71,35.28,21.35,22.94,21.62,98.64,57.07,49.87,38.97
554.72,35.28,21.35,22.94,21.62,99.02,57.07,49.87,38.97
554.73,35.21,21.35,22.94,21.62,99.02,57.07,49.87,38.97
554.74,35.34,21.35,22.97,21.62,99.02,57.07,49.87,38.97
554.75,35.28,21.35,22.94,21.62,98.64,57.21,49.87,38.97
554.76,35.28,21.35,22.94,21.62,98.64,57.21,49.87,38.97
554.77,35.21,21.35,22.94,21.62,98.64,57.21,49.87,38.97
554.78,35.28,21.35,22.94,21.62,98.64,57.07,49.87,38.97
554.79,35.28,21.35,22.97,21.62,99.02,57.21,49.87,38.97
554.80,35.28,21.35,22.94,21.62,98.64,57.21,49.87,38.97
554.81,35.21,21.32,22.94,21.62,98.64,57.07,49.87,38.97
554.82,35.21,21.35,22.94,21.62,98.64,57.07,49.87,38.97
554.83,35.28,21.35,22.94,21.62,98.64,57.07,49.87,38.97
554.84,35.34,21.38,22.94,21.62,98.64,57.21,49.87,39.04
554.85,35.21,21.35,22.97,21.62,98.64,57.21,49.87,38.97
554.86,35.21,21.35,22.94,21.62,98.64,57.21,49.87,39.04
554.87,35.28,21.35,22.94,21.58,98.64,57.21,49.87,38.97
554.88,35.21,21.35,22.94,21.62,98.64,57.07,49.87,38.97
554.89,35.21,21.35,22.94,21.62,99.02,57.21,49.87,38.97
554.90,35.28,21.38,22.97,21.62,99.02,57.21,49.87,39.04
554.91,35.28,21.35,22.94,21.62,98.64,57.07,49.75,38.97
554.92,35.28,21.32,22.94,21.62,98.64,57.07,49.87,38.97
554.93,35.28,21.35,22.94,21.62,98.64,57.07,49.87,38.97
554.94,35.28,21.35,22.97,21.62,99.02,57.21,49.87,38.97
554.95,35.28,21.38,22.94,21.62,99.02,57.21,49.87,38.97
554.96,35.21,21.32,22.94,21.62,99.02,57.07,49.87,38.97
554.97,35.28,21.35,22.94,21.62,98.64,57.21,49.87,38.97
554.98,35.28,21.32,22.94,21.62,98.64,57.07,49.87,39.04
554.99,35.21,21.35,22.97,21.62,99.02,57.07,49.87,38.97
555.00,35.28,21.35,22.94,21.62,99.02,57.07,49.87,39.04
555.01,35.34,21.35,22.94,21.62,98.64,57.07,49.87,38.97
555.02,35.28,21.32,22.94,21.62,98.64,57.07,49.75,39.04
555.03,35.21,21.35,22.94,21.62,98.64,57.07,49.87,38.97
555.04,35.28,21.35,22.94,21.62,98.64,57.07,49.87,38.97
555.05,35.28,21.35,22.94,21.62,99.02,57.07,49.87,38.97
555.06,35.21,21.35,22.94,21.62,99.02,57.21,49.87,38.97
555.07,35.21,21.35,22.94,21.62,98.64,57.07,49.87,38.97
555.08,35.28,21.35,22.94,21.62,98.64,57.07,49.87,38.97
555.09,35.28,21.35,22.94,21.62,98.64,57.07,49.87,38.97
555.10,35.28,21.35,22.94,21.62,99.02,57.21,49.87,38.97
555.11,35.28,21.35,22.94,21.62,98.64,57.07,49.87,38.97
555.12,35.21,21.32,22.94,21.62,98.64,57.07,49.87,38.97
555.13,35.28,21.32,22.94,21.62,98.64,57.07,49.87,39.04
555.14,35.21,21.35,22.94,21.62,99.02,57.07,49.87,38.97
555.15,35.28,21.35,22.94,21.62,98.64,57.21,49.87,38.97
555.16,35.28,21.32,22.94,21.62,98.64,57.07,49.87,38.97
555.17,35.28,21.35,22.94,21.62,98.64,57.21,49.87,38.97
555.18,35.21,21.35,22.94,21.62,99.02,57.07,49.87,38.97
555.19,35.28,21.35,22.94,21.62,99.02,57.21,49.87,38.89
555.20,35.21,21.35,22.94,21.62,98.64,57.21,49.87,38.97
555.21,35.28,21.35,22.94,21.62,98.64,57.07,49.87,38.97
555.22,35.28,21.35,22.94,21.62,98.64,57.07,49.87,38.97
555.23,35.28,21.35,22.94,21.62,98.64,57.21,49.87,38.97
555.24,35.28,21.35,22.94,21.62,98.64,57.21,49.87,38.97
555.25,35.34,21.35,22.94,21.62,99.02,57.07,49.75,38.97
555.26,35.21,21.35,22.94,21.62,98.64,57.07,49.75,38.97
555.27,35.21,21.32,22.94,21.62,99.02,57.07,49.87,38.89
555.28,35.21,21.38,22.94,21.62,98.64,56.92,49.87,38.97
555.29,35.28,21.35,22.94,21.58,99.02,57.21,49.87,38.97
555.30,35.21,21.35,22.94,21.62,98.64,57.07,49.87,38.97
555.31,35.21,21.35,22.94,21.62,98.64,57.07,49.87,38.97
555.32,35.28,21.32,22.94,21.62,98.64,57.07,49.87,38.97
555.33,35.21,21.35,22.94,21.62,98.64,57.07,49.87,39.04
555.34,35.34,21.35,22.94,21.62,98.64,57.21,49.87,39.04
555.35,35.21,21.35,22.94,21.62,98.64,57.21,49.87,38.97
555.36,35.21,21.32,22.94,21.58,98.64,57.07,49.87,38.97
555.37,35.28,21.32,22.94,21.62,99.02,57.07,49.87,38.89
555.38,35.21,21.35,22.94,21.62,99.02,57.21,49.87,39.04
555.39,35.34,21.35,22.94,21.62,99.02,57.07,49.87,38.89
555.40,35.34,21.35,22.94,21.62,98.64,57.07,49.87,38.97
555.41,35.28,21.32,22.94,21.62,98.64,57.21,49.87,38.97
555.42,35.21,21.35,22.94,21.62,99.02,57.07,49.87,38.97
555.43,35.28,21.35,22.94,21.62,99.02,57.21,49.87,39.04
555.44,35.34,21.35,22.94,21.62,98.64,57.07,49.87,38.97
555.45,35.21,21.32,22.94,21.62,98.64,57.07,49.87,38.97
555.46,35.28,21.35,22.94,21.62,98.64,57.07,49.87,38.97
555.47,35.21,21.32,22.94,21.62,98.64,57.07,49.87,38.97
555.48,35.21,21.35,22.94,21.62,98.64,57.07,49.87,38.97
555.49,35.28,21.35,22.94,21.62,98.64,57.21,49.87,38.97
555.50,35.21,21.35,22.94,21.62,98.64,57.07,49.87,38.97
555.51,35.28,21.35,22.94,21.62,99.02,57.07,49.87,38.97
555.52,35.28,21.35,22.94,21.62,98.64,57.07,49.87,38.97
555.53,35.21,21.35,22.97,21.62,98.64,57.21,49.87,39.04
555.54,35.28,21.35,22.94,21.62,98.64,57.07,49.87,38.97
555.55,35.28,21.35,22.94,21.62,98.64,57.21,49.87,38.97
555.56,35.28,21.35,22.94,21.62,98.64,57.21,49.87,39.04
555.57,35.28,21.35,22.94,21.62,98.64,57.21,49.87,38.97
555.58,35.28,21.35,22.94,21.62,99.02,57.21,49.87,38.97
555.59,35.34,21.35,22.97,21.58,98.64,57.21,49.87,38.97
555.60,35.28,21.35,22.94,21.62,99.02,57.07,49.87,38.97
555.61,35.21,21.35,22.94,21.62,98.64,57.07,49.75,38.97
555.62,35.21,21.35,22.90,21.62,98.64,57.07,49.75,38.97
555.63,35.21,21.35,22.94,21.62,98.64,57.07,49.98,38.97
555.64,35.28,21.35,22.94,21.62,98.64,57.21,49.75,38.97
555.65,35.28,21.35,22.94,21.62,98.64,57.21,49.87,38.97
555.66,35.28,21.32,22.94,21.62,98.64,57.21,49.87,38.97
555.67,35.28,21.32,22.94,21.62,98.64,57.07,49.75,38.97
555.68,35.21,21.35,22.94,21.62,99.02,57.07,49.87,38.97
555.69,35.21,21.35,22.97,21.62,99.02,57.21,49.87,38.97
555.70,35.28,21.35,22.97,21.62,98.64,57.21,49.87,38.97
555.71,35.28,21.35,22.94,21.62,98.64,57.21,49.87,38.97
555.72,35.21,21.35,22.94,21.62,99.02,57.07,49.87,39.04
555.73,35.21,21.35,22.94,21.62,99.40,57.07,49.87,38.97
555.74,35.34,21.35,22.97,21.62,98.64,57.21,49.87,39.04
555.75,35.34,21.35,22.94,21.62,99.02,57.07,49.87,39.04
555.76,35.21,21.35,22.94,21.58,98.64,57.07,49.87,38.97
555.77,35.28,21.35,22.94,21.62,98.64,57.07,49.87,38.97
555.78,35.21,21.35,22.94,21.62,99.02,57.07,49.87,38.97
555.79,35.21,21.35,22.97,21.62,99.02,57.07,49.87,38.97
555.80,35.28,21.35,22.94,21.62,98.64,57.21,49.87,38.97
555.81,35.21,21.35,22.94,21.62,99.02,57.21,49.87,38.97
555.82,35.28,21.35,22.94,21.62,98.64,57.21,49.87,38.97
555.83,35.21,21.35,22.94,21.62,99.02,57.07,49.87,38.97
555.84,35.28,21.35,22.97,21.62,99.02,57.21,49.87,38.97
555.85,35.28,21.35,22.97,21.62,99.02,57.07,49.87,38.97
555.86,35.34,21.35,22.94,21.62,99.02,57.07,49.87,39.04
555.87,35.21,21.32,22.94,21.62,98.64,57.07,49.87,38.97
555.88,35.34,21.35,22.94,21.62,99.02,57.21,49.87,38.97
555.89,35.21,21.35,22.94,21.62,99.02,57.21,49.87,38.97
555.90,35.21,21.35,22.94,21.62,98.64,57.21,49.87,38.97
555.91,35.21,21.35,22.94,21.62,98.64,57.07,49.87,38.97
555.92,35.21,21.35,22.94,21.62,98.64,57.07,49.87,39.04
555.93,35.28,21.35,22.94,21.62,98.64,57.21,49.87,38.97
555.94,35.34,21.38,22.94,21.62,99.02,57.07,49.87,38.97
555.95,35.21,21.35,22.97,21.62,99.02,57.21,49.87,38.97
555.96,35.21,21.35,22.94,21.62,99.02,57.21,49.87,38.97
555.97,35.34,21.35,22.94,21.62,98.64,56.92,49.87,38.97
555.98,35.28,21.35,22.94,21.62,99.02,57.07,49.87,39.04
555.99,35.28,21.35,22.94,21.62,99.02,57.21,49.87,38.97
556.00,35.28,21.35,22.97,21.62,99.02,57.07,49.87,38.97
556.01,35.28,21.35,22.94,21.62,98.64,57.07,49.87,38.97
556.02,35.28,21.35,22.94,21.62,98.64,57.21,49.87,38.97
556.03,35.34,21.35,22.94,21.62,99.02,57.21,49.87,38.97
556.04,35.34,21.38,22.97,21.62,99.02,57.21,49.87,39.04
556.05,35.28,21.38,22.97,21.62,98.64,57.07,49.87,38.97
556.06,35.21,21.35,22.97,21.62,99.02,57.07,49.87,38.97
556.07,35.21,21.35,22.94,21.62,99.02,57.21,49.87,38.97
556.08,35.28,21.35,22.94,21.62,99.02,57.21,49.87,38.97
556.09,35.28,21.38,22.97,21.62,99.02,57.07,49.98,38.97
556.10,35.34,21.35,22.94,21.62,98.64,57.07,49.87,39.04
556.11,35.21,21.35,22.94,21.62,98.64,57.21,49.87,39.04
556.12,35.34,21.35,22.94,21.62,99.02,57.21,49.87,38.97
556.13,35.34,21.38,22.94,21.62,99.02,57.21,49.87,38.97
556.14,35.34,21.38,22.97,21.62,99.02,57.21,49.87,38.97
556.15,35.28,21.35,22.94,21.62,99.02,57.21,49.87,38.97
556.16,35.28,21.35,22.94,21.58,98.64,57.21,49.87,38.97
556.17,35.21,21.35,22.94,21.62,99.02,57.21,49.87,38.97
556.18,35.28,21.35,22.94,21.62,99.02,57.07,49.87,38.97
556.19,35.28,21.38,22.97,21.62,99.02,57.21,49.87,38.97
556.20,35.28,21.38,22.97,21.62,99.02,57.21,49.87,38.97
556.21,35.28,21.35,22.94,21.62,98.64,57.07,49.87,38.97
556.22,35.28,21.35,22.97,21.62,99.02,57.07,49.87,38.97
556.23,35.28,21.38,22.97,21.62,99.02,57.21,49.87,39.04
556.24,35.28,21.38,22.97,21.62,99.02,57.21,49.87,38.97
556.25,35.28,21.38,22.97,21.58,99.02,57.21,49.87,38.97
556.26,35.28,21.35,22.97,21.62,99.02,57.21,49.87,39.04
556.27,35.28,21.35,22.94,21.62,98.64,57.07,49.87,38.97
556.28,35.28,21.35,22.97,21.62,99.02,57.07,49.87,39.04
556.29,35.34,21.38,22.97,21.62,99.02,57.21,49.87,38.97
556.30,35.34,21.38,22.97,21.62,99.02,57.07,49.87,38.97
556.31,35.28,21.35,22.97,21.62,98.64,57.21,49.87,39.04
556.32,35.21,21.35,22.94,21.62,98.64,57.07,49.87,38.97
556.33,35.28,21.38,22.94,21.62,99.02,57.21,49.87,38.97
556.34,35.34,21.38,22.97,21.62,99.02,57.07,49.87,38.97
556.35,35.28,21.35,22.97,21.62,99.02,57.21,49.87,39.04
556.36,35.28,21.35,22.94,21.62,99.02,57.21,49.87,38.97
556.37,35.28,21.38,22.94,21.62,99.02,57.07,49.64,39.04
556.38,35.28,21.35,22.97,21.62,99.02,57.07,49.87,38.89
556.39,35.28,21.38,22.97,21.62,99.02,57.21,49.98,38.97
556.40,35.28,21.35,22.94,21.62,99.02,57.21,49.87,39.04
556.41,35.21,21.35,22.94,21.62,98.64,57.07,49.87,38.97
556.42,35.28,21.35,22.94,21.62,98.64,57.07,49.87,38.97
556.43,35.34,21.35,22.97,21.62,99.02,57.21,49.87,38.97
556.44,35.28,21.38,22.97,21.62,99.02,57.21,49.98,38.97
556.45,35.28,21.38,22.97,21.62,99.02,57.21,49.87,38.97
556.46,35.21,21.35,22.97,21.62,99.02,57.21,49.87,39.04
556.47,35.28,21.35,22.94,21.62,98.64,57.21,49.87,38.97
556.48,35.28,21.38,22.97,21.62,99.02,57.21,49.87,38.97
556.49,35.34,21.38,22.97,21.62,99.02,57.21,49.98,38.97
556.50,35.34,21.38,22.97,21.62,99.02,57.21,49.87,38.97
556.51,35.34,21.35,22.94,21.62,99.02,57.21,49.87,39.04
556.52,35.34,21.38,22.94,21.62,99.02,57.07,49.87,39.04
556.53,35.21,21.35,22.97,21.58,99.02,57.21,49.87,38.97
556.54,35.34,21.35,22.97,21.62,98.64,57.21,49.98,38.97
556.55,35.28,21.35,22.97,21.62,99.02,57.21,49.87,39.04
556.56,35.21,21.35,22.94,21.62,98.64,57.07,49.87,39.04
556.57,35.34,21.35,22.97,21.62,99.02,57.07,49.87,39.04
556.58,35.28,21.38,22.97,21.62,99.02,57.21,49.98,39.04
556.59,35.28,21.38,22.97,21.62,99.02,57.07,49.87,38.97
556.60,35.28,21.38,22.97,21.62,99.02,57.21,49.98,39.04
556.61,35.21,21.35,22.97,21.62,99.02,57.07,49.87,38.97
556.62,35.34,21.35,22.94,21.62,99.02,57.36,49.87,38.97
556.63,35.28,21.38,22.94,21.62,99.02,57.07,49.87,38.97
556.64,35.28,21.38,22.97,21.58,98.64,57.21,49.98,38.89
556.65,35.28,21.35,22.97,21.62,98.64,57.21,49.87,39.04
556.66,35.28,21.35,22.97,21.62,99.02,57.07,49.87,38.97
556.67,35.34,21.35,22.94,21.62,98.64,57.07,49.87,38.97
556.68,35.34,21.35,22.97,21.62,99.02,57.21,49.87,39.04
556.69,35.28,21.38,22.97,21.62,98.64,57.21,49.98,39.04
556.70,35.28,21.35,22.97,21.62,99.02,57.21,49.87,39.04
556.71,35.28,21.38,22.97,21.62,99.02,57.21,49.87,38.97
556.72,35.15,21.35,22.97,21.62,99.02,57.07,49.98,39.04
556.73,35.34,21.38,22.97,21.62,98.64,57.21,49.87,38.97
556.74,35.28,21.38,22.97,21.62,99.02,57.21,49.98,38.97
556.75,35.34,21.38,22.97,21.62,99.02,57.21,49.87,38.97
556.76,35.28,21.35,22.94,21.62,99.02,57.21,49.75,38.97
556.77,35.28,21.35,22.97,21.62,98.64,57.21,49.98,39.04
556.78,35.41,21.35,22.97,21.62,99.02,57.21,49.87,38.97
556.79,35.28,21.38,23.01,21.62,99.02,57.21,49.98,38.97
556.80,35.34,21.38,22.97,21.62,99.02,57.07,49.98,39.04
556.81,35.28,21.35,22.94,21.62,98.64,57.21,49.87,38.97
556.82,35.28,21.35,22.97,21.62,99.02,57.21,49.98,39.04
556.83,35.28,21.38,22.97,21.62,99.02,57.21,49.87,39.04
556.84,35.34,21.38,22.97,21.62,98.64,57.21,49.87,38.97
556.85,35.28,21.35,22.97,21.62,99.40,57.07,49.98,39.04
556.86,35.28,21.35,22.94,21.62,98.64,57.21,49.75,39.04
556.87,35.28,21.38,22.97,21.62,99.40,57.21,49.87,39.04
556.88,35.28,21.38,22.94,21.62,98.64,57.21,49.98,39.04
556.89,35.34,21.38,22.97,21.62,99.02,57.21,49.87,39.04
556.90,35.34,21.38,22.97,21.62,99.02,57.21,49.98,39.04
556.91,35.28,21.35,22.94,21.62,99.02,57.21,49.87,38.97
556.92,35.28,21.35,22.97,21.62,99.02,57.07,49.87,38.97
556.93,35.28,21.38,22.97,21.62,99.02,57.21,49.87,38.97
556.94,35.28,21.38,22.97,21.62,99.02,57.21,49.98,39.04
556.95,35.34,21.38,22.97,21.62,99.02,57.21,49.87,38.97
556.96,35.34,21.38,22.94,21.62,98.64,57.07,49.87,39.04
556.97,35.21,21.35,22.97,21.62,98.64,57.21,49.87,38.97
556.98,35.28,21.35,22.97,21.62,98.64,57.21,49.75,38.97
556.99,35.28,21.38,22.97,21.62,99.02,57.21,49.87,38.97
557.00,35.34,21.38,22.97,21.62,99.02,57.21,49.87,38.97
557.01,35.34,21.35,22.97,21.62,99.02,57.07,49.87,38.97
557.02,35.34,21.35,22.97,21.62,98.64,57.21,49.87,38.97
557.03,35.21,21.38,23.01,21.62,99.02,57.21,49.87,39.12
557.04,35.34,21.38,22.97,21.62,99.02,57.21,49.87,38.97
557.05,35.28,21.38,22.97,21.62,99.02,57.21,49.87,39.04
557.06,35.28,21.35,22.97,21.62,99.02,57.21,49.87,38.97
557.07,35.28,21.35,22.97,21.62,98.64,57.21,49.87,39.04
557.08,35.28,21.38,22.97,21.62,99.02,57.07,49.87,38.97
557.09,35.34,21.38,22.97,21.62,99.02,57.21,49.87,39.04
557.10,35.28,21.38,22.97,21.62,98.64,57.21,49.87,38.97
557.11,35.28,21.38,22.94,21.62,98.64,57.21,49.87,39.04
557.12,35.28,21.35,22.97,21.62,99.02,57.21,49.87,39.04
557.13,35.28,21.38,22.97,21.62,99.02,57.21,49.87,39.04
557.14,35.34,21.35,22.97,21.62,99.02,57.21,49.98,39.04
557.15,35.34,21.38,22.97,21.62,98.64,57.21,49.87,38.97
557.16,35.28,21.35,22.97,21.62,98.64,57.21,49.87,38.97
557.17,35.34,21.35,22.97,21.62,99.02,57.21,49.87,38.97
557.18,35.28,21.38,22.97,21.62,99.02,57.21,49.98,38.97
557.19,35.34,21.38,22.97,21.62,99.02,57.21,49.87,38.97
557.20,35.28,21.38,22.97,21.58,99.02,57.21,49.87,39.04
557.21,35.34,21.38,22.94,21.62,99.02,57.21,49.87,38.97
557.22,35.28,21.38,22.97,21.62,99.02,57.07,49.87,38.97
557.23,35.34,21.38,22.97,21.62,99.02,57.21,49.87,38.97
557.24,35.34,21.38,22.97,21.62,99.02,57.21,49.87,38.97
557.25,35.34,21.38,22.97,21.62,99.02,57.21,49.87,39.04
557.26,35.28,21.38,22.94,21.62,98.64,57.07,49.87,38.97
557.27,35.28,21.35,22.97,21.62,99.02,57.21,49.87,39.04
557.28,35.34,21.38,22.94,21.62,99.02,57.21,49.98,38.97
557.29,35.34,21.38,22.97,21.62,99.02,57.21,49.98,38.97
557.30,35.28,21.38,22.97,21.62,98.64,57.21,49.87,39.04
557.31,35.28,21.38,22.97,21.62,99.02,57.21,49.98,39.04
557.32,35.28,21.35,22.97,21.62,99.02,57.21,49.87,38.97
557.33,35.34,21.38,22.97,21.62,99.02,57.21,49.87,38.97
557.34,35.34,21.38,22.97,21.62,99.02,57.21,49.98,39.04
557.35,35.28,21.38,22.97,21.62,98.64,57.21,49.98,39.04
557.36,35.28,21.38,22.97,21.62,98.64,57.21,49.87,38.97
557.37,35.34,21.38,22.97,21.62,98.64,57.07,49.87,38.97
557.38,35.34,21.38,22.97,21.62,99.02,57.21,49.87,39.04
557.39,35.34,21.38,23.01,21.62,99.02,57.21,49.98,39.04
557.40,35.28,21.38,22.97,21.62,99.02,57.21,49.87,39.04
557.41,35.28,21.38,22.97,21.62,99.02,57.21,49.87,38.97
557.42,35.34,21.35,22.97,21.62,99.02,57.21,49.98,38.97
557.43,35.28,21.38,22.97,21.62,99.02,57.21,49.98,39.04
557.44,35.34,21.41,22.97,21.62,99.02,57.21,49.98,38.97
557.45,35.28,21.38,22.97,21.62,99.02,57.21,49.87,39.04
557.46,35.21,21.38,22.97,21.62,99.02,57.21,49.98,39.04
557.47,35.28,21.38,22.97,21.62,98.64,57.21,49.98,38.97
557.48,35.28,21.38,23.01,21.62,99.02,57.21,49.87,38.97
557.49,35.28,21.38,22.97,21.62,99.02,57.21,49.98,39.04
557.50,35.28,21.38,22.97,21.62,98.64,57.21,49.87,39.04
557.51,35.34,21.38,22.97,21.62,99.02,57.21,49.98,39.04
557.52,35.34,21.35,22.97,21.62,99.02,57.21,49.98,39.04
557.53,35.28,21.38,22.97,21.58,99.02,57.21,49.98,38.97
557.54,35.28,21.41,22.97,21.62,99.02,57.21,49.98,39.04
557.55,35.28,21.38,23.01,21.62,99.02,57.21,49.98,39.04
557.56,35.28,21.38,22.97,21.62,99.02,57.07,49.87,38.97
557.57,35.34,21.38,22.97,21.62,99.02,57.21,49.98,39.04
557.58,35.28,21.38,22.97,21.62,99.02,57.21,49.98,38.97
557.59,35.41,21.38,23.01,21.62,99.02,57.21,49.98,39.04
557.60,35.41,21.38,22.97,21.62,99.02,57.21,49.87,38.97
557.61,35.28,21.38,22.97,21.62,99.02,57.21,49.87,39.04
557.62,35.34,21.35,22.97,21.62,99.02,57.21,49.87,39.04
557.63,35.34,21.38,22.97,21.62,99.02,57.21,49.87,39.04
557.64,35.28,21.41,23.01,21.62,99.02,57.21,49.98,39.04
557.65,35.34,21.38,22.97,21.62,99.02,57.21,49.87,39.04
557.66,35.28,21.38,22.97,21.62,98.64,57.07,49.87,38.97
557.67,35.34,21.38,22.97,21.62,99.02,57.21,49.87,39.04
557.68,35.28,21.38,22.97,21.62,99.02,57.21,49.98,39.04
557.69,35.28,21.38,22.97,21.62,99.02,57.21,49.98,39.04
557.70,35.34,21.38,22.97,21.62,99.02,57.21,49.87,39.04
557.71,35.34,21.38,22.97,21.62,99.02,57.21,49.87,39.04
557.72,35.28,21.38,22.97,21.62,99.02,57.21,49.98,38.97
557.73,35.28,21.41,22.97,21.62,99.02,57.21,49.98,39.04
557.74,35.34,21.38,23.01,21.62,99.02,57.21,49.98,39.04
557.75,35.34,21.41,22.97,21.62,99.02,57.21,49.87,39.04
557.76,35.28,21.38,22.97,21.62,99.02,57.07,49.87,39.04
557.77,35.28,21.38,22.97,21.62,99.02,57.21,49.87,38.97
557.78,35.28,21.41,22.97,21.62,98.64,57.21,49.87,39.04
557.79,35.34,21.41,23.01,21.62,99.02,57.21,49.87,38.89
557.80,35.28,21.38,23.01,21.62,99.02,57.21,49.98,38.97
557.81,35.34,21.38,22.97,21.62,99.02,57.21,49.98,38.97
557.82,35.28,21.38,22.97,21.62,98.64,57.07,49.98,39.04
557.83,35.34,21.35,22.97,21.62,99.02,57.36,49.98,38.89
557.84,35.34,21.41,23.01,21.62,99.02,57.21,49.87,38.97
557.85,35.28,21.38,22.97,21.62,99.02,57.36,49.87,39.04
557.86,35.28,21.35,22.97,21.62,99.02,57.07,49.87,38.97
557.87,35.34,21.38,22.97,21.62,99.02,57.51,49.87,38.97
557.88,35.28,21.38,22.97,21.62,99.02,57.21,49.98,39.04
557.89,35.28,21.38,23.01,21.62,99.02,57.07,49.98,38.97
557.90,35.28,21.38,22.97,21.62,99.02,57.21,49.87,39.04
557.91,35.28,21.38,22.97,21.62,99.02,57.21,49.87,39.04
557.92,35.34,21.38,22.97,21.62,99.02,57.07,49.87,38.97
557.93,35.41,21.38,22.97,21.62,99.02,57.21,49.98,38.97
557.94,35.34,21.41,23.01,21.62,99.02,57.21,49.98,39.04
557.95,35.28,21.38,22.97,21.62,99.02,57.21,49.87,39.04
557.96,35.34,21.38,22.97,21.62,99.02,57.21,49.87,39.04
557.97,35.28,21.38,22.97,21.62,99.02,57.21,49.98,39.04
557.98,35.28,21.38,23.01,21.62,99.02,57.21,49.98,39.04
557.99,35.34,21.38,22.97,21.62,99.02,57.21,49.98,38.97
558.00,35.34,21.38,23.01,21.62,98.64,57.07,49.87,38.97
558.01,35.28,21.38,22.97,21.62,99.02,57.21,49.98,39.04
558.02,35.34,21.38,22.97,21.62,99.02,57.21,49.87,38.97
558.03,35.28,21.38,23.01,21.62,99.02,57.21,49.87,39.04
558.04,35.28,21.41,23.01,21.62,99.02,57.21,49.98,38.97
558.05,35.34,21.38,23.01,21.62,99.02,57.21,49.98,39.04
558.06,35.28,21.38,22.97,21.62,99.02,57.21,49.98,39.04
558.07,35.28,21.38,22.97,21.62,99.02,57.21,49.87,39.04
558.08,35.28,21.38,22.97,21.62,99.02,57.21,49.98,38.97
558.09,35.34,21.38,23.01,21.62,99.02,57.21,49.98,39.04
558.10,35.34,21.38,23.01,21.62,99.02,57.21,49.98,38.97
558.11,35.28,21.38,22.97,21.62,98.64,57.21,49.87,39.04
558.12,35.28,21.38,22.97,21.62,98.64,57.21,49.98,38.97
558.13,35.34,21.38,23.01,21.62,99.02,57.21,50.10,38.97
558.14,35.34,21.41,22.97,21.62,99.02,57.21,49.98,39.04
558.15,35.41,21.41,22.97,21.62,99.02,57.21,50.10,39.04
558.16,35.28,21.38,22.97,21.62,99.02,57.07,49.98,39.04
558.17,35.28,21.38,23.01,21.62,99.02,57.21,49.87,39.04
558.18,35.28,21.38,22.97,21.62,99.02,57.21,49.98,39.04
558.19,35.28,21.38,23.01,21.62,99.02,57.21,49.98,39.04
558.20,35.28,21.38,22.97,21.62,99.02,57.21,49.87,38.97
558.21,35.28,21.35,23.01,21.62,99.02,57.21,49.87,39.04
558.22,35.28,21.38,22.97,21.62,99.02,57.21,49.98,39.04
558.23,35.34,21.38,23.01,21.62,98.64,57.21,49.98,39.04
558.24,35.28,21.41,22.97,21.62,99.02,57.21,49.98,39.04
558.25,35.28,21.38,23.01,21.62,99.02,57.21,49.87,39.04
558.26,35.34,21.38,22.97,21.62,99.02,57.21,49.98,39.04
558.27,35.34,21.38,22.97,21.62,99.02,57.21,49.87,39.04
558.28,35.28,21.41,22.97,21.62,99.02,57.21,49.87,38.97
558.29,35.34,21.38,23.01,21.62,99.02,57.21,49.98,38.97
558.30,35.28,21.38,22.97,21.62,99.02,57.21,49.87,38.97
558.31,35.28,21.38,22.97,21.62,99.02,57.21,49.87,39.04
558.32,35.28,21.38,22.97,21.62,99.02,57.21,49.87,38.97
558.33,35.28,21.38,23.01,21.62,99.02,57.21,49.98,39.04
558.34,35.28,21.41,23.01,21.62,99.02,57.21,49.98,39.04
558.35,35.28,21.38,22.97,21.62,99.02,57.21,49.87,39.04
558.36,35.28,21.38,22.97,21.62,99.02,57.21,49.87,39.04
558.37,35.28,21.38,22.97,21.62,99.02,57.21,49.98,38.97
558.38,35.34,21.41,23.01,21.62,98.64,57.21,49.98,39.04
558.39,35.34,21.41,23.01,21.62,99.02,57.21,49.98,39.04
558.40,35.34,21.38,23.01,21.62,98.64,57.21,49.98,39.04
558.41,35.28,21.38,22.97,21.62,99.02,57.21,49.98,39.04
558.42,35.34,21.38,23.01,21.62,99.02,57.21,49.98,39.04
558.43,35.28,21.38,23.01,21.62,99.02,57.21,49.87,38.97
558.44,35.34,21.41,23.01,21.62,99.02,57.21,49.98,39.04
558.45,35.34,21.38,22.97,21.62,99.02,57.21,49.98,39.04
558.46,35.34,21.38,22.97,21.62,99.02,57.21,49.87,39.04
558.47,35.34,21.38,22.97,21.62,99.02,57.21,49.87,39.04
558.48,35.34,21.41,23.01,21.62,99.02,57.21,49.98,39.04
558.49,35.41,21.41,23.01,21.62,99.02,57.21,49.98,38.97
558.50,35.28,21.38,23.01,21.62,99.02,57.21,49.87,39.04
558.51,35.34,21.38,22.97,21.62,99.02,57.36,49.87,39.04
558.52,35.34,21.38,23.01,21.62,99.02,57.21,49.98,39.04
558.53,35.34,21.41,23.01,21.62,99.02,57.21,49.98,39.04
558.54,35.28,21.41,22.97,21.62,99.02,57.21,49.98,39.04
558.55,35.34,21.38,23.01,21.62,99.02,57.07,49.98,39.04
558.56,35.28,21.38,22.97,21.62,99.02,57.21,49.87,39.04
558.57,35.28,21.38,22.97,21.62,99.02,57.21,49.98,39.04
558.58,35.28,21.38,22.97,21.62,99.02,57.21,49.98,39.04
558.59,35.28,21.38,23.01,21.62,99.02,57.21,49.98,38.97
558.60,35.28,21.41,22.97,21.62,99.02,57.21,49.87,39.04
558.61,35.34,21.41,22.97,21.65,99.02,57.36,49.87,39.04
558.62,35.41,21.38,23.01,21.62,99.02,57.21,49.98,39.04
558.63,35.28,21.41,23.01,21.62,99.02,57.21,49.98,38.97
558.64,35.34,21.41,23.01,21.62,99.02,57.21,49.98,39.04
558.65,35.34,21.41,23.01,21.62,99.02,57.21,49.98,39.04
558.66,35.28,21.38,22.97,21.62,99.02,57.21,49.98,39.04
558.67,35.34,21.41,22.97,21.62,99.02,57.21,49.98,38.97
558.68,35.34,21.41,23.01,21.62,99.02,57.21,49.98,38.97
558.69,35.34,21.41,23.01,21.62,99.02,57.21,49.98,39.04
558.70,35.41,21.38,23.01,21.62,99.02,57.21,49.87,39.04
558.71,35.28,21.38,22.97,21.62,99.02,57.21,49.87,39.04
558.72,35.28,21.38,22.97,21.62,99.02,57.21,49.98,38.97
558.73,35.34,21.41,23.01,21.62,99.02,57.21,49.98,39.04
558.74,35.34,21.41,23.01,21.62,99.40,57.21,49.98,38.97
558.75,35.28,21.38,23.01,21.62,99.02,57.21,49.87,39.04
558.76,35.41,21.38,22.97,21.62,99.02,57.07,49.87,39.04
558.77,35.28,21.38,22.97,21.62,99.02,57.21,49.98,38.97
558.78,35.41,21.41,23.01,21.62,99.02,57.21,49.98,39.04
558.79,35.34,21.38,23.01,21.62,99.40,57.21,49.98,39.04
558.80,35.28,21.38,22.97,21.62,99.02,57.21,49.98,39.04
558.81,35.28,21.38,22.97,21.62,99.02,57.21,49.87,39.04
558.82,35.28,21.35,22.97,21.62,99.02,57.21,49.98,39.04
558.83,35.28,21.41,23.01,21.62,99.02,57.21,49.87,39.04
558.84,35.34,21.41,23.01,21.62,99.02,57.21,49.98,39.04
558.85,35.34,21.38,22.97,21.62,99.02,57.21,49.87,39.04
558.86,35.28,21.38,22.97,21.62,99.02,57.21,49.87,39.04
558.87,35.34,21.38,23.01,21.62,99.02,57.21,49.98,39.04
558.88,35.34,21.41,23.01,21.62,99.02,57.21,49.98,38.97
558.89,35.34,21.41,23.01,21.62,99.02,57.21,49.98,39.04
558.90,35.34,21.41,22.97,21.62,99.02,57.21,49.87,39.04
558.91,35.28,21.38,22.97,21.62,99.02,57.21,49.98,38.97
558.92,35.34,21.41,22.97,21.62,99.02,57.21,49.87,38.97
558.93,35.34,21.41,22.97,21.62,99.02,57.21,49.87,39.04
558.94,35.34,21.41,23.01,21.62,99.02,57.21,49.98,39.04
558.95,35.41,21.38,23.01,21.62,99.02,57.21,49.98,39.04
558.96,35.34,21.38,22.97,21.62,99.02,57.21,49.98,39.04
558.97,35.34,21.38,23.01,21.58,99.02,57.21,49.98,39.04
558.98,35.41,21.41,23.01,21.62,99.02,57.21,49.87,39.04
558.99,35.34,21.41,23.01,21.62,99.02,57.21,49.98,39.04
559.00,35.28,21.38,23.01,21.62,99.02,57.21,49.98,39.04
559.01,35.28,21.35,22.97,21.62,98.64,57.21,49.98,39.04
559.02,35.34,21.38,22.97,21.62,99.02,57.21,49.87,38.97
559.03,35.34,21.41,23.01,21.62,99.02,57.21,49.98,38.97
559.04,35.34,21.45,23.01,21.62,99.02,57.21,49.98,39.04
559.05,35.34,21.41,23.01,21.62,99.02,57.21,49.87,39.04
559.06,35.28,21.35,22.97,21.62,99.02,57.21,49.87,39.04
559.07,35.28,21.38,22.97,21.62,99.02,57.21,49.98,39.04
559.08,35.34,21.38,23.01,21.62,99.02,57.21,49.87,39.04
559.09,35.34,21.41,23.01,21.62,99.02,57.21,49.98,38.97
559.10,35.34,21.41,22.97,21.62,99.02,57.36,49.87,39.04
559.11,35.28,21.38,22.97,21.62,99.02,57.07,49.87,39.04
559.12,35.28,21.38,23.01,21.62,99.02,57.21,49.87,39.04
559.13,35.28,21.38,23.01,21.65,99.02,57.36,49.98,39.12
559.14,35.34,21.41,23.01,21.62,99.02,57.21,49.98,38.97
559.15,35.34,21.41,23.01,21.62,99.02,57.21,49.87,39.04
559.16,35.34,21.38,22.97,21.62,99.02,57.21,49.87,39.04
559.17,35.34,21.38,23.01,21.62,99.02,57.21,49.98,39.04
559.18,35.34,21.41,23.01,21.62,99.02,57.21,49.98,39.04
559.19,35.34,21.41,23.01,21.62,99.02,57.21,49.98,39.04
559.20,35.34,21.38,23.01,21.62,99.02,57.21,49.87,39.04
559.21,35.28,21.38,22.97,21.62,99.02,57.21,49.98,39.04
559.22,35.28,21.41,23.01,21.62,99.02,57.21,49.98,39.04
559.23,35.41,21.41,23.01,21.62,99.02,57.36,49.98,39.04
559.24,35.34,21.38,23.01,21.62,99.02,57.21,49.98,39.04
559.25,35.28,21.38,23.01,21.62,98.64,57.21,49.87,39.04
559.26,35.41,21.38,22.97,21.62,99.02,57.21,49.87,39.04
559.27,35.34,21.38,23.01,21.62,99.02,57.21,49.98,38.97
559.28,35.34,21.41,23.01,21.62,99.02,57.21,49.87,39.04
559.29,35.34,21.41,22.97,21.62,99.02,57.21,49.87,39.04
559.30,35.34,21.41,23.01,21.62,99.02,57.21,49.87,39.04
559.31,35.34,21.38,22.97,21.62,99.02,57.21,49.87,39.04
559.32,35.34,21.38,22.97,21.62,99.02,57.21,49.87,39.04
559.33,35.41,21.41,23.01,21.62,99.02,57.21,49.98,39.04
559.34,35.34,21.41,23.01,21.62,99.02,57.21,49.98,39.04
559.35,35.28,21.38,23.01,21.58,99.40,57.21,49.98,39.04
559.36,35.34,21.38,22.97,21.62,98.64,57.21,49.87,39.04
559.37,35.28,21.38,22.97,21.62,99.02,57.21,49.87,39.04
559.38,35.41,21.41,23.01,21.62,99.40,57.21,49.98,39.04
559.39,35.34,21.41,23.01,21.62,99.02,57.21,49.87,38.97
559.40,35.28,21.38,23.01,21.58,99.02,57.21,50.10,39.04
559.41,35.34,21.38,22.97,21.62,98.64,57.21,49.87,39.04
559.42,35.34,21.38,22.97,21.62,99.02,57.21,49.87,39.04
559.43,35.28,21.41,23.01,21.62,99.02,57.21,49.87,39.04
559.44,35.34,21.38,23.01,21.62,99.02,57.21,49.98,39.04
559.45,35.34,21.41,22.97,21.62,99.02,57.21,49.98,39.04
559.46,35.28,21.38,22.97,21.62,99.02,57.21,49.87,39.04
559.47,35.34,21.38,22.97,21.62,99.02,57.21,49.98,39.04
559.48,35.41,21.41,23.01,21.62,99.02,57.21,49.98,39.04
559.49,35.28,21.41,23.01,21.62,99.02,57.21,49.87,39.04
559.50,35.28,21.38,23.01,21.62,99.02,57.21,49.98,39.04
559.51,35.28,21.38,22.97,21.62,99.02,57.21,49.98,39.04
559.52,35.41,21.38,22.97,21.62,99.02,57.21,49.87,39.04
559.53,35.34,21.38,23.01,21.62,99.02,57.21,49.98,39.04
559.54,35.41,21.41,23.01,21.62,99.02,57.21,49.98,39.04
559.55,35.34,21.38,23.01,21.62,99.02,57.21,49.87,39.04
559.56,35.28,21.38,23.01,21.62,99.02,57.21,49.98,39.04
559.57,35.34,21.38,22.97,21.58,99.02,57.21,49.98,39.04
559.58,35.34,21.41,23.01,21.62,99.02,57.07,49.98,39.04
559.59,35.41,21.38,23.01,21.62,99.02,57.21,49.98,39.04
559.60,35.34,21.38,22.97,21.62,99.02,57.21,49.87,38.97
559.61,35.28,21.38,22.97,21.62,99.02,57.21,49.98,39.04
559.62,35.28,21.38,22.97,21.62,99.02,57.21,49.87,39.04
559.63,35.34,21.41,23.01,21.62,99.02,57.21,49.87,39.04
559.64,35.34,21.38,23.01,21.62,99.02,57.21,49.87,39.04
559.65,35.34,21.38,22.97,21.62,99.02,57.21,49.87,39.04
559.66,35.34,21.38,22.97,21.62,99.02,57.21,49.87,39.04
559.67,35.34,21.38,22.97,21.62,99.02,57.21,49.87,39.04
559.68,35.34,21.41,23.01,21.62,99.02,57.21,49.98,39.04
559.69,35.34,21.41,23.01,21.62,99.02,57.21,49.87,39.04
559.70,35.34,21.38,22.97,21.62,99.02,57.21,49.98,39.04
559.71,35.28,21.38,22.97,21.62,99.02,57.21,49.87,39.04
559.72,35.28,21.38,22.97,21.62,99.02,57.21,49.87,39.04
559.73,35.34,21.38,23.01,21.62,99.02,57.21,49.87,39.04
559.74,35.34,21.41,23.01,21.62,99.02,57.21,49.98,39.04
559.75,35.34,21.38,22.97,21.62,99.02,57.21,49.87,39.04
559.76,35.28,21.38,22.97,21.62,99.02,57.21,49.87,39.04
559.77,35.28,21.38,22.97,21.62,99.02,57.21,49.87,39.04
559.78,35.28,21.41,23.01,21.62,99.02,57.36,49.87,39.04
559.79,35.28,21.41,23.01,21.62,99.02,57.36,49.98,39.04
559.80,35.34,21.38,23.01,21.62,99.02,57.21,49.87,39.04
559.81,35.28,21.38,22.97,21.62,99.02,57.21,49.87,39.04
559.82,35.28,21.38,23.01,21.62,99.02,57.21,49.87,39.04
559.83,35.41,21.41,22.97,21.62,99.02,57.36,49.98,39.04
559.84,35.41,21.41,23.01,21.62,99.02,57.21,49.98,39.04
559.85,35.34,21.38,22.97,21.62,99.02,57.21,49.87,39.04
559.86,35.34,21.38,22.97,21.62,99.02,57.21,49.87,39.04
559.87,35.34,21.38,22.97,21.62,99.02,57.21,49.87,39.12
559.88,35.34,21.41,23.01,21.62,99.02,57.21,49.98,39.04
559.89,35.34,21.41,23.01,21.62,99.02,57.21,49.98,39.04
559.90,35.28,21.38,22.97,21.62,99.02,57.21,49.87,39.04
559.91,35.28,21.38,22.97,21.62,99.02,57.21,49.87,39.04
559.92,35.28,21.38,22.97,21.62,99.02,57.21,49.87,39.04
559.93,35.28,21.38,23.01,21.62,99.02,57.21,49.98,39.04
559.94,35.28,21.41,22.97,21.58,98.64,57.21,49.87,39.04
559.95,35.34,21.38,22.97,21.62,99.02,57.21,49.87,39.04
559.96,35.28,21.38,22.97,21.62,98.64,57.21,49.87,39.04
559.97,35.34,21.38,22.97,21.62,99.02,57.21,49.87,39.04
559.98,35.28,21.41,22.97,21.62,99.02,57.21,49.98,39.04
559.99,35.28,21.38,22.97,21.62,99.02,57.21,49.87,39.04
560.00,35.34,21.38,22.97,21.62,99.02,57.21,49.98,39.04
560.01,35.28,21.38,22.97,21.62,99.02,57.21,49.98,39.04
560.02,35.28,21.38,22.97,21.62,99.02,57.21,49.98,39.04
560.03,35.28,21.38,22.97,21.62,99.02,57.21,49.87,39.04
560.04,35.28,21.38,23.01,21.62,99.02,57.21,49.98,39.04
560.05,35.28,21.38,22.97,21.62,99.02,57.21,49.87,39.04
560.06,35.21,21.38,22.97,21.62,99.02,57.21,49.87,39.04
560.07,35.28,21.38,22.97,21.62,99.02,57.21,49.87,39.04
560.08,35.28,21.38,23.01,21.62,99.02,57.07,49.87,39.04
560.09,35.28,21.38,22.97,21.62,99.02,57.21,49.87,39.04
560.10,35.34,21.35,22.97,21.62,99.02,57.07,49.87,39.04
560.11,35.34,21.35,22.97,21.62,99.02,57.21,49.87,38.97
560.12,35.21,21.38,22.97,21.62,99.02,57.21,49.87,39.04
560.13,35.28,21.38,22.97,21.62,99.02,57.21,49.87,39.04
560.14,35.34,21.38,22.97,21.62,99.02,57.21,49.87,39.04
560.15,35.28,21.38,22.97,21.62,99.02,57.21,49.87,39.04
560.16,35.28,21.38,22.94,21.62,98.64,57.21,49.87,38.97
560.17,35.28,21.38,22.97,21.62,98.64,57.21,49.87,39.04
560.18,35.34,21.38,22.97,21.62,99.02,57.21,49.87,39.04
560.19,35.28,21.38,22.97,21.62,99.02,57.21,49.87,39.04
560.20,35.28,21.38,22.97,21.62,99.02,57.21,49.87,39.04
560.21,35.34,21.35,22.97,21.62,98.64,57.21,49.87,38.97
560.22,35.34,21.38,22.97,21.62,99.02,57.21,49.87,39.04
560.23,35.28,21.38,22.97,21.62,98.64,57.21,49.87,39.04
560.24,35.28,21.38,22.97,21.62,99.02,57.21,49.87,39.04
560.25,35.28,21.38,22.97,21.62,99.02,57.07,49.87,39.04
560.26,35.28,21.38,22.97,21.62,99.02,57.21,49.87,39.04
560.27,35.21,21.38,22.97,21.62,98.64,57.21,49.87,39.04
560.28,35.34,21.38,22.97,21.62,99.02,57.21,49.87,39.04
560.29,35.28,21.38,22.97,21.62,99.02,57.21,49.87,39.04
560.30,35.28,21.35,22.97,21.62,98.64,57.21,49.87,39.04
560.31,35.34,21.35,22.97,21.62,99.02,57.21,49.87,38.97
560.32,35.28,21.35,22.97,21.62,99.02,57.07,49.87,38.97
560.33,35.34,21.38,22.97,21.62,99.02,57.21,49.87,39.04
560.34,35.28,21.38,22.97,21.62,99.02,57.07,49.87,38.97
560.35,35.28,21.35,22.94,21.62,99.02,57.21,49.87,39.04
560.36,35.28,21.35,22.94,21.62,98.64,57.07,49.87,39.04
560.37,35.28,21.38,22.97,21.62,98.64,57.21,49.87,39.04
560.38,35.28,21.38,22.97,21.62,99.02,57.21,49.87,39.04
560.39,35.28,21.38,22.97,21.62,99.02,57.21,49.87,38.97
560.40,35.34,21.35,22.94,21.62,99.02,57.21,49.87,39.12
560.41,35.28,21.35,22.97,21.62,99.02,57.21,49.87,39.04
560.42,35.34,21.38,22.94,21.62,99.02,57.07,49.87,39.04
560.43,35.34,21.38,22.97,21.62,99.02,57.21,49.87,39.04
560.44,35.34,21.38,22.97,21.58,99.02,57.21,49.87,39.04
560.45,35.28,21.35,22.97,21.62,99.02,57.21,49.87,39.04
560.46,35.21,21.35,22.94,21.62,99.02,57.07,49.87,39.04
560.47,35.21,21.35,22.94,21.62,99.02,57.07,49.87,39.04
560.48,35.28,21.38,22.97,21.62,99.02,57.07,49.87,39.04
560.49,35.28,21.38,22.97,21.62,99.02,57.21,49.87,39.04
560.50,35.28,21.35,22.97,21.62,99.02,57.07,49.87,39.04
560.51,35.28,21.35,22.94,21.62,98.64,57.07,49.87,39.04
560.52,35.28,21.35,22.94,21.62,99.02,57.07,49.75,39.04
560.53,35.28,21.38,22.97,21.62,99.02,57.07,49.87,39.04
560.54,35.28,21.38,22.94,21.62,98.64,57.21,49.87,39.04
560.55,35.28,21.35,22.97,21.62,98.64,57.21,49.87,39.04
560.56,35.28,21.35,22.97,21.62,98.64,57.07,49.87,39.04
560.57,35.21,21.35,22.94,21.62,98.64,57.21,49.87,39.04
560.58,35.28,21.38,22.97,21.62,99.02,57.21,49.87,39.04
560.59,35.28,21.38,22.97,21.62,98.64,57.21,49.87,39.04
560.60,35.28,21.35,22.97,21.62,99.02,57.21,49.87,39.04
560.61,35.21,21.38,22.94,21.62,98.64,57.21,49.87,39.04
560.62,35.28,21.35,22.94,21.62,99.40,57.07,49.87,39.04
560.63,35.21,21.35,22.97,21.62,98.64,57.21,49.87,39.04
560.64,35.34,21.38,22.94,21.62,99.02,57.07,49.75,39.04
560.65,35.21,21.35,22.94,21.62,98.64,57.07,49.87,39.04
560.66,35.21,21.38,22.97,21.62,99.02,57.21,49.87,39.04
560.67,35.28,21.35,22.94,21.62,99.02,57.21,49.87,39.04
560.68,35.28,21.38,22.97,21.62,99.02,57.07,49.87,39.04
560.69,35.28,21.38,22.97,21.62,98.64,57.07,49.87,39.04
560.70,35.34,21.35,22.97,21.62,98.64,57.07,49.87,39.04
560.71,35.21,21.35,22.94,21.62,98.64,57.21,49.87,39.04
560.72,35.28,21.35,22.94,21.62,98.64,57.21,49.87,39.04
560.73,35.28,21.38,22.94,21.62,98.64,57.21,49.87,39.04
560.74,35.28,21.38,22.97,21.62,99.02,57.21,49.87,39.04
560.75,35.28,21.35,22.97,21.62,99.02,57.07,49.87,39.04
560.76,35.28,21.35,22.94,21.62,98.64,57.07,49.87,39.04
560.77,35.21,21.35,22.94,21.62,99.02,57.21,49.87,39.04
560.78,35.21,21.35,22.97,21.62,99.02,57.07,49.87,39.04
560.79,35.28,21.38,22.97,21.62,98.64,57.07,49.87,39.04
560.80,35.28,21.35,22.97,21.62,98.64,57.21,49.87,39.04
560.81,35.21,21.35,22.94,21.62,98.64,57.07,49.87,39.04
560.82,35.28,21.35,22.94,21.62,98.64,57.07,49.87,39.04
560.83,35.28,21.35,22.97,21.62,99.02,57.21,49.87,39.04
560.84,35.28,21.38,22.97,21.62,99.02,57.21,49.87,39.04
560.85,35.28,21.35,22.97,21.62,98.64,57.07,49.87,39.04
560.86,35.28,21.35,22.94,21.58,98.64,57.07,49.75,39.04
560.87,35.28,21.38,22.94,21.58,98.64,57.21,49.87,39.04
560.88,35.34,21.38,22.97,21.62,99.02,57.07,49.87,39.04
560.89,35.28,21.35,22.97,21.62,98.64,57.21,49.87,39.04
560.90,35.28,21.35,22.94,21.62,98.64,57.07,49.87,39.04
560.91,35.21,21.35,22.94,21.58,99.02,57.07,49.87,39.04
560.92,35.21,21.35,22.94,21.62,99.02,57.07,49.87,39.04
560.93,35.21,21.35,22.97,21.62,98.64,57.21,49.87,39.04
560.94,35.34,21.35,22.97,21.62,99.02,57.21,49.87,39.04
560.95,35.21,21.35,22.94,21.62,98.64,57.21,49.87,39.04
560.96,35.21,21.35,22.97,21.62,98.64,57.07,49.87,39.04
560.97,35.21,21.35,22.94,21.62,99.02,57.07,49.87,39.04
560.98,35.21,21.38,22.97,21.62,99.02,57.07,49.87,39.04
560.99,35.21,21.38,22.97,21.62,98.64,57.07,49.87,39.04
561.00,35.28,21.35,22.94,21.62,98.64,57.21,49.87,39.04
561.01,35.21,21.35,22.94,21.62,99.02,57.07,49.87,39.04
561.02,35.21,21.35,22.94,21.62,98.64,57.07,49.87,39.04
561.03,35.28,21.35,22.97,21.62,98.64,57.21,49.75,39.04
561.04,35.34,21.38,22.97,21.62,98.64,57.21,49.87,39.04
561.05,35.28,21.35,22.94,21.62,98.64,57.21,49.87,39.04
561.06,35.28,21.35,22.94,21.62,98.64,57.07,49.87,39.04
561.07,35.21,21.35,22.94,21.62,98.64,57.07,49.87,39.04
561.08,35.28,21.38,22.97,21.62,98.64,57.21,49.87,39.04
561.09,35.28,21.35,22.97,21.62,99.02,57.21,49.87,39.04
561.10,35.28,21.35,22.94,21.62,98.64,57.07,49.87,39.12
561.11,35.21,21.35,22.94,21.62,99.02,57.07,49.87,39.04
561.12,35.21,21.35,22.94,21.62,98.64,57.07,49.87,39.04
561.13,35.21,21.38,22.94,21.62,99.02,57.21,49.87,39.04
561.14,35.21,21.35,22.94,21.62,98.64,57.21,49.87,39.04
561.15,35.28,21.35,22.94,21.62,98.64,57.21,49.75,39.04
561.16,35.34,21.38,22.94,21.62,99.02,57.07,49.87,38.97
561.17,35.21,21.35,22.94,21.62,98.64,57.07,49.75,39.04
561.18,35.28,21.38,22.94,21.62,99.02,57.21,49.87,39.04
561.19,35.21,21.38,22.97,21.62,98.64,57.21,49.87,39.04
561.20,35.34,21.35,22.94,21.62,99.02,57.07,49.87,39.04
561.21,35.21,21.35,22.94,21.62,98.64,57.07,49.87,39.04
561.22,35.21,21.38,22.94,21.62,98.64,57.07,49.87,38.97
561.23,35.21,21.35,22.97,21.62,99.02,57.07,49.87,39.04
561.24,35.21,21.38,22.97,21.62,99.02,56.92,49.87,39.04
561.25,35.21,21.35,22.94,21.62,98.64,57.07,49.75,39.04
561.26,35.21,21.35,22.94,21.62,98.64,57.07,49.87,39.04
561.27,35.21,21.35,22.94,21.62,98.64,57.07,49.87,39.04
561.28,35.28,21.35,22.94,21.62,99.02,57.21,49.87,39.04
561.29,35.34,21.38,22.94,21.62,98.64,57.07,49.87,39.04
561.30,35.28,21.35,22.94,21.62,99.02,57.07,49.75,39.04
561.31,35.28,21.35,22.94,21.62,98.64,57.21,49.87,39.04
561.32,35.21,21.35,22.94,21.62,98.64,57.07,49.87,39.04
561.33,35.28,21.38,22.97,21.62,98.64,57.07,49.75,39.04
561.34,35.28,21.38,22.97,21.62,99.02,57.21,49.87,39.04
561.35,35.21,21.35,22.94,21.58,98.64,57.07,49.87,39.04
561.36,35.21,21.35,22.94,21.62,98.64,57.07,49.87,39.04
561.37,35.21,21.35,22.94,21.62,99.02,57.07,49.87,39.04
561.38,35.28,21.35,22.97,21.62,99.02,57.21,49.87,39.04
561.39,35.28,21.38,22.94,21.62,99.02,57.07,49.87,39.04
561.40,35.28,21.35,22.94,21.62,98.64,57.07,49.87,39.04
561.41,35.21,21.35,22.94,21.62,98.64,57.07,49.87,39.04
561.42,35.28,21.35,22.94,21.62,98.64,57.21,49.87,39.12
561.43,35.28,21.38,22.97,21.62,99.02,57.07,49.87,39.04
561.44,35.21,21.35,22.94,21.62,98.64,57.21,49.87,39.04
561.45,35.28,21.35,22.94,21.62,98.64,57.07,49.75,39.04
561.46,35.21,21.35,22.94,21.62,98.64,57.07,49.87,39.04
561.47,35.21,21.35,22.94,21.62,99.02,57.07,49.87,39.04
561.48,35.21,21.35,22.97,21.62,98.64,57.21,49.87,39.04
561.49,35.28,21.38,22.94,21.62,98.64,57.07,49.75,39.04
561.50,35.21,21.38,22.94,21.62,99.02,57.21,49.87,39.04
561.51,35.21,21.32,22.94,21.58,98.64,57.07,49.87,39.04
561.52,35.21,21.35,22.94,21.62,98.64,57.07,49.87,39.04
561.53,35.34,21.38,22.97,21.65,99.02,57.21,49.87,39.04
561.54,35.34,21.38,22.94,21.62,98.64,57.07,49.87,39.04
561.55,35.21,21.38,22.94,21.62,98.64,57.07,49.87,39.04
561.56,35.21,21.35,22.94,21.62,98.64,57.07,49.87,39.12
561.57,35.28,21.35,22.94,21.62,98.64,57.07,49.87,39.04
561.58,35.34,21.38,22.94,21.62,98.64,57.21,49.75,39.04
561.59,35.28,21.35,22.97,21.62,99.02,57.07,49.87,39.04
561.60,35.21,21.35,22.94,21.62,98.64,57.21,49.75,39.04
561.61,35.28,21.35,22.94,21.62,99.02,57.07,49.87,39.04
561.62,35.21,21.35,22.94,21.62,98.64,57.07,49.87,39.12
561.63,35.28,21.38,22.97,21.62,99.02,57.07,49.87,39.12
561.64,35.28,21.35,22.94,21.62,98.64,57.07,49.87,38.97
561.65,35.28,21.35,22.94,21.62,98.64,57.07,49.75,39.04
561.66,35.21,21.35,22.94,21.62,98.64,57.07,49.75,39.04
561.67,35.21,21.35,22.94,21.62,99.02,57.07,49.87,39.04
561.68,35.34,21.35,22.94,21.62,98.64,57.07,49.87,39.04
561.69,35.21,21.35,22.94,21.62,98.64,57.21,49.87,39.04
561.70,35.21,21.35,22.94,21.62,98.64,57.07,49.87,39.04
561.71,35.21,21.32,22.94,21.62,98.64,57.07,49.87,39.04
561.72,35.21,21.35,22.94,21.62,99.02,57.07,49.87,39.04
561.73,35.28,21.35,22.94,21.62,99.02,57.07,49.87,39.04
561.74,35.21,21.35,22.94,21.62,99.02,57.21,49.87,39.04
561.75,35.28,21.38,22.94,21.58,98.64,57.07,49.87,39.04
561.76,35.28,21.35,22.94,21.62,98.64,57.21,49.75,39.04
561.77,35.21,21.35,22.94,21.62,99.02,57.07,49.87,39.04
561.78,35.28,21.35,22.94,21.62,99.02,57.07,49.87,39.04
561.79,35.28,21.35,22.94,21.62,98.64,57.07,49.87,39.04
561.80,35.21,21.35,22.94,21.58,98.64,57.07,49.87,39.04
561.81,35.21,21.35,22.94,21.62,98.64,57.21,49.87,39.04
561.82,35.28,21.35,22.94,21.62,98.64,57.07,49.75,39.04
561.83,35.34,21.35,22.94,21.62,98.64,57.07,49.87,39.04
561.84,35.28,21.35,22.94,21.62,98.64,57.21,49.87,39.04
561.85,35.21,21.35,22.94,21.62,99.02,57.07,49.87,39.04
561.86,35.21,21.35,22.94,21.62,98.64,57.07,49.75,39.04
561.87,35.21,21.35,22.94,21.62,98.64,57.07,49.87,39.04
561.88,35.21,21.35,22.97,21.62,98.64,57.21,49.87,39.04
561.89,35.21,21.35,22.94,21.62,99.02,57.07,49.75,39.04
561.90,35.21,21.35,22.94,21.58,99.02,57.21,49.98,39.04
561.91,35.21,21.35,22.94,21.62,98.64,57.07,49.87,39.04
561.92,35.21,21.35,22.94,21.62,98.64,57.07,49.75,39.04
561.93,35.28,21.35,22.94,21.62,98.64,57.21,49.87,39.04
561.94,35.34,21.35,22.94,21.62,98.64,57.07,49.87,39.04
561.95,35.21,21.35,22.94,21.62,98.64,57.07,49.87,39.04
561.96,35.28,21.35,22.90,21.58,98.64,57.07,49.87,39.04
561.97,35.21,21.35,22.94,21.62,98.64,57.07,49.87,39.04
561.98,35.28,21.35,22.94,21.62,98.64,57.21,49.87,39.04
561.99,35.21,21.35,22.94,21.62,98.64,57.07,49.87,39.12
562.00,35.21,21.35,22.94,21.62,98.64,57.21,49.87,39.04
562.01,35.21,21.35,22.94,21.62,98.64,57.07,49.75,39.04
562.02,35.28,21.35,22.94,21.62,98.64,57.07,49.87,39.04
562.03,35.34,21.35,22.94,21.62,98.64,57.07,49.87,39.04
562.04,35.28,21.35,22.94,21.62,98.64,57.07,49.87,39.04
562.05,35.21,21.35,22.94,21.62,98.64,57.07,49.87,39.04
562.06,35.28,21.35,22.94,21.62,98.64,56.92,49.75,39.12
562.07,35.21,21.32,22.94,21.62,98.64,57.07,49.87,39.04
562.08,35.21,21.35,22.94,21.62,99.02,57.07,49.75,39.04
562.09,35.34,21.35,22.94,21.62,98.64,57.21,49.87,39.04
562.10,35.21,21.35,22.94,21.62,99.02,57.07,49.87,39.04
562.11,35.21,21.35,22.94,21.62,98.64,57.07,49.87,39.04
562.12,35.28,21.35,22.94,21.62,98.64,57.07,49.75,39.04
562.13,35.21,21.35,22.94,21.62,98.64,57.07,49.87,39.04
562.14,35.28,21.35,22.94,21.58,98.64,57.07,49.87,39.04
562.15,35.21,21.35,22.94,21.62,98.64,57.07,49.87,39.04
562.16,35.21,21.35,22.94,21.62,98.64,57.07,49.87,39.04
562.17,35.21,21.35,22.94,21.62,98.64,57.07,49.75,39.04
562.18,35.21,21.38,22.94,21.62,98.64,57.21,49.87,39.04
562.19,35.21,21.35,22.94,21.62,99.02,57.07,49.87,39.04
562.20,35.28,21.35,22.94,21.62,98.64,57.07,49.87,39.04
562.21,35.21,21.35,22.94,21.62,98.64,57.07,49.75,39.04
562.22,35.28,21.35,22.94,21.62,98.64,57.07,49.75,39.04
562.23,35.21,21.35,22.94,21.62,98.64,57.07,49.87,39.04
562.24,35.21,21.38,22.94,21.62,98.64,57.07,49.87,39.04
562.25,35.21,21.35,22.94,21.62,98.64,57.07,49.87,39.04
562.26,35.21,21.35,22.94,21.62,98.64,57.21,49.87,39.04
562.27,35.28,21.35,22.94,21.58,98.64,57.07,49.87,39.04
562.28,35.21,21.38,22.94,21.62,99.02,57.07,49.87,39.04
562.29,35.21,21.35,22.94,21.62,98.64,57.07,49.87,39.04
562.30,35.21,21.35,22.94,21.62,98.64,57.07,49.87,39.04
562.31,35.28,21.35,22.94,21.62,98.64,57.07,49.75,39.04
562.32,35.28,21.35,22.94,21.62,98.64,57.07,49.98,39.04
562.33,35.21,21.35,22.94,21.62,98.64,57.21,49.87,39.04
562.34,35.28,21.35,22.94,21.62,99.02,57.07,49.87,39.04
562.35,35.21,21.35,22.94,21.62,99.02,57.07,49.75,39.04
562.36,35.21,21.35,22.94,21.62,98.64,57.07,49.75,39.04
562.37,35.21,21.35,22.94,21.62,98.64,57.07,49.75,39.04
562.38,35.21,21.38,22.94,21.62,99.02,57.07,49.87,39.04
562.39,35.34,21.35,22.94,21.62,98.64,57.07,49.75,39.04
562.40,35.28,21.35,22.94,21.62,99.02,57.07,49.87,39.04
562.41,35.21,21.35,22.94,21.62,98.64,57.07,49.87,39.04
562.42,35.21,21.35,22.94,21.58,98.64,57.07,49.75,39.04
562.43,35.28,21.35,22.94,21.62,99.02,57.21,49.87,39.04
562.44,35.21,21.38,22.94,21.58,98.64,57.21,49.75,39.04
562.45,35.21,21.35,22.94,21.62,98.64,57.07,49.75,39.04
562.46,35.21,21.35,22.94,21.62,98.64,57.07,49.87,39.04
562.47,35.21,21.35,22.97,21.62,98.64,57.07,49.87,39.04
562.48,35.28,21.35,22.94,21.62,98.64,57.21,49.87,39.04
562.49,35.28,21.35,22.94,21.62,98.64,57.21,49.87,39.04
562.50,35.28,21.35,22.94,21.62,99.02,57.07,49.87,39.04
562.51,35.21,21.35,22.94,21.62,98.64,57.07,49.87,39.04
562.52,35.28,21.35,22.94,21.62,98.64,57.07,49.87,39.12
562.53,35.28,21.35,22.94,21.62,99.02,57.21,49.87,39.04
562.54,35.28,21.35,22.94,21.62,98.64,57.07,49.75,39.04
562.55,35.28,21.35,22.94,21.62,98.64,57.07,49.87,39.04
562.56,35.28,21.35,22.94,21.58,98.64,57.07,49.87,39.04
562.57,35.28,21.35,22.94,21.58,98.64,57.07,49.87,39.04
562.58,35.28,21.35,22.94,21.62,98.64,57.21,49.87,39.04
562.59,35.28,21.38,22.94,21.62,98.64,57.07,49.87,39.04
562.60,35.21,21.35,22.94,21.58,98.64,57.07,49.87,38.97
562.61,35.21,21.35,22.94,21.62,98.64,57.07,49.75,39.04
562.62,35.21,21.35,22.94,21.62,98.64,57.21,49.75,39.04
562.63,35.28,21.35,22.97,21.62,99.02,57.21,49.75,39.04
562.64,35.28,21.35,22.94,21.58,98.64,57.07,49.87,39.04
562.65,35.28,21.35,22.94,21.62,98.64,57.07,49.75,39.04
562.66,35.21,21.35,22.94,21.62,98.64,57.21,49.75,39.04
562.67,35.28,21.35,22.94,21.62,98.64,57.07,49.87,39.04
562.68,35.28,21.38,22.97,21.62,98.64,57.21,49.87,39.04
562.69,35.28,21.35,22.94,21.62,98.64,57.07,49.87,39.04
562.70,35.28,21.35,22.94,21.58,98.64,57.07,49.75,39.12
562.71,35.28,21.35,22.94,21.62,98.64,57.07,49.87,39.04
562.72,35.21,21.35,22.94,21.62,98.64,57.21,49.87,39.12
562.73,35.21,21.35,22.94,21.62,99.02,57.07,49.87,39.04
562.74,35.21,21.35,22.94,21.62,98.64,57.07,49.87,39.04
562.75,35.21,21.38,22.94,21.62,98.64,57.07,49.87,39.04
562.76,35.21,21.32,22.94,21.58,98.64,57.07,49.87,39.12
562.77,35.21,21.38,22.94,21.62,99.02,57.07,49.87,39.04
562.78,35.21,21.32,22.94,21.58,98.64,57.21,49.87,39.04
562.79,35.21,21.35,22.94,21.62,99.02,57.21,49.87,39.04
562.80,35.28,21.38,22.94,21.62,98.64,57.07,49.87,39.04
562.81,35.28,21.35,22.94,21.62,98.64,57.07,49.87,39.04
562.82,35.21,21.35,22.94,21.62,98.64,57.07,49.75,39.04
562.83,35.28,21.35,22.97,21.62,99.02,57.21,49.87,39.04
562.84,35.28,21.35,22.94,21.62,99.02,57.21,49.87,39.04
562.85,35.21,21.35,22.94,21.62,98.64,57.21,49.87,39.04
562.86,35.28,21.35,22.94,21.62,99.02,57.07,49.87,39.04
562.87,35.34,21.35,22.94,21.62,99.02,57.36,49.87,39.12
562.88,35.21,21.38,22.94,21.62,99.02,57.07,49.87,39.12
562.89,35.21,21.38,22.97,21.62,98.64,57.21,49.75,39.04
562.90,35.28,21.35,22.94,21.62,98.64,57.07,49.87,39.12
562.91,35.28,21.35,22.94,21.62,98.64,57.21,49.87,39.04
562.92,35.28,21.35,22.94,21.62,98.64,57.07,49.75,39.04
562.93,35.28,21.38,22.97,21.62,98.64,57.07,49.87,39.04
562.94,35.28,21.35,22.94,21.62,99.02,57.21,49.87,39.04
562.95,35.28,21.35,22.94,21.62,98.64,57.07,49.87,39.04
562.96,35.21,21.35,22.94,21.62,99.02,57.07,49.87,39.04
562.97,35.28,21.35,22.94,21.62,98.64,57.21,49.87,39.04
562.98,35.28,21.38,22.94,21.62,99.02,57.21,49.87,39.04
562.99,35.21,21.35,22.94,21.62,99.02,57.07,49.87,39.04
563.00,35.28,21.38,22.94,21.62,99.02,57.07,49.75,39.04
563.01,35.15,21.35,22.94,21.62,98.64,57.07,49.87,39.04
563.02,35.34,21.35,22.94,21.62,98.64,57.21,49.87,39.04
563.03,35.28,21.38,22.94,21.62,99.02,57.21,49.87,39.04
563.04,35.28,21.35,22.97,21.62,98.64,57.21,49.87,39.12
563.05,35.28,21.35,22.94,21.62,99.02,57.21,49.87,39.04
563.06,35.21,21.35,22.90,21.58,98.64,57.21,49.75,39.04
563.07,35.21,21.35,22.94,21.62,98.64,57.21,49.75,39.04
563.08,35.28,21.38,22.94,21.62,98.64,57.07,49.87,39.04
563.09,35.21,21.35,22.94,21.58,99.02,57.07,49.87,39.04
563.10,35.21,21.38,22.90,21.62,99.02,57.07,49.87,39.12
563.11,35.21,21.32,22.94,21.62,98.64,57.07,49.75,39.04
563.12,35.28,21.35,22.94,21.62,99.40,57.07,49.75,39.04
563.13,35.21,21.35,22.94,21.62,99.02,57.07,49.64,39.04
563.14,35.28,21.35,22.94,21.62,98.64,57.21,49.75,39.04
563.15,35.21,21.35,22.94,21.62,98.64,57.07,49.87,39.04
563.16,35.21,21.35,22.94,21.62,98.64,57.07,49.87,39.04
563.17,35.21,21.35,22.94,21.62,98.64,57.07,49.87,39.04
563.18,35.28,21.38,22.94,21.62,99.02,57.21,49.87,39.04
563.19,35.28,21.38,22.94,21.58,99.02,57.07,49.87,39.04
563.20,35.28,21.35,22.94,21.62,98.64,57.07,49.87,39.04
563.21,35.28,21.35,22.94,21.62,98.64,57.07,49.87,39.04
563.22,35.21,21.35,22.94,21.62,98.64,57.07,49.87,39.04
563.23,35.28,21.38,22.94,21.62,99.02,57.07,49.87,39.12
563.24,35.34,21.38,22.94,21.62,99.02,57.07,49.87,39.04
563.25,35.28,21.35,22.94,21.62,98.64,57.21,49.75,39.04
563.26,35.28,21.35,22.94,21.58,98.64,57.07,49.87,39.04
563.27,35.21,21.35,22.94,21.58,99.02,57.07,49.87,39.04
563.28,35.34,21.35,22.94,21.58,99.02,57.21,49.87,39.04
563.29,35.21,21.35,22.94,21.62,98.64,57.07,49.87,39.04
563.30,35.34,21.35,22.94,21.62,98.64,57.07,49.87,39.04
563.31,35.28,21.35,22.94,21.62,98.64,57.07,49.87,39.04
563.32,35.28,21.35,22.94,21.62,98.64,57.07,49.75,39.04
563.33,35.28,21.35,22.97,21.58,99.02,57.21,49.87,39.04
563.34,35.28,21.38,22.94,21.62,98.64,57.21,49.87,39.12
563.35,35.21,21.35,22.94,21.58,98.64,57.07,49.87,39.04
563.36,35.21,21.35,22.94,21.62,98.64,57.07,49.87,39.04
563.37,35.28,21.35,22.94,21.62,99.02,57.21,49.87,39.12
563.38,35.34,21.35,22.97,21.62,98.64,57.21,49.87,39.04
563.39,35.34,21.35,22.94,21.58,98.64,57.07,49.87,39.04
563.40,35.28,21.35,22.94,21.58,98.64,57.07,49.87,39.04
563.41,35.21,21.38,22.94,21.58,98.64,57.21,49.75,39.04
563.42,35.34,21.35,22.94,21.62,98.64,57.21,49.87,39.04
563.43,35.28,21.38,22.94,21.62,98.64,57.21,49.87,39.04
563.44,35.28,21.38,22.94,21.62,98.64,57.21,49.87,39.04
563.45,35.21,21.35,22.94,21.62,98.64,57.21,49.87,39.04
563.46,35.28,21.35,22.94,21.58,98.64,57.21,49.75,39.04
563.47,35.28,21.35,22.94,21.62,98.64,57.07,49.87,39.04
563.48,35.28,21.38,22.94,21.62,99.02,57.07,49.87,39.04
563.49,35.21,21.35,22.94,21.62,98.64,57.07,49.87,39.04
563.50,35.28,21.35,22.94,21.62,98.64,57.07,49.87,39.04
563.51,35.21,21.35,22.94,21.62,98.64,57.21,49.87,39.04
563.52,35.21,21.35,22.94,21.62,99.02,57.21,49.87,39.04
563.53,35.21,21.35,22.97,21.62,98.64,57.21,49.75,39.12
563.54,35.28,21.35,22.94,21.58,99.02,57.21,49.87,39.04
563.55,35.21,21.35,22.94,21.62,98.64,57.07,49.87,39.04
563.56,35.28,21.35,22.94,21.62,98.64,57.07,49.87,39.04
563.57,35.34,21.38,22.94,21.62,98.64,57.07,49.87,39.04
563.58,35.28,21.38,22.97,21.62,99.02,57.21,49.87,39.04
563.59,35.21,21.38,22.94,21.62,99.02,57.21,49.87,39.04
563.60,35.28,21.35,22.94,21.62,98.64,57.07,49.87,39.04
563.61,35.21,21.35,22.94,21.58,99.02,57.07,49.87,39.04
563.62,35.21,21.38,22.94,21.62,98.64,56.92,49.87,39.04
563.63,35.34,21.35,22.97,21.62,99.02,57.07,49.87,39.12
563.64,35.28,21.35,22.94,21.62,98.64,57.21,49.87,39.12
563.65,35.21,21.35,22.94,21.62,98.64,57.07,49.87,39.12
563.66,35.21,21.35,22.94,21.62,98.64,57.07,49.75,39.04
563.67,35.21,21.35,22.94,21.62,98.64,57.07,49.87,39.04
563.68,35.28,21.35,22.97,21.62,99.02,57.21,49.87,39.04
563.69,35.28,21.35,22.94,21.62,98.64,57.21,49.87,39.12
563.70,35.34,21.35,22.94,21.62,98.64,57.07,49.87,39.04
563.71,35.21,21.35,22.94,21.62,98.64,57.21,49.87,39.04
563.72,35.21,21.38,22.94,21.62,98.64,57.21,49.87,39.04
563.73,35.21,21.38,22.94,21.62,98.64,57.21,49.87,39.04
563.74,35.34,21.35,22.94,21.62,98.64,57.21,49.87,39.04
563.75,35.34,21.35,22.94,21.62,98.64,57.07,49.87,39.04
563.76,35.28,21.35,22.94,21.62,98.64,57.21,49.87,39.04
563.77,35.21,21.35,22.94,21.62,98.64,57.21,49.75,39.04
563.78,35.21,21.38,22.94,21.62,98.64,57.21,49.87,39.04
563.79,35.28,21.38,22.94,21.62,98.64,57.07,49.87,39.12
563.80,35.28,21.35,22.94,21.62,98.64,57.07,49.87,39.04
563.81,35.28,21.35,22.94,21.62,98.64,57.07,49.87,39.04
563.82,35.21,21.35,22.94,21.62,99.02,57.07,49.87,39.04
563.83,35.28,21.38,22.94,21.62,99.02,57.21,49.87,39.04
563.84,35.21,21.38,22.94,21.62,99.02,57.07,49.87,39.04
563.85,35.28,21.35,22.94,21.62,98.64,57.07,49.87,39.04
563.86,35.21,21.35,22.94,21.62,98.64,57.21,49.87,39.04
563.87,35.34,21.38,22.94,21.62,98.64,57.21,49.87,39.04
563.88,35.28,21.38,22.94,21.62,99.02,57.21,49.87,39.04
563.89,35.21,21.38,22.94,21.62,99.02,57.21,49.87,39.04
563.90,35.28,21.35,22.94,21.62,98.64,57.07,49.87,39.04
563.91,35.28,21.35,22.94,21.62,98.64,57.21,49.87,39.04
563.92,35.21,21.35,22.94,21.62,99.02,57.21,49.87,39.04
563.93,35.28,21.38,22.97,21.62,99.02,57.07,49.87,39.04
563.94,35.28,21.38,22.94,21.62,98.64,57.21,49.87,39.04
563.95,35.28,21.38,22.94,21.62,99.02,57.07,49.87,39.04
563.96,35.28,21.35,22.94,21.62,98.64,57.07,49.87,39.04
563.97,35.21,21.38,22.94,21.62,99.02,57.21,49.87,39.04
563.98,35.28,21.38,22.97,21.62,98.64,57.07,49.87,39.12
563.99,35.28,21.38,22.94,21.62,98.64,57.07,49.87,39.12
564.00,35.28,21.38,22.94,21.62,98.64,57.07,49.87,39.04
564.01,35.28,21.35,22.94,21.62,98.64,57.21,49.75,39.04
564.02,35.21,21.38,22.94,21.62,98.64,57.21,49.87,39.04
564.03,35.28,21.38,22.94,21.62,99.02,57.21,49.98,39.04
564.04,35.28,21.35,22.97,21.62,98.64,57.21,49.87,39.04
564.05,35.21,21.35,22.94,21.62,98.64,57.21,49.87,39.04
564.06,35.21,21.38,22.94,21.62,99.02,57.21,49.87,39.04
564.07,35.28,21.35,22.94,21.62,98.64,57.07,49.87,39.04
564.08,35.28,21.38,22.97,21.62,99.02,57.21,49.87,39.12
564.09,35.28,21.38,22.97,21.62,99.02,57.07,49.87,39.04
564.10,35.28,21.38,22.94,21.62,99.02,57.21,49.87,39.04
564.11,35.21,21.35,22.94,21.62,98.64,57.07,49.87,38.97
564.12,35.21,21.38,22.94,21.62,98.64,57.36,49.87,39.12
564.13,35.28,21.38,22.97,21.62,98.64,57.21,49.87,38.97
564.14,35.28,21.35,22.94,21.62,98.64,57.21,49.87,38.97
564.15,35.34,21.38,22.94,21.58,99.02,57.21,49.75,39.12
564.16,35.28,21.35,22.94,21.62,98.64,57.21,49.87,39.12
564.17,35.28,21.38,22.94,21.62,98.64,57.21,49.87,39.04
564.18,35.21,21.38,22.97,21.62,99.02,57.21,49.87,39.04
564.19,35.34,21.38,22.94,21.58,99.02,57.21,49.87,39.04
564.20,35.21,21.38,22.94,21.62,98.64,57.21,49.87,39.12
564.21,35.28,21.35,22.94,21.62,98.64,57.21,49.87,39.04
564.22,35.28,21.38,22.94,21.62,99.02,57.21,49.87,39.04
564.23,35.28,21.38,22.97,21.62,99.02,57.21,49.87,39.12
564.24,35.28,21.38,22.97,21.62,99.02,57.21,49.87,39.04
564.25,35.21,21.35,22.94,21.62,99.02,57.21,49.87,39.04
564.26,35.34,21.38,22.94,21.62,99.02,57.21,49.87,39.20
564.27,35.28,21.35,22.94,21.62,99.02,57.07,49.87,39.12
564.28,35.28,21.38,22.97,21.62,99.02,57.21,49.87,39.04
564.29,35.28,21.38,22.97,21.62,99.02,57.21,49.87,39.12
564.30,35.21,21.35,22.97,21.62,99.02,57.21,49.87,39.04
564.31,35.28,21.35,22.94,21.62,99.02,57.07,49.87,39.04
564.32,35.28,21.38,22.97,21.62,98.64,57.21,49.87,39.04
564.33,35.28,21.38,22.97,21.62,99.02,57.21,49.87,39.12
564.34,35.28,21.38,22.97,21.62,98.64,57.21,49.87,39.04
564.35,35.34,21.35,22.94,21.62,99.02,57.21,49.87,39.04
564.36,35.28,21.38,22.94,21.62,98.64,57.21,49.87,39.12
564.37,35.34,21.38,22.97,21.62,99.02,57.21,49.87,39.04
564.38,35.28,21.38,22.97,21.62,98.64,57.21,49.98,39.12
564.39,35.34,21.38,22.97,21.62,98.64,57.21,49.75,39.04
564.40,35.34,21.38,22.94,21.62,99.02,57.21,49.87,39.12
564.41,35.28,21.35,22.97,21.62,98.64,57.21,49.87,39.12
564.42,35.21,21.38,22.94,21.62,99.02,57.21,49.87,39.12
564.43,35.34,21.38,22.97,21.62,98.64,57.21,49.87,39.12
564.44,35.34,21.38,22.97,21.62,98.64,57.21,49.87,39.12
564.45,35.34,21.38,22.94,21.62,98.64,57.07,49.87,39.04
564.46,35.28,21.38,22.97,21.62,98.64,57.21,49.87,39.04
564.47,35.28,21.38,22.94,21.58,99.02,57.21,49.87,39.12
564.48,35.28,21.38,22.97,21.62,99.02,57.07,49.87,39.04
564.49,35.34,21.38,22.94,21.58,98.64,57.07,49.87,39.04
564.50,35.21,21.38,22.97,21.62,98.64,57.21,49.87,39.12
564.51,35.28,21.38,22.94,21.62,99.02,57.21,49.87,39.04
564.52,35.28,21.38,22.97,21.62,98.64,57.21,49.87,39.04
564.53,35.28,21.38,22.97,21.62,99.02,57.21,49.87,39.04
564.54,35.34,21.38,22.97,21.62,99.02,57.21,49.87,39.04
564.55,35.28,21.38,22.94,21.62,98.64,57.21,49.87,39.12
564.56,35.34,21.38,22.94,21.62,98.64,57.21,49.87,39.04
564.57,35.34,21.41,22.94,21.62,99.02,57.21,49.87,39.12
564.58,35.28,21.38,22.97,21.62,99.02,57.21,49.87,39.12
564.59,35.28,21.38,22.97,21.62,99.02,57.21,49.87,39.04
564.60,35.21,21.38,22.97,21.62,98.64,57.21,49.87,39.12
564.61,35.21,21.38,22.94,21.62,99.02,57.21,49.87,39.04
564.62,35.28,21.38,22.97,21.62,99.02,57.21,49.87,39.04
564.63,35.28,21.38,22.97,21.62,99.02,57.21,49.87,39.04
564.64,35.28,21.38,22.97,21.62,99.02,57.21,49.87,39.12
564.65,35.28,21.38,22.97,21.62,98.64,57.21,49.87,39.12
564.66,35.28,21.38,22.94,21.62,98.64,57.21,49.87,39.04
564.67,35.28,21.38,22.97,21.62,99.02,57.21,49.87,39.04
564.68,35.28,21.38,22.97,21.62,99.02,57.21,49.98,39.12
564.69,35.28,21.38,22.97,21.62,98.64,57.21,49.87,39.12
564.70,35.28,21.38,22.97,21.62,98.64,57.21,49.87,39.12
564.71,35.34,21.38,22.97,21.62,98.64,57.21,49.87,39.12
564.72,35.28,21.38,22.94,21.62,99.02,57.21,49.87,39.04
564.73,35.28,21.38,22.97,21.62,98.64,57.21,49.87,39.04
564.74,35.28,21.38,22.97,21.62,99.02,57.21,49.87,39.04
564.75,35.21,21.38,22.97,21.62,98.64,57.21,49.87,39.04
564.76,35.34,21.38,22.94,21.62,98.64,57.21,49.87,39.04
564.77,35.28,21.38,22.94,21.58,99.02,56.92,49.87,39.12
564.78,35.28,21.38,22.97,21.62,98.64,57.21,49.98,39.12
564.79,35.34,21.38,22.97,21.62,99.02,57.21,49.87,39.04
564.80,35.28,21.38,22.97,21.62,98.64,57.21,49.87,39.12
564.81,35.28,21.38,22.97,21.62,99.02,57.21,49.87,39.12
564.82,35.28,21.38,22.97,21.62,98.64,57.21,49.87,39.12
564.83,35.34,21.38,22.97,21.62,99.02,57.21,49.98,39.12
564.84,35.28,21.41,22.97,21.62,99.02,57.21,49.87,39.04
564.85,35.21,21.38,22.97,21.62,99.02,57.21,49.87,39.04
564.86,35.34,21.38,22.97,21.62,98.64,57.07,49.87,39.04
564.87,35.28,21.38,22.97,21.62,99.02,57.21,49.87,39.04
564.88,35.28,21.41,22.97,21.62,99.02,57.21,49.87,39.12
564.89,35.28,21.41,22.97,21.62,99.02,57.21,49.87,39.04
564.90,35.34,21.38,22.97,21.62,99.02,57.21,49.87,39.12
564.91,35.21,21.38,22.97,21.62,99.02,57.21,49.87,39.12
564.92,35.28,21.38,22.97,21.62,99.02,57.21,49.87,39.12
564.93,35.34,21.38,22.97,21.62,99.02,57.21,49.87,39.04
564.94,35.28,21.38,22.97,21.62,99.02,57.21,49.87,39.12
564.95,35.34,21.38,22.97,21.62,99.02,57.07,49.87,39.04
564.96,35.28,21.38,22.94,21.62,99.02,57.21,49.87,39.04
564.97,35.28,21.38,22.97,21.62,99.02,57.21,49.87,39.04
564.98,35.28,21.38,23.01,21.62,99.02,57.21,49.87,39.04
564.99,35.28,21.38,22.97,21.62,99.02,57.36,49.87,39.04
565.00,35.28,21.38,22.97,21.62,98.64,57.21,49.87,39.12
565.01,35.28,21.38,22.97,21.62,99.02,57.21,49.87,39.12
565.02,35.21,21.38,22.97,21.62,98.64,57.21,49.87,39.04
565.03,35.28,21.41,22.97,21.62,99.02,57.21,49.87,39.12
565.04,35.28,21.38,22.97,21.62,99.02,57.21,49.87,39.12
565.05,35.28,21.38,22.97,21.62,98.64,57.21,49.87,39.04
565.06,35.34,21.38,22.97,21.62,99.02,57.07,49.87,39.04
565.07,35.28,21.38,22.97,21.62,99.02,57.21,49.87,39.04
565.08,35.28,21.41,22.97,21.62,99.02,57.21,49.87,39.04
565.09,35.28,21.38,22.97,21.62,98.64,57.21,49.87,39.04
565.10,35.28,21.38,22.97,21.62,98.64,57.21,49.87,39.04
565.11,35.34,21.38,22.97,21.62,99.02,57.21,49.87,39.04
565.12,35.28,21.38,22.97,21.62,99.02,57.21,49.87,39.12
565.13,35.28,21.41,22.97,21.62,99.02,57.36,49.87,39.12
565.14,35.34,21.41,22.97,21.62,99.02,57.21,49.87,39.04
565.15,35.28,21.38,22.97,21.62,98.64,57.21,49.87,39.12
565.16,35.28,21.38,22.97,21.62,99.02,57.21,49.87,39.12
565.17,35.28,21.41,22.97,21.62,99.02,57.21,49.87,39.04
565.18,35.41,21.41,22.97,21.62,99.02,57.21,49.98,39.12
565.19,35.34,21.38,22.97,21.62,99.02,57.21,49.87,39.12
565.20,35.28,21.38,22.97,21.62,98.64,57.21,49.87,39.12
565.21,35.28,21.38,22.97,21.62,98.64,57.21,49.87,39.04
565.22,35.28,21.38,22.97,21.62,99.02,57.21,49.87,39.12
565.23,35.28,21.41,22.97,21.62,99.02,57.21,49.87,39.12
565.24,35.28,21.38,22.97,21.62,99.02,57.21,49.87,39.04
565.25,35.28,21.38,22.97,21.62,98.64,57.21,49.87,39.12
565.26,35.34,21.35,22.97,21.62,99.02,57.21,49.87,39.04
565.27,35.34,21.41,22.97,21.62,99.02,57.21,49.87,39.12
565.28,35.34,21.38,22.97,21.62,99.02,57.36,49.98,39.12
565.29,35.34,21.41,22.97,21.62,99.02,57.21,49.87,39.12
565.30,35.28,21.38,22.97,21.62,99.02,57.21,49.87,39.04
565.31,35.28,21.38,22.97,21.62,99.02,57.21,49.87,39.12
565.32,35.34,21.41,22.97,21.62,98.64,57.07,49.87,39.04
565.33,35.28,21.38,23.01,21.62,99.02,57.21,49.98,39.12
565.34,35.34,21.38,22.97,21.62,99.02,57.21,49.87,39.04
565.35,35.28,21.38,22.97,21.62,98.64,57.21,49.87,39.04
565.36,35.34,21.38,22.97,21.62,99.02,57.07,49.87,39.04
565.37,35.28,21.38,22.97,21.62,99.02,57.36,49.87,39.12
565.38,35.34,21.41,22.97,21.62,99.02,57.21,49.87,39.04
565.39,35.28,21.38,22.97,21.62,99.02,57.21,49.98,39.04
565.40,35.28,21.38,22.97,21.62,99.02,57.21,49.87,39.12
565.41,35.34,21.38,22.97,21.62,99.02,57.21,49.98,39.12
565.42,35.28,21.38,22.97,21.62,99.02,57.21,49.87,39.12
565.43,35.34,21.41,23.01,21.62,99.02,57.21,49.98,39.04
565.44,35.28,21.41,22.97,21.62,99.02,57.21,49.87,39.12
565.45,35.28,21.38,22.97,21.62,99.02,57.21,49.87,39.12
565.46,35.28,21.38,22.97,21.62,99.02,57.21,49.98,39.12
565.47,35.28,21.38,22.97,21.62,99.02,57.21,49.87,39.12
565.48,35.34,21.41,23.01,21.62,99.02,57.21,49.87,39.12
565.49,35.34,21.41,22.97,21.62,99.02,57.21,49.98,39.04
565.50,35.48,21.41,22.97,21.62,99.02,57.21,49.98,39.04
565.51,35.28,21.38,22.97,21.62,99.02,57.21,49.87,39.12
565.52,35.41,21.41,22.97,21.62,99.02,57.21,49.98,39.04
565.53,35.41,21.41,23.01,21.62,99.02,57.21,49.98,39.04
565.54,35.21,21.38,22.97,21.62,99.02,57.21,49.87,39.12
565.55,35.28,21.38,22.97,21.62,99.02,57.21,49.98,39.12
565.56,35.34,21.38,22.97,21.62,99.02,57.21,49.87,39.04
565.57,35.28,21.41,22.97,21.62,99.02,57.21,49.98,39.12
565.58,35.28,21.41,23.01,21.62,99.02,57.21,49.98,39.04
565.59,35.28,21.41,22.97,21.62,98.64,57.21,49.98,39.12
565.60,35.34,21.38,22.97,21.62,99.02,57.21,49.98,39.04
565.61,35.34,21.38,22.97,21.62,99.02,57.21,49.87,39.12
565.62,35.34,21.41,22.97,21.62,99.40,57.21,49.98,39.12
565.63,35.28,21.41,23.01,21.62,99.02,57.21,49.87,39.12
565.64,35.28,21.41,23.01,21.62,99.02,57.21,50.10,39.12
565.65,35.28,21.38,22.97,21.62,99.02,57.21,49.98,39.12
565.66,35.28,21.38,22.97,21.62,99.02,57.21,49.87,39.12
565.67,35.34,21.38,22.97,21.62,99.02,57.21,49.98,39.12
565.68,35.34,21.41,23.01,21.62,99.02,57.21,49.98,39.04
565.69,35.41,21.41,23.01,21.62,99.02,57.21,49.98,39.12
565.70,35.28,21.41,22.97,21.62,99.02,57.21,49.87,39.12
565.71,35.28,21.41,22.97,21.62,99.02,57.21,49.87,39.12
565.72,35.28,21.41,22.97,21.62,99.02,57.36,49.87,39.12
565.73,35.34,21.38,23.01,21.62,99.02,57.36,49.98,39.12
565.74,35.34,21.41,22.97,21.62,99.02,57.21,49.98,39.12
565.75,35.34,21.41,22.97,21.62,99.02,57.21,49.98,39.04
565.76,35.34,21.41,22.97,21.62,99.02,57.21,49.87,39.12
565.77,35.34,21.41,22.97,21.62,99.02,57.21,49.98,39.12
565.78,35.34,21.41,23.01,21.62,99.02,57.36,49.87,39.04
565.79,35.34,21.41,23.01,21.62,99.02,57.21,49.87,39.04
565.80,35.28,21.41,22.97,21.62,99.02,57.21,49.87,39.04
565.81,35.34,21.38,22.97,21.62,99.02,57.21,49.87,39.04
565.82,35.28,21.41,23.01,21.62,99.02,57.21,49.87,39.12
565.83,35.41,21.41,23.01,21.62,99.02,57.21,49.98,39.12
565.84,35.28,21.41,22.97,21.62,99.02,57.21,49.87,39.12
565.85,35.34,21.38,22.97,21.62,99.02,57.21,49.87,39.04
565.86,35.28,21.38,22.97,21.62,99.02,57.21,49.98,39.12
565.87,35.28,21.41,22.97,21.62,99.02,57.21,49.98,39.12
565.88,35.34,21.41,23.01,21.62,99.02,57.21,49.98,39.12
565.89,35.28,21.41,23.01,21.62,99.02,57.21,49.87,39.12
565.90,35.34,21.41,22.97,21.62,99.02,57.21,49.87,39.12
565.91,35.34,21.41,22.97,21.62,99.02,57.21,49.87,39.12
565.92,35.28,21.41,22.97,21.62,99.02,57.21,49.98,39.12
565.93,35.41,21.41,23.01,21.62,99.02,57.21,49.98,39.12
565.94,35.34,21.41,22.97,21.62,99.02,57.21,49.98,39.12
565.95,35.34,21.41,22.97,21.62,98.64,57.21,49.87,39.04
565.96,35.34,21.41,22.97,21.62,99.02,57.21,49.87,39.12
565.97,35.41,21.41,23.01,21.62,99.02,57.21,49.87,39.12
565.98,35.34,21.41,22.97,21.62,99.02,57.36,49.98,39.12
565.99,35.34,21.41,22.97,21.62,99.02,57.21,49.98,39.12
566.00,35.34,21.41,22.97,21.62,99.02,57.21,49.87,39.12
566.01,35.28,21.41,22.97,21.62,99.02,57.21,49.98,39.12
566.02,35.41,21.41,22.97,21.62,99.40,57.36,49.87,39.04
566.03,35.34,21.41,23.01,21.62,99.02,57.36,49.87,39.12
566.04,35.34,21.41,23.01,21.62,99.02,57.21,49.98,39.12
566.05,35.34,21.41,22.97,21.62,99.02,57.21,49.87,39.12
566.06,35.28,21.38,22.97,21.62,99.02,57.21,49.98,39.12
566.07,35.34,21.41,23.01,21.62,99.02,57.21,49.98,39.12
566.08,35.34,21.41,23.01,21.62,99.02,57.07,49.98,39.04
566.09,35.34,21.41,22.97,21.62,99.02,57.21,49.87,39.12
566.10,35.28,21.41,22.97,21.62,99.02,57.21,49.98,39.12
566.11,35.28,21.41,22.97,21.62,99.02,57.21,49.87,39.12
566.12,35.41,21.41,23.01,21.62,99.02,57.21,49.98,39.12
566.13,35.34,21.41,23.01,21.62,99.02,57.21,49.98,39.12
566.14,35.34,21.41,22.97,21.62,99.02,57.36,49.87,39.12
566.15,35.34,21.38,22.97,21.58,99.02,57.21,49.87,39.12
566.16,35.28,21.41,22.97,21.62,99.02,57.21,49.87,39.12
566.17,35.34,21.41,23.01,21.62,99.02,57.21,49.98,39.12
566.18,35.34,21.41,23.01,21.62,99.02,57.21,49.87,39.12
566.19,35.34,21.41,23.01,21.62,99.02,57.21,49.98,39.12
566.20,35.28,21.41,22.97,21.62,99.02,57.21,49.98,39.12
566.21,35.28,21.38,22.97,21.62,99.02,57.21,49.87,39.12
566.22,35.28,21.38,23.01,21.62,99.02,57.21,49.98,39.12
566.23,35.34,21.41,23.01,21.62,99.02,57.21,49.98,39.12
566.24,35.34,21.41,23.01,21.62,99.02,57.21,49.87,39.12
566.25,35.28,21.38,22.97,21.62,99.02,57.21,49.98,39.12
566.26,35.28,21.41,23.01,21.62,99.02,57.51,49.98,39.12
566.27,35.34,21.41,23.01,21.62,99.02,57.36,49.98,39.12
566.28,35.34,21.41,23.01,21.62,99.02,57.21,49.98,39.12
566.29,35.28,21.41,23.01,21.62,99.02,57.21,49.87,39.12
566.30,35.34,21.41,22.97,21.62,99.02,57.21,49.98,39.12
566.31,35.28,21.41,22.97,21.62,99.02,57.21,49.87,39.12
566.32,35.41,21.41,22.97,21.62,99.02,57.21,49.98,39.12
566.33,35.34,21.41,23.01,21.62,99.02,57.21,49.98,39.12
566.34,35.34,21.41,23.01,21.62,99.02,57.21,49.98,39.04
566.35,35.34,21.38,22.97,21.62,99.02,57.21,49.98,39.12
566.36,35.28,21.38,22.97,21.62,99.02,57.21,49.87,39.12
566.37,35.28,21.41,22.97,21.62,98.64,57.21,49.98,39.12
566.38,35.34,21.41,23.01,21.62,99.02,57.21,49.98,39.12
566.39,35.34,21.41,23.01,21.62,99.02,57.21,49.98,39.12
566.40,35.28,21.41,22.97,21.62,99.02,57.21,49.87,39.04
566.41,35.28,21.41,22.97,21.62,99.02,57.21,49.98,39.12
566.42,35.28,21.41,22.97,21.62,99.02,57.21,49.98,39.04
566.43,35.28,21.41,23.01,21.62,99.02,57.21,49.87,39.12
566.44,35.28,21.41,23.01,21.62,99.02,57.21,49.98,39.12
566.45,35.28,21.41,22.97,21.62,98.64,57.21,49.98,39.12
566.46,35.28,21.41,22.97,21.62,99.02,57.21,49.98,39.12
566.47,35.34,21.41,22.97,21.62,99.02,57.21,49.98,39.12
566.48,35.34,21.41,23.01,21.62,98.64,57.21,49.98,39.12
566.49,35.28,21.41,23.01,21.62,99.02,57.21,49.98,39.12
566.50,35.28,21.38,22.97,21.62,99.02,57.21,49.87,39.12
566.51,35.28,21.41,22.97,21.62,99.02,57.21,49.87,39.12
566.52,35.28,21.41,22.97,21.62,99.02,57.21,49.98,39.12
566.53,35.28,21.41,23.01,21.62,99.02,57.36,49.98,39.12
566.54,35.34,21.41,22.97,21.62,99.02,57.36,49.98,39.12
566.55,35.28,21.38,22.97,21.62,99.02,57.21,49.98,39.12
566.56,35.28,21.41,22.97,21.58,99.02,57.21,49.87,39.04
566.57,35.34,21.41,22.97,21.62,99.02,57.36,49.98,39.12
566.58,35.28,21.41,23.01,21.62,99.02,57.21,49.98,39.12
566.59,35.34,21.41,23.01,21.62,99.02,57.36,49.98,39.12
566.60,35.41,21.41,22.97,21.62,99.02,57.07,49.87,39.12
566.61,35.28,21.41,22.97,21.62,99.02,57.36,49.98,39.04
566.62,35.34,21.41,23.01,21.62,99.02,57.36,49.98,39.12
566.63,35.34,21.41,23.01,21.62,99.02,57.21,49.98,39.12
566.64,35.28,21.41,23.01,21.62,99.02,57.36,49.98,39.20
566.65,35.34,21.41,22.97,21.62,99.02,57.21,49.98,39.04
566.66,35.28,21.41,22.97,21.62,99.02,57.21,49.98,39.12
566.67,35.28,21.41,23.01,21.62,99.02,57.21,49.87,39.12
566.68,35.34,21.41,23.01,21.62,99.02,57.21,49.98,39.12
566.69,35.28,21.41,23.01,21.62,99.02,57.21,49.87,39.04
566.70,35.28,21.38,22.97,21.62,99.02,57.21,49.98,39.12
566.71,35.28,21.41,22.97,21.62,99.02,57.21,49.98,39.12
566.72,35.28,21.41,23.01,21.62,99.02,57.21,49.87,39.12
566.73,35.41,21.41,23.01,21.62,99.02,57.21,49.98,39.12
566.74,35.34,21.41,23.01,21.62,99.02,57.21,49.87,39.12
566.75,35.28,21.41,22.97,21.62,99.02,57.21,49.87,39.12
566.76,35.21,21.38,23.01,21.62,99.02,57.21,49.98,39.12
566.77,35.34,21.41,23.01,21.62,99.02,57.21,49.87,39.12
566.78,35.21,21.45,22.97,21.62,99.02,57.21,49.98,39.04
566.79,35.34,21.41,23.01,21.62,99.02,57.21,49.98,39.12
566.80,35.28,21.38,22.97,21.62,99.02,57.21,49.98,39.12
566.81,35.28,21.38,22.97,21.62,98.64,57.21,49.87,39.12
566.82,35.28,21.41,23.01,21.62,99.02,57.21,49.98,39.12
566.83,35.34,21.41,23.01,21.62,99.02,57.21,49.98,39.12
566.84,35.28,21.41,22.97,21.62,99.02,57.21,49.87,39.12
566.85,35.28,21.41,22.97,21.62,98.64,57.21,49.87,39.12
566.86,35.34,21.41,22.97,21.62,99.40,57.21,49.98,39.12
566.87,35.28,21.41,22.97,21.62,98.64,57.21,49.98,39.04
566.88,35.34,21.41,23.01,21.62,99.02,57.21,49.98,39.12
566.89,35.34,21.41,23.01,21.62,99.02,57.21,50.10,39.12
566.90,35.28,21.41,22.97,21.58,99.02,57.21,49.75,39.04
566.91,35.28,21.41,22.97,21.62,99.02,57.21,49.98,39.12
566.92,35.28,21.41,23.01,21.62,99.02,57.21,49.87,39.12
566.93,35.34,21.41,23.01,21.62,99.02,57.36,49.98,39.12
566.94,35.34,21.41,23.01,21.62,99.02,57.21,49.98,39.12
566.95,35.28,21.41,22.97,21.62,99.02,57.21,49.87,39.04
566.96,35.34,21.38,22.97,21.62,99.02,57.21,49.98,39.12
566.97,35.28,21.41,22.97,21.62,99.02,57.21,49.87,39.04
566.98,35.41,21.41,23.01,21.62,99.02,57.36,49.87,39.12
566.99,35.34,21.41,23.01,21.62,99.02,57.21,49.87,39.12
567.00,35.34,21.38,22.97,21.62,99.02,57.21,49.98,39.12
567.01,35.28,21.38,22.97,21.62,98.64,57.21,49.87,39.12
567.02,35.28,21.41,22.97,21.62,99.02,57.21,49.98,39.12
567.03,35.28,21.41,23.01,21.62,99.02,57.21,49.87,39.12
567.04,35.34,21.41,23.01,21.62,99.02,57.21,49.98,39.12
567.05,35.34,21.41,22.97,21.62,99.02,57.21,49.87,39.12
567.06,35.34,21.38,22.97,21.62,99.02,57.21,49.87,39.12
567.07,35.28,21.41,23.01,21.62,99.02,57.21,49.98,39.12
567.08,35.28,21.41,23.01,21.62,99.02,57.21,49.98,39.12
567.09,35.28,21.41,22.97,21.62,99.02,57.36,49.98,39.12
567.10,35.34,21.38,22.97,21.62,98.64,57.21,49.98,39.12
567.11,35.34,21.41,22.97,21.62,99.02,57.21,49.87,39.12
567.12,35.34,21.41,22.97,21.62,99.02,57.21,49.87,39.12
567.13,35.28,21.41,23.01,21.62,99.02,57.21,49.98,39.12
567.14,35.28,21.41,23.01,21.62,99.02,57.21,49.87,39.12
567.15,35.28,21.41,22.97,21.62,99.02,57.21,49.98,39.12
567.16,35.28,21.41,22.97,21.62,99.02,57.21,49.87,39.12
567.17,35.34,21.41,23.01,21.62,99.02,57.21,49.98,39.12
567.18,35.28,21.41,23.01,21.62,99.02,57.21,49.87,39.12
567.19,35.28,21.41,23.01,21.62,99.02,57.21,49.98,39.12
567.20,35.34,21.38,22.97,21.62,99.02,57.21,49.87,39.12
567.21,35.28,21.38,22.97,21.62,99.02,57.21,49.98,39.12
567.22,35.28,21.41,22.97,21.62,99.02,57.36,49.87,39.12
567.23,35.34,21.41,23.01,21.62,99.02,57.36,49.98,39.12
567.24,35.28,21.38,23.01,21.62,99.02,57.21,49.87,39.12
567.25,35.28,21.41,22.97,21.62,99.02,57.21,49.87,39.12
567.26,35.28,21.38,22.97,21.62,98.64,57.21,49.87,39.12
567.27,35.34,21.41,22.97,21.62,99.02,57.36,49.87,39.12
567.28,35.41,21.41,23.01,21.62,99.02,57.21,49.98,39.12
567.29,35.34,21.41,23.01,21.62,99.02,57.21,49.98,39.12
567.30,35.28,21.41,22.97,21.62,99.02,57.21,49.87,39.12
567.31,35.34,21.41,22.97,21.62,99.02,57.21,49.98,39.12
567.32,35.34,21.41,23.01,21.62,99.02,57.21,49.98,39.12
567.33,35.28,21.41,23.01,21.62,99.02,57.21,49.98,39.12
567.34,35.28,21.41,22.97,21.62,99.02,57.21,49.87,39.12
567.35,35.28,21.38,22.97,21.62,99.02,57.21,49.87,39.12
567.36,35.34,21.38,23.01,21.62,99.02,57.21,49.87,39.12
567.37,35.28,21.41,22.97,21.62,99.02,57.21,49.98,39.12
567.38,35.34,21.41,23.01,21.62,99.02,57.21,49.98,39.12
567.39,35.28,21.41,22.97,21.62,99.02,57.21,49.98,39.12
567.40,35.34,21.41,22.97,21.62,99.02,57.21,49.87,39.12
567.41,35.34,21.41,22.97,21.62,99.02,57.21,49.87,39.12
567.42,35.28,21.41,22.97,21.62,99.02,57.21,49.87,39.12
567.43,35.34,21.41,23.01,21.62,99.02,57.21,49.98,39.12
567.44,35.41,21.41,22.97,21.62,99.02,57.36,49.98,39.12
567.45,35.28,21.41,22.97,21.62,99.02,57.21,49.87,39.12
567.46,35.28,21.41,22.97,21.62,99.02,57.21,49.87,39.12
567.47,35.28,21.41,23.01,21.62,98.64,57.21,49.87,39.12
567.48,35.28,21.41,23.01,21.62,99.02,57.21,49.98,39.12
567.49,35.34,21.41,22.97,21.62,99.02,57.21,49.87,39.12
567.50,35.28,21.41,22.97,21.62,98.64,57.21,49.98,39.12
567.51,35.28,21.38,22.97,21.62,99.02,57.21,49.87,39.12
567.52,35.34,21.41,23.01,21.62,99.02,57.36,49.87,39.12
567.53,35.34,21.41,23.01,21.62,99.02,57.21,49.98,39.12
567.54,35.34,21.38,22.97,21.62,99.02,57.21,49.87,39.12
567.55,35.28,21.41,22.97,21.62,99.02,57.21,49.87,39.12
567.56,35.28,21.38,22.97,21.62,99.02,57.21,49.98,39.12
567.57,35.28,21.41,22.97,21.62,99.02,57.21,49.98,39.12
567.58,35.41,21.41,22.97,21.62,99.02,57.21,49.87,39.12
567.59,35.41,21.38,22.97,21.62,99.02,57.21,49.87,39.12
567.60,35.28,21.41,22.97,21.62,99.02,57.21,49.87,39.12
567.61,35.28,21.38,22.97,21.62,99.02,57.21,49.98,39.12
567.62,35.34,21.41,22.97,21.62,99.02,57.36,49.87,39.12
567.63,35.28,21.41,23.01,21.62,99.02,57.21,49.87,39.04
567.64,35.34,21.41,23.01,21.62,99.02,57.21,49.98,39.04
567.65,35.28,21.38,22.97,21.62,99.02,57.21,49.87,39.12
567.66,35.34,21.38,22.97,21.62,99.02,57.21,49.87,39.12
567.67,35.28,21.41,23.01,21.62,99.02,57.21,49.87,39.12
567.68,35.28,21.41,23.01,21.62,99.02,57.21,49.98,39.12
567.69,35.34,21.41,22.97,21.62,98.64,57.21,49.98,39.12
567.70,35.28,21.38,22.97,21.62,99.02,57.21,49.87,39.12
567.71,35.34,21.41,22.97,21.62,99.02,57.21,49.98,39.12
567.72,35.34,21.41,22.97,21.62,99.02,57.21,49.87,39.12
567.73,35.34,21.41,23.01,21.62,99.02,57.21,49.98,39.12
567.74,35.28,21.38,22.97,21.62,99.02,57.21,49.87,39.12
567.75,35.21,21.38,22.97,21.62,99.02,57.21,49.98,39.12
567.76,35.34,21.41,22.97,21.62,99.02,57.21,49.98,39.12
567.77,35.28,21.38,22.97,21.62,99.02,57.21,49.98,39.12
567.78,35.34,21.45,23.01,21.62,99.02,57.21,49.87,39.12
567.79,35.28,21.35,22.97,21.62,99.02,57.21,49.98,39.12
567.80,35.28,21.41,22.97,21.62,99.02,57.21,49.98,39.12
567.81,35.28,21.38,22.97,21.62,99.02,57.21,49.98,39.12
567.82,35.28,21.38,22.97,21.62,99.02,57.21,49.98,39.12
567.83,35.34,21.41,22.97,21.62,99.02,57.21,49.87,39.12
567.84,35.34,21.41,22.97,21.62,99.02,57.21,49.87,39.12
567.85,35.34,21.41,22.97,21.62,98.64,57.21,49.98,39.12
567.86,35.34,21.41,22.97,21.62,99.02,57.36,49.87,39.12
567.87,35.34,21.38,23.01,21.62,99.02,57.07,49.98,39.04
567.88,35.28,21.41,23.01,21.62,99.02,57.51,49.98,39.20
567.89,35.28,21.41,22.97,21.62,99.02,57.07,49.87,39.12
567.90,35.28,21.38,22.97,21.62,99.02,57.21,49.87,39.12
567.91,35.28,21.41,22.97,21.62,99.02,57.21,49.98,39.12
567.92,35.34,21.41,22.97,21.62,98.64,57.21,49.98,39.20
567.93,35.34,21.41,22.97,21.62,99.02,57.21,49.98,39.12
567.94,35.28,21.38,22.97,21.62,99.02,57.21,49.98,39.12
567.95,35.28,21.41,22.97,21.62,99.02,57.21,49.87,39.12
567.96,35.28,21.38,22.97,21.62,98.64,57.21,49.87,39.12
567.97,35.28,21.41,23.01,21.62,99.02,57.21,49.87,39.12
567.98,35.34,21.41,23.01,21.62,99.02,57.21,49.98,39.12
567.99,35.34,21.41,22.97,21.62,99.02,57.21,49.87,39.12
568.00,35.28,21.41,22.97,21.62,99.02,57.21,49.87,39.12
568.01,35.41,21.38,22.97,21.62,99.02,57.21,49.87,39.12
568.02,35.28,21.41,22.97,21.62,99.02,57.21,49.75,39.12
568.03,35.34,21.41,23.01,21.62,99.02,57.21,49.98,39.12
568.04,35.34,21.41,22.94,21.62,99.02,57.21,49.87,39.12
568.05,35.28,21.38,22.97,21.62,98.64,57.21,49.87,39.12
568.06,35.28,21.38,22.94,21.62,99.02,57.21,49.87,39.12
568.07,35.34,21.41,22.97,21.62,99.02,57.21,49.87,39.12
568.08,35.34,21.41,23.01,21.62,99.02,57.21,49.98,39.12
568.09,35.28,21.38,22.97,21.62,98.64,57.21,49.87,39.12
568.10,35.34,21.38,22.97,21.62,99.02,57.21,49.87,39.12
568.11,35.34,21.38,22.97,21.62,98.64,57.21,49.87,39.12
568.12,35.28,21.41,22.97,21.62,99.02,57.21,49.87,39.12
568.13,35.28,21.41,22.97,21.62,99.02,57.36,49.87,39.12
568.14,35.28,21.38,22.97,21.62,99.02,57.21,49.87,39.12
568.15,35.28,21.38,22.97,21.62,98.64,57.21,49.87,39.04
568.16,35.34,21.38,22.97,21.62,99.02,57.21,49.98,39.12
568.17,35.28,21.41,22.97,21.62,99.02,57.21,49.98,39.12
568.18,35.34,21.41,23.01,21.62,99.02,57.21,49.87,39.12
568.19,35.28,21.41,22.97,21.62,99.02,57.21,49.87,39.12
568.20,35.28,21.38,22.97,21.62,98.64,57.21,49.87,39.12
568.21,35.28,21.38,22.97,21.58,99.02,57.21,49.87,39.12
568.22,35.34,21.38,22.97,21.62,99.02,57.21,49.98,39.12
568.23,35.41,21.41,22.97,21.62,99.02,57.21,49.98,39.12
568.24,35.34,21.41,22.97,21.62,98.64,57.21,49.98,39.12
568.25,35.28,21.41,22.97,21.62,99.02,57.21,49.98,39.12
568.26,35.34,21.41,22.97,21.62,99.02,57.21,49.87,39.12
568.27,35.28,21.38,23.01,21.62,99.02,57.21,49.98,39.12
568.28,35.34,21.41,23.01,21.62,99.02,57.21,49.98,39.12
568.29,35.28,21.38,22.97,21.62,98.64,57.21,49.87,39.12
568.30,35.21,21.38,22.97,21.62,99.02,57.21,49.98,39.12
568.31,35.28,21.38,22.97,21.62,99.02,57.21,49.87,39.12
568.32,35.34,21.41,22.97,21.62,99.02,57.21,49.87,39.12
568.33,35.34,21.41,22.97,21.62,99.02,57.21,49.87,39.12
568.34,35.34,21.38,22.97,21.62,98.64,57.21,49.87,39.12
568.35,35.28,21.38,22.97,21.62,99.02,57.07,49.98,39.12
568.36,35.28,21.41,22.97,21.62,99.02,57.21,49.87,39.04
568.37,35.34,21.38,22.97,21.62,99.02,57.21,49.98,39.12
568.38,35.28,21.41,22.97,21.62,99.02,57.21,49.98,39.12
568.39,35.28,21.41,22.97,21.62,99.02,57.21,49.87,39.12
568.40,35.28,21.38,22.97,21.62,98.64,57.07,49.87,39.12
568.41,35.34,21.41,22.97,21.62,99.02,57.21,49.87,39.12
568.42,35.34,21.41,23.01,21.62,99.02,57.21,49.87,39.20
568.43,35.34,21.41,22.97,21.62,99.02,57.21,49.98,39.12
568.44,35.28,21.41,22.97,21.62,99.02,57.21,49.87,39.12
568.45,35.28,21.38,22.97,21.62,99.02,57.21,49.87,39.12
568.46,35.34,21.38,22.97,21.58,99.02,57.21,49.87,39.12
568.47,35.34,21.41,22.97,21.58,99.02,57.21,49.87,39.12
568.48,35.28,21.41,22.97,21.62,99.02,57.36,49.87,39.12
568.49,35.28,21.38,22.97,21.62,99.02,57.21,49.87,39.12
568.50,35.34,21.41,22.97,21.62,99.02,57.21,49.87,39.12
568.51,35.28,21.38,22.97,21.62,99.02,57.07,49.87,39.12
568.52,35.28,21.41,22.97,21.62,99.02,57.21,49.98,39.12
568.53,35.34,21.38,23.01,21.62,99.02,57.21,49.87,39.12
568.54,35.28,21.38,22.97,21.62,99.02,57.21,49.87,39.12
568.55,35.28,21.41,22.97,21.62,99.02,57.21,49.87,39.20
568.56,35.28,21.38,22.97,21.62,98.64,57.21,49.87,39.12
568.57,35.28,21.41,22.97,21.62,99.02,57.21,49.87,39.12
568.58,35.28,21.41,22.97,21.62,99.02,57.21,49.87,39.20
568.59,35.28,21.38,22.97,21.62,99.02,57.21,49.87,39.12
568.60,35.34,21.41,22.97,21.62,99.02,57.21,49.87,39.04
568.61,35.28,21.38,22.97,21.62,99.02,57.07,49.87,39.12
568.62,35.28,21.41,22.97,21.62,98.64,57.21,49.87,39.12
568.63,35.28,21.41,22.97,21.62,99.02,57.21,49.87,39.12
568.64,35.28,21.38,22.97,21.62,99.02,57.21,49.87,39.12
568.65,35.28,21.38,22.97,21.62,99.02,57.21,49.87,39.12
568.66,35.28,21.38,22.97,21.62,99.02,57.21,49.87,39.12
568.67,35.28,21.41,22.97,21.62,99.02,57.21,49.87,39.12
568.68,35.28,21.41,22.97,21.62,99.02,57.21,49.98,39.12
568.69,35.28,21.41,22.97,21.62,99.02,57.21,49.87,39.12
568.70,35.28,21.41,22.97,21.62,98.64,57.21,49.87,39.12
568.71,35.34,21.38,22.97,21.62,99.02,57.21,49.87,39.12
568.72,35.34,21.41,22.97,21.62,99.02,57.21,49.87,39.12
568.73,35.28,21.41,23.01,21.62,98.64,57.21,49.87,39.12
568.74,35.28,21.41,22.97,21.62,98.64,57.21,49.75,39.12
568.75,35.28,21.38,22.97,21.58,99.02,57.21,49.87,39.12
568.76,35.28,21.38,22.97,21.62,99.02,57.21,49.87,39.12
568.77,35.41,21.38,22.97,21.62,98.64,57.21,49.87,39.12
568.78,35.34,21.41,23.01,21.62,99.02,57.21,49.98,39.12
568.79,35.34,21.38,22.97,21.62,99.02,57.21,49.87,39.12
568.80,35.34,21.38,22.97,21.62,99.02,57.21,49.87,39.12
568.81,35.34,21.38,22.97,21.62,99.02,57.21,49.98,39.12
568.82,35.34,21.41,22.97,21.62,99.02,57.21,49.87,39.12
568.83,35.28,21.41,22.97,21.62,99.02,57.21,49.87,39.12
568.84,35.28,21.38,22.97,21.62,99.02,57.21,49.87,39.12
568.85,35.28,21.38,22.97,21.62,98.64,57.21,49.87,39.12
568.86,35.34,21.38,22.97,21.62,99.02,57.21,49.87,39.12
568.87,35.28,21.41,22.97,21.62,99.02,57.21,49.87,39.12
568.88,35.34,21.41,23.01,21.62,99.02,57.21,49.98,39.12
568.89,35.34,21.38,22.97,21.62,99.02,57.21,49.87,39.12
568.90,35.28,21.38,22.97,21.62,99.02,57.21,49.87,39.12
568.91,35.28,21.41,22.97,21.62,98.64,57.21,49.87,39.12
568.92,35.28,21.38,22.97,21.62,99.02,57.21,49.87,39.12
568.93,35.28,21.41,22.97,21.62,99.02,57.21,49.87,39.12
568.94,35.28,21.38,22.97,21.62,99.02,57.21,49.87,39.12
568.95,35.34,21.38,22.97,21.62,98.64,57.21,49.87,39.12
568.96,35.34,21.38,22.97,21.62,98.64,57.07,49.87,39.12
568.97,35.21,21.41,22.97,21.62,99.02,57.21,49.87,39.12
568.98,35.28,21.41,22.97,21.62,99.02,57.21,49.87,39.12
568.99,35.34,21.38,22.97,21.62,99.02,57.21,49.75,39.12
569.00,35.28,21.41,22.94,21.62,99.02,57.21,49.87,39.12
569.01,35.28,21.38,22.97,21.62,99.02,57.21,49.98,39.12
569.02,35.28,21.38,22.97,21.62,99.02,57.21,49.98,39.12
569.03,35.28,21.45,22.97,21.65,99.02,57.21,49.87,39.12
569.04,35.34,21.38,22.97,21.58,99.02,57.21,49.87,39.12
569.05,35.21,21.38,22.97,21.62,98.64,57.21,49.98,39.12
569.06,35.34,21.38,22.97,21.62,99.02,57.21,49.87,39.12
569.07,35.28,21.38,22.97,21.62,99.02,57.07,49.87,39.12
569.08,35.28,21.41,23.01,21.62,99.02,57.21,49.87,39.12
569.09,35.28,21.38,22.97,21.62,98.64,57.07,49.87,39.12
569.10,35.34,21.38,22.97,21.62,98.64,57.07,49.87,39.12
569.11,35.28,21.38,22.97,21.62,99.02,57.21,49.87,39.12
569.12,35.28,21.38,22.97,21.62,99.02,57.21,49.87,39.12
569.13,35.34,21.41,22.97,21.62,99.02,57.07,49.87,39.20
569.14,35.34,21.38,22.97,21.62,98.64,57.07,49.87,39.04
569.15,35.34,21.38,22.97,21.62,99.02,57.21,49.87,39.20
569.16,35.28,21.38,22.97,21.62,98.64,57.21,49.87,39.04
569.17,35.28,21.38,22.97,21.62,99.02,57.21,49.87,39.12
569.18,35.28,21.41,22.97,21.62,98.64,57.21,49.87,39.12
569.19,35.34,21.38,22.97,21.62,99.02,57.21,49.87,39.12
569.20,35.28,21.38,22.97,21.62,98.64,57.07,49.87,39.12
569.21,35.34,21.38,22.97,21.62,99.02,57.21,49.87,39.12
569.22,35.28,21.38,22.97,21.62,99.02,57.21,49.87,39.12
569.23,35.28,21.41,22.97,21.62,99.02,57.21,49.87,39.12
569.24,35.28,21.38,22.97,21.62,99.02,57.36,49.87,39.12
569.25,35.34,21.38,22.97,21.62,99.02,57.07,49.87,39.12
569.26,35.28,21.38,22.97,21.62,99.02,57.21,49.87,39.12
569.27,35.28,21.35,22.97,21.62,98.64,57.21,49.87,39.12
569.28,35.34,21.38,22.97,21.62,99.02,57.21,49.87,39.12
569.29,35.34,21.38,22.94,21.62,98.64,57.21,49.87,39.12
569.30,35.28,21.38,22.97,21.62,98.64,57.21,49.87,39.12
569.31,35.28,21.38,22.97,21.62,99.02,57.21,49.87,39.12
569.32,35.34,21.38,22.97,21.62,99.02,57.21,49.87,39.12
569.33,35.34,21.38,22.97,21.62,99.02,57.21,49.87,39.20
569.34,35.28,21.38,22.97,21.62,98.64,57.21,49.87,39.12
569.35,35.21,21.38,22.97,21.62,98.64,57.07,49.87,39.20
569.36,35.28,21.38,22.97,21.62,99.02,57.21,49.87,39.12
569.37,35.28,21.38,22.97,21.62,99.02,57.21,49.87,39.12
569.38,35.34,21.41,22.97,21.62,99.02,57.21,49.87,39.12
569.39,35.28,21.38,22.97,21.62,99.02,57.21,49.75,39.12
569.40,35.28,21.38,22.97,21.62,99.02,57.21,50.10,39.12
569.41,35.34,21.38,22.97,21.62,98.64,57.07,49.75,39.12
569.42,35.28,21.38,22.97,21.62,99.02,57.21,49.87,39.12
569.43,35.34,21.41,22.97,21.62,98.64,57.21,49.87,39.12
569.44,35.28,21.38,22.97,21.62,99.02,57.21,49.87,39.12
569.45,35.28,21.38,22.97,21.62,99.02,57.21,49.87,39.12
569.46,35.28,21.41,22.97,21.62,98.64,57.07,49.75,39.12
569.47,35.28,21.38,22.97,21.62,99.02,57.21,49.98,39.12
569.48,35.28,21.38,22.97,21.62,99.02,57.21,49.87,39.12
569.49,35.34,21.38,22.94,21.62,99.02,57.21,49.87,39.04
569.50,35.34,21.38,22.97,21.62,98.64,57.21,49.87,39.12
569.51,35.34,21.38,22.97,21.62,99.02,57.21,49.87,39.12
569.52,35.28,21.38,22.97,21.62,98.64,57.21,49.87,39.12
569.53,35.28,21.41,22.97,21.62,98.64,57.21,49.87,39.12
569.54,35.21,21.38,22.97,21.62,98.64,57.21,49.87,39.12
569.55,35.28,21.38,22.94,21.62,98.64,57.21,49.87,39.12
569.56,35.28,21.38,22.94,21.62,99.02,57.21,49.87,39.12
569.57,35.28,21.38,22.97,21.62,99.02,57.21,49.87,39.12
569.58,35.28,21.41,22.97,21.62,99.02,57.21,49.87,39.12
569.59,35.28,21.38,22.97,21.62,98.64,57.21,49.75,39.12
569.60,35.28,21.38,22.94,21.62,98.64,57.21,49.87,39.12
569.61,35.28,21.38,22.97,21.62,99.02,57.21,49.87,39.12
569.62,35.34,21.38,22.97,21.62,98.64,57.21,49.87,39.12
569.63,35.28,21.41,22.97,21.62,99.02,57.07,49.87,39.12
569.64,35.28,21.38,22.97,21.62,99.02,57.21,49.87,39.12
569.65,35.28,21.38,22.94,21.62,98.64,57.21,49.87,39.12
569.66,35.28,21.38,22.94,21.62,99.02,57.07,49.87,39.04
569.67,35.28,21.41,22.97,21.62,99.02,57.21,49.87,39.12
569.68,35.34,21.41,22.97,21.62,98.64,57.21,49.87,39.12
569.69,35.34,21.38,22.97,21.62,99.02,57.21,49.87,39.12
569.70,35.28,21.38,22.97,21.62,99.02,57.21,49.87,39.12
569.71,35.28,21.38,22.94,21.62,99.02,57.21,49.87,39.12
569.72,35.34,21.38,22.97,21.62,99.02,57.21,49.87,39.12
569.73,35.28,21.38,22.97,21.62,99.02,57.21,49.87,39.12
569.74,35.28,21.38,22.97,21.62,99.02,57.21,49.87,39.12
569.75,35.28,21.38,22.97,21.62,98.64,57.07,49.87,39.12
569.76,35.28,21.38,22.94,21.62,99.02,57.21,49.87,39.12
569.77,35.34,21.38,22.97,21.62,99.02,57.21,49.87,39.12
569.78,35.28,21.41,22.97,21.62,99.02,57.21,49.87,39.12
569.79,35.21,21.38,22.94,21.58,99.02,57.21,49.87,39.12
569.80,35.28,21.38,22.97,21.62,98.64,57.21,49.87,39.12
569.81,35.28,21.38,22.94,21.62,99.02,57.21,49.87,39.12
569.82,35.21,21.38,22.97,21.62,98.64,57.21,49.87,39.12
569.83,35.28,21.38,22.97,21.62,99.02,57.21,49.87,39.12
569.84,35.21,21.38,22.94,21.62,99.02,57.07,49.75,39.12
569.85,35.28,21.35,22.94,21.62,98.64,57.07,49.75,39.12
569.86,35.28,21.38,22.94,21.62,98.64,57.21,49.87,39.12
569.87,35.28,21.38,22.97,21.62,98.64,57.21,49.87,39.12
569.88,35.21,21.38,22.97,21.62,99.02,57.21,49.87,39.12
569.89,35.21,21.35,22.94,21.62,98.64,57.07,49.87,39.12
569.90,35.21,21.35,22.94,21.58,98.64,57.21,49.75,39.12
569.91,35.21,21.35,22.94,21.62,98.64,57.07,49.75,39.12
569.92,35.28,21.38,22.97,21.62,99.02,57.21,49.75,39.12
569.93,35.21,21.38,22.97,21.62,99.02,57.21,49.87,39.12
569.94,35.21,21.38,22.94,21.62,98.64,57.21,49.87,39.12
569.95,35.21,21.35,22.94,21.62,99.02,57.21,49.87,39.20
569.96,35.21,21.35,22.94,21.62,98.64,57.21,49.87,39.12
569.97,35.28,21.38,22.94,21.62,98.64,57.21,49.87,39.12
569.98,35.28,21.38,22.94,21.62,99.02,57.21,49.87,39.12
569.99,35.34,21.35,22.94,21.62,98.64,57.21,49.75,39.12
570.00,35.21,21.35,22.94,21.58,98.64,57.07,49.87,39.12
570.01,35.21,21.35,22.97,21.62,98.64,57.07,49.87,39.12
570.02,35.28,21.38,22.94,21.62,98.64,57.07,49.87,39.12
570.03,35.28,21.38,22.97,21.62,98.64,57.21,49.87,39.04
570.04,35.21,21.38,22.94,21.62,98.64,57.07,49.87,39.12
570.05,35.21,21.35,22.94,21.58,98.64,57.21,49.87,39.12
570.06,35.21,21.38,22.94,21.62,98.64,57.21,49.87,39.12
570.07,35.34,21.38,22.94,21.58,98.64,57.21,49.87,39.12
570.08,35.21,21.38,22.94,21.62,99.02,57.21,49.87,39.12
570.09,35.21,21.38,22.94,21.62,98.64,57.21,49.87,39.12
570.10,35.21,21.38,22.94,21.62,98.64,57.07,49.87,39.12
570.11,35.28,21.35,22.94,21.62,99.02,57.21,49.87,39.12
570.12,35.21,21.35,22.94,21.62,99.02,57.07,49.87,39.12
570.13,35.21,21.38,22.97,21.62,98.64,57.21,49.75,39.12
570.14,35.28,21.38,22.94,21.62,98.64,57.07,49.87,39.12
570.15,35.28,21.35,22.94,21.62,98.64,57.21,49.75,39.12
570.16,35.21,21.35,22.94,21.62,98.64,57.07,49.87,39.12
570.17,35.28,21.38,22.94,21.62,98.64,57.07,49.87,39.12
570.18,35.28,21.38,22.94,21.62,98.64,57.07,49.75,39.12
570.19,35.28,21.35,22.94,21.62,98.64,57.07,49.75,39.12
570.20,35.21,21.35,22.94,21.62,98.64,57.07,49.75,39.12
570.21,35.21,21.38,22.94,21.62,98.64,57.07,49.87,39.12
570.22,35.21,21.35,22.94,21.62,99.02,57.21,49.87,39.12
570.23,35.28,21.38,22.94,21.62,98.64,57.07,49.87,39.12
570.24,35.21,21.35,22.94,21.58,98.64,57.07,49.87,39.12
570.25,35.28,21.35,22.94,21.58,98.64,57.07,49.87,39.12
570.26,35.21,21.35,22.94,21.62,98.64,57.07,49.75,39.12
570.27,35.28,21.41,22.94,21.62,98.64,57.21,49.75,39.12
570.28,35.28,21.35,22.94,21.62,99.02,57.21,49.87,39.12
570.29,35.21,21.38,22.94,21.62,98.64,57.07,49.75,39.12
570.30,35.28,21.35,22.94,21.58,98.64,57.07,49.87,39.12
570.31,35.21,21.35,22.94,21.62,98.64,57.07,49.87,39.12
570.32,35.28,21.35,22.94,21.62,98.64,57.21,49.75,39.12
570.33,35.21,21.35,22.94,21.62,98.64,57.21,49.75,39.12
570.34,35.21,21.35,22.94,21.62,98.64,57.07,49.87,39.04
570.35,35.28,21.35,22.94,21.62,98.64,57.07,49.75,39.12
570.36,35.28,21.35,22.94,21.62,98.64,57.07,49.75,39.12
570.37,35.28,21.35,22.97,21.62,98.64,57.07,49.75,39.12
570.38,35.28,21.38,22.94,21.62,98.64,57.21,49.75,39.04
570.39,35.21,21.35,22.94,21.62,98.64,57.07,49.87,39.20
570.40,35.28,21.35,22.90,21.62,98.64,57.07,49.75,39.12
570.41,35.28,21.35,22.90,21.62,98.64,57.21,49.87,39.12
570.42,35.28,21.38,22.94,21.62,99.02,57.07,49.87,39.12
570.43,35.21,21.35,22.94,21.62,98.64,57.07,49.75,39.12
570.44,35.21,21.35,22.94,21.62,98.64,57.07,49.87,39.12
570.45,35.21,21.35,22.94,21.62,98.64,57.07,49.75,39.12
570.46,35.28,21.35,22.94,21.58,98.64,57.21,49.75,39.12
570.47,35.28,21.35,22.94,21.62,98.64,57.21,49.75,39.12
570.48,35.34,21.38,22.94,21.62,98.64,57.07,49.87,39.12
570.49,35.15,21.35,22.94,21.62,98.64,57.07,49.75,39.12
570.50,35.28,21.35,22.90,21.62,98.64,57.07,49.75,39.04
570.51,35.21,21.35,22.94,21.58,98.64,57.21,49.75,39.12
570.52,35.21,21.38,22.94,21.62,98.64,57.21,49.87,39.12
570.53,35.21,21.35,22.90,21.62,99.02,57.07,49.87,39.12
570.54,35.21,21.35,22.94,21.62,98.64,57.21,49.75,39.12
570.55,35.28,21.35,22.90,21.62,98.64,57.07,49.75,39.12
570.56,35.21,21.35,22.94,21.62,98.64,57.07,49.75,39.20
570.57,35.21,21.35,22.94,21.62,98.64,57.07,49.75,39.12
570.58,35.28,21.35,22.94,21.62,98.64,57.07,49.75,39.12
570.59,35.21,21.38,22.94,21.62,98.64,57.07,49.75,39.12
570.60,35.21,21.35,22.90,21.62,98.64,57.07,49.75,39.12
570.61,35.21,21.35,22.94,21.62,98.64,57.07,49.75,39.12
570.62,35.21,21.35,22.94,21.62,98.64,57.07,49.87,39.12
570.63,35.28,21.35,22.94,21.62,98.26,57.21,49.75,39.12
570.64,35.28,21.35,22.94,21.62,98.64,57.07,49.87,39.12
570.65,35.15,21.35,22.94,21.62,98.64,57.07,49.64,39.12
570.66,35.21,21.35,22.90,21.58,98.64,57.07,49.87,39.12
570.67,35.28,21.35,22.94,21.62,98.64,57.21,49.75,39.12
570.68,35.28,21.35,22.94,21.62,98.64,57.07,49.75,39.12
570.69,35.21,21.35,22.94,21.58,98.64,57.07,49.75,39.12
570.70,35.15,21.35,22.94,21.62,98.64,57.07,49.75,39.12
570.71,35.21,21.35,22.94,21.62,98.64,57.07,49.75,39.12
570.72,35.21,21.35,22.94,21.62,98.64,57.21,49.75,39.12
570.73,35.21,21.35,22.94,21.62,98.64,57.07,49.75,39.12
570.74,35.15,21.35,22.90,21.62,98.64,57.07,49.75,39.12
570.75,35.15,21.32,22.90,21.58,98.64,57.07,49.75,39.12
570.76,35.21,21.35,22.90,21.62,98.64,57.21,49.75,39.12
570.77,35.28,21.35,22.94,21.62,98.64,57.21,49.75,39.12
570.78,35.21,21.35,22.94,21.62,98.64,57.21,49.75,39.12
570.79,35.21,21.32,22.94,21.58,98.64,57.21,49.75,39.12
570.80,35.28,21.35,22.90,21.62,98.64,57.07,49.75,39.12
570.81,35.21,21.35,22.94,21.62,98.64,57.07,49.87,39.12
570.82,35.28,21.35,22.94,21.62,98.64,57.07,49.75,39.12
570.83,35.21,21.35,22.94,21.58,98.64,57.07,49.87,39.12
570.84,35.21,21.32,22.90,21.58,98.64,57.07,49.75,39.12
570.85,35.21,21.35,22.90,21.62,98.64,57.07,49.75,39.12
570.86,35.21,21.35,22.90,21.58,98.64,57.07,49.87,39.12
570.87,35.28,21.35,22.94,21.58,98.64,57.07,49.75,39.12
570.88,35.21,21.35,22.94,21.62,98.64,57.07,49.75,39.12
570.89,35.21,21.32,22.90,21.62,98.64,57.07,49.87,39.12
570.90,35.15,21.35,22.94,21.58,98.64,57.07,49.75,39.12
570.91,35.21,21.35,22.90,21.62,98.64,57.07,49.75,39.12
570.92,35.28,21.35,22.94,21.62,98.64,57.07,49.87,39.12
570.93,35.21,21.35,22.94,21.62,98.64,57.07,49.75,39.12
570.94,35.21,21.32,22.90,21.62,98.64,57.07,49.75,39.20
570.95,35.28,21.35,22.90,21.62,98.64,57.07,49.75,39.20
570.96,35.21,21.35,22.90,21.62,98.64,57.07,49.75,39.12
570.97,35.28,21.35,22.94,21.62,98.64,57.21,49.75,39.12
570.98,35.21,21.38,22.94,21.62,98.64,57.07,49.75,39.12
570.99,35.28,21.35,22.90,21.62,98.64,57.07,49.75,39.12
571.00,35.15,21.32,22.94,21.62,98.64,57.07,49.75,39.12
571.01,35.21,21.35,22.90,21.62,98.26,57.07,49.75,39.12
571.02,35.21,21.35,22.94,21.58,98.64,57.07,49.75,39.12
571.03,35.28,21.35,22.94,21.62,98.64,57.07,49.75,39.12
571.04,35.21,21.35,22.90,21.62,98.64,57.07,49.75,39.04
571.05,35.21,21.35,22.90,21.62,98.64,57.07,49.75,39.12
571.06,35.21,21.35,22.90,21.62,98.64,57.21,49.75,39.12
571.07,35.21,21.35,22.94,21.62,98.64,57.07,49.75,39.12
571.08,35.21,21.38,22.94,21.62,98.64,57.07,49.75,39.12
571.09,35.21,21.35,22.90,21.58,98.64,57.07,49.75,39.12
571.10,35.21,21.35,22.90,21.62,98.64,57.07,49.75,39.12
571.11,35.28,21.35,22.90,21.62,98.64,57.07,49.75,39.12
571.12,35.21,21.35,22.94,21.62,98.64,57.07,49.75,39.12
571.13,35.28,21.35,22.94,21.62,98.64,57.07,49.87,39.12
571.14,35.21,21.32,22.90,21.62,98.64,57.07,49.75,39.12
571.15,35.21,21.35,22.90,21.62,98.64,57.07,49.75,39.12
571.16,35.21,21.35,22.90,21.62,98.64,57.07,49.75,39.12
571.17,35.21,21.35,22.94,21.62,98.64,57.07,49.75,39.12
571.18,35.21,21.35,22.90,21.62,98.64,57.21,49.75,39.12
571.19,35.21,21.35,22.90,21.62,98.64,57.07,49.87,39.20
571.20,35.21,21.35,22.90,21.58,98.26,57.07,49.75,39.12
571.21,35.21,21.35,22.90,21.58,98.64,57.07,49.75,39.12
571.22,35.21,21.35,22.94,21.62,98.64,57.21,49.75,39.12
571.23,35.21,21.35,22.94,21.58,98.64,57.21,49.75,39.12
571.24,35.15,21.35,22.94,21.62,98.64,57.07,49.87,39.12
571.25,35.15,21.35,22.90,21.62,98.26,57.07,49.75,39.12
571.26,35.21,21.35,22.90,21.62,98.64,57.07,49.75,39.12
571.27,35.21,21.38,22.94,21.58,98.64,57.21,49.75,39.12
571.28,35.28,21.35,22.94,21.62,98.64,57.07,49.87,39.12
571.29,35.21,21.35,22.90,21.62,98.64,57.07,49.75,39.12
571.30,35.21,21.32,22.90,21.62,98.64,57.07,49.75,39.12
571.31,35.21,21.35,22.94,21.62,98.64,57.07,49.75,39.12
571.32,35.21,21.35,22.94,21.58,98.64,57.07,49.75,39.12
571.33,35.21,21.35,22.94,21.62,98.64,57.07,49.75,39.12
571.34,35.21,21.35,22.94,21.62,98.64,57.07,49.75,39.20
571.35,35.21,21.35,22.90,21.62,98.26,57.07,49.75,39.12
571.36,35.21,21.35,22.94,21.62,98.64,57.07,49.75,39.12
571.37,35.28,21.35,22.94,21.62,98.64,57.07,49.75,39.12
571.38,35.28,21.35,22.94,21.58,98.64,57.07,49.75,39.12
571.39,35.15,21.32,22.90,21.62,98.64,57.07,49.64,39.12
571.40,35.21,21.32,22.90,21.62,98.64,57.07,49.75,39.12
571.41,35.21,21.35,22.90,21.62,98.64,57.07,49.75,39.12
571.42,35.28,21.35,22.94,21.62,98.64,57.07,49.87,39.12
571.43,35.21,21.35,22.94,21.62,98.64,57.07,49.75,39.12
571.44,35.28,21.35,22.94,21.62,98.64,57.07,49.75,39.12
571.45,35.21,21.35,22.90,21.58,98.64,57.07,49.75,39.04
571.46,35.21,21.35,22.90,21.62,98.64,57.07,49.75,39.12
571.47,35.21,21.35,22.94,21.58,99.02,57.07,49.75,39.12
571.48,35.21,21.35,22.94,21.62,98.64,57.21,49.75,39.12
571.49,35.21,21.35,22.94,21.62,98.64,57.07,49.87,39.12
571.50,35.21,21.35,22.94,21.62,98.64,57.07,49.87,39.12
571.51,35.21,21.38,22.94,21.62,98.64,57.07,49.87,39.12
571.52,35.21,21.32,22.94,21.62,98.64,57.07,49.75,39.12
571.53,35.21,21.35,22.94,21.62,98.64,57.07,49.75,39.12
571.54,35.21,21.35,22.94,21.62,98.64,57.07,49.75,39.12
571.55,35.21,21.35,22.90,21.58,98.64,57.07,49.87,39.12
571.56,35.21,21.35,22.94,21.62,98.64,57.21,49.75,39.20
571.57,35.21,21.35,22.94,21.58,98.64,57.07,49.87,39.12
571.58,35.21,21.35,22.94,21.62,98.64,57.21,49.87,39.12
571.59,35.28,21.35,22.94,21.62,98.64,57.07,49.75,39.12
571.60,35.21,21.35,22.90,21.62,98.64,57.07,49.75,39.12
571.61,35.21,21.35,22.90,21.62,98.64,57.07,49.75,39.20
571.62,35.21,21.35,22.94,21.62,98.64,57.07,49.75,39.12
571.63,35.21,21.35,22.94,21.58,98.64,57.07,49.75,39.12
571.64,35.21,21.35,22.94,21.58,98.64,57.07,49.75,39.12
571.65,35.28,21.35,22.90,21.62,98.64,57.07,49.75,39.27
571.66,35.21,21.35,22.94,21.62,98.64,57.07,49.75,39.20
571.67,35.28,21.38,22.94,21.62,99.02,57.21,49.87,39.12
571.68,35.21,21.38,22.94,21.58,98.64,57.07,49.75,39.12
571.69,35.28,21.35,22.90,21.58,98.64,57.07,49.75,39.12
571.70,35.15,21.35,22.90,21.62,98.64,57.07,49.75,39.12
571.71,35.21,21.35,22.94,21.62,98.64,57.07,49.87,39.12
571.72,35.21,21.38,22.94,21.58,99.02,57.07,49.75,39.12
571.73,35.21,21.38,22.94,21.62,98.64,57.07,49.75,39.12
571.74,35.21,21.35,22.94,21.62,98.64,57.07,49.87,39.12
571.75,35.15,21.35,22.94,21.62,98.64,57.07,49.75,39.12
571.76,35.28,21.35,22.90,21.62,98.64,57.07,49.75,39.12
571.77,35.15,21.35,22.94,21.58,98.64,57.21,49.75,39.12
571.78,35.28,21.35,22.94,21.62,98.64,57.07,49.87,39.12
571.79,35.28,21.35,22.90,21.62,98.64,57.21,49.87,39.12
571.80,35.15,21.35,22.94,21.58,98.64,57.07,49.75,39.12
571.81,35.21,21.35,22.90,21.62,98.64,57.07,49.75,39.20
571.82,35.21,21.35,22.94,21.62,98.64,57.21,49.75,39.12
571.83,35.21,21.35,22.94,21.62,99.02,57.07,49.87,39.12
571.84,35.21,21.35,22.94,21.58,98.64,57.21,49.75,39.12
571.85,35.28,21.35,22.90,21.62,98.64,57.07,49.75,39.12
571.86,35.28,21.38,22.94,21.62,98.64,57.21,49.75,39.12
571.87,35.28,21.38,22.94,21.62,98.26,57.21,49.75,39.12
571.88,35.28,21.38,22.94,21.62,99.02,57.07,49.87,39.12
571.89,35.21,21.35,22.94,21.62,98.64,57.07,49.64,39.12
571.90,35.21,21.35,22.94,21.62,98.64,57.07,49.75,39.12
571.91,35.28,21.35,22.94,21.62,98.64,57.07,49.75,39.12
571.92,35.21,21.38,22.94,21.58,98.64,57.07,49.87,39.04
571.93,35.21,21.38,22.94,21.62,98.64,57.21,49.87,39.12
571.94,35.21,21.35,22.90,21.62,98.64,57.07,49.75,39.12
571.95,35.21,21.35,22.90,21.62,98.64,57.21,49.75,39.12
571.96,35.21,21.35,22.94,21.58,98.64,57.21,49.75,39.12
571.97,35.21,21.35,22.94,21.62,98.64,57.07,49.87,39.12
571.98,35.28,21.38,22.94,21.58,98.64,57.21,49.75,39.12
571.99,35.28,21.35,22.94,21.62,98.64,57.07,49.75,39.12
572.00,35.28,21.35,22.94,21.62,98.64,57.07,49.75,39.12
572.01,35.21,21.35,22.94,21.62,98.64,57.07,49.75,39.12
572.02,35.21,21.35,22.94,21.58,98.64,57.21,49.75,39.12
572.03,35.28,21.35,22.94,21.62,98.64,57.07,49.75,39.12
572.04,35.21,21.35,22.90,21.62,98.64,57.07,49.75,39.12
572.05,35.21,21.35,22.94,21.62,99.02,57.21,49.75,39.12
572.06,35.28,21.35,22.94,21.58,98.64,57.07,49.87,39.20
572.07,35.28,21.35,22.94,21.62,98.64,57.21,49.75,39.12
572.08,35.34,21.38,22.94,21.62,98.64,57.21,49.87,39.12
572.09,35.28,21.35,22.90,21.58,98.64,57.21,49.75,39.12
572.10,35.28,21.35,22.94,21.62,98.64,57.07,49.87,39.12
572.11,35.28,21.35,22.94,21.62,98.64,57.07,49.75,39.12
572.12,35.28,21.38,22.94,21.62,98.64,57.07,49.87,39.12
572.13,35.28,21.35,22.94,21.58,98.64,57.21,49.75,39.12
572.14,35.21,21.35,22.94,21.58,98.64,57.07,49.87,39.12
572.15,35.21,21.35,22.94,21.58,98.64,57.07,49.75,39.12
572.16,35.21,21.38,22.94,21.62,98.64,57.07,49.87,39.12
572.17,35.21,21.38,22.94,21.62,99.02,57.21,49.75,39.12
572.18,35.28,21.38,22.90,21.58,98.64,57.21,49.75,39.12
572.19,35.28,21.35,22.94,21.58,98.64,57.07,49.75,39.12
572.20,35.21,21.35,22.94,21.62,98.64,57.07,49.75,39.04
572.21,35.21,21.35,22.94,21.62,98.64,57.07,49.87,39.12
572.22,35.21,21.38,22.94,21.62,98.64,57.07,49.87,39.12
572.23,35.34,21.38,22.94,21.62,99.02,57.07,49.75,39.12
572.24,35.21,21.35,22.94,21.62,98.64,57.07,49.75,39.12
572.25,35.21,21.35,22.90,21.62,98.64,57.07,49.87,39.12
572.26,35.21,21.35,22.94,21.62,99.02,57.21,49.75,39.20
572.27,35.28,21.38,22.94,21.62,98.64,57.07,49.75,39.12
572.28,35.28,21.35,22.94,21.62,98.64,57.21,49.87,39.12
572.33,35.15,21.35,22.94,21.62,98.64,57.21,49.75,39.12
572.33,35.21,21.35,22.94,21.62,98.64,57.21,49.75,39.12
572.34,35.28,21.35,22.94,21.62,98.64,57.21,49.75,39.12
572.35,35.28,21.38,22.94,21.62,98.64,57.07,49.87,39.12
572.36,35.28,21.35,22.94,21.62,98.64,57.07,49.75,39.12
572.37,35.21,21.35,22.94,21.62,98.64,57.21,49.75,39.12
572.40,35.21,21.35,22.90,21.62,98.64,57.07,49.75,39.12
572.40,35.28,21.35,22.90,21.58,98.64,57.21,49.75,39.12
572.41,35.21,21.35,22.94,21.62,98.64,57.21,49.87,39.12
572.42,35.21,21.35,22.94,21.62,98.64,57.07,49.75,39.20
572.43,35.21,21.35,22.90,21.58,98.64,57.07,49.75,39.12
572.44,35.15,21.35,22.90,21.58,98.64,57.07,49.75,39.12
572.45,35.28,21.35,22.94,21.62,98.64,57.07,49.87,39.12
572.46,35.21,21.38,22.94,21.58,98.64,57.21,49.87,39.12
572.47,35.21,21.35,22.94,21.62,98.64,57.21,49.87,39.12
572.48,35.28,21.38,22.94,21.62,98.64,57.07,49.75,39.12
572.49,35.21,21.35,22.90,21.62,98.64,57.07,49.75,39.12
572.50,35.28,21.35,22.94,21.62,98.64,57.07,49.75,39.12
572.51,35.21,21.35,22.94,21.62,98.64,57.07,49.87,39.12
572.52,35.28,21.35,22.94,21.58,98.64,57.21,49.75,39.12
572.53,35.21,21.35,22.94,21.62,98.64,57.07,49.75,39.12
572.54,35.15,21.35,22.94,21.62,98.64,57.07,49.75,39.12
572.55,35.28,21.35,22.94,21.62,98.64,57.21,49.75,39.12
572.56,35.28,21.35,22.94,21.62,98.64,57.21,49.87,39.12
572.57,35.28,21.35,22.94,21.58,98.64,57.21,49.75,39.12
572.58,35.21,21.35,22.94,21.62,98.64,57.07,49.75,39.12
572.59,35.21,21.35,22.90,21.62,98.64,57.21,49.75,39.12
572.60,35.21,21.35,22.94,21.62,98.64,57.07,49.75,39.12
572.61,35.21,21.35,22.94,21.58,98.64,57.07,49.75,39.12
572.62,35.21,21.35,22.94,21.62,98.64,57.07,49.75,39.12
572.63,35.21,21.35,22.90,21.62,98.64,57.21,49.75,39.12
572.64,35.21,21.35,22.90,21.58,98.64,57.07,49.75,39.12
572.65,35.21,21.35,22.90,21.62,98.64,57.07,49.75,39.12
572.66,35.21,21.35,22.94,21.58,98.64,57.07,49.75,39.12
572.67,35.21,21.35,22.94,21.58,98.64,57.07,49.75,39.12
572.68,35.21,21.35,22.90,21.58,98.64,57.07,49.75,39.12
572.69,35.21,21.35,22.90,21.58,98.64,57.07,49.75,39.12
572.70,35.28,21.35,22.94,21.62,98.64,57.21,49.75,39.12
572.71,35.28,21.35,22.94,21.62,98.64,57.21,49.87,39.12
572.72,35.28,21.35,22.94,21.62,98.64,57.21,49.75,39.12
572.73,35.21,21.35,22.94,21.62,98.64,57.21,49.75,39.12
572.74,35.21,21.35,22.90,21.58,98.64,56.92,49.75,39.12
572.75,35.21,21.35,22.90,21.62,98.64,57.07,49.75,39.12
572.76,35.21,21.35,22.94,21.58,98.64,57.07,49.87,39.12
572.77,35.21,21.35,22.94,21.58,98.64,57.07,49.75,39.12
572.78,35.28,21.35,22.94,21.62,98.64,57.07,49.75,39.12
572.79,35.21,21.35,22.94,21.62,98.64,57.07,49.75,39.12
572.80,35.21,21.35,22.90,21.58,98.64,57.07,49.87,39.12
572.81,35.21,21.35,22.94,21.62,98.64,57.21,49.75,39.12
572.82,35.21,21.35,22.94,21.58,98.64,57.21,49.75,39.12
572.83,35.21,21.32,22.94,21.58,98.64,57.07,49.75,39.20
572.84,35.15,21.35,22.90,21.62,98.64,57.21,49.87,39.12
572.85,35.21,21.35,22.94,21.62,98.64,57.07,49.87,39.12
572.86,35.21,21.35,22.94,21.62,98.64,57.07,49.75,39.12
572.87,35.21,21.35,22.94,21.62,98.64,57.07,49.87,39.12
572.88,35.21,21.35,22.94,21.62,98.64,57.07,49.75,39.12
572.89,35.15,21.35,22.90,21.62,98.64,57.21,49.75,39.20
572.90,35.21,21.35,22.94,21.62,98.64,57.07,49.75,39.12
572.91,35.21,21.35,22.94,21.62,98.64,57.36,49.87,39.12
572.92,35.21,21.35,22.94,21.58,98.64,56.92,49.75,39.04
572.93,35.21,21.35,22.94,21.62,98.64,56.92,49.75,39.20
572.94,35.21,21.35,22.90,21.58,98.64,57.07,49.75,39.12
572.95,35.28,21.35,22.94,21.62,98.64,57.21,49.75,39.04
572.96,35.28,21.35,22.94,21.58,98.64,57.07,49.75,39.20
572.97,35.21,21.35,22.94,21.58,98.64,57.21,49.75,39.12
572.98,35.21,21.35,22.94,21.62,98.64,57.07,49.75,39.12
572.99,35.21,21.35,22.94,21.62,98.64,57.21,49.75,39.12
573.00,35.21,21.35,22.94,21.62,98.64,56.92,49.75,39.12
573.01,35.21,21.35,22.94,21.62,98.64,57.21,49.75,39.12
573.02,35.28,21.35,22.94,21.58,98.64,57.21,49.75,39.12
573.03,35.21,21.35,22.90,21.62,98.64,57.07,49.75,39.12
573.04,35.28,21.35,22.94,21.58,98.64,57.07,49.87,39.12
573.05,35.28,21.35,22.90,21.62,98.64,57.21,49.87,39.12
573.06,35.28,21.38,22.94,21.58,98.64,57.07,49.87,39.12
573.07,35.28,21.35,22.94,21.62,98.64,57.07,49.87,39.04
573.08,35.28,21.35,22.94,21.58,98.64,57.07,49.75,39.12
573.09,35.21,21.35,22.90,21.62,98.64,57.07,49.87,39.12
573.10,35.21,21.35,22.90,21.62,98.64,57.21,49.87,39.12
573.11,35.28,21.38,22.94,21.62,98.64,57.21,49.87,39.12
573.12,35.21,21.35,22.94,21.62,98.64,57.07,49.87,39.12
573.13,35.21,21.35,22.94,21.62,98.64,57.21,49.75,39.12
573.14,35.21,21.35,22.90,21.62,98.64,57.21,49.75,39.12
573.15,35.28,21.35,22.94,21.62,98.26,57.07,49.75,39.12
573.16,35.21,21.38,22.94,21.62,99.02,57.21,49.87,39.12
573.17,35.21,21.35,22.94,21.62,98.64,57.07,49.75,39.12
573.18,35.21,21.35,22.94,21.62,99.02,57.07,49.87,39.12
573.19,35.21,21.32,22.90,21.62,98.64,57.07,49.64,39.12
573.20,35.21,21.35,22.90,21.62,98.64,57.07,49.75,39.12
573.21,35.21,21.35,22.94,21.58,98.64,57.21,49.75,39.12
573.22,35.21,21.35,22.94,21.62,98.64,57.07,49.75,39.12
573.23,35.21,21.35,22.90,21.58,98.64,57.07,49.75,39.12
573.24,35.21,21.35,22.90,21.58,98.64,57.07,49.75,39.12
573.25,35.21,21.35,22.90,21.62,98.64,57.07,49.75,39.12
573.26,35.28,21.35,22.94,21.62,99.02,57.07,49.75,39.12
573.27,35.34,21.35,22.94,21.62,98.64,57.21,49.87,39.12
573.28,35.28,21.35,22.94,21.62,98.64,57.07,49.75,39.12
573.29,35.21,21.35,22.90,21.62,98.64,57.21,49.75,39.12
573.30,35.28,21.35,22.90,21.58,98.64,57.21,49.87,39.12
573.31,35.28,21.35,22.94,21.62,98.64,57.07,49.75,39.12
573.32,35.28,21.35,22.94,21.62,98.64,57.21,49.75,39.12
573.33,35.21,21.35,22.94,21.58,98.64,57.07,49.75,39.12
573.34,35.21,21.35,22.90,21.58,98.64,57.07,49.75,39.12
573.35,35.28,21.35,22.94,21.62,98.64,57.21,49.75,39.12
573.36,35.21,21.38,22.94,21.62,98.64,57.21,49.87,39.12
573.37,35.21,21.38,22.94,21.62,98.64,57.21,49.75,39.12
573.38,35.21,21.35,22.94,21.58,98.64,57.07,49.75,39.12
573.39,35.21,21.35,22.90,21.58,98.64,57.07,49.75,39.12
573.40,35.28,21.35,22.90,21.62,98.64,57.07,49.98,39.12
573.41,35.21,21.38,22.94,21.58,98.64,57.21,49.75,39.12
573.42,35.28,21.35,22.94,21.58,98.64,57.07,49.75,39.20
573.43,35.15,21.32,22.90,21.58,98.64,57.07,49.75,39.12
573.44,35.21,21.35,22.90,21.62,98.64,57.21,49.87,39.12
573.45,35.21,21.35,22.94,21.58,98.64,57.07,49.75,39.12
573.46,35.28,21.38,22.94,21.62,98.64,57.21,49.64,39.12
573.47,35.21,21.35,22.94,21.62,98.64,57.07,49.75,39.12
573.48,35.21,21.35,22.90,21.58,98.64,57.07,49.75,39.20
573.49,35.21,21.35,22.90,21.62,98.64,57.07,49.75,39.12
573.50,35.21,21.35,22.94,21.58,98.64,57.21,49.75,39.12
573.51,35.21,21.35,22.94,21.62,98.64,57.21,49.75,39.12
573.52,35.21,21.35,22.94,21.58,98.64,57.21,49.87,39.12
573.53,35.21,21.35,22.94,21.58,98.64,57.07,49.75,39.12
573.54,35.21,21.35,22.90,21.58,98.64,57.07,49.75,39.12
573.55,35.28,21.35,22.94,21.58,98.64,57.07,49.75,39.12
573.56,35.28,21.38,22.94,21.62,98.64,57.21,49.87,39.12
573.57,35.28,21.35,22.94,21.58,98.64,57.07,49.75,39.12
573.58,35.28,21.35,22.90,21.58,98.64,57.07,49.75,39.12
573.59,35.28,21.32,22.90,21.62,98.64,57.07,49.75,39.12
573.60,35.21,21.35,22.94,21.58,98.64,57.07,49.75,39.12
573.61,35.21,21.35,22.94,21.62,98.64,57.07,49.87,39.12
573.62,35.28,21.38,22.94,21.58,98.64,57.07,49.87,39.12
573.63,35.21,21.35,22.94,21.58,98.64,57.07,49.75,39.12
573.64,35.21,21.35,22.90,21.58,98.64,57.07,49.75,39.12
573.65,35.21,21.35,22.94,21.62,98.64,57.21,49.75,39.12
573.66,35.21,21.35,22.94,21.62,98.64,57.21,49.75,39.20
573.67,35.28,21.35,22.90,21.58,98.64,57.21,49.87,39.12
573.68,35.21,21.35,22.90,21.62,98.64,57.07,49.87,39.12
573.69,35.21,21.35,22.90,21.58,98.64,57.07,49.75,39.12
573.70,35.28,21.35,22.94,21.62,98.64,57.07,49.64,39.12
573.71,35.21,21.35,22.94,21.58,98.64,57.21,49.75,39.20
573.72,35.21,21.35,22.90,21.58,98.64,57.07,49.75,39.12
573.73,35.21,21.35,22.90,21.58,98.64,57.07,49.75,39.20
573.74,35.21,21.35,22.90,21.58,98.64,57.07,49.75,39.12
573.75,35.21,21.35,22.90,21.62,98.64,57.07,49.75,39.20
573.76,35.21,21.35,22.90,21.58,98.64,57.07,49.75,39.12
573.77,35.21,21.35,22.94,21.58,98.64,57.21,49.75,39.20
573.78,35.21,21.35,22.90,21.58,98.64,57.07,49.75,39.20
573.79,35.28,21.35,22.90,21.62,98.64,57.07,49.75,39.20
573.80,35.21,21.35,22.90,21.62,98.64,57.07,49.75,39.12
573.81,35.21,21.35,22.94,21.58,98.64,57.07,49.75,39.20
573.82,35.21,21.35,22.90,21.58,98.64,57.07,49.75,39.20
573.83,35.15,21.35,22.90,21.62,98.64,57.07,49.75,39.12
573.84,35.15,21.35,22.90,21.62,98.64,57.07,49.75,39.12
573.85,35.21,21.35,22.90,21.58,98.64,57.07,49.75,39.12
573.86,35.21,21.35,22.90,21.62,98.64,57.07,49.87,39.12
573.87,35.15,21.35,22.94,21.58,98.64,57.07,49.75,39.20
573.88,35.21,21.35,22.90,21.58,98.64,57.21,49.75,39.12
573.89,35.21,21.35,22.90,21.62,98.64,57.07,49.75,39.12
573.90,35.28,21.35,22.90,21.58,98.64,57.07,49.75,39.20
573.91,35.28,21.35,22.94,21.62,98.64,57.07,49.75,39.12
573.92,35.28,21.35,22.94,21.62,98.64,57.07,49.75,39.12
573.93,35.28,21.35,22.90,21.58,98.64,57.07,49.75,39.12
573.94,35.21,21.35,22.90,21.62,98.64,57.07,49.87,39.12
573.95,35.28,21.35,22.94,21.62,98.64,57.07,49.75,39.12
573.96,35.21,21.35,22.94,21.62,98.64,57.07,49.75,39.12
573.97,35.21,21.35,22.94,21.58,98.64,57.07,49.75,39.12
573.98,35.21,21.32,22.90,21.58,98.64,57.07,49.75,39.12
573.99,35.15,21.32,22.90,21.58,98.64,57.07,49.75,39.12
574.00,35.28,21.35,22.90,21.62,98.64,57.21,49.75,39.20
574.01,35.28,21.35,22.94,21.62,98.64,57.07,49.75,39.12
574.02,35.21,21.35,22.94,21.58,98.64,57.07,49.75,39.20
574.03,35.21,21.32,22.90,21.58,98.64,57.07,49.75,39.12
574.04,35.21,21.35,22.90,21.62,98.64,57.21,49.75,39.12
574.05,35.21,21.35,22.90,21.62,98.64,57.07,49.75,39.12
574.06,35.21,21.35,22.94,21.62,98.64,57.07,49.75,39.12
574.07,35.21,21.32,22.94,21.58,98.64,57.07,49.87,39.12
574.08,35.21,21.38,22.90,21.62,98.64,57.07,49.75,39.20
574.09,35.28,21.29,22.90,21.58,98.64,57.07,49.75,39.12
574.10,35.21,21.35,22.90,21.58,98.64,57.07,49.75,39.12
574.11,35.21,21.35,22.94,21.62,98.64,57.21,49.75,39.12
574.12,35.28,21.32,22.94,21.62,98.64,57.21,49.75,39.20
574.13,35.28,21.35,22.90,21.62,98.26,57.07,49.75,39.20
574.14,35.21,21.35,22.90,21.58,99.02,56.92,49.75,39.12
574.15,35.28,21.35,22.94,21.62,98.64,57.07,49.75,39.12
574.16,35.21,21.35,22.94,21.58,98.64,57.07,49.75,39.20
574.17,35.21,21.35,22.94,21.62,98.64,56.92,49.75,39.12
574.18,35.28,21.35,22.90,21.62,98.64,57.21,49.75,39.12
574.19,35.15,21.35,22.90,21.62,98.64,57.07,49.75,39.12
574.20,35.21,21.35,22.94,21.62,98.64,57.07,49.75,39.27
574.21,35.21,21.35,22.94,21.58,98.64,57.21,49.75,39.12
574.22,35.21,21.35,22.94,21.62,98.64,57.07,49.75,39.20
574.23,35.21,21.32,22.90,21.62,98.64,57.07,49.75,39.12
574.24,35.21,21.35,22.90,21.58,98.64,57.07,49.75,39.12
574.25,35.21,21.35,22.94,21.62,98.64,57.07,49.75,39.12
574.26,35.21,21.35,22.94,21.62,98.64,57.07,49.75,39.12
574.27,35.21,21.35,22.90,21.62,98.26,57.07,49.75,39.12
574.28,35.21,21.35,22.90,21.62,98.64,57.07,49.75,39.12
574.29,35.21,21.32,22.90,21.62,98.64,57.21,49.75,39.12
574.30,35.21,21.35,22.94,21.62,98.64,57.07,49.75,39.04
574.31,35.28,21.35,22.94,21.62,98.64,57.07,49.75,39.12
574.32,35.15,21.35,22.90,21.58,98.64,57.21,49.75,39.12
574.33,35.28,21.32,22.94,21.62,98.64,57.21,49.75,39.20
574.34,35.15,21.35,22.90,21.62,98.64,57.07,49.75,39.12
574.35,35.28,21.35,22.94,21.62,98.64,57.07,49.75,39.12
574.36,35.28,21.35,22.90,21.62,98.64,57.21,49.87,39.12
574.37,35.28,21.35,22.94,21.62,98.64,56.92,49.75,39.12
574.38,35.21,21.35,22.94,21.62,98.64,57.07,49.75,39.12
574.39,35.15,21.35,22.90,21.62,98.64,57.07,49.75,39.12
574.40,35.21,21.35,22.90,21.62,99.02,57.07,49.75,39.12
574.41,35.28,21.35,22.94,21.62,99.02,57.21,49.75,39.12
574.42,35.21,21.35,22.94,21.58,98.64,57.07,49.75,39.12
574.43,35.21,21.35,22.90,21.62,98.64,57.07,49.75,39.12
574.44,35.21,21.32,22.90,21.58,98.64,57.07,49.75,39.20
574.45,35.21,21.35,22.90,21.62,98.64,57.21,49.75,39.20
574.46,35.21,21.35,22.94,21.62,98.64,57.21,49.75,39.12
574.47,35.28,21.35,22.94,21.62,98.26,57.21,49.75,39.12
574.48,35.21,21.35,22.90,21.58,98.64,57.07,49.75,39.12
574.49,35.21,21.35,22.90,21.58,98.64,57.21,49.75,39.12
574.50,35.28,21.35,22.94,21.58,98.64,57.07,49.75,39.20
574.51,35.28,21.35,22.94,21.58,98.64,57.07,49.75,39.12
574.52,35.21,21.35,22.94,21.58,98.64,57.07,49.75,39.12
574.53,35.21,21.35,22.94,21.62,98.64,57.21,49.75,39.20
574.54,35.28,21.35,22.90,21.62,98.26,57.07,49.75,39.12
574.55,35.28,21.35,22.94,21.62,98.64,56.92,49.75,39.20
574.56,35.28,21.38,22.94,21.62,98.64,57.21,49.75,39.12
574.57,35.21,21.35,22.94,21.62,98.64,57.07,49.75,39.12
574.58,35.21,21.35,22.90,21.62,98.64,57.07,49.75,39.12
574.59,35.15,21.35,22.94,21.62,98.64,57.07,49.75,39.04
574.60,35.21,21.35,22.94,21.62,98.64,57.07,49.75,39.12
574.61,35.21,21.35,22.94,21.62,98.64,57.07,49.75,39.12
574.62,35.28,21.35,22.94,21.62,98.64,57.07,49.75,39.20
574.63,35.28,21.35,22.94,21.62,98.64,57.07,49.64,39.12
574.64,35.21,21.35,22.90,21.62,98.64,57.07,49.75,39.12
574.65,35.21,21.35,22.90,21.62,98.64,57.07,49.75,39.12
574.66,35.28,21.35,22.94,21.62,98.64,57.21,49.75,39.12
574.67,35.21,21.35,22.94,21.62,98.64,57.07,49.75,39.12
574.68,35.21,21.35,22.94,21.62,98.64,57.07,49.75,39.12
574.69,35.21,21.35,22.94,21.62,98.64,57.07,49.75,39.12
574.70,35.28,21.35,22.94,21.62,98.64,57.07,49.75,39.20
574.71,35.28,21.38,22.94,21.62,98.64,57.07,49.87,39.12
574.72,35.28,21.35,22.94,21.62,98.64,57.07,49.75,39.20
574.73,35.21,21.35,22.90,21.58,98.64,57.07,49.75,39.12
574.74,35.21,21.35,22.94,21.62,98.64,57.07,49.75,39.12
574.75,35.21,21.35,22.94,21.62,98.64,57.07,49.75,39.12
574.76,35.21,21.35,22.94,21.58,98.64,57.21,49.75,39.20
574.77,35.21,21.35,22.94,21.62,98.64,57.07,49.75,39.12
574.78,35.15,21.32,22.90,21.62,98.64,57.21,49.75,39.12
574.79,35.21,21.35,22.90,21.58,98.64,57.21,49.75,39.20
574.80,35.28,21.32,22.90,21.62,98.64,57.21,49.75,39.20
574.81,35.21,21.35,22.94,21.62,98.64,57.07,49.87,39.12
574.82,35.21,21.35,22.94,21.62,98.64,57.21,49.75,39.12
574.83,35.21,21.35,22.94,21.62,98.64,57.07,49.75,39.12
574.84,35.21,21.35,22.90,21.62,98.64,57.21,49.75,39.12
574.85,35.21,21.35,22.94,21.62,98.26,57.21,49.75,39.12
574.86,35.21,21.35,22.94,21.58,99.02,57.07,49.75,39.12
574.87,35.21,21.35,22.94,21.58,98.64,57.07,49.75,39.12
574.88,35.21,21.35,22.90,21.62,98.64,57.07,49.75,39.12
574.89,35.28,21.35,22.90,21.62,98.64,57.07,49.75,39.12
574.90,35.21,21.38,22.94,21.62,98.64,57.07,49.75,39.12
574.91,35.21,21.35,22.94,21.62,98.64,57.21,49.75,39.20
574.92,35.21,21.38,22.94,21.58,98.64,57.07,49.75,39.20
574.93,35.21,21.35,22.94,21.58,98.64,57.21,49.75,39.12
574.94,35.21,21.35,22.94,21.62,98.64,57.07,49.75,39.12
574.95,35.21,21.35,22.94,21.62,98.64,57.21,49.75,39.12
574.96,35.21,21.35,22.94,21.62,98.64,57.07,49.75,39.20
574.97,35.28,21.35,22.94,21.58,98.64,57.07,49.87,39.12
574.98,35.21,21.35,22.90,21.62,98.64,57.07,49.75,39.12
574.99,35.21,21.35,22.90,21.62,98.64,57.07,49.75,39.12
575.00,35.21,21.35,22.94,21.62,98.64,57.07,49.75,39.20
575.01,35.28,21.35,22.94,21.62,98.64,57.07,49.75,39.20
575.02,35.28,21.35,22.94,21.58,98.64,57.21,49.75,39.12
575.03,35.21,21.35,22.94,21.58,98.64,57.07,49.87,39.12
575.04,35.21,21.35,22.94,21.62,98.64,57.07,49.75,39.12
575.05,35.28,21.35,22.94,21.62,98.64,57.07,49.75,39.12
575.06,35.28,21.38,22.94,21.62,98.64,57.07,49.75,39.12
575.07,35.21,21.35,22.94,21.62,98.64,57.07,49.75,39.20
575.08,35.28,21.35,22.94,21.62,98.64,57.07,49.75,39.20
575.09,35.21,21.35,22.94,21.58,98.64,57.07,49.75,39.20
575.10,35.21,21.35,22.94,21.58,98.64,57.07,49.75,39.12
575.11,35.21,21.35,22.94,21.62,98.64,57.21,49.87,39.12
575.12,35.21,21.35,22.94,21.58,98.64,57.07,49.75,39.20
575.13,35.21,21.35,22.94,21.62,98.64,57.07,49.75,39.12
575.14,35.21,21.35,22.94,21.58,98.64,57.07,49.75,39.20
575.15,35.28,21.35,22.90,21.62,98.64,57.21,49.75,39.12
575.16,35.21,21.38,22.94,21.58,98.64,57.21,49.75,39.12
575.17,35.28,21.38,22.90,21.58,98.64,57.21,49.75,39.20
575.18,35.21,21.35,22.90,21.58,98.64,57.07,49.75,39.12
575.19,35.21,21.35,22.90,21.58,98.64,57.07,49.75,39.12
575.20,35.28,21.35,22.94,21.58,98.64,57.07,49.75,39.12
575.21,35.28,21.35,22.94,21.62,98.64,57.07,49.75,39.12
575.22,35.28,21.35,22.90,21.62,98.64,57.07,49.75,39.12
575.23,35.21,21.32,22.94,21.58,98.64,57.07,49.75,39.12
575.24,35.21,21.35,22.90,21.58,98.64,57.07,49.75,39.12
575.25,35.21,21.35,22.94,21.62,98.64,57.07,49.75,39.12
575.26,35.21,21.38,22.94,21.62,98.64,57.21,49.75,39.12
575.27,35.21,21.35,22.94,21.58,98.64,57.07,49.75,39.12
575.28,35.15,21.35,22.90,21.62,98.64,57.21,49.87,39.12
575.29,35.21,21.35,22.90,21.58,98.64,57.07,49.75,39.20
575.30,35.21,21.38,22.94,21.62,98.64,57.21,49.75,39.12
575.31,35.21,21.35,22.94,21.58,98.64,57.07,49.75,39.12
575.32,35.28,21.38,22.94,21.62,98.64,57.07,49.75,39.20
575.33,35.15,21.32,22.94,21.58,98.64,57.07,49.75,39.12
575.34,35.21,21.35,22.94,21.58,98.64,57.07,49.75,39.20
575.35,35.21,21.35,22.90,21.62,98.64,57.07,49.75,39.20
575.36,35.28,21.35,22.94,21.62,98.64,57.07,49.75,39.20
575.37,35.28,21.35,22.94,21.62,98.64,57.07,49.87,39.20
575.38,35.21,21.35,22.90,21.58,98.64,57.07,49.75,39.20
575.39,35.28,21.35,22.94,21.62,98.64,57.07,49.75,39.12
575.40,35.28,21.35,22.90,21.62,98.64,57.07,49.75,39.20
575.41,35.28,21.38,22.94,21.62,98.64,56.92,49.75,39.20
575.42,35.21,21.35,22.90,21.62,98.26,57.21,49.75,39.12
575.43,35.21,21.35,22.90,21.62,98.64,57.07,49.75,39.20
575.44,35.21,21.32,22.90,21.62,98.64,57.07,49.75,39.20
575.45,35.21,21.35,22.94,21.58,98.64,57.07,49.75,39.12
575.46,35.21,21.35,22.94,21.62,98.64,57.21,49.75,39.12
575.47,35.21,21.38,22.94,21.58,98.64,57.07,49.75,39.12
575.48,35.15,21.35,22.90,21.58,98.64,57.07,49.75,39.12
575.49,35.21,21.35,22.90,21.62,98.64,57.07,49.75,39.12
575.50,35.21,21.35,22.94,21.62,98.64,57.21,49.75,39.12
575.51,35.28,21.35,22.94,21.62,98.64,57.21,49.75,39.12
575.52,35.21,21.35,22.94,21.58,98.64,57.07,49.75,39.12
575.53,35.21,21.35,22.90,21.62,98.64,57.07,49.75,39.12
575.54,35.21,21.35,22.90,21.62,98.64,57.07,49.75,39.20
575.55,35.21,21.35,22.94,21.58,98.64,57.07,49.75,39.20
575.56,35.21,21.38,22.94,21.62,98.64,57.07,49.87,39.12
575.57,35.28,21.35,22.94,21.62,98.64,57.21,49.75,39.12
575.58,35.21,21.35,22.90,21.58,98.64,57.07,49.75,39.12
575.59,35.28,21.32,22.90,21.58,98.64,57.07,49.75,39.12
575.60,35.28,21.35,22.94,21.62,98.64,57.07,49.75,39.20
575.61,35.28,21.35,22.94,21.62,98.64,57.21,49.75,39.20
575.62,35.21,21.35,22.94,21.58,99.02,57.07,49.75,39.20
575.63,35.21,21.35,22.94,21.58,98.64,57.07,49.75,39.20
575.64,35.21,21.35,22.90,21.58,98.64,57.07,49.75,39.12
575.65,35.21,21.35,22.94,21.58,98.64,57.07,49.75,39.12
575.66,35.28,21.35,22.94,21.62,98.26,57.07,49.75,39.12
575.67,35.28,21.35,22.94,21.62,99.02,57.07,49.75,39.12
575.68,35.21,21.35,22.94,21.62,98.26,57.07,49.75,39.20
575.69,35.28,21.32,22.90,21.58,98.64,57.07,49.75,39.20
575.70,35.28,21.35,22.94,21.62,98.64,57.07,49.75,39.20
575.71,35.21,21.35,22.94,21.62,98.64,57.07,49.75,39.12
575.72,35.28,21.35,22.94,21.58,98.64,57.07,49.75,39.20
575.73,35.21,21.35,22.90,21.62,98.64,57.07,49.75,39.12
575.74,35.28,21.35,22.90,21.58,98.64,57.07,49.75,39.12
575.75,35.21,21.35,22.94,21.58,98.64,57.07,49.75,39.12
575.76,35.34,21.35,22.94,21.62,98.64,57.21,49.75,39.20
575.77,35.28,21.35,22.94,21.62,98.64,57.07,49.75,39.12
575.78,35.28,21.35,22.90,21.58,98.26,57.07,49.75,39.12
575.79,35.21,21.35,22.94,21.62,98.64,57.07,49.75,39.12
575.80,35.28,21.32,22.94,21.62,98.64,57.07,49.75,39.12
575.81,35.28,21.35,22.94,21.58,98.64,57.21,49.75,39.12
575.82,35.21,21.35,22.94,21.58,98.64,57.07,49.75,39.12
575.83,35.21,21.35,22.90,21.58,98.64,57.21,49.75,39.20
575.84,35.21,21.35,22.90,21.58,98.64,57.07,49.75,39.20
575.85,35.21,21.32,22.94,21.58,98.64,57.21,49.75,39.12
575.86,35.28,21.35,22.94,21.58,98.26,57.21,49.75,39.20
575.87,35.21,21.35,22.94,21.62,98.64,57.07,49.75,39.12
575.88,35.21,21.35,22.90,21.62,98.64,57.07,49.75,39.20
575.89,35.28,21.35,22.90,21.58,98.64,57.07,49.75,39.20
575.90,35.21,21.32,22.94,21.62,98.64,57.07,49.75,39.12
575.91,35.28,21.38,22.94,21.58,99.02,57.07,49.87,39.20
575.92,35.28,21.35,22.94,21.62,98.64,57.21,49.75,39.20
575.93,35.34,21.35,22.94,21.58,98.64,57.07,49.75,39.20
575.94,35.21,21.35,22.94,21.62,98.64,57.07,49.75,39.12
575.95,35.28,21.35,22.94,21.62,98.64,57.07,49.75,39.12
575.96,35.28,21.38,22.94,21.62,98.64,57.21,49.75,39.20
575.97,35.21,21.35,22.94,21.62,98.64,57.07,49.75,39.20
575.98,35.21,21.35,22.94,21.62,98.64,57.21,49.75,39.12
575.99,35.28,21.35,22.90,21.58,98.64,57.07,49.75,39.20
576.00,35.21,21.35,22.94,21.62,98.64,57.21,49.75,39.12
576.01,35.28,21.38,22.94,21.58,99.02,57.07,49.87,39.20
576.02,35.21,21.35,22.94,21.62,98.64,57.21,49.75,39.12
576.03,35.21,21.35,22.90,21.58,98.64,57.07,49.75,39.12
576.04,35.21,21.35,22.94,21.62,98.64,57.07,49.75,39.20
576.05,35.21,21.35,22.94,21.62,98.64,57.21,49.75,39.20
576.06,35.34,21.38,22.94,21.62,98.64,57.07,49.75,39.20
576.07,35.28,21.35,22.94,21.58,98.64,57.21,49.75,39.20
576.08,35.28,21.35,22.94,21.58,98.64,57.07,49.75,39.20
576.09,35.21,21.35,22.94,21.58,98.64,57.07,49.75,39.20
576.10,35.21,21.35,22.94,21.58,98.64,57.07,49.75,39.12
576.11,35.28,21.38,22.94,21.62,98.64,57.21,49.75,39.20
576.12,35.34,21.35,22.94,21.58,98.64,57.21,49.75,39.20
576.13,35.21,21.35,22.94,21.58,98.64,57.07,49.75,39.20
576.14,35.21,21.32,22.94,21.62,98.64,57.07,49.75,39.20
576.15,35.21,21.35,22.94,21.62,98.64,57.07,49.75,39.20
576.16,35.21,21.38,22.97,21.62,98.64,57.07,49.75,39.20
576.17,35.28,21.35,22.94,21.58,98.64,57.07,49.75,39.12
576.18,35.21,21.35,22.94,21.62,98.64,57.07,49.75,39.20
576.19,35.21,21.35,22.94,21.58,98.64,57.07,49.75,39.20
576.20,35.21,21.35,22.94,21.62,98.64,57.07,49.87,39.20
576.21,35.28,21.38,22.94,21.58,98.64,57.07,49.75,39.12
576.22,35.21,21.35,22.94,21.58,98.64,57.21,49.75,39.12
576.23,35.28,21.35,22.94,21.62,98.64,57.07,49.75,39.20
576.24,35.21,21.35,22.94,21.62,98.64,57.07,49.75,39.20
576.25,35.28,21.35,22.94,21.62,98.64,57.07,49.75,39.12
576.26,35.28,21.35,22.94,21.62,98.64,57.21,49.75,39.20
576.27,35.21,21.35,22.94,21.58,98.64,56.92,49.75,39.12
576.28,35.28,21.35,22.94,21.62,98.64,57.07,49.75,39.20
576.29,35.15,21.35,22.94,21.62,98.64,57.07,49.75,39.12
576.30,35.21,21.38,22.94,21.58,98.64,57.07,49.75,39.12
576.31,35.28,21.38,22.94,21.62,98.64,57.07,49.75,39.20
576.32,35.28,21.35,22.94,21.58,98.64,57.07,49.75,39.20
576.33,35.28,21.35,22.94,21.58,98.64,57.07,49.75,39.20
576.34,35.21,21.35,22.94,21.62,98.64,57.07,49.87,39.20
576.35,35.21,21.35,22.94,21.58,98.64,57.21,49.75,39.20
576.36,35.34,21.38,22.94,21.58,98.64,57.21,49.75,39.20
576.37,35.28,21.35,22.94,21.62,98.64,57.21,49.75,39.20
576.38,35.28,21.35,22.94,21.62,98.64,57.07,49.75,39.20
576.39,35.28,21.35,22.94,21.58,98.64,57.07,49.75,39.12
576.40,35.21,21.35,22.94,21.58,98.64,57.07,49.75,39.20
576.41,35.28,21.38,22.94,21.62,98.64,57.07,49.75,39.12
576.42,35.21,21.35,22.94,21.58,98.64,57.07,49.87,39.20
576.43,35.21,21.35,22.94,21.58,98.64,57.07,49.75,39.20
576.44,35.21,21.35,22.94,21.62,98.64,57.07,49.75,39.12
576.45,35.21,21.38,22.94,21.62,98.64,57.21,49.87,39.20
576.46,35.28,21.38,22.94,21.62,98.64,57.21,49.87,39.20
576.47,35.28,21.35,22.94,21.58,98.64,57.21,49.75,39.20
576.48,35.21,21.38,22.94,21.58,98.64,57.07,49.75,39.12
576.49,35.28,21.35,22.94,21.62,98.64,57.07,49.75,39.12
576.50,35.28,21.38,22.94,21.58,98.64,57.21,49.75,39.20
576.51,35.34,21.38,22.94,21.62,98.64,57.21,49.75,39.20
576.52,35.21,21.38,22.94,21.62,98.64,57.07,49.87,39.20
576.53,35.21,21.35,22.90,21.62,98.64,57.07,49.87,39.20
576.54,35.28,21.35,22.94,21.58,98.64,57.21,49.75,39.04
576.55,35.28,21.35,22.94,21.62,98.64,57.21,49.75,39.20
576.56,35.28,21.38,22.94,21.62,99.02,57.21,49.75,39.20
576.57,35.34,21.35,22.94,21.58,98.64,57.07,49.87,39.20
576.58,35.28,21.29,22.94,21.58,98.64,57.07,49.75,39.20
576.59,35.28,21.41,22.94,21.62,98.64,57.07,49.75,39.20
576.60,35.28,21.32,22.94,21.58,98.64,57.07,49.87,39.20
576.61,35.34,21.38,22.94,21.62,98.64,57.21,49.87,39.20
576.62,35.21,21.35,22.94,21.62,98.64,57.07,49.75,39.20
576.63,35.21,21.35,22.94,21.58,98.64,57.21,49.75,39.12
576.64,35.34,21.32,22.94,21.58,98.64,57.21,49.75,39.12
576.65,35.28,21.35,22.94,21.62,98.64,57.07,49.75,39.20
576.66,35.28,21.35,22.94,21.62,98.64,57.21,49.75,39.20
576.67,35.28,21.35,22.94,21.58,98.64,57.07,49.75,39.20
576.68,35.21,21.35,22.94,21.62,98.64,57.07,49.75,39.20
576.69,35.28,21.35,22.94,21.62,98.64,57.21,49.75,39.12
576.70,35.28,21.35,22.94,21.62,99.02,57.07,49.75,39.20
576.71,35.34,21.35,22.94,21.62,98.64,57.07,49.87,39.20
576.72,35.21,21.35,22.94,21.58,99.02,57.07,49.75,39.12
576.73,35.21,21.35,22.94,21.62,98.64,57.07,49.75,39.20
576.74,35.28,21.35,22.94,21.58,98.64,57.07,49.75,39.12
576.75,35.34,21.35,22.94,21.62,98.64,57.21,49.87,39.12
576.76,35.28,21.38,22.97,21.62,98.64,57.21,49.87,39.12
576.77,35.21,21.38,22.94,21.58,98.64,57.07,49.75,39.12
576.78,35.21,21.35,22.94,21.62,98.64,57.07,49.75,39.20
576.79,35.21,21.35,22.94,21.62,98.64,57.07,49.75,39.20
576.80,35.28,21.38,22.94,21.58,98.64,57.21,49.75,39.20
576.81,35.34,21.38,22.97,21.62,98.64,57.07,49.87,39.20
576.82,35.34,21.35,22.94,21.62,98.64,57.07,49.75,39.20
576.83,35.15,21.35,22.94,21.62,98.64,57.07,49.75,39.12
576.84,35.28,21.35,22.94,21.55,98.64,57.07,49.87,39.12
576.85,35.28,21.35,22.94,21.58,98.64,57.07,49.87,39.20
576.86,35.28,21.35,22.97,21.62,98.64,57.07,49.87,39.20
576.87,35.28,21.35,22.94,21.62,98.64,57.07,49.75,39.12
576.88,35.34,21.35,22.94,21.62,98.64,57.07,49.75,39.20
576.89,35.21,21.32,22.94,21.58,99.02,57.07,49.75,39.20
576.90,35.21,21.35,22.94,21.58,98.64,57.07,49.75,39.20
576.91,35.28,21.35,22.94,21.58,99.02,57.07,49.75,39.12
576.92,35.21,21.35,22.94,21.62,98.64,57.07,49.75,39.20
576.93,35.21,21.35,22.94,21.58,98.64,56.92,49.87,39.20
576.94,35.21,21.35,22.94,21.62,98.64,57.07,49.75,39.20
576.95,35.21,21.35,22.94,21.58,98.64,57.21,49.75,39.20
576.96,35.28,21.38,22.94,21.58,98.64,57.07,49.87,39.12
576.97,35.21,21.35,22.94,21.62,98.64,57.21,49.75,39.20
576.98,35.21,21.35,22.94,21.62,98.64,57.07,49.75,39.20
576.99,35.28,21.35,22.94,21.58,98.64,57.07,49.75,39.20
577.00,35.21,21.35,22.94,21.58,98.64,57.07,49.75,39.20
577.01,35.28,21.38,22.94,21.62,98.64,57.07,49.75,39.20
577.02,35.21,21.35,22.94,21.58,98.64,57.07,49.75,39.20
577.03,35.21,21.35,22.94,21.62,98.64,57.07,49.64,39.12
577.04,35.21,21.35,22.94,21.62,98.64,57.07,49.75,39.20
577.05,35.28,21.35,22.94,21.62,98.64,57.07,49.75,39.20
577.06,35.28,21.35,22.94,21.58,99.02,57.07,49.87,39.20
577.07,35.21,21.35,22.94,21.58,98.64,57.07,49.87,39.20
577.08,35.28,21.35,22.94,21.62,98.64,57.21,49.75,39.20
577.09,35.28,21.32,22.90,21.58,98.64,57.07,49.75,39.27
577.10,35.21,21.35,22.94,21.58,98.64,57.21,49.87,39.20
577.11,35.34,21.38,22.94,21.62,98.64,57.21,49.75,39.20
577.12,35.28,21.38,22.94,21.62,98.64,57.07,49.75,39.12
577.13,35.28,21.35,22.94,21.62,98.64,57.07,49.87,39.20
577.14,35.28,21.35,22.94,21.62,98.64,57.21,49.75,39.12
577.15,35.28,21.38,22.94,21.58,98.64,57.21,49.75,39.20
577.16,35.28,21.35,22.94,21.62,98.64,57.21,49.75,39.12
577.17,35.28,21.35,22.94,21.62,98.64,57.07,49.75,39.20
577.18,35.28,21.35,22.94,21.62,98.64,57.07,49.75,39.20
577.19,35.21,21.35,22.94,21.62,98.64,57.07,49.75,39.20
577.20,35.34,21.35,22.94,21.62,98.64,57.07,49.87,39.20
577.21,35.34,21.35,22.94,21.62,98.64,57.21,49.75,39.20
577.22,35.21,21.35,22.94,21.58,98.64,57.07,49.75,39.12
577.23,35.21,21.35,22.94,21.62,98.64,57.07,49.87,39.20
577.24,35.28,21.35,22.94,21.62,98.64,57.07,49.87,39.20
577.25,35.28,21.38,22.94,21.62,98.64,57.07,49.75,39.20
577.26,35.21,21.35,22.94,21.58,98.64,57.07,49.75,39.20
577.27,35.21,21.35,22.94,21.58,98.64,57.21,49.75,39.20
577.28,35.21,21.35,22.94,21.62,98.64,57.07,49.75,39.12
577.29,35.28,21.35,22.94,21.62,98.64,57.21,49.75,39.12
577.30,35.21,21.35,22.94,21.58,99.02,57.07,49.87,39.20
577.31,35.21,21.35,22.94,21.62,98.64,57.21,49.75,39.20
577.32,35.28,21.35,22.94,21.58,99.02,56.92,49.75,39.12
577.33,35.28,21.32,22.94,21.62,98.64,57.07,49.75,39.12
577.34,35.28,21.35,22.94,21.62,98.64,57.07,49.75,39.20
577.35,35.28,21.35,22.94,21.62,98.64,57.07,49.75,39.12
577.36,35.28,21.38,22.94,21.62,98.64,57.07,49.75,39.20
577.37,35.28,21.38,22.94,21.62,98.64,57.07,49.75,39.20
577.38,35.28,21.35,22.94,21.58,98.64,57.07,49.75,39.20
577.39,35.28,21.35,22.94,21.62,98.64,57.07,49.75,39.20
577.40,35.34,21.38,22.94,21.58,98.64,57.07,49.75,39.12
577.41,35.28,21.35,22.94,21.62,98.64,57.21,49.75,39.20
577.42,35.28,21.38,22.94,21.58,98.64,57.07,49.75,39.12
577.43,35.21,21.35,22.94,21.58,98.64,57.07,49.75,39.12
577.44,35.21,21.35,22.94,21.58,98.64,57.07,49.75,39.20
577.45,35.28,21.38,22.94,21.62,98.64,57.07,49.75,39.20
577.46,35.28,21.35,22.94,21.62,98.64,57.21,49.75,39.20
577.47,35.21,21.35,22.94,21.62,98.64,57.07,49.75,39.20
577.48,35.28,21.35,22.94,21.62,98.64,57.07,49.75,39.20
577.49,35.28,21.35,22.94,21.62,98.64,57.07,49.75,39.20
577.50,35.34,21.35,22.94,21.62,98.64,57.07,49.75,39.12
577.51,35.28,21.35,22.94,21.62,98.64,57.07,49.75,39.20
577.52,35.28,21.35,22.94,21.62,98.64,57.07,49.75,39.20
577.53,35.21,21.35,22.94,21.62,98.64,57.07,49.75,39.12
577.54,35.28,21.35,22.94,21.62,98.64,57.07,49.75,39.20
577.55,35.21,21.35,22.94,21.62,98.64,57.07,49.75,39.12
577.56,35.28,21.38,22.97,21.62,98.64,57.07,49.75,39.20
577.57,35.28,21.38,22.94,21.62,98.64,57.21,49.75,39.12
577.58,35.28,21.35,22.94,21.62,98.64,57.07,49.75,39.20
577.59,35.28,21.35,22.94,21.62,98.64,57.21,49.87,39.20
577.60,35.34,21.35,22.94,21.62,98.64,57.07,49.87,39.20
577.61,35.21,21.38,22.94,21.62,98.64,57.07,49.75,39.20
577.62,35.21,21.35,22.94,21.62,98.64,57.07,49.87,39.20
577.63,35.21,21.35,22.94,21.62,98.64,57.07,49.75,39.20
577.64,35.21,21.35,22.94,21.62,98.64,57.07,49.75,39.20
577.65,35.28,21.38,22.94,21.58,98.64,57.07,49.75,39.20
577.66,35.28,21.38,22.94,21.62,98.64,57.07,49.75,39.12
577.67,35.28,21.35,22.94,21.62,98.64,57.07,49.87,39.20
577.68,35.28,21.35,22.94,21.58,98.64,57.07,49.75,39.20
577.69,35.28,21.35,22.94,21.58,98.64,57.07,49.87,39.20
577.70,35.28,21.38,22.94,21.62,98.64,57.07,49.75,39.20
577.71,35.28,21.38,22.94,21.62,98.64,57.07,49.75,39.20
577.72,35.28,21.35,22.94,21.58,98.64,57.07,49.87,39.20
577.73,35.21,21.32,22.94,21.62,98.64,57.07,49.75,39.20
577.74,35.28,21.35,22.90,21.58,98.64,57.07,49.75,39.20
577.75,35.21,21.35,22.94,21.58,98.64,57.07,49.87,39.20
577.76,35.28,21.38,22.94,21.58,98.64,57.07,49.75,39.20
577.77,35.28,21.35,22.94,21.58,98.64,57.07,49.75,39.20
577.78,35.21,21.35,22.94,21.62,98.64,57.07,49.75,39.20
577.79,35.21,21.35,22.94,21.58,98.64,57.07,49.75,39.20
577.80,35.21,21.35,22.94,21.58,98.64,57.07,49.75,39.20
577.81,35.21,21.38,22.94,21.62,98.64,57.07,49.75,39.20
577.82,35.21,21.32,22.94,21.58,98.64,57.07,49.75,39.12
577.83,35.21,21.35,22.94,21.62,98.64,57.07,49.75,39.12
577.84,35.21,21.32,22.94,21.58,98.64,57.07,49.75,39.20
577.85,35.28,21.35,22.94,21.62,98.64,57.07,49.75,39.20
577.86,35.28,21.35,22.94,21.58,98.64,57.21,49.75,39.20
577.87,35.34,21.35,22.94,21.58,98.64,57.07,49.75,39.12
577.88,35.28,21.32,22.94,21.58,98.64,57.07,49.75,39.20
577.89,35.28,21.35,22.94,21.58,98.64,57.07,49.75,39.20
577.90,35.34,21.35,22.94,21.62,98.64,56.92,49.75,39.20
577.91,35.21,21.35,22.94,21.62,98.64,57.21,49.75,39.20
577.92,35.28,21.35,22.94,21.62,98.64,56.92,49.75,39.12
577.93,35.28,21.35,22.94,21.62,98.64,57.21,49.75,39.20
577.94,35.21,21.35,22.90,21.58,98.64,57.21,49.87,39.12
577.95,35.28,21.35,22.94,21.62,98.64,57.07,49.75,39.12
577.96,35.28,21.38,22.94,21.62,98.64,57.21,49.75,39.12
577.97,35.28,21.35,22.94,21.58,99.02,57.07,49.75,39.20
577.98,35.21,21.35,22.94,21.62,98.64,57.07,49.75,39.12
577.99,35.21,21.35,22.94,21.62,98.64,57.07,49.75,39.12
578.00,35.21,21.35,22.94,21.62,98.64,57.07,49.75,39.20
578.01,35.28,21.35,22.94,21.62,98.64,57.07,49.75,39.20
578.02,35.21,21.35,22.94,21.58,98.64,57.07,49.75,39.12
578.03,35.21,21.35,22.94,21.62,98.64,56.92,49.87,39.12
578.04,35.28,21.35,22.94,21.62,98.64,57.07,49.75,39.20
578.05,35.28,21.35,22.94,21.62,98.64,57.07,49.75,39.20
578.06,35.28,21.35,22.94,21.62,98.64,57.07,49.75,39.20
578.07,35.28,21.35,22.94,21.58,98.64,57.21,49.75,39.20
578.08,35.28,21.35,22.94,21.58,98.64,57.07,49.75,39.20
578.09,35.21,21.32,22.94,21.62,98.64,57.07,49.75,39.12
578.10,35.21,21.35,22.94,21.62,98.64,57.07,49.75,39.20
578.11,35.21,21.35,22.94,21.62,98.64,57.07,49.87,39.20
578.12,35.21,21.35,22.94,21.58,98.64,57.07,49.64,39.20
578.13,35.28,21.35,22.94,21.58,99.02,57.07,49.75,39.20
578.14,35.28,21.35,22.94,21.58,98.64,57.07,49.75,39.20
578.15,35.28,21.38,22.94,21.62,98.64,57.07,49.87,39.20
578.16,35.28,21.35,22.94,21.58,99.02,57.07,49.75,39.20
578.17,35.28,21.35,22.94,21.62,98.26,57.07,49.64,39.20
578.18,35.21,21.32,22.94,21.62,98.64,57.07,49.75,39.12
578.19,35.28,21.35,22.94,21.62,98.64,57.07,49.75,39.20
578.20,35.21,21.35,22.94,21.62,98.64,57.07,49.87,39.20
578.21,35.21,21.35,22.94,21.62,98.64,57.07,49.64,39.20
578.22,35.28,21.32,22.94,21.62,98.64,57.07,49.75,39.12
578.23,35.21,21.32,22.94,21.58,98.64,57.07,49.75,39.20
578.24,35.21,21.32,22.94,21.58,98.64,57.07,49.75,39.20
578.25,35.21,21.35,22.94,21.58,98.64,57.07,49.87,39.20
578.26,35.34,21.35,22.94,21.62,98.64,57.21,49.75,39.20
578.27,35.28,21.35,22.94,21.62,98.64,57.07,49.75,39.20
578.28,35.21,21.35,22.94,21.58,98.64,57.07,49.75,39.12
578.29,35.21,21.35,22.94,21.58,98.64,57.07,49.75,39.20
578.30,35.34,21.35,22.94,21.62,98.64,57.07,49.75,39.20
578.31,35.28,21.35,22.94,21.62,98.64,57.21,49.75,39.20
578.32,35.21,21.35,22.94,21.58,98.64,57.07,49.75,39.20
578.33,35.28,21.35,22.94,21.62,98.64,57.07,49.75,39.12
578.34,35.21,21.35,22.90,21.62,98.64,57.07,49.75,39.20
578.35,35.21,21.35,22.94,21.62,98.64,57.21,49.75,39.20
578.36,35.28,21.35,22.94,21.62,98.64,57.07,49.75,39.20
578.37,35.21,21.35,22.94,21.58,98.64,57.21,49.75,39.20
578.38,35.28,21.32,22.94,21.62,98.64,57.07,49.75,39.20
578.39,35.21,21.35,22.94,21.58,98.64,57.07,49.75,39.20
578.40,35.28,21.35,22.94,21.62,99.02,57.07,49.75,39.20
578.41,35.28,21.35,22.94,21.58,98.64,57.07,49.75,39.20
578.42,35.21,21.32,22.94,21.62,98.64,57.07,49.75,39.20
578.43,35.28,21.35,22.94,21.58,98.64,57.07,49.87,39.20
578.44,35.21,21.35,22.94,21.58,98.64,57.07,49.75,39.20
578.45,35.21,21.35,22.94,21.62,98.64,57.07,49.75,39.12
578.46,35.34,21.35,22.94,21.58,98.64,57.07,49.64,39.20
578.47,35.21,21.35,22.94,21.58,98.64,57.07,49.87,39.12
578.48,35.21,21.32,22.94,21.58,98.64,57.07,49.75,39.20
578.49,35.21,21.35,22.94,21.58,98.64,57.07,49.64,39.20
578.50,35.28,21.35,22.94,21.58,98.64,57.07,49.75,39.20
578.51,35.21,21.35,22.94,21.58,98.64,57.07,49.75,39.20
578.52,35.21,21.35,22.94,21.58,98.64,57.07,49.75,39.20
578.53,35.21,21.35,22.94,21.58,98.64,57.07,49.75,39.20
578.54,35.28,21.32,22.94,21.62,98.64,57.07,49.75,39.20
578.55,35.21,21.35,22.94,21.62,98.64,57.07,49.75,39.20
578.56,35.21,21.35,22.94,21.58,98.64,57.07,49.87,39.20
578.57,35.28,21.35,22.94,21.58,98.64,57.07,49.75,39.20
578.58,35.21,21.32,22.94,21.58,98.64,57.07,49.75,39.20
578.59,35.34,21.35,22.94,21.62,98.64,57.07,49.75,39.20
578.60,35.21,21.35,22.94,21.58,98.64,57.07,49.75,39.20
578.61,35.34,21.35,22.94,21.62,98.64,57.07,49.75,39.20
578.62,35.21,21.35,22.94,21.58,98.64,57.07,49.75,39.20
578.63,35.28,21.35,22.94,21.62,98.64,57.07,49.75,39.20
578.64,35.21,21.35,22.94,21.62,98.64,57.07,49.75,39.20
578.65,35.21,21.35,22.94,21.62,98.64,57.07,49.75,39.20
578.66,35.28,21.35,22.94,21.62,98.64,57.07,49.75,39.20
578.67,35.28,21.35,22.94,21.58,98.64,57.07,49.75,39.20
578.68,35.21,21.35,22.94,21.62,98.64,57.07,49.75,39.20
578.69,35.28,21.35,22.94,21.62,98.64,57.07,49.75,39.20
578.70,35.34,21.35,22.94,21.58,98.64,57.07,49.75,39.20
578.71,35.28,21.35,22.94,21.58,98.64,57.07,49.75,39.20
578.72,35.21,21.35,22.94,21.62,98.64,57.07,49.75,39.20
578.73,35.21,21.35,22.94,21.62,98.64,57.07,49.75,39.20
578.74,35.21,21.35,22.94,21.62,98.64,57.07,49.75,39.20
578.75,35.28,21.35,22.94,21.58,98.64,56.92,49.75,39.20
578.76,35.28,21.35,22.94,21.62,98.64,57.07,49.75,39.20
578.77,35.28,21.35,22.94,21.58,98.64,57.07,49.75,39.20
578.78,35.21,21.35,22.90,21.62,98.64,57.07,49.75,39.20
578.79,35.28,21.35,22.94,21.62,98.64,57.07,49.75,39.12
578.80,35.21,21.35,22.94,21.62,98.64,57.07,49.75,39.20
578.81,35.21,21.35,22.94,21.62,98.64,57.21,49.75,39.20
578.82,35.21,21.35,22.94,21.62,98.64,57.21,49.75,39.20
578.83,35.21,21.32,22.94,21.62,98.64,57.07,49.75,39.20
578.84,35.28,21.35,22.94,21.58,98.64,57.07,49.75,39.20
578.85,35.34,21.35,22.94,21.62,98.64,57.21,49.75,39.20
578.86,35.28,21.35,22.94,21.62,99.02,57.07,49.87,39.20
578.87,35.28,21.35,22.94,21.62,98.64,57.07,49.75,39.20
578.88,35.21,21.35,22.94,21.62,98.64,57.07,49.75,39.20
578.89,35.21,21.35,22.94,21.58,98.64,57.07,49.75,39.20
578.90,35.28,21.35,22.94,21.62,98.64,57.07,49.75,39.20
578.91,35.21,21.35,22.94,21.58,98.64,57.07,49.75,39.20
578.92,35.21,21.35,22.94,21.62,98.64,57.07,49.75,39.20
578.93,35.21,21.32,22.94,21.62,98.64,57.07,49.75,39.20
578.94,35.28,21.32,22.94,21.62,98.64,57.07,49.75,39.20
578.95,35.28,21.35,22.94,21.62,98.64,56.92,49.75,39.20
578.96,35.28,21.35,22.94,21.62,98.64,57.07,49.75,39.20
578.97,35.28,21.35,22.94,21.62,98.64,57.07,49.75,39.20
578.98,35.21,21.32,22.94,21.62,98.64,57.07,49.75,39.20
578.99,35.28,21.35,22.94,21.62,98.64,57.21,49.75,39.20
579.00,35.28,21.35,22.94,21.62,98.64,57.07,49.75,39.20
579.01,35.28,21.38,22.94,21.62,98.64,57.07,49.75,39.20
579.02,35.28,21.35,22.94,21.58,98.64,57.07,49.75,39.20
579.03,35.21,21.35,22.94,21.62,98.64,57.07,49.75,39.20
579.04,35.28,21.35,22.94,21.62,98.64,57.07,49.75,39.20
579.05,35.28,21.35,22.94,21.62,98.64,57.07,49.75,39.20
579.06,35.34,21.35,22.94,21.62,98.64,57.07,49.75,39.20
579.07,35.21,21.35,22.94,21.62,98.64,57.07,49.75,39.20
579.08,35.28,21.32,22.94,21.58,98.64,57.07,49.75,39.20
579.09,35.28,21.35,22.94,21.62,98.64,57.07,49.75,39.20
579.10,35.28,21.38,22.94,21.62,98.64,57.07,49.87,39.20
579.11,35.28,21.35,22.97,21.62,98.64,57.07,49.75,39.20
579.12,35.28,21.32,22.94,21.62,98.64,56.92,49.75,39.20
579.13,35.21,21.32,22.94,21.62,98.64,57.07,49.75,39.20
579.14,35.28,21.32,22.94,21.62,98.64,57.07,49.75,39.20
579.15,35.21,21.35,22.94,21.62,98.64,57.07,49.75,39.20
579.16,35.28,21.35,22.94,21.62,98.64,57.07,49.75,39.20
579.17,35.21,21.35,22.94,21.58,98.64,57.07,49.75,39.20
579.18,35.21,21.35,22.94,21.62,98.64,57.07,49.75,39.20
579.19,35.21,21.35,22.94,21.62,98.64,57.07,49.75,39.20
579.20,35.21,21.32,22.94,21.58,98.64,57.07,49.75,39.20
579.21,35.28,21.35,22.94,21.62,99.02,57.07,49.75,39.20
579.22,35.28,21.35,22.94,21.62,98.64,57.07,49.75,39.20
579.23,35.21,21.35,22.94,21.62,98.64,57.07,49.75,39.20
579.24,35.34,21.32,22.94,21.62,98.64,57.07,49.75,39.20
579.25,35.21,21.32,22.94,21.58,98.64,57.07,49.75,39.20
579.26,35.21,21.35,22.94,21.62,98.64,57.07,49.75,39.20
579.27,35.34,21.35,22.94,21.62,98.64,57.07,49.75,39.20
579.28,35.21,21.35,22.94,21.62,98.64,57.07,49.75,39.20
579.29,35.21,21.35,22.94,21.58,98.64,57.07,49.75,39.12
579.30,35.28,21.35,22.90,21.62,98.64,57.07,49.75,39.27
579.31,35.28,21.35,22.97,21.62,98.64,57.07,49.75,39.20
579.32,35.28,21.38,22.90,21.62,98.64,57.07,49.75,39.20
579.33,35.21,21.35,22.94,21.62,98.64,57.07,49.75,39.20
579.34,35.21,21.32,22.94,21.62,98.64,57.07,49.75,39.20
579.35,35.21,21.35,22.94,21.62,98.64,57.07,49.75,39.20
579.36,35.28,21.35,22.94,21.62,98.64,57.07,49.75,39.27
579.37,35.28,21.35,22.97,21.62,98.26,57.07,49.75,39.20
579.38,35.28,21.35,22.94,21.58,99.02,57.07,49.75,39.20
579.39,35.28,21.35,22.94,21.62,98.64,57.07,49.75,39.20
579.40,35.21,21.32,22.94,21.62,98.64,57.07,49.64,39.20
579.41,35.28,21.35,22.94,21.62,99.02,57.07,49.87,39.20
579.42,35.28,21.35,22.94,21.62,98.64,57.07,49.64,39.20
579.43,35.28,21.35,22.94,21.62,98.64,57.07,49.75,39.20
579.44,35.21,21.32,22.94,21.58,98.64,57.07,49.75,39.20
579.45,35.28,21.35,22.94,21.62,98.64,57.07,49.75,39.20
579.46,35.34,21.35,22.94,21.62,98.64,57.07,49.75,39.20
579.47,35.34,21.35,22.94,21.58,98.64,57.07,49.75,39.20
579.48,35.34,21.35,22.94,21.62,98.64,56.92,49.75,39.20
579.49,35.21,21.32,22.94,21.62,98.64,56.92,49.75,39.20
579.50,35.21,21.35,22.94,21.58,98.64,57.07,49.75,39.20
579.51,35.28,21.35,22.94,21.62,98.64,57.07,49.87,39.20
579.52,35.28,21.35,22.94,21.62,98.64,56.92,49.75,39.20
579.53,35.28,21.35,22.94,21.62,98.64,57.07,49.75,39.20
579.54,35.28,21.35,22.94,21.62,98.64,57.07,49.75,39.12
579.55,35.21,21.35,22.94,21.62,98.64,57.07,49.87,39.20
579.56,35.34,21.35,22.94,21.62,98.64,57.07,49.75,39.20
579.57,35.34,21.35,22.94,21.62,98.64,57.07,49.75,39.20
579.58,35.28,21.35,22.94,21.62,98.64,57.07,49.75,39.20
579.59,35.28,21.35,22.94,21.62,98.64,57.07,49.75,39.20
579.60,35.21,21.35,22.94,21.62,98.64,57.07,49.75,39.20
579.61,35.28,21.35,22.94,21.62,98.64,57.07,49.75,39.20
579.62,35.28,21.35,22.94,21.62,98.64,57.07,49.75,39.20
579.63,35.28,21.35,22.97,21.62,98.64,57.07,49.64,39.20
579.64,35.21,21.32,22.94,21.62,98.64,57.07,49.75,39.20
579.65,35.21,21.32,22.94,21.62,98.64,56.92,49.75,39.20
579.66,35.34,21.35,22.94,21.62,98.64,57.07,49.75,39.20
579.67,35.28,21.35,22.94,21.62,98.64,57.07,49.75,39.20
579.68,35.21,21.35,22.94,21.62,98.64,56.92,49.75,39.20
579.69,35.28,21.32,22.90,21.62,98.64,57.07,49.75,39.27
579.70,35.28,21.35,22.94,21.62,98.64,57.07,49.75,39.20
579.71,35.34,21.35,22.94,21.62,98.64,57.07,49.64,39.20
579.72,35.28,21.35,22.94,21.62,98.64,57.07,49.75,39.20
579.73,35.28,21.35,22.94,21.62,98.64,57.07,49.75,39.20
579.74,35.21,21.32,22.94,21.58,98.64,57.07,49.75,39.20
579.75,35.21,21.35,22.94,21.62,98.64,57.07,49.75,39.20
579.76,35.28,21.35,22.94,21.62,98.64,57.07,49.75,39.20
579.77,35.28,21.35,22.94,21.58,99.02,57.07,49.75,39.20
579.78,35.28,21.35,22.94,21.58,98.64,57.07,49.75,39.20
579.79,35.21,21.32,22.94,21.58,98.64,57.07,49.75,39.20
579.80,35.21,21.35,22.94,21.62,98.64,57.07,49.75,39.20
579.81,35.28,21.35,22.94,21.62,98.64,57.07,49.87,39.20
579.82,35.28,21.35,22.94,21.62,98.64,57.07,49.75,39.20
579.83,35.21,21.32,22.94,21.62,98.64,57.07,49.75,39.20
579.84,35.21,21.35,22.94,21.62,98.64,57.07,49.75,39.20
579.85,35.28,21.35,22.94,21.62,98.64,57.07,49.75,39.20
579.86,35.34,21.35,22.94,21.62,98.64,57.07,49.75,39.20
579.87,35.28,21.35,22.94,21.62,98.64,57.07,49.75,39.20
579.88,35.21,21.35,22.94,21.62,98.64,57.07,49.75,39.20
579.89,35.21,21.32,22.94,21.62,98.64,57.07,49.75,39.20
579.90,35.28,21.32,22.94,21.62,98.64,57.07,49.75,39.20
579.91,35.21,21.35,22.94,21.62,98.64,57.07,49.75,39.20
579.92,35.28,21.35,22.94,21.62,98.64,57.07,49.75,39.20
579.93,35.28,21.32,22.94,21.62,98.64,57.07,49.64,39.20
579.94,35.28,21.32,22.94,21.62,98.64,57.07,49.75,39.20
579.95,35.21,21.32,22.94,21.62,98.64,57.07,49.75,39.20
579.96,35.28,21.35,22.94,21.62,98.64,57.07,49.75,39.20
579.97,35.28,21.32,22.94,21.58,98.64,57.07,49.64,39.20
579.98,35.21,21.32,22.94,21.62,98.64,57.07,49.64,39.20
579.99,35.21,21.32,22.94,21.62,98.64,57.07,49.75,39.20
580.00,35.21,21.32,22.94,21.58,98.64,57.07,49.75,39.20
580.01,35.28,21.35,22.94,21.62,98.64,57.07,49.75,39.20
580.02,35.34,21.35,22.94,21.58,98.64,57.07,49.64,39.20
580.03,35.21,21.32,22.94,21.62,98.64,57.07,49.75,39.20
580.04,35.28,21.32,22.90,21.62,98.64,57.07,49.64,39.20
580.05,35.28,21.32,22.90,21.62,98.64,56.92,49.64,39.20
580.06,35.28,21.35,22.94,21.58,98.64,57.07,49.75,39.20
580.07,35.21,21.32,22.94,21.62,98.64,57.07,49.75,39.20
580.08,35.28,21.32,22.94,21.62,98.64,57.07,49.64,39.20
580.09,35.34,21.32,22.90,21.62,98.64,57.07,49.64,39.20
580.10,35.21,21.32,22.94,21.62,98.64,56.92,49.64,39.20
580.11,35.28,21.32,22.94,21.62,98.64,57.07,49.75,39.20
580.12,35.28,21.35,22.94,21.62,98.64,57.07,49.75,39.20
580.13,35.21,21.32,22.94,21.62,98.64,57.07,49.75,39.20
580.14,35.21,21.32,22.94,21.62,98.64,56.92,49.75,39.20
580.15,35.21,21.32,22.90,21.62,98.64,57.07,49.64,39.20
580.16,35.28,21.32,22.94,21.62,98.64,57.07,49.75,39.20
580.17,35.28,21.35,22.94,21.62,98.64,57.07,49.75,39.27
580.18,35.28,21.32,22.90,21.62,98.26,56.92,49.64,39.20
580.19,35.21,21.32,22.94,21.58,98.64,56.92,49.75,39.20
580.20,35.21,21.32,22.94,21.62,98.64,57.07,49.64,39.20
580.21,35.28,21.32,22.94,21.62,98.64,56.92,49.75,39.20
580.22,35.28,21.32,22.94,21.62,98.64,57.07,49.75,39.20
580.23,35.21,21.32,22.94,21.58,98.26,56.92,49.75,39.20
580.24,35.34,21.29,22.90,21.62,98.64,57.07,49.75,39.20
580.25,35.28,21.32,22.90,21.62,98.64,56.92,49.75,39.20
580.26,35.21,21.35,22.94,21.62,98.64,57.07,49.64,39.20
580.27,35.28,21.32,22.94,21.62,98.64,56.92,49.64,39.20
580.28,35.28,21.35,22.94,21.62,98.64,56.92,49.64,39.20
580.29,35.28,21.29,22.90,21.58,98.64,57.07,49.64,39.20
580.30,35.21,21.32,22.94,21.62,98.64,56.92,49.75,39.20
580.31,35.21,21.35,22.94,21.62,98.26,56.92,49.75,39.20
580.32,35.28,21.32,22.94,21.58,98.64,57.07,49.75,39.20
580.33,35.21,21.32,22.90,21.62,98.64,57.07,49.75,39.20
580.34,35.21,21.32,22.90,21.58,98.64,57.07,49.75,39.20
580.35,35.28,21.32,22.94,21.62,98.64,56.92,49.75,39.20
580.36,35.28,21.32,22.94,21.62,98.64,57.07,49.75,39.20
580.37,35.28,21.32,22.94,21.58,98.64,56.92,49.75,39.12
580.38,35.28,21.32,22.94,21.58,98.26,56.92,49.64,39.27
580.39,35.28,21.32,22.90,21.58,98.64,56.92,49.64,39.20
580.40,35.21,21.32,22.94,21.62,98.64,57.21,49.75,39.20
580.41,35.28,21.32,22.94,21.62,98.64,57.07,49.75,39.12
580.42,35.28,21.32,22.94,21.62,98.64,57.07,49.75,39.12
580.43,35.28,21.32,22.90,21.62,98.64,56.92,49.75,39.20
580.44,35.21,21.32,22.90,21.62,98.64,56.92,49.64,39.20
580.45,35.21,21.32,22.94,21.62,98.64,57.07,49.75,39.20
580.46,35.28,21.32,22.94,21.62,98.64,57.07,49.75,39.20
580.47,35.28,21.32,22.94,21.62,98.64,57.07,49.75,39.20
580.48,35.28,21.32,22.90,21.58,98.64,56.92,49.75,39.20
580.49,35.21,21.29,22.90,21.58,98.64,57.07,49.75,39.20
580.50,35.15,21.32,22.90,21.58,98.64,57.07,49.64,39.20
580.51,35.28,21.32,22.90,21.58,98.64,56.92,49.75,39.20
580.52,35.28,21.32,22.94,21.62,98.64,57.07,49.75,39.20
580.53,35.28,21.32,22.94,21.58,98.64,56.92,49.64,39.20
580.54,35.21,21.29,22.90,21.58,98.64,56.92,49.75,39.20
580.55,35.21,21.32,22.94,21.58,98.64,56.92,49.64,39.20
580.56,35.28,21.32,22.90,21.58,98.64,56.92,49.64,39.20
580.57,35.21,21.32,22.97,21.62,98.64,56.92,49.64,39.20
580.58,35.28,21.32,22.90,21.58,98.64,56.92,49.64,39.20
580.59,35.28,21.32,22.90,21.62,98.26,57.07,49.75,39.20
580.60,35.21,21.32,22.90,21.62,98.64,57.07,49.64,39.27
580.61,35.21,21.35,22.94,21.62,98.64,57.07,49.75,39.12
580.62,35.28,21.32,22.94,21.62,99.02,56.92,49.64,39.20
580.63,35.21,21.32,22.90,21.62,98.64,57.07,49.64,39.20
580.64,35.21,21.32,22.90,21.62,98.64,57.07,49.64,39.20
580.65,35.21,21.32,22.90,21.62,99.02,57.07,49.75,39.20
580.66,35.21,21.32,22.94,21.58,98.64,57.07,49.52,39.20
580.67,35.34,21.32,22.94,21.62,98.64,56.92,49.87,39.20
580.68,35.21,21.29,22.90,21.62,98.64,57.07,49.75,39.20
580.69,35.21,21.29,22.90,21.62,98.26,56.92,49.64,39.20
580.70,35.28,21.29,22.90,21.62,98.64,57.07,49.64,39.20
580.71,35.21,21.32,22.94,21.62,98.64,57.07,49.75,39.20
580.72,35.28,21.32,22.94,21.58,98.64,57.07,49.75,39.20
580.73,35.21,21.32,22.90,21.62,98.26,57.07,49.64,39.20
580.74,35.28,21.32,22.90,21.62,98.26,56.92,49.64,39.20
580.75,35.21,21.32,22.90,21.58,98.64,57.07,49.75,39.20
580.76,35.28,21.32,22.94,21.58,98.64,56.92,49.75,39.20
580.77,35.28,21.32,22.90,21.58,98.64,57.07,49.64,39.20
580.78,35.21,21.32,22.94,21.58,98.64,57.07,49.64,39.20
580.79,35.28,21.29,22.90,21.62,98.64,56.92,49.64,39.20
580.80,35.21,21.32,22.90,21.62,98.26,56.92,49.75,39.20
580.81,35.21,21.32,22.94,21.62,98.64,57.07,49.75,39.20
580.82,35.21,21.32,22.94,21.62,98.64,57.07,49.64,39.20
580.83,35.28,21.29,22.90,21.62,98.64,56.92,49.64,39.20
580.84,35.21,21.29,22.90,21.62,98.64,56.92,49.64,39.12
580.85,35.21,21.29,22.90,21.62,98.64,56.92,49.64,39.20
580.86,35.21,21.32,22.94,21.58,98.64,57.07,49.64,39.20
580.87,35.21,21.32,22.90,21.62,98.26,56.92,49.64,39.20
580.88,35.21,21.32,22.90,21.58,98.26,56.92,49.64,39.20
580.89,35.21,21.32,22.90,21.58,98.64,56.92,49.64,39.20
580.90,35.21,21.29,22.90,21.58,98.64,56.92,49.64,39.20
580.91,35.28,21.29,22.90,21.62,98.64,57.07,49.75,39.20
580.92,35.28,21.32,22.94,21.62,98.64,57.07,49.64,39.20
580.93,35.28,21.29,22.90,21.62,98.64,56.92,49.75,39.20
580.94,35.21,21.29,22.90,21.58,98.26,56.92,49.64,39.20
580.95,35.28,21.32,22.90,21.62,98.64,56.92,49.64,39.20
580.96,35.28,21.32,22.90,21.62,98.64,56.92,49.64,39.20
580.97,35.21,21.32,22.90,21.58,98.64,56.92,49.75,39.20
580.98,35.21,21.29,22.90,21.62,98.64,56.92,49.64,39.20
580.99,35.21,21.29,22.90,21.62,98.64,56.92,49.64,39.20
581.00,35.21,21.29,22.90,21.62,98.64,56.92,49.64,39.20
581.01,35.28,21.32,22.90,21.58,98.64,56.92,49.64,39.20
581.02,35.21,21.32,22.90,21.62,98.64,57.07,49.64,39.20
581.03,35.21,21.29,22.90,21.62,98.64,57.07,49.64,39.20
581.04,35.21,21.29,22.90,21.58,98.26,57.07,49.75,39.20
581.05,35.21,21.29,22.90,21.58,98.26,56.92,49.64,39.20
581.06,35.28,21.32,22.90,21.62,98.64,56.92,49.75,39.20
581.07,35.28,21.29,22.90,21.58,98.64,56.92,49.64,39.20
581.08,35.21,21.29,22.90,21.62,98.26,56.92,49.75,39.20
581.09,35.21,21.29,22.90,21.62,98.26,57.07,49.64,39.20
581.10,35.21,21.29,22.90,21.62,98.64,56.92,49.64,39.20
581.11,35.21,21.32,22.94,21.62,98.64,57.07,49.75,39.20
581.12,35.21,21.32,22.90,21.62,98.64,56.92,49.64,39.20
581.13,35.21,21.29,22.90,21.62,98.64,56.92,49.64,39.20
581.14,35.21,21.29,22.90,21.58,98.26,56.78,49.64,39.20
581.15,35.21,21.29,22.90,21.58,98.64,56.92,49.64,39.20
581.16,35.21,21.32,22.90,21.62,98.26,56.92,49.75,39.20
581.17,35.21,21.32,22.94,21.62,98.64,56.92,49.75,39.20
581.18,35.21,21.29,22.90,21.58,98.64,56.92,49.64,39.20
581.19,35.21,21.29,22.90,21.58,98.64,56.92,49.64,39.20
581.20,35.21,21.29,22.90,21.62,98.64,56.92,49.64,39.20
581.21,35.21,21.29,22.90,21.62,98.64,57.07,49.75,39.20
581.22,35.21,21.29,22.90,21.62,98.26,56.92,49.64,39.20
581.23,35.21,21.32,22.90,21.58,98.26,56.92,49.64,39.20
581.24,35.21,21.29,22.87,21.58,98.26,56.92,49.64,39.20
581.25,35.21,21.29,22.90,21.62,98.26,56.92,49.64,39.20
581.26,35.21,21.29,22.90,21.62,98.64,56.92,49.64,39.20
581.27,35.21,21.29,22.90,21.62,98.26,56.92,49.75,39.20
581.28,35.21,21.29,22.90,21.58,98.26,56.92,49.64,39.20
581.29,35.15,21.29,22.90,21.58,98.26,56.92,49.64,39.20
581.30,35.21,21.29,22.90,21.62,98.64,56.92,49.64,39.20
581.31,35.21,21.29,22.90,21.58,98.64,57.07,49.64,39.20
581.32,35.21,21.29,22.90,21.62,98.26,56.92,49.64,39.20
581.33,35.21,21.29,22.90,21.58,98.64,56.92,49.64,39.20
581.34,35.28,21.29,22.90,21.58,98.26,56.92,49.64,39.20
581.35,35.21,21.29,22.90,21.62,98.26,57.07,49.64,39.20
581.36,35.21,21.29,22.94,21.62,98.64,56.92,49.75,39.20
581.37,35.21,21.29,22.90,21.62,98.64,56.92,49.64,39.20
581.38,35.21,21.29,22.90,21.62,98.26,56.92,49.64,39.20
581.39,35.21,21.29,22.90,21.62,98.64,57.07,49.64,39.27
581.40,35.21,21.29,22.90,21.62,98.64,56.92,49.64,39.20
581.41,35.21,21.32,22.90,21.62,98.26,56.92,49.75,39.20
581.42,35.21,21.29,22.90,21.62,98.64,56.92,49.64,39.27
581.43,35.21,21.29,22.90,21.58,98.26,56.92,49.64,39.20
581.44,35.21,21.29,22.87,21.62,98.26,56.92,49.64,39.20
581.45,35.15,21.29,22.90,21.58,98.26,56.92,49.64,39.20
581.46,35.21,21.29,22.90,21.58,98.64,56.92,49.64,39.20
581.47,35.21,21.32,22.90,21.62,98.64,56.92,49.64,39.20
581.48,35.21,21.29,22.90,21.62,98.64,56.92,49.64,39.20
581.49,35.21,21.29,22.87,21.58,98.26,56.92,49.64,39.20
581.50,35.21,21.29,22.90,21.62,98.64,56.92,49.64,39.20
581.51,35.28,21.32,22.90,21.58,98.64,56.92,49.64,39.20
581.52,35.21,21.32,22.90,21.62,98.64,57.07,49.64,39.20
581.53,35.21,21.29,22.90,21.62,98.64,56.92,49.75,39.20
581.54,35.15,21.29,22.90,21.62,98.64,56.92,49.64,39.20
581.55,35.21,21.32,22.90,21.62,98.64,56.92,49.64,39.20
581.56,35.28,21.29,22.90,21.58,98.64,56.92,49.75,39.20
581.57,35.21,21.32,22.90,21.62,98.64,56.92,49.64,39.20
581.58,35.28,21.32,22.90,21.58,98.64,56.92,49.64,39.20
581.59,35.21,21.29,22.87,21.58,98.26,56.92,49.64,39.20
581.60,35.21,21.29,22.90,21.62,98.64,56.92,49.64,39.20
581.61,35.15,21.29,22.94,21.62,98.64,56.92,49.64,39.20
581.62,35.21,21.32,22.90,21.62,98.64,56.92,49.64,39.20
581.63,35.21,21.29,22.90,21.62,98.64,56.92,49.64,39.27
581.64,35.21,21.29,22.90,21.58,98.26,56.92,49.64,39.20
581.65,35.28,21.29,22.90,21.62,98.64,57.07,49.64,39.27
581.66,35.21,21.32,22.90,21.62,98.64,56.92,49.64,39.20
581.67,35.21,21.32,22.90,21.58,98.64,56.92,49.64,39.12
581.68,35.21,21.29,22.90,21.62,98.64,56.92,49.64,39.20
581.69,35.15,21.29,22.90,21.58,98.64,56.92,49.64,39.20
581.70,35.21,21.29,22.90,21.58,98.64,56.92,49.64,39.20
581.71,35.28,21.32,22.90,21.62,98.64,56.92,49.75,39.20
581.72,35.28,21.32,22.94,21.62,98.26,57.07,49.64,39.20
581.73,35.21,21.29,22.90,21.62,98.64,56.92,49.64,39.20
581.74,35.21,21.29,22.90,21.58,98.64,56.92,49.64,39.20
581.75,35.21,21.29,22.90,21.62,98.26,56.92,49.64,39.20
581.76,35.21,21.29,22.90,21.58,98.64,56.92,49.75,39.20
581.77,35.15,21.29,22.94,21.62,98.64,57.07,49.64,39.20
581.78,35.28,21.29,22.90,21.62,98.26,57.07,49.64,39.20
581.79,35.15,21.29,22.90,21.62,98.26,56.92,49.64,39.27
581.80,35.15,21.29,22.90,21.62,98.64,56.92,49.64,39.20
581.81,35.28,21.32,22.90,21.62,98.64,56.92,49.64,39.20
581.82,35.21,21.29,22.90,21.62,98.26,57.07,49.75,39.20
581.83,35.28,21.29,22.90,21.62,98.64,56.92,49.64,39.20
581.84,35.21,21.29,22.87,21.58,98.26,56.92,49.75,39.20
581.85,35.21,21.29,22.90,21.62,98.64,56.92,49.64,39.20
581.86,35.28,21.32,22.90,21.62,98.64,57.07,49.75,39.20
581.87,35.28,21.32,22.94,21.62,98.64,56.92,49.64,39.20
581.88,35.28,21.29,22.90,21.58,98.26,56.92,49.75,39.20
581.89,35.21,21.29,22.90,21.62,98.26,56.92,49.64,39.20
581.90,35.21,21.32,22.90,21.62,99.02,56.92,49.75,39.20
581.91,35.28,21.29,22.94,21.62,98.64,56.92,49.52,39.20
581.92,35.28,21.29,22.90,21.58,98.64,56.92,49.87,39.20
581.93,35.21,21.29,22.90,21.58,98.64,56.92,49.64,39.20
581.94,35.21,21.29,22.90,21.62,98.64,56.92,49.64,39.20
581.95,35.21,21.29,22.90,21.62,98.64,57.07,49.64,39.20
581.96,35.28,21.29,22.94,21.62,98.64,56.92,49.64,39.20
581.97,35.28,21.32,22.90,21.62,98.64,56.92,49.75,39.20
581.98,35.28,21.29,22.90,21.62,98.64,57.07,49.64,39.20
581.99,35.21,21.29,22.90,21.58,98.64,56.92,49.64,39.20
582.00,35.21,21.29,22.90,21.62,98.26,57.07,49.64,39.20
582.01,35.28,21.32,22.94,21.62,98.64,57.07,49.64,39.20
582.02,35.28,21.32,22.94,21.58,98.64,57.07,49.75,39.20
582.03,35.21,21.32,22.90,21.58,98.64,56.92,49.64,39.20
582.04,35.21,21.29,22.90,21.58,98.26,56.92,49.64,39.20
582.05,35.21,21.29,22.90,21.62,98.64,56.92,49.75,39.20
582.06,35.21,21.29,22.94,21.62,98.64,56.92,49.64,39.20
582.07,35.21,21.32,22.90,21.62,98.64,56.92,49.64,39.20
582.08,35.21,21.32,22.90,21.58,98.64,56.92,49.64,39.20
582.09,35.21,21.29,22.90,21.62,98.64,56.92,49.64,39.20
582.10,35.21,21.32,22.90,21.62,98.64,57.07,49.64,39.20
582.11,35.21,21.32,22.90,21.62,98.64,56.92,49.75,39.20
582.12,35.21,21.32,22.94,21.62,98.64,57.07,49.75,39.20
582.13,35.21,21.29,22.90,21.62,98.26,57.07,49.64,39.20
582.14,35.21,21.29,22.90,21.62,98.64,56.92,49.64,39.27
582.15,35.21,21.29,22.94,21.62,98.64,56.92,49.75,39.20
582.16,35.28,21.32,22.90,21.62,98.64,56.92,49.64,39.20
582.17,35.28,21.32,22.94,21.62,98.64,56.92,49.75,39.20
582.18,35.21,21.29,22.90,21.62,98.64,57.07,49.75,39.20
582.19,35.15,21.29,22.90,21.62,98.64,56.92,49.64,39.20
582.20,35.21,21.29,22.90,21.62,98.26,56.92,49.64,39.20
582.21,35.21,21.32,22.94,21.62,98.64,57.07,49.75,39.20
582.22,35.21,21.32,22.94,21.62,98.64,56.92,49.75,39.20
582.23,35.15,21.29,22.90,21.62,98.64,56.92,49.64,39.27
582.24,35.28,21.32,22.90,21.62,98.64,57.07,49.75,39.20
582.25,35.21,21.29,22.90,21.58,98.64,56.92,49.64,39.20
582.26,35.28,21.32,22.94,21.62,98.64,57.07,49.75,39.20
582.27,35.21,21.29,22.90,21.62,98.64,56.92,49.75,39.20
582.28,35.21,21.29,22.90,21.58,98.64,56.92,49.75,39.20
582.29,35.21,21.29,22.90,21.62,98.64,56.92,49.64,39.20
582.30,35.21,21.32,22.90,21.62,98.64,56.92,49.75,39.20
582.31,35.28,21.32,22.94,21.62,98.64,57.07,49.75,39.20
582.32,35.21,21.29,22.90,21.58,98.64,56.92,49.75,39.20
582.33,35.21,21.29,22.90,21.62,98.64,56.92,49.64,39.20
582.34,35.21,21.29,22.90,21.58,98.64,56.92,49.64,39.20
582.35,35.21,21.32,22.90,21.58,98.64,56.78,49.64,39.20
582.36,35.21,21.32,22.94,21.58,98.64,56.92,49.64,39.20
582.37,35.21,21.32,22.90,21.62,98.26,57.07,49.64,39.20
582.38,35.21,21.29,22.90,21.62,98.26,57.07,49.64,39.20
582.39,35.21,21.29,22.90,21.62,98.64,56.92,49.64,39.20
582.40,35.21,21.29,22.90,21.62,98.64,56.92,49.75,39.20
582.41,35.28,21.29,22.94,21.62,98.64,57.07,49.75,39.20
582.42,35.28,21.29,22.90,21.58,98.64,57.07,49.64,39.20
582.43,35.28,21.32,22.90,21.62,98.64,56.92,49.64,39.20
582.44,35.15,21.29,22.90,21.62,98.64,56.92,49.64,39.20
582.45,35.21,21.29,22.90,21.62,98.64,56.92,49.75,39.20
582.46,35.21,21.29,22.90,21.58,98.64,56.92,49.75,39.20
582.47,35.28,21.32,22.90,21.58,98.64,56.92,49.75,39.20
582.48,35.28,21.29,22.90,21.58,98.64,56.92,49.64,39.20
582.49,35.21,21.29,22.90,21.62,98.26,56.92,49.64,39.20
582.50,35.21,21.29,22.90,21.62,98.64,56.92,49.64,39.20
582.51,35.28,21.29,22.90,21.58,98.64,56.92,49.64,39.20
582.52,35.21,21.32,22.90,21.62,98.64,56.92,49.64,39.27
582.53,35.15,21.29,22.90,21.58,98.26,56.92,49.64,39.20
582.54,35.21,21.29,22.90,21.62,98.64,56.92,49.64,39.20
582.55,35.21,21.29,22.90,21.62,98.64,56.92,49.64,39.20
582.56,35.21,21.32,22.90,21.62,98.64,56.92,49.64,39.20
582.57,35.21,21.32,22.90,21.62,98.64,56.92,49.64,39.20
582.58,35.28,21.29,22.90,21.62,98.26,57.07,49.64,39.20
582.59,35.15,21.29,22.90,21.62,98.64,57.07,49.64,39.20
582.60,35.28,21.29,22.90,21.62,98.26,56.92,49.64,39.20
582.61,35.28,21.32,22.90,21.62,98.26,56.92,49.64,39.20
582.62,35.28,21.29,22.90,21.62,98.64,56.92,49.75,39.27
582.63,35.21,21.29,22.90,21.62,98.26,56.92,49.64,39.20
582.64,35.21,21.29,22.90,21.58,98.64,56.92,49.64,39.20
582.65,35.28,21.29,22.90,21.62,98.64,56.92,49.75,39.20
582.66,35.28,21.32,22.94,21.62,98.64,56.92,49.75,39.20
582.67,35.21,21.29,22.90,21.58,98.64,56.92,49.64,39.20
582.68,35.15,21.29,22.90,21.62,98.64,57.07,49.64,39.20
582.69,35.21,21.29,22.90,21.58,98.64,56.92,49.64,39.27
582.70,35.21,21.29,22.90,21.62,98.64,56.92,49.64,39.20
582.71,35.28,21.32,22.90,21.62,98.64,56.92,49.75,39.20
582.72,35.28,21.29,22.90,21.58,98.64,57.07,49.64,39.20
582.73,35.28,21.29,22.90,21.58,98.26,56.92,49.64,39.20
582.74,35.21,21.26,22.90,21.62,98.26,56.92,49.64,39.20
582.75,35.21,21.29,22.90,21.62,98.64,56.92,49.64,39.20
582.76,35.21,21.32,22.90,21.62,98.26,56.92,49.64,39.20
582.77,35.21,21.32,22.90,21.58,98.26,56.92,49.64,39.20
582.78,35.21,21.29,22.90,21.62,98.64,56.92,49.64,39.20
582.79,35.21,21.26,22.90,21.58,98.26,56.92,49.64,39.20
582.80,35.15,21.29,22.90,21.62,98.64,57.07,49.64,39.20
582.81,35.28,21.32,22.90,21.58,98.64,56.92,49.64,39.20
582.82,35.21,21.32,22.90,21.62,98.64,56.92,49.64,39.20
582.83,35.21,21.29,22.90,21.58,98.64,56.92,49.64,39.27
582.84,35.21,21.29,22.90,21.62,98.26,56.92,49.64,39.20
582.85,35.21,21.29,22.90,21.62,98.64,56.78,49.64,39.20
582.86,35.28,21.29,22.90,21.62,98.64,57.07,49.75,39.27
582.87,35.21,21.29,22.90,21.62,98.64,56.92,49.64,39.20
582.88,35.28,21.29,22.90,21.58,98.64,57.07,49.75,39.27
582.89,35.28,21.29,22.90,21.62,98.64,56.78,49.64,39.20
582.90,35.28,21.29,22.90,21.58,98.64,56.92,49.64,39.20
582.91,35.21,21.29,22.90,21.62,98.26,56.92,49.64,39.27
582.92,35.21,21.29,22.90,21.58,98.64,56.92,49.64,39.12
582.93,35.21,21.29,22.90,21.58,98.26,56.92,49.64,39.20
582.94,35.28,21.29,22.90,21.62,98.26,56.92,49.64,39.20
582.95,35.21,21.29,22.90,21.58,98.64,56.92,49.64,39.20
582.96,35.34,21.32,22.90,21.58,98.64,56.92,49.64,39.12
582.97,35.28,21.29,22.90,21.62,98.64,56.92,49.64,39.20
582.98,35.15,21.29,22.90,21.58,98.64,56.92,49.64,39.20
582.99,35.21,21.29,22.90,21.62,98.64,56.92,49.64,39.20
583.00,35.21,21.29,22.90,21.62,98.64,56.92,49.64,39.27
583.01,35.21,21.32,22.90,21.62,98.64,57.07,49.75,39.20
583.02,35.28,21.29,22.90,21.58,98.64,56.92,49.64,39.20
583.03,35.34,21.29,22.90,21.58,98.26,56.92,49.64,39.20
583.04,35.15,21.29,22.90,21.62,98.64,56.92,49.64,39.20
583.05,35.21,21.29,22.90,21.62,98.64,56.92,49.64,39.27
583.06,35.28,21.32,22.90,21.58,98.64,57.07,49.64,39.20
583.07,35.28,21.32,22.94,21.62,98.64,56.92,49.64,39.20
583.08,35.21,21.26,22.90,21.62,98.26,56.92,49.64,39.27
583.09,35.21,21.26,22.90,21.62,98.64,56.92,49.64,39.20
583.10,35.21,21.29,22.90,21.62,98.26,57.07,49.64,39.27
583.11,35.21,21.32,22.90,21.62,98.26,57.07,49.64,39.27
583.12,35.21,21.29,22.90,21.62,98.26,56.92,49.64,39.27
583.13,35.21,21.29,22.87,21.58,99.02,56.92,49.75,39.20
583.14,35.28,21.29,22.87,21.58,98.26,56.92,49.64,39.27
583.15,35.21,21.29,22.90,21.58,98.64,56.92,49.75,39.20
583.16,35.15,21.29,22.90,21.62,98.64,56.92,49.75,39.20
583.17,35.21,21.29,22.94,21.58,98.26,56.92,49.52,39.27
583.18,35.21,21.29,22.90,21.58,98.64,56.92,49.64,39.20
583.19,35.15,21.29,22.90,21.62,98.26,56.92,49.64,39.27
583.20,35.28,21.29,22.90,21.62,98.26,56.92,49.64,39.20
583.21,35.28,21.29,22.90,21.62,98.26,57.07,49.64,39.20
583.22,35.34,21.29,22.90,21.62,98.64,56.92,49.64,39.20
583.23,35.28,21.29,22.90,21.62,98.64,57.07,49.64,39.20
583.24,35.15,21.29,22.87,21.62,98.64,56.92,49.64,39.20
583.25,35.21,21.29,22.90,21.58,98.26,56.92,49.64,39.20
583.26,35.28,21.32,22.94,21.62,98.64,56.92,49.75,39.20
583.27,35.28,21.29,22.90,21.62,98.26,56.92,49.64,39.27
583.28,35.21,21.29,22.90,21.62,98.26,56.92,49.64,39.20
583.29,35.28,21.29,22.90,21.58,98.26,56.92,49.64,39.20
583.30,35.28,21.29,22.90,21.62,98.26,56.92,49.64,39.20
583.31,35.28,21.32,22.90,21.62,98.26,56.92,49.64,39.20
583.32,35.28,21.29,22.90,21.62,98.64,56.92,49.64,39.20
583.33,35.21,21.26,22.90,21.62,98.64,56.92,49.64,39.20
583.34,35.28,21.29,22.87,21.62,98.26,56.92,49.52,39.20
583.35,35.21,21.29,22.90,21.62,98.64,56.92,49.64,39.27
583.36,35.34,21.29,22.90,21.62,98.64,56.92,49.64,39.20
583.37,35.21,21.32,22.90,21.62,98.64,56.92,49.75,39.27
583.38,35.28,21.29,22.87,21.62,98.26,56.92,49.64,39.20
583.39,35.21,21.29,22.90,21.62,98.64,56.92,49.64,39.20
583.40,35.21,21.29,22.90,21.58,98.64,56.92,49.64,39.20
583.41,35.21,21.32,22.90,21.62,98.64,56.92,49.64,39.20
583.42,35.28,21.32,22.90,21.62,98.64,56.92,49.64,39.20
583.43,35.21,21.29,22.90,21.62,98.26,56.92,49.64,39.20
583.44,35.15,21.29,22.90,21.62,98.64,56.92,49.64,39.27
583.45,35.21,21.29,22.90,21.62,98.26,56.92,49.64,39.27
583.46,35.21,21.32,22.90,21.62,98.26,57.07,49.64,39.20
583.47,35.21,21.29,22.90,21.62,98.26,56.92,49.64,39.20
583.48,35.28,21.29,22.90,21.62,98.64,56.92,49.64,39.20
583.49,35.28,21.29,22.87,21.62,98.64,56.92,49.64,39.20
583.50,35.21,21.26,22.90,21.62,98.64,56.92,49.64,39.20
583.51,35.21,21.29,22.90,21.62,98.64,56.92,49.64,39.20
583.52,35.21,21.29,22.90,21.62,98.64,56.92,49.64,39.27
583.53,35.21,21.29,22.90,21.58,98.64,56.92,49.64,39.27
583.54,35.21,21.26,22.90,21.62,98.64,56.92,49.64,39.20
583.55,35.28,21.29,22.90,21.62,98.26,57.07,49.75,39.20
583.56,35.21,21.29,22.90,21.62,98.64,57.07,49.64,39.20
583.57,35.15,21.29,22.90,21.62,98.64,56.92,49.64,39.20
583.58,35.15,21.29,22.90,21.62,98.26,56.92,49.64,39.20
583.59,35.15,21.29,22.90,21.62,98.26,56.92,49.64,39.27
583.60,35.28,21.29,22.90,21.62,98.26,56.92,49.75,39.20
583.61,35.28,21.32,22.90,21.62,98.64,56.92,49.75,39.27
583.62,35.21,21.29,22.90,21.62,98.64,56.78,49.75,39.20
583.63,35.21,21.29,22.90,21.58,98.26,56.92,49.64,39.12
583.64,35.15,21.26,22.90,21.62,98.26,56.92,49.64,39.20
583.65,35.28,21.29,22.90,21.62,98.64,56.92,49.64,39.27
583.66,35.21,21.29,22.90,21.62,98.64,56.92,49.75,39.27
583.67,35.21,21.29,22.90,21.62,98.64,56.92,49.64,39.27
583.68,35.21,21.29,22.90,21.62,98.26,56.92,49.64,39.20
583.69,35.15,21.29,22.90,21.62,98.64,56.92,49.64,39.20
583.70,35.15,21.29,22.90,21.62,98.26,56.92,49.75,39.20
583.71,35.21,21.29,22.90,21.62,98.64,56.92,49.64,39.20
583.72,35.28,21.29,22.90,21.62,98.64,56.92,49.75,39.20
583.73,35.21,21.29,22.90,21.62,98.26,56.92,49.64,39.20
583.74,35.28,21.29,22.90,21.62,98.64,56.92,49.64,39.20
583.75,35.28,21.29,22.90,21.62,98.64,56.92,49.64,39.27
583.76,35.21,21.32,22.90,21.62,98.64,57.07,49.64,39.20
583.77,35.21,21.29,22.90,21.62,98.26,56.92,49.64,39.20
583.78,35.15,21.29,22.90,21.62,98.26,56.92,49.64,39.27
583.79,35.21,21.29,22.90,21.62,98.64,56.92,49.64,39.20
583.80,35.21,21.29,22.90,21.62,98.64,56.92,49.75,39.20
583.81,35.28,21.32,22.90,21.62,98.64,56.92,49.75,39.20
583.82,35.21,21.29,22.90,21.62,98.64,56.92,49.75,39.20
583.83,35.15,21.29,22.90,21.58,98.26,56.92,49.64,39.20
583.84,35.28,21.29,22.90,21.62,98.26,56.92,49.64,39.27
583.85,35.21,21.29,22.90,21.62,98.64,57.07,49.64,39.20
583.86,35.28,21.32,22.90,21.62,98.64,57.07,49.75,39.20
583.87,35.15,21.32,22.90,21.62,98.64,56.92,49.75,39.27
583.88,35.21,21.29,22.90,21.62,98.64,56.92,49.75,39.27
583.89,35.21,21.29,22.90,21.62,98.64,56.92,49.64,39.20
583.90,35.21,21.29,22.90,21.62,98.64,56.92,49.75,39.20
583.91,35.28,21.32,22.90,21.62,98.64,56.92,49.64,39.27
583.92,35.28,21.29,22.94,21.62,98.64,56.92,49.64,39.20
583.93,35.28,21.26,22.90,21.58,98.64,56.92,49.64,39.20
583.94,35.28,21.29,22.90,21.62,98.64,56.92,49.64,39.20
583.95,35.28,21.29,22.90,21.62,98.64,56.92,49.64,39.20
583.96,35.21,21.29,22.90,21.62,98.26,56.92,49.75,39.27
583.97,35.21,21.29,22.90,21.62,98.64,56.92,49.64,39.27
583.98,35.28,21.29,22.90,21.62,98.64,57.07,49.64,39.20
583.99,35.21,21.29,22.90,21.62,98.26,56.92,49.64,39.27
584.00,35.21,21.26,22.90,21.62,98.64,56.92,49.75,39.20
584.01,35.28,21.32,22.90,21.62,98.64,57.07,49.75,39.27
584.02,35.28,21.29,22.90,21.62,98.64,56.92,49.64,39.27
584.03,35.21,21.29,22.90,21.62,98.64,56.92,49.64,39.27
584.04,35.28,21.26,22.90,21.62,98.64,56.92,49.75,39.27
584.05,35.28,21.32,22.90,21.62,98.64,56.92,49.75,39.27
584.06,35.28,21.29,22.90,21.62,98.64,56.92,49.64,39.20
584.07,35.28,21.29,22.90,21.58,98.64,57.07,49.64,39.27
584.08,35.21,21.29,22.90,21.62,98.64,56.92,49.64,39.27
584.09,35.21,21.29,22.90,21.62,98.64,57.07,49.64,39.27
584.10,35.21,21.29,22.90,21.62,98.64,56.92,49.75,39.20
584.11,35.21,21.32,22.94,21.62,98.64,57.07,49.75,39.27
584.12,35.21,21.29,22.90,21.62,98.64,56.92,49.64,39.20
584.13,35.15,21.29,22.90,21.62,98.26,57.07,49.64,39.27
584.14,35.21,21.29,22.90,21.62,98.64,56.92,49.64,39.27
584.15,35.21,21.29,22.90,21.62,98.26,57.07,49.64,39.20
584.16,35.28,21.32,22.90,21.62,98.26,56.92,49.64,39.35
584.17,35.21,21.29,22.90,21.62,98.64,56.92,49.64,39.20
584.18,35.21,21.29,22.90,21.62,98.64,56.92,49.64,39.27
584.19,35.21,21.26,22.90,21.62,98.64,56.92,49.64,39.20
584.20,35.21,21.29,22.90,21.62,98.64,56.92,49.64,39.20
584.21,35.21,21.29,22.90,21.62,98.64,56.92,49.64,39.20
584.22,35.21,21.29,22.90,21.58,98.64,56.92,49.64,39.20
584.23,35.28,21.29,22.87,21.62,98.64,56.92,49.64,39.27
584.24,35.21,21.29,22.90,21.62,98.26,57.07,49.64,39.27
584.25,35.21,21.32,22.90,21.62,98.64,56.92,49.75,39.20
584.26,35.28,21.29,22.90,21.62,98.64,56.92,49.64,39.27
584.27,35.15,21.32,22.90,21.62,98.64,56.92,49.75,39.27
584.28,35.21,21.29,22.90,21.62,98.26,56.92,49.64,39.20
584.29,35.21,21.29,22.90,21.62,98.64,56.92,49.64,39.20
584.30,35.08,21.29,22.90,21.62,98.64,57.07,49.64,39.20
584.31,35.21,21.29,22.90,21.62,98.64,56.92,49.64,39.20
584.32,35.21,21.29,22.90,21.58,98.64,57.07,49.64,39.20
584.33,35.21,21.29,22.90,21.62,98.64,56.92,49.64,39.20
584.34,35.21,21.29,22.90,21.62,98.64,57.07,49.64,39.20
584.35,35.21,21.29,22.90,21.62,98.26,56.92,49.64,39.27
584.36,35.21,21.29,22.90,21.62,98.64,56.92,49.75,39.20
584.37,35.21,21.32,22.90,21.62,98.64,56.92,49.64,39.20
584.38,35.15,21.29,22.90,21.62,98.64,56.92,49.64,39.27
584.39,35.15,21.29,22.90,21.58,98.64,56.92,49.64,39.20
584.40,35.21,21.29,22.90,21.62,98.64,56.92,49.64,39.27
584.41,35.21,21.29,22.94,21.62,98.64,56.92,49.75,39.27
584.42,35.28,21.29,22.94,21.62,98.64,56.92,49.52,39.20
584.43,35.21,21.29,22.90,21.62,98.64,56.92,49.87,39.20
584.44,35.21,21.29,22.90,21.62,98.64,56.92,49.64,39.27
584.45,35.21,21.32,22.90,21.62,98.64,57.07,49.64,39.27
584.46,35.34,21.32,22.90,21.62,98.64,57.07,49.64,39.27
584.47,35.21,21.29,22.90,21.62,98.64,57.07,49.75,39.27
584.48,35.28,21.29,22.90,21.58,98.64,56.92,49.64,39.27
584.49,35.21,21.29,22.90,21.62,98.64,56.92,49.64,39.20
584.50,35.21,21.29,22.94,21.62,98.64,56.92,49.64,39.27
584.51,35.21,21.32,22.94,21.62,98.64,56.92,49.75,39.27
584.52,35.21,21.29,22.90,21.62,98.64,56.92,49.75,39.20
584.53,35.21,21.29,22.90,21.62,98.26,56.92,49.64,39.27
584.54,35.21,21.29,22.90,21.58,98.64,56.92,49.64,39.27
584.55,35.28,21.29,22.90,21.62,98.64,56.92,49.64,39.20
584.56,35.21,21.32,22.94,21.62,98.64,56.92,49.75,39.20
584.57,35.21,21.32,22.94,21.62,98.64,56.92,49.75,39.20
584.58,35.21,21.32,22.90,21.62,98.64,56.92,49.75,39.27
584.59,35.21,21.29,22.90,21.62,98.64,56.92,49.75,39.20
584.60,35.21,21.32,22.90,21.62,98.64,56.92,49.75,39.12
584.61,35.28,21.32,22.90,21.62,98.64,56.92,49.75,39.20
584.62,35.21,21.32,22.94,21.62,98.64,56.92,49.75,39.20
584.63,35.21,21.29,22.94,21.62,98.64,56.92,49.75,39.20
584.64,35.21,21.29,22.90,21.62,98.64,56.92,49.75,39.20
584.65,35.21,21.29,22.94,21.62,98.64,56.92,49.75,39.27
584.66,35.21,21.32,22.94,21.62,98.64,57.07,49.75,39.27
584.67,35.21,21.32,22.94,21.62,98.64,57.07,49.75,39.27
584.68,35.21,21.29,22.90,21.62,98.26,56.92,49.75,39.27
584.69,35.21,21.29,22.90,21.62,98.64,56.92,49.64,39.20
584.70,35.21,21.29,22.90,21.62,98.64,57.07,49.75,39.27
584.71,35.28,21.32,22.94,21.62,98.64,56.92,49.75,39.20
584.72,35.28,21.29,22.94,21.62,98.64,56.92,49.75,39.20
584.73,35.21,21.29,22.90,21.62,98.26,57.07,49.75,39.27
584.74,35.21,21.29,22.90,21.62,98.64,56.92,49.75,39.20
584.75,35.28,21.29,22.94,21.62,98.64,56.92,49.75,39.20
584.76,35.28,21.32,22.94,21.62,98.64,56.92,49.75,39.27
584.77,35.21,21.32,22.94,21.62,98.64,57.07,49.75,39.20
584.78,35.28,21.29,22.90,21.62,98.64,56.92,49.64,39.27
584.79,35.21,21.29,22.90,21.62,98.64,56.92,49.75,39.27
584.80,35.34,21.32,22.90,21.62,98.64,57.07,49.75,39.20
584.81,35.28,21.32,22.94,21.62,98.64,57.07,49.87,39.27
584.82,35.28,21.32,22.90,21.62,98.64,57.07,49.75,39.27
584.83,35.21,21.32,22.90,21.62,98.64,56.92,49.75,39.27
584.84,35.21,21.29,22.90,21.62,98.64,56.92,49.75,39.27
584.85,35.21,21.32,22.90,21.62,98.64,57.07,49.75,39.27
584.86,35.34,21.32,22.94,21.62,98.64,57.07,49.75,39.20
584.87,35.28,21.32,22.90,21.62,98.64,56.92,49.64,39.27
584.88,35.21,21.32,22.90,21.62,98.64,57.07,49.64,39.27
584.89,35.28,21.29,22.94,21.62,98.64,56.92,49.75,39.27
584.90,35.21,21.32,22.90,21.62,98.64,56.92,49.75,39.27
584.91,35.21,21.32,22.94,21.62,98.64,56.92,49.75,39.20
584.92,35.28,21.32,22.94,21.62,98.64,57.07,49.75,39.27
584.93,35.21,21.29,22.90,21.62,98.64,56.92,49.64,39.20
584.94,35.21,21.32,22.90,21.62,98.64,57.07,49.75,39.27
584.95,35.21,21.32,22.90,21.62,99.02,57.07,49.75,39.27
584.96,35.28,21.32,22.94,21.62,98.64,56.92,49.75,39.27
584.97,35.28,21.32,22.90,21.58,98.64,57.07,49.75,39.27
584.98,35.21,21.29,22.90,21.62,98.64,56.92,49.75,39.27
584.99,35.28,21.32,22.90,21.62,98.64,56.92,49.75,39.27
585.00,35.28,21.29,22.90,21.62,98.64,56.92,49.75,39.27
585.01,35.28,21.32,22.90,21.62,98.64,57.07,49.75,39.27
585.02,35.28,21.32,22.94,21.62,98.64,56.92,49.75,39.27
585.03,35.21,21.32,22.90,21.62,98.64,57.07,49.75,39.27
585.04,35.21,21.32,22.94,21.62,98.26,57.07,49.75,39.27
585.05,35.28,21.32,22.94,21.62,98.64,56.92,49.64,39.27
585.06,35.28,21.32,22.94,21.62,98.64,56.92,49.75,39.27
585.07,35.28,21.32,22.94,21.62,98.64,57.07,49.75,39.20
585.08,35.21,21.29,22.90,21.62,98.64,56.92,49.64,39.20
585.09,35.21,21.32,22.90,21.62,98.64,57.07,49.64,39.27
585.10,35.34,21.32,22.94,21.62,98.64,57.07,49.64,39.20
585.11,35.34,21.35,22.94,21.62,98.64,57.07,49.75,39.27
585.12,35.21,21.32,22.94,21.62,98.64,57.07,49.75,39.27
585.13,35.15,21.32,22.94,21.62,98.64,57.07,49.75,39.27
585.14,35.21,21.32,22.90,21.62,98.64,57.07,49.75,39.27
585.15,35.28,21.32,22.94,21.62,98.64,56.92,49.75,39.27
585.16,35.21,21.32,22.94,21.62,98.64,57.07,49.75,39.27
585.17,35.28,21.32,22.94,21.62,99.02,57.07,49.75,39.20
585.18,35.21,21.32,22.94,21.62,98.64,57.07,49.64,39.27
585.19,35.21,21.29,22.90,21.62,98.64,56.92,49.75,39.27
585.20,35.28,21.29,22.90,21.62,98.64,57.07,49.75,39.27
585.21,35.34,21.32,22.94,21.62,98.64,57.07,49.75,39.27
585.22,35.28,21.32,22.94,21.62,98.64,57.07,49.75,39.20
585.23,35.21,21.32,22.94,21.62,98.64,56.92,49.75,39.27
585.24,35.21,21.32,22.94,21.62,98.64,56.92,49.75,39.27
585.25,35.21,21.32,22.94,21.62,98.64,56.92,49.75,39.27
585.26,35.28,21.35,22.94,21.62,98.64,56.92,49.75,39.27
585.27,35.21,21.32,22.94,21.62,98.64,57.07,49.75,39.27
585.28,35.28,21.32,22.90,21.62,98.64,57.07,49.75,39.27
585.29,35.34,21.26,22.90,21.62,98.64,56.92,49.75,39.27
585.30,35.21,21.32,22.94,21.62,98.64,56.92,49.75,39.27
585.31,35.34,21.32,22.94,21.62,98.64,56.92,49.75,39.27
585.32,35.28,21.32,22.94,21.58,98.64,56.92,49.75,39.27
585.33,35.28,21.32,22.94,21.62,98.64,56.92,49.64,39.27
585.34,35.21,21.29,22.90,21.62,98.64,56.78,49.75,39.27
585.35,35.28,21.32,22.90,21.62,98.64,56.92,49.75,39.20
585.36,35.28,21.32,22.94,21.62,98.64,57.07,49.64,39.27
585.37,35.34,21.32,22.90,21.62,98.64,56.92,49.75,39.27
585.38,35.21,21.32,22.90,21.62,98.64,57.07,49.75,39.27
585.39,35.28,21.32,22.90,21.62,98.64,56.78,49.64,39.27
585.40,35.21,21.32,22.94,21.62,98.64,57.07,49.75,39.27
585.41,35.28,21.32,22.94,21.62,98.64,57.07,49.75,39.35
585.42,35.28,21.32,22.94,21.62,98.64,56.92,49.75,39.20
585.43,35.15,21.29,22.94,21.62,98.64,56.92,49.75,39.27
585.44,35.28,21.32,22.90,21.62,98.64,57.07,49.75,39.27
585.45,35.21,21.32,22.94,21.62,98.64,57.07,49.75,39.27
585.46,35.28,21.32,22.94,21.62,98.64,57.07,49.75,39.27
585.47,35.28,21.32,22.94,21.62,98.64,56.92,49.75,39.27
585.48,35.21,21.29,22.90,21.62,98.64,57.07,49.75,39.27
585.49,35.21,21.32,22.94,21.62,98.64,56.92,49.87,39.27
585.50,35.21,21.32,22.94,21.62,98.64,57.07,49.75,39.27
585.51,35.28,21.32,22.94,21.62,98.64,57.07,49.75,39.27
585.52,35.21,21.32,22.94,21.62,98.64,56.92,49.87,39.27
585.53,35.15,21.32,22.90,21.62,98.26,56.92,49.64,39.27
585.54,35.21,21.32,22.94,21.62,98.64,56.92,49.75,39.27
585.55,35.21,21.32,22.90,21.62,98.64,57.07,49.75,39.20
585.56,35.28,21.32,22.94,21.62,99.02,56.92,49.75,39.27
585.57,35.28,21.32,22.90,21.62,98.64,57.07,49.75,39.27
585.58,35.21,21.29,22.94,21.62,98.64,56.92,49.75,39.27
585.59,35.21,21.32,22.94,21.62,98.26,56.92,49.75,39.27
585.60,35.21,21.32,22.94,21.62,98.64,56.92,49.75,39.27
585.61,35.28,21.32,22.94,21.62,99.02,57.07,49.75,39.27
585.62,35.21,21.32,22.94,21.62,98.64,57.07,49.75,39.27
585.63,35.28,21.32,22.94,21.62,99.02,56.92,49.75,39.20
585.64,35.21,21.32,22.94,21.62,98.26,57.07,49.64,39.27
585.65,35.28,21.32,22.94,21.62,98.64,57.07,49.64,39.27
585.66,35.28,21.32,22.94,21.62,98.64,57.07,49.75,39.27
585.67,35.34,21.32,22.94,21.62,98.64,56.92,49.64,39.27
585.68,35.21,21.32,22.90,21.62,98.64,57.07,49.75,39.27
585.69,35.28,21.32,22.94,21.62,98.64,57.07,49.75,39.27
585.70,35.21,21.32,22.94,21.62,98.64,57.07,49.75,39.27
585.71,35.28,21.32,22.94,21.62,98.64,56.92,49.75,39.27
585.72,35.21,21.32,22.94,21.62,99.02,56.92,49.75,39.27
585.73,35.21,21.32,22.94,21.62,98.64,57.07,49.64,39.27
585.74,35.28,21.32,22.90,21.62,98.64,56.92,49.75,39.27
585.75,35.28,21.32,22.94,21.62,98.64,56.92,49.75,39.27
585.76,35.28,21.32,22.94,21.62,98.64,57.07,49.75,39.27
585.77,35.28,21.32,22.90,21.62,98.64,57.07,49.75,39.27
585.78,35.28,21.32,22.94,21.62,98.64,57.07,49.75,39.27
585.79,35.28,21.32,22.94,21.62,98.64,57.07,49.75,39.27
585.80,35.28,21.32,22.94,21.62,98.64,57.07,49.75,39.27
585.81,35.28,21.32,22.94,21.62,98.64,57.07,49.75,39.27
585.82,35.28,21.32,22.94,21.62,98.26,56.92,49.64,39.27
585.83,35.28,21.32,22.94,21.62,98.64,56.92,49.75,39.27
585.84,35.21,21.32,22.90,21.62,98.64,57.07,49.75,39.27
585.85,35.21,21.32,22.94,21.62,98.64,57.07,49.52,39.27
585.86,35.28,21.35,22.94,21.62,98.64,57.07,49.75,39.27
585.87,35.34,21.32,22.94,21.62,98.64,56.92,49.75,39.27
585.88,35.28,21.29,22.94,21.62,98.64,56.92,49.75,39.20
585.89,35.21,21.32,22.94,21.62,98.64,57.07,49.75,39.27
585.90,35.28,21.32,22.94,21.62,98.64,57.07,49.87,39.27
585.91,35.28,21.32,22.94,21.62,99.02,56.92,49.75,39.20
585.92,35.28,21.32,22.94,21.62,98.64,57.07,49.75,39.27
585.93,35.21,21.32,22.94,21.62,98.64,56.92,49.75,39.27
585.94,35.21,21.32,22.94,21.62,98.64,57.07,49.75,39.27
585.95,35.21,21.32,22.94,21.62,98.64,57.07,49.75,39.27
585.96,35.28,21.32,22.94,21.62,98.64,57.07,49.75,39.27
585.97,35.28,21.32,22.94,21.62,98.64,57.07,49.75,39.20
585.98,35.21,21.32,22.94,21.62,98.64,56.92,49.75,39.27
585.99,35.21,21.32,22.94,21.62,98.64,57.07,49.75,39.27
586.00,35.28,21.32,22.94,21.62,98.64,57.07,49.75,39.27
586.01,35.28,21.32,22.94,21.62,99.02,56.92,49.75,39.27
586.02,35.28,21.32,22.94,21.62,98.64,57.07,49.75,39.27
586.03,35.21,21.32,22.94,21.62,98.26,57.07,49.87,39.27
586.04,35.21,21.32,22.94,21.62,98.64,57.07,49.75,39.27
586.05,35.28,21.32,22.94,21.62,98.64,57.07,49.75,39.27
586.06,35.28,21.35,22.97,21.62,98.64,57.07,49.75,39.27
586.07,35.21,21.32,22.94,21.62,98.64,57.07,49.75,39.27
586.08,35.28,21.32,22.94,21.62,98.26,56.92,49.75,39.27
586.09,35.28,21.32,22.94,21.62,98.64,56.92,49.75,39.27
586.10,35.28,21.32,22.94,21.62,98.64,57.07,49.75,39.27
586.11,35.28,21.35,22.94,21.62,98.64,57.07,49.75,39.27
586.12,35.21,21.32,22.94,21.62,98.64,57.07,49.75,39.27
586.13,35.21,21.32,22.94,21.62,98.64,56.92,49.75,39.27
586.14,35.21,21.32,22.94,21.62,98.64,57.07,49.75,39.27
586.15,35.28,21.32,22.94,21.62,99.02,57.07,49.87,39.27
586.16,35.34,21.32,22.94,21.62,98.64,57.07,49.75,39.27
586.17,35.28,21.32,22.94,21.62,98.64,56.92,49.75,39.27
586.18,35.28,21.32,22.94,21.62,98.64,57.07,49.75,39.27
586.19,35.28,21.32,22.94,21.62,98.64,56.92,49.75,39.27
586.20,35.28,21.32,22.94,21.62,98.64,57.07,49.64,39.27
586.21,35.28,21.35,22.97,21.62,98.64,57.07,49.75,39.27
586.22,35.28,21.32,22.94,21.62,99.02,57.07,49.75,39.27
586.23,35.21,21.32,22.94,21.62,98.64,57.07,49.75,39.27
586.24,35.21,21.32,22.94,21.62,98.64,57.07,49.75,39.27
586.25,35.28,21.35,22.94,21.62,98.26,56.92,49.75,39.27
586.26,35.28,21.35,22.94,21.62,98.64,57.07,49.75,39.27
586.27,35.28,21.32,22.94,21.62,98.64,57.07,49.75,39.27
586.28,35.28,21.32,22.94,21.62,98.64,56.92,49.75,39.27
586.29,35.21,21.32,22.94,21.62,98.64,56.92,49.75,39.27
586.30,35.28,21.35,22.94,21.62,98.64,57.07,49.75,39.27
586.31,35.28,21.35,22.94,21.62,99.02,57.07,49.64,39.27
586.32,35.28,21.35,22.94,21.62,98.64,57.07,49.75,39.27
586.33,35.28,21.32,22.94,21.62,98.64,57.07,49.75,39.27
586.34,35.28,21.32,22.94,21.62,98.64,57.07,49.75,39.27
586.35,35.21,21.32,22.94,21.62,98.64,57.07,49.75,39.27
586.36,35.28,21.35,22.97,21.62,99.02,57.07,49.75,39.27
586.37,35.28,21.32,22.94,21.62,98.64,57.07,49.75,39.27
586.38,35.28,21.32,22.94,21.62,98.64,56.92,49.75,39.27
586.39,35.21,21.32,22.94,21.62,98.64,56.92,49.75,39.27
586.40,35.28,21.35,22.94,21.62,98.64,57.07,49.75,39.27
586.41,35.28,21.35,22.94,21.62,98.64,57.07,49.75,39.27
586.42,35.28,21.35,22.94,21.62,98.64,56.92,49.75,39.27
586.43,35.28,21.35,22.94,21.62,98.64,57.07,49.75,39.27
586.44,35.21,21.32,22.94,21.62,98.64,57.07,49.75,39.27
586.45,35.28,21.32,22.94,21.62,98.64,57.07,49.75,39.27
586.46,35.34,21.35,22.97,21.62,98.64,57.07,49.75,39.27
586.47,35.21,21.32,22.94,21.62,98.64,57.07,49.75,39.27
586.48,35.21,21.35,22.94,21.62,98.64,57.07,49.75,39.27
586.49,35.28,21.32,22.94,21.62,98.64,57.07,49.75,39.27
586.50,35.28,21.32,22.94,21.62,98.64,57.07,49.75,39.27
586.51,35.28,21.35,22.94,21.62,98.64,57.07,49.75,39.27
586.52,35.28,21.32,22.94,21.62,98.64,57.07,49.75,39.27
586.53,35.28,21.32,22.94,21.62,98.64,57.07,49.87,39.27
586.54,35.34,21.32,22.94,21.62,98.64,57.07,49.75,39.27
586.55,35.28,21.35,22.94,21.62,98.64,57.07,49.75,39.27
586.56,35.34,21.32,22.94,21.62,98.64,57.07,49.75,39.27
586.57,35.28,21.32,22.94,21.62,98.64,56.92,49.75,39.27
586.58,35.28,21.32,22.94,21.62,98.64,56.92,49.87,39.27
586.59,35.28,21.32,22.94,21.62,98.64,57.07,49.75,39.27
586.60,35.28,21.35,22.94,21.62,98.64,57.07,49.75,39.27
586.61,35.28,21.32,22.97,21.62,98.64,57.07,49.75,39.27
586.62,35.28,21.32,22.94,21.62,98.64,56.92,49.75,39.27
586.63,35.28,21.32,22.94,21.62,98.64,57.07,49.75,39.27
586.64,35.28,21.32,22.94,21.62,98.64,56.92,49.87,39.20
586.65,35.28,21.35,22.94,21.62,98.64,57.36,49.87,39.35
586.66,35.34,21.35,22.97,21.62,98.64,56.92,49.75,39.27
586.67,35.21,21.35,22.97,21.62,98.64,56.92,49.75,39.27
586.68,35.28,21.35,22.94,21.62,98.64,56.92,49.75,39.27
586.69,35.21,21.32,22.94,21.65,98.64,57.07,49.75,39.27
586.70,35.28,21.35,22.94,21.62,99.02,57.07,49.87,39.27
586.71,35.28,21.35,22.94,21.62,98.64,56.92,49.75,39.27
586.72,35.28,21.35,22.94,21.65,99.02,57.07,49.75,39.27
586.73,35.28,21.35,22.94,21.62,98.64,56.92,49.75,39.27
586.74,35.28,21.32,22.94,21.62,98.64,57.07,49.75,39.27
586.75,35.21,21.35,22.94,21.62,98.64,56.92,49.75,39.27
586.76,35.34,21.35,22.94,21.62,98.64,57.07,49.75,39.27
586.77,35.21,21.35,22.94,21.62,98.64,57.07,49.75,39.27
586.78,35.34,21.32,22.94,21.62,98.64,57.07,49.87,39.20
586.79,35.15,21.32,22.94,21.62,98.64,56.92,49.75,39.27
586.80,35.28,21.32,22.97,21.62,98.64,57.07,49.75,39.27
586.81,35.28,21.35,22.90,21.62,98.64,57.07,49.75,39.27
586.82,35.28,21.35,22.97,21.62,98.64,57.07,49.75,39.27
586.83,35.21,21.32,22.94,21.62,98.64,57.07,49.75,39.27
586.84,35.28,21.32,22.94,21.62,98.64,57.07,49.75,39.27
586.85,35.28,21.32,22.94,21.62,99.02,57.07,49.75,39.27
586.86,35.28,21.35,22.94,21.62,98.26,57.07,49.75,39.27
586.87,35.28,21.32,22.94,21.62,98.64,57.07,49.75,39.27
586.88,35.21,21.32,22.94,21.62,98.64,56.92,49.75,39.27
586.89,35.21,21.32,22.94,21.62,98.26,57.07,49.75,39.27
586.90,35.34,21.32,22.94,21.62,99.02,57.07,49.87,39.27
586.91,35.28,21.35,22.97,21.62,98.64,57.07,49.64,39.27
586.92,35.28,21.32,22.94,21.62,98.64,57.07,49.98,39.27
586.93,35.34,21.32,22.94,21.62,98.64,57.07,49.75,39.27
586.94,35.21,21.35,22.94,21.62,98.64,57.07,49.75,39.27
586.95,35.28,21.32,22.94,21.62,98.64,57.07,49.75,39.27
586.96,35.21,21.35,22.94,21.62,98.64,57.07,49.75,39.27
586.97,35.21,21.32,22.94,21.58,98.64,57.07,49.75,39.27
586.98,35.21,21.32,22.94,21.62,98.64,57.07,49.75,39.20
586.99,35.21,21.32,22.94,21.62,98.64,57.07,49.75,39.27
587.00,35.28,21.35,22.94,21.62,98.64,57.07,49.75,39.27
587.01,35.28,21.35,22.94,21.62,98.64,57.07,49.75,39.27
587.02,35.28,21.35,22.94,21.62,98.64,57.07,49.75,39.27
587.03,35.21,21.32,22.94,21.62,98.64,57.07,49.75,39.27
587.04,35.34,21.35,22.94,21.62,98.64,57.21,49.75,39.35
587.05,35.34,21.35,22.94,21.58,98.64,57.07,49.75,39.27
587.06,35.28,21.32,22.94,21.62,99.02,57.07,49.75,39.27
587.07,35.28,21.35,22.94,21.62,98.64,56.92,49.75,39.27
587.08,35.34,21.32,22.94,21.62,98.64,57.07,49.75,39.27
587.09,35.28,21.32,22.94,21.62,98.64,57.07,49.75,39.27
587.10,35.28,21.35,22.94,21.62,98.64,57.07,49.75,39.27
587.11,35.28,21.32,22.94,21.62,98.64,57.07,49.75,39.27
587.12,35.28,21.32,22.97,21.62,98.64,57.07,49.87,39.27
587.13,35.28,21.32,22.94,21.62,98.64,57.07,49.75,39.27
587.14,35.21,21.32,22.94,21.62,98.64,57.07,49.75,39.27
587.15,35.21,21.35,22.94,21.62,98.64,57.07,49.75,39.27
587.16,35.28,21.35,22.94,21.62,98.64,57.07,49.87,39.27
587.17,35.21,21.35,22.94,21.62,98.64,56.92,49.75,39.27
587.18,35.21,21.32,22.94,21.62,98.64,57.07,49.75,39.27
587.19,35.21,21.32,22.94,21.62,98.64,57.07,49.87,39.27
587.20,35.34,21.32,22.94,21.62,98.64,56.92,49.75,39.27
587.21,35.34,21.35,22.94,21.62,98.64,57.07,49.75,39.27
587.22,35.28,21.35,22.94,21.62,98.64,56.92,49.75,39.20
587.23,35.28,21.32,22.90,21.62,98.64,57.07,49.64,39.27
587.24,35.21,21.32,22.94,21.62,98.64,57.07,49.75,39.27
587.25,35.21,21.32,22.94,21.62,98.64,57.07,49.75,39.27
587.26,35.28,21.35,22.94,21.62,98.64,57.07,49.75,39.27
587.27,35.28,21.32,22.94,21.62,98.64,57.07,49.75,39.27
587.28,35.28,21.32,22.94,21.62,98.64,57.07,49.75,39.27
587.29,35.21,21.32,22.94,21.62,98.64,57.07,49.75,39.27
587.30,35.21,21.32,22.94,21.62,98.64,57.07,49.75,39.27
587.31,35.34,21.35,22.94,21.62,98.64,57.07,49.75,39.27
587.32,35.28,21.35,22.94,21.62,98.64,56.92,49.75,39.27
587.33,35.21,21.32,22.94,21.62,98.64,57.07,49.75,39.27
587.34,35.21,21.32,22.94,21.62,98.64,56.92,49.75,39.27
587.35,35.28,21.35,22.90,21.62,98.64,57.07,49.75,39.27
587.36,35.28,21.35,22.94,21.62,98.64,57.07,49.75,39.27
587.37,35.21,21.32,22.94,21.62,98.64,57.07,49.75,39.27
587.38,35.21,21.32,22.94,21.62,98.64,57.07,49.75,39.27
587.39,35.21,21.32,22.94,21.62,98.64,56.92,49.75,39.27
587.40,35.21,21.32,22.94,21.62,99.02,56.92,49.75,39.27
587.41,35.28,21.35,22.94,21.62,98.64,57.07,49.75,39.27
587.42,35.21,21.32,22.94,21.62,98.64,57.07,49.75,39.27
587.43,35.21,21.32,22.94,21.62,98.64,57.07,49.75,39.27
587.44,35.21,21.32,22.94,21.62,98.64,56.92,49.75,39.27
587.45,35.21,21.32,22.94,21.62,98.64,57.07,49.75,39.27
587.46,35.28,21.35,22.94,21.62,99.02,57.07,49.75,39.27
587.47,35.28,21.35,22.94,21.62,98.64,57.07,49.75,39.27
587.48,35.21,21.32,22.94,21.62,98.64,56.92,49.64,39.27
587.49,35.28,21.32,22.94,21.62,98.64,57.07,49.75,39.27
587.50,35.28,21.32,22.94,21.62,98.64,57.07,49.75,39.27
587.51,35.21,21.32,22.94,21.62,98.64,57.07,49.75,39.27
587.52,35.21,21.32,22.94,21.62,98.64,57.07,49.75,39.27
587.53,35.21,21.32,22.90,21.58,98.64,57.07,49.75,39.27
587.54,35.21,21.32,22.94,21.62,98.64,57.07,49.75,39.27
587.55,35.21,21.32,22.94,21.62,98.64,56.92,49.75,39.27
587.56,35.28,21.32,22.94,21.62,98.64,56.92,49.75,39.27
587.57,35.28,21.32,22.94,21.62,98.64,57.07,49.75,39.27
587.58,35.21,21.32,22.94,21.62,98.64,56.92,49.64,39.27
587.59,35.21,21.32,22.94,21.62,98.64,56.92,49.75,39.27
587.60,35.21,21.32,22.94,21.62,98.64,57.07,49.75,39.27
587.61,35.28,21.35,22.94,21.62,98.64,57.07,49.75,39.27
587.62,35.21,21.32,22.94,21.62,98.64,56.92,49.64,39.27
587.63,35.21,21.32,22.90,21.62,98.64,56.92,49.75,39.27
587.64,35.21,21.32,22.94,21.62,98.64,56.92,49.75,39.27
587.65,35.28,21.32,22.94,21.62,98.64,56.92,49.75,39.27
587.66,35.21,21.32,22.94,21.62,98.64,57.07,49.75,39.27
587.67,35.21,21.32,22.94,21.62,98.64,57.07,49.75,39.27
587.68,35.28,21.32,22.94,21.62,98.64,56.92,49.75,39.27
587.69,35.21,21.32,22.94,21.62,98.64,56.92,49.75,39.27
587.70,35.28,21.32,22.94,21.62,98.64,57.07,49.75,39.27
587.71,35.21,21.35,22.94,21.62,98.64,57.07,49.87,39.27
587.72,35.28,21.32,22.94,21.62,98.64,57.07,49.75,39.27
587.73,35.21,21.29,22.90,21.62,98.64,57.07,49.75,39.27
587.74,35.21,21.32,22.90,21.62,98.64,57.07,49.75,39.20
587.75,35.28,21.32,22.94,21.62,98.26,56.92,49.75,39.27
587.76,35.21,21.32,22.94,21.62,98.64,57.07,49.75,39.27
587.77,35.21,21.32,22.94,21.62,98.64,57.07,49.75,39.27
587.78,35.28,21.29,22.94,21.62,98.64,56.92,49.64,39.27
587.79,35.21,21.32,22.94,21.62,98.64,57.07,49.75,39.27
587.80,35.21,21.32,22.94,21.62,98.64,57.07,49.75,39.27
587.81,35.28,21.35,22.94,21.62,98.64,57.07,49.75,39.27
587.82,35.28,21.32,22.94,21.62,98.64,57.07,49.75,39.27
587.83,35.28,21.32,22.94,21.62,98.26,57.07,49.75,39.27
587.84,35.21,21.32,22.90,21.62,98.64,56.92,49.75,39.27
587.85,35.21,21.32,22.94,21.62,98.64,57.07,49.75,39.27
587.86,35.28,21.35,22.94,21.62,99.02,57.07,49.87,39.27
587.87,35.21,21.32,22.94,21.62,98.64,57.07,49.75,39.27
587.88,35.21,21.32,22.94,21.62,98.64,56.92,49.75,39.27
587.89,35.21,21.32,22.94,21.62,98.64,57.21,49.75,39.27
587.90,35.21,21.32,22.94,21.62,98.64,57.07,49.75,39.35
587.91,35.21,21.32,22.94,21.58,98.64,56.92,49.87,39.35
587.92,35.28,21.32,22.94,21.58,98.64,57.07,49.75,39.27
587.93,35.21,21.32,22.94,21.62,98.64,56.92,49.75,39.20
587.94,35.21,21.32,22.94,21.62,98.64,56.92,49.75,39.27
587.95,35.21,21.32,22.94,21.62,98.64,57.07,49.75,39.27
587.96,35.21,21.32,22.94,21.62,98.64,56.92,49.75,39.27
587.97,35.28,21.32,22.94,21.62,98.64,56.92,49.75,39.27
587.98,35.15,21.29,22.90,21.62,98.64,56.92,49.75,39.27
587.99,35.21,21.32,22.94,21.62,98.64,57.07,49.75,39.35
588.00,35.28,21.32,22.94,21.62,98.64,56.92,49.75,39.27
588.01,35.21,21.35,22.94,21.62,98.64,57.07,49.87,39.27
588.02,35.28,21.32,22.94,21.62,98.64,57.07,49.75,39.27
588.03,35.15,21.32,22.94,21.62,98.64,56.92,49.75,39.27
588.04,35.21,21.32,22.94,21.58,98.64,56.92,49.75,39.27
588.05,35.28,21.32,22.94,21.62,98.64,56.92,49.75,39.27
588.06,35.28,21.35,22.94,21.58,98.64,57.07,49.75,39.27
588.07,35.21,21.32,22.94,21.62,98.64,56.92,49.75,39.27
588.08,35.21,21.32,22.90,21.62,98.64,56.92,49.75,39.27
588.09,35.28,21.32,22.94,21.62,98.64,56.92,49.75,39.35
588.10,35.28,21.32,22.94,21.62,98.64,57.07,49.75,39.35
588.11,35.28,21.35,22.94,21.62,98.64,57.07,49.75,39.27
588.12,35.21,21.32,22.94,21.62,98.64,56.92,49.75,39.27
588.13,35.28,21.32,22.90,21.62,98.26,57.07,49.64,39.27
588.14,35.21,21.32,22.94,21.62,98.64,56.92,49.75,39.27
588.15,35.28,21.35,22.94,21.62,98.64,57.07,49.75,39.35
588.16,35.28,21.35,22.94,21.62,98.64,57.07,49.75,39.35
588.17,35.28,21.32,22.94,21.62,98.64,57.07,49.87,39.27
588.18,35.21,21.32,22.94,21.62,98.64,57.07,49.64,39.35
588.19,35.21,21.32,22.94,21.62,98.64,56.92,49.75,39.27
588.20,35.28,21.35,22.94,21.62,98.64,57.07,49.75,39.27
588.21,35.21,21.32,22.94,21.62,98.64,57.07,49.87,39.27
588.22,35.21,21.32,22.94,21.62,98.64,57.07,49.75,39.27
588.23,35.21,21.32,22.90,21.62,98.64,57.07,49.75,39.27
588.24,35.21,21.32,22.94,21.62,98.64,56.92,49.75,39.27
588.25,35.28,21.35,22.94,21.58,98.64,57.07,49.75,39.20
588.26,35.21,21.32,22.94,21.62,98.64,57.07,49.75,39.27
588.27,35.28,21.35,22.94,21.62,98.64,56.92,49.75,39.27
588.28,35.21,21.32,22.94,21.62,98.64,57.07,49.75,39.27
588.29,35.28,21.29,22.94,21.62,98.64,57.07,49.64,39.27
588.30,35.28,21.32,22.94,21.62,98.64,57.07,49.75,39.27
588.31,35.21,21.35,22.94,21.62,99.02,56.92,49.64,39.27
588.32,35.28,21.32,22.90,21.58,98.64,57.07,49.75,39.35
588.33,35.28,21.32,22.94,21.62,98.64,56.92,49.75,39.27
588.34,35.21,21.32,22.90,21.62,98.64,56.92,49.75,39.27
588.35,35.28,21.32,22.94,21.62,98.64,56.92,49.75,39.27
588.36,35.21,21.35,22.94,21.62,99.02,57.07,49.75,39.27
588.37,35.28,21.32,22.94,21.62,98.64,57.07,49.75,39.27
588.38,35.28,21.32,22.94,21.62,98.64,56.92,49.75,39.27
588.39,35.28,21.32,22.94,21.62,98.64,56.92,49.75,39.27
588.40,35.28,21.32,22.94,21.62,98.64,57.07,49.87,39.27
588.41,35.34,21.32,22.94,21.62,98.64,57.07,49.75,39.27
588.42,35.21,21.32,22.94,21.62,98.64,56.92,49.75,39.27
588.43,35.21,21.32,22.94,21.62,98.64,56.92,49.75,39.35
588.44,35.21,21.32,22.94,21.62,98.64,56.92,49.75,39.27
588.45,35.28,21.35,22.94,21.58,98.64,57.07,49.75,39.27
588.46,35.28,21.32,22.94,21.62,98.64,57.07,49.87,39.27
588.47,35.21,21.32,22.94,21.62,98.64,56.92,49.75,39.27
588.48,35.21,21.32,22.94,21.62,98.64,56.92,49.75,39.27
588.49,35.21,21.32,22.94,21.62,98.64,57.07,49.75,39.27
588.50,35.21,21.32,22.94,21.62,98.64,57.07,49.75,39.35
588.51,35.21,21.32,22.94,21.62,98.64,57.07,49.75,39.27
588.52,35.21,21.32,22.94,21.62,98.64,57.07,49.75,39.27
588.53,35.21,21.32,22.90,21.62,98.64,57.07,49.75,39.27
588.54,35.21,21.32,22.90,21.62,98.64,56.92,49.75,39.27
588.55,35.21,21.35,22.94,21.62,98.64,56.92,49.87,39.27
588.56,35.21,21.35,22.94,21.62,98.64,57.07,49.75,39.27
588.57,35.28,21.32,22.94,21.62,98.64,56.92,49.75,39.27
588.58,35.28,21.32,22.94,21.62,98.64,56.92,49.75,39.35
588.59,35.21,21.32,22.94,21.62,98.64,57.07,49.75,39.27
588.60,35.28,21.32,22.94,21.62,98.64,56.92,49.75,39.27
588.61,35.28,21.32,22.94,21.62,99.02,57.07,49.75,39.27
588.62,35.21,21.32,22.94,21.62,98.64,57.07,49.75,39.27
588.63,35.28,21.32,22.94,21.58,98.64,57.07,49.75,39.35
588.64,35.21,21.32,22.94,21.62,98.64,56.92,49.75,39.27
588.65,35.21,21.32,22.94,21.62,98.64,56.92,49.75,39.27
588.66,35.28,21.32,22.94,21.62,98.64,56.92,49.75,39.35
588.67,35.21,21.32,22.94,21.62,98.64,56.92,49.75,39.27
588.68,35.21,21.32,22.90,21.62,98.64,56.92,49.75,39.27
588.69,35.28,21.32,22.94,21.62,98.64,56.92,49.75,39.27
588.70,35.21,21.32,22.94,21.62,98.64,57.07,49.75,39.27
588.71,35.28,21.32,22.94,21.62,98.64,57.07,49.75,39.27
588.72,35.21,21.32,22.94,21.62,98.64,57.07,49.75,39.27
588.73,35.21,21.32,22.90,21.62,98.64,56.92,49.75,39.27
588.74,35.21,21.32,22.90,21.62,98.64,56.92,49.75,39.27
588.75,35.28,21.35,22.94,21.62,98.64,56.92,49.75,39.27
588.76,35.28,21.32,22.94,21.62,98.64,57.07,49.75,39.27
588.77,35.21,21.32,22.94,21.62,98.64,56.92,49.75,39.27
588.78,35.21,21.32,22.90,21.62,98.64,57.07,49.75,39.27
588.79,35.21,21.32,22.90,21.62,98.64,57.07,49.75,39.35
588.80,35.21,21.32,22.94,21.62,98.64,56.92,49.75,39.27
588.81,35.28,21.32,22.94,21.62,98.64,57.07,49.75,39.35
588.82,35.28,21.32,22.94,21.62,98.64,57.07,49.75,39.27
588.83,35.21,21.32,22.94,21.62,98.64,56.92,49.75,39.27
588.84,35.21,21.32,22.94,21.62,98.64,56.92,49.75,39.27
588.85,35.21,21.32,22.94,21.62,98.64,57.07,49.75,39.27
588.86,35.28,21.32,22.94,21.62,98.64,56.92,49.75,39.27
588.87,35.28,21.32,22.94,21.62,98.64,56.92,49.75,39.20
588.88,35.21,21.32,22.94,21.62,98.64,56.92,49.75,39.27
588.89,35.21,21.32,22.94,21.62,98.64,57.07,49.75,39.27
588.90,35.34,21.35,22.94,21.62,98.64,56.92,49.75,39.35
588.91,35.21,21.35,22.94,21.62,98.64,56.92,49.75,39.35
588.92,35.21,21.32,22.94,21.62,98.64,57.07,49.75,39.27
588.93,35.28,21.32,22.94,21.62,98.64,56.92,49.75,39.27
588.94,35.21,21.32,22.94,21.62,98.64,57.07,49.75,39.27
588.95,35.21,21.32,22.94,21.62,98.64,57.07,49.75,39.27
588.96,35.28,21.32,22.94,21.62,99.02,57.07,49.75,39.27
588.97,35.21,21.32,22.94,21.62,98.64,57.07,49.75,39.27
588.98,35.21,21.32,22.90,21.62,98.64,57.07,49.75,39.27
588.99,35.15,21.32,22.90,21.62,98.64,56.92,49.75,39.35
589.00,35.28,21.35,22.94,21.62,98.64,56.92,49.75,39.27
589.01,35.21,21.35,22.94,21.62,98.64,56.92,49.75,39.27
589.02,35.21,21.32,22.94,21.62,98.64,57.07,49.75,39.27
589.03,35.21,21.29,22.94,21.62,98.64,56.92,49.75,39.35
589.04,35.21,21.35,22.94,21.62,98.64,57.07,49.75,39.35
589.05,35.28,21.32,22.94,21.65,98.64,57.07,49.75,39.27
589.06,35.28,21.32,22.94,21.62,98.64,57.07,49.75,39.27
589.07,35.21,21.35,22.94,21.62,98.64,57.07,49.75,39.35
589.08,35.21,21.32,22.90,21.62,98.26,56.92,49.75,39.27
589.09,35.21,21.32,22.90,21.62,98.64,57.07,49.75,39.35
589.10,35.21,21.32,22.94,21.62,98.64,57.07,49.75,39.27
589.11,35.21,21.35,22.94,21.62,98.64,56.92,49.75,39.27
589.12,35.21,21.32,22.94,21.62,98.64,57.07,49.75,39.27
589.13,35.21,21.32,22.94,21.62,98.64,56.78,49.75,39.35
589.14,35.28,21.32,22.94,21.62,98.64,56.78,49.75,39.27
589.15,35.28,21.32,22.94,21.62,98.64,57.07,49.75,39.35
589.16,35.28,21.35,22.94,21.62,98.64,56.78,49.75,39.20
589.17,35.21,21.32,22.94,21.62,98.64,57.07,49.75,39.35
589.18,35.28,21.32,22.94,21.62,98.64,57.07,49.75,39.27
589.19,35.21,21.32,22.90,21.62,98.64,57.07,49.75,39.27
589.20,35.28,21.35,22.94,21.62,98.64,57.07,49.75,39.27
589.21,35.28,21.35,22.94,21.62,98.64,57.07,49.75,39.27
589.22,35.28,21.32,22.94,21.62,98.64,57.07,49.87,39.27
589.23,35.15,21.32,22.94,21.62,98.64,56.92,49.75,39.27
589.24,35.15,21.32,22.90,21.62,98.64,57.07,49.75,39.27
589.25,35.21,21.32,22.94,21.62,98.64,57.07,49.75,39.35
589.26,35.28,21.35,22.94,21.62,98.64,57.07,49.75,39.27
589.27,35.15,21.32,22.94,21.62,98.64,56.92,49.75,39.27
589.28,35.28,21.32,22.90,21.58,98.64,57.07,49.75,39.35
589.29,35.08,21.32,22.90,21.62,98.64,56.92,49.75,39.35
589.30,35.28,21.32,22.94,21.62,98.64,56.92,49.75,39.35
589.31,35.28,21.35,22.94,21.62,98.26,57.07,49.75,39.27
589.32,35.21,21.29,22.94,21.62,98.64,57.07,49.75,39.27
589.33,35.28,21.32,22.90,21.62,98.64,56.92,49.75,39.27
589.34,35.28,21.32,22.90,21.58,98.26,56.92,49.64,39.35
589.35,35.28,21.32,22.94,21.62,98.64,57.07,49.75,39.27
589.36,35.21,21.35,22.94,21.62,98.64,57.07,49.75,39.35
589.37,35.21,21.32,22.94,21.62,99.02,57.07,49.75,39.35
589.38,35.21,21.29,22.90,21.62,98.64,56.92,49.75,39.35
589.39,35.28,21.32,22.94,21.62,98.26,57.07,49.64,39.35
589.40,35.21,21.32,22.94,21.65,98.64,57.07,49.87,39.27
589.41,35.21,21.35,22.94,21.62,98.64,57.07,49.64,39.35
589.42,35.21,21.32,22.94,21.62,98.64,56.92,49.87,39.27
589.43,35.21,21.32,22.94,21.58,98.64,56.92,49.75,39.27
589.44,35.28,21.32,22.94,21.62,98.64,57.07,49.75,39.27
589.45,35.21,21.32,22.94,21.62,98.64,56.92,49.75,39.27
589.46,35.28,21.32,22.94,21.62,98.64,57.07,49.75,39.35
589.47,35.21,21.32,22.90,21.62,98.64,57.07,49.75,39.27
589.48,35.21,21.32,22.90,21.62,98.64,57.07,49.75,39.27
589.49,35.21,21.32,22.94,21.62,98.64,56.92,49.64,39.27
589.50,35.15,21.32,22.94,21.62,98.64,57.07,49.75,39.27
589.51,35.28,21.32,22.94,21.62,98.64,57.07,49.75,39.27
589.52,35.21,21.32,22.94,21.62,98.64,57.07,49.75,39.35
589.53,35.21,21.32,22.90,21.62,98.64,57.07,49.75,39.27
589.54,35.21,21.32,22.90,21.62,98.64,56.92,49.75,39.27
589.55,35.28,21.32,22.94,21.62,98.64,57.07,49.75,39.27
589.56,35.15,21.32,22.94,21.62,98.64,57.07,49.75,39.27
589.57,35.21,21.32,22.90,21.58,98.64,56.92,49.75,39.27
589.58,35.21,21.32,22.90,21.62,98.64,57.07,49.75,39.27
589.59,35.21,21.32,22.90,21.62,98.64,57.07,49.75,39.35
589.60,35.21,21.32,22.94,21.62,98.64,56.92,49.75,39.27
589.61,35.21,21.35,22.94,21.62,98.64,56.92,49.75,39.35
589.62,35.21,21.32,22.90,21.62,98.64,57.07,49.75,39.27
589.63,35.21,21.29,22.90,21.62,98.64,56.92,49.75,39.27
589.64,35.21,21.32,22.90,21.62,98.64,57.07,49.75,39.27
589.65,35.21,21.32,22.94,21.62,98.64,56.92,49.75,39.35
589.66,35.21,21.32,22.90,21.62,98.64,57.07,49.75,39.27
589.67,35.21,21.32,22.90,21.58,98.64,56.92,49.75,39.27
589.68,35.15,21.29,22.90,21.62,98.64,56.92,49.75,39.27
589.69,35.21,21.32,22.90,21.62,98.64,57.07,49.75,39.27
589.70,35.21,21.32,22.94,21.62,98.64,56.92,49.75,39.35
589.71,35.28,21.32,22.94,21.62,98.64,56.92,49.75,39.35
589.72,35.21,21.32,22.90,21.62,98.64,57.07,49.75,39.27
589.73,35.15,21.29,22.90,21.58,98.64,56.92,49.75,39.27
589.74,35.15,21.32,22.90,21.62,98.64,57.07,49.75,39.35
589.75,35.21,21.32,22.94,21.62,98.64,56.92,49.75,39.35
589.76,35.21,21.32,22.94,21.62,98.64,56.92,49.75,39.27
589.77,35.21,21.32,22.90,21.62,98.64,56.92,49.75,39.27
589.78,35.21,21.32,22.90,21.62,98.26,57.07,49.75,39.35
589.79,35.15,21.32,22.90,21.62,98.26,57.07,49.64,39.27
589.80,35.21,21.32,22.90,21.62,98.64,57.07,49.75,39.35
589.81,35.21,21.32,22.94,21.62,98.64,57.07,49.75,39.20
589.82,35.21,21.32,22.90,21.58,98.64,56.92,49.75,39.27
589.83,35.21,21.32,22.90,21.62,98.64,57.07,49.75,39.35
589.84,35.21,21.32,22.90,21.62,98.26,56.92,49.75,39.27
589.85,35.21,21.32,22.90,21.62,98.64,57.07,49.75,39.27
589.86,35.21,21.32,22.94,21.58,98.26,57.07,49.75,39.35
589.87,35.28,21.32,22.90,21.62,98.64,57.07,49.75,39.27
589.88,35.15,21.32,22.90,21.62,98.64,56.92,49.75,39.27
589.89,35.15,21.32,22.90,21.62,98.64,57.07,49.75,39.27
589.90,35.21,21.32,22.94,21.62,98.64,56.92,49.75,39.27
589.91,35.21,21.32,22.94,21.62,98.64,57.07,49.75,39.27
589.92,35.15,21.32,22.90,21.62,98.26,56.92,49.75,39.27
589.93,35.15,21.32,22.90,21.62,98.64,56.92,49.75,39.35
589.94,35.21,21.29,22.90,21.62,98.64,57.07,49.75,39.27
589.95,35.28,21.32,22.94,21.62,98.64,56.92,49.75,39.27
589.96,35.21,21.35,22.94,21.62,98.64,56.92,49.75,39.35
589.97,35.21,21.32,22.90,21.62,98.64,57.07,49.75,39.35
589.98,35.15,21.32,22.90,21.62,98.64,57.07,49.75,39.27
589.99,35.15,21.29,22.90,21.62,98.64,56.92,49.75,39.27
590.00,35.21,21.32,22.94,21.62,98.64,57.07,49.75,39.27
590.01,35.21,21.32,22.94,21.62,98.64,57.07,49.75,39.27
590.02,35.21,21.29,22.90,21.62,98.26,56.92,49.75,39.27
590.03,35.15,21.32,22.90,21.62,98.64,56.92,49.75,39.35
590.04,35.15,21.32,22.90,21.62,98.64,56.92,49.64,39.27
590.05,35.28,21.35,22.94,21.62,98.64,57.07,49.75,39.27
590.06,35.21,21.32,22.94,21.62,98.64,56.92,49.75,39.35
590.07,35.21,21.32,22.90,21.62,98.64,56.92,49.75,39.35
590.08,35.15,21.32,22.90,21.62,98.64,57.07,49.75,39.27
590.09,35.21,21.32,22.90,21.62,98.64,57.07,49.75,39.27
590.10,35.21,21.32,22.90,21.62,98.64,57.07,49.75,39.35
590.11,35.21,21.32,22.94,21.62,98.64,57.07,49.75,39.27
590.12,35.21,21.32,22.90,21.62,98.64,56.92,49.75,39.27
590.13,35.21,21.29,22.90,21.62,98.64,56.92,49.64,39.27
590.14,35.21,21.32,22.90,21.62,98.64,56.92,49.75,39.27
590.15,35.15,21.32,22.94,21.58,98.64,56.92,49.75,39.27
590.16,35.21,21.32,22.94,21.62,98.64,56.92,49.75,39.27
590.17,35.21,21.29,22.90,21.62,98.64,56.92,49.75,39.27
590.18,35.15,21.29,22.90,21.62,98.26,56.92,49.75,39.35
590.19,35.15,21.32,22.90,21.62,98.64,56.92,49.75,39.27
590.20,35.21,21.32,22.94,21.62,98.64,56.92,49.64,39.35
590.21,35.21,21.32,22.90,21.62,98.64,57.07,49.75,39.35
590.22,35.21,21.32,22.90,21.62,98.64,56.92,49.75,39.27
590.23,35.15,21.32,22.90,21.62,98.26,56.92,49.64,39.27
590.24,35.21,21.29,22.90,21.62,98.64,56.92,49.75,39.27
590.25,35.15,21.32,22.94,21.62,98.64,56.92,49.64,39.27
590.26,35.15,21.29,22.90,21.62,98.26,57.07,49.64,39.35
590.27,35.21,21.32,22.90,21.62,98.64,56.92,49.75,39.27
590.28,35.15,21.29,22.90,21.62,98.64,56.92,49.75,39.35
590.29,35.15,21.29,22.90,21.62,98.64,56.92,49.75,39.27
590.30,35.21,21.35,22.90,21.58,98.64,56.92,49.75,39.35
590.31,35.15,21.32,22.90,21.58,98.64,57.07,49.64,39.27
590.32,35.15,21.32,22.90,21.62,98.64,56.92,49.75,39.27
590.33,35.15,21.29,22.90,21.62,98.26,56.92,49.75,39.27
590.34,35.21,21.32,22.90,21.62,98.64,56.92,49.75,39.27
590.35,35.15,21.32,22.90,21.62,98.64,57.07,49.75,39.35
590.36,35.21,21.32,22.94,21.62,98.64,56.92,49.75,39.27
590.37,35.21,21.32,22.90,21.62,98.64,57.07,49.75,39.35
590.38,35.15,21.29,22.90,21.62,98.64,56.92,49.75,39.27
590.39,35.15,21.32,22.90,21.62,98.64,56.78,49.75,39.35
590.40,35.28,21.32,22.90,21.62,98.64,56.92,49.75,39.35
590.41,35.28,21.32,22.90,21.62,98.64,56.92,49.75,39.27
590.42,35.15,21.32,22.90,21.62,98.64,56.92,49.75,39.43
590.43,35.15,21.32,22.90,21.62,98.64,56.92,49.75,39.27
590.44,35.15,21.29,22.90,21.62,98.64,56.92,49.87,39.27
590.45,35.15,21.32,22.90,21.62,98.64,56.92,49.75,39.27
590.46,35.15,21.32,22.94,21.62,98.64,57.07,49.75,39.35
590.47,35.15,21.32,22.90,21.62,98.26,56.92,49.75,39.35
590.48,35.15,21.32,22.90,21.62,98.26,56.92,49.64,39.27
590.49,35.21,21.32,22.90,21.62,98.64,57.07,49.75,39.20
590.50,35.21,21.32,22.94,21.62,98.64,57.07,49.75,39.27
590.51,35.15,21.32,22.94,21.62,98.64,57.07,49.75,39.27
590.52,35.15,21.29,22.90,21.62,98.26,57.07,49.75,39.35
590.53,35.28,21.32,22.90,21.58,98.64,56.92,49.75,39.27
590.54,35.08,21.32,22.90,21.62,98.64,56.92,49.75,39.35
590.55,35.21,21.32,22.90,21.62,98.64,57.07,49.75,39.27
590.56,35.21,21.32,22.94,21.62,98.64,56.92,49.75,39.27
590.57,35.21,21.32,22.90,21.62,98.64,57.07,49.75,39.27
590.58,35.21,21.32,22.87,21.62,98.26,57.07,49.64,39.27
590.59,35.21,21.32,22.90,21.62,98.64,57.07,49.75,39.35
590.60,35.21,21.32,22.94,21.62,98.64,56.92,49.75,39.27
590.61,35.28,21.32,22.90,21.62,98.26,57.07,49.75,39.27
590.62,35.28,21.32,22.90,21.62,98.64,57.07,49.75,39.35
590.63,35.15,21.29,22.90,21.62,98.26,56.92,49.64,39.35
590.64,35.15,21.32,22.90,21.62,99.02,56.92,49.75,39.35
590.65,35.21,21.32,22.90,21.62,99.02,56.92,49.87,39.27
590.66,35.28,21.32,22.94,21.62,98.64,57.07,49.64,39.27
590.67,35.15,21.32,22.90,21.62,98.64,56.92,49.87,39.27
590.68,35.28,21.32,22.90,21.62,98.26,56.92,49.64,39.27
590.69,35.21,21.32,22.90,21.62,98.64,57.07,49.75,39.20
590.70,35.21,21.32,22.94,21.62,98.64,57.07,49.75,39.27
590.71,35.15,21.32,22.90,21.62,98.64,57.07,49.75,39.35
590.72,35.21,21.32,22.90,21.62,98.64,57.07,49.64,39.35
590.73,35.15,21.32,22.90,21.62,98.26,56.92,49.75,39.35
590.74,35.28,21.32,22.90,21.62,98.64,57.07,49.75,39.35
590.75,35.21,21.32,22.94,21.62,98.64,57.07,49.75,39.27
590.76,35.21,21.32,22.90,21.62,98.64,57.07,49.75,39.35
590.77,35.15,21.32,22.90,21.62,98.64,56.92,49.75,39.27
590.78,35.21,21.32,22.90,21.62,98.64,56.92,49.75,39.35
590.79,35.21,21.32,22.90,21.62,98.64,57.07,49.75,39.20
590.80,35.21,21.32,22.90,21.62,98.64,57.07,49.75,39.35
590.81,35.21,21.32,22.90,21.62,98.64,57.07,49.75,39.35
590.82,35.21,21.32,22.90,21.62,98.64,56.92,49.75,39.35
590.83,35.15,21.29,22.90,21.62,98.26,57.07,49.75,39.35
590.84,35.21,21.32,22.90,21.62,98.26,56.92,49.75,39.35
590.85,35.21,21.32,22.94,21.62,98.64,56.92,49.75,39.35
590.86,35.28,21.32,22.90,21.62,98.64,56.92,49.75,39.35
590.87,35.15,21.32,22.90,21.62,98.64,56.92,49.64,39.35
590.88,35.15,21.29,22.90,21.62,98.26,56.92,49.75,39.27
590.89,35.21,21.32,22.90,21.62,98.64,56.92,49.75,39.35
590.90,35.15,21.32,22.94,21.62,98.64,56.92,49.75,39.27
590.91,35.28,21.32,22.90,21.62,98.64,57.07,49.64,39.35
590.92,35.15,21.32,22.90,21.58,98.64,57.07,49.64,39.35
590.93,35.15,21.32,22.90,21.62,98.64,56.92,49.75,39.35
590.94,35.15,21.32,22.90,21.62,98.64,57.07,49.75,39.27
590.95,35.21,21.32,22.94,21.62,98.64,57.07,49.75,39.35
590.96,35.28,21.32,22.90,21.62,98.64,57.07,49.75,39.27
590.97,35.21,21.32,22.90,21.62,98.26,56.92,49.75,39.27
590.98,35.21,21.32,22.90,21.62,98.64,56.92,49.75,39.27
590.99,35.15,21.32,22.90,21.62,98.64,56.92,49.75,39.35
591.00,35.28,21.35,22.90,21.62,98.64,57.07,49.75,39.27
591.01,35.21,21.32,22.94,21.58,98.64,57.07,49.75,39.35
591.02,35.15,21.32,22.90,21.62,98.26,56.92,49.75,39.35
591.03,35.15,21.29,22.90,21.62,98.64,56.92,49.75,39.27
591.04,35.21,21.32,22.94,21.62,98.26,56.92,49.75,39.35
591.05,35.28,21.32,22.94,21.62,98.64,57.07,49.75,39.35
591.06,35.21,21.32,22.94,21.62,98.64,57.07,49.75,39.27
591.07,35.21,21.32,22.94,21.62,98.64,56.78,49.75,39.35
591.08,35.15,21.32,22.90,21.62,98.64,56.92,49.75,39.35
591.09,35.21,21.29,22.90,21.62,98.64,56.92,49.75,39.27
591.10,35.21,21.32,22.94,21.62,98.64,56.92,49.75,39.35
591.11,35.21,21.32,22.94,21.62,98.64,57.07,49.75,39.35
591.12,35.21,21.32,22.90,21.62,98.64,56.92,49.75,39.35
591.13,35.21,21.29,22.90,21.62,98.64,56.92,49.75,39.35
591.14,35.21,21.32,22.90,21.62,98.64,56.92,49.75,39.35
591.15,35.21,21.32,22.94,21.62,98.64,57.07,49.75,39.27
591.16,35.21,21.32,22.90,21.62,98.64,57.07,49.75,39.27
591.17,35.28,21.32,22.90,21.62,98.64,56.92,49.75,39.35
591.18,35.15,21.32,22.90,21.62,98.64,57.07,49.75,39.35
591.19,35.21,21.32,22.90,21.62,98.64,56.92,49.75,39.35
591.20,35.28,21.32,22.94,21.62,98.64,56.92,49.75,39.35
591.21,35.21,21.32,22.94,21.62,98.64,56.92,49.75,39.35
591.22,35.15,21.32,22.90,21.62,98.26,56.92,49.75,39.27
591.23,35.15,21.32,22.90,21.62,98.64,56.92,49.75,39.35
591.24,35.15,21.32,22.90,21.62,98.64,57.07,49.75,39.35
591.25,35.28,21.32,22.94,21.62,98.64,57.07,49.75,39.35
591.26,35.34,21.32,22.90,21.62,98.64,56.92,49.75,39.35
591.27,35.15,21.32,22.90,21.62,98.64,56.92,49.75,39.35
591.28,35.21,21.32,22.90,21.58,98.64,56.92,49.75,39.27
591.29,35.15,21.32,22.90,21.62,98.64,57.07,49.75,39.35
591.30,35.15,21.32,22.90,21.62,98.64,57.07,49.75,39.35
591.31,35.21,21.32,22.94,21.62,98.64,56.92,49.75,39.35
591.32,35.21,21.32,22.90,21.62,98.64,56.92,49.75,39.35
591.33,35.21,21.32,22.90,21.62,98.26,57.07,49.64,39.35
591.34,35.21,21.32,22.90,21.62,98.64,57.07,49.75,39.35
591.35,35.21,21.32,22.90,21.62,98.64,57.07,49.75,39.35
591.36,35.28,21.32,22.94,21.62,98.64,57.07,49.75,39.35
591.37,35.21,21.32,22.90,21.62,98.26,56.92,49.75,39.27
591.38,35.21,21.32,22.90,21.62,98.64,56.92,49.75,39.35
591.39,35.15,21.32,22.90,21.62,98.26,57.07,49.75,39.35
591.40,35.21,21.32,22.94,21.62,98.64,57.07,49.75,39.35
591.41,35.21,21.35,22.90,21.62,98.64,56.92,49.75,39.27
591.42,35.21,21.32,22.90,21.62,98.64,56.92,49.75,39.27
591.43,35.15,21.32,22.90,21.58,98.64,57.07,49.75,39.35
591.44,35.21,21.32,22.90,21.62,98.26,57.07,49.75,39.35
591.45,35.21,21.32,22.90,21.62,98.64,57.07,49.75,39.35
591.46,35.28,21.32,22.94,21.62,98.64,57.07,49.75,39.27
591.47,35.28,21.32,22.90,21.62,98.26,57.07,49.75,39.35
591.48,35.15,21.32,22.90,21.62,98.26,57.07,49.75,39.35
591.49,35.15,21.32,22.90,21.62,98.64,56.92,49.64,39.35
591.50,35.21,21.32,22.94,21.62,98.64,57.07,49.75,39.35
591.51,35.21,21.32,22.94,21.62,98.64,57.07,49.75,39.35
591.52,35.15,21.32,22.90,21.62,98.64,57.07,49.75,39.35
591.53,35.21,21.29,22.90,21.62,98.64,57.07,49.75,39.35
591.54,35.15,21.35,22.90,21.62,98.64,56.92,49.75,39.27
591.55,35.21,21.29,22.90,21.62,98.64,56.92,49.75,39.35
591.56,35.21,21.38,22.90,21.62,98.64,56.92,49.75,39.35
591.57,35.21,21.32,22.90,21.62,98.64,56.92,49.75,39.35
591.58,35.21,21.26,22.90,21.62,98.64,56.92,49.75,39.27
591.59,35.15,21.32,22.90,21.62,98.64,56.92,49.75,39.27
591.60,35.15,21.35,22.90,21.62,98.64,57.21,49.75,39.35
591.61,35.21,21.32,22.94,21.58,98.64,57.07,49.75,39.35
591.62,35.15,21.32,22.90,21.62,98.64,57.07,49.75,39.35
591.63,35.21,21.32,22.90,21.62,98.64,56.78,49.75,39.27
591.64,35.15,21.32,22.94,21.62,98.64,57.07,49.75,39.35
591.65,35.21,21.32,22.90,21.62,98.64,56.92,49.75,39.35
591.66,35.21,21.35,22.90,21.62,98.64,56.92,49.75,39.27
591.67,35.21,21.32,22.90,21.62,98.64,56.92,49.75,39.35
591.68,35.15,21.32,22.90,21.62,98.26,56.92,49.64,39.27
591.69,35.15,21.32,22.90,21.62,98.26,57.07,49.75,39.35
591.70,35.15,21.32,22.94,21.62,98.26,57.07,49.75,39.35
591.71,35.15,21.35,22.94,21.62,98.64,57.07,49.75,39.35
591.72,35.28,21.32,22.90,21.62,98.64,56.92,49.75,39.35
591.73,35.21,21.32,22.90,21.62,98.64,57.07,49.75,39.27
591.74,35.15,21.32,22.90,21.62,98.64,56.92,49.75,39.35
591.75,35.21,21.32,22.94,21.62,98.64,57.07,49.75,39.35
591.76,35.21,21.32,22.94,21.62,98.64,57.07,49.75,39.35
591.77,35.21,21.32,22.90,21.62,98.26,57.07,49.75,39.35
591.78,35.15,21.32,22.90,21.62,98.64,56.92,49.75,39.35
591.79,35.08,21.32,22.90,21.62,98.64,56.92,49.75,39.27
591.80,35.21,21.32,22.94,21.62,98.64,56.92,49.75,39.27
591.81,35.21,21.32,22.94,21.62,98.64,56.92,49.75,39.35
591.82,35.21,21.32,22.94,21.62,98.64,56.92,49.75,39.27
591.83,35.15,21.32,22.90,21.62,98.26,57.07,49.75,39.27
591.84,35.15,21.32,22.90,21.62,98.64,57.07,49.75,39.35
591.85,35.21,21.32,22.90,21.62,98.64,57.07,49.75,39.27
591.86,35.15,21.35,22.94,21.62,98.64,56.92,49.75,39.35
591.87,35.15,21.32,22.90,21.62,98.64,57.07,49.75,39.27
591.88,35.21,21.32,22.90,21.62,98.26,56.92,49.75,39.35
591.89,35.21,21.32,22.90,21.62,98.64,56.92,49.75,39.27
591.90,35.21,21.35,22.94,21.62,98.26,56.92,49.87,39.35
591.91,35.21,21.35,22.94,21.62,98.64,57.07,49.87,39.35
591.92,35.21,21.32,22.90,21.62,98.64,57.07,49.98,39.35
591.93,35.21,21.32,22.94,21.62,98.64,57.07,49.75,39.27
591.94,35.21,21.32,22.90,21.62,98.64,56.92,49.64,39.27
591.95,35.15,21.32,22.94,21.62,98.64,57.07,49.75,39.27
591.96,35.21,21.35,22.94,21.62,98.64,57.07,49.75,39.35
591.97,35.21,21.32,22.90,21.62,98.26,57.07,49.75,39.27
591.98,35.21,21.32,22.90,21.62,98.64,57.07,49.75,39.27
591.99,35.21,21.32,22.90,21.62,98.64,57.07,49.75,39.35
592.00,35.21,21.32,22.94,21.62,98.64,56.92,49.75,39.27
592.01,35.15,21.32,22.90,21.62,98.26,57.07,49.64,39.35
592.02,35.15,21.32,22.90,21.62,98.64,56.92,49.75,39.35
592.03,35.21,21.32,22.90,21.62,98.64,56.92,49.75,39.35
592.04,35.15,21.32,22.90,21.62,98.64,56.92,49.75,39.35
592.05,35.28,21.35,22.90,21.62,98.64,56.92,49.75,39.27
592.06,35.15,21.32,22.90,21.62,98.64,57.07,49.75,39.35
592.07,35.21,21.32,22.90,21.58,98.64,56.92,49.75,39.27
592.08,35.15,21.29,22.90,21.62,98.64,56.92,49.75,39.35
592.09,35.21,21.32,22.90,21.62,98.64,57.07,49.75,39.35
592.10,35.21,21.32,22.94,21.62,98.64,57.07,49.75,39.27
592.11,35.21,21.32,22.94,21.62,98.64,57.07,49.75,39.27
592.12,35.21,21.29,22.90,21.62,98.64,56.92,49.75,39.27
592.13,35.21,21.32,22.90,21.62,98.64,56.92,49.75,39.27
592.14,35.21,21.32,22.90,21.62,98.26,56.92,49.75,39.35
592.15,35.21,21.32,22.94,21.62,98.64,57.07,49.75,39.35
592.16,35.21,21.32,22.90,21.62,98.64,56.92,49.75,39.27
592.17,35.15,21.32,22.90,21.62,98.64,56.92,49.75,39.27
592.18,35.21,21.29,22.90,21.62,98.64,56.92,49.75,39.27
592.19,35.21,21.32,22.90,21.62,98.64,56.92,49.75,39.35
592.20,35.15,21.32,22.94,21.62,98.64,56.92,49.75,39.35
592.21,35.28,21.32,22.90,21.62,98.64,56.92,49.75,39.35
592.22,35.15,21.32,22.90,21.58,98.64,56.92,49.75,39.35
592.23,35.15,21.32,22.90,21.62,98.26,56.92,49.75,39.35
592.24,35.15,21.32,22.90,21.62,98.64,56.92,49.75,39.27
592.25,35.21,21.32,22.90,21.62,98.64,57.07,49.75,39.35
592.26,35.15,21.32,22.94,21.62,98.64,57.07,49.75,39.35
592.27,35.15,21.32,22.90,21.62,98.64,56.92,49.75,39.27
592.28,35.15,21.32,22.90,21.62,98.64,57.07,49.75,39.35
592.29,35.15,21.32,22.90,21.62,98.64,56.92,49.75,39.27
592.30,35.21,21.32,22.90,21.62,98.64,57.07,49.75,39.35
592.31,35.21,21.35,22.90,21.62,98.64,57.07,49.75,39.35
592.32,35.21,21.32,22.90,21.62,98.26,56.92,49.75,39.35
592.33,35.21,21.32,22.90,21.62,98.64,56.92,49.75,39.35
592.34,35.15,21.32,22.90,21.62,98.64,57.07,49.75,39.35
592.35,35.21,21.32,22.94,21.62,98.64,57.07,49.75,39.35
592.36,35.15,21.32,22.90,21.62,98.64,56.92,49.75,39.27
592.37,35.15,21.32,22.90,21.62,98.64,57.07,49.75,39.35
592.38,35.21,21.32,22.90,21.62,98.64,56.92,49.75,39.35
592.39,35.15,21.32,22.90,21.62,98.64,57.07,49.75,39.35
592.40,35.28,21.32,22.94,21.62,98.64,57.07,49.75,39.27
592.41,35.15,21.32,22.90,21.62,98.64,57.07,49.75,39.35
592.42,35.15,21.32,22.90,21.62,98.26,56.92,49.75,39.35
592.43,35.15,21.32,22.90,21.62,98.64,57.07,49.75,39.35
592.44,35.15,21.32,22.90,21.62,98.64,57.07,49.75,39.35
592.45,35.21,21.35,22.94,21.62,98.64,57.07,49.75,39.35
592.46,35.28,21.32,22.94,21.62,98.26,56.92,49.75,39.35
592.47,35.21,21.32,22.90,21.62,98.64,57.07,49.75,39.27
592.48,35.15,21.32,22.90,21.62,98.64,56.92,49.75,39.35
592.49,35.15,21.32,22.90,21.62,98.64,57.07,49.75,39.27
592.50,35.15,21.35,22.94,21.62,98.64,57.07,49.75,39.27
592.51,35.28,21.35,22.90,21.62,98.64,56.92,49.75,39.27
592.52,35.21,21.29,22.90,21.62,98.64,56.92,49.75,39.35
592.53,35.15,21.32,22.90,21.62,98.64,57.07,49.75,39.27
592.54,35.21,21.32,22.90,21.62,98.64,56.92,49.75,39.35
592.55,35.21,21.35,22.90,21.62,98.64,57.07,49.75,39.35
592.56,35.15,21.32,22.94,21.62,98.64,56.92,49.87,39.35
592.57,35.15,21.32,22.90,21.62,98.64,56.92,49.75,39.35
592.58,35.15,21.32,22.90,21.62,98.64,56.92,49.75,39.35
592.59,35.15,21.32,22.90,21.62,98.64,57.07,49.75,39.35
592.60,35.28,21.32,22.94,21.62,98.64,57.07,49.75,39.35
592.61,35.21,21.32,22.90,21.62,98.64,56.92,49.75,39.35
592.62,35.21,21.32,22.90,21.62,98.64,56.92,49.75,39.35
592.63,35.21,21.32,22.90,21.62,98.64,56.92,49.75,39.35
592.64,35.15,21.32,22.90,21.62,98.64,56.92,49.75,39.35
592.65,35.21,21.35,22.94,21.62,98.64,56.92,49.87,39.35
592.66,35.21,21.35,22.90,21.62,98.64,57.07,49.75,39.35
592.67,35.21,21.32,22.90,21.62,98.64,56.92,49.75,39.35
592.68,35.15,21.32,22.90,21.62,98.64,56.92,49.75,39.35
592.69,35.15,21.32,22.94,21.62,98.64,56.92,49.75,39.35
592.70,35.21,21.32,22.90,21.62,98.64,57.07,49.75,39.35
592.71,35.15,21.32,22.94,21.62,98.64,57.07,49.64,39.35
592.72,35.15,21.32,22.90,21.62,98.64,57.07,49.64,39.35
592.73,35.15,21.32,22.90,21.62,98.64,57.07,49.75,39.35
592.74,35.28,21.32,22.94,21.62,98.64,56.92,49.75,39.35
592.75,35.21,21.32,22.94,21.62,98.64,57.07,49.75,39.35
592.76,35.21,21.32,22.90,21.62,98.64,57.07,49.75,39.35
592.77,35.21,21.32,22.90,21.62,98.64,56.92,49.75,39.35
592.78,35.21,21.32,22.90,21.62,98.26,57.07,49.75,39.27
592.79,35.21,21.29,22.90,21.62,98.64,56.92,49.75,39.35
592.80,35.21,21.32,22.90,21.62,98.64,57.07,49.75,39.35
592.81,35.21,21.29,22.94,21.62,98.64,56.92,49.75,39.35
592.82,35.21,21.35,22.90,21.62,98.64,56.92,49.75,39.35
592.83,35.15,21.32,22.90,21.62,98.64,57.07,49.75,39.27
592.84,35.21,21.32,22.90,21.62,98.64,56.92,49.75,39.35
592.85,35.15,21.32,22.94,21.62,98.64,57.07,49.75,39.35
592.86,35.21,21.32,22.90,21.62,98.64,56.92,49.75,39.35
592.87,35.21,21.32,22.90,21.62,98.26,56.78,49.75,39.27
592.88,35.15,21.32,22.90,21.62,98.64,57.07,49.75,39.35
592.89,35.21,21.32,22.90,21.62,98.64,56.92,49.75,39.27
592.90,35.21,21.32,22.90,21.62,98.64,57.21,49.75,39.35
592.91,35.28,21.32,22.90,21.62,98.64,57.07,49.75,39.27
592.92,35.15,21.32,22.90,21.62,98.64,56.92,49.75,39.43
592.93,35.21,21.29,22.90,21.62,98.64,56.92,49.75,39.27
592.94,35.15,21.32,22.90,21.62,98.64,56.92,49.75,39.35
592.95,35.21,21.32,22.94,21.62,98.64,57.07,49.75,39.35
592.96,35.21,21.32,22.94,21.62,98.64,57.07,49.75,39.35
592.97,35.15,21.32,22.90,21.62,98.64,56.92,49.75,39.35
592.98,35.21,21.29,22.90,21.62,98.64,57.07,49.75,39.35
592.99,35.15,21.32,22.90,21.62,98.64,57.07,49.75,39.35
593.00,35.15,21.32,22.94,21.62,98.64,57.07,49.75,39.35
593.01,35.28,21.32,22.94,21.62,98.64,57.07,49.75,39.35
593.02,35.21,21.32,22.90,21.62,98.64,56.92,49.64,39.35
593.03,35.34,21.29,22.90,21.62,98.64,56.92,49.75,39.35
593.04,35.15,21.32,22.90,21.62,98.26,57.07,49.64,39.35
593.05,35.21,21.32,22.94,21.62,98.64,57.07,49.75,39.35
593.06,35.21,21.32,22.90,21.62,99.02,56.92,49.75,39.35
593.07,35.15,21.32,22.94,21.62,98.64,56.92,49.75,39.35
593.08,35.15,21.32,22.90,21.62,98.64,56.92,49.75,39.35
593.09,35.21,21.32,22.90,21.65,98.64,57.07,49.75,39.35
593.10,35.28,21.32,22.90,21.62,98.64,57.07,49.75,39.35
593.11,35.21,21.32,22.94,21.62,98.64,56.92,49.75,39.27
593.12,35.21,21.32,22.90,21.62,98.64,56.92,49.75,39.35
593.13,35.15,21.32,22.90,21.62,99.02,57.07,49.75,39.27
593.14,35.21,21.32,22.90,21.62,97.88,57.07,49.64,39.35
593.15,35.21,21.32,22.94,21.62,98.64,56.92,49.75,39.35
593.16,35.21,21.32,22.90,21.62,98.64,56.92,49.64,39.35
593.17,35.21,21.32,22.90,21.62,98.64,56.92,49.87,39.35
593.18,35.15,21.32,22.90,21.62,98.64,56.92,49.75,39.27
593.19,35.15,21.32,22.90,21.62,99.02,57.07,49.75,39.35
593.20,35.15,21.32,22.94,21.62,98.64,57.07,49.75,39.27
593.21,35.21,21.32,22.90,21.62,98.26,57.07,49.75,39.35
593.22,35.21,21.29,22.90,21.62,98.64,57.07,49.75,39.35
593.23,35.21,21.32,22.90,21.58,98.64,57.07,49.75,39.35
593.24,35.15,21.32,22.94,21.62,98.64,57.07,49.75,39.35
593.25,35.15,21.32,22.90,21.62,98.64,57.07,49.75,39.35
593.26,35.21,21.32,22.90,21.62,98.64,57.07,49.64,39.35
593.27,35.15,21.32,22.90,21.62,98.64,56.92,49.75,39.35
593.28,35.15,21.32,22.90,21.62,98.26,57.07,49.75,39.35
593.29,35.21,21.32,22.90,21.62,98.64,57.07,49.75,39.35
593.30,35.21,21.32,22.94,21.62,98.64,57.07,49.75,39.35
593.31,35.21,21.32,22.90,21.62,98.64,56.92,49.75,39.35
593.32,35.15,21.32,22.90,21.62,98.64,56.92,49.75,39.35
593.33,35.21,21.32,22.90,21.62,98.64,57.07,49.75,39.35
593.34,35.21,21.32,22.94,21.62,98.64,57.07,49.75,39.35
593.35,35.21,21.35,22.94,21.62,98.64,57.07,49.75,39.35
593.36,35.21,21.32,22.94,21.62,98.64,56.92,49.75,39.35
593.37,35.21,21.32,22.90,21.62,98.64,56.92,49.75,39.35
593.38,35.21,21.32,22.90,21.62,98.64,57.07,49.75,39.35
593.39,35.21,21.32,22.90,21.65,98.64,57.07,49.75,39.27
593.40,35.21,21.32,22.90,21.62,98.64,56.92,49.64,39.35
593.41,35.15,21.32,22.94,21.62,98.64,57.07,49.75,39.35
593.42,35.15,21.29,22.90,21.62,98.64,56.92,49.75,39.35
593.43,35.15,21.32,22.94,21.62,98.64,57.07,49.75,39.27
593.44,35.15,21.32,22.90,21.62,98.64,57.07,49.75,39.35
593.45,35.21,21.32,22.94,21.62,98.64,56.92,49.75,39.35
593.46,35.21,21.32,22.90,21.62,98.64,57.07,49.75,39.35
593.47,35.15,21.32,22.90,21.62,98.64,57.07,49.75,39.35
593.48,35.15,21.32,22.90,21.62,98.64,57.07,49.75,39.27
593.49,35.15,21.32,22.90,21.62,98.64,56.92,49.75,39.35
593.50,35.21,21.32,22.94,21.62,98.64,56.92,49.75,39.35
593.51,35.28,21.32,22.90,21.62,98.64,57.07,49.75,39.35
593.52,35.21,21.32,22.90,21.62,98.64,56.92,49.75,39.35
593.53,35.15,21.32,22.90,21.62,98.64,56.92,49.75,39.35
593.54,35.21,21.32,22.94,21.62,98.64,56.92,49.75,39.35
593.55,35.28,21.32,22.94,21.62,98.64,57.07,49.75,39.35
593.56,35.21,21.32,22.90,21.62,98.64,57.07,49.75,39.35
593.57,35.15,21.32,22.94,21.62,98.64,56.92,49.75,39.35
593.58,35.15,21.32,22.90,21.62,98.64,56.92,49.75,39.35
593.59,35.21,21.32,22.90,21.62,98.64,57.07,49.75,39.35
593.60,35.28,21.32,22.94,21.62,98.64,56.92,49.75,39.35
593.61,35.21,21.32,22.94,21.62,98.64,56.92,49.75,39.35
593.62,35.21,21.32,22.94,21.62,98.64,56.92,49.75,39.35
593.63,35.21,21.32,22.90,21.62,98.64,57.07,49.75,39.35
593.64,35.21,21.32,22.94,21.62,98.64,56.92,49.75,39.35
593.65,35.21,21.35,22.90,21.62,98.64,57.07,49.75,39.35
593.66,35.21,21.32,22.94,21.62,98.64,56.92,49.75,39.35
593.67,35.21,21.32,22.90,21.62,98.64,57.07,49.75,39.35
593.68,35.15,21.32,22.90,21.62,98.64,57.07,49.75,39.35
593.69,35.15,21.32,22.94,21.62,98.64,56.92,49.64,39.35
593.70,35.28,21.35,22.94,21.62,98.64,57.07,49.75,39.35
593.71,35.21,21.32,22.94,21.62,98.64,57.07,49.75,39.35
593.72,35.28,21.32,22.90,21.62,98.64,56.92,49.75,39.35
593.73,35.15,21.32,22.90,21.62,98.64,56.92,49.75,39.35
593.74,35.15,21.32,22.94,21.62,98.64,57.07,49.75,39.35
593.75,35.21,21.32,22.94,21.62,98.64,57.07,49.75,39.35
593.76,35.21,21.32,22.94,21.62,98.64,57.07,49.75,39.35
593.77,35.15,21.32,22.94,21.62,98.64,56.92,49.75,39.35
593.78,35.21,21.32,22.90,21.62,98.64,56.92,49.75,39.35
593.79,35.21,21.32,22.90,21.62,98.64,57.07,49.75,39.35
593.80,35.21,21.35,22.94,21.62,98.64,57.07,49.75,39.35
593.81,35.21,21.32,22.90,21.62,98.64,57.07,49.75,39.35
593.82,35.15,21.32,22.90,21.62,98.64,57.07,49.75,39.35
593.83,35.15,21.32,22.94,21.62,98.64,57.07,49.75,39.35
593.84,35.15,21.32,22.94,21.62,98.64,56.92,49.75,39.35
593.85,35.21,21.35,22.94,21.62,98.64,56.92,49.75,39.35
593.86,35.28,21.32,22.94,21.62,98.64,57.07,49.75,39.35
593.87,35.15,21.32,22.90,21.62,98.64,56.92,49.75,39.35
593.88,35.15,21.32,22.90,21.62,98.64,56.92,49.75,39.35
593.89,35.21,21.32,22.94,21.58,98.64,57.07,49.75,39.35
593.90,35.28,21.35,22.94,21.62,98.64,56.92,49.75,39.35
593.91,35.15,21.32,22.90,21.62,98.64,57.07,49.75,39.35
593.92,35.21,21.32,22.90,21.62,98.64,56.92,49.75,39.35
593.93,35.15,21.32,22.90,21.62,98.64,57.07,49.75,39.35
593.94,35.21,21.32,22.94,21.62,98.64,57.07,49.75,39.35
593.95,35.21,21.32,22.94,21.62,98.64,57.07,49.75,39.35
593.96,35.15,21.32,22.94,21.62,98.64,57.07,49.75,39.35
593.97,35.15,21.32,22.90,21.62,98.64,57.07,49.75,39.27
593.98,35.21,21.32,22.90,21.62,98.64,57.07,49.75,39.35
593.99,35.15,21.32,22.90,21.62,98.64,57.07,49.75,39.35
594.00,35.21,21.35,22.94,21.62,98.64,57.07,49.87,39.35
594.01,35.21,21.32,22.94,21.62,98.64,56.92,49.75,39.35
594.02,35.21,21.32,22.90,21.62,98.64,56.92,49.75,39.35
594.03,35.15,21.32,22.90,21.62,98.64,56.92,49.75,39.35
594.04,35.28,21.32,22.94,21.62,98.64,57.07,49.75,39.35
594.05,35.28,21.35,22.94,21.62,98.64,57.07,49.75,39.35
594.06,35.21,21.35,22.94,21.58,98.64,57.07,49.75,39.35
594.07,35.15,21.32,22.90,21.62,98.64,56.92,49.75,39.35
594.08,35.15,21.32,22.90,21.62,98.26,56.92,49.75,39.35
594.09,35.15,21.32,22.94,21.62,98.26,56.92,49.75,39.35
594.10,35.21,21.35,22.94,21.62,98.64,57.07,49.75,39.35
594.11,35.21,21.32,22.94,21.62,98.64,57.07,49.75,39.35
594.12,35.21,21.32,22.90,21.58,98.64,56.78,49.75,39.35
594.13,35.21,21.32,22.90,21.62,98.64,57.07,49.75,39.43
594.14,35.21,21.32,22.90,21.62,98.64,56.92,49.75,39.35
594.15,35.28,21.32,22.94,21.62,98.64,57.07,49.87,39.35
594.16,35.28,21.32,22.94,21.62,98.64,57.07,49.75,39.27
594.17,35.21,21.32,22.90,21.62,98.64,57.07,49.75,39.35
594.18,35.21,21.32,22.94,21.62,98.64,56.92,49.75,39.35
594.19,35.21,21.35,22.90,21.62,98.64,56.92,49.75,39.35
594.20,35.28,21.35,22.94,21.62,98.64,57.07,49.75,39.35
594.21,35.21,21.32,22.94,21.62,98.64,57.07,49.75,39.35
594.22,35.15,21.32,22.90,21.62,98.64,57.07,49.75,39.35
594.23,35.15,21.32,22.90,21.62,98.26,57.07,49.75,39.35
594.24,35.21,21.32,22.94,21.62,98.64,56.92,49.75,39.35
594.25,35.21,21.35,22.94,21.62,98.64,57.07,49.75,39.35
594.26,35.21,21.35,22.94,21.62,98.64,56.92,49.87,39.35
594.27,35.21,21.32,22.90,21.62,98.64,57.07,49.75,39.35
594.28,35.15,21.32,22.94,21.62,98.64,56.92,49.75,39.35
594.29,35.28,21.32,22.90,21.62,98.64,57.07,49.75,39.35
594.30,35.28,21.35,22.94,21.62,98.64,57.07,49.75,39.35
594.31,35.21,21.32,22.90,21.62,98.64,56.92,49.75,39.35
594.32,35.21,21.32,22.94,21.62,98.64,56.92,49.75,39.35
594.33,35.15,21.32,22.90,21.62,98.64,57.07,49.75,39.35
594.34,35.21,21.32,22.94,21.62,98.64,57.07,49.75,39.35
594.35,35.21,21.32,22.94,21.62,98.64,57.07,49.75,39.35
594.36,35.28,21.32,22.94,21.62,98.64,56.92,49.75,39.35
594.37,35.15,21.32,22.90,21.62,98.64,57.07,49.75,39.35
594.38,35.21,21.32,22.90,21.62,99.02,57.07,49.75,39.35
594.39,35.28,21.32,22.94,21.62,98.26,56.92,49.75,39.27
594.40,35.21,21.32,22.94,21.62,99.02,57.07,49.87,39.43
594.41,35.28,21.32,22.94,21.62,98.64,57.07,49.87,39.35
594.42,35.15,21.32,22.90,21.62,98.64,57.07,49.64,39.35
594.43,35.21,21.32,22.90,21.62,98.64,56.92,49.75,39.35
594.44,35.21,21.32,22.94,21.62,98.64,57.07,49.75,39.35
594.45,35.34,21.35,22.94,21.62,98.64,57.07,49.75,39.35
594.46,35.21,21.32,22.94,21.62,98.64,56.92,49.75,39.35
594.47,35.21,21.32,22.90,21.62,98.64,56.92,49.75,39.35
594.48,35.21,21.32,22.90,21.62,98.64,56.92,49.75,39.35
594.49,35.28,21.32,22.94,21.62,98.64,57.07,49.75,39.27
594.50,35.28,21.32,22.94,21.62,98.64,56.92,49.87,39.35
594.51,35.28,21.32,22.90,21.62,98.64,57.07,49.75,39.35
594.52,35.21,21.32,22.90,21.62,98.64,56.92,49.75,39.35
594.53,35.21,21.32,22.94,21.62,98.64,56.92,49.75,39.35
594.54,35.28,21.32,22.94,21.62,98.64,56.92,49.75,39.35
594.55,35.28,21.32,22.94,21.62,98.64,57.07,49.75,39.35
594.56,35.28,21.32,22.94,21.65,98.64,57.07,49.75,39.35
594.57,35.21,21.32,22.94,21.62,98.64,56.92,49.75,39.35
594.58,35.15,21.32,22.90,21.62,98.64,57.21,49.75,39.27
594.59,35.28,21.32,22.94,21.62,98.64,57.07,49.75,39.35
594.60,35.21,21.32,22.94,21.58,98.64,57.07,49.75,39.35
594.61,35.21,21.32,22.94,21.62,98.64,57.07,49.75,39.35
594.62,35.15,21.32,22.94,21.62,98.64,57.07,49.75,39.35
594.63,35.15,21.32,22.94,21.62,98.64,56.92,49.75,39.35
594.64,35.21,21.32,22.94,21.62,98.64,56.92,49.75,39.35
594.65,35.21,21.35,22.94,21.62,98.64,56.92,49.75,39.35
594.66,35.21,21.32,22.94,21.62,98.64,57.07,49.75,39.27
594.67,35.21,21.32,22.94,21.62,98.64,56.92,49.75,39.35
594.68,35.28,21.32,22.90,21.65,98.64,56.92,49.52,39.35
594.69,35.21,21.32,22.94,21.62,98.64,56.92,49.75,39.35
594.70,35.21,21.32,22.94,21.62,98.64,56.92,49.75,39.35
594.71,35.28,21.32,22.94,21.62,98.64,57.07,49.75,39.35
594.72,35.21,21.32,22.94,21.62,98.64,56.92,49.75,39.35
594.73,35.28,21.32,22.94,21.62,98.26,56.92,49.75,39.35
594.74,35.28,21.32,22.94,21.62,98.64,57.07,49.75,39.35
594.75,35.28,21.32,22.94,21.62,98.64,56.92,49.75,39.35
594.76,35.21,21.32,22.94,21.62,98.64,57.07,49.75,39.35
594.77,35.28,21.29,22.94,21.62,98.64,56.92,49.75,39.35
594.78,35.15,21.32,22.94,21.62,98.64,56.92,49.75,39.35
594.79,35.21,21.32,22.94,21.62,98.64,57.07,49.75,39.35
594.80,35.28,21.35,22.94,21.62,98.64,57.07,49.75,39.35
594.81,35.21,21.32,22.94,21.62,98.64,57.07,49.75,39.35
594.82,35.15,21.32,22.94,21.62,98.64,57.07,49.75,39.35
594.83,35.21,21.32,22.94,21.62,98.64,57.07,49.75,39.35
594.84,35.21,21.32,22.94,21.62,98.64,57.07,49.75,39.35
594.85,35.21,21.35,22.94,21.62,98.64,57.07,49.75,39.35
594.86,35.21,21.32,22.94,21.62,98.26,57.07,49.64,39.35
594.87,35.28,21.32,22.90,21.62,98.64,56.92,49.75,39.35
594.88,35.21,21.32,22.94,21.62,98.64,56.92,49.75,39.27
594.89,35.21,21.32,22.94,21.62,98.64,57.07,49.75,39.35
594.90,35.21,21.35,22.94,21.62,98.64,57.07,49.75,39.35
594.91,35.21,21.32,22.94,21.62,98.64,57.07,49.75,39.35
594.92,35.28,21.32,22.90,21.62,98.64,57.07,49.75,39.35
594.93,35.21,21.32,22.94,21.62,98.64,57.07,49.75,39.35
594.94,35.21,21.35,22.94,21.62,99.02,57.07,49.75,39.35
594.95,35.21,21.32,22.94,21.62,98.64,56.92,49.75,39.35
594.96,35.21,21.32,22.94,21.62,98.64,57.07,49.75,39.35
594.97,35.15,21.32,22.94,21.62,98.64,57.07,49.75,39.35
594.98,35.21,21.32,22.94,21.62,98.64,57.07,49.75,39.35
594.99,35.28,21.35,22.94,21.62,98.64,56.92,49.87,39.35
595.00,35.28,21.35,22.94,21.62,98.64,57.07,49.75,39.35
595.01,35.21,21.32,22.94,21.65,98.64,56.92,49.75,39.35
595.02,35.28,21.32,22.94,21.62,98.64,57.07,49.75,39.35
595.03,35.28,21.32,22.94,21.58,98.64,56.92,49.75,39.35
595.04,35.28,21.32,22.94,21.62,98.64,56.92,49.75,39.35
595.05,35.34,21.35,22.94,21.65,98.64,57.07,49.75,39.35
595.06,35.21,21.32,22.94,21.62,98.64,57.07,49.75,39.35
595.07,35.21,21.32,22.94,21.62,98.64,57.07,49.64,39.35
595.08,35.21,21.32,22.94,21.62,98.64,57.07,49.75,39.35
595.09,35.28,21.35,22.94,21.62,98.64,57.07,49.75,39.35
595.10,35.21,21.35,22.94,21.62,98.64,57.07,49.75,39.35
595.11,35.28,21.35,22.94,21.62,98.64,57.07,49.87,39.35
595.12,35.28,21.32,22.94,21.62,98.64,57.07,49.75,39.35
595.13,35.21,21.32,22.94,21.62,98.64,57.07,49.75,39.35
595.14,35.28,21.35,22.94,21.58,98.64,57.07,49.75,39.35
595.15,35.28,21.35,22.94,21.62,98.64,56.92,49.75,39.35
595.16,35.21,21.32,22.94,21.62,98.64,57.07,49.75,39.35
595.17,35.21,21.32,22.94,21.62,98.64,56.92,49.75,39.35
595.18,35.28,21.32,22.94,21.62,98.64,56.92,49.75,39.43
595.19,35.28,21.32,22.94,21.62,98.64,57.07,49.75,39.35
595.20,35.28,21.35,22.97,21.58,98.64,57.07,49.75,39.35
595.21,35.28,21.35,22.94,21.62,98.64,57.07,49.75,39.43
595.22,35.28,21.35,22.94,21.62,98.64,57.07,49.87,39.35
595.23,35.21,21.35,22.94,21.62,98.64,57.07,49.75,39.35
595.24,35.21,21.35,22.94,21.62,98.64,57.07,49.75,39.35
595.25,35.21,21.35,22.94,21.62,98.64,57.07,49.75,39.35
595.26,35.21,21.32,22.94,21.62,98.64,57.07,49.75,39.27
595.27,35.21,21.32,22.94,21.62,98.64,57.07,49.75,39.35
595.28,35.21,21.35,22.94,21.62,98.64,57.07,49.75,39.43
595.29,35.21,21.32,22.94,21.62,98.64,57.07,49.75,39.35
595.30,35.28,21.38,22.94,21.62,98.64,57.07,49.75,39.35
595.31,35.21,21.32,22.94,21.62,98.64,57.07,49.75,39.35
595.32,35.28,21.29,22.94,21.62,98.64,57.07,49.75,39.35
595.33,35.28,21.32,22.94,21.62,98.64,57.07,49.75,39.35
595.34,35.28,21.35,22.94,21.62,98.64,57.07,49.87,39.43
595.35,35.28,21.35,22.94,21.62,98.64,57.07,49.87,39.35
595.36,35.28,21.35,22.94,21.62,98.64,57.07,49.75,39.43
595.37,35.21,21.32,22.94,21.62,98.64,56.92,49.75,39.35
595.38,35.21,21.32,22.94,21.62,98.64,57.07,49.75,39.35
595.39,35.21,21.35,22.94,21.62,98.64,56.78,49.75,39.35
595.40,35.34,21.35,22.94,21.62,98.64,57.21,49.87,39.35
595.41,35.28,21.35,22.94,21.62,98.64,57.07,49.75,39.27
595.42,35.21,21.35,22.94,21.62,98.64,56.92,49.75,39.27
595.43,35.28,21.35,22.94,21.62,98.64,57.21,49.75,39.35
595.44,35.21,21.32,22.94,21.62,98.64,56.92,49.75,39.35
595.45,35.34,21.35,22.94,21.62,98.64,57.07,49.75,39.35
595.46,35.21,21.35,22.94,21.62,98.64,57.07,49.75,39.35
595.47,35.21,21.32,22.94,21.62,98.64,57.07,49.87,39.35
595.48,35.21,21.32,22.94,21.62,98.64,57.07,49.75,39.35
595.49,35.21,21.35,22.94,21.62,98.64,57.07,49.75,39.35
595.50,35.28,21.35,22.94,21.65,98.64,57.07,49.75,39.35
595.51,35.34,21.35,22.94,21.62,98.64,57.07,49.75,39.35
595.52,35.21,21.32,22.94,21.58,98.64,57.07,49.75,39.35
595.53,35.21,21.32,22.94,21.62,98.64,57.07,49.75,39.35
595.54,35.28,21.35,22.94,21.62,98.64,57.07,49.75,39.35
595.55,35.34,21.35,22.97,21.62,98.64,57.07,49.87,39.35
595.56,35.28,21.35,22.94,21.62,98.64,57.07,49.75,39.35
595.57,35.28,21.32,22.94,21.62,98.64,57.07,49.75,39.35
595.58,35.21,21.35,22.94,21.62,98.64,57.07,49.75,39.35
595.59,35.28,21.35,22.94,21.62,98.64,57.21,49.75,39.35
595.60,35.28,21.35,22.94,21.62,98.64,57.07,49.75,39.35
595.61,35.21,21.32,22.94,21.62,98.26,57.07,49.75,39.35
595.62,35.28,21.32,22.94,21.62,98.64,57.07,49.75,39.35
595.63,35.21,21.32,22.94,21.62,99.02,56.92,49.87,39.35
595.64,35.21,21.35,22.94,21.62,98.26,56.92,49.75,39.35
595.65,35.28,21.35,22.97,21.62,99.02,57.07,49.87,39.35
595.66,35.21,21.35,22.94,21.62,98.64,57.07,49.75,39.35
595.67,35.28,21.35,22.94,21.62,98.64,57.07,49.64,39.35
595.68,35.21,21.32,22.94,21.62,98.64,57.21,49.87,39.35
595.69,35.28,21.35,22.94,21.62,98.64,57.07,49.75,39.35
595.70,35.28,21.35,22.94,21.62,98.64,57.07,49.75,39.35
595.71,35.28,21.35,22.94,21.62,98.64,57.07,49.75,39.43
595.72,35.28,21.32,22.94,21.62,98.64,57.07,49.75,39.35
595.73,35.21,21.35,22.94,21.62,98.64,56.92,49.87,39.43
595.74,35.28,21.35,22.94,21.62,98.64,56.92,49.75,39.35
595.75,35.28,21.35,22.97,21.62,98.64,56.92,49.75,39.35
595.76,35.28,21.35,22.94,21.62,98.64,57.07,49.75,39.35
595.77,35.28,21.35,22.94,21.62,98.64,57.07,49.75,39.43
595.78,35.21,21.32,22.94,21.62,98.64,57.07,49.75,39.35
595.79,35.28,21.35,22.94,21.62,98.64,57.07,49.75,39.35
595.80,35.28,21.35,22.94,21.62,98.64,57.07,49.75,39.35
595.81,35.28,21.35,22.94,21.62,98.64,57.07,49.75,39.35
595.82,35.28,21.35,22.94,21.62,98.64,57.07,49.75,39.35
595.83,35.28,21.32,22.94,21.62,98.64,57.07,49.75,39.35
595.84,35.21,21.38,22.97,21.65,98.64,57.07,49.75,39.43
595.85,35.28,21.35,22.97,21.62,98.64,57.07,49.75,39.35
595.86,35.21,21.35,22.94,21.62,98.64,57.07,49.87,39.35
595.87,35.28,21.32,22.94,21.62,98.64,57.07,49.75,39.35
595.88,35.21,21.35,22.94,21.62,98.64,57.07,49.75,39.35
595.89,35.21,21.35,22.94,21.62,98.64,57.07,49.87,39.27
595.90,35.34,21.35,22.97,21.62,98.64,56.92,49.87,39.35
595.91,35.28,21.35,22.94,21.62,98.64,57.07,49.75,39.35
595.92,35.28,21.35,22.94,21.62,98.64,57.07,49.75,39.35
595.93,35.21,21.32,22.94,21.62,99.02,57.07,49.75,39.35
595.94,35.28,21.35,22.94,21.62,98.64,57.07,49.87,39.35
595.95,35.34,21.35,22.97,21.62,98.64,57.07,49.75,39.35
595.96,35.28,21.35,22.94,21.62,98.64,57.07,49.75,39.35
595.97,35.28,21.35,22.94,21.62,98.64,57.07,49.75,39.35
595.98,35.28,21.35,22.94,21.62,98.64,57.07,49.75,39.35
595.99,35.21,21.35,22.94,21.62,98.64,57.07,49.75,39.35
596.00,35.28,21.35,22.94,21.62,98.64,57.07,49.75,39.35
596.01,35.21,21.35,22.97,21.62,98.64,57.07,49.87,39.35
596.02,35.21,21.35,22.94,21.62,98.64,57.07,49.75,39.35
596.03,35.28,21.32,22.94,21.62,98.64,57.07,49.87,39.35
596.04,35.21,21.35,22.94,21.65,98.64,57.21,49.75,39.35
596.05,35.28,21.35,22.97,21.62,98.64,57.07,49.87,39.35
596.06,35.28,21.35,22.94,21.62,98.64,56.92,49.75,39.35
596.07,35.21,21.35,22.97,21.62,98.64,57.07,49.75,39.35
596.08,35.21,21.35,22.94,21.62,98.64,56.92,49.75,39.43
596.09,35.21,21.35,22.94,21.62,98.64,57.07,49.75,39.35
596.10,35.28,21.35,22.97,21.62,98.64,57.07,49.75,39.35
596.11,35.28,21.35,22.94,21.62,98.64,57.07,49.75,39.35
596.12,35.28,21.35,22.94,21.62,98.64,57.07,49.75,39.35
596.13,35.21,21.35,22.94,21.62,98.64,57.07,49.75,39.35
596.14,35.21,21.35,22.97,21.62,99.02,57.07,49.75,39.35
596.15,35.28,21.35,22.97,21.62,98.64,57.07,49.75,39.35
596.16,35.28,21.35,22.97,21.62,98.64,57.07,49.87,39.35
596.17,35.28,21.32,22.94,21.62,98.64,57.07,49.75,39.43
596.18,35.28,21.35,22.94,21.62,98.64,57.07,49.75,39.35
596.19,35.28,21.35,22.97,21.62,98.64,57.07,49.87,39.35
596.20,35.34,21.35,22.97,21.62,98.64,57.07,49.75,39.43
596.21,35.28,21.35,22.97,21.62,98.64,57.07,49.75,39.35
596.22,35.28,21.32,22.94,21.62,98.64,56.92,49.75,39.35
596.23,35.28,21.35,22.94,21.62,98.64,57.07,49.75,39.35
596.24,35.34,21.35,22.97,21.62,98.64,57.07,49.87,39.43
596.25,35.28,21.35,22.97,21.62,98.64,57.07,49.75,39.35
596.26,35.21,21.35,22.94,21.62,98.64,57.07,49.75,39.43
596.27,35.28,21.32,22.94,21.62,98.64,57.07,49.75,39.35
596.28,35.21,21.35,22.94,21.62,98.64,57.07,49.75,39.35
596.29,35.21,21.35,22.97,21.62,99.02,57.07,49.75,39.35
596.30,35.28,21.35,22.94,21.62,98.64,57.07,49.87,39.35
596.31,35.28,21.35,22.94,21.62,98.64,57.07,49.87,39.35
596.32,35.21,21.32,22.94,21.62,98.64,57.07,49.75,39.35
596.33,35.21,21.32,22.94,21.65,98.64,57.07,49.75,39.43
596.34,35.28,21.35,22.94,21.62,98.64,57.21,49.75,39.35
596.35,35.28,21.35,22.94,21.62,98.64,57.07,49.87,39.35
596.36,35.21,21.35,22.97,21.62,98.64,57.07,49.75,39.35
596.37,35.21,21.35,22.94,21.62,98.64,56.92,49.75,39.35
596.38,35.21,21.35,22.94,21.62,98.64,57.07,49.75,39.35
596.39,35.21,21.35,22.94,21.62,98.64,57.07,49.75,39.43
596.40,35.28,21.35,22.97,21.62,98.64,57.07,49.75,39.43
596.41,35.21,21.35,22.94,21.62,98.64,57.07,49.87,39.35
596.42,35.21,21.35,22.94,21.62,98.64,57.07,49.75,39.35
596.43,35.21,21.32,22.94,21.62,98.64,56.92,49.75,39.35
596.44,35.21,21.35,22.94,21.62,98.64,57.07,49.75,39.35
596.45,35.28,21.35,22.97,21.62,98.64,57.07,49.75,39.35
596.46,35.28,21.35,22.94,21.62,98.64,57.07,49.75,39.35
596.47,35.28,21.35,22.94,21.62,98.64,57.07,49.75,39.35
596.48,35.21,21.32,22.94,21.62,98.64,57.07,49.75,39.35
596.49,35.21,21.35,22.94,21.62,98.64,57.07,49.87,39.35
596.50,35.34,21.35,22.94,21.62,98.64,57.07,49.75,39.43
596.51,35.34,21.35,22.94,21.65,98.64,57.07,49.75,39.35
596.52,35.21,21.35,22.94,21.62,98.64,56.92,49.75,39.35
596.53,35.34,21.32,22.94,21.62,98.64,57.07,49.75,39.35
596.54,35.21,21.32,22.94,21.62,98.64,57.07,49.75,39.35
596.55,35.21,21.35,22.97,21.65,98.64,57.07,49.75,39.35
596.56,35.28,21.32,22.94,21.62,98.64,57.07,49.87,39.35
596.57,35.21,21.32,22.94,21.65,98.64,56.92,49.75,39.43
596.58,35.34,21.32,22.94,21.62,98.64,56.92,49.75,39.35
596.59,35.21,21.35,22.94,21.62,98.64,57.21,49.75,39.35
596.60,35.21,21.35,22.97,21.62,98.64,56.92,49.75,39.43
596.61,35.28,21.35,22.94,21.62,98.64,57.07,49.75,39.35
596.62,35.28,21.32,22.94,21.62,98.64,56.92,49.75,39.35
596.63,35.28,21.35,22.94,21.62,98.64,57.07,49.75,39.43
596.64,35.34,21.35,22.94,21.62,98.64,56.92,49.75,39.35
596.65,35.21,21.35,22.97,21.62,98.64,57.21,49.75,39.43
596.66,35.28,21.35,22.94,21.62,98.64,57.07,49.75,39.35
596.67,35.21,21.32,22.94,21.62,98.64,57.07,49.75,39.27
596.68,35.21,21.32,22.94,21.62,98.64,57.07,49.75,39.35
596.69,35.21,21.35,22.94,21.62,98.64,57.07,49.75,39.35
596.70,35.21,21.32,22.94,21.62,98.64,57.07,49.75,39.35
596.71,35.21,21.32,22.94,21.62,98.64,56.92,49.87,39.35
596.72,35.21,21.32,22.94,21.62,98.64,57.07,49.75,39.35
596.73,35.21,21.32,22.94,21.62,98.64,57.07,49.75,39.35
596.74,35.28,21.32,22.94,21.62,98.64,57.07,49.75,39.35
596.75,35.21,21.35,22.94,21.62,98.64,56.92,49.75,39.35
596.76,35.28,21.32,22.94,21.62,98.64,57.07,49.75,39.35
596.77,35.28,21.32,22.90,21.62,98.64,57.07,49.75,39.35
596.78,35.28,21.32,22.94,21.62,98.64,57.07,49.64,39.35
596.79,35.34,21.35,22.94,21.62,98.64,57.07,49.75,39.35
596.80,35.21,21.35,22.97,21.62,98.64,56.92,49.75,39.35
596.81,35.21,21.35,22.90,21.62,98.64,57.07,49.75,39.35
596.82,35.21,21.32,22.94,21.62,98.64,56.92,49.75,39.35
596.83,35.21,21.32,22.94,21.62,98.64,57.07,49.75,39.35
596.84,35.28,21.29,22.94,21.62,98.64,57.07,49.75,39.35
596.85,35.28,21.35,22.94,21.62,98.64,57.07,49.75,39.35
596.86,35.21,21.35,22.94,21.62,98.26,57.07,49.75,39.35
596.87,35.21,21.32,22.94,21.62,98.64,57.07,49.75,39.35
596.88,35.21,21.32,22.94,21.62,99.02,57.07,49.87,39.35
596.89,35.21,21.35,22.97,21.62,98.26,57.07,49.75,39.35
596.90,35.21,21.35,22.94,21.62,99.02,57.07,49.87,39.35
596.91,35.21,21.35,22.94,21.62,98.64,56.92,49.64,39.35
596.92,35.28,21.32,22.94,21.62,98.64,57.07,49.87,39.35
596.93,35.28,21.32,22.94,21.62,98.64,57.07,49.75,39.35
596.94,35.21,21.35,22.94,21.62,98.64,57.07,49.75,39.43
596.95,35.28,21.32,22.94,21.62,98.64,57.07,49.75,39.35
596.96,35.21,21.32,22.94,21.62,98.26,57.07,49.75,39.35
596.97,35.21,21.32,22.94,21.62,98.64,56.92,49.75,39.35
596.98,35.28,21.32,22.94,21.62,98.64,56.92,49.75,39.35
596.99,35.21,21.32,22.94,21.62,98.64,57.07,49.75,39.43
597.00,35.21,21.35,22.94,21.65,98.64,57.07,49.75,39.35
597.01,35.21,21.32,22.94,21.62,98.64,57.07,49.75,39.35
597.02,35.28,21.29,22.90,21.62,98.64,57.07,49.75,39.35
597.03,35.28,21.35,22.94,21.62,98.64,57.07,49.75,39.43
597.04,35.28,21.32,22.94,21.62,98.64,57.07,49.75,39.43
597.05,35.21,21.35,22.94,21.62,98.64,57.07,49.75,39.35
597.06,35.28,21.32,22.94,21.62,98.26,57.07,49.75,39.43
597.07,35.21,21.32,22.94,21.62,98.64,56.92,49.75,39.35
597.08,35.21,21.32,22.94,21.62,98.64,57.07,49.75,39.35
597.09,35.28,21.32,22.94,21.62,98.64,56.92,49.75,39.35
597.10,35.28,21.35,22.94,21.62,98.64,56.92,49.75,39.35
597.11,35.28,21.32,22.94,21.62,98.64,57.07,49.75,39.35
597.12,35.28,21.32,22.94,21.62,98.26,56.92,49.64,39.35
597.13,35.15,21.32,22.90,21.62,98.64,56.92,49.75,39.35
597.14,35.21,21.32,22.94,21.62,98.64,57.07,49.75,39.35
597.15,35.21,21.35,22.94,21.62,98.64,57.07,49.75,39.35
597.16,35.21,21.32,22.94,21.62,98.64,57.07,49.75,39.35
597.17,35.15,21.32,22.94,21.62,98.26,57.07,49.75,39.35
597.18,35.21,21.32,22.90,21.62,98.64,57.07,49.64,39.35
597.19,35.28,21.32,22.94,21.62,98.64,57.07,49.75,39.35
597.20,35.21,21.32,22.94,21.62,98.64,56.92,49.75,39.35
597.21,35.21,21.32,22.94,21.62,98.64,56.92,49.75,39.35
597.22,35.21,21.32,22.90,21.62,98.64,56.92,49.75,39.35
597.23,35.15,21.32,22.90,21.62,98.64,57.07,49.75,39.43
597.24,35.21,21.32,22.94,21.62,98.64,57.07,49.75,39.35
597.25,35.28,21.32,22.94,21.62,98.64,56.92,49.75,39.35
597.26,35.21,21.32,22.94,21.62,98.64,56.92,49.75,39.35
597.27,35.21,21.32,22.90,21.62,98.64,56.92,49.75,39.35
597.28,35.21,21.32,22.90,21.62,98.64,57.07,49.75,39.43
597.29,35.28,21.32,22.94,21.62,98.64,56.92,49.75,39.35
597.30,35.28,21.32,22.94,21.62,98.26,57.07,49.75,39.35
597.31,35.21,21.29,22.90,21.62,98.26,56.92,49.64,39.35
597.32,35.15,21.29,22.90,21.62,98.64,56.92,49.75,39.35
597.33,35.21,21.29,22.90,21.62,98.64,56.92,49.75,39.35
597.34,35.21,21.32,22.94,21.62,98.64,57.07,49.75,39.35
597.35,35.28,21.32,22.90,21.62,98.64,56.92,49.75,39.35
597.36,35.28,21.32,22.90,21.62,98.64,56.92,49.64,39.35
597.37,35.15,21.29,22.90,21.62,98.64,56.92,49.64,39.35
597.38,35.21,21.32,22.90,21.62,98.26,56.92,49.75,39.35
597.39,35.28,21.32,22.90,21.62,98.64,56.92,49.64,39.35
597.40,35.21,21.29,22.94,21.62,98.26,56.92,49.75,39.35
597.41,35.21,21.32,22.90,21.62,98.26,56.92,49.64,39.35
597.42,35.21,21.29,22.90,21.62,98.64,56.78,49.75,39.35
597.43,35.15,21.29,22.90,21.62,98.64,56.92,49.64,39.35
597.44,35.21,21.32,22.90,21.62,98.64,57.07,49.75,39.35
597.45,35.21,21.32,22.94,21.62,98.64,56.92,49.75,39.35
597.46,35.15,21.32,22.90,21.62,98.64,56.92,49.75,39.35
597.47,35.21,21.29,22.90,21.62,98.64,56.92,49.64,39.35
597.48,35.21,21.29,22.90,21.62,98.26,56.92,49.64,39.35
597.49,35.21,21.32,22.90,21.62,98.64,56.92,49.75,39.35
597.50,35.15,21.32,22.90,21.62,98.64,56.92,49.75,39.35
597.51,35.21,21.29,22.90,21.62,98.26,56.92,49.75,39.35
597.52,35.21,21.29,22.90,21.62,98.26,56.92,49.64,39.35
597.53,35.15,21.29,22.90,21.62,98.64,57.07,49.75,39.35
597.54,35.21,21.32,22.90,21.62,98.26,56.92,49.64,39.35
597.55,35.28,21.32,22.90,21.62,98.64,56.92,49.75,39.35
597.56,35.15,21.32,22.90,21.62,98.26,56.92,49.64,39.35
597.57,35.15,21.29,22.90,21.62,98.26,56.92,49.75,39.35
597.58,35.15,21.29,22.90,21.62,98.26,56.92,49.64,39.35
597.59,35.15,21.29,22.94,21.62,98.64,56.92,49.75,39.35
597.60,35.21,21.32,22.90,21.62,98.26,56.92,49.64,39.35
597.61,35.15,21.29,22.90,21.62,98.64,56.92,49.75,39.35
597.62,35.15,21.29,22.90,21.62,98.64,56.92,49.75,39.35
597.63,35.15,21.29,22.90,21.62,98.26,56.92,49.64,39.35
597.64,35.15,21.32,22.90,21.62,98.26,56.92,49.75,39.35
597.65,35.21,21.32,22.90,21.62,98.26,56.92,49.64,39.35
597.66,35.21,21.29,22.90,21.62,98.64,56.92,49.75,39.35
597.67,35.15,21.29,22.90,21.62,98.64,56.92,49.75,39.35
597.68,35.15,21.32,22.94,21.62,98.26,56.92,49.75,39.35
597.69,35.15,21.32,22.90,21.62,98.64,56.92,49.75,39.35
597.70,35.21,21.29,22.94,21.62,98.64,56.92,49.64,39.35
597.71,35.21,21.29,22.90,21.62,98.64,56.92,49.64,39.35
597.72,35.21,21.29,22.87,21.62,98.26,56.92,49.64,39.35
597.73,35.15,21.29,22.90,21.62,98.26,56.92,49.75,39.35
597.74,35.21,21.32,22.90,21.62,98.26,56.92,49.75,39.35
597.75,35.15,21.32,22.90,21.62,98.64,56.92,49.75,39.35
597.76,35.21,21.29,22.90,21.62,98.26,56.92,49.64,39.35
597.77,35.15,21.29,22.90,21.62,98.64,56.92,49.64,39.35
597.78,35.15,21.29,22.90,21.62,98.26,56.92,49.64,39.35
597.79,35.21,21.26,22.90,21.62,98.64,57.07,49.75,39.35
597.80,35.15,21.32,22.90,21.62,98.26,57.07,49.64,39.43
597.81,35.21,21.29,22.90,21.58,98.64,56.92,49.64,39.35
597.82,35.15,21.29,22.90,21.62,98.26,56.92,49.64,39.35
597.83,35.15,21.29,22.90,21.62,98.26,56.92,49.64,39.35
597.84,35.21,21.32,22.90,21.62,98.26,56.92,49.75,39.35
597.85,35.15,21.32,22.90,21.62,98.64,56.92,49.64,39.35
597.86,35.15,21.29,22.90,21.62,98.26,56.92,49.64,39.35
597.87,35.08,21.29,22.87,21.62,98.26,56.92,49.64,39.35
597.88,35.15,21.29,22.87,21.62,98.26,57.07,49.64,39.35
597.89,35.21,21.29,22.90,21.62,98.26,56.78,49.75,39.35
597.90,35.15,21.29,22.90,21.62,98.26,57.07,49.64,39.43
597.91,35.15,21.29,22.90,21.62,98.64,56.78,49.64,39.27
597.92,35.21,21.26,22.87,21.62,98.26,56.92,49.64,39.35
597.93,35.21,21.29,22.90,21.62,98.64,56.92,49.75,39.35
597.94,35.15,21.29,22.90,21.62,98.26,56.92,49.75,39.35
597.95,35.15,21.29,22.90,21.62,98.26,56.92,49.75,39.35
597.96,35.15,21.29,22.87,21.62,98.26,56.92,49.64,39.35
597.97,35.15,21.26,22.87,21.62,98.26,56.78,49.64,39.35
597.98,35.15,21.26,22.87,21.62,98.26,56.92,49.64,39.35
597.99,35.15,21.29,22.90,21.62,98.26,56.92,49.64,39.43
598.00,35.21,21.29,22.90,21.62,98.64,56.92,49.75,39.35
598.01,35.15,21.29,22.87,21.62,98.26,56.92,49.64,39.35
598.02,35.15,21.29,22.87,21.62,98.26,56.92,49.64,39.35
598.03,35.21,21.29,22.90,21.58,98.64,56.92,49.75,39.35
598.04,35.08,21.29,22.90,21.62,98.26,56.92,49.64,39.35
598.05,35.15,21.29,22.90,21.62,98.26,56.78,49.64,39.43
598.06,35.21,21.26,22.87,21.62,98.26,56.92,49.64,39.35
598.07,35.15,21.29,22.87,21.62,98.26,56.92,49.75,39.35
598.08,35.15,21.29,22.90,21.62,98.26,56.92,49.75,39.35
598.09,35.21,21.29,22.87,21.62,98.26,56.92,49.64,39.35
598.10,35.21,21.29,22.90,21.62,98.26,56.92,49.64,39.35
598.11,35.15,21.29,22.87,21.62,98.26,56.92,49.64,39.35
598.12,35.15,21.29,22.90,21.62,98.26,56.78,49.64,39.27
598.13,35.15,21.26,22.87,21.62,98.64,56.92,49.75,39.35
598.14,35.15,21.29,22.90,21.62,97.88,56.78,49.64,39.35
598.15,35.21,21.29,22.90,21.62,98.64,56.92,49.64,39.35
598.16,35.15,21.29,22.87,21.62,98.26,56.92,49.52,39.27
598.17,35.15,21.29,22.87,21.62,98.26,56.92,49.75,39.35
598.18,35.08,21.29,22.87,21.62,98.26,56.92,49.64,39.35
598.22,35.21,21.32,22.90,21.62,98.26,56.92,49.75,39.43
598.23,35.15,21.29,22.90,21.62,98.26,56.92,49.64,39.35
598.24,35.15,21.29,22.87,21.62,98.26,56.92,49.64,39.35
598.25,35.15,21.29,22.87,21.62,98.26,56.92,49.64,39.35
598.26,35.15,21.29,22.90,21.62,98.26,56.92,49.64,39.35
598.27,35.21,21.29,22.90,21.62,98.64,56.92,49.64,39.35
598.29,35.21,21.29,22.90,21.58,98.26,56.92,49.75,39.35
598.30,35.21,21.29,22.90,21.62,98.26,56.92,49.64,39.35
598.31,35.15,21.29,22.87,21.62,98.26,56.92,49.64,39.35
598.32,35.15,21.29,22.87,21.62,98.26,56.92,49.64,39.35
598.33,35.21,21.29,22.90,21.62,98.64,56.92,49.64,39.35
598.34,35.15,21.29,22.87,21.62,98.26,56.92,49.64,39.35
598.35,35.15,21.26,22.87,21.62,98.64,56.78,49.75,39.35
598.36,35.08,21.26,22.87,21.62,98.26,56.78,49.64,39.27
598.37,35.21,21.29,22.87,21.62,98.26,56.92,49.64,39.35
598.38,35.15,21.29,22.90,21.62,98.26,56.92,49.75,39.35
598.39,35.15,21.32,22.90,21.62,98.64,56.92,49.64,39.43
598.40,35.15,21.29,22.87,21.62,98.26,56.92,49.64,39.35
598.41,35.15,21.29,22.87,21.62,98.64,56.92,49.64,39.35
598.42,35.15,21.29,22.87,21.62,98.26,56.92,49.64,39.35
598.43,35.15,21.29,22.87,21.62,98.64,56.92,49.64,39.35
598.44,35.15,21.29,22.90,21.62,98.26,56.78,49.64,39.35
598.45,35.15,21.26,22.87,21.62,98.26,56.92,49.64,39.35
598.46,35.15,21.29,22.87,21.62,98.26,56.92,49.64,39.35
598.47,35.15,21.29,22.87,21.62,98.26,56.92,49.64,39.35
598.48,35.15,21.29,22.90,21.62,98.26,56.92,49.64,39.35
598.49,35.21,21.29,22.87,21.62,98.26,57.07,49.64,39.35
598.50,35.15,21.29,22.87,21.62,98.26,56.92,49.64,39.35
598.51,35.08,21.26,22.87,21.62,98.26,56.92,49.64,39.35
598.52,35.21,21.29,22.87,21.62,98.64,56.92,49.64,39.43
598.53,35.15,21.29,22.87,21.62,98.26,56.92,49.64,39.35
598.54,35.15,21.29,22.87,21.62,98.26,56.92,49.64,39.35
598.55,35.08,21.29,22.87,21.58,98.26,56.92,49.64,39.27
598.56,35.08,21.26,22.87,21.62,98.26,56.92,49.64,39.35
598.57,35.15,21.26,22.87,21.62,98.26,56.92,49.64,39.35
598.58,35.15,21.29,22.87,21.62,98.64,56.92,49.64,39.35
598.59,35.21,21.29,22.87,21.62,98.26,56.92,49.64,39.35
598.60,35.15,21.26,22.87,21.62,98.26,57.07,49.64,39.35
598.61,35.08,21.26,22.87,21.58,98.26,56.78,49.64,39.35
598.62,35.15,21.26,22.87,21.62,98.26,56.92,49.64,39.35
598.63,35.08,21.29,22.87,21.62,98.26,56.92,49.64,39.35
598.64,35.15,21.26,22.87,21.62,98.26,56.92,49.64,39.35
598.65,35.15,21.26,22.87,21.62,98.26,56.92,49.64,39.35
598.66,35.15,21.26,22.87,21.62,98.26,56.78,49.75,39.35
598.67,35.15,21.29,22.87,21.62,98.26,56.92,49.64,39.35
598.68,35.15,21.26,22.87,21.62,98.26,56.92,49.64,39.35
598.69,35.15,21.29,22.87,21.62,98.26,56.92,49.64,39.35
598.70,35.15,21.29,22.87,21.62,98.26,56.92,49.64,39.35
598.71,35.15,21.26,22.87,21.62,98.26,56.92,49.64,39.35
598.72,35.08,21.26,22.87,21.62,98.26,56.78,49.64,39.35
598.73,35.15,21.32,22.87,21.58,98.26,56.92,49.64,39.35
598.74,35.15,21.26,22.87,21.62,98.26,56.92,49.64,39.35
598.75,35.08,21.26,22.87,21.62,98.26,56.92,49.64,39.35
598.76,35.15,21.26,22.83,21.62,98.26,56.78,49.64,39.35
598.77,35.15,21.29,22.87,21.62,98.26,56.92,49.64,39.35
598.78,35.15,21.29,22.87,21.62,98.26,56.92,49.64,39.35
598.79,35.21,21.26,22.87,21.62,98.26,56.78,49.64,39.35
598.80,35.08,21.26,22.87,21.58,98.26,56.92,49.64,39.35
598.81,35.08,21.26,22.87,21.62,98.26,56.78,49.64,39.35
598.82,35.08,21.26,22.87,21.62,98.26,56.78,49.64,39.35
598.83,35.15,21.26,22.87,21.62,98.26,56.92,49.64,39.35
598.84,35.15,21.26,22.87,21.62,98.26,56.92,49.64,39.35
598.85,35.15,21.26,22.87,21.62,98.26,56.92,49.64,39.35
598.86,35.15,21.26,22.87,21.62,98.26,56.78,49.64,39.35
598.87,35.08,21.26,22.87,21.62,98.26,56.78,49.64,39.35
598.88,35.08,21.26,22.87,21.62,98.26,56.78,49.64,39.35
598.89,35.21,21.26,22.87,21.62,98.26,56.92,49.64,39.35
598.90,35.15,21.26,22.83,21.62,98.26,56.92,49.52,39.43
598.91,35.15,21.26,22.83,21.62,98.26,56.78,49.64,39.35
598.92,35.08,21.26,22.87,21.58,98.26,56.92,49.64,39.35
598.93,35.08,21.29,22.87,21.62,98.26,56.92,49.64,39.35
598.94,35.15,21.29,22.87,21.62,98.26,56.92,49.64,39.35
598.95,35.08,21.26,22.87,21.62,98.26,56.92,49.64,39.35
598.96,35.08,21.26,22.87,21.62,98.26,56.92,49.52,39.35
598.97,35.08,21.26,22.87,21.62,98.26,56.78,49.64,39.35
598.98,35.15,21.26,22.87,21.62,98.26,56.78,49.64,39.43
598.99,35.15,21.29,22.87,21.62,98.26,56.78,49.64,39.35
599.00,35.15,21.29,22.87,21.62,98.26,56.78,49.52,39.35
599.01,35.08,21.26,22.83,21.58,98.26,56.78,49.64,39.35
599.02,35.08,21.26,22.87,21.62,98.26,56.92,49.64,39.35
599.03,35.15,21.29,22.87,21.62,98.26,56.92,49.64,39.35
599.04,35.15,21.29,22.87,21.62,98.26,56.92,49.64,39.35
599.05,35.08,21.26,22.87,21.62,98.26,56.78,49.52,39.35
599.06,35.15,21.23,22.87,21.58,98.26,56.78,49.64,39.35
599.07,35.15,21.29,22.87,21.62,98.26,56.78,49.64,39.35
599.08,35.08,21.26,22.87,21.62,98.26,56.92,49.52,39.35
599.09,35.15,21.29,22.87,21.62,98.26,56.92,49.64,39.35
599.10,35.15,21.26,22.87,21.62,98.26,56.92,49.64,39.35
599.11,35.15,21.26,22.83,21.58,98.26,56.92,49.64,39.35
599.12,35.08,21.26,22.87,21.62,98.26,56.78,49.64,39.27
599.13,35.15,21.29,22.87,21.62,98.26,56.92,49.64,39.35
599.14,35.08,21.26,22.87,21.62,98.26,56.92,49.64,39.35
599.15,35.08,21.26,22.83,21.58,98.26,56.92,49.64,39.35
599.16,35.15,21.26,22.83,21.62,97.88,56.78,49.64,39.35
599.17,35.15,21.26,22.87,21.62,98.26,56.92,49.64,39.35
599.18,35.15,21.29,22.87,21.62,98.26,56.78,49.64,39.35
599.19,35.08,21.26,22.87,21.62,98.26,56.92,49.64,39.43
599.20,35.08,21.26,22.83,21.62,98.26,56.78,49.52,39.27
599.21,35.15,21.26,22.87,21.62,98.26,56.78,49.52,39.35
599.22,35.15,21.26,22.87,21.62,98.26,56.92,49.64,39.35
599.23,35.15,21.26,22.87,21.62,98.26,56.92,49.64,39.35
599.24,35.15,21.29,22.87,21.62,98.26,56.92,49.64,39.35
599.25,35.08,21.26,22.87,21.62,98.26,56.78,49.64,39.35
599.26,35.15,21.26,22.87,21.62,98.26,56.78,49.64,39.35
599.27,35.15,21.26,22.83,21.62,98.26,56.78,49.64,39.35
599.28,35.21,21.29,22.83,21.62,98.26,56.92,49.64,39.35
599.29,35.15,21.26,22.87,21.62,98.26,56.92,49.64,39.35
599.30,35.15,21.26,22.83,21.62,98.26,56.78,49.64,39.35
599.31,35.01,21.26,22.83,21.62,98.26,56.78,49.64,39.35
599.32,35.21,21.26,22.87,21.58,98.26,56.78,49.64,39.35
599.33,35.08,21.29,22.83,21.62,98.26,56.92,49.64,39.35
599.34,35.08,21.26,22.87,21.62,98.26,56.92,49.64,39.35
599.35,35.08,21.26,22.83,21.62,98.26,56.78,49.64,39.35
599.36,35.15,21.26,22.87,21.62,97.88,56.92,49.52,39.35
599.37,35.15,21.26,22.83,21.62,98.26,56.78,49.52,39.35
599.38,35.15,21.29,22.87,21.62,98.26,56.92,49.64,39.35
599.39,35.15,21.26,22.87,21.62,98.26,56.78,49.64,39.35
599.40,35.08,21.26,22.83,21.62,97.88,56.92,49.52,39.35
599.41,35.08,21.26,22.83,21.62,98.26,56.78,49.64,39.35
599.42,35.15,21.26,22.87,21.62,98.64,56.92,49.64,39.35
599.43,35.15,21.26,22.87,21.62,97.88,56.78,49.52,39.35
599.44,35.15,21.29,22.87,21.62,98.26,56.78,49.64,39.35
599.45,35.08,21.26,22.87,21.62,98.26,56.78,49.64,39.27
599.46,35.08,21.26,22.83,21.62,98.26,56.92,49.64,39.35
599.47,35.08,21.26,22.83,21.62,98.26,56.92,49.64,39.35
599.48,35.15,21.26,22.87,21.62,98.26,56.92,49.64,39.35
599.49,35.08,21.26,22.87,21.62,98.26,56.78,49.64,39.35
599.50,35.15,21.26,22.83,21.62,98.26,56.92,49.64,39.35
599.51,35.08,21.26,22.83,21.62,98.26,56.92,49.52,39.35
599.52,35.08,21.26,22.83,21.62,98.26,56.92,49.52,39.35
599.53,35.21,21.26,22.87,21.62,98.26,56.78,49.64,39.35
599.54,35.08,21.29,22.87,21.62,98.26,56.78,49.52,39.35
599.55,35.15,21.26,22.87,21.62,98.26,56.78,49.64,39.35
599.56,35.08,21.26,22.87,21.62,98.26,56.92,49.64,39.35
599.57,35.15,21.26,22.83,21.62,98.26,56.78,49.52,39.35
599.58,35.15,21.26,22.87,21.62,98.26,56.92,49.64,39.35
599.59,35.08,21.29,22.87,21.62,98.26,56.92,49.64,39.35
599.60,35.15,21.26,22.87,21.62,98.26,56.78,49.64,39.35
599.61,35.15,21.26,22.83,21.58,98.26,56.78,49.52,39.35
599.62,35.08,21.26,22.83,21.62,98.26,56.92,49.64,39.35
599.63,35.15,21.29,22.87,21.62,98.26,56.92,49.64,39.35
599.64,35.15,21.26,22.87,21.62,98.26,56.92,49.64,39.35
599.65,35.08,21.29,22.83,21.62,98.26,56.92,49.64,39.35
599.66,35.15,21.26,22.83,21.58,98.26,56.92,49.52,39.35
599.67,35.08,21.29,22.83,21.62,98.26,56.78,49.64,39.35
599.68,35.08,21.29,22.87,21.62,98.26,56.92,49.64,39.43
599.69,35.08,21.26,22.87,21.62,98.26,56.78,49.64,39.35
599.70,35.15,21.26,22.87,21.62,98.26,56.78,49.64,39.35
599.71,35.08,21.26,22.83,21.62,98.26,56.92,49.64,39.35
599.72,35.15,21.26,22.83,21.62,98.26,56.92,49.52,39.35
599.73,35.15,21.26,22.87,21.58,98.26,56.78,49.64,39.43
599.74,35.15,21.26,22.87,21.62,98.26,56.92,49.64,39.35
599.75,35.08,21.26,22.83,21.62,98.26,56.78,49.64,39.35
599.76,35.15,21.26,22.83,21.62,98.26,56.78,49.64,39.35
599.77,35.08,21.26,22.83,21.58,98.26,56.92,49.64,39.35
599.78,35.15,21.29,22.87,21.62,98.26,56.78,49.52,39.35
599.79,35.15,21.26,22.87,21.58,98.26,56.92,49.64,39.35
599.80,35.08,21.26,22.87,21.62,98.26,56.92,49.64,39.35
599.81,35.08,21.26,22.83,21.62,98.26,56.78,49.52,39.35
599.82,35.15,21.26,22.83,21.62,98.26,56.78,49.64,39.35
599.83,35.08,21.26,22.87,21.58,98.26,56.78,49.64,39.35
599.84,35.08,21.26,22.87,21.62,98.26,56.92,49.52,39.35
599.85,35.08,21.26,22.87,21.58,97.88,56.78,49.64,39.35
599.86,35.15,21.26,22.83,21.62,98.26,56.92,49.52,39.35
599.87,35.08,21.26,22.83,21.62,98.26,56.92,49.52,39.43
599.88,35.15,21.29,22.87,21.62,98.26,56.92,49.64,39.35
599.89,35.15,21.26,22.87,21.62,98.26,56.78,49.64,39.35
599.90,35.08,21.26,22.87,21.62,98.26,56.78,49.52,39.35
599.91,35.08,21.26,22.83,21.62,98.26,56.92,49.64,39.35
599.92,35.15,21.26,22.83,21.62,98.26,56.92,49.52,39.35
599.93,35.15,21.29,22.87,21.62,98.26,56.92,49.64,39.35
599.94,35.15,21.29,22.87,21.62,98.26,56.92,49.64,39.35
599.95,35.15,21.26,22.83,21.58,98.26,56.92,49.64,39.35
599.96,35.15,21.26,22.83,21.62,98.26,56.92,49.64,39.35
599.97,35.15,21.26,22.83,21.58,98.26,56.92,49.64,39.35
599.98,35.08,21.26,22.87,21.62,98.26,56.92,49.64,39.35
599.99,35.15,21.26,22.87,21.62,98.26,56.78,49.52,39.35