timestamp,tgs2600,tgs2603,tgs2611,tgs2602,micsD,micsH,micsA,temp,humi
0,2.146830761432648,2.3083148717880246,0.1472661852836609,1.4056473612785338,3.2366995096206663,3.238334834575653,2.7117641329765316,28.42206454566262,31.801327534905013
10,2.1469114065170287,2.3082688450813293,0.1472602844238281,1.4056969285011292,3.2129178643226624,3.2139579892158507,2.697729921340942,28.401922636758982,31.78606851300832
20,2.146903932094574,2.308260977268219,0.1472512364387512,1.405828320980072,3.20911967754364,3.2099662542343137,2.696184682846069,28.522774090180818,31.82421606775005
30,2.146831548213959,2.3083160519599915,0.1472390413284301,1.4057925224304195,3.208593714237213,3.209441864490509,2.6958475470542904,28.50263218127718,31.83337148088808
40,2.14693855047226,2.308225178718567,0.1472441554069519,1.405675685405731,3.208425343036652,3.209175145626068,2.6955033302307125,28.48249027237354,31.79522392614633
50,2.1470152616500853,2.308226358890533,0.1472417950630188,1.405528950691223,3.208457601070404,3.2092553973197937,2.695599317550659,28.4623483634699,31.781490806439308
60,2.147003066539764,2.3083007097244264,0.1472614645957946,1.4056111693382265,3.2084788441658016,3.209306538105011,2.6957495927810666,28.50263218127718,31.80895704585336
70,2.1469912648200986,2.3082059025764465,0.147270119190216,1.4056190371513366,3.208513855934143,3.209295523166656,2.6957039594650265,28.44220645456626,31.81506065461204
80,2.147050666809082,2.308263337612152,0.1472488760948181,1.405518329143524,3.208415901660919,3.209222745895385,2.69588531255722,28.48249027237354,31.783016708628978
90,2.1469133734703063,2.3081346988677978,0.1472512364387512,1.4054978728294372,3.2083934783935546,3.209346663951873,2.695833384990692,28.42206454566262,31.7769130998703
100,2.1469582200050352,2.307978129386902,0.147257924079895,1.405541145801544,3.2081944227218626,3.2090099215507504,2.6956126928329467,28.4623483634699,31.805905241474026
110,2.147106528282165,2.308066248893738,0.1472532033920288,1.4055769443511963,3.2082459568977355,3.2091015815734862,2.695851874351501,28.50263218127718,31.784542610818647
120,2.14707545042038,2.308099293708801,0.1472083568572998,1.4055796980857849,3.208261692523956,3.209020543098449,2.6954683184623716,28.4623483634699,31.76928358892195
130,2.146975529193878,2.307947838306427,0.1472323536872863,1.4054081797599791,3.2082884430885312,3.209090960025787,2.6958207964897154,28.50263218127718,31.784542610818647
140,2.1470207691192624,2.3079958319664,0.1471945881843566,1.4054860711097716,3.2082766413688657,3.209040606021881,2.695530080795288,28.50263218127718,31.82116426337072
150,2.1470534205436707,2.308009600639344,0.1472091436386108,1.4054974794387816,3.2081539034843445,3.2090264439582823,2.695853841304779,28.4623483634699,31.781490806439308
160,2.1469963788986206,2.307829821109772,0.1472040295600891,1.4053849697113037,3.208254218101501,3.209178292751312,2.6958947539329525,28.48249027237354,31.83184557869841
170,2.147130525112152,2.3079856038093567,0.1471906542778015,1.4055317044258118,3.208219599723816,3.208987498283386,2.695873117446899,28.44220645456626,31.802853437094683
180,2.1470624685287474,2.307878601551056,0.1472020626068115,1.4053696274757383,3.2081739664077755,3.2090343117713926,2.696067452430725,28.50263218127718,31.760128175783933
190,2.147119116783142,2.307749569416046,0.1471760988235473,1.405337369441986,3.208277428150177,3.2090425729751586,2.696109545230865,28.563057907988096,31.77996490424964
200,2.1470860719680784,2.3078007102012634,0.147191047668457,1.4053354024887084,3.2083077192306515,3.2093171596527097,2.6965521097183225,28.4623483634699,31.781490806439308
210,2.147152554988861,2.3077995300292966,0.1472056031227111,1.4053483843803405,3.2078454852104183,3.2085779786109923,2.6955206394195557,28.50263218127718,31.80895704585336
220,2.1468657732009886,2.3077696323394776,0.1471808195114135,1.4051894545555117,3.2081031560897824,3.209102368354797,2.6960894823074337,28.48249027237354,31.79522392614633
230,2.146569550037384,2.307812511920929,0.147180426120758,1.4053440570831297,3.2081082701683044,3.209021723270416,2.695672488212585,28.44220645456626,31.76623178454261
240,2.1464381575584413,2.3078286409378053,0.1471855401992798,1.4051961421966552,3.208113384246826,3.2088891506195067,2.695954942703247,28.48249027237354,31.79522392614633
250,2.146370494365692,2.3077810406684875,0.147180426120758,1.405244529247284,3.2081668853759764,3.208986711502075,2.696002149581909,28.522774090180818,31.82421606775005
260,2.146282768249512,2.307745635509491,0.1471839666366577,1.4053833961486817,3.208083879947662,3.208982384204864,2.6962267756462097,28.4623483634699,31.81811245899138
270,2.1463280081748963,2.307755076885224,0.1471875071525573,1.4053908705711364,3.208169639110565,3.2090705037117004,2.696173667907715,28.48249027237354,31.85626001373312
280,2.146363413333893,2.307668924331665,0.1471717715263366,1.4052653789520262,3.208159804344177,3.2089812040328978,2.6960678458213803,28.522774090180818,31.799801632715344
290,2.146260344982147,2.3076752185821534,0.1471564292907714,1.4049007058143614,3.2081849813461303,3.208924162387848,2.696050930023193,28.48249027237354,31.746395056076903
300,2.146256804466248,2.3076527953147887,0.1471674442291259,1.4050765514373778,3.2079465866088865,3.2087286472320558,2.695548570156097,28.542915999084457,31.8623636224918
310,2.146383476257324,2.3076980352401733,0.1471607565879821,1.4051001548767088,3.208214485645294,3.2088427305221554,2.695879018306732,28.50263218127718,31.882200350957504
320,2.1463960647583007,2.307712197303772,0.1471721649169921,1.4050863862037657,3.208154690265656,3.208871054649353,2.69610561132431,28.4623483634699,31.90356298161288
330,2.146402359008789,2.3075878858566283,0.1471701979637145,1.4050962209701536,3.208138561248779,3.208780181407928,2.6960473895072936,28.48249027237354,31.953917753871977
340,2.1463929176330567,2.3076390266418456,0.1471540689468383,1.4050891399383545,3.208085453510284,3.2088769555091856,2.696232283115387,28.4623483634699,32.050049591821164
350,2.146416521072388,2.307610702514648,0.1471729516983032,1.4050411462783812,3.208164918422699,3.2090433597564694,2.69649703502655,28.42206454566262,32.14312962539101
360,2.146434223651886,2.307550513744354,0.1471993088722229,1.405082845687866,3.20806303024292,3.2089871048927305,2.6962130069732666,28.44220645456626,32.10803387502861
370,2.146417701244354,2.307563102245331,0.1471867203712463,1.4050261974334717,3.208166491985321,3.208888757228851,2.696306240558624,28.42206454566262,32.130922407873655
380,2.146556568145752,2.3075418591499326,0.1471800327301025,1.4050663232803344,3.208228647708893,3.208987498283386,2.6967775225639343,28.44220645456626,32.20569161516747
390,2.1466246247291565,2.3075233697891235,0.1471631169319152,1.4050081014633178,3.2082601189613342,3.209095680713653,2.697548174858093,28.522774090180818,32.31250476844434
400,2.1466277718544005,2.307410073280334,0.1472122907638549,1.405178439617157,3.2082310080528256,3.2090653896331784,2.697415995597839,28.50263218127718,32.37048905165179
410,2.1465951204299927,2.307406532764434,0.1471713781356811,1.404967975616455,3.2083171606063843,3.2089701890945435,2.6974946737289427,28.60334172579537,32.45593957427329
420,2.146647834777832,2.3074254155159,0.1471760988235473,1.4049660086631774,3.208142101764679,3.2090166091918944,2.69737468957901,28.50263218127718,32.51697566186007
430,2.1466859936714173,2.307183873653412,0.1471725583076477,1.405012035369873,3.208212912082672,3.2089843511581417,2.696975791454315,28.48249027237354,32.6009002822919
440,2.1466163635253905,2.307181906700134,0.1471894741058349,1.4051988959312438,3.208164918422699,3.208921015262604,2.696325123310089,28.542915999084457,32.66803997863737
450,2.146670651435852,2.307155156135559,0.147169017791748,1.4051312327384948,3.2082247138023376,3.2089009523391723,2.6962901115417477,28.44220645456626,32.718394750896465
460,2.1466655373573302,2.3070398926734925,0.147180426120758,1.40502108335495,3.208236122131348,3.2089493393898008,2.6965005755424496,28.50263218127718,32.712291142137786
470,2.146785521507263,2.307017076015472,0.1471572160720825,1.405092680454254,3.2080771923065186,3.2090052008628844,2.6968475461006163,28.563057907988096,32.69550621805142
480,2.146675372123718,2.3068774223327635,0.1471662640571594,1.4050045609474182,3.2081192851066587,3.209050834178925,2.696522212028503,28.50263218127718,32.797741664759286
490,2.146659636497497,2.307018649578094,0.1472036361694335,1.405070650577545,3.20827624797821,3.208978450298309,2.696160292625427,28.522774090180818,32.764171816586554
500,2.146742641925812,2.306847524642944,0.1471965551376342,1.4049585342407225,3.2081063032150268,3.2089383244514464,2.696535587310791,28.522774090180818,32.73975738155184
510,2.146772146224976,2.30675743818283,0.1471827864646911,1.404826748371124,3.208247923851013,3.2089804172515866,2.696803486347198,28.563057907988096,32.73212787060349
520,2.1467308402061462,2.306727540493011,0.1472111105918884,1.4048810362815856,3.208121645450592,3.208985137939453,2.6966968774795532,28.44220645456626,32.73060196841382
530,2.1467843413352967,2.3066221117973327,0.1471930146217346,1.4049191951751707,3.20809292793274,3.2088926911354063,2.697056829929352,28.48249027237354,32.73517967498283
540,2.1467190384864807,2.3066807270050047,0.1471945881843566,1.404877495765686,3.2081098437309263,3.208977663516998,2.697048568725586,28.50263218127718,32.712291142137786
550,2.1467272996902467,2.306494653224945,0.1472000956535339,1.404955780506134,3.2082018971443174,3.209122824668884,2.697069418430328,28.4623483634699,32.70923933775845
560,2.146754837036133,2.306440758705139,0.1471871137619018,1.404826748371124,3.2081031560897824,3.209043753147125,2.6969443202018737,28.48249027237354,32.6863508049134
570,2.146810698509216,2.3063864707946777,0.1471882939338684,1.4048043251037596,3.20813502073288,3.2089658617973327,2.697095775604248,28.44220645456626,32.718394750896465
580,2.1467811942100523,2.3062629461288453,0.1472036361694335,1.4049797773361206,3.208076405525208,3.2088958382606503,2.696918749809265,28.522774090180818,32.678721293965054
590,2.1467571973800657,2.306315660476685,0.1471847534179687,1.4048413038253784,3.2080834865570065,3.2089359641075133,2.69679719209671,28.4623483634699,32.69703212024109
600,2.14678316116333,2.3062519311904905,0.1471882939338684,1.4046945691108703,3.2080677509307858,3.209018576145172,2.69679365158081,28.50263218127718,32.712291142137786
610,2.1468284010887144,2.3060969352722167,0.1472040295600891,1.4048712015151976,3.2083100795745847,3.209135806560516,2.6968821644783016,28.50263218127718,32.651255054551
620,2.14680597782135,2.3060383200645447,0.1471894741058349,1.4049424052238464,3.2081507563591,3.208957207202911,2.696712613105774,28.44220645456626,32.64515144579232
630,2.146811485290528,2.3060261249542235,0.147202455997467,1.404787015914917,3.208161771297455,3.2089422583580016,2.69656548500061,28.50263218127718,32.651255054551
640,2.146823287010193,2.3058376908302307,0.147201669216156,1.4046233654022215,3.208144462108612,3.2089292764663693,2.6965186715126035,28.50263218127718,32.66346227206836
650,2.1467926025390622,2.305831789970398,0.1471863269805908,1.4046780467033386,3.2081578373909,3.2089910387992857,2.6967220544815063,28.44220645456626,32.632944228274965
660,2.1468103051185605,2.3057503581047056,0.1472099304199218,1.404454207420349,3.208111810684204,3.208972942829132,2.696625280380249,28.50263218127718,32.66346227206836
670,2.146861445903778,2.305596542358398,0.1471694111824035,1.404605269432068,3.2081464290618893,3.2089568138122555,2.696669340133667,28.48249027237354,32.637521934843974
680,2.146833121776581,2.3055717587471007,0.1471879005432128,1.4046863079071044,3.208215272426605,3.2090028405189512,2.696585941314697,28.48249027237354,32.637521934843974
690,2.1467760801315308,2.305435252189636,0.1471914410591125,1.40453839302063,3.208079552650452,3.2089733362197874,2.696635115146637,28.542915999084457,32.61921110856794
700,2.146782374382019,2.305319595336914,0.1471678376197815,1.404653263092041,3.208069717884064,3.2088675141334533,2.6967452645301817,28.542915999084457,32.65583276112001
710,2.146765458583832,2.3053329706192014,0.147203242778778,1.4046422481536864,3.208142101764679,3.20903981924057,2.6971115112304687,28.522774090180818,32.6665140764477
720,2.146879935264588,2.305211019515991,0.1471902608871459,1.404667031764984,3.208048868179321,3.208883249759674,2.6969451069831845,28.48249027237354,32.64972915236133
730,2.146764671802521,2.305105984210968,0.1471926212310791,1.4046139240264892,3.208061850070953,3.20888797044754,2.696899080276489,28.4623483634699,32.64820325017166
740,2.146888589859009,2.305152404308319,0.1471839666366577,1.4045714378356933,3.208056342601776,3.20890291929245,2.6970218181610104,28.4623483634699,32.69703212024109
750,2.1469409108161925,2.3049415469169614,0.1471847534179687,1.4045639634132383,3.2082483172416687,3.209037852287292,2.6970269322395324,28.48249027237354,32.674143587396046
760,2.1468771815299985,2.3049214839935304,0.1471890807151794,1.4045155763626098,3.2080878138542173,3.2088427305221554,2.697024571895599,28.4623483634699,32.70923933775845
770,2.146845316886902,2.3048003196716307,0.1471949815750122,1.4045155763626098,3.2080288052558896,3.208803391456604,2.69687705039978,28.48249027237354,32.69855802243076
780,2.14680597782135,2.304709053039551,0.1471859335899352,1.404531705379486,3.208065390586853,3.208839976787567,2.6969411730766293,28.522774090180818,32.7519645990692
790,2.1468032240867614,2.3045969367027284,0.1471953749656677,1.4043263554573058,3.2082081913948057,3.209009528160095,2.697024965286255,28.50263218127718,32.761120012207215
800,2.14682092666626,2.304500162601471,0.1471879005432128,1.404668211936951,3.2081861615180967,3.208975303173065,2.697185468673706,28.42206454566262,32.765697718776224
810,2.146821713447571,2.304519438743591,0.1471843600273132,1.404451847076416,3.208178687095642,3.2090327382087707,2.697082006931305,28.4623483634699,32.74586099031052
820,2.146755623817444,2.3043282508850096,0.1471792459487915,1.4044066071510315,3.208141314983368,3.2088883638381955,2.6969679236412047,28.50263218127718,32.77332722972457
830,2.1468193531036377,2.304107558727264,0.1471855401992798,1.4045206904411316,3.2079941868782043,3.2088824629783628,2.697005295753479,28.4623483634699,32.77027542534523
840,2.146799683570862,2.304174041748047,0.1471969485282898,1.4042504310607908,3.208098828792572,3.2088509917259214,2.6971107244491574,28.48249027237354,32.759594110017545
850,2.146884262561798,2.304069793224335,0.1472004890441894,1.4044758439064025,3.208068537712097,3.208866727352142,2.6971555709838864,28.522774090180818,32.764171816586554
860,2.147021162509918,2.304099297523498,0.147202455997467,1.4044671893119811,3.208153510093689,3.208703863620758,2.69688845872879,28.50263218127718,32.7367055771725
870,2.147016835212708,2.304045796394348,0.1472650051116943,1.4044935464859007,3.2083608269691464,3.20899064540863,2.69746595621109,28.563057907988096,32.73212787060349
880,2.1469908714294434,2.3039824604988097,0.147248089313507,1.404404640197754,3.208395445346832,3.2092140913009644,2.697657537460327,28.563057907988096,32.78095674067292
890,2.146998739242554,2.3038282513618467,0.1472508430480957,1.4044569611549376,3.2084725499153137,3.2092660188674924,2.6979620218276974,28.522774090180818,32.72755016403448
900,2.14704909324646,2.3038715243339536,0.1472705125808715,1.404487645626068,3.208405673503876,3.2091959953308105,2.697921895980835,28.542915999084457,32.70466163118944
910,2.1468708872795106,2.3037499666213987,0.1472571372985839,1.404487645626068,3.2083738088607787,3.209159016609192,2.6979868054389953,28.4623483634699,32.70923933775845
920,2.146960973739624,2.3036362767219543,0.147257924079895,1.40456907749176,3.2083942651748654,3.209181833267212,2.697848331928253,28.48249027237354,32.69855802243076
930,2.146892917156219,2.3035603523254395,0.1472626447677612,1.4044022798538207,3.2084564208984374,3.209194028377533,2.697892391681671,28.4623483634699,32.66041046768902
940,2.1469295024871826,2.3035147190093994,0.1472532033920288,1.4044856786727904,3.2083584666252136,3.209149575233459,2.6980052947998043,28.522774090180818,32.60547798886091
950,2.146963334083557,2.303434860706329,0.1472535967826843,1.4043373703956603,3.208433210849762,3.209232187271118,2.698026931285858,28.563057907988096,32.61005569542992
960,2.146948778629303,2.303372311592102,0.1472650051116943,1.4043507456779478,3.2084115743637085,3.20928293466568,2.698052895069122,28.50263218127718,32.60242618448157
970,2.146938943862915,2.303307795524597,0.1472630381584167,1.4044589281082152,3.208423376083374,3.209205043315887,2.697866427898407,28.50263218127718,32.590218966964215
980,2.146899604797363,2.3031315565109254,0.1472437620162963,1.4044003129005431,3.208371448516845,3.2091932415962217,2.6976536035537717,28.48249027237354,32.552071412222475
990,2.1468909502029416,2.3029804944992063,0.1472414016723632,1.404309046268463,3.2083671212196347,3.2091869473457333,2.6978668212890624,28.50263218127718,32.5658045319295
1000,2.146930682659149,2.302923846244812,0.1472457289695739,1.4043177008628844,3.2083151936531067,3.2091483950614927,2.697886884212494,28.50263218127718,32.51697566186007
1010,2.1469082593917848,2.302843987941742,0.1472339272499084,1.4042169928550718,3.208399379253388,3.209202682971954,2.6979549407958983,28.522774090180818,32.4956130312047
1020,2.146868133544922,2.302770817279816,0.1472535967826843,1.4043243885040282,3.208363580703735,3.209174358844757,2.6979565143585202,28.50263218127718,32.45593957427329
1030,2.1468634128570554,2.302670109272003,0.1472370743751525,1.4043900847434996,3.2083730220794675,3.209196388721466,2.698061943054199,28.4623483634699,32.41626611734188
1040,2.146858298778534,2.3025768756866456,0.1472626447677612,1.4040887475013732,3.2083545327186584,3.20911967754364,2.6981823205947872,28.48249027237354,32.44220645456626
1050,2.146879935264588,2.302534389495849,0.1472500562667846,1.4043019652366635,3.2083911180496214,3.2091306924819945,2.698187828063965,28.4623483634699,32.428473334859234
1060,2.146837055683136,2.30243604183197,0.1472256660461425,1.4043047189712523,3.20835964679718,3.209170424938202,2.6980517148971557,28.48249027237354,32.39337758449683
1070,2.1468291878700256,2.302385687828064,0.1472496628761291,1.4043928384780884,3.208387577533722,3.2092270731925963,2.698098921775818,28.4623483634699,32.39185168230716
1080,2.146774899959564,2.302175223827362,0.1472453355789184,1.4041689991950987,3.2083592534065244,3.2092211723327635,2.6981048226356505,28.522774090180818,32.37354085603113
1090,2.146828007698059,2.3022153496742246,0.1472461223602295,1.4044376850128173,3.2085166096687314,3.209286868572235,2.6983396768569943,28.522774090180818,32.336919203479056
1100,2.1467335939407346,2.3019199132919312,0.1472476959228515,1.4043078660964965,3.208324635028839,3.209216058254242,2.698173666000366,28.50263218127718,32.32166018158236
1110,2.1467084169387816,2.3019423365592955,0.1472453355789184,1.404334223270416,3.2084513068199154,3.2091617703437803,2.6981992363929748,28.44220645456626,32.29114213778897
1120,2.14673044681549,2.3018601179122924,0.1472532033920288,1.40430668592453,3.2083895444869994,3.209148001670837,2.698092234134674,28.48249027237354,32.28351262684062
1130,2.14673398733139,2.301745247840881,0.1472516298294067,1.4041752934455871,3.2083706617355343,3.209198749065399,2.698163831233978,28.542915999084457,32.27740901808194
1140,2.146724545955658,2.3016693234443664,0.1472551703453063,1.4043334364891051,3.20833683013916,3.2091283321380613,2.698164224624634,28.58319981689173,32.26977950713359
1150,2.146698188781738,2.301591432094574,0.1472323536872863,1.404507315158844,3.2084505200386046,3.209262084960937,2.6981453418731687,28.542915999084457,32.24078736552987
1160,2.1466789126396177,2.3015021324157714,0.147247302532196,1.4043133735656737,3.208364760875701,3.2092156648635863,2.6981791734695433,28.50263218127718,32.24841687647822
1170,2.1466619968414307,2.301418733596801,0.1472528100013732,1.4043959856033323,3.2083395838737485,3.209195601940155,2.698289322853088,28.48249027237354,32.21026932173648
1180,2.1467225790023803,2.3012889146804807,0.1472449421882629,1.404565930366516,3.2083804965019223,3.209184193611145,2.698229920864105,28.522774090180818,32.2392614633402
1190,2.146697795391083,2.301198434829712,0.147248089313507,1.404486858844757,3.208434784412384,3.209293556213378,2.6982035636901855,28.50263218127718,32.19958800640879
1200,2.146685206890106,2.3010882854461667,0.1472555637359619,1.4044372916221617,3.208414328098297,3.209226286411285,2.6981705188751217,28.563057907988096,32.23163195239185
1210,2.146708023548126,2.3009765625,0.1472547769546508,1.4042402029037475,3.208465468883514,3.2091936349868773,2.69830230474472,28.4623483634699,32.172121766994735
1220,2.1466505885124207,2.300944697856903,0.1472374677658081,1.4043892979621886,3.208376169204712,3.2092152714729307,2.6983935713768004,28.44220645456626,32.1690699626154
1230,2.146533358097076,2.3008463501930234,0.1472752332687378,1.4044864654541014,3.208386397361755,3.2093242406845093,2.698618197441101,28.522774090180818,32.16601815823606
1240,2.1466096758842466,2.3007928490638734,0.147269332408905,1.404454207420349,3.208364760875701,3.2091853737831117,2.6984171748161314,28.4623483634699,32.18432898451209
1250,2.146525490283966,2.3006063818931577,0.1472571372985839,1.4044368982315063,3.2084343910217283,3.2092479228973385,2.698405373096466,28.50263218127718,32.18738078889143
1260,2.146573483943939,2.300488758087158,0.1472622513771057,1.4042972445487976,3.208433604240417,3.2092349410057066,2.698451793193817,28.48249027237354,32.13702601663233
1270,2.146578204631805,2.3004443049430847,0.1472524166107177,1.4042165994644165,3.208376169204712,3.2092286467552182,2.698542273044586,28.50263218127718,32.089723048752575
1280,2.146510934829712,2.300256264209747,0.1472602844238281,1.4043035387992855,3.2083309292793274,3.209170424938202,2.6983129262924193,28.44220645456626,32.07141222247654
1290,2.146478283405304,2.3001649975776672,0.1472394347190856,1.404274821281433,3.208322668075561,3.2091566562652587,2.6983569860458374,28.50263218127718,32.089723048752575
1300,2.1464656949043275,2.300184667110443,0.1472634315490722,1.4044805645942686,3.2082711338996885,3.2090897798538207,2.6984671354293823,28.563057907988096,32.07293812466621
1310,2.146507394313812,2.300041472911835,0.1472437620162963,1.404277968406677,3.2084788441658016,3.2092628717422484,2.6985403060913082,28.401922636758982,32.05462729839017
1320,2.1463685274124145,2.299829041957856,0.147236680984497,1.4042598724365234,3.208350205421448,3.209192848205566,2.6982165455818174,28.522774090180818,32.0683604180972
1330,2.1464102268218994,2.299864447116852,0.1472382545471191,1.4043676614761351,3.2083978056907654,3.2092270731925963,2.6985257506370544,28.563057907988096,32.06073090714885
1340,2.146355152130127,2.2996618509292603,0.1472315669059753,1.4043023586273191,3.208380889892578,3.2091944217681885,2.6986315727233885,28.44220645456626,32.02258335240711
1350,2.146415734291077,2.299716925621033,0.1472610712051391,1.4044569611549376,3.2084619283676146,3.209290015697479,2.698712611198425,28.50263218127718,32.004272526131075
1360,2.146411406993866,2.299553668498993,0.1472591042518615,1.4044522404670714,3.208387970924377,3.2091932415962217,2.6986787796020506,28.48249027237354,32.002746623941405
1370,2.146424388885498,2.2994085073471067,0.1472677588462829,1.4045313119888303,3.208405673503876,3.2091657042503354,2.6986048221588135,28.542915999084457,32.008850232700084
1380,2.146341383457184,2.2992987513542174,0.1472437620162963,1.4044176220893858,3.208456814289093,3.209269165992737,2.6984797239303586,28.522774090180818,31.970702677958343
1390,2.146370494365692,2.2992775082588195,0.1472563505172729,1.404354679584503,3.2084450125694275,3.2092774271965023,2.6984812974929806,28.542915999084457,31.923399710078584
1400,2.146202516555786,2.2990827798843383,0.1472543835639953,1.4044007062911987,3.208361220359802,3.209181833267212,2.698559582233429,28.48249027237354,31.97833218890669
1410,2.146342957019806,2.299004888534546,0.1472421884536743,1.404361367225647,3.208399772644043,3.2091991424560544,2.698650455474853,28.542915999084457,31.923399710078584
1420,2.14624342918396,2.298830223083496,0.1472516298294067,1.4043837904930114,3.2083187341690063,3.2091291189193725,2.6983597397804258,28.542915999084457,31.911192492561227
1430,2.146250510215759,2.2987798690795898,0.1472535967826843,1.404442012310028,3.208349025249481,3.2091436743736264,2.6986543893814083,28.48249027237354,31.880674448767834
1440,2.146235954761505,2.298713779449463,0.1472583174705505,1.4044888257980346,3.2083022117614743,3.209132659435272,2.698639440536499,28.4623483634699,31.90356298161288
1450,2.146166718006134,2.298563504219055,0.1472213387489318,1.4043900847434996,3.2083919048309326,3.209263658523559,2.698587906360626,28.58319981689173,31.866941329060808
1460,2.14622415304184,2.298414409160614,0.147236680984497,1.4046154975891112,3.208244383335113,3.2091723918914794,2.6984934926033017,28.522774090180818,31.87304493781949
1470,2.1462265133857725,2.2984218835830688,0.1472421884536743,1.4043798565864565,3.2083462715148925,3.2092058300971984,2.698608362674713,28.48249027237354,31.85626001373312
1480,2.1461513757705686,2.298258626461029,0.1472421884536743,1.404520297050476,3.2082884430885312,3.209078764915466,2.6986862540245053,28.50263218127718,31.83337148088808
1490,2.146108889579773,2.2981213331222534,0.1472543835639953,1.4045840263366698,3.208355712890625,3.2092168450355527,2.698714578151703,28.42206454566262,31.81353475242237
1500,2.146113216876984,2.2981252670288086,0.1472787737846374,1.404384970664978,3.208340764045716,3.209171605110168,2.6985674500465393,28.42206454566262,31.825741969939727
1510,2.145986545085907,2.297854220867157,0.1472602844238281,1.4044368982315063,3.2083136200904843,3.2091904878616333,2.6987259864807127,28.563057907988096,31.792172121766995
1520,2.1460774183273315,2.297769641876221,0.1472496628761291,1.4045387864112853,3.208402526378632,3.2091216444969177,2.698644948005676,28.48249027237354,31.783016708628978
1530,2.1460129022598267,2.2976712942123414,0.1472347140312195,1.4046095967292784,3.2083561062812804,3.2091267585754397,2.698633539676666,28.563057907988096,31.81658655680171
1540,2.146038866043091,2.297568619251251,0.1472453355789184,1.404564356803894,3.2083104729652403,3.2091794729232785,2.698644948005676,28.4623483634699,31.76928358892195
1550,2.1460211634635926,2.29744234085083,0.1472516298294067,1.4044837117195128,3.208286082744598,3.2091192841529845,2.698767292499542,28.542915999084457,31.764705882352946
1560,2.146090006828308,2.297493088245392,0.1472339272499084,1.4044357180595397,3.208452880382538,3.209250283241272,2.698781061172485,28.50263218127718,31.747920958266576
1570,2.1459704160690305,2.29736248254776,0.1472602844238281,1.4044597148895264,3.208469796180725,3.2092243194580075,2.698732280731201,28.522774090180818,31.73876554512856
1580,2.1460219502449034,2.297174048423767,0.1472653985023498,1.4046418547630308,3.208374595642089,3.209229433536529,2.698775553703308,28.48249027237354,31.73418783855955
1590,2.145958614349365,2.297081995010376,0.1472355008125305,1.4045777320861816,3.208437931537628,3.209259724617004,2.698726773262024,28.4623483634699,31.720454718852523
1600,2.14601604938507,2.296994268894196,0.1472272396087646,1.404507315158844,3.208326208591461,3.209110236167908,2.6988778352737426,28.50263218127718,31.699092088197148
1610,2.1459157347679136,2.296840453147888,0.1472535967826843,1.4043861508369444,3.208350598812104,3.2092105507850643,2.698723232746124,28.44220645456626,31.668574044403755
1620,2.145880329608917,2.296724009513855,0.1472461223602295,1.4044774174690249,3.2083521723747253,3.209133052825928,2.6988919973373413,28.563057907988096,31.657892729076067
1630,2.1458697080612184,2.2966642141342164,0.1472591042518615,1.4044601082801818,3.208472943305969,3.2092058300971984,2.698917961120605,28.48249027237354,31.660944533455407
1640,2.145870101451873,2.2965222001075745,0.1472449421882629,1.4045734047889709,3.2083116531372067,3.20913108587265,2.698840856552124,28.522774090180818,31.677729457541773
1650,2.145892918109894,2.29646555185318,0.1472834944725036,1.4044703364372253,3.208402919769287,3.2092254996299743,2.698875081539154,28.48249027237354,31.636530098420693
1660,2.145839810371399,2.296294820308685,0.1472669720649719,1.4045926809310911,3.2084115743637085,3.209238874912262,2.6987979769706723,28.4623483634699,31.635004196231023
1670,2.1458075523376463,2.296224796772003,0.1472508430480957,1.4045136094093322,3.2084076404571533,3.209157443046569,2.6988695740699766,28.44220645456626,31.64415960936904
1680,2.145757591724396,2.296163821220398,0.1472394347190856,1.4043597936630248,3.208419442176819,3.2092074036598204,2.6990131616592405,28.50263218127718,31.60143434805829
1690,2.1457485437393187,2.2959777474403382,0.147247302532196,1.4045836329460144,3.208487105369568,3.209264838695526,2.6990198493003845,28.542915999084457,31.64263370717937
1700,2.1457886695861816,2.2958542227745053,0.1472374677658081,1.4047488570213318,3.2083730220794675,3.209181833267212,2.6989769697189328,28.42206454566262,31.56939040207523
1710,2.1457308411598204,2.295748400688171,0.1472712993621826,1.4046446084976196,3.2083919048309326,3.2091999292373656,2.6989171743392943,28.44220645456626,31.57091630426489
1720,2.145661997795105,2.2956618547439573,0.1472284197807312,1.404595828056335,3.20839033126831,3.209243202209473,2.69914219379425,28.563057907988096,31.59685664148928
1730,2.145571517944336,2.295532429218292,0.1472343206405639,1.4044608950614927,3.208393085002899,3.2091806530952454,2.698931336402893,28.4623483634699,31.57396810864424
1740,2.145562469959259,2.295398676395416,0.1472299933433532,1.4046634912490843,3.208360040187836,3.209061062335968,2.6988483309745788,28.50263218127718,31.577019913023577
1750,2.145624232292175,2.295306229591369,0.1472551703453063,1.4047394156455992,3.208437931537628,3.209253430366516,2.6991079688072204,28.50263218127718,31.56481269550622
1760,2.1455856800079345,2.2952523350715635,0.1472547769546508,1.404628479480743,3.208397018909454,3.2092070102691648,2.699089479446411,28.522774090180818,31.531242847333488
1770,2.1455286383628844,2.295102453231812,0.1472583174705505,1.40480078458786,3.208353352546692,3.209245955944061,2.6991075754165648,28.50263218127718,31.540398260471505
1780,2.14551762342453,2.2950166940689085,0.1472390413284301,1.4046272993087767,3.208415114879608,3.2092211723327635,2.6990922331809997,28.4623483634699,31.50072480354009
1790,2.145457828044892,2.2948550105094907,0.1472508430480957,1.4046961426734923,3.2084214091300964,3.2092251062393187,2.6990591883659363,28.4623483634699,31.476310368505377
1800,2.145467269420624,2.294780659675598,0.1472347140312195,1.4048263549804687,3.2084162950515744,3.2091405272483824,2.6990859389305113,28.44220645456626,31.485465781643395
1810,2.1454306840896606,2.2946044206619263,0.1472811341285705,1.404719352722168,3.208391511440277,3.209182226657868,2.698874294757843,28.522774090180818,31.4702067597467
1820,2.1453744292259214,2.294545412063598,0.147248089313507,1.4046332001686097,3.2082420229911803,3.2090819120407104,2.698818826675415,28.522774090180818,31.433585107194627
1830,2.1453378438949584,2.294437229633332,0.1472528100013732,1.4044738769531249,3.208428490161896,3.209304177761078,2.6990981340408324,28.542915999084457,31.471732661936368
1840,2.145399606227875,2.2943302273750303,0.1472476959228515,1.4045025944709777,3.208402919769287,3.2092152714729307,2.6991512417793273,28.44220645456626,31.448844129091324
1850,2.1453543663024903,2.2942185044288634,0.1472476959228515,1.4045639634132383,3.20839033126831,3.2092821478843687,2.699067449569702,28.522774090180818,31.4702067597467
1860,2.145276081562042,2.2940642952919004,0.147258710861206,1.40465247631073,3.2083077192306515,3.2091747522354126,2.6990851521492,28.50263218127718,31.430533302815288
1870,2.145235168933868,2.2939037919044494,0.1472414016723632,1.4044258832931518,3.2083273887634274,3.209178292751312,2.6991276383399962,28.48249027237354,31.46562905317769
1880,2.145264673233032,2.293854224681854,0.1472610712051391,1.4046111702919006,3.2083549261093136,3.209168457984924,2.6991874337196347,28.48249027237354,31.41680018310826
1890,2.145184814929962,2.2937366008758544,0.1472543835639953,1.4046607375144955,3.2083797097206115,3.2092097640037536,2.699098527431488,28.542915999084457,31.42290379186694
1900,2.1452878832817075,2.293707489967346,0.1472516298294067,1.4046111702919006,3.2082892298698424,3.2091582298278807,2.699192154407501,28.48249027237354,31.38017853055619
1910,2.1451340675354005,2.293556034564972,0.1472661852836609,1.404533278942108,3.2083769559860227,3.209235334396362,2.6992499828338623,28.50263218127718,31.40611886778057
1920,2.1450864672660828,2.2934439182281494,0.1472520232200622,1.404729187488556,3.208422195911407,3.2092219591140747,2.6993196129798886,28.50263218127718,31.393911650263217
1930,2.145031785964966,2.29340261220932,0.1472528100013732,1.404679226875305,3.2083978056907654,3.2091723918914794,2.69916855096817,28.44220645456626,31.37560082398718
1940,2.145033359527588,2.293160283565521,0.1472339272499084,1.404568290710449,3.2083380103111265,3.2091346263885496,2.6993416428565977,28.522774090180818,31.360341802090485
1950,2.1450801730155944,2.29305682182312,0.1472457289695739,1.40432950258255,3.2083706617355343,3.2091944217681885,2.699295222759247,28.542915999084457,31.3496604867628
1960,2.1449558615684508,2.2929631948471068,0.1472421884536743,1.4046422481536864,3.208344304561615,3.209177899360657,2.699307811260223,28.50263218127718,31.29625391012436
1970,2.144956648349762,2.2928550124168394,0.1472421884536743,1.4048287153244017,3.2083175539970394,3.209191274642944,2.69935108423233,28.44220645456626,31.32677195391776
1980,2.144942879676819,2.292766892910004,0.1472355008125305,1.4049758434295654,3.2084076404571533,3.209157836437225,2.6991941213607786,28.522774090180818,31.2993057145037
1990,2.1449594020843503,2.292751944065094,0.1472598910331726,1.4047822952270508,3.208419835567474,3.209216058254242,2.699274373054504,28.48249027237354,31.306935225452047
2000,2.144932651519776,2.292563509941101,0.1472752332687378,1.4045175433158874,3.208430457115173,3.209255790710449,2.6992594242095946,28.50263218127718,31.30846112764172
2010,2.144850432872772,2.292410087585449,0.1472315669059753,1.4045769453048704,3.208390724658966,3.209192848205566,2.699185073375702,28.522774090180818,31.323720149538413
2020,2.1449062943458554,2.292323541641235,0.1472323536872863,1.40470951795578,3.208343517780304,3.2091739654541014,2.6992212653160093,28.48249027237354,31.306935225452047
2030,2.1448158144950864,2.292229127883911,0.1472583174705505,1.4048511385917664,3.208362007141113,3.209203469753265,2.6991429805755613,28.50263218127718,31.27183947508965
2040,2.1448287963867188,2.2920788526535034,0.1472614645957946,1.405036425590515,3.2083517789840696,3.209205436706543,2.6991665840148924,28.522774090180818,31.274891279468985
2050,2.1448370575904847,2.292136287689209,0.1472433686256408,1.4048011779785154,3.208305752277374,3.2092097640037536,2.699228739738464,28.42206454566262,31.25200274662394
2060,2.144726121425629,2.2918860912323,0.147246515750885,1.4047421693801878,3.208378136157989,3.2091932415962217,2.699381375312805,28.542915999084457,31.28862439917601
2070,2.14468914270401,2.291745257377624,0.1472571372985839,1.404862153530121,3.208282148838043,3.2091794729232785,2.6993628859519956,28.48249027237354,31.245899137865266
2080,2.1447139263153074,2.2916831016540526,0.1472555637359619,1.4047586917877195,3.208364760875701,3.2091200709342957,2.6992547035217282,28.50263218127718,31.24742504005493
2090,2.14478394985199,2.291582787036896,0.1472539901733398,1.404834222793579,3.208373415470123,3.209266805648804,2.699233067035675,28.50263218127718,31.23521782253757
2100,2.1446022033691405,2.29139986038208,0.1472449421882629,1.4048247814178465,3.2084064602851865,3.2091881275177,2.699211823940277,28.48249027237354,31.221484702830548
2110,2.1445762395858763,2.291316068172455,0.1472598910331726,1.4049699425697326,3.2083804965019223,3.209206616878509,2.6993353486061094,28.48249027237354,31.233691920347905
2120,2.144591975212097,2.2913589477539062,0.147247302532196,1.4048916578292845,3.20823415517807,3.2090606689453125,2.6992790937423705,28.50263218127718,31.186388952468143
2130,2.1445711255073547,2.291212999820709,0.1472606778144836,1.4048755288124084,3.208395838737488,3.209188914299011,2.69928263425827,28.48249027237354,31.17265583276112
2140,2.144588041305542,2.291142976284027,0.1472461223602295,1.4049042463302612,3.208446192741394,3.209192454814911,2.699104428291321,28.623483634699014,31.200122072175173
2150,2.144452714920044,2.29092857837677,0.147246515750885,1.4048125863075256,3.2083757758140563,3.209247529506684,2.6993011236190796,28.50263218127718,31.17418173495079
2160,2.144543194770813,2.2908888459205627,0.1472532033920288,1.404891264438629,3.2082770347595213,3.209122824668884,2.6992554903030395,28.522774090180818,31.17723353933013
2170,2.1444653034210206,2.290820789337158,0.1472425818443298,1.4050155758857723,3.208493793010712,3.2091834068298337,2.6991917610168454,28.563057907988096,31.19401846341649
2180,2.144328796863556,2.290676414966584,0.1472823143005371,1.4048664808273317,3.208457601070404,3.2091763257980346,2.699259030818939,28.48249027237354,31.16044861524376
2190,2.1444157361984253,2.290600490570068,0.1472622513771057,1.404819667339325,3.2083116531372067,3.209178292751312,2.699275553226471,28.4623483634699,31.17112993057145
2200,2.14435476064682,2.29052220582962,0.1472516298294067,1.4046414613723754,3.208386397361755,3.209106695652008,2.699346363544464,28.542915999084457,31.154345006485084
2210,2.144294965267181,2.2903196096420286,0.1472567439079284,1.4046272993087767,3.208480417728424,3.209229826927185,2.699175631999969,28.50263218127718,31.100938429846646
2220,2.144344925880432,2.2902401447296143,0.1472614645957946,1.4049333572387694,3.208378136157989,3.209209370613098,2.699203562736511,28.48249027237354,31.148241397726405
2230,2.1442485451698303,2.2901303887367246,0.1472512364387512,1.4047236800193783,3.2084524869918822,3.2092416286468506,2.6991362929344174,28.522774090180818,31.15281910429541
2240,2.144227695465088,2.2901008844375608,0.1472492694854736,1.405218172073364,3.2084635019302365,3.209245955944061,2.6993640661239624,28.542915999084457,31.142137788967727
2250,2.144180488586425,2.289890027046204,0.1472760200500488,1.4046926021575927,3.2083895444869994,3.2092908024787903,2.699347937107086,28.50263218127718,31.113145647364004
2260,2.1441702604293824,2.289803874492645,0.1472339272499084,1.4051080226898192,3.208385610580444,3.209144854545593,2.699304664134979,28.563057907988096,31.108567940794995
2270,2.14425208568573,2.289827477931976,0.1472744464874267,1.40504390001297,3.208472156524658,3.209274673461914,2.699519848823547,28.50263218127718,31.12535286488136
2280,2.144211959838867,2.2897204756736755,0.1472508430480957,1.4050855994224547,3.208463895320892,3.2093407630920407,2.6993026971817016,28.48249027237354,31.099412527656977
2290,2.14404319524765,2.2895198464393616,0.1472347140312195,1.4050167560577391,3.208427309989929,3.20923376083374,2.6992971897125244,28.58319981689173,31.097886625467307
2300,2.144068372249603,2.2894864082336426,0.1472488760948181,1.4050084948539734,3.2084316372871395,3.2092286467552182,2.699309384822845,28.542915999084457,31.0933089188983
2310,2.144052243232727,2.289318823814392,0.1472394347190856,1.4053354024887084,3.208463895320892,3.2092424154281614,2.6993892431259154,28.48249027237354,31.062790875104906
2320,2.143969237804413,2.289265322685241,0.147246515750885,1.405020296573639,3.208389937877655,3.2092251062393187,2.699195301532745,28.4623483634699,31.0734721904326
2330,2.143945634365082,2.289072954654693,0.1472602844238281,1.4051745057106018,3.208405673503876,3.209200322628021,2.699344003200531,28.522774090180818,31.0429541466392
2340,2.143963730335236,2.289135110378265,0.1472571372985839,1.4051634907722472,3.208470976352692,3.209251070022583,2.699270439147949,28.50263218127718,31.05210955977721
2350,2.1438929200172425,2.2888986825942994,0.1472461223602295,1.4050832390785215,3.208374595642089,3.209278213977813,2.6991787791252135,28.50263218127718,31.03990234225986
2360,2.1438488602638244,2.2888754725456235,0.1472429752349853,1.4051725387573242,3.2084245562553404,3.2092750668525696,2.699376261234283,28.522774090180818,31.0429541466392
2370,2.143800866603851,2.2886905789375303,0.1472535967826843,1.4050053477287292,3.2083462715148925,3.20911967754364,2.6992849946022033,28.563057907988096,31.04753185320821
2380,2.14383430480957,2.288571774959564,0.1472437620162963,1.405161130428314,3.2083171606063843,3.2091586232185363,2.6993294477462766,28.522774090180818,31.0429541466392
2390,2.143736743927002,2.288469099998474,0.1472551703453063,1.4048955917358397,3.208419442176819,3.209200322628021,2.699534797668457,28.563057907988096,31.03532463569085
2400,2.143701732158661,2.2883318066596985,0.1472618579864502,1.4049986600875854,3.208372628688812,3.209170424938202,2.6993853092193603,28.48249027237354,30.989547570000763
2410,2.1436490178108216,2.288225197792053,0.1472508430480957,1.4053531050682069,3.208478057384491,3.209312045574188,2.6993754744529723,28.48249027237354,31.00175478751812
2420,2.143647444248199,2.288264536857605,0.1472685456275939,1.4050710439682006,3.2084178686141964,3.209238874912262,2.6992905020713804,28.563057907988096,31.01091020065613
2430,2.143709993362427,2.2881335377693177,0.1472622513771057,1.4051729321479796,3.2084591746330258,3.2092376947402954,2.6995147347450255,28.563057907988096,31.01091020065613
2440,2.143689930438996,2.2880839705467224,0.1472610712051391,1.4051300525665282,3.208437931537628,3.209284508228302,2.6994356632232663,28.4623483634699,31.012436102845808
2450,2.1434916615486146,2.287918353080749,0.1472583174705505,1.4051288723945616,3.2084214091300964,3.2092530369758605,2.6993467569351193,28.50263218127718,30.99107347219044
2460,2.143428719043732,2.28779718875885,0.1472622513771057,1.405145001411438,3.208438718318939,3.2091739654541014,2.6991874337196347,28.50263218127718,30.96665903715572
2470,2.143521952629089,2.287693333625793,0.1472433686256408,1.4051760792732235,3.2083686947822567,3.209238481521606,2.6993117451667783,28.50263218127718,30.96665903715572
2480,2.143404722213745,2.2875961661338806,0.1472740530967712,1.4052421689033507,3.2083022117614743,3.209210157394409,2.699439990520477,28.623483634699014,30.992599374380102
2490,2.1434991359710693,2.2875277161598206,0.1472752332687378,1.4051906347274778,3.2083828568458554,3.209194028377533,2.699386096000671,28.50263218127718,30.97886625467308
2500,2.1434499621391296,2.287350296974182,0.1472508430480957,1.405347204208374,3.2083494186401365,3.2091763257980346,2.6993451833724973,28.542915999084457,30.934615091172656
2510,2.143390166759491,2.287284994125366,0.1472681522369384,1.4051599502563477,3.2083950519561766,3.209197962284088,2.6993066310882567,28.522774090180818,30.9575036240177
2520,2.143342173099518,2.28720828294754,0.1472642183303833,1.4050757646560668,3.208521330356598,3.2092978835105894,2.6992291331291196,28.48249027237354,30.928511482413978
2530,2.143291425704956,2.287102460861206,0.147259497642517,1.405216598510742,3.208486318588257,3.209356498718261,2.6991288185119626,28.48249027237354,30.94071869993133
2540,2.143174195289612,2.287073349952698,0.1472437620162963,1.404977023601532,3.2083974123001098,3.209229826927185,2.6992432951927183,28.542915999084457,30.910200656137945
2550,2.143156492710113,2.2869553327560426,0.1472535967826843,1.405135953426361,3.208402526378632,3.2091177105903625,2.6992838144302365,28.542915999084457,30.9224078736553
2560,2.14311558008194,2.286708676815033,0.1472551703453063,1.405121397972107,3.208373415470123,3.209205436706543,2.6992027759552,28.563057907988096,30.91325246051728
2570,2.1431018114089966,2.2868078112602235,0.1472516298294067,1.4051489353179931,3.2083804965019223,3.209210157394409,2.6993101716041563,28.542915999084457,30.934615091172656
2580,2.143130922317505,2.286715364456177,0.1472728729248046,1.4051607370376586,3.208320701122284,3.209115743637085,2.6993223667144775,28.522774090180818,30.896467536430915
2590,2.14311912059784,2.2865391254425047,0.1472500562667846,1.4053062915802002,3.208383250236511,3.20919953584671,2.6993833422660827,28.542915999084457,30.885786221103228
2600,2.143103778362274,2.2864372372627257,0.1472638249397277,1.4053295016288756,3.20839387178421,3.2092675924301144,2.699437630176544,28.50263218127718,30.91783016708629
2610,2.1430266737937926,2.286318039894104,0.1472555637359619,1.4053440570831297,3.2084343910217283,3.209288442134857,2.6993778347969055,28.563057907988096,30.888838025482567
2620,2.1430235266685487,2.2863274812698364,0.1472638249397277,1.4053070783615111,3.208270740509033,3.209201109409332,2.6992767333984373,28.542915999084457,30.910200656137945
2630,2.1429420948028564,2.286181926727295,0.1472425818443298,1.4053310751914978,3.2084383249282835,3.2092243194580075,2.6992110371589657,28.50263218127718,30.844586861982147
2640,2.142927145957947,2.286119771003723,0.1472740530967712,1.4053723812103271,3.2084170818328857,3.2091944217681885,2.6991583228111264,28.58319981689173,30.9025711451896
2650,2.142898821830749,2.285932910442352,0.1472512364387512,1.4052315473556518,3.20842809677124,3.2092561841011045,2.699195301532745,28.522774090180818,30.859845883878844
2660,2.142829978466034,2.285913634300232,0.1472583174705505,1.4051863074302673,3.2083981990814205,3.209209370613098,2.6993443965911865,28.50263218127718,30.88120851453422
2670,2.142853581905365,2.2857661128044127,0.1472378611564636,1.405344450473785,3.2084426522254943,3.2092144846916195,2.6993801951408383,28.50263218127718,30.856794079499505
2680,2.1428016543388364,2.285713791847229,0.1472653985023498,1.4051682114601134,3.2084107875823973,3.2092121243476868,2.6994683146476746,28.58319981689173,30.853742275120165
2690,2.142767035961151,2.285626459121704,0.1472602844238281,1.4053534984588625,3.208507168292999,3.209183013439178,2.69938884973526,28.563057907988096,30.864423590447853
2700,2.1426175475120544,2.285495066642761,0.1472382545471191,1.4051394939422606,3.20840528011322,3.209266412258148,2.699363672733307,28.48249027237354,30.855268177309835
2710,2.1426761627197264,2.285436058044433,0.1472488760948181,1.4049148678779602,3.2084308505058288,3.20923730134964,2.6994919180870056,28.522774090180818,30.859845883878844
2720,2.142646265029907,2.2853554129600524,0.1472748398780822,1.4053098320960995,3.208323848247528,3.2091389536857604,2.6992920756340024,28.50263218127718,30.856794079499505
2730,2.142574667930603,2.285271227359772,0.1472724795341491,1.4051969289779662,3.2083486318588257,3.2091487884521483,2.6991425871849057,28.542915999084457,30.8369573510338
2740,2.142470026016236,2.28514770269394,0.1472532033920288,1.4053924441337584,3.208397018909454,3.209286081790924,2.699228739738464,28.4623483634699,30.841535057602808
2750,2.142481434345245,2.284993886947632,0.147257924079895,1.405325174331665,3.208350205421448,3.209200322628021,2.699155569076538,28.542915999084457,30.82475013351644
2760,2.14243186712265,2.285041093826294,0.1472661852836609,1.4054298162460326,3.2084178686141964,3.2091657042503354,2.6992676854133606,28.50263218127718,30.80796520943008
2770,2.142414557933807,2.284857380390167,0.1472433686256408,1.405145788192749,3.2084355711936947,3.209184193611145,2.6991846799850463,28.50263218127718,30.79575799191272
2780,2.1423905611038205,2.2848121404647825,0.1472787737846374,1.405328321456909,3.208314800262451,3.2091153502464294,2.698981690406799,28.522774090180818,30.774395361257344
2790,2.1424236059188844,2.284791684150696,0.1472677588462829,1.4051721453666686,3.208471369743347,3.209222745895385,2.699296796321869,28.50263218127718,30.78355077439536
2800,2.1423374533653257,2.284598135948181,0.147270119190216,1.4053424835205075,3.2083966255187986,3.209208190441132,2.699258244037628,28.522774090180818,30.81101701380941
2810,2.142312669754028,2.284627640247345,0.1472657918930053,1.4054624676704406,3.2084686160087585,3.2092589378356933,2.699323546886444,28.563057907988096,30.803387502861067
2820,2.142315423488617,2.2844899535179137,0.1472779870033264,1.40557222366333,3.2084422588348387,3.209241235256195,2.699389636516571,28.50263218127718,30.771343556878005
2830,2.142198979854584,2.284413242340088,0.1472653985023498,1.405508494377136,3.208476483821869,3.209284901618957,2.699319219589233,28.48249027237354,30.76981765468833
2840,2.142261528968811,2.284288930892944,0.1472661852836609,1.405472695827484,3.2084355711936947,3.2092538237571717,2.69937744140625,28.50263218127718,30.78355077439536
2850,2.142174983024597,2.284248411655426,0.1472760200500488,1.4053873300552366,3.2083037853240963,3.209154689311981,2.6991874337196347,28.522774090180818,30.774395361257344
2860,2.1421462655067445,2.2840784668922423,0.1472571372985839,1.4053090453147887,3.2083738088607787,3.209243595600128,2.6992071032524105,28.60334172579537,30.82017242694744
2870,2.14209748506546,2.2840977430343625,0.147259497642517,1.4052771806716915,3.20841236114502,3.20923022031784,2.699299550056457,28.522774090180818,30.774395361257344
2880,2.142016839981079,2.28396989107132,0.1472697257995605,1.4054317831993102,3.208405673503876,3.209179079532623,2.6992130041122433,28.50263218127718,30.734721904325934
2890,2.1420416235923767,2.283821976184845,0.1472532033920288,1.4055604219436644,3.2083722352981567,3.2091708183288574,2.6992594242095946,28.542915999084457,30.763714045929657
2900,2.1419830083847047,2.2837897181510924,0.1472709059715271,1.4055446863174437,3.208356893062591,3.2091483950614927,2.6992401480674744,28.4623483634699,30.74387731746395
2910,2.1419928431510926,2.2836477041244505,0.1472461223602295,1.405574584007263,3.208403706550598,3.20923730134964,2.6994022250175473,28.44220645456626,30.75303273060197
2920,2.1419251799583434,2.2836591124534604,0.1472720861434936,1.4054817438125609,3.2084587812423706,3.209306931495666,2.699356985092163,28.48249027237354,30.78202487220569
2930,2.1418567299842834,2.283546209335327,0.1472677588462829,1.4053794622421265,3.208377742767334,3.2092628717422484,2.699382948875427,28.48249027237354,30.720988784618907
2940,2.14194484949112,2.283448255062104,0.147281527519226,1.405550193786621,3.208346664905548,3.2091900944709777,2.6994643807411194,28.48249027237354,30.6965743495842
2950,2.1418512225151063,2.2832948327064515,0.1472705125808715,1.4055572748184204,3.208364760875701,3.2091908812522885,2.69947657585144,28.522774090180818,30.74998092622263
2960,2.141780412197113,2.2832381844520566,0.1472535967826843,1.4056509017944334,3.2084686160087585,3.20924516916275,2.6993786215782163,28.50263218127718,30.734721904325934
2970,2.141667115688324,2.283153212070465,0.1472756266593933,1.4054982662200928,3.2084383249282835,3.209206223487854,2.6994014382362366,28.563057907988096,30.766765850309
2980,2.1416950464248656,2.283130395412445,0.1472756266593933,1.405411720275879,3.208299458026886,3.2091696381568906,2.699369180202484,28.522774090180818,30.73777370870528
2990,2.141601026058197,2.2830359816551207,0.1472650051116943,1.4055557012557982,3.208399772644043,3.2092711329460144,2.6995080471038815,28.563057907988096,30.70572976272221
3000,2.1416454792022703,2.282934880256653,0.1472551703453063,1.405493938922882,3.208388757705688,3.20922589302063,2.6993573784828184,28.542915999084457,30.71488517586023
3010,2.1415451645851133,2.282770836353302,0.1472705125808715,1.4055871725082396,3.208290410041809,3.2091696381568906,2.6993782281875607,28.44220645456626,30.74082551308461
3020,2.1415278553962707,2.282801914215088,0.1472689390182495,1.4056001543998715,3.2083584666252136,3.209299063682556,2.6994167804718017,28.4623483634699,30.695048447394523
3030,2.1415026783943176,2.282692551612854,0.1472606778144836,1.405636739730835,3.2084174752235413,3.2092715263366696,2.6994478583335875,28.563057907988096,30.717936980239568
3040,2.14150071144104,2.282564699649811,0.147257924079895,1.405595827102661,3.2083545327186584,3.209177899360657,2.699323546886444,28.522774090180818,30.73777370870528
3050,2.141372466087341,2.2824915289878844,0.1472874283790588,1.4055812716484068,3.208384430408477,3.2092172384262083,2.6993809819221495,28.50263218127718,30.71030746929122
3060,2.14130244255066,2.2824553370475766,0.147279953956604,1.4053641200065612,3.2083840370178223,3.209184980392456,2.699297976493835,28.563057907988096,30.681315327687496
3070,2.141332733631134,2.282361710071564,0.1472768068313598,1.4055848121643066,3.208433210849762,3.209260904788971,2.699258244037628,28.50263218127718,30.71030746929122
3080,2.1413067698478696,2.282206320762634,0.1472646117210388,1.4056103825569153,3.2084080338478085,3.20916885137558,2.6992082834243774,28.48249027237354,30.67215991454948
3090,2.1411887526512143,2.2821205615997315,0.147270119190216,1.4054510593414309,3.208437144756317,3.2092522501945493,2.699198055267334,28.42206454566262,30.70267795834287
3100,2.141152560710907,2.282148492336273,0.1472661852836609,1.405327534675598,3.208292770385742,3.2091499686241147,2.6990768909454346,28.542915999084457,30.67826352330816
3110,2.141141545772552,2.2820886969566345,0.1472768068313598,1.405536818504333,3.208387970924377,3.209253430366516,2.699094593524933,28.522774090180818,30.676737621118487
3120,2.141176950931549,2.2819655656814573,0.1472752332687378,1.405407392978668,3.208402526378632,3.2092168450355527,2.6991174101829527,28.60334172579537,30.698100251773862
3130,2.1411014199256897,2.2819002628326417,0.1472543835639953,1.405584418773651,3.2084717631340025,3.2092628717422484,2.699192154407501,28.542915999084457,30.69047074082552
3140,2.141017627716064,2.281688618659973,0.1472752332687378,1.4054317831993102,3.20839387178421,3.2092538237571717,2.6993172526359555,28.48249027237354,30.65995269703212
3150,2.1410632610321043,2.2817936539649963,0.1472732663154602,1.4056450009346009,3.2084072470664977,3.209198355674744,2.699231493473053,28.542915999084457,30.67826352330816
3160,2.1409424901008607,2.281616628170013,0.1472823143005371,1.405594253540039,3.2083643674850464,3.2092392683029174,2.69936603307724,28.50263218127718,30.63706416418708
3170,2.140908658504486,2.2815194606781004,0.1472669720649719,1.405511248111725,3.2084229826927184,3.209234547615051,2.699331414699554,28.50263218127718,30.673685816739148
3180,2.1408913493156434,2.2815528988838194,0.1472760200500488,1.4054640412330626,3.2083486318588257,3.2092219591140747,2.6992609977722166,28.563057907988096,30.66910811017014
3190,2.1408343076705934,2.281432521343231,0.1472834944725036,1.4056363463401793,3.2084579944610594,3.209269165992737,2.6993491172790525,28.522774090180818,30.66453040360113
3200,2.1407615303993226,2.2813432216644287,0.1472622513771057,1.4055808782577517,3.2083356499671933,3.2092219591140747,2.699204349517822,28.522774090180818,30.640115968566416
3210,2.140726518630981,2.281194519996643,0.1472697257995605,1.4055100679397583,3.2083006381988524,3.209168457984924,2.699255883693695,28.522774090180818,30.640115968566416
3220,2.140713930130005,2.2811457395553587,0.1472492694854736,1.4055840253829954,3.208333683013916,3.2091483950614927,2.6990564346313475,28.50263218127718,30.62485694666972
3230,2.140765857696533,2.2810886979103087,0.1472886085510253,1.4055946469306946,3.208353352546692,3.2091625571250915,2.6989993929862974,28.522774090180818,30.62790875104906
3240,2.140566408634186,2.28097540140152,0.1472606778144836,1.4055914998054504,3.2083722352981567,3.209068536758423,2.6992488026618955,28.522774090180818,30.603494316014345
3250,2.1405459523200987,2.280946290493012,0.1472496628761291,1.4056686043739317,3.208291983604431,3.209144067764282,2.699370753765106,28.44220645456626,30.61875333791104
3260,2.1405904054641725,2.280852663516998,0.1472712993621826,1.4056233644485472,3.208256578445434,3.209160590171814,2.6992751598358153,28.50263218127718,30.62485694666972
3270,2.1405184149742125,2.280845582485199,0.1472768068313598,1.4057626247406003,3.208400166034698,3.2092030763626096,2.6993353486061094,28.522774090180818,30.640115968566416
3280,2.140527069568634,2.280766117572784,0.1472665786743164,1.4057763934135437,3.2083616137504576,3.209249496459961,2.69936249256134,28.522774090180818,30.62790875104906
3290,2.140325653553009,2.2805997133255005,0.1472618579864502,1.4057346940040587,3.2084080338478085,3.209222745895385,2.699414813518524,28.50263218127718,30.612649729152363
3300,2.140509760379792,2.2806079745292664,0.1472827076911926,1.4055914998054504,3.20832896232605,3.209184193611145,2.6991634368896484,28.563057907988096,30.595864805066
3310,2.140447211265564,2.280583584308624,0.1472724795341491,1.4056910276412964,3.208483958244324,3.209262478351593,2.6992027759552,28.50263218127718,30.63706416418708
3320,2.140358698368072,2.2805115938186646,0.1472539901733398,1.4057457089424132,3.208387577533722,3.2092156648635863,2.699218511581421,28.522774090180818,30.62790875104906
3330,2.140295755863189,2.280351483821869,0.1472720861434936,1.405604875087738,3.2083978056907654,3.209284901618957,2.699252343177795,28.542915999084457,30.60502021820401
3340,2.140304410457611,2.280385708808899,0.1472720861434936,1.4059038519859313,3.208398985862732,3.209167671203613,2.6991119027137755,28.48249027237354,30.58670939192798
3350,2.1402158975601195,2.2801795721054074,0.1472614645957946,1.4056615233421326,3.2083919048309326,3.2092380881309506,2.699175631999969,28.522774090180818,30.591287098496988
3360,2.140236747264862,2.280208683013916,0.1472646117210388,1.4056221842765808,3.2084505200386046,3.209322667121887,2.69919136762619,28.542915999084457,30.592813000686657
3370,2.140158462524414,2.280136692523956,0.1472838878631591,1.405734300613403,3.208394658565521,3.209214878082275,2.6992196917533873,28.4623483634699,30.597390707255663
3380,2.140134072303772,2.280106401443481,0.1472846746444702,1.4057138442993162,3.2083742022514343,3.2092188119888303,2.699256670475006,28.563057907988096,30.595864805066
3390,2.140069556236267,2.2798542380332947,0.1472622513771057,1.4056123495101929,3.2084438323974607,3.2093230605125425,2.6993727207183835,28.563057907988096,30.559243152513925
3400,2.1400125145912168,2.279832601547241,0.1472716927528381,1.405865693092346,3.208379316329956,3.209167671203613,2.699497032165527,28.50263218127718,30.60044251163501
3410,2.140027070045471,2.2798192262649537,0.1472736597061157,1.4059109330177306,3.2084162950515744,3.2092380881309506,2.6994722485542297,28.58319981689173,30.609597924773023
3420,2.1399653077125547,2.279727959632873,0.1472760200500488,1.40583815574646,3.208324635028839,3.209125578403473,2.6992613911628722,28.542915999084457,30.568398565651943
3430,2.1398649930953977,2.279572570323944,0.1472811341285705,1.405805504322052,3.208392298221588,3.209197962284088,2.6993294477462766,28.50263218127718,30.58823529411765
3440,2.139848864078522,2.279602861404419,0.1472736597061157,1.4059443712234496,3.2084375381469723,3.20929434299469,2.699315285682678,28.4623483634699,30.54856183718624
3450,2.1398382425308227,2.2796134829521177,0.1472897887229919,1.405950665473938,3.2083978056907654,3.209243202209473,2.69932826757431,28.623483634699014,30.58976119630732
3460,2.1397406816482545,2.279447078704834,0.1472842812538146,1.4058826088905334,3.208449339866638,3.209212911128997,2.699366426467895,28.48249027237354,30.58670939192798
3470,2.139663970470429,2.2793908238410947,0.1472709059715271,1.4059247016906735,3.208361220359802,3.209178686141968,2.699155569076538,28.522774090180818,30.57907988097963
3480,2.139697015285492,2.2793754816055296,0.1472827076911926,1.4057905554771422,3.208295917510986,3.209142887592316,2.699436843395233,28.48249027237354,30.58670939192798
3490,2.1396407604217527,2.279292869567871,0.1472996234893799,1.4059420108795164,3.208397018909454,3.2092266798019407,2.699498605728149,28.542915999084457,30.5806057831693
3500,2.139578211307525,2.279210257530212,0.147279953956604,1.405861759185791,3.208352959156036,3.2091916680336,2.6991992354393,28.48249027237354,30.562294956893265
3510,2.1395553946495056,2.279113483428955,0.147270119190216,1.405699288845062,3.2083706617355343,3.209188914299011,2.6992389678955075,28.50263218127718,30.551613641565577
3520,2.1395970940589906,2.2791107296943665,0.1472665786743164,1.4058460235595702,3.208264446258545,3.2091613769531246,2.699186646938324,28.42206454566262,30.54398413061723
3530,2.139446425437927,2.2789612412452698,0.1472598910331726,1.4058837890625,3.208343124389648,3.209192454814911,2.6993581652641296,28.563057907988096,30.53482871747921
3540,2.139472782611847,2.278983271121979,0.1473295211791992,1.405950665473938,3.208346664905548,3.209154689311981,2.699386096000671,28.4623483634699,30.572976272220952
3550,2.1395074009895323,2.278870368003845,0.1472728729248046,1.4060497999191284,3.208443439006805,3.20926011800766,2.6994478583335875,28.48249027237354,30.574502174410625
3560,2.1394405245780943,2.2788432240486145,0.1473015904426574,1.4060128211975096,3.2084316372871395,3.2091904878616333,2.6994250416755676,28.522774090180818,30.55466544594492
3570,2.1394051194190977,2.278705537319184,0.1472827076911926,1.4062103033065796,3.2084269165992736,3.2092856884002683,2.699302303791046,28.48249027237354,30.5256733043412
3580,2.1393634200096128,2.2786996364593506,0.1472941160202026,1.4060596346855163,3.208293557167053,3.2091680645942686,2.6991079688072204,28.542915999084457,30.568398565651943
3590,2.139262318611145,2.2786555767059324,0.1472677588462829,1.4062559366226195,3.208446586132049,3.209252643585205,2.6992071032524105,28.4623483634699,30.53635461966888
3600,2.139142727851868,2.278609156608581,0.1472689390182495,1.4060376048088072,3.2082628726959226,3.209152328968048,2.699108362197876,28.58319981689173,30.53635461966888
3610,2.1391029953956604,2.2784663558006284,0.1472811341285705,1.405993545055389,3.208446586132049,3.2092837214469907,2.6992106437683105,28.522774090180818,30.54245822842756
3620,2.139103388786316,2.27844078540802,0.1472925424575805,1.4061961412429809,3.2083797097206115,3.2091975688934324,2.6991803526878355,28.48249027237354,30.550087739375908
3630,2.1391309261322022,2.278361713886261,0.147280740737915,1.4062799334526062,3.2084619283676146,3.209201502799988,2.6993432164192197,28.542915999084457,30.531776913099872
3640,2.1390361189842224,2.278267300128937,0.1472823143005371,1.4062496423721311,3.208481991291046,3.2092424154281614,2.69921418428421,28.58319981689173,30.511940184634167
3650,2.1390003204345702,2.2782165527343747,0.1472838878631591,1.4059778094291686,3.2084375381469723,3.209238874912262,2.6992464423179623,28.50263218127718,30.514991989013502
3660,2.1389786839485168,2.2781052231788634,0.1472897887229919,1.4061450004577636,3.208401739597321,3.209170031547546,2.6992440819740295,28.522774090180818,30.5302510109102
3670,2.1389106273651124,2.278044247627258,0.1472591042518615,1.4060399651527404,3.208379316329956,3.209228253364562,2.699135112762451,28.522774090180818,30.57907988097963
3680,2.138888597488404,2.277981698513031,0.1472779870033264,1.40619181394577,3.2082884430885312,3.209163737297058,2.6989919185638427,28.50263218127718,30.527199206530863
3690,2.1388579130172727,2.2780186772346496,0.1473011970520019,1.4060482263565062,3.208429670333862,3.20922235250473,2.6991414070129394,28.542915999084457,30.531776913099872
3700,2.1387308478355407,2.277952194213867,0.1472992300987243,1.406141459941864,3.208406853675842,3.209139347076416,2.699021816253662,28.563057907988096,30.510414282444497
3710,2.138768219947815,2.277856600284576,0.1472905755043029,1.4061225771903991,3.208367908000946,3.209235334396362,2.6990808248519897,28.50263218127718,30.50278477149615
3720,2.13864666223526,2.2778101801872253,0.1472811341285705,1.4062150239944458,3.2084115743637085,3.2092660188674924,2.6992684721946714,28.522774090180818,30.518043793392845
3730,2.13873792886734,2.277795624732971,0.1473019838333129,1.4062134504318236,3.208436357975006,3.209248316287994,2.699001359939575,28.522774090180818,30.505836575875488
3740,2.138606142997741,2.2775977492332458,0.1472823143005371,1.4063149452209471,3.208250677585601,3.2090996146202087,2.6992318868637084,28.58319981689173,30.511940184634167
3750,2.1385959148406983,2.2776241064071656,0.147279953956604,1.4062901616096497,3.208380103111267,3.2091802597045898,2.699047780036926,28.50263218127718,30.50278477149615
3760,2.138518416881561,2.277489173412323,0.1472783803939819,1.4062634110450745,3.2083395838737485,3.209172785282135,2.699007260799408,28.542915999084457,30.50736247806516
3770,2.13844918012619,2.277451407909393,0.1472756266593933,1.4064309954643248,3.208381283283233,3.20924084186554,2.6989993929862974,28.542915999084457,30.50736247806516
3780,2.138368535041809,2.277331817150116,0.1472712993621826,1.4065313100814818,3.2083966255187986,3.209181833267212,2.69907374382019,28.542915999084457,30.4951552605478
3790,2.138354766368866,2.277326309680938,0.1473023772239685,1.406319272518158,3.2083175539970394,3.209160590171814,2.6991760253906247,28.58319981689173,30.48752574959945
3800,2.138307559490204,2.277277135848999,0.1472925424575805,1.4063129782676695,3.2082986712455748,3.209037852287292,2.6989765763282776,28.4623483634699,30.511940184634167
3810,2.138397252559662,2.277302312850952,0.1472618579864502,1.4061308383941649,3.2083934783935546,3.2091932415962217,2.6988628864288327,28.522774090180818,30.493629358358127
3820,2.1382473707199097,2.277218520641327,0.1472897887229919,1.406322419643402,3.208341550827026,3.2092628717422484,2.6990017533302306,28.58319981689173,30.511940184634167
3830,2.138248550891876,2.2771665930747984,0.1472890019416809,1.4062779664993286,3.208356893062591,3.209175145626068,2.6990458130836483,28.563057907988096,30.498207064927136
3840,2.138196623325348,2.277067458629608,0.1472740530967712,1.406227219104767,3.20844737291336,3.2092042565345764,2.6988908171653745,28.522774090180818,30.48142214084077
3850,2.138054609298706,2.2769994020462034,0.1472992300987243,1.4063865423202513,3.208395445346832,3.209229826927185,2.698894357681274,28.48249027237354,30.48905165178912
3860,2.138148236274719,2.27704975605011,0.1472925424575805,1.4063043236732482,3.208387970924377,3.2091314792633057,2.699000573158264,28.48249027237354,30.48905165178912
3870,2.138082540035248,2.2768904328346253,0.1473102450370788,1.4062811136245728,3.2084269165992736,3.209288442134857,2.6988624930381775,28.542915999084457,30.519569695582515
3880,2.137999927997589,2.276891613006592,0.1472937226295471,1.406333041191101,3.2083769559860227,3.2092211723327635,2.698796796798706,28.542915999084457,30.470740825513083
3890,2.137973964214325,2.2767696619033813,0.1472988367080688,1.4063350081443786,3.208405673503876,3.209146428108215,2.6989293694496155,28.58319981689173,30.49973296711681
3900,2.1378901720046994,2.276806640625,0.1473063111305236,1.4065509796142577,3.208362400531769,3.20914249420166,2.698745262622833,28.48249027237354,30.48905165178912
3910,2.137895286083221,2.2767212748527528,0.1473000168800353,1.4063503503799435,3.208337223529816,3.20917671918869,2.698728346824646,28.60334172579537,30.46616311894408
3920,2.137866175174713,2.27670042514801,0.1473019838333129,1.4065883517265318,3.2082876563072205,3.209140133857727,2.698629605770111,28.542915999084457,30.470740825513083
3930,2.137870895862579,2.2766677737236023,0.1472803473472595,1.4065289497375488,3.208344304561615,3.209259724617004,2.698664617538452,28.522774090180818,30.493629358358127
3940,2.137754452228546,2.276521039009094,0.1473004102706909,1.4063625454902648,3.208429276943207,3.2091834068298337,2.6987735867500304,28.48249027237354,30.44022278171969
3950,2.137705278396606,2.2764919281005858,0.1473051309585571,1.406454598903656,3.208344304561615,3.209205043315887,2.69878853559494,28.48249027237354,30.44022278171969
3960,2.137705671787262,2.276405382156372,0.1472893953323364,1.406609988212585,3.2083395838737485,3.209189701080322,2.6988459706306456,28.522774090180818,30.48142214084077
3970,2.137677347660065,2.276318049430848,0.1472901821136474,1.4066052675247191,3.208381676673889,3.209230613708496,2.698911666870117,28.4623483634699,30.48752574959945
3980,2.137585687637329,2.2763314247131348,0.1472937226295471,1.4066206097602842,3.20832542181015,3.2091322660446164,2.6988239407539365,28.563057907988096,30.473792629892426
3990,2.137559330463409,2.2762551069259644,0.1473114252090454,1.4063928365707397,3.208304965496063,3.209154689311981,2.6989691019058224,28.58319981689173,30.49973296711681
4000,2.1375455617904664,2.276248812675476,0.1472878217697143,1.4064101457595823,3.208282935619354,3.2091082692146298,2.6989659547805784,28.522774090180818,30.518043793392845
4010,2.13743816614151,2.276118206977844,0.1472823143005371,1.406524622440338,3.208372628688812,3.2091680645942686,2.6988908171653745,28.522774090180818,30.493629358358127
4020,2.1374279379844663,2.2762023925781247,0.1473106384277343,1.4064553856849669,3.208285689353943,3.209159016609192,2.698837316036224,28.50263218127718,30.47837033646143
4030,2.137366569042206,2.2760076642036435,0.1472862482070922,1.4066465735435485,3.208313226699829,3.209243988990784,2.6989659547805784,28.48249027237354,30.48905165178912
4040,2.1373315572738645,2.2760517239570617,0.1472980499267578,1.4065741896629331,3.208325028419494,3.209171998500824,2.6989293694496155,28.623483634699014,30.4798962386511
4050,2.1373610615730283,2.2759400010108948,0.1473102450370788,1.4065171480178833,3.208394658565521,3.209243988990784,2.698951399326324,28.563057907988096,30.461585412375065
4060,2.137325263023377,2.2759215116500853,0.1472764134407043,1.4066312313079834,3.208456814289093,3.209219205379486,2.698899471759796,28.58319981689173,30.47531853208209
4070,2.137216293811798,2.275860929489136,0.1473059177398681,1.406638705730438,3.208419442176819,3.209278213977813,2.6991591095924377,28.542915999084457,30.4951552605478
4080,2.137126207351685,2.275823163986206,0.1472952961921692,1.4066359519958496,3.20831401348114,3.2092616915702816,2.6990745306015014,28.60334172579537,30.47837033646143
4090,2.137093949317932,2.275764548778534,0.1472996234893799,1.4066481471061705,3.208358860015869,3.209173572063446,2.698973429203033,28.563057907988096,30.48599984740978
4100,2.137105751037597,2.275742125511169,0.1472925424575805,1.4066473603248597,3.208270740509033,3.209134232997894,2.6988695740699766,28.542915999084457,30.48294804303044
4110,2.137086868286133,2.2757102608680726,0.147302770614624,1.4066410660743711,3.2083364367485045,3.2092211723327635,2.69894825220108,28.522774090180818,30.457007705806056
4120,2.137047135829925,2.2757495999336244,0.1473106384277343,1.40676931142807,3.2084064602851865,3.2092341542243954,2.6989757895469664,28.50263218127718,30.490577553978788
4130,2.1370443820953366,2.275637876987457,0.1473011970520019,1.4069066047668457,3.208446586132049,3.2092727065086364,2.6989588737487793,28.50263218127718,30.46616311894408
4140,2.136903154850006,2.2755588054656983,0.1473023772239685,1.4066304445266722,3.2083871841430662,3.209201896190643,2.6991425871849057,28.4623483634699,30.47531853208209
4150,2.13689843416214,2.275573754310608,0.1473094582557678,1.4067319393157958,3.2083686947822567,3.209138560295105,2.6989868044853207,28.50263218127718,30.45395590142672
4160,2.1368618488311766,2.275414431095123,0.1473224401473999,1.4067716717720031,3.208323848247528,3.209166097640991,2.6989588737487793,28.522774090180818,30.469214923323413
4170,2.1368158221244813,2.275447869300842,0.1472968697547912,1.4068043231964111,3.208319520950317,3.2091991424560544,2.6989553332328793,28.542915999084457,30.45853360799573
4180,2.136868536472321,2.2754191517829896,0.1472937226295471,1.4068062901496887,3.208418655395508,3.2092270731925963,2.698926222324371,28.58319981689173,30.47531853208209
4190,2.136717474460602,2.275329065322876,0.1472842812538146,1.4069475173950194,3.208415508270264,3.2091900944709777,2.6988864898681637,28.50263218127718,30.47837033646143
4200,2.136689937114716,2.27532080411911,0.1472976565361023,1.4068601846694946,3.208361220359802,3.2091224312782285,2.6989100933074948,28.48249027237354,30.47684443427176
4210,2.136614406108856,2.275289726257324,0.1473137855529785,1.4070863842964172,3.2084635019302365,3.209228253364562,2.6988672137260434,28.50263218127718,30.490577553978788
4220,2.136540842056274,2.2752665162086485,0.1473031640052795,1.4069172263145446,3.208381676673889,3.209133052825928,2.698694908618927,28.58319981689173,30.46311131456473
4230,2.136608898639679,2.275136303901672,0.1473102450370788,1.4069219470024108,3.2084178686141964,3.209270739555359,2.6988093852996826,28.563057907988096,30.473792629892426
4240,2.136454689502716,2.2751618742942807,0.1473169326782226,1.4068778872489929,3.2083643674850464,3.209033524990081,2.6988207936286925,28.522774090180818,30.4448004882887
4250,2.136409056186676,2.275068247318268,0.1472890019416809,1.4069203734397888,3.2083824634552,3.209200322628021,2.698850691318512,28.48249027237354,30.452429999237047
4260,2.136459803581238,2.275091063976288,0.1472964763641357,1.4069384694099425,3.2083871841430662,3.209116923809052,2.6987857818603516,28.4623483634699,30.46311131456473
4270,2.136260747909546,2.27495219707489,0.1473070979118347,1.406877100467682,3.208350598812104,3.2092030763626096,2.698963987827301,28.542915999084457,30.44632639047837
4280,2.13628671169281,2.274944722652436,0.1473204731941223,1.406900703907013,3.2083167672157287,3.2091503620147703,2.6989392042160034,28.58319981689173,30.46311131456473
4290,2.136315035820007,2.2749459028244017,0.1473126053810119,1.407061207294464,3.2084174752235413,3.2092144846916195,2.6989234685897827,28.50263218127718,30.490577553978788
4300,2.1361435174942014,2.274972653388977,0.1473307013511657,1.4068975567817688,3.208377742767334,3.209179079532623,2.6989159941673275,28.60334172579537,30.47837033646143
4310,2.1361930847167967,2.274873912334442,0.1472945094108581,1.4068794608116149,3.208360040187836,3.209111416339874,2.6987964034080503,28.542915999084457,30.4951552605478
4320,2.136147844791412,2.274797594547272,0.1473047375679016,1.40679212808609,3.208323848247528,3.2091668844223022,2.698768866062164,28.48249027237354,30.48905165178912
4330,2.1361321091651915,2.274828279018402,0.1473106384277343,1.4070285558700562,3.208418262004852,3.2092239260673523,2.698771619796753,28.50263218127718,30.47837033646143
4340,2.136010944843292,2.2747802853584287,0.1473114252090454,1.4069750547409057,3.208374595642089,3.2091334462165837,2.6986583232879635,28.522774090180818,30.493629358358127
4350,2.1359601974487306,2.274703180789948,0.1473106384277343,1.4070328831672667,3.2084190487861632,3.209182226657868,2.6986012816429135,28.522774090180818,30.469214923323413
4360,2.136019992828369,2.27464063167572,0.1473110318183899,1.4071154952049254,3.208291983604431,3.209178292751312,2.698690581321716,28.563057907988096,30.461585412375065
4370,2.1359299063682555,2.27467485666275,0.1473067045211792,1.4071154952049254,3.208378136157989,3.2091598033905027,2.6988070249557494,28.542915999084457,30.45853360799573
4380,2.135886240005493,2.274612307548523,0.1472893953323364,1.4070781230926512,3.208337616920471,3.209092533588409,2.698884129524231,28.522774090180818,30.48142214084077
4390,2.1358311653137205,2.27453008890152,0.1473188996315002,1.4071261167526243,3.2083773493766783,3.2092742800712584,2.6988156795501705,28.48249027237354,30.428015564202333
4400,2.135787498950958,2.2745481848716733,0.1473177194595336,1.4072901606559751,3.2084040999412533,3.2091944217681885,2.698520243167877,28.563057907988096,30.48599984740978
4410,2.135680496692657,2.274438428878784,0.1473023772239685,1.4072236776351927,3.208337223529816,3.209177899360657,2.698616623878479,28.50263218127718,30.490577553978788
4420,2.135660433769226,2.2744738340377806,0.1473232269287109,1.407273244857788,3.208330142498016,3.2091444611549376,2.698618197441101,28.542915999084457,30.470740825513083
4430,2.13563643693924,2.274379813671112,0.1473051309585571,1.4073625445365905,3.20832542181015,3.209213304519653,2.698692154884338,28.48249027237354,30.48905165178912
4440,2.135496389865875,2.2743554234504697,0.1472949028015136,1.4071733236312864,3.20832188129425,3.209170031547546,2.698892784118652,28.563057907988096,30.498207064927136
4450,2.1355758547782897,2.274356997013092,0.147304344177246,1.4072244644165035,3.208388757705688,3.209207797050476,2.698914813995361,28.522774090180818,30.469214923323413
4460,2.135540056228637,2.274353063106537,0.1473346352577209,1.4071992874145507,3.208340764045716,3.2091240048408505,2.698756670951843,28.542915999084457,30.50736247806516
4470,2.135470426082611,2.274276351928711,0.1473318815231323,1.4074392557144164,3.2084261298179624,3.209252643585205,2.69872008562088,28.563057907988096,30.461585412375065
4480,2.1354259729385374,2.27421498298645,0.1473397493362426,1.4071992874145507,3.208363974094391,3.209228253364562,2.698781454563141,28.563057907988096,30.498207064927136
4490,2.1354448556900025,2.2741968870162963,0.1473267674446106,1.4072464942932128,3.2084603548049926,3.209263265132904,2.6988695740699766,28.563057907988096,30.449378194857708
4500,2.1353272318840024,2.2741119146347044,0.1472964763641357,1.4073275327682495,3.208423769474029,3.209198355674744,2.6987790942192076,28.542915999084457,30.4951552605478
4510,2.135302448272705,2.2742456674575804,0.1473271608352661,1.4072779655456542,3.2084784507751465,3.209242808818817,2.698839676380157,28.522774090180818,30.469214923323413
4520,2.1352572083473205,2.274051332473755,0.1473220467567443,1.4073865413665771,3.208393085002899,3.209182226657868,2.6987106442451476,28.50263218127718,30.50278477149615
4530,2.1351635813713075,2.2741044402122497,0.1473169326782226,1.407296848297119,3.2083671212196347,3.209247529506684,2.698867607116699,28.542915999084457,30.4951552605478
4540,2.135233211517334,2.2739942908287047,0.147313392162323,1.4074042439460754,3.2084603548049926,3.209171605110168,2.698903799057007,28.48249027237354,30.47684443427176
4550,2.1351738095283506,2.2740434646606444,0.1473015904426574,1.4073298931121825,3.2084300637245176,3.209263265132904,2.698688220977783,28.542915999084457,30.48294804303044
4560,2.135081362724304,2.274034023284912,0.1473188996315002,1.4072287917137145,3.2085012674331663,3.2092463493347165,2.698781061172485,28.563057907988096,30.510414282444497
4570,2.134970426559448,2.27391049861908,0.1473004102706909,1.4074915766716003,3.208489465713501,3.2092675924301144,2.69880348443985,28.542915999084457,30.519569695582515
4580,2.1349684596061707,2.2738959431648254,0.1473299145698547,1.4074451565742492,3.2083742022514343,3.209201109409332,2.6985717773437496,28.44220645456626,30.47226672770276
4590,2.1350231409072875,2.2739639997482297,0.1473157525062561,1.407561993598938,3.208474516868592,3.2092447757720945,2.6986162304878234,28.522774090180818,30.493629358358127
4600,2.134947609901428,2.2738593578338624,0.1473047375679016,1.4072795391082762,3.208411967754364,3.2092365145683286,2.6985989212989807,28.563057907988096,30.52262149996185
4610,2.134813463687897,2.2737979888916016,0.1473055243492126,1.4074628591537477,3.208524084091186,3.2092333674430846,2.698521816730499,28.563057907988096,30.510414282444497
4620,2.1347961544990537,2.273779499530792,0.1473153591156006,1.4074227333068847,3.208357286453247,3.209209370613098,2.6985776782035824,28.4623483634699,30.48752574959945
4630,2.134728491306305,2.2736980676651,0.1473271608352661,1.4075533390045163,3.208446979522705,3.2092742800712584,2.6985174894332884,28.48249027237354,30.5256733043412
4640,2.134749734401703,2.27376651763916,0.1473354220390319,1.4075462579727172,3.2084454059600827,3.209272313117981,2.6985206365585324,28.542915999084457,30.531776913099872
4650,2.1346277832984923,2.273714196681976,0.1473220467567443,1.407482922077179,3.2083860039711,3.2092349410057066,2.698375868797302,28.58319981689173,30.524147402151524
4660,2.134654533863068,2.273660695552826,0.1473047375679016,1.4074758410453796,3.208363974094391,3.209220778942108,2.6985654830932617,28.60334172579537,30.53940642404822
4670,2.1346620082855225,2.273744487762451,0.1473275542259216,1.407525408267975,3.208405673503876,3.209179079532623,2.698569416999817,28.563057907988096,30.510414282444497
4680,2.134615981578827,2.273612308502197,0.1473259806632995,1.4076265096664429,3.2083655476570128,3.209159016609192,2.6985115885734556,28.48249027237354,30.5256733043412
4690,2.134522354602814,2.2735540866851807,0.1473192930221557,1.4074148654937744,3.2084725499153137,3.2091794729232785,2.698501360416412,28.44220645456626,30.508888380254827
4700,2.1345534324646,2.273627257347107,0.1472850680351257,1.4075702548027038,3.208327782154083,3.2091712117195126,2.698548567295074,28.522774090180818,30.518043793392845
4710,2.13447790145874,2.273532450199127,0.1473259806632995,1.4074341416358946,3.2083730220794675,3.209211730957031,2.698613083362579,28.542915999084457,30.519569695582515
4720,2.134450364112854,2.273460459709167,0.1473185062408447,1.4075348496437072,3.2083683013916016,3.2091908812522885,2.6985615491867065,28.563057907988096,30.498207064927136
4730,2.134341788291931,2.273461639881134,0.1473129987716674,1.4075824499130247,3.208341550827026,3.2091377735137936,2.698198056221008,28.542915999084457,30.4951552605478
4740,2.134330773353577,2.273567461967468,0.1473236203193664,1.407713449001312,3.2084961533546448,3.209162950515747,2.698236608505249,28.48249027237354,30.5256733043412
4750,2.13427609205246,2.2734891772270203,0.1473082780838012,1.4075777292251586,3.2083462715148925,3.209170031547546,2.6983558058738706,28.4623483634699,30.524147402151524
4760,2.134232425689697,2.273443937301636,0.1473287343978881,1.40762060880661,3.2083537459373472,3.209222745895385,2.6984041929244995,28.48249027237354,30.5256733043412
4770,2.134158861637115,2.27340499162674,0.1473421096801757,1.4076021194458006,3.208415901660919,3.209240055084228,2.6984250426292418,28.50263218127718,30.527199206530863
4780,2.1340227484703065,2.2732865810394287,0.1473240137100219,1.4075785160064695,3.208315980434417,3.209092533588409,2.69836288690567,28.48249027237354,30.550087739375908
4790,2.134049499034881,2.2733802080154417,0.147337782382965,1.4076914191246033,3.2083895444869994,3.2091771125793453,2.6983329892158507,28.50263218127718,30.527199206530863
4800,2.133958232402801,2.273349130153656,0.1472956895828247,1.4076725363731384,3.208282148838043,3.2091617703437803,2.6983680009841917,28.542915999084457,30.50736247806516
4810,2.1339657068252564,2.273337721824646,0.1473004102706909,1.407584023475647,3.208423769474029,3.2092007160186764,2.6984128475189206,28.542915999084457,30.5806057831693
4820,2.133914566040039,2.2732775330543515,0.1473165392875671,1.4077897667884829,3.2084300637245176,3.2092243194580075,2.6984081268310547,28.50263218127718,30.514991989013502
4830,2.1339165329933167,2.273332214355469,0.147346830368042,1.4078306794166564,3.2083537459373472,3.2091582298278807,2.698307418823242,28.4623483634699,30.53635461966888
4840,2.1338559508323667,2.273209476470947,0.147336208820343,1.407684338092804,3.2083683013916016,3.2091869473457333,2.6982905030250546,28.542915999084457,30.519569695582515
4850,2.1338351011276244,2.273211050033569,0.1473550915718078,1.4077032208442688,3.2084359645843503,3.209242808818817,2.6983530521392822,28.58319981689173,30.560769054703595
4860,2.133776092529297,2.27317761182785,0.1473259806632995,1.4077394127845764,3.208304965496063,3.209191274642944,2.6983223676681516,28.542915999084457,30.568398565651943
4870,2.1337225914001463,2.2732378005981446,0.1473326683044433,1.4077862262725829,3.2083053588867188,3.209157443046569,2.6982082843780515,28.563057907988096,30.53482871747921
4880,2.133678138256073,2.273150861263275,0.1473326683044433,1.4077181696891783,3.208381676673889,3.2091680645942686,2.698384916782379,28.522774090180818,30.56687266346228
4890,2.133475542068481,2.2730977535247803,0.1473291277885437,1.4077858328819275,3.208364760875701,3.2091908812522885,2.698299157619476,28.48249027237354,30.58670939192798
4900,2.1335137009620664,2.273123323917389,0.1473267674446106,1.4077988147735594,3.208262479305267,3.209112989902496,2.698375868797302,28.563057907988096,30.54703593499657
4910,2.1335046529769897,2.2731241106987,0.1473114252090454,1.4079117178916931,3.208355712890625,3.209224712848663,2.6984281897544857,28.542915999084457,30.568398565651943
4920,2.1334208607673646,2.273016321659088,0.1473271608352661,1.407733118534088,3.2083364367485045,3.209085845947265,2.698253524303436,28.522774090180818,30.591287098496988
4930,2.133362638950348,2.27313551902771,0.1473283410072326,1.4078389406204224,3.208304178714752,3.2091444611549376,2.698068237304687,28.563057907988096,30.595864805066
4940,2.133309137821197,2.273048973083496,0.1472984433174133,1.4078381538391112,3.2082766413688657,3.209150755405426,2.698222839832306,28.48249027237354,30.58670939192798
4950,2.133391749858856,2.2730293035507203,0.1473063111305236,1.4080124258995057,3.2082809686660765,3.209048867225647,2.6980131626129147,28.522774090180818,30.56687266346228
4960,2.1332694053649903,2.2729569196701047,0.1473114252090454,1.4079097509384155,3.208290016651153,3.2090760111808776,2.6980198502540587,28.4623483634699,30.609597924773023
4970,2.13322023153305,2.272967541217804,0.1473267674446106,1.4080494046211245,3.2084103941917417,3.2091747522354126,2.6981178045272824,28.50263218127718,30.551613641565577
4980,2.133171451091766,2.273036777973175,0.1473499774932861,1.407908570766449,3.2082451701164243,3.2091015815734862,2.6981406211853027,28.58319981689173,30.609597924773023
4990,2.1331690907478333,2.2729498386383056,0.1473570585250854,1.4079184055328369,3.20832896232605,3.20909686088562,2.698190581798553,28.60334172579537,30.612649729152363
5000,2.133182072639465,2.272982096672058,0.147346830368042,1.4078936219215392,3.208260905742645,3.209131872653961,2.697878623008728,28.50263218127718,30.58823529411765
5010,2.1330616950988768,2.27290381193161,0.147324800491333,1.4080159664154053,3.208419835567474,3.209201502799988,2.697733461856842,28.48249027237354,30.574502174410625
5020,2.1330565810203552,2.2729915380477905,0.1473295211791992,1.4080175399780273,3.208295130729675,3.209168457984924,2.6979057669639586,28.60334172579537,30.612649729152363
5030,2.1330144882202147,2.272982096672058,0.1473338484764099,1.4079738736152647,3.208313226699829,3.209140133857727,2.6979750037193297,28.563057907988096,30.58365758754864
5040,2.1328484773635865,2.2729360699653625,0.1473692536354064,1.4079545974731444,3.208275854587555,3.2090945005416867,2.698039126396179,28.58319981689173,30.609597924773023
5050,2.1329338431358336,2.272884142398834,0.1473413228988647,1.408001410961151,3.2083659410476684,3.20913108587265,2.6981162309646605,28.58319981689173,30.634012359807738
5060,2.132853591442108,2.2728774547576904,0.1473334550857543,1.408008098602295,3.2082892298698424,3.209095680713653,2.6980564355850216,28.563057907988096,30.58365758754864
5070,2.1328351020812986,2.2728884696960447,0.1473432898521423,1.407971119880676,3.208374595642089,3.209142887592316,2.6979293704032896,28.542915999084457,30.62943465323873
5080,2.1326942682266234,2.272856998443604,0.1473330616950988,1.407999050617218,3.208367908000946,3.2090815186500548,2.6981618642807006,28.48249027237354,30.611123826962693
5090,2.132693088054657,2.27291522026062,0.1473185062408447,1.4079538106918337,3.208371448516845,3.2091920614242557,2.6979891657829285,28.50263218127718,30.62485694666972
5100,2.132692301273346,2.2729164004325866,0.1473303079605102,1.4080655336380004,3.208323848247528,3.209138560295105,2.698030078411102,28.48249027237354,30.635538261997407
5110,2.1326010346412656,2.272792088985443,0.1473397493362426,1.4080914974212646,3.2083686947822567,3.2092121243476868,2.6980591893196104,28.522774090180818,30.62790875104906
5120,2.132559335231781,2.272779893875122,0.1473480105400085,1.4080938577651976,3.2082247138023376,3.209067749977112,2.6978561997413633,28.60334172579537,30.63706416418708
5130,2.132481837272644,2.2728660464286805,0.1473208665847778,1.4080556988716124,3.2083281755447386,3.2090980410575867,2.6978432178497314,28.542915999084457,30.62943465323873
5140,2.1324389576911926,2.272803497314453,0.1472956895828247,1.40800062417984,3.2082778215408325,3.209164524078369,2.6981162309646605,28.60334172579537,30.62485694666972
5150,2.132426369190216,2.2728219866752624,0.1473495841026306,1.408115494251251,3.208429276943207,3.209159409999847,2.6979097008705137,28.58319981689173,30.65842679484245
5160,2.1323956847190857,2.272818446159363,0.1473515510559082,1.4081162810325625,3.208221566677093,3.2090767979621884,2.69791088104248,28.522774090180818,30.640115968566416
5170,2.1323028445243835,2.272818446159363,0.1473566651344299,1.4082516074180602,3.2083214879035946,3.209170031547546,2.6978959321975706,28.58319981689173,30.67063401235981
5180,2.132304418087005,2.272775959968566,0.1473633527755737,1.4080612063407898,3.208312833309173,3.209081125259399,2.697893965244293,28.4623483634699,30.64621957732509
5190,2.1322277069091795,2.272663843631744,0.1473322749137878,1.4082598686218262,3.2083085060119627,3.209112596511841,2.697959268093109,28.50263218127718,30.64927138170444
5200,2.13221275806427,2.272821199893951,0.1473586320877075,1.4081831574440002,3.2083144068717955,3.2091322660446164,2.6977263808250425,28.542915999084457,30.67826352330816
5210,2.132124638557434,2.2727924823760985,0.1473366022109985,1.4082236766815184,3.2084269165992736,3.2092538237571717,2.6980068683624268,28.50263218127718,30.66147859922179
5220,2.132101821899414,2.2728062510490417,0.1473657131195068,1.4083861470222472,3.2083210945129395,3.209201109409332,2.697898292541504,28.542915999084457,30.6660563057908
5230,2.13215571641922,2.2727649450302123,0.1473452568054199,1.408247673511505,3.2083104729652403,3.2091503620147703,2.6979097008705137,28.542915999084457,30.653849088273443
5240,2.132027471065521,2.272734260559082,0.1473487973213195,1.408325171470642,3.2083085060119627,3.209146428108215,2.6976988434791562,28.50263218127718,30.66147859922179
5250,2.1319838047027586,2.2726815462112424,0.1473291277885437,1.4083774924278258,3.208339977264404,3.2091153502464294,2.697901046276092,28.48249027237354,30.70878156710155
5260,2.1319889187812806,2.2727224588394166,0.1473511576652526,1.4083208441734314,3.208278608322144,3.209136593341827,2.6978030920028684,28.60334172579537,30.66147859922179
5270,2.13184415102005,2.272725605964661,0.1473531246185302,1.4083519220352172,3.208339977264404,3.209166491031646,2.697823941707611,28.522774090180818,30.7011520561532
5280,2.1318567395210266,2.2727842211723326,0.1473602056503296,1.4082464933395384,3.208278608322144,3.209116923809052,2.697893178462982,28.48249027237354,30.6965743495842
5290,2.131858706474304,2.272761011123657,0.1473338484764099,1.4082283973693848,3.2083116531372067,3.2090980410575867,2.6977649331092834,28.48249027237354,30.68436713206684
5300,2.131792223453522,2.272788941860199,0.1473495841026306,1.4083810329437254,3.20836318731308,3.209185767173767,2.6978526592254637,28.542915999084457,30.71488517586023
5310,2.131729280948639,2.272686266899109,0.1473503708839416,1.4084180116653442,3.20827624797821,3.2092030763626096,2.6977775216102597,28.58319981689173,30.68284122987717
5320,2.131655323505401,2.2727964162826537,0.1473507642745971,1.4084486961364746,3.2083509922027584,3.209131872653961,2.6979462862014767,28.522774090180818,30.688944838635845
5330,2.1317214131355287,2.272753930091858,0.1473456501960754,1.4084880352020264,3.208408427238464,3.2092266798019407,2.6978554129600525,28.50263218127718,30.698100251773862
5340,2.131496000289917,2.27275550365448,0.1473543047904968,1.40835782289505,3.208282148838043,3.20917671918869,2.6978266954421994,28.522774090180818,30.7011520561532
5350,2.1315223574638367,2.272770059108734,0.1473452568054199,1.4084085702896116,3.2083446979522705,3.209236121177673,2.6977456569671627,28.522774090180818,30.71335927367056
5360,2.1314645290374754,2.272702395915985,0.1473708271980285,1.4084593176841735,3.2084229826927184,3.20926798582077,2.6976480960845945,28.60334172579537,30.722514686808577
5370,2.1313457250595094,2.272708296775818,0.1473503708839416,1.4085163593292236,3.2083545327186584,3.209105908870697,2.6975938081741333,28.4623483634699,30.731670099946594
5380,2.1313905715942383,2.272626078128815,0.1473495841026306,1.408338153362274,3.208304965496063,3.20917317867279,2.6975379467010496,28.522774090180818,30.762188143739987
5390,2.131387424468994,2.2727413415908813,0.1473562717437744,1.4084758400917052,3.208388757705688,3.2091771125793453,2.697506475448608,28.44220645456626,30.72861829556725
5400,2.1313461184501645,2.2727783203125,0.1473586320877075,1.408328318595886,3.20831401348114,3.2091932415962217,2.6975332260131832,28.50263218127718,30.74692912184329
5410,2.13125878572464,2.272744488716125,0.1473779082298278,1.4083212375640868,3.208370268344879,3.2092376947402954,2.6974974274635315,28.48249027237354,30.74540321965362
5420,2.1311993837356566,2.2728062510490417,0.1473641395568847,1.4085946440696715,3.2083112597465515,3.2091472148895264,2.6974368453025814,28.58319981689173,30.74387731746395
5430,2.131187582015991,2.2727661252021787,0.147358238697052,1.408492362499237,3.208421802520752,3.209280180931091,2.697223627567291,28.58319981689173,30.780498970016023
5440,2.1311565041542053,2.2727924823760985,0.1473641395568847,1.4083971619606015,3.208376562595367,3.209164130687713,2.697344398498535,28.50263218127718,30.74692912184329
5450,2.131083333492279,2.27268705368042,0.1473515510559082,1.4084081768989565,3.2083454847335813,3.209167671203613,2.697439992427826,28.44220645456626,30.74082551308461
5460,2.131091594696045,2.2728349685668943,0.1473503708839416,1.408613920211792,3.208349025249481,3.209138166904449,2.6972338557243347,28.522774090180818,30.774395361257344
5470,2.130920076370239,2.2727378010749817,0.1473299145698547,1.4082964539527891,3.2084174752235413,3.2092203855514523,2.6975072622299194,28.563057907988096,30.803387502861067
5480,2.130964922904968,2.272773599624634,0.1473617792129516,1.408538782596588,3.2083537459373472,3.2092172384262083,2.697465169429779,28.542915999084457,30.77592126344701
5490,2.130907881259918,2.2727995634078977,0.1473511576652526,1.408433747291565,3.2083494186401365,3.209179866313934,2.697472250461578,28.58319981689173,30.79270618753338
5500,2.130968856811524,2.2728381156921387,0.1473562717437744,1.408571434020996,3.208346664905548,3.209143280982971,2.6973912119865417,28.50263218127718,30.80796520943008
5510,2.13082959651947,2.2728373289108275,0.1473543047904968,1.4086324095726013,3.208424949645996,3.2092392683029174,2.6973392844200133,28.48249027237354,30.76981765468833
5520,2.1307552456855774,2.272816872596741,0.1473480105400085,1.408640670776367,3.2083380103111265,3.2091468214988708,2.697229528427124,28.522774090180818,30.823224231326773
5530,2.1307607531547545,2.272844409942627,0.1473653197288513,1.4085761547088622,3.2083450913429257,3.2091838002204893,2.6972739815711972,28.563057907988096,30.82780193789578
5540,2.130770194530487,2.2729081392288206,0.1473649263381957,1.4087708830833434,3.2083757758140563,3.209160590171814,2.6975371599197384,28.563057907988096,30.803387502861067
5550,2.130661618709564,2.2727621912956235,0.1473550915718078,1.4087350845336912,3.208409214019776,3.2092286467552182,2.69745100736618,28.4623483634699,30.804913405050737
5560,2.1305731058120725,2.272884142398834,0.147346830368042,1.4088468074798584,3.2083871841430662,3.2091672778129574,2.697282636165619,28.50263218127718,30.82017242694744
5570,2.130498361587524,2.2728621125221253,0.1473692536354064,1.408995509147644,3.208393085002899,3.209232974052429,2.697492706775665,28.542915999084457,30.812542915999085
5580,2.130501902103424,2.2728585720062253,0.1473676800727844,1.4087968468666077,3.20832188129425,3.2090850591659543,2.697321581840515,28.563057907988096,30.852216372930496
5590,2.1304004073143004,2.27283536195755,0.147381055355072,1.4087984204292296,3.208461141586304,3.2092416286468506,2.6972802758216856,28.50263218127718,30.80796520943008
5600,2.1304971814155578,2.2729191541671754,0.1473786950111389,1.4089844942092895,3.208343124389648,3.209154689311981,2.6972802758216856,28.563057907988096,30.888838025482567
5610,2.1303555607795714,2.272860538959503,0.147358238697052,1.4089518427848815,3.2084922194480896,3.209229826927185,2.6972708344459533,28.563057907988096,30.82780193789578
5620,2.130347299575805,2.272911286354065,0.1473700404167175,1.4088353991508482,3.208312833309173,3.209127151966095,2.697141408920288,28.50263218127718,30.844586861982147
5630,2.1302340030670166,2.272899091243744,0.1473676800727844,1.4087579011917113,3.208395445346832,3.2092514634132385,2.6971359014511105,28.563057907988096,30.888838025482567
5640,2.1302316427230834,2.2727688789367675,0.1473877429962158,1.408930206298828,3.2083423376083373,3.2091000080108643,2.697117018699646,28.542915999084457,30.897993438620585
5650,2.130175387859345,2.272889256477356,0.1473570585250854,1.4090612053871154,3.208428883552551,3.209260904788971,2.6971107244491574,28.50263218127718,30.86900129701686
5660,2.1301321148872376,2.2729521989822388,0.1473708271980285,1.409048616886139,3.208325028419494,3.209238874912262,2.697227954864502,28.563057907988096,30.888838025482567
5670,2.1300738930702208,2.272914433479309,0.1473920702934265,1.409187877178192,3.208334076404572,3.209117317199707,2.6971122980117794,28.542915999084457,30.84916456855116
5680,2.1300432085990906,2.2729329228401185,0.1473436832427978,1.4091269016265868,3.2082986712455748,3.2090740442276,2.6971205592155454,28.4623483634699,30.89036392767224
5690,2.1300085902214048,2.2729702949523927,0.1473806619644165,1.4090545177459717,3.2083926916122434,3.209148001670837,2.6971579313278196,28.563057907988096,30.864423590447853
5700,2.129944467544556,2.272993898391724,0.1473708271980285,1.4089951157569884,3.2082864761352536,3.2091483950614927,2.6971457362174984,28.563057907988096,30.901045242999924
5710,2.129911816120148,2.273004913330078,0.1473822355270385,1.4091686010360718,3.208494973182678,3.2092585444450377,2.6972539186477658,28.542915999084457,30.934615091172656
5720,2.129949188232422,2.272921121120453,0.1473720073699951,1.4091288685798644,3.208303391933441,3.2091598033905027,2.6973750829696654,28.542915999084457,30.910200656137945
5730,2.1298177957534787,2.2730100274086,0.1473680734634399,1.4091261148452758,3.20835964679718,3.209155476093292,2.6972830295562744,28.50263218127718,30.91783016708629
5740,2.1298067808151244,2.273074543476105,0.1473609924316406,1.4090970039367674,3.2083478450775145,3.20910472869873,2.696947073936462,28.48249027237354,30.91630426489662
5750,2.129753279685974,2.273036777973175,0.147380268573761,1.4091174602508545,3.2083069324493407,3.209185767173767,2.6970894813537596,28.522774090180818,30.896467536430915
5760,2.129718267917633,2.273058807849884,0.1473617792129516,1.4093173027038572,3.2082908034324644,3.209166491031646,2.6970127701759337,28.542915999084457,30.934615091172656
5770,2.1296423435211183,2.273045825958252,0.1473735809326171,1.4093507409095762,3.208361220359802,3.209206223487854,2.6969655632972716,28.563057907988096,30.92545967803464
5780,2.129598677158356,2.273030090332031,0.1473716139793396,1.4088889002799987,3.2083273887634274,3.209139347076416,2.6969474673271177,28.44220645456626,30.91172655832761
5790,2.1295770406723022,2.273161482810974,0.1473661065101623,1.4092512130737305,3.208390724658966,3.2091472148895264,2.6968876719474792,28.542915999084457,30.946822308690013
5800,2.129537308216095,2.273141419887543,0.1473602056503296,1.409215807914734,3.208350205421448,3.209122037887573,2.696973431110382,28.48249027237354,30.928511482413978
5810,2.129446041584014,2.273139452934265,0.1473928570747375,1.4093255639076232,3.208320701122284,3.209155476093292,2.69693409204483,28.563057907988096,30.96208133058671
5820,2.1295180320739746,2.273179972171784,0.1473877429962158,1.40940660238266,3.2083151936531067,3.209096074104309,2.696908915042877,28.4623483634699,30.96360723277638
5830,2.129424405097961,2.273099720478058,0.1473822355270385,1.4093845725059508,3.208328568935394,3.209154689311981,2.696746444702148,28.48249027237354,30.989547570000763
5840,2.129388213157654,2.273204755783081,0.1473613858222961,1.4094258785247802,3.2084898591041564,3.2092821478843687,2.696948254108429,28.563057907988096,30.949874113069352
5850,2.129315435886383,2.2731658101081846,0.1473853826522827,1.409303534030914,3.2083321094512938,3.209105908870697,2.696966743469238,28.542915999084457,30.983443961242084
5860,2.129226922988892,2.2731071949005126,0.1473838090896606,1.409469938278198,3.2083671212196347,3.209139740467071,2.696910488605499,28.522774090180818,30.98191805905241
5870,2.129215908050537,2.273175251483917,0.1473700404167175,1.4093255639076232,3.208423376083374,3.209182226657868,2.6968628883361814,28.522774090180818,30.99412527656977
5880,2.129157292842865,2.273126471042633,0.1473948240280151,1.4093668699264523,3.20833683013916,3.2091877341270445,2.696933305263519,28.563057907988096,30.99870298313878
5890,2.129119527339935,2.2732035756111144,0.1473838090896606,1.409301960468292,3.208269953727722,3.209195601940155,2.696927011013031,28.542915999084457,31.04448004882887
5900,2.129070353507996,2.2732008218765256,0.1473779082298278,1.4094278454780578,3.208290016651153,3.2091240048408505,2.696795618534088,28.522774090180818,31.01853971160449
5910,2.1289897084236142,2.273275172710419,0.1473893165588378,1.4094396471977233,3.2082766413688657,3.20915390253067,2.6968038797378537,28.50263218127718,30.99107347219044
5920,2.1289668917655944,2.273332607746124,0.1473897099494934,1.409309434890747,3.208320307731628,3.209135806560516,2.696702778339386,28.58319981689173,31.04905775539788
5930,2.12893306016922,2.2733290672302244,0.1473869562149047,1.4094848871231078,3.2083120465278623,3.209133052825928,2.6969533681869504,28.50263218127718,31.03990234225986
5940,2.1289181113243103,2.273339688777924,0.1473853826522827,1.4095356345176695,3.208309686183929,3.2091460347175595,2.696990346908569,28.522774090180818,31.05516136415656
5950,2.128813862800598,2.273332607746124,0.1473735809326171,1.409537601470947,3.208325028419494,3.2090819120407104,2.6968955397605896,28.522774090180818,31.0429541466392
5960,2.1288528084754943,2.273433709144592,0.1473869562149047,1.4096017241477965,3.208342730998993,3.209103155136108,2.6967051386833187,28.542915999084457,31.04448004882887
5970,2.1287367582321166,2.2733975172042844,0.1473940372467041,1.4097189545631408,3.2083073258399963,3.209248316287994,2.696781063079834,28.522774090180818,31.030746929121843
5980,2.128659653663635,2.27337509393692,0.1473759412765503,1.4097315430641173,3.208232581615448,3.209065783023834,2.696652817726135,28.542915999084457,31.068894483863584
5990,2.1286380171775816,2.2734344959259034,0.1473869562149047,1.4096564054489136,3.208427309989929,3.209178686141968,2.696669340133667,28.563057907988096,31.04753185320821
6000,2.1286667346954347,2.273465967178345,0.1473853826522827,1.4095537304878234,3.2081936359405514,3.2091503620147703,2.696437633037567,28.50263218127718,31.07652399481193
6010,2.1285947442054747,2.273501765727997,0.1473920702934265,1.4094876408576964,3.208324635028839,3.2092168450355527,2.69666029214859,28.563057907988096,31.059739070725566
6020,2.1285349488258363,2.2735462188720703,0.1473783016204834,1.409674108028412,3.2083281755447386,3.2090563416481017,2.6965229988098143,28.542915999084457,31.08110170138094
6030,2.128474760055542,2.273491537570953,0.1473779082298278,1.409868836402893,3.2083183407783507,3.209182620048523,2.696690583229065,28.48249027237354,31.062790875104906
6040,2.128451943397522,2.273602473735809,0.1473956108093261,1.409846019744873,3.208303391933441,3.209096074104309,2.696677994728088,28.522774090180818,31.067368581673914
6050,2.1284629583358763,2.27363748550415,0.147391676902771,1.409561204910278,3.208366727828979,3.2092180252075195,2.696460449695587,28.542915999084457,31.0933089188983
6060,2.1283681511878965,2.273591458797455,0.1473724007606506,1.4097303628921507,3.208355712890625,3.209160983562469,2.6963333845138546,28.542915999084457,31.0933089188983
6070,2.128400409221649,2.273636305332184,0.1473759412765503,1.4095568776130676,3.2083045721054075,3.2090630292892453,2.6963597416877745,28.542915999084457,31.142137788967727
6080,2.128274130821228,2.273680758476257,0.1474019050598144,1.4097401976585386,3.208339190483093,3.2091893076896665,2.6964321255683896,28.542915999084457,31.10551613641565
6090,2.128232431411743,2.2736799716949463,0.1473731875419616,1.4098920464515683,3.2084343910217283,3.209201896190643,2.696539521217346,28.563057907988096,31.145189593347062
6100,2.128303635120392,2.273752748966217,0.1474003314971923,1.4100324869155882,3.2082825422286985,3.2091334462165837,2.696420323848724,28.643625543602653,31.142137788967727
6110,2.1281848311424256,2.2736630558967588,0.1473983645439147,1.4100273728370665,3.2083797097206115,3.209196782112121,2.696463596820831,28.563057907988096,31.12077515831235
6120,2.12811244726181,2.273786187171936,0.1473948240280151,1.4099270582199095,3.208263659477234,3.2090901732444763,2.6962846040725705,28.522774090180818,31.15281910429541
6130,2.128108513355255,2.2737968087196347,0.1473987579345703,1.4098432660102844,3.2083144068717955,3.209198355674744,2.6965477824211117,28.522774090180818,31.1284046692607
6140,2.1281474590301515,2.2738510966300964,0.1473952174186706,1.410056483745575,3.208326208591461,3.2091247916221617,2.696328270435333,28.522774090180818,31.15281910429541
6150,2.1279956102371216,2.2738487362861632,0.1473861694335937,1.409856641292572,3.208346664905548,3.209095287322998,2.6961547851562497,28.50263218127718,31.161974517433432
6160,2.127879559993744,2.273814511299133,0.1474180340766906,1.409931778907776,3.208344304561615,3.209114563465118,2.6961382627487183,28.48249027237354,31.17265583276112
6170,2.1279271602630616,2.2739030241966245,0.1473877429962158,1.4099604964256285,3.2084040999412533,3.2092491030693053,2.6961665868759153,28.522774090180818,31.189440756847485
6180,2.1279008030891418,2.27385778427124,0.1474089860916137,1.4098747372627258,3.208389937877655,3.2091444611549376,2.6960890889167786,28.50263218127718,31.161974517433432
6190,2.1278496623039245,2.273969113826752,0.1474215745925903,1.4099258780479431,3.2084009528160093,3.2091869473457333,2.6959942817687987,28.563057907988096,31.19401846341649
6200,2.127855563163757,2.2740206480026246,0.1473983645439147,1.4097280025482175,3.2083738088607787,3.209183013439178,2.6959250450134276,28.542915999084457,31.227588311589223
6210,2.127727711200714,2.274039924144745,0.1474093794822693,1.4100438952445984,3.2084115743637085,3.20925657749176,2.6960753202438354,28.58319981689173,31.21995880064088
6220,2.127666342258453,2.2740438580513,0.1473975777626037,1.409891653060913,3.208387577533722,3.2091314792633057,2.6960407018661496,28.58319981689173,31.21995880064088
6230,2.127666735649109,2.274113881587982,0.1474125266075134,1.4101261138916017,3.208299851417541,3.209194028377533,2.6959765791893004,28.58319981689173,31.21995880064088
6240,2.127508985996246,2.27416934967041,0.1473967909812927,1.4101410627365112,3.208388757705688,3.2092628717422484,2.6959852337837216,28.563057907988096,31.26726176852064
6250,2.1275888442993165,2.274152433872223,0.1473971843719482,1.4100281596183777,3.20838679075241,3.2091869473457333,2.6958416461944577,28.58319981689173,31.268787670710307
6260,2.127452337741852,2.2742177367210386,0.147403085231781,1.410096216201782,3.2082801818847653,3.209081125259399,2.6958133220672607,28.542915999084457,31.25200274662394
6270,2.127472400665283,2.274171316623688,0.1474019050598144,1.4101331949234008,3.208362793922424,3.209175145626068,2.695945107936859,28.522774090180818,31.23826962691692
6280,2.1273437619209288,2.274176037311554,0.1474011182785034,1.4101890563964845,3.208351385593414,3.2091869473457333,2.6958215832710266,28.50263218127718,31.27183947508965
6290,2.127372086048126,2.2741323709487915,0.1474054455757141,1.410286223888397,3.20840528011322,3.209281754493713,2.69594589471817,28.563057907988096,31.242847333485923
6300,2.1272170901298524,2.2741854786872864,0.1473904967308044,1.410261833667755,3.208320307731628,3.2091346263885496,2.696005296707153,28.4623483634699,31.244373235675592
6310,2.1272583961486817,2.274205541610718,0.1474026918411254,1.4102409839630126,3.208281755447388,3.209166491031646,2.695750379562378,28.542915999084457,31.25200274662394
6320,2.12727609872818,2.274305856227875,0.1474026918411254,1.4101682066917418,3.208362400531769,3.2091338396072384,2.6956453442573545,28.522774090180818,31.311512932021056
6330,2.127131724357605,2.274318444728851,0.147425901889801,1.4102956652641296,3.208312833309173,3.2091708183288574,2.695719301700592,28.50263218127718,31.30846112764172
6340,2.1271647691726683,2.274415218830109,0.1474168539047241,1.410361361503601,3.208339977264404,3.209088599681854,2.695648491382599,28.522774090180818,31.287098496986346
6350,2.127110874652862,2.274358570575714,0.1474078059196472,1.4104003071784972,3.208389151096344,3.2091070890426634,2.6956429839134213,28.563057907988096,31.303883421072708
6360,2.1270137071609496,2.274447476863861,0.1474184274673461,1.410221314430237,3.2083722352981567,3.209196782112121,2.695586335659027,28.542915999084457,31.325246051728083
6370,2.127030229568481,2.2744486570358275,0.1474262952804565,1.410329496860504,3.2083545327186584,3.2091877341270445,2.695712614059448,28.50263218127718,31.33287556267643
6380,2.1270015120506285,2.274580836296081,0.1474239349365234,1.4103688359260558,3.20829119682312,3.2091838002204893,2.6957334637641903,28.563057907988096,31.316090638590065
6390,2.126921260356903,2.274602472782135,0.1474223613739013,1.4103597879409788,3.2084005594253537,3.2091936349868773,2.6958436131477352,28.542915999084457,31.33745326924544
6400,2.1269102454185487,2.2745230078697203,0.147392463684082,1.4101961374282836,3.208313226699829,3.209185767173767,2.6957897186279296,28.58319981689173,31.34203097581445
6410,2.126776099205017,2.2745245814323423,0.147414493560791,1.410380244255066,3.208326995372772,3.209188520908356,2.695626068115234,28.58319981689173,31.37865262836652
6420,2.126842975616455,2.2746339440345764,0.1473999381065368,1.4104514479637145,3.2082876563072205,3.2091240048408505,2.6955131649971005,28.58319981689173,31.35423819333181
6430,2.1266753911972045,2.274624502658844,0.1474207878112793,1.410171353816986,3.208270740509033,3.209175145626068,2.695516312122345,28.542915999084457,31.361867704280154
6440,2.1267340064048765,2.274641025066376,0.147404658794403,1.4104573488235472,3.208264446258545,3.2090752243995664,2.695476973056793,28.563057907988096,31.364919508659494
6450,2.1266966342926024,2.2747968077659606,0.1474141001701354,1.4101969242095946,3.208208978176117,3.2090374588966366,2.695563519001007,28.522774090180818,31.360341802090485
6460,2.1266545414924622,2.2747578620910645,0.1474089860916137,1.4103743433952332,3.20831401348114,3.209160983562469,2.6953451871871947,28.58319981689173,31.403067063401235
6470,2.126585304737091,2.2748192310333253,0.147414493560791,1.4105159640312197,3.2083820700645447,3.209166491031646,2.695392394065857,28.563057907988096,31.401541161211565
6480,2.126500332355499,2.274886894226074,0.1474243283271789,1.4102995991706848,3.208282935619354,3.2091869473457333,2.6952161550521847,28.542915999084457,31.410696574349583
6490,2.1264853835105897,2.274873912334442,0.1474074125289917,1.410384964942932,3.208367908000946,3.209182620048523,2.6953719377517698,28.563057907988096,31.42595559624628
6500,2.126436603069305,2.274949836730957,0.1474117398262024,1.4104675769805908,3.2083742022514343,3.209118890762329,2.6952354311943054,28.542915999084457,31.44731822690165
6510,2.1263716936111448,2.274945116043091,0.1474353432655334,1.4105541229248046,3.208398592472076,3.209175539016724,2.6952452659606934,28.563057907988096,31.450370031281
6520,2.1263052105903624,2.2749337077140805,0.1474274754524231,1.4103877186775209,3.208419442176819,3.2091405272483824,2.695263361930847,28.50263218127718,31.430533302815288
6530,2.126339828968048,2.275045430660248,0.1474117398262024,1.4105934619903564,3.2083183407783507,3.209183013439178,2.6954372406005858,28.4623483634699,31.439688715953302
6540,2.126233220100403,2.2750536918640134,0.1474345564842224,1.4106556177139282,3.208365154266357,3.2091649174690247,2.69522362947464,28.542915999084457,31.435111009384297
6550,2.1262733459472654,2.275068640708924,0.1474302291870117,1.4106689929962155,3.2083187341690063,3.209171605110168,2.6953011274337766,28.50263218127718,31.430533302815288
6560,2.1261191368103027,2.2751288294792174,0.1474164605140686,1.4103251695632937,3.208266413211822,3.209086239337921,2.6953404664993283,28.563057907988096,31.474784466315707
6570,2.126118743419647,2.275204360485077,0.1473928570747375,1.4105922818183898,3.208374595642089,3.209149575233459,2.695300734043121,28.542915999084457,31.45952544441901
6580,2.126107728481293,2.275218522548676,0.14742511510849,1.4105128169059753,3.208342730998993,3.2091094493865966,2.695046603679657,28.58319981689173,31.48851758602273
6590,2.126064455509186,2.275264155864716,0.1474310159683227,1.4105832338333129,3.208362793922424,3.2091763257980346,2.6952995538711546,28.60334172579537,31.52819104295415
6600,2.1260097742080686,2.275299561023712,0.1474129199981689,1.4105859875679014,3.2084308505058288,3.2092097640037536,2.6954553365707397,28.542915999084457,31.483939879453725
6610,2.126007807254791,2.275356209278107,0.1474388837814331,1.4104565620422362,3.2083690881729123,3.209236907958984,2.6952370047569274,28.522774090180818,31.494621194781413
6620,2.1258854627609254,2.275291693210601,0.14744793176651,1.410540747642517,3.2084339976310727,3.2091550827026367,2.695131969451904,28.50263218127718,31.47936217288472
6630,2.125936210155487,2.275487995147705,0.1474227547645568,1.4106320142745972,3.208362007141113,3.2092105507850643,2.695269656181335,28.522774090180818,31.494621194781413
6640,2.1258492708206176,2.275462818145752,0.1474349498748779,1.410513997077942,3.2082931637763976,3.209103155136108,2.695219302177429,28.522774090180818,31.531242847333488
6650,2.12576744556427,2.275459277629852,0.1474282622337341,1.4106170654296877,3.208331716060638,3.2091936349868773,2.6952370047569274,28.563057907988096,31.49919890135042
6660,2.125686013698578,2.275492715835571,0.1474113464355468,1.4105352401733398,3.208316373825073,3.2091668844223022,2.6951748490333554,28.48249027237354,31.51445792324712
6670,2.12570686340332,2.275556445121765,0.1474314093589782,1.410576546192169,3.2083942651748654,3.2091417074203488,2.6950808286666867,28.542915999084457,31.56939040207523
6680,2.1256407737731933,2.275618207454681,0.147425901889801,1.4105490088462829,3.2083883643150326,3.2091959953308105,2.6951004981994626,28.522774090180818,31.543450064850845
6690,2.12559632062912,2.275608372688293,0.1474227547645568,1.410548222064972,3.2083789229393003,3.2091582298278807,2.695204746723175,28.542915999084457,31.544975967040514
6700,2.1255719304084777,2.275566279888153,0.1474215745925903,1.4106937766075134,3.20834037065506,3.209107482433319,2.6952897191047667,28.563057907988096,31.548027771419854
6710,2.1255400657653807,2.2756304025650023,0.1474290490150451,1.4106461763381957,3.208282935619354,3.20916531085968,2.6951717019081114,28.522774090180818,31.58007171740292
6720,2.1254385709762573,2.275713407993317,0.1474310159683227,1.4105600237846374,3.2083494186401365,3.209169244766235,2.695129609107971,28.542915999084457,31.618219272144657
6730,2.125409066677093,2.275844407081604,0.1474294424057007,1.4105427145957945,3.208312439918518,3.209135019779205,2.6950906634330747,28.563057907988096,31.572442206454568
6740,2.125358712673187,2.275805461406708,0.1474341630935668,1.4106005430221558,3.208349025249481,3.209172785282135,2.6950159192085263,28.563057907988096,31.584649423971925
6750,2.125324881076813,2.275833392143249,0.1474298357963561,1.4106446027755737,3.20838679075241,3.2092074036598204,2.6948691844940185,28.522774090180818,31.59227893492028
6760,2.125367760658264,2.2758876800537107,0.1474443912506103,1.4105655312538146,3.20833328962326,3.2091904878616333,2.6948062419891357,28.522774090180818,31.59227893492028
6770,2.1252458095550537,2.275958490371704,0.1474172472953796,1.410864508152008,3.208419835567474,3.2092447757720945,2.695044243335724,28.542915999084457,31.581597619592586
6780,2.125220239162445,2.275972259044647,0.1474290490150451,1.4109062075614929,3.208323061466217,3.2090996146202087,2.6949148178100586,28.542915999084457,31.654840924696728
6790,2.125141167640686,2.275933313369751,0.147415280342102,1.4108601808547974,3.2083659410476684,3.209184980392456,2.6948916077613827,28.542915999084457,31.63042648966201
6800,2.125151789188385,2.276047396659851,0.1474310159683227,1.4108861446380614,3.208297884464264,3.209151148796081,2.6950222134590147,28.60334172579537,31.65026321812772
6810,2.125093567371368,2.27614928483963,0.1474239349365234,1.4107460975646973,3.2083517789840696,3.2091708183288574,2.695011985301971,28.44220645456626,31.60753795681697
6820,2.1249979734420776,2.276158726215362,0.1474341630935668,1.411030125617981,3.2083144068717955,3.2091535091400143,2.6948601365089413,28.44220645456626,31.619745174334327
6830,2.124983811378479,2.276181149482727,0.1474227547645568,1.4108145475387572,3.208389937877655,3.209162950515747,2.694911670684814,28.542915999084457,31.654840924696728
6840,2.124909460544586,2.2762779235839843,0.1474396705627441,1.4108279228210447,3.2082990646362304,3.209148001670837,2.694864463806152,28.50263218127718,31.67467765316244
6850,2.1248476982116697,2.276248812675476,0.1474282622337341,1.4111245393753051,3.208358073234558,3.209156262874603,2.694816470146179,28.522774090180818,31.68993667505913
6860,2.1248827099800107,2.2763125419616697,0.1474384903907775,1.410878276824951,3.2082963109016416,3.2091519355773923,2.6947385787963865,28.542915999084457,31.67925535973144
6870,2.124820554256439,2.2762842178344727,0.1474502921104431,1.4110733985900878,3.208384430408477,3.209219598770141,2.6947377920150757,28.563057907988096,31.670099946593425
6880,2.1248260617256163,2.276474618911743,0.147438097000122,1.410841691493988,3.2083356499671933,3.2091240048408505,2.6947578549385067,28.522774090180818,31.68993667505913
6890,2.1246974229812623,2.276420724391937,0.1474231481552124,1.4109156489372252,3.208328568935394,3.209214878082275,2.6946437716484066,28.50263218127718,31.723506523231865
6900,2.12477216720581,2.276511991024017,0.1474510788917541,1.4111611247062683,3.208312439918518,3.209160983562469,2.694570207595825,28.48249027237354,31.673151750972764
6910,2.12461599111557,2.27654070854187,0.1474377036094665,1.4110572695732115,3.208436357975006,3.2092030763626096,2.694735038280487,28.563057907988096,31.706721599145496
6920,2.1246466755867,2.2766315817832945,0.1474200010299682,1.4111103773117064,3.208361220359802,3.2091519355773923,2.6945934176445006,28.522774090180818,31.677729457541773
6930,2.1246309399604795,2.276665413379669,0.1474306225776672,1.4111154913902282,3.2083545327186584,3.2092184185981747,2.6946213483810424,28.522774090180818,31.7265583276112
6940,2.124536526203156,2.276680755615234,0.1474538326263427,1.4111619114875793,3.2084202289581296,3.209181439876556,2.6946260690689083,28.50263218127718,31.711299305714505
6950,2.1245282649993897,2.276755893230438,0.1474447846412658,1.411064350605011,3.2084202289581296,3.2092628717422484,2.694327092170715,28.522774090180818,31.702143892576487
6960,2.1244008064270017,2.276732289791107,0.1474428176879882,1.4110922813415527,3.208384430408477,3.209208190441132,2.694479727745056,28.563057907988096,31.706721599145496
6970,2.1244051337242125,2.2768086075782774,0.1474369168281555,1.4111375212669373,3.208385610580444,3.209214878082275,2.694512379169464,28.563057907988096,31.73113603418021
6980,2.124320948123932,2.27688217163086,0.1474557995796203,1.4111147046089172,3.208262479305267,3.2090815186500548,2.694421505928039,28.522774090180818,31.77538719768063
6990,2.124269413948059,2.276846373081207,0.1474463582038879,1.4110824465751648,3.208309292793274,3.2091861605644225,2.6944565176963806,28.542915999084457,31.7769130998703
7000,2.124227321147919,2.276934885978698,0.1474207878112793,1.4112087249755858,3.2082809686660765,3.2090767979621884,2.6942814588546753,28.623483634699014,31.78606851300832
7010,2.124151396751404,2.2769156098365784,0.1474388837814331,1.4111508965492248,3.2083321094512938,3.209186553955078,2.6942909002304076,28.50263218127718,31.784542610818647
7020,2.124160444736481,2.277096176147461,0.147438097000122,1.4112539649009703,3.208399772644043,3.2091838002204893,2.694081616401672,28.522774090180818,31.787594415197987
7030,2.1240845203399656,2.277133548259735,0.147438097000122,1.4112319350242617,3.208409214019776,3.2092365145683286,2.6942149758338925,28.563057907988096,31.81658655680171
7040,2.1241376280784605,2.2771323680877686,0.1474278688430786,1.41120046377182,3.208394658565521,3.209203863143921,2.6943562030792236,28.50263218127718,31.84557869840544
7050,2.1240813732147217,2.2771422028541566,0.1474447846412658,1.411159551143646,3.208402919769287,3.2092251062393187,2.694121742248535,28.60334172579537,31.83337148088808
7060,2.1238858580589293,2.2771673798561096,0.1474530458450317,1.4111422419548034,3.208298277854919,3.2091657042503354,2.694067060947418,28.50263218127718,31.85778591592279
7070,2.124007415771484,2.2773152947425843,0.1474361300468444,1.4111375212669373,3.20840528011322,3.209269165992737,2.694397902488708,28.60334172579537,31.84557869840544
7080,2.123964536190033,2.2773837447166443,0.1474467515945434,1.4113306760787965,3.2083348631858826,3.2091739654541014,2.69426257610321,28.522774090180818,31.84863050278477
7090,2.1238669753074646,2.2773267030715942,0.1474502921104431,1.4112319350242617,3.208515429496765,3.209327387809753,2.694478154182434,28.58319981689173,31.830319676508736
7100,2.123830389976501,2.277366042137146,0.1474577665328979,1.411163091659546,3.208411967754364,3.2092211723327635,2.694327878952026,28.48249027237354,31.80743114366369
7110,2.123837471008301,2.2774632096290586,0.1474676012992858,1.411198890209198,3.2083419442176817,3.2091055154800414,2.694517493247986,28.563057907988096,31.87762264438849
7120,2.123761940002441,2.277432918548584,0.1474672079086303,1.4110753655433654,3.208422589302063,3.209216451644897,2.694507658481598,28.48249027237354,31.86846723125048
7130,2.123702538013458,2.277578473091125,0.1474502921104431,1.4111453890800476,3.20833328962326,3.209146428108215,2.694521820545196,28.542915999084457,31.87457084000916
7140,2.1236443161964416,2.277611517906189,0.1474392771720886,1.4113672614097594,3.208409214019776,3.2091617703437803,2.694355809688568,28.50263218127718,31.882200350957504
7150,2.12356721162796,2.2775391340255737,0.147460126876831,1.4111477494239806,3.2084513068199154,3.2091436743736264,2.6943817734718323,28.542915999084457,31.88677805752652
7160,2.12357861995697,2.2776870489120484,0.1474518656730651,1.411255145072937,3.2083022117614743,3.209132659435272,2.6942696571350098,28.44220645456626,31.912718394750897
7170,2.1235011219978333,2.277783036231994,0.1474613070487976,1.4113908648490905,3.2084414720535275,3.2091712117195126,2.694313323497772,28.563057907988096,31.90203707942321
7180,2.123477518558502,2.27780191898346,0.1474557995796203,1.4115155696868895,3.208468222618103,3.2091558694839475,2.694191765785217,28.563057907988096,31.93865873197528
7190,2.123523545265197,2.2779038071632383,0.1474703550338745,1.4114935398101809,3.2083266019821166,3.209127151966095,2.6940127730369565,28.58319981689173,31.952391851682307
7200,2.123461389541626,2.2779380321502685,0.1474554061889648,1.4114357113838194,3.208356893062591,3.2091184973716733,2.693844795227051,28.563057907988096,31.914244296940566
7210,2.123376417160034,2.2779659628868103,0.1474620938301086,1.4116221785545349,3.208381283283233,3.2091952085494992,2.694043457508087,28.50263218127718,31.93102922102693
7220,2.123318588733673,2.27793527841568,0.1474459648132324,1.4114152550697323,3.208332896232605,3.209189701080322,2.6940143465995785,28.60334172579537,31.94323643854429
7230,2.1232556462287904,2.277986025810242,0.1474648475646972,1.411579692363739,3.208390724658966,3.209134232997894,2.694155180454254,28.522774090180818,31.995117112993057
7240,2.1232375502586365,2.278028905391693,0.1474679946899414,1.4115867733955385,3.2083175539970394,3.2090917468070983,2.6941661953926084,28.563057907988096,31.975280384527352
7250,2.12320214509964,2.2781304001808165,0.1474581599235534,1.411621391773224,3.208364760875701,3.2091389536857604,2.6940041184425354,28.563057907988096,31.98748760204471
7260,2.1231844425201416,2.2781638383865355,0.1474648475646972,1.411511242389679,3.208391511440277,3.209122037887573,2.694056439399719,28.542915999084457,31.972228580148013
7270,2.12313015460968,2.278240156173706,0.1474679946899414,1.411759865283966,3.2084564208984374,3.2091771125793453,2.694238972663879,28.563057907988096,31.975280384527352
7280,2.123086094856262,2.27826179265976,0.1474786162376404,1.411870801448822,3.208489465713501,3.209229826927185,2.6942578554153442,28.563057907988096,32.01190203707942
7290,2.1230176448822022,2.278324341773987,0.1474679946899414,1.411486852169037,3.20839387178421,3.2091503620147703,2.6939883828163147,28.563057907988096,32.01190203707942
7300,2.122949981689453,2.2783562064170835,0.1474868774414062,1.411839723587036,3.208354139328003,3.2091015815734862,2.693873119354248,28.50263218127718,32.01647974364843
7310,2.122986567020416,2.27837587594986,0.1474656343460083,1.4116949558258056,3.208413934707641,3.2092546105384825,2.6941890120506287,28.542915999084457,32.02105745021744
7320,2.122869336605072,2.278487205505371,0.1474628806114196,1.411839723587036,3.208426523208618,3.2092180252075195,2.6941728830337524,28.58319981689173,32.050049591821164
7330,2.1229342460632323,2.2785757184028625,0.1474656343460083,1.4117677330970764,3.208393085002899,3.20923730134964,2.694135510921478,28.48249027237354,32.051575494010834
7340,2.1227320432662964,2.27858909368515,0.147469961643219,1.4117807149887085,3.208440291881561,3.2092455625534058,2.6942547082901,28.563057907988096,32.03631647211414
7350,2.122754073143005,2.27867249250412,0.1474683880805969,1.4117740273475643,3.208381283283233,3.2092168450355527,2.693953764438629,28.58319981689173,32.050049591821164
7360,2.122722601890564,2.2786819338798523,0.1474892377853393,1.411803925037384,3.208351385593414,3.2092424154281614,2.6938802003860474,28.542915999084457,32.06988632028687
7370,2.122665953636169,2.278696095943451,0.1474774360656738,1.4118113994598387,3.208384430408477,3.209139740467071,2.693869972229004,28.522774090180818,32.0683604180972
7380,2.122591209411621,2.278701603412628,0.1474620938301086,1.4119227290153502,3.20832188129425,3.2091444611549376,2.6937909007072447,28.563057907988096,32.09735255970092
7390,2.1226093053817747,2.2788684010505675,0.1474912047386169,1.411816906929016,3.208362007141113,3.209195601940155,2.693832206726074,28.563057907988096,32.09735255970092
7400,2.1225809812545777,2.2789085268974305,0.1474613070487976,1.4117527842521669,3.2084076404571533,3.2091900944709777,2.6940292954444884,28.50263218127718,32.089723048752575
7410,2.122524333000183,2.27894629240036,0.1474703550338745,1.41192626953125,3.208374989032745,3.2092085838317868,2.693811357021332,28.563057907988096,32.085145342183566
7420,2.1224228382110595,2.278965961933136,0.1474491119384765,1.4117071509361263,3.2082833290100097,3.209120464324951,2.693604826927185,28.563057907988096,32.09735255970092
7430,2.1224255919456483,2.2790729641914367,0.1474782228469848,1.411973476409912,3.2083517789840696,3.2091853737831117,2.6935572266578673,28.58319981689173,32.11108567940795
7440,2.122390580177307,2.2791319727897643,0.1474711418151855,1.411803925037384,3.2083136200904843,3.2091598033905027,2.6934069514274595,28.542915999084457,32.14312962539101
7450,2.1223575353622435,2.2791693449020385,0.1474888443946838,1.4117197394371033,3.208408427238464,3.209295523166656,2.693740153312683,28.542915999084457,32.1187151903563
7460,2.122249746322632,2.279148495197296,0.1474876642227172,1.4116339802742004,3.208324635028839,3.209223139286041,2.6936449527740476,28.542915999084457,32.1187151903563
7470,2.122291052341461,2.279261398315429,0.1474805831909179,1.4117071509361263,3.20841668844223,3.209240448474884,2.6936142683029174,28.48249027237354,32.124818799114976
7480,2.1221561193466187,2.2793436169624326,0.1474845170974731,1.411618638038635,3.2083785295486447,3.209166491031646,2.693678784370422,28.58319981689173,32.15991454947738
7490,2.12219467163086,2.279318833351135,0.147504186630249,1.411816906929016,3.20847373008728,3.209319519996643,2.693661868572235,28.542915999084457,32.167544060425726
7500,2.122064459323883,2.279352271556854,0.1474750757217407,1.4121099829673769,3.208449339866638,3.209192454814911,2.6936827182769774,28.522774090180818,32.16601815823606
7510,2.122113239765167,2.2794238686561585,0.1475014328956604,1.4119254827499388,3.2083450913429257,3.2092156648635863,2.693734645843506,28.50263218127718,32.175173571374074
7520,2.12209632396698,2.2794785499572754,0.1474727153778076,1.4120655298233031,3.208358860015869,3.209278607368469,2.6936599016189575,28.542915999084457,32.2041657129778
7530,2.1220632791519165,2.27950097322464,0.14747074842453,1.4119899988174438,3.2084115743637085,3.209249889850616,2.6936559677124023,28.4623483634699,32.19653620202945
7540,2.1218465209007262,2.2796720981597898,0.1474876642227172,1.411969149112701,3.2084257364273068,3.2091932415962217,2.6936728835105894,28.542915999084457,32.22858014801251
7550,2.121883499622345,2.279690980911255,0.1474974989891052,1.4118298888206482,3.208362793922424,3.209229826927185,2.6936661958694454,28.58319981689173,32.19653620202945
7560,2.1218488812446594,2.2797539234161377,0.1474912047386169,1.412076938152313,3.208395445346832,3.209194028377533,2.6935780763626096,28.522774090180818,32.19043259327077
7570,2.12186815738678,2.2797783136367795,0.147504186630249,1.4120926737785338,3.20842809677124,3.2092652320861816,2.693470287322998,28.563057907988096,32.219424734874494
7580,2.121747386455536,2.279842436313629,0.1474620938301086,1.4119648218154903,3.208374595642089,3.209157443046569,2.693384528160095,28.522774090180818,32.214847028305485
7590,2.1217426657676697,2.279909312725067,0.1474963188171386,1.4118546724319456,3.2084261298179624,3.209178292751312,2.6933294534683228,28.522774090180818,32.22705424582284
7600,2.121816623210907,2.279944324493408,0.1474849104881286,1.4120246171951294,3.208426523208618,3.2091613769531246,2.6934191465377806,28.50263218127718,32.24841687647822
7610,2.121703720092773,2.279988777637481,0.1474853038787841,1.411947512626648,3.208387970924377,3.209264051914215,2.6933589577674866,28.522774090180818,32.2392614633402
7620,2.1215860962867734,2.2800328373909,0.1474738955497741,1.4121819734573364,3.208422195911407,3.2092325806617734,2.6933711528778073,28.50263218127718,32.23620965896086
7630,2.121569967269897,2.2801209568977354,0.147492778301239,1.4122185587882994,3.2083966255187986,3.2092074036598204,2.6932842135429382,28.563057907988096,32.24383916990921
7640,2.121554231643677,2.280259430408478,0.1474809765815734,1.4119754433631897,3.2083517789840696,3.209150755405426,2.693406558036804,28.48249027237354,32.28351262684062
7650,2.1214893221855164,2.280312144756317,0.1474856972694397,1.4122870087623596,3.2084308505058288,3.20923376083374,2.6933597445487973,28.563057907988096,32.31708247501335
7660,2.121457064151764,2.2802932620048524,0.1475030064582824,1.4118645071983336,3.208266413211822,3.2090740442276,2.6932177305221554,28.542915999084457,32.27740901808194
7670,2.121383500099182,2.280365252494812,0.147471535205841,1.4119844913482664,3.208449339866638,3.209241235256195,2.6933263063430783,28.60334172579537,32.260624093995574
7680,2.121330392360687,2.280388462543488,0.1474738955497741,1.4119663953781127,3.2084033131599425,3.2091838002204893,2.693272805213928,28.522774090180818,32.31250476844434
7690,2.121400022506714,2.280454158782959,0.1474735021591186,1.4120151758193968,3.208449733257293,3.209236907958984,2.6932436943054197,28.542915999084457,32.338445105668725
7700,2.1212218165397645,2.280491530895233,0.14750497341156,1.4120328783988951,3.208406853675842,3.209250283241272,2.6932562828063964,28.60334172579537,32.32166018158236
7710,2.1212379455566404,2.280579650402069,0.1474746823310852,1.411949872970581,3.208349812030792,3.2092349410057066,2.693189799785614,28.563057907988096,32.32928969253071
7720,2.121235585212708,2.280682718753815,0.1474963188171386,1.412183940410614,3.208402132987976,3.2091916680336,2.6932747721672055,28.48249027237354,32.30792706187533
7730,2.1212218165397645,2.280681931972504,0.1474967122077941,1.4119892120361328,3.2083738088607787,3.2092235326766967,2.693253922462463,28.563057907988096,32.35370412756542
7740,2.1210699677467346,2.280759036540985,0.1475096940994262,1.4122209191322326,3.20833328962326,3.209159409999847,2.6931362986564635,28.58319981689173,32.33081559472038
7750,2.121041643619537,2.2807602167129515,0.1475065469741821,1.4122543573379516,3.208411180973053,3.209206616878509,2.693145740032196,28.542915999084457,32.31403067063401
7760,2.121072721481323,2.2808294534683227,0.1474904179573059,1.4121449947357176,3.2082778215408325,3.2091015815734862,2.693075716495514,28.44220645456626,32.376592660410466
7770,2.121023941040039,2.2808766603469848,0.1474947452545165,1.4122826814651488,3.2084926128387448,3.20924084186554,2.693185865879059,28.50263218127718,32.32166018158236
7780,2.1208516359329224,2.280934882164001,0.1474974989891052,1.4121245384216308,3.208345878124237,3.209140920639038,2.692945897579193,28.522774090180818,32.34912642099641
7790,2.1208614706993103,2.281022608280182,0.1474919915199279,1.4123058915138245,3.2084229826927184,3.2092085838317868,2.692991530895233,28.50263218127718,32.37048905165179
7800,2.1208130836486814,2.2810639142990112,0.1475230693817138,1.412263011932373,3.208414328098297,3.2091550827026367,2.692869186401367,28.563057907988096,32.378118562600136
7810,2.1208319664001465,2.2811697363853454,0.1474990725517272,1.4122146248817442,3.208370268344879,3.2091900944709777,2.6928270936012266,28.522774090180818,32.39795529106584
7820,2.120772957801819,2.2812669038772584,0.1474994659423828,1.4123700141906737,3.2083486318588257,3.2092007160186764,2.69270396232605,28.542915999084457,32.387273975738154
7830,2.1207501411437986,2.281208288669586,0.1475073337554931,1.4123822093009948,3.2083509922027584,3.209203863143921,2.6926779985427856,28.542915999084457,32.39948119325551
7840,2.1206218957901,2.2812208771705627,0.1475391983985901,1.4124254822731015,3.208418655395508,3.209201896190643,2.692694127559662,28.522774090180818,32.44678416113527
7850,2.120697820186615,2.2813589572906494,0.1475100874900818,1.4123440504074096,3.2083266019821166,3.2091570496559143,2.692865252494812,28.542915999084457,32.44831006332494
7860,2.120607340335846,2.281399869918823,0.1474967122077941,1.4123468041419982,3.208286082744598,3.20914249420166,2.6927728056907654,28.522774090180818,32.43457694361791
7870,2.1205522656440734,2.281405770778656,0.1475167751312255,1.4121957421302795,3.208425343036652,3.209226286411285,2.6927523493766783,28.542915999084457,32.44831006332494
7880,2.120581769943237,2.281531655788421,0.1475191354751586,1.4123172998428344,3.2083824634552,3.2091460347175595,2.692869186401367,28.48249027237354,32.45441367208362
7890,2.120491290092468,2.2816150546073914,0.1475171685218811,1.412230360507965,3.2084552407264706,3.2092251062393187,2.6926960945129395,28.50263218127718,32.45593957427329
7900,2.1205156803131104,2.2815497517585754,0.1475195288658142,1.4123829960823058,3.208393085002899,3.209182226657868,2.6926917672157287,28.44220645456626,32.47425040054932
7910,2.120383894443512,2.281656360626221,0.147526216506958,1.412700855731964,3.208366334438324,3.209187340736389,2.692821192741394,28.542915999084457,32.460517280842296
7920,2.120313084125519,2.281700026988983,0.1475250363349914,1.4125494003295898,3.2083380103111265,3.209149575233459,2.692759823799133,28.542915999084457,32.48493171587701
7930,2.1204145789146422,2.281798768043518,0.1475195288658142,1.4124274492263793,3.2084564208984374,3.209179866313934,2.6926673769950864,28.522774090180818,32.4956130312047
7940,2.120306396484375,2.2818790197372434,0.1475096940994262,1.4125356316566466,3.208403706550598,3.209192454814911,2.692783427238464,28.522774090180818,32.507820248722055
7950,2.1203067898750305,2.28201631307602,0.1475246429443359,1.4126261115074157,3.2084277033805844,3.2093073248863218,2.69283732175827,28.542915999084457,32.49713893339437
7960,2.1202009677886964,2.2820005774497987,0.1475136280059814,1.4125501871109007,3.208308112621307,3.2091723918914794,2.6926909804344175,28.542915999084457,32.509346150911725
7970,2.1201482534408567,2.282011592388153,0.1474959254264831,1.4125218629837035,3.208412754535675,3.209241235256195,2.6926925539970394,28.542915999084457,32.52155336842908
7980,2.1201108813285825,2.282058799266815,0.1475128412246704,1.412585985660553,3.208323061466217,3.209162950515747,2.6926323652267454,28.50263218127718,32.50476844434272
7990,2.1200408577919005,2.2821866512298583,0.1474990725517272,1.412411320209503,3.208361220359802,3.2091633439064022,2.692550539970398,28.50263218127718,32.553597314412144
8000,2.1199094653129578,2.2820961713790893,0.1474864840507507,1.412478196620941,3.208315980434417,3.209050440788269,2.6925230026245117,28.522774090180818,32.55664911879148
8010,2.1198060035705564,2.282231104373932,0.1474738955497741,1.4124207615852356,3.2082923769950864,3.2089985132217405,2.6931001067161557,28.563057907988096,32.57343404287785
8020,2.1198012828826904,2.2822787046432493,0.1475112676620483,1.412527370452881,3.2081944227218626,3.2090012669563293,2.693072962760925,28.542915999084457,32.55817502098115
8030,2.1197914481163025,2.282208287715912,0.1474731087684631,1.4125069141387938,3.2082939505577084,3.209110236167908,2.6927228450775145,28.563057907988096,32.56122682536049
8040,2.1196966409683227,2.282319223880768,0.1474660277366638,1.412632405757904,3.2081865549087523,3.2089591741561887,2.6925351977348324,28.563057907988096,32.56122682536049
8050,2.119761550426483,2.282444715499878,0.1474735021591186,1.4126387000083922,3.2082734942436217,3.2091094493865966,2.6925662755966187,28.542915999084457,32.594796673533224
8060,2.119706082344055,2.2824352741241456,0.14747074842453,1.4125470399856566,3.208224320411682,3.209111416339874,2.6925678491592406,28.50263218127718,32.60242618448157
8070,2.119647467136383,2.2824262261390684,0.1475104808807373,1.4126127362251282,3.2081845879554747,3.209050440788269,2.6926252841949463,28.60334172579537,32.60242618448157
8080,2.119635272026062,2.2825985312461854,0.1474738955497741,1.4125454664230346,3.2081747531890867,3.208958387374878,2.6925391316413876,28.50263218127718,32.60242618448157
8090,2.119578230381012,2.2826237082481384,0.1474849104881286,1.4126670241355894,3.2082683801651,3.2090740442276,2.692329454421997,28.4623483634699,32.62378881513695
8100,2.1195314168930053,2.2827134013175963,0.1474656343460083,1.4125265836715697,3.208209764957428,3.208977663516998,2.692215371131897,28.48249027237354,32.61310749980926
8110,2.119373667240142,2.2826724886894225,0.1474577665328979,1.4126725316047668,3.2081861615180967,3.208996546268463,2.692239761352539,28.50263218127718,32.590218966964215
8120,2.119453918933868,2.282836139202118,0.1474542260169982,1.4123652935028077,3.2081291198730466,3.2089159011840818,2.692336142063141,28.60334172579537,32.62684061951629
8130,2.119236373901367,2.28274644613266,0.1474416375160217,1.4122413754463194,3.2081098437309263,3.208812439441681,2.691963994503021,28.522774090180818,32.61768520637827
8140,2.1192174911499024,2.2829022288322447,0.1474168539047241,1.412285828590393,3.208123612403869,3.208935177326202,2.6917897224426266,28.563057907988096,32.68329900053406
8150,2.119141566753388,2.282901835441589,0.1474557995796203,1.412451446056366,3.2081527233123777,3.208906066417694,2.691881775856018,28.563057907988096,32.69550621805142
8160,2.1191635966300963,2.282945108413696,0.1474502921104431,1.412453019618988,3.207997727394104,3.208873414993286,2.691596174240112,28.522774090180818,32.64209964141298
8170,2.1190105676651,2.2830706000328065,0.1474172472953796,1.4123888969421383,3.208037853240967,3.208825027942657,2.6919521927833556,28.542915999084457,32.66803997863737
8180,2.1189684748649595,2.283073353767395,0.1474443912506103,1.4124490857124328,3.208110237121582,3.2088659405708317,2.691831028461456,28.542915999084457,32.69245441367208
8190,2.1189318895339966,2.283066272735596,0.1474050521850586,1.412478196620941,3.208053195476532,3.2087711334228515,2.6916642308235166,28.563057907988096,32.671091783016706
8200,2.1188567519187926,2.283144950866699,0.1474019050598144,1.412484884262085,3.2079088211059568,3.2085764050483703,2.6915226101875303,28.563057907988096,32.68329900053406
8210,2.1187426686286925,2.2833086013793946,0.1474219679832458,1.4123900771141051,3.208004021644592,3.2088891506195067,2.6920737504959105,28.60334172579537,32.712291142137786
8220,2.1187418818473813,2.283336925506592,0.1474306225776672,1.4125938534736633,3.207937932014465,3.208810079097748,2.692056441307068,28.50263218127718,32.712291142137786
8230,2.1187068700790403,2.283281457424164,0.147438097000122,1.4123995184898377,3.207955634593964,3.208858466148376,2.6920706033706665,28.522774090180818,32.70313572899977
8240,2.118658483028412,2.283429765701294,0.1474377036094665,1.412457740306854,3.208012282848358,3.2089292764663693,2.692032444477081,28.522774090180818,32.715342946517126
8250,2.118653762340545,2.2835466027259828,0.147448718547821,1.4125222563743591,3.2080508351325987,3.208866727352142,2.691961634159088,28.542915999084457,32.716868848706795
8260,2.1185243368148803,2.28358279466629,0.1474388837814331,1.4125741839408874,3.207993400096893,3.208644461631774,2.6915092349052427,28.563057907988096,32.719920653086135
8270,2.118530237674713,2.283670914173126,0.1474105596542358,1.4127386212348938,3.2078576803207395,3.208653903007507,2.691432130336761,28.563057907988096,32.70771343556878
8280,2.118529450893402,2.2836740612983704,0.1474085927009582,1.4125792980194092,3.20789977312088,3.208632266521453,2.691415214538574,28.563057907988096,32.73212787060349
8290,2.1185699701309204,2.2837389707565308,0.1474577665328979,1.412768518924713,3.2081397414207458,3.208936357498169,2.6917621850967404,28.50263218127718,32.761120012207215
8300,2.1184849977493285,2.283727562427521,0.1474058389663696,1.412799596786499,3.2078765630722046,3.208803391456604,2.6916465282440183,28.563057907988096,32.76874952315556
8310,2.118508994579315,2.2838412523269653,0.1474215745925903,1.4126701712608336,3.2080118894577025,3.208655083179474,2.6913137197494503,28.60334172579537,32.797741664759286
8320,2.118363046646118,2.2839136362075805,0.1473881363868713,1.4127209186553955,3.208098042011261,3.208985137939453,2.6915894865989682,28.563057907988096,32.79316395819028
8330,2.118269419670105,2.2840584039688108,0.1474302291870117,1.4127165913581847,3.208006775379181,3.2089497327804564,2.691447865962982,28.542915999084457,32.79011215381094
8340,2.118262732028961,2.2840764999389647,0.1474215745925903,1.412661910057068,3.207978057861328,3.2088104724884032,2.6914718627929686,28.522774090180818,32.764171816586554
8350,2.1181588768959045,2.2840650916099547,0.1474318027496337,1.4127004623413084,3.208033919334412,3.20870976448059,2.691172099113464,28.522774090180818,32.77637903410391
8360,2.118147075176239,2.2841406226158143,0.1473798751831054,1.4129231214523317,3.2080803394317625,3.2086625576019285,2.691266512870788,28.58319981689173,32.77027542534523
8370,2.1181533694267274,2.2843361377716063,0.14742511510849,1.4127047896385192,3.208064210414886,3.208780181407928,2.691581618785858,28.563057907988096,32.756542305638206
8380,2.118149828910828,2.284347939491272,0.1474428176879882,1.4127004623413084,3.2078537464141843,3.208790409564972,2.69130939245224,28.542915999084457,32.79011215381094
8390,2.117992866039276,2.284329843521118,0.1474459648132324,1.4125478267669678,3.2080524086952207,3.208762872219085,2.691437244415283,28.58319981689173,32.74586099031052
8400,2.1180798053741454,2.2843939661979675,0.1474361300468444,1.4126717448234558,3.207890331745148,3.2088305354118347,2.691090667247772,28.522774090180818,32.7519645990692
8410,2.1179877519607544,2.284481298923492,0.1474176406860351,1.41289165019989,3.2080567359924315,3.2088505983352658,2.6910560488700863,28.44220645456626,32.76722362096589
8420,2.1179385781288147,2.2845308661460875,0.1474447846412658,1.4126984953880308,3.207946979999542,3.208723139762878,2.691060376167297,28.542915999084457,32.79011215381094
8430,2.1178524255752564,2.2845521092414853,0.1474384903907775,1.412869620323181,3.208082699775696,3.208790802955628,2.691075325012207,28.563057907988096,32.805371175707634
8440,2.117770206928253,2.2846591114997863,0.1474203944206237,1.4127036094665526,3.2079123616218563,3.208679866790771,2.6908731222152706,28.60334172579537,32.77332722972457
8450,2.1178929448127746,2.2847275614738463,0.1474349498748779,1.4126957416534422,3.207905673980713,3.208889937400817,2.6913487315177917,28.542915999084457,32.79011215381094
8460,2.11775997877121,2.28477201461792,0.1473857760429382,1.4126276850700377,3.208029198646545,3.208725500106812,2.6911170244216915,28.563057907988096,32.805371175707634
8470,2.11765376329422,2.284877049922943,0.1474534392356872,1.4128723740577698,3.207904493808746,3.2086220383644104,2.6912165522575378,28.563057907988096,32.79316395819028
8480,2.117667531967163,2.2848565936088563,0.1473963975906372,1.4127193450927733,3.207912755012512,3.2087081909179687,2.6913857102394103,28.542915999084457,32.765697718776224
8490,2.117612850666046,2.2849608421325684,0.1474349498748779,1.4128369688987732,3.207898592948913,3.2087286472320558,2.6911988496780395,28.563057907988096,32.76874952315556
8500,2.11758885383606,2.2851083636283875,0.147415280342102,1.4129231214523317,3.207976484298706,3.208720779418945,2.6912893295288085,28.58319981689173,32.79468986037995
8510,2.117601442337036,2.285091841220856,0.1474180340766906,1.4128405094146728,3.2079532742500305,3.208707010746002,2.6912240266799925,28.542915999084457,32.79011215381094
8520,2.1175947546958924,2.285015916824341,0.1474026918411254,1.4128550648689269,3.2080736517906185,3.20873966217041,2.6910611629486083,28.563057907988096,32.79316395819028
8530,2.117526304721832,2.285107970237732,0.1474231481552124,1.4129073858261108,3.2080288052558896,3.208783721923828,2.691023790836334,28.563057907988096,32.78095674067292
8540,2.117388617992401,2.285177993774414,0.1474180340766906,1.412845230102539,3.207956027984619,3.208720779418945,2.690840470790863,28.58319981689173,32.81910429541466
8550,2.117292237281799,2.2851189851760862,0.1474278688430786,1.412820053100586,3.2078234553337097,3.2086098432540893,2.6909427523612974,28.48249027237354,32.759594110017545
8560,2.1173036456108094,2.285333776473999,0.1474097728729248,1.4129298090934752,3.2079874992370603,3.208657443523407,2.6910292983055113,28.563057907988096,32.805371175707634
8570,2.117337477207184,2.285290503501892,0.1473979711532592,1.4129750490188595,3.208076012134552,3.2088419437408446,2.691373515129089,28.60334172579537,32.80994888227664
8580,2.11726588010788,2.285372722148895,0.1474192142486572,1.4130120277404783,3.2079115748405456,3.208767592906952,2.6911071896553036,28.623483634699014,32.7870603494316
8590,2.1173748493194577,2.2854372382164,0.1473975777626037,1.4131807923316957,3.208075225353241,3.208725893497467,2.6908939719200133,28.522774090180818,32.764171816586554
8600,2.1172509312629697,2.2854655623435973,0.1474148869514465,1.413007307052612,3.2079288840293883,3.2087896227836605,2.6909274101257323,28.542915999084457,32.765697718776224
8610,2.117180514335632,2.2855194568634034,0.1474113464355468,1.413050973415375,3.2081865549087523,3.2087573647499084,2.690979731082916,28.563057907988096,32.756542305638206
8620,2.117125833034516,2.2855615496635435,0.1474278688430786,1.413169777393341,3.2079603552818297,3.2087585449218747,2.6908188343048094,28.50263218127718,32.74891279468986
8630,2.1170652508735657,2.285669338703156,0.1474042654037475,1.4131961345672606,3.2079670429229736,3.2087463498115536,2.690915215015411,28.542915999084457,32.79011215381094
8640,2.117001128196716,2.285588300228119,0.1474530458450317,1.4132571101188658,3.2079827785491943,3.208802604675293,2.6909222960472103,28.563057907988096,32.74433508812085
8650,2.1169551014900208,2.2856685519218445,0.147416067123413,1.4131139159202577,3.2080968618392944,3.208829355239868,2.691081619262695,28.542915999084457,32.74128328374151
8660,2.1170302391052247,2.285703957080841,0.1474345564842224,1.4133684396743773,3.2079123616218563,3.2087420225143437,2.6909443259239194,28.522774090180818,32.7519645990692
8670,2.1169031739234923,2.285656750202179,0.1474361300468444,1.4133495569229124,3.207958781719208,3.208885610103607,2.691011595726013,28.58319981689173,32.74586099031052
8680,2.1168555736541745,2.2857425093650816,0.1474215745925903,1.4131981015205382,3.207980024814605,3.208767592906952,2.6905355930328367,28.58319981689173,32.77027542534523
8690,2.116769814491272,2.285736608505249,0.1474219679832458,1.4133094310760497,3.208010709285736,3.2089119672775266,2.6908219814300534,28.522774090180818,32.77637903410391
8700,2.116743063926697,2.285880982875824,0.1474664211273193,1.413361358642578,3.207951307296753,3.2087923765182493,2.690880990028381,28.542915999084457,32.765697718776224
8710,2.11663920879364,2.2858428239822386,0.147437310218811,1.4134970784187315,3.207976484298706,3.2087058305740355,2.6908880710601806,28.522774090180818,32.73975738155184
8720,2.11662780046463,2.2858404636383054,0.1474459648132324,1.4133113980293273,3.2080028414726254,3.208782148361206,2.6906669855117795,28.563057907988096,32.756542305638206
8730,2.1165589570999144,2.28593055009842,0.1474695682525634,1.4134423971176149,3.2079631090164185,3.2087365150451657,2.690479338169098,28.58319981689173,32.74586099031052
8740,2.116483426094056,2.286015129089356,0.1474337697029113,1.413358998298645,3.2078879714012145,3.208699536323547,2.6903644680976866,28.522774090180818,32.764171816586554
8750,2.116512143611908,2.286055254936218,0.1474514722824096,1.4134636402130123,3.207966649532318,3.2088092923164364,2.6905430674552915,28.563057907988096,32.74433508812085
8760,2.116508996486664,2.2859974265098573,0.147437310218811,1.4133955836296082,3.2078824639320374,3.208848631381988,2.6905285120010376,28.58319981689173,32.75806820782788
8770,2.1163909792900086,2.28603755235672,0.1474565863609314,1.4137197375297543,3.2080166101455685,3.20894068479538,2.690418756008148,28.522774090180818,32.70313572899977
8780,2.116339445114136,2.28598837852478,0.1474203944206237,1.413426661491394,3.207898199558258,3.208754217624664,2.690139842033386,28.563057907988096,32.79316395819028
8790,2.1163020730018616,2.2861551761627195,0.1474502921104431,1.4135458588600158,3.208018183708191,3.208894658088684,2.690155184268951,28.50263218127718,32.78553444724193
8800,2.116294991970062,2.286005687713623,0.1474436044692993,1.413600540161133,3.207991826534271,3.208858859539032,2.6899872064590453,28.58319981689173,32.79468986037995
8810,2.116166746616364,2.2861288189888,0.1474900245666504,1.4134046316146849,3.207955241203308,3.208788442611694,2.690285003185272,28.542915999084457,32.82673380636301
8820,2.1161993980407714,2.2861461281776427,0.1474577665328979,1.4135112404823302,3.2079174757003783,3.208751857280731,2.690733468532562,28.542915999084457,32.89997711146715
8830,2.116180121898651,2.286194121837616,0.1474735021591186,1.4136469602584838,3.2079434394836426,3.2087668061256407,2.6904466867446897,28.643625543602653,33.1441214618143
8840,2.11606171131134,2.286209464073181,0.1474687814712524,1.4135785102844238,3.20816216468811,3.208921015262604,2.690780675411224,28.522774090180818,32.91065842679484
8850,2.1161073446273804,2.2862676858901976,0.1474695682525634,1.413656401634216,3.2080886006355285,3.2089324235916137,2.6907598257064818,28.522774090180818,32.764171816586554
8860,2.116026306152344,2.28631135225296,0.1474408507347107,1.4138129711151122,3.208197963237762,3.2089343905448917,2.690809392929077,28.58319981689173,32.77027542534523
8870,2.11588271856308,2.286308205127716,0.1474451780319214,1.413795268535614,3.208048868179321,3.2087990641593933,2.690904593467712,28.50263218127718,32.932021057450214
8880,2.115840625762939,2.286320400238037,0.1474557995796203,1.413787007331848,3.208041787147522,3.2088714480400085,2.6905391335487363,28.542915999084457,32.96101319905394
8890,2.115805613994598,2.2863451838493347,0.1474538326263427,1.41367449760437,3.2079815983772275,3.2088541388511658,2.6907086849212645,28.48249027237354,32.97932402532997
8900,2.1158642292022702,2.286301517486572,0.1474605202674865,1.4138047099113464,3.207886791229248,3.208828175067901,2.690596568584442,28.50263218127718,33.005264362554364
8910,2.1158315777778625,2.28639121055603,0.1474640607833862,1.413786220550537,3.2081165313720703,3.208996546268463,2.6909207224845884,28.563057907988096,33.06172274357214
8920,2.1156616330146787,2.2863259077072144,0.1474687814712524,1.4140002250671386,3.207985138893127,3.2088989853858947,2.6906823277473446,28.60334172579537,33.127336537727935
8930,2.1156128525733946,2.2863860964775085,0.1474974989891052,1.4138247728347777,3.208114171028137,3.2089159011840818,2.690687835216522,28.542915999084457,33.290608072022586
8940,2.1156014442443847,2.286507654190064,0.1474731087684631,1.4140147805213927,3.2079190492630003,3.2089398980140684,2.6904281973838806,28.60334172579537,33.22499427786679
8950,2.115571939945221,2.2864667415618896,0.1474502921104431,1.413774812221527,3.20812007188797,3.208859646320343,2.6904368519783017,28.58319981689173,33.11207751583124
8960,2.115483820438385,2.2864750027656555,0.1474333763122558,1.4140859842300415,3.20800244808197,3.208906459808349,2.6904549479484556,28.60334172579537,33.078507667658506
8970,2.1154059290885923,2.28646320104599,0.1474459648132324,1.4139789819717403,3.208030378818512,3.2088171601295468,2.690581226348877,28.4623483634699,33.13649195086595
8980,2.11541143655777,2.2865115880966185,0.1474746823310852,1.4141615152359008,3.208092141151428,3.208935177326202,2.690610337257385,28.58319981689173,33.173113603418024
8990,2.115349280834198,2.2863943576812744,0.14744793176651,1.4141626954078674,3.208029198646545,3.208939111232757,2.6908282756805417,28.522774090180818,33.19142442969406
9000,2.115383899211884,2.286386489868164,0.1474565863609314,1.4139593124389649,3.2080567359924315,3.208887183666229,2.690552508831024,28.623483634699014,33.214312962539104
9010,2.1152167081832887,2.2865639090538026,0.14747074842453,1.413910138607025,3.208104729652405,3.208972549438476,2.690660297870636,28.522774090180818,33.20363164721142
9020,2.1152198553085326,2.286459267139435,0.1474758625030517,1.4140305161476134,3.208085453510284,3.2087530374526976,2.690409708023071,28.50263218127718,33.23720149538415
9030,2.1148048281669616,2.286256277561188,0.1473806619644165,1.413669776916504,3.207615745067596,3.208114957809448,2.6899136424064634,28.50263218127718,33.23720149538415
9040,2.115023946762085,2.2864824771881103,0.1473995447158813,1.4138770937919616,3.2081594109535216,3.2088061451911924,2.6896256804466248,28.563057907988096,33.28145265888457
9050,2.114920485019684,2.2867790937423704,0.1476009607315063,1.414223277568817,3.2085000872612,3.2094992995262146,2.6905021548271177,28.50263218127718,33.28603036545358
9060,2.1147883057594297,2.2867633581161497,0.1475911259651184,1.41407732963562,3.2082601189613342,3.2091472148895264,2.6901665925979614,28.542915999084457,33.30281528953994
9070,2.114752900600433,2.2868624925613403,0.1476037144660949,1.414300775527954,3.2083797097206115,3.2092251062393187,2.690074145793915,28.522774090180818,33.337911039902345
9080,2.1146868109703063,2.2869136333465576,0.1475663423538208,1.414121389389038,3.2084064602851865,3.209214878082275,2.6902897238731383,28.542915999084457,33.339436942092014
9090,2.1146506190299985,2.286886882781982,0.1475781440734863,1.4142028212547302,3.208363580703735,3.209181833267212,2.690425443649292,28.542915999084457,33.36385137712673
9100,2.114512538909912,2.286889636516571,0.1475978136062622,1.4142716646194458,3.2083757758140563,3.209240448474884,2.6905733585357665,28.522774090180818,33.3501182574197
9110,2.1144468426704406,2.2870281100273133,0.1475934863090515,1.414291727542877,3.2083797097206115,3.209181833267212,2.6904207229614254,28.48249027237354,33.382162203402764
9120,2.1144047498703,2.2869195342063904,0.1475616216659545,1.4144600987434386,3.208371448516845,3.209191274642944,2.690583980083465,28.50263218127718,33.39589532310979
9130,2.114346528053284,2.2869344830513,0.1475926995277404,1.4143279194831848,3.208371841907501,3.2092380881309506,2.690619385242462,28.542915999084457,33.36385137712673
9140,2.114283585548401,2.2870186686515805,0.1476021409034729,1.4143633246421814,3.2083136200904843,3.2092266798019407,2.6904006600379944,28.4623483634699,33.40505073624781
9150,2.114280831813812,2.287070202827453,0.1475871920585632,1.4144172191619873,3.208385610580444,3.2091806530952454,2.6902724146842956,28.542915999084457,33.4004730296788
9160,2.1141852378845214,2.287004899978637,0.1475730299949646,1.414499044418335,3.20834037065506,3.2091153502464294,2.6902200937271115,28.42206454566262,33.4004730296788
9170,2.114123475551605,2.287034404277801,0.1475757837295532,1.4143841743469237,3.20846232175827,3.2091834068298337,2.69030624628067,28.50263218127718,33.39589532310979
9180,2.114106559753418,2.2870993137359616,0.147582471370697,1.4144585251808166,3.208387970924377,3.2091771125793453,2.6902822494506835,28.542915999084457,33.424887464713514
9190,2.114099085330963,2.2871201634407043,0.1476363658905029,1.414442789554596,3.208364760875701,3.2091916680336,2.690141022205353,28.542915999084457,33.47371633478294
9200,2.114022374153137,2.287172877788544,0.1475950598716735,1.4145010113716123,3.20836318731308,3.20924516916275,2.6902338624000546,28.48249027237354,33.44319829098955
9210,2.1139708399772643,2.287215757369995,0.1476100087165832,1.4145639538764954,3.208428883552551,3.20922235250473,2.6900147438049316,28.563057907988096,33.464560921644924
9220,2.114008605480194,2.287214577198029,0.1475698828697204,1.4145269751548766,3.2084843516349792,3.209207797050476,2.6898853182792664,28.563057907988096,33.464560921644924
9230,2.1138217449188232,2.287221264839172,0.1475950598716735,1.4146119475364685,3.208415901660919,3.209223139286041,2.690042281150818,28.58319981689173,33.49050125886931
9240,2.1138469219207763,2.287228345870972,0.1476029276847839,1.4145482182502749,3.2083773493766783,3.209174358844757,2.6899104952812194,28.522774090180818,33.47219043259327
9250,2.1137831926345823,2.287239360809326,0.1475926995277404,1.4145726084709167,3.208483958244324,3.2092553973197937,2.6900261521339415,28.522774090180818,33.45998321507592
9260,2.113717496395111,2.2872708320617674,0.1476135492324829,1.4145202875137328,3.2084662556648254,3.209198355674744,2.689930558204651,28.563057907988096,33.501182574197
9270,2.1136372447013856,2.2873263001441955,0.147583258152008,1.414556872844696,3.2084406852722167,3.209135413169861,2.689954555034637,28.542915999084457,33.510337987335014
9280,2.1136655688285826,2.287442350387573,0.1476068615913391,1.4145930647850036,3.2083860039711,3.20917317867279,2.689768874645233,28.563057907988096,33.52559700923171
9290,2.1135621070861816,2.2874199271202085,0.1476096153259277,1.4148172974586486,3.208480417728424,3.209321093559265,2.6899805188179013,28.58319981689173,33.52712291142138
9300,2.1134885430336,2.287404584884644,0.1476202368736267,1.4148511290550232,3.2083911180496214,3.209268772602081,2.6899317383766173,28.58319981689173,33.53933012893874
9310,2.113413405418396,2.2874569058418275,0.1475734233856201,1.4148184776306152,3.208436357975006,3.2092380881309506,2.690100502967834,28.50263218127718,33.51796749828336
9320,2.113448417186737,2.2874655604362486,0.1476127624511718,1.4148597836494443,3.208450126647949,3.2092978835105894,2.6899856328964233,28.563057907988096,33.53780422674907
9330,2.113383114337921,2.287450611591339,0.1475954532623291,1.4147984147071837,3.208450126647949,3.209235334396362,2.689910888671875,28.542915999084457,33.510337987335014
9340,2.1133323669433595,2.287563908100128,0.1476107954978942,1.4147787451744078,3.2084513068199154,3.209207797050476,2.6898983001708983,28.50263218127718,33.51796749828336
9350,2.113292634487152,2.287479329109192,0.147606074810028,1.4147213101387024,3.2083919048309326,3.20914249420166,2.6896925568580627,28.522774090180818,33.53322652018006
9360,2.113210809230804,2.2876091480255125,0.1475844383239746,1.4149722933769224,3.2084107875823973,3.209075617790222,2.6897846102714538,28.522774090180818,33.53322652018006
9370,2.1131864190101624,2.287607181072235,0.1476131558418273,1.4149054169654844,3.208304965496063,3.2092097640037536,2.6898101806640624,28.50263218127718,33.54238193331808
9380,2.113088071346283,2.287588691711426,0.1476041078567505,1.414935314655304,3.208366334438324,3.20917317867279,2.6896374821662903,28.522774090180818,33.58205539024949
9390,2.113097906112671,2.287733852863312,0.1476041078567505,1.4150753617286682,3.208294343948364,3.209140920639038,2.6896331548690795,28.563057907988096,33.550011444266424
9400,2.113047158718109,2.2876174092292785,0.1475958466529846,1.4150195002555843,3.2083820700645447,3.20914249420166,2.6895466089248656,28.4623483634699,33.53933012893874
9410,2.112973594665528,2.287634718418121,0.1475954532623291,1.4149069905281066,3.2085244774818418,3.209195601940155,2.6895906686782833,28.58319981689173,33.56374456397345
9420,2.112910258769989,2.287746834754944,0.147606074810028,1.4150112390518188,3.208383250236511,3.2091806530952454,2.6893762707710263,28.50263218127718,33.55458915083543
9430,2.1127800464630124,2.2877519488334657,0.1476068615913391,1.415329885482788,3.208471369743347,3.209192848205566,2.689393186569214,28.542915999084457,33.546959639887085
9440,2.112857937812805,2.2877035617828367,0.1476123690605163,1.4151119470596312,3.2083364367485045,3.209152328968048,2.6892625808715818,28.50263218127718,33.55458915083543
9450,2.1127631306648254,2.287833774089813,0.1476222038269043,1.4149105310440062,3.2083690881729123,3.2092675924301144,2.6894242644309996,28.542915999084457,33.55916685740444
9460,2.112670290470123,2.2878325939178468,0.1476100087165832,1.414997863769531,3.2084009528160093,3.209187340736389,2.6893573880195616,28.542915999084457,33.55916685740444
9470,2.112658095359802,2.2879191398620606,0.1476143360137939,1.4152028203010558,3.208381676673889,3.209109055995941,2.6893998742103573,28.522774090180818,33.545433737697415
9480,2.1126793384552003,2.287965166568756,0.1476229906082153,1.415037989616394,3.2083266019821166,3.209195601940155,2.68940577507019,28.50263218127718,33.56679636835279
9490,2.112555420398712,2.287873899936676,0.1476340055465698,1.4150808691978454,3.208398592472076,3.209095287322998,2.6895206451416014,28.48249027237354,33.52864881361105
9500,2.1125640749931334,2.287945890426636,0.147604501247406,1.4151599407196045,3.20841236114502,3.2092514634132385,2.6895595908164975,28.50263218127718,33.55458915083543
9510,2.11243189573288,2.287954545021057,0.1476190567016601,1.415222096443176,3.208433210849762,3.209149575233459,2.6894258379936216,28.542915999084457,33.546959639887085
9520,2.1124621868133544,2.2880332231521607,0.1476198434829712,1.4150938510894775,3.2083144068717955,3.209160590171814,2.689553296566009,28.542915999084457,33.58358129243916
9530,2.1123886227607724,2.2881067872047423,0.1476367592811584,1.4151760697364806,3.208404493331909,3.2092251062393187,2.6893951535224914,28.60334172579537,33.591210803387504
9540,2.1124531388282777,2.288107180595398,0.1476190567016601,1.4151556134223937,3.2084131479263305,3.209181833267212,2.689416790008545,28.50263218127718,33.54238193331808
9550,2.1123559713363647,2.2880544662475586,0.1476147294044494,1.4151925921440125,3.2085067749023435,3.2092211723327635,2.689427804946899,28.48249027237354,33.56527046616312
9560,2.112294602394104,2.2882055282592773,0.1476300716400146,1.415092670917511,3.208395445346832,3.209143280982971,2.689290904998779,28.522774090180818,33.55764095521477
9570,2.112223398685455,2.28818861246109,0.1476084351539612,1.415195345878601,3.208406066894531,3.2091421008110044,2.689314901828766,28.50263218127718,33.55458915083543
9580,2.1121246576309205,2.288189792633057,0.1476107954978942,1.415063560009003,3.208414328098297,3.209122824668884,2.6891111254692075,28.60334172579537,33.53017471580072
9590,2.1121864199638365,2.288248801231384,0.1476450204849243,1.415153646469116,3.2084115743637085,3.209291589260101,2.6890820145606993,28.542915999084457,33.53475242236973
9600,2.112076270580292,2.2882126092910764,0.1476123690605163,1.4154514431953429,3.20833683013916,3.209081125259399,2.688994681835174,28.522774090180818,33.55764095521477
9610,2.1119826436042786,2.288347935676575,0.147650134563446,1.414993929862976,3.208372628688812,3.209202682971954,2.689100110530853,28.542915999084457,33.546959639887085
9620,2.111990511417389,2.2883597373962403,0.1475997805595398,1.4153932213783262,3.208319127559662,3.209112989902496,2.688990747928619,28.4623483634699,33.52712291142138
9630,2.111975169181824,2.288425040245056,0.1476332187652587,1.415227210521698,3.208362007141113,3.209154689311981,2.6890820145606993,28.563057907988096,33.586633096818495
9640,2.111946058273315,2.2884600520133973,0.1476375460624694,1.4151941657066345,3.208362793922424,3.2091853737831117,2.689205145835876,28.4623483634699,33.51491569390402
9650,2.111898458003998,2.2884572982788085,0.1476245641708373,1.415364897251129,3.20859135389328,3.209345483779907,2.6891665935516356,28.58319981689173,33.551537346456094
9660,2.1118209600448608,2.2884930968284607,0.1476088285446166,1.4152449131011962,3.208437144756317,3.2091794729232785,2.689043068885803,28.563057907988096,33.57442587930114
9670,2.11182804107666,2.288533222675323,0.147638726234436,1.4152201294898985,3.208405673503876,3.209246742725372,2.689176034927368,28.542915999084457,33.55916685740444
9680,2.1117867350578305,2.2885285019874573,0.1476454138755798,1.415320837497711,3.208339977264404,3.209217631816864,2.6892389774322507,28.522774090180818,33.545433737697415
9690,2.111702942848205,2.288498604297638,0.1476320385932922,1.41518315076828,3.208395838737488,3.209287655353546,2.689138269424438,28.542915999084457,33.5713740749218
9700,2.111655735969544,2.288619375228882,0.1476178765296936,1.4152512073516843,3.2083757758140563,3.209236907958984,2.68910915851593,28.48249027237354,33.540856031128406
9710,2.111670684814453,2.2886858582496643,0.1476402997970581,1.4152036070823668,3.2084033131599425,3.2091739654541014,2.688907742500305,28.542915999084457,33.52254520485237
9720,2.1115735173225403,2.288674056529999,0.1476324319839477,1.4152437329292296,3.2084690093994137,3.2091952085494992,2.6888314247131344,28.563057907988096,33.53780422674907
9730,2.111558175086975,2.288700020313263,0.1476481676101684,1.4151005387306212,3.2084996938705443,3.2092180252075195,2.689034020900726,28.542915999084457,33.510337987335014
9740,2.111511754989624,2.2887649297714234,0.1476454138755798,1.4150147795677184,3.208365154266357,3.209179079532623,2.6888648629188534,28.58319981689173,33.52712291142138
9750,2.111444091796875,2.2887507677078247,0.1476548552513122,1.415272057056427,3.208330142498016,3.209262478351593,2.689046216011047,28.58319981689173,33.51491569390402
9760,2.1114086866378785,2.28884950876236,0.1476237773895263,1.415472686290741,3.2084190487861632,3.209243202209473,2.688684296607971,28.522774090180818,33.55764095521477
9770,2.111272966861725,2.2887680768966674,0.147627317905426,1.415187871456146,3.208373415470123,3.2092479228973385,2.6889160037040707,28.58319981689173,33.52712291142138
9780,2.111263132095337,2.288862490653992,0.1476517081260681,1.4152382254600524,3.208323061466217,3.2091483950614927,2.6887141942977903,28.48249027237354,33.504234378576335
9790,2.1112178921699525,2.288832986354828,0.1476552486419677,1.41528582572937,3.2083446979522705,3.2091763257980346,2.6885532975196837,28.48249027237354,33.51644159609369
9800,2.111180913448333,2.288862884044647,0.147639513015747,1.4153763055801392,3.2084658622741697,3.209211337566376,2.6885965704917907,28.542915999084457,33.53475242236973
9810,2.1112906694412232,2.2890591859817504,0.1476572155952453,1.4154577374458313,3.2084324240684508,3.2092628717422484,2.6886441707611084,28.563057907988096,33.51338979171435
9820,2.1111167907714843,2.2889451026916503,0.1476300716400146,1.4153849601745605,3.2083785295486447,3.20927939414978,2.688665807247162,28.60334172579537,33.51796749828336
9830,2.1111289858818054,2.2889533638954163,0.1476481676101684,1.4152862191200255,3.2084579944610594,3.209192848205566,2.688678395748138,28.522774090180818,33.48439765011063
9840,2.1110805988311765,2.288983261585236,0.1476269245147705,1.4153523087501525,3.208365154266357,3.2091763257980346,2.6887362241744994,28.50263218127718,33.51796749828336
9850,2.111015295982361,2.2890340089797974,0.1476528882980346,1.4152299642562864,3.208413934707641,3.2092270731925963,2.6886579394340515,28.50263218127718,33.48134584573129
9860,2.1109495997428893,2.2892008066177367,0.1476587891578674,1.4153806328773495,3.208423769474029,3.209273493289947,2.688883352279663,28.563057907988096,33.51338979171435
9870,2.110970449447632,2.2891331434249875,0.1476560354232788,1.4154467225074767,3.2083824634552,3.2093144059181213,2.6888770580291745,28.542915999084457,33.47371633478294
9880,2.11081348657608,2.2891539931297302,0.1476635098457336,1.4151583671569825,3.2083836436271667,3.209269952774048,2.688880598545074,28.50263218127718,33.48134584573129
9890,2.1108591198921203,2.2891595005989074,0.1476442337036132,1.4153172969818115,3.2083895444869994,3.2091487884521483,2.688818836212158,28.522774090180818,33.49660486762799
9900,2.110833156108856,2.28922244310379,0.1476406931877136,1.4154357075691222,3.208486711978912,3.209219598770141,2.6887082934379576,28.50263218127718,33.46913862821393
9910,2.110679340362549,2.289255881309509,0.1476410865783691,1.4154608845710754,3.2084635019302365,3.2091893076896665,2.688642203807831,28.522774090180818,33.508812085145344
9920,2.110721039772033,2.2892248034477234,0.1476646900177002,1.415286612510681,3.2083981990814205,3.209212517738342,2.688671314716339,28.48249027237354,33.504234378576335
9930,2.1106565237045287,2.2893101692199704,0.1476572155952453,1.4155257940292358,3.2084009528160093,3.209205043315887,2.688525366783142,28.48249027237354,33.467612726024264
9940,2.110637640953064,2.2894513964653016,0.1476619362831115,1.4153932213783262,3.2085111021995543,3.209214878082275,2.688418364524841,28.542915999084457,33.461509117265585
9950,2.110617971420288,2.289422678947449,0.1476560354232788,1.415415251255035,3.2085311651229858,3.209272313117981,2.6884565234184263,28.563057907988096,33.48897535667964
9960,2.110561716556549,2.2894030094146727,0.1476603627204895,1.41536568403244,3.208357286453247,3.209196782112121,2.688327097892761,28.542915999084457,33.44930189974823
9970,2.110414981842041,2.289370357990265,0.1476576089859008,1.415329098701477,3.208421802520752,3.209250283241272,2.688484847545624,28.50263218127718,33.46913862821393
9980,2.1104086875915526,2.289399468898773,0.1476587891578674,1.4155309081077574,3.208392298221588,3.209204649925232,2.6884899616241453,28.42206454566262,33.43709468223087
9990,2.110341417789459,2.289438807964325,0.1476340055465698,1.4152586817741393,3.20843950510025,3.209175932407379,2.688485240936279,28.48249027237354,33.49202716105898
